ASPA-UH-SWB2_REPO/input/ET_Process/apr_et_clipped.asc
ncols         350
nrows         200
xllcorner     515000
yllcorner     8409000
cellsize      100
NODATA_value  -9999
[rows 93 to 123 of 200, columns 69 to 137 of 350]
3.893264 3.885387 3.877649 3.870043 3.862615 3.855398 3.848415 3.841671 3.835161 3.828868 3.822766 3.816823 3.810998 3.805248 3.799522 3.793764 3.787916 3.781913 3.775689 3.769175 3.762304 3.755009 3.747231 3.738916 3.730017 3.720495 3.710323 3.699479 3.687949 3.67573 3.662825 3.649254 3.635045 3.620245 3.604922 3.589163 3.573067 3.556708 3.540153 3.523505 3.506881 3.490397 3.474169 3.458306 3.442904 3.428037 3.413764 3.400112 3.387083 3.374644 3.362728 3.351234 3.340024 3.328932 3.317773 3.306357 3.294505 3.282058 3.268885 3.254894 3.240038 3.224316 3.20778 3.190533 3.17272 3.154534 3.136202 3.117977 3.100126
3.873366 3.865082 3.856935 3.84891 3.841052 3.833398 3.825972 3.818784 3.811835 3.805112 3.798597 3.792263 3.786077 3.78 3.773988 3.76799 3.761949 3.755804 3.749486 3.742927 3.736056 3.728804 3.721106 3.712903 3.704145 3.69479 3.684805 3.674169 3.662867 3.650895 3.63826 3.624981 3.61109 3.596634 3.581685 3.566331 3.550671 3.534775 3.518704 3.502557 3.486442 3.470473 3.454759 3.439407 3.424508 3.410141 3.396365 3.38321 3.370681 3.358749 3.34735 3.336383 3.325705 3.315134 3.304472 3.293512 3.282059 3.269938 3.257011 3.243181 3.228397 3.212659 3.196031 3.178631 3.160614 3.142201 3.123646 3.105236 3.087266
3.853756 3.84513 3.836638 3.828256 3.820031 3.812 3.804187 3.796608 3.789266 3.782157 3.775266 3.768575 3.762056 3.755677 3.7494 3.743177 3.736956 3.730677 3.724273 3.717671 3.710799 3.703581 3.695949 3.687839 3.679197 3.669977 3.660145 3.649678 3.638564 3.6268 3.614398 3.601379 3.587779 3.573651 3.559066 3.544116 3.528899 3.513482 3.497917 3.482296 3.466723 3.451302 3.436138 3.421331 3.406974 3.393144 3.379897 3.36727 3.355267 3.343864 3.333001 3.322578 3.312444 3.302411 3.292261 3.281772 3.270735 3.258965 3.246314 3.232678 3.218004 3.202302 3.185637 3.168133 3.149969 3.131387 3.112669 3.094128 3.076093
3.83452 3.825624 3.816859 3.808192 3.799669 3.791327 3.783193 3.775284 3.767607 3.760164 3.752945 3.745938 3.739122 3.732471 3.725952 3.719526 3.713141 3.70674 3.700256 3.693612 3.686732 3.679536 3.67195 3.663905 3.655343 3.646216 3.636489 3.62614 3.61516 3.60355 3.591328 3.578521 3.565173 3.551341 3.537102 3.522546 3.507772 3.492842 3.477799 3.462729 3.447726 3.432887 3.418309 3.404088 3.390311 3.377054 3.364375 3.352309 3.340862 3.330011 3.319699 3.309825 3.300241 3.290745 3.281105 3.271086 3.260468 3.249057 3.236699 3.223282 3.208759 3.193132 3.176479 3.158924 3.140674 3.121987 3.103169 3.084563 3.066527
3.815751 3.806664 3.797702 3.788827 3.780082 3.771504 3.763121 3.75495 3.747004 3.739286 3.731794 3.724519 3.717448 3.710562 3.703833 3.697226 3.690696 3.684187 3.677628 3.670943 3.664047 3.656855 3.649288 3.641273 3.632746 3.623659 3.613978 3.603683 3.592769 3.581247 3.569139 3.556485 3.543334 3.529756 3.515829 3.501646 3.487304 3.472859 3.458348 3.443848 3.42944 3.415213 3.401256 3.387656 3.374498 3.361853 3.349777 3.338304 3.327441 3.317164 3.307415 3.298091 3.289044 3.280063 3.270909 3.261338 3.251123 3.240062 3.228 3.214821 3.200469 3.184953 3.168351 3.150802 3.132524 3.113796 3.094946 3.076344 3.058379
3.797548 3.788351 3.779271 3.770268 3.761381 3.752646 3.744089 3.735731 3.727586 3.71966 3.711955 3.704468 3.697192 3.690111 3.683207 3.676447 3.669793 3.663189 3.656563 3.649834 3.64291 3.635702 3.628122 3.620092 3.611549 3.602442 3.592739 3.582425 3.571501 3.559987 3.547917 3.535342 3.522325 3.508942 3.495281 3.481436 3.467502 3.45353 3.43955 3.425627 3.411833 3.398242 3.384933 3.371985 3.359477 3.347475 3.336032 3.32518 3.314923 3.305235 3.296052 3.287268 3.278727 3.270221 3.261508 3.252344 3.242495 3.231765 3.219984 3.207039 3.192868 3.177487 3.160973 3.143473 3.125219 3.106506 3.08769 3.069165 3.051347
3.78001 3.770782 3.761665 3.752613 3.743664 3.73485 3.726199 3.71773 3.709458 3.701394 3.693543 3.685905 3.678476 3.671248 3.664206 3.657325 3.650569 3.643884 3.637198 3.630421 3.623456 3.616205 3.608575 3.600484 3.591867 3.582673 3.572874 3.56246 3.551442 3.53985 3.527734 3.515156 3.502194 3.488938 3.475483 3.461927 3.448364 3.43484 3.421377 3.408031 3.394855 3.381912 3.369269 3.356994 3.345156 3.333817 3.323026 3.31281 3.303166 3.294065 3.285433 3.27716 3.269084 3.260998 3.252669 3.243852 3.234324 3.223878 3.212348 3.199618 3.185627 3.170389 3.153982 3.136563 3.118371 3.099721 3.080992 3.062603 3.044997
3.763229 3.754047 3.744967 3.735943 3.727008 3.718192 3.709522 3.701017 3.692693 3.684562 3.676631 3.668904 3.661381 3.654056 3.646919 3.639949 3.633115 3.626364 3.619622 3.612791 3.605767 3.598444 3.590725 3.582523 3.573772 3.564424 3.554452 3.543855 3.532656 3.520897 3.508642 3.495972 3.482982 3.469773 3.456453 3.443123 3.42988 3.416764 3.403792 3.391004 3.37844 3.366146 3.354171 3.342574 3.331413 3.320743 3.310606 3.30102 3.291978 3.283441 3.275327 3.267519 3.25985 3.25212 3.244104 3.235569 3.226291 3.21607 3.204744 3.192194 3.178361 3.163261 3.146964 3.129638 3.111533 3.092971 3.074357 3.056144 3.038804
3.747233 3.738163 3.729188 3.720259 3.711407 3.70266 3.69404 3.685569 3.677262 3.669132 3.661189 3.653438 3.64588 3.638514 3.631329 3.62431 3.617427 3.610631 3.603843 3.596957 3.589861 3.582444 3.574602 3.566248 3.557313 3.54775 3.537539 3.526684 3.515221 3.503207 3.490723 3.477868 3.464755 3.451505 3.438235 3.425055 3.412063 3.399297 3.386768 3.374504 3.362526 3.35086 3.339539 3.328607 3.318112 3.3081 3.298603 3.289631 3.281166 3.273158 3.265518 3.258121 3.250803 3.243366 3.235598 3.227272 3.218176 3.208115 3.196933 3.184515 3.170804 3.155811 3.139608 3.122365 3.10433 3.085849 3.067349 3.049312 3.032244
3.732049 3.723152 3.714343 3.705573 3.696868 3.688254 3.679753 3.671383 3.663162 3.655102 3.647214 3.639505 3.631977 3.624629 3.617453 3.610432 3.603537 3.59672 3.589897 3.582957 3.575779 3.568249 3.560259 3.551717 3.542554 3.532723 3.522209 3.511025 3.499218 3.486859 3.47405 3.460909 3.447573 3.434178 3.42086 3.407737 3.394909 3.382417 3.370266 3.358471 3.347035 3.335962 3.325264 3.31497 3.305118 3.295743 3.286863 3.278479 3.27056 3.263043 3.255834 3.2488 3.241777 3.234577 3.226993 3.21881 3.209826 3.199858 3.188756 3.176411 3.162767 3.147834 3.131683 3.114476 3.096473 3.078027 3.059592 3.041683 3.02485
3.717758 3.709089 3.700501 3.691946 3.683448 3.675029 3.666708 3.658504 3.650434 3.64251 3.634743 3.627141 3.619707 3.612439 3.605326 3.598352 3.591483 3.584666 3.577815 3.570814 3.563543 3.555879 3.547712 3.538947 3.529511 3.519361 3.508482 3.496897 3.484662 3.471868 3.458634 3.445103 3.431434 3.417786 3.404311 3.391141 3.378381 3.366072 3.35422 3.342827 3.331876 3.321346 3.31123 3.30154 3.2923 3.283532 3.275241 3.267411 3.259999 3.25293 3.246101 3.239374 3.232589 3.225561 3.218089 3.209975 3.201026 3.191071 3.17997 3.167621 3.153971 3.139031 3.122865 3.105638 3.087602 3.069122 3.050674 3.032818 3.016155
3.704436 3.696037 3.687714 3.679423 3.671182 3.66301 3.654926 3.646945 3.639084 3.631355 3.623769 3.616333 3.609048 3.601912 3.594912 3.588026 3.581214 3.574416 3.567541 3.560476 3.553098 3.545282 3.536914 3.527893 3.518147 3.507629 3.496329 3.484277 3.471539 3.458221 3.444467 3.430441 3.416329 3.402316 3.388573 3.375249 3.362452 3.350229 3.338586 3.327513 3.316976 3.306931 3.297347 3.288219 3.279557 3.271361 3.263622 3.256306 3.249355 3.242684 3.236179 3.229702 3.223089 3.21616 3.208726 3.200597 3.191596 3.181562 3.170367 3.157922 3.144172 3.129134 3.112874 3.095546 3.077398 3.058798 3.040245 3.02235 3.005782
3.692145 3.684046 3.676022 3.66803 3.660085 3.652203 3.644398 3.636687 3.629082 3.621596 3.614238 3.607014 3.599924 3.592961 3.58611 3.57934 3.572607 3.565841 3.55895 3.551821 3.544328 3.536347 3.527758 3.518459 3.508372 3.49745 3.485684 3.473109 3.459802 3.445886 3.431524 3.416907 3.402249 3.387763 3.373645 3.36006 3.347122 3.334884 3.323354 3.312511 3.302305 3.292676 3.283568 3.274957 3.266829 3.259165 3.251934 3.245086 3.238546 3.232216 3.225977 3.219684 3.213173 3.20627 3.198792 3.190561 3.181412 3.171198 3.159805 3.147145 3.133187 3.117945 3.10149 3.083968 3.06562 3.04681 3.028057 3.010036 2.993496
3.680935 3.673152 3.665445 3.657774 3.65015 3.642586 3.635092 3.627682 3.620366 3.613157 3.60606 3.59908 3.592214 3.585451 3.57877 3.572134 3.565491 3.558766 3.551864 3.544671 3.537061 3.528908 3.520087 3.510496 3.500051 3.488703 3.476442 3.463308 3.449384 3.434811 3.419769 3.404481 3.389187 3.374133 3.359543 3.345599 3.332424 3.320076 3.308565 3.29786 3.2879 3.278606 3.269911 3.261761 3.254115 3.246932 3.240158 3.233723 3.227537 3.221492 3.215456 3.20928 3.202801 3.195847 3.188244 3.179822 3.170429 3.159932 3.148222 3.135233 3.120944 3.105374 3.088605 3.070786 3.052147 3.033046 3.014017 2.995806 2.979264
3.67084 3.663376 3.655989 3.648647 3.641355 3.634121 3.626952 3.61986 3.612852 3.605936 3.599118 3.592397 3.585768 3.579216 3.572712 3.566214 3.559664 3.552983 3.546071 3.538813 3.531085 3.522757 3.513704 3.503817 3.49301 3.48123 3.468465 3.454755 3.440191 3.424923 3.409157 3.393138 3.377141 3.361443 3.3463 3.331917 3.318424 3.305882 3.294304 3.283652 3.273853 3.264817 3.256457 3.248698 3.241469 3.234704 3.228325 3.222242 3.21635 3.210526 3.204629 3.198506 3.191993 3.184918 3.177114 3.168422 3.158698 3.147814 3.135684 3.12225 3.107505 3.09148 3.074272 3.05604 3.037024 3.017574 2.998234 2.97983 2.963323
3.661879 3.654721 3.647646 3.640625 3.63366 3.626753 3.619909 3.613134 3.606434 3.599813 3.593274 3.586812 3.580418 3.57407 3.567737 3.561371 3.554906 3.54826 3.541333 3.534008 3.526159 3.517658 3.508375 3.4982 3.487042 3.474841 3.461582 3.447303 3.4321 3.416133 3.399625 3.382848 3.366107 3.349718 3.333968 3.319085 3.305211 3.292408 3.280689 3.270011 3.260291 3.251429 3.243323 3.235873 3.228985 3.222564 3.216511 3.210715 3.205053 3.199389 3.193572 3.187443 3.180835 3.17358 3.165514 3.156487 3.146357 3.135014 3.122379 3.108408 3.093106 3.076521 3.058765 3.040016 3.02054 3.000711 2.981098 2.9626 2.946259
3.654058 3.647181 3.640393 3.633672 3.627013 3.620415 3.61388 3.607407 3.601 3.594659 3.588382 3.582162 3.575984 3.569823 3.563641 3.557385 3.550987 3.544361 3.537405 3.530003 3.522029 3.513355 3.50385 3.4934 3.481909 3.469313 3.45559 3.440774 3.424962 3.408322 3.39109 3.373564 3.356078 3.338983 3.322601 3.307188 3.292891 3.279773 3.267848 3.257071 3.247351 3.23858 3.230641 3.223415 3.216784 3.21063 3.204829 3.199253 3.193757 3.188194 3.182404 3.17622 3.169473 3.161997 3.153629 3.144225 3.133652 3.121809 3.108627 3.094075 3.078169 3.060974 3.042622 3.023316 3.003359 2.983181 2.96343 2.945035 2.929068
3.647368 3.640734 3.634197 3.62774 3.621355 3.615035 3.608776 3.602576 3.596431 3.590339 3.584295 3.578286 3.572293 3.566285 3.560221 3.554044 3.547682 3.541049 3.534042 3.526546 3.518436 3.509585 3.499862 3.489152 3.477355 3.464401 3.450259 3.434959 3.418593 3.401335 3.383435 3.36521 3.347022 3.329249 3.312247 3.2963 3.28156 3.268086 3.2559 3.244955 3.235159 3.226398 3.218542 3.211456 3.205001 3.199036 3.193417 3.187992 3.182606 3.177094 3.171288 3.165015 3.158103 3.150384 3.141705 3.131918 3.120905 3.108572 3.09486 3.079751 3.063275 3.045516 3.02663 3.006855 2.986542 2.966192 2.946523 2.928477 2.913125
3.641788 3.635351 3.629019 3.622781 3.616623 3.610536 3.60451 3.598537 3.592612 3.586727 3.580872 3.575029 3.569176 3.563277 3.557287 3.551146 3.54478 3.538103 3.531013 3.523395 3.51513 3.506089 3.496148 3.485189 3.473111 3.459838 3.445334 3.429616 3.412774 3.39498 3.376498 3.357663 3.338861 3.32049 3.302925 3.286468 3.271278 3.257418 3.244925 3.233755 3.223819 3.214997 3.207149 3.200126 3.193771 3.187923 3.182419 3.17709 3.171764 3.166265 3.160415 3.154037 3.146955 3.139005 3.130032 3.1199 3.108497 3.09574 3.081583 3.066021 3.049106 3.030942 3.011718 2.991711 2.971326 2.951124 2.931862 2.914481 2.900032
3.637289 3.630994 3.624813 3.618737 3.612752 3.606843 3.600995 3.595196 3.589437 3.583704 3.577983 3.572253 3.566485 3.56064 3.55467 3.548512 3.542093 3.535324 3.528107 3.520331 3.511878 3.502628 3.492457 3.481251 3.46891 3.455355 3.440543 3.424482 3.407252 3.389023 3.370068 3.350742 3.331446 3.312594 3.294563 3.277653 3.262028 3.247777 3.234953 3.223523 3.213399 3.204461 3.196561 3.189538 3.18322 3.17743 3.171988 3.166709 3.161408 3.155898 3.149993 3.143513 3.136284 3.128137 3.118928 3.108528 3.096834 3.083779 3.069329 3.053501 3.036368 3.018066 2.998816 2.978939 2.958889 2.939265 2.920841 2.904538 2.891363
3.633836 3.627624 3.621532 3.615558 3.609682 3.603887 3.598154 3.592468 3.586812 3.581169 3.575521 3.569839 3.564094 3.55824 3.552228 3.545993 3.53946 3.532545 3.525149 3.517167 3.508487 3.498991 3.488567 3.477103 3.464503 3.450689 3.435616 3.419282 3.401755 3.383197 3.363892 3.34421 3.324563 3.305364 3.286983 3.269707 3.25371 3.239101 3.225958 3.214262 3.203932 3.194847 3.186856 3.179789 3.173462 3.167687 3.162267 3.157007 3.15171 3.146182 3.140232 3.133677 3.126342 3.118067 3.108712 3.098159 3.086319 3.07314 3.05861 3.042769 3.025714 3.007618 2.988734 2.969431 2.950191 2.93164 2.914548 2.8998 2.888332
3.631386 3.625196 3.619131 3.613192 3.607358 3.601609 3.595924 3.59028 3.584659 3.579039 3.573394 3.567693 3.561901 3.555971 3.549849 3.543471 3.536761 3.529637 3.522003 3.51376 3.504801 3.495018 3.484303 3.472554 3.459682 3.445614 3.430307 3.413755 3.396013 3.377235 3.357711 3.337819 3.317973 3.298572 3.279972 3.262449 3.246177 3.231285 3.217874 3.205941 3.195416 3.186182 3.178086 3.170953 3.164593 3.158806 3.153388 3.148133 3.142837 3.137302 3.131333 3.124748 3.117374 3.109061 3.099678 3.089119 3.077314 3.064227 3.049872 3.034313 3.01768 3.000176 2.982094 2.963829 2.945892 2.928913 2.91364 2.900901 2.891538
3.629897 3.623666 3.617564 3.611594 3.605734 3.599962 3.594251 3.58858 3.582922 3.577252 3.571538 3.565747 3.559837 3.553759 3.547458 3.540867 3.533914 3.526515 3.518581 3.510017 3.500724 3.4906 3.479549 3.467478 3.454305 3.43997 3.424432 3.407692 3.389802 3.37091 3.351304 3.331358 3.31147 3.292021 3.273347 3.255712 3.239288 3.224216 3.21062 3.198513 3.187834 3.178475 3.170284 3.163086 3.156687 3.150883 3.145463 3.140216 3.134935 3.129419 3.123474 3.116922 3.109597 3.101357 3.092084 3.081689 3.07012 3.057364 3.04346 3.028501 3.012645 2.99613 2.979274 2.962499 2.946323 2.931367 2.918337 2.907985 2.901043
3.629323 3.622992 3.61679 3.610723 3.60477 3.598904 3.593099 3.587327 3.58156 3.575767 3.569912 3.563958 3.557858 3.551563 3.545013 3.538142 3.530878 3.52314 3.514843 3.505898 3.496213 3.485696 3.474261 3.461824 3.448318 3.43369 3.417913 3.400999 3.383011 3.364105 3.344552 3.324699 3.304921 3.285576 3.266977 3.249373 3.23293 3.2178 3.204123 3.191925 3.181158 3.171721 3.163468 3.156227 3.149805 3.143995 3.138585 3.133365 3.128126 3.12267 3.116808 3.110364 3.103186 3.095143 3.086132 3.076082 3.064961 3.052782 3.039607 3.025559 3.010825 2.995667 2.980427 2.965538 2.951515 2.938953 2.928502 2.920828 2.916549
3.629618 3.62313 3.616769 3.610544 3.604432 3.598406 3.592437 3.586496 3.580549 3.574562 3.568497 3.56231 3.555953 3.549373 3.542508 3.535293 3.527656 3.519518 3.5108 3.501418 3.491287 3.480328 3.468462 3.455622 3.441751 3.426813 3.410797 3.393729 3.375694 3.356852 3.337455 3.317819 3.298285 3.279179 3.260796 3.243362 3.227035 3.211972 3.198328 3.186137 3.175362 3.165911 3.157647 3.150401 3.143985 3.138196 3.132824 3.127661 3.122505 3.11716 3.111445 3.105196 3.098272 3.090555 3.081961 3.072437 3.061973 3.050607 3.038425 3.025575 3.012271 2.998794 2.985495 2.972815 2.96125 2.95136 2.94373 2.938939 2.937499
3.630735 3.624038 3.617465 3.611025 3.604694 3.598445 3.592249 3.586073 3.579881 3.573636 3.567295 3.560811 3.554135 3.547208 3.53997 3.532353 3.524287 3.515697 3.506507 3.496639 3.486019 3.474576 3.462245 3.448973 3.434719 3.419465 3.403217 3.386025 3.367988 3.349272 3.330108 3.310781 3.291596 3.272848 3.254801 3.237662 3.221576 3.206703 3.193206 3.181125 3.17043 3.161039 3.152822 3.145622 3.139254 3.133523 3.128225 3.12316 3.118133 3.112958 3.107463 3.101497 3.094933 3.087671 3.079643 3.070817 3.061205 3.050866 3.03991 3.028508 3.016889 3.005352 2.994248 2.984014 2.975122 2.968086 2.963428 2.961641 2.963147
3.63263 3.625679 3.618845 3.612137 3.605534 3.599007 3.592526 3.586057 3.579562 3.572999 3.566325 3.55949 3.552439 3.545114 3.537452 3.529386 3.520845 3.51176 3.502056 3.491667 3.480523 3.468568 3.455749 3.44203 3.427387 3.411822 3.395362 3.378077 3.360079 3.341533 3.322657 3.303706 3.28495 3.26665 3.24904 3.232304 3.21657 3.201998 3.188755 3.176882 3.166355 3.1571 3.148997 3.141896 3.135624 3.129993 3.124812 3.11989 3.115043 3.110096 3.104893 3.099297 3.093196 3.086509 3.079185 3.071213 3.062624 3.053498 3.043963 3.034206 3.024471 3.015061 3.006329 2.998692 2.992593 2.988501 2.986875 2.988133 2.992616
3.635258 3.628014 3.620877 3.613858 3.606936 3.600083 3.593268 3.586456 3.579608 3.57268 3.565625 3.558392 3.550923 3.543158 3.535032 3.526479 3.51743 3.507817 3.497573 3.486636 3.47495 3.462467 3.449151 3.434982 3.419955 3.404093 3.387444 3.370094 3.352167 3.333828 3.31528 3.296752 3.278481 3.260697 3.243602 3.227355 3.212066 3.19789 3.184995 3.17342 3.163144 3.154098 3.146172 3.139225 3.133096 3.127611 3.122589 3.117853 3.113235 3.108573 3.103729 3.098582 3.093038 3.087032 3.080533 3.073547 3.066125 3.05836 3.050398 3.042434 3.03472 3.027557 3.021295 3.016318 3.013048 3.011902 3.013282 3.017541 3.024953
3.638577 3.631006 3.623533 3.616167 3.608888 3.60167 3.594482 3.587288 3.580047 3.572715 3.565243 3.557576 3.549656 3.54142 3.532804 3.523739 3.51416 3.504001 3.4932 3.481705 3.469469 3.456455 3.442645 3.428034 3.412639 3.396499 3.379684 3.362295 3.344465 3.326358 3.308164 3.290089 3.272343 3.255122 3.238599 3.222908 3.208138 3.194436 3.181968 3.170767 3.160813 3.15204 3.144347 3.137604 3.131663 3.126361 3.121537 3.117028 3.112681 3.108355 3.103927 3.099297 3.094388 3.089154 3.08358 3.077689 3.071544 3.065254 3.05897 3.052896 3.047281 3.042419 3.038649 3.036325 3.035838 3.03756 3.041841 3.048978 3.059187
3.642544 3.634624 3.626789 3.619048 3.611384 3.603771 3.596179 3.588573 3.580912 3.573149 3.565234 3.557111 3.54872 3.539996 3.530873 3.521284 3.511165 3.500454 3.489095 3.477042 3.46426 3.450726 3.436435 3.421399 3.405655 3.389261 3.372303 3.354895 3.337181 3.319322 3.301499 3.283895 3.266696 3.250069 3.234157 3.21907 3.204875 3.191708 3.17973 3.168964 3.159389 3.150942 3.143528 3.13703 3.13131 3.126224 3.121625 3.117371 3.113328 3.109375 3.10541 3.101351 3.09714 3.092747 3.088176 3.08346 3.078675 3.073935 3.069396 3.06526 3.061769 3.059206 3.057885 3.058144 3.060325 3.064768 3.071772 3.081588 3.094383
3.64712 3.638833 3.630619 3.622485 3.614416 3.60639 3.598376 3.59034 3.582241 3.574032 3.565662 3.557072 3.548201 3.538983 3.529351 3.519238 3.508582 3.497323 3.485415 3.472817 3.459505 3.445468 3.430717 3.415282 3.399214 3.38259 3.365511 3.348104 3.330519 3.312918 3.295472 3.278348 3.261707 3.245688 3.230411 3.215959 3.202377 3.18979 3.178347 3.168061 3.158907 3.150824 3.143723 3.137495 3.132018 3.127165 3.122809 3.118826 3.115105 3.111548 3.108073 3.10462 3.10115 3.09765 3.094135 3.09065 3.087278 3.084133 3.081369 3.07918 3.077796 3.077481 3.078524 3.081235 3.085917 3.092875 3.102365 3.114597 3.129701
