ASPA-UH-SWB2_REPO/input/ET_Process/apr_et_clipped.asc
ncols         350
nrows         200
xllcorner     515000
yllcorner     8409000
cellsize      100
NODATA_value  -9999
[rows 93 to 123 of 200, columns 0 to 68 of 350]
-9999 -9999 -9999 -9999 -9999 -9999 -9999 -9999 -9999 -9999 -9999 -9999 -9999 -9999 -9999 -9999 -9999 -9999 -9999 -9999 -9999 -9999 -9999 -9999 -9999 -9999 -9999 -9999 -9999 -9999 -9999 -9999 -9999 -9999 -9999 -9999 -9999 -9999 -9999 -9999 -9999 -9999 4.10833 4.099645 4.090964 -9999 -9999 -9999 4.057084 4.048977 4.041045 4.033283 4.025674 4.018189 4.010794 4.003443 3.996092 3.9887 3.98123 3.973656 3.965961 3.958141 3.950199 3.942151 3.934016 3.925826 3.917614 3.909422 3.90129
-9999 -9999 -9999 -9999 -9999 -9999 -9999 -9999 -9999 -9999 -9999 -9999 -9999 -9999 -9999 -9999 -9999 -9999 -9999 -9999 -9999 -9999 -9999 -9999 -9999 -9999 -9999 -9999 -9999 -9999 -9999 -9999 -9999 -9999 -9999 -9999 -9999 -9999 -9999 -9999 -9999 -9999 4.097178 4.088182 4.079186 4.070234 -9999 -9999 4.044047 4.035639 4.027416 4.019373 4.011494 4.003748 3.996094 3.988483 3.980868 3.973199 3.965438 3.957556 3.949538 3.941377 3.933081 3.924663 3.916147 3.907565 3.898951 3.890349 3.881805
-9999 -9999 -9999 -9999 -9999 -9999 -9999 -9999 -9999 -9999 -9999 -9999 -9999 -9999 -9999 -9999 -9999 -9999 -9999 -9999 -9999 -9999 -9999 -9999 -9999 -9999 -9999 -9999 -9999 -9999 -9999 -9999 -9999 -9999 -9999 -9999 -9999 -9999 -9999 -9999 4.104439 4.095256 4.085975 4.076641 4.067298 4.057997 4.048781 4.039694 4.030768 4.022029 4.013487 4.00514 3.996972 3.988951 3.981033 3.973166 3.965294 3.957363 3.949333 3.941171 3.932863 3.924404 3.915801 3.907069 3.898232 3.889321 3.880372 3.871429 3.86254
-9999 -9999 -9999 -9999 -9999 -9999 -9999 -9999 -9999 -9999 -9999 -9999 -9999 -9999 -9999 -9999 -9999 -9999 -9999 -9999 -9999 -9999 -9999 -9999 -9999 -9999 -9999 -9999 -9999 -9999 -9999 -9999 -9999 -9999 -9999 -9999 -9999 -9999 -9999 4.10332 4.093938 4.08441 4.074771 4.065067 4.055347 4.045661 4.036059 4.026587 4.017283 4.008177 3.999283 3.990604 3.982123 3.973811 3.965621 3.957496 3.949375 3.941199 3.932921 3.924511 3.915954 3.907245 3.898392 3.889408 3.880317 3.871148 3.861939 3.852731 3.843574
-9999 -9999 -9999 -9999 -9999 -9999 -9999 -9999 -9999 -9999 -9999 -9999 -9999 -9999 -9999 -9999 -9999 -9999 -9999 -9999 -9999 -9999 -9999 -9999 -9999 -9999 -9999 -9999 -9999 -9999 -9999 -9999 -9999 -9999 -9999 -9999 -9999 -9999 4.102829 4.093284 4.083548 4.073649 4.063626 4.053523 4.043393 4.033288 4.023262 4.013367 4.003646 3.994134 3.984852 3.975806 3.966985 3.95836 3.949885 3.9415 3.933137 3.924731 3.916233 3.907611 3.89885 3.889946 3.880905 3.871738 3.862467 3.853119 3.843729 3.834338 3.824995
-9999 -9999 -9999 -9999 -9999 -9999 -9999 -9999 -9999 -9999 -9999 -9999 -9999 -9999 -9999 -9999 -9999 -9999 -9999 -9999 -9999 -9999 -9999 -9999 -9999 -9999 -9999 -9999 -9999 -9999 -9999 -9999 -9999 -9999 -9999 -9999 -9999 4.103024 4.093344 4.083443 4.073333 4.063043 4.05261 4.04208 4.031508 4.02095 4.010465 4.000108 3.989931 3.979973 3.970264 3.960817 3.951624 3.942662 3.933885 3.925232 3.916633 3.908015 3.899324 3.890531 3.881618 3.87258 3.863418 3.854141 3.844768 3.83532 3.825833 3.816344 3.806898
-9999 -9999 -9999 -9999 -9999 -9999 -9999 -9999 -9999 -9999 -9999 -9999 -9999 -9999 -9999 -9999 -9999 -9999 -9999 -9999 -9999 -9999 -9999 -9999 -9999 -9999 -9999 -9999 -9999 -9999 -9999 -9999 -9999 -9999 -9999 -9999 4.103958 4.094166 4.084136 4.073865 4.063367 4.052667 4.041802 4.030822 4.01978 4.008739 3.997759 3.986905 3.976233 3.965792 3.955619 3.945734 3.936137 3.926811 3.917712 3.908782 3.899949 3.891136 3.882286 3.873367 3.864359 3.855248 3.846035 3.836722 3.827322 3.817857 3.808354 3.798848 3.789384
-9999 -9999 -9999 -9999 -9999 -9999 -9999 -9999 -9999 -9999 -9999 -9999 -9999 -9999 -9999 -9999 -9999 -9999 -9999 -9999 -9999 -9999 -9999 -9999 -9999 -9999 -9999 -9999 -9999 -9999 -9999 -9999 -9999 -9999 4.115318 4.105677 4.095783 4.085655 4.075269 4.064621 4.053723 4.042599 4.031287 4.019835 4.008302 3.996751 3.98525 3.973867 3.962667 3.951709 3.941038 3.930683 3.920655 3.910939 3.901501 3.892285 3.883219 3.874229 3.865255 3.856257 3.847206 3.838085 3.828885 3.819605 3.810252 3.800843 3.7914 3.781956 3.77255
-9999 -9999 -9999 -9999 -9999 -9999 -9999 -9999 -9999 -9999 -9999 -9999 -9999 -9999 -9999 -9999 -9999 -9999 -9999 -9999 -9999 -9999 -9999 -9999 -9999 -9999 -9999 -9999 -9999 -9999 -9999 -9999 -9999 4.11775 4.108138 4.098203 4.087996 4.077535 4.066797 4.055774 4.044475 4.032924 4.021159 4.009229 3.997192 3.985116 3.973073 3.961139 3.949386 3.937882 3.926683 3.915829 3.905341 3.895215 3.885421 3.875908 3.866611 3.857456 3.848382 3.839338 3.830286 3.821202 3.812068 3.802879 3.793634 3.784344 3.775028 3.765712 3.756433
-9999 -9999 -9999 -9999 -9999 -9999 -9999 -9999 -9999 -9999 -9999 -9999 -9999 -9999 -9999 -9999 -9999 -9999 -9999 -9999 -9999 -9999 -9999 -9999 -9999 -9999 -9999 -9999 -9999 -9999 -9999 -9999 -9999 4.111197 4.101324 4.091106 4.080597 4.069817 4.058739 4.047352 4.035663 4.023695 4.011483 3.999078 3.986538 3.973933 3.961342 3.948843 3.93652 3.92445 3.912701 3.901326 3.890356 3.879799 3.869635 3.85982 3.850291 3.840979 3.831817 3.822747 3.813722 3.804709 3.795682 3.786627 3.777539 3.768421 3.759287 3.750159 3.741066
-9999 -9999 -9999 -9999 -9999 -9999 -9999 -9999 -9999 -9999 -9999 -9999 -9999 -9999 -9999 -9999 -9999 -9999 -9999 -9999 -9999 -9999 -9999 -9999 -9999 -9999 -9999 -9999 -9999 -9999 -9999 -9999 4.114739 4.104994 4.094875 4.084391 4.073596 4.062514 4.051112 4.039379 4.027317 4.014947 4.002304 3.989436 3.976404 3.963279 3.950142 3.93708 3.924183 3.911539 3.89923 3.887322 3.87586 3.864865 3.854327 3.84421 3.834454 3.82499 3.81575 3.806667 3.797688 3.788769 3.779878 3.770992 3.762098 3.753195 3.744289 3.735396 3.726541
-9999 -9999 -9999 -9999 -9999 -9999 -9999 -9999 -9999 -9999 -9999 -9999 -9999 -9999 -9999 -9999 -9999 -9999 -9999 -9999 -9999 -9999 -9999 -9999 -9999 -9999 -9999 -9999 -9999 -9999 4.127817 4.118658 4.1091 4.099147 4.088801 4.078069 4.067009 4.055646 4.043943 4.031885 4.019473 4.006725 3.993674 3.980366 3.966863 3.953237 3.939571 3.925959 3.912498 3.899289 3.886424 3.873986 3.862034 3.850605 3.839698 3.829283 3.819306 3.809697 3.800383 3.791294 3.782369 3.773557 3.764817 3.75612 3.747446 3.738786 3.730141 3.72152 3.712943
-9999 -9999 -9999 -9999 -9999 -9999 -9999 -9999 -9999 -9999 -9999 -9999 -9999 -9999 -9999 -9999 -9999 -9999 -9999 -9999 -9999 -9999 -9999 -9999 -9999 -9999 -9999 -9999 -9999 4.131751 4.122849 4.113536 4.103808 4.093668 4.083117 4.072159 4.060859 4.049238 4.037261 4.024906 4.012172 3.999076 3.985646 3.971931 3.957988 3.943892 3.929729 3.915595 3.901597 3.887846 3.874445 3.861494 3.849067 3.837216 3.825952 3.81525 3.805058 3.795306 3.785917 3.77682 3.767947 3.759242 3.750657 3.742156 3.733714 3.725313 3.716948 3.708622 3.700347
-9999 -9999 -9999 -9999 -9999 -9999 -9999 -9999 -9999 -9999 -9999 -9999 -9999 -9999 -9999 -9999 -9999 -9999 -9999 -9999 -9999 -9999 -9999 -9999 -9999 -9999 -9999 -9999 4.135821 4.127223 4.118203 4.108755 4.098879 4.088573 4.07784 4.066683 4.055169 4.04332 4.031097 4.018476 4.005455 3.992044 3.978275 3.96419 3.94985 3.935326 3.920708 3.906096 3.891603 3.877348 3.86345 3.850018 3.837144 3.824893 3.81329 3.802313 3.79191 3.782011 3.772541 3.763424 3.754593 3.745984 3.737546 3.729236 3.721022 3.712881 3.704801 3.696778 3.688818
-9999 -9999 -9999 -9999 -9999 -9999 -9999 -9999 -9999 -9999 -9999 -9999 -9999 -9999 -9999 -9999 -9999 -9999 -9999 -9999 -9999 -9999 -9999 -9999 -9999 -9999 -9999 4.139957 4.131699 4.123013 4.113894 4.104334 4.094331 4.083885 4.072996 4.061667 4.049967 4.037921 4.025485 4.012632 3.999358 3.985674 3.971606 3.957198 3.942508 3.927609 3.91259 3.897554 3.882622 3.867922 3.853579 3.839715 3.826435 3.813815 3.801893 3.79065 3.780036 3.769983 3.760417 3.751265 3.742454 3.733922 3.725611 3.717475 3.709475 3.701582 3.693779 3.686053 3.678404
-9999 -9999 -9999 -9999 -9999 -9999 -9999 -9999 -9999 -9999 -9999 -9999 -9999 -9999 -9999 -9999 -9999 -9999 -9999 -9999 -9999 -9999 -9999 -9999 -9999 -9999 4.144096 4.13621 4.127894 4.119141 4.109942 4.100293 4.090188 4.079626 4.068608 4.057137 4.045282 4.033071 4.020455 4.007408 3.99392 3.980002 3.96568 3.950998 3.936012 3.920795 3.905437 3.890043 3.87474 3.859661 3.844943 3.83071 3.817076 3.804128 3.791909 3.780406 3.769576 3.759356 3.749677 3.740466 3.731652 3.723169 3.714958 3.706969 3.699157 3.69149 3.683941 3.676493 3.669139
-9999 -9999 -9999 -9999 -9999 -9999 -9999 -9999 -9999 -9999 -9999 -9999 -9999 -9999 -9999 -9999 -9999 -9999 -9999 -9999 -9999 -9999 -9999 -9999 -9999 4.148191 4.1407 4.132783 4.124429 4.115628 4.106372 4.096654 4.086472 4.075821 4.064703 4.053118 4.041142 4.028798 4.016037 4.002831 3.98917 3.975062 3.960533 3.945626 3.930398 3.914924 3.899292 3.883612 3.868012 3.852632 3.837611 3.823079 3.809152 3.795918 3.783425 3.77167 3.760622 3.750224 3.740412 3.731118 3.722271 3.713807 3.705664 3.697787 3.690131 3.682655 3.675328 3.668129 3.661041
-9999 -9999 -9999 -9999 -9999 -9999 -9999 -9999 -9999 -9999 -9999 -9999 -9999 -9999 -9999 -9999 -9999 -9999 -9999 -9999 -9999 -9999 -9999 -9999 4.152206 4.145129 4.137631 4.129701 4.121326 4.112497 4.103205 4.093443 4.083208 4.072494 4.061303 4.049636 4.037569 4.025126 4.012257 3.99893 3.985136 3.970881 3.956191 3.94111 3.925696 3.910023 3.894184 3.87829 3.86247 3.846865 3.831614 3.81685 3.802686 3.78921 3.776471 3.764481 3.753217 3.742633 3.732674 3.723274 3.714366 3.705888 3.697776 3.689974 3.682433 3.675109 3.667965 3.660973 3.654112
-9999 -9999 -9999 -9999 -9999 -9999 -9999 -9999 -9999 -9999 -9999 -9999 -9999 -9999 -9999 -9999 -9999 -9999 -9999 -9999 -9999 -9999 -9999 -9999 4.149467 4.142403 4.134914 4.126987 4.11861 4.109773 4.100466 4.090683 4.080418 4.069667 4.058432 4.046713 4.034586 4.022079 4.009136 3.995727 3.98184 3.967482 3.952679 3.937474 3.921927 3.906116 3.890135 3.874095 3.858127 3.842367 3.826953 3.812016 3.797666 3.783989 3.771039 3.758835 3.747365 3.736595 3.726476 3.716951 3.707958 3.699433 3.691316 3.683549 3.67608 3.668862 3.661854 3.655023 3.648341
-9999 -9999 -9999 -9999 -9999 -9999 -9999 -9999 -9999 -9999 -9999 -9999 -9999 -9999 -9999 -9999 -9999 -9999 -9999 -9999 -9999 -9999 -9999 -9999 4.147076 4.140038 4.132574 4.124666 4.116304 4.107478 4.098176 4.088393 4.078123 4.067362 4.056109 4.044368 4.032214 4.019673 4.006692 3.993238 3.979299 3.964881 3.950011 3.934733 3.919109 3.903218 3.887155 3.871033 3.854979 3.839126 3.823608 3.808549 3.794059 3.780222 3.767093 3.7547 3.743039 3.732087 3.721805 3.712141 3.703038 3.694438 3.68628 3.678508 3.671066 3.663907 3.656985 3.650262 3.643705
-9999 -9999 -9999 -9999 -9999 -9999 -9999 -9999 -9999 -9999 -9999 -9999 -9999 -9999 -9999 -9999 -9999 -9999 -9999 -9999 -9999 -9999 -9999 -9999 4.145057 4.13806 4.130632 4.12276 4.11443 4.105631 4.096355 4.086593 4.07634 4.065593 4.05435 4.042615 4.030463 4.017922 4.004937 3.991474 3.977522 3.963087 3.948196 3.932895 3.917246 3.901329 3.885241 3.869093 3.853008 3.837115 3.821542 3.806408 3.79182 3.777859 3.764584 3.752027 3.740193 3.729068 3.718621 3.708808 3.699578 3.690876 3.682645 3.674827 3.667369 3.660219 3.653331 3.646661 3.640173
-9999 -9999 -9999 -9999 -9999 -9999 -9999 -9999 -9999 -9999 -9999 -9999 -9999 -9999 -9999 -9999 -9999 -9999 -9999 -9999 -9999 -9999 4.156091 4.149962 4.143435 4.13649 4.129113 4.121289 4.113006 4.104252 4.095019 4.085298 4.075083 4.064373 4.053166 4.041463 4.029343 4.016832 4.003875 3.990439 3.976512 3.962101 3.947233 3.931955 3.91633 3.900438 3.884375 3.86825 3.852182 3.836294 3.820709 3.80554 3.79089 3.77684 3.763449 3.750752 3.738764 3.727477 3.716868 3.7069 3.697528 3.688702 3.680367 3.672468 3.664951 3.657763 3.650856 3.644183 3.637705
-9999 -9999 -9999 -9999 -9999 -9999 -9999 -9999 -9999 -9999 -9999 -9999 -9999 -9999 -9999 4.1877 4.18386 -9999 4.175406 4.170745 4.165765 4.160443 4.154759 4.148695 4.142229 4.135347 4.128032 4.120269 4.112047 4.103354 4.094179 4.084517 4.074361 4.06371 4.052561 4.040917 4.028855 4.016403 4.003505 3.990129 3.976261 3.961912 3.947109 3.931897 3.91634 3.900518 3.884525 3.868466 3.852456 3.836612 3.821052 3.805884 3.791205 3.777096 3.763616 3.750805 3.738681 3.727244 3.716477 3.706352 3.696827 3.687857 3.679392 3.671378 3.663762 3.65649 3.649513 3.642784 3.636259
-9999 -9999 -9999 -9999 -9999 -9999 -9999 -9999 -9999 -9999 -9999 -9999 -9999 -9999 4.189897 4.186336 4.182552 4.178523 4.174222 4.169627 4.164713 4.15946 4.153846 4.147851 4.141457 4.134646 4.127403 4.119713 4.111563 4.102943 4.093843 4.084257 4.074178 4.063603 4.052535 4.040972 4.028994 4.016627 4.003816 3.990529 3.976755 3.962503 3.9478 3.932693 3.917245 3.901532 3.885647 3.869692 3.853776 3.83801 3.822507 3.80737 3.792692 3.778551 3.765008 3.752104 3.739863 3.728288 3.717371 3.707086 3.697401 3.688272 3.679654 3.671495 3.663743 3.656345 3.649252 3.642414 3.635785
-9999 -9999 -9999 -9999 -9999 -9999 -9999 -9999 -9999 -9999 -9999 -9999 -9999 4.192178 4.188869 4.185366 4.181645 4.177681 4.173449 4.168924 4.164083 4.158904 4.153365 4.147447 4.14113 4.134398 4.127235 4.119627 4.11156 4.103025 4.094013 4.084516 4.074529 4.064051 4.05308 4.041621 4.029748 4.017489 4.004791 3.991621 3.977969 3.963845 3.949276 3.934308 3.919001 3.903433 3.88769 3.87187 3.856078 3.840421 3.825002 3.809923 3.795271 3.781124 3.767541 3.754565 3.742224 3.730525 3.719464 3.709022 3.69917 3.68987 3.681079 3.672749 3.664829 3.657267 3.650013 3.643018 3.636234
-9999 -9999 -9999 -9999 -9999 -9999 -9999 -9999 -9999 -9999 -9999 -9999 4.194584 4.191498 4.188249 4.18481 4.181156 4.177261 4.1731 4.16865 4.163885 4.158784 4.153325 4.147488 4.141254 4.134607 4.127531 4.120012 4.112037 4.103597 4.094683 4.085288 4.075408 4.06504 4.054185 4.042847 4.031099 4.01897 4.006405 3.993376 3.979871 3.965902 3.951494 3.936693 3.921559 3.906163 3.890591 3.874935 3.859294 3.84377 3.828461 3.813462 3.798861 3.784729 3.771127 3.758099 3.745674 3.733864 3.722668 3.712071 3.70205 3.692569 3.68359 3.675066 3.66695 3.65919 3.651738 3.644542 3.637556
-9999 -9999 -9999 -9999 -9999 -9999 -9999 -9999 -9999 -9999 -9999 4.197146 4.194258 4.191234 4.188048 4.184677 4.181093 4.17727 4.173185 4.168811 4.164125 4.159104 4.153728 4.147975 4.141829 4.135272 4.128287 4.120864 4.112988 4.104651 4.095845 4.086562 4.0768 4.066556 4.055831 4.044629 4.033023 4.021039 4.008627 3.995758 3.982423 3.96863 3.954408 3.939799 3.92486 3.909662 3.894285 3.878816 3.863349 3.847979 3.832801 3.817904 3.803373 3.789277 3.775676 3.762613 3.75012 3.738212 3.72689 3.716144 3.705952 3.696285 3.687105 3.67837 3.670034 3.662048 3.654362 3.646929 3.6397
-9999 -9999 -9999 -9999 -9999 -9999 -9999 -9999 -9999 -9999 4.199893 4.197176 4.194349 4.19139 4.188272 4.184971 4.181459 4.177712 4.173703 4.169408 4.164802 4.159864 4.154572 4.148906 4.142849 4.136384 4.129496 4.122173 4.114402 4.106174 4.097482 4.088321 4.078685 4.068576 4.057992 4.046939 4.035489 4.023665 4.011422 3.998729 3.985579 3.971981 3.957963 3.943565 3.928843 3.913863 3.8987 3.883437 3.868162 3.852966 3.837937 3.823162 3.808718 3.794677 3.781094 3.768015 3.75547 3.743476 3.732038 3.721148 3.710788 3.70093 3.691542 3.682582 3.674007 3.665771 3.657825 3.650121 3.642614
-9999 -9999 -9999 -9999 -9999 -9999 -9999 -9999 -9999 -9999 4.200273 4.197619 4.194858 4.191967 4.188919 4.18569 4.182253 4.178581 4.17465 4.170434 4.165909 4.161054 4.155847 4.150269 4.144303 4.137932 4.131143 4.123922 4.11626 4.108146 4.099575 4.09054 4.08104 4.071073 4.06064 4.049747 4.038462 4.026811 4.014746 4.002242 3.98929 3.975902 3.962102 3.947931 3.933441 3.918694 3.903761 3.88872 3.873654 3.858647 3.843783 3.829144 3.814807 3.800837 3.78729 3.77421 3.761628 3.749563 3.738019 3.726993 3.716467 3.706419 3.696817 3.687623 3.678795 3.67029 3.662062 3.654063 3.646249
-9999 -9999 -9999 -9999 -9999 -9999 -9999 -9999 -9999 -9999 4.201055 4.198468 4.195776 4.192955 4.18998 4.186824 4.183461 4.179866 4.176012 4.171875 4.16743 4.162658 4.157537 4.152047 4.146172 4.139896 4.133207 4.126091 4.11854 4.110544 4.102097 4.093194 4.083835 4.074016 4.063742 4.053015 4.041904 4.030433 4.018556 4.00625 3.993507 3.980338 3.966767 3.952833 3.938585 3.924083 3.909392 3.894586 3.879741 3.864936 3.850251 3.835764 3.821548 3.807665 3.79417 3.781105 3.768501 3.756377 3.74474 3.733586 3.722902 3.712665 3.702847 3.693414 3.684325 3.675539 3.667011 3.658698 3.650556
-9999 -9999 -9999 -9999 -9999 -9999 -9999 -9999 -9999 -9999 4.202225 4.19971 4.197089 4.19434 4.191437 4.188355 4.185067 4.181548 4.17777 4.173711 4.169347 4.164657 4.159619 4.154217 4.148433 4.142253 4.135664 4.128654 4.121215 4.113338 4.105019 4.096251 4.087036 4.077371 4.067259 4.056705 4.045774 4.034488 4.022806 4.010703 3.998175 3.985231 3.971895 3.958205 3.944207 3.929958 3.915518 3.900955 3.886341 3.871749 3.857255 3.842933 3.828851 3.815071 3.801643 3.788609 3.775998 3.76383 3.752111 3.74084 3.730004 3.719584 3.709553 3.699878 3.690523 3.681448 3.672612 3.663972 3.655488
