ASPA-UH-SWB2_REPO/input/ET_Process/apr_et_clipped.asc
ncols         350
nrows         200
xllcorner     515000
yllcorner     8409000
cellsize      100
NODATA_value  -9999
[rows 31 to 61 of 200, columns 276 to 344 of 350]
-9999 -9999 -9999 -9999 -9999 -9999 -9999 -9999 -9999 -9999 -9999 -9999 -9999 -9999 -9999 -9999 -9999 -9999 -9999 -9999 -9999 -9999 -9999 -9999 -9999 -9999 -9999 -9999 -9999 -9999 -9999 -9999 -9999 -9999 -9999 -9999 -9999 -9999 -9999 -9999 -9999 -9999 -9999 -9999 -9999 -9999 -9999 -9999 -9999 -9999 -9999 -9999 -9999 -9999 -9999 -9999 -9999 -9999 -9999 -9999 -9999 -9999 -9999 -9999 -9999 -9999 -9999 -9999 -9999
-9999 -9999 -9999 -9999 -9999 -9999 -9999 -9999 -9999 -9999 -9999 -9999 -9999 -9999 -9999 -9999 -9999 -9999 -9999 -9999 -9999 -9999 -9999 -9999 -9999 -9999 -9999 -9999 -9999 -9999 -9999 -9999 -9999 -9999 -9999 -9999 -9999 -9999 -9999 -9999 -9999 -9999 -9999 -9999 -9999 4.120511 4.135055 -9999 -9999 -9999 -9999 -9999 -9999 -9999 -9999 -9999 -9999 -9999 -9999 -9999 -9999 -9999 -9999 -9999 -9999 -9999 -9999 -9999 -9999
-9999 -9999 -9999 -9999 -9999 -9999 -9999 -9999 -9999 -9999 -9999 -9999 -9999 -9999 -9999 -9999 -9999 -9999 -9999 -9999 -9999 -9999 -9999 -9999 -9999 -9999 -9999 -9999 -9999 -9999 -9999 -9999 -9999 -9999 -9999 -9999 -9999 -9999 -9999 -9999 -9999 -9999 -9999 4.093817 4.110796 4.1267 4.141479 4.15511 -9999 -9999 -9999 -9999 -9999 -9999 -9999 -9999 -9999 -9999 -9999 -9999 -9999 -9999 -9999 -9999 -9999 -9999 -9999 -9999 -9999
-9999 -9999 -9999 -9999 -9999 -9999 -9999 -9999 -9999 -9999 -9999 -9999 -9999 -9999 -9999 -9999 -9999 -9999 -9999 -9999 -9999 -9999 -9999 -9999 -9999 -9999 -9999 -9999 -9999 3.814699 3.832886 3.851897 3.87167 -9999 -9999 -9999 -9999 3.977887 3.99945 4.020687 -9999 4.061538 4.080834 4.09919 4.116496 4.132669 4.14766 4.161448 4.174038 4.185462 -9999 -9999 -9999 -9999 -9999 -9999 -9999 -9999 -9999 -9999 -9999 -9999 -9999 -9999 -9999 -9999 -9999 -9999 -9999
-9999 -9999 -9999 -9999 -9999 -9999 -9999 -9999 -9999 -9999 -9999 -9999 -9999 -9999 -9999 -9999 -9999 -9999 -9999 -9999 -9999 -9999 -9999 -9999 -9999 -9999 -9999 -9999 3.796291 3.813845 3.832311 3.85165 3.871798 3.892661 3.914115 3.936007 3.958156 3.980366 4.002431 4.024152 4.04536 4.065893 4.085584 4.104289 4.121892 4.138308 4.153486 4.167408 4.180085 4.191553 4.201868 -9999 -9999 -9999 -9999 -9999 -9999 -9999 -9999 -9999 -9999 -9999 -9999 -9999 -9999 -9999 -9999 -9999 -9999
-9999 -9999 -9999 -9999 -9999 -9999 -9999 -9999 -9999 -9999 -9999 -9999 -9999 -9999 -9999 -9999 -9999 -9999 -9999 -9999 -9999 -9999 -9999 -9999 -9999 -9999 -9999 3.77872 3.795497 3.813248 3.831956 3.85158 3.872055 3.893282 3.915134 3.937449 3.960042 3.982704 4.00522 4.027378 4.049002 4.069926 4.089974 4.108995 4.126863 4.143493 4.158832 4.172865 4.185612 4.197114 4.20743 -9999 -9999 -9999 -9999 -9999 -9999 -9999 -9999 -9999 -9999 -9999 -9999 -9999 -9999 -9999 -9999 -9999 -9999
-9999 -9999 -9999 -9999 -9999 -9999 -9999 -9999 -9999 -9999 -9999 -9999 -9999 -9999 -9999 -9999 -9999 -9999 -9999 -9999 -9999 -9999 -9999 -9999 -9999 -9999 3.762189 3.778083 3.794983 3.812893 3.831798 3.851657 3.872402 3.893934 3.91612 3.938795 3.961766 3.984818 4.007726 4.030264 4.052252 4.073521 4.093884 4.113182 4.131281 4.148092 4.163565 4.177691 4.190492 4.202018 4.212336 4.221522 -9999 -9999 -9999 -9999 -9999 -9999 -9999 -9999 -9999 -9999 -9999 -9999 -9999 -9999 -9999 -9999 -9999
-9999 -9999 -9999 -9999 -9999 -9999 -9999 -9999 -9999 -9999 -9999 -9999 -9999 -9999 -9999 -9999 -9999 -9999 -9999 -9999 -9999 -9999 3.707739 3.719872 -9999 3.746856 3.761796 3.77775 3.794738 3.812764 3.831816 3.851852 3.872804 3.894573 3.917022 3.939985 3.963261 3.98663 4.009859 4.032713 4.055006 4.076563 4.097193 4.116724 4.135016 4.151976 4.167556 4.181754 4.1946 4.206149 4.216472 4.225652 -9999 -9999 -9999 -9999 -9999 -9999 -9999 -9999 -9999 -9999 -9999 -9999 -9999 -9999 -9999 -9999 -9999
-9999 -9999 -9999 -9999 -9999 -9999 -9999 -9999 -9999 -9999 -9999 -9999 -9999 -9999 -9999 -9999 -9999 -9999 -9999 -9999 -9999 3.696493 3.707736 3.71983 3.732829 3.746783 3.761735 3.777718 3.794755 3.812853 3.831996 3.852147 3.873239 3.89517 3.917806 3.940974 3.964474 3.98808 4.011549 4.034643 4.057169 4.078951 4.099789 4.119503 4.137947 4.155022 4.170684 4.184939 4.197825 4.209401 4.219742 4.228933 -9999 -9999 -9999 -9999 -9999 -9999 -9999 -9999 -9999 -9999 -9999 -9999 -9999 -9999 -9999 -9999 -9999
-9999 -9999 -9999 -9999 -9999 -9999 -9999 -9999 -9999 -9999 -9999 -9999 -9999 -9999 -9999 -9999 -9999 -9999 -9999 -9999 3.686542 3.696925 3.708115 3.720167 3.733135 3.747066 3.762006 3.777989 3.795037 3.813157 3.832336 3.852539 3.873698 3.895715 3.918454 3.941743 3.965378 3.989129 4.012752 4.036 4.058678 4.080607 4.101584 4.121424 4.139973 4.157128 4.172852 4.187156 4.200083 4.211698 4.222075 -9999 -9999 -9999 -9999 -9999 -9999 -9999 -9999 -9999 -9999 -9999 -9999 -9999 -9999 -9999 -9999 -9999 -9999
-9999 -9999 -9999 -9999 -9999 -9999 -9999 -9999 -9999 -9999 -9999 -9999 -9999 -9999 -9999 -9999 -9999 -9999 -9999 3.677839 3.687413 3.697744 3.708884 3.720891 3.733819 3.747712 3.76262 3.778573 3.795594 3.813689 3.83285 3.853038 3.874193 3.896217 3.918975 3.942296 3.965973 3.989775 4.013454 4.036762 4.059502 4.081491 4.102528 4.122425 4.141027 4.15823 4.173999 4.18835 4.201327 4.212996 4.223433 -9999 -9999 -9999 -9999 -9999 -9999 -9999 -9999 -9999 -9999 -9999 -9999 -9999 -9999 -9999 -9999 -9999 -9999
-9999 -9999 -9999 -9999 -9999 -9999 -9999 -9999 -9999 -9999 -9999 -9999 -9999 -9999 -9999 -9999 -9999 -9999 3.670316 3.679146 3.688675 3.698958 3.710053 3.722014 3.734894 3.74874 3.763593 3.77949 3.796449 3.814477 3.833565 3.853679 3.874759 3.896712 3.919405 3.942669 3.966295 3.990049 4.013686 4.036955 4.059659 4.081616 4.102625 4.122505 4.141103 4.158321 4.174122 4.188519 4.201556 4.213295 4.223814 -9999 -9999 -9999 -9999 -9999 -9999 -9999 -9999 -9999 -9999 -9999 -9999 -9999 -9999 -9999 -9999 -9999 -9999
3.580493 3.583503 3.586752 3.590257 3.594012 -9999 -9999 -9999 -9999 -9999 -9999 -9999 -9999 -9999 -9999 -9999 -9999 3.663878 3.67204 3.68084 3.690334 3.700579 3.711633 3.723549 3.736378 3.750166 3.764952 3.78077 3.797637 3.815561 3.834529 3.854512 3.875453 3.897261 3.91981 3.942928 3.966409 3.990019 4.013513 4.036644 4.059217 4.08105 4.101948 4.121737 4.140275 4.157471 4.173284 4.18772 4.200819 4.212642 4.223262 -9999 -9999 -9999 -9999 -9999 -9999 -9999 -9999 -9999 -9999 -9999 -9999 -9999 -9999 -9999 -9999 -9999 -9999
3.578625 3.582344 3.5862 3.590223 3.594416 3.598726 3.60312 3.607619 3.612249 -9999 -9999 -9999 -9999 -9999 -9999 -9999 3.658414 3.665993 3.674146 3.68293 3.692403 3.702621 3.713641 3.725515 3.738293 3.752019 3.766729 3.78245 3.799204 3.816992 3.835803 3.855607 3.87635 3.897947 3.920275 3.943166 3.966413 3.989784 4.013037 4.035937 4.058287 4.07991 4.100619 4.120251 4.138675 4.155805 4.171598 4.186057 4.199213 4.211123 4.221856 -9999 -9999 -9999 -9999 -9999 -9999 -9999 -9999 -9999 -9999 -9999 -9999 -9999 -9999 -9999 -9999 -9999 -9999
3.57691 3.581366 3.585849 3.590401 3.595038 3.599722 3.604428 3.609185 3.614028 3.618994 3.624123 3.629459 -9999 -9999 3.647165 3.653799 3.660885 3.668481 3.676643 3.685428 3.694894 3.705098 3.716094 3.727935 3.740665 3.754328 3.768956 3.784575 3.801198 3.81883 3.837455 3.857043 3.877541 3.89887 3.92091 3.943495 3.966422 3.989463 4.012387 4.034965 4.057008 4.078342 4.098792 4.118205 4.136461 4.153479 4.169217 4.183671 4.196868 4.208858 -9999 -9999 -9999 -9999 -9999 -9999 -9999 -9999 -9999 -9999 -9999 -9999 -9999 -9999 -9999 -9999 -9999 -9999 -9999
3.575516 3.580713 3.585818 3.590888 3.595957 3.601 3.606008 3.611017 3.61607 3.62121 3.626483 3.631938 3.637625 3.643592 3.649894 3.656584 3.663716 3.671349 3.679538 3.688343 3.69782 3.708026 3.719012 3.730829 3.743521 3.757126 3.771674 3.787185 3.803673 3.821135 3.839555 3.858901 3.87912 3.900133 3.921825 3.944033 3.966561 3.989191 4.0117 4.033876 4.055537 4.076512 4.096638 4.115774 4.13381 4.150668 4.16631 4.180727 4.193942 4.205999 4.216957 -9999 -9999 -9999 -9999 -9999 -9999 -9999 -9999 -9999 -9999 -9999 -9999 -9999 -9999 -9999 -9999 -9999 -9999
3.574617 3.580525 3.586219 3.591775 3.597243 3.602617 3.607903 3.613146 3.618396 3.623704 3.629122 3.634702 3.640497 3.646561 3.652948 3.659712 3.666911 3.674601 3.68284 3.691686 3.701194 3.711419 3.722413 3.734222 3.746887 3.760443 3.774917 3.790325 3.806676 3.823962 3.842167 3.861254 3.881168 3.901829 3.923121 3.944891 3.966951 3.989097 4.011121 4.032825 4.054037 4.074591 4.094336 4.113141 4.130905 4.147558 4.163061 4.177405 4.190609 4.20271 4.213763 -9999 -9999 -9999 -9999 -9999 -9999 -9999 -9999 -9999 -9999 -9999 -9999 -9999 -9999 -9999 -9999 -9999 -9999
3.574378 3.580932 3.587155 3.593139 3.598954 3.604614 3.610141 3.61559 3.621018 3.626483 3.632042 3.63775 3.643663 3.649836 3.656324 3.663183 3.67047 3.678241 3.686553 3.695463 3.705025 3.715292 3.726312 3.738131 3.750786 3.764307 3.778718 3.794029 3.810247 3.827358 3.845341 3.864156 3.883745 3.904024 3.924879 3.946163 3.967702 3.989307 4.010786 4.031961 4.052668 4.072748 4.09206 4.110486 4.127933 4.144335 4.159657 4.17389 4.187048 4.199168 4.210295 -9999 -9999 -9999 -9999 -9999 -9999 -9999 -9999 -9999 -9999 -9999 -9999 -9999 -9999 -9999 -9999 -9999 -9999
3.574945 3.582046 3.588706 3.595037 3.601129 3.607016 3.612737 3.618356 3.623937 3.629544 3.635237 3.641075 3.647114 3.653409 3.660017 3.666993 3.674391 3.682268 3.690678 3.699678 3.709319 3.719651 3.730722 3.742572 3.755236 3.768739 3.783101 3.798328 3.814419 3.831357 3.849116 3.867652 3.8869 3.906775 3.927165 3.947929 3.968909 3.989931 4.010822 4.031423 4.051581 4.071144 4.089982 4.107986 4.125073 4.141184 4.156285 4.170369 4.183448 4.195554 4.206731 -9999 -9999 -9999 -9999 -9999 -9999 -9999 -9999 -9999 -9999 -9999 -9999 -9999 -9999 -9999 -9999 -9999 -9999
3.576431 3.583943 3.590921 3.597499 3.603782 3.609826 3.615685 3.621433 3.62714 3.632872 3.638693 3.644661 3.650835 3.657269 3.664016 3.671131 3.678666 3.686676 3.695213 3.704331 3.714078 3.724504 3.735651 3.747555 3.760249 3.773755 3.788085 3.80324 3.819215 3.835988 3.853523 3.871774 3.890672 3.910129 3.930036 3.950262 3.970658 3.99107 4.011343 4.03134 4.050918 4.069931 4.08826 4.105808 4.1225 4.138282 4.153126 4.167024 4.179989 4.19205 4.203248 -9999 -9999 -9999 -9999 -9999 -9999 -9999 -9999 -9999 -9999 -9999 -9999 -9999 -9999 -9999 -9999 -9999 -9999
3.578901 3.586659 3.593815 3.600521 3.606898 3.613022 3.618961 3.624794 3.630598 3.63644 3.642383 3.648488 3.654809 3.661398 3.668307 3.675586 3.683286 3.691458 3.700152 3.709417 3.719301 3.729848 3.741098 3.753084 3.765833 3.779362 3.793678 3.808779 3.82465 3.841265 3.858582 3.876549 3.895093 3.914128 3.933545 3.953222 3.973024 3.992812 4.012452 4.031826 4.050805 4.069245 4.087042 4.104108 4.120376 4.135799 4.150352 4.164031 4.176848 4.188832 4.200021 4.210458 -9999 -9999 -9999 -9999 -9999 -9999 -9999 -9999 -9999 -9999 -9999 -9999 -9999 -9999 -9999 -9999 -9999
3.582359 3.590175 3.597353 3.60406 3.610431 3.616557 3.622518 3.628397 3.634272 3.640212 3.646279 3.652528 3.65901 3.665776 3.672871 3.680342 3.688237 3.696602 3.705484 3.714929 3.72498 3.735679 3.747061 3.759156 3.771985 3.78556 3.799884 3.814947 3.830729 3.847198 3.864305 3.881993 3.900189 3.918803 3.937732 3.956862 3.976071 3.995234 4.014238 4.032984 4.051353 4.06921 4.086461 4.103027 4.118849 4.133889 4.148125 4.161555 4.174194 4.18607 4.197219 4.207682 4.217502 -9999 -9999 -9999 -9999 -9999 -9999 -9999 -9999 -9999 -9999 -9999 -9999 -9999 -9999 -9999 -9999
3.586736 3.594413 3.601452 3.608035 3.614303 3.620359 3.62629 3.632183 3.638114 3.644148 3.650343 3.65675 3.663415 3.670381 3.677691 3.685385 3.693506 3.702096 3.711199 3.720855 3.731106 3.741987 3.75353 3.765761 3.778696 3.792343 3.806696 3.821741 3.837452 3.853789 3.8707 3.88812 3.905977 3.924181 3.942633 3.961227 3.979853 3.998401 4.016776 4.034898 4.05266 4.069932 4.086631 4.102688 4.118053 4.132692 4.14659 4.159748 4.172183 4.183921 4.195001 4.20546 4.215337 -9999 -9999 -9999 -9999 -9999 -9999 -9999 -9999 -9999 -9999 -9999 -9999 -9999 -9999 -9999 -9999
3.591884 3.599228 3.60598 3.612324 3.618406 3.624333 3.630198 3.636086 3.642066 3.648201 3.654539 3.661126 3.667999 3.675195 3.68275 3.690699 3.699079 3.707928 3.717283 3.727183 3.737664 3.748757 3.760491 3.772886 3.785954 3.799695 3.814102 3.82915 3.844808 3.861032 3.877762 3.894932 3.912467 3.930278 3.948272 3.96635 3.984412 4.002365 4.020128 4.037641 4.054807 4.071502 4.087652 4.103201 4.118104 4.132333 4.145879 4.158746 4.170954 4.18253 4.193512 4.203938 4.213842 -9999 -9999 -9999 -9999 -9999 -9999 -9999 -9999 -9999 -9999 -9999 -9999 -9999 -9999 -9999 -9999
3.597574 3.604419 3.610756 3.616771 3.622606 3.628369 3.634152 3.640033 3.646074 3.652328 3.658835 3.665631 3.672744 3.680204 3.688038 3.696276 3.704948 3.714087 3.723727 3.7339 3.74464 3.755975 3.767926 3.780512 3.793737 3.807599 3.822081 3.837156 3.852783 3.868913 3.885484 3.902425 3.91966 3.937103 3.954664 3.972252 3.989779 4.007164 4.024342 4.041268 4.057857 4.07399 4.089605 4.104652 4.119095 4.132914 4.146101 4.158667 4.170631 4.182024 4.192884 4.203249 -9999 -9999 -9999 -9999 -9999 -9999 -9999 -9999 -9999 -9999 -9999 -9999 -9999 -9999 -9999 -9999 -9999
3.60351 3.609726 3.615564 3.621197 3.626758 3.63235 3.63806 3.643955 3.650086 3.656494 3.663208 3.67025 3.677642 3.685402 3.693551 3.702111 3.711108 3.720568 3.730521 3.740996 3.752023 3.763623 3.775818 3.788618 3.802025 3.81603 3.830611 3.845734 3.861354 3.877415 3.89385 3.910588 3.92755 3.944654 3.961815 3.978948 3.995975 4.012826 4.02945 4.04582 4.061857 4.077451 4.092549 4.10711 4.121103 4.134516 4.147346 4.159606 4.171316 4.182511 4.193227 4.203502 -9999 -9999 -9999 -9999 -9999 -9999 -9999 -9999 -9999 -9999 -9999 -9999 -9999 -9999 -9999 -9999 -9999
3.609343 3.614865 3.620169 3.625413 3.630714 3.636164 3.64184 3.647795 3.654066 3.660677 3.667646 3.674983 3.682696 3.690797 3.699298 3.708214 3.717565 3.727373 3.737665 3.748466 3.759801 3.77169 3.784149 3.797184 3.810794 3.824963 3.839665 3.854859 3.870495 3.886511 3.902838 3.919401 3.936124 3.952925 3.969723 3.98644 4.003006 4.019364 4.035473 4.05132 4.066838 4.081921 4.096526 4.11062 4.12418 4.137198 4.149677 4.161631 4.173084 4.18407 4.194626 -9999 -9999 -9999 -9999 -9999 -9999 -9999 -9999 -9999 -9999 -9999 -9999 -9999 -9999 -9999 -9999 -9999 -9999
3.614714 3.619545 3.624345 3.629246 3.634344 3.639719 3.64543 3.651515 3.657994 3.664875 3.672158 3.679843 3.687927 3.696411 3.705299 3.714602 3.724335 3.734516 3.745167 3.756312 3.767973 3.780166 3.792905 3.806193 3.820022 3.834373 3.849215 3.864502 3.880177 3.896175 3.912422 3.928844 3.945362 3.961899 3.978376 3.994721 4.010872 4.026779 4.042416 4.057779 4.072812 4.087417 4.101557 4.115209 4.128356 4.140994 4.153131 4.164784 4.17598 4.186751 4.197133 -9999 -9999 -9999 -9999 -9999 -9999 -9999 -9999 -9999 -9999 -9999 -9999 -9999 -9999 -9999 -9999 -9999 -9999
3.619282 3.623504 3.627894 3.632552 3.63755 3.64295 3.648797 3.655106 3.661879 3.669106 3.676774 3.684866 3.693371 3.70228 3.711592 3.72131 3.731447 3.742018 3.753044 3.764546 3.776543 3.789051 3.80208 3.81563 3.829691 3.844238 3.859236 3.874634 3.890371 3.906377 3.922575 3.938889 3.955242 3.971556 3.987758 4.003777 4.019559 4.035063 4.050271 4.065191 4.079777 4.093937 4.107645 4.12088 4.133636 4.145911 4.15772 4.169079 4.180018 4.190568 -9999 -9999 -9999 -9999 -9999 -9999 -9999 -9999 -9999 -9999 -9999 -9999 -9999 -9999 -9999 -9999 -9999 -9999 -9999
3.622766 3.626541 3.630676 3.635239 3.640278 3.645837 3.651942 3.658588 3.665756 3.673418 3.681544 3.690108 3.699085 3.708461 3.718228 3.728386 3.738944 3.749918 3.761326 3.773189 3.785526 3.798353 3.811676 3.825493 3.839792 3.854543 3.869709 3.885233 3.901051 3.917089 3.933268 3.949512 3.965739 3.981874 3.997845 4.013586 4.029047 4.044195 4.059019 4.073538 4.087715 4.101467 4.114772 4.12762 4.140007 4.151939 4.16343 4.174503 4.185186 4.19551 -9999 -9999 -9999 -9999 -9999 -9999 -9999 -9999 -9999 -9999 -9999 -9999 -9999 -9999 -9999 -9999 -9999 -9999 -9999
3.624983 3.628535 3.632621 3.637279 3.642529 3.648403 3.654908 3.662016 3.669688 3.677879 3.686543 3.695642 3.705142 3.715023 3.725272 3.735888 3.746879 3.758261 3.770052 3.782275 3.794949 3.80809 3.821704 3.835787 3.850324 3.865283 3.880623 3.896284 3.9122 3.928293 3.944483 3.960688 3.976828 3.992827 4.008612 4.024121 4.039308 4.054145 4.068631 4.08279 4.096596 4.109974 4.122909 4.135396 4.147438 4.159043 4.170231 4.181025 4.191453 4.201545 -9999 -9999 -9999 -9999 -9999 -9999 -9999 -9999 -9999 -9999 -9999 -9999 -9999 -9999 -9999 -9999 -9999 -9999 -9999
