ASPA-UH-SWB2_REPO/input/ET_Process/apr_et_clipped.asc
ncols         350
nrows         200
xllcorner     515000
yllcorner     8409000
cellsize      100
NODATA_value  -9999
[rows 62 to 92 of 200, columns 138 to 206 of 350]
-9999 -9999 -9999 -9999 -9999 -9999 -9999 -9999 -9999 -9999 -9999 -9999 3.532906 3.52082 3.508017 3.494461 3.480132 3.465025 3.449149 3.432522 3.41517 3.397127 3.378428 3.359112 3.339226 3.318821 3.297966 3.276765 3.255378 3.234005 3.21286 3.192163 3.172133 3.152982 3.134908 3.118098 3.102713 3.088888 3.076647 3.066061 3.057265 3.050323 3.045225 3.041885 3.040144 3.039786 3.040558 3.042185 3.044378 3.046856 3.049362 3.051677 3.053619 3.055038 3.055812 3.055849 3.055083 3.053474 3.051008 3.047689 3.043547 3.038631 3.033007 3.026761 3.019996 3.012833 3.00541 2.997883 2.990424
-9999 -9999 -9999 -9999 -9999 -9999 -9999 -9999 -9999 -9999 -9999 3.52648 3.514409 3.501616 3.488055 3.473699 3.458542 3.442595 3.425881 3.408437 3.390307 3.37154 3.352189 3.332308 3.311957 3.291201 3.27012 3.248826 3.227478 3.206269 3.185405 3.165097 3.145554 3.126976 3.10955 3.093449 3.078823 3.065797 3.054385 3.044648 3.036713 3.030641 3.02642 3.023959 3.023089 3.023584 3.025189 3.027624 3.030604 3.033848 3.037097 3.040123 3.042738 3.044784 3.046136 3.0467 3.046409 3.045224 3.043128 3.040129 3.036258 3.031565 3.026118 3.020005 3.013331 3.006222 2.998818 2.991278 2.983781
-9999 -9999 -9999 -9999 -9999 -9999 -9999 -9999 -9999 -9999 -9999 3.50844 3.495668 3.482111 3.467732 3.452517 3.436473 3.419629 3.402027 3.38372 3.364773 3.345254 3.325233 3.304786 3.283987 3.26292 3.241681 3.220391 3.199205 3.178305 3.157884 3.138139 3.119262 3.101437 3.084835 3.069612 3.055904 3.04382 3.033365 3.024592 3.017612 3.012479 3.00918 3.007617 3.00761 3.00893 3.011319 3.014505 3.018209 3.022155 3.026084 3.029765 3.033002 3.035632 3.037529 3.038598 3.038771 3.03801 3.0363 3.033652 3.030095 3.025681 3.02048 3.014581 3.00809 3.001134 2.993855 2.986413 2.978989
-9999 -9999 -9999 -9999 -9999 -9999 -9999 -9999 -9999 -9999 3.502958 3.490241 3.476729 3.462367 3.44713 3.431015 3.414048 3.396273 3.377752 3.358561 3.338781 3.318503 3.29782 3.276825 3.255616 3.234295 3.212976 3.191788 3.170884 3.150433 3.130609 3.111591 3.09355 3.076649 3.06104 3.046859 3.03422 3.023218 3.01385 3.006156 3.000229 2.99611 2.993778 2.993126 2.99397 2.996082 2.999208 3.003084 3.007441 3.012014 3.016546 3.020805 3.024591 3.027744 3.030135 3.031671 3.032285 3.03194 3.030626 3.028351 3.025148 3.021069 3.016185 3.010584 3.004373 2.997676 2.990634 2.983409 2.976179
-9999 -9999 -9999 -9999 -9999 -9999 -9999 -9999 3.509845 3.497914 3.485298 3.471892 3.45762 3.442435 3.42632 3.409291 3.391388 3.372675 3.353235 3.333163 3.312564 3.29155 3.270235 3.248736 3.227174 3.205672 3.184359 3.163374 3.142866 3.122991 3.103906 3.085763 3.068712 3.05289 3.038426 3.025431 3.014001 3.004207 2.99604 2.98953 2.984749 2.981715 2.98039 2.980659 2.982343 2.985217 2.989035 2.993541 2.998481 3.003597 3.008642 3.013387 3.017639 3.021237 3.024059 3.026012 3.027034 3.027091 3.026172 3.024292 3.021481 3.017793 3.013298 3.008082 3.00225 2.995922 2.989239 2.982356 2.97545
-9999 -9999 -9999 -9999 -9999 -9999 -9999 3.505004 3.493172 3.480703 3.467473 3.453379 3.438349 3.422343 3.40536 3.387428 3.368607 3.34898 3.32865 3.307735 3.286361 3.264661 3.242773 3.220838 3.198998 3.177398 3.156184 3.135502 3.115498 3.096316 3.078091 3.060953 3.045021 3.030407 3.017213 3.005526 2.995416 2.986933 2.98006 2.974817 2.97125 2.969354 2.969068 2.97027 2.972785 2.976396 2.980865 2.985947 2.991397 2.996971 3.002433 3.007569 3.012193 3.016155 3.019335 3.021649 3.023039 3.023475 3.02295 3.021479 3.019096 3.015852 3.011815 3.007069 3.001715 2.99587 2.989665 2.983253 2.976802
-9999 -9999 -9999 -9999 -9999 -9999 3.50024 3.48852 3.476232 3.463236 3.449406 3.434642 3.418875 3.402078 3.384258 3.365461 3.345766 3.325276 3.304116 3.282422 3.260343 3.238034 3.215656 3.193371 3.171343 3.149738 3.128718 3.108438 3.089043 3.070661 3.053407 3.037384 3.022683 3.009387 2.997568 2.987287 2.978588 2.971497 2.96599 2.962074 2.959769 2.959044 2.959819 2.961962 2.965298 2.969617 2.974693 2.980289 2.986172 2.992113 2.997893 3.003314 3.008205 3.012428 3.015875 3.018468 3.020158 3.020919 3.020749 3.019665 3.017701 3.014909 3.011353 3.007114 3.002286 2.99698 2.991322 2.985453 2.979537
-9999 -9999 -9999 -9999 -9999 3.495384 3.483768 3.47167 3.458941 3.445439 3.431038 3.415639 3.399179 3.381638 3.363037 3.343439 3.322943 3.301671 3.279767 3.25739 3.234708 3.211895 3.189133 3.166605 3.144496 3.12299 3.102266 3.082488 3.063799 3.046315 3.030129 3.015314 3.001932 2.990035 2.979668 2.970863 2.963638 2.957991 2.953892 2.951337 2.950318 2.950778 2.952618 2.955696 2.959834 2.964829 2.970461 2.976506 2.982743 2.98896 2.994957 3.000558 3.005611 3.009993 3.013609 3.016395 3.018309 3.019335 3.019473 3.018745 3.017185 3.014844 3.011782 3.008076 3.003814 2.999097 2.994042 2.988783 2.983469
-9999 -9999 -9999 -9999 3.490304 3.478766 3.466836 3.45437 3.44122 3.427243 3.412313 3.396333 3.379241 3.361027 3.341726 3.321419 3.300222 3.27828 3.255754 3.23282 3.209666 3.186484 3.163472 3.140831 3.118765 3.097475 3.077154 3.057978 3.040088 3.023588 3.008545 2.995004 2.982999 2.972553 2.96368 2.956386 2.950662 2.946477 2.943795 2.942604 2.942866 2.944501 2.94739 2.95138 2.95629 2.961918 2.968052 2.974478 2.980992 2.987398 2.99352 2.999203 3.004319 3.008763 3.012461 3.01536 3.017431 3.018667 3.019075 3.018679 3.017515 3.01563 3.013084 3.009946 3.006296 3.002226 2.997843 2.993267 2.988636
-9999 -9999 -9999 3.48492 3.473414 3.461604 3.449359 3.436537 3.422989 3.408576 3.393171 3.376675 3.359033 3.340238 3.320342 3.299444 3.277679 3.255208 3.232212 3.208881 3.185418 3.162029 3.138928 3.116329 3.09445 3.073505 3.053702 3.035226 3.018219 3.002772 2.988925 2.976698 2.966096 2.957114 2.949742 2.943957 2.939723 2.936984 2.935696 2.93584 2.937351 2.940125 2.944026 2.948888 2.954524 2.960733 2.967308 2.974048 2.980762 2.987274 2.993434 2.999112 3.004202 3.008626 3.012327 3.015272 3.017445 3.018848 3.019496 3.019418 3.01865 3.017239 3.015239 3.012712 3.00973 3.006374 3.002737 2.998926 2.995066
-9999 -9999 3.479205 3.467674 3.455917 3.443822 3.43126 3.418092 3.404173 3.389365 3.373545 3.356614 3.338516 3.319254 3.298892 3.277549 3.255376 3.232551 3.209265 3.185726 3.162144 3.138738 3.115732 3.093351 3.071823 3.05137 3.032207 3.014528 2.99848 2.984133 2.971509 2.960603 2.951395 2.943858 2.937956 2.933642 2.930854 2.92951 2.929562 2.930982 2.93368 2.937533 2.942385 2.94806 2.954362 2.961089 2.968041 2.975024 2.981863 2.988407 2.994527 3.000121 3.005111 3.009445 3.013088 3.016026 3.018259 3.0198 3.020674 3.020911 3.020552 3.01964 3.018225 3.016362 3.014111 3.011542 3.008733 3.005777 3.002781
-9999 3.473136 3.461562 3.449785 3.437754 3.425359 3.412476 3.39897 3.384704 3.369544 3.353372 3.336092 3.31765 3.29805 3.277375 3.255759 3.233366 3.210386 3.187021 3.163484 3.139996 3.116784 3.094078 3.07211 3.051112 3.031311 3.012923 2.996141 2.98111 2.96789 2.956486 2.946876 2.939023 2.932879 2.928385 2.925472 2.924052 2.924022 2.925328 2.927936 2.931735 2.936581 2.942304 2.948713 2.955607 2.962781 2.970038 2.977193 2.984089 2.990593 2.996605 3.002052 3.006884 3.011075 3.014615 3.017511 3.019779 3.021446 3.022543 3.023108 3.023182 3.022806 3.022025 3.020885 3.019436 3.017734 3.015841 3.013833 3.011797
3.466778 3.45509 3.443266 3.431212 3.418883 3.406173 3.392963 3.379128 3.364536 3.349066 3.332604 3.315065 3.296395 3.276608 3.255795 3.234101 3.2117 3.188786 3.165568 3.142263 3.119099 3.096305 3.074115 3.052762 3.03248 3.013494 2.996016 2.980229 2.966263 2.954176 2.943971 2.935613 2.929052 2.924223 2.921048 2.919435 2.919279 2.920455 2.922902 2.926586 2.931374 2.937105 2.943596 2.950646 2.958045 2.965586 2.973073 2.980332 2.987217 2.993621 2.999469 3.004719 3.009351 3.013365 3.016779 3.019617 3.021915 3.02371 3.025047 3.025965 3.026507 3.026714 3.026624 3.026275 3.025704 3.024953 3.024066 3.023101 3.022125
3.448346 3.436404 3.424295 3.411934 3.399283 3.386243 3.372704 3.358548 3.343657 3.327919 3.311233 3.293523 3.274751 3.254938 3.234179 3.212618 3.190432 3.167817 3.144984 3.122152 3.099546 3.077398 3.05594 3.035404 3.016018 2.998001 2.981554 2.966843 2.953986 2.943039 2.934002 2.926841 2.921493 2.917882 2.915914 2.915482 2.916462 2.918713 2.922169 2.926792 2.932436 2.938926 2.946066 2.953647 2.961453 2.969275 2.976916 2.984209 2.991025 2.997277 3.00292 3.007941 3.01235 3.016176 3.019458 3.022243 3.024584 3.026531 3.028136 3.029446 3.030506 3.031353 3.032018 3.032532 3.032919 3.033204 3.033415 3.033587 3.033767
3.429306 3.417069 3.404641 3.391948 3.378957 3.365577 3.351709 3.337249 3.322091 3.306136 3.289299 3.271521 3.252778 3.233103 3.212588 3.191371 3.169626 3.147545 3.125335 3.103214 3.081401 3.060123 3.039607 3.020078 3.001755 2.984843 2.969529 2.955964 2.944252 2.934446 2.926548 2.920521 2.9163 2.913799 2.912914 2.913526 2.915498 2.918674 2.922988 2.928398 2.934748 2.941853 2.949509 2.9575 2.965606 2.973616 2.981335 2.9886 2.995296 3.001358 3.006771 3.01155 3.015736 3.019382 3.02255 3.025308 3.027723 3.02986 3.031779 3.033533 3.035167 3.036717 3.03821 3.039663 3.041088 3.042495 3.043893 3.045294 3.046722
3.409662 3.397095 3.384319 3.371273 3.357928 3.344206 3.33002 3.31528 3.299897 3.283789 3.266889 3.249154 3.230578 3.211201 3.191112 3.170443 3.149356 3.128036 3.106681 3.0855 3.064703 3.044508 3.02513 3.006782 2.98967 2.973983 2.959891 2.947528 2.936988 2.928319 2.921522 2.916563 2.913374 2.911869 2.911934 2.913444 2.916252 2.920195 2.925204 2.931237 2.93813 2.945696 2.953724 2.961995 2.970289 2.978392 2.986114 2.993294 2.99983 3.005681 3.010858 3.015406 3.019389 3.022886 3.025978 3.028753 3.031291 3.033672 3.035963 3.038223 3.040498 3.042822 3.045213 3.047682 3.050226 3.052837 3.055505 3.058219 3.060979
3.389433 3.376504 3.36336 3.349946 3.336244 3.322186 3.307703 3.29272 3.277166 3.26098 3.244113 3.22654 3.20827 3.189347 3.169858 3.149927 3.129703 3.109357 3.089074 3.069046 3.049473 3.030555 3.012493 2.995482 2.97971 2.96535 2.952551 2.941435 2.932082 2.924536 2.918798 2.914835 2.912582 2.91195 2.912827 2.915082 2.918566 2.923112 2.928648 2.935133 2.942405 2.950273 2.958525 2.966944 2.975307 2.983408 2.991059 2.998108 3.004459 3.010097 3.015056 3.019404 3.023228 3.026625 3.029698 3.032549 3.035276 3.037967 3.040699 3.043534 3.046522 3.049691 3.053056 3.056615 3.060352 3.064243 3.068255 3.072357 3.076523
3.368649 3.355337 3.341809 3.328025 3.313973 3.299599 3.284849 3.269671 3.254013 3.237832 3.2211 3.203809 3.18598 3.167662 3.148939 3.129923 3.110749 3.091573 3.072558 3.05388 3.035717 3.018249 3.001658 2.986118 2.971796 2.958845 2.947396 2.937554 2.929391 2.922944 2.918214 2.91517 2.913751 2.913871 2.915419 2.918267 2.922265 2.927249 2.933145 2.939916 2.947403 2.955417 2.96375 2.972185 2.980508 2.988514 2.996026 3.002903 3.009065 3.014509 3.019289 3.023489 3.027213 3.030578 3.033703 3.036705 3.039695 3.042771 3.04602 3.049506 3.053279 3.057366 3.061775 3.066494 3.071493 3.076728 3.08215 3.0877 3.093329
3.34736 3.333649 3.319734 3.305588 3.291202 3.276541 3.261572 3.246258 3.230569 3.214483 3.197991 3.181102 3.163845 3.146274 3.12847 3.110531 3.092579 3.074746 3.057174 3.040015 3.023424 3.007555 2.992566 2.978608 2.965825 2.954346 2.944285 2.935731 2.928747 2.923363 2.919581 2.917373 2.916684 2.917431 2.919513 2.922803 2.927159 2.932421 2.938518 2.945417 2.952966 2.960983 2.969267 2.977605 2.985788 2.993624 3.000946 3.007628 3.013609 3.018895 3.023546 3.027661 3.031359 3.03477 3.038027 3.041262 3.044598 3.048141 3.051985 3.056199 3.060832 3.065907 3.071425 3.077364 3.083681 3.090314 3.097192 3.104235 3.111367
3.325625 3.311511 3.297218 3.282727 3.268039 3.253136 3.238002 3.22262 3.206983 3.191087 3.174941 3.158568 3.142008 3.125317 3.10857 3.091855 3.075273 3.058935 3.042956 3.027461 3.012576 2.998428 2.985147 2.972857 2.961676 2.951712 2.943059 2.93579 2.929958 2.92559 2.922687 2.921227 2.921158 2.922411 2.92489 2.92848 2.933048 2.938443 2.944597 2.951479 2.958956 2.966854 2.974979 2.983129 2.991103 2.998717 3.005821 3.012308 3.018128 3.023295 3.027876 3.031976 3.035725 3.039265 3.042742 3.046298 3.050065 3.05416 3.058679 3.063696 3.069258 3.075386 3.082071 3.089281 3.096958 3.105025 3.113388 3.121947 3.130602
3.303525 3.289014 3.274361 3.259558 3.244612 3.229522 3.21429 3.19892 3.183421 3.167811 3.152115 3.136368 3.12062 3.104928 3.089362 3.073996 3.058911 3.044193 3.029929 3.016212 3.003139 2.990805 2.979309 2.968746 2.959209 2.950781 2.943535 2.937531 2.932812 2.9294 2.927298 2.926489 2.926933 2.928571 2.931319 2.935077 2.939725 2.945124 2.95121 2.95796 2.965254 2.972936 2.980824 2.988724 2.996446 3.003821 3.010707 3.017015 3.022707 3.027803 3.032376 3.036534 3.040416 3.044171 3.047956 3.051921 3.056207 3.060936 3.06621 3.072101 3.078657 3.085892 3.093791 3.102309 3.111374 3.120891 3.130748 3.140822 3.150989
3.281158 3.26627 3.251288 3.236219 3.221072 3.205862 3.190609 3.175334 3.160067 3.144839 3.129692 3.114675 3.099842 3.085254 3.070973 3.057059 3.043573 3.030573 3.018115 3.006261 2.995072 2.984613 2.974948 2.966144 2.958264 2.951369 2.94551 2.940734 2.937071 2.934544 2.933158 2.932903 2.933752 2.935659 2.938558 2.942366 2.94698 2.952278 2.958198 2.964726 2.971762 2.979167 2.98677 2.994392 3.001853 3.008994 3.015689 3.021857 3.027468 3.032552 3.037182 3.041474 3.04557 3.049626 3.053807 3.058269 3.063159 3.068604 3.074705 3.081538 3.089143 3.097532 3.106678 3.116524 3.126986 3.13795 3.149284 3.160847 3.172492
3.258654 3.243416 3.228151 3.212873 3.197591 3.182338 3.167148 3.152061 3.137119 3.12237 3.10787 3.093675 3.079848 3.06645 3.053536 3.041154 3.02934 3.018123 3.00753 2.997586 2.988319 2.97976 2.971941 2.964897 2.958663 2.953274 2.948762 2.945156 2.942482 2.940759 2.939996 2.940194 2.941342 2.94341 2.946357 2.950115 2.954603 2.959722 2.96541 2.971662 2.9784 2.985503 2.992814 3.000165 3.007388 3.014333 3.020884 3.026966 3.032562 3.037699 3.042461 3.046964 3.051356 3.055799 3.060461 3.065505 3.07108 3.077315 3.084313 3.092145 3.100848 3.110423 3.120837 3.132018 3.143865 3.156249 3.16902 3.182017 3.195072
3.236173 3.220625 3.205128 3.189703 3.174362 3.159151 3.144117 3.129313 3.114796 3.100623 3.086859 3.07357 3.060823 3.048679 3.037191 3.02639 3.016288 3.006886 2.998177 2.990153 2.982809 2.97614 2.970146 2.964833 2.960205 2.956271 2.953044 2.950538 2.948771 2.947761 2.947524 2.948075 2.94942 2.951554 2.954456 2.958088 2.96239 2.967283 2.97271 2.97867 2.985112 2.991929 2.998981 3.006106 3.013147 3.019959 3.026437 3.03251 3.038163 3.043434 3.048404 3.053199 3.057968 3.062879 3.068104 3.073809 3.080146 3.087242 3.095197 3.104079 3.113916 3.1247 3.136386 3.148889 3.162091 3.175847 3.189988 3.204335 3.218703
3.213912 3.198096 3.182423 3.166921 3.151603 3.136524 3.121742 3.10732 3.093323 3.079818 3.066875 3.054564 3.042955 3.032113 3.022082 3.01288 3.004496 2.996899 2.990053 2.983916 2.978452 2.973623 2.969401 2.965756 2.962666 2.960114 2.958093 2.956602 2.955649 2.955255 2.955445 2.956251 2.957701 2.959817 2.962608 2.96606 2.970143 2.974801 2.979977 2.985676 2.991868 2.998459 3.005323 3.012307 3.019255 3.026029 3.032524 3.038678 3.044478 3.049965 3.055228 3.060393 3.065619 3.071076 3.076942 3.083383 3.090551 3.098571 3.107537 3.117508 3.128505 3.140508 3.153456 3.167251 3.181757 3.196812 3.212231 3.227818 3.243375
3.192089 3.176049 3.160261 3.144754 3.129541 3.114685 3.100252 3.086312 3.072933 3.060185 3.04814 3.03687 3.026443 3.016923 3.00835 3.00073 2.994025 2.98818 2.983127 2.978801 2.975134 2.972059 2.969517 2.967448 2.965803 2.964539 2.963626 2.96305 2.962812 2.962934 2.963453 2.964422 2.965897 2.967931 2.970565 2.973819 2.977688 2.982142 2.987121 2.992633 2.998666 3.005141 3.011934 3.018897 3.025874 3.032729 3.039355 3.045693 3.051737 3.05753 3.063166 3.068783 3.07454 3.080617 3.087194 3.094439 3.102501 3.1115 3.121521 3.132613 3.144784 3.158 3.172186 3.187225 3.202965 3.219227 3.235809 3.2525 3.269092
3.170933 3.15472 3.138876 3.123436 3.108412 3.09387 3.079884 3.066521 3.053851 3.041943 3.030865 3.020685 3.011468 3.003267 2.996124 2.990027 2.984919 2.980723 2.977352 2.974718 2.97272 2.971272 2.970284 2.96967 2.969352 2.969263 2.969349 2.969579 2.969951 2.970488 2.971243 2.972294 2.97373 2.975641 2.978105 2.981176 2.984877 2.989202 2.994087 2.999537 3.005553 3.012064 3.018946 3.026047 3.033206 3.040282 3.04717 3.05381 3.060198 3.066389 3.07248 3.078619 3.084978 3.09174 3.09909 3.107199 3.116211 3.126235 3.137347 3.149581 3.162929 3.177341 3.192723 3.208941 3.225826 3.243179 3.260786 3.278425 3.295877
3.150681 3.134344 3.118505 3.103201 3.088445 3.074307 3.060855 3.04816 3.036283 3.025287 3.015231 3.006176 2.998177 2.991279 2.985504 2.980832 2.977196 2.974507 2.972661 2.971549 2.971056 2.971071 2.971479 2.972169 2.973037 2.97399 2.974957 2.975884 2.976761 2.977618 2.978524 2.97959 2.980944 2.982719 2.985034 2.98798 2.991607 2.995929 3.000873 3.006437 3.012628 3.019375 3.026544 3.033973 3.041493 3.048955 3.056246 3.06331 3.070148 3.07682 3.083444 3.090171 3.097188 3.104691 3.112869 3.121892 3.131898 3.142987 3.155216 3.168602 3.183116 3.198691 3.215214 3.23253 3.25045 3.268761 3.287235 3.305641 3.323761
3.13156 3.115149 3.099369 3.084269 3.069859 3.056208 3.043378 3.03143 3.020416 3.010385 3.001387 2.993465 2.986664 2.981011 2.976512 2.973137 2.970818 2.969458 2.968946 2.969162 2.969976 2.971259 2.972878 2.974699 2.976595 2.978448 2.98016 2.981668 2.982948 2.984036 2.985029 2.986065 2.987319 2.988979 2.991209 2.994134 2.997833 3.002332 3.007543 3.013449 3.020056 3.027279 3.03497 3.042946 3.051024 3.059043 3.066888 3.0745 3.081889 3.089126 3.096343 3.103711 3.111433 3.119718 3.128764 3.138741 3.149778 3.161961 3.175323 3.189859 3.205519 3.22221 3.239801 3.258115 3.276943 3.296058 3.315221 3.334199 3.352776
3.113777 3.097342 3.081681 3.066849 3.052852 3.039759 3.027623 3.016488 3.00639 2.99736 2.989429 2.982623 2.976966 2.972471 2.969128 2.966899 2.965717 2.965485 2.966091 2.96741 2.969306 2.971638 2.974258 2.977017 2.979766 2.982366 2.984698 2.986676 2.98827 2.989517 2.990536 2.991517 2.992694 2.994301 2.996552 2.999614 3.003584 3.008495 3.014236 3.020763 3.028069 3.036045 3.044517 3.053278 3.062124 3.07088 3.079426 3.087706 3.095737 3.103607 3.111468 3.119516 3.127971 3.137064 3.147004 3.157961 3.170054 3.183348 3.197851 3.213525 3.230293 3.248039 3.266609 3.285803 3.305393 3.325138 3.344795 3.364134 3.382944
3.097517 3.081104 3.065611 3.051099 3.037579 3.025109 3.013728 3.003458 2.994313 2.986298 2.979419 2.973683 2.969092 2.96564 2.963309 2.962054 2.961811 2.962489 2.96398 2.966162 2.968899 2.972043 2.975439 2.978927 2.982343 2.985532 2.988352 2.9907 2.99253 2.993882 2.994906 2.995842 2.996989 2.998649 3.001084 3.004494 3.008987 3.014596 3.021175 3.028644 3.036967 3.046 3.055531 3.065324 3.075149 3.084818 3.094203 3.103256 3.112007 3.120563 3.1291 3.137843 3.147044 3.156953 3.167795 3.179743 3.192904 3.207314 3.222951 3.239739 3.257566 3.27629 3.295732 3.315668 3.335854 3.356038 3.375979 3.395456 3.414269
