ASPA-UH-SWB2_REPO/input/ET_Process/aug_et_clipped.asc
ncols         350
nrows         200
xllcorner     515000
yllcorner     8409000
cellsize      100
NODATA_value  -9999
[rows 124 to 154 of 200, columns 69 to 137 of 350]
4.052238 4.04 4.027561 4.014937 4.002129 3.989138 3.975971 3.96264 3.949159 3.935549 3.921836 3.90805 3.894229 3.880412 3.866648 3.852988 3.839487 3.826208 3.813215 3.800576 3.788364 3.776652 3.765517 3.755035 3.745286 3.736343 3.728276 3.721133 3.714939 3.709669 3.705262 3.70164 3.69872 3.696417 3.694644 3.693317 3.692349 3.691693 3.691332 3.691226 3.691333 3.691614 3.692027 3.692527 3.693065 3.693591 3.694052 3.694393 3.694569 3.694539 3.694276 3.693778 3.693072 3.692216 3.691309 3.690485 3.689909 3.689783 3.690328 3.691781 3.694393 3.698415 3.704093 3.711654 3.721295 3.73317 3.747377 3.763951 3.782865
4.055667 4.04354 4.031204 4.018674 4.005948 3.993024 3.979906 3.966603 3.95313 3.939506 3.925756 3.911912 3.898012 3.884098 3.87022 3.856431 3.842793 3.829369 3.816228 3.803443 3.791089 3.779245 3.767989 3.757405 3.747569 3.738559 3.730437 3.72325 3.717017 3.711718 3.707301 3.703694 3.700816 3.698584 3.696911 3.69571 3.694895 3.69441 3.694227 3.694299 3.694585 3.695047 3.695647 3.696345 3.697101 3.697874 3.698622 3.699301 3.699875 3.700314 3.700601 3.700741 3.700775 3.700774 3.700852 3.701162 3.701883 3.703226 3.705411 3.70867 3.713232 3.719319 3.727137 3.736863 3.748639 3.762561 3.778669 3.796946 3.817321
4.059586 4.047596 4.035391 4.022988 4.010379 3.99756 3.984534 3.971307 3.957891 3.944305 3.930574 3.916731 3.902812 3.888864 3.874936 3.861086 3.847376 3.833874 3.820651 3.807783 3.79535 3.783431 3.772108 3.761463 3.751575 3.742512 3.734338 3.72709 3.720783 3.715402 3.7109 3.707215 3.704272 3.701989 3.700284 3.699073 3.698268 3.697807 3.697651 3.697752 3.698066 3.698558 3.699194 3.699945 3.700778 3.701663 3.702569 3.703464 3.704323 3.705125 3.705861 3.706546 3.707222 3.707975 3.708934 3.710267 3.712168 3.714853 3.718544 3.72346 3.729812 3.737792 3.747569 3.759276 3.773006 3.788805 3.806665 3.826528 3.84829
4.06401 4.052182 4.040136 4.02789 4.015432 4.002758 3.989865 3.976758 3.963448 3.949952 3.936296 3.922511 3.908635 3.894715 3.880802 3.866956 3.853242 3.839728 3.82649 3.813604 3.801153 3.789216 3.777877 3.767214 3.757303 3.748208 3.739985 3.732665 3.72626 3.720756 3.716112 3.712272 3.709168 3.706727 3.704868 3.703512 3.702576 3.701992 3.701711 3.701681 3.701862 3.702222 3.702735 3.703378 3.704131 3.704977 3.705895 3.70687 3.707886 3.708933 3.71001 3.711136 3.712357 3.713767 3.715507 3.717761 3.720734 3.724648 3.729719 3.736156 3.744148 3.753859 3.765423 3.778933 3.794439 3.811944 3.831401 3.85272 3.875777
4.068948 4.057305 4.045444 4.033384 4.021111 4.008617 3.995897 3.982954 3.969797 3.956442 3.942914 3.929243 3.915469 3.901638 3.887804 3.874027 3.860373 3.846914 3.833725 3.820885 3.808475 3.796577 3.78527 3.774631 3.764729 3.755623 3.747361 3.739968 3.733452 3.727797 3.722968 3.718914 3.715573 3.712877 3.710755 3.709132 3.70793 3.707078 3.706517 3.706198 3.706082 3.706143 3.706363 3.706731 3.707239 3.707883 3.708659 3.709565 3.710599 3.711763 3.713066 3.71453 3.716203 3.718181 3.720617 3.723709 3.727668 3.732718 3.739067 3.746909 3.756412 3.767711 3.780908 3.796059 3.813174 3.83222 3.853117 3.875753 3.899992
4.074407 4.062968 4.051316 4.039469 4.027411 4.015131 4.00262 3.989882 3.976921 3.963754 3.950404 3.936901 3.923285 3.909603 3.895908 3.882262 3.868731 3.855389 3.842311 3.829577 3.817267 3.80546 3.794235 3.783661 3.773802 3.764711 3.756427 3.748969 3.742339 3.736521 3.73148 3.72717 3.723533 3.720507 3.718027 3.716027 3.714434 3.713176 3.712189 3.711425 3.71085 3.710447 3.710206 3.710129 3.710225 3.710502 3.710976 3.71166 3.712569 3.713719 3.715129 3.71683 3.71887 3.721346 3.724418 3.728295 3.733186 3.739311 3.746866 3.756026 3.766937 3.779709 3.79441 3.811062 3.829643 3.850085 3.872282 3.8961 3.921401
4.080383 4.069167 4.057746 4.046135 4.034318 4.022281 4.010014 3.997516 3.984791 3.971855 3.958729 3.945444 3.932038 3.918558 3.905058 3.891601 3.878253 3.865087 3.852179 3.839607 3.827452 3.815789 3.804691 3.794225 3.784446 3.775401 3.767119 3.759612 3.752879 3.746898 3.741635 3.737044 3.733071 3.729657 3.726744 3.724272 3.722178 3.72039 3.718842 3.717489 3.716305 3.71528 3.714419 3.713737 3.713258 3.713012 3.71303 3.713345 3.713991 3.714999 3.716403 3.718245 3.720582 3.723511 3.727196 3.731838 3.737646 3.744818 3.753539 3.763964 3.776215 3.790375 3.806483 3.824533 3.844471 3.866198 3.889587 3.91449 3.940765
4.08687 4.075892 4.064718 4.053364 4.041811 4.030041 4.018045 4.005819 3.993365 3.980698 3.967837 3.954813 3.941664 3.928435 3.915183 3.901966 3.888854 3.875917 3.863233 3.850877 3.838926 3.827456 3.816532 3.806216 3.796557 3.787592 3.779342 3.771814 3.764997 3.758867 3.753385 3.748505 3.744173 3.740334 3.736933 3.733914 3.731227 3.728805 3.72658 3.724513 3.722587 3.720802 3.719179 3.717747 3.716551 3.71564 3.715066 3.714885 3.715149 3.715908 3.717216 3.719126 3.721713 3.72508 3.729383 3.734806 3.741543 3.749769 3.75965 3.771319 3.784873 3.800372 3.81783 3.837213 3.858441 3.881394 3.905924 3.931875 3.959111
4.093854 4.083126 4.072211 4.061128 4.049855 4.038374 4.026672 4.014743 4.002589 3.990222 3.977661 3.964936 3.952084 3.93915 3.926188 3.913259 3.900429 3.88777 3.875356 3.863263 3.851565 3.840332 3.829626 3.819502 3.810002 3.801155 3.792974 3.785456 3.778585 3.772328 3.766643 3.761479 3.756783 3.7525 3.748574 3.744959 3.741613 3.738477 3.735485 3.732605 3.729831 3.727175 3.724674 3.722378 3.720349 3.718661 3.71739 3.716613 3.716408 3.716847 3.718004 3.719951 3.722778 3.726592 3.731543 3.737785 3.74549 3.754807 3.765873 3.778797 3.793653 3.810477 3.829262 3.849953 3.872454 3.896626 3.922309 3.949348 3.97762
4.101316 4.090843 4.080196 4.069394 4.058413 4.047233 4.035841 4.024229 4.012396 4.000355 3.988123 3.975727 3.963205 3.9506 3.937966 3.925363 3.912855 3.900514 3.888412 3.876622 3.865216 3.854261 3.843812 3.83392 3.824618 3.815928 3.807853 3.800383 3.793491 3.787138 3.781277 3.775849 3.770799 3.76607 3.761608 3.75737 3.753327 3.749428 3.74561 3.741851 3.738156 3.734553 3.731095 3.727853 3.724915 3.722375 3.720339 3.71891 3.718191 3.718281 3.719275 3.72127 3.724364 3.728671 3.734318 3.741443 3.75018 3.760651 3.772956 3.787176 3.80336 3.821525 3.841646 3.863659 3.887453 3.912883 3.939786 3.968015 3.997469
4.109214 4.099001 4.088628 4.078114 4.067433 4.056566 4.045497 4.034217 4.022726 4.011031 3.999151 3.987111 3.974946 3.962702 3.950427 3.938182 3.92603 3.914041 3.902286 3.890835 3.879757 3.869114 3.858958 3.849333 3.840265 3.831766 3.823834 3.816447 3.809571 3.803158 3.79715 3.791487 3.786104 3.780943 3.775951 3.771089 3.766337 3.761655 3.756986 3.752316 3.747664 3.743074 3.738619 3.734391 3.730504 3.72708 3.724252 3.722154 3.720918 3.72067 3.721531 3.723615 3.727036 3.731903 3.738327 3.746422 3.756281 3.767991 3.781612 3.797194 3.814759 3.834305 3.855799 3.87917 3.904308 3.931067 3.959291 3.988842 4.019651
4.117486 4.107542 4.097453 4.087238 4.076871 4.066332 4.055604 4.044677 4.03355 4.022228 4.010727 3.999073 3.987299 3.975447 3.963567 3.951715 3.939956 3.928355 3.916981 3.905904 3.895188 3.88489 3.87506 3.865733 3.856931 3.848657 3.840899 3.833629 3.8268 3.820357 3.814235 3.808364 3.802675 3.797103 3.791599 3.786125 3.78067 3.775206 3.769681 3.764094 3.758473 3.752884 3.747416 3.742189 3.737342 3.733027 3.729406 3.726648 3.724913 3.724361 3.725136 3.727373 3.731195 3.736709 3.74401 3.753174 3.764266 3.777323 3.792363 3.809398 3.828423 3.849418 3.872345 3.897137 3.923691 3.95187 3.981526 4.012537 4.044859
4.126125 4.116454 4.106655 4.096746 4.086702 4.076502 4.066127 4.055567 4.044819 4.033889 4.022789 4.011544 4.000185 3.988752 3.977294 3.965865 3.954527 3.943344 3.932383 3.921709 3.911385 3.901463 3.891989 3.882993 3.874489 3.866473 3.858925 3.851806 3.845063 3.83863 3.832432 3.826392 3.820435 3.81449 3.808508 3.802454 3.796324 3.790102 3.783744 3.777257 3.770686 3.764112 3.757648 3.751437 3.745648 3.740463 3.736081 3.732699 3.730515 3.729718 3.73048 3.732957 3.737279 3.743552 3.75185 3.762218 3.774678 3.789219 3.805815 3.824425 3.845014 3.867544 3.891976 3.918253 3.94629 3.975961 4.007127 4.03968 4.073596
4.13512 4.125722 4.116212 4.106612 4.096894 4.087036 4.07702 4.066835 4.056477 4.045949 4.035263 4.024441 4.013514 4.00252 3.991504 3.98052 3.969627 3.958887 3.948363 3.938118 3.928212 3.918695 3.909607 3.900972 3.892798 3.885075 3.877774 3.870847 3.864232 3.857853 3.851627 3.845468 3.839293 3.83303 3.826621 3.820037 3.813281 3.806348 3.799203 3.791862 3.784385 3.77687 3.769454 3.762305 3.755621 3.749621 3.744532 3.740592 3.738032 3.737072 3.737916 3.740737 3.745678 3.75284 3.76228 3.774009 3.788 3.804193 3.822504 3.842837 3.865118 3.889283 3.915292 3.943105 3.972659 4.003845 4.036529 4.070611 4.106084
4.144453 4.135323 4.126099 4.116803 4.107409 4.097892 4.088236 4.078427 4.068461 4.058339 4.048074 4.037684 4.027199 4.016654 4.006095 3.995572 3.985142 3.974862 3.964797 3.955004 3.94554 3.936452 3.927777 3.919533 3.911722 3.904327 3.89731 3.890617 3.884176 3.877902 3.871703 3.865484 3.859154 3.852635 3.845868 3.838824 3.83151 3.823933 3.81607 3.807945 3.799632 3.791246 3.782948 3.774933 3.76743 3.76069 3.754978 3.750566 3.747722 3.7467 3.747732 3.751015 3.756704 3.764897 3.775635 3.788895 3.804597 3.822625 3.842829 3.865057 3.889173 3.915084 3.942736 3.972108 4.003167 4.035817 4.069925 4.105402 4.142256
4.154098 4.145228 4.136284 4.127286 4.118208 4.109028 4.099726 4.09029 4.080713 4.070998 4.061153 4.051198 4.041158 4.03107 4.020975 4.010922 4.000966 3.991163 3.981571 3.972248 3.963247 3.954611 3.946373 3.938548 3.931131 3.924099 3.917407 3.91099 3.904771 3.898655 3.89254 3.886325 3.87991 3.873212 3.866167 3.858745 3.850958 3.842825 3.834333 3.825515 3.816456 3.807292 3.798206 3.789423 3.781199 3.77382 3.767588 3.762809 3.759788 3.758813 3.760148 3.764013 3.770578 3.779944 3.792134 3.807093 3.82469 3.844738 3.86702 3.891314 3.917413 3.945181 3.974535 4.005458 4.037947 4.071917 4.10724 4.143848 4.181767
-9999 4.155411 4.146735 4.138025 4.129256 4.120402 4.111447 4.102376 4.093183 4.083868 4.07444 4.064916 4.055321 4.04569 4.036062 4.026484 4.017009 4.007691 3.998586 3.989748 3.981226 3.973063 3.965285 3.957904 3.950911 3.944273 3.937941 3.931843 3.925893 3.919987 3.914018 3.907874 3.90145 3.894655 3.887421 3.879717 3.871554 3.862967 3.853951 3.844548 3.834855 3.825026 3.815267 3.805831 3.797004 3.789107 3.782473 3.777446 3.774365 3.773553 3.775304 3.779865 3.787425 3.798088 3.811868 3.828676 3.848328 3.870563 3.895086 3.921591 3.949807 3.979522 4.010618 4.043055 4.076826 4.111869 4.148092 4.18546 4.224023
-9999 -9999 4.157423 4.148991 4.140517 4.13198 4.123361 4.114645 4.105826 4.096903 4.087884 4.078785 4.069631 4.060453 4.051291 4.042189 4.033198 4.024371 4.01576 4.007417 3.999389 3.991714 3.984416 3.977501 3.970955 3.964741 3.958802 3.953062 3.947424 3.94178 3.936016 3.930011 3.923653 3.916846 3.909518 3.901633 3.893204 3.884274 3.874853 3.864987 3.854785 3.84442 3.83412 3.824164 3.81487 3.806587 3.799685 3.794539 3.791522 3.790988 3.793262 3.798619 3.807268 3.819326 3.834799 3.853566 3.875389 3.899933 3.926806 3.955621 3.986021 4.017716 4.050529 4.084377 4.119225 4.155039 4.191789 4.229488 4.268219
-9999 -9999 -9999 4.160153 4.151965 4.143732 4.135437 4.127066 4.118609 4.110069 4.101449 4.092768 4.084046 4.075315 4.066614 4.057985 4.049478 4.041143 4.033031 4.02519 4.017664 4.01049 4.003686 3.997255 3.991176 3.985409 3.979891 3.974539 3.969253 3.963917 3.958411 3.952609 3.946392 3.939659 3.932331 3.92437 3.915786 3.906635 3.896935 3.886738 3.876164 3.865403 3.854704 3.844374 3.83476 3.82624 3.819213 3.814085 3.811258 3.811115 3.814008 3.82024 3.830043 3.84355 3.860765 3.881544 3.905587 3.932481 3.961741 3.992875 4.025435 4.059052 4.093465 4.128535 4.164207 4.200477 4.237374 4.274972 4.313395
-9999 -9999 -9999 -9999 -9999 4.155633 4.147651 4.139612 4.131508 4.123339 4.11511 4.106835 4.098538 4.090247 4.082001 4.07384 4.065813 4.057968 4.050355 4.043019 4.036003 4.029335 4.023035 4.017097 4.011499 4.006195 4.001117 3.996179 3.991275 3.986286 3.981085 3.975543 3.969534 3.962953 3.955717 3.947783 3.939159 3.929909 3.920061 3.90967 3.898867 3.887856 3.876911 3.866363 3.856585 3.847982 3.840981 3.836011 3.8335 3.833856 3.837453 3.844618 3.855604 3.870563 3.889507 3.912269 3.938494 3.967681 3.999251 4.032609 4.067208 4.102581 4.13839 4.174433 4.210642 4.247043 4.283727 4.320827 4.358512
-9999 -9999 -9999 -9999 -9999 4.167665 4.159985 4.152268 4.144506 4.136698 4.12885 4.120974 4.113092 4.105234 4.097435 4.089736 4.082184 4.074826 4.067709 4.060877 4.054368 4.04821 4.042414 4.036973 4.03186 4.027027 4.022402 4.017894 4.013394 4.00878 4.003922 3.998685 3.992943 3.986584 3.979523 3.971713 3.963156 3.953927 3.944062 3.933616 3.922727 3.911617 3.900582 3.889975 3.880195 3.871669 3.864845 3.860175 3.858106 3.859062 3.863436 3.871569 3.883732 3.900094 3.92068 3.945309 3.973567 4.004869 4.03855 4.073921 4.110324 4.147204 4.18413 4.220852 4.257292 4.293511 4.329659 4.36593 4.402531
-9999 -9999 -9999 -9999 -9999 4.179811 4.172424 4.16502 4.157592 4.150137 4.142661 4.135176 4.127702 4.120269 4.112911 4.105668 4.098584 4.091706 4.085079 4.078745 4.072738 4.067083 4.061786 4.056839 4.052209 4.047845 4.043675 4.039603 4.03552 4.031299 4.026809 4.021913 4.016483 4.010404 4.003589 3.995986 3.987597 3.978501 3.968743 3.958376 3.947544 3.936487 3.925518 3.915014 3.905393 3.897102 3.890605 3.88637 3.884857 3.886504 3.891713 3.900833 3.91414 3.93181 3.953879 3.980158 4.010176 4.043284 4.078744 4.115789 4.153672 4.191728 4.229448 4.266531 4.302896 4.338655 4.374007 4.409199 4.444475
-9999 -9999 -9999 -9999 4.199177 4.192059 4.184958 4.177861 4.170759 4.163651 4.156539 4.149438 4.142366 4.135351 4.128426 4.121631 4.115008 4.108603 4.102458 4.096611 4.091096 4.085931 4.081123 4.076657 4.072499 4.068597 4.064875 4.061237 4.057571 4.053751 4.049644 4.045111 4.040024 4.034268 4.027753 4.020428 4.01229 4.003428 3.993892 3.98373 3.973093 3.962234 3.951488 3.941245 3.931941 3.924035 3.918004 3.914325 3.913468 3.915876 3.921954 3.932052 3.946442 3.965292 3.988625 4.016231 4.047615 4.082091 4.118879 4.157152 4.196091 4.234941 4.273098 4.310218 4.346242 4.381317 4.4157 4.449671 4.483501
-9999 -9999 -9999 -9999 4.21125 4.204393 4.197574 4.190779 4.183999 4.177231 4.17048 4.163757 4.157081 4.150478 4.143981 4.137626 4.131455 4.125512 4.119836 4.114464 4.109425 4.104735 4.100397 4.096395 4.092693 4.089237 4.085949 4.082734 4.079478 4.076056 4.072333 4.068174 4.063448 4.058043 4.051867 4.044869 4.037048 4.028502 4.019287 4.009446 3.999134 3.988617 3.978243 3.968414 3.959572 3.952187 3.946742 3.943718 3.943587 3.946794 3.95374 3.964765 3.980129 3.999974 4.024289 4.052831 4.085108 4.120435 4.158011 4.196979 4.236474 4.27568 4.313913 4.350775 4.386242 4.420507 4.453846 4.486566 4.518948
-9999 -9999 -9999 -9999 4.223395 4.216797 4.210257 4.203761 4.1973 4.190871 4.184476 4.178128 4.171843 4.165646 4.159568 4.153646 4.147918 4.142424 4.137204 4.132289 4.127707 4.123473 4.119584 4.116023 4.112755 4.109722 4.106848 4.104036 4.101176 4.098141 4.094797 4.091011 4.086654 4.081613 4.0758 4.069166 4.061708 4.053538 4.044722 4.035304 4.02544 4.015403 4.005541 3.996263 3.988013 3.981263 3.976496 3.974195 3.974826 3.978827 3.986588 3.998433 4.014595 4.035182 4.060139 4.089202 4.121884 4.157517 4.195305 4.234388 4.273888 4.312966 4.350905 4.387279 4.422071 4.455488 4.487815 4.519351 4.550385
-9999 -9999 -9999 -9999 4.235588 4.229249 4.222988 4.21679 4.210647 4.204554 4.198514 4.192536 4.186637 4.180841 4.175177 4.169677 4.16438 4.159323 4.154542 4.150067 4.145922 4.142118 4.138653 4.135509 4.132648 4.130013 4.127528 4.125098 4.122612 4.119946 4.11697 4.11355 4.10956 4.10489 4.099455 4.093207 4.086148 4.078401 4.070047 4.061138 4.051832 4.042392 4.033165 4.024551 4.016996 4.010967 4.006941 4.005394 4.006782 4.011528 4.020004 4.032509 4.049241 4.070272 4.095511 4.124675 4.157287 4.192701 4.230146 4.26878 4.307741 4.34621 4.383504 4.419216 4.453289 4.48589 4.517291 4.547782 4.57764
-9999 -9999 -9999 -9999 -9999 4.241721 4.235739 4.22984 4.224013 4.218256 4.212568 4.206959 4.201443 4.196042 4.190783 4.185697 4.180819 4.176184 4.171825 4.167769 4.164039 4.160642 4.157575 4.154819 4.152337 4.150072 4.147949 4.145875 4.143741 4.141425 4.1388 4.135734 4.132107 4.12781 4.122762 4.116921 4.110291 4.103011 4.095177 4.086849 4.078183 4.069432 4.060929 4.053068 4.04628 4.041024 4.037767 4.036969 4.039072 4.044477 4.05353 4.066499 4.08355 4.104717 4.129881 4.15875 4.190857 4.225585 4.262199 4.299899 4.337868 4.375346 4.411714 4.446596 4.479896 4.511725 4.542307 4.571913 4.600803
-9999 -9999 -9999 -9999 -9999 4.254178 4.248477 4.242877 4.237368 4.231944 4.226607 4.221363 4.216225 4.211213 4.206351 4.201669 4.197198 4.19297 4.189016 4.18536 4.182021 4.179006 4.176311 4.173916 4.171785 4.169862 4.168074 4.166329 4.164523 4.162537 4.160246 4.157525 4.154254 4.150332 4.145683 4.140268 4.134099 4.127327 4.120064 4.112372 4.104405 4.096405 4.088688 4.081632 4.075652 4.07119 4.068697 4.068614 4.07136 4.07731 4.086782 4.10001 4.117126 4.138136 4.162901 4.191123 4.222355 4.256013 4.29141 4.327804 4.364448 4.400659 4.435889 4.469795 4.502255 4.53333 4.563197 4.592076 4.6202
-9999 -9999 -9999 -9999 -9999 4.266576 4.261157 4.255857 4.250665 4.245574 4.240586 4.235703 4.230939 4.226309 4.221837 4.217548 4.213471 4.209636 4.206069 4.202792 4.199822 4.197166 4.194818 4.192759 4.190951 4.189343 4.187863 4.186425 4.184926 4.183251 4.181281 4.178894 4.175978 4.172436 4.168197 4.163229 4.157551 4.151325 4.144674 4.137661 4.130435 4.123223 4.116325 4.110097 4.104937 4.101264 4.099504 4.100078 4.103375 4.109744 4.11947 4.132758 4.149709 4.170304 4.194393 4.221684 4.251749 4.284046 4.317947 4.352779 4.387876 4.422634 4.456577 4.489396 4.520959 4.551291 4.580515 4.608809 4.636364
-9999 -9999 -9999 -9999 -9999 -9999 4.27373 4.26873 4.263853 4.259094 4.25445 4.249925 4.245528 4.241273 4.237182 4.233275 4.22958 4.226122 4.222925 4.22001 4.21739 4.215071 4.213046 4.211298 4.209791 4.208475 4.207282 4.206129 4.204918 4.20354 4.201881 4.199824 4.197264 4.194108 4.190295 4.185798 4.180639 4.174992 4.168985 4.162681 4.15622 4.149815 4.143747 4.138351 4.133999 4.131085 4.130012 4.131169 4.134919 4.14158 4.151407 4.164577 4.181163 4.201134 4.224332 4.250476 4.279169 4.309914 4.342144 4.37526 4.408679 4.441879 4.474446 4.506108 4.536737 4.566333 4.59498 4.622806 4.649956
-9999 -9999 -9999 -9999 -9999 -9999 -9999 4.281435 4.276872 4.27244 4.268137 4.263962 4.259926 4.256038 4.252317 4.248782 4.245456 4.242362 4.23952 4.236949 4.234661 4.23266 4.23094 4.229483 4.228257 4.227213 4.226289 4.225407 4.224472 4.223382 4.222029 4.220303 4.218103 4.215346 4.211976 4.207971 4.203359 4.198317 4.19298 4.187405 4.181722 4.176129 4.170888 4.166308 4.162737 4.160542 4.160096 4.161759 4.165866 4.172703 4.182498 4.195401 4.21147 4.23066 4.252816 4.277675 4.304873 4.333961 4.364436 4.395774 4.427467 4.45907 4.490229 4.52071 4.550396 4.579275 4.607399 4.634856 4.661737
