ASPA-UH-SWB2_REPO/input/ET_Process/aug_et_clipped.asc
ncols         350
nrows         200
xllcorner     515000
yllcorner     8409000
cellsize      100
NODATA_value  -9999
[rows 93 to 123 of 200, columns 0 to 68 of 350]
-9999 -9999 -9999 -9999 -9999 -9999 -9999 -9999 -9999 -9999 -9999 -9999 -9999 -9999 -9999 -9999 -9999 -9999 -9999 -9999 -9999 -9999 -9999 -9999 -9999 -9999 -9999 -9999 -9999 -9999 -9999 -9999 -9999 -9999 -9999 -9999 -9999 -9999 -9999 -9999 -9999 -9999 4.434979 4.425879 4.416741 -9999 -9999 -9999 4.379694 4.370288 4.360823 4.351301 4.341731 4.332118 4.322474 4.312811 4.303144 4.293489 4.283863 4.274283 4.264767 4.255331 4.24599 4.236756 4.227638 4.218638 4.209755 4.200979 4.19229
-9999 -9999 -9999 -9999 -9999 -9999 -9999 -9999 -9999 -9999 -9999 -9999 -9999 -9999 -9999 -9999 -9999 -9999 -9999 -9999 -9999 -9999 -9999 -9999 -9999 -9999 -9999 -9999 -9999 -9999 -9999 -9999 -9999 -9999 -9999 -9999 -9999 -9999 -9999 -9999 -9999 -9999 4.428704 4.419615 4.410477 4.40128 -9999 -9999 4.373269 4.363775 4.354201 4.344549 4.334825 4.325035 4.315192 4.305306 4.295396 4.285476 4.275567 4.265687 4.255857 4.246098 4.236427 4.226861 4.217412 4.208089 4.198896 4.189827 4.180869
-9999 -9999 -9999 -9999 -9999 -9999 -9999 -9999 -9999 -9999 -9999 -9999 -9999 -9999 -9999 -9999 -9999 -9999 -9999 -9999 -9999 -9999 -9999 -9999 -9999 -9999 -9999 -9999 -9999 -9999 -9999 -9999 -9999 -9999 -9999 -9999 -9999 -9999 -9999 -9999 4.440545 4.43155 4.422518 4.413436 4.404295 4.395083 4.38579 4.376409 4.366932 4.357357 4.347681 4.337906 4.328037 4.318081 4.308048 4.297952 4.287808 4.277635 4.267454 4.257285 4.247153 4.237079 4.227086 4.217195 4.207422 4.197781 4.188281 4.178921 4.169694
-9999 -9999 -9999 -9999 -9999 -9999 -9999 -9999 -9999 -9999 -9999 -9999 -9999 -9999 -9999 -9999 -9999 -9999 -9999 -9999 -9999 -9999 -9999 -9999 -9999 -9999 -9999 -9999 -9999 -9999 -9999 -9999 -9999 -9999 -9999 -9999 -9999 -9999 -9999 4.443349 4.434406 4.425429 4.416409 4.407331 4.398184 4.388955 4.379634 4.37021 4.360675 4.351024 4.341254 4.331366 4.321362 4.311251 4.301042 4.290748 4.280385 4.269974 4.259535 4.249092 4.23867 4.228296 4.217993 4.207787 4.1977 4.187748 4.177946 4.1683 4.158808
-9999 -9999 -9999 -9999 -9999 -9999 -9999 -9999 -9999 -9999 -9999 -9999 -9999 -9999 -9999 -9999 -9999 -9999 -9999 -9999 -9999 -9999 -9999 -9999 -9999 -9999 -9999 -9999 -9999 -9999 -9999 -9999 -9999 -9999 -9999 -9999 -9999 -9999 4.446185 4.437282 4.428352 4.419385 4.410369 4.40129 4.392136 4.38289 4.373542 4.364079 4.35449 4.344771 4.334916 4.324925 4.3148 4.304548 4.294177 4.283701 4.273136 4.262504 4.251824 4.241125 4.230431 4.219772 4.209175 4.198669 4.188279 4.178027 4.167932 4.158006 4.148253
-9999 -9999 -9999 -9999 -9999 -9999 -9999 -9999 -9999 -9999 -9999 -9999 -9999 -9999 -9999 -9999 -9999 -9999 -9999 -9999 -9999 -9999 -9999 -9999 -9999 -9999 -9999 -9999 -9999 -9999 -9999 -9999 -9999 -9999 -9999 -9999 -9999 4.449085 4.440207 4.431309 4.422383 4.413417 4.404399 4.395315 4.386149 4.376887 4.367512 4.358013 4.348378 4.338598 4.328669 4.318587 4.308354 4.297975 4.287459 4.27682 4.266072 4.255238 4.244339 4.233402 4.222457 4.211533 4.200661 4.189871 4.179194 4.168656 4.15828 4.148083 4.138075
-9999 -9999 -9999 -9999 -9999 -9999 -9999 -9999 -9999 -9999 -9999 -9999 -9999 -9999 -9999 -9999 -9999 -9999 -9999 -9999 -9999 -9999 -9999 -9999 -9999 -9999 -9999 -9999 -9999 -9999 -9999 -9999 -9999 -9999 -9999 -9999 4.452096 4.443227 4.434342 4.425437 4.416504 4.407531 4.398504 4.389409 4.380229 4.370949 4.36155 4.35202 4.342344 4.332512 4.322518 4.312358 4.302032 4.291543 4.280901 4.270117 4.259208 4.248193 4.237097 4.225946 4.214772 4.203605 4.192479 4.181427 4.170482 4.159674 4.14903 4.138574 4.128319
-9999 -9999 -9999 -9999 -9999 -9999 -9999 -9999 -9999 -9999 -9999 -9999 -9999 -9999 -9999 -9999 -9999 -9999 -9999 -9999 -9999 -9999 -9999 -9999 -9999 -9999 -9999 -9999 -9999 -9999 -9999 -9999 -9999 -9999 4.464151 4.455276 4.446399 4.437508 4.428602 4.419678 4.410726 4.401737 4.392694 4.383584 4.374388 4.365088 4.355667 4.346109 4.336399 4.326524 4.316477 4.306252 4.295848 4.285268 4.274518 4.26361 4.25256 4.241388 4.230119 4.21878 4.207401 4.196016 4.18466 4.173368 4.162177 4.151118 4.140224 4.129521 4.11903
-9999 -9999 -9999 -9999 -9999 -9999 -9999 -9999 -9999 -9999 -9999 -9999 -9999 -9999 -9999 -9999 -9999 -9999 -9999 -9999 -9999 -9999 -9999 -9999 -9999 -9999 -9999 -9999 -9999 -9999 -9999 -9999 -9999 4.467568 4.458636 4.449725 4.440814 4.431892 4.422958 4.414008 4.405034 4.396024 4.386965 4.377838 4.368627 4.359313 4.349875 4.340297 4.330562 4.320657 4.310571 4.300298 4.289834 4.279182 4.268345 4.257336 4.246169 4.234865 4.223447 4.211944 4.200386 4.188808 4.177247 4.165738 4.15432 4.143029 4.1319 4.120963 4.110245
-9999 -9999 -9999 -9999 -9999 -9999 -9999 -9999 -9999 -9999 -9999 -9999 -9999 -9999 -9999 -9999 -9999 -9999 -9999 -9999 -9999 -9999 -9999 -9999 -9999 -9999 -9999 -9999 -9999 -9999 -9999 -9999 -9999 4.462185 4.453208 4.444256 4.435309 4.426353 4.417387 4.408411 4.399415 4.390387 4.381312 4.372174 4.362955 4.353632 4.344188 4.334602 4.324856 4.314936 4.30483 4.294527 4.284025 4.273322 4.262422 4.251336 4.240078 4.228667 4.217128 4.205488 4.193779 4.182035 4.170293 4.158592 4.146971 4.135467 4.124119 4.112962 4.102024
-9999 -9999 -9999 -9999 -9999 -9999 -9999 -9999 -9999 -9999 -9999 -9999 -9999 -9999 -9999 -9999 -9999 -9999 -9999 -9999 -9999 -9999 -9999 -9999 -9999 -9999 -9999 -9999 -9999 -9999 -9999 -9999 4.46598 4.456916 4.447889 4.438892 4.429904 4.420911 4.411913 4.402909 4.393889 4.384844 4.375757 4.366611 4.357388 4.348065 4.338622 4.329039 4.319295 4.309376 4.299265 4.288953 4.278432 4.267702 4.256764 4.245627 4.234305 4.222816 4.211185 4.199439 4.187608 4.175729 4.163837 4.151971 4.140173 4.128481 4.116936 4.105575 4.09443
-9999 -9999 -9999 -9999 -9999 -9999 -9999 -9999 -9999 -9999 -9999 -9999 -9999 -9999 -9999 -9999 -9999 -9999 -9999 -9999 -9999 -9999 -9999 -9999 -9999 -9999 -9999 -9999 -9999 -9999 4.47929 4.470071 4.460903 4.451782 4.442702 4.433657 4.424624 4.41559 4.406557 4.397523 4.38848 4.379417 4.370319 4.361168 4.351944 4.342627 4.333193 4.323622 4.313893 4.303987 4.293889 4.283585 4.273067 4.262331 4.251379 4.240218 4.228859 4.217323 4.205631 4.19381 4.181891 4.169909 4.157899 4.145901 4.133955 4.122103 4.110385 4.098842 4.087509
-9999 -9999 -9999 -9999 -9999 -9999 -9999 -9999 -9999 -9999 -9999 -9999 -9999 -9999 -9999 -9999 -9999 -9999 -9999 -9999 -9999 -9999 -9999 -9999 -9999 -9999 -9999 -9999 -9999 4.483844 4.474504 4.465219 4.455988 4.446807 4.43767 4.428572 4.419491 4.410413 4.401342 4.392276 4.383208 4.374127 4.365019 4.355864 4.346644 4.337336 4.327918 4.318367 4.308661 4.298781 4.288709 4.27843 4.267935 4.257215 4.246273 4.235113 4.223746 4.212192 4.200471 4.188609 4.176635 4.164583 4.152489 4.140391 4.128331 4.116348 4.104485 4.092783 4.081281
-9999 -9999 -9999 -9999 -9999 -9999 -9999 -9999 -9999 -9999 -9999 -9999 -9999 -9999 -9999 -9999 -9999 -9999 -9999 -9999 -9999 -9999 -9999 -9999 -9999 -9999 -9999 -9999 4.488787 4.479317 4.469906 4.460554 4.451257 4.442013 4.432816 4.423662 4.414529 4.405405 4.396293 4.387192 4.378097 4.368997 4.359877 4.35072 4.341505 4.332209 4.322811 4.313286 4.303612 4.293767 4.283734 4.273495 4.263038 4.252356 4.241445 4.230311 4.218964 4.207421 4.195702 4.183831 4.171836 4.15975 4.147606 4.135442 4.123299 4.111216 4.099236 4.087402 4.075752
-9999 -9999 -9999 -9999 -9999 -9999 -9999 -9999 -9999 -9999 -9999 -9999 -9999 -9999 -9999 -9999 -9999 -9999 -9999 -9999 -9999 -9999 -9999 -9999 -9999 -9999 -9999 4.494146 4.484542 4.475001 4.465519 4.456098 4.446733 4.437423 4.428164 4.41895 4.409761 4.400587 4.391431 4.382294 4.37317 4.364049 4.354917 4.345756 4.336546 4.327265 4.317889 4.308394 4.298757 4.288956 4.278971 4.268784 4.258381 4.247752 4.236894 4.22581 4.214509 4.203006 4.191319 4.179471 4.167488 4.155399 4.143239 4.131042 4.118848 4.106696 4.094628 4.082685 4.07091
-9999 -9999 -9999 -9999 -9999 -9999 -9999 -9999 -9999 -9999 -9999 -9999 -9999 -9999 -9999 -9999 -9999 -9999 -9999 -9999 -9999 -9999 -9999 -9999 -9999 -9999 4.499941 4.490205 4.48053 4.470916 4.461363 4.451871 4.442437 4.43306 4.423736 4.41446 4.405213 4.395986 4.386784 4.377607 4.368452 4.359307 4.350161 4.340995 4.33179 4.322523 4.31317 4.303708 4.294112 4.284359 4.274429 4.264304 4.253967 4.243408 4.232621 4.221608 4.210376 4.198939 4.187313 4.175517 4.163576 4.151517 4.139372 4.127174 4.114959 4.102767 4.090637 4.07861 4.066728
-9999 -9999 -9999 -9999 -9999 -9999 -9999 -9999 -9999 -9999 -9999 -9999 -9999 -9999 -9999 -9999 -9999 -9999 -9999 -9999 -9999 -9999 -9999 -9999 -9999 4.506189 4.496322 4.486514 4.476768 4.467083 4.457459 4.447896 4.438392 4.428946 4.419555 4.410215 4.400908 4.391626 4.382375 4.373156 4.363966 4.354796 4.345633 4.33646 4.327258 4.318004 4.308674 4.299245 4.289691 4.279991 4.270122 4.260065 4.249804 4.239326 4.228626 4.217703 4.206563 4.195215 4.183674 4.171957 4.160086 4.148086 4.135984 4.123813 4.111606 4.099399 4.087232 4.075144 4.063175
-9999 -9999 -9999 -9999 -9999 -9999 -9999 -9999 -9999 -9999 -9999 -9999 -9999 -9999 -9999 -9999 -9999 -9999 -9999 -9999 -9999 -9999 -9999 -9999 4.512896 4.502903 4.492968 4.483091 4.473275 4.46352 4.453825 4.444192 4.434618 4.425104 4.415645 4.40624 4.396872 4.387532 4.378229 4.368966 4.359739 4.35054 4.341358 4.332176 4.322974 4.313731 4.304423 4.295026 4.285516 4.275869 4.266063 4.25608 4.245902 4.235517 4.224916 4.214098 4.203066 4.191828 4.180393 4.168778 4.157001 4.145083 4.133051 4.120932 4.108757 4.096561 4.084378 4.072248 4.060208
-9999 -9999 -9999 -9999 -9999 -9999 -9999 -9999 -9999 -9999 -9999 -9999 -9999 -9999 -9999 -9999 -9999 -9999 -9999 -9999 -9999 -9999 -9999 -9999 4.509953 4.499897 4.489896 4.479953 4.47007 4.460246 4.450483 4.44078 4.431137 4.421554 4.412028 4.402557 4.393126 4.383728 4.374372 4.365062 4.355796 4.346566 4.337362 4.328167 4.318963 4.309728 4.300439 4.291073 4.281604 4.272011 4.262271 4.252365 4.242276 4.231989 4.221498 4.210797 4.199887 4.188773 4.177463 4.165968 4.154305 4.142491 4.13055 4.118505 4.106383 4.094217 4.082038 4.069883 4.057788
-9999 -9999 -9999 -9999 -9999 -9999 -9999 -9999 -9999 -9999 -9999 -9999 -9999 -9999 -9999 -9999 -9999 -9999 -9999 -9999 -9999 -9999 -9999 -9999 4.507302 4.497185 4.487123 4.477117 4.467168 4.457279 4.447449 4.437679 4.427969 4.418318 4.408726 4.399189 4.389695 4.380239 4.370829 4.361471 4.352163 4.342899 4.33367 4.32446 4.315249 4.306019 4.296747 4.287408 4.27798 4.268439 4.258765 4.248938 4.23894 4.228757 4.218381 4.207805 4.197026 4.186048 4.174875 4.163516 4.151982 4.140289 4.128456 4.116502 4.104452 4.092333 4.080175 4.06801 4.055873
-9999 -9999 -9999 -9999 -9999 -9999 -9999 -9999 -9999 -9999 -9999 -9999 -9999 -9999 -9999 -9999 -9999 -9999 -9999 -9999 -9999 -9999 -9999 -9999 4.504957 4.494782 4.484662 4.474596 4.464586 4.454634 4.444741 4.434906 4.425131 4.415416 4.405759 4.396159 4.386602 4.377087 4.367623 4.358215 4.348865 4.339565 4.330308 4.321078 4.311859 4.30263 4.29337 4.284055 4.274664 4.265174 4.255564 4.245815 4.235909 4.225832 4.215575 4.205127 4.194487 4.183652 4.172625 4.161411 4.150019 4.13846 4.126747 4.114899 4.102935 4.090878 4.078753 4.066592 4.054425
-9999 -9999 -9999 -9999 -9999 -9999 -9999 -9999 -9999 -9999 -9999 -9999 -9999 -9999 -9999 -9999 -9999 -9999 -9999 -9999 -9999 -9999 4.523534 4.513207 4.502929 4.492702 4.482527 4.472405 4.462338 4.452328 4.442375 4.43248 4.422644 4.412866 4.403147 4.393486 4.383869 4.374296 4.364778 4.355321 4.345925 4.336588 4.327301 4.318049 4.308817 4.299585 4.290333 4.281038 4.27168 4.262237 4.252687 4.243014 4.233199 4.223228 4.213089 4.202772 4.192272 4.181584 4.170709 4.159647 4.148404 4.136987 4.125405 4.113673 4.101805 4.089821 4.077744 4.065597 4.053411
-9999 -9999 -9999 -9999 -9999 -9999 -9999 -9999 -9999 -9999 -9999 -9999 -9999 -9999 -9999 4.595716 4.585061 -9999 4.563857 4.553312 4.542809 4.532347 4.521929 4.511557 4.501232 4.490956 4.480731 4.470558 4.460439 4.450374 4.440366 4.430415 4.420521 4.410686 4.400908 4.391189 4.381515 4.371887 4.362316 4.352809 4.343369 4.333993 4.324673 4.315396 4.306147 4.296907 4.287659 4.278379 4.269049 4.259647 4.250155 4.240554 4.230826 4.220958 4.210935 4.200747 4.190387 4.179847 4.169125 4.158218 4.147128 4.135858 4.124414 4.112805 4.101042 4.089141 4.077118 4.064997 4.052802
-9999 -9999 -9999 -9999 -9999 -9999 -9999 -9999 -9999 -9999 -9999 -9999 -9999 -9999 4.605418 4.594697 4.584008 4.573354 4.562736 4.552155 4.541614 4.531113 4.520656 4.510242 4.499876 4.489556 4.479286 4.469067 4.458899 4.448786 4.438727 4.428724 4.418778 4.40889 4.399059 4.389285 4.379559 4.369879 4.360257 4.350702 4.341218 4.331801 4.322446 4.313141 4.303872 4.294621 4.285369 4.2761 4.266792 4.257427 4.247985 4.238451 4.228806 4.219035 4.209124 4.199062 4.188838 4.178444 4.167873 4.157122 4.146185 4.135065 4.123762 4.112281 4.100629 4.088817 4.076858 4.064771 4.052577
-9999 -9999 -9999 -9999 -9999 -9999 -9999 -9999 -9999 -9999 -9999 -9999 -9999 4.615522 4.604742 4.593991 4.583273 4.572589 4.561939 4.551327 4.540752 4.530218 4.519725 4.509275 4.49887 4.488512 4.478202 4.467941 4.457731 4.447574 4.43747 4.427422 4.417428 4.407492 4.397613 4.387791 4.378016 4.368288 4.358619 4.349019 4.33949 4.330033 4.320642 4.311306 4.302012 4.292744 4.283485 4.27422 4.264928 4.255593 4.246196 4.236722 4.227152 4.217473 4.207668 4.197725 4.187633 4.177381 4.166958 4.156358 4.145575 4.134603 4.123442 4.112091 4.100554 4.088836 4.076948 4.064904 4.052723
-9999 -9999 -9999 -9999 -9999 -9999 -9999 -9999 -9999 -9999 -9999 -9999 4.626024 4.615191 4.604385 4.59361 4.582866 4.572155 4.561479 4.550838 4.540234 4.52967 4.519145 4.508664 4.498226 4.487833 4.477488 4.467191 4.456944 4.446748 4.436605 4.426517 4.416482 4.406504 4.396582 4.386717 4.376899 4.367128 4.357417 4.347774 4.338203 4.328706 4.319278 4.309908 4.300585 4.291296 4.282025 4.272757 4.263475 4.254164 4.244805 4.235383 4.225882 4.216285 4.206579 4.196749 4.186781 4.176662 4.166382 4.15593 4.145295 4.13447 4.12345 4.11223 4.10081 4.089191 4.07738 4.065388 4.053231
-9999 -9999 -9999 -9999 -9999 -9999 -9999 -9999 -9999 -9999 -9999 4.636922 4.62604 4.615186 4.604359 4.593562 4.582796 4.572062 4.561361 4.550696 4.540067 4.529477 4.518926 4.508417 4.497951 4.487529 4.477154 4.466825 4.456547 4.446318 4.436141 4.426018 4.415949 4.405935 4.395976 4.386074 4.376218 4.366411 4.356662 4.34698 4.33737 4.327833 4.318366 4.30896 4.299606 4.290292 4.281004 4.271729 4.262451 4.253155 4.243827 4.234449 4.225008 4.215487 4.20587 4.196144 4.186291 4.1763 4.166155 4.155843 4.145351 4.13467 4.123788 4.112699 4.101397 4.089881 4.078154 4.066222 4.054099
-9999 -9999 -9999 -9999 -9999 -9999 -9999 -9999 -9999 -9999 4.648212 4.637288 4.626388 4.615515 4.604671 4.593854 4.583069 4.572316 4.561595 4.55091 4.54026 4.529648 4.519075 4.508543 4.498053 4.487607 4.477206 4.466852 4.456547 4.446291 4.436086 4.425934 4.415835 4.405791 4.395802 4.385868 4.375981 4.366142 4.35636 4.346643 4.336997 4.327423 4.317917 4.308475 4.299087 4.289745 4.280436 4.271148 4.261868 4.252583 4.243277 4.233936 4.224546 4.215091 4.205554 4.195922 4.186176 4.176302 4.166284 4.156105 4.145751 4.135207 4.124461 4.113501 4.102319 4.09091 4.079272 4.06741 4.055334
-9999 -9999 -9999 -9999 -9999 -9999 -9999 -9999 -9999 -9999 4.648929 4.63799 4.627075 4.616188 4.605327 4.594496 4.583695 4.572925 4.562189 4.551486 4.54082 4.53019 4.519599 4.509048 4.498539 4.488073 4.477653 4.467278 4.456951 4.446672 4.436445 4.42627 4.416147 4.406078 4.396064 4.386104 4.376191 4.366325 4.356516 4.346769 4.33709 4.327479 4.317937 4.308458 4.299037 4.289664 4.280332 4.271027 4.261741 4.252459 4.243169 4.233858 4.22451 4.215111 4.205645 4.196096 4.186448 4.176681 4.16678 4.156726 4.146502 4.136091 4.125477 4.114645 4.103584 4.092286 4.080745 4.068964 4.056949
-9999 -9999 -9999 -9999 -9999 -9999 -9999 -9999 -9999 -9999 4.649986 4.639035 4.628109 4.617208 4.606336 4.595493 4.584679 4.573897 4.563148 4.552433 4.541752 4.531109 4.520504 4.50994 4.499416 4.488935 4.478498 4.468108 4.457764 4.447469 4.437224 4.427031 4.41689 4.406801 4.396767 4.386786 4.376852 4.366965 4.357131 4.347359 4.33765 4.328008 4.318431 4.308918 4.299463 4.29006 4.280701 4.271377 4.262079 4.252796 4.243515 4.234225 4.224912 4.21556 4.206156 4.196681 4.187119 4.17745 4.167657 4.15772 4.147618 4.137334 4.126848 4.116143 4.105205 4.094022 4.082586 4.070897 4.058958
-9999 -9999 -9999 -9999 -9999 -9999 -9999 -9999 -9999 -9999 4.651389 4.640428 4.629493 4.618584 4.607703 4.596851 4.586029 4.575237 4.564479 4.553754 4.543065 4.532412 4.521798 4.511222 4.500689 4.490197 4.479749 4.469347 4.458992 4.448685 4.438428 4.428221 4.418066 4.407963 4.397913 4.387917 4.377966 4.368062 4.35821 4.348415 4.338681 4.32901 4.319403 4.309858 4.300371 4.290937 4.281552 4.272207 4.262894 4.253605 4.244328 4.235053 4.225766 4.216453 4.207099 4.197689 4.188202 4.178622 4.168928 4.159098 4.149113 4.13895 4.128589 4.11801 4.107196 4.096134 4.084812 4.073226 4.06138
