ASPA-UH-SWB2_REPO/input/ET_Process/aug_et_clipped.asc
ncols         350
nrows         200
xllcorner     515000
yllcorner     8409000
cellsize      100
NODATA_value  -9999
[rows 62 to 92 of 200, columns 138 to 206 of 350]
-9999 -9999 -9999 -9999 -9999 -9999 -9999 -9999 -9999 -9999 -9999 -9999 3.856608 3.841039 3.825121 3.808825 3.792138 3.775054 3.757587 3.739764 3.721633 3.703263 3.684751 3.66621 3.647763 3.629534 3.611651 3.594239 3.577418 3.561304 3.546006 3.531625 3.518255 3.50598 3.494873 3.484996 3.47639 3.469077 3.463041 3.458281 3.454774 3.452456 3.451226 3.450968 3.451556 3.452863 3.454772 3.457177 3.459984 3.463115 3.466499 3.470077 3.473792 3.477601 3.481468 3.485368 3.48928 3.493186 3.497075 3.500937 3.504762 3.508542 3.512268 3.515931 3.519521 3.523029 3.526447 3.529767 3.532983
-9999 -9999 -9999 -9999 -9999 -9999 -9999 -9999 -9999 -9999 -9999 3.851576 3.836093 3.820309 3.804187 3.787698 3.770823 3.753561 3.735922 3.717937 3.699656 3.681154 3.662531 3.643902 3.625396 3.607142 3.589274 3.571919 3.555204 3.539247 3.52416 3.510049 3.497009 3.485126 3.474477 3.465122 3.457105 3.450446 3.445131 3.441153 3.43848 3.437031 3.436692 3.437333 3.438817 3.441009 3.443783 3.447028 3.450646 3.454556 3.458689 3.462984 3.467392 3.47187 3.476386 3.480915 3.485439 3.48994 3.494407 3.498829 3.503195 3.507494 3.511716 3.515849 3.519881 3.523801 3.527597 3.531261 3.534785
-9999 -9999 -9999 -9999 -9999 -9999 -9999 -9999 -9999 -9999 -9999 3.83131 3.81559 3.799587 3.78326 3.76658 3.749526 3.732095 3.714301 3.696177 3.677779 3.659185 3.640497 3.621836 3.603333 3.585122 3.56734 3.550121 3.533592 3.517875 3.503086 3.48933 3.476705 3.465297 3.45518 3.446416 3.439047 3.433091 3.428535 3.425368 3.423548 3.422976 3.423529 3.425064 3.427433 3.430495 3.434116 3.438179 3.442585 3.44725 3.452104 3.457091 3.462163 3.467284 3.472423 3.477559 3.482672 3.487749 3.492776 3.497741 3.502632 3.507436 3.51214 3.516729 3.52119 3.525508 3.529671 3.533666 3.537486
-9999 -9999 -9999 -9999 -9999 -9999 -9999 -9999 -9999 -9999 3.826853 3.811109 3.795151 3.77893 3.762404 3.74554 3.728318 3.710736 3.69281 3.674576 3.656094 3.637449 3.618747 3.600109 3.581671 3.563572 3.54595 3.528944 3.512684 3.497294 3.482889 3.469576 3.457452 3.4466 3.437095 3.428992 3.422331 3.417126 3.413363 3.411029 3.410067 3.410371 3.411804 3.414215 3.417449 3.421354 3.425794 3.430646 3.435808 3.441195 3.446738 3.452385 3.458092 3.463826 3.469561 3.475276 3.480955 3.486584 3.492149 3.497637 3.503033 3.508323 3.513492 3.518521 3.523395 3.528096 3.532609 3.536921 3.541022
-9999 -9999 -9999 -9999 -9999 -9999 -9999 -9999 3.838671 3.822894 3.807026 3.791022 3.774829 3.758397 3.741681 3.724648 3.707276 3.689565 3.671533 3.653221 3.634696 3.616044 3.597375 3.578817 3.560506 3.542585 3.525197 3.508482 3.492572 3.477593 3.463658 3.450874 3.439334 3.429121 3.420302 3.412931 3.407038 3.402632 3.399691 3.398199 3.398092 3.399257 3.401549 3.40481 3.408877 3.413593 3.418816 3.42442 3.4303 3.436371 3.442568 3.44884 3.455148 3.461463 3.467763 3.474029 3.480247 3.486402 3.492481 3.498468 3.504348 3.510103 3.515714 3.521163 3.526429 3.531494 3.53634 3.540952 3.545318
-9999 -9999 -9999 -9999 -9999 -9999 -9999 3.83567 3.819594 3.8035 3.787349 3.771091 3.754674 3.738044 3.721154 3.703969 3.68647 3.668656 3.650551 3.632199 3.61367 3.595057 3.576473 3.558049 3.539925 3.522249 3.505166 3.488817 3.473337 3.458848 3.445466 3.433291 3.422415 3.412914 3.404852 3.398274 3.393202 3.389633 3.387537 3.386892 3.387631 3.389637 3.392761 3.396839 3.401704 3.407192 3.413157 3.419471 3.426027 3.432742 3.439552 3.446411 3.453285 3.460148 3.466981 3.473769 3.480497 3.487151 3.493716 3.500177 3.506515 3.51271 3.518741 3.524585 3.530222 3.535629 3.540786 3.545678 3.550291
-9999 -9999 -9999 -9999 -9999 -9999 3.833534 3.817081 3.800665 3.784263 3.767839 3.751342 3.734715 3.717904 3.70086 3.683548 3.66595 3.648067 3.629925 3.611573 3.593085 3.574559 3.556113 3.537879 3.520004 3.502638 3.485928 3.470019 3.455043 3.441123 3.428369 3.416879 3.406737 3.398016 3.39077 3.385036 3.380825 3.378121 3.376884 3.377086 3.378659 3.381483 3.385409 3.390268 3.395889 3.402107 3.408771 3.41575 3.422938 3.430253 3.437637 3.445047 3.452452 3.459833 3.467172 3.474455 3.481669 3.488799 3.49583 3.502742 3.509517 3.516131 3.52256 3.52878 3.534764 3.540491 3.545938 3.551087 3.555925
-9999 -9999 -9999 -9999 -9999 3.832325 3.81545 3.798637 3.781893 3.765202 3.748522 3.731804 3.714988 3.698018 3.680846 3.663435 3.645771 3.627855 3.609717 3.59141 3.573012 3.554625 3.536369 3.518384 3.500818 3.483825 3.467556 3.452155 3.437754 3.424473 3.412417 3.401676 3.392331 3.384444 3.378061 3.373207 3.369884 3.368059 3.367685 3.36873 3.371121 3.374737 3.379429 3.385029 3.391363 3.398264 3.405579 3.413176 3.42095 3.428823 3.436742 3.444667 3.452574 3.460446 3.468266 3.476024 3.483704 3.491292 3.498771 3.50612 3.513315 3.520331 3.527141 3.533717 3.540032 3.546059 3.551776 3.557163 3.562207
-9999 -9999 -9999 -9999 3.832041 3.814744 3.797501 3.78035 3.763302 3.746342 3.72943 3.712514 3.695533 3.678431 3.661159 3.643683 3.625988 3.60808 3.58999 3.571776 3.553518 3.535322 3.517313 3.499634 3.482437 3.465878 3.450111 3.435282 3.421521 3.40894 3.39764 3.387703 3.379202 3.37219 3.366703 3.362754 3.360331 3.35939 3.359876 3.361751 3.364938 3.369317 3.374738 3.381034 3.388034 3.395569 3.403486 3.411654 3.419969 3.42836 3.436775 3.445185 3.453567 3.461905 3.470188 3.478402 3.486533 3.494565 3.502478 3.510249 3.517851 3.525255 3.532432 3.53935 3.545979 3.552291 3.558261 3.563868 3.5691
-9999 -9999 -9999 3.832585 3.814932 3.797279 3.779699 3.762239 3.744916 3.727715 3.710597 3.693509 3.67639 3.659185 3.641845 3.624339 3.606652 3.588794 3.570799 3.552726 3.53466 3.51671 3.499004 3.481689 3.464918 3.448851 3.433645 3.419445 3.406378 3.39455 3.384052 3.374962 3.367341 3.361233 3.356662 3.353629 3.35211 3.352049 3.353382 3.356068 3.360025 3.365131 3.37124 3.378187 3.385803 3.393922 3.402393 3.411085 3.419899 3.428768 3.437649 3.446516 3.455349 3.464136 3.472864 3.48152 3.49009 3.498554 3.506891 3.515072 3.52307 3.530852 3.538382 3.545629 3.552558 3.559139 3.565346 3.571159 3.576562
-9999 -9999 3.833771 3.815879 3.797899 3.779932 3.762055 3.744323 3.726758 3.709348 3.692054 3.674823 3.657595 3.640317 3.622943 3.605443 3.587805 3.570041 3.552187 3.534306 3.516484 3.498835 3.481488 3.464593 3.448306 3.432788 3.418196 3.404675 3.392347 3.381313 3.371655 3.363441 3.356725 3.351538 3.347893 3.345778 3.345158 3.345965 3.348128 3.351601 3.356297 3.362096 3.36885 3.376399 3.38458 3.393231 3.402206 3.411378 3.420652 3.429967 3.439287 3.448588 3.457855 3.467073 3.476233 3.48532 3.494318 3.503204 3.511955 3.520538 3.528922 3.537069 3.544943 3.552505 3.559721 3.566558 3.572988 3.57899 3.584551
-9999 3.835372 3.817355 3.799182 3.780929 3.762699 3.744575 3.726614 3.708847 3.691263 3.673824 3.656479 3.639174 3.621855 3.604481 3.587025 3.569477 3.551852 3.534187 3.516548 3.499023 3.481728 3.464796 3.448376 3.432629 3.417713 3.403785 3.390986 3.379435 3.369225 3.360433 3.353117 3.34732 3.343063 3.340346 3.339145 3.339412 3.341072 3.344045 3.348278 3.353682 3.360133 3.36749 3.375595 3.38429 3.393423 3.402853 3.412463 3.422163 3.431898 3.441634 3.45135 3.461033 3.47067 3.480249 3.489756 3.499172 3.508472 3.517627 3.526603 3.535363 3.543866 3.55207 3.559936 3.567425 3.574502 3.58114 3.587317 3.59302
3.837174 3.819116 3.80086 3.782462 3.763994 3.745561 3.727247 3.709112 3.691186 3.673465 3.655915 3.638489 3.621138 3.603812 3.586476 3.569102 3.551687 3.534245 3.516817 3.499469 3.482292 3.465403 3.448937 3.433047 3.41789 3.403625 3.390406 3.378368 3.367625 3.358265 3.35036 3.343957 3.339089 3.335764 3.333971 3.333676 3.334817 3.33731 3.34107 3.346037 3.352117 3.359186 3.367104 3.37572 3.384884 3.394452 3.404294 3.414304 3.424399 3.434527 3.444658 3.454771 3.464854 3.474896 3.484883 3.494799 3.504622 3.514326 3.523876 3.533234 3.542359 3.551205 3.559727 3.567882 3.575628 3.58293 3.589759 3.596094 3.601923
3.820939 3.802678 3.784239 3.765675 3.747055 3.728481 3.710038 3.691785 3.673751 3.655936 3.638314 3.620846 3.603486 3.586191 3.568929 3.55168 3.534439 3.517226 3.500082 3.483073 3.466293 3.449859 3.433909 3.418595 3.404076 3.390507 3.378036 3.366793 3.356887 3.348402 3.3414 3.335922 3.331987 3.329594 3.328721 3.329319 3.33132 3.334629 3.339154 3.34483 3.351555 3.359209 3.367653 3.376743 3.386337 3.396302 3.40652 3.416895 3.427354 3.43785 3.448352 3.458843 3.469309 3.47974 3.490121 3.500433 3.510653 3.520748 3.530681 3.540409 3.549885 3.55906 3.567884 3.576311 3.584296 3.591804 3.598805 3.605279 3.611217
3.804411 3.786002 3.767438 3.748768 3.730057 3.711407 3.692897 3.674584 3.656498 3.638642 3.620996 3.603529 3.586202 3.56898 3.551833 3.534749 3.517726 3.500786 3.483971 3.46735 3.451013 3.435081 3.419693 3.405 3.39116 3.378326 3.366639 3.356224 3.347183 3.339593 3.33351 3.328966 3.32597 3.324509 3.324548 3.32603 3.328876 3.332984 3.338256 3.344617 3.351965 3.360176 3.369116 3.378649 3.388641 3.398972 3.409535 3.420246 3.431041 3.441877 3.452727 3.463573 3.474404 3.485207 3.495965 3.506659 3.517259 3.527731 3.538032 3.548114 3.557924 3.56741 3.576517 3.585195 3.593399 3.60109 3.60824 3.614831 3.620856
3.787535 3.76903 3.750395 3.731678 3.71294 3.694276 3.675762 3.657451 3.639374 3.621534 3.60392 3.586505 3.569259 3.552155 3.535168 3.518291 3.50153 3.484907 3.468468 3.452279 3.436433 3.421047 3.406264 3.392234 3.379114 3.367051 3.356183 3.346626 3.338475 3.331802 3.326653 3.323051 3.320996 3.320465 3.321412 3.323769 3.327448 3.332342 3.338344 3.345374 3.353323 3.36207 3.371484 3.381434 3.3918 3.402472 3.413355 3.424377 3.435482 3.446633 3.457806 3.468985 3.480159 3.491313 3.50243 3.513486 3.524449 3.535279 3.545929 3.556345 3.566469 3.576243 3.585609 3.594514 3.602909 3.610756 3.618029 3.624711 3.630799
3.770252 3.751702 3.73305 3.714342 3.695636 3.677021 3.658567 3.640324 3.622319 3.604561 3.587039 3.569733 3.552624 3.535687 3.518909 3.502286 3.48583 3.469568 3.453548 3.437837 3.422524 3.407729 3.393594 3.380268 3.367906 3.356651 3.346633 3.337963 3.330727 3.324989 3.320789 3.318139 3.31703 3.317429 3.319279 3.322505 3.327008 3.332675 3.339396 3.34708 3.355617 3.364885 3.374755 3.385106 3.395827 3.406819 3.418002 3.429312 3.440704 3.452146 3.463618 3.475106 3.486599 3.498083 3.509536 3.520933 3.532237 3.543403 3.554379 3.565104 3.575517 3.585553 3.595149 3.60425 3.612805 3.620777 3.62814 3.634882 3.641004
3.752509 3.73396 3.715341 3.696695 3.678079 3.659575 3.641246 3.623138 3.605276 3.587665 3.570303 3.553174 3.53626 3.519547 3.503028 3.486707 3.470601 3.454746 3.439188 3.423996 3.409261 3.3951 3.381655 3.369077 3.357513 3.347101 3.337965 3.330207 3.323909 3.319124 3.315885 3.314195 3.314036 3.315365 3.318117 3.322205 3.327527 3.333963 3.341396 3.349727 3.358843 3.368619 3.378932 3.389673 3.400735 3.412033 3.423499 3.435079 3.446737 3.458448 3.470197 3.481971 3.493759 3.505548 3.517313 3.529025 3.540644 3.55212 3.563393 3.5744 3.58507 3.595335 3.605129 3.61439 3.623069 3.631128 3.638545 3.645311 3.651433
3.734255 3.71575 3.697208 3.678675 3.660205 3.641872 3.623733 3.60583 3.588182 3.570796 3.553666 3.536781 3.52013 3.503703 3.487501 3.471534 3.455827 3.440419 3.425366 3.410738 3.396626 3.383147 3.370441 3.358653 3.347926 3.338392 3.330167 3.323347 3.318005 3.31419 3.311923 3.3112 3.311995 3.314254 3.317905 3.322854 3.32899 3.336188 3.344328 3.353303 3.362992 3.373272 3.384026 3.395146 3.406541 3.418133 3.429871 3.441707 3.453614 3.465575 3.477579 3.489615 3.501675 3.513741 3.525791 3.537791 3.549695 3.561449 3.572988 3.584242 3.595135 3.605592 3.615543 3.624924 3.633684 3.641789 3.649216 3.655966 3.66205
3.715448 3.697023 3.678599 3.660223 3.641951 3.623851 3.60597 3.588342 3.570982 3.553895 3.537075 3.520513 3.504197 3.488124 3.472302 3.456749 3.441497 3.42659 3.41209 3.398073 3.384632 3.371884 3.359963 3.349007 3.339154 3.33053 3.323243 3.317383 3.313015 3.310181 3.308894 3.309144 3.310893 3.314083 3.318631 3.324437 3.331384 3.339343 3.348188 3.357805 3.368067 3.378851 3.390041 3.401539 3.413262 3.425146 3.437144 3.449225 3.461368 3.473562 3.485801 3.498078 3.510383 3.522701 3.535006 3.54726 3.559416 3.571414 3.583182 3.594644 3.605719 3.616326 3.626389 3.635844 3.64464 3.652741 3.660133 3.66682 3.672824
3.696051 3.677737 3.659466 3.641289 3.623266 3.605454 3.587894 3.570611 3.553616 3.536911 3.520482 3.504322 3.488423 3.472784 3.457418 3.442349 3.427617 3.413273 3.399385 3.386034 3.373316 3.361348 3.350256 3.340173 3.331229 3.323544 3.317218 3.312335 3.308955 3.30711 3.306808 3.308031 3.310735 3.314852 3.320293 3.326953 3.334708 3.343425 3.352974 3.363233 3.374071 3.38536 3.39699 3.408866 3.420917 3.433089 3.445346 3.457665 3.470034 3.482449 3.494903 3.507398 3.519923 3.532464 3.544991 3.557466 3.569837 3.582038 3.593993 3.60562 3.616831 3.627541 3.637669 3.647147 3.655925 3.663971 3.671275 3.677851 3.68373
3.676039 3.657857 3.639769 3.621829 3.604099 3.586627 3.569448 3.552583 3.536029 3.519784 3.503836 3.48817 3.472778 3.457662 3.442837 3.428335 3.414202 3.400496 3.38729 3.374669 3.362733 3.351595 3.341378 3.332206 3.324204 3.317482 3.312137 3.308246 3.305861 3.30501 3.305693 3.307886 3.311539 3.316576 3.322905 3.330411 3.338968 3.348439 3.358692 3.369595 3.381011 3.39281 3.404883 3.417144 3.429528 3.441992 3.454508 3.467062 3.479649 3.49227 3.504925 3.517618 3.530337 3.543069 3.555785 3.568443 3.580986 3.593347 3.605443 3.617187 3.628484 3.639244 3.649382 3.658829 3.667534 3.675469 3.682632 3.689046 3.694752
3.655395 3.637365 3.619481 3.601805 3.584405 3.567322 3.550584 3.534198 3.518164 3.502469 3.487094 3.472019 3.457234 3.442739 3.428555 3.414716 3.401275 3.388296 3.375855 3.36404 3.352952 3.342701 3.333406 3.325184 3.318153 3.312418 3.308069 3.305178 3.303792 3.303933 3.305597 3.308753 3.313344 3.319292 3.326496 3.334837 3.344187 3.354406 3.365356 3.376904 3.388902 3.401218 3.413743 3.426396 3.439123 3.451886 3.464667 3.477457 3.490258 3.503075 3.515915 3.528781 3.541669 3.55456 3.567427 3.580226 3.592898 3.60537 3.617555 3.629361 3.64069 3.651444 3.661536 3.670892 3.679466 3.687233 3.6942 3.700399 3.705884
3.634118 3.616246 3.598579 3.58119 3.564154 3.547501 3.531254 3.515416 3.499978 3.48492 3.470215 3.455837 3.441767 3.428006 3.414574 3.40151 3.388871 3.376723 3.365143 3.354222 3.344059 3.334759 3.326437 3.319206 3.313176 3.308448 3.305108 3.303221 3.302833 3.30396 3.306593 3.310698 3.316214 3.323055 3.331117 3.340279 3.350408 3.36136 3.373002 3.385189 3.397772 3.410612 3.423599 3.436658 3.449741 3.462816 3.475869 3.488898 3.50191 3.514914 3.527923 3.540941 3.553965 3.566982 3.579962 3.592857 3.605607 3.618136 3.630355 3.642165 3.653464 3.664152 3.674137 3.683344 3.691726 3.699268 3.705984 3.711918 3.717138
3.612212 3.594496 3.577055 3.559968 3.543317 3.527132 3.511427 3.496201 3.481434 3.467103 3.453169 3.4396 3.426367 3.413464 3.400913 3.388753 3.377042 3.365844 3.355238 3.34531 3.336157 3.32788 3.320589 3.314393 3.309395 3.305694 3.303371 3.302491 3.303093 3.305194 3.308781 3.313816 3.320234 3.327947 3.336847 3.346808 3.357695 3.369365 3.381683 3.394502 3.407668 3.421037 3.4345 3.447983 3.461439 3.47484 3.488175 3.501447 3.514666 3.527848 3.541008 3.554154 3.567286 3.580389 3.593436 3.60638 3.619155 3.631683 3.643873 3.655623 3.666829 3.677386 3.6872 3.696196 3.704328 3.711588 3.718002 3.723626 3.728541
3.589694 3.572129 3.554909 3.538132 3.521888 3.506206 3.491091 3.476537 3.46252 3.449005 3.435948 3.423306 3.411039 3.399134 3.387609 3.376501 3.365861 3.355751 3.346244 3.337422 3.329376 3.322204 3.316008 3.310894 3.306962 3.304307 3.303009 3.303131 3.304712 3.307769 3.312287 3.318227 3.325522 3.33408 3.34379 3.354525 3.366147 3.378514 3.39149 3.404929 3.418672 3.432575 3.446527 3.460451 3.474296 3.488035 3.501662 3.515179 3.5286 3.541948 3.555238 3.568485 3.581689 3.59484 3.607908 3.620845 3.633588 3.646054 3.658148 3.669769 3.680812 3.69117 3.700748 3.70947 3.717294 3.724222 3.73029 3.735566 3.740142
3.566591 3.549154 3.532153 3.515692 3.499877 3.484729 3.470253 3.456436 3.443248 3.430645 3.418575 3.406984 3.395825 3.385074 3.374737 3.364843 3.355434 3.346564 3.338295 3.330703 3.323872 3.317893 3.312863 3.308883 3.306052 3.304462 3.304194 3.305312 3.307858 3.311848 3.31727 3.324084 3.332222 3.341592 3.352081 3.363561 3.375892 3.388932 3.402548 3.416595 3.43091 3.445349 3.459797 3.47417 3.488415 3.502502 3.516423 3.530183 3.543798 3.557294 3.570691 3.584006 3.597245 3.610399 3.623437 3.636313 3.64896 3.661297 3.673228 3.684648 3.695453 3.705539 3.714813 3.723202 3.730667 3.737219 3.742905 3.747801 3.752013
3.542932 3.525607 3.508817 3.49268 3.477312 3.462735 3.448952 3.435942 3.423671 3.412085 3.401122 3.39072 3.380821 3.371391 3.362419 3.353916 3.34591 3.338441 3.331561 3.325333 3.319833 3.315143 3.311355 3.308566 3.306871 3.306365 3.307131 3.309235 3.312725 3.317621 3.323914 3.331566 3.34051 3.350655 3.361887 3.374079 3.387089 3.400778 3.415015 3.429656 3.444536 3.459508 3.474451 3.489276 3.503923 3.518358 3.532569 3.546562 3.560357 3.573977 3.587451 3.600799 3.61403 3.627138 3.640093 3.652849 3.665337 3.677475 3.68917 3.700316 3.71081 3.720552 3.729454 3.737451 3.744511 3.750652 3.755926 3.760421 3.764252
3.518763 3.501529 3.484944 3.469141 3.454248 3.440287 3.427259 3.415141 3.403887 3.393438 3.38372 3.37466 3.366189 3.358255 3.350829 3.343901 3.337477 3.331581 3.326247 3.321525 3.317477 3.314178 3.311712 3.310172 3.309652 3.310249 3.312049 3.315127 3.319537 3.325306 3.332431 3.340879 3.350587 3.361465 3.373401 3.386268 3.399927 3.414236 3.429072 3.444291 3.459723 3.475218 3.490649 3.505919 3.520959 3.535732 3.550221 3.564431 3.57838 3.592097 3.605611 3.618948 3.632124 3.645132 3.657947 3.670521 3.682785 3.694657 3.706043 3.716843 3.726956 3.736286 3.744756 3.752309 3.758923 3.76462 3.76946 3.773537 3.776977
3.494133 3.476972 3.460595 3.445147 3.430766 3.41748 3.405288 3.394159 3.384043 3.37487 3.36655 3.359 3.352134 3.345883 3.340192 3.335027 3.330369 3.326219 3.322592 3.319521 3.317053 3.31525 3.31419 3.313959 3.314654 3.316371 3.319203 3.323239 3.32854 3.335144 3.343058 3.352255 3.362678 3.374241 3.386837 3.400339 3.414611 3.429512 3.444921 3.460695 3.47666 3.492661 3.508561 3.524257 3.539674 3.554764 3.569508 3.583906 3.597977 3.611752 3.625262 3.638541 3.651607 3.66446 3.677074 3.689402 3.701375 3.712913 3.723921 3.734306 3.743973 3.752835 3.76082 3.767884 3.774017 3.779244 3.783631 3.78728 3.790324
3.469104 3.452013 3.435859 3.420801 3.40699 3.394458 3.383197 3.373176 3.364333 3.356586 3.349836 3.343978 3.338909 3.334533 3.330771 3.327559 3.324852 3.322623 3.320865 3.319589 3.318827 3.318627 3.319055 3.320196 3.322143 3.324997 3.328865 3.33384 3.34 3.347399 3.35605 3.365943 3.377027 3.389223 3.402428 3.416521 3.431365 3.446822 3.462773 3.479072 3.495543 3.512019 3.52836 3.544453 3.560214 3.575589 3.590552 3.605101 3.619252 3.633038 3.646495 3.659659 3.672557 3.685194 3.697544 3.70956 3.721175 3.73231 3.742876 3.752784 3.761948 3.77029 3.77775 3.784291 3.789913 3.79465 3.798573 3.80179 3.804442
