ASPA-UH-SWB2_REPO/input/ET_Process/aug_et_clipped.asc
ncols         350
nrows         200
xllcorner     515000
yllcorner     8409000
cellsize      100
NODATA_value  -9999
[rows 155 to 185 of 200, columns 69 to 137 of 350]
-9999 -9999 -9999 -9999 -9999 -9999 -9999 4.29391 4.289654 4.285544 4.281574 4.277744 4.274059 4.270529 4.267168 4.263993 4.261024 4.25828 4.25578 4.25354 4.251569 4.249871 4.24844 4.247259 4.246298 4.245514 4.244848 4.244226 4.24356 4.242756 4.241709 4.240319 4.238491 4.236147 4.233239 4.229749 4.225708 4.221295 4.216647 4.211813 4.206912 4.202127 4.197698 4.193912 4.191086 4.189562 4.189682 4.191778 4.196153 4.203069 4.212726 4.225253 4.240696 4.259005 4.280033 4.303538 4.329193 4.356599 4.385316 4.414887 4.44488 4.474911 4.504684 4.534002 4.562766 4.59096 4.618618 4.645787 4.672508
-9999 -9999 -9999 -9999 -9999 -9999 -9999 4.306085 4.302131 4.298334 4.294689 4.291193 4.287849 4.284667 4.281654 4.278828 4.276204 4.273798 4.271628 4.269706 4.26804 4.266634 4.265481 4.264567 4.263864 4.263332 4.262917 4.262552 4.262156 4.261641 4.260908 4.259864 4.258422 4.25651 4.254085 4.251132 4.247685 4.243922 4.239976 4.235891 4.231772 4.227786 4.22415 4.221128 4.219011 4.218111 4.218741 4.221205 4.225778 4.232696 4.242139 4.25422 4.268974 4.286355 4.306227 4.328373 4.352505 4.378272 4.405293 4.433177 4.461551 4.490094 4.518557 4.546774 4.574668 4.602227 4.629474 4.656422 4.683062
-9999 -9999 -9999 -9999 -9999 -9999 -9999 4.317895 4.314233 4.310739 4.307407 4.304234 4.30122 4.298371 4.295696 4.293206 4.290915 4.288836 4.286985 4.285372 4.284003 4.282881 4.282001 4.281349 4.2809 4.280619 4.280457 4.280354 4.280235 4.280016 4.279611 4.278929 4.277892 4.276433 4.274513 4.272122 4.269289 4.266194 4.262964 4.259633 4.256293 4.253094 4.250232 4.247945 4.246502 4.246184 4.247277 4.250058 4.254776 4.261647 4.270832 4.28243 4.296477 4.312929 4.331668 4.352505 4.375186 4.399414 4.424857 4.451182 4.478076 4.505265 4.532539 4.559763 4.586874 4.613866 4.640759 4.66754 4.694143
-9999 -9999 -9999 -9999 -9999 -9999 -9999 4.329278 4.325895 4.322691 4.319659 4.316795 4.314097 4.31157 4.309218 4.307052 4.305081 4.303319 4.301777 4.300465 4.299387 4.298547 4.297938 4.297549 4.297358 4.297334 4.297433 4.297601 4.297771 4.297866 4.297806 4.297508 4.296898 4.295916 4.294526 4.292718 4.290522 4.288111 4.285609 4.283037 4.280474 4.278051 4.275945 4.274371 4.273571 4.273802 4.275323 4.278386 4.283217 4.290013 4.298923 4.31004 4.323397 4.33896 4.356631 4.376249 4.397598 4.420423 4.444447 4.469386 4.494975 4.520983 4.547234 4.573611 4.60006 4.626576 4.653177 4.679823 4.706399
-9999 -9999 -9999 -9999 -9999 -9999 -9999 4.340181 4.337062 4.334133 4.331386 4.328815 4.326417 4.324195 4.322153 4.320296 4.318635 4.31718 4.315939 4.314922 4.314133 4.313573 4.313238 4.313118 4.313193 4.313437 4.313812 4.314268 4.314746 4.315176 4.315484 4.315594 4.315437 4.314959 4.314124 4.312924 4.311385 4.309677 4.307913 4.306106 4.304319 4.302667 4.301304 4.300425 4.300247 4.301003 4.302929 4.306254 4.311186 4.317905 4.32655 4.337211 4.349926 4.364672 4.381371 4.399891 4.420053 4.441646 4.464434 4.488182 4.512666 4.537693 4.563109 4.588813 4.614751 4.640909 4.66728 4.693799 4.720321
-9999 -9999 -9999 -9999 -9999 -9999 -9999 4.350565 4.347693 4.345021 4.342541 4.340245 4.338131 4.336198 4.334449 4.332889 4.331525 4.330366 4.329419 4.328692 4.32819 4.327913 4.327859 4.328018 4.328373 4.328901 4.32957 4.330337 4.331147 4.331939 4.332642 4.333188 4.333514 4.333566 4.333313 4.332746 4.331886 4.330898 4.329887 4.328853 4.327844 4.326958 4.326332 4.326136 4.326567 4.327837 4.330158 4.33374 4.338777 4.345434 4.353846 4.3641 4.376243 4.390265 4.40611 4.423673 4.442812 4.463352 4.485102 4.507864 4.531451 4.555698 4.580472 4.605679 4.631257 4.657168 4.68337 4.709764 4.736197
-9999 -9999 -9999 -9999 -9999 -9999 -9999 -9999 4.357764 4.355331 4.353098 4.351059 4.349209 4.347548 4.346076 4.344797 4.343718 4.342845 4.342185 4.341745 4.341531 4.341541 4.341775 4.342226 4.342878 4.343712 4.344699 4.345802 4.346973 4.348155 4.349285 4.350298 4.351135 4.351748 4.352105 4.352195 4.352036 4.351786 4.351542 4.351291 4.351067 4.350949 4.351056 4.35154 4.352577 4.354356 4.357074 4.360923 4.366082 4.372709 4.380934 4.390848 4.402503 4.415908 4.431028 4.447784 4.466068 4.485741 4.506646 4.528621 4.551508 4.575166 4.599474 4.624336 4.649677 4.675429 4.701509 4.727792 4.754117
-9999 -9999 -9999 -9999 -9999 -9999 -9999 -9999 4.367276 4.36506 4.363053 4.36125 4.359645 4.358237 4.357025 4.356013 4.355206 4.35461 4.354231 4.354076 4.354149 4.354453 4.354985 4.355741 4.356709 4.357872 4.359204 4.360674 4.362236 4.363841 4.365428 4.36694 4.368321 4.369524 4.370517 4.371289 4.371853 4.37236 4.372898 4.373441 4.374009 4.374665 4.37551 4.376676 4.378321 4.380615 4.383741 4.387875 4.393186 4.399826 4.407921 4.41757 4.428832 4.441732 4.456258 4.472359 4.489951 4.508931 4.529173 4.550544 4.572909 4.596143 4.620131 4.64477 4.669966 4.695621 4.721616 4.747804 4.774012
-9999 -9999 -9999 -9999 -9999 -9999 -9999 -9999 -9999 4.374233 4.372432 4.370844 4.369463 4.368289 4.367321 4.36656 4.366013 4.365684 4.36558 4.365706 4.36607 4.366673 4.367515 4.368592 4.369896 4.371412 4.373117 4.374982 4.376968 4.379027 4.381105 4.383148 4.385102 4.386923 4.388579 4.390057 4.391364 4.392646 4.393981 4.395331 4.396701 4.398139 4.399727 4.401582 4.403842 4.406665 4.410216 4.414661 4.420161 4.426863 4.434894 4.444356 4.455321 4.46783 4.48189 4.497475 4.514531 4.532977 4.552718 4.573642 4.595634 4.618577 4.642358 4.666864 4.691979 4.717579 4.743516 4.769621 4.795708
-9999 -9999 -9999 -9999 -9999 -9999 -9999 -9999 -9999 -9999 4.381288 4.379893 4.378718 4.377759 4.377016 4.376493 4.376193 4.376122 4.376287 4.376694 4.37735 4.37826 4.379422 4.380836 4.382495 4.384387 4.386492 4.388783 4.391222 4.393765 4.396365 4.398968 4.401524 4.40399 4.406333 4.408537 4.410606 4.412678 4.414824 4.416993 4.419175 4.421402 4.423742 4.426295 4.429183 4.432551 4.43655 4.441338 4.447067 4.453884 4.461915 4.471271 4.482032 4.494256 4.507969 4.523167 4.539821 4.557875 4.57725 4.597858 4.619595 4.64235 4.666006 4.690439 4.715515 4.741082 4.766972 4.792996 4.818956
-9999 -9999 -9999 -9999 -9999 -9999 -9999 -9999 -9999 -9999 -9999 4.388487 4.387496 4.386734 4.386201 4.3859 4.385836 4.386015 4.386444 4.387131 4.388082 4.389303 4.390797 4.392562 4.394595 4.396884 4.399412 4.402153 4.405072 4.408129 4.411277 4.414467 4.417649 4.420783 4.423833 4.426782 4.429627 4.432503 4.435472 4.438468 4.441471 4.444495 4.447595 4.450854 4.454384 4.458313 4.462785 4.467947 4.473948 4.480931 4.489027 4.49835 4.508995 4.521031 4.534503 4.549428 4.565796 4.583571 4.602696 4.623089 4.644659 4.667298 4.690883 4.715278 4.740331 4.765872 4.791712 4.817647 4.843467
-9999 -9999 -9999 -9999 -9999 -9999 -9999 -9999 -9999 -9999 -9999 -9999 4.395924 4.395341 4.395002 4.39491 4.39507 4.39549 4.396178 4.397142 4.39839 4.399929 4.401763 4.403892 4.406313 4.409017 4.411987 4.4152 4.418622 4.422215 4.425933 4.429731 4.43356 4.437377 4.441151 4.444856 4.448488 4.452177 4.455975 4.459805 4.463633 4.467459 4.471324 4.475299 4.479481 4.483989 4.488955 4.494523 4.500835 4.508033 4.516251 4.52561 4.536216 4.54815 4.561473 4.576221 4.592399 4.609988 4.628945 4.649202 4.67067 4.693237 4.716779 4.741148 4.766178 4.79168 4.817451 4.843275 4.868933
-9999 -9999 -9999 -9999 -9999 -9999 -9999 -9999 -9999 -9999 -9999 -9999 -9999 4.403722 4.403563 4.403667 4.404043 4.404696 4.405638 4.406877 4.408423 4.410283 4.412463 4.414966 4.417787 4.420919 4.424347 4.428047 4.431989 4.436134 4.44044 4.44486 4.449349 4.453863 4.458368 4.462837 4.46726 4.471764 4.476393 4.481059 4.485711 4.49034 4.494973 4.499668 4.50451 4.509609 4.51509 4.52109 4.527747 4.535204 4.543596 4.553051 4.563683 4.575588 4.58884 4.603487 4.619553 4.637029 4.655883 4.676054 4.697455 4.719979 4.743486 4.767823 4.792809 4.818245 4.843915 4.869592 4.895054
-9999 -9999 -9999 -9999 -9999 -9999 -9999 -9999 -9999 -9999 -9999 -9999 -9999 -9999 4.411831 4.412127 4.412713 4.413599 4.414795 4.416313 4.418162 4.420352 4.42289 4.425778 4.429013 4.43259 4.436491 4.440697 4.445176 4.449892 4.454802 4.459861 4.465024 4.470246 4.475492 4.480732 4.485951 4.491272 4.496735 4.502236 4.507714 4.513147 4.518549 4.523968 4.52948 4.535184 4.541199 4.547656 4.554693 4.56245 4.571066 4.580672 4.591392 4.60333 4.616576 4.63119 4.647204 4.664623 4.683419 4.703537 4.724892 4.747371 4.770834 4.795116 4.820025 4.845354 4.870875 4.896358 4.921577
-9999 -9999 -9999 -9999 -9999 -9999 -9999 -9999 -9999 -9999 -9999 -9999 -9999 -9999 -9999 -9999 4.421089 4.422209 4.423664 4.425467 4.427628 4.430158 4.433064 4.436349 4.440014 4.44405 4.448443 4.453171 4.458204 4.463507 4.469038 4.474751 4.480601 4.486543 4.492539 4.498556 4.504575 4.510717 4.517013 4.52335 4.529653 4.53589 4.542062 4.548209 4.554396 4.560716 4.567282 4.574219 4.581665 4.589759 4.598641 4.608447 4.619305 4.631333 4.644627 4.659257 4.675267 4.692666 4.711433 4.731515 4.752828 4.775254 4.798649 4.822841 4.847634 4.872805 4.898128 4.923367 -9999
-9999 -9999 -9999 -9999 -9999 -9999 -9999 -9999 -9999 -9999 -9999 -9999 -9999 -9999 -9999 -9999 -9999 -9999 -9999 4.434401 4.436881 4.43976 4.443045 4.446741 4.450847 4.455356 4.460253 4.465518 4.471121 4.477026 4.48319 4.48957 4.496118 4.502788 4.50954 4.516339 4.52316 4.530122 4.537251 4.54442 4.551547 4.558584 4.565526 4.5724 4.579266 4.586209 4.593336 4.600771 4.608648 4.617107 4.626288 4.636332 4.647371 4.659532 4.672916 4.687603 4.703641 4.721045 4.739798 4.759849 4.78111 4.803465 4.826764 4.850828 4.875455 4.900424 4.925503 4.950456 -9999
-9999 -9999 -9999 -9999 -9999 -9999 -9999 -9999 -9999 -9999 -9999 -9999 -9999 -9999 -9999 -9999 -9999 -9999 -9999 -9999 -9999 -9999 4.452896 4.457012 4.461569 4.466563 4.471977 4.47779 4.483974 4.490491 4.497301 4.504356 4.511611 4.519015 4.526527 4.53411 4.541732 4.549513 4.557471 4.56547 4.573413 4.581246 4.588953 4.596552 4.604095 4.611663 4.619359 4.627301 4.635623 4.644466 4.653973 4.664283 4.675537 4.687862 4.70137 4.716141 4.732229 4.749653 4.768397 4.788409 4.809605 4.831864 4.855032 4.87893 4.903351 4.928073 4.952864 -9999 -9999
-9999 -9999 -9999 -9999 -9999 -9999 -9999 -9999 -9999 -9999 -9999 -9999 -9999 -9999 -9999 -9999 -9999 -9999 -9999 -9999 -9999 -9999 -9999 4.467224 4.472242 4.477728 4.483668 4.490039 4.496812 4.503951 4.511413 4.519151 4.527116 4.535259 4.543534 4.551898 4.56032 4.568915 4.577697 4.586518 4.595271 4.603892 4.612355 4.620673 4.62889 4.63708 4.645344 4.653798 4.662574 4.671814 4.681661 4.692259 -9999 4.716266 4.729918 4.744791 4.760941 4.778389 4.79712 4.817084 4.838195 4.860328 4.883333 4.907027 4.931203 -9999 -9999 -9999 -9999
-9999 -9999 -9999 -9999 -9999 -9999 -9999 -9999 -9999 -9999 -9999 -9999 -9999 -9999 -9999 -9999 -9999 -9999 -9999 -9999 -9999 -9999 -9999 -9999 -9999 4.48891 4.495381 4.502316 4.509686 4.517451 4.525571 4.533995 4.542674 4.551556 4.560591 4.569736 4.578952 4.588355 4.597952 4.607585 4.617137 4.626536 4.635746 4.644773 4.653655 4.662463 4.671291 4.680257 4.68949 4.699133 4.70933 4.720229 -9999 -9999 -9999 4.773482 4.789697 4.807166 4.825875 4.845774 4.866775 4.888758 4.911567 4.935022 -9999 -9999 -9999 -9999 -9999
-9999 -9999 -9999 -9999 -9999 -9999 -9999 -9999 -9999 -9999 -9999 -9999 -9999 -9999 -9999 -9999 -9999 -9999 -9999 -9999 -9999 -9999 -9999 -9999 -9999 -9999 4.507173 4.514676 4.522644 4.53104 4.539818 4.54893 4.558321 4.56794 4.577732 4.587651 4.597655 4.607857 4.618258 4.628691 4.639031 4.649193 4.659137 4.668861 4.678398 4.687814 4.697201 4.706674 4.716363 4.72641 4.736962 4.748167 -9999 -9999 -9999 -9999 4.818429 4.835909 4.854581 4.874394 4.895263 4.917065 4.939648 -9999 -9999 -9999 -9999 -9999 -9999
-9999 -9999 -9999 -9999 -9999 -9999 -9999 -9999 -9999 -9999 -9999 -9999 -9999 -9999 -9999 -9999 -9999 -9999 -9999 -9999 -9999 -9999 -9999 -9999 -9999 -9999 -9999 -9999 4.535738 4.544763 4.554199 -9999 4.574097 4.584447 4.59499 4.605675 4.616456 4.627444 4.638638 4.649857 4.660967 4.671879 4.682541 4.692947 4.703125 4.713138 4.723074 4.733047 4.743186 4.753635 4.76454 -9999 -9999 -9999 -9999 -9999 -9999 4.864557 4.883173 4.90288 4.92359 4.945184 -9999 -9999 -9999 -9999 -9999 -9999 -9999
-9999 -9999 -9999 -9999 -9999 -9999 -9999 -9999 -9999 -9999 -9999 -9999 -9999 -9999 -9999 -9999 -9999 -9999 -9999 -9999 -9999 -9999 -9999 -9999 -9999 -9999 -9999 -9999 -9999 -9999 -9999 -9999 -9999 4.601112 4.612396 4.623835 4.635381 4.647142 4.659111 4.6711 4.682964 4.694606 4.705969 4.717041 4.727844 4.738438 4.74891 4.759373 4.769955 4.780797 -9999 -9999 -9999 -9999 -9999 -9999 -9999 -9999 -9999 4.931175 4.951702 -9999 -9999 -9999 -9999 -9999 -9999 -9999 -9999
-9999 -9999 -9999 -9999 -9999 -9999 -9999 -9999 -9999 -9999 -9999 -9999 -9999 -9999 -9999 -9999 -9999 -9999 -9999 -9999 -9999 -9999 -9999 -9999 -9999 -9999 -9999 -9999 -9999 -9999 -9999 -9999 -9999 4.617969 4.629981 4.64216 4.654454 4.666971 4.679698 4.692436 4.705034 4.717386 4.729431 4.741148 4.752558 4.763718 4.774712 4.78565 4.796662 -9999 -9999 -9999 -9999 -9999 -9999 -9999 -9999 -9999 -9999 -9999 -9999 -9999 -9999 -9999 -9999 -9999 -9999 -9999 -9999
-9999 -9999 -9999 -9999 -9999 -9999 -9999 -9999 -9999 -9999 -9999 -9999 -9999 -9999 -9999 -9999 -9999 -9999 -9999 -9999 -9999 -9999 -9999 -9999 -9999 -9999 -9999 -9999 -9999 -9999 -9999 -9999 -9999 4.635051 4.647774 4.660676 4.673699 4.686952 4.700414 4.71388 4.727189 4.740229 4.752932 4.765274 4.777272 4.788978 4.800476 4.811874 -9999 -9999 -9999 -9999 -9999 -9999 -9999 -9999 -9999 -9999 -9999 -9999 -9999 -9999 -9999 -9999 -9999 -9999 -9999 -9999 -9999
-9999 -9999 -9999 -9999 -9999 -9999 -9999 -9999 -9999 -9999 -9999 -9999 -9999 -9999 -9999 -9999 -9999 -9999 -9999 -9999 -9999 -9999 -9999 -9999 -9999 -9999 -9999 -9999 -9999 -9999 -9999 -9999 -9999 -9999 4.665801 4.679403 4.693135 4.707099 4.721272 4.735441 4.749436 4.76314 4.776478 4.789422 4.801985 4.814217 4.8262 4.83804 -9999 -9999 -9999 -9999 -9999 -9999 -9999 -9999 -9999 -9999 -9999 -9999 -9999 -9999 -9999 -9999 -9999 -9999 -9999 -9999 -9999
-9999 -9999 -9999 -9999 -9999 -9999 -9999 -9999 -9999 -9999 -9999 -9999 -9999 -9999 -9999 -9999 -9999 -9999 -9999 -9999 -9999 -9999 -9999 -9999 -9999 -9999 -9999 -9999 -9999 -9999 -9999 -9999 -9999 -9999 4.684084 4.698362 4.712775 4.727425 4.742283 4.757126 4.771781 4.786121 4.800068 4.813589 4.826694 4.83943 4.851877 -9999 -9999 -9999 -9999 -9999 -9999 -9999 -9999 -9999 -9999 -9999 -9999 -9999 -9999 -9999 -9999 -9999 -9999 -9999 -9999 -9999 -9999
-9999 -9999 -9999 -9999 -9999 -9999 -9999 -9999 -9999 -9999 -9999 -9999 -9999 -9999 -9999 -9999 -9999 -9999 -9999 -9999 -9999 -9999 -9999 -9999 -9999 -9999 -9999 -9999 -9999 -9999 -9999 -9999 -9999 -9999 -9999 4.717566 4.732631 4.747936 4.763448 4.778937 4.794222 4.80917 4.823699 4.837771 4.851394 4.864611 -9999 -9999 -9999 -9999 -9999 -9999 -9999 -9999 -9999 -9999 -9999 -9999 -9999 -9999 -9999 -9999 -9999 -9999 -9999 -9999 -9999 -9999 -9999
-9999 -9999 -9999 -9999 -9999 -9999 -9999 -9999 -9999 -9999 -9999 -9999 -9999 -9999 -9999 -9999 -9999 -9999 -9999 -9999 -9999 -9999 -9999 -9999 -9999 -9999 -9999 -9999 -9999 -9999 -9999 -9999 -9999 -9999 -9999 -9999 4.752706 4.768634 4.784767 4.800869 4.816753 4.832281 4.847364 4.861961 4.876076 -9999 -9999 -9999 -9999 -9999 -9999 -9999 -9999 -9999 -9999 -9999 -9999 -9999 -9999 -9999 -9999 -9999 -9999 -9999 -9999 -9999 -9999 -9999 -9999
-9999 -9999 -9999 -9999 -9999 -9999 -9999 -9999 -9999 -9999 -9999 -9999 -9999 -9999 -9999 -9999 -9999 -9999 -9999 -9999 -9999 -9999 -9999 -9999 -9999 -9999 -9999 -9999 -9999 -9999 -9999 -9999 -9999 -9999 -9999 -9999 -9999 -9999 4.806233 4.822915 4.839366 4.855443 4.87105 -9999 -9999 -9999 -9999 -9999 -9999 -9999 -9999 -9999 -9999 -9999 -9999 -9999 -9999 -9999 -9999 -9999 -9999 -9999 -9999 -9999 -9999 -9999 -9999 -9999 -9999
-9999 -9999 -9999 -9999 -9999 -9999 -9999 -9999 -9999 -9999 -9999 -9999 -9999 -9999 -9999 -9999 -9999 -9999 -9999 -9999 -9999 -9999 -9999 -9999 -9999 -9999 -9999 -9999 -9999 -9999 -9999 -9999 -9999 -9999 -9999 -9999 -9999 -9999 -9999 4.845059 4.862045 4.878639 4.894743 -9999 -9999 -9999 -9999 -9999 -9999 -9999 -9999 -9999 -9999 -9999 -9999 -9999 -9999 -9999 -9999 -9999 -9999 -9999 -9999 -9999 -9999 -9999 -9999 -9999 -9999
-9999 -9999 -9999 -9999 -9999 -9999 -9999 -9999 -9999 -9999 -9999 -9999 -9999 -9999 -9999 -9999 -9999 -9999 -9999 -9999 -9999 -9999 -9999 -9999 -9999 -9999 -9999 -9999 -9999 -9999 -9999 -9999 -9999 -9999 -9999 -9999 -9999 -9999 -9999 -9999 4.88477 4.901852 -9999 -9999 -9999 -9999 -9999 -9999 -9999 -9999 -9999 -9999 -9999 -9999 -9999 -9999 -9999 -9999 -9999 -9999 -9999 -9999 -9999 -9999 -9999 -9999 -9999 -9999 -9999
