ASPA-UH-SWB2_REPO/input/ET_Process/feb_et_clipped.asc
ncols         350
nrows         200
xllcorner     515000
yllcorner     8409000
cellsize      100
NODATA_value  -9999
[rows 93 to 123 of 200, columns 138 to 206 of 350]
3.336283 3.322618 3.307226 3.290273 3.271975 3.252568 3.232284 3.211348 3.189965 3.168338 3.146662 3.125155 3.104098 3.083883 3.064975 3.047843 3.032903 3.020473 3.010773 3.003928 2.999995 2.998986 3.000892 3.005707 3.013384 3.023766 3.036415 3.050589 3.065373 3.079895 3.093475 3.105754 3.116823 3.127128 3.137267 3.147862 3.159449 3.172449 3.187012 3.203059 3.220478 3.239056 3.258537 3.278665 3.299237 3.320153 3.341413 3.363103 3.385352 3.408264 3.431815 3.455803 3.479928 3.503841 3.527174 3.549574 3.570747 3.590513 3.608807 3.625638 3.641049 3.65509 3.667817 3.679284 3.689613 3.698978 3.707562 3.71554 3.723059
3.313951 3.301465 3.287291 3.271526 3.254314 3.235839 3.216307 3.195932 3.174953 3.153623 3.132225 3.111081 3.090568 3.071159 3.053406 3.037854 3.024951 3.014993 3.008142 3.004427 3.003778 3.006071 3.011159 3.018921 3.029265 3.042041 3.056795 3.072676 3.088684 3.103951 3.117901 3.130339 3.141484 3.151891 3.162272 3.173337 3.185682 3.199725 3.21556 3.233092 3.252124 3.272382 3.29352 3.315198 3.33715 3.359231 3.381418 3.403783 3.426444 3.449479 3.472856 3.496397 3.519817 3.542772 3.564887 3.585791 3.605185 3.622935 3.639074 3.653712 3.666979 3.678997 3.689869 3.699682 3.708598 3.716807 -9999 -9999 -9999
3.291765 3.280743 3.268135 3.253934 3.238209 3.221069 3.202672 3.183222 3.162968 3.142221 3.121352 3.100799 3.08107 3.062755 3.046501 3.032923 3.022474 3.015418 3.011848 3.011699 3.014773 3.020779 3.029401 3.040353 3.053435 3.068455 3.08497 3.102017 3.118585 3.133917 3.147618 3.159691 3.170509 3.180748 3.191214 3.202689 3.215789 3.230892 3.248032 3.267 3.287579 3.309394 3.332013 3.354995 3.378006 3.400869 3.423548 3.446114 3.468669 3.491276 3.513898 3.536385 3.558488 3.579891 3.600244 3.619184 3.636416 3.651858 3.665639 3.677956 3.689014 3.698993 3.70804 3.716275 3.723895 3.731101 -9999 -9999 -9999
3.27 3.260716 3.250014 3.237774 3.223955 3.208583 3.191756 3.173644 3.154506 3.134693 3.114663 3.09497 3.076288 3.059373 3.04498 3.033755 3.026131 3.022323 3.022364 3.0261 3.033215 3.043254 3.055708 3.070106 3.086052 3.103194 3.121012 3.138575 3.155004 3.169738 3.182623 3.193874 3.204036 3.213887 3.224317 3.236155 3.249999 3.266139 3.284499 3.30479 3.326679 3.349763 3.373497 3.397338 3.420904 3.443995 3.466589 3.488763 3.51062 3.532216 3.55351 3.574373 3.594599 3.613921 3.632031 3.64861 3.663411 3.676407 3.687783 3.697803 3.706729 3.714789 3.722163 3.729005 3.735548 -9999 -9999 -9999 -9999
3.248944 3.241676 3.233217 3.223329 3.211852 3.198709 3.183926 3.167631 3.150062 3.13161 3.112804 3.094326 3.077005 3.061792 3.049557 3.040971 3.03641 3.036024 3.039791 3.047508 3.058749 3.072907 3.089294 3.107225 3.126049 3.145154 3.163839 3.181323 3.196994 3.210603 3.222283 3.232464 3.241827 3.25122 3.261586 3.273772 3.288332 3.305416 3.324812 3.346136 3.368979 3.392847 3.417124 3.441204 3.464661 3.487305 3.509141 3.530284 3.550854 3.570899 3.590371 3.609153 3.627079 3.643938 3.659476 3.673448 3.685693 3.696239 3.705297 3.713167 3.720156 3.726528 3.732482 3.738208 3.743971 -9999 -9999 -9999 -9999
3.228884 3.2239 3.218017 3.210867 3.20217 3.191737 3.179491 3.165507 3.150016 3.133424 3.116321 3.099489 3.083905 3.07067 3.060801 3.05498 3.053509 3.056475 3.063815 3.075295 3.090414 3.108436 3.128513 3.149742 3.171195 3.191949 3.211152 3.228152 3.242694 3.254939 3.265337 3.274507 3.283221 3.292331 3.302747 3.315311 3.330518 3.348328 3.368403 3.390302 3.413546 3.437558 3.461682 3.485264 3.507876 3.529356 3.549771 3.569288 3.588063 3.606143 3.62346 3.639892 3.655309 3.669546 3.682412 3.693739 3.703459 3.711658 3.718575 3.724532 3.729862 3.734851 3.739709 3.744655 -9999 -9999 -9999 -9999 -9999
3.210092 3.207653 3.204657 3.200614 3.195102 3.187819 3.178595 3.167434 3.154537 3.140325 3.125441 3.110745 3.0973 3.086316 3.078911 3.075781 3.077181 3.083169 3.093652 3.108357 3.126731 3.147966 3.171093 3.195029 3.218596 3.24059 3.259987 3.276276 3.289616 3.300595 3.30999 3.318589 3.32715 3.336431 3.347221 3.360252 3.375921 3.394049 3.414227 3.436028 3.458952 3.48239 3.505628 3.528001 3.549076 3.568755 3.587198 3.604651 3.621302 3.637199 3.652254 3.666322 3.679281 3.690992 3.701315 3.710157 3.717536 3.723601 3.728628 3.732964 3.736959 3.740912 3.745031 -9999 -9999 -9999 -9999 -9999 -9999
3.192871 3.19319 3.193334 3.192695 3.190724 3.186987 3.181207 3.173312 3.163476 3.152117 3.139919 3.127796 3.11686 3.108363 3.103419 3.102729 3.106596 3.115079 3.128057 3.145206 3.165942 3.189427 3.214626 3.240345 3.265251 3.287946 3.307247 3.322765 3.335099 3.345278 3.35432 3.363068 3.372215 3.382337 3.393975 3.4076 3.42344 3.441294 3.460831 3.481719 3.503516 3.525634 3.547343 3.56792 3.586936 3.604388 3.620555 3.635766 3.650234 3.663998 3.676945 3.688899 3.699701 3.709207 3.717313 3.723994 3.729342 3.733576 3.737024 3.740065 3.743071 3.746345 3.750084 -9999 -9999 -9999 -9999 -9999 -9999
3.17702 3.180294 3.183833 3.186903 3.188814 3.188992 3.187039 3.182801 3.176399 3.168253 3.159068 3.149797 3.141563 3.135612 3.133021 3.134491 3.140379 3.150767 3.165512 3.184253 3.206378 3.231032 3.257154 3.283515 3.30875 3.331435 3.350332 3.365176 3.376995 3.387115 3.396665 3.406453 3.416994 3.428613 3.44151 3.455823 3.471553 3.488569 3.506718 3.525884 3.545782 3.565918 3.585576 3.603973 3.62065 3.635722 3.649607 3.662686 3.675176 3.687086 3.698261 3.708476 3.71751 3.725193 3.73144 3.73628 3.739879 3.742535 3.74464 3.746623 3.748882 3.751727 -9999 -9999 -9999 -9999 -9999 -9999 -9999
3.162154 3.168591 3.175783 3.182863 3.188988 3.193425 3.195633 3.195348 3.192633 3.187895 3.181857 3.1755 3.169947 3.166435 3.166014 3.169372 3.176886 3.188651 3.204513 3.224077 3.246703 3.271516 3.297443 3.323275 3.347717 3.369497 3.387625 3.402095 3.414087 3.425016 3.435985 3.447659 3.460313 3.47394 3.488375 3.503382 3.518773 3.53449 3.550637 3.567405 3.584764 3.602367 3.619574 3.635581 3.649891 3.662734 3.674601 3.685894 3.6968 3.707277 3.717111 3.725999 3.733655 3.739867 3.744556 3.747799 3.749836 3.751055 3.751931 3.752961 -9999 -9999 -9999 -9999 -9999 -9999 -9999 -9999 -9999
3.148298 3.158028 3.169049 3.180357 3.190937 3.199866 3.206435 3.21025 3.211295 3.209954 3.206982 3.203392 3.200336 3.199057 3.200598 3.205617 3.214477 3.227257 3.243784 3.263632 3.286125 3.310357 3.33525 3.359641 3.38239 3.402542 3.419601 3.433919 3.446649 3.459091 3.472178 3.48633 3.501523 3.517403 3.533447 3.54907 3.56389 3.577957 3.591714 3.605674 3.620103 3.634849 3.649365 3.662944 3.675157 3.686188 3.696527 3.706551 3.716404 3.725979 3.734973 3.743001 3.749692 3.754793 3.758217 3.760086 3.760721 3.760608 3.760326 -9999 -9999 -9999 -9999 -9999 -9999 -9999 -9999 -9999 -9999
3.135477 3.148531 3.163461 3.179115 3.19428 3.207819 3.21882 3.226724 3.23142 3.233272 3.233075 3.231927 3.23105 3.231736 3.235044 3.241592 3.251689 3.265366 3.282415 3.302376 3.324526 3.347913 3.371443 3.394014 3.414692 3.432923 3.448748 3.4629 3.476556 3.490811 3.506293 3.523082 3.540812 3.558812 3.576242 3.59226 3.606307 3.618553 3.629816 3.640955 3.652477 3.664421 3.67638 3.687766 3.698248 3.707953 3.717278 3.726559 3.735891 3.745076 3.753715 3.761314 3.767421 3.771726 -9999 -9999 -9999 -9999 -9999 -9999 -9999 -9999 -9999 -9999 -9999 -9999 -9999 -9999 -9999
3.123755 3.140043 3.158844 3.178843 3.198612 3.216763 3.232139 3.243982 3.252064 3.256728 3.25885 3.259665 3.260545 3.262896 3.267823 3.275904 3.287348 3.302103 3.319914 3.340273 3.362391 3.385252 3.407723 3.428742 3.447556 3.463974 3.478536 3.492389 3.506831 3.522757 3.540419 3.5595 3.57929 3.598844 3.617118 3.633124 3.646222 3.656751 3.665816 3.674532 3.683639 3.693302 3.703224 3.712904 3.722055 3.730789 3.73946 3.748378 3.757571 3.76675 3.77539 3.782887 3.788693 3.792435 -9999 -9999 -9999 -9999 -9999 -9999 -9999 -9999 -9999 -9999 -9999 -9999 -9999 -9999 -9999
3.113265 3.132558 3.155049 3.179263 3.203529 3.22618 3.245767 3.261293 3.272377 3.279353 3.283214 3.285408 3.287554 3.291255 3.297718 3.307493 3.320639 3.336982 3.356203 3.377715 3.400635 3.423857 3.446187 3.466545 3.484253 3.499357 3.512799 3.526188 3.541061 3.558154 3.57733 3.597899 3.618869 3.6391 3.65744 3.672902 3.684988 3.694172 3.701659 3.708702 3.716222 3.724485 3.733162 3.741748 3.749938 3.75789 3.766023 3.774696 3.783889 3.793208 3.802 3.809543 3.81519 -9999 -9999 -9999 -9999 -9999 -9999 -9999 -9999 -9999 -9999 -9999 -9999 -9999 -9999 -9999 -9999
3.104242 3.126151 3.151996 3.180143 3.208668 3.235591 3.259138 3.278019 3.291669 3.300406 3.30538 3.308338 3.311247 3.315996 3.323975 3.33575 3.351196 3.369967 3.391629 3.415447 3.440401 3.465289 3.488849 3.509923 3.527767 3.54246 3.555176 3.567983 3.582805 3.600268 3.619916 3.640829 3.661872 3.681831 3.699542 3.71412 3.725273 3.733569 3.74019 3.746457 3.753402 3.761299 3.769662 3.77776 3.785252 3.792385 3.799817 3.808052 3.81707 3.826374 3.835205 3.842728 -9999 -9999 -9999 -9999 -9999 -9999 -9999 -9999 -9999 -9999 -9999 -9999 -9999 -9999 -9999 -9999 -9999
3.09706 3.121029 3.149717 3.181339 3.213724 3.24457 3.271753 3.293642 3.309441 3.31943 3.324961 3.328156 3.33142 3.337009 3.346561 3.360739 3.379295 3.401634 3.427041 3.45452 3.482882 3.510868 3.537187 3.56058 3.580111 3.595673 3.608408 3.620675 3.634874 3.651634 3.670445 3.690409 3.710425 3.729309 3.745965 3.759628 3.770133 3.778078 3.784583 3.790974 3.798362 3.806929 3.815829 3.82396 3.830836 3.836883 3.843149 3.850426 3.858749 3.867557 3.87603 -9999 -9999 -9999 -9999 -9999 -9999 -9999 -9999 -9999 -9999 -9999 -9999 -9999 -9999 -9999 -9999 -9999 -9999
3.092266 3.117575 3.148405 3.182839 3.218487 3.252759 3.28318 3.307751 3.325382 3.336282 3.342033 3.345195 3.348675 3.355147 3.366549 3.383702 3.406317 3.43345 3.463883 3.496247 3.529181 3.561428 3.591774 3.618896 3.641601 3.659431 3.67324 3.685307 3.698215 3.713067 3.729764 3.747662 3.76581 3.783136 3.798642 3.811649 3.822036 3.830355 3.837581 3.844971 3.853688 3.863767 3.873812 3.88224 3.88839 3.892903 3.897296 3.902806 3.909573 3.917107 -9999 -9999 -9999 -9999 -9999 -9999 -9999 -9999 -9999 -9999 -9999 -9999 -9999 -9999 -9999 -9999 -9999 -9999 -9999
3.090603 3.11639 3.148464 3.184817 3.222891 3.259887 3.293052 3.320025 3.33935 3.351115 3.357149 3.360474 3.364499 3.372322 3.386223 3.4072 3.434853 3.467771 3.504117 3.542086 3.580164 3.617174 3.652091 3.683637 3.710401 3.731485 3.747175 3.759349 3.770654 3.782949 3.79686 3.812154 3.828115 3.843827 3.85842 3.871274 3.882257 3.891807 3.900704 3.90999 3.9207 3.93269 3.94399 3.952597 3.957726 3.960204 3.961965 3.964664 3.968819 -9999 -9999 -9999 -9999 -9999 -9999 -9999 -9999 -9999 -9999 -9999 -9999 -9999 -9999 -9999 -9999 -9999 -9999 -9999 -9999
3.093001 3.118305 3.150554 3.187685 3.22708 3.265859 3.301119 3.33023 3.351351 3.364361 3.371341 3.375697 3.381215 3.391364 3.408764 3.434575 3.468146 3.507437 3.549919 3.593378 3.636257 3.677572 3.716542 3.752084 3.782769 3.807269 3.825084 3.837578 3.847624 3.857734 3.869185 3.882182 3.896283 3.910774 3.924942 3.938251 3.950548 3.962126 3.973512 3.98542 3.998485 4.012144 4.024267 4.032573 4.036144 4.036023 4.034471 4.033522 -9999 -9999 -9999 -9999 -9999 -9999 -9999 -9999 -9999 -9999 -9999 -9999 -9999 -9999 -9999 -9999 -9999 -9999 -9999 -9999 -9999
3.100482 3.124324 3.155537 3.192115 3.231519 3.27093 3.307451 3.33837 3.361609 3.376811 3.386181 3.393224 3.401853 3.415767 3.437904 3.469553 3.509657 3.55533 3.603298 3.651078 3.697294 3.741329 3.782748 3.820772 3.854133 3.881297 3.901075 3.914341 3.924189 3.933421 3.943652 3.955409 3.968519 3.9825 3.99683 4.011113 4.025208 4.039236 4.053388 4.067962 4.083076 4.097816 4.110063 4.117413 4.118816 -9999 -9999 -9999 -9999 -9999 -9999 -9999 -9999 -9999 -9999 -9999 -9999 -9999 -9999 -9999 -9999 -9999 -9999 -9999 -9999 -9999 -9999 -9999 -9999
3.113835 3.135321 3.164293 3.198992 3.237093 3.275973 3.312893 3.345257 3.371087 3.390015 3.403903 3.415946 3.429864 3.449344 3.477533 3.515843 3.56264 3.613909 3.665666 3.715513 3.762611 3.806944 3.848521 3.886873 3.920935 3.949247 3.970588 3.985579 3.996873 4.007051 4.017749 4.029666 4.042864 4.057101 4.072094 4.087634 4.103611 4.119959 4.136478 4.153025 4.169286 4.18414 4.195549 4.201218 -9999 -9999 -9999 -9999 -9999 -9999 -9999 -9999 -9999 -9999 -9999 -9999 -9999 -9999 -9999 -9999 -9999 -9999 -9999 -9999 -9999 -9999 -9999 -9999 -9999
3.133175 3.151674 3.177526 3.209332 3.24512 3.282603 3.319375 3.353175 3.382362 3.406603 3.427228 3.44679 3.468457 3.495539 3.531071 3.576509 3.629451 3.684466 3.737225 3.786046 3.831101 3.873163 3.912691 3.949426 3.982465 4.010646 4.033232 4.050753 4.064939 4.077673 4.090322 4.103618 4.1178 4.132858 4.148768 4.165512 4.183009 4.201014 4.218992 4.236409 4.252617 4.266379 -9999 -9999 -9999 -9999 -9999 -9999 -9999 -9999 -9999 -9999 -9999 -9999 -9999 -9999 -9999 -9999 -9999 -9999 -9999 -9999 -9999 -9999 -9999 -9999 -9999 -9999 -9999
3.15824 3.173486 3.195825 3.224242 3.257215 3.292928 3.329474 3.365086 3.398496 3.429367 3.458508 3.487713 3.519376 3.55611 3.60028 3.652801 3.710216 3.765887 3.816079 3.86062 3.901055 3.938995 3.975208 4.009451 4.040847 4.068543 4.092314 4.112636 4.130341 4.146402 4.161743 4.177032 4.192624 4.2087 4.225459 4.243026 4.261328 4.27998 4.298239 4.315313 4.330286 4.341886 -9999 -9999 -9999 -9999 -9999 -9999 -9999 -9999 -9999 -9999 -9999 -9999 -9999 -9999 -9999 -9999 -9999 -9999 -9999 -9999 -9999 -9999 -9999 -9999 -9999 -9999 -9999
3.188673 3.200824 3.219765 3.244858 3.275064 3.309121 3.345709 3.383615 3.421913 3.4602 3.498775 3.538668 3.58146 3.628971 3.682552 3.741384 3.800411 3.853134 3.897552 3.935564 3.970139 4.003573 4.03672 4.06909 4.099562 4.127319 4.152469 4.175507 4.196491 4.215641 4.233497 4.250637 4.267497 4.284394 4.301625 4.319381 4.337594 4.355792 4.373122 4.388654 4.401346 4.410007 -9999 -9999 -9999 -9999 -9999 -9999 -9999 -9999 -9999 -9999 -9999 -9999 -9999 -9999 -9999 -9999 -9999 -9999 -9999 -9999 -9999 -9999 -9999 -9999 -9999 -9999 -9999
3.224059 3.233707 3.249852 3.272204 3.300182 3.333066 3.370132 3.410699 3.454118 3.499817 3.547513 3.597443 3.650374 3.70731 3.768469 3.831311 3.889543 3.937222 3.974871 4.006389 4.035902 4.066211 4.098072 4.130515 4.161907 4.191099 4.21811 4.243401 4.266684 4.287887 4.30738 4.325685 4.343258 4.360447 4.377526 4.394671 4.41182 4.428464 4.44371 4.456612 4.466165 -9999 -9999 -9999 -9999 -9999 -9999 -9999 -9999 -9999 -9999 -9999 -9999 -9999 -9999 -9999 -9999 -9999 -9999 -9999 -9999 -9999 -9999 -9999 -9999 -9999 -9999 -9999 -9999
3.263887 3.272007 3.286381 3.307012 3.333695 3.366167 3.404203 3.447577 3.495823 3.548052 3.603218 3.660704 3.7205 3.782883 3.847212 3.910157 3.965651 4.009066 4.042141 4.069767 4.096885 4.126769 4.159997 4.195014 4.229546 4.261832 4.291324 4.318223 4.342599 4.364604 4.384659 4.403275 4.42086 4.437673 4.453867 4.469536 4.484615 4.498616 4.510701 4.520023 -9999 -9999 -9999 -9999 -9999 -9999 -9999 -9999 -9999 -9999 -9999 -9999 -9999 -9999 -9999 -9999 -9999 -9999 -9999 -9999 -9999 -9999 -9999 -9999 -9999 -9999 -9999 -9999 -9999
3.307488 3.315327 3.329255 3.3495 3.37613 3.409177 3.448727 3.494854 3.54718 3.604299 3.66419 3.725398 3.787405 3.850168 3.912852 3.972429 4.024349 4.065696 4.09793 4.125554 4.153706 4.186069 4.223026 4.262534 4.301767 4.338203 4.370529 4.398808 4.423648 4.445694 4.465585 4.483872 4.500885 4.516704 4.531302 4.544653 4.556666 4.56697 4.574923 -9999 -9999 -9999 -9999 -9999 -9999 -9999 -9999 -9999 -9999 -9999 -9999 -9999 -9999 -9999 -9999 -9999 -9999 -9999 -9999 -9999 -9999 -9999 -9999 -9999 -9999 -9999 -9999 -9999 -9999
3.353992 3.362894 3.377811 3.399144 3.427133 3.461933 3.503679 3.552454 3.607825 3.667666 3.728836 3.789365 3.848815 3.907515 3.965228 4.020057 4.06918 4.110771 4.145601 4.176897 4.209076 4.245766 4.28734 4.331748 4.375952 4.416764 4.452103 4.482038 4.507597 4.529789 4.549461 4.567241 4.58337 4.59771 4.610032 4.620223 4.628243 4.633936 -9999 -9999 -9999 -9999 -9999 -9999 -9999 -9999 -9999 -9999 -9999 -9999 -9999 -9999 -9999 -9999 -9999 -9999 -9999 -9999 -9999 -9999 -9999 -9999 -9999 -9999 -9999 -9999 -9999 -9999 -9999
3.402324 3.413514 3.430719 3.454482 3.48515 3.522888 3.567661 3.619159 3.676415 3.736398 3.795139 3.850829 3.903902 3.955747 4.007249 4.057837 4.106005 4.150323 4.190473 4.22795 4.265817 4.307028 4.352407 4.40054 4.448634 4.493278 4.531885 4.56437 4.591736 4.615011 4.635087 4.652647 4.667854 4.680327 4.689701 4.695908 4.699105 -9999 -9999 -9999 -9999 -9999 -9999 -9999 -9999 -9999 -9999 -9999 -9999 -9999 -9999 -9999 -9999 -9999 -9999 -9999 -9999 -9999 -9999 -9999 -9999 -9999 -9999 -9999 -9999 -9999 -9999 -9999 -9999
3.451278 3.465642 3.486031 3.513099 3.547267 3.588648 3.63692 3.691104 3.748998 3.806527 3.859627 3.907449 3.952068 3.996396 4.042543 4.090949 4.140743 4.190217 4.237417 4.281819 4.325073 4.369681 4.417126 4.467013 4.517236 4.564734 4.606972 4.643207 4.673862 4.699621 4.721165 4.739083 4.753432 4.763638 4.769382 4.770848 -9999 -9999 -9999 -9999 -9999 -9999 -9999 -9999 -9999 -9999 -9999 -9999 -9999 -9999 -9999 -9999 -9999 -9999 -9999 -9999 -9999 -9999 -9999 -9999 -9999 -9999 -9999 -9999 -9999 -9999 -9999 -9999 -9999
3.499654 3.517591 3.541466 3.571996 3.609615 3.654316 3.705396 3.76109 3.818065 3.87141 3.917133 3.956059 3.992414 4.030758 4.074291 4.123902 4.178437 4.235154 4.289937 4.34037 4.387241 4.433182 4.480612 4.530345 4.58125 4.630883 4.676781 4.717503 4.752604 4.782121 4.806241 4.825123 4.838549 4.846014 4.84751 4.843651 -9999 -9999 -9999 -9999 -9999 -9999 -9999 -9999 -9999 -9999 -9999 -9999 -9999 -9999 -9999 -9999 -9999 -9999 -9999 -9999 -9999 -9999 -9999 -9999 -9999 -9999 -9999 -9999 -9999 -9999 -9999 -9999 -9999
