ASPA-UH-SWB2_REPO/input/ET_Process/feb_et_clipped.asc
ncols         350
nrows         200
xllcorner     515000
yllcorner     8409000
cellsize      100
NODATA_value  -9999
[rows 62 to 92 of 200, columns 138 to 206 of 350]
-9999 -9999 -9999 -9999 -9999 -9999 -9999 -9999 -9999 -9999 -9999 -9999 3.668598 3.649055 3.629338 3.609425 3.589307 3.568981 3.548455 3.527739 3.506856 3.485842 3.464748 3.443654 3.422669 3.401939 3.381638 3.361958 3.343088 3.325199 3.308425 3.292848 3.278499 3.265376 3.253474 3.242821 3.23349 3.225613 3.219385 3.215044 3.212834 3.212979 3.21564 3.220869 3.22857 3.238489 3.250212 3.263203 3.276853 3.290552 3.303806 3.316297 3.327833 3.338292 3.347607 3.355746 3.36271 3.368526 3.37324 3.376922 3.379655 3.381539 3.382688 3.382637 3.380999 3.378027 3.373989 3.369157 3.3638
-9999 -9999 -9999 -9999 -9999 -9999 -9999 -9999 -9999 -9999 -9999 3.670972 3.651693 3.632067 3.612286 3.592339 3.572222 3.551936 3.531488 3.510885 3.49014 3.469275 3.448327 3.427356 3.406456 3.385762 3.365446 3.345696 3.326698 3.308613 3.291562 3.275622 3.260822 3.247167 3.234668 3.223367 3.213366 3.204831 3.197988 3.193103 3.190456 3.190311 3.192864 3.198189 3.206201 3.216632 3.229049 3.242882 3.257497 3.272269 3.286678 3.300356 3.313061 3.324644 3.335016 3.344134 3.351991 3.358612 3.364042 3.368351 3.371628 3.373975 3.375512 3.375791 3.374445 3.371739 3.367954 3.363374 3.358279
-9999 -9999 -9999 -9999 -9999 -9999 -9999 -9999 -9999 -9999 -9999 3.654227 3.634771 3.61501 3.595116 3.57509 3.554936 3.534659 3.514268 3.493766 3.47316 3.452458 3.431681 3.410866 3.390091 3.36948 3.3492 3.329439 3.310378 3.292169 3.274923 3.258706 3.243543 3.22944 3.216412 3.204511 3.193855 3.184641 3.177125 3.171595 3.168376 3.167777 3.17004 3.175276 3.183416 3.19419 3.207139 3.221669 3.237124 3.252862 3.268338 3.283139 3.296979 3.30967 3.3211 3.33121 3.339985 3.347443 3.353629 3.358611 3.362479 3.36534 3.367319 3.367991 3.367015 3.364668 3.361242 3.357032 3.352326
-9999 -9999 -9999 -9999 -9999 -9999 -9999 -9999 -9999 -9999 3.656933 3.637582 3.61789 3.597934 3.57787 3.557709 3.537467 3.517155 3.496783 3.476356 3.455871 3.435326 3.414726 3.394089 3.373471 3.352983 3.332793 3.313087 3.294042 3.275801 3.258464 3.242089 3.226692 3.212275 3.198845 3.186456 3.175232 3.165393 3.157216 3.151013 3.147151 3.145994 3.147838 3.152844 3.16097 3.171944 3.185288 3.20038 3.216537 3.233106 3.249516 3.26532 3.280195 3.293919 3.306354 3.317425 3.327103 3.335399 3.342353 3.348032 3.352524 3.35594 3.358405 3.359525 3.358992 3.357093 3.354129 3.350401 3.346204
-9999 -9999 -9999 -9999 -9999 -9999 -9999 -9999 3.679677 3.660307 3.640803 3.621099 3.601112 3.580899 3.5606 3.540243 3.519852 3.49945 3.47905 3.458653 3.438255 3.417843 3.397408 3.376953 3.356513 3.336188 3.316146 3.29657 3.277629 3.259461 3.242157 3.225767 3.210299 3.19574 3.18209 3.169388 3.157755 3.147421 3.138677 3.131855 3.127361 3.125614 3.126975 3.131665 3.139679 3.150747 3.164363 3.179874 3.196578 3.213804 3.230969 3.247604 3.263359 3.277986 3.291323 3.303276 3.313804 3.322906 3.330615 3.336993 3.342125 3.346121 3.349107 3.350723 3.350699 3.349329 3.346923 3.343785 3.340211
-9999 -9999 -9999 -9999 -9999 -9999 -9999 3.68445 3.664708 3.644883 3.624943 3.604839 3.5845 3.563968 3.543371 3.522752 3.50215 3.481597 3.461111 3.440696 3.42034 3.400022 3.379724 3.359437 3.339188 3.319067 3.299234 3.279862 3.261117 3.243131 3.225993 3.209745 3.194386 3.179891 3.16624 3.153455 3.141638 3.131013 3.12188 3.114583 3.109562 3.107284 3.108174 3.112521 3.120371 3.131452 3.145221 3.160995 3.178054 3.195725 3.213424 3.230674 3.247109 3.262463 3.276557 3.289277 3.300566 3.310413 3.31884 3.325899 3.331672 3.336261 3.339794 3.341946 3.342489 3.341724 3.339962 3.337511 3.334666
-9999 -9999 -9999 -9999 -9999 -9999 3.690393 3.670285 3.65009 3.629802 3.609403 3.588859 3.568118 3.547211 3.526257 3.505313 3.484438 3.463674 3.443047 3.42256 3.4022 3.381937 3.361743 3.341607 3.321553 3.301668 3.282091 3.26299 3.244525 3.226826 3.209982 3.194032 3.178969 3.164756 3.151351 3.138748 3.127022 3.116377 3.107109 3.099573 3.094231 3.091584 3.092104 3.096152 3.103827 3.114852 3.128642 3.144488 3.161674 3.179542 3.197518 3.215133 3.232017 3.247895 3.26257 3.275914 3.287855 3.298366 3.307454 3.315164 3.321564 3.326752 3.330848 3.33357 3.33473 3.334634 3.333594 3.331918 3.329895
-9999 -9999 -9999 -9999 -9999 3.697306 3.676946 3.656451 3.635829 3.615085 3.594216 3.573207 3.552026 3.530697 3.509332 3.488011 3.466807 3.445779 3.424959 3.404357 3.383952 3.363709 3.343596 3.323597 3.303739 3.284101 3.264812 3.246029 3.22791 3.210588 3.194153 3.178646 3.164057 3.150338 3.137427 3.125287 3.113957 3.103605 3.094518 3.087058 3.081696 3.078948 3.079308 3.083172 3.090696 3.101587 3.11523 3.130923 3.147977 3.165766 3.183746 3.201463 3.218553 3.234737 3.249809 3.263625 3.276096 3.287178 3.296865 3.305183 3.312192 3.317976 3.322651 3.325969 3.32779 3.328418 3.328168 3.327342 3.326222
-9999 -9999 -9999 -9999 3.704782 3.684367 3.663741 3.642916 3.621908 3.600731 3.579399 3.557914 3.536268 3.514484 3.492672 3.470932 3.449357 3.428021 3.406971 3.386218 3.365738 3.345492 3.32544 3.305568 3.285898 3.266509 3.247522 3.229088 3.211363 3.194485 3.178552 3.16361 3.149649 3.136614 3.124424 3.113015 3.102384 3.092653 3.084091 3.077066 3.072052 3.069557 3.070062 3.073948 3.08136 3.09201 3.105313 3.12061 3.137267 3.154706 3.172423 3.189989 3.207055 3.223339 3.238629 3.252769 3.265652 3.277216 3.287436 3.296324 3.30392 3.310298 3.315562 3.319501 3.322019 3.32342 3.324014 3.3241 3.323947
-9999 -9999 -9999 3.712266 3.692035 3.67151 3.650701 3.629619 3.608283 3.586715 3.564944 3.542991 3.520872 3.498616 3.476335 3.454152 3.432181 3.410512 3.389206 3.368279 3.347706 3.327439 3.307434 3.287676 3.268188 3.249043 3.23036 3.212289 3.194988 3.178603 3.163241 3.148958 3.135747 3.123547 3.112265 3.101811 3.092145 3.08334 3.07564 3.069415 3.065126 3.06325 3.064222 3.068353 3.075717 3.086051 3.098853 3.113549 3.129581 3.146439 3.163668 3.180871 3.197715 3.213925 3.229282 3.243618 3.256811 3.26878 3.279481 3.288903 3.297072 3.304044 3.309908 3.314492 3.317737 3.319948 3.321431 3.322473 3.323336
-9999 -9999 3.719131 3.699327 3.679159 3.658625 3.637727 3.616474 3.594883 3.572983 3.550813 3.528418 3.505836 3.483108 3.460357 3.437728 3.415355 3.393346 3.371774 3.350663 3.329984 3.309684 3.289716 3.270063 3.250747 3.231841 3.213462 3.19576 3.178901 3.163039 3.148296 3.134738 3.122363 3.111107 3.100867 3.09153 3.083029 3.075399 3.068857 3.063759 3.06052 3.059563 3.061249 3.0658 3.073214 3.08324 3.095469 3.109443 3.124707 3.140832 3.157418 3.174109 3.190591 3.206599 3.221912 3.236353 3.249783 3.262101 3.273244 3.283181 3.291915 3.299486 3.305968 3.311219 3.315219 3.318269 3.320668 3.322697 3.324603
-9999 3.724773 3.705607 3.686028 3.666024 3.645582 3.624696 3.603366 3.581606 3.559448 3.536939 3.514142 3.491124 3.467944 3.444738 3.42168 3.398923 3.376587 3.354756 3.33346 3.312668 3.292326 3.272388 3.252835 3.233689 3.215021 3.196947 3.179622 3.163216 3.1479 3.133807 3.121017 3.109535 3.099295 3.090181 3.082066 3.074861 3.06858 3.063419 3.059685 3.057723 3.057883 3.060439 3.065529 3.07309 3.082874 3.094551 3.10779 3.12225 3.137588 3.153468 3.169576 3.185626 3.201364 3.216571 3.231064 3.244691 3.257332 3.268903 3.27935 3.288655 3.296839 3.303958 3.309898 3.314674 3.31858 3.321911 3.324937 3.327894
3.728681 3.710315 3.691508 3.67224 3.652491 3.632237 3.611461 3.590155 3.568323 3.545993 3.523218 3.500077 3.476665 3.453065 3.429438 3.405984 3.382875 3.360244 3.338176 3.316701 3.295797 3.275414 3.255508 3.23606 3.217091 3.198671 3.180915 3.16398 3.148046 3.133294 3.119876 3.107884 3.09733 3.088146 3.080208 3.073376 3.067548 3.06272 3.059056 3.056806 3.056233 3.057598 3.06109 3.066776 3.074556 3.084188 3.095411 3.108005 3.121732 3.136331 3.151531 3.167065 3.182679 3.198139 3.213231 3.227768 3.241587 3.254553 3.266557 3.277527 3.287421 3.296239 3.304018 3.31067 3.316237 3.321007 3.325268 3.329282 3.333272
3.713033 3.695122 3.676733 3.657841 3.63842 3.618437 3.597865 3.576681 3.554877 3.532472 3.509518 3.486105 3.462354 3.438381 3.414377 3.39057 3.367151 3.344261 3.321984 3.300353 3.279353 3.258944 3.239086 3.219763 3.200995 3.18285 3.165442 3.148929 3.133497 3.119336 3.106618 3.095447 3.085843 3.077733 3.070988 3.065461 3.061038 3.057693 3.055552 3.054806 3.055632 3.058202 3.062625 3.068912 3.076948 3.086526 3.097448 3.109558 3.122698 3.136681 3.151299 3.166336 3.181573 3.196797 3.211808 3.226418 3.240456 3.25377 3.266235 3.277754 3.288263 3.297739 3.306203 3.313585 3.31995 3.325578 3.330751 3.335723 3.340706
3.696666 3.679233 3.661289 3.642808 3.623759 3.604106 3.583809 3.562833 3.541152 3.518769 3.495727 3.472121 3.448095 3.4238 3.399467 3.375356 3.351674 3.328565 3.306117 3.284364 3.263301 3.242898 3.223122 3.203961 3.185433 3.167606 3.150592 3.134547 3.11966 3.106131 3.094143 3.083818 3.075176 3.068144 3.062589 3.05836 3.055334 3.053453 3.052805 3.053519 3.055691 3.059408 3.064712 3.07157 3.079871 3.089458 3.100186 3.111943 3.124624 3.138103 3.152232 3.166844 3.18176 3.196795 3.211762 3.226478 3.240769 3.254469 3.267435 3.279545 3.290713 3.300894 3.31009 3.318245 3.32544 3.331949 3.338045 3.343977 3.349943
3.679612 3.662652 3.64515 3.627084 3.608424 3.589134 3.569166 3.54847 3.527002 3.504741 3.481712 3.458002 3.433772 3.409214 3.384605 3.360241 3.336343 3.313061 3.290486 3.268658 3.247583 3.227238 3.207601 3.188659 3.170434 3.152991 3.136438 3.120931 3.106657 3.09382 3.08261 3.073159 3.065488 3.059525 3.055137 3.052171 3.050493 3.050016 3.050782 3.052865 3.056287 3.06106 3.067167 3.07455 3.083111 3.092737 3.103329 3.114815 3.127131 3.140199 3.153925 3.168188 3.182848 3.197752 3.21273 3.22761 3.242213 3.256364 3.269899 3.282674 3.294577 3.305539 3.315542 3.324541 3.332629 3.340069 3.347128 3.354047 3.361015
3.661795 3.645277 3.628188 3.610515 3.592237 3.57332 3.553718 3.533367 3.512202 3.490171 3.467268 3.443562 3.419217 3.394464 3.369637 3.345074 3.321008 3.297598 3.274942 3.253095 3.232071 3.211857 3.192436 3.173799 3.155966 3.139 3.123007 3.108139 3.094579 3.082526 3.072166 3.063626 3.056933 3.052018 3.048754 3.046988 3.046572 3.047395 3.049458 3.052784 3.057332 3.063052 3.069883 3.077748 3.086567 3.096262 3.106779 3.118078 3.130132 3.142906 3.156345 3.170373 3.184887 3.199763 3.214854 3.229995 3.245009 3.259708 3.27391 3.287445 3.300175 3.312005 3.322895 3.332807 3.341842 3.35025 3.358291 3.366197 3.374151
3.643162 3.62703 3.610299 3.592968 3.575034 3.556476 3.53725 3.517287 3.496501 3.474805 3.452151 3.428573 3.404224 3.379364 3.354386 3.329674 3.30548 3.281982 3.259296 3.237491 3.216594 3.196599 3.177494 3.159268 3.141943 3.125574 3.110267 3.096165 3.083444 3.072289 3.062868 3.055297 3.0496 3.045718 3.043531 3.042887 3.043631 3.045629 3.048852 3.05328 3.058821 3.06538 3.072857 3.081166 3.090241 3.100039 3.11054 3.12174 3.133642 3.146245 3.159531 3.173459 3.187962 3.202942 3.218274 3.233802 3.249348 3.264714 3.279698 3.294102 3.307757 3.320541 3.332393 3.34328 3.353304 3.362702 3.371722 3.380588 3.389479
3.623689 3.607867 3.591412 3.574345 3.556685 3.538432 3.519558 3.499993 3.479634 3.458359 3.436069 3.412747 3.388519 3.363665 3.338619 3.313805 3.289524 3.265983 3.243325 3.221635 3.200953 3.181281 3.162607 3.144921 3.128238 3.112611 3.098137 3.084951 3.073213 3.063085 3.054712 3.048185 3.043525 3.040678 3.039529 3.039932 3.041729 3.044775 3.049017 3.054406 3.060812 3.068104 3.076158 3.084878 3.094214 3.104154 3.114707 3.125899 3.137763 3.150326 3.163599 3.177575 3.192214 3.207444 3.223157 3.239208 3.255416 3.271575 3.287457 3.302837 3.317512 3.331328 3.344204 3.35611 3.367147 3.377534 3.387506 3.397281 3.407033
3.603393 3.587788 3.571507 3.554598 3.53711 3.519072 3.500479 3.481274 3.461343 3.440534 3.418692 3.395733 3.371739 3.347002 3.321985 3.297151 3.272852 3.249341 3.226789 3.205304 3.18494 3.165709 3.1476 3.130597 3.114711 3.099987 3.086516 3.074416 3.063823 3.054871 3.04767 3.042285 3.038723 3.036928 3.036793 3.038178 3.040931 3.044905 3.050035 3.05625 3.0634 3.071331 3.079902 3.089012 3.098629 3.108761 3.119446 3.130733 3.142681 3.15534 3.168749 3.182924 3.19785 3.213476 3.229712 3.246419 3.263416 3.28048 3.297364 3.31381 3.32958 3.344485 3.358424 3.371372 3.383422 3.394774 3.405648 3.416252 3.426764
3.582333 3.566844 3.550622 3.533747 3.5163 3.498351 3.479925 3.460987 3.441423 3.421058 3.399688 3.377156 3.353479 3.328963 3.304099 3.27937 3.255174 3.231803 3.209463 3.188292 3.168364 3.149703 3.132302 3.116142 3.101222 3.087584 3.075304 3.064481 3.055218 3.047609 3.041723 3.037594 3.035206 3.034498 3.035368 3.037685 3.041312 3.046107 3.052007 3.058932 3.06672 3.075209 3.084252 3.093753 3.103688 3.114083 3.124994 3.136493 3.148656 3.161557 3.175253 3.18978 3.205143 3.221309 3.238199 3.255682 3.273572 3.291634 3.309593 3.327163 3.344068 3.360087 3.375098 3.389078 3.402113 3.414376 3.426071 3.437401 3.448544
3.560616 3.545143 3.528867 3.511893 3.494345 3.476331 3.457921 3.439108 3.419788 3.399769 3.378809 3.356701 3.333408 3.309231 3.284666 3.260203 3.236261 3.213169 3.191173 3.170441 3.151076 3.133124 3.116585 3.101436 3.087667 3.075314 3.064437 3.055104 3.047375 3.041295 3.036884 3.034134 3.033007 3.03343 3.035307 3.038523 3.042956 3.048489 3.055066 3.062608 3.070955 3.079945 3.089439 3.09935 3.10966 3.120404 3.131651 3.143489 3.156013 3.169309 3.18345 3.198486 3.214432 3.23127 3.24893 3.267286 3.286148 3.305263 3.32433 3.34303 3.361061 3.378173 3.394226 3.409194 3.423146 3.43623 3.448634 3.460556 3.472179
3.538385 3.522849 3.506417 3.489226 3.471436 3.453202 3.434641 3.415784 3.396546 3.37672 3.356046 3.334298 3.311431 3.287704 3.263583 3.239544 3.216017 3.193357 3.171844 3.151684 3.133013 3.115909 3.100386 3.086424 3.074006 3.063157 3.053916 3.046305 3.040332 3.035979 3.033209 3.031969 3.032191 3.033793 3.036686 3.040776 3.045969 3.052176 3.059366 3.067467 3.076327 3.085798 3.095753 3.106115 3.116872 3.128063 3.13977 3.15209 3.165129 3.178983 3.193734 3.209433 3.226105 3.243734 3.262259 3.281558 3.301434 3.321615 3.341774 3.36156 3.380648 3.398775 3.415785 3.43164 3.446393 3.460164 3.473128 3.485477 3.497403
3.515813 3.500162 3.483505 3.466008 3.447867 3.429279 3.410414 3.391352 3.372032 3.352244 3.331722 3.310252 3.28779 3.26456 3.240979 3.217492 3.19452 3.172436 3.151545 3.132088 3.114241 3.098116 3.083758 3.071162 3.060307 3.051202 3.043842 3.038199 3.034208 3.031781 3.030817 3.03121 3.032863 3.035687 3.039606 3.044553 3.050472 3.057319 3.065088 3.073723 3.083092 3.093062 3.103517 3.114395 3.125689 3.137445 3.149746 3.1627 3.176418 3.191001 3.206528 3.223048 3.240581 3.259106 3.278566 3.298841 3.319731 3.340945 3.362121 3.382889 3.402905 3.421901 3.439708 3.456283 3.471659 3.485933 3.499267 3.511853 3.523888
3.49308 3.477299 3.460392 3.442549 3.424001 3.404983 3.385709 3.366311 3.346764 3.326866 3.306363 3.28507 3.262946 3.240194 3.217185 3.194325 3.172017 3.150631 3.13049 3.111868 3.094977 3.079974 3.066937 3.055888 3.046811 3.039683 3.034449 3.031009 3.029221 3.028908 3.029896 3.032026 3.035171 3.039243 3.044188 3.049979 3.056607 3.064078 3.072424 3.081608 3.091519 3.102039 3.113072 3.124563 3.136507 3.148957 3.162 3.175746 3.19031 3.205791 3.22226 3.239754 3.258273 3.277784 3.298219 3.319462 3.341314 3.363461 3.385516 3.407088 3.42783 3.447473 3.465845 3.482902 3.498664 3.513208 3.526689 3.539297 3.551236
3.470345 3.454463 3.437333 3.419163 3.400214 3.380759 3.361041 3.34123 3.321336 3.301187 3.280574 3.25934 3.237456 3.215115 3.192662 3.170461 3.14889 3.128308 3.109043 3.091393 3.075613 3.061893 3.050352 3.041039 3.033945 3.02901 3.026121 3.025096 3.025694 3.02765 3.030707 3.034642 3.039307 3.044623 3.050576 3.057191 3.064519 3.072626 3.081579 3.091361 3.101883 3.113047 3.124768 3.136997 3.149732 3.163022 3.176957 3.191651 3.20722 3.223757 3.241321 3.259925 3.27954 3.300102 3.321523 3.34368 3.366376 3.389279 3.411984 3.434098 3.455283 3.475278 3.493917 3.511159 3.527019 3.541564 3.554942 3.567346 3.578985
3.447724 3.431819 3.414536 3.396111 3.37683 3.35699 3.336851 3.316599 3.296274 3.275774 3.254939 3.233655 3.211914 3.18991 3.167974 3.146439 3.125662 3.105984 3.087727 3.071206 3.056706 3.044453 3.034597 3.02721 3.022285 3.019733 3.019372 3.020931 3.024062 3.028396 3.033578 3.039334 3.045495 3.052013 3.058929 3.066339 3.074365 3.083138 3.092755 3.103219 3.114464 3.126405 3.138963 3.152085 3.165767 3.180053 3.195028 3.210811 3.227519 3.245242 3.264021 3.283836 3.304617 3.326258 3.348635 3.3716 3.394942 3.418329 3.441365 3.463675 3.484943 3.504931 3.523487 3.540575 3.556211 3.570463 3.583482 3.595462 3.606616
3.425278 3.409456 3.392139 3.373581 3.354077 3.33394 3.313442 3.292777 3.272016 3.251121 3.23 3.208588 3.186917 3.16519 3.143735 3.122873 3.102946 3.084284 3.067194 3.051997 3.03899 3.028419 3.020451 3.015175 3.012582 3.012554 3.014846 3.019095 3.024845 3.0316 3.0389 3.046419 3.053988 3.061615 3.069417 3.077577 3.086302 3.095786 3.106157 3.117422 3.129539 3.142429 3.156004 3.170202 3.185002 3.200436 3.216585 3.233566 3.251504 3.270489 3.290542 3.311604 3.333551 3.356225 3.379451 3.403039 3.426751 3.450272 3.473246 3.495341 3.51628 3.535857 3.553947 3.570521 3.585601 3.59927 3.611684 3.623041 3.633554
3.402992 3.387398 3.370204 3.351672 3.332105 3.31181 3.291063 3.270064 3.248922 3.227655 3.206243 3.184686 3.163054 3.141584 3.120606 3.100453 3.081463 3.06396 3.048246 3.03462 3.023367 3.014724 3.008861 3.005869 3.00574 3.008329 3.013334 3.020298 3.028646 3.037765 3.047096 3.056249 3.065071 3.073655 3.082233 3.091088 3.100512 3.110767 3.122002 3.134223 3.147395 3.161431 3.176225 3.191691 3.207779 3.224499 3.241924 3.260167 3.279361 3.299603 3.3209 3.343144 3.366148 3.389694 3.413551 3.437477 3.461213 3.484468 3.506946 3.528376 3.548543 3.567291 3.584525 3.60023 3.614441 3.627263 3.638862 3.64944 3.659206
3.380795 3.365605 3.34874 3.330451 3.311025 3.290762 3.269928 3.248734 3.227323 3.205775 3.184138 3.162474 3.140914 3.119733 3.09929 3.079939 3.062034 3.0459 3.031827 3.020077 3.010887 3.004454 3.000923 3.000377 3.002804 3.008042 3.015737 3.025337 3.036154 3.047462 3.05861 3.069162 3.079021 3.088389 3.097612 3.107098 3.117232 3.128329 3.140553 3.153898 3.168321 3.18371 3.199924 3.216835 3.234357 3.252471 3.271224 3.290728 3.311122 3.332517 3.354908 3.378134 3.40195 3.426076 3.450224 3.474111 3.497458 3.520009 3.541532 3.561842 3.580799 3.598309 3.614322 3.62884 3.641915 3.653681 3.664317 3.674021 3.682992
3.358581 3.34402 3.327739 3.309958 3.290938 3.270951 3.250253 3.229062 3.207556 3.18587 3.164125 3.142459 3.121071 3.100283 3.080501 3.062129 3.045545 3.031076 3.018984 3.009474 3.002705 2.998805 2.997853 2.999907 3.004946 3.0128 3.023071 3.035114 3.048126 3.061289 3.073905 3.085531 3.096149 3.106093 3.115845 3.125906 3.136756 3.148776 3.162115 3.176744 3.192599 3.209522 3.227324 3.245818 3.264867 3.284412 3.30448 3.325167 3.346614 3.368939 3.39213 3.415986 3.440217 3.4645 3.488499 3.511892 3.534391 3.555775 3.575891 3.594648 3.611994 3.627906 3.642386 3.65546 3.66721 3.677793 3.687396 3.696205 3.704403
