ASPA-UH-SWB2_REPO/input/ET_Process/feb_et_clipped.asc
ncols         350
nrows         200
xllcorner     515000
yllcorner     8409000
cellsize      100
NODATA_value  -9999
[rows 93 to 123 of 200, columns 69 to 137 of 350]
4.011746 4.005811 4.000065 3.994363 3.988564 3.982545 3.976211 3.969591 3.962702 3.955486 3.947924 3.940034 3.931854 3.923438 3.914842 3.906119 3.897315 3.888463 3.879588 3.870706 3.86183 3.852967 3.844121 3.835297 3.826489 3.817692 3.808888 3.800056 3.791159 3.782156 3.772993 3.763612 3.754025 3.744243 3.734208 3.723874 3.713211 3.702214 3.690899 3.679312 3.667517 3.655597 3.643646 3.631764 3.620045 3.608566 3.597375 3.586473 3.575802 3.565239 3.554607 3.543688 3.532254 3.5201 3.507092 3.493206 3.478564 3.463569 3.448714 3.434445 3.421226 3.409417 3.399148 3.390254 3.382311 3.374754 3.366937 3.358245 3.348138
3.997088 3.991117 3.985331 3.979585 3.97374 3.967676 3.961301 3.954632 3.947663 3.940332 3.932625 3.924567 3.916205 3.907602 3.898823 3.889928 3.880968 3.871983 3.863 3.854037 3.845101 3.836198 3.827326 3.818479 3.809646 3.800809 3.791945 3.783023 3.774002 3.764836 3.755474 3.74586 3.736013 3.725941 3.715585 3.704902 3.693871 3.682496 3.670813 3.658881 3.646781 3.634614 3.622488 3.610516 3.598801 3.587425 3.576435 3.565821 3.555511 3.545355 3.535143 3.524612 3.513479 3.501484 3.488439 3.474282 3.459131 3.443406 3.427634 3.412337 3.398083 3.385365 3.374418 3.365098 3.356995 3.349529 3.342072 3.333993 3.324743
3.982926 3.976888 3.971025 3.965193 3.959258 3.953104 3.946646 3.939888 3.932802 3.925322 3.917439 3.909184 3.900615 3.8918 3.882814 3.873723 3.864586 3.855446 3.846333 3.837266 3.828252 3.81929 3.810372 3.801484 3.792605 3.783707 3.774758 3.765719 3.756546 3.747189 3.737598 3.727725 3.717592 3.707208 3.696512 3.685466 3.674057 3.662304 3.650258 3.637995 3.625614 3.613228 3.600961 3.588935 3.577261 3.566024 3.555265 3.544968 3.535045 3.525326 3.515569 3.505473 3.494705 3.482951 3.469965 3.45564 3.440074 3.423698 3.40706 3.390752 3.375446 3.361748 3.349995 3.340101 3.331675 3.324189 3.317034 3.309585 3.301298
3.969393 3.963251 3.957266 3.951299 3.94522 3.938922 3.932329 3.925434 3.918186 3.91052 3.90243 3.893952 3.885151 3.876103 3.866889 3.857582 3.848245 3.838929 3.829667 3.820476 3.811364 3.802323 3.793339 3.784389 3.77544 3.766458 3.757398 3.748215 3.738859 3.729281 3.719434 3.709276 3.698837 3.688123 3.677074 3.665656 3.653868 3.641743 3.629347 3.616774 3.604137 3.591562 3.579183 3.567129 3.555516 3.544427 3.533901 3.523913 3.514361 3.505062 3.495749 3.486086 3.475703 3.464234 3.45138 3.436984 3.421115 3.404195 3.386791 3.369563 3.353274 3.338601 3.325962 3.315357 3.306498 3.298909 3.292029 3.285266 3.278075
3.956618 3.950332 3.944177 3.938019 3.931737 3.925233 3.918444 3.911355 3.903896 3.896005 3.887676 3.878951 3.869896 3.860595 3.851134 3.841593 3.832041 3.822531 3.813101 3.803768 3.794538 3.785399 3.776329 3.767295 3.758255 3.749163 3.739966 3.730612 3.721046 3.711219 3.701088 3.690622 3.679859 3.6688 3.657391 3.645603 3.633443 3.620961 3.608238 3.595382 3.582516 3.569778 3.557309 3.545243 3.533693 3.522741 3.512418 3.502694 3.493458 3.484513 3.475576 3.46629 3.456253 3.445061 3.43237 3.417975 3.401906 3.384564 3.366519 3.348508 3.331343 3.315765 3.302238 3.290893 3.281558 3.273855 3.267286 3.261299 3.255346
3.944719 3.938246 3.931869 3.925462 3.918913 3.912138 3.905092 3.897751 3.89003 3.881871 3.873271 3.864271 3.854943 3.845371 3.835648 3.825859 3.816076 3.806359 3.796746 3.787256 3.777892 3.768638 3.759463 3.750326 3.741174 3.731949 3.722591 3.71304 3.703238 3.693138 3.682702 3.671911 3.660808 3.649397 3.637626 3.625475 3.612962 3.600148 3.587128 3.574019 3.560955 3.54808 3.535537 3.523461 3.511961 3.501113 3.49094 3.481405 3.47239 3.463692 3.455018 3.445996 3.436206 3.425217 3.412658 3.398287 3.382104 3.364456 3.345921 3.327281 3.3094 3.293025 3.278714 3.266706 3.256957 3.249202 3.243029 3.237938 3.2334
3.933792 3.927088 3.920436 3.913719 3.90684 3.899729 3.892365 3.884717 3.876684 3.868216 3.85931 3.85001 3.840387 3.830529 3.820532 3.810484 3.800462 3.790528 3.780721 3.771063 3.761552 3.752168 3.742874 3.733616 3.724334 3.714958 3.705419 3.695651 3.685593 3.675201 3.664445 3.653317 3.64187 3.630105 3.617979 3.605481 3.592642 3.57953 3.566247 3.552919 3.539687 3.526697 3.514093 3.502002 3.490529 3.479739 3.469646 3.460204 3.451292 3.442704 3.434143 3.425233 3.41554 3.404623 3.392096 3.377715 3.361458 3.343624 3.324778 3.305713 3.287295 3.270323 3.255406 3.242889 3.232859 3.225171 3.219524 3.215477 3.212518
3.923893 3.916912 3.909931 3.902845 3.895573 3.888069 3.880331 3.872325 3.863936 3.855118 3.845875 3.83625 3.826316 3.816162 3.805883 3.795571 3.785305 3.775148 3.765143 3.755309 3.745642 3.736119 3.726693 3.717304 3.707878 3.698337 3.688602 3.678602 3.668278 3.657584 3.646502 3.635038 3.623251 3.611142 3.598679 3.58586 3.572726 3.55935 3.545843 3.532332 3.518962 3.505878 3.49322 3.481108 3.469635 3.458852 3.448764 3.439316 3.430383 3.421758 3.413152 3.404185 3.394422 3.383418 3.370797 3.356319 3.33999 3.322112 3.303162 3.283899 3.265184 3.247841 3.232533 3.219706 3.209565 3.202105 3.197119 3.194248 3.19302
3.915013 3.907715 3.900358 3.892853 3.885139 3.877193 3.869038 3.860636 3.851853 3.842654 3.833045 3.823074 3.812811 3.802347 3.791777 3.781193 3.770676 3.760292 3.750082 3.740066 3.730238 3.720569 3.711007 3.70148 3.691907 3.682198 3.672266 3.662035 3.651444 3.640456 3.629057 3.617269 3.605158 3.592725 3.579947 3.566834 3.553435 3.539829 3.52613 3.512469 3.498989 3.485835 3.473136 3.461004 3.449517 3.438712 3.428576 3.419045 3.409988 3.401205 3.392411 3.383233 3.373237 3.361994 3.349141 3.334478 3.318073 3.300217 3.281296 3.262 3.243171 3.225636 3.210107 3.19712 3.187011 3.179891 3.175675 3.174098 3.174732
3.907149 3.899501 3.89173 3.883769 3.875577 3.867156 3.858554 3.849725 3.840521 3.830913 3.820915 3.810574 3.799964 3.789173 3.778298 3.767431 3.756653 3.746031 3.735608 3.725403 3.715408 3.70559 3.695889 3.686227 3.67651 3.666639 3.65652 3.64607 3.63523 3.623965 3.612272 3.600185 3.587777 3.575048 3.561985 3.548608 3.534972 3.521167 3.507307 3.493526 3.479964 3.466761 3.45404 3.441899 3.430399 3.419558 3.409346 3.399684 3.390431 3.381391 3.372293 3.36277 3.352401 3.340778 3.327577 3.312649 3.296135 3.278296 3.259437 3.240182 3.221327 3.203691 3.188031 3.174976 3.164967 3.158257 3.154881 3.154679 3.157283
3.900295 3.892269 3.884057 3.875611 3.866915 3.857996 3.848926 3.839651 3.830004 3.819969 3.809563 3.798837 3.787865 3.776736 3.765545 3.754385 3.743339 3.732471 3.721828 3.711428 3.701262 3.691293 3.681454 3.671658 3.661803 3.651781 3.641488 3.630839 3.619773 3.608259 3.596304 3.583954 3.571285 3.558297 3.544986 3.531383 3.517551 3.503582 3.489596 3.475725 3.462109 3.448881 3.436156 3.424018 3.41251 3.401631 3.391329 3.381508 3.372016 3.362658 3.353172 3.343207 3.332366 3.320273 3.306657 3.29143 3.274779 3.256953 3.238159 3.218972 3.200132 3.182446 3.166714 3.15363 3.143757 3.137472 3.13495 3.136137 3.140759
3.894395 3.885979 3.877311 3.868368 3.859159 3.84973 3.840184 3.830453 3.820355 3.809882 3.799059 3.787939 3.776598 3.765125 3.753613 3.742156 3.730835 3.719719 3.708852 3.698254 3.687915 3.677794 3.667819 3.657895 3.64791 3.637748 3.6273 3.616475 3.605212 3.593485 3.581306 3.568734 3.555848 3.542645 3.529133 3.515349 3.501363 3.487273 3.4732 3.459275 3.445636 3.432409 3.4197 3.40758 3.396077 3.385168 3.37478 3.364798 3.355061 3.345366 3.335453 3.325001 3.313644 3.301054 3.287013 3.271484 3.254705 3.236889 3.218166 3.199051 3.180238 3.162521 3.146717 3.1336 3.12383 3.11792 3.11618 3.118696 3.125284
3.889358 3.880557 3.871439 3.862005 3.852287 3.842357 3.832339 3.822156 3.811609 3.800699 3.78946 3.777947 3.766238 3.754422 3.742592 3.730838 3.719245 3.70788 3.696788 3.685993 3.675482 3.665212 3.655106 3.645059 3.634954 3.624667 3.614083 3.603109 3.591684 3.579781 3.56742 3.554672 3.541615 3.528247 3.514583 3.500669 3.48658 3.472417 3.458302 3.444364 3.430735 3.417538 3.404869 3.39279 3.381311 3.37039 3.359936 3.349813 3.339848 3.329834 3.319514 3.308591 3.296744 3.283699 3.269275 3.253506 3.236647 3.218866 3.20023 3.181195 3.162407 3.144645 3.128743 3.115528 3.105767 3.100096 3.098982 3.102654 3.111044
3.885067 3.875906 3.866364 3.856464 3.846262 3.835853 3.825383 3.814766 3.803785 3.792453 3.78081 3.768916 3.75685 3.744701 3.732561 3.720521 3.708663 3.697054 3.685744 3.674755 3.664077 3.653663 3.643432 3.633273 3.623059 3.612662 3.601963 3.590868 3.579311 3.567271 3.554772 3.541893 3.528715 3.515234 3.501472 3.487483 3.473345 3.459162 3.445054 3.431149 3.417572 3.404439 3.39184 3.379826 3.368397 3.357493 3.347002 3.336772 3.326622 3.316338 3.305678 3.294367 3.282131 3.268731 3.254051 3.238148 3.221297 3.203628 3.185129 3.166202 3.147453 3.129629 3.113571 3.10016 3.09025 3.084614 3.083871 3.08841 3.098308
3.881403 3.871922 3.861997 3.851674 3.841029 3.830181 3.819293 3.808272 3.796886 3.785158 3.773136 3.760883 3.748482 3.73602 3.72359 3.711281 3.699174 3.687336 3.675817 3.664643 3.653805 3.643257 3.63291 3.622646 3.612335 3.601842 3.591049 3.579856 3.568201 3.556061 3.543467 3.530504 3.517253 3.503711 3.489907 3.475898 3.461769 3.447624 3.433579 3.419757 3.40628 3.393252 3.380757 3.36884 3.357491 3.346635 3.336144 3.325855 3.315583 3.305117 3.294225 3.282661 3.270188 3.256612 3.241854 3.22599 3.209297 3.191862 3.173598 3.154852 3.136181 3.118291 3.102027 3.0883 3.078055 3.072186 3.071475 3.076483 3.087462
3.878248 3.868498 3.858246 3.847556 3.836525 3.825288 3.814031 3.802649 3.790899 3.778814 3.766448 3.753871 3.741166 3.728422 3.71573 3.703179 3.690847 3.678802 3.667094 3.655748 3.644763 3.634088 3.623632 3.613271 3.602871 3.592296 3.581425 3.57016 3.558435 3.546233 3.533584 3.520582 3.507307 3.493755 3.479963 3.465993 3.451932 3.437882 3.423958 3.410276 3.396949 3.384076 3.371728 3.359944 3.348708 3.337933 3.327486 3.317199 3.306886 3.29635 3.285372 3.273736 3.261229 3.247699 3.233099 3.217504 3.201173 3.184152 3.166275 3.14784 3.129329 3.111414 3.094913 3.080772 3.07 3.063605 3.062527 3.067518 3.07903
3.875499 3.865538 3.855022 3.844031 3.832678 3.821116 3.809547 3.797858 3.785795 3.773401 3.760738 3.74788 3.734913 3.721926 3.709011 3.696253 3.683731 3.671509 3.659637 3.648141 3.637021 3.626228 3.615666 3.605211 3.594728 3.584081 3.573149 3.561833 3.550069 3.537838 3.525175 3.512177 3.498924 3.485413 3.471687 3.457812 3.443877 3.429981 3.416235 3.40275 3.389628 3.376959 3.364806 3.353197 3.342107 3.331451 3.321098 3.310884 3.300633 3.290159 3.279265 3.267758 3.25546 3.242245 3.228074 3.213019 3.197312 3.180936 3.163669 3.145725 3.127522 3.109673 3.092968 3.078357 3.066896 3.059699 3.057845 3.062286 3.073689
3.873069 3.862956 3.852243 3.841021 3.829417 3.8176 3.805784 3.793849 3.781532 3.768887 3.755981 3.742894 3.729714 3.716531 3.703436 3.690514 3.67784 3.665478 3.653475 3.641856 3.630616 3.61971 3.609044 3.598495 3.587933 3.577223 3.566245 3.5549 3.543125 3.5309 3.518263 3.505311 3.492124 3.478703 3.465095 3.45137 3.437616 3.42393 3.410418 3.397181 3.384315 3.371898 3.359984 3.348589 3.337686 3.327196 3.316997 3.306939 3.296863 3.286597 3.275972 3.264815 3.252983 3.240366 3.226929 3.212722 3.197935 3.18249 3.166099 3.148894 3.131213 3.113595 3.096785 3.081719 3.069484 3.061269 3.058284 3.061656 3.072276
3.870889 3.860681 3.849834 3.838452 3.82667 3.814669 3.802674 3.790559 3.778053 3.765219 3.752131 3.738873 3.725534 3.712208 3.698982 3.685941 3.673158 3.660694 3.648592 3.636874 3.625533 3.614521 3.603752 3.593112 3.582476 3.571713 3.560705 3.549355 3.537597 3.525414 3.512841 3.499978 3.486902 3.473618 3.460178 3.446655 3.433133 3.419708 3.406479 3.393539 3.380974 3.368851 3.357213 3.346072 3.335401 3.325131 3.315156 3.305345 3.29556 3.285653 3.27548 3.264899 3.25379 3.242059 3.229668 3.216626 3.203077 3.188881 3.173675 3.15751 3.140624 3.123476 3.106745 3.091333 3.078335 3.068997 3.064633 3.066516 3.075737
3.868907 3.858652 3.847733 3.836257 3.824369 3.812256 3.80015 3.78792 3.775293 3.762335 3.749128 3.735759 3.72232 3.708902 3.695596 3.682482 3.669632 3.657102 3.644931 3.633137 3.621708 3.610601 3.599738 3.589015 3.578314 3.567512 3.556493 3.545162 3.533454 3.521348 3.50888 3.496148 3.483227 3.470128 3.456906 3.443632 3.430391 3.417273 3.40437 3.391768 3.379542 3.367749 3.356424 3.345576 3.335182 3.325189 3.315511 3.30604 3.296662 3.287261 3.277712 3.267914 3.257767 3.247189 3.236133 3.224573 3.212583 3.199959 3.186272 3.171481 3.155719 3.139342 3.122949 3.107389 3.093751 3.083315 3.077474 3.077618 3.084989
3.867082 3.856824 3.845886 3.834378 3.822448 3.81029 3.798139 3.78586 3.773175 3.76016 3.746897 3.733477 3.719994 3.70654 3.693202 3.680059 3.667181 3.654617 3.642403 3.630553 3.619054 3.607867 3.596923 3.586129 3.575377 3.564553 3.553546 3.542263 3.530638 3.518649 3.506329 3.493772 3.481054 3.468188 3.455231 3.442254 3.429338 3.416568 3.404028 3.391798 3.379944 3.368513 3.357535 3.347017 3.336948 3.32729 3.317978 3.308936 3.300072 3.291301 3.282532 3.273694 3.26471 3.255514 3.246045 3.236239 3.226101 3.215354 3.203519 3.190445 3.176157 3.160896 3.14516 3.129731 3.115671 3.104279 3.097008 3.095337 3.100612
3.865385 3.855157 3.844245 3.832758 3.820848 3.808706 3.796571 3.784302 3.771623 3.758611 3.745353 3.73194 3.718467 3.705025 3.691702 3.678572 3.6657 3.653133 3.640901 3.629015 3.617464 3.606214 3.595206 3.58436 3.573579 3.562755 3.551787 3.540584 3.529079 3.517248 3.505121 3.492789 3.480323 3.467739 3.455096 3.442461 3.429913 3.417529 3.405388 3.39356 3.382104 3.371063 3.360463 3.350315 3.340617 3.331349 3.322472 3.313932 3.305673 3.297635 3.289764 3.282016 3.274343 3.266693 3.258997 3.251155 3.243101 3.234489 3.224795 3.213762 3.201296 3.187509 3.172784 3.157813 3.143619 3.131502 3.122956 3.119515 3.122577
3.863793 3.853623 3.842775 3.831356 3.819515 3.807444 3.795377 3.783174 3.770556 3.757604 3.744404 3.731051 3.717637 3.704254 3.690986 3.677906 3.665073 3.65253 3.640304 3.628403 3.61682 3.605528 3.59448 3.583606 3.57282 3.562026 3.551127 3.540038 3.528693 3.517066 3.505183 3.493126 3.480965 3.468716 3.456436 3.444192 3.432053 3.420094 3.408383 3.396986 3.385957 3.375333 3.365142 3.355402 3.346119 3.337293 3.328905 3.320932 3.313345 3.306108 3.299208 3.292627 3.286343 3.280322 3.274494 3.268737 3.262905 3.256604 3.249265 3.240536 3.230198 3.218226 3.204866 3.190707 3.176708 3.164163 3.154582 3.149524 3.150398
3.862292 3.852201 3.841448 3.830136 3.818408 3.806452 3.7945 3.782408 3.7699 3.757056 3.743963 3.730715 3.717403 3.704118 3.690939 3.677939 3.665174 3.652682 3.640485 3.628592 3.617001 3.605694 3.594633 3.583762 3.573004 3.562272 3.551478 3.540541 3.529399 3.518025 3.506438 3.494712 3.482909 3.471049 3.459185 3.447379 3.435695 3.424199 3.412956 3.402023 3.39145 3.381275 3.371528 3.362232 3.353407 3.345066 3.337212 3.329847 3.322968 3.31657 3.310664 3.30526 3.300364 3.295962 3.291995 3.288321 3.284737 3.280804 3.275925 3.269662 3.261678 3.251806 3.240143 3.227146 3.213703 3.201088 3.190818 3.184453 3.18339
3.860877 3.850884 3.84025 3.829075 3.817495 3.805691 3.79389 3.781946 3.769588 3.756894 3.743948 3.730843 3.717669 3.704512 3.691452 3.678558 3.665883 3.653463 3.64132 3.629461 3.61789 3.606599 3.595561 3.584728 3.574035 3.563405 3.552757 3.542014 3.531121 3.520049 3.508811 3.49747 3.486081 3.474665 3.463271 3.451954 3.440772 3.429785 3.419049 3.408619 3.39854 3.388853 3.379589 3.370779 3.36245 3.354629 3.34734 3.340606 3.334447 3.328881 3.323939 3.319659 3.316067 3.313173 3.310941 3.309225 3.307776 3.306127 3.303668 3.299893 3.294369 3.286797 3.277111 3.265617 3.253117 3.240871 3.230395 3.223237 3.220774
3.859555 3.849674 3.83918 3.828164 3.816759 3.805136 3.793514 3.781749 3.769572 3.757059 3.744292 3.73136 3.718351 3.705348 3.69243 3.679661 3.667094 3.654767 3.642699 3.630903 3.619387 3.60815 3.597173 3.586419 3.575832 3.565345 3.554884 3.544382 3.533785 3.523064 3.512227 3.501325 3.490406 3.479489 3.468619 3.457843 3.447214 3.436783 3.426602 3.416721 3.407184 3.39803 3.389295 3.381014 3.373222 3.365953 3.35925 3.35315 3.347692 3.342911 3.338856 3.33558 3.333134 3.331549 3.330813 3.330799 3.331235 3.331629 3.331384 3.329953 3.32684 3.321642 3.314138 3.304464 3.293332 3.281996 3.271963 3.264749 3.261702
3.858349 3.848589 3.838249 3.827412 3.8162 3.80478 3.793357 3.781791 3.76982 3.757512 3.744948 3.732212 3.719388 3.706559 3.693799 3.681172 3.668731 3.656513 3.644544 3.63284 3.621414 3.61027 3.599395 3.588762 3.578323 3.568021 3.557792 3.547575 3.537319 3.526997 3.516611 3.506198 3.495801 3.485438 3.475145 3.464964 3.454939 3.445116 3.435541 3.426261 3.417317 3.40875 3.400597 3.392894 3.385681 3.378996 3.372893 3.367418 3.362613 3.358535 3.355241 3.352798 3.351275 3.350725 3.35116 3.35248 3.35441 3.356463 3.358068 3.358672 3.357752 3.354844 3.349621 3.342054 3.332768 3.323002 3.314214 3.307862 3.305261
3.857293 3.847665 3.837489 3.826842 3.815838 3.804632 3.793423 3.782071 3.77032 3.758235 3.74589 3.733366 3.720744 3.708103 3.695517 3.683047 3.670748 3.65866 3.646813 3.635229 3.623926 3.61291 3.602176 3.591702 3.581451 3.571374 3.561417 3.551526 3.541655 3.531776 3.521884 3.512008 3.502181 3.492421 3.482756 3.47322 3.46385 3.454685 3.44577 3.437144 3.42885 3.420926 3.41341 3.406339 3.399749 3.39368 3.388183 3.383307 3.379094 3.375608 3.372913 3.371089 3.37022 3.37038 3.371602 3.373807 3.376743 3.379958 3.382935 3.385144 3.386066 3.385221 3.382239 3.377033 3.370139 3.362681 3.356019 3.35153 3.350491
3.85644 3.846949 3.836945 3.826495 3.815707 3.804724 3.793735 3.782605 3.771084 3.759232 3.747118 3.734818 3.72241 3.70997 3.697569 3.685271 3.673131 3.661193 3.649491 3.638054 3.626902 3.616046 3.605484 3.595203 3.585174 3.575357 3.565707 3.556177 3.546726 3.537326 3.527968 3.518668 3.509453 3.500338 3.491345 3.482498 3.473828 3.46537 3.457161 3.449242 3.44165 3.434425 3.427602 3.421212 3.415289 3.409863 3.404976 3.400666 3.396971 3.393949 3.39167 3.390223 3.389704 3.39021 3.391795 3.394401 3.397817 3.401668 3.405505 3.408855 3.411236 3.412195 3.411386 3.40875 3.404728 3.400259 3.396545 3.394855 3.396415
3.855856 3.846507 3.836678 3.826431 3.81586 3.805103 3.794337 3.783431 3.772146 3.760532 3.748655 3.736586 3.7244 3.71217 3.699967 3.687855 3.67589 3.66412 3.652585 3.641317 3.630339 3.619667 3.609305 3.599243 3.589462 3.579932 3.570615 3.561472 3.552468 3.543575 3.534779 3.526085 3.517514 3.509078 3.500789 3.492666 3.484732 3.477017 3.469555 3.462384 3.455541 3.449062 3.442979 3.437316 3.432096 3.427335 3.423056 3.419279 3.416023 3.413338 3.41129 3.40997 3.409488 3.409959 3.41147 3.414 3.417408 3.421409 3.425641 3.429718 3.433236 3.435806 3.437152 3.437239 3.436419 3.435438 3.435303 3.437144 3.442106
3.85562 3.846415 3.836763 3.826716 3.816364 3.805831 3.795286 3.784604 3.773553 3.76218 3.750542 3.738708 3.72675 3.714738 3.702742 3.690828 3.679053 3.667468 3.656116 3.645035 3.63425 3.62378 3.613635 3.603811 3.594296 3.585069 3.576102 3.567364 3.558823 3.550452 3.542235 3.534165 3.526256 3.518517 3.510952 3.503572 3.496394 3.489444 3.482753 3.476357 3.470294 3.464595 3.459286 3.454385 3.449896 3.445815 3.442139 3.438862 3.43598 3.433518 3.431531 3.43011 3.429373 3.429464 3.430501 3.432538 3.435521 3.439271 3.443526 3.448015 3.452439 3.456506 3.460008 3.462919 3.465495 3.468297 3.472125 3.477938 3.486767
