ASPA-UH-SWB2_REPO/input/ET_Process/feb_et_clipped.asc
ncols         350
nrows         200
xllcorner     515000
yllcorner     8409000
cellsize      100
NODATA_value  -9999
[rows 62 to 92 of 200, columns 207 to 275 of 350]
3.358181 3.352546 3.347129 3.34214 3.33777 3.334184 3.331521 3.32989 3.329369 3.330002 3.331799 3.334733 3.338747 3.343747 3.349615 3.35621 3.363374 3.370946 3.378744 3.386644 3.394603 3.402549 3.410405 3.418092 3.425529 3.432646 3.439378 3.445678 3.451514 3.456878 3.461782 3.466264 3.470385 3.474224 3.477879 3.48146 3.485078 3.488846 3.49287 3.497254 3.502097 3.507509 3.513625 3.520613 3.528338 3.536722 3.546096 3.556821 3.569231 3.583564 3.599874 3.617929 3.637175 3.656846 3.676096 3.694107 3.710194 3.72397 3.735464 3.744985 3.75289 3.759485 3.765022 3.769723 3.773808 3.777511 3.781089 3.784827 3.789033
3.352941 3.347614 3.342535 3.33792 3.333965 3.330836 3.328675 3.327592 3.327665 3.328936 3.331408 3.335047 3.339782 3.345506 3.352083 3.359354 3.367146 3.375289 3.383606 3.391983 3.400393 3.408772 3.417053 3.425167 3.433046 3.440626 3.447854 3.45469 3.461107 3.467103 3.472693 3.477921 3.482847 3.487556 3.492146 3.496724 3.501398 3.506269 3.511426 3.516942 3.522877 3.529296 3.536278 3.543943 3.552195 3.561018 3.570759 3.581806 3.59453 3.609212 3.62596 3.644557 3.664396 3.684646 3.704389 3.722723 3.738853 3.752264 3.762974 3.771352 3.777833 3.782822 3.786668 3.789681 3.79215 3.794359 3.796598 3.799174 3.802399
3.347399 3.342512 3.337903 3.333792 3.330372 3.327813 3.326256 3.325812 3.326556 3.328529 3.331728 3.33611 3.341593 3.348056 3.355348 3.363295 3.371714 3.380429 3.389262 3.398117 3.406978 3.41579 3.424491 3.433025 3.441334 3.449364 3.457071 3.464421 3.471394 3.477992 3.484236 3.49017 3.49586 3.501393 3.506869 3.512398 3.518084 3.524022 3.530285 3.53692 3.543951 3.551392 3.559268 3.567639 3.576437 3.585707 3.595804 3.607137 3.620099 3.634993 3.651941 3.670733 3.690743 3.71111 3.730886 3.749127 3.764998 3.777951 3.787969 3.795413 3.800751 3.804449 3.806931 3.808577 3.809736 3.810736 3.811901 3.813552 3.81601
3.341815 3.337495 3.333482 3.329993 3.32722 3.325331 3.324465 3.324733 3.326208 3.328928 3.332885 3.338028 3.344263 3.351459 3.359451 3.368057 3.377088 3.386364 3.395706 3.405033 3.414344 3.423584 3.432701 3.441648 3.450376 3.458842 3.467008 3.474848 3.48235 3.489516 3.496373 3.502966 3.509365 3.515659 3.521954 3.528361 3.534986 3.541922 3.549228 3.556929 3.565017 3.573459 3.582222 3.591304 3.600653 3.610366 3.620802 3.632383 3.645506 3.660466 3.67736 3.69596 3.71567 3.735654 3.75497 3.772685 3.787993 3.80039 3.80981 3.816546 3.821053 3.823822 3.825323 3.825987 3.826207 3.82635 3.826764 3.827785 3.829739
3.336478 3.332845 3.329544 3.326786 3.324759 3.323625 3.323523 3.324559 3.326806 3.330299 3.335026 3.340928 3.347902 3.355805 3.364467 3.3737 3.383313 3.393123 3.402953 3.412739 3.422487 3.432147 3.441671 3.451019 3.460152 3.469037 3.477642 3.485948 3.493946 3.501643 3.509066 3.516263 3.523306 3.530287 3.537314 3.544505 3.55197 3.559799 3.568046 3.576719 3.585777 3.595147 3.604743 3.614502 3.624379 3.63451 3.645256 3.657029 3.670209 3.68506 3.701638 3.719703 3.738708 3.757873 3.776315 3.793162 3.807683 3.819423 3.828288 3.834498 3.838461 3.840657 3.841569 3.841655 3.841338 3.841008 3.841031 3.841751 3.843497
3.331698 3.32886 3.326375 3.324445 3.32325 3.322945 3.323662 3.325507 3.328551 3.332827 3.338318 3.34496 3.352643 3.361215 3.370502 3.380314 3.390461 3.40076 3.411043 3.42126 3.431425 3.441484 3.451398 3.46113 3.47065 3.479932 3.488952 3.497694 3.506154 3.51434 3.522279 3.53002 3.537634 3.545216 3.552878 3.560741 3.568922 3.577514 3.586567 3.596073 3.605966 3.616136 3.626453 3.636804 3.647151 3.65766 3.668667 3.680558 3.693673 3.708234 3.724261 3.741518 3.75951 3.777541 3.794818 3.810567 3.824147 3.835156 3.84349 3.849311 3.85297 3.854909 3.855601 3.855503 3.855047 3.854635 3.854636 3.855398 3.857247
3.32779 3.325842 3.324265 3.323248 3.322957 3.32354 3.32512 3.327801 3.331651 3.336704 3.342941 3.350292 3.358639 3.367828 3.37768 3.388007 3.398623 3.409354 3.420039 3.430645 3.44119 3.451618 3.461891 3.47198 3.481861 3.491512 3.500917 3.510063 3.518947 3.527577 3.53598 3.544201 3.552311 3.560404 3.568594 3.577007 3.585767 3.594971 3.60467 3.614841 3.625396 3.636192 3.647067 3.657875 3.668603 3.679427 3.690631 3.702548 3.715471 3.729577 3.744866 3.761117 3.777893 3.794592 3.810533 3.825052 3.837606 3.84785 3.855682 3.861226 3.864778 3.866734 3.867531 3.867608 3.867388 3.867264 3.867601 3.86874 3.870998
3.325061 3.324086 3.323494 3.323459 3.324133 3.32565 3.328125 3.331656 3.336311 3.342125 3.349078 3.357095 3.366052 3.37579 3.386133 3.396898 3.407907 3.418995 3.430017 3.440956 3.451828 3.462579 3.473171 3.483578 3.493783 3.503768 3.513521 3.523033 3.532298 3.541325 3.550136 3.558772 3.567301 3.575815 3.584429 3.59327 3.602468 3.612127 3.622298 3.632951 3.643974 3.655204 3.666456 3.677566 3.688552 3.69959 3.710892 3.722728 3.735336 3.748855 3.763271 3.778387 3.793833 3.809104 3.823635 3.836876 3.848381 3.857866 3.865244 -9999 3.874227 3.876427 3.877609 3.878177 3.878525 3.879025 3.880025 3.881851 3.884804
3.323797 3.323859 3.324314 3.325316 3.327 3.329486 3.332879 3.337267 3.342719 3.34927 3.356901 3.36553 3.375029 3.38524 3.39599 3.407104 3.418417 3.429778 3.441061 3.452261 3.463397 3.474409 3.485264 3.495939 3.50642 3.516694 3.526751 3.536581 3.546181 3.555553 3.564715 3.573703 3.582577 3.591427 3.600365 3.60952 3.619023 3.628984 3.639459 3.650406 3.661701 3.673168 3.684615 3.69587 3.70697 3.718085 3.729361 3.740997 3.753177 3.766004 3.77946 3.793377 3.807453 3.821279 3.834399 3.846379 3.856865 3.865635 -9999 -9999 -9999 -9999 3.88618 3.887504 3.888704 3.89012 3.892069 3.894853 3.898751
3.324245 3.32539 3.326933 3.329009 3.331735 3.335215 3.339539 3.344788 3.351023 3.358282 3.366545 3.375724 3.38569 3.396288 3.407353 3.418722 3.430244 3.441788 3.453246 3.464628 3.47595 3.487154 3.498204 3.509084 3.519781 3.530288 3.540594 3.550691 3.560571 3.570233 3.579687 3.588961 3.598109 3.607215 3.616389 3.625758 3.635452 3.64558 3.656197 3.667259 3.678637 3.690156 3.701622 3.71286 3.723923 3.734969 3.746083 3.757401 3.769054 3.781117 3.793567 3.806273 3.818995 3.831416 3.843184 3.853969 3.863505 -9999 -9999 -9999 -9999 -9999 -9999 3.895938 3.898224 3.900795 3.90393 3.907897 3.912949
3.326596 3.328848 3.331499 3.334666 3.338449 3.342932 3.348194 3.354301 3.361308 3.369244 3.378086 3.387747 3.3981 3.408998 3.420287 3.431817 3.443455 3.455089 3.466635 3.478115 3.489539 3.500852 3.512022 3.523034 3.53388 3.544553 3.555044 3.565345 3.575444 3.585333 3.595016 3.604511 3.613863 3.623152 3.632483 3.641979 3.651766 3.661945 3.672562 3.683576 3.69487 3.706272 3.717597 3.728669 3.73955 3.750386 3.761211 3.772104 3.783153 3.794405 3.805843 3.817365 3.828793 3.839891 3.850404 3.860093 3.868778 -9999 -9999 -9999 -9999 -9999 -9999 -9999 -9999 3.911309 3.915815 3.921142 3.927506
3.330973 3.33433 3.338085 3.342338 3.347169 3.352648 3.358838 3.365793 3.373552 3.382131 3.3915 3.401579 3.412247 3.423367 3.434797 3.446404 3.458073 3.469712 3.481262 3.492754 3.504197 3.515537 3.526745 3.53781 3.548728 3.559492 3.570097 3.58053 3.590776 3.600823 3.610666 3.620313 3.629802 3.639202 3.648617 3.658162 3.667954 3.678082 3.688583 3.699422 3.710492 3.721639 3.732685 3.743461 3.754035 3.76454 3.774966 3.78535 3.79574 3.806167 3.816615 3.827013 -9999 -9999 -9999 -9999 -9999 -9999 -9999 -9999 -9999 -9999 -9999 -9999 -9999 3.921908 3.927912 3.93472 3.942503
3.337415 3.341847 3.346675 3.35198 3.357829 3.364275 3.371366 3.379139 3.387619 3.396806 3.406661 3.417106 3.428033 3.439313 3.450821 3.462439 3.47407 3.485644 3.497124 3.508554 3.519935 3.53122 3.542385 3.553424 3.564333 3.575111 3.585751 3.596237 3.606552 3.616678 3.626605 3.636331 3.645884 3.655329 3.664761 3.674284 3.684004 3.693995 3.704289 3.714854 3.725597 3.73638 3.747042 3.757418 3.767586 3.777665 3.787612 3.797428 3.807133 3.816744 3.82625 -9999 -9999 -9999 -9999 -9999 -9999 -9999 -9999 -9999 -9999 -9999 -9999 -9999 3.925881 3.932801 3.940372 3.948721 3.957978
3.345861 3.351313 3.357154 3.363453 3.370262 3.377622 3.385566 3.394115 3.403276 3.413033 3.423339 3.434119 3.445269 3.456674 3.468221 3.479809 3.491358 3.502819 3.514174 3.525477 3.53673 3.547889 3.558938 3.569874 3.580698 3.591411 3.602003 3.61246 3.622759 3.63288 3.642807 3.652533 3.662081 3.671506 3.680891 3.690328 3.699907 3.709692 3.719709 3.729928 3.740271 3.750616 3.760817 3.770723 3.780416 3.790004 3.79942 3.808639 3.817659 3.826488 -9999 -9999 -9999 -9999 -9999 -9999 -9999 -9999 -9999 -9999 -9999 -9999 -9999 3.92779 3.935672 3.944148 3.953297 3.963199 3.973933
3.356095 3.362544 3.369372 3.376636 3.384377 3.392624 3.401394 3.41069 3.420504 3.430804 3.441536 3.452622 3.463964 3.475457 3.487002 3.498514 3.509932 3.521225 3.532397 3.543509 3.554563 3.565526 3.576384 3.587141 3.597802 3.60837 3.618835 3.62918 3.63938 3.649412 3.659256 3.668905 3.678376 3.687712 3.696983 3.706265 3.715635 3.725144 3.734813 3.744617 3.754489 3.764325 3.773997 3.783369 3.792527 3.801568 3.810406 3.819001 3.827338 3.835421 -9999 -9999 -9999 -9999 -9999 -9999 -9999 -9999 -9999 -9999 -9999 -9999 3.927957 3.936697 3.946069 3.956102 3.966825 3.978269 3.990468
3.368172 3.37562 3.383431 3.391652 3.400313 3.409429 3.419 3.429016 3.43945 3.450258 3.461377 3.472724 3.484208 3.495734 3.507215 3.518585 3.529803 3.540859 3.55178 3.562631 3.573415 3.584104 3.594695 3.605194 3.615614 3.625957 3.636215 3.646368 3.656388 3.66625 3.675933 3.685428 3.694746 3.703921 3.713006 3.722063 3.731152 3.740316 3.749569 3.758893 3.768231 3.777497 3.786585 3.795377 3.803958 3.81241 3.820642 3.828605 3.83628 -9999 -9999 -9999 -9999 -9999 -9999 -9999 -9999 -9999 -9999 -9999 -9999 -9999 3.936428 3.946539 3.957381 3.968938 3.981192 3.994128 4.007737
3.382285 3.390693 3.399441 3.408567 3.41809 3.428014 3.438324 3.448996 3.459988 3.471243 3.482688 3.494241 3.50581 3.51731 3.52867 3.53984 3.5508 3.561564 3.572181 3.582717 3.593172 3.603527 3.613786 3.623962 3.634071 3.644118 3.654095 3.66398 3.673744 3.683362 3.692811 3.70208 3.711175 3.720119 3.728952 3.73772 3.746471 3.755236 3.764029 3.772833 3.781605 3.790276 3.798762 3.806967 3.81497 3.822837 3.830478 3.837843 -9999 -9999 -9999 -9999 -9999 -9999 -9999 -9999 -9999 -9999 -9999 -9999 -9999 -9999 3.946244 3.957658 3.969882 3.98286 3.996532 4.010842 4.025743
3.398525 3.407818 3.417417 3.427355 3.437644 3.448276 3.459228 3.470459 3.481917 3.493533 3.505228 3.516915 3.528506 3.539922 3.551106 3.562025 3.572683 3.583115 3.59339 3.603576 3.613661 3.623639 3.633521 3.643324 3.653069 3.662761 3.672394 3.681947 3.691391 3.700701 3.709854 3.718836 3.727647 3.736301 3.744827 3.753257 3.761626 3.769959 3.778266 3.786536 3.794737 3.802819 3.810717 3.81836 3.825819 3.83314 3.840241 3.847076 -9999 -9999 -9999 -9999 -9999 -9999 -9999 -9999 -9999 -9999 -9999 -9999 -9999 -9999 -9999 3.970243 3.983707 3.997948 4.012872 4.028389 4.044418
3.416896 3.426963 3.437292 3.447914 3.458838 3.470047 3.48151 3.493176 3.504984 3.516855 3.528705 3.540444 3.551987 3.56326 3.574218 3.584846 3.595168 3.605241 3.615156 3.624973 3.634666 3.644243 3.653719 3.66312 3.672464 3.681761 3.691005 3.700179 3.709257 3.718212 3.727021 3.735668 3.744149 3.75247 3.760647 3.768704 3.776666 3.784552 3.792369 3.800112 3.807762 3.815284 3.822635 3.829769 3.836743 3.843584 -9999 -9999 -9999 -9999 -9999 -9999 -9999 -9999 -9999 -9999 -9999 -9999 -9999 -9999 -9999 -9999 -9999 -9999 -9999 4.014166 4.030142 4.046665 4.063626
3.437321 3.448021 3.45893 3.47008 3.481478 3.493106 3.504925 3.516881 3.528901 3.540905 3.552803 3.564503 3.575922 3.586993 3.597678 3.607982 3.617947 3.627651 3.637203 3.646648 3.655947 3.665116 3.674178 3.683162 3.692089 3.70097 3.709803 3.718571 3.727254 3.735825 3.744262 3.752546 3.760668 3.768628 3.776435 3.784103 3.79165 3.79909 3.806432 3.813675 3.820811 3.827823 3.834687 3.841381 3.847948 -9999 -9999 -9999 -9999 -9999 -9999 -9999 -9999 -9999 -9999 -9999 -9999 -9999 -9999 -9999 -9999 -9999 -9999 -9999 -9999 -9999 4.048184 4.065494 4.083178
3.459648 3.47082 3.482134 3.493633 3.505325 3.517194 3.5292 3.541282 3.553367 3.565368 3.577196 3.58876 3.599977 3.610786 3.62116 3.631116 3.640715 3.650052 3.65925 3.668337 3.677255 3.686027 3.694684 3.703256 3.711768 3.720233 3.728651 3.737011 3.745292 3.753471 3.761525 3.769436 3.777189 3.784781 3.792213 3.799494 3.806636 3.81365 3.820547 3.827333 3.834009 3.840574 3.847025 3.853359 -9999 -9999 -9999 -9999 -9999 -9999 -9999 -9999 -9999 -9999 -9999 -9999 -9999 -9999 -9999 -9999 -9999 -9999 -9999 -9999 -9999 -9999 4.066782 4.084656 4.102847
3.483659 3.495121 3.506653 3.518307 3.530103 3.542027 3.55404 3.566081 3.578074 3.589933 3.601569 3.612895 3.623833 3.634325 3.644351 3.653946 3.663183 3.672167 3.681033 3.689787 3.698349 3.70675 3.715026 3.72321 3.731329 3.739398 3.747419 3.755384 3.763278 3.771077 3.778759 3.786305 3.793699 3.800933 3.808005 3.814918 3.821681 3.828304 3.834801 3.841183 3.847463 3.853654 3.85977 -9999 -9999 -9999 -9999 -9999 -9999 -9999 -9999 -9999 -9999 -9999 -9999 -9999 -9999 -9999 -9999 -9999 -9999 -9999 -9999 -9999 -9999 -9999 -9999 4.10391 4.122399
3.509075 3.520633 3.532185 3.5438 3.555507 3.5673 3.579143 3.590976 3.602725 3.614306 3.625632 3.636621 3.647202 3.657325 3.666982 3.676212 3.685097 3.693751 3.702314 3.710769 3.719012 3.727081 3.735015 3.742848 3.750611 3.75832 3.76598 3.773586 3.781124 3.788573 3.795912 3.803122 3.810184 3.817089 3.82383 3.83041 3.836834 -9999 -9999 -9999 -9999 -9999 -9999 -9999 -9999 -9999 -9999 -9999 -9999 -9999 -9999 -9999 -9999 -9999 -9999 -9999 -9999 -9999 -9999 -9999 -9999 -9999 -9999 -9999 -9999 -9999 -9999 -9999 4.141613
3.535554 3.547013 3.558391 3.569776 3.581212 3.5927 3.604208 3.61568 3.627044 3.638221 3.64913 3.659694 3.669852 3.679565 3.688833 3.6977 3.706251 3.714602 3.722897 3.731091 3.739059 3.746842 3.754482 3.762016 3.769474 3.776875 3.784225 3.791521 3.798751 3.805898 3.812939 3.819856 3.82663 3.833249 3.839706 3.846001 -9999 -9999 -9999 -9999 -9999 -9999 -9999 -9999 -9999 -9999 -9999 -9999 -9999 -9999 -9999 -9999 -9999 -9999 -9999 -9999 -9999 -9999 -9999 -9999 -9999 -9999 -9999 -9999 -9999 -9999 -9999 -9999 -9999
3.562701 3.573872 3.584895 3.595879 3.606881 3.617909 3.628938 3.639915 3.650775 3.661443 3.671846 3.681916 3.691602 3.700876 3.709744 3.718254 3.72649 3.734567 3.742626 3.750599 3.75834 3.765891 3.773294 3.780588 3.787802 3.794957 3.802059 3.809109 3.816093 3.822997 3.8298 3.836482 3.843024 3.849415 3.855644 -9999 -9999 -9999 -9999 -9999 -9999 -9999 -9999 -9999 -9999 -9999 -9999 -9999 -9999 -9999 -9999 -9999 -9999 -9999 -9999 -9999 -9999 -9999 -9999 -9999 -9999 -9999 -9999 -9999 -9999 -9999 -9999 -9999 -9999
3.590067 3.600782 3.611296 3.621735 3.632169 3.642613 3.653047 3.663424 3.673687 3.683768 3.693603 3.703133 3.712317 3.721136 3.729604 3.737767 3.745709 3.753541 3.761397 3.769188 3.776749 3.784122 3.79135 3.798468 3.805507 3.812486 3.819413 3.826287 3.833098 3.83983 3.846463 3.852978 3.859356 3.865584 -9999 -9999 -9999 -9999 -9999 -9999 -9999 -9999 -9999 -9999 -9999 -9999 -9999 -9999 -9999 -9999 -9999 -9999 -9999 -9999 -9999 -9999 -9999 -9999 -9999 -9999 -9999 -9999 -9999 -9999 -9999 -9999 -9999 -9999 -9999
3.617157 3.627284 3.637174 3.646964 3.656733 3.666504 3.676262 3.685969 3.695576 3.705024 3.714257 3.723227 3.7319 3.740266 3.748342 3.756177 3.763849 3.771465 3.779149 3.786794 3.794223 3.801474 3.808588 3.815598 3.822534 3.829411 3.836239 3.843014 3.849729 3.856366 3.862906 3.869329 3.875617 -9999 -9999 -9999 -9999 -9999 -9999 -9999 -9999 -9999 -9999 -9999 -9999 -9999 -9999 -9999 -9999 -9999 -9999 -9999 -9999 -9999 -9999 -9999 -9999 -9999 -9999 -9999 -9999 -9999 -9999 -9999 -9999 -9999 -9999 -9999 -9999
3.643439 3.652893 3.662092 3.671176 3.68023 3.689282 3.698328 3.707338 3.71627 3.725075 3.733704 3.742119 3.750294 3.758226 3.765934 3.773467 3.780898 3.788326 3.795868 3.803402 3.810742 3.817924 3.824985 3.831954 3.838856 3.845707 3.852513 3.85927 3.865968 3.872591 3.879118 3.885528 -9999 -9999 -9999 -9999 -9999 -9999 -9999 -9999 -9999 -9999 -9999 -9999 -9999 -9999 -9999 -9999 -9999 -9999 -9999 -9999 -9999 -9999 -9999 -9999 -9999 -9999 -9999 -9999 -9999 -9999 -9999 -9999 -9999 -9999 -9999 -9999 -9999
3.668366 3.677111 3.685607 3.693985 3.702327 3.710671 3.71902 3.727352 3.735632 3.743819 3.751876 3.75977 3.767484 3.775018 3.782395 3.789661 3.796885 3.804157 3.811583 3.819036 3.826329 3.833492 3.840555 3.847546 3.854484 3.861381 3.86824 3.875057 3.881817 3.888505 3.895097 -9999 -9999 -9999 -9999 -9999 -9999 -9999 -9999 -9999 -9999 -9999 -9999 -9999 -9999 -9999 -9999 -9999 -9999 -9999 -9999 -9999 -9999 -9999 -9999 -9999 -9999 -9999 -9999 -9999 -9999 -9999 -9999 -9999 -9999 -9999 -9999 -9999 -9999
3.691419 3.699476 3.707309 3.715037 3.722733 3.730437 3.738156 3.745877 3.753572 3.761208 3.768756 3.77619 3.7835 3.790691 3.797786 3.804828 3.811883 -9999 3.826369 3.833768 3.841049 3.848236 -9999 -9999 -9999 -9999 -9999 -9999 -9999 -9999 -9999 -9999 -9999 -9999 -9999 -9999 -9999 -9999 -9999 -9999 -9999 -9999 -9999 -9999 -9999 -9999 -9999 -9999 -9999 -9999 -9999 -9999 -9999 -9999 -9999 -9999 -9999 -9999 -9999 -9999 -9999 -9999 -9999 -9999 -9999 -9999 -9999 -9999 -9999
3.712154 3.719604 3.726876 3.734064 3.741234 3.748418 3.755625 3.762847 3.770062 3.777247 3.784378 3.791439 3.798423 3.805338 3.812211 3.819082 -9999 -9999 -9999 -9999 -9999 -9999 -9999 -9999 -9999 -9999 -9999 -9999 -9999 -9999 -9999 -9999 -9999 -9999 -9999 -9999 -9999 -9999 -9999 -9999 -9999 -9999 -9999 -9999 -9999 -9999 -9999 -9999 -9999 -9999 -9999 -9999 -9999 -9999 -9999 -9999 -9999 -9999 -9999 -9999 -9999 -9999 -9999 -9999 -9999 -9999 -9999 -9999 -9999
