ASPA-UH-SWB2_REPO/input/ET_Process/jan_et_clipped.asc
ncols         350
nrows         200
xllcorner     515000
yllcorner     8409000
cellsize      100
NODATA_value  -9999
[rows 93 to 123 of 200, columns 138 to 206 of 350]
3.724968 3.709047 3.694849 3.682381 3.671528 3.662052 3.653605 3.645736 3.637989 3.629953 3.621205 3.611316 3.599952 3.586914 3.572196 3.556003 3.538764 3.521122 3.503897 3.488018 3.474446 3.464076 3.457616 3.455484 3.457739 3.464103 3.474043 3.486904 3.502057 3.519033 3.537615 3.557815 3.57976 3.603509 3.62891 3.655578 3.682975 3.710522 3.737657 3.763916 3.789011 3.812867 3.835632 3.857587 3.879032 3.900193 3.921199 3.942104 3.962922 3.983691 4.004481 4.025451 4.046824 4.068883 4.091945 4.116309 4.142202 4.169744 4.198944 4.229704 4.261809 4.294925 4.328607 4.362288 4.395341 4.427108 4.456991 4.48459 4.509559
3.688131 3.67173 3.65737 3.645081 3.634768 3.626227 3.619112 3.613006 3.607442 3.60204 3.59636 3.589961 3.582482 3.573688 3.563508 3.552067 3.53969 3.526901 3.514385 3.502945 3.493427 3.486631 3.483206 3.483554 3.487772 3.495651 3.506742 3.520475 3.536293 3.553783 3.572753 3.593232 3.615376 3.639253 3.664667 3.69115 3.718112 3.744976 3.771226 3.796471 3.820532 3.843439 3.865418 3.886812 3.907958 3.929099 3.95035 3.971731 3.993232 4.014861 4.036678 4.058813 4.08147 4.1049 4.129371 4.155136 4.182385 4.211214 4.241613 4.273464 4.306529 4.340449 4.374757 4.408895 4.442248 4.474203 -9999 -9999 -9999
3.651883 3.635136 3.620772 3.608844 3.599299 3.591925 3.586415 3.582344 3.579284 3.576848 3.574591 3.572052 3.568836 3.564654 3.559363 3.552989 3.545743 3.538013 3.530351 3.523429 3.517987 3.514747 3.514328 3.51715 3.523364 3.532835 3.545191 3.559925 3.576522 3.594584 3.613914 3.634539 3.656645 3.680354 3.705433 3.73134 3.757468 3.783275 3.808314 3.832279 3.855088 3.876866 3.897917 3.918648 3.939441 3.960541 3.982021 4.003849 4.025972 4.048376 4.071104 4.094263 4.118033 4.142629 4.168275 4.195178 4.223491 4.253286 4.28454 4.317121 4.350776 4.385142 4.419749 4.45405 4.48746 4.519417 -9999 -9999 -9999
3.616596 3.599656 3.585462 3.574116 3.565552 3.559601 3.555938 3.554189 3.553926 3.554762 3.55625 3.557903 3.559282 3.560039 3.559949 3.558929 3.557058 3.554585 3.551915 3.549592 3.548252 3.548563 3.551132 3.556428 3.564679 3.575835 3.589592 3.605489 3.623032 3.641809 3.661583 3.682338 3.704252 3.7275 3.751841 3.776721 3.801578 3.825951 3.849477 3.871931 3.893315 3.913822 3.933817 3.953766 3.9741 3.99505 4.016627 4.038736 4.061288 4.084246 4.107642 4.131576 4.156188 4.181668 4.208199 4.235939 4.265004 4.295445 4.327226 4.360206 4.39413 4.428635 4.463262 4.497486 4.53076 -9999 -9999 -9999 -9999
3.582657 3.565706 3.551894 3.541331 3.533984 3.52968 3.528126 3.528958 3.531751 3.536123 3.541624 3.547738 3.553986 3.559958 3.565334 3.569916 3.573643 3.576608 3.579066 3.581423 3.584217 3.588063 3.593587 3.601325 3.611614 3.624495 3.639732 3.656907 3.675537 3.695181 3.715533 3.736493 3.758159 3.780659 3.803818 3.827208 3.850388 3.873002 3.894779 3.915576 3.935452 3.954639 3.973523 3.992597 4.012334 4.03295 4.054373 4.076468 4.099125 4.122303 4.146026 4.170388 4.19551 4.221539 4.248627 4.276885 4.306392 4.337173 4.369184 4.402277 4.4362 4.470593 4.505017 4.538979 4.571969 -9999 -9999 -9999 -9999
3.550478 3.533723 3.52052 3.510979 3.505079 3.50265 3.503426 3.50705 3.513095 3.521207 3.530916 3.541689 3.553006 3.564394 3.575441 3.585825 3.595336 3.6039 3.611606 3.618718 3.625668 3.633026 3.641437 3.651525 3.663756 3.678284 3.694946 3.713377 3.73312 3.753686 3.774686 3.795875 3.817209 3.838731 3.860379 3.881943 3.903164 3.92382 3.943736 3.962846 3.981248 3.999179 4.017008 4.035201 4.054208 4.074218 4.095137 4.116821 4.139173 4.16216 4.185812 4.21021 4.235466 4.261691 4.288998 4.317461 4.347117 4.377968 4.409957 4.442931 4.476636 4.510727 4.544783 4.57834 -9999 -9999 -9999 -9999 -9999
3.520521 3.504217 3.491865 3.483584 3.479339 3.478998 3.482294 3.488868 3.498321 3.510291 3.524315 3.539844 3.556328 3.573239 3.590074 3.606393 3.621821 3.636105 3.649152 3.66107 3.672177 3.682995 3.694182 3.706448 3.720401 3.736322 3.75415 3.773612 3.794291 3.81567 3.837239 3.858564 3.87942 3.899808 3.919796 3.939404 3.958581 3.977251 3.995341 4.012858 4.029923 4.046751 4.063658 4.081019 4.099184 4.118307 4.138347 4.159208 4.18083 4.203207 4.226384 4.250435 4.275459 4.301539 4.328745 4.357123 4.386676 4.417375 4.449142 4.481817 4.515146 4.548795 4.582366 -9999 -9999 -9999 -9999 -9999 -9999
3.493318 3.477722 3.466472 3.459688 3.457338 3.459277 3.465236 3.47488 3.4878 3.503656 3.521987 3.542249 3.563876 3.586298 3.60894 3.631229 3.652632 3.672697 3.691129 3.707857 3.723074 3.737244 3.75104 3.765239 3.780555 3.797426 3.815959 3.836011 3.857232 3.879098 3.900975 3.922235 3.942477 3.961654 3.979984 3.997706 4.014952 4.031775 4.048205 4.064321 4.080246 4.096157 4.112272 4.12884 4.146083 4.164127 4.183 4.202696 4.223227 4.244635 4.266988 4.290365 4.314844 4.340489 4.367334 4.395391 4.424636 4.455012 4.486411 4.518658 4.551501 4.584618 4.617632 -9999 -9999 -9999 -9999 -9999 -9999
3.469418 3.45483 3.444976 3.439944 3.439707 3.444093 3.452832 3.465583 3.481955 3.50162 3.524137 3.548967 3.57556 3.60333 3.631646 3.659823 3.687156 3.712981 3.736772 3.758249 3.777459 3.794795 3.810933 3.826708 3.84293 3.860203 3.878843 3.89888 3.920065 3.9419 3.963676 3.9846 4.004063 4.022035 4.038879 4.05496 4.070528 4.085764 4.10078 4.115724 4.130719 4.145881 4.161315 4.177125 4.193409 4.210268 4.2278 4.246112 4.265313 4.285509 4.3068 4.329273 4.352991 4.377999 4.404298 4.431871 4.460665 4.490593 4.521523 4.55326 4.585552 4.618086 -9999 -9999 -9999 -9999 -9999 -9999 -9999
3.449461 3.436209 3.428044 3.425043 3.427135 3.43412 3.445718 3.461571 3.481291 3.504577 3.531008 3.560087 3.591301 3.624084 3.657779 3.691605 3.724695 3.756154 3.785193 3.811285 3.8343 3.854542 3.872681 3.889603 3.906225 3.923324 3.94143 3.960768 3.981228 4.002377 4.023493 4.043705 4.062299 4.079214 4.094831 4.109582 4.123811 4.13775 4.151603 4.165582 4.179811 4.194345 4.209176 4.224264 4.23959 4.255229 4.271361 4.288212 4.305993 4.324881 4.345012 4.366477 4.389332 4.413599 4.439259 4.466259 4.494522 4.523933 4.554335 4.585521 -9999 -9999 -9999 -9999 -9999 -9999 -9999 -9999 -9999
3.434144 3.422575 3.41642 3.415726 3.420373 3.430113 3.444611 3.463495 3.486388 3.513004 3.542955 3.575801 3.611108 3.648371 3.686946 3.725999 3.764512 3.801357 3.835445 3.865954 3.892539 3.915402 3.935199 3.952864 3.969415 3.985801 4.002766 4.02075 4.039818 4.059636 4.079524 4.098629 4.11627 4.132283 4.146939 4.160647 4.173792 4.186669 4.199535 4.212666 4.226195 4.240132 4.254381 4.268767 4.283156 4.297609 4.312394 4.32785 4.34428 4.361919 4.380932 4.401416 4.423419 4.446944 4.47195 4.498362 4.526074 4.554949 4.584808 -9999 -9999 -9999 -9999 -9999 -9999 -9999 -9999 -9999 -9999
3.424209 3.414671 3.410875 3.412795 3.420229 3.432853 3.450276 3.472094 3.49792 3.527487 3.56044 3.596428 3.635126 3.676136 3.718882 3.76252 3.80593 3.847764 3.886611 3.921297 3.951221 3.976472 3.997678 4.015794 4.031927 4.047179 4.062514 4.078612 4.095752 4.113748 4.132005 4.149734 4.166281 4.181381 4.195159 4.207951 4.220134 4.232018 4.243938 4.256213 4.268967 4.282216 4.295793 4.309445 4.322927 4.33629 4.349895 4.364163 4.379453 4.396038 4.414096 4.433736 4.454992 4.477853 -9999 -9999 -9999 -9999 -9999 -9999 -9999 -9999 -9999 -9999 -9999 -9999 -9999 -9999 -9999
3.420433 3.4133 3.412204 3.417035 3.427496 3.443148 3.463512 3.488134 3.516622 3.548706 3.584072 3.622468 3.663707 3.707551 3.753541 3.800887 3.848434 3.894677 3.937893 3.976501 4.009597 4.037141 4.059687 4.078161 4.093714 4.107594 4.120988 4.134851 4.149723 4.165603 4.181997 4.198158 4.213416 4.227427 4.240201 4.25199 4.26314 4.273956 4.284805 4.296062 4.307854 4.320166 4.332855 4.345629 4.358217 4.370665 4.38336 4.396744 4.411197 4.427004 4.444354 4.463351 4.484028 4.506359 -9999 -9999 -9999 -9999 -9999 -9999 -9999 -9999 -9999 -9999 -9999 -9999 -9999 -9999 -9999
3.423584 3.419212 3.421161 3.429218 3.44294 3.46176 3.485084 3.512386 3.54325 3.577399 3.614558 3.65458 3.697434 3.743069 3.791198 3.841158 3.89185 3.941705 3.988768 4.031046 4.067282 4.097238 4.121285 4.140242 4.155269 4.167743 4.179085 4.190556 4.203005 4.216646 4.231053 4.245471 4.259197 4.271827 4.283307 4.293832 4.303712 4.313241 4.322796 4.332754 4.343277 4.354357 4.365851 4.377532 4.389208 4.400911 4.412966 4.425776 4.439701 4.455021 4.471919 4.490493 4.51077 -9999 -9999 -9999 -9999 -9999 -9999 -9999 -9999 -9999 -9999 -9999 -9999 -9999 -9999 -9999 -9999
3.434391 3.433115 3.438431 3.450008 3.467228 3.489357 3.515662 3.545524 3.57849 3.614272 3.65263 3.693525 3.737082 3.783437 3.83252 3.883881 3.936574 3.989072 4.039303 4.085008 4.124535 4.157209 4.183079 4.202797 4.217515 4.228735 4.238109 4.24721 4.257233 4.268619 4.280957 4.293437 4.305325 4.31621 4.326021 4.334938 4.343239 4.351192 4.359159 4.367517 4.376428 4.385941 4.395974 4.406376 4.417047 4.42805 4.439609 4.452047 4.465672 4.480728 4.497378 4.515707 -9999 -9999 -9999 -9999 -9999 -9999 -9999 -9999 -9999 -9999 -9999 -9999 -9999 -9999 -9999 -9999 -9999
3.4535 3.455595 3.464571 3.47993 3.500856 3.526414 3.555712 3.588022 3.62285 3.659885 3.698923 3.740031 3.783479 3.829589 3.878533 3.930145 3.983738 4.03795 4.090721 4.139625 4.182546 4.218186 4.246154 4.2669 4.281574 4.291808 4.299471 4.306404 4.314115 4.323271 4.333426 4.343722 4.35344 4.362209 4.370004 4.377004 4.383456 4.389576 4.395683 4.402134 4.40912 4.416747 4.425049 4.433974 4.4435 4.4537 4.464747 4.476858 4.490265 4.505155 4.521655 -9999 -9999 -9999 -9999 -9999 -9999 -9999 -9999 -9999 -9999 -9999 -9999 -9999 -9999 -9999 -9999 -9999 -9999
3.481397 3.487082 3.499944 3.51928 3.544055 3.573113 3.605388 3.640039 3.676527 3.714519 3.753848 3.794679 3.837417 3.88256 3.930528 3.981477 4.035077 4.090272 4.145116 4.19697 4.24316 4.281719 4.311786 4.333624 4.348413 4.357934 4.364247 4.369386 4.37502 4.381927 4.389731 4.397608 4.404887 4.41129 4.416878 4.421839 4.426339 4.430494 4.434546 4.438832 4.443591 4.449033 4.455304 4.462497 4.470653 4.479845 4.490196 4.501853 4.514951 4.529614 -9999 -9999 -9999 -9999 -9999 -9999 -9999 -9999 -9999 -9999 -9999 -9999 -9999 -9999 -9999 -9999 -9999 -9999 -9999
3.518373 3.527789 3.544652 3.568048 3.596701 3.629238 3.66442 3.701294 3.73928 3.778034 3.817436 3.857745 3.899481 3.943295 3.989826 4.039543 4.092531 4.148157 4.204666 4.259122 4.308181 4.349213 4.380973 4.403641 4.418487 4.427444 4.432716 4.436423 4.440238 4.444953 4.450369 4.45577 4.460572 4.46465 4.468182 4.471318 4.474044 4.476287 4.478189 4.480083 4.482317 4.485245 4.489161 4.494274 4.500732 4.508595 4.517934 4.528831 4.541362 -9999 -9999 -9999 -9999 -9999 -9999 -9999 -9999 -9999 -9999 -9999 -9999 -9999 -9999 -9999 -9999 -9999 -9999 -9999 -9999
3.56444 3.577617 3.598451 3.625812 3.658204 3.694066 3.732001 3.770953 3.810306 3.84973 3.889174 3.928986 3.969782 4.012322 4.057406 4.105746 4.1578 4.213414 4.271124 4.327612 4.378752 4.421344 4.453965 4.47688 4.49152 4.499935 4.50436 4.506879 4.509099 4.511856 4.515125 4.518337 4.521018 4.523274 4.525426 4.527427 4.528891 4.529454 4.529156 4.528419 4.527785 4.527818 4.528985 4.531621 4.535936 4.54202 4.549904 4.559598 -9999 -9999 -9999 -9999 -9999 -9999 -9999 -9999 -9999 -9999 -9999 -9999 -9999 -9999 -9999 -9999 -9999 -9999 -9999 -9999 -9999
3.619222 3.636073 3.660632 3.691623 3.72741 3.766289 3.806725 3.847561 3.888166 3.928255 3.96787 4.007447 4.047673 4.089371 4.133425 4.180684 4.231832 4.287079 4.345327 4.402842 4.454758 4.497548 4.5299 4.552357 4.566529 4.574475 4.578311 4.579951 4.580892 4.582031 4.583595 4.585244 4.586635 4.58821 4.590328 4.5924 4.593374 4.592524 4.589897 4.586173 4.582239 4.578935 4.576901 4.576581 4.578238 -9999 -9999 -9999 -9999 -9999 -9999 -9999 -9999 -9999 -9999 -9999 -9999 -9999 -9999 -9999 -9999 -9999 -9999 -9999 -9999 -9999 -9999 -9999 -9999
3.6817 3.702001 3.729823 3.763902 3.80256 3.844007 3.886591 3.929066 3.970803 4.011601 4.051612 4.091353 4.131549 4.173042 4.21672 4.263462 4.314019 4.36869 4.4264 4.483295 4.534243 4.575679 4.606708 4.628263 4.64205 4.649964 4.653823 4.655234 4.655502 4.655566 4.655968 4.656866 4.658322 4.661116 4.665184 4.66883 4.670045 4.667806 4.662438 4.655158 4.647379 4.640254 4.634553 4.630765 -9999 -9999 -9999 -9999 -9999 -9999 -9999 -9999 -9999 -9999 -9999 -9999 -9999 -9999 -9999 -9999 -9999 -9999 -9999 -9999 -9999 -9999 -9999 -9999 -9999
3.749885 3.773349 3.80394 3.840499 3.881402 3.924855 3.96915 4.012966 4.0557 4.097263 4.137904 4.178196 4.218875 4.260741 4.304599 4.351219 4.401231 4.454755 4.510496 4.564928 4.61326 4.652188 4.681483 4.702406 4.716553 4.725473 4.730547 4.732971 4.73378 4.733886 4.734129 4.735371 4.738692 4.745017 4.753103 4.75948 4.761062 4.756851 4.747885 4.736254 4.724022 4.712624 -9999 -9999 -9999 -9999 -9999 -9999 -9999 -9999 -9999 -9999 -9999 -9999 -9999 -9999 -9999 -9999 -9999 -9999 -9999 -9999 -9999 -9999 -9999 -9999 -9999 -9999 -9999
3.821413 3.8477 3.880591 3.919037 3.961525 4.006339 4.051809 4.096632 4.140229 4.182573 4.223988 4.265072 4.306538 4.349088 4.393329 4.439744 4.488641 4.539855 4.592086 4.642433 4.687042 4.723355 4.751595 4.773039 4.788992 4.800548 4.808597 4.813911 4.81725 4.819483 4.821706 4.825399 4.832477 4.844069 4.857277 4.866244 4.867105 4.859555 4.845797 4.828979 4.811825 4.795854 -9999 -9999 -9999 -9999 -9999 -9999 -9999 -9999 -9999 -9999 -9999 -9999 -9999 -9999 -9999 -9999 -9999 -9999 -9999 -9999 -9999 -9999 -9999 -9999 -9999 -9999 -9999
3.894027 3.922745 3.957468 3.997245 4.040697 4.086236 4.132323 4.177779 4.222032 4.265058 4.307214 4.349098 4.391366 4.434575 4.479055 4.524874 4.571893 4.619738 4.667344 4.712656 4.753225 4.787637 4.816159 4.839752 4.859266 4.875309 4.888321 4.898712 4.907035 4.914173 4.921443 4.930598 4.943585 4.961209 4.978688 4.988094 4.985871 4.97321 4.953685 4.931309 4.909199 4.888668 -9999 -9999 -9999 -9999 -9999 -9999 -9999 -9999 -9999 -9999 -9999 -9999 -9999 -9999 -9999 -9999 -9999 -9999 -9999 -9999 -9999 -9999 -9999 -9999 -9999 -9999 -9999
3.965701 3.996413 4.032514 4.073134 4.117032 4.162776 4.209001 4.254657 4.299199 4.342603 4.385231 4.427649 4.470441 4.514005 4.558405 4.603296 4.648096 4.692353 4.735375 4.776017 4.813194 4.84658 4.876583 4.903684 4.928156 4.950137 4.969715 4.987033 5.002498 5.017028 5.032095 5.04942 5.07024 5.093385 5.112232 5.11867 5.110864 5.092048 5.066877 5.03962 5.013161 -9999 -9999 -9999 -9999 -9999 -9999 -9999 -9999 -9999 -9999 -9999 -9999 -9999 -9999 -9999 -9999 -9999 -9999 -9999 -9999 -9999 -9999 -9999 -9999 -9999 -9999 -9999 -9999
4.034808 4.067072 4.104131 4.145182 4.189112 4.23465 4.280586 4.325992 4.370358 4.413685 4.456336 4.498845 4.541725 4.58525 4.629282 4.673221 4.716246 4.757843 4.797594 4.835069 4.870201 4.903584 4.935894 4.967148 4.997087 5.025513 5.052309 5.077427 5.101086 5.124113 5.147891 5.173624 5.20121 5.227459 5.244853 5.246143 5.232262 5.208215 5.17906 5.1487 -9999 -9999 -9999 -9999 -9999 -9999 -9999 -9999 -9999 -9999 -9999 -9999 -9999 -9999 -9999 -9999 -9999 -9999 -9999 -9999 -9999 -9999 -9999 -9999 -9999 -9999 -9999 -9999 -9999
4.100168 4.133572 4.171216 4.212358 4.255989 4.30098 4.346255 4.390983 4.434704 4.477463 4.519649 4.561795 4.604392 4.647653 4.691355 4.73483 4.777237 4.817948 4.856612 4.89318 4.928146 4.962641 4.997605 5.03276 5.067602 5.101821 5.135251 5.167743 5.199225 5.230185 5.261533 5.293406 5.324152 5.349461 5.362699 5.359273 5.341552 5.315086 5.284704 -9999 -9999 -9999 -9999 -9999 -9999 -9999 -9999 -9999 -9999 -9999 -9999 -9999 -9999 -9999 -9999 -9999 -9999 -9999 -9999 -9999 -9999 -9999 -9999 -9999 -9999 -9999 -9999 -9999 -9999
4.161029 4.195216 4.233135 4.274089 4.317159 4.361324 4.405623 4.449311 4.491989 4.533767 4.575099 4.616586 4.658774 4.701916 4.745821 4.789865 4.833206 4.875098 4.915101 4.95323 4.990099 5.026837 5.064308 5.102449 5.140879 5.17936 5.217789 5.256048 5.293871 5.33125 5.368187 5.403387 5.433895 5.455308 5.463115 5.455811 5.436637 5.410602 -9999 -9999 -9999 -9999 -9999 -9999 -9999 -9999 -9999 -9999 -9999 -9999 -9999 -9999 -9999 -9999 -9999 -9999 -9999 -9999 -9999 -9999 -9999 -9999 -9999 -9999 -9999 -9999 -9999 -9999 -9999
4.217033 4.251721 4.289676 4.330228 4.372528 4.415648 4.458723 4.501103 4.542466 4.583004 4.623289 4.664073 4.706044 4.749581 4.794593 4.840512 4.886446 4.93147 4.974925 5.01663 5.056965 5.096706 5.136568 5.176836 5.217514 5.258577 5.300061 5.341989 5.384252 5.426459 5.467279 5.503897 5.532521 5.549353 5.552048 5.54149 5.521938 -9999 -9999 -9999 -9999 -9999 -9999 -9999 -9999 -9999 -9999 -9999 -9999 -9999 -9999 -9999 -9999 -9999 -9999 -9999 -9999 -9999 -9999 -9999 -9999 -9999 -9999 -9999 -9999 -9999 -9999 -9999 -9999
4.268161 4.303153 4.340984 4.380995 4.422384 4.464296 4.505972 4.546869 4.586781 4.626001 4.665279 4.705598 4.747848 4.792562 4.839761 4.888887 4.9389 4.988581 5.036932 5.083429 5.128056 5.171185 5.213427 5.255406 5.297552 5.340127 5.383345 5.427435 5.472557 5.518143 5.561592 5.598669 5.625152 5.638118 5.636986 5.624182 -9999 -9999 -9999 -9999 -9999 -9999 -9999 -9999 -9999 -9999 -9999 -9999 -9999 -9999 -9999 -9999 -9999 -9999 -9999 -9999 -9999 -9999 -9999 -9999 -9999 -9999 -9999 -9999 -9999 -9999 -9999 -9999 -9999
4.314672 4.349867 4.387512 4.426934 4.467352 4.507974 4.548139 4.587451 4.625883 4.663879 4.702419 4.742768 4.786028 4.832866 4.883355 4.936873 4.992087 5.047349 5.101246 5.152896 5.201959 5.248523 5.29318 5.336892 5.380443 5.424355 5.469016 5.514788 5.561911 5.609707 5.654645 5.691535 5.716061 5.726189 5.722635 5.70858 -9999 -9999 -9999 -9999 -9999 -9999 -9999 -9999 -9999 -9999 -9999 -9999 -9999 -9999 -9999 -9999 -9999 -9999 -9999 -9999 -9999 -9999 -9999 -9999 -9999 -9999 -9999 -9999 -9999 -9999 -9999 -9999 -9999
