ASPA-UH-SWB2_REPO/input/ET_Process/jan_et_clipped.asc
ncols         350
nrows         200
xllcorner     515000
yllcorner     8409000
cellsize      100
NODATA_value  -9999
[rows 31 to 61 of 200, columns 276 to 344 of 350]
-9999 -9999 -9999 -9999 -9999 -9999 -9999 -9999 -9999 -9999 -9999 -9999 -9999 -9999 -9999 -9999 -9999 -9999 -9999 -9999 -9999 -9999 -9999 -9999 -9999 -9999 -9999 -9999 -9999 -9999 -9999 -9999 -9999 -9999 -9999 -9999 -9999 -9999 -9999 -9999 -9999 -9999 -9999 -9999 -9999 -9999 -9999 -9999 -9999 -9999 -9999 -9999 -9999 -9999 -9999 -9999 -9999 -9999 -9999 -9999 -9999 -9999 -9999 -9999 -9999 -9999 -9999 -9999 -9999
-9999 -9999 -9999 -9999 -9999 -9999 -9999 -9999 -9999 -9999 -9999 -9999 -9999 -9999 -9999 -9999 -9999 -9999 -9999 -9999 -9999 -9999 -9999 -9999 -9999 -9999 -9999 -9999 -9999 -9999 -9999 -9999 -9999 -9999 -9999 -9999 -9999 -9999 -9999 -9999 -9999 -9999 -9999 -9999 -9999 5.212712 5.228119 -9999 -9999 -9999 -9999 -9999 -9999 -9999 -9999 -9999 -9999 -9999 -9999 -9999 -9999 -9999 -9999 -9999 -9999 -9999 -9999 -9999 -9999
-9999 -9999 -9999 -9999 -9999 -9999 -9999 -9999 -9999 -9999 -9999 -9999 -9999 -9999 -9999 -9999 -9999 -9999 -9999 -9999 -9999 -9999 -9999 -9999 -9999 -9999 -9999 -9999 -9999 -9999 -9999 -9999 -9999 -9999 -9999 -9999 -9999 -9999 -9999 -9999 -9999 -9999 -9999 5.181287 5.199517 5.216015 5.231099 5.244976 -9999 -9999 -9999 -9999 -9999 -9999 -9999 -9999 -9999 -9999 -9999 -9999 -9999 -9999 -9999 -9999 -9999 -9999 -9999 -9999 -9999
-9999 -9999 -9999 -9999 -9999 -9999 -9999 -9999 -9999 -9999 -9999 -9999 -9999 -9999 -9999 -9999 -9999 -9999 -9999 -9999 -9999 -9999 -9999 -9999 -9999 -9999 -9999 -9999 -9999 4.878394 4.893974 4.911723 4.931419 -9999 -9999 -9999 -9999 5.048764 5.073547 5.097906 -9999 5.143999 5.165154 5.184752 5.202661 5.218836 5.233582 5.247099 5.259456 5.27073 -9999 -9999 -9999 -9999 -9999 -9999 -9999 -9999 -9999 -9999 -9999 -9999 -9999 -9999 -9999 -9999 -9999 -9999 -9999
-9999 -9999 -9999 -9999 -9999 -9999 -9999 -9999 -9999 -9999 -9999 -9999 -9999 -9999 -9999 -9999 -9999 -9999 -9999 -9999 -9999 -9999 -9999 -9999 -9999 -9999 -9999 -9999 4.86329 4.87785 4.894598 4.913342 4.933857 4.955891 4.979156 5.003326 5.028052 5.052975 5.077733 5.101976 5.125371 5.147621 5.168474 5.187739 5.2053 5.221135 5.235532 5.248681 5.260657 5.271549 5.281455 -9999 -9999 -9999 -9999 -9999 -9999 -9999 -9999 -9999 -9999 -9999 -9999 -9999 -9999 -9999 -9999 -9999 -9999
-9999 -9999 -9999 -9999 -9999 -9999 -9999 -9999 -9999 -9999 -9999 -9999 -9999 -9999 -9999 -9999 -9999 -9999 -9999 -9999 -9999 -9999 -9999 -9999 -9999 -9999 -9999 4.847961 4.861673 4.877568 4.895473 4.915185 4.93648 4.95911 4.982796 5.00723 5.032081 5.057005 5.081663 5.105719 5.128859 5.150801 5.171308 5.190206 5.207397 5.222877 5.236915 5.24969 5.261284 5.271797 5.281334 -9999 -9999 -9999 -9999 -9999 -9999 -9999 -9999 -9999 -9999 -9999 -9999 -9999 -9999 -9999 -9999 -9999 -9999
-9999 -9999 -9999 -9999 -9999 -9999 -9999 -9999 -9999 -9999 -9999 -9999 -9999 -9999 -9999 -9999 -9999 -9999 -9999 -9999 -9999 -9999 -9999 -9999 -9999 -9999 4.832086 4.84513 4.860345 4.877566 4.896604 4.917247 4.939272 4.962434 4.986468 5.011084 5.035974 5.060817 5.085294 5.109092 5.131914 5.153495 5.173615 5.192114 5.208913 5.224027 5.2377 5.250099 5.261315 5.271457 5.28064 5.28898 -9999 -9999 -9999 -9999 -9999 -9999 -9999 -9999 -9999 -9999 -9999 -9999 -9999 -9999 -9999 -9999 -9999
-9999 -9999 -9999 -9999 -9999 -9999 -9999 -9999 -9999 -9999 -9999 -9999 -9999 -9999 -9999 -9999 -9999 -9999 -9999 -9999 -9999 -9999 4.791762 4.797272 -9999 4.815395 4.827928 4.842626 4.859329 4.87785 4.897982 4.919508 4.942202 4.965826 4.990129 5.014843 5.039686 5.064366 5.088584 5.112052 5.134494 5.155663 5.175356 5.193429 5.209818 5.224558 5.237865 5.249892 5.26074 5.270527 5.279374 5.287406 -9999 -9999 -9999 -9999 -9999 -9999 -9999 -9999 -9999 -9999 -9999 -9999 -9999 -9999 -9999 -9999 -9999
-9999 -9999 -9999 -9999 -9999 -9999 -9999 -9999 -9999 -9999 -9999 -9999 -9999 -9999 -9999 -9999 -9999 -9999 -9999 -9999 -9999 4.775202 4.780382 4.787879 4.797719 4.809849 4.824156 4.840483 4.858639 4.878415 4.89959 4.921937 4.945229 4.969237 4.993728 5.018459 5.043174 5.06761 5.091495 5.114565 5.136566 5.157273 5.176501 5.194123 5.21009 5.224452 5.237397 5.249063 5.259561 5.269015 5.277554 5.285307 -9999 -9999 -9999 -9999 -9999 -9999 -9999 -9999 -9999 -9999 -9999 -9999 -9999 -9999 -9999 -9999 -9999
-9999 -9999 -9999 -9999 -9999 -9999 -9999 -9999 -9999 -9999 -9999 -9999 -9999 -9999 -9999 -9999 -9999 -9999 -9999 -9999 4.75749 4.762386 4.76954 4.77902 4.790802 4.80479 4.820833 4.838739 4.858291 4.879259 4.901407 4.9245 4.948312 4.972624 4.997221 5.021888 5.046398 5.070515 5.093997 5.116604 5.138108 5.158306 5.177033 5.194181 5.209716 5.223703 5.2363 5.247626 5.257799 5.26695 5.275215 -9999 -9999 -9999 -9999 -9999 -9999 -9999 -9999 -9999 -9999 -9999 -9999 -9999 -9999 -9999 -9999 -9999 -9999
-9999 -9999 -9999 -9999 -9999 -9999 -9999 -9999 -9999 -9999 -9999 -9999 -9999 -9999 -9999 -9999 -9999 -9999 -9999 4.73885 4.743486 4.750298 4.759411 4.770844 4.784526 4.800317 4.818028 4.837438 4.858305 4.88038 4.903414 4.927168 4.951415 4.975946 5.00057 5.025097 5.04933 5.073061 5.096077 5.118165 5.13912 5.158765 5.176959 5.193612 5.208709 5.22233 5.234599 5.245615 5.255497 5.264383 5.27241 -9999 -9999 -9999 -9999 -9999 -9999 -9999 -9999 -9999 -9999 -9999 -9999 -9999 -9999 -9999 -9999 -9999 -9999
-9999 -9999 -9999 -9999 -9999 -9999 -9999 -9999 -9999 -9999 -9999 -9999 -9999 -9999 -9999 -9999 -9999 -9999 4.719595 4.723993 4.730444 4.739151 4.750188 4.76352 4.779032 4.796542 4.815828 4.83664 4.858715 4.881788 4.905605 4.92992 4.95451 4.979177 5.00375 5.028068 5.051961 5.075249 5.097746 5.119265 5.13963 5.158686 5.176317 5.192457 5.207114 5.220386 5.232357 5.243096 5.252728 5.261388 5.269218 -9999 -9999 -9999 -9999 -9999 -9999 -9999 -9999 -9999 -9999 -9999 -9999 -9999 -9999 -9999 -9999 -9999 -9999
4.731743 4.739924 4.745235 4.747815 4.74788 -9999 -9999 -9999 -9999 -9999 -9999 -9999 -9999 -9999 -9999 -9999 -9999 4.700086 4.704292 4.710371 4.718618 4.729181 4.742081 4.757235 4.77448 4.7936 4.814338 4.836422 4.859573 4.883516 4.90799 4.932753 4.957587 4.982306 5.006758 5.030806 5.054306 5.077104 5.09904 5.119953 5.139695 5.158137 5.175188 5.190809 5.205031 5.217971 5.22967 5.240169 5.249588 5.258062 5.265734 -9999 -9999 -9999 -9999 -9999 -9999 -9999 -9999 -9999 -9999 -9999 -9999 -9999 -9999 -9999 -9999 -9999 -9999
4.699143 4.708224 4.714445 4.717945 4.718941 4.717721 4.714637 4.710097 4.704553 -9999 -9999 -9999 -9999 -9999 -9999 -9999 4.680674 4.684796 4.690525 4.698271 4.708277 4.720638 4.73532 4.752192 4.771051 4.791643 4.813687 4.83689 4.860962 4.885624 4.910615 4.9357 4.960671 4.985358 5.009623 5.033348 5.056409 5.078678 5.10002 5.120301 5.1394 5.157216 5.173683 5.188789 5.202588 5.215212 5.226661 5.236949 5.24619 5.254516 5.262067 -9999 -9999 -9999 -9999 -9999 -9999 -9999 -9999 -9999 -9999 -9999 -9999 -9999 -9999 -9999 -9999 -9999 -9999
4.667011 4.677027 4.684207 4.688693 4.690699 4.690514 4.688487 4.685024 4.680575 4.675618 4.670651 4.666171 -9999 -9999 4.660216 4.661958 4.665882 4.671356 4.678605 4.687992 4.699706 4.713786 4.730148 4.748614 4.768941 4.790845 4.814025 4.838174 4.862995 4.888212 4.913569 4.938842 4.963839 4.988404 5.012414 5.035761 5.058341 5.080048 5.100771 5.120405 5.138851 5.156039 5.171928 5.186531 5.199922 5.212245 5.223464 5.233566 5.242659 5.250869 -9999 -9999 -9999 -9999 -9999 -9999 -9999 -9999 -9999 -9999 -9999 -9999 -9999 -9999 -9999 -9999 -9999 -9999 -9999
4.635678 4.64665 4.654834 4.660366 4.66346 4.6644 4.663532 4.661258 4.658021 4.654296 4.650572 4.647341 4.645075 4.644211 4.645121 4.648094 4.653248 4.660089 4.668847 4.679835 4.69319 4.708894 4.726813 4.746726 4.768354 4.791391 4.815518 4.840423 4.865809 4.891406 4.916972 4.942296 4.967203 4.991552 5.015231 5.038142 5.060199 5.081314 5.1014 5.120374 5.138168 5.154733 5.170056 5.184172 5.19717 5.209207 5.220211 5.230145 5.239111 5.247231 5.254632 -9999 -9999 -9999 -9999 -9999 -9999 -9999 -9999 -9999 -9999 -9999 -9999 -9999 -9999 -9999 -9999 -9999 -9999
4.605528 4.617464 4.626679 4.633306 4.637553 4.639701 4.640089 4.639111 4.637202 4.634827 4.632466 4.630601 4.629694 4.630173 4.632403 4.636667 4.643092 4.651309 4.661554 4.674093 4.689005 4.70622 4.725554 4.746748 4.769494 4.793467 4.818339 4.843799 4.869555 4.895352 4.920964 4.946197 4.970894 4.994927 5.018194 5.040608 5.062098 5.082591 5.102022 5.120331 5.137475 5.153427 5.1682 5.181843 5.194464 5.206224 5.217022 5.226801 5.235657 5.243702 5.251059 -9999 -9999 -9999 -9999 -9999 -9999 -9999 -9999 -9999 -9999 -9999 -9999 -9999 -9999 -9999 -9999 -9999 -9999
4.576985 4.589869 4.600122 4.607874 4.613326 4.616749 4.618476 4.618891 4.618416 4.617506 4.616625 4.616241 4.616803 4.618723 4.622356 4.627974 4.635707 4.645304 4.657008 4.671032 4.687404 4.705999 4.726589 4.74888 4.772545 4.797246 4.822652 4.848458 4.874386 4.900199 4.92569 4.950687 4.97505 4.998662 5.021433 5.043286 5.06416 5.084 5.102759 5.120399 5.136896 5.152247 5.166483 5.17967 5.191926 5.203415 5.214011 5.223639 5.23239 5.240368 5.247686 -9999 -9999 -9999 -9999 -9999 -9999 -9999 -9999 -9999 -9999 -9999 -9999 -9999 -9999 -9999 -9999 -9999 -9999
4.550477 4.564272 4.575553 4.584438 4.591124 4.595871 4.599004 4.600892 4.601945 4.6026 4.603306 4.604512 4.606648 4.610107 4.615227 4.622263 4.631342 4.642321 4.655442 4.670876 4.688592 4.708418 4.730087 4.753282 4.777658 4.802871 4.828597 4.854538 4.88044 4.906082 4.931286 4.955902 4.979805 5.00289 5.025077 5.0463 5.066509 5.085664 5.103733 5.120697 5.136551 5.151312 5.165024 5.177767 5.189665 5.200883 5.211275 5.22075 5.229394 5.237303 5.24458 -9999 -9999 -9999 -9999 -9999 -9999 -9999 -9999 -9999 -9999 -9999 -9999 -9999 -9999 -9999 -9999 -9999 -9999
4.526422 4.541074 4.553347 4.563353 4.571279 4.577378 4.581959 4.585379 4.588031 4.590334 4.592717 4.595607 4.599412 4.604501 4.611188 4.619708 4.630175 4.642533 4.657024 4.673773 4.692699 4.71359 4.736152 4.760047 4.784924 4.810437 4.83627 4.862145 4.887825 4.913118 4.937872 4.961962 4.98528 5.007732 5.029248 5.049772 5.069264 5.087698 5.105057 5.121338 5.136552 5.150729 5.163927 5.176234 5.187778 5.198722 5.208901 5.218215 5.226744 5.234575 5.241803 -9999 -9999 -9999 -9999 -9999 -9999 -9999 -9999 -9999 -9999 -9999 -9999 -9999 -9999 -9999 -9999 -9999 -9999
4.505206 4.520643 4.533854 4.544945 4.554095 4.561546 4.567593 4.572577 4.576873 4.580881 4.585006 4.589652 4.5952 4.601992 4.610315 4.620375 4.632268 4.646004 4.661808 4.67976 4.699747 4.72153 4.744794 4.769191 4.794363 4.819973 4.845716 4.871332 4.89661 4.921387 4.945538 4.968965 4.991576 5.013291 5.034048 5.053802 5.072526 5.090203 5.106832 5.122422 5.136995 5.150594 5.163284 5.17516 5.18635 5.19701 5.206964 5.216105 5.224505 5.232244 5.23941 5.246089 -9999 -9999 -9999 -9999 -9999 -9999 -9999 -9999 -9999 -9999 -9999 -9999 -9999 -9999 -9999 -9999 -9999
4.487169 4.503304 4.517379 4.529499 4.539831 4.548607 4.556107 4.562657 4.568612 4.574349 4.58025 4.586692 4.594026 4.602565 4.612565 4.624199 4.637534 4.652629 4.669678 4.688721 4.709624 4.732132 4.75592 4.78063 4.805909 4.831429 4.856902 4.882091 4.906809 4.930922 4.954333 4.97697 4.998761 5.019639 5.039553 5.058471 5.076376 5.093265 5.109143 5.124032 5.137963 5.150987 5.163174 5.174621 5.185451 5.195816 5.20553 5.21448 5.222735 5.230366 5.237454 5.244078 5.250316 -9999 -9999 -9999 -9999 -9999 -9999 -9999 -9999 -9999 -9999 -9999 -9999 -9999 -9999 -9999 -9999
4.472594 4.489324 4.504174 4.517243 4.528692 4.538739 4.54765 4.555734 4.563326 4.570779 4.578452 4.586689 4.595814 4.606106 4.617785 4.630987 4.645747 4.662154 4.680371 4.7004 4.72209 4.745174 4.769324 4.794182 4.819403 4.844672 4.86972 4.894338 4.918364 4.941691 4.96425 4.985989 5.006858 5.026809 5.045806 5.06383 5.080875 5.096945 5.112056 5.126236 5.139524 5.151975 5.163661 5.174676 5.185141 5.195197 5.204653 5.213396 5.221487 5.228992 5.235984 5.242537 5.248721 -9999 -9999 -9999 -9999 -9999 -9999 -9999 -9999 -9999 -9999 -9999 -9999 -9999 -9999 -9999 -9999
4.46169 4.478904 4.494425 4.508347 4.520823 4.532059 4.542308 4.55186 4.56103 4.570147 4.579542 4.589532 4.600407 4.612411 4.625725 4.640448 4.656578 4.674226 4.693522 4.714436 4.736796 4.76033 4.784707 4.809575 4.834599 4.859483 4.883983 4.907912 4.931141 4.953588 4.975205 4.995962 5.015832 5.034789 5.052814 5.069901 5.086054 5.101285 5.115619 5.129086 5.141731 5.15361 5.164794 5.175376 5.185468 5.1952 5.204382 5.2129 5.220809 5.228169 5.235048 5.241512 5.247626 -9999 -9999 -9999 -9999 -9999 -9999 -9999 -9999 -9999 -9999 -9999 -9999 -9999 -9999 -9999 -9999
4.454593 4.472169 4.488244 4.502906 4.516301 4.528622 4.540107 4.551028 4.561679 4.572366 4.583393 4.595046 4.607582 4.621208 4.636069 4.652224 4.669636 4.688428 4.708705 4.7304 4.753325 4.777198 4.80169 4.826457 4.851177 4.875575 4.89943 4.922586 4.944942 4.96644 4.987056 5.00678 5.025606 5.04353 5.060553 5.07668 5.091926 5.106311 5.119863 5.132619 5.144623 5.155932 5.166615 5.17676 5.186471 5.195867 5.204759 5.213034 5.220743 5.227942 5.234691 5.24105 -9999 -9999 -9999 -9999 -9999 -9999 -9999 -9999 -9999 -9999 -9999 -9999 -9999 -9999 -9999 -9999 -9999
4.451354 4.469168 4.485672 4.50095 4.515139 4.528419 4.541014 4.553175 4.565177 4.577302 4.589827 4.60301 4.617072 4.632186 4.648462 4.665922 4.684496 4.704316 4.725458 4.747827 4.771214 4.795332 4.81985 4.844432 4.868771 4.892611 4.91576 4.93809 4.959528 4.980043 4.999632 5.018304 5.036075 5.05296 5.068977 5.084145 5.098487 5.112031 5.124808 5.136859 5.148228 5.158971 5.169154 5.178858 5.18818 5.197229 5.205818 5.213838 5.221333 5.228354 5.234957 5.241198 -9999 -9999 -9999 -9999 -9999 -9999 -9999 -9999 -9999 -9999 -9999 -9999 -9999 -9999 -9999 -9999 -9999
4.451939 4.469867 4.486674 4.502439 4.517287 4.531386 4.544944 4.558194 4.571388 4.584787 4.598641 4.61318 4.628594 4.645024 4.662545 4.681149 4.700738 4.721446 4.743324 4.76625 4.79 4.814277 4.838749 4.863087 4.886994 4.910237 4.932651 4.954137 4.974651 4.994185 5.012756 5.030395 5.047133 5.063004 5.07804 5.092271 5.10573 5.118451 5.130469 5.141827 5.152569 5.16275 5.172433 5.181694 5.190622 5.199317 5.207594 5.215347 5.222616 5.229448 5.235893 -9999 -9999 -9999 -9999 -9999 -9999 -9999 -9999 -9999 -9999 -9999 -9999 -9999 -9999 -9999 -9999 -9999 -9999
4.456193 4.47411 4.491091 4.507206 4.522572 4.537343 4.551708 4.565882 4.580097 4.59459 4.609587 4.625292 4.641869 4.659428 4.678016 4.697596 4.718047 4.739499 4.761982 4.78535 4.809364 4.833721 4.858085 4.88213 4.905571 4.928193 4.94986 4.970502 4.990102 5.008675 5.026258 5.042898 5.058642 5.073538 5.08763 5.100961 5.11357 5.125498 5.136785 5.147473 5.15761 5.167246 5.176443 5.18527 5.19381 5.202156 5.210125 5.217614 5.22466 5.231306 5.237597 -9999 -9999 -9999 -9999 -9999 -9999 -9999 -9999 -9999 -9999 -9999 -9999 -9999 -9999 -9999 -9999 -9999 -9999
4.463947 4.48173 4.498752 4.515079 4.530815 4.546101 4.561109 4.576034 4.591087 4.606484 4.622429 4.639102 4.656642 4.675137 4.69461 4.714998 4.736158 4.758213 4.781169 4.804863 4.829043 4.8534 4.877595 4.901303 4.924246 4.946228 4.967141 4.986944 5.005647 5.023285 5.039913 5.055593 5.070385 5.084351 5.097545 5.110021 5.121827 5.133007 5.143606 5.153668 5.16324 5.172371 5.181117 5.189542 5.197722 5.205738 5.213418 5.220663 5.227507 5.233989 -9999 -9999 -9999 -9999 -9999 -9999 -9999 -9999 -9999 -9999 -9999 -9999 -9999 -9999 -9999 -9999 -9999 -9999 -9999
4.475001 4.492555 4.509511 4.525927 4.541895 4.557543 4.573025 4.588518 4.604214 4.620306 4.63698 4.654393 4.672669 4.691878 4.71202 4.733016 4.754703 4.77719 4.800465 4.824347 4.848579 4.872847 4.896811 4.920145 4.942576 4.963924 4.984107 5.003114 5.020973 5.037739 5.05348 5.068268 5.08218 5.095285 5.107651 5.119337 5.1304 5.140891 5.150856 5.160344 5.169397 5.178065 5.186399 5.194456 5.202302 5.21001 5.217419 5.224438 5.231101 5.237442 -9999 -9999 -9999 -9999 -9999 -9999 -9999 -9999 -9999 -9999 -9999 -9999 -9999 -9999 -9999 -9999 -9999 -9999 -9999
4.48899 4.506257 4.523069 4.539477 4.555561 4.571434 4.587234 4.603119 4.619264 4.635842 4.65302 4.670942 4.689715 4.709396 4.729975 4.751355 4.773365 4.796094 4.819513 4.843432 4.867588 4.891664 4.915328 4.938254 4.960174 4.980917 5.000426 5.018709 5.035809 5.051792 5.066738 5.080729 5.093853 5.106186 5.117807 5.128784 5.139178 5.149047 5.158442 5.16741 5.175996 5.184246 5.192207 5.199929 5.20747 5.21489 5.222047 5.228862 5.235363 5.241581 -9999 -9999 -9999 -9999 -9999 -9999 -9999 -9999 -9999 -9999 -9999 -9999 -9999 -9999 -9999 -9999 -9999 -9999 -9999
