ASPA-UH-SWB2_REPO/input/ET_Process/jan_et_clipped.asc
ncols         350
nrows         200
xllcorner     515000
yllcorner     8409000
cellsize      100
NODATA_value  -9999
[rows 93 to 123 of 200, columns 69 to 137 of 350]
4.70277 4.691619 4.681083 4.67111 4.661637 4.652592 4.643893 4.635452 4.627174 4.618964 4.610722 4.602354 4.593771 4.584894 4.575657 4.566015 4.555948 4.545461 4.534591 4.523419 4.512143 4.500858 4.489638 4.47854 4.467612 4.456879 4.44635 4.436012 4.425832 4.415759 4.405723 4.395642 4.385423 4.374964 4.364154 4.35288 4.341024 4.328465 4.315084 4.300772 4.28545 4.269101 4.251786 4.233626 4.214774 4.195394 4.175647 4.155685 4.135624 4.115387 4.095212 4.075359 4.055996 4.037195 4.018926 4.001036 3.983262 3.96532 3.946957 3.927988 3.908314 3.887932 3.86694 3.845527 3.823948 3.802519 3.781579 3.76147 3.742509
4.680301 4.669482 4.659237 4.649512 4.640242 4.631355 4.622769 4.614398 4.606151 4.597935 4.589656 4.581225 4.572558 4.563582 4.554237 4.544484 4.534305 4.523706 4.512724 4.501436 4.490033 4.4786 4.467196 4.455871 4.444659 4.433578 4.422632 4.4118 4.401049 4.390329 4.379577 4.36872 4.35768 4.346374 4.334718 4.322626 4.310011 4.29679 4.282879 4.268206 4.252724 4.236429 4.219372 4.20165 4.183385 4.164706 4.145739 4.126599 4.107372 4.08802 4.068756 4.049785 4.031219 4.013079 3.995286 3.977644 3.959879 3.941693 3.922831 3.903117 3.882471 3.860928 3.838629 3.815812 3.792796 3.769953 3.747683 3.726384 3.706427
4.658281 4.647748 4.637745 4.628215 4.619094 4.610308 4.601778 4.593421 4.585149 4.576874 4.568509 4.559969 4.551177 4.542066 4.532583 4.522693 4.512383 4.501661 4.490561 4.479157 4.467629 4.456049 4.444465 4.432915 4.421422 4.409997 4.398631 4.387303 4.375975 4.364598 4.353115 4.341461 4.329573 4.317388 4.304849 4.291901 4.278496 4.26459 4.250144 4.235125 4.219517 4.203333 4.186616 4.169437 4.151883 4.134046 4.116011 4.097851 4.079617 4.061304 4.043089 4.025119 4.007446 3.990032 3.972741 3.955343 3.937548 3.919056 3.899617 3.879065 3.857353 3.834553 3.810859 3.786566 3.762063 3.737778 3.714179 3.691724 3.670838
4.63675 4.626459 4.61665 4.607266 4.598242 4.589505 4.580981 4.572587 4.564242 4.555863 4.547368 4.538679 4.529727 4.520451 4.510805 4.50076 4.490304 4.479449 4.468229 4.456713 4.445065 4.433346 4.42159 4.409823 4.398061 4.386301 4.374529 4.362718 4.350824 4.3388 4.32659 4.314141 4.301402 4.288331 4.274897 4.26108 4.246873 4.232277 4.217299 4.201952 4.186252 4.170222 4.153902 4.137336 4.120578 4.103678 4.08668 4.069613 4.052485 4.035318 4.018248 4.001357 3.984637 3.967989 3.951221 3.93407 3.916228 3.897394 3.877326 3.855877 3.833033 3.808913 3.783768 3.757962 3.731949 3.706232 3.681342 3.657799 3.636083
4.615747 4.605655 4.595996 4.586712 4.57774 4.569007 4.560443 4.55197 4.54351 4.534987 4.526327 4.517457 4.508317 4.498852 4.489023 4.478806 4.468194 4.457202 4.445861 4.434241 4.422482 4.410634 4.398719 4.386753 4.37474 4.362668 4.350516 4.338247 4.325818 4.313175 4.300269 4.287051 4.273484 4.259546 4.245231 4.230556 4.215556 4.200281 4.184787 4.16913 4.153359 4.137512 4.121619 4.105703 4.089783 4.073869 4.057961 4.042043 4.026083 4.010113 3.994231 3.978455 3.962712 3.946844 3.930612 3.913716 3.895829 3.876646 3.855929 3.833558 3.809553 3.784087 3.757477 3.730158 3.702659 3.675558 3.649455 3.62493 3.602515
4.595316 4.585382 4.575832 4.566608 4.557646 4.548878 4.540235 4.531645 4.523037 4.514339 4.505484 4.496408 4.487057 4.477385 4.467358 4.456958 4.446184 4.435051 4.423595 4.411878 4.400021 4.388058 4.376003 4.36386 4.351623 4.339273 4.326778 4.314095 4.301177 4.287967 4.274416 4.260482 4.246138 4.231379 4.216227 4.200731 4.184968 4.169038 4.153047 4.137098 4.121272 4.105617 4.090157 4.074891 4.059805 4.044874 4.030053 4.015285 4.000495 3.985723 3.971021 3.956346 3.941568 3.926474 3.910779 3.894147 3.876232 3.856717 3.835369 3.81209 3.786938 3.760146 3.7321 3.703316 3.674403 3.646014 3.61882 3.593464 3.570519
4.575501 4.565689 4.556211 4.54701 4.538023 4.529186 4.520433 4.511697 4.502913 4.494015 4.484944 4.475643 4.466065 4.456172 4.445936 4.435347 4.424407 4.413135 4.401567 4.389765 4.377823 4.365764 4.35359 4.341298 4.328872 4.316284 4.303495 4.290456 4.277111 4.263404 4.249283 4.234711 4.219668 4.204165 4.188245 4.171989 4.155517 4.138971 4.122511 4.106287 4.09041 4.07494 4.05989 4.045238 4.030941 4.016937 4.003149 3.989475 3.975803 3.962172 3.948592 3.934964 3.921104 3.906752 3.891581 3.875223 3.857309 3.837504 3.815578 3.791445 3.765207 3.737156 3.707758 3.677613 3.647409 3.617882 3.589771 3.563773 3.540518
4.556357 4.546631 4.537192 4.527983 4.518941 4.510007 4.501119 4.492214 4.483233 4.474119 4.464816 4.455277 4.445462 4.435339 4.42489 4.414106 4.402998 4.391589 4.379918 4.368042 4.35603 4.343893 4.331625 4.319214 4.306637 4.293859 4.280833 4.267505 4.253812 4.239695 4.2251 4.209989 4.19435 4.178205 4.161615 4.144691 4.127583 4.110478 4.093585 4.077102 4.061172 4.045861 4.03117 4.017059 4.003462 3.990288 3.977427 3.964742 3.952087 3.939495 3.926934 3.914256 3.901234 3.887566 3.872891 3.856812 3.838934 3.818907 3.796487 3.7716 3.744385 3.715199 3.684592 3.65325 3.621946 3.591489 3.562692 3.5363 3.51299
4.537941 4.52827 4.518842 4.509597 4.500477 4.491424 4.482381 4.473291 4.4641 4.454757 4.445215 4.435431 4.425374 4.415018 4.404351 4.393373 4.382098 4.370555 4.358786 4.346847 4.33478 4.322582 4.310243 4.297744 4.285056 4.272139 4.258939 4.245397 4.231444 4.217017 4.202057 4.186527 4.170415 4.153754 4.136618 4.119137 4.101494 4.083911 4.066637 4.049914 4.033919 4.01872 4.00431 3.990636 3.977614 3.965133 3.953055 3.941215 3.929437 3.917741 3.90606 3.894205 3.881912 3.868845 3.854619 3.838814 3.821012 3.800845 3.778051 3.752554 3.724525 3.694393 3.66279 3.630486 3.59834 3.567229 3.538026 3.511538 3.488461
4.520319 4.510676 4.501233 4.49193 4.482712 4.473525 4.464314 4.455029 4.445621 4.436044 4.426259 4.416229 4.405929 4.395341 4.384458 4.373286 4.361846 4.350172 4.338311 4.326318 4.314205 4.301962 4.289573 4.277016 4.264256 4.251249 4.237939 4.22426 4.21014 4.195509 4.180306 4.164487 4.148042 4.131005 4.113461 4.095561 4.077505 4.059546 4.041962 4.025028 4.008947 3.993795 3.979564 3.966198 3.953605 3.941655 3.930192 3.919027 3.90796 3.896994 3.88603 3.874846 3.863149 3.850582 3.83674 3.82119 3.803502 3.78329 3.760269 3.734352 3.705735 3.674916 3.642608 3.609663 3.577 3.545568 3.516295 3.490036 3.467547
4.503563 4.493925 4.484445 4.475066 4.465736 4.456403 4.447018 4.437533 4.427906 4.418096 4.40807 4.397798 4.387259 4.376442 4.365347 4.353986 4.342384 4.330581 4.318631 4.306588 4.294437 4.282159 4.269737 4.257144 4.244347 4.231297 4.217936 4.204196 4.190001 4.175274 4.159949 4.143977 4.127344 4.11008 4.092279 4.0741 4.055765 4.037545 4.019739 4.002634 3.986443 3.971264 3.957105 3.943916 3.931597 3.920012 3.908989 3.898321 3.887791 3.877379 3.866961 3.856289 3.845048 3.832867 3.819334 3.80401 3.786462 3.766297 3.74322 3.717118 3.688206 3.657049 3.62442 3.591222 3.558438 3.527068 3.498097 3.472445 3.450913
4.487754 4.478098 4.468564 4.459096 4.449645 4.44016 4.430597 4.420913 4.41107 4.401033 4.390773 4.380266 4.369496 4.358458 4.347157 4.335609 4.323849 4.311919 4.29988 4.287787 4.2756 4.263293 4.250848 4.238238 4.225429 4.212374 4.199015 4.185281 4.171094 4.156374 4.141045 4.125052 4.108371 4.091029 4.073116 4.054801 4.036315 4.017945 3.999997 3.98276 3.966453 3.951197 3.937024 3.923893 3.911712 3.900339 3.889592 3.879256 3.869098 3.859076 3.849043 3.838732 3.827816 3.815917 3.802622 3.787497 3.770115 3.75009 3.72713 3.701124 3.6723 3.641238 3.608741 3.575746 3.543275 3.51239 3.484131 3.459476 3.439287
4.472973 4.463282 4.453681 4.444115 4.434536 4.424898 4.41516 4.405282 4.395232 4.384977 4.374494 4.363762 4.352772 4.341521 4.330021 4.318294 4.306376 4.294319 4.282188 4.270044 4.257819 4.245481 4.233016 4.220397 4.207594 4.194563 4.181246 4.167573 4.153466 4.13884 4.123613 4.107718 4.091121 4.073836 4.055947 4.037623 4.019104 4.000683 3.982667 3.965343 3.948936 3.933584 3.919342 3.906188 3.894038 3.882752 3.872149 3.862006 3.852084 3.842318 3.832539 3.82247 3.811778 3.800086 3.786989 3.772066 3.754907 3.735146 3.712512 3.686928 3.658618 3.628134 3.596264 3.563956 3.532268 3.502308 3.475177 3.451919 3.433443
4.459305 4.449565 4.439887 4.430218 4.42051 4.410722 4.400815 4.390754 4.380507 4.370048 4.359355 4.348413 4.337215 4.325764 4.314073 4.30217 4.290097 4.277912 4.265686 4.253483 4.241212 4.228838 4.216348 4.203722 4.190933 4.177941 4.164692 4.151121 4.137147 4.122684 4.107644 4.091949 4.075548 4.058438 4.040693 4.022474 4.004028 3.985648 3.967638 3.950283 3.93381 3.918373 3.904046 3.890826 3.878641 3.867362 3.856812 3.846768 3.83699 3.827389 3.817782 3.807886 3.79737 3.785865 3.77298 3.758321 3.741507 3.722204 3.70018 3.675378 3.648014 3.618579 3.58783 3.556702 3.526263 3.497659 3.472058 3.450566 3.434169
4.446836 4.437037 4.427276 4.4175 4.407667 4.397736 4.387669 4.377437 4.367009 4.356363 4.345479 4.334343 4.322953 4.311312 4.299439 4.287367 4.27514 4.262824 4.250497 4.238229 4.225901 4.21348 4.200957 4.188316 4.175538 4.162589 4.149422 4.135974 4.122168 4.107915 4.093122 4.077701 4.061584 4.044749 4.027247 4.009237 3.990964 3.972716 3.954793 3.937474 3.92099 3.905504 3.891109 3.877819 3.86558 3.854276 3.843738 3.833751 3.824081 3.814613 3.805157 3.795432 3.785111 3.773842 3.761256 3.746996 3.730723 3.712148 3.691067 3.667437 3.641434 3.613511 3.58436 3.554883 3.526144 3.49931 3.475599 3.456233 3.442247
4.435646 4.425781 4.415934 4.406055 4.396101 4.386035 4.375823 4.365436 4.354846 4.344033 4.332976 4.321667 4.3101 4.298285 4.286242 4.274006 4.261629 4.24918 4.236747 4.224403 4.212007 4.199526 4.186954 4.174287 4.16151 4.148598 4.135512 4.122196 4.108575 4.094558 4.080048 4.064945 4.049171 4.032682 4.015512 3.997806 3.979803 3.961782 3.944033 3.92683 3.910403 3.894928 3.88051 3.867184 3.854914 3.843601 3.833088 3.823174 3.813632 3.804329 3.795073 3.785587 3.775558 3.76465 3.752529 3.738874 3.723403 3.705871 3.6861 3.66403 3.639812 3.613837 3.586735 3.559355 3.532737 3.508062 3.486604 3.46965 3.458337
4.42581 4.415875 4.405942 4.395964 4.385899 4.375711 4.36537 4.354846 4.344116 4.333157 4.321951 4.310488 4.298765 4.286791 4.27459 4.2622 4.249677 4.237096 4.224553 4.212124 4.199649 4.187094 4.17446 4.161751 4.148961 4.136075 4.123063 4.109875 4.09644 4.08267 4.068458 4.053699 4.038299 4.022204 4.005437 3.988125 3.970486 3.952783 3.935295 3.91829 3.902001 3.886611 3.872242 3.858946 3.846707 3.835444 3.825019 3.815245 3.805909 3.796867 3.787924 3.778817 3.769248 3.758904 3.74748 3.734702 3.720335 3.704185 3.686085 3.66596 3.643922 3.620305 3.595673 3.570814 3.546729 3.524592 3.505702 3.491428 3.483009
4.41739 4.407383 4.397367 4.387297 4.377131 4.366838 4.356386 4.345748 4.3349 4.323819 4.312488 4.300895 4.289037 4.276924 4.264581 4.252048 4.239388 4.226678 4.214025 4.201506 4.188943 4.176303 4.163596 4.150831 4.138015 4.125142 4.112192 4.099124 4.085874 4.072351 4.058446 4.044043 4.02904 4.013377 3.997066 3.980215 3.963015 3.945708 3.92856 3.911836 3.895768 3.880549 3.866316 3.853138 3.841021 3.829905 3.819671 3.810152 3.80115 3.792513 3.784052 3.775521 3.766639 3.757118 3.746684 3.735094 3.72216 3.707726 3.691632 3.673794 3.654287 3.633396 3.611622 3.589685 3.568537 3.549304 3.533303 3.521955 3.516614
4.410429 4.400352 4.390258 4.380105 4.369853 4.35947 4.348928 4.338199 4.327259 4.316083 4.304652 4.292953 4.280984 4.268754 4.256288 4.243629 4.230844 4.218016 4.205256 4.192647 4.179995 4.167266 4.15448 4.141654 4.128805 4.115937 4.103041 4.090087 4.077017 4.063744 4.050152 4.036119 4.021534 4.006329 3.990508 3.974158 3.957446 3.940593 3.923853 3.907481 3.891715 3.876757 3.862755 3.849799 3.837918 3.827071 3.817163 3.808046 3.79954 3.791489 3.783715 3.775991 3.768056 3.759646 3.750512 3.740443 3.72927 3.716851 3.703048 3.687777 3.671095 3.653244 3.634667 3.616027 3.598192 3.582229 3.569455 3.561311 3.559221
4.404949 4.394803 4.38464 4.374415 4.364092 4.353639 4.343028 4.332233 4.321226 4.309982 4.298479 4.286703 4.274648 4.262324 4.249759 4.236996 4.224103 4.211172 4.198318 4.185629 4.172893 4.160082 4.147223 4.13434 4.121461 4.108599 4.095758 4.082918 4.07003 4.057012 4.043744 4.030094 4.015942 4.001212 3.985897 3.970068 3.95387 3.937508 3.921224 3.905267 3.889877 3.875264 3.861593 3.848972 3.83745 3.827011 3.817579 3.809029 3.801197 3.793928 3.787059 3.780378 3.773648 3.766627 3.759085 3.750831 3.741697 3.73155 3.720269 3.707787 3.694154 3.679584 3.664483 3.649441 3.635262 3.622931 3.613721 3.609071 3.610468
4.400939 4.39073 4.380505 4.370223 4.359845 4.349342 4.338685 4.327848 4.316802 4.305517 4.29397 4.282143 4.270032 4.257644 4.245006 4.232166 4.219193 4.206182 4.193255 4.180502 4.1677 4.154826 4.141911 4.128992 4.1161 4.103262 4.090489 4.077774 4.065079 4.052326 4.039392 4.026134 4.012422 3.998171 3.983363 3.968057 3.952384 3.936534 3.920739 3.905246 3.890297 3.876111 3.862866 3.850692 3.839656 3.829765 3.820965 3.813148 3.806166 3.79987 3.79411 3.788691 3.783394 3.777992 3.772273 3.766052 3.759166 3.751483 3.742896 3.733357 3.722919 3.711788 3.700326 3.68909 3.678808 3.6704 3.665055 3.664194 3.669315
4.398356 4.388088 4.377811 4.367484 4.357069 4.346537 4.335858 4.325004 4.313943 4.302644 4.291081 4.279235 4.267099 4.254679 4.242003 4.229118 4.216098 4.203041 4.190071 4.177281 4.164443 4.151536 4.138599 4.125677 4.112809 4.100029 4.087356 4.07479 4.062307 4.049835 4.037244 4.02438 4.011104 3.997324 3.983014 3.968223 3.953071 3.937743 3.922462 3.907474 3.893022 3.879336 3.866609 3.854986 3.844557 3.835349 3.827326 3.820397 3.814425 3.809269 3.804789 3.800806 3.797113 3.793496 3.789754 3.785703 3.781186 3.776074 3.770274 3.763751 3.756569 3.748923 3.741153 3.73378 3.727492 3.723149 3.721851 3.724966 3.733927
4.397115 4.386792 4.376473 4.366116 4.355685 4.345148 4.334474 4.323633 4.31259 4.301312 4.289771 4.277946 4.265825 4.253418 4.240748 4.227866 4.214845 4.201785 4.188813 4.176026 4.163188 4.150288 4.13737 4.124486 4.111683 4.099 4.086462 4.074075 4.061819 4.049626 4.037366 4.024879 4.012019 3.998688 3.984855 3.970564 3.955932 3.941137 3.926398 3.91196 3.898072 3.88497 3.87286 3.861904 3.852209 3.843821 3.836719 3.830824 3.826004 3.822127 3.819063 3.81664 3.81466 3.81292 3.811219 3.809384 3.80726 3.804726 3.801699 3.798158 3.794178 3.789944 3.785781 3.782187 3.779814 3.779485 3.782254 3.789369 3.802096
4.397164 4.38679 4.376441 4.366075 4.355657 4.34515 4.334523 4.323741 4.312768 4.301569 4.29011 4.278369 4.266334 4.254007 4.241414 4.228603 4.215646 4.202645 4.189728 4.17699 4.164198 4.151344 4.138481 4.125667 4.112954 4.100386 4.087993 4.075784 4.063737 4.051785 4.039801 4.027632 4.015133 4.002203 3.988809 3.974995 3.960877 3.946631 3.932476 3.918654 3.905417 3.893007 3.881641 3.871493 3.862687 3.855279 3.849262 3.84456 3.84104 3.838577 3.837044 3.836273 3.836068 3.836228 3.83656 3.836894 3.837082 3.837014 3.836621 3.835902 3.834934 3.833896 3.833116 3.83307 3.834394 3.837879 3.844531 3.855447 3.871682
4.398468 4.38805 4.377682 4.367328 4.356947 4.346506 4.335966 4.325291 4.314441 4.303378 4.292066 4.280478 4.268599 4.256428 4.243988 4.231323 4.218506 4.205635 4.192836 4.180205 4.167512 4.154755 4.141993 4.129287 4.116695 4.104265 4.092026 4.079988 4.068128 4.056375 4.044615 4.032707 4.020511 4.007929 3.994929 3.981561 3.967944 3.954255 3.94071 3.927551 3.91503 3.903395 3.89287 3.883643 3.875846 3.869549 3.864747 3.861362 3.859254 3.8583 3.858371 3.859293 3.860868 3.862893 3.865181 3.867567 3.869916 3.872131 3.874162 3.876024 3.877802 3.879679 3.881986 3.885184 3.889898 3.896888 3.907079 3.921416 3.940749
4.400954 4.390494 4.38012 4.369792 4.359474 4.349126 4.338711 4.328185 4.317508 4.306637 4.295534 4.284166 4.272514 4.260574 4.248364 4.235926 4.223326 4.21066 4.19805 4.18559 4.173057 4.160454 4.147845 4.135292 4.122856 4.110584 4.098507 4.086633 4.074934 4.063345 4.051765 4.040067 4.028125 4.015843 4.003201 3.990253 3.977126 3.963996 3.951078 3.938612 3.926852 3.916048 3.906433 3.898203 3.8915 3.886402 3.882905 3.880922 3.880296 3.880901 3.882599 3.885201 3.888502 3.892299 3.896406 3.900667 3.904962 3.909212 3.913395 3.917539 3.921745 3.926207 3.931251 3.937337 3.945075 3.955172 3.96847 3.98576 4.00772
4.404511 4.394014 4.383641 4.373353 4.363115 4.352885 4.342623 4.332284 4.321824 4.311196 4.300357 4.289272 4.277916 4.266281 4.254377 4.242243 4.229939 4.217555 4.205208 4.192986 4.180677 4.168291 4.15589 4.143538 4.131294 4.119206 4.107301 4.095584 4.08403 4.07258 4.061144 4.049615 4.037885 4.025871 4.013561 4.001022 3.988382 3.975816 3.963537 3.951785 3.940813 3.930875 3.922209 3.91502 3.90946 3.905611 3.903467 3.902927 3.903812 3.905982 3.909279 3.913498 3.918422 3.923842 3.929578 3.935483 3.941457 3.947446 3.953453 3.959532 3.965807 3.972482 3.979882 3.988466 3.998818 4.011592 4.027533 4.047293 4.071398
4.409014 4.398481 4.388113 4.377873 4.367726 4.357632 4.347547 4.337424 4.327216 4.316873 4.306349 4.295603 4.284605 4.273341 4.261817 4.250061 4.238129 4.226104 4.214092 4.202176 4.190159 4.178054 4.165921 4.153822 4.141814 4.129939 4.118224 4.106671 4.095257 4.083933 4.072622 4.061237 4.049692 4.037927 4.025944 4.013813 4.001663 3.989667 3.978038 3.967014 3.956846 3.947792 3.940093 3.933962 3.92956 3.926973 3.926193 3.9271 3.929482 3.933177 3.938003 3.943729 3.950123 3.956974 3.964105 3.971384 3.97873 3.986123 3.993592 4.001226 4.009178 4.017667 4.027023 4.0377 4.05025 4.065269 4.083399 4.105173 4.13098
4.414325 4.403756 4.393394 4.383206 4.373158 4.363208 4.353314 4.343429 4.333499 4.323475 4.313306 4.302946 4.29236 4.281528 4.270448 4.259141 4.247654 4.23606 4.224455 4.212914 4.201258 4.189501 4.177699 4.165911 4.154186 4.142564 4.131068 4.119701 4.108442 4.097251 4.086068 4.074826 4.063463 4.051946 4.040292 4.028574 4.01692 4.005503 3.994534 3.984247 3.974893 3.966729 3.960001 3.954925 3.95167 3.95033 3.95089 3.953211 3.957039 3.962182 3.968421 3.975502 3.983176 3.991228 3.999488 4.007842 4.016233 4.024673 4.033226 4.042019 4.051239 4.061133 4.072045 4.084415 4.098759 4.115609 4.135516 4.158901 4.186037
4.420308 4.409701 4.399343 4.389206 4.379257 4.369458 4.359763 4.350126 4.340493 4.330812 4.321028 4.311091 4.300963 4.290614 4.280035 4.26924 4.258265 4.24717 4.23604 4.22494 4.213714 4.202374 4.19097 4.179554 4.16817 4.156852 4.14562 4.134476 4.123405 4.112377 4.101348 4.090271 4.079112 4.067859 4.056543 4.045248 4.0341 4.023272 4.012971 4.00343 3.994898 3.987629 3.981868 3.977834 3.975701 3.975567 3.977417 3.981086 3.986274 3.992745 4.000244 4.00849 4.017221 4.02622 4.035325 4.04444 4.053543 4.062673 4.071937 4.0815 4.091592 4.102495 4.114571 4.128246 4.144002 4.162316 4.183628 4.208291 4.236463
4.426835 4.416186 4.405828 4.395739 4.385887 4.376235 4.366742 4.357358 4.348031 4.338706 4.329328 4.319843 4.310205 4.30038 4.290352 4.280123 4.269719 4.259186 4.248595 4.238001 4.227272 4.216418 4.205481 4.194505 4.183526 4.172572 4.16166 4.150793 4.139962 4.129145 4.118316 4.107448 4.096528 4.085568 4.074615 4.063757 4.053128 4.0429 4.033278 4.024493 4.016791 4.010422 4.005627 4.002623 4.001581 4.002601 4.005669 4.010588 4.017011 4.024652 4.033222 4.042414 4.051957 4.061633 4.07129 4.080859 4.090345 4.099824 4.109447 4.119424 4.130025 4.14157 4.154443 4.169064 4.185881 4.205321 4.227744 4.253425 4.282423
