ASPA-UH-SWB2_REPO/input/ET_Process/jan_et_clipped.asc
ncols         350
nrows         200
xllcorner     515000
yllcorner     8409000
cellsize      100
NODATA_value  -9999
[rows 31 to 61 of 200, columns 207 to 275 of 350]
4.161819 4.163734 4.165891 4.16819 -9999 -9999 -9999 -9999 -9999 -9999 -9999 -9999 -9999 -9999 -9999 -9999 -9999 -9999 -9999 -9999 -9999 -9999 -9999 -9999 -9999 -9999 -9999 -9999 -9999 -9999 -9999 -9999 -9999 -9999 -9999 -9999 -9999 -9999 -9999 -9999 -9999 -9999 -9999 -9999 -9999 -9999 -9999 -9999 -9999 -9999 -9999 -9999 -9999 -9999 -9999 -9999 -9999 -9999 -9999 -9999 -9999 -9999 -9999 -9999 -9999 -9999 -9999 -9999 -9999
4.150621 4.152606 4.154836 4.157213 -9999 -9999 -9999 -9999 -9999 -9999 -9999 -9999 -9999 -9999 -9999 -9999 -9999 -9999 -9999 -9999 -9999 -9999 -9999 -9999 -9999 -9999 -9999 -9999 -9999 -9999 -9999 -9999 -9999 -9999 -9999 -9999 -9999 -9999 -9999 -9999 -9999 -9999 -9999 -9999 -9999 -9999 -9999 -9999 -9999 -9999 -9999 -9999 -9999 -9999 -9999 -9999 -9999 -9999 -9999 -9999 -9999 -9999 -9999 -9999 -9999 -9999 -9999 -9999 -9999
4.139973 4.142014 4.144299 4.146733 -9999 -9999 4.154037 4.156191 4.158078 4.159631 -9999 -9999 -9999 -9999 -9999 -9999 -9999 -9999 -9999 -9999 -9999 -9999 -9999 -9999 -9999 -9999 -9999 -9999 -9999 -9999 -9999 -9999 -9999 -9999 -9999 -9999 -9999 -9999 -9999 -9999 -9999 -9999 -9999 -9999 -9999 -9999 -9999 -9999 -9999 -9999 -9999 -9999 -9999 -9999 -9999 -9999 -9999 -9999 -9999 -9999 -9999 -9999 -9999 -9999 -9999 -9999 -9999 -9999 -9999
4.129848 4.131928 4.134247 4.136717 4.139252 4.141768 4.144185 4.14643 4.148433 4.150132 4.15147 -9999 -9999 -9999 -9999 -9999 -9999 -9999 -9999 -9999 -9999 -9999 -9999 -9999 -9999 -9999 -9999 -9999 -9999 -9999 -9999 -9999 -9999 -9999 -9999 -9999 -9999 4.181678 4.204593 -9999 -9999 -9999 -9999 -9999 -9999 -9999 -9999 -9999 -9999 -9999 -9999 -9999 -9999 -9999 -9999 -9999 -9999 -9999 -9999 -9999 -9999 -9999 -9999 -9999 -9999 -9999 -9999 -9999 -9999
4.120193 4.12229 4.124619 4.127099 4.12965 4.132192 4.134653 4.136961 4.139054 4.140872 4.142362 4.143476 -9999 -9999 -9999 -9999 4.142152 4.140354 -9999 -9999 -9999 -9999 -9999 -9999 -9999 -9999 -9999 -9999 -9999 -9999 4.099266 4.102386 4.107824 -9999 -9999 -9999 4.155055 4.173532 4.194693 4.218495 -9999 -9999 -9999 -9999 -9999 -9999 -9999 -9999 -9999 4.568707 4.608531 4.647314 -9999 -9999 -9999 -9999 -9999 -9999 -9999 -9999 -9999 -9999 -9999 -9999 -9999 -9999 -9999 -9999 -9999
4.110919 4.113009 4.115324 4.11779 4.12033 4.122874 4.125351 4.127697 4.129852 4.131762 4.133376 4.13465 4.135544 -9999 -9999 4.135628 4.134717 4.133318 4.131435 -9999 -9999 -9999 -9999 -9999 -9999 4.107646 4.103636 -9999 -9999 4.09678 4.09768 4.100536 4.105513 4.112741 4.122324 4.13433 4.148805 4.165766 4.185205 4.20709 -9999 -9999 -9999 4.31758 4.350315 -9999 -9999 -9999 -9999 4.533204 4.571013 4.608046 4.643638 -9999 -9999 -9999 -9999 -9999 -9999 -9999 -9999 -9999 -9999 -9999 -9999 -9999 -9999 -9999 -9999
4.101917 4.103975 4.106251 4.108676 4.111182 4.113701 4.11617 4.118529 4.120722 4.122698 4.124411 4.125818 4.126881 -9999 4.127852 4.12771 4.127129 4.1261 4.124626 4.12272 -9999 -9999 -9999 -9999 4.107998 4.104481 4.101006 4.097869 4.095801 4.095096 4.095974 4.098626 4.103203 4.109832 4.118603 4.129584 4.142815 4.158312 4.176073 4.196074 4.218273 -9999 4.268994 4.297326 4.327467 4.359246 4.392453 -9999 4.462054 4.497754 4.533473 4.568681 4.602763 4.635018 -9999 -9999 -9999 -9999 -9999 -9999 -9999 -9999 -9999 -9999 -9999 -9999 -9999 -9999 -9999
4.093057 4.095057 4.097268 4.099628 4.102076 4.104549 4.106989 4.109339 4.111548 4.113569 4.115357 4.116872 4.11808 4.118948 4.119451 4.119569 4.119287 4.118598 4.117505 4.116018 4.11416 -9999 -9999 4.106749 4.103865 4.100906 4.097978 4.095335 4.093622 4.093116 4.094029 4.096538 4.100786 4.106887 4.114923 4.12495 4.137006 4.151103 4.167242 4.185404 4.20556 4.227666 4.251663 4.277474 4.305 4.334113 4.364648 4.396398 4.4291 4.46243 4.495991 4.529306 4.561813 4.592857 4.621694 -9999 -9999 -9999 -9999 -9999 -9999 -9999 -9999 -9999 -9999 -9999 -9999 -9999 -9999
4.084191 4.086108 4.088231 4.090505 4.092875 4.095283 4.097675 4.1 4.102209 4.104256 4.106101 4.107705 4.109035 4.110061 4.110758 4.111107 4.111096 4.110719 4.109977 4.108882 4.107456 4.105727 4.10374 4.101546 4.099212 4.096815 4.094443 4.092316 4.090991 4.090729 4.091733 4.094166 4.098159 4.10381 4.111191 4.120348 4.131307 4.144079 4.158661 4.175041 4.193201 4.213112 4.23474 4.258038 4.282943 4.30937 4.337203 4.366287 4.396415 4.42732 4.458664 4.490027 4.520899 4.550676 4.578657 4.604046 -9999 -9999 -9999 -9999 -9999 -9999 -9999 -9999 -9999 -9999 -9999 -9999 -9999
4.075166 4.076975 4.078988 4.081157 4.083432 4.085762 4.088094 4.090382 4.092579 4.094642 4.096531 4.098209 4.099645 4.10081 4.10168 4.102238 4.102473 4.10238 4.101964 4.101234 4.100213 4.09893 4.097425 4.095748 4.093957 4.09212 4.090312 4.088718 4.087812 4.087841 4.088993 4.091418 4.095231 4.100516 4.107329 4.115702 4.125652 4.137181 4.150283 4.164951 4.181172 4.198936 4.218229 4.239036 4.261329 4.285066 4.310182 4.336573 4.364091 4.392529 4.421609 4.450968 4.480154 4.508614 4.535693 4.560633 4.583077 -9999 4.628239 4.651319 4.674497 -9999 -9999 -9999 -9999 -9999 -9999 -9999 -9999
4.065823 4.067501 4.069386 4.071435 4.073605 4.075847 4.078113 4.080359 4.082539 4.084613 4.086541 4.088286 4.089818 4.091109 4.092137 4.092885 4.093346 4.093515 4.093399 4.093011 4.092372 4.091513 4.090471 4.089294 4.088036 4.086755 4.085517 4.08447 4.084013 4.084374 4.08573 4.088214 4.091926 4.09693 4.103265 4.110948 4.119982 4.130359 4.142068 4.155102 4.169456 4.185133 4.202141 4.220493 4.240198 4.261259 4.283658 4.307347 4.332236 4.35818 4.384961 4.412278 4.439737 4.466837 4.492972 4.517425 4.539832 4.562417 4.585593 4.609241 4.633135 4.656967 -9999 -9999 -9999 -9999 -9999 -9999 -9999
4.056005 4.057534 4.059276 4.061197 4.063256 4.065408 4.067608 4.069814 4.071981 4.074069 4.076036 4.077849 4.079475 4.080887 4.082064 4.082992 4.083663 4.084077 4.084242 4.084174 4.083896 4.083439 4.082842 4.08215 4.081411 4.08068 4.080013 4.079524 4.079539 4.080274 4.081887 4.084496 4.088182 4.09299 4.09894 4.10603 4.114245 4.123568 4.133979 4.145469 4.158038 4.171701 4.186489 4.20244 4.219601 4.238016 4.257718 4.278715 4.300975 4.324415 4.34888 4.374132 4.399836 4.425546 4.450703 4.474632 4.496966 4.519718 4.543248 4.567416 4.591977 4.616594 4.640866 -9999 -9999 -9999 -9999 -9999 -9999
4.045568 4.046932 4.048522 4.050311 4.052259 4.054327 4.056469 4.058646 4.060811 4.062923 4.064942 4.06683 4.068555 4.070091 4.071416 4.072518 4.073392 4.074039 4.074471 4.074708 4.074772 4.0747 4.07453 4.074306 4.074074 4.073885 4.073784 4.073858 4.074367 4.075509 4.077427 4.080223 4.083956 4.088652 4.094308 4.100901 4.1084 4.116771 4.125985 4.136029 4.146908 4.158646 4.171293 4.184915 4.199593 4.215415 4.232463 4.250799 4.270452 4.2914 4.313552 4.336735 4.360671 4.384972 4.409128 4.432505 4.454733 4.477612 4.501451 4.526089 4.551255 4.576591 4.601674 4.62603 4.649168 4.670601 -9999 -9999 -9999
4.034385 4.035573 4.037008 4.038667 4.040513 4.042507 4.044609 4.046774 4.048957 4.051114 4.053202 4.055182 4.057021 4.058691 4.060172 4.061451 4.062527 4.063404 4.064096 4.064624 4.06502 4.065317 4.065557 4.065786 4.066047 4.066387 4.066844 4.067482 4.068496 4.070071 4.072336 4.075374 4.079223 4.083885 4.089335 4.095528 4.102412 4.109935 4.11806 4.126765 4.136058 4.145973 4.156576 4.167959 4.18024 4.193545 4.208005 4.223738 4.24083 4.259324 4.279191 4.300321 4.322496 4.345387 4.36853 4.391336 4.413431 4.436402 4.460504 4.485553 4.511257 4.537235 4.56304 4.588184 4.612156 4.634456 -9999 -9999 4.687145
4.022354 4.023362 4.024643 4.02618 4.02794 4.029882 4.031967 4.034148 4.036376 4.038605 4.040789 4.042886 4.04486 4.046683 4.048335 4.049804 4.05109 4.052199 4.053149 4.053966 4.054683 4.055339 4.055977 4.056643 4.057382 4.058235 4.059238 4.060431 4.061956 4.063983 4.066627 4.069952 4.073974 4.078674 4.084 4.089884 4.096252 4.103035 4.110181 4.117662 4.125484 4.133692 4.142365 4.151622 4.161612 4.172503 4.184471 4.197687 4.212297 4.228402 4.246038 4.265157 4.285603 4.3071 4.329237 4.351463 4.373403 4.396434 4.420754 4.446157 4.472326 4.498858 4.52529 4.551117 4.575819 4.598887 4.619854 4.638343 4.654106
4.00941 4.01024 4.011377 4.012807 4.014502 4.016421 4.01852 4.02075 4.023058 4.025394 4.027707 4.029952 4.032091 4.034094 4.03594 4.037618 4.039127 4.04048 4.041695 4.042801 4.043838 4.044846 4.045871 4.046961 4.048161 4.04951 4.051041 4.052774 4.054806 4.057292 4.060334 4.063979 4.068223 4.07302 4.078294 4.083953 4.089901 4.096048 4.102329 4.108706 4.115184 4.121813 4.12869 4.135956 4.143789 4.152397 4.162 4.172821 4.185058 4.198874 4.214365 4.231544 4.250317 4.270461 4.291614 4.313267 4.33504 4.358106 4.382604 4.408303 4.434862 4.461859 4.488815 4.515214 4.540535 4.56427 4.585964 4.605246 4.621863
3.995527 3.996192 3.997201 3.998549 4.000207 4.002136 4.004286 4.006603 4.00903 4.011512 4.013992 4.016423 4.018763 4.020978 4.023047 4.02496 4.026717 4.02833 4.029822 4.031228 4.032586 4.033943 4.035348 4.03685 4.038494 4.040319 4.042355 4.044606 4.047129 4.050069 4.053516 4.057501 4.061998 4.066937 4.072219 4.077727 4.083342 4.088956 4.094485 4.099884 4.105154 4.11035 4.115583 4.121016 4.126856 4.133346 4.140748 4.149329 4.159342 4.171004 4.184471 4.199814 4.216998 4.235855 4.256069 4.277171 4.298777 4.32186 4.3465 4.372439 4.399314 4.426685 4.45406 4.480922 4.506752 4.531054 4.553388 4.573396 4.590824
3.980726 3.981246 3.982156 3.983451 3.985107 3.987082 3.989323 3.991769 3.994358 3.997028 3.999718 4.002376 4.004955 4.007421 4.009749 4.011929 4.01396 4.015858 4.017648 4.019364 4.021053 4.022761 4.024542 4.026445 4.028516 4.030794 4.033308 4.036048 4.039038 4.042413 4.046257 4.050583 4.055345 4.060453 4.065785 4.071202 4.076564 4.08174 4.086632 4.091182 4.095389 4.099313 4.103076 4.106863 4.110905 4.115478 4.12088 4.127421 4.135399 4.145083 4.156684 4.170331 4.186042 4.203703 4.223045 4.243634 4.265084 4.288175 4.312927 4.339053 4.36617 4.393822 4.421513 4.448726 4.474955 4.49972 4.5226 4.543253 4.56143
3.965072 3.96548 3.966323 3.967604 3.969298 3.971359 3.973732 3.976351 3.979145 3.982048 3.984993 3.98792 3.990782 3.993538 3.996163 3.998644 4.000983 4.003194 4.005305 4.007352 4.009382 4.011447 4.013601 4.015895 4.018376 4.021084 4.024045 4.027239 4.030662 4.034442 4.038655 4.043303 4.048322 4.053604 4.05901 4.064382 4.069556 4.074386 4.078753 4.082589 4.085888 4.088715 4.091204 4.093557 4.096032 4.098928 4.102576 4.107321 4.1135 4.121426 4.13136 4.143484 4.157871 4.174456 4.193013 4.213145 4.234461 4.257556 4.282392 4.308653 4.335937 4.363776 4.391674 4.419124 4.445636 4.470753 4.494077 4.515281 4.53413
3.948681 3.949015 3.949834 3.951143 3.952916 3.955108 3.957657 3.960491 3.963535 3.966713 3.969955 3.973197 3.976382 3.97947 3.982431 3.985252 3.987933 3.990488 3.992945 3.995343 3.99773 4.000159 4.002685 4.00536 4.008235 4.011346 4.014719 4.01833 4.022145 4.026287 4.030824 4.03575 4.040993 4.046433 4.051917 4.05727 4.062313 4.066878 4.070831 4.07409 4.076646 4.078568 4.080002 4.081168 4.082341 4.083844 4.08603 4.089269 4.09393 4.100363 4.108872 4.119686 4.132928 4.148582 4.166465 4.18621 4.207421 4.230522 4.255413 4.281753 4.309121 4.337046 4.365036 4.392601 4.419274 4.444623 4.468276 4.489928 4.509356
3.931713 3.932021 3.932862 3.934244 3.936142 3.938508 3.941275 3.944367 3.947701 3.951197 3.954778 3.958373 3.961923 3.965382 3.968718 3.971914 3.97497 3.9779 3.980731 3.983501 3.986259 3.989059 3.991956 3.995005 3.998253 4.001739 4.005488 4.009467 4.013625 4.018073 4.022873 4.028018 4.033431 4.03899 4.044534 4.04988 4.054832 4.059207 4.062854 4.065677 4.067664 4.068888 4.069511 4.069767 4.069944 4.070381 4.071444 4.073517 4.076992 4.082243 4.08961 4.099363 4.111671 4.126564 4.143899 4.163338 4.184479 4.207584 4.232496 4.25885 4.28621 4.314108 4.342065 4.369613 4.396311 4.421762 4.445621 4.467606 4.487511
3.914372 3.914705 3.915619 3.917122 3.919191 3.921773 3.924798 3.928186 3.93185 3.9357 3.939655 3.94364 3.94759 3.951455 3.9552 3.958806 3.962269 3.965602 3.968831 3.971993 3.975137 3.978314 3.981581 3.984991 3.988591 3.992419 3.9965 4.000793 4.005231 4.009918 4.014909 4.020197 4.025713 4.031336 4.036906 4.042237 4.047126 4.051376 4.05482 4.05735 4.058949 4.059702 4.059783 4.059438 4.058967 4.058708 4.059031 4.060327 4.062993 4.067419 4.073967 4.082942 4.094553 4.108876 4.125803 4.145024 4.166126 4.189227 4.214113 4.240399 4.267645 4.295389 4.323173 4.350558 4.377139 4.402552 4.426483 4.448678 4.468946
3.896906 3.897317 3.898354 3.900026 3.902307 3.905145 3.908465 3.912183 3.916206 3.920442 3.924802 3.929205 3.933585 3.937886 3.942068 3.946111 3.950007 3.953767 3.957415 3.960987 3.964527 3.968087 3.97172 3.975477 3.979405 3.983539 3.987901 3.992449 3.997098 4.001946 4.007047 4.012398 4.017938 4.023556 4.029101 4.034392 4.039227 4.043405 4.046745 4.049126 4.050531 4.051055 4.050889 4.050288 4.049548 4.049004 4.049015 4.049962 4.052238 4.056234 4.062324 4.070834 4.08201 4.095967 4.112636 4.131725 4.152811 4.175881 4.200674 4.226791 4.253796 4.281241 4.308698 4.335764 4.362074 4.387303 4.411169 4.433443 4.453954
3.879589 3.880133 3.881341 3.883225 3.885759 3.888886 3.892531 3.896605 3.901013 3.905655 3.910441 3.915285 3.920114 3.924871 3.929512 3.934012 3.938362 3.942567 3.94665 3.950643 3.954587 3.95853 3.962523 3.966612 3.970842 3.975245 3.979838 3.984577 3.989367 3.994299 3.999428 4.004757 4.010238 4.015774 4.02123 4.026439 4.031214 4.035355 4.03868 4.041057 4.042467 4.043025 4.042936 4.04245 4.041857 4.041467 4.041621 4.042676 4.04501 4.049003 4.055024 4.063411 4.074431 4.088237 4.104795 4.123829 4.144901 4.167888 4.192495 4.218319 4.244936 4.271923 4.298888 4.325471 4.351352 4.376246 4.399906 4.422126 4.442753
3.862722 3.863449 3.864874 3.867009 3.869826 3.873269 3.87726 3.881708 3.886513 3.891576 3.896798 3.902092 3.907383 3.912606 3.917717 3.922686 3.9275 3.932162 3.936689 3.941109 3.94546 3.949785 3.954129 3.958535 3.963041 3.967676 3.972454 3.977327 3.982192 3.987136 3.992218 3.997446 4.002788 4.008164 4.013463 4.01854 4.023228 4.02735 4.030735 4.033248 4.034876 4.035754 4.036086 4.036111 4.036091 4.03631 4.037071 4.038703 4.041554 4.045981 4.052341 4.060963 4.072123 4.085995 4.102582 4.121614 4.142642 4.165464 4.189764 4.215148 4.241214 4.267575 4.293879 4.319814 4.345109 4.369522 4.392836 4.414869 4.435483
3.846613 3.84757 3.84925 3.851664 3.854788 3.858564 3.862912 3.867741 3.872948 3.87843 3.884089 3.889833 3.895582 3.901273 3.906854 3.912293 3.917573 3.922693 3.927666 3.932514 3.937271 3.941972 3.946659 3.951366 3.956126 3.960962 3.965885 3.970845 3.975733 3.980634 3.985606 3.990671 3.995808 4.000962 4.006045 4.010942 4.015517 4.019625 4.023124 4.02591 4.027985 4.02948 4.030585 4.031513 4.03249 4.033757 4.035576 4.038236 4.042046 4.047334 4.05443 4.063647 4.075249 4.089408 4.10614 4.125186 4.146106 4.16865 4.192502 4.217288 4.242638 4.268206 4.293686 4.318817 4.343379 4.367172 4.390008 4.411724 4.432198
3.831569 3.832793 3.834755 3.83747 3.840912 3.845025 3.84973 3.854934 3.860533 3.866424 3.872506 3.878686 3.884882 3.891027 3.897067 3.902966 3.908705 3.914276 3.919688 3.924959 3.930114 3.935185 3.940204 3.945199 3.950197 3.955213 3.960256 3.965271 3.97015 3.974972 3.9798 3.984664 3.989561 3.994457 3.999293 4.003988 4.008445 4.012561 4.016242 4.019436 4.022171 4.024562 4.026768 4.028962 4.031321 4.034035 4.037316 4.041404 4.046568 4.053097 4.061288 4.071424 4.083742 4.098391 4.115359 4.134409 4.155138 4.177283 4.200541 4.224575 4.249053 4.273677 4.298192 4.322384 4.346086 4.369135 4.391371 4.412648 4.432859
3.81734 3.818839 3.821086 3.824099 3.827852 3.832295 3.837347 3.842915 3.848899 3.855194 3.861697 3.868315 3.874964 3.881573 3.888087 3.894464 3.900681 3.906727 3.912603 3.918322 3.923901 3.929364 3.934736 3.940036 3.945283 3.950486 3.955648 3.960717 3.965582 3.970324 3.975006 3.97967 3.984329 3.988972 3.993572 3.998084 4.002457 4.00664 4.010599 4.014339 4.017917 4.021436 4.02502 4.028786 4.032851 4.037345 4.042423 4.048271 4.05511 4.063187 4.072757 4.084064 4.097304 4.112582 4.129858 4.148909 4.169378 4.191016 4.213553 4.236697 4.26017 4.283728 4.307164 4.330315 4.35305 4.375244 4.396761 4.417482 4.437312
3.803354 3.80511 3.807623 3.810913 3.814963 3.819722 3.825116 3.831053 3.837433 3.844152 3.851107 3.858201 3.865349 3.872477 3.879524 3.886446 3.89321 3.899801 3.906212 3.912447 3.918516 3.924434 3.930214 3.93587 3.94141 3.946836 3.952146 3.957291 3.96217 3.966861 3.971431 3.975931 3.980392 3.984828 3.989244 3.993637 3.998004 4.00235 4.006704 4.011126 4.015706 4.020545 4.025725 4.031304 4.037329 4.043858 4.050984 4.058836 4.067584 4.077423 4.088564 4.101202 4.115485 4.131473 4.149098 4.168149 4.18831 4.209361 4.231081 4.253234 4.275607 4.298012 4.320294 4.342332 4.364026 4.385276 4.405981 4.426042 4.44538
3.789962 3.791968 3.794736 3.798295 3.802633 3.807705 3.813442 3.819754 3.826542 3.833703 3.841132 3.848732 3.856413 3.864098 3.87172 3.879229 3.886586 3.893767 3.900758 3.907553 3.914154 3.920565 3.926792 3.932837 3.938702 3.944383 3.949873 3.955128 3.960062 3.964752 3.969269 3.973672 3.978012 3.982329 3.986661 3.991048 3.995533 4.000178 4.005067 4.01031 4.016033 4.02234 4.029278 4.036833 4.044975 4.053693 4.063012 4.073002 4.083776 4.095479 4.108268 4.12229 4.137646 4.154354 4.172326 4.191358 4.211172 4.231583 4.252423 4.273526 4.294747 4.315958 4.337056 4.357954 4.378578 4.398854 4.418703 4.438049 4.456829
3.777504 3.779759 3.782781 3.786607 3.791233 3.796621 3.802705 3.809399 3.816606 3.824223 3.832144 3.840268 3.848504 3.856768 3.864988 3.873108 3.881081 3.888875 3.896467 3.903843 3.910995 3.917918 3.924611 3.931067 3.937282 3.943246 3.948951 3.954358 3.959403 3.964159 3.968704 3.973107 3.977435 3.981757 3.986145 3.990677 3.995445 4.000558 4.006144 4.012353 4.019343 4.027228 4.036015 4.045619 4.055936 4.066887 4.07843 4.090575 4.103377 4.116925 4.131327 4.14668 4.163045 4.180409 4.198671 4.217637 4.237062 4.256792 4.276718 4.296748 4.316807 4.336829 4.356754 4.37653 4.396104 4.415422 4.434424 4.453051 4.471251
