ASPA-UH-SWB2_REPO/input/ET_Process/jul_et_clipped.asc
ncols         350
nrows         200
xllcorner     515000
yllcorner     8409000
cellsize      100
NODATA_value  -9999
[rows 93 to 123 of 200, columns 69 to 137 of 350]
3.896919 3.888688 3.880471 3.872169 3.863836 3.855511 3.847226 3.839 3.830846 3.822767 3.81476 3.806819 3.798929 3.791076 3.783241 3.775405 3.767546 3.759644 3.751679 3.743632 3.735486 3.727225 3.718835 3.710306 3.701629 3.6928 3.683812 3.674663 3.665349 3.655864 3.646201 3.63635 3.626299 3.61603 3.60552 3.594739 3.583653 3.572385 3.56107 3.549684 3.538204 3.526606 3.514865 3.502954 3.490845 3.478508 3.46591 3.453023 3.439815 3.42626 3.412333 3.398011 3.383282 3.368134 3.352565 3.336581 3.320196 3.303438 3.286347 3.268979 3.251397 3.233678 3.215905 3.198164 3.180548 3.163141 3.146024 3.129262 3.112903
3.882901 3.87483 3.866791 3.858692 3.850584 3.842502 3.834473 3.826514 3.81863 3.810823 3.803084 3.795402 3.787758 3.780132 3.772501 3.76484 3.757125 3.749332 3.741436 3.733415 3.725249 3.71692 3.708414 3.699718 3.690827 3.681735 3.672439 3.662941 3.653241 3.643339 3.633235 3.622928 3.612413 3.601682 3.590722 3.579514 3.568031 3.55638 3.544679 3.532911 3.52106 3.509107 3.497031 3.484807 3.472408 3.459801 3.446955 3.433837 3.420414 3.406657 3.392536 3.37803 3.36312 3.347795 3.332051 3.315893 3.299338 3.282415 3.265167 3.247651 3.229934 3.212097 3.194227 3.176419 3.158771 3.141382 3.124344 3.107737 3.091619
3.869185 3.861277 3.853419 3.845529 3.837649 3.829815 3.822046 3.814356 3.806748 3.799215 3.791747 3.784325 3.776929 3.769532 3.762107 3.754626 3.74706 3.739379 3.731558 3.723571 3.715394 3.70701 3.698401 3.689555 3.680466 3.67113 3.661547 3.651721 3.641655 3.631356 3.620832 3.610087 3.599126 3.587949 3.576553 3.564928 3.553058 3.541034 3.528958 3.51682 3.504611 3.492317 3.479918 3.467391 3.454705 3.441832 3.428735 3.415378 3.401728 3.38775 3.373414 3.358693 3.343569 3.328029 3.312068 3.295694 3.278925 3.261793 3.244344 3.226639 3.20875 3.190763 3.172771 3.154876 3.137186 3.119812 3.102861 3.086428 3.070589
3.85583 3.848087 3.840412 3.83273 3.825081 3.817493 3.809984 3.802562 3.795225 3.787964 3.780762 3.773598 3.766445 3.759273 3.752052 3.744748 3.737328 3.729762 3.722018 3.714069 3.70589 3.697459 3.68876 3.67978 3.670511 3.660952 3.651104 3.640973 3.630567 3.619897 3.608977 3.597819 3.586434 3.574832 3.563018 3.550993 3.538749 3.526366 3.513929 3.501438 3.488886 3.476264 3.463553 3.450731 3.437767 3.424628 3.411276 3.397672 3.38378 3.369561 3.354983 3.340018 3.324645 3.308851 3.292633 3.275999 3.258971 3.241586 3.223894 3.205961 3.187867 3.169703 3.151569 3.133575 3.115839 3.098487 3.081643 3.065418 3.049903
3.842899 3.835321 3.827827 3.820351 3.812928 3.805582 3.798327 3.791165 3.784092 3.777092 3.770147 3.763229 3.756309 3.749353 3.742325 3.735189 3.72791 3.720453 3.712785 3.704875 3.696697 3.688228 3.679451 3.670351 3.660922 3.651161 3.641073 3.630664 3.619946 3.608936 3.59765 3.586108 3.574327 3.562327 3.55012 3.537716 3.525117 3.512391 3.499612 3.486784 3.473907 3.460972 3.447963 3.434856 3.421618 3.408214 3.394603 3.380743 3.366593 3.352113 3.337268 3.322029 3.306374 3.29029 3.273775 3.256841 3.239515 3.221836 3.203863 3.185668 3.167339 3.148975 3.130685 3.112589 3.094815 3.077503 3.060796 3.044823 3.029689
3.830453 3.823038 3.815722 3.808445 3.801241 3.794127 3.787114 3.780199 3.773375 3.766622 3.759916 3.753228 3.746523 3.739765 3.732914 3.725933 3.718782 3.711425 3.703825 3.695952 3.687777 3.679276 3.67043 3.661225 3.651654 3.641715 3.631413 3.620755 3.609758 3.598441 3.586824 3.574932 3.562791 3.550424 3.537853 3.525096 3.512166 3.499119 3.486018 3.472875 3.459692 3.446462 3.433169 3.419787 3.406282 3.392613 3.378739 3.364613 3.350192 3.335432 3.320298 3.304759 3.288793 3.272387 3.255544 3.238278 3.22062 3.202617 3.184334 3.165851 3.147265 3.128685 3.110232 3.092038 3.074243 3.057004 3.040478 3.024809 3.010118
3.818556 3.811298 3.804151 3.797065 3.790066 3.783171 3.776382 3.769697 3.7631 3.756572 3.750083 3.7436 3.737087 3.730503 3.723808 3.71696 3.709919 3.702646 3.695105 3.687262 3.679088 3.670557 3.66165 3.652353 3.642658 3.632564 3.622075 3.611201 3.59996 3.588372 3.576463 3.564262 3.551798 3.539102 3.526204 3.513127 3.499892 3.486549 3.473153 3.459718 3.446251 3.432745 3.419184 3.405539 3.391773 3.377844 3.363703 3.349305 3.334601 3.319548 3.304108 3.288249 3.271951 3.255203 3.238008 3.220389 3.202379 3.184033 3.165424 3.146641 3.127789 3.108992 3.090382 3.072104 3.054318 3.037193 3.020898 3.005593 2.99141
3.807261 3.800153 3.793165 3.786256 3.779449 3.772752 3.766167 3.759686 3.753291 3.746959 3.740657 3.73435 3.727998 3.721559 3.71499 3.708249 3.701294 3.694086 3.686586 3.678761 3.670581 3.66202 3.653059 3.643681 3.63388 3.623652 3.613005 3.601947 3.590498 3.57868 3.566522 3.554055 3.541313 3.528332 3.515146 3.501787 3.488281 3.474673 3.46101 3.447311 3.433585 3.419826 3.406015 3.39212 3.378102 3.363915 3.34951 3.334836 3.319845 3.304491 3.288736 3.272548 3.255908 3.238807 3.221255 3.203275 3.18491 3.16622 3.147286 3.128209 3.109104 3.090105 3.071361 3.053034 3.035296 3.018331 3.002321 2.987437 2.973828
3.796589 3.789621 3.782779 3.776032 3.769395 3.762875 3.756469 3.750166 3.743945 3.737779 3.731635 3.725472 3.71925 3.712926 3.706456 3.699797 3.692906 3.685744 3.678272 3.670456 3.662266 3.653676 3.644665 3.635218 3.625326 3.614988 3.604207 3.592995 3.581372 3.56936 3.55699 3.544297 3.531318 3.518091 3.504657 3.491051 3.477307 3.463464 3.449564 3.43563 3.421671 3.407682 3.393643 3.379518 3.365265 3.350836 3.336178 3.321241 3.305974 3.29033 3.27427 3.257764 3.240793 3.223353 3.205455 3.187129 3.168421 3.149403 3.130161 3.110807 3.091467 3.072288 3.053434 3.03508 3.017417 3.00064 2.984945 2.970514 2.957514
3.786561 3.779721 3.773011 3.766407 3.759919 3.753552 3.747298 3.741145 3.73507 3.729041 3.723023 3.716976 3.710856 3.704621 3.698225 3.691625 3.68478 3.677649 3.670194 3.662381 3.654179 3.645562 3.636509 3.627003 3.617037 3.606605 3.595714 3.584374 3.572603 3.560428 3.547879 3.534994 3.521811 3.508373 3.494724 3.480905 3.466952 3.452903 3.438794 3.42465 3.410485 3.396294 3.382051 3.367721 3.353257 3.33861 3.323726 3.308552 3.293036 3.277129 3.260794 3.244 3.226729 3.20898 3.190766 3.172123 3.153103 3.133784 3.11426 3.094654 3.075102 3.055764 3.036818 3.018455 3.000878 2.984299 2.968926 2.954957 2.942573
3.777225 3.7705 3.763906 3.757425 3.751064 3.744823 3.738694 3.732661 3.726698 3.720773 3.714849 3.708884 3.702834 3.696656 3.690306 3.683741 3.676919 3.6698 3.662348 3.654528 3.64631 3.637666 3.628574 3.61902 3.60899 3.598484 3.587502 3.576057 3.564167 3.551858 3.539161 3.526115 3.512763 3.499149 3.48532 3.471321 3.457193 3.44297 3.428682 3.414358 3.400016 3.385647 3.371227 3.356715 3.342067 3.32723 3.31215 3.296769 3.281037 3.264904 3.248331 3.231288 3.213758 3.195742 3.177256 3.158339 3.13905 3.119472 3.09971 3.07989 3.060164 3.040704 3.021698 3.003353 2.985886 2.969523 2.954486 2.940989 2.92923
3.768621 3.761998 3.755503 3.749125 3.742868 3.736727 3.730691 3.724744 3.71886 3.713003 3.707136 3.701215 3.695199 3.689045 3.682708 3.676148 3.669324 3.662197 3.65473 3.64689 3.638646 3.629971 3.620842 3.611244 3.601163 3.590595 3.579541 3.568013 3.556028 3.543611 3.530796 3.517622 3.504133 3.490377 3.476403 3.46226 3.447991 3.433627 3.419194 3.404723 3.390232 3.375712 3.361139 3.346473 3.33167 3.316674 3.301429 3.285881 3.269973 3.253657 3.236892 3.219649 3.201912 3.183683 3.16498 3.145846 3.126346 3.106566 3.08662 3.066643 3.046797 3.027263 3.008242 2.989954 2.972631 2.956511 2.941831 2.928824 2.917703
3.760785 3.754249 3.747836 3.741541 3.735362 3.729292 3.723319 3.717424 3.711581 3.705753 3.699902 3.693986 3.687965 3.681796 3.675438 3.66885 3.661994 3.654833 3.64733 3.639453 3.631171 3.622458 3.61329 3.60365 3.593524 3.582905 3.571795 3.560202 3.548143 3.535644 3.522737 3.509464 3.495869 3.482003 3.467918 3.453664 3.439287 3.424816 3.410272 3.395688 3.381076 3.366434 3.351737 3.336948 3.322021 3.306902 3.291534 3.27586 3.259824 3.243376 3.226475 3.209092 3.191211 3.172833 3.153981 3.134701 3.115058 3.095149 3.07509 3.055026 3.035125 3.015581 2.996603 2.978425 2.96129 2.94545 2.931159 2.918664 2.908197
3.753742 3.747277 3.740928 3.734694 3.728569 3.722542 3.716599 3.71072 3.704877 3.699037 3.69316 3.687207 3.68114 3.674916 3.668499 3.661848 3.654928 3.647703 3.640139 3.632204 3.623868 3.615106 3.605892 3.596208 3.586039 3.575378 3.564222 3.552579 3.540464 3.527903 3.514927 3.50158 3.487907 3.473961 3.459795 3.445461 3.431007 3.416459 3.401838 3.387171 3.372473 3.35774 3.342953 3.328077 3.313065 3.297864 3.282418 3.266668 3.250558 3.234039 3.217066 3.199611 3.181657 3.163208 3.144288 3.124942 3.105243 3.085288 3.065202 3.045134 3.02526 3.005782 2.986921 2.968918 2.952029 2.93652 2.922658 2.910707 2.900915
3.747509 3.7411 3.734795 3.728598 3.7225 3.716486 3.71054 3.70464 3.698759 3.692863 3.686918 3.680885 3.674727 3.668408 3.66189 3.655139 3.648119 3.640799 3.633145 3.625128 3.616718 3.60789 3.598619 3.588885 3.578672 3.56797 3.556775 3.545092 3.532935 3.520327 3.507302 3.493902 3.480174 3.466173 3.451952 3.437566 3.423063 3.408468 3.393798 3.37908 3.36433 3.349544 3.334706 3.319781 3.304728 3.289492 3.274019 3.25825 3.242129 3.225604 3.208632 3.191184 3.173242 3.15481 3.135912 3.116596 3.096937 3.077036 3.05702 3.037047 3.017297 2.997977 2.979319 2.961572 2.945003 2.929888 2.916509 2.905145 2.89606
3.742095 3.735722 3.72944 3.723257 3.717158 3.711126 3.705143 3.699185 3.693225 3.687233 3.681175 3.675019 3.668728 3.66227 3.655611 3.64872 3.641563 3.634112 3.626337 3.618209 3.609701 3.600786 3.591442 3.581646 3.571382 3.560637 3.549404 3.537686 3.525495 3.512853 3.499792 3.486354 3.47259 3.458554 3.444301 3.429887 3.41536 3.400743 3.386054 3.371317 3.356549 3.341749 3.3269 3.311972 3.296925 3.281708 3.266265 3.25054 3.234475 3.21802 3.20113 3.183775 3.165937 3.14762 3.128848 3.109669 3.09016 3.070423 3.050591 3.030824 3.011308 2.992256 2.973904 2.95651 2.94035 2.92571 2.912884 2.902163 2.893829
3.737497 3.73114 3.72486 3.718665 3.712536 3.706455 3.700399 3.694346 3.688269 3.68214 3.67593 3.669607 3.663141 3.656502 3.64966 3.642587 3.635254 3.627636 3.619704 3.611433 3.602797 3.593771 3.584332 3.574458 3.564131 3.553334 3.542059 3.530306 3.518083 3.505411 3.492322 3.478859 3.465071 3.451016 3.436749 3.422327 3.407798 3.393184 3.378502 3.363779 3.349029 3.334252 3.319436 3.304553 3.289563 3.274421 3.25907 3.243456 3.227522 3.211217 3.194498 3.17733 3.159698 3.141604 3.12307 3.104146 3.084907 3.06546 3.045938 3.026504 3.007347 2.988684 2.970759 2.953833 2.938189 2.924123 2.911937 2.901935 2.894413
3.733706 3.727345 3.721044 3.71481 3.708622 3.702459 3.696297 3.690113 3.683882 3.677577 3.671174 3.664644 3.657961 3.651099 3.644032 3.636737 3.629188 3.621362 3.613236 3.604787 3.59599 3.586823 3.577263 3.567288 3.556878 3.546016 3.534689 3.522894 3.510637 3.497935 3.48482 3.471336 3.457533 3.44347 3.429204 3.414791 3.400277 3.385689 3.371042 3.356362 3.341664 3.326951 3.312212 3.297421 3.282543 3.267532 3.252338 3.236906 3.221182 3.205113 3.188657 3.171779 3.154461 3.136705 3.118531 3.099988 3.081153 3.062131 3.043056 3.024093 3.005435 2.987301 2.969938 2.953612 2.938612 2.92524 2.913804 2.904618 2.897987
3.730703 3.724318 3.717971 3.711673 3.705397 3.699121 3.69282 3.68647 3.680049 3.673533 3.666899 3.660123 3.653183 3.646058 3.638726 3.631168 3.623362 3.615289 3.60693 3.598264 3.589269 3.579926 3.570213 3.560108 3.549591 3.538642 3.527247 3.515397 3.503096 3.490357 3.477214 3.463709 3.449895 3.435832 3.421577 3.407186 3.392706 3.378163 3.363574 3.348966 3.334354 3.319742 3.305121 3.29047 3.275755 3.260936 3.245965 3.230788 3.215353 3.19961 3.183513 3.167031 3.150142 3.132845 3.115162 3.097136 3.078845 3.060392 3.041912 3.023571 3.005562 2.988108 2.971457 2.955882 2.941672 2.929133 2.918581 2.910333 2.9047
3.728465 3.722033 3.715619 3.70923 3.702839 3.696419 3.689948 3.683401 3.676757 3.669995 3.663094 3.656036 3.648803 3.641377 3.633742 3.625881 3.617778 3.609418 3.600784 3.591861 3.582629 3.573071 3.563168 3.552898 3.542241 3.531178 3.519691 3.507767 3.495406 3.48262 3.46944 3.455909 3.442085 3.428025 3.413789 3.39943 3.384998 3.370518 3.356009 3.341498 3.327001 3.312524 3.298062 3.283594 3.269094 3.254524 3.239839 3.224989 3.209924 3.194596 3.178959 3.16298 3.146637 3.129926 3.112866 3.095499 3.077898 3.060166 3.042437 3.024876 3.007676 2.991064 2.975289 2.960626 2.947369 2.935827 2.926315 2.919152 2.914652
3.726959 3.720461 3.713957 3.707453 3.70092 3.69433 3.687659 3.680885 3.673987 3.666948 3.659749 3.652377 3.644817 3.637055 3.62908 3.620879 3.612441 3.603754 3.594806 3.585583 3.576072 3.566257 3.556122 3.545647 3.534813 3.523601 3.511991 3.499968 3.487526 3.474675 3.461444 3.447881 3.434042 3.419988 3.405775 3.391457 3.377082 3.362678 3.348266 3.333874 3.319517 3.305205 3.290934 3.276691 3.262452 3.248183 3.233845 3.219392 3.204775 3.189949 3.174869 3.159501 3.143822 3.127826 3.111525 3.09496 3.0782 3.061344 3.044524 3.027904 3.011679 2.996075 2.981347 2.967772 2.955644 2.945274 2.936978 2.931073 2.927868
3.726152 3.719568 3.712952 3.706311 3.699611 3.692825 3.685929 3.678901 3.671722 3.664378 3.656853 3.649138 3.641221 3.633092 3.624745 3.616171 3.607362 3.598311 3.589009 3.579446 3.569613 3.559498 3.549086 3.538361 3.527307 3.515903 3.504132 3.491977 3.479427 3.466489 3.453193 3.439588 3.42573 3.411678 3.397489 3.383216 3.368904 3.354585 3.340283 3.326023 3.311825 3.2977 3.283648 3.269663 3.255723 3.241803 3.227865 3.213871 3.199776 3.185534 3.171106 3.156455 3.141555 3.126398 3.110992 3.095373 3.079603 3.063777 3.048024 3.032506 3.017421 3.002996 2.989488 2.977178 2.966362 2.957351 2.950459 2.945997 2.944269
3.726004 3.719314 3.712568 3.705767 3.698879 3.691875 3.68473 3.677425 3.669942 3.662269 3.654395 3.646312 3.638012 3.629492 3.620744 3.611767 3.602556 3.593107 3.583415 3.573474 3.563278 3.552819 3.542084 3.531064 3.519741 3.5081 3.496123 3.483795 3.471105 3.458055 3.444678 3.431019 3.417134 3.403081 3.388912 3.374681 3.360434 3.346203 3.332013 3.317893 3.303863 3.289939 3.276126 3.26242 3.248811 3.235275 3.221784 3.208303 3.194793 3.181212 3.167521 3.153683 3.139673 3.125475 3.111095 3.096559 3.081924 3.067278 3.052745 3.038488 3.024703 3.011622 2.999506 2.988637 2.979315 2.971848 2.966549 2.963723 2.963661
3.726471 3.719659 3.712764 3.705786 3.69869 3.691447 3.684035 3.676433 3.668627 3.660607 3.652364 3.643893 3.635192 3.626257 3.617088 3.607684 3.598044 3.588168 3.578054 3.567701 3.557105 3.54626 3.535161 3.523798 3.51216 3.500234 3.488005 3.475461 3.462592 3.449405 3.435927 3.4222 3.408276 3.39421 3.380053 3.365856 3.351665 3.337515 3.323434 3.309451 3.295589 3.281868 3.2683 3.254888 3.241626 3.2285 3.215489 3.202564 3.189692 3.176835 3.163956 3.15102 3.137998 3.124871 3.111636 3.098313 3.084948 3.071623 3.058456 3.045608 3.033276 3.021697 3.011134 3.001874 2.994217 2.988473 2.98495 2.983944 2.985734
3.727509 3.72056 3.713501 3.706328 3.699008 3.691511 3.683814 3.6759 3.667756 3.659374 3.650749 3.641877 3.632759 3.623396 3.613788 3.603939 3.593851 3.583526 3.572966 3.562171 3.551143 3.539879 3.528376 3.51663 3.504634 3.492378 3.479854 3.467052 3.45397 3.440614 3.42701 3.413194 3.399212 3.385115 3.370952 3.356771 3.34262 3.328535 3.314548 3.300686 3.28698 3.273454 3.260125 3.247004 3.234095 3.22139 3.208878 3.196538 3.184341 3.172257 3.160251 3.148288 3.136339 3.124378 3.112397 3.100403 3.088433 3.076558 3.06489 3.053587 3.04285 3.032917 3.024057 3.016559 3.010725 3.006865 3.005279 3.006259 3.010071
3.729073 3.721972 3.714734 3.707354 3.699795 3.692031 3.684038 3.675801 3.667309 3.658556 3.649539 3.640258 3.630716 3.620915 3.61086 3.600555 3.590006 3.579217 3.568193 3.556937 3.545453 3.533742 3.521806 3.509644 3.497254 3.484633 3.471776 3.458682 3.445351 3.431795 3.418033 3.404099 3.390032 3.375877 3.36168 3.347489 3.33335 3.319303 3.30538 3.291615 3.27804 3.264685 3.251575 3.238731 3.226163 3.213876 3.201866 3.19012 3.17862 3.16734 3.156248 3.145313 3.134502 3.123786 3.113147 3.102582 3.092115 3.081805 3.071755 3.06212 3.053104 3.044948 3.037924 3.032323 3.028449 3.026607 3.027095 3.030195 3.036163
3.731116 3.72385 3.716423 3.708823 3.701016 3.692974 3.684677 3.67611 3.667264 3.658136 3.648725 3.639033 3.629064 3.618824 3.608319 3.597555 3.58654 3.575282 3.563785 3.552058 3.540104 3.52793 3.51554 3.502939 3.490129 3.477114 3.463896 3.45048 3.43687 3.423081 3.409129 3.395043 3.380856 3.366608 3.35234 3.3381 3.323934 3.309886 3.295989 3.282279 3.268796 3.255575 3.24265 3.23005 3.217798 3.205907 3.194385 3.183228 3.172426 3.161959 3.151803 3.141926 3.132296 3.122881 3.113652 3.104597 3.095723 3.087074 3.078745 3.070886 3.063702 3.057438 3.052367 3.048779 3.046977 3.047261 3.049923 3.055238 3.063448
3.733591 3.726152 3.718525 3.710697 3.702634 3.694309 3.685703 3.676803 3.667603 3.658101 3.648298 3.638198 3.627807 3.617132 3.606182 3.594964 3.583488 3.571762 3.559795 3.547594 3.535168 3.522525 3.509674 3.496622 3.483378 3.469952 3.456352 3.44259 3.428677 3.414624 3.40045 3.386175 3.371828 3.357443 3.343059 3.328722 3.31448 3.300379 3.286456 3.27275 3.259306 3.246167 3.233377 3.220976 3.208996 3.197464 3.186396 3.175801 3.165678 3.156015 3.146792 3.137982 3.129552 3.121466 3.113691 3.106201 3.098989 3.092081 3.085557 3.079567 3.074314 3.070045 3.067027 3.06555 3.065907 3.068393 3.073291 3.080867 3.091353
3.736456 3.728835 3.721001 3.712939 3.704615 3.696004 3.687088 3.677858 3.668308 3.658438 3.64825 3.637752 3.626949 3.615851 3.604467 3.592808 3.580883 3.568701 3.556274 3.543611 3.530722 3.517617 3.504308 3.490806 3.477127 3.463283 3.449292 3.435169 3.420931 3.40659 3.392161 3.37766 3.36311 3.348541 3.333987 3.319497 3.30512 3.290905 3.276892 3.263125 3.249655 3.236534 3.223816 3.211551 3.199785 3.188556 3.177893 3.167816 3.158333 3.149442 3.141128 3.133368 3.126131 3.119378 3.113071 3.107175 3.101669 3.096559 3.091913 3.087873 3.084643 3.082459 3.081583 3.082294 3.084875 3.089609 3.096769 3.106609 3.119349
3.739668 3.731858 3.723812 3.715513 3.706927 3.698032 3.68881 3.679255 3.669363 3.659136 3.648577 3.637694 3.626495 3.614992 3.603193 3.591111 3.578757 3.566142 3.553276 3.540171 3.526839 3.513292 3.499542 3.485607 3.471501 3.457247 3.442864 3.428376 3.413801 3.399152 3.38444 3.369677 3.35488 3.340074 3.325293 3.310586 3.296007 3.281609 3.267434 3.253531 3.239958 3.226779 3.214056 3.201854 3.19023 3.179235 3.168911 3.159289 3.15039 3.142218 3.134768 3.128021 3.121945 3.116504 3.111653 3.107351 3.103567 3.100295 3.097586 3.095573 3.094447 3.094432 3.095773 3.098735 3.103583 3.110587 3.120004 3.132073 3.147
3.743191 3.735187 3.726926 3.718388 3.709543 3.700367 3.690848 3.680979 3.670758 3.660188 3.649275 3.638026 3.626453 3.614567 3.602378 3.5899 3.577145 3.564124 3.55085 3.537335 3.523592 3.509633 3.495475 3.481132 3.466626 3.45198 3.43722 3.422371 3.407455 3.392486 3.377469 3.36241 3.347321 3.332226 3.317158 3.302167 3.287314 3.272658 3.258241 3.24412 3.230361 3.217038 3.204226 3.192001 3.180434 3.16959 3.159525 3.150283 3.141895 3.134375 3.127727 3.121935 3.116972 3.1128 3.109374 3.106647 3.104581 3.103166 3.102442 3.102523 3.103574 3.105798 3.10942 3.114681 3.121827 3.131105 3.142753 3.156991 3.174009
