ASPA-UH-SWB2_REPO/input/ET_Process/jul_et_clipped.asc
ncols         350
nrows         200
xllcorner     515000
yllcorner     8409000
cellsize      100
NODATA_value  -9999
[rows 124 to 154 of 200, columns 69 to 137 of 350]
3.746992 3.738791 3.730313 3.721539 3.712439 3.702991 3.693186 3.683017 3.672484 3.661591 3.650344 3.638754 3.626832 3.61459 3.602041 3.589198 3.576076 3.562686 3.549043 3.535159 3.521046 3.506719 3.492193 3.477486 3.462618 3.447614 3.432502 3.417309 3.402061 3.386766 3.371425 3.35604 3.34062 3.325185 3.30977 3.294429 3.27923 3.264236 3.249496 3.235071 3.221037 3.207479 3.194485 3.182144 3.170542 3.159757 3.149862 3.140911 3.132949 3.126002 3.120079 3.115173 3.111261 3.108306 3.106263 3.105082 3.104724 3.105175 3.106467 3.108685 3.111968 3.116488 3.122441 3.130039 3.139503 3.151051 3.164896 3.181237 3.200242
3.751045 3.742646 3.733953 3.724947 3.7156 3.705894 3.695817 3.685365 3.67454 3.663345 3.65179 3.639884 3.627642 3.615076 3.602201 3.589031 3.575581 3.561866 3.547898 3.533692 3.51926 3.504616 3.489777 3.474758 3.45958 3.444266 3.428842 3.413337 3.397771 3.382154 3.366479 3.350745 3.334957 3.319137 3.303321 3.287566 3.27195 3.256545 3.241399 3.226584 3.212186 3.198301 3.185029 3.172475 3.16074 3.149918 3.140095 3.13134 3.123711 3.117247 3.111965 3.107868 3.104937 3.103139 3.10243 3.102763 3.104098 3.106417 3.109736 3.114119 3.119669 3.126525 3.134848 3.144815 3.156613 3.170429 3.186446 3.204832 3.225736
3.755331 3.746737 3.737834 3.728604 3.719022 3.70907 3.698739 3.688024 3.676928 3.665457 3.653619 3.641428 3.628897 3.616042 3.602878 3.589422 3.575689 3.561695 3.547454 3.53298 3.518286 3.503385 3.488293 3.473024 3.457596 3.442031 3.426348 3.410572 3.394718 3.37879 3.36278 3.346683 3.330504 3.314262 3.297999 3.281776 3.265681 3.249793 3.234166 3.21888 3.204032 3.189729 3.176087 3.163224 3.151258 3.140299 3.130447 3.12179 3.114397 3.10832 3.10359 3.100217 3.098192 3.097487 3.098062 3.099872 3.102877 3.107051 3.112399 3.118956 3.126795 3.136014 3.146736 3.159101 3.173254 3.189347 3.207527 3.22793 3.250679
3.759835 3.751053 3.741949 3.732507 3.722703 3.712521 3.701954 3.690998 3.679656 3.667934 3.655844 3.643399 3.630614 3.617507 3.604095 3.590396 3.576427 3.562205 3.547745 3.533061 3.518166 3.503073 3.487794 3.472343 3.456733 3.44098 3.425098 3.409102 3.392998 3.376785 3.360452 3.343994 3.327412 3.310727 3.293983 3.27725 3.260625 3.244196 3.228023 3.212195 3.196819 3.182016 3.167917 3.154655 3.142364 3.13117 3.121191 3.112531 3.105275 3.099489 3.095218 3.092483 3.091284 3.091602 3.093404 3.096646 3.101287 3.107296 3.11466 3.123389 3.133523 3.145122 3.158269 3.173059 3.189597 3.207993 3.228355 3.250786 3.275377
3.764545 3.755587 3.746295 3.736654 3.726645 3.716253 3.705472 3.694298 3.682735 3.670792 3.65848 3.645814 3.632812 3.619492 3.605875 3.591979 3.577823 3.563426 3.548804 3.53397 3.518938 3.503719 3.488323 3.472759 3.457037 3.441164 3.425146 3.408986 3.392682 3.376223 3.359597 3.342794 3.325816 3.308684 3.291445 3.274176 3.256986 3.239974 3.223205 3.206776 3.190808 3.175436 3.160803 3.14706 3.134358 3.122839 3.11264 3.103881 3.096665 3.091074 3.087166 3.084979 3.084524 3.085791 3.088753 3.093373 3.099606 3.107414 3.116767 3.127652 3.140077 3.154063 3.169652 3.186896 3.205858 3.226603 3.249199 3.273712 3.3002
3.769455 3.760334 3.750869 3.741048 3.730853 3.720273 3.709301 3.697935 3.686181 3.674046 3.661545 3.648694 3.635512 3.62202 3.608241 3.594195 3.579904 3.565386 3.550659 3.535737 3.520632 3.505354 3.489911 3.474305 3.458541 3.442617 3.426528 3.410268 3.393821 3.37717 3.360295 3.343182 3.325833 3.308268 3.290538 3.272728 3.254959 3.237341 3.219944 3.202877 3.186271 3.170275 3.155049 3.140759 3.127572 3.11565 3.105146 3.0962 3.088931 3.08344 3.079804 3.078073 3.078273 3.080405 3.084453 3.090382 3.098148 3.107703 3.119003 3.132014 3.146709 3.163077 3.181118 3.200843 3.222272 3.245428 3.270338 3.297028 3.325524
3.774559 3.765293 3.755674 3.745693 3.735336 3.724591 3.713454 3.701925 3.690008 3.677714 3.665058 3.652059 3.638737 3.625115 3.611219 3.597071 3.582695 3.568111 3.553336 3.538386 3.523273 3.508003 3.492579 3.477002 3.461266 3.44536 3.42927 3.412976 3.396452 3.37967 3.362603 3.345232 3.327555 3.309592 3.291399 3.273066 3.254727 3.236502 3.218469 3.200748 3.183481 3.166831 3.150973 3.136088 3.122361 3.109972 3.099092 3.08988 3.082475 3.076996 3.073539 3.07217 3.072932 3.07584 3.080887 3.088042 3.097262 3.108494 3.12168 3.136762 3.153689 3.172415 3.192904 3.215128 3.239065 3.2647 3.292019 3.321013 3.351669
3.779852 3.770462 3.760711 3.750594 3.740099 3.729217 3.717944 3.706281 3.694235 3.681816 3.669042 3.655932 3.64251 3.628802 3.614834 3.600632 3.586222 3.571625 3.556859 3.541941 3.52688 3.511681 3.496344 3.480862 3.465221 3.449403 3.433383 3.417126 3.400596 3.383754 3.366564 3.349 3.331056 3.312751 3.294143 3.275329 3.256453 3.237648 3.218998 3.200633 3.182708 3.165399 3.148893 3.133391 3.119091 3.106191 3.094882 3.085341 3.077727 3.072179 3.068812 3.067712 3.068939 3.072524 3.078468 3.08675 3.097329 3.110144 3.125128 3.142205 3.161298 3.182333 3.205241 3.229959 3.25643 3.284603 3.31443 3.345862 3.378854
3.785335 3.775842 3.765984 3.755757 3.745152 3.734162 3.722784 3.71102 3.698879 3.686371 3.673515 3.660335 3.646854 3.633103 3.619109 3.604902 3.590508 3.57595 3.561248 3.546418 3.531468 3.516401 3.501211 3.485888 3.470409 3.454747 3.438864 3.422716 3.406255 3.38943 3.372195 3.354518 3.336384 3.317811 3.29886 3.27963 3.260278 3.240946 3.221726 3.202758 3.184207 3.166263 3.149126 3.13301 3.118131 3.104702 3.092932 3.083017 3.075136 3.069448 3.066089 3.065167 3.066758 3.070911 3.07764 3.086933 3.09875 3.11303 3.129696 3.148657 3.169817 3.193078 3.218342 3.245517 3.274517 3.305261 3.33767 3.371664 3.407162
3.791008 3.781437 3.771497 3.761189 3.750504 3.739437 3.727987 3.716157 3.703956 3.691396 3.678499 3.665288 3.651792 3.638041 3.624068 3.609902 3.595572 3.581104 3.566518 3.551828 3.537044 3.522164 3.50718 3.492074 3.476819 3.461375 3.445698 3.429731 3.413414 3.396687 3.379492 3.36179 3.343558 3.324811 3.305607 3.286051 3.266309 3.246532 3.22682 3.20732 3.188209 3.169686 3.151966 3.135273 3.119838 3.105891 3.093654 3.083342 3.075155 3.069272 3.06585 3.065017 3.066872 3.071478 3.078868 3.089037 3.101951 3.11755 3.13575 3.156449 3.179536 3.204895 3.232405 3.261952 3.293428 3.326729 3.361752 3.398391 3.43653
3.796878 3.787253 3.777257 3.766894 3.756157 3.745043 3.733553 3.72169 3.709464 3.69689 3.683988 3.670786 3.657315 3.643607 3.629698 3.615618 3.601399 3.587067 3.572644 3.558144 3.543573 3.52893 3.514201 3.499364 3.484384 3.469215 3.453802 3.438078 3.421973 3.405417 3.388343 3.3707 3.352459 3.333631 3.31427 3.294486 3.274448 3.25432 3.234205 3.214261 3.194672 3.175648 3.157413 3.140203 3.12426 3.109826 3.09714 3.086434 3.077924 3.071811 3.068272 3.06746 3.069491 3.07445 3.082383 3.093299 3.10717 3.123936 3.14351 3.165785 3.190638 3.217937 3.24755 3.279344 3.313196 3.348989 3.386606 3.425919 3.46678
3.802993 3.793333 3.783302 3.772905 3.76214 3.751004 3.739499 3.727631 3.71541 3.702852 3.68998 3.676823 3.663415 3.64979 3.635986 3.622035 3.60797 3.593818 3.579602 3.565334 3.551021 3.536657 3.522226 3.507699 3.493036 3.478184 3.463076 3.44764 3.431795 3.415461 3.398561 3.381037 3.362851 3.344007 3.324558 3.304614 3.28435 3.263939 3.24349 3.223167 3.203167 3.183705 3.165015 3.147343 3.130941 3.116061 3.102958 3.091876 3.083051 3.076703 3.07303 3.072207 3.074373 3.079629 3.088039 3.099622 3.114356 3.132183 3.153013 3.176732 3.20321 3.232306 3.263875 3.297777 3.333878 3.372058 3.412194 3.454148 3.497745
3.809403 3.799734 3.789694 3.779291 3.768525 3.757396 3.745908 3.734067 3.721886 3.709381 3.696576 3.683504 3.6702 3.656701 3.643045 3.629268 3.615402 3.601476 3.587511 3.573521 3.55951 3.54547 3.531379 3.517206 3.502903 3.488411 3.473656 3.458557 3.443025 3.42697 3.41031 3.392975 3.374921 3.356144 3.336695 3.316682 3.296287 3.275688 3.255002 3.234402 3.214088 3.194287 3.175238 3.157195 3.140417 3.125167 3.111709 3.100301 3.091195 3.084629 3.080824 3.079973 3.082238 3.087741 3.096558 3.108719 3.124208 3.142965 3.164897 3.189885 3.217793 3.248473 3.281777 3.31756 3.355688 3.396043 3.438514 3.482961 3.529191
3.816137 3.806489 3.796472 3.786095 3.775361 3.764272 3.752834 3.741056 3.728951 3.716537 3.703842 3.690898 3.677742 3.664413 3.650951 3.637392 3.62377 3.610115 3.596447 3.582779 3.569114 3.55544 3.541734 3.527959 3.514061 3.499975 3.485622 3.470913 3.455751 3.440041 3.423692 3.406628 3.388798 3.37019 3.350848 3.330883 3.310478 3.289818 3.269025 3.248279 3.227789 3.207785 3.188512 3.170227 3.153195 3.137686 3.12397 3.112317 3.102992 3.09625 3.09233 3.091449 3.093788 3.099487 3.108638 3.121279 3.137394 3.156922 3.179764 3.205794 3.234872 3.266851 3.301584 3.338928 3.378755 3.420965 3.465469 3.512141 3.560776
3.823206 3.813613 3.803651 3.793334 3.782667 3.771654 3.760303 3.748624 3.736634 3.724352 3.711807 3.699033 3.686069 3.672955 3.65973 3.646433 3.633099 3.619758 3.60643 3.593127 3.579849 3.566585 3.553307 3.539972 3.526523 3.512891 3.498989 3.484724 3.469993 3.454696 3.438737 3.422033 3.404527 3.386202 3.367094 3.347311 3.327041 3.306472 3.285733 3.26501 3.244514 3.224479 3.205152 3.186792 3.169665 3.154044 3.140203 3.128418 3.118967 3.112116 3.108122 3.107222 3.109619 3.11547 3.124881 3.137894 3.154494 3.17461 3.198135 3.224934 3.254865 3.287785 3.323555 3.362049 3.403154 3.446795 3.492924 3.54144 3.592131
3.830604 3.821099 3.811227 3.801005 3.790441 3.77954 3.768312 3.75677 3.744932 3.732822 3.720468 3.707906 3.695174 3.682316 3.66937 3.656376 3.643371 3.630383 3.617435 3.604536 3.591686 3.578871 3.56606 3.553207 3.540251 3.527117 3.513717 3.499949 3.485711 3.470896 3.455405 3.439152 3.422077 3.404157 3.385421 3.365973 3.346003 3.325703 3.305207 3.284701 3.264401 3.244539 3.225361 3.207126 3.190098 3.174546 3.160748 3.14898 3.139524 3.13266 3.128657 3.12777 3.130223 3.13619 3.14579 3.159068 3.176002 3.196508 3.220463 3.247723 3.278142 3.311583 3.347928 3.387078 3.428954 3.473523 3.520783 3.570662 3.622947
-9999 3.828925 3.819177 3.809086 3.798659 3.787905 3.776836 3.765468 3.75382 3.741917 3.729791 3.717479 3.705018 3.692452 3.679822 3.667169 3.654529 3.641931 3.629398 3.616939 3.604553 3.592222 3.579915 3.567583 3.555161 3.542569 3.529717 3.516501 3.502814 3.488549 3.473605 3.457894 3.441356 3.423964 3.405745 3.386796 3.367308 3.347476 3.327431 3.307363 3.287483 3.268023 3.249227 3.231345 3.214639 3.199373 3.185818 3.174248 3.164946 3.158194 3.154275 3.153456 3.15598 3.162043 3.17177 3.18521 3.202326 3.223016 3.247134 3.274525 3.305038 3.338548 3.374963 3.414223 3.456308 3.501244 3.54907 3.599747 3.653069
-9999 -9999 3.827465 3.817536 3.807279 3.796705 3.785829 3.774668 3.763243 3.751583 3.739718 3.727688 3.715531 3.703291 3.69101 3.678729 3.666485 3.654309 3.642221 3.630233 3.618341 3.606528 3.594759 3.582982 3.571131 3.559123 3.546864 3.53425 3.521173 3.507524 3.493202 3.478123 3.462225 3.445483 3.427925 3.409647 3.390836 3.371682 3.352312 3.332914 3.313696 3.294886 3.27672 3.259444 3.243309 3.228571 3.21549 3.204333 3.195375 3.188898 3.185186 3.184519 3.187155 3.193309 3.203118 3.216627 3.233781 3.25445 3.278463 3.305646 3.335853 3.368975 3.404954 3.443781 3.485502 3.530205 3.577978 3.628826 3.682554
-9999 -9999 -9999 3.8263 3.816243 3.80588 3.795226 3.784301 3.77313 3.76174 3.750167 3.738447 3.726623 3.714736 3.702831 3.690949 3.679128 3.667398 3.655782 3.64429 3.63292 3.621652 3.610449 3.599259 3.588013 3.576627 3.565003 3.553039 3.540626 3.527657 3.514033 3.499673 3.484518 3.468549 3.451797 3.434361 3.41642 3.398153 3.379683 3.361192 3.342882 3.324975 3.307699 3.291292 3.275993 3.262045 3.249695 3.239195 3.230807 3.224802 3.22146 3.221064 3.223883 3.230148 3.240012 3.253514 3.270573 3.291021 3.31466 3.341305 3.370816 3.403112 3.43818 3.476064 3.516873 3.560754 3.60785 3.658215 3.711684
-9999 -9999 -9999 -9999 -9999 3.815354 3.804948 3.794285 3.783391 3.772297 3.761038 3.749652 3.738183 3.726672 3.715165 3.703703 3.692325 3.681062 3.669938 3.658964 3.648137 3.637436 3.626826 3.616249 3.605638 3.594906 3.583956 3.572687 3.56099 3.548763 3.535911 3.522356 3.508048 3.492974 3.47717 3.460738 3.443849 3.426668 3.409312 3.391954 3.374791 3.358035 3.341907 3.326633 3.31244 3.299555 3.288208 3.278633 3.27107 3.265773 3.263005 3.26304 3.26615 3.272577 3.282491 3.295926 3.312765 3.332797 3.355796 3.381577 3.410022 3.441092 3.47482 3.511311 3.550726 3.593262 3.639109 3.688369 3.740918
-9999 -9999 -9999 -9999 -9999 3.825044 3.814904 3.804522 3.793925 3.783146 3.772219 3.761186 3.750089 3.738971 3.727879 3.716854 3.705935 3.695154 3.684537 3.674096 3.663829 3.653714 3.643715 3.633774 3.623822 3.613774 3.603533 3.592998 3.582067 3.57064 3.558629 3.545964 3.532602 3.518539 3.503818 3.488539 3.472866 3.456949 3.440901 3.424885 3.409088 3.393715 3.378977 3.365087 3.352261 3.340708 3.330639 3.322265 3.315803 3.311479 3.30953 3.310206 3.31376 3.320438 3.330422 3.343743 3.360237 3.379648 3.401737 3.426338 3.453374 3.482856 3.514877 3.549596 3.587224 3.627998 3.672133 3.719754 3.770761
-9999 -9999 -9999 -9999 -9999 3.834857 3.824998 3.81491 3.804624 3.794172 3.783591 3.772923 3.76221 3.751499 3.740832 3.730255 3.719806 3.709519 3.69942 3.689523 3.679827 3.670311 3.660937 3.651649 3.642376 3.633035 3.623531 3.613767 3.603645 3.593072 3.581966 3.570269 3.557944 3.544998 3.531477 3.517483 3.503166 3.48867 3.474095 3.459599 3.44536 3.431572 3.418436 3.406155 3.39493 3.384957 3.376423 3.369519 3.364434 3.361363 3.360506 3.362073 3.366282 3.373347 3.383448 3.39661 3.412614 3.431177 3.452078 3.475195 3.500509 3.528094 3.558104 3.590751 3.626288 3.664977 3.707042 3.752597 3.801513
-9999 -9999 -9999 -9999 3.854027 3.844698 3.835127 3.825342 3.815374 3.805257 3.795029 3.784734 3.774414 3.764115 3.753882 3.74376 3.733788 3.724002 3.714427 3.705081 3.695963 3.687053 3.678314 3.669688 3.661108 3.652491 3.643747 3.634784 3.625508 3.615834 3.605691 3.595028 3.583819 3.572077 3.559856 3.547252 3.534408 3.521454 3.508487 3.495654 3.483125 3.471083 3.459722 3.449232 3.439802 3.431612 3.424834 3.419633 3.416173 3.414614 3.415117 3.417841 3.422946 3.430588 3.440885 3.453818 3.469155 3.486631 3.506077 3.527436 3.550766 3.576208 3.603975 3.634325 3.667539 3.703891 3.743591 3.786719 3.833127
-9999 -9999 -9999 -9999 3.863523 3.854472 3.845191 3.835711 3.826062 3.816282 3.80641 3.79649 3.786565 3.776682 3.766886 3.757223 3.747733 3.73845 3.729404 3.720611 3.712073 3.703772 3.695669 3.687711 3.679829 3.671947 3.66398 3.655838 3.647437 3.6387 3.629563 3.619987 3.609955 3.599486 3.588638 3.577504 3.566216 3.554894 3.543628 3.532559 3.521846 3.511665 3.502197 3.493625 3.486125 3.479864 3.474997 3.47167 3.47002 3.470173 3.472245 3.476341 3.48255 3.490933 3.5015 3.514146 3.52866 3.544847 3.562622 3.582022 3.603184 3.62632 3.651695 3.679602 3.710337 3.744167 3.781278 3.821719 3.865332
-9999 -9999 -9999 -9999 3.872863 3.864085 3.855091 3.845911 3.83658 3.827134 3.817615 3.808067 3.798536 3.789068 3.779709 3.770504 3.761496 3.752718 3.7442 3.73596 3.727999 3.720302 3.712832 3.705539 3.698357 3.691214 3.68403 3.676723 3.669216 3.66144 3.653341 3.644889 3.636074 3.626924 3.617496 3.60788 3.598198 3.588557 3.579045 3.569793 3.560952 3.552688 3.545175 3.538583 3.533079 3.528817 3.525937 3.524565 3.524813 3.526773 3.530517 3.536087 3.543492 3.552684 3.563546 3.575884 3.589499 3.604287 3.62028 3.637625 3.656546 3.677321 3.700256 3.725667 3.753854 3.785067 3.819465 3.857072 3.897733
-9999 -9999 -9999 -9999 3.881966 3.873452 3.864734 3.855846 3.846823 3.837703 3.828531 3.81935 3.810206 3.801148 3.792222 3.783472 3.774942 3.766665 3.758672 3.750979 3.74359 3.736489 3.729644 3.723008 3.71652 3.710113 3.703712 3.697243 3.690638 3.683834 3.676789 3.669478 3.661901 3.654089 3.646099 3.638018 3.629955 3.622006 3.614255 3.606825 3.599858 3.593511 3.587948 3.583329 3.57981 3.577533 3.576623 3.577186 3.579307 3.583044 3.588422 3.595424 3.603976 3.61393 3.625058 3.637079 3.649788 3.663177 3.67741 3.692744 3.709486 3.727967 3.748527 3.771495 3.797166 3.825769 3.857441 3.892188 3.929862
-9999 -9999 -9999 -9999 -9999 3.882492 3.874037 3.865427 3.856699 3.847895 3.839057 3.830233 3.821468 3.812811 3.804309 3.796008 3.787948 3.780165 3.772688 3.765534 3.758705 3.752189 3.745957 3.739966 3.734161 3.728479 3.722853 3.717217 3.711508 3.705675 3.699682 3.693511 3.687171 3.68069 3.674128 3.667565 3.661098 3.654811 3.648786 3.643135 3.637991 3.633502 3.629821 3.627099 3.625478 3.625088 3.626037 3.62841 3.632265 3.637624 3.644465 3.652714 3.662228 3.672782 3.684072 3.695756 3.707607 3.719711 3.732347 3.745858 3.760614 3.776992 3.795354 3.816036 3.839325 3.865434 3.894477 3.92645 3.961215
-9999 -9999 -9999 -9999 -9999 3.891137 3.882926 3.874578 3.86613 3.857625 3.849108 3.840627 3.832229 3.823962 3.815873 3.808008 3.800408 3.793108 3.786134 3.779505 3.773223 3.767278 3.761644 3.756282 3.751142 3.746169 3.741302 3.736481 3.731653 3.726774 3.721815 3.716764 3.711634 3.706455 3.701283 3.69619 3.691261 3.68657 3.682193 3.678233 3.674813 3.672069 3.670144 3.669178 3.6693 3.670623 3.673238 3.677208 3.68256 3.689283 3.69731 3.706517 3.716706 3.727603 3.738868 3.75015 3.76125 3.772292 3.783608 3.795594 3.808665 3.823227 3.839661 3.858307 3.879441 3.903263 3.929872 3.959256 3.991292
-9999 -9999 -9999 -9999 -9999 3.899331 3.891344 3.883237 3.87505 3.866827 3.858615 3.850461 3.842414 3.834522 3.826833 3.819391 3.812236 3.805403 3.798919 3.792799 3.787047 3.781654 3.776599 3.771845 3.767349 3.763062 3.758929 3.754898 3.750923 3.746967 3.743007 3.739038 3.735071 3.73114 3.727293 3.723596 3.720116 3.716921 3.714078 3.71168 3.709841 3.708686 3.708343 3.70894 3.710592 3.713395 3.71742 3.722706 3.729253 3.737015 3.745891 3.755715 3.766255 3.777213 3.788254 3.799075 3.809536 3.819758 3.830066 3.84087 3.852607 3.8657 3.880539 3.897461 3.916736 3.938552 3.962997 3.990059 4.019625
-9999 -9999 -9999 -9999 -9999 -9999 3.899247 3.891359 3.883412 3.875452 3.867525 3.859682 3.851969 3.844437 3.837131 3.830096 3.82337 3.816988 3.810975 3.805346 3.800104 3.795244 3.790745 3.786576 3.782697 3.779067 3.775636 3.77236 3.769199 3.766122 3.763112 3.760166 3.757298 3.754539 3.751931 3.749528 3.747384 3.745554 3.744102 3.743109 3.742675 3.742915 3.743944 3.745874 3.748804 3.752813 3.757951 3.764236 3.771642 3.780095 3.789467 3.799571 3.810158 3.82094 3.831616 3.841949 3.85185 3.86144 3.871012 3.880961 3.891717 3.903703 3.917303 3.932849 3.950602 3.970739 3.993343 4.018404 4.045821
-9999 -9999 -9999 -9999 -9999 -9999 -9999 3.898917 3.891189 3.883471 3.875811 3.868259 3.860864 3.853673 3.846734 3.840089 3.833776 3.827826 3.822265 3.817106 3.812354 3.808003 3.804035 3.800423 3.797132 3.794124 3.791357 3.788793 3.786397 3.784144 3.78202 3.780025 3.778173 3.776491 3.775013 3.773784 3.772841 3.772227 3.772 3.77223 3.773005 3.774426 3.776594 3.779604 3.78354 3.788462 3.794403 3.801359 3.809286 3.818091 3.827631 3.837711 3.848093 3.858516 3.868732 3.878566 3.887972 3.897069 3.906122 3.915495 3.925591 3.936812 3.949527 3.964054 3.980638 3.999446 4.020559 4.04397 4.069601
