ASPA-UH-SWB2_REPO/input/ET_Process/jul_et_clipped.asc
ncols         350
nrows         200
xllcorner     515000
yllcorner     8409000
cellsize      100
NODATA_value  -9999
[rows 31 to 61 of 200, columns 276 to 344 of 350]
-9999 -9999 -9999 -9999 -9999 -9999 -9999 -9999 -9999 -9999 -9999 -9999 -9999 -9999 -9999 -9999 -9999 -9999 -9999 -9999 -9999 -9999 -9999 -9999 -9999 -9999 -9999 -9999 -9999 -9999 -9999 -9999 -9999 -9999 -9999 -9999 -9999 -9999 -9999 -9999 -9999 -9999 -9999 -9999 -9999 -9999 -9999 -9999 -9999 -9999 -9999 -9999 -9999 -9999 -9999 -9999 -9999 -9999 -9999 -9999 -9999 -9999 -9999 -9999 -9999 -9999 -9999 -9999 -9999
-9999 -9999 -9999 -9999 -9999 -9999 -9999 -9999 -9999 -9999 -9999 -9999 -9999 -9999 -9999 -9999 -9999 -9999 -9999 -9999 -9999 -9999 -9999 -9999 -9999 -9999 -9999 -9999 -9999 -9999 -9999 -9999 -9999 -9999 -9999 -9999 -9999 -9999 -9999 -9999 -9999 -9999 -9999 -9999 -9999 4.214736 4.223681 -9999 -9999 -9999 -9999 -9999 -9999 -9999 -9999 -9999 -9999 -9999 -9999 -9999 -9999 -9999 -9999 -9999 -9999 -9999 -9999 -9999 -9999
-9999 -9999 -9999 -9999 -9999 -9999 -9999 -9999 -9999 -9999 -9999 -9999 -9999 -9999 -9999 -9999 -9999 -9999 -9999 -9999 -9999 -9999 -9999 -9999 -9999 -9999 -9999 -9999 -9999 -9999 -9999 -9999 -9999 -9999 -9999 -9999 -9999 -9999 -9999 -9999 -9999 -9999 -9999 4.196671 4.206205 4.215403 4.224275 4.232832 -9999 -9999 -9999 -9999 -9999 -9999 -9999 -9999 -9999 -9999 -9999 -9999 -9999 -9999 -9999 -9999 -9999 -9999 -9999 -9999 -9999
-9999 -9999 -9999 -9999 -9999 -9999 -9999 -9999 -9999 -9999 -9999 -9999 -9999 -9999 -9999 -9999 -9999 -9999 -9999 -9999 -9999 -9999 -9999 -9999 -9999 -9999 -9999 -9999 -9999 4.024302 4.039708 4.054536 4.06882 -9999 -9999 -9999 -9999 4.133261 4.144918 4.156194 -9999 4.177624 4.187789 4.197598 4.207057 4.216177 4.224967 4.233441 4.241611 4.249489 -9999 -9999 -9999 -9999 -9999 -9999 -9999 -9999 -9999 -9999 -9999 -9999 -9999 -9999 -9999 -9999 -9999 -9999 -9999
-9999 -9999 -9999 -9999 -9999 -9999 -9999 -9999 -9999 -9999 -9999 -9999 -9999 -9999 -9999 -9999 -9999 -9999 -9999 -9999 -9999 -9999 -9999 -9999 -9999 -9999 -9999 -9999 4.010449 4.026369 4.041682 4.056422 4.070624 4.084327 4.097563 4.110361 4.122744 4.134729 4.146324 4.157535 4.168365 4.17882 4.188906 4.198632 4.208005 4.217035 4.225735 4.234116 4.242191 4.249976 4.257483 -9999 -9999 -9999 -9999 -9999 -9999 -9999 -9999 -9999 -9999 -9999 -9999 -9999 -9999 -9999 -9999 -9999 -9999
-9999 -9999 -9999 -9999 -9999 -9999 -9999 -9999 -9999 -9999 -9999 -9999 -9999 -9999 -9999 -9999 -9999 -9999 -9999 -9999 -9999 -9999 -9999 -9999 -9999 -9999 -9999 3.996514 4.012958 4.02877 4.043977 4.058615 4.072721 4.086331 4.099481 4.112196 4.124501 4.136408 4.147926 4.159057 4.169803 4.18017 4.190165 4.199795 4.209071 4.218002 4.226601 4.23488 4.242854 4.250537 4.257944 -9999 -9999 -9999 -9999 -9999 -9999 -9999 -9999 -9999 -9999 -9999 -9999 -9999 -9999 -9999 -9999 -9999 -9999
-9999 -9999 -9999 -9999 -9999 -9999 -9999 -9999 -9999 -9999 -9999 -9999 -9999 -9999 -9999 -9999 -9999 -9999 -9999 -9999 -9999 -9999 -9999 -9999 -9999 -9999 3.982519 3.999504 4.015833 4.031528 4.046618 4.06114 4.075134 4.088637 4.101683 4.1143 4.126507 4.138319 4.149743 4.160779 4.171427 4.181693 4.191584 4.201108 4.210276 4.219098 4.227586 4.235756 4.24362 4.251194 4.258494 4.265536 -9999 -9999 -9999 -9999 -9999 -9999 -9999 -9999 -9999 -9999 -9999 -9999 -9999 -9999 -9999 -9999 -9999
-9999 -9999 -9999 -9999 -9999 -9999 -9999 -9999 -9999 -9999 -9999 -9999 -9999 -9999 -9999 -9999 -9999 -9999 -9999 -9999 -9999 -9999 3.912137 3.931446 -9999 3.96844 3.985988 4.002866 4.019078 4.034649 4.049613 4.064009 4.077878 4.091258 4.104183 4.116682 4.128774 4.140473 4.151786 4.162711 4.173247 4.183399 4.193173 4.20258 4.211629 4.220333 4.228703 4.236755 4.244503 4.251963 4.259151 4.266083 -9999 -9999 -9999 -9999 -9999 -9999 -9999 -9999 -9999 -9999 -9999 -9999 -9999 -9999 -9999 -9999 -9999
-9999 -9999 -9999 -9999 -9999 -9999 -9999 -9999 -9999 -9999 -9999 -9999 -9999 -9999 -9999 -9999 -9999 -9999 -9999 -9999 -9999 3.896422 3.916145 3.935446 3.954207 3.972345 3.98981 4.006587 4.022683 4.038128 4.052959 4.06722 4.080951 4.094193 4.10698 4.119342 4.131301 4.142869 4.154053 4.164854 4.175265 4.185289 4.194937 4.204216 4.213137 4.221714 4.229958 4.237886 4.245512 4.252852 4.259924 4.266743 -9999 -9999 -9999 -9999 -9999 -9999 -9999 -9999 -9999 -9999 -9999 -9999 -9999 -9999 -9999 -9999 -9999
-9999 -9999 -9999 -9999 -9999 -9999 -9999 -9999 -9999 -9999 -9999 -9999 -9999 -9999 -9999 -9999 -9999 -9999 -9999 -9999 3.880583 3.900642 3.920403 3.939715 3.95846 3.976554 3.993951 4.010635 4.026621 4.041942 4.056639 4.070756 4.084339 4.097428 4.110062 4.122271 4.134077 4.145497 4.156537 4.167197 4.177471 4.187358 4.196868 4.20601 4.214796 4.223238 4.231351 4.239149 4.246649 4.253867 4.260818 -9999 -9999 -9999 -9999 -9999 -9999 -9999 -9999 -9999 -9999 -9999 -9999 -9999 -9999 -9999 -9999 -9999 -9999
-9999 -9999 -9999 -9999 -9999 -9999 -9999 -9999 -9999 -9999 -9999 -9999 -9999 -9999 -9999 -9999 -9999 -9999 -9999 3.864597 3.884887 3.905031 3.92485 3.944194 3.962944 3.981015 3.998362 4.01497 4.030856 4.046058 4.06062 4.074588 4.088012 4.100937 4.113402 4.125442 4.137081 4.148336 4.159217 4.169726 4.179853 4.189593 4.198956 4.207954 4.216598 4.224901 4.232877 4.240542 4.247912 4.255005 4.261836 -9999 -9999 -9999 -9999 -9999 -9999 -9999 -9999 -9999 -9999 -9999 -9999 -9999 -9999 -9999 -9999 -9999 -9999
-9999 -9999 -9999 -9999 -9999 -9999 -9999 -9999 -9999 -9999 -9999 -9999 -9999 -9999 -9999 -9999 -9999 -9999 3.848485 3.868873 3.889287 3.90953 3.929425 3.94882 3.967596 3.985667 4.002984 4.019534 4.035334 4.050424 4.064852 4.078669 4.091929 4.10468 4.116967 4.128825 4.140283 4.151361 4.162071 4.172419 4.182389 4.191975 4.201186 4.210034 4.218531 4.22669 4.234527 4.242057 4.249297 4.256262 4.262971 -9999 -9999 -9999 -9999 -9999 -9999 -9999 -9999 -9999 -9999 -9999 -9999 -9999 -9999 -9999 -9999 -9999 -9999
3.608299 3.618938 3.628943 3.63858 3.648099 -9999 -9999 -9999 -9999 -9999 -9999 -9999 -9999 -9999 -9999 -9999 -9999 3.83232 3.852649 3.873189 3.893733 3.914084 3.934067 3.95353 3.972349 3.990439 4.007745 4.024255 4.039985 4.054973 4.069273 4.082941 4.096035 4.108608 4.120709 4.132378 4.143646 4.154537 4.165068 4.175246 4.185056 4.194482 4.203537 4.212231 4.220579 4.228594 4.23629 4.243685 4.250793 4.257633 4.264221 -9999 -9999 -9999 -9999 -9999 -9999 -9999 -9999 -9999 -9999 -9999 -9999 -9999 -9999 -9999 -9999 -9999 -9999
3.604678 3.61604 3.626726 3.636999 3.64711 3.65712 3.667171 3.677603 3.688709 -9999 -9999 -9999 -9999 -9999 -9999 -9999 3.816234 3.836335 3.856832 3.877518 3.898189 3.91865 3.938726 3.958264 3.977139 3.995262 4.012574 4.029059 4.04473 4.059629 4.073811 4.087336 4.100268 4.112665 4.124578 4.136054 4.147128 4.157827 4.168173 4.17818 4.187826 4.197091 4.205987 4.214528 4.222726 4.230596 4.238153 4.245412 4.252391 4.259107 4.265575 -9999 -9999 -9999 -9999 -9999 -9999 -9999 -9999 -9999 -9999 -9999 -9999 -9999 -9999 -9999 -9999 -9999 -9999
3.601367 3.613438 3.624791 3.63569 3.646383 3.656943 3.667524 3.678457 3.690031 3.702483 3.715985 3.730639 -9999 -9999 3.78147 3.800415 3.820116 3.840389 3.861036 3.881851 3.902635 3.923196 3.94336 3.962973 3.981909 4.000072 4.0174 4.033871 4.049498 4.06432 4.078395 4.091789 4.104568 4.116794 4.128524 4.139808 4.150686 4.161193 4.171353 4.181188 4.190671 4.199776 4.208516 4.216904 4.224955 4.232681 4.2401 4.247227 4.254079 4.260673 -9999 -9999 -9999 -9999 -9999 -9999 -9999 -9999 -9999 -9999 -9999 -9999 -9999 -9999 -9999 -9999 -9999 -9999 -9999
3.598531 3.611286 3.623286 3.634792 3.64605 3.657147 3.668244 3.679664 3.691691 3.70456 3.718444 3.733445 3.749587 3.766832 3.78509 3.804233 3.824101 3.844515 3.865279 3.886197 3.90707 3.927711 3.947947 3.967625 3.986615 4.004818 4.022166 4.038631 4.054222 4.06898 4.082964 4.096241 4.108879 4.120944 4.132499 4.143596 4.154283 4.164599 4.174576 4.184241 4.193566 4.202515 4.211102 4.219341 4.227246 4.234834 4.242118 4.249116 4.255845 4.262321 4.268561 -9999 -9999 -9999 -9999 -9999 -9999 -9999 -9999 -9999 -9999 -9999 -9999 -9999 -9999 -9999 -9999 -9999 -9999
3.596363 3.609762 3.622375 3.634459 3.646258 3.657871 3.669465 3.681353 3.693815 3.707078 3.721316 3.736629 3.753041 3.770514 3.78896 3.808256 3.828247 3.848758 3.869602 3.890584 3.911514 3.932205 3.952487 3.972207 3.991235 4.009468 4.026833 4.043293 4.058857 4.073563 4.087471 4.100645 4.113156 4.125074 4.136463 4.147382 4.157884 4.168015 4.177814 4.187315 4.196487 4.205286 4.213725 4.22182 4.229586 4.237039 4.244194 4.251068 4.257678 4.26404 4.270172 -9999 -9999 -9999 -9999 -9999 -9999 -9999 -9999 -9999 -9999 -9999 -9999 -9999 -9999 -9999 -9999 -9999 -9999
3.595065 3.609049 3.622225 3.634845 3.647152 3.659253 3.671318 3.683653 3.696524 3.710156 3.724715 3.740297 3.756931 3.77458 3.793164 3.812561 3.832624 3.853184 3.87406 3.895063 3.916007 3.93671 3.957003 3.976735 3.995775 4.014017 4.031385 4.047839 4.063382 4.078047 4.09189 4.104975 4.117373 4.129155 4.140388 4.151138 4.161463 4.171415 4.181043 4.190389 4.199415 4.20807 4.216369 4.224327 4.231959 4.239283 4.246314 4.253069 4.259565 4.26582 4.271849 -9999 -9999 -9999 -9999 -9999 -9999 -9999 -9999 -9999 -9999 -9999 -9999 -9999 -9999 -9999 -9999 -9999 -9999
3.594836 3.609325 3.622998 3.636101 3.648868 3.661418 3.673922 3.686671 3.699923 3.71389 3.728731 3.74454 3.761346 3.779119 3.797785 3.817229 3.83731 3.857867 3.878723 3.899699 3.920611 3.941282 3.961546 3.981253 4.000272 4.018497 4.03585 4.052288 4.067808 4.082436 4.096222 4.109227 4.121521 4.133175 4.144262 4.15485 4.165005 4.174787 4.18425 4.193447 4.202337 4.210857 4.219022 4.226849 4.234355 4.241556 4.248469 4.255111 4.2615 4.267651 4.273583 -9999 -9999 -9999 -9999 -9999 -9999 -9999 -9999 -9999 -9999 -9999 -9999 -9999 -9999 -9999 -9999 -9999 -9999
3.595859 3.610752 3.624837 3.638352 3.651523 3.664473 3.677373 3.690498 3.704093 3.718357 3.733439 3.74943 3.766361 3.784209 3.802905 3.822342 3.842388 3.862888 3.883674 3.904571 3.925402 3.945996 3.966188 3.985831 4.004795 4.022973 4.040287 4.056692 4.072177 4.086763 4.100489 4.113415 4.125607 4.137139 4.148084 4.158516 4.168506 4.178122 4.187428 4.196485 4.205246 4.213638 4.221677 4.229381 4.236767 4.243852 4.250653 4.257188 4.263474 4.269528 4.275369 -9999 -9999 -9999 -9999 -9999 -9999 -9999 -9999 -9999 -9999 -9999 -9999 -9999 -9999 -9999 -9999 -9999 -9999
3.598281 3.613458 3.627854 3.641698 3.655205 3.668498 3.681744 3.695201 3.709095 3.723615 3.738898 3.755031 3.772045 3.789922 3.808599 3.827981 3.847941 3.868333 3.888998 3.909767 3.93047 3.950941 3.971018 3.990557 4.009429 4.027527 4.044775 4.061122 4.076552 4.091078 4.104733 4.117572 4.129658 4.141065 4.151868 4.162144 4.171972 4.181425 4.190578 4.199501 4.208141 4.216412 4.224332 4.231919 4.239191 4.246166 4.252861 4.259295 4.265484 4.271447 4.2772 4.282762 -9999 -9999 -9999 -9999 -9999 -9999 -9999 -9999 -9999 -9999 -9999 -9999 -9999 -9999 -9999 -9999 -9999
3.602202 3.617525 3.632121 3.646203 3.65997 3.673542 3.687081 3.700822 3.714974 3.729708 3.745154 3.761392 3.778451 3.796319 3.814939 3.834221 3.854051 3.874289 3.894786 3.915381 3.93591 3.956212 3.976132 3.995526 4.014268 4.032252 4.049399 4.065658 4.081005 4.095447 4.109011 4.121746 4.133713 4.144985 4.155638 4.165755 4.175418 4.184709 4.19371 4.202503 4.211028 4.219183 4.22699 4.234466 4.24163 4.248499 4.255094 4.261431 4.267529 4.273405 4.279076 4.28456 4.289874 -9999 -9999 -9999 -9999 -9999 -9999 -9999 -9999 -9999 -9999 -9999 -9999 -9999 -9999 -9999 -9999
3.60766 3.622985 3.637662 3.651886 3.665837 3.679625 3.693401 3.70738 3.721749 3.736663 3.75224 3.768552 3.785628 3.803455 3.821984 3.841133 3.860794 3.88084 3.901127 3.921505 3.941817 3.961909 3.981629 4.000837 4.01941 4.037241 4.054251 4.070384 4.085614 4.099939 4.113384 4.125991 4.137818 4.148939 4.15943 4.169376 4.178868 4.187993 4.196842 4.205506 4.213918 4.221962 4.229659 4.237028 4.244087 4.250856 4.257354 4.263598 4.269608 4.275402 4.280996 4.286407 4.291654 -9999 -9999 -9999 -9999 -9999 -9999 -9999 -9999 -9999 -9999 -9999 -9999 -9999 -9999 -9999 -9999
3.614628 3.629812 3.644454 3.658727 3.672786 3.686729 3.700695 3.71487 3.729423 3.744489 3.760173 3.776537 3.793609 3.811375 3.82979 3.848779 3.868243 3.888062 3.908105 3.928228 3.948285 3.968126 3.987606 4.006588 4.024951 4.042588 4.05942 4.075387 4.090458 4.10463 4.11792 4.130367 4.142028 4.152973 4.163282 4.173044 4.182352 4.191302 4.199994 4.208529 4.216829 4.224763 4.232352 4.239615 4.246572 4.253243 4.259647 4.265803 4.271729 4.277442 4.282962 4.288305 4.293488 -9999 -9999 -9999 -9999 -9999 -9999 -9999 -9999 -9999 -9999 -9999 -9999 -9999 -9999 -9999 -9999
3.623017 3.637924 3.652425 3.666662 3.680764 3.694811 3.708925 3.723267 3.737978 3.753179 3.768956 3.785364 3.802421 3.820115 3.838403 3.857215 3.87646 3.896028 3.915797 3.935635 3.9554 3.974953 3.994154 4.01287 4.030981 4.048382 4.06499 4.080746 4.095616 4.109591 4.122685 4.134935 4.146396 4.157137 4.16724 4.176796 4.185904 4.194668 4.203195 4.211596 4.219782 4.227605 4.235085 4.242243 4.249099 4.255673 4.261984 4.268053 4.273896 4.279532 4.284981 4.290257 -9999 -9999 -9999 -9999 -9999 -9999 -9999 -9999 -9999 -9999 -9999 -9999 -9999 -9999 -9999 -9999 -9999
3.632675 3.647192 3.661461 3.675595 3.689687 3.703801 3.718036 3.732524 3.747385 3.762716 3.778585 3.795037 3.812081 3.829703 3.84786 3.866488 3.885502 3.904802 3.924275 3.943799 3.963243 3.982474 4.001359 4.019768 4.037584 4.054703 4.071042 4.08654 4.10116 4.114891 4.127745 4.139756 4.150978 4.161481 4.171348 4.180674 4.189562 4.198123 4.206474 4.214733 4.2228 4.230508 4.237877 4.244928 4.251682 4.258158 4.264377 4.270358 4.27612 4.281681 4.287058 4.29227 -9999 -9999 -9999 -9999 -9999 -9999 -9999 -9999 -9999 -9999 -9999 -9999 -9999 -9999 -9999 -9999 -9999
3.643409 3.657451 3.671423 3.685404 3.699454 3.713612 3.727956 3.742589 3.757603 3.773072 3.789047 3.805555 3.822599 3.840159 3.858192 3.876637 3.895416 3.914438 3.933599 3.952787 3.971882 3.99076 4.009293 4.027357 4.044835 4.061626 4.077647 4.092836 4.107155 4.120593 4.133158 4.144885 4.155827 4.166053 4.175651 4.184718 4.193363 4.201703 4.209862 4.217969 4.225911 4.233498 4.24075 4.24769 4.254338 4.260715 4.26684 4.272733 4.278412 4.283897 4.289205 -9999 -9999 -9999 -9999 -9999 -9999 -9999 -9999 -9999 -9999 -9999 -9999 -9999 -9999 -9999 -9999 -9999 -9999
3.655 3.668517 3.682157 3.695961 3.709955 3.724154 3.738614 3.753405 3.768592 3.784223 3.800327 3.816916 3.833983 3.8515 3.869423 3.887695 3.906242 3.924982 3.94382 3.962655 3.981378 3.999873 4.01802 4.035699 4.052797 4.069213 4.084866 4.099694 4.11366 4.126751 4.138978 4.150372 4.160988 4.170899 4.180192 4.188969 4.197344 4.205441 4.213392 4.221335 4.229141 4.236598 4.243728 4.250551 4.257089 4.263361 4.269389 4.275191 4.280787 4.286195 4.291432 -9999 -9999 -9999 -9999 -9999 -9999 -9999 -9999 -9999 -9999 -9999 -9999 -9999 -9999 -9999 -9999 -9999 -9999
3.667227 3.680214 3.69352 3.707151 3.721096 3.735352 3.749951 3.764931 3.780323 3.796148 3.812415 3.829118 3.846236 3.863736 3.881572 3.899686 3.918011 3.93647 3.95498 3.973449 3.991779 4.009865 4.027593 4.044849 4.061522 4.077516 4.092748 4.107162 4.120721 4.133412 4.145247 4.15626 4.166505 4.176057 4.185008 4.193461 4.201539 4.20937 4.217093 4.224858 4.232517 4.239835 4.246833 4.253532 4.259953 4.266117 4.272043 4.277751 4.28326 4.288589 -9999 -9999 -9999 -9999 -9999 -9999 -9999 -9999 -9999 -9999 -9999 -9999 -9999 -9999 -9999 -9999 -9999 -9999 -9999
3.679892 3.692388 3.705396 3.718887 3.732817 3.747163 3.761937 3.777143 3.79278 3.80884 3.825309 3.842161 3.859365 3.876878 3.894651 3.912628 3.930743 3.948928 3.967108 3.985201 4.003121 4.020772 4.038049 4.054843 4.071047 4.086568 4.10133 4.115275 4.128372 4.14061 4.152002 4.162583 4.172411 4.181562 4.190131 4.198229 4.205979 4.21352 4.220997 4.228568 4.236066 4.243234 4.25009 4.256657 4.262954 4.269001 4.274821 4.28043 4.285849 4.291094 -9999 -9999 -9999 -9999 -9999 -9999 -9999 -9999 -9999 -9999 -9999 -9999 -9999 -9999 -9999 -9999 -9999 -9999 -9999
3.692841 3.704928 3.717708 3.731119 3.745087 3.759572 3.774567 3.790043 3.805966 3.822303 3.839012 3.856052 3.873375 3.890932 3.908668 3.926527 3.944448 3.962368 3.98022 3.997931 4.015424 4.032616 4.049411 4.065703 4.081393 4.096393 4.110631 4.124055 4.136636 4.148368 4.159265 4.169366 4.178731 4.187439 4.19559 4.203298 4.210693 4.217918 4.225128 4.232489 4.239814 4.246818 4.253522 4.259946 4.266111 4.272036 4.277741 4.283246 4.288569 4.293728 -9999 -9999 -9999 -9999 -9999 -9999 -9999 -9999 -9999 -9999 -9999 -9999 -9999 -9999 -9999 -9999 -9999 -9999 -9999
