ASPA-UH-SWB2_REPO/input/ET_Process/jul_et_clipped.asc
ncols         350
nrows         200
xllcorner     515000
yllcorner     8409000
cellsize      100
NODATA_value  -9999
[rows 62 to 92 of 200, columns 138 to 206 of 350]
-9999 -9999 -9999 -9999 -9999 -9999 -9999 -9999 -9999 -9999 -9999 -9999 3.590414 3.562801 3.535109 3.507357 3.479571 3.451782 3.424033 3.396378 3.368879 3.341615 3.314679 3.288176 3.26223 3.236977 3.212569 3.189166 3.166939 3.14606 3.126702 3.109025 3.093173 3.079259 3.067347 3.057434 3.049454 3.043278 3.038877 3.036315 3.035533 3.036443 3.038936 3.042884 3.04814 3.054549 3.061945 3.070158 3.079016 3.088348 3.097984 3.107757 3.117506 3.127079 3.136332 3.145133 3.153365 3.160927 3.167734 3.173723 3.178848 3.183089 3.18645 3.188956 3.190663 3.191651 3.192029 3.191935 3.191531
-9999 -9999 -9999 -9999 -9999 -9999 -9999 -9999 -9999 -9999 -9999 3.587607 3.560171 3.532659 3.505084 3.477462 3.449817 3.42218 3.394592 3.367104 3.339778 3.312692 3.285936 3.25962 3.233867 3.208817 3.184625 3.161457 3.139487 3.118894 3.099855 3.082536 3.067083 3.053607 3.042173 3.032782 3.02537 3.019809 3.016071 3.014218 3.014193 3.015908 3.019254 3.0241 3.030299 3.037693 3.046113 3.055384 3.065328 3.075768 3.086525 3.097425 3.108299 3.118984 3.129328 3.139191 3.148447 3.156986 3.164717 3.17157 3.177496 3.182469 3.186488 3.18958 3.191798 3.193223 3.193967 3.19417 3.194004
-9999 -9999 -9999 -9999 -9999 -9999 -9999 -9999 -9999 -9999 -9999 3.557524 3.5302 3.502816 3.475386 3.447925 3.420455 3.393008 3.365621 3.338345 3.311242 3.284387 3.257872 3.231805 3.206312 3.181535 3.15763 3.134768 3.113128 3.092892 3.074239 3.057337 3.042332 3.029335 3.018409 3.009557 3.002719 2.997771 2.994686 2.993531 2.994248 2.996751 3.00093 3.006654 3.013775 3.022131 3.031551 3.041855 3.052861 3.064383 3.076236 3.088237 3.100209 3.111979 3.123389 3.134289 3.144545 3.154041 3.162679 3.170382 3.177098 3.182795 3.18747 3.191147 3.193879 3.195747 3.196864 3.197375 3.197454
-9999 -9999 -9999 -9999 -9999 -9999 -9999 -9999 -9999 -9999 3.554907 3.527771 3.500584 3.473356 3.446099 3.418828 3.391567 3.364343 3.337197 3.310176 3.283342 3.25677 3.23055 3.204791 3.179619 3.155177 3.131625 3.109136 3.087889 3.06807 3.049858 3.033422 3.018906 3.006419 2.996024 2.987725 2.981467 2.977126 2.974683 2.974208 2.975646 2.978912 2.983897 2.990469 2.998479 3.007764 3.018149 3.029451 3.04148 3.054045 3.066954 3.080016 3.093045 3.105863 3.118301 3.130203 3.141427 3.151851 3.161371 3.169904 3.177393 3.183804 3.189129 3.193391 3.19664 3.198959 3.200461 3.201293 3.201634
-9999 -9999 -9999 -9999 -9999 -9999 -9999 -9999 3.579232 3.552353 3.525413 3.498425 3.471404 3.444358 3.417303 3.390252 3.363229 3.336264 3.309395 3.28267 3.256148 3.229904 3.204029 3.17863 3.153834 3.129785 3.106643 3.084582 3.063782 3.04443 3.026704 3.010771 2.996774 2.98482 2.97497 2.967231 2.961549 2.957805 2.955986 2.956169 2.9583 2.962296 2.968049 2.975427 2.984282 2.994448 3.005748 3.017994 3.030994 3.044548 3.058459 3.072528 3.086563 3.100376 3.113792 3.126649 3.138799 3.150112 3.160481 3.169817 3.178059 3.185169 3.191137 3.195982 3.199754 3.202534 3.204436 3.205608 3.206233
-9999 -9999 -9999 -9999 -9999 -9999 -9999 3.576524 3.549869 3.523145 3.496371 3.469563 3.442736 3.415903 3.389077 3.362276 3.335524 3.30885 3.282293 3.255901 3.229732 3.203859 3.178373 3.153381 3.129009 3.1054 3.082716 3.061129 3.040821 3.021974 3.004767 2.989365 2.975906 2.964495 2.955195 2.948012 2.942895 2.93973 2.93851 2.939318 2.942104 2.946785 2.953257 2.961387 2.971028 2.982014 2.994164 3.007289 3.021191 3.035667 3.050511 3.06552 3.080494 3.09524 3.109575 3.123331 3.136354 3.148512 3.159689 3.169796 3.178766 3.186559 3.193161 3.198589 3.20289 3.206145 3.208467 3.210003 3.210938
-9999 -9999 -9999 -9999 -9999 -9999 3.573769 3.547389 3.520924 3.494399 3.467833 3.441244 3.414649 3.388064 3.361504 3.33499 3.308546 3.282203 3.255999 3.229981 3.204208 3.178753 3.153703 3.129166 3.105266 3.082148 3.059969 3.038901 3.019125 3.00082 2.984162 2.969311 2.956405 2.945547 2.936796 2.930161 2.925595 2.922987 2.922338 2.923739 2.92714 2.932464 2.939607 2.948441 2.958817 2.97057 2.98352 2.997473 3.012229 3.02758 3.043315 3.059224 3.075101 3.090745 3.105969 3.120597 3.134472 3.147453 3.159425 3.170292 3.179983 3.188456 3.195693 3.201708 3.206547 3.210286 3.213039 3.214952 3.21621
-9999 -9999 -9999 -9999 -9999 3.570894 3.544852 3.518703 3.492475 3.466191 3.439874 3.413544 3.387219 3.360918 3.33466 3.308468 3.282367 3.256391 3.230578 3.204975 3.179639 3.154644 3.130075 3.106038 3.082657 3.060073 3.038443 3.017936 2.998729 2.980999 2.964917 2.95064 2.938302 2.928002 2.9198 2.913707 2.909678 2.907607 2.907504 2.909466 2.913448 2.919375 2.927147 2.936639 2.947704 2.960177 2.973879 2.988615 3.004182 3.020367 3.036957 3.053733 3.070483 3.087002 3.103092 3.118575 3.133286 3.147082 3.159841 3.171465 3.181879 3.191036 3.198916 3.205529 3.210916 3.215153 3.218349 3.220652 3.222245
-9999 -9999 -9999 -9999 3.567814 3.542181 3.516415 3.490544 3.464596 3.438595 3.412567 3.386531 3.360511 3.334527 3.308602 3.282762 3.257036 3.231457 3.206066 3.180911 3.156049 3.13155 3.1075 3.084002 3.06118 3.039171 3.018129 2.99822 2.979616 2.96249 2.947009 2.933324 2.921566 2.911831 2.90418 2.898623 2.895119 2.893566 2.893986 2.896482 2.901012 2.907506 2.915866 2.92597 2.937675 2.95082 2.965225 2.980695 2.997025 3.014002 3.031404 3.04901 3.066602 3.083965 3.100898 3.117214 3.132746 3.147345 3.160885 3.173264 3.184404 3.194253 3.202787 3.210011 3.215964 3.220716 3.224375 3.227087 3.229033
-9999 -9999 -9999 3.564436 3.539285 3.51397 3.488523 3.462973 3.437346 3.411667 3.385962 3.360255 3.33457 3.308933 3.283368 3.257907 3.23258 3.207425 3.182483 3.157803 3.133442 3.10947 3.085972 3.063049 3.04082 3.019421 2.999002 2.979724 2.961754 2.94526 2.930402 2.917328 2.906162 2.897001 2.889901 2.884876 2.881887 2.880838 2.88176 2.884766 2.889814 2.896839 2.905746 2.916417 2.928715 2.94248 2.957535 2.973686 2.99073 3.008448 3.026618 3.045013 3.063408 3.081583 3.099331 3.116459 3.132793 3.148183 3.162498 3.175632 3.187504 3.198055 3.207258 3.215112 3.221651 3.226942 3.231088 3.234233 3.236556
-9999 -9999 3.560661 3.536059 3.511267 3.486314 3.461228 3.436038 3.410769 3.385447 3.360099 3.334751 3.30943 3.284164 3.258984 3.233922 3.209016 3.184304 3.159831 3.135648 3.111813 3.088394 3.065475 3.043155 3.021551 3.000793 2.981029 2.962412 2.945106 2.929269 2.915057 2.902612 2.892054 2.883475 2.876931 2.872436 2.869955 2.869398 2.870806 2.874299 2.879838 2.887359 2.896774 2.907968 2.920808 2.93514 2.950789 2.967566 2.985266 3.003672 3.022559 3.041697 3.060854 3.079806 3.098337 3.116251 3.133368 3.149536 3.16462 3.17851 3.191121 3.202389 3.212279 3.220787 3.227939 3.233797 3.23846 3.242066 3.244796
-9999 3.556356 3.532405 3.508198 3.483804 3.459251 3.434565 3.409772 3.384896 3.359964 3.335002 3.31004 3.285106 3.260234 3.235457 3.210814 3.186345 3.162092 3.138105 3.114437 3.091146 3.068301 3.045985 3.024293 3.003341 2.983254 2.964174 2.946249 2.929634 2.914482 2.90094 2.889145 2.87921 2.871224 2.865243 2.86128 2.859303 2.85923 2.861111 2.865073 2.871078 2.879064 2.888946 2.900618 2.913949 2.928791 2.944976 2.962317 2.980613 2.999647 3.019195 3.039023 3.058896 3.078583 3.097863 3.116534 3.134414 3.151346 3.167194 3.181844 3.195204 3.207205 3.217806 3.226995 3.23479 3.241248 3.246461 3.250565 3.253735
3.551434 3.528204 3.504664 3.480887 3.456928 3.432811 3.408559 3.384195 3.359743 3.335229 3.31068 3.286127 3.261602 3.237143 3.212787 3.188576 3.164557 3.140778 3.11729 3.09415 3.071418 3.049165 3.027472 3.006433 2.986159 2.966771 2.948405 2.931202 2.915308 2.900868 2.888023 2.876901 2.867609 2.860233 2.854825 2.851399 2.849929 2.850334 2.85268 2.857095 2.863542 2.871962 2.882274 2.894377 2.908147 2.923441 2.940098 2.957937 2.976761 2.996358 3.016503 3.036962 3.057498 3.077874 3.097865 3.117263 3.135883 3.153566 3.170174 3.185588 3.19971 3.212464 3.223802 3.233701 3.242174 3.249268 3.25507 3.259709 3.263357
3.523383 3.500565 3.477468 3.454151 3.430658 3.407009 3.383221 3.359316 3.335316 3.311245 3.287131 3.263008 3.23891 3.214878 3.190956 3.167192 3.143635 3.12034 3.097363 3.074763 3.052605 3.03096 3.00991 2.989547 2.969977 2.951317 2.933695 2.917245 2.902104 2.888409 2.876291 2.865869 2.857245 2.850499 2.84568 2.842804 2.841845 2.842731 2.845536 2.850392 2.857262 2.866087 2.876791 2.889277 2.903431 2.919116 2.936178 2.954445 2.973724 2.993809 3.01448 3.035504 3.056643 3.077657 3.098315 3.118405 3.137741 3.156162 3.173526 3.189711 3.20461 3.21814 3.230241 3.240883 3.25007 3.257839 3.26427 3.269485 3.273652
3.495841 3.473463 3.450836 3.428006 3.405005 3.381849 3.358552 3.335131 3.311606 3.287999 3.264341 3.240664 3.217008 3.193418 3.169942 3.146634 3.12355 3.10075 3.078294 3.056248 3.034678 3.01366 2.993273 2.97361 2.954772 2.936871 2.920027 2.904366 2.890015 2.8771 2.865744 2.856056 2.848131 2.842041 2.837835 2.835525 2.835089 2.836462 2.839726 2.845016 2.85229 2.861493 2.872552 2.885377 2.899858 2.91587 2.933267 2.951884 2.97154 2.992034 3.013151 3.034664 3.056336 3.077929 3.099205 3.11995 3.139976 3.159122 3.177242 3.194204 3.209895 3.224222 3.237115 3.248533 3.258469 3.266953 3.274054 3.279887 3.284615
3.468829 3.446912 3.424777 3.402454 3.379968 3.357327 3.334542 3.311626 3.288595 3.265471 3.242284 3.219068 3.195866 3.172728 3.149709 3.126868 3.104268 3.081974 3.060053 3.038575 3.017612 2.997239 2.97754 2.958605 2.940531 2.923424 2.907396 2.892563 2.879044 2.866953 2.8564 2.847487 2.840298 2.8349 2.831335 2.829616 2.829723 2.831594 2.835323 2.841042 2.848708 2.858265 2.869643 2.882758 2.897511 2.913784 2.931442 2.950332 2.970281 2.991098 3.012576 3.034495 3.056622 3.078722 3.100561 3.12192 3.142611 3.162468 3.181338 3.199083 3.215579 3.230722 3.244433 3.256658 3.267378 3.276613 3.284425 3.290919 3.29625
3.442359 3.420921 3.399292 3.377491 3.355535 3.333425 3.311169 3.288774 3.266253 3.243627 3.220924 3.198181 3.175445 3.152771 3.130218 3.107855 3.08575 3.063975 3.042605 3.021714 3.001379 2.981678 2.962697 2.944522 2.927248 2.910976 2.895808 2.881851 2.869212 2.857995 2.848296 2.840207 2.833801 2.829137 2.826252 2.825157 2.825832 2.828221 2.832426 2.838577 2.846624 2.856513 2.868177 2.881537 2.896505 2.912972 2.930817 2.949898 2.970053 2.991104 3.012854 3.03509 3.057589 3.080122 3.102459 3.124386 3.14571 3.166258 3.185869 3.204395 3.221702 3.237676 3.252224 3.265281 3.276817 3.286838 3.295396 3.302589 3.308564
3.41644 3.395489 3.374373 3.353103 3.331685 3.310117 3.288401 3.26654 3.244542 3.222425 3.200218 3.177959 3.155699 3.133499 3.111425 3.089552 3.067957 3.046721 3.025921 3.005641 2.985962 2.966965 2.948736 2.931361 2.914932 2.899542 2.885286 2.87226 2.860559 2.850273 2.841488 2.83428 2.828713 2.824836 2.822679 2.82225 2.823528 2.826463 2.831162 2.837751 2.846175 2.856377 2.868295 2.881857 2.896984 2.91358 2.931537 2.950726 2.971 2.992194 3.014124 3.036588 3.059374 3.082261 3.10503 3.127469 3.149382 3.170588 3.190918 3.210213 3.22833 3.245139 3.260537 3.274445 3.286819 3.297654 3.306991 3.314917 3.321572
3.391068 3.370607 3.350006 3.329266 3.308388 3.287367 3.266197 3.244877 3.223412 3.201815 3.180114 3.158351 3.136579 3.114864 3.093284 3.071919 3.050855 3.030179 3.009978 2.99034 2.97135 2.953096 2.935662 2.919135 2.903602 2.889151 2.875866 2.863834 2.853137 2.843851 2.836049 2.829792 2.825131 2.822104 2.820734 2.821021 2.822947 2.826462 2.831681 2.838721 2.847522 2.858024 2.870167 2.88389 2.899122 2.915782 2.933776 2.952992 2.973299 2.994545 3.016563 3.039165 3.062151 3.085312 3.108439 3.131324 3.153769 3.175588 3.196602 3.216642 3.235551 3.25319 3.269438 3.284205 3.297431 3.309101 3.31924 3.327928 3.335294
3.366236 3.346257 3.326162 3.305946 3.285604 3.265128 3.244506 3.223732 3.202806 3.181738 3.160556 3.1393 3.11803 3.09682 3.075753 3.054919 3.034412 3.014328 2.99476 2.975802 2.957546 2.940081 2.923494 2.907871 2.893294 2.879846 2.867602 2.856637 2.84702 2.838813 2.832072 2.826845 2.823168 2.821066 2.820551 2.821618 2.824244 2.828385 2.834156 2.841668 2.850851 2.861643 2.873988 2.887832 2.903117 2.919778 2.937737 2.9569 2.977153 2.998363 3.020377 3.043025 3.066122 3.089472 3.112874 3.136129 3.159038 3.181409 3.203056 3.223801 3.243474 3.26192 3.279008 3.294629 3.308711 3.321223 3.332181 3.34165 3.349752
3.341923 3.322412 3.302809 3.283101 3.263285 3.243345 3.223268 3.203042 3.182661 3.162133 3.141482 3.12075 3.100002 3.07932 3.058794 3.038525 3.018612 2.999159 2.980268 2.962039 2.944567 2.927947 2.912267 2.897612 2.884061 2.871688 2.860563 2.850747 2.842296 2.835256 2.829668 2.82556 2.822955 2.821863 2.822284 2.824203 2.827595 2.832414 2.838779 2.846789 2.856365 2.867442 2.879968 2.893898 2.909188 2.925789 2.943643 2.962674 2.982789 3.003873 3.025792 3.048393 3.071507 3.094953 3.118541 3.142078 3.165369 3.188218 3.210433 3.231826 3.252216 3.271435 3.289335 3.305792 3.32072 3.334072 3.345851 3.356112 3.364966
3.318097 3.299034 3.279901 3.260683 3.241375 3.22196 3.202421 3.182742 3.162913 3.142937 3.122834 3.102649 3.082452 3.062331 3.042387 3.022724 3.003452 2.984682 2.966522 2.949078 2.932452 2.916742 2.902037 2.888422 2.875973 2.864759 2.854838 2.846262 2.83907 2.833295 2.828958 2.826071 2.824637 2.824651 2.826098 2.828954 2.833184 2.838744 2.845753 2.854295 2.864282 2.875645 2.888335 2.902319 2.917567 2.934051 2.95173 2.970553 2.990446 3.011315 3.033046 3.055503 3.078535 3.101977 3.125652 3.149373 3.17295 3.196188 3.21889 3.240859 3.261904 3.281842 3.300512 3.317773 3.333522 3.347699 3.360292 3.371345 3.380957
3.294717 3.276076 3.257388 3.238636 3.219816 3.200912 3.181902 3.162769 3.1435 3.124092 3.104563 3.084957 3.06535 3.045838 3.026526 3.007526 2.988955 2.970929 2.953565 2.936974 2.921264 2.906536 2.892883 2.880388 2.869125 2.859156 2.850533 2.843293 2.837463 2.833057 2.830079 2.828521 2.828367 2.829592 2.832166 2.836051 2.841204 2.847577 2.855286 2.864402 2.874823 2.886477 2.89932 2.913329 2.928493 2.944802 2.962242 2.980782 3.00037 3.020934 3.04238 3.064592 3.087438 3.110768 3.134418 3.158214 3.18197 3.205493 3.228584 3.251041 3.272661 3.293251 3.312631 3.330647 3.347179 3.362151 3.375538 3.387371 3.39774
3.271732 3.253486 3.235217 3.216908 3.198557 3.180148 3.16166 3.143074 3.124373 3.105555 3.086632 3.067652 3.048692 3.02985 3.011237 2.99297 2.975172 2.957965 2.941472 2.92581 2.911094 2.897428 2.884907 2.873618 2.863629 2.855 2.847771 2.84197 2.837608 2.834683 2.833177 2.833062 2.834302 2.836852 2.840661 2.845676 2.851844 2.859109 2.867584 2.877322 2.888208 2.900164 2.913152 2.927161 2.942199 2.958281 2.975417 2.993599 3.0128 3.032968 3.05403 3.075892 3.098438 3.121538 3.145044 3.168793 3.192607 3.216298 3.239666 3.262505 3.284604 3.305759 3.325776 3.344483 3.361744 3.377468 3.391617 3.404209 3.415323
3.249092 3.231214 3.213339 3.19545 3.177552 3.159629 3.141662 3.123629 3.105515 3.087316 3.069046 3.050751 3.032507 3.014413 2.996581 2.979131 2.96219 2.945886 2.930348 2.915701 2.902063 2.889544 2.878244 2.868247 2.859625 2.85243 2.846695 2.842437 2.839651 2.838318 2.8384 2.839847 2.8426 2.846591 2.851749 2.858003 2.865284 2.873527 2.882839 2.893254 2.90464 2.916915 2.930045 2.944031 2.958907 2.97471 2.991479 3.009231 3.027961 3.04764 3.068215 3.089613 3.111741 3.134486 3.157717 3.181286 3.205025 3.228753 3.252271 3.275372 3.297839 3.319457 3.340019 3.359339 3.377262 3.393682 3.408549 3.421868 3.433708
3.226746 3.209211 3.19171 3.174227 3.156774 3.139338 3.121901 3.104442 3.086948 3.069413 3.051856 3.034319 3.016875 2.999617 2.982659 2.966121 2.950133 2.934828 2.920339 2.906797 2.894327 2.883044 2.873052 2.864439 2.857274 2.851607 2.847464 2.84485 2.843747 2.844116 2.845901 2.849027 2.85341 2.85896 2.865583 2.873185 2.88168 2.890992 2.901217 2.91237 2.924299 2.936916 2.950188 2.964136 2.978813 2.994288 3.010628 3.027876 3.046051 3.065144 3.085124 3.10594 3.127522 3.149777 3.172595 3.195841 3.219362 3.242984 3.266514 3.289742 3.31245 3.334415 3.355418 3.375257 3.393761 3.410811 3.426342 3.44035 3.452888
3.204648 3.187438 3.170298 3.153218 3.136214 3.119279 3.102398 3.085552 3.068729 3.051924 3.035155 3.018462 3.001912 2.985593 2.969615 2.954096 2.939167 2.924964 2.911624 2.899285 2.888076 2.878119 2.869524 2.862381 2.856761 2.85271 2.850251 2.849378 2.850057 2.852233 2.855827 2.860743 2.866871 2.874093 2.88229 2.891348 2.90116 2.911631 2.922849 2.934802 2.947322 2.960308 2.973732 2.987628 3.002075 3.017175 3.033026 3.049697 3.067228 3.085633 3.104904 3.125014 3.145915 3.16754 3.189798 3.212573 3.235725 3.25909 3.282481 3.305693 3.328504 3.350686 3.372011 3.392264 3.411259 3.428863 3.444999 3.459648 3.47285
3.182759 3.165864 3.149084 3.132415 3.115881 3.099479 3.0832 3.067025 3.050944 3.034954 3.019067 3.003321 2.987776 2.972511 2.95763 2.943248 2.929494 2.916505 2.904421 2.893383 2.88353 2.874989 2.867874 2.862284 2.85829 2.855938 2.855246 2.856198 2.858748 2.862823 2.868322 2.875125 2.883097 2.892094 2.90197 2.912582 2.923804 2.935523 2.947809 2.960629 2.973788 2.987178 3.000769 3.014607 3.028798 3.043478 3.058779 3.074798 3.091594 3.109204 3.127645 3.146917 3.167 3.18785 3.209399 3.23155 3.254178 3.277132 3.300231 3.323275 3.346043 3.368303 3.389821 3.410372 3.42976 3.447836 3.464512 3.479752 3.49358
3.161053 3.144474 3.128067 3.111833 3.095806 3.07999 3.064377 3.048954 3.033709 3.018637 3.003748 2.98907 2.974655 2.960575 2.946921 2.933805 2.921351 2.909694 2.898977 2.889344 2.88094 2.8739 2.868347 2.864382 2.862084 2.8615 2.862643 2.86549 2.869984 2.876032 2.883514 2.892285 2.902183 2.913038 2.924675 2.936929 2.949642 2.962685 2.976109 2.989854 3.003703 3.017533 3.031313 3.045097 3.059013 3.073233 3.087925 3.103211 3.119172 3.135873 3.153359 3.171661 3.190787 3.210719 3.231412 3.252789 3.274741 3.29713 3.319786 3.342511 3.365088 3.387284 3.408862 3.429591 3.449268 3.467732 3.484876 3.50065 3.515058
3.139515 3.123266 3.10726 3.091502 3.076038 3.060878 3.04602 3.031451 3.017156 3.003128 2.989369 2.9759 2.96276 2.950009 2.937728 2.92602 2.915001 2.904802 2.895567 2.887444 2.880582 2.875124 2.871201 2.868926 2.868381 2.869617 2.872646 2.877439 2.883926 2.891998 2.901514 2.912307 2.924188 2.936958 2.950417 2.96437 2.978637 2.993062 3.007677 3.022396 3.036977 3.051282 3.065274 3.079017 3.092652 3.106378 3.120398 3.134863 3.149884 3.16556 3.181969 3.199174 3.217211 3.236089 3.255787 3.276248 3.297382 3.319062 3.341127 3.363389 3.385634 3.40763 3.429139 3.449929 3.469789 3.488549 3.506085 3.522329 3.537264
3.118148 3.102257 3.086691 3.071468 3.056643 3.042232 3.028235 3.014641 3.001432 2.988594 2.976119 2.964017 2.952313 2.941054 2.930306 2.920158 2.910719 2.902113 2.894482 2.887973 2.882743 2.878942 2.876713 2.876176 2.877424 2.880514 2.885458 2.892221 2.900724 2.910842 2.922414 2.935249 2.949133 2.963843 2.979149 2.99483 3.01068 3.026518 3.042354 3.058075 3.073413 3.088214 3.102437 3.116145 3.129495 3.142701 3.155987 3.169544 3.183527 3.198072 3.213295 3.229289 3.24612 3.263826 3.282408 3.301828 3.322015 3.342854 3.364198 3.385866 3.407648 3.429318 3.450639 3.471377 3.491318 3.510281 3.528128 3.544771 3.560175
