ASPA-UH-SWB2_REPO/input/ET_Process/jun_et_clipped.asc
ncols         350
nrows         200
xllcorner     515000
yllcorner     8409000
cellsize      100
NODATA_value  -9999
[rows 155 to 185 of 200, columns 69 to 137 of 350]
-9999 -9999 -9999 -9999 -9999 -9999 -9999 3.634407 3.625341 3.617314 3.61032 3.604331 3.5993 3.595159 3.591826 3.589211 3.587209 3.585714 3.584616 3.583803 3.583168 3.582606 3.582021 3.581327 3.580449 3.579322 3.577901 3.576154 3.574062 3.571625 3.568858 3.565789 3.562457 3.558921 3.555249 3.551529 3.547862 3.544279 3.540778 3.537435 3.534336 3.531577 3.529269 3.527526 3.526475 3.526248 3.526985 3.528829 3.531928 3.536431 3.542488 3.550246 3.559846 3.571419 3.585082 3.600931 3.619035 3.63942 3.662057 3.686852 3.713651 3.742254 3.77241 3.803831 3.836187 3.869122 3.902268 3.935272 3.967843
-9999 -9999 -9999 -9999 -9999 -9999 -9999 3.649582 3.64034 3.632138 3.624978 3.618839 3.613676 3.609428 3.606016 3.60335 3.601328 3.599844 3.598787 3.598046 3.597513 3.597082 3.596658 3.596153 3.595491 3.594609 3.593461 3.592015 3.590253 3.588176 3.585799 3.583149 3.580265 3.577201 3.574025 3.570819 3.567681 3.564633 3.561667 3.558857 3.556287 3.554055 3.552266 3.551037 3.550493 3.550765 3.551992 3.554316 3.557884 3.562843 3.569341 3.577518 3.587513 3.599447 3.61343 3.629544 3.647841 3.668329 3.690962 3.715634 3.742179 3.770385 3.799993 3.830707 3.862199 3.894124 3.926136 3.957917 3.989213
-9999 -9999 -9999 -9999 -9999 -9999 -9999 3.664883 3.655457 3.647068 3.639727 3.63342 3.628108 3.623733 3.620222 3.617485 3.615425 3.613935 3.612906 3.612226 3.611788 3.611485 3.61122 3.610907 3.610469 3.609842 3.608979 3.607848 3.606433 3.604734 3.602763 3.600548 3.598125 3.595545 3.592875 3.590191 3.587585 3.585073 3.582643 3.580364 3.578321 3.576609 3.575331 3.574603 3.574548 3.575295 3.576982 3.579749 3.58374 3.589101 3.595973 3.604496 3.614799 3.626997 3.641189 3.657445 3.675803 3.696255 3.718742 3.743149 3.769305 3.79699 3.825944 3.855872 3.886455 3.917365 3.948283 3.978924 4.009064
-9999 -9999 -9999 -9999 -9999 -9999 -9999 3.680226 3.670614 3.662034 3.654505 3.64802 3.642547 3.638033 3.634409 3.63159 3.62948 3.627975 3.626966 3.626342 3.625995 3.62582 3.625719 3.625605 3.6254 3.625041 3.624478 3.623681 3.622631 3.621327 3.61978 3.618015 3.616066 3.613983 3.611825 3.609667 3.607595 3.605619 3.603722 3.601972 3.60045 3.599249 3.598471 3.598227 3.59864 3.599837 3.601951 3.605121 3.609488 3.615193 3.622374 3.631164 3.641686 3.654049 3.668339 3.684618 3.702911 3.723199 3.745413 3.769433 3.795085 3.822151 3.850372 3.879462 3.909115 3.939024 3.968898 3.998479 4.027569
-9999 -9999 -9999 -9999 -9999 -9999 -9999 3.695537 3.685746 3.676978 3.669262 3.662597 3.65696 3.652303 3.648561 3.645654 3.643488 3.641963 3.640971 3.640403 3.64015 3.640107 3.640177 3.640272 3.640313 3.640236 3.639992 3.639546 3.63888 3.637989 3.636882 3.635582 3.63412 3.632541 3.630903 3.629274 3.627735 3.626291 3.624922 3.623695 3.622686 3.621986 3.621694 3.621918 3.622777 3.624395 3.626902 3.630434 3.635127 3.641118 3.648539 3.65752 3.668174 3.680604 3.694888 3.711079 3.729191 3.749199 3.77103 3.794561 3.81962 3.845991 3.873424 3.901645 3.930364 3.959298 3.988178 4.016775 4.044909
-9999 -9999 -9999 -9999 -9999 -9999 -9999 3.71076 3.700803 3.691859 3.683964 3.677126 3.671328 3.66653 3.662671 3.659677 3.657457 3.655913 3.654941 3.654432 3.654278 3.654376 3.654627 3.654943 3.655244 3.655466 3.655556 3.655479 3.655214 3.654753 3.654103 3.65328 3.652315 3.651248 3.650133 3.649033 3.648024 3.647106 3.64626 3.645547 3.645042 3.64483 3.645008 3.645681 3.646962 3.648972 3.651837 3.655689 3.660659 3.666878 3.674476 3.683572 3.694277 3.706684 3.720865 3.736866 3.754696 3.774327 3.795682 3.818642 3.843037 3.86866 3.89527 3.922607 3.950401 3.978389 4.006326 4.034003 4.061259
-9999 -9999 -9999 -9999 -9999 -9999 -9999 -9999 3.715757 3.706655 3.698596 3.691598 3.685651 3.68072 3.676752 3.673677 3.671409 3.669853 3.668907 3.668464 3.668419 3.668667 3.669111 3.66966 3.670237 3.670772 3.671213 3.67152 3.671672 3.671655 3.671473 3.671139 3.670679 3.670129 3.669538 3.668964 3.668478 3.668079 3.667746 3.667537 3.667524 3.667787 3.668419 3.669519 3.671197 3.67357 3.676759 3.68089 3.686089 3.692484 3.700197 3.709341 3.720021 3.732325 3.746318 3.762042 3.779505 3.798675 3.819482 3.841807 3.865487 3.890325 3.916091 3.94254 3.969422 3.996494 4.023531 4.050345 4.076785
-9999 -9999 -9999 -9999 -9999 -9999 -9999 -9999 3.730602 3.721365 3.713165 3.706026 3.699945 3.694897 3.690833 3.687688 3.685382 3.683824 3.682914 3.682548 3.682621 3.68303 3.683678 3.684474 3.685338 3.6862 3.687005 3.687711 3.68829 3.688728 3.689023 3.689184 3.689233 3.689201 3.689133 3.689081 3.689109 3.689218 3.689386 3.68967 3.690135 3.690857 3.691924 3.69343 3.695481 3.698187 3.701666 3.706037 3.711422 3.717943 3.725716 3.734849 3.745441 3.757573 3.771309 3.786685 3.80371 3.822357 3.842557 3.864199 3.887129 3.911157 3.936068 3.961632 3.987617 4.0138 4.039975 4.065968 4.091643
-9999 -9999 -9999 -9999 -9999 -9999 -9999 -9999 -9999 3.736013 3.727698 3.720443 3.714251 3.709105 3.704961 3.701762 3.699432 3.697883 3.69702 3.696741 3.696943 3.697525 3.698387 3.69944 3.700601 3.7018 3.702978 3.704091 3.705105 3.706003 3.706779 3.707438 3.707995 3.708479 3.708928 3.709389 3.70992 3.710523 3.71118 3.711941 3.712868 3.714032 3.715514 3.717405 3.719803 3.722815 3.726551 3.731127 3.73666 3.743263 3.75105 3.760123 3.770574 3.782481 3.795904 3.810879 3.827414 3.845488 3.86504 3.885967 3.908121 3.931325 3.955375 3.980058 4.00516 4.030476 4.055817 4.081023 4.105968
-9999 -9999 -9999 -9999 -9999 -9999 -9999 -9999 -9999 -9999 3.742249 3.734905 3.728628 3.723405 3.719202 3.715966 3.713626 3.7121 3.711296 3.711115 3.711455 3.712217 3.713302 3.714618 3.716083 3.717624 3.719179 3.7207 3.722152 3.72351 3.724765 3.725917 3.726978 3.727969 3.728925 3.729886 3.730906 3.731986 3.733115 3.734337 3.735708 3.737295 3.739172 3.741425 3.744146 3.747436 3.7514 3.756149 3.761795 3.768445 3.776208 3.785181 3.795452 3.807096 3.820167 3.834703 3.850715 3.868184 3.887061 3.907249 3.928612 3.950981 3.974167 3.997974 4.022204 4.046669 4.071197 4.095639 4.119878
-9999 -9999 -9999 -9999 -9999 -9999 -9999 -9999 -9999 -9999 -9999 3.749491 3.743155 3.737881 3.733639 3.730384 3.72805 3.72656 3.725824 3.725749 3.726234 3.727181 3.728491 3.730073 3.731842 3.733723 3.735653 3.737579 3.739461 3.741272 3.742998 3.744633 3.746185 3.747671 3.749119 3.750564 3.752052 3.75359 3.755171 3.756835 3.758631 3.760619 3.76287 3.765462 3.768481 3.772023 3.776189 3.781083 3.786812 3.793481 3.801191 3.810036 3.8201 3.831453 3.84415 3.858227 3.873696 3.890545 3.908731 3.928167 3.948727 3.970254 3.992575 4.015509 4.038876 4.062502 4.086229 4.109921 4.133468
-9999 -9999 -9999 -9999 -9999 -9999 -9999 -9999 -9999 -9999 -9999 -9999 3.757936 3.752634 3.748374 3.745117 3.742802 3.741357 3.740698 3.740733 3.741365 3.742496 3.744028 3.745871 3.747937 3.750151 3.752445 3.754763 3.757063 3.759313 3.761492 3.763593 3.765617 3.767578 3.769495 3.771402 3.773337 3.77531 3.777319 3.779401 3.781599 3.783967 3.786569 3.789476 3.79277 3.79654 3.800882 3.805897 3.811686 3.818351 3.825987 3.834684 3.844523 3.855572 3.867884 3.881494 3.896416 3.912642 3.930131 3.948808 3.968558 3.98924 4.010696 4.032761 4.055269 4.078063 4.100998 4.123948 4.146807
-9999 -9999 -9999 -9999 -9999 -9999 -9999 -9999 -9999 -9999 -9999 -9999 -9999 3.767758 3.763499 3.760254 3.75797 3.756577 3.755998 3.756142 3.756918 3.758227 3.759974 3.762065 3.764416 3.766945 3.769585 3.772277 3.774972 3.777637 3.780247 3.782788 3.78526 3.787668 3.79003 3.792372 3.794725 3.797107 3.799519 3.801992 3.804568 3.80729 3.810218 3.813417 3.816962 3.820936 3.825433 3.830548 3.836378 3.843021 3.850569 3.859107 3.868712 3.879452 3.891375 3.904518 3.918896 3.934501 3.951298 3.969218 3.98816 4.008 4.028594 4.049795 4.071452 4.09342 4.115567 4.137776 4.159949
-9999 -9999 -9999 -9999 -9999 -9999 -9999 -9999 -9999 -9999 -9999 -9999 -9999 -9999 3.778782 3.775568 3.773329 3.772003 3.771514 3.771778 3.772702 3.774193 3.776154 3.778494 3.781123 3.783962 3.786939 3.789991 3.793069 3.796133 3.799155 3.802117 3.805015 3.807849 3.810632 3.813385 3.816133 3.818898 3.821689 3.824531 3.827458 3.830514 3.833746 3.837215 3.840989 3.845149 3.849782 3.854981 3.86084 3.86745 3.874901 3.883275 3.892645 3.903076 3.914616 3.9273 3.941143 3.95614 3.972259 3.989437 4.007589 4.026604 4.046355 4.06671 4.087532 4.108691 4.130065 4.151546 4.173043
-9999 -9999 -9999 -9999 -9999 -9999 -9999 -9999 -9999 -9999 -9999 -9999 -9999 -9999 -9999 -9999 3.7888 3.787556 3.787171 3.787564 3.788646 3.790323 3.792502 3.795089 3.797996 3.801138 3.804443 3.807845 3.811292 3.814739 3.818156 3.821521 3.824822 3.82806 3.831241 3.83438 3.8375 3.840624 3.843768 3.846955 3.850212 3.853576 3.857092 3.860811 3.864797 3.869126 3.873882 3.879154 3.885032 3.891604 3.898956 3.907166 3.916305 3.926434 3.937601 3.949839 3.963164 3.97757 3.993031 4.009493 4.026881 4.045097 4.064032 4.083567 4.10358 4.123952 4.144574 4.165345 -9999
-9999 -9999 -9999 -9999 -9999 -9999 -9999 -9999 -9999 -9999 -9999 -9999 -9999 -9999 -9999 -9999 -9999 -9999 -9999 3.803504 3.804748 3.806616 3.809012 3.811844 3.815021 3.818458 3.822079 3.825818 3.829616 3.833429 3.837219 3.840964 3.844647 3.848263 3.851816 3.855317 3.858781 3.862239 3.865711 3.869216 3.872777 3.876427 3.880204 3.884155 3.888336 3.89282 3.897689 3.903027 3.908921 3.915455 3.922709 3.93076 3.939676 3.949514 3.960321 3.972129 3.984954 3.998794 4.013623 4.029398 4.046052 4.063503 4.081653 4.100399 4.11963 4.139242 4.159133 4.179213 -9999
-9999 -9999 -9999 -9999 -9999 -9999 -9999 -9999 -9999 -9999 -9999 -9999 -9999 -9999 -9999 -9999 -9999 -9999 -9999 -9999 -9999 -9999 3.825679 3.82875 3.832188 3.835909 3.839832 3.843889 3.84802 3.852175 3.856317 3.860416 3.864455 3.868424 3.872321 3.876155 3.879939 3.883703 3.887476 3.891272 3.895111 3.899021 3.903036 3.907198 3.911561 3.916191 3.921166 3.926568 3.932476 3.938973 3.946136 3.954036 3.962739 3.972299 3.982763 3.994161 4.00651 4.019808 4.034036 4.049157 4.065113 4.081833 4.099235 4.117224 4.135705 4.154585 4.173771 -9999 -9999
-9999 -9999 -9999 -9999 -9999 -9999 -9999 -9999 -9999 -9999 -9999 -9999 -9999 -9999 -9999 -9999 -9999 -9999 -9999 -9999 -9999 -9999 -9999 3.845799 3.849488 3.853477 3.857685 3.86204 3.866482 3.870956 3.875423 3.879851 3.884217 3.88851 3.892725 3.896864 3.900939 3.904984 3.90903 3.91309 3.917179 3.921324 3.925555 3.92991 3.934441 3.939209 3.944286 3.949749 3.955673 3.962138 3.969215 3.976974 -9999 3.994776 4.004915 4.015925 4.027822 4.040608 4.054267 4.068769 4.084064 4.100093 4.116782 4.134052 4.151818 -9999 -9999 -9999 -9999
-9999 -9999 -9999 -9999 -9999 -9999 -9999 -9999 -9999 -9999 -9999 -9999 -9999 -9999 -9999 -9999 -9999 -9999 -9999 -9999 -9999 -9999 -9999 -9999 -9999 3.871149 3.875622 3.880254 3.884981 3.889749 3.894514 3.899242 3.903908 3.908496 3.912999 3.917417 3.921755 3.926054 3.930348 3.934645 3.938961 3.943317 3.947743 3.952275 3.95696 3.961856 3.96703 3.972553 3.978496 3.984933 3.991932 3.999561 -9999 -9999 -9999 4.037411 4.048883 4.061187 4.074312 4.08823 4.102904 4.11828 4.134297 4.150886 -9999 -9999 -9999 -9999 -9999
-9999 -9999 -9999 -9999 -9999 -9999 -9999 -9999 -9999 -9999 -9999 -9999 -9999 -9999 -9999 -9999 -9999 -9999 -9999 -9999 -9999 -9999 -9999 -9999 -9999 -9999 3.89363 3.898514 3.903501 3.908535 3.91357 3.918569 3.923505 3.92836 3.933123 3.937792 3.942369 3.946897 3.951413 3.955924 3.960443 3.96499 3.969592 3.974285 3.979112 3.984127 3.989391 3.994971 4.000934 4.007347 4.014277 4.021785 -9999 -9999 -9999 -9999 4.069686 4.08154 4.094164 4.107537 4.121628 4.136392 4.151777 -9999 -9999 -9999 -9999 -9999 -9999
-9999 -9999 -9999 -9999 -9999 -9999 -9999 -9999 -9999 -9999 -9999 -9999 -9999 -9999 -9999 -9999 -9999 -9999 -9999 -9999 -9999 -9999 -9999 -9999 -9999 -9999 -9999 -9999 3.922025 3.927297 3.932573 -9999 3.942991 3.948084 3.95308 3.957973 3.962765 3.967499 3.972216 3.976919 3.981621 3.98634 3.991102 3.99594 4.000896 4.006021 4.011369 4.017002 4.022983 4.029377 4.036243 -9999 -9999 -9999 -9999 -9999 -9999 4.101661 4.113818 4.126683 4.14023 4.154422 -9999 -9999 -9999 -9999 -9999 -9999 -9999
-9999 -9999 -9999 -9999 -9999 -9999 -9999 -9999 -9999 -9999 -9999 -9999 -9999 -9999 -9999 -9999 -9999 -9999 -9999 -9999 -9999 -9999 -9999 -9999 -9999 -9999 -9999 -9999 -9999 -9999 -9999 -9999 -9999 3.967655 3.972857 3.977951 3.982935 3.987855 3.992752 3.997628 4.002494 4.007369 4.012275 4.017245 4.022319 4.027542 4.032966 4.038648 4.044647 4.051022 -9999 -9999 -9999 -9999 -9999 -9999 -9999 -9999 -9999 4.145664 4.158705 -9999 -9999 -9999 -9999 -9999 -9999 -9999 -9999
-9999 -9999 -9999 -9999 -9999 -9999 -9999 -9999 -9999 -9999 -9999 -9999 -9999 -9999 -9999 -9999 -9999 -9999 -9999 -9999 -9999 -9999 -9999 -9999 -9999 -9999 -9999 -9999 -9999 -9999 -9999 -9999 -9999 3.987065 3.992448 3.997719 4.002875 4.007962 4.01302 4.018052 4.023066 4.02808 4.033116 4.038206 4.043385 4.048697 4.05419 4.059917 4.065932 -9999 -9999 -9999 -9999 -9999 -9999 -9999 -9999 -9999 -9999 -9999 -9999 -9999 -9999 -9999 -9999 -9999 -9999 -9999 -9999
-9999 -9999 -9999 -9999 -9999 -9999 -9999 -9999 -9999 -9999 -9999 -9999 -9999 -9999 -9999 -9999 -9999 -9999 -9999 -9999 -9999 -9999 -9999 -9999 -9999 -9999 -9999 -9999 -9999 -9999 -9999 -9999 -9999 4.006306 4.011847 4.017274 4.022583 4.027819 4.033022 4.038194 4.043342 4.048481 4.053635 4.058832 4.064106 4.069498 4.075052 4.080818 -9999 -9999 -9999 -9999 -9999 -9999 -9999 -9999 -9999 -9999 -9999 -9999 -9999 -9999 -9999 -9999 -9999 -9999 -9999 -9999 -9999
-9999 -9999 -9999 -9999 -9999 -9999 -9999 -9999 -9999 -9999 -9999 -9999 -9999 -9999 -9999 -9999 -9999 -9999 -9999 -9999 -9999 -9999 -9999 -9999 -9999 -9999 -9999 -9999 -9999 -9999 -9999 -9999 -9999 -9999 4.031053 4.036616 4.042061 4.047431 4.052764 4.058061 4.063329 4.068582 4.073841 4.079132 4.084491 4.089953 4.095562 4.101363 -9999 -9999 -9999 -9999 -9999 -9999 -9999 -9999 -9999 -9999 -9999 -9999 -9999 -9999 -9999 -9999 -9999 -9999 -9999 -9999 -9999
-9999 -9999 -9999 -9999 -9999 -9999 -9999 -9999 -9999 -9999 -9999 -9999 -9999 -9999 -9999 -9999 -9999 -9999 -9999 -9999 -9999 -9999 -9999 -9999 -9999 -9999 -9999 -9999 -9999 -9999 -9999 -9999 -9999 -9999 4.050065 4.055747 4.061312 4.066801 4.072251 4.07766 4.083035 4.088389 4.093742 4.09912 4.104554 4.110078 4.115735 -9999 -9999 -9999 -9999 -9999 -9999 -9999 -9999 -9999 -9999 -9999 -9999 -9999 -9999 -9999 -9999 -9999 -9999 -9999 -9999 -9999 -9999
-9999 -9999 -9999 -9999 -9999 -9999 -9999 -9999 -9999 -9999 -9999 -9999 -9999 -9999 -9999 -9999 -9999 -9999 -9999 -9999 -9999 -9999 -9999 -9999 -9999 -9999 -9999 -9999 -9999 -9999 -9999 -9999 -9999 -9999 -9999 4.074669 4.080341 4.085937 4.09149 4.097 4.10247 4.107915 4.113353 4.118807 4.124307 4.129887 -9999 -9999 -9999 -9999 -9999 -9999 -9999 -9999 -9999 -9999 -9999 -9999 -9999 -9999 -9999 -9999 -9999 -9999 -9999 -9999 -9999 -9999 -9999
-9999 -9999 -9999 -9999 -9999 -9999 -9999 -9999 -9999 -9999 -9999 -9999 -9999 -9999 -9999 -9999 -9999 -9999 -9999 -9999 -9999 -9999 -9999 -9999 -9999 -9999 -9999 -9999 -9999 -9999 -9999 -9999 -9999 -9999 -9999 -9999 4.099154 4.104845 4.110491 4.11609 4.121646 4.127171 4.132683 4.138205 4.143764 -9999 -9999 -9999 -9999 -9999 -9999 -9999 -9999 -9999 -9999 -9999 -9999 -9999 -9999 -9999 -9999 -9999 -9999 -9999 -9999 -9999 -9999 -9999 -9999
-9999 -9999 -9999 -9999 -9999 -9999 -9999 -9999 -9999 -9999 -9999 -9999 -9999 -9999 -9999 -9999 -9999 -9999 -9999 -9999 -9999 -9999 -9999 -9999 -9999 -9999 -9999 -9999 -9999 -9999 -9999 -9999 -9999 -9999 -9999 -9999 -9999 -9999 4.129262 4.13494 4.140572 4.146169 4.151747 -9999 -9999 -9999 -9999 -9999 -9999 -9999 -9999 -9999 -9999 -9999 -9999 -9999 -9999 -9999 -9999 -9999 -9999 -9999 -9999 -9999 -9999 -9999 -9999 -9999 -9999
-9999 -9999 -9999 -9999 -9999 -9999 -9999 -9999 -9999 -9999 -9999 -9999 -9999 -9999 -9999 -9999 -9999 -9999 -9999 -9999 -9999 -9999 -9999 -9999 -9999 -9999 -9999 -9999 -9999 -9999 -9999 -9999 -9999 -9999 -9999 -9999 -9999 -9999 -9999 4.153561 4.15926 4.16492 4.170556 -9999 -9999 -9999 -9999 -9999 -9999 -9999 -9999 -9999 -9999 -9999 -9999 -9999 -9999 -9999 -9999 -9999 -9999 -9999 -9999 -9999 -9999 -9999 -9999 -9999 -9999
-9999 -9999 -9999 -9999 -9999 -9999 -9999 -9999 -9999 -9999 -9999 -9999 -9999 -9999 -9999 -9999 -9999 -9999 -9999 -9999 -9999 -9999 -9999 -9999 -9999 -9999 -9999 -9999 -9999 -9999 -9999 -9999 -9999 -9999 -9999 -9999 -9999 -9999 -9999 -9999 4.177721 4.183436 -9999 -9999 -9999 -9999 -9999 -9999 -9999 -9999 -9999 -9999 -9999 -9999 -9999 -9999 -9999 -9999 -9999 -9999 -9999 -9999 -9999 -9999 -9999 -9999 -9999 -9999 -9999
