ASPA-UH-SWB2_REPO/input/ET_Process/jun_et_clipped.asc
ncols         350
nrows         200
xllcorner     515000
yllcorner     8409000
cellsize      100
NODATA_value  -9999
[rows 124 to 154 of 200, columns 69 to 137 of 350]
3.555019 3.544773 3.534529 3.524364 3.514308 3.504388 3.494625 3.485034 3.475622 3.46639 3.457333 3.448438 3.439687 3.431058 3.422522 3.414048 3.405605 3.397157 3.388671 3.380115 3.371458 3.362674 3.353743 3.344647 3.335378 3.325934 3.316319 3.306538 3.2966 3.286499 3.276227 3.265777 3.255152 3.244365 3.233445 3.222437 3.2114 3.20032 3.189136 3.177861 3.166519 3.155139 3.14376 3.132425 3.121181 3.11008 3.099177 3.08853 3.078198 3.068245 3.058733 3.049728 3.041297 3.033512 3.026448 3.020186 3.014821 3.010469 3.007277 3.005426 3.005127 3.006604 3.010086 3.015793 3.023933 3.034695 3.048239 3.064692 3.084141
3.552942 3.542455 3.531985 3.521607 3.511351 3.501244 3.491305 3.481548 3.471981 3.462603 3.453409 3.444386 3.435516 3.426776 3.41814 3.409576 3.401052 3.392535 3.383992 3.375391 3.366702 3.3579 3.348964 3.339881 3.330641 3.321242 3.31169 3.301991 3.292153 3.282169 3.272026 3.261714 3.251232 3.24059 3.229816 3.218951 3.208054 3.197115 3.186072 3.174939 3.16374 3.152506 3.141279 3.130104 3.119034 3.108128 3.097447 3.087055 3.077021 3.067415 3.058311 3.049783 3.04191 3.034774 3.028461 3.023065 3.018693 3.015473 3.013553 3.013113 3.014351 3.017476 3.022697 3.030217 3.040219 3.052864 3.068286 3.086581 3.107809
3.551017 3.540284 3.529581 3.518987 3.508532 3.498241 3.488134 3.478224 3.468516 3.459012 3.449703 3.440579 3.43162 3.422803 3.414102 3.405485 3.396922 3.388378 3.379821 3.371219 3.362545 3.353772 3.34488 3.335855 3.326688 3.317378 3.307925 3.298338 3.288618 3.278758 3.268744 3.258564 3.248214 3.237703 3.227056 3.216312 3.205534 3.194711 3.183785 3.17277 3.161689 3.150577 3.139475 3.128435 3.117514 3.106774 3.096283 3.086113 3.076339 3.067041 3.058302 3.050205 3.042842 3.036304 3.030693 3.026115 3.022691 3.020556 3.019866 3.020795 3.023531 3.028268 3.035196 3.044494 3.056319 3.070804 3.088048 3.108117 3.131036
3.549274 3.538289 3.527352 3.516542 3.50589 3.495422 3.485157 3.475106 3.465276 3.455665 3.446268 3.437069 3.428052 3.419192 3.410462 3.401831 3.393269 3.384741 3.376215 3.36766 3.359046 3.350349 3.341548 3.332628 3.323579 3.314397 3.305081 3.295633 3.286051 3.276325 3.266443 3.256392 3.246166 3.235774 3.225237 3.214598 3.203918 3.19319 3.182359 3.171439 3.160455 3.149441 3.138443 3.127515 3.116718 3.106118 3.09579 3.085811 3.076265 3.067239 3.058824 3.051117 3.044218 3.038234 3.033278 3.029472 3.026948 3.025852 3.026345 3.028599 3.032792 3.039106 3.047711 3.058762 3.072389 3.088692 3.107737 3.129552 3.154129
3.547739 3.536502 3.525331 3.514308 3.503467 3.492831 3.482419 3.472243 3.462309 3.452615 3.443154 3.43391 3.424866 3.415996 3.407275 3.39867 3.390149 3.38168 3.373229 3.364764 3.356257 3.347682 3.339017 3.330245 3.321355 3.312338 3.303191 3.293909 3.284485 3.274909 3.265166 3.255244 3.24514 3.234857 3.224421 3.213872 3.203272 3.192621 3.181867 3.171024 3.160117 3.149183 3.13827 3.127435 3.116741 3.106261 3.096072 3.086259 3.076912 3.068125 3.060001 3.052647 3.046173 3.040701 3.036357 3.033277 3.031607 3.031503 3.033132 3.036665 3.042277 3.050136 3.060395 3.073188 3.088615 3.106745 3.127608 3.151194 3.177455
3.546442 3.534955 3.523556 3.512328 3.501305 3.490513 3.47997 3.469687 3.459671 3.449917 3.440418 3.431158 3.422119 3.413275 3.404597 3.396056 3.387617 3.379247 3.370913 3.362582 3.354224 3.345813 3.337325 3.328741 3.320046 3.311229 3.302278 3.293187 3.283942 3.27453 3.264937 3.255152 3.245168 3.234993 3.224649 3.21418 3.20365 3.193062 3.18237 3.171589 3.160745 3.149877 3.139036 3.128278 3.117674 3.107296 3.097229 3.087562 3.078392 3.069821 3.06196 3.054925 3.048843 3.043844 3.040072 3.037675 3.036814 3.037656 3.040375 3.045145 3.052139 3.061515 3.073414 3.08795 3.105196 3.125191 3.147928 3.173358 3.201393
3.545414 3.533685 3.522067 3.510645 3.499454 3.488521 3.477864 3.467494 3.457417 3.447628 3.438119 3.428873 3.41987 3.411085 3.402488 3.394047 3.385728 3.377496 3.369318 3.361161 3.352991 3.344782 3.336508 3.328146 3.319678 3.311088 3.30236 3.29348 3.284433 3.275203 3.265772 3.25613 3.246271 3.236203 3.22595 3.215557 3.205088 3.194556 3.183917 3.173188 3.162398 3.151587 3.140808 3.13012 3.119595 3.109311 3.099355 3.089821 3.080812 3.072438 3.064818 3.058079 3.052359 3.047802 3.044564 3.042811 3.042716 3.044458 3.048221 3.054186 3.062526 3.073397 3.086928 3.103218 3.122319 3.14424 3.168939 3.196328 3.226277
3.544696 3.532736 3.520912 3.50931 3.497967 3.48691 3.476159 3.465724 3.45561 3.445812 3.43632 3.427118 3.418184 3.40949 3.401007 3.3927 3.384537 3.37648 3.368494 3.360544 3.352597 3.344624 3.336594 3.328484 3.320269 3.31193 3.303446 3.294798 3.285966 3.276931 3.267675 3.258186 3.248459 3.238502 3.228342 3.218022 3.207613 3.197131 3.186541 3.175861 3.165121 3.154364 3.143643 3.133022 3.122574 3.11238 3.10253 3.093124 3.084269 3.076081 3.068689 3.062228 3.056848 3.052705 3.049971 3.048824 3.049453 3.052052 3.056815 3.063933 3.073584 3.085925 3.101082 3.119141 3.140139 3.164059 3.190826 3.220314 3.252349
3.544332 3.532157 3.520143 3.508379 3.496903 3.485743 3.474919 3.464442 3.454316 3.444536 3.43509 3.425961 3.417125 3.408554 3.400216 3.392077 3.384101 3.37625 3.368488 3.360777 3.353083 3.345372 3.337613 3.329777 3.321838 3.313769 3.305546 3.297145 3.288542 3.279715 3.270646 3.26132 3.251731 3.241891 3.231827 3.221585 3.211236 3.200806 3.190265 3.179634 3.168945 3.158242 3.147583 3.137032 3.126664 3.116564 3.106824 3.097547 3.088846 3.080843 3.073673 3.067481 3.062425 3.058677 3.05642 3.055849 3.057165 3.060579 3.066298 3.074525 3.085449 3.099232 3.116002 3.13584 3.158772 3.18476 3.213701 3.24543 3.279729
3.544377 3.532005 3.519822 3.507917 3.496329 3.485088 3.474215 3.463721 3.453609 3.443872 3.4345 3.425471 3.416762 3.408342 3.40018 3.392237 3.384477 3.376861 3.369349 3.361903 3.354485 3.347059 3.339592 3.332049 3.3244 3.316615 3.308666 3.300523 3.29216 3.283552 3.274677 3.265522 3.256081 3.246364 3.236403 3.226242 3.215959 3.205585 3.195098 3.18452 3.173887 3.163246 3.152656 3.142183 3.131905 3.121909 3.112289 3.103152 3.094614 3.086802 3.079856 3.073932 3.069197 3.065833 3.064036 3.064014 3.065986 3.070175 3.076807 3.086099 3.098252 3.11344 3.131798 3.153409 3.178294 3.2064 3.237598 3.271689 3.308406
3.544874 3.532321 3.519985 3.507955 3.496273 3.484971 3.474069 3.463579 3.453503 3.443835 3.43456 3.425657 3.417101 3.40886 3.400899 3.393179 3.385662 3.378305 3.371067 3.363908 3.356786 3.349663 3.342502 3.335265 3.327918 3.320426 3.312757 3.304878 3.29676 3.288373 3.279697 3.270716 3.261425 3.251834 3.241977 3.231901 3.221685 3.21137 3.20094 3.190419 3.179848 3.169276 3.158764 3.148382 3.138208 3.128331 3.118849 3.109869 3.101512 3.093908 3.087205 3.081562 3.077156 3.074179 3.072838 3.073356 3.075965 3.080904 3.088415 3.098731 3.112069 3.128619 3.148528 3.171888 3.19872 3.228963 3.262468 3.298999 3.338244
3.545832 3.533098 3.520611 3.50846 3.496689 3.485331 3.474409 3.463935 3.453909 3.444325 3.435167 3.426412 3.418034 3.409997 3.402264 3.394795 3.387547 3.380477 3.37354 3.366693 3.35989 3.353091 3.346253 3.339336 3.3323 3.325109 3.317724 3.310111 3.302236 3.294069 3.285587 3.276775 3.267627 3.258156 3.248394 3.238397 3.228243 3.217982 3.207605 3.197141 3.186633 3.176135 3.16571 3.155432 3.145379 3.135644 3.126325 3.117533 3.109389 3.102029 3.095602 3.090275 3.08623 3.083668 3.082806 3.083879 3.087131 3.092815 3.10119 3.112504 3.126992 3.144861 3.166276 3.191341 3.220084 3.252444 3.288254 3.327249 3.36907
3.54733 3.534419 3.521785 3.509517 3.497663 3.486258 3.475327 3.46488 3.454921 3.445439 3.436418 3.427835 3.419658 3.411851 3.404374 3.397184 3.390235 3.383479 3.37687 3.370359 3.363899 3.357444 3.350947 3.344365 3.337654 3.330773 3.323681 3.316339 3.308711 3.300767 3.292482 3.28384 3.274837 3.265486 3.255824 3.245907 3.235821 3.225619 3.215302 3.204904 3.194473 3.184066 3.173749 3.163599 3.153697 3.144137 3.13502 3.126456 3.118569 3.111497 3.105392 3.100425 3.096783 3.094673 3.09432 3.095967 3.09987 3.106295 3.115513 3.127789 3.143374 3.162492 3.185326 3.212001 3.242556 3.276934 3.31496 3.356342 3.40068
3.549437 3.536356 3.523583 3.511206 3.499278 3.487838 3.476909 3.466506 3.456628 3.447267 3.438405 3.430015 3.422064 3.414512 3.407317 3.400432 3.393807 3.387392 3.381135 3.374985 3.368889 3.362797 3.35666 3.350429 3.344055 3.337495 3.330705 3.323642 3.31627 3.308556 3.300474 3.292011 3.283162 3.273942 3.26439 3.254566 3.24456 3.234434 3.224195 3.213884 3.203553 3.193264 3.183087 3.1731 3.163389 3.154047 3.145176 3.13689 3.129313 3.122583 3.116854 3.1123 3.109109 3.107494 3.107684 3.10993 3.114495 3.121656 3.131693 3.144884 3.161494 3.181765 3.205897 3.234033 3.266234 3.302452 3.342507 3.386091 3.432766
3.552212 3.538972 3.526069 3.513595 3.501604 3.490139 3.479226 3.46888 3.459101 3.449879 3.441194 3.433018 3.425314 3.418041 3.411151 3.404594 3.398317 3.392265 3.386382 3.380612 3.374899 3.369188 3.363426 3.357558 3.351535 3.345308 3.338829 3.332055 3.324947 3.317473 3.309606 3.301333 3.292652 3.283579 3.274154 3.264442 3.254539 3.244514 3.23438 3.224186 3.213988 3.203853 3.193855 3.184074 3.174598 3.165523 3.156953 3.148999 3.141789 3.135461 3.130168 3.126083 3.123399 3.122327 3.123101 3.125974 3.131215 3.139107 3.149937 3.163992 3.181547 3.202856 3.228133 3.257542 3.291162 3.328962 3.370765 3.416256 3.464972
3.555705 3.542318 3.529298 3.516736 3.504694 3.493217 3.482333 3.472057 3.462392 3.453324 3.444834 3.436889 3.429451 3.422475 3.415909 3.409699 3.403789 3.398118 3.392626 3.387252 3.381938 3.376621 3.371246 3.365754 3.360091 3.354205 3.348047 3.341571 3.334738 3.327513 3.319873 3.311805 3.303307 3.294401 3.285126 3.275552 3.26578 3.255885 3.245892 3.235851 3.225826 3.215887 3.206111 3.196584 3.187394 3.178639 3.170423 3.162862 3.156079 3.150213 3.145418 3.141865 3.139745 3.13927 3.140671 3.144204 3.150138 3.158759 3.170358 3.185226 3.203641 3.225864 3.25212 3.282583 3.317352 3.356411 3.399601 3.44661 3.496963
-9999 3.546436 3.53331 3.520673 3.508591 3.497112 3.486269 3.476076 3.466536 3.457636 3.449354 3.441654 3.434497 3.427831 3.421604 3.415755 3.410224 3.404947 3.399858 3.394893 3.389986 3.385073 3.380093 3.374984 3.369688 3.364151 3.35832 3.35215 3.345599 3.338635 3.331234 3.323384 3.315089 3.306369 3.297269 3.287863 3.278255 3.268528 3.258713 3.248868 3.239059 3.229361 3.219856 3.21063 3.201777 3.193395 3.185591 3.178478 3.172182 3.166841 3.162606 3.159647 3.158151 3.158326 3.160403 3.164631 3.17128 3.180635 3.192983 3.208615 3.227809 3.250824 3.277885 3.309174 3.344795 3.384754 3.428916 3.476987 3.528492
-9999 -9999 3.53814 3.525439 3.513327 3.501857 3.491063 3.480963 3.471557 3.462835 3.454769 3.447324 3.440455 3.434109 3.428229 3.422749 3.417606 3.412729 3.408049 3.403497 3.399002 3.394497 3.389916 3.385193 3.380267 3.375082 3.369584 3.363725 3.357464 3.350769 3.343618 3.336001 3.327925 3.319414 3.310516 3.301309 3.291901 3.282383 3.272789 3.263183 3.253634 3.244224 3.235036 3.226161 3.217693 3.209735 3.202393 3.195783 3.19003 3.185271 3.181656 3.179351 3.178537 3.179418 3.182218 3.187181 3.194573 3.20467 3.217758 3.234117 3.254018 3.277711 3.305414 3.337302 3.373485 3.41398 3.458684 3.507334 3.559464
-9999 -9999 -9999 3.531059 3.518925 3.507471 3.496733 3.486731 3.477466 3.468925 3.461081 3.453894 3.447317 3.441294 3.435762 3.430653 3.425898 3.421422 3.417151 3.413011 3.408928 3.40483 3.400645 3.396307 3.391752 3.386919 3.381754 3.376209 3.370244 3.363826 3.356935 3.349565 3.341725 3.333445 3.324776 3.315801 3.306632 3.297361 3.288031 3.278707 3.269464 3.260385 3.251559 3.243078 3.235042 3.227553 3.22072 3.21466 3.209499 3.205374 3.202431 3.200834 3.200758 3.202397 3.205969 3.211708 3.219873 3.230732 3.24456 3.261624 3.282179 3.306458 3.334665 3.36696 3.403445 3.444147 3.488986 3.537738 3.589961
-9999 -9999 -9999 -9999 -9999 3.513968 3.503289 3.493387 3.484264 3.475904 3.468279 3.461349 3.455061 3.449357 3.444169 3.439426 3.435053 3.430971 3.427103 3.423369 3.419691 3.415992 3.412199 3.40824 3.40405 3.399566 3.394734 3.389504 3.383836 3.377701 3.371081 3.363972 3.356386 3.348358 3.339946 3.331235 3.32234 3.313356 3.30433 3.295329 3.286432 3.277725 3.2693 3.261254 3.253688 3.246707 3.240422 3.234951 3.230422 3.226972 3.224746 3.223902 3.224612 3.227059 3.231448 3.238006 3.246979 3.258626 3.273207 3.290972 3.312153 3.336961 3.365574 3.398131 3.434721 3.475365 3.519995 3.568419 3.620232
-9999 -9999 -9999 -9999 -9999 3.521353 3.510733 3.500929 3.491942 3.483758 3.476347 3.469664 3.463656 3.45826 3.453405 3.449016 3.445012 3.441313 3.437835 3.434494 3.431208 3.427897 3.424484 3.420895 3.417061 3.41292 3.408416 3.403499 3.398131 3.392284 3.385943 3.379107 3.371794 3.364042 3.355913 3.347496 3.338908 3.330248 3.321561 3.312921 3.304406 3.296107 3.288119 3.28054 3.273476 3.267033 3.261325 3.256473 3.252606 3.249862 3.248385 3.24833 3.249862 3.253156 3.258405 3.265822 3.275642 3.288112 3.303472 3.321951 3.343755 3.369065 3.398031 3.430766 3.467332 3.507736 3.551906 3.599655 3.650604
-9999 -9999 -9999 -9999 -9999 3.529625 3.51906 3.509346 3.500488 3.492468 3.485256 3.478806 3.473062 3.467957 3.463417 3.459363 3.455711 3.452375 3.449268 3.446302 3.443391 3.440452 3.437403 3.43417 3.430682 3.426874 3.42269 3.418083 3.413015 3.40746 3.401407 3.394857 3.387833 3.380378 3.372557 3.364463 3.356215 3.34791 3.339597 3.331348 3.323248 3.315386 3.307862 3.300777 3.294238 3.288356 3.283246 3.279033 3.275847 3.273827 3.273118 3.273874 3.276253 3.280423 3.286564 3.294875 3.305582 3.318912 3.335087 3.354306 3.376749 3.402563 3.431865 3.464732 3.5012 3.541249 3.584782 3.631596 3.681294
-9999 -9999 -9999 -9999 3.550155 3.538778 3.528259 3.518624 3.509879 3.502006 3.494974 3.488736 3.483232 3.478395 3.474145 3.470402 3.467077 3.46408 3.461321 3.458707 3.456149 3.45356 3.450858 3.447963 3.444805 3.441319 3.437448 3.433145 3.428376 3.423116 3.417357 3.411106 3.404388 3.397249 3.389761 3.382017 3.374136 3.366216 3.358305 3.350476 3.342816 3.335416 3.328378 3.321805 3.315809 3.310501 3.306002 3.302438 3.299942 3.298656 3.298723 3.300296 3.30353 3.308589 3.315642 3.324879 3.336507 3.350734 3.367757 3.387748 3.410853 3.437184 3.46682 3.499801 3.536123 3.575727 3.61848 3.66414 3.712304
-9999 -9999 -9999 -9999 3.560172 3.5488 3.538314 3.528741 3.520089 3.51234 3.505462 3.499408 3.494116 3.489516 3.485527 3.482064 3.479036 3.476349 3.473908 3.471619 3.469389 3.467127 3.464749 3.462174 3.45933 3.456151 3.452583 3.448579 3.444106 3.439143 3.433686 3.427745 3.421347 3.414545 3.407411 3.400041 3.392554 3.385046 3.377561 3.370176 3.362977 3.356058 3.349522 3.343475 3.338031 3.333306 3.329423 3.326512 3.324708 3.324152 3.324992 3.327378 3.331465 3.337411 3.345384 3.355561 3.368132 3.38328 3.401176 3.421961 3.445745 3.472603 3.502573 3.535651 3.571785 3.610869 3.652721 3.697065 3.743496
-9999 -9999 -9999 -9999 3.571053 3.559673 3.549202 3.53967 3.531084 3.523429 3.516674 3.510771 3.505656 3.501258 3.497495 3.494277 3.491512 3.489101 3.486948 3.484953 3.483022 3.481061 3.478983 3.476707 3.474159 3.471274 3.467998 3.464285 3.460107 3.455444 3.450294 3.444673 3.438611 3.432163 3.425403 3.418429 3.41136 3.404286 3.39725 3.390328 3.383607 3.377185 3.371163 3.365651 3.360765 3.356626 3.353359 3.351097 3.349978 3.350145 3.351746 3.354933 3.359858 3.366681 3.375565 3.386677 3.400189 3.41626 3.435031 3.456611 3.481075 3.508456 3.538747 3.571896 3.6078 3.6463 3.687164 3.730084 3.774664
-9999 -9999 -9999 -9999 3.582773 3.571371 3.560893 3.551373 3.542822 3.535228 3.528559 3.522768 3.517792 3.513557 3.509979 3.506969 3.504428 3.502258 3.500357 3.498624 3.496962 3.495274 3.493472 3.491473 3.489203 3.486598 3.483603 3.480177 3.47629 3.471928 3.467093 3.461802 3.456089 3.450011 3.443645 3.437088 3.430458 3.423839 3.41727 3.410828 3.404601 3.398685 3.393187 3.388216 3.383891 3.380336 3.377681 3.37606 3.375614 3.376488 3.378832 3.382797 3.388539 3.396215 3.405983 3.418004 3.432429 3.449397 3.469018 3.491369 3.516484 3.544358 3.574937 3.608118 3.643747 3.68161 3.72143 3.762873 3.805549
-9999 -9999 -9999 -9999 -9999 3.583855 3.573344 3.563806 3.555255 3.547683 3.54106 3.535339 3.530458 3.526344 3.522911 3.520066 3.51771 3.515742 3.514058 3.512554 3.511129 3.509687 3.508137 3.506394 3.504385 3.502046 3.499323 3.496177 3.492581 3.488523 3.484009 3.479058 3.473708 3.468017 3.462061 3.455939 3.449767 3.443622 3.437537 3.431589 3.425866 3.420467 3.415497 3.41107 3.407306 3.404332 3.40228 3.401288 3.401498 3.403059 3.40612 3.410836 3.417361 3.425851 3.43646 3.449339 3.464625 3.482434 3.502849 3.525913 3.551623 3.57993 3.610736 3.643891 3.679191 3.716374 3.755123 3.795076 3.835852
-9999 -9999 -9999 -9999 -9999 3.597071 3.586498 3.576909 3.568321 3.56073 3.55411 3.548417 3.543588 3.53955 3.536217 3.533495 3.531285 3.52948 3.527977 3.526669 3.525452 3.524229 3.522907 3.521401 3.519637 3.517552 3.515093 3.512224 3.508919 3.50517 3.500984 3.496384 3.49141 3.48612 3.480592 3.474922 3.469225 3.463569 3.457982 3.452539 3.447331 3.442455 3.438017 3.434135 3.430929 3.428529 3.427068 3.426689 3.427536 3.429757 3.433505 3.438933 3.446197 3.455448 3.466837 3.480505 3.496574 3.515142 3.536266 3.559955 3.586168 3.614816 3.64576 3.678807 3.713712 3.750173 3.787837 3.82632 3.865246
-9999 -9999 -9999 -9999 -9999 3.610944 3.600284 3.590609 3.581947 3.574298 3.56764 3.56193 3.557109 3.553103 3.549828 3.547189 3.545083 3.543405 3.542048 3.540903 3.539866 3.538837 3.537722 3.536436 3.534904 3.533064 3.530865 3.52827 3.525258 3.521823 3.517975 3.513737 3.509153 3.504279 3.499194 3.493992 3.488785 3.483633 3.478555 3.473628 3.468941 3.464592 3.460689 3.45735 3.454696 3.452861 3.451978 3.452193 3.45365 3.456501 3.460898 3.466994 3.474941 3.484891 3.496984 3.511353 3.528108 3.547329 3.569048 3.593243 3.619837 3.648705 3.679669 3.712503 3.746928 3.782612 3.81918 3.856232 3.893392
-9999 -9999 -9999 -9999 -9999 -9999 3.61461 3.604823 3.596053 3.588308 3.581571 3.575804 3.570949 3.566935 3.563676 3.561079 3.55904 3.557454 3.55621 3.5552 3.554317 3.553461 3.552535 3.551455 3.550146 3.548544 3.546602 3.544283 3.541569 3.538456 3.534956 3.531093 3.526912 3.52247 3.517843 3.513122 3.508419 3.503781 3.499222 3.494818 3.490658 3.486839 3.483471 3.48067 3.478562 3.477278 3.476958 3.477743 3.479782 3.483227 3.488228 3.494939 3.503509 3.514083 3.526795 3.541766 3.559094 3.578841 3.601021 3.625578 3.652406 3.681346 3.712191 3.744686 3.778527 3.813365 3.848814 3.884475 3.919978
-9999 -9999 -9999 -9999 -9999 -9999 -9999 3.619455 3.610548 3.602675 3.595825 3.589963 3.585036 3.580975 3.577696 3.575104 3.573099 3.571572 3.570414 3.569513 3.568763 3.56806 3.56731 3.566426 3.565332 3.563967 3.562283 3.560246 3.557838 3.555057 3.551916 3.548442 3.544678 3.540682 3.536526 3.532301 3.528111 3.523997 3.519965 3.51609 3.512459 3.509171 3.506335 3.504068 3.502495 3.501749 3.501968 3.503298 3.505886 3.509883 3.51544 3.522707 3.53183 3.542947 3.556184 3.571651 3.58943 3.609567 3.632055 3.656815 3.683712 3.712564 3.743138 3.775159 3.808307 3.842222 3.876524 3.910827 3.9448
