ASPA-UH-SWB2_REPO/input/ET_Process/jun_et_clipped.asc
ncols         350
nrows         200
xllcorner     515000
yllcorner     8409000
cellsize      100
NODATA_value  -9999
[rows 93 to 123 of 200, columns 138 to 206 of 350]
2.997068 2.982076 2.967497 2.953355 2.939714 2.926599 2.91401 2.901935 2.890351 2.879236 2.868572 2.858354 2.84859 2.839309 2.830559 2.82241 2.814955 2.808306 2.802594 2.797962 2.794565 2.792558 2.792088 2.793284 2.796249 2.801044 2.807684 2.816133 2.826305 2.838064 2.851236 2.865614 2.88097 2.897063 2.913646 2.930481 2.947343 2.964033 2.980537 2.996718 3.012292 3.027095 3.041076 3.054301 3.066926 3.07917 3.09127 3.10345 3.115905 3.128809 3.14231 3.156531 3.171566 3.187474 3.204281 3.221969 3.240484 3.259732 3.279581 3.299864 3.320386 3.340934 3.36128 3.3812 3.400482 3.418943 3.436435 3.452857 3.468155
2.976803 2.96225 2.948223 2.934756 2.921927 2.909764 2.898268 2.887423 2.877201 2.867568 2.858493 2.849953 2.841939 2.834458 2.827539 2.821234 2.815619 2.810795 2.806883 2.804025 2.802377 2.8021 2.803356 2.806288 2.811011 2.817599 2.826072 2.836392 2.848464 2.86214 2.877227 2.8935 2.910708 2.928591 2.94688 2.965314 2.983645 3.001651 3.019292 3.036402 3.052675 3.067924 3.082093 3.095244 3.10754 3.119213 3.130522 3.141727 3.153066 3.164753 3.176976 3.189888 3.203614 3.218236 3.233801 3.250312 3.267731 3.285978 3.304934 3.324441 3.344316 3.364349 3.384319 3.404001 3.423181 3.441669 -9999 -9999 -9999
2.956832 2.942782 2.929388 2.916696 2.904793 2.893713 2.883457 2.874005 2.865317 2.85735 2.850053 2.843386 2.837317 2.831831 2.826934 2.822655 2.819051 2.816205 2.814226 2.813251 2.813435 2.814946 2.817958 2.822629 2.829093 2.837438 2.847692 2.859818 2.873712 2.889213 2.906111 2.924165 2.943108 2.962659 2.982535 3.002454 3.02215 3.041376 3.060068 3.078031 3.094932 3.110566 3.124866 3.137892 3.149817 3.160887 3.171385 3.181604 3.191819 3.202284 3.213218 3.224809 3.237206 3.250516 3.264808 3.280103 3.296379 3.31357 3.331572 3.350239 3.369396 3.388843 3.408361 3.427729 3.446732 3.465171 -9999 -9999 -9999
2.937253 2.923779 2.911108 2.899295 2.888442 2.878583 2.86972 2.861825 2.85485 2.848733 2.843409 2.838813 2.83489 2.831599 2.828919 2.826855 2.825437 2.824729 2.824823 2.825845 2.827946 2.8313 2.836088 2.84249 2.85066 2.860703 2.87266 2.886493 2.902092 2.919281 2.937839 2.957509 2.978012 2.999056 3.020343 3.041578 3.062478 3.082779 3.10239 3.121085 3.13851 3.154441 3.168793 3.181632 3.193141 3.203585 3.213272 3.22252 3.231638 3.240909 3.250584 3.260878 3.271966 3.283978 3.296999 3.311071 3.326188 3.3423 3.359314 3.3771 3.395492 3.414297 3.433306 3.452299 3.47106 -9999 -9999 -9999 -9999
2.918196 2.90538 2.893524 2.8827 2.873019 2.864521 2.857202 2.851027 2.845936 2.841852 2.838689 2.836359 2.834779 2.833881 2.833614 2.833953 2.8349 2.836493 2.838804 2.841942 2.84605 2.851299 2.857884 2.865999 2.875823 2.887484 2.901037 2.916447 2.933594 2.952292 2.972309 2.993379 3.015217 3.037521 3.059988 3.082316 3.104208 3.125387 3.145736 3.165006 3.18282 3.198931 3.213247 3.225833 3.236889 3.246702 3.255598 3.263919 3.271996 3.280137 3.288619 3.29768 3.307514 3.318274 3.330064 3.34294 3.356913 3.371949 3.387969 3.404855 3.422456 3.440587 3.459046 3.477617 3.496082 -9999 -9999 -9999 -9999
2.899835 2.887757 2.876811 2.86708 2.858691 2.851682 2.846048 2.841745 2.8387 2.836817 2.83599 2.836106 2.837055 2.838736 2.841068 2.843992 2.847479 2.851537 2.856209 2.861583 2.86779 2.874995 2.883395 2.893202 2.904617 2.917798 2.932817 2.949641 2.968142 2.988126 3.009356 3.031563 3.05446 3.077747 3.101118 3.124265 3.14689 3.168705 3.189572 3.209219 3.227257 3.24342 3.257601 3.269876 3.280462 3.289661 3.297814 3.305279 3.312402 3.319509 3.326895 3.334818 3.343488 3.353076 3.363702 3.375439 3.388312 3.402303 3.417347 3.43334 3.450144 3.467586 3.485469 3.503584 -9999 -9999 -9999 -9999 -9999
2.88238 2.871119 2.86117 2.85263 2.845639 2.840236 2.836411 2.83411 2.833249 2.833713 2.835374 2.838093 2.841731 2.846156 2.851252 2.856926 2.863114 2.869787 2.876959 2.884691 2.893091 2.902315 2.912556 2.924035 2.936975 2.951564 2.967899 2.985946 3.00557 3.026578 3.048735 3.071778 3.095425 3.119382 3.143345 3.167009 3.190073 3.212249 3.233378 3.253175 3.271249 3.287322 3.301278 3.313203 3.323328 3.331959 3.339445 3.34615 3.352431 3.358625 3.36504 3.371945 3.379567 3.38809 3.397647 3.408326 3.420168 3.433167 3.447274 3.462401 3.47842 3.495173 3.51247 -9999 -9999 -9999 -9999 -9999 -9999
2.866081 2.85571 2.846834 2.839568 2.834064 2.830359 2.828441 2.828245 2.829674 2.832595 2.836858 2.8423 2.848752 2.856051 2.864046 2.872605 2.881628 2.891047 2.900842 2.911041 2.921726 2.933033 2.945147 2.958288 2.972692 2.988574 3.006055 3.025104 3.045591 3.067333 3.090107 3.113665 3.137736 3.162035 3.186265 3.21013 3.233329 3.255578 3.276702 3.296407 3.314311 3.330148 3.343807 3.355373 3.36507 3.373202 3.380117 3.386179 3.391749 3.397169 3.402753 3.408781 3.415489 3.423072 3.431676 3.441399 3.452297 3.464378 3.477606 3.491908 3.50717 3.523247 3.539959 -9999 -9999 -9999 -9999 -9999 -9999
2.851056 2.841614 2.833857 2.827912 2.823943 2.82199 2.822034 2.824003 2.827785 2.833232 2.840174 2.848421 2.857778 2.868049 2.879049 2.890608 2.902584 2.914871 2.927407 2.940183 2.953249 2.966714 2.980748 2.995565 3.011401 3.028477 3.046928 3.066746 3.087827 3.110008 3.13309 3.156842 3.181011 3.205326 3.229503 3.253253 3.276287 3.298325 3.319182 3.338564 3.356112 3.371582 3.384883 3.396089 3.405404 3.413121 3.419576 3.425128 3.430132 3.434932 3.439842 3.445148 3.451091 3.457873 3.465651 3.474533 3.484586 3.495831 3.508246 3.521773 3.536312 3.551731 -9999 -9999 -9999 -9999 -9999 -9999 -9999
2.837393 2.828894 2.822271 2.817668 2.815257 2.815078 2.817108 2.821271 2.827441 2.835455 2.845124 2.856234 2.868563 2.881884 2.895975 2.91063 2.925664 2.940927 2.956312 2.971767 2.987303 3.002998 3.018997 3.035498 3.052727 3.070899 3.090152 3.110518 3.131933 3.15427 3.177358 3.200993 3.224942 3.248954 3.272763 3.296093 3.318669 3.340225 3.360571 3.379421 3.396447 3.411438 3.424317 3.43515 3.444122 3.451503 3.457609 3.462784 3.467374 3.471716 3.476119 3.480868 3.486207 3.492342 3.499436 3.507606 3.516929 3.527436 3.539121 3.551935 -9999 -9999 -9999 -9999 -9999 -9999 -9999 -9999 -9999
2.825313 2.817766 2.81229 2.80904 2.808196 2.8098 2.813827 2.820193 2.828763 2.839359 2.851773 2.86577 2.881102 2.897511 2.914741 2.932546 2.9507 2.969005 2.987306 3.005503 3.023559 3.041513 3.059479 3.077631 3.09618 3.115329 3.135229 3.155947 3.177466 3.199703 3.222524 3.245756 3.269195 3.292615 3.315769 3.338403 3.360261 3.381095 3.40072 3.418861 3.435228 3.449639 3.462037 3.47248 3.481132 3.488237 3.49409 3.49901 3.503327 3.507364 3.511422 3.515779 3.520678 3.526325 3.532886 3.540484 3.549205 3.559089 3.570141 -9999 -9999 -9999 -9999 -9999 -9999 -9999 -9999 -9999 -9999
2.81502 2.808433 2.804109 2.802215 2.802936 2.806317 2.812331 2.820888 2.831843 2.845005 2.860148 2.877018 2.895339 2.914828 2.935194 2.956153 2.977435 2.998797 3.02003 3.040981 3.06156 3.081758 3.101651 3.121385 3.141155 3.16116 3.181564 3.20247 3.223903 3.24583 3.268157 3.290749 3.313436 3.336018 3.358278 3.379985 3.400908 3.420825 3.439556 3.456848 3.472446 3.486202 3.498068 3.508101 3.516448 3.523326 3.529002 3.533771 3.537939 3.54181 3.545673 3.549792 3.554407 3.55972 -9999 -9999 -9999 -9999 -9999 -9999 -9999 -9999 -9999 -9999 -9999 -9999 -9999 -9999 -9999
2.806709 2.801087 2.797916 2.797371 2.799644 2.804781 2.812754 2.823465 2.836761 2.85244 2.870258 2.889941 2.911193 2.933699 2.957141 2.981197 3.005558 3.02993 3.054055 3.077718 3.100773 3.123156 3.144899 3.166121 3.187004 3.207748 3.228536 3.249498 3.270705 3.292163 3.313826 3.335598 3.357345 3.378902 3.400083 3.420686 3.440509 3.459359 3.47707 3.493408 3.50816 3.521202 3.532502 3.542114 3.550168 3.556857 3.562419 3.567122 3.571244 3.575068 3.578865 3.582885 3.587356 3.592476 -9999 -9999 -9999 -9999 -9999 -9999 -9999 -9999 -9999 -9999 -9999 -9999 -9999 -9999 -9999
2.800567 2.795917 2.793895 2.794688 2.798489 2.805346 2.815227 2.828032 2.843598 2.86171 2.88211 2.904504 2.928574 2.953982 2.980379 3.007412 3.034733 3.062005 3.088917 3.115197 3.140633 3.165103 3.188593 3.211196 3.233086 3.254471 3.275548 3.296476 3.31736 3.338249 3.359135 3.379965 3.400646 3.42105 3.441024 3.460402 3.479013 3.496696 3.5133 3.528618 3.542475 3.554772 3.565489 3.574677 3.582453 3.588984 3.594482 3.599185 3.603346 3.607219 3.611057 3.615093 3.619541 -9999 -9999 -9999 -9999 -9999 -9999 -9999 -9999 -9999 -9999 -9999 -9999 -9999 -9999 -9999 -9999
2.796777 2.793109 2.792235 2.79435 2.799645 2.808172 2.819897 2.834713 2.85245 2.87288 2.89573 2.920689 2.947417 2.975553 3.004723 3.034548 3.064643 3.094636 3.124167 3.152909 3.180588 3.207017 3.232131 3.256006 3.278813 3.300765 3.322075 3.342921 3.363437 3.383705 3.403758 3.423583 3.443127 3.462303 3.480999 3.499084 3.516419 3.532878 3.548332 3.5626 3.575544 3.587088 3.597223 3.605996 3.61351 3.619911 3.625385 3.630139 3.6344 3.638397 3.64236 3.646502 -9999 -9999 -9999 -9999 -9999 -9999 -9999 -9999 -9999 -9999 -9999 -9999 -9999 -9999 -9999 -9999 -9999
2.79552 2.792853 2.793128 2.796547 2.8033 2.813438 2.826926 2.843653 2.863439 2.886045 2.91118 2.938517 2.967695 2.998336 3.030042 3.062409 3.095028 3.127494 3.15941 3.190404 3.220143 3.248374 3.274986 3.300034 3.323693 3.346178 3.367704 3.388464 3.40861 3.428255 3.447465 3.466269 3.484655 3.50258 3.519971 3.536738 3.552779 3.567999 3.582295 3.595517 3.607558 3.618365 3.627935 3.636312 3.643584 3.649879 3.655356 3.660198 3.664602 3.668774 3.672919 -9999 -9999 -9999 -9999 -9999 -9999 -9999 -9999 -9999 -9999 -9999 -9999 -9999 -9999 -9999 -9999 -9999 -9999
2.796971 2.795336 2.796772 2.801483 2.809655 2.82134 2.836501 2.855024 2.876719 2.901334 2.928563 2.958059 2.989445 3.022321 3.056275 3.090884 3.125719 3.160353 3.194361 3.227337 3.258907 3.288765 3.316748 3.342899 3.367383 3.390402 3.412168 3.432874 3.452689 3.471746 3.490145 3.507952 3.525197 3.541882 3.55798 3.573441 3.588201 3.602201 3.615365 3.627573 3.638748 3.648852 3.657887 3.665892 3.672943 3.67915 3.684649 3.689598 3.69417 3.698545 -9999 -9999 -9999 -9999 -9999 -9999 -9999 -9999 -9999 -9999 -9999 -9999 -9999 -9999 -9999 -9999 -9999 -9999 -9999
2.801295 2.80074 2.80336 2.80936 2.818918 2.832085 2.848828 2.869025 2.892479 2.918924 2.948035 2.979446 3.012764 3.047575 3.083453 3.119965 3.15667 3.193126 3.228892 3.26354 3.296673 3.327958 3.357205 3.384419 3.409729 3.433315 3.45537 3.476084 3.495632 3.514166 3.531813 3.548675 3.564825 3.58031 3.59515 3.609341 3.622861 3.635687 3.647771 3.659022 3.669384 3.67883 3.687366 3.695025 3.701874 3.708003 3.71353 3.71859 3.723333 -9999 -9999 -9999 -9999 -9999 -9999 -9999 -9999 -9999 -9999 -9999 -9999 -9999 -9999 -9999 -9999 -9999 -9999 -9999 -9999
2.808633 2.809229 2.813078 2.820378 2.831298 2.845891 2.864124 2.885874 2.910935 2.939022 2.969792 3.00286 3.037817 3.074239 3.111696 3.149751 3.187962 3.225881 3.263063 3.299072 3.333503 3.366021 3.396422 3.424657 3.4508 3.474989 3.497393 3.518187 3.537547 3.555638 3.57261 3.588599 3.60372 3.618065 3.631704 3.644681 3.657019 3.668733 3.679805 3.690164 3.699771 3.708607 3.716679 3.724015 3.73067 3.736722 3.742268 3.747427 -9999 -9999 -9999 -9999 -9999 -9999 -9999 -9999 -9999 -9999 -9999 -9999 -9999 -9999 -9999 -9999 -9999 -9999 -9999 -9999 -9999
2.819088 2.820933 2.826079 2.834713 2.846989 2.862965 2.882609 2.9058 2.932319 2.961862 2.994064 3.02852 3.064812 3.102514 3.141197 3.180434 3.219789 3.258825 3.297101 3.334188 3.369686 3.403265 3.434699 3.463892 3.490855 3.515674 3.538479 3.559425 3.578679 3.596412 3.612795 3.627994 3.642162 3.655442 3.66795 3.679783 3.69101 3.701683 3.711807 3.721338 3.730244 3.738512 3.746146 3.75317 3.759627 -9999 -9999 -9999 -9999 -9999 -9999 -9999 -9999 -9999 -9999 -9999 -9999 -9999 -9999 -9999 -9999 -9999 -9999 -9999 -9999 -9999 -9999 -9999 -9999
2.832697 2.835919 2.842462 2.852492 2.866148 2.883487 2.904483 2.929017 2.956858 2.987677 3.021083 3.056658 3.093979 3.132628 3.172191 3.21226 3.252419 3.292252 3.331335 3.369254 3.405621 3.440104 3.472456 3.502534 3.530287 3.555745 3.578992 3.600151 3.619375 3.636835 3.652716 3.66721 3.680511 3.692805 3.704261 3.715027 3.725216 3.734915 3.744156 3.752911 3.761158 3.768882 3.776087 3.782789 -9999 -9999 -9999 -9999 -9999 -9999 -9999 -9999 -9999 -9999 -9999 -9999 -9999 -9999 -9999 -9999 -9999 -9999 -9999 -9999 -9999 -9999 -9999 -9999 -9999
2.849401 2.854161 2.862235 2.873765 2.888863 2.90758 2.929899 2.955701 2.984742 3.016663 3.051049 3.087474 3.125524 3.164799 3.204913 3.245488 3.286142 3.326488 3.366129 3.404672 3.441738 3.47699 3.510156 3.541046 3.569554 3.595648 3.619363 3.640787 3.660048 3.677314 3.692778 3.706655 3.719173 3.730563 3.741046 3.75082 3.760042 3.768829 3.777238 3.785255 3.792862 3.800046 -9999 -9999 -9999 -9999 -9999 -9999 -9999 -9999 -9999 -9999 -9999 -9999 -9999 -9999 -9999 -9999 -9999 -9999 -9999 -9999 -9999 -9999 -9999 -9999 -9999 -9999 -9999
2.869035 2.875517 2.885293 2.898468 2.915119 2.935278 2.958925 2.985947 3.016081 3.048935 3.084079 3.121093 3.159585 3.199188 3.239554 3.280347 3.321226 3.361843 3.401834 3.440827 3.478451 3.514361 3.548254 3.579896 3.609123 3.635846 3.660049 3.681777 3.701136 3.71828 3.733407 3.746753 3.758573 3.76914 3.778725 3.787575 3.795893 3.80382 3.811432 3.818727 3.82569 3.832311 -9999 -9999 -9999 -9999 -9999 -9999 -9999 -9999 -9999 -9999 -9999 -9999 -9999 -9999 -9999 -9999 -9999 -9999 -9999 -9999 -9999 -9999 -9999 -9999 -9999 -9999 -9999
2.891318 2.899718 2.911385 2.926384 2.944743 2.966462 2.991492 3.019712 3.050837 3.084456 3.120144 3.157506 3.196184 3.235856 3.276222 3.316993 3.357877 3.398572 3.438749 3.478058 3.516132 3.552613 3.587167 3.619512 3.649429 3.676774 3.701477 3.723544 3.743052 3.76014 3.775009 3.787905 3.799113 3.808938 3.817696 3.825684 3.833147 3.840251 3.84708 3.853642 3.85993 3.865938 -9999 -9999 -9999 -9999 -9999 -9999 -9999 -9999 -9999 -9999 -9999 -9999 -9999 -9999 -9999 -9999 -9999 -9999 -9999 -9999 -9999 -9999 -9999 -9999 -9999 -9999 -9999
2.915854 2.926353 2.940098 2.957103 2.977342 3.000769 3.027281 3.0567 3.088724 3.12296 3.159013 3.196527 3.235191 3.274735 3.314912 3.355487 3.39622 3.436854 3.477101 3.516631 3.555081 3.592073 3.62724 3.660254 3.690841 3.718802 3.744017 3.76645 3.786149 3.803241 3.817923 3.830452 3.841131 3.850298 3.858301 3.865483 3.872129 3.878427 3.884462 3.890252 3.895804 -9999 -9999 -9999 -9999 -9999 -9999 -9999 -9999 -9999 -9999 -9999 -9999 -9999 -9999 -9999 -9999 -9999 -9999 -9999 -9999 -9999 -9999 -9999 -9999 -9999 -9999 -9999 -9999
2.942144 2.954887 2.970856 2.990015 3.01228 3.03754 3.065616 3.096261 3.129151 3.163922 3.200229 3.237773 3.276305 3.31561 3.355498 3.395784 3.436281 3.476781 3.517033 3.556733 3.595515 3.632983 3.668735 3.702394 3.733637 3.762209 3.787942 3.81076 3.830686 3.84783 3.862387 3.874624 3.884861 3.893454 3.900782 3.907214 3.913068 3.918549 3.923752 3.928709 -9999 -9999 -9999 -9999 -9999 -9999 -9999 -9999 -9999 -9999 -9999 -9999 -9999 -9999 -9999 -9999 -9999 -9999 -9999 -9999 -9999 -9999 -9999 -9999 -9999 -9999 -9999 -9999 -9999
2.96962 2.98469 3.002966 3.024363 3.048735 3.075902 3.105604 3.137518 3.171294 3.206595 3.243135 3.280688 3.319072 3.358134 3.397733 3.437735 3.477998 3.518356 3.558605 3.598462 3.637563 3.67549 3.711809 3.7461 3.777988 3.807164 3.833415 3.856627 3.876798 3.894027 3.908509 3.920517 3.930384 3.938484 3.945212 3.95095 3.956024 3.960667 3.964991 -9999 -9999 -9999 -9999 -9999 -9999 -9999 -9999 -9999 -9999 -9999 -9999 -9999 -9999 -9999 -9999 -9999 -9999 -9999 -9999 -9999 -9999 -9999 -9999 -9999 -9999 -9999 -9999 -9999 -9999
2.997691 3.015095 3.03568 3.059318 3.085805 3.114896 3.146253 3.179485 3.214204 3.250095 3.286939 3.324587 3.362925 3.401853 3.441278 3.481102 3.52122 3.561506 3.601794 3.64183 3.681253 3.719635 3.756514 3.791427 3.823946 3.853715 3.880472 3.904071 3.924489 3.941818 3.956251 3.968071 3.977622 3.985287 3.991468 3.996549 4.000861 4.004659 -9999 -9999 -9999 -9999 -9999 -9999 -9999 -9999 -9999 -9999 -9999 -9999 -9999 -9999 -9999 -9999 -9999 -9999 -9999 -9999 -9999 -9999 -9999 -9999 -9999 -9999 -9999 -9999 -9999 -9999 -9999
3.025804 3.045472 3.068286 3.094079 3.122606 3.153569 3.186572 3.221159 3.256901 3.293499 3.330803 3.368739 3.407246 3.446266 3.485733 3.525579 3.565724 3.606075 3.646492 3.68675 3.726514 3.765355 3.802789 3.838311 3.871444 3.901779 3.929016 3.952976 3.973622 3.99104 4.005431 4.017083 4.026347 4.033612 4.039279 4.043731 4.047304 -9999 -9999 -9999 -9999 -9999 -9999 -9999 -9999 -9999 -9999 -9999 -9999 -9999 -9999 -9999 -9999 -9999 -9999 -9999 -9999 -9999 -9999 -9999 -9999 -9999 -9999 -9999 -9999 -9999 -9999 -9999 -9999
3.053506 3.0753 3.100188 3.127973 3.158383 3.19109 3.225666 3.261616 3.298467 3.33594 3.373949 3.412463 3.451454 3.49088 3.53069 3.570827 3.611228 3.651818 3.692484 3.733036 3.773174 3.812485 3.850467 3.886577 3.92029 3.951152 3.978819 4.003094 4.023926 4.041405 4.055738 4.067222 4.076211 4.083097 4.088277 4.09213 -9999 -9999 -9999 -9999 -9999 -9999 -9999 -9999 -9999 -9999 -9999 -9999 -9999 -9999 -9999 -9999 -9999 -9999 -9999 -9999 -9999 -9999 -9999 -9999 -9999 -9999 -9999 -9999 -9999 -9999 -9999 -9999 -9999
3.080487 3.104228 3.130985 3.160545 3.19262 3.226876 3.262881 3.300142 3.338192 3.376764 3.415785 3.455234 3.495083 3.535286 3.575785 3.616519 3.657431 3.698457 3.739508 3.780436 3.820989 3.860779 3.89929 3.935946 3.970182 4.001503 4.029531 4.054051 4.075009 4.092505 4.106754 4.118062 4.126785 4.133311 4.138031 4.14132 -9999 -9999 -9999 -9999 -9999 -9999 -9999 -9999 -9999 -9999 -9999 -9999 -9999 -9999 -9999 -9999 -9999 -9999 -9999 -9999 -9999 -9999 -9999 -9999 -9999 -9999 -9999 -9999 -9999 -9999 -9999 -9999 -9999
