ASPA-UH-SWB2_REPO/input/ET_Process/jun_et_clipped.asc
ncols         350
nrows         200
xllcorner     515000
yllcorner     8409000
cellsize      100
NODATA_value  -9999
[rows 62 to 92 of 200, columns 276 to 344 of 350]
3.586431 3.597845 3.610086 3.623065 3.636684 3.650893 3.665668 3.680949 3.696677 3.712791 3.72923 3.745934 3.762843 3.779902 3.797052 3.814239 3.831408 3.848502 3.865462 3.882228 3.898732 3.914904 3.930657 3.945899 3.960542 3.974507 3.98773 4.000167 4.011795 4.022609 4.032628 4.041894 4.050467 4.058427 4.065875 4.072926 4.079711 4.086375 4.093075 4.099978 4.106886 4.113495 4.119824 4.125894 4.131721 4.137329 4.142733 4.147953 4.153007 4.15791 -9999 -9999 -9999 -9999 -9999 -9999 -9999 -9999 -9999 -9999 -9999 -9999 -9999 -9999 -9999 -9999 -9999 -9999 -9999
3.599298 3.610565 3.622788 3.635856 3.649652 3.664112 3.679199 3.694827 3.710909 3.72736 3.744096 3.761039 3.778117 3.795263 3.812417 3.829522 3.846525 3.863376 3.880022 3.896408 3.912475 3.928159 3.943382 3.958064 3.972125 3.985494 3.998117 4.009954 4.020987 4.031217 4.040667 4.049381 4.057424 4.064882 4.071857 4.078472 4.08486 4.091175 4.097579 4.104249 4.110961 4.117388 4.123548 4.129459 4.135141 4.140613 4.145893 4.151 4.15595 4.160759 -9999 -9999 -9999 -9999 -9999 -9999 -9999 -9999 -9999 -9999 -9999 -9999 -9999 -9999 -9999 -9999 -9999 -9999 -9999
3.612351 3.623612 3.635932 3.64918 3.663224 3.677995 3.69344 3.709451 3.725917 3.742729 3.759783 3.776983 3.794244 3.811489 3.828654 3.845682 3.862524 3.87913 3.895457 3.911454 3.927069 3.942244 3.956911 3.971 3.984443 3.99718 4.009161 4.020357 4.030754 4.040359 4.0492 4.057325 4.064806 4.071728 4.078203 4.084354 4.090324 4.096271 4.102363 4.108783 4.115289 4.121522 4.127501 4.133245 4.138772 4.1441 4.149249 4.154234 4.159074 4.163785 -9999 -9999 -9999 -9999 -9999 -9999 -9999 -9999 -9999 -9999 -9999 -9999 -9999 -9999 -9999 -9999 -9999 -9999 -9999
3.625665 3.637058 3.649582 3.663096 3.677457 3.692589 3.70843 3.724852 3.741721 3.758909 3.776291 3.793755 3.811203 3.828549 3.845726 3.862675 3.879349 3.895705 3.911703 3.927297 3.942444 3.957089 3.971177 3.984647 3.997442 4.009513 4.020819 4.031338 4.041064 4.050009 4.058208 4.065713 4.0726 4.078961 4.08491 4.090578 4.096111 4.101672 4.107437 4.113596 4.119884 4.125913 4.131701 4.137268 4.142631 4.147808 4.152817 4.157675 4.1624 4.167006 -9999 -9999 -9999 -9999 -9999 -9999 -9999 -9999 -9999 -9999 -9999 -9999 -9999 -9999 -9999 -9999 -9999 -9999 -9999
3.639335 3.650982 3.663807 3.677661 3.692395 3.707931 3.724197 3.741046 3.758328 3.775895 3.793604 3.81133 3.828959 3.846399 3.863577 3.880436 3.896932 3.913025 3.928679 3.943856 3.958515 3.972613 3.986101 3.99893 4.011053 4.02243 4.033034 4.042848 4.051874 4.060132 4.067662 4.074522 4.080791 4.08657 4.091974 4.097141 4.102221 4.107384 4.112812 4.1187 4.124758 4.130573 4.136162 4.141543 4.146734 4.151752 4.156616 4.161341 4.165943 -9999 -9999 -9999 -9999 -9999 -9999 -9999 -9999 -9999 -9999 -9999 -9999 -9999 -9999 -9999 -9999 -9999 -9999 -9999 -9999
3.653445 3.665452 3.678658 3.692914 3.708066 3.724034 3.74074 3.758023 3.775714 3.793651 3.811678 3.82965 3.847446 3.864964 3.882128 3.898882 3.915185 3.931 3.946295 3.961039 3.975197 3.988731 4.001603 4.013773 4.025206 4.035872 4.045752 4.054839 4.063144 4.070694 4.077534 4.083729 4.089364 4.094543 4.099389 4.104041 4.108658 4.113413 4.118493 4.124099 4.12992 4.135512 4.140893 4.14608 4.151091 4.155942 4.160652 4.165236 -9999 -9999 -9999 -9999 -9999 -9999 -9999 -9999 -9999 -9999 -9999 -9999 -9999 -9999 -9999 -9999 -9999 -9999 -9999 -9999 -9999
3.668045 3.680493 3.69414 3.708838 3.724431 3.740843 3.757988 3.775693 3.793778 3.812068 3.830392 3.848598 3.866548 3.884135 3.90128 3.917929 3.934041 3.949583 3.964527 3.978844 3.992506 4.005482 4.017741 4.029253 4.039993 4.049941 4.059086 4.067434 4.075001 4.081821 4.087949 4.093454 4.098429 4.102981 4.10724 4.111351 4.115478 4.119799 4.124508 4.129813 4.135375 4.140725 4.145877 4.150849 4.155658 4.160321 4.164856 -9999 -9999 -9999 -9999 -9999 -9999 -9999 -9999 -9999 -9999 -9999 -9999 -9999 -9999 -9999 -9999 -9999 -9999 -9999 -9999 -9999 -9999
3.683182 3.69614 3.710274 3.72544 3.741488 3.758341 3.775912 3.794017 3.81247 3.831083 3.849679 3.868094 3.886183 3.903831 3.920956 3.937504 3.953435 3.968718 3.983326 3.997233 4.010415 4.022848 4.034507 4.045372 4.055427 4.064659 4.07307 4.080672 4.08749 4.093568 4.098966 4.103762 4.108052 4.111954 4.115601 4.119144 4.122755 4.126617 4.130932 4.135915 4.141201 4.146286 4.151189 4.155924 4.16051 4.164963 -9999 -9999 -9999 -9999 -9999 -9999 -9999 -9999 4.201453 4.205313 4.209164 4.213011 -9999 -9999 -9999 -9999 -9999 -9999 -9999 -9999 -9999 -9999 -9999
3.698903 3.712425 3.72708 3.742732 3.759237 3.776523 3.794497 3.812973 3.831756 3.850655 3.869487 3.88808 3.906285 3.923981 3.941084 3.957537 3.973298 3.988336 4.002624 4.016139 4.02886 4.040768 4.051846 4.06208 4.071461 4.079988 4.087671 4.094529 4.100598 4.105928 4.110587 4.11466 4.118253 4.121487 4.124503 4.12746 4.130535 4.133921 4.137825 4.142471 4.147466 4.152274 4.156911 4.161393 -9999 -9999 -9999 -9999 -9999 -9999 4.189807 4.193614 4.197391 4.201144 4.204883 4.208613 4.212341 4.216072 4.21981 4.223563 4.227333 4.231125 -9999 -9999 -9999 -9999 -9999 -9999 -9999
3.71525 3.729377 3.744574 3.760719 3.777675 3.795376 3.813725 3.832534 3.851607 3.87075 3.889775 3.90851 3.926803 3.944533 3.961609 3.977969 3.993568 4.008373 4.022356 4.035497 4.047777 4.05918 4.069697 4.079318 4.088044 4.095881 4.102847 4.108969 4.114293 4.118876 4.122795 4.126142 4.129029 4.131585 4.13396 4.13632 4.138847 4.141745 4.145228 4.149529 4.154225 4.158745 4.163105 -9999 -9999 -9999 -9999 -9999 -9999 4.190526 4.194182 4.197808 4.201412 4.205001 4.208583 4.212163 4.215747 4.21934 4.222947 4.226572 4.230219 4.233892 4.237595 -9999 -9999 -9999 -9999 -9999 -9999
3.732267 3.747019 3.762767 3.7794 3.796793 3.814885 3.833577 3.85268 3.871999 3.89134 3.910517 3.929357 3.94771 3.965452 3.98249 3.998753 4.014194 4.028773 4.042465 4.055247 4.067104 4.078023 4.087998 4.097028 4.105118 4.112282 4.118546 4.123948 4.128537 4.13238 4.135563 4.138185 4.140366 4.142242 4.143971 4.145728 4.147703 4.150106 4.153163 4.157115 4.16151 4.165737 -9999 -9999 -9999 -9999 -9999 -9999 4.19205 4.19553 4.198981 4.20241 4.205825 4.209233 4.21264 4.216052 4.219473 4.222909 4.226365 4.229843 4.233348 4.236883 4.240452 4.244057 -9999 -9999 -9999 -9999 -9999
3.749996 3.765373 3.781665 3.798771 3.816582 3.835036 3.854033 3.873389 3.89291 3.912407 3.931695 3.950605 3.968987 3.986718 4.0037 4.019857 4.035135 4.049493 4.062901 4.075337 4.086787 4.09724 4.106694 4.115152 4.122626 4.129138 4.134719 4.139414 4.143283 4.146399 4.148855 4.150759 4.152238 -9999 4.154523 4.155677 -9999 4.159009 4.161641 -9999 -9999 -9999 -9999 -9999 -9999 -9999 -9999 4.194486 4.197773 4.201029 4.204262 4.207481 4.210694 4.213905 4.217123 4.22035 4.223594 4.226857 4.230144 4.233458 4.236804 4.240183 4.2436 4.247057 4.250556 -9999 -9999 -9999 -9999
3.768468 3.784454 3.801269 3.818825 3.837023 3.855807 3.875072 3.89464 3.914322 3.933933 3.953294 3.972239 3.99062 4.008313 4.025217 4.041253 4.056361 4.070495 4.083623 4.095722 4.106776 4.116779 4.125729 4.133635 4.140514 4.146393 4.15131 4.155318 4.158483 4.160887 4.16263 4.163826 -9999 -9999 -9999 -9999 -9999 -9999 -9999 -9999 -9999 -9999 -9999 -9999 -9999 -9999 4.197909 4.200994 4.204042 4.207065 4.210072 4.21307 4.216069 4.219072 4.222087 4.225118 4.228169 4.231245 4.234349 4.237485 4.240656 4.243865 4.247115 4.250408 4.253746 4.257132 -9999 -9999 -9999
3.787704 3.804265 3.821571 3.839543 3.858097 3.877175 3.89667 3.91641 3.936213 3.9559 3.975296 3.994242 4.01259 4.030219 4.047023 4.06292 4.077845 4.091749 4.104597 4.116362 4.12703 4.136594 4.145057 4.152428 4.158731 4.163996 4.16827 4.171609 4.174089 4.175798 4.176842 4.177347 -9999 -9999 -9999 -9999 -9999 -9999 -9999 -9999 -9999 -9999 -9999 -9999 -9999 4.202352 4.205237 4.208075 4.21088 4.213665 4.216439 4.219211 4.221986 4.224773 4.227575 4.230399 4.233247 4.236124 4.239033 4.241979 4.244962 4.247988 4.251057 4.254172 4.257336 4.26055 4.263815 -9999 -9999
3.807705 3.824795 3.842549 3.860898 3.87977 3.899106 3.918794 3.938668 3.958555 3.978282 3.99768 4.016593 4.03488 4.052416 4.069096 4.084834 4.099562 4.113227 4.12579 4.137223 4.147511 4.156646 4.164632 -9999 -9999 4.181899 4.185548 4.188239 4.190052 4.191084 4.191448 -9999 -9999 -9999 -9999 -9999 -9999 -9999 -9999 -9999 -9999 -9999 -9999 -9999 4.207813 4.210507 4.213142 4.215734 4.218297 4.220843 4.223382 4.225922 4.22847 4.231033 4.233616 4.236225 4.238861 4.24153 4.244236 4.246981 4.249767 4.252598 4.255476 4.258402 4.26138 4.26441 4.267494 4.270633 -9999
3.828448 3.846014 3.864166 3.88285 3.902002 3.92156 3.941404 3.961378 3.981315 4.001049 4.020418 4.039269 4.057466 4.074883 4.091416 4.106976 4.12149 4.134904 4.147176 4.158275 4.168184 4.176897 -9999 -9999 -9999 -9999 -9999 -9999 -9999 -9999 -9999 -9999 -9999 -9999 -9999 -9999 -9999 -9999 -9999 -9999 -9999 -9999 -9999 4.214258 4.216779 4.219227 4.221619 4.223969 4.226293 4.228601 4.230905 4.233212 4.235532 4.237868 4.240228 4.242616 4.245036 4.247491 4.249985 4.252522 4.255103 4.257731 4.260409 4.263138 4.265921 4.268757 4.27165 4.2746 -9999
3.84989 3.86787 3.886371 3.905345 3.924739 3.944484 3.964453 3.984495 4.004452 4.024164 4.043475 4.062239 4.080319 4.097594 4.113957 4.129319 4.143605 4.156756 4.168728 4.179489 4.18902 -9999 -9999 -9999 -9999 -9999 -9999 -9999 -9999 -9999 -9999 -9999 -9999 -9999 -9999 -9999 -9999 -9999 -9999 -9999 -9999 -9999 4.221623 4.223998 4.226283 4.228496 4.230652 4.232769 4.234858 4.236934 4.239006 4.241083 4.243173 4.245283 4.247418 4.249583 4.251783 4.25402 4.256299 4.258623 4.260993 4.263413 4.265885 4.26841 4.270989 4.273625 4.27632 4.279072 4.281885
3.871962 3.890297 3.909096 3.928318 3.94792 3.967821 3.987886 4.007969 4.02792 4.047585 4.066815 4.085468 4.103409 4.12052 4.136693 4.151839 4.16588 4.178756 4.190419 4.200837 -9999 -9999 -9999 -9999 -9999 -9999 -9999 -9999 -9999 -9999 -9999 -9999 -9999 -9999 -9999 -9999 -9999 -9999 -9999 -9999 -9999 4.229825 4.232085 4.234238 4.2363 4.238288 4.240221 4.242112 4.243976 4.245825 4.247671 4.249522 4.251387 4.253272 4.255184 4.257127 4.259106 4.261125 4.263187 4.265295 4.267452 4.26966 4.271921 4.274237 4.276609 4.279039 4.281529 4.284079 4.28669
3.894578 3.913212 3.932262 3.951695 3.971473 3.991505 4.011642 4.031744 4.051668 4.071266 4.090395 4.108917 4.1267 4.143628 4.159594 4.174507 4.18829 4.200878 4.212224 -9999 -9999 -9999 -9999 -9999 -9999 -9999 -9999 -9999 -9999 -9999 -9999 -9999 -9999 -9999 -9999 -9999 -9999 -9999 -9999 -9999 -9999 4.240944 4.243 4.244945 4.246798 4.248577 4.250297 4.251974 4.253623 4.255255 4.256882 4.258514 4.260159 4.261825 4.263516 4.26524 4.267001 4.268802 4.270647 4.27254 4.274482 4.276476 4.278525 4.28063 4.282793 4.285014 4.287296 4.289639 4.292045
3.917641 3.936523 3.955785 3.975397 3.995327 4.015468 4.035657 4.055761 4.075642 4.095157 4.11417 4.132544 4.150154 4.166883 4.182627 4.197294 -9999 -9999 -9999 -9999 -9999 -9999 -9999 -9999 -9999 -9999 -9999 -9999 -9999 -9999 -9999 -9999 -9999 -9999 -9999 -9999 -9999 -9999 -9999 -9999 -9999 4.25246 4.254329 4.256084 4.257745 4.259327 4.260849 4.262325 4.263769 4.265195 4.266614 4.268035 4.269469 4.270921 4.272399 4.273909 4.275455 4.277041 4.278673 4.280351 4.28208 4.283863 4.285699 4.287593 4.289545 4.291557 4.29363 4.295765 4.297963
3.941058 3.960144 3.979584 3.999349 4.019409 4.039643 4.05987 4.079962 4.099786 4.119207 4.138091 4.156306 4.17373 4.190249 4.205758 -9999 -9999 -9999 -9999 -9999 -9999 -9999 -9999 -9999 -9999 -9999 -9999 -9999 -9999 -9999 -9999 -9999 -9999 -9999 -9999 -9999 -9999 -9999 -9999 -9999 -9999 4.264336 4.266036 4.267618 4.269102 4.270504 4.271842 4.27313 4.274384 4.275615 4.276837 4.278058 4.279289 4.280537 4.281809 4.283111 4.284449 4.285827 4.287249 4.288718 4.290237 4.29181 4.293437 4.295121 4.296865 4.298667 4.300532 4.302459 4.304449
3.964744 3.983995 4.003582 4.023477 4.04365 4.063963 4.084217 4.104288 4.124047 4.143365 -9999 -9999 -9999 -9999 -9999 -9999 -9999 -9999 -9999 -9999 -9999 -9999 -9999 -9999 -9999 -9999 -9999 -9999 -9999 -9999 -9999 -9999 -9999 -9999 -9999 -9999 -9999 -9999 -9999 -9999 -9999 -9999 4.278079 4.279506 4.28083 4.282068 4.283237 4.284353 4.285429 4.286479 4.287516 4.288549 4.289588 4.290642 4.291718 4.292822 4.293959 4.295135 4.296354 4.29762 4.298935 4.300303 4.301724 4.303204 4.304741 4.306338 4.307997 4.309718 4.311502
3.988621 4.008005 4.027712 4.047716 4.067988 4.088369 4.10864 4.128683 -9999 -9999 -9999 -9999 -9999 -9999 -9999 -9999 -9999 -9999 -9999 -9999 -9999 -9999 -9999 -9999 -9999 -9999 -9999 -9999 -9999 -9999 -9999 -9999 -9999 -9999 -9999 -9999 -9999 -9999 -9999 -9999 -9999 -9999 -9999 4.291706 4.292887 4.293978 4.294994 4.295952 4.296866 4.29775 4.298615 4.299473 4.300333 4.301204 4.302094 4.30301 4.303957 4.30494 4.305964 4.307034 4.308152 4.30932 4.310544 4.311822 4.313159 4.314556 4.316013 4.317532 4.319114
-9999 4.032104 4.051909 4.072005 4.092363 4.112803 -9999 -9999 -9999 -9999 -9999 -9999 -9999 -9999 -9999 -9999 -9999 -9999 -9999 -9999 -9999 -9999 -9999 -9999 -9999 -9999 -9999 -9999 -9999 -9999 -9999 -9999 -9999 -9999 -9999 -9999 -9999 -9999 -9999 -9999 -9999 -9999 -9999 -9999 4.305231 4.30619 4.30707 4.307887 4.308653 4.309385 4.310093 4.310789 4.311483 4.312185 4.312901 4.31364 4.314407 4.315207 4.316047 4.31693 4.317859 4.318838 4.31987 4.320955 4.322098 4.3233 4.324561 4.325884 -9999
-9999 -9999 4.076114 4.096289 4.116723 4.137215 -9999 -9999 -9999 -9999 -9999 -9999 -9999 -9999 -9999 -9999 -9999 -9999 -9999 -9999 -9999 -9999 -9999 -9999 -9999 -9999 -9999 -9999 -9999 -9999 -9999 -9999 -9999 -9999 -9999 -9999 -9999 -9999 -9999 -9999 -9999 -9999 -9999 -9999 -9999 4.318663 4.319422 4.320112 4.320747 4.321342 4.321908 4.322457 4.322999 4.323544 4.3241 4.324674 4.325273 4.325903 4.326569 4.327275 4.328026 4.328824 4.329673 4.330575 4.331532 4.332547 4.33362 4.334754 -9999
-9999 -9999 -9999 -9999 -9999 -9999 -9999 -9999 -9999 -9999 -9999 -9999 -9999 -9999 -9999 -9999 -9999 -9999 -9999 -9999 -9999 -9999 -9999 -9999 -9999 -9999 -9999 -9999 -9999 -9999 -9999 -9999 -9999 -9999 -9999 -9999 -9999 -9999 -9999 -9999 -9999 -9999 -9999 -9999 -9999 -9999 4.332005 4.332584 4.333104 4.333576 4.334015 4.334432 4.334836 4.335239 4.335648 4.336071 4.336515 4.336987 4.337491 4.338033 4.338615 4.339244 4.339921 4.340648 4.34143 4.342267 4.343161 -9999 -9999
-9999 -9999 -9999 -9999 -9999 -9999 -9999 -9999 -9999 -9999 -9999 -9999 -9999 -9999 -9999 -9999 -9999 -9999 -9999 -9999 -9999 -9999 -9999 -9999 -9999 -9999 -9999 -9999 -9999 -9999 -9999 -9999 -9999 -9999 -9999 -9999 -9999 -9999 -9999 -9999 -9999 -9999 -9999 -9999 -9999 -9999 -9999 4.345257 4.345676 4.346042 4.346369 4.346668 4.34695 4.347225 4.347501 4.347787 4.34809 4.348417 4.348772 4.349162 4.349589 4.35006 4.350575 4.35114 4.351757 4.352426 -9999 -9999 -9999
-9999 -9999 -9999 -9999 -9999 -9999 -9999 -9999 -9999 -9999 -9999 -9999 -9999 -9999 -9999 -9999 -9999 -9999 -9999 -9999 -9999 -9999 -9999 -9999 -9999 -9999 -9999 -9999 -9999 -9999 -9999 -9999 -9999 -9999 -9999 -9999 -9999 -9999 -9999 -9999 -9999 -9999 -9999 -9999 -9999 -9999 -9999 -9999 4.358418 4.358693 4.358922 4.359119 4.359293 4.359455 4.359614 4.359777 4.359953 4.360148 4.360369 4.360619 4.360905 4.36123 4.361598 4.362011 4.362474 -9999 -9999 -9999 -9999
-9999 -9999 -9999 -9999 -9999 -9999 -9999 -9999 -9999 -9999 -9999 -9999 -9999 -9999 -9999 -9999 -9999 -9999 -9999 -9999 -9999 -9999 -9999 -9999 -9999 -9999 -9999 -9999 -9999 -9999 -9999 -9999 -9999 -9999 -9999 -9999 -9999 -9999 -9999 -9999 -9999 -9999 -9999 -9999 -9999 -9999 -9999 -9999 -9999 4.37148 4.371628 4.371737 4.371819 4.371882 4.371938 4.371993 4.372057 4.372135 4.372234 4.37236 4.372517 4.37271 4.372943 4.373219 -9999 -9999 -9999 -9999 -9999
-9999 -9999 -9999 -9999 -9999 -9999 -9999 -9999 -9999 -9999 -9999 -9999 -9999 -9999 -9999 -9999 -9999 -9999 -9999 -9999 -9999 -9999 -9999 -9999 -9999 -9999 -9999 -9999 -9999 -9999 -9999 -9999 -9999 -9999 -9999 -9999 -9999 -9999 -9999 -9999 -9999 -9999 -9999 -9999 -9999 -9999 -9999 -9999 -9999 -9999 4.384437 4.384473 4.384476 4.384457 4.384424 4.384387 4.384352 4.384328 4.384321 4.384336 4.384379 4.384455 4.384567 -9999 -9999 -9999 -9999 -9999 -9999
-9999 -9999 -9999 -9999 -9999 -9999 -9999 -9999 -9999 -9999 -9999 -9999 -9999 -9999 -9999 -9999 -9999 -9999 -9999 -9999 -9999 -9999 -9999 -9999 -9999 -9999 -9999 -9999 -9999 -9999 -9999 -9999 -9999 -9999 -9999 -9999 -9999 -9999 -9999 -9999 -9999 -9999 -9999 -9999 -9999 -9999 -9999 -9999 -9999 -9999 4.397299 4.397277 4.397216 4.397129 -9999 4.396906 4.39679 4.396678 4.396579 4.396499 4.396442 4.396415 -9999 -9999 -9999 -9999 -9999 -9999 -9999
