ASPA-UH-SWB2_REPO/input/ET_Process/mar_et_clipped.asc
ncols         350
nrows         200
xllcorner     515000
yllcorner     8409000
cellsize      100
NODATA_value  -9999
[rows 93 to 123 of 200, columns 69 to 137 of 350]
4.147937 4.13824 4.129045 4.120374 4.112232 4.10461 4.097481 4.090806 4.084536 4.07861 4.072964 4.067528 4.062233 4.057014 4.051805 4.046552 4.04121 4.035746 4.030141 4.024392 4.018475 4.012357 4.006015 3.999427 3.99257 3.985419 3.977945 3.970119 3.96191 3.953289 3.944233 3.93473 3.924774 3.914371 3.903541 3.892318 3.880755 3.868918 3.856894 3.844795 3.832737 3.820857 3.8093 3.798217 3.787748 3.778031 3.769178 3.761269 3.754328 3.748152 3.742654 3.737763 3.733347 3.72919 3.724997 3.720418 3.71508 3.708616 3.700692 3.691026 3.679414 3.665737 3.649983 3.632249 3.61274 3.591767 3.569731 3.547102 3.524391
4.136064 4.126048 4.116561 4.107624 4.099239 4.091393 4.084056 4.077184 4.070721 4.064604 4.058763 4.053126 4.04762 4.042176 4.036729 4.031225 4.025621 4.019886 4.014009 4.007988 4.00178 3.995353 3.98869 3.981774 3.97459 3.967123 3.959354 3.951265 3.942833 3.934041 3.924873 3.915322 3.905387 3.895078 3.884416 3.873439 3.862197 3.850758 3.839208 3.827651 3.816205 3.804999 3.794174 3.783865 3.774209 3.765327 3.757316 3.750241 3.744106 3.738727 3.734018 3.729908 3.726261 3.722848 3.719342 3.715358 3.710492 3.704353 3.696589 3.686907 3.675096 3.661041 3.644741 3.626307 3.605976 3.584095 3.561108 3.537537 3.513947
4.124338 4.114016 4.104254 4.09507 4.086465 4.07842 4.070899 4.063855 4.057226 4.050944 4.044934 4.039119 4.033423 4.027772 4.022102 4.016358 4.010498 4.004495 3.998342 3.992042 3.985536 3.978793 3.971799 3.964546 3.957027 3.949237 3.941169 3.932813 3.924162 3.915207 3.905943 3.896369 3.886491 3.876322 3.865887 3.855225 3.844385 3.833433 3.822456 3.81155 3.800828 3.790412 3.780434 3.771019 3.76229 3.754352 3.747284 3.741129 3.735874 3.731353 3.727482 3.724183 3.721318 3.718645 3.715802 3.712377 3.707939 3.702077 3.694424 3.684678 3.67262 3.658141 3.641246 3.622069 3.600873 3.578043 3.554072 3.529532 3.505047
4.112768 4.102159 4.092144 4.082738 4.073939 4.065723 4.05805 4.050866 4.044104 4.037688 4.03154 4.025578 4.019718 4.013886 4.008014 4.002047 3.995942 3.989677 3.98325 3.976667 3.969857 3.962791 3.955459 3.94786 3.939996 3.931873 3.923495 3.914867 3.905993 3.896878 3.887526 3.877947 3.868152 3.858162 3.848005 3.837718 3.827352 3.816971 3.806655 3.796497 3.786601 3.777082 3.768057 3.759642 3.751944 3.745049 3.739015 3.733861 3.72955 3.725943 3.722957 3.720497 3.718413 3.716444 3.71421 3.711276 3.707198 3.701546 3.69394 3.684067 3.671706 3.656749 3.63921 3.619244 3.597143 3.573335 3.548358 3.522842 3.497467
4.101363 4.090489 4.080248 4.070651 4.06169 4.053338 4.045548 4.03826 4.031402 4.024891 4.018642 4.012567 4.006578 4.000596 3.994549 3.988381 3.98205 3.975535 3.968839 3.961972 3.954856 3.947462 3.939784 3.931829 3.923609 3.91514 3.906441 3.897529 3.888423 3.879142 3.869704 3.860128 3.850436 3.840654 3.830813 3.820953 3.81112 3.801382 3.791807 3.782481 3.773499 3.764967 3.756986 3.749661 3.74308 3.737309 3.732382 3.72829 3.724971 3.722318 3.720245 3.718636 3.717309 3.715984 3.714279 3.711752 3.707944 3.702417 3.694778 3.684707 3.671978 3.656483 3.638247 3.617445 3.594401 3.569586 3.543592 3.517109 3.490885
4.09013 4.079021 4.068585 4.05883 4.049745 4.041296 4.03343 4.02608 4.019167 4.012603 4.006295 4.000147 3.994069 3.987973 3.981785 3.975445 3.968911 3.962163 3.955209 3.948063 3.940642 3.932917 3.924888 3.916569 3.90798 3.899151 3.890113 3.880901 3.871549 3.86209 3.85256 3.842988 3.833407 3.82385 3.814354 3.804959 3.795711 3.786669 3.777898 3.769472 3.761477 3.754001 3.747136 3.740969 3.735567 3.730975 3.727199 3.724202 3.721892 3.720199 3.719032 3.718245 3.717626 3.716876 3.715612 3.713392 3.709755 3.704256 3.696495 3.686144 3.672973 3.656872 3.63788 3.61619 3.592162 3.566313 3.539295 3.51187 3.484857
4.079081 4.06777 4.057174 4.047301 4.038132 4.029627 4.021728 4.014361 4.00744 4.000869 3.994547 3.988373 3.982247 3.976079 3.969788 3.963311 3.956604 3.949647 3.942451 3.935035 3.927313 3.919259 3.910877 3.902186 3.893218 3.884013 3.874619 3.865086 3.855466 3.845812 3.836174 3.826596 3.817125 3.807801 3.798665 3.789757 3.781128 3.772824 3.764902 3.757426 3.750466 3.744097 3.738393 3.733423 3.729234 3.725844 3.723232 3.721326 3.720006 3.719239 3.718929 3.718898 3.718908 3.718645 3.717722 3.715702 3.712127 3.70655 3.698567 3.687844 3.674147 3.657369 3.637554 3.614918 3.589856 3.562939 3.534889 3.506555 3.478825
4.068226 4.05675 4.046035 4.036085 4.026875 4.01836 4.010474 4.003138 3.996255 3.989724 3.983437 3.977284 3.971159 3.964964 3.958613 3.952038 3.945193 3.938056 3.93064 3.92297 3.914959 3.906583 3.897849 3.888783 3.879425 3.86983 3.860059 3.850183 3.840271 3.830397 3.820628 3.811028 3.801653 3.792557 3.783783 3.775375 3.767378 3.759832 3.752785 3.746287 3.740387 3.735147 3.730622 3.72686 3.723884 3.721686 3.720212 3.719357 3.718966 3.719052 3.71951 3.720136 3.720668 3.720779 3.720081 3.718141 3.714506 3.708733 3.700417 3.689222 3.674907 3.657368 3.636657 3.613006 3.586851 3.558825 3.529728 3.500504 3.472125
4.057581 4.04598 4.035191 4.025207 4.016001 4.007521 3.999696 3.992436 3.985641 3.979199 3.972996 3.966914 3.960838 3.954665 3.9483 3.941671 3.934727 3.927446 3.919839 3.911935 3.903654 3.894969 3.88589 3.876451 3.866698 3.8567 3.846534 3.83629 3.826058 3.815934 3.806005 3.796355 3.787055 3.778168 3.769744 3.761828 3.754461 3.747675 3.741505 3.735986 3.731149 3.727033 3.723676 3.721101 3.719307 3.718255 3.717858 3.717974 3.718417 3.719244 3.720348 3.7215 3.722417 3.722764 3.72215 3.720149 3.716316 3.710213 3.701438 3.689656 3.674624 3.656234 3.634542 3.6098 3.582485 3.553287 3.523115 3.493005 3.464053
4.047164 4.035484 4.024662 4.014691 4.005534 3.997135 3.989415 3.982279 3.975618 3.969314 3.963243 3.95728 3.951304 3.9452 3.93887 3.932233 3.925235 3.917849 3.910087 3.90198 3.893453 3.884481 3.875074 3.865269 3.855123 3.844714 3.834137 3.823501 3.812921 3.802513 3.79239 3.782656 3.773398 3.764691 3.756589 3.749143 3.742383 3.736336 3.731022 3.726459 3.722657 3.719634 3.717404 3.715966 3.71529 3.715304 3.715888 3.716862 3.71801 3.719437 3.721035 3.722553 3.723691 3.724106 3.723411 3.721184 3.716991 3.710405 3.70103 3.68853 3.672666 3.653325 3.630564 3.604652 3.576097 3.545664 3.514369 3.483372 3.453917
4.037 4.025286 4.014478 4.004562 3.995499 3.987224 3.979653 3.972684 3.966201 3.960079 3.954187 3.94839 3.942559 3.936574 3.930326 3.92373 3.916724 3.909279 3.901403 3.893129 3.884392 3.875162 3.865453 3.8553 3.84477 3.833951 3.822954 3.811907 3.800949 3.790224 3.779869 3.77001 3.760755 3.752188 3.744372 3.737354 3.731161 3.725808 3.721304 3.717644 3.714823 3.712834 3.711664 3.711285 3.711633 3.712604 3.714041 3.715731 3.717428 3.719288 3.721202 3.7229 3.72407 3.724363 3.723395 3.720753 3.716016 3.708768 3.698627 3.685262 3.668436 3.648034 3.624113 3.596946 3.567075 3.535338 3.502864 3.470987 3.441117
4.027118 4.015417 4.004666 3.994849 3.98592 3.977809 3.970426 3.963664 3.957399 3.951499 3.945824 3.940235 3.934593 3.928771 3.922652 3.916145 3.90918 3.901724 3.893781 3.885385 3.876479 3.867033 3.857057 3.846587 3.835695 3.824477 3.813058 3.801588 3.79023 3.779154 3.768528 3.758501 3.749203 3.740729 3.733149 3.726506 3.720821 3.716099 3.712334 3.709503 3.707584 3.706543 3.706338 3.706909 3.708159 3.709949 3.712088 3.714327 3.716396 3.718502 3.720536 3.72221 3.723203 3.723163 3.721709 3.71844 3.71295 3.704839 3.693743 3.679342 3.661408 3.639826 3.614651 3.586155 3.5549 3.5218 3.488108 3.455368 3.425205
4.017551 4.005909 3.995259 3.98558 3.976822 3.96891 3.96175 3.955226 3.949211 3.943565 3.938142 3.932796 3.92738 3.92176 3.915813 3.909439 3.902563 3.895145 3.887186 3.878718 3.869696 3.860085 3.84989 3.839147 3.827928 3.816336 3.80451 3.792615 3.780841 3.769387 3.758452 3.748215 3.738824 3.730391 3.722987 3.716654 3.711405 3.707233 3.704118 3.702021 3.700899 3.700693 3.701332 3.702719 3.704724 3.707172 3.709838 3.712443 3.714695 3.716847 3.718793 3.720228 3.720824 3.720226 3.718059 3.713936 3.707466 3.698273 3.68601 3.670382 3.651173 3.628281 3.601758 3.571872 3.539196 3.504698 3.469783 3.436236 3.405962
4.008341 3.996802 3.986292 3.976787 3.968233 3.96055 3.953638 3.947377 3.941635 3.936267 3.93112 3.926041 3.920879 3.915493 3.909753 3.903552 3.89681 3.889479 3.881556 3.873071 3.863991 3.854275 3.843922 3.832964 3.82147 3.809548 3.797344 3.785039 3.772846 3.760997 3.749721 3.739232 3.729701 3.72125 3.713958 3.70786 3.70296 3.699243 3.696673 3.695195 3.694746 3.69524 3.696576 3.698623 3.701216 3.704144 3.707152 3.709928 3.712167 3.714161 3.715807 3.716787 3.716764 3.715383 3.712275 3.707066 3.699385 3.688879 3.675229 3.658166 3.637501 3.613153 3.585185 3.553868 3.519774 3.483902 3.447815 3.413589 3.383475
3.999538 3.988142 3.977809 3.968508 3.960182 3.952748 3.946102 3.94012 3.934664 3.929585 3.924726 3.919929 3.915039 3.909907 3.9044 3.898404 3.891833 3.884634 3.876798 3.868353 3.859277 3.849524 3.839084 3.827983 3.816285 3.804096 3.791565 3.778885 3.76629 3.754039 3.742401 3.731625 3.721907 3.713383 3.706132 3.700183 3.695536 3.692163 3.690016 3.689027 3.689107 3.690149 3.69202 3.694556 3.697555 3.700777 3.703932 3.706685 3.708715 3.710355 3.711498 3.711816 3.710963 3.708586 3.704322 3.697809 3.688699 3.676662 3.661408 3.642703 3.620396 3.594439 3.564929 3.532151 3.496694 3.45956 3.422452 3.387792 3.358243
3.991204 3.979987 3.969858 3.960784 3.952703 3.94553 3.939157 3.933456 3.928287 3.923496 3.918926 3.914412 3.909797 3.904928 3.899668 3.893897 3.887526 3.880496 3.872792 3.864443 3.855433 3.845714 3.835266 3.824106 3.812289 3.799916 3.787133 3.774138 3.76118 3.748544 3.736537 3.725447 3.715502 3.706846 3.69956 3.693667 3.689163 3.686014 3.684158 3.683512 3.683969 3.685395 3.687629 3.690472 3.693693 3.697018 3.700129 3.702671 3.704309 3.70541 3.705867 3.705337 3.703471 3.699914 3.69431 3.686313 3.675591 3.661841 3.644806 3.624288 3.600179 3.572478 3.541331 3.507086 3.47036 3.432188 3.394372 3.359722 3.331332
3.983412 3.972402 3.962498 3.953663 3.945834 3.938921 3.932815 3.927386 3.922491 3.917976 3.91368 3.909437 3.905087 3.900475 3.895461 3.889923 3.883768 3.876933 3.869398 3.861189 3.852304 3.842688 3.832312 3.821182 3.809344 3.796887 3.78395 3.770728 3.757475 3.744496 3.732133 3.720718 3.710511 3.701666 3.694261 3.688324 3.683847 3.680793 3.679088 3.678637 3.679311 3.680954 3.683374 3.686345 3.689605 3.692848 3.695736 3.697891 3.698975 3.699379 3.698993 3.697465 3.69444 3.689565 3.682491 3.672884 3.660435 3.644866 3.625948 3.603529 3.57754 3.548037 3.51523 3.479546 3.441698 3.402829 3.36489 3.330987 3.304547
3.976245 3.965458 3.955789 3.947195 3.939612 3.932948 3.927091 3.921911 3.917266 3.912998 3.908947 3.904948 3.900837 3.896462 3.891679 3.886367 3.880427 3.873798 3.866455 3.858423 3.849709 3.840254 3.830023 3.819012 3.807253 3.794822 3.781846 3.768508 3.755059 3.741813 3.729137 3.717403 3.706905 3.697807 3.690199 3.684114 3.679549 3.676461 3.67477 3.674366 3.675102 3.676797 3.679235 3.682161 3.685285 3.688278 3.690778 3.692397 3.692791 3.692373 3.691026 3.688394 3.684116 3.677844 3.669238 3.657979 3.643777 3.626385 3.605609 3.581336 3.553548 3.522358 3.488055 3.451163 3.412532 3.373524 3.336338 3.304161 3.280558
3.969787 3.95923 3.949792 3.941429 3.934074 3.927633 3.921996 3.917031 3.912596 3.908535 3.904689 3.900891 3.896982 3.892807 3.888226 3.883114 3.877376 3.870946 3.8638 3.855962 3.847448 3.838199 3.828171 3.817351 3.805763 3.793466 3.780568 3.767238 3.753711 3.740302 3.727389 3.715366 3.704554 3.695148 3.68726 3.680937 3.676179 3.672943 3.67114 3.670647 3.6713 3.672895 3.675194 3.677917 3.680748 3.683341 3.685316 3.686277 3.685879 3.68455 3.682171 3.678378 3.672815 3.665137 3.655018 3.642158 3.626292 3.607204 3.584745 3.558846 3.52955 3.497046 3.461712 3.42421 3.38556 3.347361 3.311985 3.282599 3.262721
3.964119 3.953785 3.944564 3.936409 3.929252 3.922999 3.917538 3.912743 3.908468 3.904563 3.900868 3.897221 3.893461 3.889439 3.885013 3.880063 3.874493 3.86824 3.861278 3.853631 3.845325 3.8363 3.826508 3.815931 3.80458 3.792504 3.77979 3.766584 3.753098 3.739634 3.726569 3.714308 3.703192 3.693457 3.685246 3.678625 3.673599 3.670126 3.668108 3.667411 3.667855 3.669218 3.671239 3.67362 3.676027 3.678095 3.679435 3.679647 3.678393 3.676108 3.672672 3.66772 3.660901 3.651883 3.640355 3.626044 3.608717 3.5882 3.564392 3.537287 3.507002 3.473821 3.438245 3.401074 3.363524 3.327366 3.295043 3.269615 3.2544
3.959308 3.949179 3.940147 3.932167 3.925166 3.919055 3.913721 3.909039 3.904868 3.901059 3.897454 3.893895 3.890226 3.886297 3.881972 3.877132 3.871685 3.865568 3.858757 3.851277 3.843163 3.834354 3.824801 3.814482 3.803402 3.791599 3.779142 3.76615 3.752803 3.739377 3.726246 3.713818 3.702457 3.692429 3.683906 3.676973 3.671645 3.667879 3.665575 3.664586 3.66472 3.665741 3.667372 3.669298 3.671171 3.672617 3.673244 3.672651 3.670514 3.66727 3.6628 3.656743 3.648761 3.638536 3.625787 3.610268 3.59179 3.57023 3.54555 3.517819 3.487247 3.454229 3.419397 3.383706 3.348521 3.315717 3.287719 3.267399 3.257753
3.955402 3.945446 3.936567 3.928716 3.921823 3.915799 3.910534 3.905906 3.901776 3.897999 3.89442 3.890885 3.887241 3.883343 3.879056 3.874268 3.868887 3.862853 3.856146 3.848791 3.84083 3.832202 3.82286 3.812781 3.801964 3.79044 3.778265 3.765537 3.752399 3.739095 3.725989 3.713499 3.701993 3.691758 3.682986 3.675777 3.670155 3.666081 3.663451 3.662113 3.661865 3.662461 3.663612 3.664994 3.666252 3.667009 3.666873 3.665454 3.662443 3.658276 3.652837 3.645779 3.636779 3.625545 3.611825 3.595417 3.57618 3.554055 3.529076 3.5014 3.471341 3.439411 3.406372 3.373307 3.341682 3.313394 3.290762 3.276374 3.272764
3.952424 3.942606 3.933837 3.926069 3.919232 3.913241 3.907988 3.903354 3.899204 3.895396 3.89178 3.888206 3.884523 3.880592 3.876281 3.871481 3.866104 3.860093 3.853429 3.846142 3.838275 3.829774 3.820589 3.810698 3.800099 3.788817 3.776902 3.764434 3.75154 3.738431 3.725461 3.713032 3.701512 3.691188 3.682263 3.674848 3.668976 3.66461 3.661647 3.659933 3.659261 3.659379 3.659993 3.660775 3.66137 3.661402 3.660489 3.658256 3.654413 3.649398 3.6431 3.63519 3.625366 3.613369 3.598982 3.582053 3.562498 3.540328 3.515657 3.488738 3.45999 3.430036 3.399747 3.370297 3.343186 3.320256 3.303623 3.295499 3.297872
3.950464 3.940752 3.932054 3.924325 3.917497 3.911486 3.90619 3.901491 3.89726 3.893358 3.889641 3.885961 3.882173 3.87814 3.873737 3.868855 3.863411 3.857351 3.850658 3.843362 3.835517 3.827066 3.817965 3.808189 3.797737 3.786631 3.774918 3.762674 3.750022 3.73717 3.724436 3.71219 3.70078 3.690486 3.681513 3.673976 3.667914 3.663295 3.660017 3.657929 3.656823 3.656446 3.656505 3.656673 3.656599 3.655916 3.654255 3.651261 3.646668 3.640923 3.633925 3.625363 3.61496 3.602489 3.587779 3.570726 3.551312 3.529622 3.505851 3.480348 3.453629 3.426411 3.399645 3.374546 3.352586 3.335475 3.325059 3.323125 3.331105
3.949615 3.939968 3.931297 3.923556 3.916683 3.910594 3.905193 3.900366 3.895988 3.891925 3.888037 3.884181 3.880216 3.876009 3.871439 3.866401 3.860815 3.85463 3.84783 3.840449 3.832546 3.824068 3.814972 3.805234 3.794854 3.783857 3.772292 3.760241 3.747835 3.735279 3.722859 3.7109 3.699715 3.689568 3.680655 3.673087 3.666909 3.662088 3.658531 3.656088 3.654556 3.653687 3.653192 3.652754 3.65203 3.650668 3.648317 3.644645 3.639415 3.633089 3.625576 3.616586 3.60587 3.593236 3.578557 3.561785 3.542965 3.522254 3.499929 3.47642 3.452327 3.428434 3.405734 3.385433 3.368924 3.357731 3.353395 3.35728 3.370321
3.949912 3.940286 3.931591 3.923786 3.91681 3.910584 3.905016 3.899996 3.895405 3.891113 3.886984 3.882881 3.878668 3.874216 3.869406 3.86414 3.858339 3.851955 3.844976 3.837437 3.829405 3.820829 3.811667 3.8019 3.791532 3.780591 3.769137 3.757263 3.745111 3.732879 3.720823 3.709225 3.698361 3.688462 3.679707 3.672199 3.665979 3.661018 3.657226 3.654461 3.652527 3.651186 3.65016 3.649144 3.647813 3.645831 3.642872 3.638631 3.632902 3.626163 3.618336 3.609154 3.598396 3.585906 3.571603 3.555492 3.537681 3.518389 3.497966 3.47691 3.455877 3.435693 3.417351 3.402013 3.390946 3.385465 3.386807 3.395951 3.41342
3.951336 3.941686 3.932919 3.924997 3.917863 3.911443 3.905648 3.900374 3.895507 3.890922 3.886488 3.882073 3.877546 3.872782 3.867668 3.862108 3.856028 3.849383 3.842162 3.834407 3.826188 3.817458 3.808179 3.798335 3.787936 3.777021 3.76566 3.753959 3.742067 3.730177 3.718519 3.707335 3.696859 3.687289 3.678772 3.671403 3.665211 3.660169 3.656194 3.653148 3.650849 3.649071 3.647553 3.646008 3.64413 3.641609 3.638145 3.633462 3.627387 3.620413 3.612479 3.603336 3.592797 3.58074 3.567128 3.552015 3.535561 3.518042 3.499866 3.481577 3.463864 3.447563 3.43364 3.423174 3.417289 3.417088 3.423521 3.437247 3.458463
3.953826 3.944109 3.935226 3.92714 3.919799 3.913134 3.907059 3.901478 3.89628 3.891345 3.88655 3.881767 3.876869 3.871738 3.866265 3.860358 3.853947 3.846992 3.839487 3.831474 3.82303 3.814112 3.804686 3.79474 3.784293 3.773393 3.762121 3.750596 3.738973 3.727437 3.716198 3.705461 3.695419 3.686232 3.678017 3.670848 3.664744 3.659676 3.655566 3.652285 3.649664 3.647496 3.645539 3.643527 3.64118 3.638214 3.63436 3.629374 3.623113 3.616085 3.608241 3.599357 3.589274 3.577906 3.565253 3.551412 3.536588 3.5211 3.505393 3.49004 3.475739 3.46331 3.453664 3.447781 3.446634 3.451121 3.461949 3.479512 3.503772
3.957283 3.947466 3.93843 3.930142 3.922554 3.915601 3.909204 3.903271 3.897696 3.892369 3.887167 3.881971 3.87666 3.871119 3.865247 3.858956 3.852181 3.844887 3.83707 3.828779 3.820094 3.810978 3.801398 3.79135 3.780858 3.769981 3.75881 3.747471 3.736125 3.724952 3.714142 3.703871 3.69429 3.68552 3.677646 3.670719 3.664747 3.659698 3.655496 3.652025 3.649131 3.646625 3.644289 3.641881 3.639151 3.635845 3.631723 3.626575 3.620287 3.613375 3.605804 3.597376 3.587956 3.577489 3.566009 3.553647 3.54064 3.527339 3.514208 3.501827 3.490886 3.482165 3.476503 3.474774 3.477801 3.4863 3.500772 3.52141 3.548008
3.961591 3.951649 3.942432 3.933913 3.926048 3.918777 3.912027 3.90571 3.899729 3.893975 3.888337 3.882698 3.876945 3.870969 3.864674 3.857979 3.850824 3.843179 3.835046 3.826476 3.817556 3.808251 3.798533 3.788403 3.777891 3.767062 3.756015 3.744881 3.733823 3.72302 3.712646 3.702847 3.693736 3.685396 3.677879 3.671218 3.665405 3.660404 3.656147 3.652526 3.649404 3.646615 3.643963 3.641236 3.638212 3.63467 3.630402 3.625227 3.619062 3.612422 3.605286 3.597478 3.588888 3.579488 3.569337 3.558591 3.54751 3.536459 3.525909 3.51643 3.508682 3.503394 3.501327 3.503236 3.509816 3.521623 3.538996 3.56198 3.590258
3.966624 3.95654 3.947126 3.938359 3.9302 3.922593 3.915472 3.908753 3.902347 3.896151 3.890059 3.883963 3.877755 3.871335 3.86461 3.857509 3.849976 3.841987 3.83355 3.82472 3.815589 3.806124 3.796302 3.786128 3.775636 3.764895 3.754007 3.743106 3.732354 3.721927 3.711988 3.702656 3.694008 3.68609 3.678931 3.672535 3.666892 3.661958 3.657669 3.653932 3.650624 3.647602 3.644696 3.641724 3.638494 3.634816 3.630515 3.625439 3.619529 3.613296 3.60673 3.599673 3.592041 3.583823 3.575101 3.566046 3.556928 3.548115 3.540067 3.533336 3.528537 3.526337 3.527418 3.532424 3.541935 3.556376 3.575964 3.600644 3.63004
