ASPA-UH-SWB2_REPO/input/ET_Process/mar_et_clipped.asc
ncols         350
nrows         200
xllcorner     515000
yllcorner     8409000
cellsize      100
NODATA_value  -9999
[rows 93 to 123 of 200, columns 0 to 68 of 350]
-9999 -9999 -9999 -9999 -9999 -9999 -9999 -9999 -9999 -9999 -9999 -9999 -9999 -9999 -9999 -9999 -9999 -9999 -9999 -9999 -9999 -9999 -9999 -9999 -9999 -9999 -9999 -9999 -9999 -9999 -9999 -9999 -9999 -9999 -9999 -9999 -9999 -9999 -9999 -9999 -9999 -9999 4.397217 4.390288 4.383495 -9999 -9999 -9999 4.356215 4.348997 4.341484 4.333629 4.325397 4.316772 4.307751 4.298351 4.288602 4.278548 4.268236 4.257702 4.246914 4.23589 4.224678 4.213349 4.201989 4.19069 4.179548 4.168655 4.158094
-9999 -9999 -9999 -9999 -9999 -9999 -9999 -9999 -9999 -9999 -9999 -9999 -9999 -9999 -9999 -9999 -9999 -9999 -9999 -9999 -9999 -9999 -9999 -9999 -9999 -9999 -9999 -9999 -9999 -9999 -9999 -9999 -9999 -9999 -9999 -9999 -9999 -9999 -9999 -9999 -9999 -9999 4.391668 4.384757 4.377989 4.371289 -9999 -9999 4.350792 4.343557 4.336 4.328067 4.319716 4.310929 4.301702 4.29205 4.282008 4.27162 4.260944 4.250018 4.238811 4.227349 4.215689 4.203907 4.192098 4.18036 4.168797 4.157504 4.146568
-9999 -9999 -9999 -9999 -9999 -9999 -9999 -9999 -9999 -9999 -9999 -9999 -9999 -9999 -9999 -9999 -9999 -9999 -9999 -9999 -9999 -9999 -9999 -9999 -9999 -9999 -9999 -9999 -9999 -9999 -9999 -9999 -9999 -9999 -9999 -9999 -9999 -9999 -9999 -9999 4.400961 4.393562 4.386444 4.379548 4.372804 4.366131 4.359445 4.352655 4.345675 4.33842 4.330814 4.322794 4.314318 4.305358 4.295914 4.285999 4.275649 4.264915 4.253859 4.242526 4.230887 4.218974 4.206852 4.194607 4.182341 4.170161 4.158175 4.146484 4.13518
-9999 -9999 -9999 -9999 -9999 -9999 -9999 -9999 -9999 -9999 -9999 -9999 -9999 -9999 -9999 -9999 -9999 -9999 -9999 -9999 -9999 -9999 -9999 -9999 -9999 -9999 -9999 -9999 -9999 -9999 -9999 -9999 -9999 -9999 -9999 -9999 -9999 -9999 -9999 4.403832 4.396076 4.388666 4.381551 4.374669 4.367946 4.361298 4.354632 4.347855 4.34087 4.333587 4.325922 4.317808 4.309193 4.30005 4.290373 4.28018 4.269508 4.258412 4.246961 4.235208 4.223122 4.210745 4.198151 4.185435 4.172707 4.160083 4.147677 4.135595 4.123933
-9999 -9999 -9999 -9999 -9999 -9999 -9999 -9999 -9999 -9999 -9999 -9999 -9999 -9999 -9999 -9999 -9999 -9999 -9999 -9999 -9999 -9999 -9999 -9999 -9999 -9999 -9999 -9999 -9999 -9999 -9999 -9999 -9999 -9999 -9999 -9999 -9999 -9999 4.407478 4.399301 4.39152 4.384099 4.376987 4.370119 4.363416 4.356789 4.350141 4.343369 4.336372 4.329052 4.321319 4.313096 4.304328 4.294986 4.285062 4.274573 4.26356 4.252086 4.240225 4.228036 4.21549 4.202638 4.189563 4.176371 4.163181 4.150115 4.137296 4.124835 4.112831
-9999 -9999 -9999 -9999 -9999 -9999 -9999 -9999 -9999 -9999 -9999 -9999 -9999 -9999 -9999 -9999 -9999 -9999 -9999 -9999 -9999 -9999 -9999 -9999 -9999 -9999 -9999 -9999 -9999 -9999 -9999 -9999 -9999 -9999 -9999 -9999 -9999 4.411944 4.4033 4.395085 4.387281 4.379852 4.372745 4.36589 4.359205 4.352596 4.34596 4.339188 4.33217 4.324801 4.316984 4.308637 4.299701 4.290141 4.27995 4.269146 4.257776 4.245904 4.233617 4.220979 4.207962 4.194625 4.181065 4.167396 4.153746 4.140247 4.127027 4.114203 4.101877
-9999 -9999 -9999 -9999 -9999 -9999 -9999 -9999 -9999 -9999 -9999 -9999 -9999 -9999 -9999 -9999 -9999 -9999 -9999 -9999 -9999 -9999 -9999 -9999 -9999 -9999 -9999 -9999 -9999 -9999 -9999 -9999 -9999 -9999 -9999 -9999 4.417242 4.408108 4.399416 4.391168 4.383345 4.375909 4.368805 4.361963 4.355294 4.348699 4.342069 4.335287 4.328237 4.320806 4.31289 4.304402 4.295278 4.28548 4.275002 4.263864 4.252115 4.239829 4.2271 4.213999 4.200501 4.186676 4.172628 4.158486 4.144385 4.130466 4.116863 4.103698 4.091076
-9999 -9999 -9999 -9999 -9999 -9999 -9999 -9999 -9999 -9999 -9999 -9999 -9999 -9999 -9999 -9999 -9999 -9999 -9999 -9999 -9999 -9999 -9999 -9999 -9999 -9999 -9999 -9999 -9999 -9999 -9999 -9999 -9999 -9999 4.433354 4.423341 4.413721 4.404534 4.395802 4.387526 4.379686 4.372245 4.365145 4.358312 4.351655 4.345067 4.338434 4.331632 4.324537 4.317028 4.308996 4.300348 4.291015 4.28096 4.270172 4.258677 4.246531 4.233814 4.220629 4.207056 4.193071 4.178754 4.164225 4.149619 4.135082 4.120762 4.1068 4.093322 4.080436
-9999 -9999 -9999 -9999 -9999 -9999 -9999 -9999 -9999 -9999 -9999 -9999 -9999 -9999 -9999 -9999 -9999 -9999 -9999 -9999 -9999 -9999 -9999 -9999 -9999 -9999 -9999 -9999 -9999 -9999 -9999 -9999 -9999 4.440583 4.430172 4.420099 4.410426 4.401196 4.39243 4.38413 4.376276 4.36883 4.361731 4.354902 4.348248 4.34166 4.335012 4.328176 4.321021 4.313417 4.30525 4.296422 4.28686 4.276524 4.265406 4.253535 4.240972 4.227808 4.214156 4.200104 4.185631 4.170828 4.155827 4.140773 4.125822 4.111128 4.096837 4.083079 4.069965
-9999 -9999 -9999 -9999 -9999 -9999 -9999 -9999 -9999 -9999 -9999 -9999 -9999 -9999 -9999 -9999 -9999 -9999 -9999 -9999 -9999 -9999 -9999 -9999 -9999 -9999 -9999 -9999 -9999 -9999 -9999 -9999 -9999 4.437625 4.427163 4.417042 4.407328 4.398063 4.389271 4.380951 4.373084 4.365628 4.358525 4.351692 4.345032 4.338428 4.331751 4.324865 4.31763 4.309912 4.30159 4.292561 4.282749 4.272111 4.260643 4.248376 4.235381 4.221758 4.207632 4.193099 4.178142 4.162865 4.147408 4.131931 4.116594 4.101559 4.086977 4.072979 4.05968
-9999 -9999 -9999 -9999 -9999 -9999 -9999 -9999 -9999 -9999 -9999 -9999 -9999 -9999 -9999 -9999 -9999 -9999 -9999 -9999 -9999 -9999 -9999 -9999 -9999 -9999 -9999 -9999 -9999 -9999 -9999 -9999 4.445551 4.434796 4.424296 4.414142 4.404397 4.395106 4.386292 4.377954 4.370071 4.362603 4.355485 4.348638 4.341956 4.33532 4.328594 4.321636 4.3143 4.306446 4.297947 4.288695 4.278612 4.267653 4.255815 4.243137 4.229698 4.21561 4.201008 4.185999 4.17057 4.154836 4.138952 4.123081 4.107396 4.092061 4.07723 4.06304 4.049602
-9999 -9999 -9999 -9999 -9999 -9999 -9999 -9999 -9999 -9999 -9999 -9999 -9999 -9999 -9999 -9999 -9999 -9999 -9999 -9999 -9999 -9999 -9999 -9999 -9999 -9999 -9999 -9999 -9999 -9999 4.464699 4.453769 4.442848 4.432069 4.421546 4.411369 4.401604 4.392294 4.383462 4.375106 4.367205 4.359715 4.352572 4.345693 4.338971 4.33228 4.325481 4.318425 4.310962 4.302946 4.294247 4.284751 4.274376 4.263079 4.250856 4.237756 4.223867 4.209313 4.194242 4.17877 4.162888 4.146726 4.130446 4.114222 4.098231 4.082644 4.067615 4.053282 4.039756
-9999 -9999 -9999 -9999 -9999 -9999 -9999 -9999 -9999 -9999 -9999 -9999 -9999 -9999 -9999 -9999 -9999 -9999 -9999 -9999 -9999 -9999 -9999 -9999 -9999 -9999 -9999 -9999 -9999 4.472858 4.462073 4.45114 4.440211 4.429423 4.41889 4.408701 4.398923 4.3896 4.380752 4.372376 4.36445 4.356928 4.349745 4.342815 4.336029 4.329257 4.322356 4.315171 4.307549 4.299343 4.290416 4.280654 4.26997 4.25832 4.245704 4.232176 4.217839 4.202827 4.187302 4.171389 4.155085 4.13853 4.121896 4.105366 4.08912 4.073333 4.05816 4.043738 4.030176
-9999 -9999 -9999 -9999 -9999 -9999 -9999 -9999 -9999 -9999 -9999 -9999 -9999 -9999 -9999 -9999 -9999 -9999 -9999 -9999 -9999 -9999 -9999 -9999 -9999 -9999 -9999 -9999 4.481007 4.470241 4.459471 4.448549 4.437627 4.426843 4.416309 4.406118 4.396334 4.387001 4.378136 4.369738 4.361779 4.354212 4.346971 4.339967 4.33309 4.326206 4.319167 4.311817 4.304002 4.295572 4.286389 4.276338 4.265329 4.253316 4.240302 4.226352 4.211578 4.196129 4.180176 4.163854 4.147166 4.130263 4.113325 4.096541 4.080096 4.064166 4.048906 4.03445 4.020904
-9999 -9999 -9999 -9999 -9999 -9999 -9999 -9999 -9999 -9999 -9999 -9999 -9999 -9999 -9999 -9999 -9999 -9999 -9999 -9999 -9999 -9999 -9999 -9999 -9999 -9999 -9999 4.489197 4.478362 4.467632 4.456891 4.445992 4.435089 4.424319 4.413795 4.403607 4.393821 4.384478 4.375595 4.367166 4.359164 4.35154 4.344221 4.337118 4.330118 4.323086 4.315872 4.30832 4.300274 4.291585 4.282116 4.271752 4.260404 4.248023 4.234616 4.220258 4.205073 4.189219 4.172876 4.156186 4.139162 4.121963 4.104778 4.087798 4.071213 4.055198 4.039908 4.025473 4.011993
-9999 -9999 -9999 -9999 -9999 -9999 -9999 -9999 -9999 -9999 -9999 -9999 -9999 -9999 -9999 -9999 -9999 -9999 -9999 -9999 -9999 -9999 -9999 -9999 -9999 -9999 4.497347 4.4865 4.475724 4.465041 4.454339 4.443474 4.4326 4.421853 4.411345 4.401165 4.391378 4.382022 4.373115 4.364647 4.356589 4.348888 4.341471 4.334243 4.327089 4.319873 4.312446 4.304654 4.296341 4.287359 4.277575 4.266873 4.255171 4.242423 4.22864 4.213904 4.198346 4.182129 4.165443 4.148437 4.131132 4.113696 4.096323 4.07921 4.062545 4.046504 4.03124 4.016877 4.00351
-9999 -9999 -9999 -9999 -9999 -9999 -9999 -9999 -9999 -9999 -9999 -9999 -9999 -9999 -9999 -9999 -9999 -9999 -9999 -9999 -9999 -9999 -9999 -9999 -9999 4.505389 4.494587 4.48382 4.473113 4.462487 4.451833 4.441011 4.430173 4.419455 4.408967 4.398796 4.389006 4.379633 4.370692 4.362174 4.354043 4.346247 4.338706 4.331326 4.323987 4.316555 4.308883 4.300817 4.292204 4.282901 4.272776 4.261722 4.249659 4.236551 4.222418 4.207342 4.191457 4.174931 4.157957 4.14069 4.123165 4.105554 4.088057 4.070871 4.054188 4.038179 4.022992 4.008748 3.995536
-9999 -9999 -9999 -9999 -9999 -9999 -9999 -9999 -9999 -9999 -9999 -9999 -9999 -9999 -9999 -9999 -9999 -9999 -9999 -9999 -9999 -9999 -9999 -9999 4.513266 4.502568 4.491869 4.481193 4.470562 4.460001 4.4494 4.438627 4.427831 4.417145 4.406678 4.396514 4.386716 4.377319 4.368334 4.359749 4.351529 4.343616 4.335929 4.32837 4.320819 4.313143 4.305198 4.296832 4.287897 4.278253 4.267776 4.256363 4.243946 4.230498 4.216045 4.200672 4.18451 4.167731 4.150528 4.133061 4.115377 4.097655 4.080096 4.062899 4.046255 4.030331 4.01527 4.001185 3.988161
-9999 -9999 -9999 -9999 -9999 -9999 -9999 -9999 -9999 -9999 -9999 -9999 -9999 -9999 -9999 -9999 -9999 -9999 -9999 -9999 -9999 -9999 -9999 -9999 4.510403 4.499828 4.489239 4.478659 4.468112 4.45762 4.447078 4.436357 4.425605 4.414952 4.404504 4.394345 4.384532 4.375101 4.366059 4.357392 4.349063 4.341012 4.333156 4.325395 4.31761 4.309669 4.301431 4.292748 4.283478 4.273487 4.262658 4.250897 4.238146 4.224386 4.209652 4.194027 4.177643 4.160669 4.143297 4.125691 4.107911 4.090138 4.072576 4.055426 4.038872 4.02308 4.008185 3.994293 3.981479
-9999 -9999 -9999 -9999 -9999 -9999 -9999 -9999 -9999 -9999 -9999 -9999 -9999 -9999 -9999 -9999 -9999 -9999 -9999 -9999 -9999 -9999 -9999 -9999 4.507672 4.497224 4.48675 4.476271 4.465811 4.45539 4.444909 4.434242 4.423535 4.412913 4.402482 4.39232 4.382484 4.373007 4.363894 4.35513 4.346675 4.338466 4.330422 4.322441 4.314404 4.306184 4.297642 4.288636 4.27903 4.268698 4.257531 4.245445 4.23239 4.218359 4.203387 4.187562 4.171011 4.153901 4.13642 4.118735 4.100918 4.083153 4.065644 4.04859 4.032174 4.016551 4.001853 3.988175 3.975585
-9999 -9999 -9999 -9999 -9999 -9999 -9999 -9999 -9999 -9999 -9999 -9999 -9999 -9999 -9999 -9999 -9999 -9999 -9999 -9999 -9999 -9999 -9999 -9999 4.505138 4.49482 4.484461 4.474085 4.463712 4.453363 4.442942 4.432329 4.421665 4.411071 4.40065 4.390479 4.380611 4.371076 4.361879 4.353002 4.344404 4.336022 4.327774 4.319558 4.31126 4.302753 4.293905 4.284579 4.274648 4.263992 4.252512 4.240135 4.226819 4.212561 4.197404 4.181433 4.164774 4.147588 4.130059 4.112353 4.094555 4.076852 4.059444 4.04253 4.026286 4.010863 3.99638 3.982925 3.970558
-9999 -9999 -9999 -9999 -9999 -9999 -9999 -9999 -9999 -9999 -9999 -9999 -9999 -9999 -9999 -9999 -9999 -9999 -9999 -9999 -9999 -9999 4.523012 4.512986 4.502868 4.492676 4.482432 4.472157 4.46187 4.451591 4.441228 4.430666 4.420041 4.409471 4.399054 4.388864 4.378954 4.369349 4.360055 4.351052 4.342297 4.333729 4.325265 4.316807 4.308242 4.299449 4.2903 4.280667 4.270429 4.259477 4.247719 4.235092 4.221561 4.20713 4.191844 4.175787 4.159082 4.141881 4.124363 4.106692 4.088967 4.071372 4.054107 4.037365 4.02132 4.006113 3.991852 3.978617 3.966459
-9999 -9999 -9999 -9999 -9999 -9999 -9999 -9999 -9999 -9999 -9999 -9999 -9999 -9999 -9999 4.585717 4.576959 -9999 4.558883 4.549579 4.54011 4.53049 4.520735 4.510859 4.50088 4.490817 4.480689 4.470516 4.460316 4.450108 4.439802 4.42929 4.418702 4.408152 4.397733 4.387517 4.377554 4.367869 4.358463 4.349318 4.340391 4.331622 4.322929 4.314219 4.305381 4.2963 4.286856 4.276928 4.266403 4.255182 4.243182 4.230348 4.216652 4.202105 4.186749 4.170669 4.153981 4.136831 4.119388 4.101812 4.084215 4.066777 4.049695 4.033158 4.017333 4.002352 3.988313 3.975286 3.963317
-9999 -9999 -9999 -9999 -9999 -9999 -9999 -9999 -9999 -9999 -9999 -9999 -9999 -9999 4.590724 4.582338 4.573765 4.565006 4.556065 4.546948 4.537663 4.528223 4.51864 4.508927 4.499102 4.489182 4.479182 4.469122 4.45902 4.448892 4.438652 4.428196 4.41765 4.407121 4.396699 4.386453 4.376427 4.366648 4.357115 4.34781 4.338692 4.3297 4.32076 4.311779 4.302655 4.293279 4.283537 4.273319 4.262522 4.251055 4.238846 4.225847 4.212038 4.19743 4.18207 4.166038 4.149442 4.13242 4.115129 4.097722 4.080323 4.063105 4.046257 4.029966 4.014391 3.999653 3.985839 3.973014 3.961216
-9999 -9999 -9999 -9999 -9999 -9999 -9999 -9999 -9999 -9999 -9999 -9999 -9999 4.595347 4.587327 4.579129 4.570748 4.562184 4.553439 4.544516 4.535424 4.526171 4.516768 4.507227 4.497564 4.487792 4.477929 4.467989 4.457989 4.447945 4.437775 4.42738 4.416877 4.40637 4.395944 4.385663 4.37557 4.365688 4.35602 4.346545 4.337225 4.328004 4.318809 4.309555 4.300146 4.290481 4.280455 4.269969 4.258927 4.247252 4.234878 4.221766 4.207902 4.1933 4.178005 4.162092 4.145663 4.128845 4.11178 4.094613 4.077476 4.060535 4.043971 4.027958 4.012649 3.998155 3.984558 3.971915 3.960262
-9999 -9999 -9999 -9999 -9999 -9999 -9999 -9999 -9999 -9999 -9999 -9999 4.599704 4.592031 4.584194 4.576184 4.567997 4.559629 4.551081 4.542355 4.533457 4.524393 4.515172 4.505805 4.496305 4.486684 4.476957 4.467138 4.457242 4.447282 4.437181 4.426847 4.416388 4.405903 4.395471 4.385153 4.37499 4.365004 4.355196 4.345549 4.336027 4.326577 4.317133 4.307615 4.297935 4.288 4.277716 4.266993 4.255748 4.243909 4.231423 4.218257 4.204401 4.18987 4.174708 4.158985 4.142794 4.126248 4.109474 4.092608 4.075789 4.059175 4.04293 4.027219 4.012181 3.997923 3.984523 3.972035 3.960493
-9999 -9999 -9999 -9999 -9999 -9999 -9999 -9999 -9999 -9999 -9999 4.603936 4.596581 4.589079 4.581421 4.573596 4.565598 4.557422 4.549067 4.540533 4.531824 4.522945 4.513903 4.504706 4.495366 4.485893 4.476299 4.466598 4.456801 4.446923 4.436889 4.426613 4.416198 4.405733 4.395294 4.384938 4.374704 4.364614 4.354668 4.344852 4.335135 4.325466 4.315786 4.306021 4.296093 4.285917 4.275409 4.26449 4.253085 4.241135 4.228591 4.215429 4.201642 4.187245 4.172281 4.156811 4.140918 4.124703 4.108275 4.091759 4.075301 4.059045 4.043145 4.027746 4.01298 3.998946 3.985722 3.97336 3.961893
-9999 -9999 -9999 -9999 -9999 -9999 -9999 -9999 -9999 -9999 4.608194 4.601118 4.593918 4.586581 4.579093 4.571445 4.563627 4.555634 4.547463 4.539114 4.530586 4.521883 4.513012 4.503978 4.49479 4.485457 4.47599 4.4664 4.456698 4.446895 4.436924 4.426703 4.416327 4.405882 4.395435 4.385042 4.374739 4.364547 4.354469 4.344493 4.33459 4.324717 4.314819 4.304831 4.294683 4.284298 4.273605 4.262532 4.251016 4.239004 4.226458 4.213355 4.199693 4.185487 4.170775 4.15561 4.140066 4.124226 4.108185 4.092053 4.075982 4.060104 4.044557 4.029474 4.014974 4.001152 3.988083 3.975819 3.964395
-9999 -9999 -9999 -9999 -9999 -9999 -9999 -9999 -9999 -9999 4.605795 4.598855 4.591801 4.584617 4.577288 4.569804 4.562154 4.554333 4.546334 4.538156 4.529797 4.521259 4.512547 4.503664 4.494617 4.485415 4.476066 4.466579 4.456964 4.44723 4.437315 4.427145 4.416806 4.406377 4.395922 4.385492 4.375123 4.364835 4.354632 4.344506 4.334432 4.324372 4.314278 4.304093 4.293754 4.283197 4.272357 4.261173 4.24959 4.237565 4.225065 4.212072 4.198584 4.184615 4.170198 4.155379 4.140218 4.124786 4.109157 4.093428 4.077755 4.062261 4.047068 4.032294 4.01805 4.004426 3.991494 3.979306 3.967896
-9999 -9999 -9999 -9999 -9999 -9999 -9999 -9999 -9999 -9999 4.604037 4.597222 4.5903 4.583254 4.57607 4.568736 4.56124 4.553574 4.545732 4.53771 4.529505 4.521118 4.512551 4.503806 4.494889 4.485806 4.476563 4.467169 4.457632 4.447959 4.438095 4.42797 4.417665 4.40725 4.396787 4.386322 4.375891 4.365512 4.355195 4.34493 4.334699 4.324471 4.314203 4.303847 4.293348 4.282651 4.271701 4.260446 4.248839 4.236843 4.224431 4.211588 4.198312 4.184616 4.170526 4.156079 4.141324 4.126315 4.111108 4.095788 4.080514 4.065398 4.050548 4.036074 4.022073 4.008632 3.99582 3.983688 3.972272
-9999 -9999 -9999 -9999 -9999 -9999 -9999 -9999 -9999 -9999 4.602983 4.596278 4.589473 4.58255 4.575494 4.568293 4.560933 4.553405 4.545703 4.53782 4.529753 4.521501 4.513063 4.504442 4.49564 4.486663 4.477515 4.468204 4.458735 4.449117 4.439297 4.429213 4.418937 4.408535 4.398063 4.387566 4.377075 4.366613 4.356189 4.345798 4.335426 4.325047 4.314627 4.304124 4.293494 4.282688 4.271662 4.26037 4.248774 4.236842 4.224551 4.211889 4.198853 4.185454 4.171709 4.157648 4.143305 4.128722 4.113936 4.099019 4.084134 4.06938 4.054859 4.040667 4.026895 4.013622 4.000916 3.988826 3.977388
