ASPA-UH-SWB2_REPO/input/ET_Process/mar_et_clipped.asc
ncols         350
nrows         200
xllcorner     515000
yllcorner     8409000
cellsize      100
NODATA_value  -9999
[rows 155 to 185 of 200, columns 69 to 137 of 350]
-9999 -9999 -9999 -9999 -9999 -9999 -9999 4.260942 4.261355 4.262017 4.262807 4.263588 4.264211 4.264525 4.264385 4.263664 4.262263 4.260127 4.257245 4.253657 4.249396 4.24452 4.239136 4.233387 4.227441 4.221478 4.215682 4.210226 4.205267 4.200944 4.197363 4.194602 4.192703 4.191677 4.191499 4.192117 4.193452 4.195407 4.197875 4.200751 4.203942 4.207381 4.21104 4.214931 4.219117 4.223699 4.228808 4.234589 4.241175 4.248616 4.257046 4.266642 4.277574 4.289992 4.304007 4.319676 4.337008 4.355966 4.376485 4.398481 4.421875 4.446597 4.472602 4.499864 4.528352 4.558006 4.588709 4.620272 4.652426
-9999 -9999 -9999 -9999 -9999 -9999 -9999 4.275462 4.276329 4.277464 4.278748 4.280037 4.281178 4.282012 4.282388 4.28217 4.281254 4.27958 4.277138 4.27397 4.270103 4.265598 4.260562 4.255142 4.249506 4.243837 4.238317 4.233123 4.228415 4.224333 4.220991 4.218471 4.216825 4.216073 4.216201 4.217168 4.218908 4.221334 4.224349 4.227852 4.231754 4.235985 4.240503 4.245307 4.250431 4.255941 4.261931 4.268504 4.275749 4.2837 4.292454 4.302153 4.312952 4.324995 4.338396 4.353229 4.369526 4.387286 4.40648 4.42707 4.449013 4.472275 4.496836 4.522678 4.549777 4.578074 4.60746 4.637749 4.668674
-9999 -9999 -9999 -9999 -9999 -9999 -9999 4.289653 4.290911 4.292459 4.294175 4.295911 4.29751 4.298811 4.299655 4.299901 4.299438 4.298203 4.296187 4.293435 4.289965 4.285838 4.281164 4.276088 4.270779 4.265418 4.260187 4.255262 4.250808 4.246966 4.243854 4.24156 4.240145 4.239635 4.240032 4.241302 4.243394 4.246231 4.249724 4.25378 4.258309 4.263239 4.268517 4.274126 4.280073 4.286396 4.293152 4.300407 4.308216 4.316599 4.32562 4.335387 4.346042 4.357723 4.370546 4.384597 4.399929 4.41657 4.434528 4.453799 4.474377 4.496256 4.519436 4.543914 4.569671 4.596659 4.624778 4.65385 4.683614
-9999 -9999 -9999 -9999 -9999 -9999 -9999 4.303524 4.305109 4.307001 4.309076 4.311187 4.313174 4.314873 4.316123 4.316779 4.316727 4.315897 4.314286 4.311937 4.308863 4.30512 4.300816 4.296094 4.291121 4.286077 4.281141 4.27649 4.272288 4.268679 4.265784 4.263698 4.262487 4.26219 4.262813 4.26434 4.266727 4.269911 4.273812 4.278341 4.28341 4.28894 4.294874 4.301173 4.307827 4.314843 4.322249 4.330077 4.338355 4.347098 4.356344 4.366173 4.376706 4.388072 4.400386 4.413741 4.42821 4.443846 4.460686 4.478759 4.498088 4.518693 4.540593 4.563795 4.588292 4.614042 4.640961 4.668883 4.697551
-9999 -9999 -9999 -9999 -9999 -9999 -9999 4.317109 4.318951 4.321113 4.323469 4.325872 4.328163 4.330178 4.331758 4.332758 4.333061 4.332595 4.331359 4.329401 4.326716 4.323355 4.319424 4.315061 4.310428 4.305702 4.301062 4.296681 4.292725 4.289338 4.286645 4.284747 4.283714 4.283594 4.284405 4.286139 4.288768 4.292236 4.296474 4.301395 4.306915 4.312952 4.319436 4.326316 4.333562 4.341159 4.349107 4.357409 4.366074 4.375119 4.384566 4.39447 4.404925 4.416044 4.427936 4.440703 4.454431 4.469193 4.485054 4.502068 4.520284 4.539744 4.560484 4.582523 4.605863 4.63047 4.656266 4.683098 4.710721
-9999 -9999 -9999 -9999 -9999 -9999 -9999 4.330456 4.332486 4.334839 4.337392 4.339999 4.342503 4.344745 4.346568 4.347831 4.348422 4.348271 4.347379 4.345792 4.343484 4.340499 4.336935 4.332926 4.32863 4.324219 4.319868 4.315749 4.312027 4.308847 4.306338 4.304603 4.303722 4.303747 4.304708 4.306606 4.309422 4.313116 4.317622 4.322862 4.328749 4.3352 4.342138 4.3495 4.357238 4.365317 4.373714 4.382414 4.391407 4.40072 4.41036 4.42036 4.430786 4.441732 4.453301 4.465594 4.47871 4.492738 4.507764 4.523863 4.541107 4.559557 4.579264 4.60026 4.622551 4.646112 4.670867 4.696668 4.723291
-9999 -9999 -9999 -9999 -9999 -9999 -9999 -9999 4.345776 4.348243 4.350907 4.353627 4.356251 4.358626 4.360601 4.362045 4.362852 4.362961 4.362374 4.36113 4.359178 4.356551 4.353341 4.349675 4.345704 4.341594 4.337518 4.333647 4.330142 4.327151 4.324804 4.323209 4.322452 4.322593 4.323668 4.325689 4.328648 4.332512 4.337226 4.342716 4.348895 4.35568 4.362989 4.370748 4.378893 4.387375 4.396153 4.405196 4.414484 4.424051 4.433891 4.444013 4.454462 4.465311 4.476652 4.488585 4.501214 4.514643 4.528972 4.544297 4.560705 4.578274 4.597069 4.617131 4.638475 4.661076 4.684861 4.70969 4.735363
-9999 -9999 -9999 -9999 -9999 -9999 -9999 -9999 4.358886 4.361392 4.364086 4.366833 4.369489 4.371909 4.373952 4.375496 4.376449 4.376758 4.376426 4.375484 4.373856 4.37156 4.368679 4.365333 4.361665 4.357837 4.354017 4.350371 4.347062 4.344238 4.342031 4.340552 4.339893 4.340121 4.341279 4.34339 4.346452 4.350441 4.35531 4.36099 4.3674 4.374453 4.382064 4.390152 4.398641 4.407468 4.41658 4.425933 4.435501 4.445324 4.455382 4.465662 4.476185 4.487008 4.49821 4.509887 4.522147 4.5351 4.54886 4.563536 4.57923 4.596035 4.614024 4.633248 4.653727 4.67544 4.698318 4.722233 4.747007
-9999 -9999 -9999 -9999 -9999 -9999 -9999 -9999 -9999 4.374354 4.377007 4.379706 4.382317 4.384703 4.386738 4.388311 4.389342 4.389787 4.389653 4.388965 4.387617 4.385613 4.383029 4.379971 4.376578 4.373004 4.369413 4.365968 4.36283 4.360147 4.358055 4.356668 4.356082 4.356371 4.357587 4.359758 4.362891 4.366969 4.371951 4.377776 4.384367 4.391639 4.399501 4.407869 4.416657 4.425793 4.435212 4.444862 4.45471 4.464803 4.475104 4.485579 4.496228 4.507091 4.518234 4.529747 4.541739 4.554324 4.567625 4.581761 4.596848 4.612985 4.630257 4.648721 4.668403 4.689288 4.711313 4.734365 4.758286
-9999 -9999 -9999 -9999 -9999 -9999 -9999 -9999 -9999 -9999 4.389755 4.392344 4.394845 4.397133 4.399095 4.400632 4.401678 4.402199 4.402203 4.401713 4.400594 4.398838 4.396506 4.393699 4.390545 4.387193 4.3838 4.380527 4.377533 4.374967 4.372964 4.371644 4.371109 4.371438 4.372688 4.374896 4.378075 4.382214 4.387281 4.393219 4.399958 4.407413 4.415494 4.42411 4.433172 4.442596 4.452312 4.462258 4.472398 4.482782 4.493357 4.504066 4.51489 4.525851 4.537004 4.548433 4.560242 4.57255 4.585484 4.59917 4.613733 4.629281 4.645906 4.663673 4.682614 4.702719 4.723937 4.74617 4.769279
-9999 -9999 -9999 -9999 -9999 -9999 -9999 -9999 -9999 -9999 -9999 4.404849 4.40719 4.409328 4.411162 4.41261 4.413615 4.414153 4.414238 4.41389 4.412947 4.411387 4.409262 4.406662 4.403709 4.400542 4.397315 4.394184 4.391306 4.388831 4.386895 4.385623 4.385118 4.385467 4.386734 4.388961 4.392169 4.396352 4.401484 4.407518 4.414385 4.422005 4.430286 4.439134 4.448457 4.458164 4.468177 4.47843 4.488881 4.499582 4.510462 4.521442 4.532485 4.543595 4.554817 4.566225 4.57792 4.590023 4.602661 4.615968 4.630074 4.645094 4.661128 4.678246 4.696487 4.715851 4.736299 4.757748 4.780077
-9999 -9999 -9999 -9999 -9999 -9999 -9999 -9999 -9999 -9999 -9999 -9999 4.41947 4.421419 4.423085 4.424398 4.425315 4.42582 4.425933 4.425672 4.424852 4.423437 4.421471 4.419036 4.416243 4.413226 4.410131 4.407114 4.404327 4.401921 4.400033 4.39879 4.398302 4.398658 4.39993 4.402165 4.405391 4.409609 4.4148 4.420919 4.427907 4.435683 4.444158 4.453236 4.462818 4.472813 4.483133 4.493708 4.504491 4.515535 4.52675 4.538034 4.549333 4.560634 4.571969 4.583406 4.595041 4.606991 4.619389 4.63237 4.646068 4.660606 4.676088 4.692593 4.710166 4.72882 4.748526 4.769217 4.790793
-9999 -9999 -9999 -9999 -9999 -9999 -9999 -9999 -9999 -9999 -9999 -9999 -9999 4.433535 4.435004 4.43615 4.43694 4.437369 4.437464 4.437242 4.436495 4.435179 4.433328 4.431015 4.428345 4.425445 4.422455 4.419526 4.41681 4.414455 4.412601 4.411377 4.410896 4.411253 4.412525 4.414765 4.418006 4.422258 4.427506 4.433712 4.44082 4.448754 4.457425 4.466735 4.476585 4.486876 4.497518 4.508431 4.519567 4.530978 4.542552 4.554167 4.565749 4.577271 4.588752 4.600253 4.611864 4.623702 4.635896 4.648588 4.661913 4.676001 4.69096 4.706876 4.723806 4.741771 4.760756 4.780711 4.801551
-9999 -9999 -9999 -9999 -9999 -9999 -9999 -9999 -9999 -9999 -9999 -9999 -9999 -9999 4.447053 4.44801 4.448647 4.448968 4.449008 4.448783 4.448068 4.446809 4.445035 4.44281 4.440232 4.437421 4.434513 4.431654 4.428995 4.426682 4.424856 4.423647 4.423172 4.423531 4.424804 4.427053 4.430315 4.434605 4.439915 4.446214 4.453448 4.461546 4.470419 4.479972 4.490098 4.500696 4.511671 4.52294 4.534446 4.54624 4.558189 4.570151 4.582033 4.593794 4.605442 4.617028 4.628638 4.640386 4.652402 4.664827 4.677802 4.691458 4.705912 4.721258 4.737559 4.75485 4.773129 4.792361 4.812479
-9999 -9999 -9999 -9999 -9999 -9999 -9999 -9999 -9999 -9999 -9999 -9999 -9999 -9999 -9999 -9999 4.460582 4.460774 4.460732 4.460474 4.459759 4.458526 4.456798 4.454635 4.452126 4.449386 4.446547 4.443749 4.441141 4.438869 4.437072 4.435884 4.435422 4.435791 4.437077 4.439343 4.442636 4.446974 4.452357 4.458757 4.466127 4.474398 4.483482 4.493283 4.503695 4.514609 4.525928 4.537559 4.549444 4.561628 4.57396 4.586274 4.59846 4.610465 4.622286 4.633965 4.645584 4.657251 4.6691 4.68127 4.693904 4.70714 4.7211 4.735884 4.751568 4.768195 4.785777 4.804295 -9999
-9999 -9999 -9999 -9999 -9999 -9999 -9999 -9999 -9999 -9999 -9999 -9999 -9999 -9999 -9999 -9999 -9999 -9999 -9999 4.472478 4.471742 4.470515 4.468816 4.466698 4.464247 4.461571 4.458796 4.456061 4.45351 4.451286 4.449532 4.448378 4.447946 4.448342 4.449656 4.451957 4.455295 4.459696 4.465164 4.471676 4.479191 4.487642 4.496944 4.506999 4.517698 4.528932 4.540594 4.552589 4.564852 4.577422 4.590127 4.602784 4.615266 4.627506 4.639493 4.651259 4.662882 4.674469 4.68615 4.698065 4.710362 4.723181 4.73665 4.750879 4.76595 4.781918 4.79881 4.816618 -9999
-9999 -9999 -9999 -9999 -9999 -9999 -9999 -9999 -9999 -9999 -9999 -9999 -9999 -9999 -9999 -9999 -9999 -9999 -9999 -9999 -9999 -9999 4.481268 4.479193 4.4768 4.474192 4.47149 4.46883 4.466352 4.464197 4.462506 4.461411 4.461033 4.461481 4.462846 4.465204 4.468606 4.473086 4.478652 4.485287 4.492953 4.501588 4.511109 4.521416 4.5324 4.543945 4.555942 4.568288 4.580914 4.593851 4.606907 4.619882 4.632636 4.645088 4.657218 4.669055 4.680667 4.69216 4.703663 4.715318 4.727273 4.739673 4.752652 4.766325 4.780786 4.796099 4.812303 -9999 -9999
-9999 -9999 -9999 -9999 -9999 -9999 -9999 -9999 -9999 -9999 -9999 -9999 -9999 -9999 -9999 -9999 -9999 -9999 -9999 -9999 -9999 -9999 -9999 4.492253 4.489929 4.487403 4.484793 4.482229 4.479849 4.477791 4.476193 4.475187 4.474894 4.475423 4.476869 4.479308 4.482797 4.487373 4.493049 4.499815 4.507638 4.516458 4.526194 4.536747 4.548003 4.559845 4.572157 4.584833 4.597796 4.611069 4.624442 4.637699 -9999 4.663317 4.67556 4.687436 4.699012 4.710391 4.721698 4.733079 4.744682 4.756656 4.76914 4.782257 4.796107 -9999 -9999 -9999 -9999
-9999 -9999 -9999 -9999 -9999 -9999 -9999 -9999 -9999 -9999 -9999 -9999 -9999 -9999 -9999 -9999 -9999 -9999 -9999 -9999 -9999 -9999 -9999 -9999 -9999 4.501185 4.498683 4.496235 4.493975 4.492039 4.490562 4.489673 4.489494 4.490134 4.491688 4.494235 4.497834 4.502527 4.508332 4.515244 4.523234 4.532248 4.542205 4.553007 4.564537 4.576672 4.589291 4.602283 4.615566 4.629152 4.642815 4.656324 -9999 -9999 -9999 4.706499 4.71801 4.729247 4.740335 4.75142 4.762652 4.774184 4.786159 4.798707 -9999 -9999 -9999 -9999 -9999
-9999 -9999 -9999 -9999 -9999 -9999 -9999 -9999 -9999 -9999 -9999 -9999 -9999 -9999 -9999 -9999 -9999 -9999 -9999 -9999 -9999 -9999 -9999 -9999 -9999 -9999 4.51326 4.510951 4.508837 4.507051 4.505726 4.504989 4.504958 4.505742 4.507438 4.510124 4.513863 4.518698 4.524653 4.53173 4.539902 4.549121 4.559309 4.570365 4.582168 4.594591 4.607506 4.620798 4.634381 4.648253 4.662174 4.6759 -9999 -9999 -9999 -9999 4.737771 4.748832 4.75967 4.770429 4.781265 4.792331 4.803778 -9999 -9999 -9999 -9999 -9999 -9999
-9999 -9999 -9999 -9999 -9999 -9999 -9999 -9999 -9999 -9999 -9999 -9999 -9999 -9999 -9999 -9999 -9999 -9999 -9999 -9999 -9999 -9999 -9999 -9999 -9999 -9999 -9999 -9999 4.524551 4.522949 4.521811 -9999 4.521419 4.522387 4.524263 4.527126 4.531039 4.536049 4.542182 4.549444 4.557817 4.567254 4.577681 4.588993 4.601067 4.613768 4.626963 4.640532 4.654387 4.66851 4.682649 -9999 -9999 -9999 -9999 -9999 -9999 4.769228 4.779778 4.79018 4.800588 4.811162 -9999 -9999 -9999 -9999 -9999 -9999 -9999
-9999 -9999 -9999 -9999 -9999 -9999 -9999 -9999 -9999 -9999 -9999 -9999 -9999 -9999 -9999 -9999 -9999 -9999 -9999 -9999 -9999 -9999 -9999 -9999 -9999 -9999 -9999 -9999 -9999 -9999 -9999 -9999 -9999 4.540191 4.542291 4.545373 4.549501 4.554723 4.561066 4.56854 4.577131 4.5868 4.597473 4.609043 4.62138 4.634344 4.647796 4.661612 4.675702 4.690034 -9999 -9999 -9999 -9999 -9999 -9999 -9999 -9999 -9999 4.810724 4.820672 -9999 -9999 -9999 -9999 -9999 -9999 -9999 -9999
-9999 -9999 -9999 -9999 -9999 -9999 -9999 -9999 -9999 -9999 -9999 -9999 -9999 -9999 -9999 -9999 -9999 -9999 -9999 -9999 -9999 -9999 -9999 -9999 -9999 -9999 -9999 -9999 -9999 -9999 -9999 -9999 -9999 4.559251 4.561624 4.564973 4.569362 4.574837 4.581427 4.589143 4.597976 4.60789 4.618814 4.630638 4.643225 4.656428 4.670105 4.684131 4.698413 -9999 -9999 -9999 -9999 -9999 -9999 -9999 -9999 -9999 -9999 -9999 -9999 -9999 -9999 -9999 -9999 -9999 -9999 -9999 -9999
-9999 -9999 -9999 -9999 -9999 -9999 -9999 -9999 -9999 -9999 -9999 -9999 -9999 -9999 -9999 -9999 -9999 -9999 -9999 -9999 -9999 -9999 -9999 -9999 -9999 -9999 -9999 -9999 -9999 -9999 -9999 -9999 -9999 4.579642 4.582338 4.586004 4.590703 4.596477 4.603355 4.611348 4.620448 4.630621 4.641799 4.653869 4.666684 4.680095 4.693958 4.708148 -9999 -9999 -9999 -9999 -9999 -9999 -9999 -9999 -9999 -9999 -9999 -9999 -9999 -9999 -9999 -9999 -9999 -9999 -9999 -9999 -9999
-9999 -9999 -9999 -9999 -9999 -9999 -9999 -9999 -9999 -9999 -9999 -9999 -9999 -9999 -9999 -9999 -9999 -9999 -9999 -9999 -9999 -9999 -9999 -9999 -9999 -9999 -9999 -9999 -9999 -9999 -9999 -9999 -9999 -9999 4.604477 4.60851 4.613568 4.619689 4.626901 4.63521 4.644605 4.655052 4.666483 4.67878 4.691794 4.705374 4.719377 4.733681 -9999 -9999 -9999 -9999 -9999 -9999 -9999 -9999 -9999 -9999 -9999 -9999 -9999 -9999 -9999 -9999 -9999 -9999 -9999 -9999 -9999
-9999 -9999 -9999 -9999 -9999 -9999 -9999 -9999 -9999 -9999 -9999 -9999 -9999 -9999 -9999 -9999 -9999 -9999 -9999 -9999 -9999 -9999 -9999 -9999 -9999 -9999 -9999 -9999 -9999 -9999 -9999 -9999 -9999 -9999 4.628054 4.632502 4.637964 4.644477 4.652063 4.660724 4.670443 4.68118 4.692858 4.705359 4.718538 4.732245 4.746342 -9999 -9999 -9999 -9999 -9999 -9999 -9999 -9999 -9999 -9999 -9999 -9999 -9999 -9999 -9999 -9999 -9999 -9999 -9999 -9999 -9999 -9999
-9999 -9999 -9999 -9999 -9999 -9999 -9999 -9999 -9999 -9999 -9999 -9999 -9999 -9999 -9999 -9999 -9999 -9999 -9999 -9999 -9999 -9999 -9999 -9999 -9999 -9999 -9999 -9999 -9999 -9999 -9999 -9999 -9999 -9999 -9999 4.657952 4.663857 4.670799 4.678792 4.687833 4.697895 4.708927 4.720845 4.733531 4.746845 4.760642 -9999 -9999 -9999 -9999 -9999 -9999 -9999 -9999 -9999 -9999 -9999 -9999 -9999 -9999 -9999 -9999 -9999 -9999 -9999 -9999 -9999 -9999 -9999
-9999 -9999 -9999 -9999 -9999 -9999 -9999 -9999 -9999 -9999 -9999 -9999 -9999 -9999 -9999 -9999 -9999 -9999 -9999 -9999 -9999 -9999 -9999 -9999 -9999 -9999 -9999 -9999 -9999 -9999 -9999 -9999 -9999 -9999 -9999 -9999 4.691181 4.698577 4.706998 4.716432 4.726843 4.73817 4.75032 4.763175 4.776599 -9999 -9999 -9999 -9999 -9999 -9999 -9999 -9999 -9999 -9999 -9999 -9999 -9999 -9999 -9999 -9999 -9999 -9999 -9999 -9999 -9999 -9999 -9999 -9999
-9999 -9999 -9999 -9999 -9999 -9999 -9999 -9999 -9999 -9999 -9999 -9999 -9999 -9999 -9999 -9999 -9999 -9999 -9999 -9999 -9999 -9999 -9999 -9999 -9999 -9999 -9999 -9999 -9999 -9999 -9999 -9999 -9999 -9999 -9999 -9999 -9999 -9999 4.736557 4.746387 4.757144 4.768758 4.781129 -9999 -9999 -9999 -9999 -9999 -9999 -9999 -9999 -9999 -9999 -9999 -9999 -9999 -9999 -9999 -9999 -9999 -9999 -9999 -9999 -9999 -9999 -9999 -9999 -9999 -9999
-9999 -9999 -9999 -9999 -9999 -9999 -9999 -9999 -9999 -9999 -9999 -9999 -9999 -9999 -9999 -9999 -9999 -9999 -9999 -9999 -9999 -9999 -9999 -9999 -9999 -9999 -9999 -9999 -9999 -9999 -9999 -9999 -9999 -9999 -9999 -9999 -9999 -9999 -9999 4.777546 4.788636 4.800521 4.813097 -9999 -9999 -9999 -9999 -9999 -9999 -9999 -9999 -9999 -9999 -9999 -9999 -9999 -9999 -9999 -9999 -9999 -9999 -9999 -9999 -9999 -9999 -9999 -9999 -9999 -9999
-9999 -9999 -9999 -9999 -9999 -9999 -9999 -9999 -9999 -9999 -9999 -9999 -9999 -9999 -9999 -9999 -9999 -9999 -9999 -9999 -9999 -9999 -9999 -9999 -9999 -9999 -9999 -9999 -9999 -9999 -9999 -9999 -9999 -9999 -9999 -9999 -9999 -9999 -9999 -9999 4.821148 4.833283 -9999 -9999 -9999 -9999 -9999 -9999 -9999 -9999 -9999 -9999 -9999 -9999 -9999 -9999 -9999 -9999 -9999 -9999 -9999 -9999 -9999 -9999 -9999 -9999 -9999 -9999 -9999
