ASPA-UH-SWB2_REPO/input/ET_Process/mar_et_clipped.asc
ncols         350
nrows         200
xllcorner     515000
yllcorner     8409000
cellsize      100
NODATA_value  -9999
[rows 31 to 61 of 200, columns 207 to 275 of 350]
3.838221 3.838712 3.839324 3.840037 -9999 -9999 -9999 -9999 -9999 -9999 -9999 -9999 -9999 -9999 -9999 -9999 -9999 -9999 -9999 -9999 -9999 -9999 -9999 -9999 -9999 -9999 -9999 -9999 -9999 -9999 -9999 -9999 -9999 -9999 -9999 -9999 -9999 -9999 -9999 -9999 -9999 -9999 -9999 -9999 -9999 -9999 -9999 -9999 -9999 -9999 -9999 -9999 -9999 -9999 -9999 -9999 -9999 -9999 -9999 -9999 -9999 -9999 -9999 -9999 -9999 -9999 -9999 -9999 -9999
3.821063 3.821537 3.822144 3.822865 -9999 -9999 -9999 -9999 -9999 -9999 -9999 -9999 -9999 -9999 -9999 -9999 -9999 -9999 -9999 -9999 -9999 -9999 -9999 -9999 -9999 -9999 -9999 -9999 -9999 -9999 -9999 -9999 -9999 -9999 -9999 -9999 -9999 -9999 -9999 -9999 -9999 -9999 -9999 -9999 -9999 -9999 -9999 -9999 -9999 -9999 -9999 -9999 -9999 -9999 -9999 -9999 -9999 -9999 -9999 -9999 -9999 -9999 -9999 -9999 -9999 -9999 -9999 -9999 -9999
3.804019 3.804472 3.80507 3.805793 -9999 -9999 3.808576 3.809685 3.810885 3.812179 -9999 -9999 -9999 -9999 -9999 -9999 -9999 -9999 -9999 -9999 -9999 -9999 -9999 -9999 -9999 -9999 -9999 -9999 -9999 -9999 -9999 -9999 -9999 -9999 -9999 -9999 -9999 -9999 -9999 -9999 -9999 -9999 -9999 -9999 -9999 -9999 -9999 -9999 -9999 -9999 -9999 -9999 -9999 -9999 -9999 -9999 -9999 -9999 -9999 -9999 -9999 -9999 -9999 -9999 -9999 -9999 -9999 -9999 -9999
3.78725 3.787679 3.788263 3.78898 3.789815 3.790756 3.791795 3.792931 3.794165 3.795501 3.796944 -9999 -9999 -9999 -9999 -9999 -9999 -9999 -9999 -9999 -9999 -9999 -9999 -9999 -9999 -9999 -9999 -9999 -9999 -9999 -9999 -9999 -9999 -9999 -9999 -9999 -9999 3.896553 3.905361 -9999 -9999 -9999 -9999 -9999 -9999 -9999 -9999 -9999 -9999 -9999 -9999 -9999 -9999 -9999 -9999 -9999 -9999 -9999 -9999 -9999 -9999 -9999 -9999 -9999 -9999 -9999 -9999 -9999 -9999
3.770891 3.771296 3.771861 3.772565 3.773391 3.774326 3.775364 3.776503 3.777744 3.77909 3.780547 3.78212 -9999 -9999 -9999 -9999 3.791778 3.79405 -9999 -9999 -9999 -9999 -9999 -9999 -9999 -9999 -9999 -9999 -9999 -9999 3.833139 3.838097 3.84366 -9999 -9999 -9999 3.872281 3.880895 3.889941 3.899296 -9999 -9999 -9999 -9999 -9999 -9999 -9999 -9999 -9999 3.975513 3.978853 3.981316 -9999 -9999 -9999 -9999 -9999 -9999 -9999 -9999 -9999 -9999 -9999 -9999 -9999 -9999 -9999 -9999 -9999
3.755059 3.755439 3.755981 3.756663 3.757468 3.758381 3.759397 3.760512 3.761727 3.763047 3.764477 3.766021 3.767684 -9999 -9999 3.773386 3.775516 3.777749 3.780074 -9999 -9999 -9999 -9999 -9999 -9999 3.798362 3.801305 -9999 -9999 3.811734 3.816118 3.821077 3.826666 3.832924 3.839866 3.847484 3.855739 3.864563 3.873855 3.883481 -9999 -9999 -9999 3.92186 3.930478 -9999 -9999 -9999 -9999 3.960479 3.963525 3.965658 3.96697 -9999 -9999 -9999 -9999 -9999 -9999 -9999 -9999 -9999 -9999 -9999 -9999 -9999 -9999 -9999 -9999
3.739848 3.740204 3.740721 3.741374 3.742144 3.743018 3.743989 3.745051 3.746208 3.747463 3.748821 3.750287 3.751866 -9999 3.755366 3.757286 3.759312 3.761438 3.763653 3.765948 -9999 -9999 -9999 -9999 3.778391 3.781112 3.783958 3.786988 3.790368 3.794191 3.798537 3.803479 3.809077 3.815374 3.822393 3.830129 3.838547 3.847578 3.857117 3.867022 3.877118 -9999 3.897073 3.906499 3.915282 3.923244 3.930246 -9999 3.941046 3.944807 3.947531 3.949308 3.950258 3.950519 -9999 -9999 -9999 -9999 -9999 -9999 -9999 -9999 -9999 -9999 -9999 -9999 -9999 -9999 -9999
3.725332 3.725668 3.726157 3.726774 3.727499 3.728317 3.729219 3.730201 3.731266 3.732415 3.733656 3.734994 3.736433 3.737976 3.739626 3.741379 3.743234 3.745182 3.747217 3.74933 3.751512 -9999 -9999 3.758439 3.760899 3.763473 3.766198 3.769134 3.772432 3.776185 3.780476 3.785383 3.790971 3.79729 3.804366 3.812203 3.820769 3.829996 3.839777 3.849961 3.860361 3.870756 3.880906 3.890571 3.899522 3.907564 3.914546 3.920372 3.925007 3.928472 3.930842 3.932236 3.932803 3.932712 3.932141 -9999 -9999 -9999 -9999 -9999 -9999 -9999 -9999 -9999 -9999 -9999 -9999 -9999 -9999
3.711568 3.711889 3.71235 3.712926 3.713595 3.714341 3.715153 3.716028 3.716966 3.717972 3.719051 3.72021 3.721455 3.72279 3.724219 3.725741 3.727355 3.729057 3.730843 3.732706 3.734642 3.736647 3.738723 3.74088 3.743139 3.745538 3.748122 3.750953 3.754158 3.75783 3.762054 3.766911 3.772472 3.778792 3.785904 3.793818 3.802508 3.811911 3.821918 3.832372 3.843071 3.853771 3.864208 3.87411 3.883222 3.891329 3.898267 3.903939 3.90832 3.91145 3.913432 3.914415 3.914583 3.914137 3.913284 3.912225 -9999 -9999 -9999 -9999 -9999 -9999 -9999 -9999 -9999 -9999 -9999 -9999 -9999
3.698594 3.698906 3.699342 3.699873 3.700478 3.701137 3.701841 3.702583 3.703365 3.704191 3.705067 3.706001 3.707 3.708071 3.709218 3.710446 3.711756 3.713146 3.714617 3.716168 3.717796 3.719505 3.721302 3.723199 3.725226 3.727429 3.729861 3.732583 3.735691 3.739275 3.743424 3.74822 3.753737 3.760037 3.76716 3.775122 3.783905 3.793452 3.803657 3.814357 3.825337 3.836329 3.847039 3.857161 3.866414 3.874556 3.881413 3.886889 3.890968 3.893718 3.895273 3.89582 3.895578 3.894784 3.893676 3.89248 3.891207 -9999 3.887078 3.88567 3.885524 -9999 -9999 -9999 -9999 -9999 -9999 -9999 -9999
3.686434 3.686747 3.68716 3.687646 3.688179 3.68874 3.689318 3.689907 3.690506 3.691119 3.691754 3.692421 3.693128 3.693884 3.694698 3.695575 3.696522 3.697543 3.698642 3.699821 3.701088 3.702452 3.703925 3.705529 3.707302 3.709296 3.711573 3.714189 3.717202 3.7207 3.724769 3.729496 3.734957 3.741216 3.748322 3.756298 3.765134 3.774781 3.78514 3.796046 3.807271 3.818522 3.829472 3.839781 3.849133 3.857265 3.863989 3.86921 3.872931 3.87525 3.876338 3.876426 3.875774 3.874655 3.873338 3.872072 3.870884 3.869115 3.867447 3.866607 3.867132 3.869384 -9999 -9999 -9999 -9999 -9999 -9999 -9999
3.675099 3.675423 3.675821 3.676261 3.676719 3.677174 3.677613 3.678029 3.678421 3.678795 3.679158 3.679522 3.679897 3.680295 3.680729 3.681209 3.681745 3.682346 3.683023 3.683786 3.684648 3.685627 3.686744 3.688031 3.689536 3.691317 3.693443 3.695961 3.698887 3.702303 3.706295 3.710949 3.716343 3.722545 3.729606 3.737558 3.746399 3.756092 3.766543 3.777594 3.789004 3.800457 3.81159 3.822025 3.831414 3.839469 3.845989 3.850885 3.854182 3.856014 3.856599 3.856215 3.855168 3.85377 3.852315 3.85107 3.850081 3.848712 3.847625 3.847508 3.848859 3.851992 3.857064 -9999 -9999 -9999 -9999 -9999 -9999
3.664587 3.664935 3.665325 3.665725 3.666107 3.66645 3.66674 3.666969 3.667138 3.66725 3.667315 3.667346 3.667358 3.667364 3.667382 3.667426 3.667512 3.667657 3.667876 3.668188 3.668615 3.669183 3.669925 3.670883 3.672114 3.673685 3.675668 3.678101 3.680954 3.684298 3.68822 3.692802 3.698123 3.704252 3.711244 3.719133 3.727928 3.737599 3.748065 3.759176 3.770685 3.782252 3.793476 3.803946 3.813282 3.821169 3.827398 3.831886 3.834685 3.835975 3.836029 3.835178 3.833777 3.832172 3.830682 3.829587 3.828941 3.828139 3.827812 3.828599 3.830945 3.835114 3.841212 3.849215 3.85899 3.870323 -9999 -9999 -9999
3.654884 3.655273 3.655667 3.656033 3.656342 3.656571 3.656707 3.65674 3.656672 3.656507 3.656255 3.655933 3.655557 3.655146 3.654721 3.654303 3.653913 3.653576 3.653314 3.653155 3.653131 3.653277 3.653638 3.654266 3.655228 3.656596 3.658451 3.660818 3.663613 3.666902 3.670764 3.675279 3.680526 3.686571 3.693471 3.701262 3.709957 3.719534 3.729923 3.740985 3.752474 3.764025 3.775208 3.785583 3.794743 3.802351 3.808185 3.812172 3.8144 3.815102 3.814615 3.81333 3.811648 3.809948 3.808566 3.807785 3.807664 3.807628 3.808267 3.810158 3.813683 3.819046 3.826302 3.835385 3.846129 3.858303 -9999 -9999 3.900541
3.64597 3.646417 3.646829 3.647171 3.647413 3.647531 3.647511 3.647345 3.647032 3.64658 3.646 3.645311 3.644533 3.643689 3.642806 3.64191 3.641031 3.640199 3.639447 3.638812 3.638334 3.63806 3.638046 3.638355 3.639061 3.640245 3.64199 3.644314 3.647073 3.650324 3.65414 3.658598 3.66377 3.669723 3.676511 3.68417 3.692715 3.702124 3.712336 3.723218 3.734528 3.745886 3.756847 3.766955 3.775785 3.78298 3.788306 3.791699 3.79329 3.793378 3.792372 3.790724 3.788878 3.787241 3.786155 3.785897 3.786519 3.78748 3.789314 3.792524 3.797417 3.804134 3.812672 3.822922 3.834693 3.847738 3.861776 3.876519 3.891685
3.637813 3.638339 3.638786 3.639117 3.639301 3.639314 3.639142 3.638776 3.638218 3.637475 3.636563 3.635502 3.634316 3.633034 3.631688 3.630311 3.628941 3.627615 3.626376 3.625272 3.624351 3.623673 3.623302 3.623312 3.623786 3.624809 3.626472 3.628777 3.631524 3.634757 3.638544 3.642954 3.648054 3.653907 3.660562 3.668053 3.676393 3.68556 3.695487 3.70604 3.716974 3.727919 3.738435 3.748068 3.756385 3.763016 3.767717 3.770431 3.771341 3.770825 3.769367 3.767479 3.765642 3.764277 3.763724 3.764239 3.765857 3.768073 3.771348 3.776098 3.782547 3.790763 3.800689 3.812174 3.825004 3.838922 3.853655 3.868928 3.884486
3.630374 3.631001 3.631501 3.631837 3.631976 3.631895 3.631578 3.631019 3.63022 3.62919 3.627948 3.626517 3.624926 3.62321 3.621407 3.619557 3.617705 3.615899 3.614191 3.612636 3.611296 3.61024 3.609541 3.609283 3.609555 3.610449 3.61206 3.614374 3.617135 3.620373 3.624146 3.628518 3.633548 3.639289 3.645787 3.653068 3.661138 3.669969 3.679486 3.689541 3.699891 3.710186 3.720013 3.728934 3.736529 3.742434 3.746397 3.74837 3.748596 3.747542 3.745762 3.743819 3.74222 3.741389 3.741651 3.743228 3.746127 3.749871 3.754838 3.761343 3.769518 3.779356 3.790745 3.803497 3.817381 3.832142 3.847518 3.86326 3.879142
3.623607 3.624359 3.624933 3.625291 3.625401 3.625239 3.62479 3.624048 3.623017 3.62171 3.620147 3.618357 3.616373 3.614237 3.611992 3.609687 3.607375 3.605113 3.602962 3.600989 3.599264 3.597866 3.596877 3.59639 3.596498 3.5973 3.598892 3.601247 3.604048 3.607313 3.61109 3.615433 3.620389 3.626005 3.632313 3.639333 3.647057 3.655446 3.66441 3.673794 3.683355 3.692773 3.701665 3.70963 3.71628 3.721282 3.724403 3.725611 3.725217 3.723764 3.721864 3.720113 3.719035 3.719046 3.720442 3.723396 3.727875 3.733427 3.740328 3.748779 3.758818 3.770359 3.78324 3.797244 3.812133 3.827661 3.843591 3.859704 3.875814
3.617458 3.618358 3.619028 3.619428 3.619527 3.619301 3.618735 3.617825 3.616578 3.615009 3.613142 3.611011 3.608654 3.606119 3.603457 3.600725 3.597984 3.595301 3.592746 3.590394 3.588328 3.586632 3.5854 3.584728 3.584717 3.585468 3.587078 3.589506 3.592375 3.595689 3.599486 3.603806 3.608687 3.61416 3.620245 3.626948 3.634246 3.642085 3.650361 3.658912 3.667504 3.675841 3.683582 3.69037 3.695868 3.699794 3.701978 3.702457 3.701585 3.699943 3.69818 3.696916 3.696679 3.697868 3.700737 3.705395 3.711753 3.719375 3.728421 3.738969 3.750955 3.764223 3.778564 3.793746 3.809534 3.825704 3.842052 3.858402 3.874613
3.611864 3.612935 3.613723 3.614187 3.614295 3.614024 3.613361 3.612303 3.610859 3.609049 3.606902 3.604454 3.601752 3.598848 3.595803 3.59268 3.58955 3.586488 3.583575 3.580895 3.578538 3.576598 3.575175 3.57437 3.574287 3.575031 3.576698 3.57923 3.582196 3.585582 3.589415 3.59372 3.598522 3.603837 3.609669 3.616006 3.622809 3.630007 3.637485 3.645077 3.652561 3.659669 3.666102 3.671558 3.675764 3.678516 3.679739 3.679565 3.678386 3.676793 3.675448 3.674983 3.67592 3.678629 3.683308 3.689987 3.698501 3.708418 3.719767 3.732495 3.74644 3.761381 3.777075 3.793288 3.809804 3.826433 3.843019 3.859434 3.875587
3.606751 3.608017 3.608945 3.609495 3.609634 3.60934 3.608601 3.607419 3.605804 3.60378 3.60138 3.598647 3.595633 3.592399 3.589011 3.585542 3.582071 3.578682 3.575465 3.572513 3.569923 3.567797 3.566239 3.565356 3.565253 3.566036 3.5678 3.570469 3.57356 3.577041 3.580927 3.585228 3.589953 3.595102 3.60066 3.606599 3.612861 3.619362 3.625975 3.632537 3.638839 3.644645 3.649703 3.653772 3.656658 3.658252 3.658585 3.657879 3.656572 3.655262 3.654613 3.655252 3.657684 3.662238 3.66904 3.678022 3.688923 3.701295 3.715026 3.729928 3.745748 3.762212 3.779063 3.796081 3.813085 3.829935 3.84653 3.862804 3.878718
3.602039 3.603519 3.604609 3.605266 3.605458 3.605165 3.604377 3.603097 3.60134 3.599133 3.596515 3.593535 3.590251 3.58673 3.583048 3.579284 3.575527 3.57187 3.568409 3.565246 3.562486 3.560236 3.558604 3.557701 3.557632 3.558501 3.560402 3.56324 3.566483 3.570085 3.574044 3.578357 3.583015 3.588002 3.593286 3.598819 3.60453 3.61032 3.61606 3.621588 3.626716 3.631241 3.63496 3.637704 3.639361 3.639922 3.63952 3.638463 3.637235 3.636448 3.636763 3.638791 3.64301 3.649697 3.65889 3.670399 3.683845 3.698742 3.714826 3.731783 3.749278 3.767007 3.784721 3.802233 3.819416 3.836195 3.852535 3.868433 3.883909
3.59763 3.599344 3.600615 3.6014 3.601669 3.601402 3.600592 3.599244 3.597378 3.595026 3.592231 3.589047 3.58554 3.581784 3.577862 3.573862 3.569881 3.566018 3.562379 3.559072 3.556209 3.5539 3.552258 3.551394 3.551414 3.552417 3.554493 3.557532 3.560956 3.564704 3.568762 3.573109 3.577722 3.582567 3.587598 3.59275 3.59794 3.60306 3.607979 3.612545 3.616592 3.619952 3.622478 3.624068 3.624697 3.624449 3.623551 3.622386 3.621486 3.621481 3.623026 3.626711 3.632975 3.642032 3.65382 3.668002 3.684053 3.701426 3.719704 3.73846 3.757304 3.775926 3.794108 3.811723 3.828716 3.845088 3.860878 3.876152 3.890987
3.593416 3.595377 3.596846 3.59778 3.598149 3.597935 3.597132 3.595752 3.593815 3.591358 3.588432 3.585094 3.581419 3.577486 3.573385 3.569213 3.565074 3.561075 3.557329 3.553949 3.551052 3.548753 3.547166 3.546401 3.546563 3.547747 3.550037 3.553306 3.55694 3.560864 3.565049 3.569462 3.574064 3.578807 3.583631 3.588459 3.593199 3.597741 3.601955 3.605703 3.608843 3.611247 3.612821 3.613528 3.613423 3.612675 3.611593 3.610626 3.610352 3.611417 3.61447 3.620071 3.628607 3.640218 3.654726 3.671625 3.690216 3.709869 3.730032 3.750187 3.769921 3.788949 3.807117 3.824376 3.840761 3.856363 3.8713 3.885703 3.899704
3.589268 3.591486 3.593167 3.594269 3.594761 3.594627 3.593866 3.592489 3.590524 3.588011 3.585005 3.58157 3.577786 3.573741 3.56953 3.565258 3.561034 3.556974 3.553195 3.549817 3.546959 3.544739 3.543272 3.542667 3.543024 3.544435 3.546974 3.550503 3.554376 3.558506 3.562851 3.567368 3.572005 3.576702 3.581389 3.585983 3.590385 3.594486 3.598166 3.601303 3.603781 3.605513 3.606453 3.606627 3.606158 3.605289 3.604395 3.603985 3.604672 3.607124 3.611979 3.619758 3.630773 3.645065 3.66233 3.681863 3.702775 3.724354 3.745934 3.766948 3.786993 3.805848 3.823447 3.839848 3.855189 3.869655 3.883443 3.89675 3.909751
3.585039 3.587519 3.589422 3.590708 3.591346 3.591323 3.590638 3.589307 3.587361 3.584845 3.581817 3.57835 3.574526 3.57044 3.566195 3.5619 3.557672 3.55363 3.549898 3.5466 3.543857 3.541789 3.540508 3.540122 3.540727 3.542407 3.54523 3.549043 3.553182 3.557549 3.562092 3.566758 3.571486 3.576208 3.580848 3.585319 3.589524 3.59336 3.59672 3.599499 3.601614 3.603011 3.603693 3.603739 3.603328 3.602762 3.60247 3.603007 3.605017 3.609182 3.616131 3.626341 3.64003 3.657089 3.677039 3.698968 3.72182 3.744815 3.767209 3.788424 3.808115 3.826155 3.842601 3.857632 3.871503 3.884492 3.896874 3.9089 3.92078
3.580555 3.583294 3.585428 3.586912 3.58772 3.587838 3.587269 3.586031 3.584158 3.581698 3.578716 3.575288 3.571502 3.567456 3.56326 3.559029 3.554883 3.550947 3.547349 3.544213 3.541664 3.53982 3.538793 3.538686 3.539589 3.541579 3.544716 3.548836 3.553266 3.557899 3.562679 3.567542 3.572422 3.577249 3.581944 3.586422 3.590593 3.594362 3.597639 3.600344 3.602421 3.603853 3.604682 3.605031 3.605124 3.605307 3.606048 3.607929 3.611617 3.617799 3.627095 3.639935 3.656426 3.676265 3.698716 3.722674 3.746965 3.770756 3.793271 3.813967 3.832599 3.849177 3.8639 3.877088 3.88911 3.900341 3.911121 3.921742 3.932436
3.576049 3.579021 3.581357 3.583014 3.583968 3.584208 3.583738 3.582582 3.580775 3.578373 3.575443 3.572066 3.568335 3.564354 3.560237 3.556104 3.552081 3.548295 3.544877 3.541954 3.539651 3.538085 3.537366 3.537591 3.538845 3.541195 3.544691 3.54916 3.553927 3.558879 3.563953 3.569084 3.574202 3.579237 3.584114 3.588753 3.593074 3.597 3.600459 3.603395 3.605784 3.607639 3.609037 3.610137 3.611196 3.612587 3.614802 3.618436 3.624157 3.632645 3.644499 3.660099 3.679433 3.701965 3.726683 3.752285 3.777494 3.801447 3.823381 3.842848 3.859746 3.874258 3.886749 3.897685 3.907554 3.916812 3.925856 3.935003 3.944492
3.572181 3.575331 3.577803 3.579559 3.580577 3.580851 3.580391 3.579226 3.577399 3.574969 3.572009 3.568608 3.564864 3.560888 3.556799 3.552723 3.54879 3.545134 3.541888 3.53918 3.537138 3.535875 3.535499 3.536103 3.537763 3.540539 3.544468 3.549368 3.554554 3.559911 3.565373 3.570874 3.576348 3.581726 3.58694 3.591922 3.596606 3.600931 3.604851 3.608335 3.611384 3.614046 3.616423 3.618701 3.621159 3.624184 3.628277 3.634032 3.6421 3.65313 3.667677 3.686064 3.708161 3.733193 3.759879 3.786722 3.812346 3.835864 3.85657 3.874165 3.888741 3.900679 3.910532 3.91891 3.926412 3.933568 3.940814 3.948476 3.956787
3.568969 3.572265 3.574832 3.57664 3.577671 3.577928 3.577427 3.576204 3.574307 3.571803 3.568774 3.565312 3.561526 3.557531 3.553454 3.549426 3.545583 3.542062 3.539 3.53653 3.534776 3.533853 3.533864 3.534896 3.537018 3.540281 3.544711 3.55011 3.555787 3.561626 3.567562 3.57353 3.579469 3.585316 3.591014 3.596506 3.601744 3.606688 3.611313 3.615616 3.619623 3.623406 3.627091 3.630878 3.635056 3.640017 3.646255 3.654351 3.664926 3.678578 3.695786 3.716784 3.741328 3.768431 3.796597 3.824164 3.84966 3.872165 3.89107 3.906266 3.918079 3.927112 3.934097 3.939789 3.94488 3.949959 3.955478 3.961763 3.969019
3.566415 3.569839 3.572482 3.57432 3.575344 3.575563 3.575003 3.573704 3.571725 3.56914 3.566035 3.562514 3.558689 3.554684 3.550632 3.546669 3.542938 3.53958 3.536735 3.534536 3.53311 3.532569 3.533013 3.534523 3.537159 3.540962 3.545946 3.551901 3.558128 3.564513 3.570994 3.577512 3.584009 3.590434 3.59674 3.602884 3.608836 3.614577 3.620102 3.625432 3.630618 3.635749 3.640967 3.646478 3.652568 3.659618 3.668109 3.678597 3.691663 3.707837 3.727504 3.750763 3.777204 3.805726 3.83472 3.862407 3.887224 3.908205 3.924859 3.937313 3.946142 3.952164 3.956281 3.959368 3.962196 3.965387 3.969397 3.974529 3.980951
