ASPA-UH-SWB2_REPO/input/ET_Process/may_et_clipped.asc
ncols         350
nrows         200
xllcorner     515000
yllcorner     8409000
cellsize      100
NODATA_value  -9999
[rows 93 to 123 of 200, columns 69 to 137 of 350]
4.09138 4.086648 4.081564 4.076172 4.070439 4.064336 4.057842 4.05094 4.043617 4.035863 4.027675 4.01905 4.009988 4.000491 3.990566 3.980217 3.969453 3.958284 3.946722 3.934783 3.922484 3.90985 3.896911 3.883702 3.870265 3.856644 3.842888 3.829037 3.815135 3.80122 3.787323 3.773481 3.759721 3.746076 3.732576 3.719256 3.706149 3.693218 3.680484 3.668052 3.655999 3.644378 3.633218 3.622524 3.612282 3.602453 3.592985 3.583807 3.574834 3.565973 3.55712 3.548164 3.538986 3.529459 3.519447 3.508812 3.497413 3.485117 3.47181 3.457406 3.441854 3.425149 3.407331 3.388489 3.368762 3.348339 3.327457 3.306384 3.285381
4.072566 4.067361 4.061821 4.055967 4.049772 4.043211 4.036265 4.028924 4.021176 4.013018 4.004446 3.995461 3.986066 3.976267 3.96607 3.955483 3.944516 3.933178 3.921484 3.909449 3.897091 3.884434 3.871505 3.858337 3.844968 3.831438 3.817788 3.804057 3.790282 3.776495 3.762724 3.748998 3.735343 3.721788 3.708363 3.695101 3.682038 3.669138 3.656427 3.644007 3.631957 3.62033 3.609156 3.598442 3.588176 3.578321 3.568829 3.559629 3.550645 3.541786 3.532953 3.524036 3.51492 3.505476 3.495562 3.485024 3.473702 3.461442 3.448107 3.433591 3.417832 3.400821 3.382606 3.363296 3.343065 3.322143 3.300813 3.279385 3.258157
4.053924 4.048256 4.042273 4.035972 4.029332 4.022333 4.014961 4.007207 3.999064 3.990532 3.981611 3.972303 3.962616 3.952556 3.942132 3.931353 3.920229 3.908772 3.896996 3.884915 3.872547 3.859913 3.84704 3.833955 3.820692 3.807288 3.793775 3.780191 3.766569 3.752933 3.73931 3.725719 3.712186 3.698736 3.6854 3.672211 3.659205 3.646351 3.633675 3.621279 3.609243 3.597623 3.586448 3.57573 3.565455 3.555592 3.546092 3.536892 3.527916 3.519078 3.510281 3.501423 3.492388 3.483047 3.473253 3.462836 3.451617 3.439412 3.426061 3.411435 3.395459 3.378117 3.359463 3.339628 3.318816 3.297302 3.275416 3.253519 3.231958
4.035532 4.029416 4.023004 4.016277 4.009214 4.001803 3.994031 3.985894 3.97739 3.968519 3.959286 3.949697 3.93976 3.929484 3.918879 3.907956 3.896725 3.8852 3.873393 3.861317 3.848989 3.836427 3.823654 3.810695 3.797577 3.784331 3.770988 3.757579 3.744133 3.730671 3.717213 3.703775 3.690378 3.677049 3.663816 3.650716 3.637784 3.624994 3.612369 3.600015 3.588013 3.576419 3.565267 3.554567 3.544311 3.534467 3.524991 3.515821 3.506884 3.498097 3.489367 3.480594 3.471664 3.462452 3.452805 3.442541 3.431454 3.419335 3.405993 3.391278 3.375096 3.357425 3.338323 3.317935 3.296494 3.274315 3.251781 3.22931 3.20731
4.017476 4.010931 4.004111 3.996979 3.98952 3.981724 3.973583 3.965096 3.956265 3.947094 3.937589 3.927761 3.917618 3.907171 3.896434 3.885416 3.87413 3.862588 3.8508 3.83878 3.826541 3.814099 3.801471 3.788678 3.775743 3.76269 3.749546 3.736337 3.723088 3.709819 3.696542 3.68327 3.670023 3.656828 3.643714 3.630719 3.617881 3.605172 3.59262 3.58033 3.568386 3.556845 3.545743 3.535095 3.524891 3.515104 3.505691 3.496592 3.487737 3.479042 3.470417 3.461763 3.452971 3.443916 3.434445 3.424365 3.413444 3.401442 3.388142 3.37337 3.357017 3.33905 3.319523 3.298592 3.27651 3.253632 3.230388 3.20726 3.184729
3.999851 3.992898 3.985693 3.978183 3.970356 3.962205 3.953729 3.944927 3.935807 3.926374 3.916638 3.906612 3.896308 3.885737 3.874914 3.863851 3.852558 3.841047 3.829328 3.817412 3.805308 3.793029 3.780588 3.768 3.755284 3.742455 3.729537 3.716552 3.703519 3.690455 3.677369 3.664274 3.651189 3.63814 3.62516 3.612286 3.599559 3.586954 3.574496 3.562295 3.550436 3.538979 3.527962 3.517402 3.50729 3.497603 3.488298 3.479318 3.470591 3.462035 3.453562 3.44507 3.436452 3.427583 3.418314 3.40844 3.397706 3.385846 3.37262 3.357835 3.341363 3.323158 3.303268 3.281848 3.259166 3.235601 3.211632 3.187803 3.164679
3.982756 3.975421 3.967859 3.959998 3.951833 3.94336 3.934581 3.9255 3.916127 3.906471 3.896545 3.886364 3.87594 3.86529 3.854426 3.843361 3.832107 3.820673 3.809068 3.797298 3.785371 3.773294 3.761076 3.748727 3.736258 3.72368 3.711012 3.698269 3.685466 3.672616 3.659729 3.646818 3.633904 3.621012 3.608177 3.59544 3.582843 3.570361 3.558021 3.545935 3.534189 3.522847 3.51195 3.501514 3.491535 3.481991 3.47284 3.464023 3.455472 3.447104 3.438827 3.430541 3.422135 3.413481 3.404428 3.394763 3.384217 3.372508 3.359381 3.344626 3.328101 3.309742 3.289587 3.267781 3.244595 3.22042 3.195772 3.171255 3.147518
3.966297 3.958607 3.950714 3.942533 3.93406 3.925297 3.91625 3.906925 3.897336 3.887495 3.877416 3.867118 3.856615 3.845925 3.83506 3.824035 3.81286 3.801542 3.790087 3.778501 3.766784 3.754942 3.742975 3.73089 3.718691 3.706383 3.69398 3.681489 3.668926 3.656297 3.643614 3.630893 3.618154 3.605427 3.592748 3.58016 3.567708 3.555368 3.543166 3.531218 3.519612 3.508416 3.497669 3.487392 3.477583 3.468218 3.459257 3.450643 3.442305 3.43416 3.426116 3.418067 3.409898 3.401476 3.392635 3.383159 3.372778 3.361211 3.348195 3.333511 3.317002 3.298592 3.278298 3.256253 3.232714 3.208077 3.182874 3.157756 3.133448
3.950551 3.942531 3.934333 3.925856 3.917103 3.908078 3.898791 3.889253 3.879478 3.869484 3.859288 3.848907 3.838362 3.827667 3.816841 3.805894 3.794836 3.783673 3.772408 3.761041 3.74957 3.737993 3.726308 3.714511 3.702604 3.690585 3.678459 3.666232 3.653913 3.641508 3.629031 3.616498 3.603935 3.591372 3.57885 3.566414 3.554112 3.541919 3.529863 3.518063 3.506609 3.495572 3.484995 3.4749 3.465285 3.456128 3.447388 3.439007 3.430913 3.42302 3.415232 3.407441 3.399521 3.391329 3.382689 3.373378 3.363139 3.351699 3.338799 3.324217 3.307789 3.289424 3.269125 3.247 3.22329 3.198378 3.172799 3.147231 3.122458
3.935568 3.927241 3.918759 3.910011 3.901001 3.891741 3.88224 3.872516 3.862586 3.852469 3.842186 3.831757 3.821203 3.810543 3.799792 3.788963 3.778063 3.767095 3.756059 3.744951 3.733762 3.722484 3.71111 3.69963 3.688034 3.676318 3.664482 3.652524 3.640451 3.628269 3.615993 3.603642 3.591245 3.578837 3.566462 3.554169 3.54201 3.529957 3.518041 3.506383 3.495081 3.484206 3.473808 3.463907 3.454504 3.445577 3.437082 3.428959 3.421134 3.413517 3.406003 3.398478 3.390805 3.382831 3.374369 3.3652 3.355077 3.343742 3.330948 3.31648 3.300172 3.281926 3.261729 3.239668 3.215957 3.190957 3.165191 3.13935 3.114259
3.921401 3.912791 3.90405 3.895055 3.885816 3.876345 3.866661 3.85678 3.846724 3.836515 3.826177 3.815733 3.805205 3.794613 3.783973 3.773297 3.76259 3.751853 3.741079 3.73026 3.719381 3.708428 3.697385 3.686237 3.674966 3.663561 3.652016 3.640326 3.628495 3.616529 3.604443 3.592261 3.580015 3.567746 3.555503 3.543339 3.53131 3.519387 3.507598 3.496074 3.484917 3.474205 3.463987 3.454289 3.445109 3.436424 3.428189 3.420339 3.412793 3.405454 3.39821 3.390934 3.383481 3.375685 3.367358 3.358282 3.348226 3.336947 3.324218 3.309836 3.293646 3.275548 3.255519 3.233626 3.210052 3.185126 3.159345 3.133393 3.108115
3.908094 3.899227 3.89025 3.881034 3.871592 3.86194 3.852099 3.84209 3.831939 3.821669 3.811306 3.800878 3.790406 3.779912 3.769414 3.758921 3.748436 3.737957 3.727472 3.716965 3.706416 3.695804 3.685104 3.674295 3.663351 3.652257 3.640997 3.629568 3.617967 3.606202 3.59429 3.582258 3.570145 3.557995 3.545863 3.533808 3.521892 3.510081 3.498404 3.487 3.475978 3.46542 3.455381 3.445885 3.436932 3.428493 3.420521 3.412942 3.405669 3.398593 3.391592 3.384527 3.377242 3.369564 3.361301 3.352242 3.34217 3.330863 3.318115 3.303744 3.287611 3.269625 3.249761 3.228071 3.204711 3.179964 3.154287 3.128337 3.102971
3.895688 3.886587 3.877399 3.867986 3.858366 3.84856 3.838589 3.828481 3.818261 3.807958 3.7976 3.787213 3.776825 3.766456 3.756124 3.745838 3.735599 3.725397 3.715217 3.705037 3.694828 3.684562 3.674208 3.663737 3.653116 3.642323 3.631339 3.620155 3.608767 3.597183 3.585424 3.57352 3.561514 3.549459 3.537414 3.525445 3.513619 3.501898 3.490314 3.479011 3.468108 3.457693 3.447822 3.438522 3.429788 3.421591 3.413872 3.406552 3.39953 3.392688 3.385887 3.378977 3.371791 3.364148 3.355856 3.346711 3.336509 3.32505 3.312151 3.297658 3.281453 3.263463 3.243673 3.222131 3.198971 3.174433 3.148917 3.12304 3.097674
3.884217 3.874903 3.865526 3.85594 3.846166 3.836229 3.826155 3.815972 3.80571 3.795399 3.785069 3.77475 3.764466 3.754243 3.744096 3.734034 3.724054 3.714142 3.704275 3.694425 3.684558 3.674636 3.664622 3.654479 3.644169 3.633662 3.622936 3.611977 3.60078 3.589355 3.577724 3.565922 3.553997 3.542009 3.530024 3.518114 3.506353 3.494698 3.483182 3.47196 3.461157 3.450867 3.44115 3.432031 3.423505 3.415534 3.408052 3.400967 3.394166 3.387513 3.380859 3.374036 3.366867 3.359164 3.350733 3.341377 3.330904 3.319136 3.305915 3.291112 3.274638 3.256448 3.236546 3.214993 3.191916 3.167528 3.142172 3.116416 3.091152
3.873709 3.864204 3.854656 3.844918 3.835012 3.824966 3.81481 3.804576 3.794294 3.783997 3.773716 3.763482 3.753322 3.743259 3.733309 3.723481 3.713766 3.704146 3.694592 3.685068 3.675533 3.665944 3.656256 3.646425 3.636407 3.626167 3.615675 3.604919 3.593889 3.582597 3.571067 3.559339 3.547467 3.535518 3.523566 3.511688 3.499965 3.488353 3.476881 3.465716 3.454992 3.444808 3.435225 3.426271 3.417934 3.410169 3.4029 3.396021 3.389403 3.382893 3.376324 3.369516 3.362278 3.354413 3.345726 3.336025 3.325128 3.312875 3.299132 3.283797 3.266812 3.248161 3.22788 3.206058 3.18284 3.158444 3.133188 3.10759 3.082574
3.86419 3.854509 3.844809 3.834935 3.824915 3.81478 3.804561 3.794294 3.784011 3.773746 3.763532 3.753399 3.743375 3.733481 3.723736 3.714142 3.704691 3.695355 3.686102 3.67689 3.667671 3.658396 3.649013 3.639472 3.629722 3.619724 3.609443 3.598863 3.587975 3.576789 3.565333 3.553652 3.541806 3.52987 3.517924 3.506054 3.494346 3.482753 3.471304 3.460176 3.449511 3.439412 3.429945 3.421135 3.412967 3.405387 3.398305 3.3916 3.385125 3.378709 3.372168 3.365304 3.357914 3.349792 3.340739 3.330562 3.319092 3.306182 3.291718 3.275624 3.25787 3.238475 3.217511 3.195105 3.171444 3.146789 3.121496 3.096094 3.071557
3.855678 3.845837 3.835997 3.826003 3.815884 3.805674 3.795408 3.785122 3.774852 3.764633 3.754498 3.744476 3.734596 3.724878 3.715336 3.705972 3.696772 3.687706 3.678735 3.669812 3.660885 3.651897 3.642792 3.633514 3.624005 3.614222 3.604125 3.593696 3.582922 3.571817 3.56041 3.548752 3.536909 3.524963 3.513002 3.50112 3.489408 3.477817 3.466374 3.455268 3.444646 3.434617 3.425249 3.416565 3.408546 3.401128 3.394207 3.387646 3.381277 3.374913 3.368348 3.361369 3.353758 3.345299 3.335787 3.32503 3.312863 3.299152 3.283799 3.266752 3.248009 3.227623 3.205703 3.182425 3.158034 3.132862 3.107362 3.082204 3.058497
3.848185 3.838196 3.828229 3.818125 3.807919 3.797645 3.787343 3.777049 3.766802 3.756637 3.746587 3.736682 3.726949 3.717404 3.70806 3.698912 3.689945 3.681126 3.67241 3.663749 3.655083 3.646353 3.637494 3.628447 3.619149 3.609551 3.599612 3.589307 3.578625 3.567577 3.556197 3.544542 3.532684 3.520712 3.508721 3.496814 3.485088 3.473487 3.462043 3.450949 3.440362 3.430395 3.421115 3.412545 3.404659 3.397384 3.390601 3.384156 3.377864 3.371517 3.364891 3.357755 3.349877 3.341028 3.330997 3.319593 3.306651 3.292047 3.275701 3.257581 3.237713 3.216184 3.193151 3.168844 3.143584 3.117803 3.092103 3.067355 3.044818
3.84172 3.831593 3.821507 3.811302 3.801016 3.790686 3.780354 3.770058 3.759838 3.74973 3.739766 3.729977 3.720384 3.711005 3.701844 3.692895 3.684138 3.675538 3.667049 3.658616 3.650177 3.641667 3.63302 3.62417 3.615051 3.605609 3.5958 3.585595 3.574982 3.563973 3.552605 3.540938 3.529054 3.517047 3.505022 3.493086 3.481342 3.469732 3.458286 3.447207 3.436656 3.426749 3.417554 3.409092 3.40133 3.394183 3.387522 3.381175 3.374939 3.368589 3.361883 3.354572 3.346408 3.337153 3.326589 3.314519 3.300786 3.285272 3.267914 3.248702 3.227694 3.205017 3.180882 3.155589 3.129553 3.103332 3.077689 3.053669 3.032642
3.836282 3.826024 3.815826 3.805526 3.795164 3.784782 3.774422 3.764126 3.753932 3.743878 3.733996 3.724313 3.714851 3.70562 3.696624 3.687851 3.679277 3.670866 3.662569 3.654327 3.646078 3.637751 3.629278 3.620588 3.611614 3.602299 3.592594 3.582467 3.571905 3.56092 3.549552 3.537867 3.525954 3.513914 3.501858 3.489898 3.478144 3.466534 3.455098 3.444044 3.433537 3.423698 3.414595 3.406242 3.3986 3.391577 3.385029 3.378772 3.372588 3.366233 3.359449 3.351971 3.343539 3.333903 3.322838 3.310148 3.295676 3.279319 3.261027 3.24082 3.218791 3.195117 3.170073 3.144043 3.117548 3.091278 3.066142 3.043309 3.024207
3.831863 3.821482 3.811176 3.800784 3.790349 3.779914 3.769525 3.759224 3.749052 3.739044 3.729233 3.719643 3.710293 3.701191 3.692334 3.683709 3.675289 3.667033 3.658891 3.650804 3.642704 3.634521 3.626182 3.617617 3.608753 3.599533 3.589905 3.579836 3.569311 3.55834 3.546968 3.535267 3.523331 3.511268 3.499195 3.487229 3.475482 3.46389 3.452482 3.441472 3.431028 3.421272 3.412271 3.404035 3.396519 3.389623 3.383193 3.377033 3.37091 3.364568 3.357733 3.350128 3.34148 3.331531 3.32005 3.306842 3.291758 3.274704 3.255655 3.234659 3.211853 3.187472 3.161863 3.135503 3.10902 3.083228 3.05915 3.038036 3.021322
3.828451 3.81795 3.807539 3.797055 3.786546 3.776057 3.765634 3.755322 3.74516 3.735186 3.72543 3.715915 3.706656 3.697657 3.688913 3.680405 3.672105 3.663969 3.655946 3.647973 3.639983 3.631903 3.623659 3.615179 3.606391 3.597234 3.587659 3.577629 3.567128 3.556167 3.544794 3.533086 3.521143 3.509077 3.497009 3.48506 3.473344 3.461796 3.450443 3.439503 3.429146 3.419494 3.410612 3.402508 3.395132 3.388376 3.382079 3.376035 3.370002 3.36371 3.356876 3.349211 3.340433 3.33028 3.318517 3.304952 3.289444 3.271916 3.252365 3.230877 3.207636 3.182939 3.157207 3.13101 3.105077 3.080321 3.057846 3.038936 3.024986
3.826021 3.815406 3.80489 3.794314 3.783727 3.773178 3.762714 3.75238 3.742218 3.732262 3.722542 3.71308 3.703886 3.694963 3.6863 3.677877 3.669662 3.661611 3.653667 3.645771 3.63785 3.629833 3.621645 3.613212 3.604465 3.595342 3.585793 3.575783 3.565296 3.554345 3.54298 3.531283 3.519355 3.507312 3.495278 3.483376 3.471722 3.460249 3.448982 3.438141 3.427898 3.418375 3.409635 3.401684 3.394468 3.387873 3.381735 3.375839 3.369937 3.363752 3.356991 3.34936 3.34057 3.330357 3.318486 3.304769 3.289078 3.271352 3.251617 3.229995 3.20672 3.182149 3.156779 3.131259 3.106403 3.083195 3.062784 3.046443 3.035491
3.824545 3.813817 3.803197 3.792527 3.781859 3.771242 3.760728 3.75036 3.74018 3.730225 3.72052 3.711086 3.701931 3.693053 3.684441 3.67607 3.667905 3.6599 3.652 3.64414 3.63625 3.628258 3.620088 3.611668 3.60293 3.593811 3.584263 3.574256 3.563775 3.552838 3.541496 3.529829 3.517942 3.505952 3.493983 3.48216 3.470601 3.459236 3.448088 3.437377 3.427278 3.417909 3.409336 3.401561 3.394528 3.388123 3.382176 3.376471 3.370754 3.364745 3.358149 3.350665 3.342005 3.331902 3.320126 3.306497 3.290897 3.273288 3.25372 3.232353 3.209467 3.185477 3.160943 3.136581 3.113268 3.092032 3.074033 3.060507 3.052681
3.823982 3.813145 3.80242 3.791653 3.780897 3.770206 3.75963 3.749215 3.739003 3.729028 3.719316 3.709885 3.700741 3.69188 3.683285 3.674932 3.666783 3.658789 3.650895 3.643036 3.635141 3.627137 3.618952 3.610512 3.601752 3.592612 3.583046 3.573029 3.562549 3.55163 3.540322 3.528706 3.516885 3.504975 3.493101 3.481389 3.469957 3.45873 3.447733 3.437183 3.427254 3.418067 3.409684 3.402109 3.395286 3.3891 3.383381 3.377914 3.372445 3.366692 3.360361 3.353151 3.344776 3.334971 3.323513 3.310228 3.295013 3.277848 3.258808 3.238087 3.216006 3.193025 3.169758 3.146971 3.125582 3.106641 3.091295 3.080731 3.076086
3.824287 3.813342 3.802511 3.791643 3.780795 3.77002 3.759372 3.748896 3.738635 3.728621 3.71888 3.709428 3.700267 3.691392 3.682785 3.674418 3.666251 3.658235 3.650313 3.64242 3.634486 3.626439 3.618206 3.609719 3.600913 3.591731 3.582132 3.572095 3.561615 3.550716 3.539451 3.527901 3.516165 3.504359 3.492607 3.481033 3.469753 3.458693 3.447872 3.437509 3.427775 3.418791 3.41062 3.403266 3.396677 3.390739 3.385286 3.380105 3.374948 3.369534 3.363573 3.356769 3.348839 3.339526 3.328611 3.315932 3.301396 3.284999 3.266839 3.247134 3.226237 3.204647 3.183014 3.162139 3.142962 3.12654 3.113995 3.106461 3.104998
3.825405 3.814353 3.803415 3.792444 3.781497 3.770631 3.759899 3.749349 3.739022 3.728952 3.719161 3.709663 3.700461 3.691545 3.682897 3.674485 3.666269 3.6582 3.650219 3.642261 3.634258 3.626139 3.617833 3.609274 3.6004 3.591161 3.581517 3.571453 3.560969 3.550092 3.538876 3.527401 3.515764 3.504078 3.492466 3.481049 3.469941 3.459066 3.448443 3.438285 3.428763 3.419998 3.412053 3.404938 3.398601 3.392935 3.387781 3.382932 3.378146 3.37315 3.367661 3.361391 3.354064 3.34543 3.335278 3.323454 3.309877 3.294553 3.277595 3.25924 3.239861 3.219981 3.200274 3.181563 3.164797 3.151026 3.141348 3.136847 3.138516
3.827272 3.816116 3.80507 3.793992 3.782941 3.771976 3.761152 3.750516 3.74011 3.729966 3.720106 3.710542 3.701275 3.692294 3.683578 3.675095 3.666803 3.658652 3.650584 3.642534 3.634436 3.62622 3.617819 3.609167 3.600209 3.590898 3.581198 3.5711 3.560609 3.549753 3.538587 3.52719 3.515657 3.5041 3.492636 3.481385 3.470459 3.45978 3.449364 3.43942 3.430119 3.421579 3.413868 3.406997 3.400923 3.395547 3.390716 3.386235 3.381871 3.377362 3.372437 3.366816 3.360235 3.352451 3.343264 3.332525 3.32016 3.306182 3.290711 3.273992 3.256407 3.238491 3.220928 3.204549 3.190306 3.179239 3.172419 3.170891 3.175592
3.829822 3.818561 3.807407 3.796218 3.785059 3.77399 3.763066 3.752335 3.741838 3.731606 3.721661 3.712013 3.702662 3.693595 3.684789 3.676212 3.66782 3.659563 3.651384 3.64322 3.635004 3.62667 3.618153 3.609392 3.600335 3.59094 3.581176 3.571036 3.56053 3.549689 3.538569 3.527247 3.515816 3.504384 3.493068 3.481981 3.471236 3.460752 3.450541 3.440811 3.431726 3.423408 3.415926 3.409297 3.403485 3.398401 3.393906 3.389815 3.385909 3.381942 3.377653 3.372779 3.367065 3.36028 3.352231 3.342775 3.33184 3.319441 3.305696 3.290846 3.275273 3.259506 3.244233 3.23028 3.218598 3.210214 3.206178 3.207501 3.215079
3.832976 3.821613 3.81035 3.799051 3.787781 3.776603 3.765573 3.754739 3.744143 3.733813 3.723771 3.714026 3.704575 3.695405 3.686491 3.6778 3.669289 3.660907 3.652597 3.644299 3.635947 3.627477 3.618829 3.609944 3.600775 3.591285 3.581447 3.571255 3.560726 3.549891 3.538807 3.527549 3.516208 3.50489 3.493708 3.482773 3.472194 3.461892 3.451873 3.442341 3.433458 3.425345 3.418074 3.41167 3.406106 3.401305 3.397142 3.393447 3.390018 3.386625 3.383024 3.378967 3.374213 3.368544 3.361771 3.353757 3.34443 3.333796 3.321966 3.309167 3.295763 3.282274 3.269371 3.257874 3.248725 3.24294 3.241554 3.245551 3.255794
3.836656 3.825191 3.81382 3.80241 3.791029 3.779741 3.768603 3.757663 3.746961 3.736528 3.726381 3.716529 3.706967 3.697682 3.688647 3.679828 3.671183 3.66266 3.654204 3.645756 3.637253 3.628634 3.619841 3.610821 3.601529 3.591932 3.58201 3.571756 3.561192 3.550349 3.539285 3.528073 3.516802 3.505577 3.494505 3.483698 3.47326 3.463112 3.453259 3.443897 3.435186 3.427248 3.420159 3.413949 3.408603 3.404059 3.400206 3.396894 3.393937 3.391127 3.388238 3.385041 3.381308 3.376833 3.371435 3.364979 3.357387 3.348657 3.33888 3.32826 3.317135 3.305994 3.295489 3.286425 3.279733 3.276418 3.277503 3.283952 3.296599
