ASPA-UH-SWB2_REPO/input/ET_Process/may_et_clipped.asc
ncols         350
nrows         200
xllcorner     515000
yllcorner     8409000
cellsize      100
NODATA_value  -9999
[rows 31 to 61 of 200, columns 207 to 275 of 350]
3.650862 3.650706 3.6507 3.650794 -9999 -9999 -9999 -9999 -9999 -9999 -9999 -9999 -9999 -9999 -9999 -9999 -9999 -9999 -9999 -9999 -9999 -9999 -9999 -9999 -9999 -9999 -9999 -9999 -9999 -9999 -9999 -9999 -9999 -9999 -9999 -9999 -9999 -9999 -9999 -9999 -9999 -9999 -9999 -9999 -9999 -9999 -9999 -9999 -9999 -9999 -9999 -9999 -9999 -9999 -9999 -9999 -9999 -9999 -9999 -9999 -9999 -9999 -9999 -9999 -9999 -9999 -9999 -9999 -9999
3.640683 3.640314 3.640114 3.640034 -9999 -9999 -9999 -9999 -9999 -9999 -9999 -9999 -9999 -9999 -9999 -9999 -9999 -9999 -9999 -9999 -9999 -9999 -9999 -9999 -9999 -9999 -9999 -9999 -9999 -9999 -9999 -9999 -9999 -9999 -9999 -9999 -9999 -9999 -9999 -9999 -9999 -9999 -9999 -9999 -9999 -9999 -9999 -9999 -9999 -9999 -9999 -9999 -9999 -9999 -9999 -9999 -9999 -9999 -9999 -9999 -9999 -9999 -9999 -9999 -9999 -9999 -9999 -9999 -9999
3.629908 3.629324 3.628927 3.628672 -9999 -9999 3.62687 3.625743 3.624365 3.622751 -9999 -9999 -9999 -9999 -9999 -9999 -9999 -9999 -9999 -9999 -9999 -9999 -9999 -9999 -9999 -9999 -9999 -9999 -9999 -9999 -9999 -9999 -9999 -9999 -9999 -9999 -9999 -9999 -9999 -9999 -9999 -9999 -9999 -9999 -9999 -9999 -9999 -9999 -9999 -9999 -9999 -9999 -9999 -9999 -9999 -9999 -9999 -9999 -9999 -9999 -9999 -9999 -9999 -9999 -9999 -9999 -9999 -9999 -9999
3.618644 3.617847 3.617257 3.616831 3.616351 3.615634 3.614679 3.613486 3.61206 3.610415 3.608569 -9999 -9999 -9999 -9999 -9999 -9999 -9999 -9999 -9999 -9999 -9999 -9999 -9999 -9999 -9999 -9999 -9999 -9999 -9999 -9999 -9999 -9999 -9999 -9999 -9999 -9999 3.682743 3.68972 -9999 -9999 -9999 -9999 -9999 -9999 -9999 -9999 -9999 -9999 -9999 -9999 -9999 -9999 -9999 -9999 -9999 -9999 -9999 -9999 -9999 -9999 -9999 -9999 -9999 -9999 -9999 -9999 -9999 -9999
3.607192 3.6062 3.605432 3.604846 3.604233 3.603417 3.602392 3.601155 3.599708 3.598058 3.59622 3.594218 -9999 -9999 -9999 -9999 3.58328 3.581354 -9999 -9999 -9999 -9999 -9999 -9999 -9999 -9999 -9999 -9999 -9999 -9999 3.611526 3.619423 3.62784 -9999 -9999 -9999 3.662711 3.670544 3.677515 3.683932 -9999 -9999 -9999 -9999 -9999 -9999 -9999 -9999 -9999 3.718746 3.718451 3.717738 -9999 -9999 -9999 -9999 -9999 -9999 -9999 -9999 -9999 -9999 -9999 -9999 -9999 -9999 -9999 -9999 -9999
3.595448 3.594275 3.59334 3.592601 3.591863 3.590959 3.58988 3.588616 3.587164 3.585528 3.583717 3.581751 3.579657 -9999 -9999 3.573067 3.570973 3.569057 3.567408 -9999 -9999 -9999 -9999 -9999 -9999 3.571242 3.574951 -9999 -9999 3.591547 3.598751 3.606632 3.615041 3.623796 3.632686 3.641475 3.64991 3.65773 3.664673 3.671022 -9999 -9999 -9999 3.692397 3.69611 -9999 -9999 -9999 -9999 3.702796 3.702155 3.701144 3.69994 -9999 -9999 -9999 -9999 -9999 -9999 -9999 -9999 -9999 -9999 -9999 -9999 -9999 -9999 -9999 -9999
3.583292 3.581946 3.580848 3.57996 3.579101 3.578116 3.57699 3.575709 3.574263 3.572651 3.570877 3.568955 3.566908 -9999 3.562595 3.560434 3.558358 3.556449 3.554792 3.553483 -9999 -9999 -9999 -9999 3.555504 3.558218 3.561841 3.56639 3.571856 3.578197 3.585336 3.593162 3.601525 3.610244 3.619104 3.627866 3.636274 3.644061 3.650964 3.657238 3.6632 -9999 3.673594 3.677779 3.681172 3.683725 3.68543 -9999 3.686464 3.685974 3.684996 3.683704 3.682294 3.680974 -9999 -9999 -9999 -9999 -9999 -9999 -9999 -9999 -9999 -9999 -9999 -9999 -9999 -9999 -9999
3.570613 3.569098 3.567841 3.566805 3.565826 3.564761 3.563591 3.562295 3.560859 3.559274 3.557539 3.555661 3.553661 3.551569 3.549427 3.547292 3.545228 3.543316 3.541639 3.540293 3.539374 -9999 -9999 3.540159 3.541898 3.544496 3.547999 3.552428 3.557778 3.564008 3.571047 3.578783 3.587068 3.59572 3.604523 3.613236 3.6216 3.629344 3.636201 3.642399 3.648233 3.653552 3.658224 3.662139 3.665224 3.667436 3.668777 3.669289 3.669058 3.668212 3.666916 3.665366 3.663778 3.662382 3.661406 -9999 -9999 -9999 -9999 -9999 -9999 -9999 -9999 -9999 -9999 -9999 -9999 -9999 -9999
3.557318 3.555634 3.554218 3.553032 3.55193 3.550784 3.549568 3.548255 3.546825 3.545264 3.543562 3.541724 3.539764 3.537706 3.53559 3.533468 3.531404 3.529473 3.52776 3.526358 3.525365 3.52488 3.525001 3.525821 3.527423 3.529876 3.533227 3.537504 3.542703 3.548791 3.555696 3.56331 3.571489 3.580049 3.588774 3.597422 3.60573 3.613425 3.620238 3.626369 3.632087 3.637244 3.641709 3.645378 3.648177 3.650073 3.651073 3.65123 3.650647 3.649467 3.647877 3.646097 3.644366 3.642936 3.642054 3.64195 -9999 -9999 -9999 -9999 -9999 -9999 -9999 -9999 -9999 -9999 -9999 -9999 -9999
3.543327 3.541474 3.539896 3.538556 3.537328 3.536097 3.534828 3.533492 3.532061 3.530513 3.528836 3.527025 3.525091 3.523053 3.520948 3.518824 3.51674 3.514772 3.513002 3.511523 3.510432 3.50983 3.509817 3.510486 3.511924 3.514202 3.517373 3.521467 3.526486 3.532401 3.539144 3.546612 3.55466 3.563107 3.571738 3.580308 3.588553 3.5962 3.602974 3.609051 3.614673 3.619692 3.623979 3.62743 3.629978 3.631589 3.63228 3.632114 3.631207 3.629722 3.627869 3.625891 3.624056 3.622638 3.621907 3.622106 3.623446 -9999 3.630145 3.635661 3.642629 -9999 -9999 -9999 -9999 -9999 -9999 -9999 -9999
3.528578 3.526553 3.52481 3.523313 3.521954 3.52063 3.519302 3.517932 3.516488 3.51494 3.513271 3.511472 3.509546 3.50751 3.505396 3.503248 3.501124 3.499097 3.497248 3.49567 3.494458 3.493716 3.493544 3.494038 3.495287 3.497365 3.50033 3.504216 3.50903 3.514746 3.521304 3.528602 3.5365 3.544819 3.553342 3.561827 3.570007 3.577608 3.584355 3.590395 3.595943 3.600853 3.604995 3.608268 3.610602 3.61197 3.612392 3.611941 3.610746 3.60899 3.606907 3.604769 3.602872 3.601518 3.600999 3.601576 3.603466 3.606828 3.611764 3.618305 3.62642 3.636022 -9999 -9999 -9999 -9999 -9999 -9999 -9999
3.513027 3.510828 3.508917 3.507259 3.505764 3.504339 3.502941 3.501526 3.500053 3.498489 3.49681 3.495002 3.493064 3.491008 3.488862 3.486667 3.484481 3.482372 3.480422 3.478721 3.477367 3.476463 3.47611 3.476408 3.477446 3.479304 3.482041 3.485698 3.490286 3.495785 3.502139 3.509251 3.516985 3.525162 3.533569 3.541963 3.550078 3.557638 3.564371 3.570393 3.575894 3.580727 3.584763 3.587898 3.590064 3.591235 3.591433 3.59074 3.589298 3.58731 3.585036 3.582778 3.580866 3.579634 3.579397 3.580434 3.582968 3.587157 3.593086 3.600769 3.61015 3.621109 3.633474 -9999 -9999 -9999 -9999 -9999 -9999
3.496649 3.494275 3.492193 3.490372 3.488736 3.487203 3.485724 3.484248 3.482731 3.481132 3.479422 3.477583 3.475609 3.473509 3.471308 3.469044 3.466771 3.464558 3.462485 3.460641 3.459125 3.45804 3.457488 3.457572 3.458383 3.460004 3.462499 3.465913 3.470261 3.475529 3.481666 3.48858 3.496139 3.504167 3.512453 3.520753 3.528805 3.536332 3.543063 3.549088 3.554569 3.559358 3.563325 3.566367 3.568412 3.569435 3.569461 3.568575 3.566932 3.564755 3.562332 3.56 3.558127 3.557081 3.557205 3.558795 3.56208 3.567211 3.574256 3.583205 3.593971 3.606401 3.620288 3.635386 3.651421 3.668105 -9999 -9999 -9999
3.47944 3.476893 3.47464 3.472655 3.470874 3.469226 3.467655 3.466104 3.464524 3.46287 3.461108 3.459214 3.457181 3.455013 3.452733 3.450376 3.447995 3.445657 3.443441 3.441436 3.439741 3.43846 3.437696 3.437553 3.438127 3.439502 3.441746 3.444908 3.449009 3.454039 3.459953 3.466664 3.474043 3.481918 3.49008 3.498288 3.506279 3.513781 3.520522 3.526569 3.532055 3.536833 3.54077 3.543761 3.545734 3.546662 3.546568 3.545544 3.543751 3.541433 3.538909 3.536555 3.534781 3.533995 3.534571 3.53682 3.540975 3.547176 3.555469 3.565813 3.578086 3.592097 3.607601 3.624315 3.641932 3.660135 -9999 -9999 3.715246
3.461417 3.458701 3.456281 3.454133 3.452207 3.450437 3.448763 3.447124 3.445464 3.443735 3.441897 3.439927 3.437811 3.435552 3.43317 3.4307 3.428191 3.425711 3.423336 3.421156 3.419271 3.417783 3.4168 3.416425 3.416756 3.417882 3.419874 3.422783 3.426637 3.43143 3.437121 3.443629 3.450829 3.458552 3.466592 3.474709 3.482646 3.49013 3.496895 3.502981 3.508497 3.513292 3.517234 3.520215 3.522163 3.523046 3.52289 3.521783 3.519897 3.517493 3.514921 3.512605 3.511002 3.510565 3.511699 3.51473 3.519889 3.527299 3.536979 3.54885 3.56275 3.578444 3.595649 3.614041 3.633281 3.653023 3.672933 3.692701 3.71205
3.442623 3.439746 3.437164 3.434858 3.432788 3.430893 3.429107 3.427366 3.42561 3.423786 3.421854 3.419785 3.417565 3.415195 3.412692 3.41009 3.407438 3.404801 3.402256 3.399893 3.397811 3.396114 3.39491 3.394304 3.394396 3.395278 3.397023 3.399688 3.403303 3.407866 3.413343 3.419656 3.426682 3.434259 3.442181 3.450215 3.458104 3.46558 3.472382 3.478526 3.484093 3.488932 3.492909 3.495917 3.497881 3.49877 3.498605 3.497476 3.495559 3.493129 3.490575 3.488368 3.487025 3.487045 3.488862 3.492816 3.499128 3.507897 3.519108 3.532638 3.548276 3.565745 3.584714 3.604825 3.625702 3.646976 3.668293 3.689328 3.7098
3.423121 3.420094 3.417361 3.414906 3.412698 3.410676 3.408772 3.406918 3.405051 3.403117 3.401072 3.398886 3.396544 3.394045 3.391406 3.388659 3.385853 3.383051 3.380331 3.377783 3.375505 3.373602 3.372183 3.371355 3.37122 3.37187 3.373384 3.37582 3.379211 3.383562 3.388839 3.39497 3.401836 3.409277 3.417093 3.425054 3.432907 3.44039 3.447243 3.453464 3.459104 3.464012 3.468054 3.471119 3.473136 3.474072 3.473951 3.472862 3.470981 3.468599 3.466138 3.464131 3.463158 3.463765 3.466416 3.471453 3.479082 3.489369 3.502254 3.517565 3.53504 3.554352 3.575127 3.596966 3.619466 3.642233 3.664897 3.687127 3.70864
3.403 3.399842 3.396972 3.394381 3.392042 3.389896 3.38787 3.385895 3.383906 3.381848 3.379676 3.37736 3.374882 3.372242 3.369456 3.366556 3.36359 3.360622 3.357729 3.355001 3.352535 3.350439 3.34882 3.347787 3.347444 3.347885 3.34919 3.35142 3.354613 3.358773 3.363874 3.369843 3.376567 3.383891 3.391619 3.399525 3.407361 3.414869 3.421796 3.428117 3.433858 3.438864 3.442997 3.446151 3.448251 3.449271 3.44924 3.44825 3.44648 3.444229 3.441958 3.440269 3.439806 3.441163 3.444821 3.451119 3.460237 3.4722 3.486895 3.504092 3.523477 3.54467 3.567254 3.590796 3.614866 3.63905 3.662969 3.686288 3.708731
3.382377 3.379107 3.376118 3.373407 3.37095 3.368685 3.366539 3.36444 3.362323 3.360133 3.357825 3.355368 3.352746 3.349959 3.347022 3.343968 3.340845 3.337716 3.334659 3.331763 3.329127 3.326857 3.325062 3.32385 3.323327 3.323588 3.324715 3.326772 3.329797 3.333799 3.338751 3.344587 3.351197 3.358429 3.366095 3.373972 3.381819 3.389382 3.396415 3.40287 3.408748 3.413888 3.418153 3.42143 3.423649 3.424788 3.424886 3.424047 3.422465 3.420447 3.418494 3.417279 3.417505 3.419801 3.42466 3.432407 3.443187 3.456972 3.473589 3.492748 3.514075 3.537143 3.561495 3.586667 3.612207 3.63769 3.66273 3.687 3.710231
3.36139 3.358032 3.354947 3.352135 3.349577 3.347205 3.344944 3.342722 3.340476 3.338151 3.335703 3.333103 3.330336 3.327401 3.324316 3.321113 3.317842 3.314566 3.311363 3.308321 3.30554 3.303125 3.301186 3.29983 3.299164 3.299284 3.300272 3.302195 3.30509 3.308971 3.313812 3.31955 3.326079 3.333255 3.340894 3.34878 3.356677 3.364339 3.371522 3.378162 3.384231 3.389564 3.394016 3.397472 3.399863 3.401171 3.401446 3.400814 3.399495 3.397832 3.396371 3.395831 3.396953 3.400395 3.406654 3.416034 3.428631 3.444356 3.462969 3.484114 3.507363 3.532243 3.558262 3.584934 3.611792 3.638406 3.664392 3.689431 3.713272
3.340208 3.336789 3.333632 3.330745 3.328106 3.325641 3.323276 3.32094 3.31857 3.316113 3.313529 3.310788 3.307879 3.304804 3.301581 3.298243 3.294842 3.29144 3.288116 3.284959 3.282067 3.279545 3.277502 3.276046 3.275282 3.275306 3.276203 3.278037 3.280849 3.284652 3.289425 3.295107 3.3016 3.308763 3.316421 3.324365 3.332366 3.340184 3.347583 3.354479 3.36082 3.36643 3.371159 3.374887 3.377542 3.37911 3.379654 3.379324 3.37838 3.377228 3.376457 3.376803 3.379033 3.38382 3.391663 3.402831 3.417364 3.4351 3.455723 3.478814 3.503892 3.530446 3.557961 3.585935 3.613899 3.641421 3.66813 3.693718 3.717956
3.319022 3.315573 3.312374 3.309438 3.306743 3.304207 3.301754 3.299316 3.296833 3.294254 3.291542 3.288671 3.285633 3.282431 3.279087 3.275636 3.27213 3.268632 3.265222 3.261988 3.259027 3.256444 3.254346 3.252841 3.252033 3.252016 3.252874 3.254672 3.257452 3.261229 3.265984 3.271661 3.278167 3.28537 3.293102 3.301165 3.309339 3.31739 3.325089 3.332339 3.339059 3.345069 3.350207 3.354348 3.357416 3.359402 3.36038 3.360528 3.360151 3.35971 3.359828 3.361259 3.364782 3.371085 3.380655 3.393722 3.410251 3.429996 3.452563 3.477472 3.504198 3.532204 3.560962 3.589968 3.618757 3.64691 3.674069 3.699945 3.724334
3.298048 3.294604 3.291395 3.288442 3.28572 3.283136 3.280617 3.278095 3.275516 3.272831 3.270008 3.267025 3.263876 3.26057 3.25713 3.253594 3.250016 3.24646 3.243006 3.239741 3.236762 3.234172 3.232077 3.230582 3.229789 3.229791 3.230671 3.232493 3.235299 3.239106 3.243898 3.249625 3.256202 3.263505 3.271378 3.279632 3.288059 3.296436 3.304542 3.312266 3.319506 3.326074 3.331801 3.336553 3.34025 3.342884 3.344543 3.34543 3.345885 3.346403 3.347636 3.350345 3.355323 3.363267 3.374658 3.389668 3.408172 3.429831 3.454175 3.480672 3.508767 3.537909 3.567571 3.597262 3.626531 3.654981 3.682272 3.708139 3.732406
3.27752 3.27412 3.270936 3.268002 3.265285 3.262682 3.260123 3.257543 3.254889 3.252121 3.24921 3.246138 3.242905 3.239523 3.23602 3.232437 3.228827 3.22526 3.221811 3.21857 3.215631 3.213095 3.211066 3.209647 3.208935 3.209024 3.209991 3.211901 3.214797 3.218695 3.223585 3.229424 3.236135 3.243604 3.251689 3.260216 3.268988 3.277796 3.286431 3.294771 3.302699 3.310019 3.316555 3.322165 3.326764 3.330346 3.333005 3.33496 3.336573 3.338357 3.340968 3.345169 3.351753 3.361431 3.374676 3.391593 3.411952 3.435317 3.461157 3.488901 3.517982 3.547852 3.577999 3.607955 3.637299 3.665659 3.692726 3.718261 3.742115
3.257691 3.254373 3.251255 3.248376 3.245701 3.243114 3.240545 3.237936 3.235238 3.232415 3.229444 3.226315 3.223031 3.21961 3.216084 3.212496 3.208904 3.205376 3.20199 3.198833 3.195999 3.193585 3.191693 3.190421 3.189863 3.19011 3.191236 3.193304 3.196356 3.200412 3.205465 3.21148 3.21839 3.226096 3.234468 3.243351 3.252566 3.261919 3.271215 3.280327 3.289127 3.297415 3.30501 3.311762 3.317579 3.322452 3.326476 3.329877 3.333021 3.336422 3.340725 3.346672 3.355033 3.366515 3.38159 3.400283 3.422254 3.446995 3.473932 3.50248 3.532073 3.562186 3.592332 3.622079 3.651043 3.67889 3.705347 3.730206 3.753352
3.238816 3.235624 3.232614 3.229834 3.22724 3.224705 3.222163 3.219559 3.216851 3.214008 3.211014 3.207865 3.204571 3.201154 3.197651 3.194109 3.190589 3.187159 3.183898 3.180893 3.178234 3.176016 3.174335 3.173287 3.172961 3.173442 3.174802 3.177101 3.180381 3.184664 3.189948 3.196205 3.203382 3.211393 3.220128 3.229451 3.239205 3.249216 3.259304 3.269346 3.279205 3.288685 3.297598 3.305789 3.313154 3.319678 3.325448 3.330685 3.335751 3.341143 3.347481 3.355463 3.36581 3.379177 3.395993 3.416216 3.43944 3.46512 3.492667 3.521499 3.551072 3.58089 3.610511 3.639544 3.66765 3.694544 3.719992 3.743831 3.765979
3.221159 3.218138 3.21528 3.212642 3.210173 3.207733 3.205259 3.202701 3.200022 3.1972 3.194225 3.1911 3.187841 3.184478 3.181051 3.177612 3.174224 3.170957 3.16789 3.165108 3.162699 3.160754 3.159365 3.158621 3.158607 3.159402 3.161075 3.163681 3.167263 3.171843 3.177426 3.183992 3.191501 3.199884 3.209054 3.218894 3.229275 3.240045 3.251047 3.262164 3.273258 3.28414 3.294618 3.30453 3.31376 3.322275 3.330151 3.337593 3.344943 3.352676 3.361368 3.371659 3.384189 3.39951 3.417931 3.439373 3.463436 3.489573 3.517205 3.545773 3.574771 3.60375 3.632316 3.660134 3.686916 3.712429 3.736489 3.758977 3.779849
3.204971 3.202169 3.199512 3.197064 3.194767 3.192468 3.190106 3.187639 3.185036 3.182282 3.179374 3.176323 3.173152 3.169898 3.166605 3.163331 3.16014 3.157105 3.154305 3.151821 3.14974 3.148149 3.147134 3.146777 3.147159 3.148351 3.150417 3.153409 3.157367 3.162316 3.168266 3.175206 3.183109 3.191926 3.201591 3.212016 3.223095 3.234709 3.246723 3.259033 3.271508 3.283967 3.296221 3.308096 3.319461 3.330259 3.340543 3.350491 3.36042 3.370765 3.382049 3.394828 3.409637 3.42689 3.446772 3.469165 3.493688 3.51983 3.547046 3.574829 3.602726 3.630348 3.657368 3.683507 3.70854 3.732286 3.754616 3.775457 3.794795
3.190493 3.187961 3.185555 3.183348 3.181273 3.179164 3.176966 3.17464 3.172165 3.169531 3.166744 3.163823 3.160798 3.157713 3.154618 3.151575 3.148651 3.145921 3.143462 3.141355 3.139683 3.138528 3.13797 3.138087 3.138948 3.14062 3.143161 3.146617 3.151027 3.156416 3.162799 3.170175 3.178529 3.187834 3.198045 3.209103 3.220933 3.233447 3.24654 3.260122 3.274078 3.288238 3.302417 3.316431 3.330128 3.343422 3.356326 3.368986 3.381682 3.3948 3.408792 3.424118 3.441188 3.46028 3.481465 3.504577 3.52925 3.555014 3.581387 3.607929 3.634267 3.660088 3.685136 3.709204 3.732127 3.753783 3.774096 3.793037 3.810623
3.177942 3.175734 3.173633 3.171721 3.169921 3.168056 3.166075 3.163948 3.161656 3.1592 3.156594 3.153864 3.15105 3.148199 3.14537 3.142628 3.140044 3.137693 3.135653 3.134003 3.132821 3.132185 3.132169 3.132841 3.134266 3.136502 3.139598 3.143596 3.148532 3.154431 3.16131 3.169178 3.178035 3.187871 3.198666 3.210389 3.222999 3.236439 3.250637 3.265522 3.281001 3.29692 3.313097 3.329339 3.345471 3.361367 3.376996 3.392458 3.407988 3.423914 3.440606 3.45842 3.47764 3.498419 3.52073 3.544352 3.56892 3.594003 3.619191 3.644135 3.668554 3.692226 3.714976 3.73667 3.757208 3.776528 3.794604 3.81145 3.827116
3.167505 3.165675 3.163937 3.162376 3.160909 3.159346 3.157643 3.155774 3.153728 3.151514 3.149154 3.146682 3.144145 3.141599 3.139108 3.13674 3.134571 3.132675 3.131132 3.130018 3.129407 3.129372 3.129979 3.13129 3.13336 3.13624 3.139969 3.144586 3.150119 3.156593 3.164029 3.172442 3.181845 3.192246 3.20365 3.216052 3.229444 3.243803 3.259091 3.275261 3.292242 3.3099 3.328061 3.346521 3.365079 3.383571 3.401909 3.420142 3.438454 3.457104 3.476372 3.49651 3.517688 3.539949 3.563181 3.587112 3.611363 3.635533 3.659288 3.682381 3.704638 3.725931 3.74617 3.765293 3.783268 3.800092 3.815788 3.830411 3.844045
