ASPA-UH-SWB2_REPO/input/ET_Process/may_et_clipped.asc
ncols         350
nrows         200
xllcorner     515000
yllcorner     8409000
cellsize      100
NODATA_value  -9999
[rows 124 to 154 of 200, columns 69 to 137 of 350]
3.840776 3.829212 3.817734 3.806215 3.794725 3.783328 3.772082 3.761036 3.750228 3.739689 3.729434 3.71947 3.709792 3.700384 3.69122 3.682264 3.673474 3.6648 3.656187 3.647578 3.638913 3.630135 3.621188 3.612022 3.602598 3.592884 3.582866 3.572538 3.561923 3.551056 3.539991 3.5288 3.517573 3.506409 3.495416 3.484699 3.474365 3.464334 3.454607 3.445374 3.436793 3.428986 3.422033 3.415972 3.4108 3.406469 3.402887 3.399923 3.397413 3.395169 3.392989 3.39066 3.387973 3.384731 3.380762 3.375931 3.370155 3.363415 3.355778 3.347417 3.33863 3.329868 3.321748 3.315058 3.310714 3.309715 3.313068 3.321721 3.336483
3.845251 3.833591 3.822009 3.810385 3.798789 3.787288 3.775938 3.76479 3.75388 3.743236 3.732874 3.722799 3.713004 3.703472 3.694175 3.685078 3.676138 3.667307 3.65853 3.649754 3.64092 3.631975 3.622867 3.613549 3.603984 3.594145 3.584018 3.573605 3.562922 3.55201 3.540919 3.529723 3.518506 3.507366 3.496409 3.48574 3.475462 3.465499 3.455846 3.446689 3.438183 3.43045 3.423575 3.417605 3.412547 3.40837 3.405 3.402329 3.400218 3.3985 3.396996 3.395513 3.393858 3.391848 3.389317 3.386131 3.382196 3.37748 3.372021 3.365952 3.359524 3.353137 3.347365 3.342969 3.340857 3.342015 3.347438 3.358052 3.374642
3.849994 3.838242 3.826561 3.814838 3.803144 3.791546 3.780101 3.768857 3.757852 3.747111 3.736649 3.726469 3.716561 3.706907 3.697479 3.688242 3.679152 3.670162 3.66122 3.652274 3.643269 3.634155 3.624881 3.615406 3.605695 3.595723 3.585479 3.574966 3.564199 3.553221 3.542079 3.530845 3.519603 3.508446 3.497478 3.486805 3.47653 3.466578 3.456939 3.447794 3.439297 3.431569 3.424702 3.418749 3.413733 3.409635 3.406405 3.403957 3.402175 3.400919 3.400031 3.399341 3.398673 3.397854 3.396727 3.395155 3.39304 3.390328 3.387033 3.383245 3.379164 3.375125 3.371653 3.369477 3.369495 3.372679 3.380003 3.392369 3.410536
3.854922 3.843083 3.831312 3.819498 3.807715 3.796031 3.784502 3.773175 3.762087 3.751261 3.740709 3.730432 3.720421 3.710654 3.701102 3.69173 3.682495 3.67335 3.664246 3.655132 3.645958 3.636674 3.627236 3.617603 3.607744 3.597635 3.587266 3.576642 3.565777 3.554712 3.543494 3.532191 3.520885 3.509668 3.498642 3.487912 3.477581 3.467578 3.457888 3.448687 3.440125 3.432325 3.425385 3.419368 3.414308 3.410205 3.407029 3.404718 3.403181 3.402303 3.401951 3.401973 3.402214 3.402512 3.402716 3.40269 3.402325 3.401552 3.400356 3.398793 3.39701 3.39528 3.394063 3.394062 3.396152 3.401281 3.410394 3.424362 3.443918
3.859958 3.84804 3.836186 3.824294 3.812436 3.80068 3.789082 3.777688 3.766531 3.755635 3.745008 3.73465 3.724548 3.714681 3.705018 3.695521 3.68615 3.676859 3.6676 3.658326 3.648988 3.639542 3.629944 3.620157 3.610151 3.599904 3.589408 3.578665 3.567692 3.556521 3.545205 3.533806 3.522402 3.511084 3.499953 3.489113 3.47867 3.468554 3.458747 3.449417 3.440714 3.432763 3.425666 3.419496 3.414302 3.410101 3.406884 3.404613 3.403224 3.402626 3.402709 3.403345 3.404393 3.405708 3.407142 3.408559 3.409842 3.410904 3.411708 3.412273 3.412708 3.413232 3.41425 3.416423 3.420588 3.427648 3.438506 3.453999 3.474835
3.865032 3.853045 3.841122 3.829165 3.817248 3.805438 3.793789 3.782346 3.77114 3.760192 3.749508 3.739087 3.728913 3.718962 3.709202 3.699597 3.690104 3.68068 3.671279 3.661856 3.652367 3.642768 3.63302 3.623088 3.612943 3.602564 3.591942 3.581079 3.56999 3.558706 3.547276 3.535757 3.524228 3.512775 3.501498 3.490502 3.479895 3.469609 3.459622 3.450096 3.441179 3.432997 3.425659 3.419249 3.413829 3.409435 3.406078 3.403746 3.402397 3.40197 3.402377 3.403513 3.405255 3.407469 3.410015 3.412757 3.415567 3.418347 3.421033 3.423618 3.426177 3.428901 3.43216 3.43655 3.442839 3.45187 3.464496 3.481514 3.503605
3.870088 3.858045 3.846067 3.834063 3.822107 3.810262 3.798584 3.787113 3.775879 3.7649 3.754181 3.743717 3.73349 3.723476 3.71364 3.703944 3.694348 3.684808 3.675282 3.665728 3.656104 3.64637 3.636489 3.626427 3.616156 3.605657 3.594918 3.583941 3.572739 3.561341 3.549787 3.538137 3.526464 3.514852 3.503399 3.492212 3.481399 3.470896 3.460675 3.450894 3.441697 3.433215 3.42556 3.418827 3.413093 3.408412 3.404818 3.40232 3.400906 3.400537 3.401154 3.402671 3.404985 3.407976 3.411512 3.415456 3.419676 3.424059 3.428523 3.43304 3.437661 3.44256 3.448073 3.454727 3.463208 3.474285 3.48875 3.507355 3.530754
3.875085 3.863001 3.850986 3.838955 3.826981 3.815125 3.803439 3.791964 3.780726 3.769739 3.759008 3.748523 3.738267 3.728211 3.718321 3.708557 3.698879 3.689246 3.679617 3.669954 3.660218 3.650372 3.64038 3.63021 3.619835 3.609234 3.598396 3.58732 3.576016 3.56451 3.55284 3.541059 3.529238 3.517457 3.505812 3.494411 3.483365 3.472613 3.462119 3.452038 3.442511 3.433669 3.425633 3.418507 3.412381 3.40733 3.403407 3.400647 3.399064 3.398645 3.399357 3.401139 3.403908 3.407558 3.411968 3.417002 3.422527 3.42842 3.434585 3.440978 3.447636 3.454709 3.462496 3.47146 3.482201 3.495412 3.511817 3.532115 3.556931
3.879997 3.867892 3.855861 3.843826 3.831857 3.820014 3.808347 3.796891 3.785673 3.774703 3.763982 3.7535 3.743237 3.733163 3.723243 3.713436 3.703701 3.694 3.684296 3.674552 3.664733 3.654803 3.644729 3.63448 3.624029 3.613355 3.602445 3.591295 3.579913 3.568321 3.556551 3.544655 3.532695 3.520751 3.508918 3.4973 3.486013 3.474997 3.464211 3.453803 3.443913 3.434674 3.42621 3.418637 3.412059 3.406567 3.402238 3.399131 3.397285 3.396718 3.397422 3.399362 3.402477 3.406679 3.411859 3.417889 3.424635 3.431968 3.439783 3.448025 3.456713 3.465973 3.476061 3.487375 3.500441 3.51587 3.534319 3.556435 3.582808
3.884825 3.872718 3.860695 3.84868 3.836741 3.824937 3.813313 3.801903 3.790728 3.779798 3.769111 3.758654 3.748407 3.738339 3.728413 3.718589 3.708826 3.699087 3.689338 3.679546 3.669677 3.659699 3.649579 3.639286 3.628795 3.618084 3.607138 3.595951 3.584527 3.572882 3.561047 3.549064 3.536997 3.524918 3.512918 3.501101 3.489587 3.478314 3.467239 3.456502 3.44624 3.436587 3.427673 3.419622 3.412551 3.40657 3.401776 3.398255 3.396071 3.395272 3.395879 3.397884 3.401251 3.405915 3.411779 3.418727 3.426628 3.435351 3.444786 3.454863 3.465582 3.477041 3.48945 3.503148 3.518585 3.536299 3.556881 3.580924 3.608981
3.889598 3.877514 3.865523 3.853553 3.841671 3.82993 3.818374 3.807033 3.795925 3.785057 3.774425 3.764014 3.753803 3.743761 3.733851 3.724034 3.714269 3.704522 3.694761 3.684954 3.675071 3.665079 3.654948 3.64465 3.634158 3.623449 3.612506 3.601322 3.589896 3.578241 3.56638 3.554354 3.542217 3.530039 3.517908 3.505926 3.494212 3.482708 3.471362 3.46031 3.449685 3.439622 3.430253 3.421711 3.414126 3.407625 3.402326 3.39834 3.395759 3.394662 3.395099 3.397096 3.400642 3.405697 3.412184 3.419998 3.429016 3.439106 3.450151 3.462068 3.474835 3.488513 3.503267 3.519375 3.537218 3.557265 3.58004 3.606085 3.635916
3.894359 3.882324 3.870392 3.858495 3.846696 3.835047 3.823584 3.812336 3.801317 3.790532 3.779974 3.769627 3.759469 3.749469 3.739592 3.729799 3.720053 3.710321 3.700571 3.690775 3.680902 3.670924 3.66081 3.650534 3.640068 3.629389 3.618479 3.607327 3.595927 3.58429 3.572432 3.560388 3.548208 3.535958 3.523719 3.511593 3.499697 3.487977 3.476375 3.465019 3.454037 3.443563 3.433732 3.424685 3.416564 3.409511 3.403667 3.399168 3.396138 3.394686 3.394898 3.396831 3.400509 3.405918 3.413005 3.421679 3.431826 3.443312 3.456012 3.469825 3.4847 3.50066 3.517819 3.536393 3.556695 3.579125 3.604146 3.632244 3.663895
3.899101 3.887144 3.875299 3.863506 3.851822 3.840292 3.828952 3.817824 3.80692 3.796241 3.785779 3.775518 3.765433 3.755496 3.745672 3.735925 3.726222 3.71653 3.706819 3.697061 3.687227 3.677292 3.667226 3.657002 3.646595 3.635979 3.625135 3.614049 3.602711 3.591126 3.579308 3.567283 3.555096 3.542806 3.530498 3.518262 3.506218 3.494313 3.482485 3.470852 3.459537 3.448672 3.438394 3.428849 3.42019 3.412576 3.406169 3.401132 3.397619 3.395774 3.39572 3.397553 3.401331 3.407073 3.414749 3.424289 3.435583 3.448498 3.462896 3.478653 3.495684 3.513969 3.533567 3.554631 3.577406 3.602227 3.629493 3.659638 3.693093
3.903841 3.891993 3.880269 3.868611 3.857072 3.845694 3.834507 3.823528 3.812766 3.802219 3.791879 3.781727 3.77174 3.761889 3.752143 3.742469 3.732834 3.723209 3.713565 3.703875 3.694113 3.684252 3.674268 3.664132 3.653819 3.643304 3.632565 3.621585 3.610351 3.598863 3.587127 3.575167 3.563021 3.550744 3.538409 3.526115 3.513972 3.501931 3.489925 3.478064 3.466463 3.455251 3.444564 3.434553 3.425382 3.417223 3.410261 3.404683 3.400678 3.398424 3.398084 3.399795 3.403656 3.409717 3.417981 3.428393 3.440853 3.455223 3.471348 3.489076 3.508285 3.528906 3.55094 3.574476 3.599692 3.626857 3.656309 3.688431 3.723613
3.90863 3.896922 3.885348 3.873858 3.862497 3.851303 3.840298 3.829498 3.818907 3.80852 3.798328 3.788311 3.778448 3.76871 3.759068 3.749494 3.739955 3.730426 3.720878 3.711287 3.701629 3.691878 3.682009 3.671998 3.661819 3.651446 3.640856 3.630027 3.618944 3.607601 3.596 3.584159 3.57211 3.559904 3.547609 3.535316 3.523139 3.511028 3.498913 3.486891 3.475073 3.46358 3.452548 3.442131 3.4325 3.423842 3.416359 3.410266 3.405782 3.403124 3.402498 3.404081 3.408017 3.414395 3.423247 3.434538 3.448174 3.46401 3.481871 3.501571 3.522947 3.545876 3.5703 3.596242 3.623816 3.653223 3.684747 3.71872 3.755494
3.913543 3.902004 3.890612 3.879321 3.86817 3.857188 3.846397 3.835804 3.825411 3.815212 3.805193 3.795339 3.785625 3.776026 3.766517 3.757069 3.747655 3.73825 3.728829 3.719369 3.709847 3.70024 3.690524 3.680676 3.670671 3.660483 3.650085 3.639456 3.628574 3.617429 3.606021 3.594359 3.582473 3.570405 3.558222 3.546008 3.533871 3.521772 3.509632 3.497538 3.485591 3.473907 3.46262 3.451883 3.441872 3.432787 3.424847 3.418291 3.413369 3.410336 3.40944 3.410904 3.414918 3.421613 3.431053 3.443223 3.458034 3.475329 3.494908 3.51655 3.540042 3.565209 3.59193 3.620164 3.649958 3.681455 3.714882 3.75053 3.788717
-9999 3.907337 3.896155 3.885091 3.874178 3.863439 3.852886 3.842527 3.832358 3.822371 3.812552 3.802884 3.793345 3.783912 3.774561 3.765266 3.756005 3.746753 3.737489 3.72819 3.718837 3.709408 3.699881 3.690233 3.680442 3.670481 3.660322 3.64994 3.639312 3.628421 3.617264 3.605846 3.594191 3.582338 3.570346 3.558295 3.546291 3.534292 3.522226 3.510164 3.498197 3.486434 3.475002 3.464055 3.453772 3.444361 3.436056 3.429117 3.423824 3.420468 3.419338 3.420707 3.42481 3.431825 3.441849 3.45489 3.470857 3.489581 3.510831 3.534344 3.55986 3.587146 3.616022 3.646383 3.678213 3.711597 3.746716 3.783821 3.823201
-9999 -9999 3.902087 3.891276 3.880625 3.870152 3.859863 3.849759 3.839836 3.830083 3.820486 3.811026 3.801685 3.792441 3.783272 3.774156 3.765073 3.756001 3.746921 3.737814 3.728661 3.719442 3.710138 3.700728 3.69119 3.681496 3.67162 3.661532 3.651207 3.640626 3.62978 3.618672 3.60732 3.595758 3.584042 3.572246 3.560469 3.548676 3.536789 3.524876 3.513013 3.501297 3.489853 3.47883 3.468407 3.458797 3.450246 3.443032 3.437462 3.433858 3.432553 3.433864 3.438077 3.445415 3.456015 3.469903 3.486991 3.507086 3.529924 3.555199 3.582599 3.611837 3.642676 3.674951 3.708586 3.743614 3.780175 3.818486 3.858812
-9999 -9999 -9999 3.89799 3.887622 3.877433 3.867425 3.857596 3.847937 3.838435 3.829077 3.819844 3.81072 3.801684 3.792718 3.783803 3.774921 3.766054 3.757185 3.748297 3.739373 3.730396 3.721347 3.712207 3.702956 3.693569 3.684016 3.674266 3.664292 3.654072 3.643594 3.632859 3.62188 3.610688 3.599333 3.587884 3.576434 3.564953 3.553364 3.541721 3.530093 3.518569 3.50726 3.496311 3.4859 3.476242 3.467589 3.460235 3.454506 3.450757 3.449355 3.450663 3.455015 3.462683 3.473845 3.488546 3.506695 3.528074 3.55238 3.579263 3.608362 3.639337 3.671899 3.705828 3.740998 3.777395 3.81512 3.854363 3.895366
-9999 -9999 -9999 -9999 -9999 3.885389 3.875676 3.866133 3.856749 3.847511 3.838404 3.829412 3.820519 3.811707 3.802961 3.794266 3.785604 3.776963 3.768327 3.759682 3.751014 3.742305 3.73354 3.724702 3.71577 3.706722 3.697526 3.688153 3.678571 3.668759 3.658702 3.648399 3.63786 3.627113 3.616202 3.605191 3.594166 3.583103 3.571928 3.560684 3.549428 3.53824 3.527224 3.516514 3.506283 3.496744 3.488154 3.480816 3.475074 3.471306 3.469911 3.471291 3.475825 3.483833 3.495536 3.511002 3.530129 3.552672 3.578287 3.606581 3.637149 3.669604 3.703608 3.738896 3.775299 3.812765 3.851359 3.891243 3.93264
-9999 -9999 -9999 -9999 -9999 3.894125 3.884712 3.87546 3.866357 3.857389 3.848541 3.839797 3.831144 3.822567 3.814053 3.805589 3.797164 3.788765 3.780381 3.771999 3.763607 3.755191 3.746735 3.738224 3.729638 3.720955 3.712146 3.703179 3.694024 3.68466 3.67507 3.665252 3.655214 3.64498 3.634589 3.624101 3.613594 3.60305 3.592402 3.581681 3.570933 3.560228 3.549661 3.539358 3.529484 3.520243 3.511896 3.504748 3.499157 3.49552 3.494261 3.495812 3.50059 3.508957 3.521178 3.537344 3.55734 3.580887 3.60761 3.637078 3.668848 3.702493 3.737634 3.773966 3.811283 3.8495 3.888653 3.928878 3.970383
-9999 -9999 -9999 -9999 -9999 3.903735 3.89462 3.885658 3.876836 3.868137 3.859548 3.851054 3.842644 3.834306 3.826031 3.817808 3.809628 3.801484 3.793364 3.78526 3.777161 3.769055 3.760927 3.752763 3.744544 3.736247 3.727845 3.719307 3.710608 3.701723 3.692638 3.68335 3.673864 3.664202 3.654399 3.644509 3.634604 3.624671 3.61465 3.604565 3.594452 3.584372 3.574406 3.564674 3.555328 3.546568 3.538648 3.531873 3.526609 3.523268 3.522295 3.524142 3.529252 3.538015 3.550731 3.567516 3.588236 3.61259 3.640179 3.67055 3.703229 3.737756 3.773715 3.810765 3.84867 3.887317 3.926717 3.966986 4.008321
-9999 -9999 -9999 -9999 3.923286 3.9143 3.905475 3.896796 3.888246 3.879809 3.871474 3.863226 3.855057 3.846958 3.838922 3.830942 3.823012 3.815127 3.80728 3.799462 3.791666 3.78388 3.776092 3.768287 3.760446 3.752548 3.744568 3.736478 3.728252 3.719872 3.711321 3.702597 3.693704 3.684662 3.675503 3.666273 3.657038 3.647794 3.638488 3.629137 3.619769 3.610436 3.601213 3.592202 3.583548 3.57544 3.568122 3.5619 3.557142 3.554268 3.553737 3.55602 3.56157 3.570791 3.583989 3.601285 3.622551 3.647482 3.675674 3.706658 3.73994 3.775033 3.811489 3.848938 3.887112 3.925876 3.965224 4.005259 4.046167
-9999 -9999 -9999 -9999 3.93459 3.925884 3.917335 3.908923 3.900631 3.892445 3.884351 3.87634 3.868403 3.860537 3.852735 3.844995 3.837314 3.829689 3.822114 3.814585 3.807095 3.799632 3.792187 3.784745 3.777288 3.769795 3.762244 3.75461 3.746871 3.73901 3.731013 3.722876 3.714606 3.706219 3.697743 3.689221 3.68071 3.672214 3.663691 3.65515 3.646616 3.638131 3.629762 3.621604 3.613786 3.606483 3.599929 3.594422 3.59033 3.588082 3.588146 3.590995 3.597088 3.606822 3.620483 3.638183 3.659814 3.685093 3.713622 3.74493 3.778512 3.813863 3.850509 3.88805 3.926195 3.964787 4.00381 4.043362 4.083623
-9999 -9999 -9999 -9999 3.946976 3.938531 3.930236 3.922071 3.914019 3.906064 3.898195 3.890404 3.882688 3.875041 3.867464 3.859957 3.852517 3.845146 3.837839 3.830595 3.823405 3.816263 3.809157 3.802074 3.794997 3.787909 3.780787 3.773611 3.766362 3.759026 3.751591 3.744055 3.736423 3.728711 3.720944 3.71316 3.705409 3.697701 3.690005 3.682327 3.674688 3.667124 3.659694 3.652485 3.645615 3.639243 3.633587 3.628931 3.625644 3.624155 3.624935 3.628456 3.635163 3.645432 3.659524 3.677537 3.699383 3.724806 3.753429 3.784791 3.818389 3.853707 3.890256 3.927612 3.965457 4.003624 4.04209 4.080955 4.120394
-9999 -9999 -9999 -9999 3.960471 3.952261 3.944194 3.936251 3.928413 3.920666 3.913001 3.905412 3.897897 3.890455 3.883088 3.875799 3.86859 3.861461 3.854413 3.847442 3.840544 3.833712 3.826935 3.820201 3.813495 3.806801 3.800101 3.793376 3.786613 3.779797 3.772923 3.765987 3.758997 3.751967 3.744919 3.737885 3.730909 3.724008 3.717162 3.710375 3.703663 3.69706 3.690619 3.68442 3.678571 3.673217 3.668557 3.664859 3.662482 3.661855 3.663445 3.667708 3.675067 3.68587 3.700351 3.718599 3.740536 3.765933 3.794439 3.825615 3.858969 3.89399 3.930182 3.967104 4.004419 4.041951 4.07968 4.117708 4.156205
-9999 -9999 -9999 -9999 -9999 3.967068 3.959201 3.95145 3.943799 3.936234 3.928748 3.921337 3.914001 3.906744 3.89957 3.892483 3.885487 3.878586 3.87178 3.865068 3.858446 3.851908 3.845444 3.839043 3.832693 3.826378 3.820084 3.813796 3.807503 3.801195 3.794869 3.788523 3.782166 3.775809 3.769473 3.763186 3.756984 3.750889 3.744893 3.738998 3.733219 3.727585 3.722148 3.716979 3.712181 3.70789 3.704284 3.701612 3.700222 3.700536 3.703 3.708048 3.716075 3.727397 3.742223 3.760631 3.782552 3.807781 3.835993 3.866776 3.899658 3.934144 3.969747 4.00602 4.042617 4.079357 4.116229 4.153326 4.190816
-9999 -9999 -9999 -9999 -9999 3.982925 3.975225 3.967635 3.96014 3.952728 3.945393 3.938134 3.930955 3.92386 3.916857 3.909951 3.90315 3.896458 3.889875 3.883403 3.877038 3.870773 3.864602 3.858513 3.852496 3.846539 3.840629 3.834755 3.828911 3.823089 3.817287 3.81151 3.805764 3.80006 3.794417 3.788858 3.783411 3.778105 3.77294 3.767917 3.763051 3.758368 3.753917 3.749767 3.746013 3.742782 3.740246 3.738637 3.738286 3.73959 3.742968 3.748823 3.757516 3.769331 3.784456 3.802959 3.824775 3.849718 3.877491 3.907708 3.939927 3.973675 4.008482 4.043922 4.079658 4.11551 4.151456 4.187581 4.224044
-9999 -9999 -9999 -9999 -9999 3.999779 3.992212 3.984751 3.977381 3.970092 3.962879 3.955746 3.948696 3.94174 3.934884 3.928138 3.92151 3.915005 3.908624 3.902369 3.896237 3.890223 3.884319 3.878517 3.872807 3.86718 3.861626 3.856138 3.850713 3.845346 3.84004 3.834799 3.829632 3.824549 3.819567 3.814704 3.809982 3.805431 3.801062 3.796875 3.792884 3.789115 3.785613 3.782444 3.7797 3.777504 3.776023 3.775483 3.776189 3.778503 3.782805 3.789465 3.798807 3.811085 3.826463 3.845 3.866635 3.891199 3.918418 3.947937 3.979345 4.012198 4.04606 4.080531 4.115304 4.150201 4.185187 4.22033 4.255775
-9999 -9999 -9999 -9999 -9999 -9999 4.010089 4.002725 3.995447 3.98825 3.981132 3.974096 3.967151 3.960308 3.953576 3.946967 3.940489 3.934147 3.927944 3.921882 3.915958 3.910167 3.904503 3.898958 3.893525 3.888196 3.882966 3.87783 3.872787 3.867839 3.862989 3.858246 3.853617 3.849116 3.844753 3.840544 3.836504 3.832666 3.829046 3.825648 3.822482 3.819576 3.816973 3.814738 3.81296 3.811761 3.811305 3.811811 3.813556 3.816863 3.822072 3.829512 3.839469 3.85217 3.867757 3.886275 3.907669 3.931783 3.958367 3.987095 4.017591 4.04945 4.082269 4.115691 4.149435 4.183334 4.21734 4.251505 4.285959
-9999 -9999 -9999 -9999 -9999 -9999 -9999 4.021466 4.014251 4.007117 4.000065 3.9931 3.986234 3.97948 3.972848 3.966352 3.959999 3.953797 3.947747 3.941852 3.936109 3.930513 3.925058 3.919739 3.91455 3.909485 3.904541 3.899718 3.895017 3.890444 3.886007 3.881715 3.877578 3.873608 3.869817 3.866212 3.862806 3.859629 3.856706 3.854041 3.851645 3.849546 3.847787 3.846433 3.845571 3.845324 3.845851 3.847358 3.850097 3.854353 3.860426 3.868601 3.879131 3.892209 3.907957 3.926411 3.947518 3.971133 3.997029 4.024913 4.054443 4.085254 4.116985 4.149318 4.182002 4.21488 4.2479 4.281102 4.314598
