ASPA-UH-SWB2_REPO/input/ET_Process/may_et_clipped.asc
ncols         350
nrows         200
xllcorner     515000
yllcorner     8409000
cellsize      100
NODATA_value  -9999
[rows 62 to 92 of 200, columns 207 to 275 of 350]
3.159328 3.157938 3.156622 3.155472 3.154397 3.1532 3.151839 3.150293 3.148561 3.146657 3.144612 3.14247 3.140284 3.138116 3.136036 3.134119 3.13244 3.131078 3.130109 3.129609 3.129647 3.13029 3.131599 3.133627 3.13642 3.140019 3.144457 3.149763 3.15596 3.163072 3.171119 3.180124 3.19011 3.201102 3.213125 3.226204 3.24036 3.255602 3.271928 3.289313 3.307713 3.32702 3.347064 3.367631 3.388493 3.409446 3.430359 3.451222 3.472154 3.493335 3.514954 3.537162 3.560031 3.583514 3.607428 3.63146 3.65521 3.678298 3.700463 3.721568 3.741543 3.760352 3.777985 3.794453 3.809788 3.824044 3.837294 3.849637 3.861186
3.153512 3.152626 3.151798 3.151122 3.150503 3.149736 3.148784 3.147633 3.146286 3.144766 3.143112 3.141375 3.139615 3.137903 3.136312 3.134922 3.133812 3.133059 3.132741 3.132929 3.13369 3.135086 3.137169 3.139986 3.143573 3.147961 3.153175 3.159234 3.166157 3.17396 3.182667 3.192303 3.202901 3.214501 3.227147 3.240888 3.255772 3.271839 3.289118 3.307608 3.327294 3.348095 3.369848 3.392324 3.415267 3.438444 3.461686 3.484931 3.508216 3.531636 3.555291 3.57924 3.603468 3.627857 3.652173 3.676075 3.699157 3.721049 3.741564 3.76066 3.778355 3.794694 3.809739 3.82357 3.836282 3.847983 3.858799 3.868868 3.878339
3.15011 3.149794 3.149523 3.149387 3.149289 3.149022 3.148552 3.147869 3.146983 3.145925 3.14474 3.143487 3.142235 3.141057 3.140036 3.139251 3.138785 3.138717 3.139122 3.14007 3.141624 3.143839 3.146762 3.150431 3.154874 3.160113 3.166161 3.173028 3.180727 3.189269 3.198674 3.208972 3.220203 3.232419 3.245682 3.260061 3.275627 3.292449 3.310578 3.330036 3.350834 3.372926 3.396153 3.420271 3.445001 3.470084 3.495322 3.520596 3.545871 3.571154 3.596458 3.621761 3.646972 3.671916 3.696324 3.719844 3.742089 3.762728 3.781624 3.79879 3.814307 3.828285 3.840853 3.852152 3.862337 3.871571 3.880029 3.887892 3.895344
3.149114 3.149442 3.149798 3.150271 3.150763 3.151067 3.151154 3.151017 3.150672 3.150158 3.149524 3.148839 3.148175 3.147615 3.147241 3.147141 3.147395 3.148085 3.149283 3.151057 3.153466 3.156559 3.160378 3.164953 3.170303 3.17644 3.183368 3.191089 3.199603 3.208917 3.219048 3.230026 3.2419 3.25473 3.268595 3.283581 3.29978 3.317279 3.336151 3.356427 3.378143 3.401287 3.425708 3.451146 3.477308 3.503916 3.530743 3.557626 3.584459 3.611171 3.637697 3.663939 3.689744 3.714893 3.739093 3.762002 3.783272 3.802635 3.81998 3.835342 3.848837 3.860626 3.870888 3.879824 3.88764 3.894552 3.900783 3.906556 3.91209
3.150461 3.151509 3.152565 3.153716 3.154867 3.155818 3.156538 3.157028 3.157308 3.15742 3.157424 3.157391 3.157401 3.15754 3.157897 3.158557 3.159606 3.161123 3.163179 3.165839 3.169158 3.173179 3.177939 3.18346 3.189755 3.196826 3.204667 3.213268 3.222622 3.232726 3.243594 3.255258 3.267769 3.2812 3.295641 3.311194 3.327968 3.346066 3.365575 3.386525 3.408961 3.432896 3.45819 3.484581 3.511776 3.539485 3.567459 3.595492 3.623421 3.651108 3.678417 3.705187 3.731216 3.75625 3.779992 3.802119 3.82233 3.84041 3.856273 3.86996 3.881606 3.8914 3.899565 3.906343 3.911988 3.916765 3.920939 3.924776 3.92853
3.154015 3.155859 3.157688 3.159584 3.161461 3.163128 3.164558 3.165752 3.166737 3.16756 3.168284 3.168987 3.169754 3.170675 3.17184 3.173338 3.175253 3.177663 3.180637 3.184237 3.188513 3.193504 3.19924 3.205739 3.213004 3.22103 3.229802 3.239298 3.2495 3.260398 3.272 3.284338 3.297467 3.311469 3.326446 3.342515 3.359797 3.378409 3.398445 3.419925 3.442885 3.467341 3.49317 3.520136 3.547951 3.576328 3.604996 3.633718 3.662284 3.6905 3.718173 3.745089 3.77101 3.795662 3.818749 3.839974 3.85908 3.87589 3.890339 3.902477 3.912444 3.920446 3.926732 3.931578 3.935276 3.938129 3.940445 3.942527 3.944664
3.159575 3.162249 3.164887 3.167561 3.170193 3.172608 3.174779 3.176711 3.178436 3.180007 3.181494 3.182979 3.184552 3.186306 3.188335 3.190728 3.193569 3.196933 3.200887 3.205487 3.210778 3.216796 3.223562 3.231089 3.239373 3.248402 3.258149 3.26858 3.279665 3.291383 3.303736 3.316754 3.330496 3.345052 3.360534 3.377071 3.394796 3.413831 3.434274 3.456123 3.479396 3.504108 3.530153 3.557325 3.585359 3.613972 3.642887 3.671842 3.700594 3.728904 3.756536 3.783239 3.808747 3.832775 3.855038 3.875263 3.893229 3.908789 3.921897 3.932608 3.941065 3.947483 3.952123 3.955285 3.957288 3.958468 3.959165 3.959714 3.960439
3.16722 3.170753 3.174226 3.177704 3.181116 3.184299 3.187231 3.189923 3.192413 3.194758 3.197038 3.199339 3.201756 3.204387 3.207327 3.210664 3.214482 3.218853 3.22384 3.229493 3.235853 3.242946 3.250788 3.259384 3.268726 3.278791 3.289542 3.300931 3.312913 3.325456 3.338552 3.352229 3.36655 3.381611 3.397533 3.414454 3.432515 3.451842 3.472528 3.494545 3.517893 3.542586 3.568537 3.595565 3.623432 3.651871 3.680608 3.709368 3.737885 3.765892 3.793119 3.819291 3.844126 3.867336 3.888647 3.90781 3.924631 3.938987 3.950846 -9999 3.967397 3.972449 3.975693 3.977438 3.978025 3.977809 3.977154 3.976425 3.975972
3.17704 3.181464 3.185802 3.19011 3.194325 3.198298 3.202013 3.205487 3.208764 3.211911 3.215012 3.218161 3.221457 3.225001 3.22889 3.233213 3.23805 3.24347 3.249532 3.256279 3.263743 3.271943 3.280887 3.290572 3.300982 3.312087 3.323838 3.336174 3.34903 3.362359 3.376148 3.39042 3.405241 3.420712 3.436964 3.454141 3.472389 3.491832 3.51256 3.534517 3.557685 3.582085 3.607644 3.634205 3.661558 3.689457 3.717639 3.74583 3.77375 3.801114 3.827635 3.853021 3.876982 3.899234 3.919513 3.937592 3.953296 3.966522 -9999 -9999 -9999 -9999 3.997553 3.998162 3.997621 3.9963 3.99458 3.992843 3.99146
3.189068 3.194416 3.199646 3.204809 3.209848 3.214631 3.219147 3.223421 3.227504 3.231474 3.235419 3.23944 3.243643 3.248128 3.252995 3.258332 3.264218 3.270715 3.277877 3.28574 3.294326 3.303646 3.313697 3.324466 3.33593 3.348049 3.360765 3.373998 3.387664 3.401702 3.41609 3.430851 3.446053 3.461803 3.478237 3.495505 3.513755 3.533112 3.553658 3.575314 3.598048 3.621891 3.646784 3.672592 3.699131 3.726182 3.753499 3.780813 3.807843 3.834298 3.859879 3.88429 3.907238 3.928445 3.947659 3.964668 3.979315 -9999 -9999 -9999 -9999 -9999 -9999 4.017628 4.016253 4.014126 4.011634 4.00917 4.007115
3.203297 3.209597 3.215744 3.22178 3.227658 3.233263 3.238591 3.243675 3.248577 3.253381 3.258184 3.263092 3.268215 3.273657 3.279517 3.285882 3.292827 3.300411 3.308679 3.317659 3.327365 3.337796 3.348938 3.360765 3.373242 3.386321 3.399931 3.413975 3.428348 3.442979 3.457839 3.472948 3.488379 3.504244 3.520685 3.537857 3.555907 3.574961 3.595094 3.61621 3.638267 3.661309 3.685295 3.710106 3.735587 3.761547 3.787758 3.813966 3.839891 3.865243 3.889723 3.913033 3.934886 3.95501 3.973166 3.989154 4.002831 -9999 -9999 -9999 -9999 -9999 -9999 -9999 -9999 4.031473 4.028502 4.025591 4.023129
3.219685 3.226957 3.234035 3.240954 3.247676 3.254105 3.260246 3.266141 3.271862 3.2775 3.283161 3.288957 3.295 3.301397 3.308247 3.315634 3.323629 3.332287 3.341644 3.35172 3.362518 3.374026 3.386218 3.399054 3.412482 3.42644 3.440842 3.455573 3.470518 3.485595 3.500768 3.516062 3.531549 3.547349 3.563609 3.580487 3.598132 3.616668 3.636168 3.656519 3.677676 3.699701 3.722572 3.746194 3.770435 3.795129 3.820069 3.845011 3.869688 3.893815 3.917097 3.939243 -9999 -9999 -9999 -9999 -9999 -9999 -9999 -9999 -9999 -9999 -9999 -9999 -9999 4.0485 4.045331 4.042249 4.039636
3.238166 3.246418 3.254429 3.262227 3.269785 3.277027 3.283968 3.290661 3.297186 3.303644 3.310148 3.316815 3.323761 3.331094 3.33891 3.347292 3.356306 3.365999 3.376402 3.387524 3.399358 3.41188 3.425051 3.438814 3.453103 3.467832 3.482896 3.49817 3.51353 3.528886 3.544203 3.559502 3.574865 3.590416 3.606309 3.622703 3.63975 3.657571 3.676239 3.695629 3.715696 3.736525 3.758118 3.780408 3.803286 3.826602 3.850166 3.873752 3.897104 3.919945 3.941992 -9999 -9999 -9999 -9999 -9999 -9999 -9999 -9999 -9999 -9999 -9999 -9999 -9999 4.068151 4.065316 4.062209 4.059206 4.056679
3.258657 3.267882 3.276811 3.285467 3.293836 3.301864 3.309577 3.317037 3.324336 3.331583 3.338897 3.346402 3.354214 3.362441 3.371179 3.380506 3.390482 3.401149 3.412526 3.424615 3.437397 3.450838 3.464881 3.479457 3.49448 3.509842 3.525422 3.541081 3.556692 3.572158 3.587443 3.602574 3.617638 3.632767 3.648119 3.663859 3.680139 3.697078 3.71475 3.733022 3.751856 3.77136 3.791563 3.812428 3.833864 3.855741 3.877882 3.900074 3.922076 3.943624 -9999 -9999 -9999 -9999 -9999 -9999 -9999 -9999 -9999 -9999 -9999 -9999 -9999 4.086529 4.084551 4.081976 4.079157 4.07645 4.074209
3.281064 3.291234 3.301046 3.310522 3.31966 3.328429 3.336866 3.345045 3.353069 3.361056 3.369131 3.37742 3.386041 3.395103 3.404696 3.414894 3.425751 3.437301 3.449554 3.462503 3.476116 3.490347 3.505125 3.520366 3.535965 3.5518 3.567731 3.583612 3.599309 3.61472 3.629808 3.644607 3.659214 3.673769 3.688437 3.703384 3.718761 3.734689 3.751243 3.768287 3.785793 3.803893 3.822645 3.842037 3.862 3.882418 3.90313 3.923937 3.944609 3.964898 -9999 -9999 -9999 -9999 -9999 -9999 -9999 -9999 -9999 -9999 -9999 -9999 4.102868 4.102173 4.100607 4.098485 4.096139 4.093904 4.092111
3.305288 3.316352 3.326991 3.337226 3.34707 3.356514 3.365609 3.374442 3.383125 3.391784 3.40055 3.409551 3.418906 3.42872 3.439081 3.450056 3.461691 3.474012 3.487019 3.500694 3.514994 3.52986 3.545209 3.560942 3.576939 3.593065 3.609171 3.625105 3.640724 3.655924 3.670665 3.684991 3.699011 3.712874 3.726748 3.740799 3.755178 3.770007 3.785366 3.801118 3.817248 3.833914 3.851198 3.869112 3.88761 3.906589 3.925903 3.945366 3.964763 -9999 -9999 -9999 -9999 -9999 -9999 -9999 -9999 -9999 -9999 -9999 -9999 -9999 4.1175 4.117315 4.116319 4.114804 4.113078 4.111452 4.110229
3.331226 3.343107 3.354492 3.365403 3.375869 3.385903 3.395572 3.404974 3.414232 3.423478 3.432848 3.442472 3.452467 3.462935 3.473957 3.485595 3.497886 3.510846 3.524465 3.538713 3.553537 3.568865 3.584603 3.600638 3.616841 3.633068 3.649164 3.664975 3.680357 3.695202 3.709467 3.723209 3.736548 3.749636 3.762643 3.775734 3.789061 3.802745 3.816872 3.831311 3.846059 3.8613 3.877138 3.893608 3.910682 3.928274 3.946252 3.964442 -9999 -9999 -9999 -9999 -9999 -9999 -9999 -9999 -9999 -9999 -9999 -9999 -9999 -9999 4.131508 4.13196 4.131656 4.130865 4.129868 4.128952 4.128391
3.358771 3.371366 3.383392 3.394874 3.405856 3.416378 3.426518 3.436388 3.446119 3.455851 3.465723 3.475864 3.48639 3.497397 3.50896 3.521133 3.533943 3.547395 3.56147 3.576127 3.591301 3.606909 3.622846 3.63899 3.655204 3.67134 3.687241 3.702755 3.717743 3.7321 3.74579 3.758872 3.771469 3.783736 3.795838 3.807941 3.820195 3.832725 3.845621 3.858759 3.872156 3.886014 3.900461 3.915551 3.931273 3.947556 3.964282 3.981291 -9999 -9999 -9999 -9999 -9999 -9999 -9999 -9999 -9999 -9999 -9999 -9999 -9999 -9999 -9999 4.146092 4.146569 4.146583 4.146392 4.146255 4.146422
3.387815 3.400994 3.41353 3.425457 3.436833 3.447721 3.458214 3.468434 3.478523 3.488626 3.498883 3.509424 3.520359 3.531779 3.543752 3.55632 3.569503 3.583294 3.597664 3.61256 3.627908 3.643613 3.659563 3.675629 3.691669 3.707533 3.723067 3.738124 3.752577 3.766334 3.77937 3.791741 3.803564 3.814987 3.826175 3.83729 3.848481 3.859876 3.87157 3.883451 3.895553 3.908098 3.921233 3.93503 3.949491 3.964563 -9999 -9999 -9999 -9999 -9999 -9999 -9999 -9999 -9999 -9999 -9999 -9999 -9999 -9999 -9999 -9999 -9999 -9999 -9999 4.161869 4.162531 4.163216 4.164148
3.418244 3.431856 3.444751 3.456975 3.468606 3.479724 3.490436 3.500877 3.511196 3.521542 3.532058 3.54287 3.554085 3.565785 3.578028 3.590849 3.604255 3.618231 3.632733 3.647702 3.663053 3.678683 3.694473 3.710289 3.725988 3.741422 3.756443 3.770914 3.784723 3.797794 3.810114 3.821735 3.832764 3.84334 3.853622 3.863767 3.873926 3.884226 3.894769 3.905457 3.916341 3.927662 3.939581 3.952186 3.965494 -9999 -9999 -9999 -9999 -9999 -9999 -9999 -9999 -9999 -9999 -9999 -9999 -9999 -9999 -9999 -9999 -9999 -9999 -9999 -9999 -9999 4.17817 4.179695 4.181411
3.449933 3.463807 3.476894 3.489257 3.500988 3.512187 3.522973 3.533493 3.543904 3.55436 3.565001 3.575952 3.587312 3.599155 3.61153 3.62446 3.637942 3.651949 3.666431 3.681316 3.696512 3.71191 3.727385 3.742803 3.758022 3.772897 3.787292 3.801081 3.814167 3.826493 3.838053 3.848896 3.859119 3.868854 3.878249 3.887459 3.896628 3.905889 3.915346 3.924918 3.934675 3.94487 3.955681 3.967206 -9999 -9999 -9999 -9999 -9999 -9999 -9999 -9999 -9999 -9999 -9999 -9999 -9999 -9999 -9999 -9999 -9999 -9999 -9999 -9999 -9999 -9999 4.193204 4.195569 4.198068
3.482734 3.496687 3.509789 3.522121 3.533791 3.544912 3.555621 3.566074 3.576436 3.586863 3.597496 3.608452 3.619822 3.631673 3.644042 3.656942 3.67036 3.684257 3.698576 3.713234 3.728135 3.743164 3.758195 3.773094 3.787722 3.801942 3.815628 3.828669 3.840983 3.852527 3.8633 3.873351 3.88277 3.891678 3.900216 3.90853 3.916764 3.925049 3.933495 3.942036 3.950762 3.959939 3.969753 -9999 -9999 -9999 -9999 -9999 -9999 -9999 -9999 -9999 -9999 -9999 -9999 -9999 -9999 -9999 -9999 -9999 -9999 -9999 -9999 -9999 -9999 -9999 -9999 4.210732 4.213998
3.516469 3.53031 3.543246 3.555376 3.56682 3.577706 3.588186 3.598427 3.6086 3.618863 3.629355 3.640185 3.651437 3.663167 3.6754 3.68814 3.701363 3.715021 3.729049 3.743357 3.757844 3.772392 3.786874 3.80116 3.815115 3.828613 3.841538 3.853792 3.865308 3.876052 3.886031 3.895292 3.903919 3.912024 3.919741 3.927208 3.934566 -9999 -9999 -9999 -9999 -9999 -9999 -9999 -9999 -9999 -9999 -9999 -9999 -9999 -9999 -9999 -9999 -9999 -9999 -9999 -9999 -9999 -9999 -9999 -9999 -9999 -9999 -9999 -9999 -9999 -9999 -9999 4.229103
3.550921 3.564459 3.577048 3.588809 3.599872 3.610373 3.62048 3.630371 3.640223 3.650196 3.660422 3.671005 3.682018 3.693506 3.705484 3.717946 3.730858 3.744165 3.757792 3.771647 3.785622 3.799601 3.813456 3.827062 3.840291 3.853025 3.865161 3.876613 3.887325 3.897272 3.906466 3.914952 3.922812 3.930149 3.937087 3.943761 -9999 -9999 -9999 -9999 -9999 -9999 -9999 -9999 -9999 -9999 -9999 -9999 -9999 -9999 -9999 -9999 -9999 -9999 -9999 -9999 -9999 -9999 -9999 -9999 -9999 -9999 -9999 -9999 -9999 -9999 -9999 -9999 -9999
3.585829 3.598881 3.610956 3.622195 3.632733 3.642716 3.652322 3.661741 3.671154 3.680722 3.690572 3.700797 3.711462 3.722601 3.734219 3.7463 3.758802 3.771662 3.7848 3.798118 3.811508 3.824852 3.838027 3.85091 3.863383 3.875336 3.886675 3.897329 3.907248 3.916417 3.92485 3.932592 3.939719 3.94633 3.952542 -9999 -9999 -9999 -9999 -9999 -9999 -9999 -9999 -9999 -9999 -9999 -9999 -9999 -9999 -9999 -9999 -9999 -9999 -9999 -9999 -9999 -9999 -9999 -9999 -9999 -9999 -9999 -9999 -9999 -9999 -9999 -9999 -9999 -9999
3.62089 3.63329 3.644704 3.655289 3.665183 3.674535 3.683537 3.692384 3.701261 3.710327 3.719705 3.729479 3.739702 3.7504 3.761569 3.773184 3.785194 3.797532 3.810111 3.822831 3.835583 3.84825 3.860713 3.872853 3.884559 3.895732 3.906288 3.916162 3.925316 3.933738 3.941446 3.948484 3.954924 3.96086 -9999 -9999 -9999 -9999 -9999 -9999 -9999 -9999 -9999 -9999 -9999 -9999 -9999 -9999 -9999 -9999 -9999 -9999 -9999 -9999 -9999 -9999 -9999 -9999 -9999 -9999 -9999 -9999 -9999 -9999 -9999 -9999 -9999 -9999 -9999
3.655766 3.667376 3.678009 3.687835 3.696993 3.705633 3.713955 3.722157 3.730425 3.738916 3.747746 3.756992 3.766698 3.776881 3.787531 3.798613 3.810071 3.82183 3.833801 3.845883 3.857965 3.869932 3.881669 3.893064 3.904013 3.914423 3.924221 3.933348 3.941775 3.949492 3.956521 3.962904 3.96871 -9999 -9999 -9999 -9999 -9999 -9999 -9999 -9999 -9999 -9999 -9999 -9999 -9999 -9999 -9999 -9999 -9999 -9999 -9999 -9999 -9999 -9999 -9999 -9999 -9999 -9999 -9999 -9999 -9999 -9999 -9999 -9999 -9999 -9999 -9999 -9999
3.690091 3.700809 3.710576 3.719573 3.727936 3.735813 3.743409 3.750923 3.758539 3.766405 3.774634 3.783297 3.792433 3.802051 3.812131 3.822634 3.833497 3.844642 3.855977 3.867398 3.878796 3.890059 3.901075 3.911738 3.921951 3.931629 3.940704 3.949128 3.956873 3.963936 3.970337 3.97612 -9999 -9999 -9999 -9999 -9999 -9999 -9999 -9999 -9999 -9999 -9999 -9999 -9999 -9999 -9999 -9999 -9999 -9999 -9999 -9999 -9999 -9999 -9999 -9999 -9999 -9999 -9999 -9999 -9999 -9999 -9999 -9999 -9999 -9999 -9999 -9999 -9999
3.723499 3.733266 3.74212 3.750254 3.757796 3.76489 3.771744 3.778555 3.785499 3.792719 3.800323 3.808376 3.816913 3.825935 3.835418 3.845316 3.855564 3.866078 3.876765 3.887521 3.898238 3.908807 3.919121 3.929078 3.938588 3.947573 3.955971 3.963739 3.970855 3.977317 3.983148 -9999 -9999 -9999 -9999 -9999 -9999 -9999 -9999 -9999 -9999 -9999 -9999 -9999 -9999 -9999 -9999 -9999 -9999 -9999 -9999 -9999 -9999 -9999 -9999 -9999 -9999 -9999 -9999 -9999 -9999 -9999 -9999 -9999 -9999 -9999 -9999 -9999 -9999
3.755643 3.764442 3.77238 3.779651 3.78638 3.792703 3.798826 3.804944 3.811225 3.817806 3.824785 3.832227 3.840159 3.84858 3.85746 3.866749 3.876378 -9999 3.896307 3.906409 3.916463 3.926361 -9999 -9999 -9999 -9999 -9999 -9999 -9999 -9999 -9999 -9999 -9999 -9999 -9999 -9999 -9999 -9999 -9999 -9999 -9999 -9999 -9999 -9999 -9999 -9999 -9999 -9999 -9999 -9999 -9999 -9999 -9999 -9999 -9999 -9999 -9999 -9999 -9999 -9999 -9999 -9999 -9999 -9999 -9999 -9999 -9999 -9999 -9999
3.78623 3.794087 3.801138 3.807582 3.813534 3.819124 3.824556 3.830017 3.835668 3.841637 3.848019 3.85487 3.862216 3.870051 3.878341 3.887035 -9999 -9999 -9999 -9999 -9999 -9999 -9999 -9999 -9999 -9999 -9999 -9999 -9999 -9999 -9999 -9999 -9999 -9999 -9999 -9999 -9999 -9999 -9999 -9999 -9999 -9999 -9999 -9999 -9999 -9999 -9999 -9999 -9999 -9999 -9999 -9999 -9999 -9999 -9999 -9999 -9999 -9999 -9999 -9999 -9999 -9999 -9999 -9999 -9999 -9999 -9999 -9999 -9999
