ASPA-UH-SWB2_REPO/input/ET_Process/nov_et_clipped.asc
ncols         350
nrows         200
xllcorner     515000
yllcorner     8409000
cellsize      100
NODATA_value  -9999
[rows 31 to 61 of 200, columns 276 to 344 of 350]
-9999 -9999 -9999 -9999 -9999 -9999 -9999 -9999 -9999 -9999 -9999 -9999 -9999 -9999 -9999 -9999 -9999 -9999 -9999 -9999 -9999 -9999 -9999 -9999 -9999 -9999 -9999 -9999 -9999 -9999 -9999 -9999 -9999 -9999 -9999 -9999 -9999 -9999 -9999 -9999 -9999 -9999 -9999 -9999 -9999 -9999 -9999 -9999 -9999 -9999 -9999 -9999 -9999 -9999 -9999 -9999 -9999 -9999 -9999 -9999 -9999 -9999 -9999 -9999 -9999 -9999 -9999 -9999 -9999
-9999 -9999 -9999 -9999 -9999 -9999 -9999 -9999 -9999 -9999 -9999 -9999 -9999 -9999 -9999 -9999 -9999 -9999 -9999 -9999 -9999 -9999 -9999 -9999 -9999 -9999 -9999 -9999 -9999 -9999 -9999 -9999 -9999 -9999 -9999 -9999 -9999 -9999 -9999 -9999 -9999 -9999 -9999 -9999 -9999 5.313184 5.332131 -9999 -9999 -9999 -9999 -9999 -9999 -9999 -9999 -9999 -9999 -9999 -9999 -9999 -9999 -9999 -9999 -9999 -9999 -9999 -9999 -9999 -9999
-9999 -9999 -9999 -9999 -9999 -9999 -9999 -9999 -9999 -9999 -9999 -9999 -9999 -9999 -9999 -9999 -9999 -9999 -9999 -9999 -9999 -9999 -9999 -9999 -9999 -9999 -9999 -9999 -9999 -9999 -9999 -9999 -9999 -9999 -9999 -9999 -9999 -9999 -9999 -9999 -9999 -9999 -9999 5.270225 5.290823 5.31083 5.330216 5.348959 -9999 -9999 -9999 -9999 -9999 -9999 -9999 -9999 -9999 -9999 -9999 -9999 -9999 -9999 -9999 -9999 -9999 -9999 -9999 -9999 -9999
-9999 -9999 -9999 -9999 -9999 -9999 -9999 -9999 -9999 -9999 -9999 -9999 -9999 -9999 -9999 -9999 -9999 -9999 -9999 -9999 -9999 -9999 -9999 -9999 -9999 -9999 -9999 -9999 -9999 4.922796 4.948831 4.974874 5.000871 -9999 -9999 -9999 -9999 5.128142 5.152643 5.176687 -9999 5.223184 5.245543 5.267269 5.288355 5.308822 5.328642 5.347795 5.366304 5.384204 -9999 -9999 -9999 -9999 -9999 -9999 -9999 -9999 -9999 -9999 -9999 -9999 -9999 -9999 -9999 -9999 -9999 -9999 -9999
-9999 -9999 -9999 -9999 -9999 -9999 -9999 -9999 -9999 -9999 -9999 -9999 -9999 -9999 -9999 -9999 -9999 -9999 -9999 -9999 -9999 -9999 -9999 -9999 -9999 -9999 -9999 -9999 4.89179 4.917312 4.943017 4.968846 4.994736 5.020623 5.046441 5.072123 5.097602 5.12281 5.147678 5.172138 5.196123 5.219569 5.242423 5.264642 5.286207 5.307126 5.327371 5.346926 5.365811 5.38406 5.401718 -9999 -9999 -9999 -9999 -9999 -9999 -9999 -9999 -9999 -9999 -9999 -9999 -9999 -9999 -9999 -9999 -9999 -9999
-9999 -9999 -9999 -9999 -9999 -9999 -9999 -9999 -9999 -9999 -9999 -9999 -9999 -9999 -9999 -9999 -9999 -9999 -9999 -9999 -9999 -9999 -9999 -9999 -9999 -9999 -9999 4.862523 4.88726 4.912351 4.937736 4.96335 4.989127 5.014994 5.040879 5.066709 5.092407 5.117899 5.143108 5.167959 5.192376 5.216283 5.239613 5.262311 5.284342 5.305699 5.326357 5.346301 5.36555 5.384139 5.40211 -9999 -9999 -9999 -9999 -9999 -9999 -9999 -9999 -9999 -9999 -9999 -9999 -9999 -9999 -9999 -9999 -9999 -9999
-9999 -9999 -9999 -9999 -9999 -9999 -9999 -9999 -9999 -9999 -9999 -9999 -9999 -9999 -9999 -9999 -9999 -9999 -9999 -9999 -9999 -9999 -9999 -9999 -9999 -9999 4.83522 4.858957 4.883196 4.907887 4.932969 4.958378 4.98404 5.009879 5.035815 5.061769 5.087659 5.113406 5.138927 5.164139 5.188957 5.213299 5.237083 5.26024 5.282717 5.304495 5.325549 5.345865 5.365463 5.384377 5.402649 5.420331 -9999 -9999 -9999 -9999 -9999 -9999 -9999 -9999 -9999 -9999 -9999 -9999 -9999 -9999 -9999 -9999 -9999
-9999 -9999 -9999 -9999 -9999 -9999 -9999 -9999 -9999 -9999 -9999 -9999 -9999 -9999 -9999 -9999 -9999 -9999 -9999 -9999 -9999 -9999 4.746173 4.766758 -9999 4.809976 4.832568 4.855779 4.879572 4.903902 4.92871 4.953928 4.979479 5.005281 5.031252 5.057308 5.083363 5.109331 5.135128 5.160664 5.18585 5.210593 5.234801 5.258389 5.281287 5.303463 5.32489 5.345559 5.365488 5.384711 5.40327 5.421215 -9999 -9999 -9999 -9999 -9999 -9999 -9999 -9999 -9999 -9999 -9999 -9999 -9999 -9999 -9999 -9999 -9999
-9999 -9999 -9999 -9999 -9999 -9999 -9999 -9999 -9999 -9999 -9999 -9999 -9999 -9999 -9999 -9999 -9999 -9999 -9999 -9999 -9999 4.726865 4.746107 4.766067 4.786744 4.808131 4.830215 4.852975 4.876383 4.900397 4.924962 4.950006 4.975451 5.001211 5.027201 5.053334 5.079521 5.105675 5.131708 5.157526 5.183038 5.208142 5.232736 5.256719 5.280007 5.302552 5.324326 5.345324 5.365564 5.385077 5.403907 5.422101 -9999 -9999 -9999 -9999 -9999 -9999 -9999 -9999 -9999 -9999 -9999 -9999 -9999 -9999 -9999 -9999 -9999
-9999 -9999 -9999 -9999 -9999 -9999 -9999 -9999 -9999 -9999 -9999 -9999 -9999 -9999 -9999 -9999 -9999 -9999 -9999 -9999 4.709123 4.727148 4.745885 4.765352 4.785554 4.806493 4.828163 4.850551 4.873637 4.897384 4.921738 4.946627 4.97197 4.997681 5.023673 5.049856 5.076143 5.102445 5.12867 5.154725 5.180512 5.205927 5.23086 5.255196 5.278834 5.301713 5.323804 5.345106 5.365635 5.385421 5.404504 -9999 -9999 -9999 -9999 -9999 -9999 -9999 -9999 -9999 -9999 -9999 -9999 -9999 -9999 -9999 -9999 -9999 -9999
-9999 -9999 -9999 -9999 -9999 -9999 -9999 -9999 -9999 -9999 -9999 -9999 -9999 -9999 -9999 -9999 -9999 -9999 -9999 4.692543 4.709516 4.727172 4.74554 4.76464 4.784486 4.805084 4.826435 4.848532 4.871358 4.894885 4.919059 4.943809 4.969053 4.994706 5.02068 5.046888 5.073242 5.099651 5.126023 5.152264 5.178274 5.203945 5.229159 5.253793 5.277733 5.300906 5.323283 5.344862 5.365656 5.385693 5.405011 -9999 -9999 -9999 -9999 -9999 -9999 -9999 -9999 -9999 -9999 -9999 -9999 -9999 -9999 -9999 -9999 -9999 -9999
-9999 -9999 -9999 -9999 -9999 -9999 -9999 -9999 -9999 -9999 -9999 -9999 -9999 -9999 -9999 -9999 -9999 -9999 4.676758 4.69286 4.709598 4.727013 4.745134 4.763988 4.783588 4.803947 4.825069 4.846951 4.869579 4.892929 4.916949 4.941572 4.966717 4.992301 5.01824 5.044446 5.070832 5.097309 5.123783 5.150159 5.176336 5.202202 5.227633 5.2525 5.276686 5.300108 5.322737 5.344563 5.365596 5.385861 5.405392 -9999 -9999 -9999 -9999 -9999 -9999 -9999 -9999 -9999 -9999 -9999 -9999 -9999 -9999 -9999 -9999 -9999 -9999
4.438962 4.452361 4.465224 4.477709 4.489964 -9999 -9999 -9999 -9999 -9999 -9999 -9999 -9999 -9999 -9999 -9999 -9999 4.661499 4.676898 4.69288 4.709494 4.726778 4.744762 4.763471 4.782924 4.803134 4.824106 4.845841 4.868327 4.891537 4.915427 4.939931 4.964977 4.990483 5.016367 5.042545 5.068931 5.095436 5.121967 5.148429 5.174716 5.200713 5.226295 5.25133 5.275702 5.299325 5.322163 5.3442 5.365441 5.385906 5.405624 -9999 -9999 -9999 -9999 -9999 -9999 -9999 -9999 -9999 -9999 -9999 -9999 -9999 -9999 -9999 -9999 -9999 -9999
4.443038 4.456152 4.468678 4.480791 4.492653 4.50441 4.516187 4.528079 4.540157 -9999 -9999 -9999 -9999 -9999 -9999 -9999 4.646622 4.661453 4.67682 4.692773 4.709353 4.726596 4.744532 4.763184 4.782569 4.802703 4.823592 4.845235 4.867621 4.890725 4.914504 4.9389 4.963845 4.989263 5.015076 5.041202 5.067556 5.094051 5.120596 5.147092 5.173432 5.199501 5.22517 5.250311 5.274809 5.298579 5.321577 5.343782 5.365194 5.385825 5.405702 -9999 -9999 -9999 -9999 -9999 -9999 -9999 -9999 -9999 -9999 -9999 -9999 -9999 -9999 -9999 -9999 -9999 -9999
4.447143 4.459884 4.471996 4.483669 4.495083 4.506398 4.517749 4.529245 4.540968 4.552975 4.5653 4.57796 -9999 -9999 4.618039 4.632095 4.646483 4.661335 4.676734 4.692723 4.709339 4.72661 4.744565 4.763224 4.782604 4.802718 4.823571 4.845164 4.867483 4.890505 4.91419 4.938486 4.96333 4.988653 5.014379 5.040429 5.066722 5.093173 5.119688 5.14617 5.17251 5.19859 5.224287 5.249474 5.274039 5.297898 5.321004 5.343331 5.36487 5.385629 -9999 -9999 -9999 -9999 -9999 -9999 -9999 -9999 -9999 -9999 -9999 -9999 -9999 -9999 -9999 -9999 -9999 -9999 -9999
4.45136 4.46367 4.47532 4.486517 4.497455 4.508307 4.51922 4.530318 4.541691 4.553404 4.565498 4.577996 4.590907 4.604227 4.617944 4.632033 4.646463 4.661375 4.676848 4.692919 4.709615 4.726962 4.744982 4.763693 4.783109 4.803241 4.824093 4.845663 4.867938 4.890895 4.914498 4.9387 4.963442 4.988661 5.014285 5.04024 5.066445 5.092815 5.119261 5.145681 5.171969 5.198008 5.223675 5.248849 5.273424 5.297317 5.320477 5.342873 5.364492 5.385336 5.405421 -9999 -9999 -9999 -9999 -9999 -9999 -9999 -9999 -9999 -9999 -9999 -9999 -9999 -9999 -9999 -9999 -9999 -9999
4.455758 4.467613 4.478784 4.489495 4.499953 4.510345 4.520833 4.531548 4.54259 4.554033 4.565922 4.578282 4.591118 4.604421 4.618163 4.632304 4.646796 4.661788 4.677359 4.693535 4.710338 4.727787 4.745899 4.764688 4.784164 4.804336 4.825205 4.846767 4.869011 4.891914 4.915442 4.93955 4.964189 4.989295 5.014804 5.040643 5.066734 5.092993 5.119329 5.145645 5.171833 5.197777 5.223361 5.248468 5.272996 5.296867 5.320028 5.342441 5.364091 5.384974 5.405103 -9999 -9999 -9999 -9999 -9999 -9999 -9999 -9999 -9999 -9999 -9999 -9999 -9999 -9999 -9999 -9999 -9999 -9999
4.460389 4.471798 4.482504 4.492745 4.502746 4.512704 4.522794 4.533156 4.543899 4.555103 4.566816 4.579063 4.591845 4.605145 4.618924 4.633125 4.647686 4.662764 4.678439 4.694729 4.711647 4.729207 4.74742 4.766295 4.78584 4.806058 4.826952 4.848512 4.870729 4.893579 4.917032 4.941048 4.965577 4.990562 5.015942 5.041645 5.067596 5.093713 5.119905 5.146075 5.172117 5.19792 5.22337 5.248357 5.272786 5.296581 5.319689 5.342068 5.363699 5.384576 5.404706 -9999 -9999 -9999 -9999 -9999 -9999 -9999 -9999 -9999 -9999 -9999 -9999 -9999 -9999 -9999 -9999 -9999 -9999
4.465294 4.476295 4.486577 4.496391 4.505975 4.515542 4.525275 4.535326 4.545809 4.55681 4.568378 4.580536 4.593282 4.606589 4.620409 4.634671 4.649296 4.664456 4.68023 4.696626 4.713654 4.731319 4.749628 4.768585 4.788195 4.808457 4.82937 4.850925 4.873112 4.895906 4.919281 4.943198 4.96761 4.992464 5.0177 5.043249 5.069036 5.094981 5.120995 5.146981 5.172835 5.198452 5.223721 5.248539 5.272818 5.296487 5.319491 5.341787 5.363351 5.384176 5.404264 -9999 -9999 -9999 -9999 -9999 -9999 -9999 -9999 -9999 -9999 -9999 -9999 -9999 -9999 -9999 -9999 -9999 -9999
4.470503 4.481163 4.491081 4.500528 4.509754 4.518984 4.528412 4.538199 4.548467 4.559302 4.570756 4.582849 4.595572 4.608892 4.622752 4.637067 4.651747 4.666976 4.682833 4.699321 4.716442 4.734197 4.752587 4.771613 4.791273 4.811566 4.832487 4.854028 4.876174 4.898905 4.922194 4.946002 4.970288 4.994998 5.020074 5.04545 5.071051 5.096797 5.122601 5.148368 5.173997 5.199385 5.22443 5.249034 5.273116 5.296612 5.319466 5.34163 5.363082 5.383812 5.403819 -9999 -9999 -9999 -9999 -9999 -9999 -9999 -9999 -9999 -9999 -9999 -9999 -9999 -9999 -9999 -9999 -9999 -9999
4.476044 4.486443 4.496078 4.50523 4.514165 4.523121 4.532302 4.541876 4.551973 4.56268 4.574048 4.586094 4.598805 4.612142 4.626036 4.640394 4.655115 4.670395 4.686315 4.702872 4.720064 4.737886 4.756336 4.775408 4.7951 4.815405 4.836318 4.857829 4.879921 4.902577 4.925767 4.949457 4.973604 4.998157 5.023058 5.048241 5.073634 5.099155 5.124721 5.150236 5.175604 5.200727 5.225508 5.249857 5.273699 5.29698 5.31964 5.341631 5.36293 5.383523 5.403412 5.422602 -9999 -9999 -9999 -9999 -9999 -9999 -9999 -9999 -9999 -9999 -9999 -9999 -9999 -9999 -9999 -9999 -9999
4.481942 4.492174 4.501611 4.51055 4.519267 4.528013 4.537004 4.546417 4.556385 4.566997 4.578304 4.590319 4.603025 4.616376 4.630297 4.644685 4.65943 4.674742 4.690702 4.707304 4.724541 4.742405 4.760889 4.779984 4.799683 4.81998 4.840864 4.862326 4.884349 4.906913 4.929992 4.953549 4.977544 5.001925 5.026635 5.051608 5.07677 5.102044 5.127344 5.152578 5.177655 5.202479 5.226962 5.251019 5.274586 5.297613 5.320041 5.341821 5.362929 5.383353 5.403089 5.422144 5.440531 -9999 -9999 -9999 -9999 -9999 -9999 -9999 -9999 -9999 -9999 -9999 -9999 -9999 -9999 -9999 -9999
4.488226 4.498384 4.507711 4.516516 4.525088 4.53369 4.542548 4.551845 4.561721 4.572268 4.583534 4.59553 4.608233 4.621593 4.63553 4.649934 4.664688 4.680011 4.695989 4.712611 4.729867 4.747746 4.766238 4.785329 4.805012 4.825276 4.84611 4.867503 4.889439 4.911896 4.934848 4.958259 4.982087 5.006281 5.030783 5.055527 5.080441 5.105444 5.130455 5.155385 5.180143 5.204641 5.228795 5.252531 5.275789 5.298531 5.320696 5.342233 5.36312 5.383344 5.402901 5.421795 5.44004 -9999 -9999 -9999 -9999 -9999 -9999 -9999 -9999 -9999 -9999 -9999 -9999 -9999 -9999 -9999 -9999
4.494928 4.505098 4.514397 4.523143 4.53164 4.540158 4.548933 4.558156 4.567973 4.578478 4.589716 4.601697 4.614396 4.627759 4.6417 4.656105 4.670851 4.686168 4.702142 4.718761 4.736013 4.753881 4.772355 4.791418 4.811059 4.831268 4.85203 4.873334 4.895164 4.917497 4.940306 4.963555 4.987201 5.011193 5.035472 5.059971 5.084618 5.109334 5.134036 5.158639 5.183056 5.207205 5.231007 5.254397 5.277323 5.299753 5.321629 5.342898 5.36354 5.383542 5.402899 5.421615 5.439701 -9999 -9999 -9999 -9999 -9999 -9999 -9999 -9999 -9999 -9999 -9999 -9999 -9999 -9999 -9999 -9999
4.502078 4.512331 4.521672 4.530427 4.53891 4.547399 4.556138 4.565324 4.575107 4.585585 4.596803 4.60877 4.621459 4.634814 4.648748 4.66314 4.677865 4.693159 4.70911 4.725706 4.742929 4.760765 4.779196 4.798207 4.817785 4.837915 4.858585 4.879781 4.901485 4.923677 4.946328 4.969399 4.992849 5.016624 5.040666 5.064905 5.08927 5.113682 5.138059 5.16232 5.18638 5.210162 5.233596 5.256622 5.279197 5.301299 5.322867 5.343852 5.364233 5.383997 5.403141 5.421667 -9999 -9999 -9999 -9999 -9999 -9999 -9999 -9999 -9999 -9999 -9999 -9999 -9999 -9999 -9999 -9999 -9999
4.5097 4.520092 4.529531 4.538352 4.546874 4.555381 4.564123 4.573302 4.583073 4.593533 4.604733 4.616682 4.629353 4.64269 4.656603 4.67097 4.68566 4.700917 4.716829 4.733382 4.750557 4.768338 4.786705 4.805644 4.825136 4.845168 4.865726 4.886795 4.908358 4.930392 4.952867 4.975747 4.998986 5.022531 5.04632 5.070288 5.094358 5.118454 5.142496 5.166403 5.190095 5.213501 5.236557 5.259209 5.281424 5.303186 5.324439 5.345131 5.365242 5.384763 5.403689 5.422022 -9999 -9999 -9999 -9999 -9999 -9999 -9999 -9999 -9999 -9999 -9999 -9999 -9999 -9999 -9999 -9999 -9999
4.517813 4.528378 4.537958 4.546889 4.555492 4.564057 4.572835 4.582033 4.591806 4.602256 4.613438 4.625363 4.638008 4.651315 4.665195 4.679522 4.694166 4.709372 4.72523 4.741723 4.758832 4.776538 4.794824 4.813668 4.833056 4.852971 4.873398 4.894323 4.915727 4.937587 4.959872 4.982545 5.00556 5.028862 5.05239 5.076074 5.099842 5.123615 5.147314 5.170862 5.194183 5.217209 5.239884 5.262162 5.284016 5.305439 5.326375 5.346774 5.366619 5.385899 5.404611 -9999 -9999 -9999 -9999 -9999 -9999 -9999 -9999 -9999 -9999 -9999 -9999 -9999 -9999 -9999 -9999 -9999 -9999
4.526486 4.537237 4.546981 4.556049 4.564762 4.573409 4.582244 4.591475 4.601257 4.611699 4.622859 4.634754 4.647362 4.660627 4.674459 4.688734 4.703318 4.71846 4.734248 4.750665 4.767691 4.785306 4.80349 4.822224 4.841489 4.86127 4.881551 4.902315 4.923544 4.945213 4.967292 4.989741 5.012514 5.035555 5.058803 5.082187 5.105633 5.129065 5.152404 5.175576 5.198508 5.22114 5.243419 5.265307 5.286787 5.307857 5.328465 5.348561 5.368129 5.38716 5.405651 -9999 -9999 -9999 -9999 -9999 -9999 -9999 -9999 -9999 -9999 -9999 -9999 -9999 -9999 -9999 -9999 -9999 -9999
4.535838 4.546769 4.556677 4.565889 4.574719 4.583456 4.592352 4.601616 4.611407 4.621836 4.632967 4.64482 4.657379 4.670588 4.68436 4.698568 4.71308 4.728144 4.743846 4.760171 4.777097 4.794604 4.812672 4.831281 4.85041 4.870045 4.890167 4.910759 4.9318 4.953265 4.975121 4.997329 5.01984 5.042598 5.065539 5.088594 5.111688 5.134744 5.157687 5.180443 5.202947 5.225142 5.246983 5.268441 5.289505 5.310183 5.330424 5.350179 5.369433 5.38818 -9999 -9999 -9999 -9999 -9999 -9999 -9999 -9999 -9999 -9999 -9999 -9999 -9999 -9999 -9999 -9999 -9999 -9999 -9999
4.545876 4.556969 4.567036 4.576391 4.585341 4.594172 4.603132 4.61243 4.622227 4.632639 4.643733 4.655536 4.668033 4.681174 4.694871 4.709 4.723427 4.738397 4.753999 4.770215 4.787025 4.80441 4.822348 4.840818 4.859802 4.87928 4.899234 4.919645 4.94049 4.961741 4.983366 5.005321 5.027556 5.050016 5.072635 5.095342 5.118062 5.14072 5.163242 5.185556 5.207603 5.229331 5.250704 5.271701 5.292319 5.312575 5.33242 5.351804 5.370716 5.389149 -9999 -9999 -9999 -9999 -9999 -9999 -9999 -9999 -9999 -9999 -9999 -9999 -9999 -9999 -9999 -9999 -9999 -9999 -9999
4.556585 4.567821 4.578035 4.587529 4.5966 4.605526 4.614552 4.623884 4.633687 4.644077 4.655128 4.666872 4.679297 4.692358 4.705966 4.720002 4.73433 4.749193 4.764679 4.780771 4.797451 4.814698 4.832492 4.850812 4.869638 4.888951 4.90873 4.928953 4.949596 4.970628 4.992014 5.01371 5.035664 5.057817 5.080103 5.102452 5.124787 5.147034 5.169119 5.190976 5.212549 5.233793 5.25468 5.275196 5.295348 5.315162 5.33459 5.353583 5.372132 5.390231 -9999 -9999 -9999 -9999 -9999 -9999 -9999 -9999 -9999 -9999 -9999 -9999 -9999 -9999 -9999 -9999 -9999 -9999 -9999
