ASPA-UH-SWB2_REPO/input/ET_Process/nov_et_clipped.asc
ncols         350
nrows         200
xllcorner     515000
yllcorner     8409000
cellsize      100
NODATA_value  -9999
[rows 31 to 61 of 200, columns 138 to 206 of 350]
-9999 -9999 -9999 -9999 -9999 -9999 -9999 -9999 -9999 -9999 -9999 -9999 -9999 -9999 -9999 -9999 -9999 -9999 -9999 -9999 -9999 -9999 -9999 -9999 -9999 -9999 -9999 -9999 -9999 -9999 -9999 -9999 -9999 -9999 -9999 -9999 -9999 -9999 -9999 -9999 -9999 -9999 -9999 -9999 -9999 -9999 -9999 -9999 -9999 -9999 -9999 -9999 -9999 -9999 -9999 -9999 -9999 -9999 -9999 4.155907 4.15463 4.153497 4.152513 4.151681 4.151004 4.15048 4.150101 4.14978 4.149391
-9999 -9999 -9999 -9999 -9999 -9999 -9999 -9999 -9999 -9999 -9999 -9999 -9999 -9999 -9999 -9999 -9999 -9999 -9999 -9999 -9999 -9999 -9999 -9999 -9999 -9999 -9999 -9999 -9999 -9999 -9999 -9999 -9999 -9999 -9999 -9999 -9999 -9999 -9999 -9999 -9999 -9999 -9999 -9999 -9999 -9999 -9999 -9999 -9999 -9999 -9999 -9999 -9999 4.155426 4.153277 4.15132 4.149535 4.147913 4.146442 4.145122 4.14395 4.142928 4.142058 4.141342 4.14078 4.140368 4.140096 4.139878 4.139588
-9999 -9999 -9999 -9999 -9999 -9999 -9999 -9999 -9999 -9999 -9999 -9999 -9999 -9999 -9999 -9999 -9999 -9999 -9999 -9999 -9999 -9999 -9999 -9999 -9999 -9999 -9999 -9999 -9999 -9999 -9999 -9999 -9999 -9999 -9999 -9999 -9999 -9999 -9999 -9999 -9999 -9999 -9999 -9999 -9999 -9999 -9999 -9999 -9999 4.154942 4.151749 -9999 4.146263 4.14391 4.141782 4.139858 4.138122 4.136559 4.135164 4.133929 4.132854 4.131938 4.13118 4.13058 4.130136 4.12984 4.129682 4.129578 4.129408
-9999 -9999 -9999 -9999 -9999 -9999 -9999 -9999 -9999 -9999 -9999 -9999 -9999 -9999 -9999 -9999 -9999 -9999 -9999 -9999 -9999 -9999 -9999 -9999 -9999 -9999 -9999 -9999 -9999 -9999 -9999 -9999 -9999 -9999 -9999 -9999 -9999 -9999 -9999 -9999 -9999 -9999 -9999 -9999 -9999 -9999 -9999 -9999 4.146891 4.143308 4.14007 4.137148 4.134514 4.132143 4.130012 4.1281 4.126392 4.124876 4.123543 4.122386 4.121401 4.120586 4.119938 4.119454 4.11913 4.118953 4.118912 4.118929 4.118896
-9999 -9999 -9999 -9999 -9999 -9999 -9999 -9999 -9999 -9999 -9999 -9999 -9999 -9999 -9999 -9999 -9999 -9999 -9999 -9999 -9999 -9999 -9999 -9999 -9999 -9999 -9999 -9999 -9999 -9999 -9999 -9999 -9999 -9999 -9999 -9999 -9999 -9999 -9999 -9999 -9999 -9999 -9999 -9999 -9999 -9999 4.143679 4.139254 4.135223 4.131564 4.128253 4.125266 4.122578 4.120167 4.118014 4.1161 4.114409 4.112929 4.11165 4.110564 4.109666 4.10895 4.108411 4.108043 4.107837 4.107781 4.107857 4.108 4.108112
-9999 -9999 -9999 -9999 -9999 -9999 -9999 -9999 -9999 -9999 -9999 -9999 -9999 -9999 -9999 -9999 -9999 -9999 -9999 -9999 -9999 -9999 -9999 -9999 -9999 -9999 -9999 -9999 -9999 -9999 -9999 -9999 -9999 -9999 -9999 -9999 -9999 -9999 -9999 -9999 -9999 -9999 -9999 -9999 -9999 -9999 4.132142 4.127625 4.123495 4.119736 4.11633 4.113259 4.110501 4.108039 4.105854 4.103929 4.102249 4.100801 4.099573 4.098557 4.097743 4.097125 4.096693 4.096438 4.09635 4.096412 4.096604 4.096872 4.097136
-9999 -9999 -9999 -9999 -9999 -9999 -9999 -9999 -9999 -9999 -9999 -9999 -9999 -9999 -9999 -9999 -9999 -9999 -9999 -9999 -9999 -9999 -9999 -9999 -9999 -9999 -9999 -9999 -9999 -9999 -9999 -9999 -9999 -9999 -9999 -9999 -9999 -9999 -9999 -9999 -9999 -9999 -9999 -9999 -9999 4.125644 4.120622 4.115989 4.11174 4.107863 4.10435 4.101183 4.098349 4.09583 4.093611 4.091675 4.090006 4.088591 4.087416 4.08647 4.085742 4.08522 4.084894 4.084751 4.084776 4.084951 4.085253 4.085641 4.086057
-9999 -9999 -9999 -9999 -9999 -9999 -9999 -9999 -9999 -9999 -9999 -9999 -9999 -9999 -9999 -9999 -9999 -9999 -9999 -9999 -9999 -9999 -9999 -9999 -9999 -9999 -9999 -9999 -9999 -9999 -9999 -9999 -9999 -9999 -9999 -9999 -9999 -9999 -9999 -9999 -9999 4.138542 4.131962 -9999 4.119826 4.114302 4.109153 4.104386 4.100002 4.095999 4.092371 4.089108 4.086198 4.083627 4.081379 4.079438 4.077788 4.076413 4.075296 4.074425 4.073783 4.073359 4.073136 4.073099 4.073232 4.073512 4.073915 4.074414 4.074973
-9999 -9999 -9999 -9999 -9999 -9999 -9999 -9999 -9999 -9999 -9999 -9999 -9999 -9999 -9999 -9999 -9999 -9999 -9999 -9999 -9999 -9999 -9999 -9999 -9999 -9999 -9999 -9999 -9999 -9999 -9999 -9999 -9999 -9999 -9999 -9999 -9999 -9999 -9999 -9999 4.134631 4.127714 4.121075 4.11474 4.108732 4.103073 4.097779 4.092865 4.08834 4.084208 4.080468 4.077116 4.07414 4.071528 4.069266 4.067334 4.065716 4.064391 4.063343 4.062552 4.062001 4.061673 4.061551 4.061615 4.061844 4.062218 4.062708 4.063303 4.063992
-9999 -9999 -9999 -9999 -9999 -9999 -9999 -9999 -9999 -9999 -9999 -9999 -9999 -9999 -9999 -9999 -9999 -9999 -9999 -9999 -9999 -9999 -9999 -9999 -9999 -9999 -9999 -9999 -9999 -9999 -9999 -9999 -9999 -9999 -9999 -9999 -9999 -9999 -9999 4.131319 4.124128 4.117154 4.110425 4.10397 4.097821 4.092008 4.086556 4.081489 4.076822 4.072567 4.068727 4.0653 4.062277 4.059646 4.057389 4.055487 4.053919 4.052661 4.051693 4.050992 4.050535 4.050303 4.050275 4.05043 4.050745 4.051196 4.051754 4.052425 4.053224
-9999 -9999 -9999 -9999 -9999 -9999 -9999 -9999 -9999 -9999 -9999 -9999 -9999 -9999 -9999 -9999 -9999 -9999 -9999 -9999 -9999 -9999 -9999 -9999 -9999 -9999 -9999 -9999 -9999 -9999 -9999 -9999 -9999 -9999 -9999 -9999 -9999 -9999 4.128619 4.121218 4.113973 4.106909 4.100059 4.093458 4.087147 4.081165 4.075548 4.070328 4.065527 4.061163 4.057242 4.053765 4.050722 4.0481 4.045877 4.044031 4.042536 4.041365 4.04049 4.039886 4.039528 4.039391 4.03945 4.039683 4.040066 4.040574 4.041177 4.041898 4.04278
-9999 -9999 -9999 -9999 -9999 -9999 -9999 -9999 -9999 -9999 -9999 -9999 -9999 -9999 -9999 -9999 -9999 -9999 -9999 -9999 -9999 -9999 -9999 -9999 -9999 -9999 -9999 -9999 -9999 -9999 -9999 -9999 -9999 4.160761 4.151643 4.142843 4.134444 4.126549 4.118994 4.111544 4.104212 4.097028 4.090028 4.083258 4.076768 4.070609 4.064826 4.059459 4.05454 4.050089 4.046117 4.042622 4.039594 4.037015 4.034861 4.033103 4.031707 4.030644 4.029879 4.029382 4.029123 4.029075 4.029211 4.029505 4.029935 4.030474 4.031095 4.031836 4.032766
-9999 -9999 -9999 -9999 -9999 -9999 -9999 -9999 -9999 -9999 -9999 -9999 -9999 -9999 -9999 -9999 -9999 -9999 -9999 -9999 -9999 -9999 -9999 -9999 -9999 -9999 -9999 -9999 -9999 -9999 -9999 4.170007 4.16066 4.151459 4.142461 4.133733 4.125362 4.117457 4.109861 4.102333 4.094886 4.087554 4.080381 4.073425 4.066746 4.060406 4.054462 4.048965 4.043952 4.039445 4.035458 4.031987 4.029017 4.026524 4.024478 4.022841 4.021575 4.020642 4.020001 4.019618 4.019457 4.019489 4.019686 4.020021 4.020472 4.021012 4.021618 4.022344 4.023283
-9999 -9999 -9999 -9999 -9999 -9999 -9999 -9999 -9999 -9999 -9999 -9999 -9999 -9999 -9999 -9999 -9999 -9999 -9999 -9999 -9999 -9999 -9999 -9999 -9999 -9999 -9999 -9999 -9999 -9999 4.170063 4.160865 4.151734 4.142707 4.133832 4.125176 4.116827 4.108898 4.101239 4.093609 4.086025 4.078525 4.071163 4.064008 4.057136 4.050621 4.044532 4.038928 4.033852 4.029331 4.025375 4.021976 4.019114 4.016756 4.014861 4.013383 4.012277 4.011494 4.01099 4.010723 4.010656 4.010756 4.010993 4.011343 4.011783 4.01229 4.012843 4.013514 4.014418
-9999 -9999 -9999 -9999 -9999 -9999 -9999 -9999 -9999 -9999 -9999 -9999 -9999 -9999 -9999 -9999 -9999 -9999 -9999 -9999 -9999 -9999 -9999 -9999 -9999 -9999 -9999 -9999 -9999 4.170094 4.161139 4.152202 4.1433 4.134459 4.125721 4.117146 4.108819 4.100858 4.093125 4.085381 4.077647 4.069966 4.062407 4.055052 4.04799 4.041313 4.035102 4.029424 4.02433 4.019845 4.015975 4.012706 4.010007 4.007835 4.006137 4.004857 4.003937 4.003324 4.002964 4.002813 4.002829 4.002977 4.003231 4.003563 4.003955 4.00439 4.00485 4.005422 4.006242
-9999 -9999 -9999 -9999 -9999 -9999 -9999 -9999 -9999 -9999 -9999 -9999 -9999 -9999 -9999 -9999 -9999 -9999 -9999 -9999 -9999 -9999 -9999 -9999 -9999 -9999 -9999 -9999 -9999 4.161262 4.152595 4.14393 4.135273 4.126638 4.118055 4.109578 4.101287 4.093301 4.085492 4.077633 4.069746 4.061886 4.054132 4.046584 4.039349 4.032534 4.026234 4.020527 4.015466 4.011076 4.007357 4.004282 4.001808 3.999876 3.998421 3.997375 3.996668 3.996237 3.996025 3.995981 3.996062 3.996235 3.996471 3.996749 3.997054 3.997374 3.997698 3.998124 3.99881
-9999 -9999 -9999 -9999 -9999 -9999 -9999 -9999 -9999 -9999 -9999 -9999 -9999 -9999 -9999 -9999 -9999 -9999 -9999 -9999 -9999 -9999 -9999 -9999 -9999 -9999 -9999 -9999 4.161067 4.152685 4.144307 4.135924 4.12753 4.119124 4.110725 4.102374 4.094144 4.086151 4.078281 4.070321 4.062295 4.054268 4.046337 4.038617 4.031235 4.024318 4.017975 4.012295 4.007332 4.003108 3.99961 3.996799 3.994614 3.992979 3.991812 3.99103 3.990554 3.990313 3.990242 3.99029 3.990412 3.990577 3.990759 3.990942 3.991115 3.991274 3.991416 3.991652 3.992153
-9999 -9999 -9999 -9999 -9999 -9999 -9999 -9999 -9999 -9999 -9999 -9999 -9999 -9999 -9999 -9999 -9999 -9999 -9999 -9999 -9999 -9999 -9999 -9999 -9999 -9999 -9999 4.160478 4.152324 4.144208 4.136114 4.128021 4.119907 4.111759 4.103577 4.09539 4.08726 4.079295 4.071395 4.063364 4.05523 4.04707 4.038993 4.031137 4.023652 4.016683 4.010357 4.004771 3.999982 3.996002 3.992807 3.990335 3.988505 3.98722 3.98638 3.985888 3.985654 3.985598 3.985655 3.985769 3.9859 3.986018 3.986103 3.986144 3.98614 3.986093 3.98601 3.98601 3.986278
-9999 -9999 -9999 -9999 -9999 -9999 -9999 -9999 -9999 -9999 -9999 -9999 -9999 -9999 -9999 -9999 -9999 -9999 -9999 -9999 -9999 -9999 -9999 -9999 -9999 -9999 4.159521 4.151475 4.14352 4.135644 4.12782 4.120018 4.1122 4.104337 4.096413 4.088438 4.080458 4.072571 4.064692 4.056641 4.048452 4.040211 4.032043 4.024107 4.016576 4.009621 4.003386 3.997977 3.993449 3.989805 3.986998 3.984943 3.983532 3.982646 3.982166 3.981978 3.981984 3.9821 3.982258 3.982405 3.982504 3.982531 3.982472 3.982325 3.982097 3.9818 3.981451 3.981176 3.981168
-9999 -9999 -9999 -9999 -9999 -9999 -9999 -9999 -9999 -9999 -9999 -9999 -9999 -9999 -9999 -9999 -9999 -9999 -9999 -9999 -9999 -9999 4.183313 4.174909 4.166567 4.158329 4.150222 4.142263 4.134453 4.126774 4.119197 4.111676 4.104164 4.096612 4.088987 4.081277 4.073512 4.06577 4.057981 4.049986 4.041819 4.033572 4.025389 4.01745 4.009955 4.003098 3.997043 3.991908 3.987743 3.984533 3.982205 3.980644 3.979713 3.979266 3.979164 3.979283 3.979515 3.979776 3.979999 3.980136 3.980156 3.980042 3.979792 3.979411 3.978916 3.978329 3.977679 3.977098 3.976779
-9999 -9999 -9999 -9999 -9999 -9999 -9999 -9999 -9999 -9999 -9999 -9999 -9999 -9999 -9999 -9999 -9999 -9999 -9999 -9999 -9999 4.182943 4.174271 4.165647 4.157127 4.148763 4.140591 4.132634 4.124896 4.117359 4.109987 4.102728 4.09552 4.088299 4.081011 4.073625 4.066146 4.058631 4.051023 4.04318 4.035136 4.026988 4.018894 4.011055 4.003698 3.997044 3.991279 3.986529 3.982839 3.98017 3.978415 3.977422 3.97702 3.977038 3.977319 3.97773 3.97816 3.978527 3.978768 3.978845 3.978735 3.978433 3.977945 3.977287 3.976488 3.975582 3.974607 3.973696 3.973046
-9999 -9999 -9999 -9999 -9999 -9999 -9999 -9999 -9999 -9999 -9999 -9999 -9999 -9999 -9999 -9999 -9999 -9999 -9999 -9999 4.183259 4.174211 4.165165 4.156197 4.147377 4.138769 4.130422 4.122366 4.114612 4.107142 4.099919 4.092885 4.085965 4.079082 4.072164 4.065156 4.058037 4.050842 4.043519 4.035949 4.028157 4.020242 4.01237 4.004764 3.997675 3.991353 3.986006 3.981771 3.978678 3.976661 3.975569 3.975208 3.97537 3.975861 3.976511 3.977182 3.977767 3.978189 3.978396 3.97836 3.978071 3.977534 3.976767 3.975801 3.974672 3.973427 3.972116 3.970871 3.969882
-9999 -9999 -9999 -9999 -9999 -9999 -9999 -9999 -9999 -9999 -9999 -9999 -9999 -9999 -9999 -9999 -9999 -9999 -9999 -9999 4.174947 4.165382 4.155831 4.146385 4.137134 4.128153 4.119508 4.111238 4.103362 4.095868 4.088718 4.081851 4.075186 4.068633 4.0621 4.055513 4.048828 4.042048 4.03513 4.027969 4.020581 4.013059 4.005576 3.998368 3.99171 3.985876 3.981098 3.977518 3.975157 3.973903 3.973555 3.97387 3.974609 3.975558 3.976543 3.977427 3.978112 3.978534 3.978652 3.978453 3.97794 3.977131 3.976059 3.974763 3.973294 3.971709 3.970068 3.968499 3.967184
-9999 -9999 -9999 -9999 -9999 -9999 -9999 -9999 -9999 -9999 -9999 -9999 -9999 -9999 -9999 -9999 -9999 -9999 -9999 4.17663 4.166501 4.156286 4.146094 4.136035 4.126215 4.116728 4.107652 4.099041 4.090923 4.083295 4.076124 4.069348 4.062881 4.056624 4.050473 4.044334 4.038139 4.031863 4.025468 4.018865 4.01205 4.005106 3.998208 3.9916 3.985572 3.980415 3.976377 3.973612 3.972116 3.971728 3.972183 3.973195 3.974496 3.975866 3.977132 3.978171 3.978898 3.979264 3.979245 3.978843 3.978076 3.976976 3.975586 3.973962 3.972162 3.970254 3.968309 3.966449 3.964842
-9999 -9999 -9999 -9999 -9999 -9999 -9999 -9999 -9999 -9999 -9999 -9999 -9999 -9999 -9999 -9999 -9999 4.189657 4.179298 4.168622 4.15773 4.146739 4.135777 4.124971 4.114448 4.104318 4.094675 4.085588 4.0771 4.069217 4.061913 4.05513 4.048783 4.042766 4.036965 4.031272 4.0256 4.019898 4.014133 4.008228 4.00216 3.995994 3.989898 3.984124 3.978964 3.97471 3.971614 3.969829 3.96933 3.969888 3.971175 3.972867 3.974688 3.97642 3.977906 3.979039 3.979755 3.980023 3.979836 3.979212 3.978183 3.976793 3.9751 3.973169 3.971071 3.968882 3.966683 3.964587 3.962746
-9999 -9999 -9999 -9999 -9999 -9999 -9999 -9999 -9999 -9999 -9999 -9999 -9999 -9999 -9999 -9999 4.193522 4.182852 4.171713 4.1602 4.148433 4.136551 4.1247 4.113027 4.101675 4.090773 4.080432 4.070739 4.061748 4.053481 4.045922 4.039019 4.032691 4.02683 4.021319 4.016039 4.010888 4.005795 4.000735 3.995647 3.990483 3.985289 3.980222 3.975534 3.971509 3.968422 3.966497 3.965868 3.966474 3.968016 3.970122 3.972449 3.974727 3.976756 3.978402 3.979584 3.980257 3.98041 3.980054 3.979218 3.977948 3.976303 3.974349 3.972162 3.969823 3.967419 3.965039 3.962786 3.960794
-9999 -9999 -9999 -9999 -9999 -9999 -9999 -9999 -9999 -9999 -9999 -9999 -9999 -9999 -9999 -9999 4.187036 4.175577 4.163571 4.151132 4.1384 4.125532 4.112694 4.100051 4.087765 4.075981 4.064826 4.054404 4.044786 4.036009 4.02807 4.020926 4.014503 4.008695 4.003384 3.998448 3.993775 3.989281 3.984956 3.980755 3.976615 3.972554 3.968724 3.965365 3.962741 3.961089 3.960579 3.961277 3.963057 3.965584 3.968468 3.971371 3.974045 3.976321 3.978096 3.979312 3.979948 3.980009 3.979519 3.978522 3.977072 3.975239 3.973099 3.970737 3.968245 3.965717 3.963252 3.960943 3.958905
-9999 -9999 -9999 -9999 -9999 -9999 -9999 -9999 -9999 -9999 -9999 -9999 -9999 -9999 -9999 -9999 4.180131 4.167796 4.154835 4.141382 4.127597 4.113656 4.099742 4.086041 4.072727 4.059963 4.047893 4.036633 4.026276 4.01687 4.008427 4.000918 3.994274 3.988398 3.983172 3.978477 3.974197 3.970242 3.966618 3.963307 3.960239 3.95742 3.954982 3.953144 3.952129 3.952119 3.953212 3.955372 3.958394 3.961918 3.965562 3.969014 3.972066 3.97459 3.976514 3.977806 3.978463 3.978504 3.977964 3.976895 3.975362 3.973441 3.971217 3.968784 3.966243 3.963697 3.961254 3.958998 3.957026
-9999 -9999 -9999 -9999 -9999 -9999 -9999 -9999 -9999 -9999 -9999 -9999 -9999 -9999 -9999 4.185508 4.173007 4.159682 4.145653 4.131077 4.116132 4.101014 4.085927 4.071069 4.056633 4.042795 4.029711 4.017513 4.006305 3.996156 3.987089 3.979086 3.972089 3.966008 3.960733 3.956148 3.952141 3.948623 3.94562 3.943141 3.941127 3.939584 3.93862 3.938406 3.939114 3.940858 3.943653 3.947367 3.951714 3.956301 3.96075 3.964798 3.968291 3.971144 3.973317 3.974799 3.975599 3.975746 3.975284 3.974272 3.972781 3.970895 3.968708 3.966321 3.963845 3.961392 3.959078 3.956983 3.955183
-9999 -9999 -9999 -9999 -9999 -9999 -9999 -9999 -9999 -9999 -9999 -9999 -9999 -9999 4.191452 4.178963 4.165461 4.151041 4.135844 4.120046 4.103849 4.087468 4.071123 4.055032 4.039399 4.024411 4.010236 3.997017 3.984871 3.973879 3.96408 3.955465 3.947987 3.941566 3.9361 3.931484 3.927615 3.924411 3.921921 3.920187 3.919163 3.918858 3.919351 3.920762 3.923198 3.926704 3.931212 3.936512 3.942249 3.947984 3.95334 3.958107 3.962188 3.965537 3.968135 3.969987 3.971111 3.971543 3.971333 3.970544 3.969256 3.967559 3.965555 3.963355 3.961078 3.958847 3.956784 3.954966 3.953456
-9999 -9999 -9999 -9999 -9999 -9999 -9999 -9999 -9999 -9999 -9999 -9999 -9999 4.19772 4.185427 4.171951 4.15735 4.14174 4.125285 4.108183 4.090657 4.072942 4.055276 4.037892 4.021005 4.004815 3.989493 3.975192 3.962038 3.950125 3.9395 3.930166 3.922087 3.915193 3.909397 3.904606 3.900732 3.897708 3.895608 3.894503 3.894361 3.895189 3.897038 3.899978 3.904051 3.909232 3.915382 3.92223 3.929375 3.936346 3.942758 3.948447 3.953348 3.957434 3.960702 3.963164 3.964844 3.965782 3.966033 3.965668 3.96477 3.963439 3.961785 3.95993 3.958002 3.956132 3.954454 3.953039 3.951942
