ASPA-UH-SWB2_REPO/input/ET_Process/nov_et_clipped.asc
ncols         350
nrows         200
xllcorner     515000
yllcorner     8409000
cellsize      100
NODATA_value  -9999
[rows 155 to 185 of 200, columns 69 to 137 of 350]
-9999 -9999 -9999 -9999 -9999 -9999 -9999 4.781288 4.778402 4.775945 4.773895 4.772224 4.770897 4.769868 4.769082 4.768474 4.767971 4.767498 4.766981 4.766362 4.765643 4.764839 4.76396 4.763011 4.761999 4.760929 4.7598 4.758609 4.757349 4.756006 4.754569 4.75303 4.75139 4.749663 4.747884 4.746113 4.744443 4.743006 4.741972 4.741556 4.742008 4.743608 4.746655 4.751448 4.758265 4.767338 4.778829 4.792809 4.809243 4.828031 4.849069 4.872179 4.89711 4.923567 4.951241 4.979856 5.00921 5.039193 5.069765 5.10093 5.132707 5.165129 5.198207 5.231949 5.266335 5.301301 5.336737 5.372478 5.408291
-9999 -9999 -9999 -9999 -9999 -9999 -9999 4.802591 4.800208 4.798247 4.796682 4.79548 4.794598 4.793982 4.793572 4.793297 4.79308 4.79284 4.7925 4.791999 4.791326 4.790497 4.789523 4.78842 4.787205 4.785896 4.784506 4.783045 4.781517 4.779923 4.778265 4.776546 4.77478 4.772993 4.77123 4.769563 4.768092 4.766953 4.766319 4.766399 4.767436 4.769698 4.773467 4.77902 4.786609 4.796434 4.808621 4.823204 4.840111 4.859248 4.880489 4.903634 4.928426 4.95458 4.981815 5.009889 5.038625 5.067925 5.097756 5.128127 5.159063 5.1906 5.222761 5.255537 5.288899 5.322773 5.357031 5.39149 5.425908
-9999 -9999 -9999 -9999 -9999 -9999 -9999 4.823677 4.821759 4.820255 4.819137 4.818364 4.817888 4.817652 4.817589 4.817623 4.817674 4.817657 4.817494 4.817116 4.816504 4.815667 4.814623 4.813395 4.812012 4.810503 4.808897 4.807212 4.805466 4.803671 4.801841 4.799991 4.798145 4.796341 4.794634 4.793102 4.791852 4.791023 4.790786 4.791343 4.792929 4.795796 4.800207 4.806418 4.814657 4.825097 4.837829 4.852852 4.870067 4.889383 4.910662 4.933689 4.95821 4.983956 5.010674 5.03815 5.066232 5.094835 5.12393 5.153528 5.183658 5.214347 5.245616 5.277453 5.309814 5.342604 5.375682 5.408852 5.441868
-9999 -9999 -9999 -9999 -9999 -9999 -9999 4.844459 4.842959 4.841868 4.841148 4.840758 4.840645 4.840746 4.840992 4.841303 4.841595 4.841784 4.841788 4.841536 4.840993 4.840168 4.83908 4.83776 4.83625 4.83459 4.832818 4.830965 4.829058 4.827122 4.825178 4.823254 4.821383 4.819613 4.818005 4.816644 4.815642 4.815135 4.815293 4.816311 4.818409 4.821825 4.826799 4.833569 4.842336 4.853251 4.866375 4.88168 4.899044 4.91838 4.939543 4.962312 4.986441 5.01168 5.0378 5.064618 5.092 5.119877 5.148224 5.177052 5.206387 5.236252 5.266656 5.297576 5.328951 5.360674 5.392584 5.424475 5.456095
-9999 -9999 -9999 -9999 -9999 -9999 -9999 4.864865 4.863734 4.863002 4.862629 4.86257 4.862768 4.863158 4.863668 4.864216 4.864717 4.865086 4.865241 4.865108 4.864641 4.863845 4.862741 4.861368 4.859778 4.858021 4.856143 4.854186 4.852183 4.85017 4.848177 4.846242 4.844406 4.842722 4.841261 4.840112 4.839385 4.839217 4.839772 4.841234 4.843811 4.847721 4.853186 4.860418 4.869597 4.880852 4.894222 4.909653 4.927016 4.946225 4.967128 4.98951 5.013134 5.037771 5.063216 5.08931 5.115942 5.143053 5.170626 5.198673 5.227213 5.256263 5.285816 5.315836 5.346245 5.376919 5.407682 5.438315 5.468561
-9999 -9999 -9999 -9999 -9999 -9999 -9999 4.884841 4.884025 4.883595 4.883513 4.883729 4.884184 4.884812 4.885537 4.886278 4.88695 4.887468 4.887751 4.887724 4.887333 4.886581 4.885491 4.88411 4.882494 4.880701 4.878782 4.876786 4.874757 4.872736 4.870763 4.868882 4.867142 4.865603 4.864339 4.863441 4.863018 4.863206 4.864158 4.86605 4.869073 4.873428 4.879316 4.886923 4.896408 4.907876 4.921347 4.93676 4.953982 4.972926 4.993441 5.015317 5.038332 5.062276 5.086969 5.112274 5.138099 5.164401 5.191169 5.218412 5.246148 5.27438 5.303089 5.332221 5.361681 5.391325 5.420967 5.450376 5.479283
-9999 -9999 -9999 -9999 -9999 -9999 -9999 -9999 4.90379 4.903608 4.903759 4.904193 4.90485 4.905661 4.906551 4.90744 4.908243 4.908876 4.909263 4.909329 4.909011 4.908316 4.907272 4.905927 4.90434 4.90257 4.900676 4.898711 4.896725 4.894767 4.892884 4.891124 4.889544 4.888206 4.887188 4.88658 4.886491 4.887049 4.888399 4.890706 4.894143 4.898894 4.905138 4.913037 4.922727 4.934288 4.947733 4.962998 4.979953 4.998511 5.018521 5.039784 5.062095 5.085263 5.109131 5.133582 5.158547 5.183993 5.209918 5.236332 5.263245 5.29065 5.318513 5.346766 5.375291 5.40393 5.432478 5.460695 5.488312
-9999 -9999 -9999 -9999 -9999 -9999 -9999 -9999 4.923007 4.923017 4.923346 4.923942 4.924745 4.925688 4.926695 4.927687 4.928583 4.929302 4.92977 4.929918 4.929673 4.929049 4.928079 4.92681 4.925301 4.923612 4.921805 4.919937 4.918065 4.916239 4.914514 4.912941 4.911582 4.910501 4.909776 4.909496 4.909767 4.910707 4.912454 4.915157 4.918975 4.924071 4.930603 4.938712 4.948509 4.960058 4.973365 4.988369 5.004951 5.023017 5.04242 5.062976 5.084497 5.106814 5.129789 5.153329 5.177382 5.201928 5.226974 5.252528 5.278596 5.305161 5.332174 5.359549 5.387152 5.414807 5.442295 5.469363 5.49574
-9999 -9999 -9999 -9999 -9999 -9999 -9999 -9999 -9999 4.941817 4.94227 4.942976 4.943876 4.944902 4.945982 4.947038 4.947993 4.948771 4.949305 4.949527 4.949359 4.94882 4.947947 4.946788 4.9454 4.943844 4.942183 4.940475 4.938779 4.937152 4.93565 4.934328 4.933248 4.932476 4.932088 4.93217 4.932822 4.934155 4.936293 4.939372 4.943534 4.948923 4.955676 4.963913 4.973727 4.985169 4.99824 5.012887 5.029006 5.046491 5.0652 5.084967 5.105624 5.127024 5.149049 5.171626 5.19472 5.218328 5.242459 5.267126 5.292326 5.318034 5.344188 5.370684 5.397375 5.424066 5.450524 5.476488 5.50168
-9999 -9999 -9999 -9999 -9999 -9999 -9999 -9999 -9999 -9999 4.960549 4.961318 4.962268 4.963335 4.964448 4.965535 4.966522 4.967339 4.967926 4.968219 4.968134 4.967694 4.966939 4.96592 4.964692 4.963314 4.961849 4.960358 4.9589 4.957533 4.956313 4.9553 4.954552 4.954137 4.954125 4.9546 4.955651 4.95738 4.959901 4.963333 4.967801 4.97343 4.980338 4.988628 4.998376 5.009624 5.022375 5.036585 5.052166 5.068995 5.086936 5.105844 5.125576 5.146003 5.167029 5.188601 5.2107 5.233334 5.256522 5.280274 5.304585 5.329418 5.354701 5.380315 5.406098 5.431842 5.4573 5.482202 5.506266
-9999 -9999 -9999 -9999 -9999 -9999 -9999 -9999 -9999 -9999 -9999 4.979003 4.979964 4.981035 4.98215 4.98324 4.984237 4.985079 4.985712 4.986077 4.986083 4.985754 4.985137 4.984284 4.983248 4.982089 4.980867 4.979643 4.978477 4.977424 4.976543 4.97589 4.975524 4.975507 4.975907 4.976797 4.978261 4.980389 4.983279 4.987038 4.991772 4.99759 5.004591 5.012863 5.02247 5.033451 5.045808 5.059513 5.074494 5.090604 5.107718 5.125712 5.144465 5.163874 5.183863 5.204396 5.225471 5.247108 5.269327 5.292141 5.31554 5.339481 5.36388 5.388606 5.413484 5.438293 5.462777 5.486656 5.509645
-9999 -9999 -9999 -9999 -9999 -9999 -9999 -9999 -9999 -9999 -9999 -9999 4.997021 4.998067 4.999157 5.00023 5.001223 5.00208 5.002755 5.003194 5.003297 5.003094 5.002634 5.001969 5.001156 5.000251 4.999313 4.998402 4.997575 4.996887 4.996393 4.996148 4.996205 4.996624 4.997463 4.998789 5.000675 5.003199 5.006444 5.010502 5.015463 5.02142 5.028456 5.036646 5.046046 5.056693 5.068596 5.081738 5.096069 5.111413 5.127652 5.144686 5.162421 5.180776 5.199699 5.219171 5.239202 5.259821 5.281052 5.302909 5.325378 5.348408 5.371907 5.395736 5.419707 5.443589 5.467118 5.490007 5.511969
-9999 -9999 -9999 -9999 -9999 -9999 -9999 -9999 -9999 -9999 -9999 -9999 -9999 5.014501 5.01555 5.01659 5.017569 5.018436 5.019153 5.01967 5.019879 5.019814 5.019528 5.019075 5.01851 5.017891 5.017275 5.016716 5.016271 5.015992 5.015929 5.016131 5.01665 5.017534 5.018836 5.020614 5.022926 5.025839 5.029423 5.033751 5.038902 5.044951 5.051969 5.06002 5.069156 5.079413 5.090809 5.103344 5.116986 5.131528 5.146856 5.162899 5.179586 5.196863 5.214701 5.233096 5.25207 5.271656 5.291885 5.312768 5.334288 5.35639 5.378974 5.401893 5.42495 5.447908 5.470496 5.492422 5.513396
-9999 -9999 -9999 -9999 -9999 -9999 -9999 -9999 -9999 -9999 -9999 -9999 -9999 -9999 5.031409 5.03241 5.03337 5.034247 5.035007 5.035606 5.035931 5.036016 5.035921 5.035701 5.035411 5.035107 5.034844 5.034674 5.034649 5.034816 5.035221 5.035907 5.036917 5.038292 5.040077 5.042315 5.045054 5.048347 5.052251 5.056824 5.062128 5.068225 5.075177 5.083039 5.091862 5.101683 5.112531 5.124423 5.137348 5.151061 5.165456 5.180487 5.196111 5.212297 5.229038 5.246346 5.264254 5.282798 5.302012 5.321907 5.342462 5.363619 5.385272 5.407266 5.4294 5.451431 5.473083 5.494064 5.514081
-9999 -9999 -9999 -9999 -9999 -9999 -9999 -9999 -9999 -9999 -9999 -9999 -9999 -9999 -9999 -9999 5.048719 5.049608 5.050416 5.051104 5.051553 5.051803 5.051914 5.051946 5.051954 5.051992 5.052112 5.052362 5.05279 5.053437 5.054342 5.055541 5.057067 5.058954 5.061234 5.063938 5.067102 5.070765 5.074969 5.079757 5.08518 5.091287 5.09813 5.105761 5.114228 5.123575 5.133842 5.145067 5.157257 5.170128 5.183578 5.19759 5.212144 5.227236 5.242877 5.259096 5.275931 5.293427 5.311617 5.330511 5.350088 5.370283 5.390986 5.41204 5.433237 5.454333 5.475049 5.495093 -9999
-9999 -9999 -9999 -9999 -9999 -9999 -9999 -9999 -9999 -9999 -9999 -9999 -9999 -9999 -9999 -9999 -9999 -9999 -9999 5.066259 5.066842 5.067268 5.067603 5.067906 5.068233 5.068637 5.069166 5.069865 5.070774 5.071929 5.073361 5.075097 5.077159 5.079572 5.082354 5.085526 5.089109 5.093128 5.09761 5.102588 5.108097 5.114178 5.120875 5.128237 5.136314 5.145158 5.154822 5.165363 5.17681 5.188835 5.201341 5.214334 5.227823 5.241826 5.256371 5.271502 5.287266 5.303711 5.32087 5.338755 5.357339 5.376557 5.396294 5.416389 5.436633 5.45678 5.476554 5.495664 -9999
-9999 -9999 -9999 -9999 -9999 -9999 -9999 -9999 -9999 -9999 -9999 -9999 -9999 -9999 -9999 -9999 -9999 -9999 -9999 -9999 -9999 -9999 5.083076 5.083668 5.084334 5.085125 5.086087 5.087258 5.088673 5.090359 5.092338 5.094628 5.097241 5.100187 5.103475 5.107111 5.111104 5.115462 5.120202 5.125341 5.130905 5.136927 5.143445 5.150507 5.158167 5.166486 5.175531 5.185381 5.196086 5.207271 5.218841 5.230829 5.243266 5.256192 5.269654 5.283705 5.298403 5.313798 5.329926 5.346793 5.364374 5.382598 5.401352 5.42047 5.439744 5.458927 5.477747 -9999 -9999
-9999 -9999 -9999 -9999 -9999 -9999 -9999 -9999 -9999 -9999 -9999 -9999 -9999 -9999 -9999 -9999 -9999 -9999 -9999 -9999 -9999 -9999 -9999 5.0993 5.100324 5.101521 5.102935 5.104597 5.106536 5.108769 5.11131 5.114165 5.117336 5.120819 5.124609 5.1287 5.133088 5.137768 5.142741 5.148015 5.153606 5.159539 5.165851 5.172588 5.179811 5.187592 5.196013 5.205173 5.215145 5.225504 5.236157 5.247159 -9999 5.270437 5.282833 5.29582 5.309462 5.323812 5.338907 5.354753 5.371322 5.388542 5.406295 5.424417 5.442702 -9999 -9999 -9999 -9999
-9999 -9999 -9999 -9999 -9999 -9999 -9999 -9999 -9999 -9999 -9999 -9999 -9999 -9999 -9999 -9999 -9999 -9999 -9999 -9999 -9999 -9999 -9999 -9999 -9999 5.117856 5.119735 5.121902 5.124376 5.127166 5.130276 5.1337 5.137427 5.141443 5.145729 5.150265 5.155034 5.160017 5.165205 5.170593 5.17619 5.182016 5.188105 5.194506 5.201286 5.208527 5.216329 5.224813 5.23407 5.243625 5.253383 5.263423 -9999 -9999 -9999 5.307939 5.320534 5.333845 5.347907 5.362727 5.378274 5.394475 5.411211 5.428318 -9999 -9999 -9999 -9999 -9999
-9999 -9999 -9999 -9999 -9999 -9999 -9999 -9999 -9999 -9999 -9999 -9999 -9999 -9999 -9999 -9999 -9999 -9999 -9999 -9999 -9999 -9999 -9999 -9999 -9999 -9999 5.136542 5.139223 5.142239 5.145591 5.149271 5.153263 5.157544 5.162086 5.166857 5.171825 5.176959 5.182229 5.187613 5.193098 5.198684 5.204389 5.210244 5.216303 5.222639 5.229346 5.236543 5.244369 5.252934 5.261712 5.270601 5.279705 -9999 -9999 -9999 -9999 5.331703 5.343975 5.357002 5.370788 5.385301 5.400466 5.416165 -9999 -9999 -9999 -9999 -9999 -9999
-9999 -9999 -9999 -9999 -9999 -9999 -9999 -9999 -9999 -9999 -9999 -9999 -9999 -9999 -9999 -9999 -9999 -9999 -9999 -9999 -9999 -9999 -9999 -9999 -9999 -9999 -9999 -9999 5.160169 5.164083 5.168332 -9999 5.177715 5.182773 5.188018 5.193404 5.198887 5.204427 5.20999 5.215555 5.221117 5.226688 5.232304 5.238019 5.243916 5.2501 5.256707 5.263897 5.271801 5.279828 5.287878 -9999 -9999 -9999 -9999 -9999 -9999 5.354269 5.366255 5.378996 5.392461 5.406572 -9999 -9999 -9999 -9999 -9999 -9999 -9999
-9999 -9999 -9999 -9999 -9999 -9999 -9999 -9999 -9999 -9999 -9999 -9999 -9999 -9999 -9999 -9999 -9999 -9999 -9999 -9999 -9999 -9999 -9999 -9999 -9999 -9999 -9999 -9999 -9999 -9999 -9999 -9999 -9999 5.203527 5.209232 5.21502 5.220836 5.226628 5.232353 5.237984 5.24351 5.248941 5.254313 5.259687 5.265153 5.27083 5.276868 5.283449 5.290719 5.298028 -9999 -9999 -9999 -9999 -9999 -9999 -9999 -9999 -9999 5.3874 5.399797 -9999 -9999 -9999 -9999 -9999 -9999 -9999 -9999
-9999 -9999 -9999 -9999 -9999 -9999 -9999 -9999 -9999 -9999 -9999 -9999 -9999 -9999 -9999 -9999 -9999 -9999 -9999 -9999 -9999 -9999 -9999 -9999 -9999 -9999 -9999 -9999 -9999 -9999 -9999 -9999 -9999 5.224364 5.230513 5.236687 5.242817 5.248845 5.254718 5.260402 5.265882 5.271168 5.276298 5.281336 5.286383 5.29157 5.297063 5.303063 5.309732 -9999 -9999 -9999 -9999 -9999 -9999 -9999 -9999 -9999 -9999 -9999 -9999 -9999 -9999 -9999 -9999 -9999 -9999 -9999 -9999
-9999 -9999 -9999 -9999 -9999 -9999 -9999 -9999 -9999 -9999 -9999 -9999 -9999 -9999 -9999 -9999 -9999 -9999 -9999 -9999 -9999 -9999 -9999 -9999 -9999 -9999 -9999 -9999 -9999 -9999 -9999 -9999 -9999 5.245295 5.251868 5.258409 5.264839 5.271086 5.277092 5.282818 5.288245 5.293384 5.298273 5.302985 5.307628 5.312345 5.317319 5.322769 -9999 -9999 -9999 -9999 -9999 -9999 -9999 -9999 -9999 -9999 -9999 -9999 -9999 -9999 -9999 -9999 -9999 -9999 -9999 -9999 -9999
-9999 -9999 -9999 -9999 -9999 -9999 -9999 -9999 -9999 -9999 -9999 -9999 -9999 -9999 -9999 -9999 -9999 -9999 -9999 -9999 -9999 -9999 -9999 -9999 -9999 -9999 -9999 -9999 -9999 -9999 -9999 -9999 -9999 -9999 5.273301 5.28019 5.2869 5.293351 5.299478 5.305236 5.310606 5.315596 5.32025 5.324646 5.328902 5.333172 5.337655 5.342586 -9999 -9999 -9999 -9999 -9999 -9999 -9999 -9999 -9999 -9999 -9999 -9999 -9999 -9999 -9999 -9999 -9999 -9999 -9999 -9999 -9999
-9999 -9999 -9999 -9999 -9999 -9999 -9999 -9999 -9999 -9999 -9999 -9999 -9999 -9999 -9999 -9999 -9999 -9999 -9999 -9999 -9999 -9999 -9999 -9999 -9999 -9999 -9999 -9999 -9999 -9999 -9999 -9999 -9999 -9999 5.294809 5.302026 5.308999 5.315638 5.321872 5.327654 5.332962 5.337805 5.342231 5.346324 5.350211 5.354059 5.358079 -9999 -9999 -9999 -9999 -9999 -9999 -9999 -9999 -9999 -9999 -9999 -9999 -9999 -9999 -9999 -9999 -9999 -9999 -9999 -9999 -9999 -9999
-9999 -9999 -9999 -9999 -9999 -9999 -9999 -9999 -9999 -9999 -9999 -9999 -9999 -9999 -9999 -9999 -9999 -9999 -9999 -9999 -9999 -9999 -9999 -9999 -9999 -9999 -9999 -9999 -9999 -9999 -9999 -9999 -9999 -9999 -9999 5.323908 5.331124 5.337936 5.344267 5.350065 5.355308 5.360007 5.364213 5.368018 5.371556 5.375008 -9999 -9999 -9999 -9999 -9999 -9999 -9999 -9999 -9999 -9999 -9999 -9999 -9999 -9999 -9999 -9999 -9999 -9999 -9999 -9999 -9999 -9999 -9999
-9999 -9999 -9999 -9999 -9999 -9999 -9999 -9999 -9999 -9999 -9999 -9999 -9999 -9999 -9999 -9999 -9999 -9999 -9999 -9999 -9999 -9999 -9999 -9999 -9999 -9999 -9999 -9999 -9999 -9999 -9999 -9999 -9999 -9999 -9999 -9999 5.353263 5.360232 5.366647 5.372454 5.37763 5.382189 5.386185 5.389717 5.392929 -9999 -9999 -9999 -9999 -9999 -9999 -9999 -9999 -9999 -9999 -9999 -9999 -9999 -9999 -9999 -9999 -9999 -9999 -9999 -9999 -9999 -9999 -9999 -9999
-9999 -9999 -9999 -9999 -9999 -9999 -9999 -9999 -9999 -9999 -9999 -9999 -9999 -9999 -9999 -9999 -9999 -9999 -9999 -9999 -9999 -9999 -9999 -9999 -9999 -9999 -9999 -9999 -9999 -9999 -9999 -9999 -9999 -9999 -9999 -9999 -9999 -9999 5.388996 5.394804 5.399912 5.404334 5.408132 -9999 -9999 -9999 -9999 -9999 -9999 -9999 -9999 -9999 -9999 -9999 -9999 -9999 -9999 -9999 -9999 -9999 -9999 -9999 -9999 -9999 -9999 -9999 -9999 -9999 -9999
-9999 -9999 -9999 -9999 -9999 -9999 -9999 -9999 -9999 -9999 -9999 -9999 -9999 -9999 -9999 -9999 -9999 -9999 -9999 -9999 -9999 -9999 -9999 -9999 -9999 -9999 -9999 -9999 -9999 -9999 -9999 -9999 -9999 -9999 -9999 -9999 -9999 -9999 -9999 5.417093 5.422131 5.426423 5.430033 -9999 -9999 -9999 -9999 -9999 -9999 -9999 -9999 -9999 -9999 -9999 -9999 -9999 -9999 -9999 -9999 -9999 -9999 -9999 -9999 -9999 -9999 -9999 -9999 -9999 -9999
-9999 -9999 -9999 -9999 -9999 -9999 -9999 -9999 -9999 -9999 -9999 -9999 -9999 -9999 -9999 -9999 -9999 -9999 -9999 -9999 -9999 -9999 -9999 -9999 -9999 -9999 -9999 -9999 -9999 -9999 -9999 -9999 -9999 -9999 -9999 -9999 -9999 -9999 -9999 -9999 5.444263 5.448431 -9999 -9999 -9999 -9999 -9999 -9999 -9999 -9999 -9999 -9999 -9999 -9999 -9999 -9999 -9999 -9999 -9999 -9999 -9999 -9999 -9999 -9999 -9999 -9999 -9999 -9999 -9999
