ASPA-UH-SWB2_REPO/input/ET_Process/nov_et_clipped.asc
ncols         350
nrows         200
xllcorner     515000
yllcorner     8409000
cellsize      100
NODATA_value  -9999
[rows 93 to 123 of 200, columns 0 to 68 of 350]
-9999 -9999 -9999 -9999 -9999 -9999 -9999 -9999 -9999 -9999 -9999 -9999 -9999 -9999 -9999 -9999 -9999 -9999 -9999 -9999 -9999 -9999 -9999 -9999 -9999 -9999 -9999 -9999 -9999 -9999 -9999 -9999 -9999 -9999 -9999 -9999 -9999 -9999 -9999 -9999 -9999 -9999 5.111156 5.099993 5.088302 -9999 -9999 -9999 5.0376 5.02421 5.0106 4.996776 4.982727 4.968431 4.953857 4.938969 4.923738 4.908149 4.892215 4.875988 4.859524 4.842902 4.826214 4.809567 4.793075 4.776857 4.761034 4.745719 4.731018
-9999 -9999 -9999 -9999 -9999 -9999 -9999 -9999 -9999 -9999 -9999 -9999 -9999 -9999 -9999 -9999 -9999 -9999 -9999 -9999 -9999 -9999 -9999 -9999 -9999 -9999 -9999 -9999 -9999 -9999 -9999 -9999 -9999 -9999 -9999 -9999 -9999 -9999 -9999 -9999 -9999 -9999 5.092704 5.081113 5.069026 5.05652 -9999 -9999 5.017169 5.003621 4.989909 4.976037 4.961992 4.947748 4.933266 4.9185 4.903413 4.887977 4.872192 4.856105 4.839771 4.823261 4.806666 4.790088 4.773637 4.757435 4.741603 4.726259 4.711514
-9999 -9999 -9999 -9999 -9999 -9999 -9999 -9999 -9999 -9999 -9999 -9999 -9999 -9999 -9999 -9999 -9999 -9999 -9999 -9999 -9999 -9999 -9999 -9999 -9999 -9999 -9999 -9999 -9999 -9999 -9999 -9999 -9999 -9999 -9999 -9999 -9999 -9999 -9999 -9999 5.096591 5.085719 5.074229 5.062194 5.049694 5.036808 5.023618 5.010193 4.996593 4.98286 4.969019 4.955076 4.941016 4.926805 4.9124 4.897749 4.882802 4.867525 4.85191 4.835994 4.819825 4.803468 4.787003 4.770528 4.754151 4.737991 4.722171 4.706815 4.692039
-9999 -9999 -9999 -9999 -9999 -9999 -9999 -9999 -9999 -9999 -9999 -9999 -9999 -9999 -9999 -9999 -9999 -9999 -9999 -9999 -9999 -9999 -9999 -9999 -9999 -9999 -9999 -9999 -9999 -9999 -9999 -9999 -9999 -9999 -9999 -9999 -9999 -9999 -9999 5.089822 5.079126 5.067761 5.055795 5.043304 5.030376 5.017097 5.003551 4.989814 4.975952 4.962011 4.94802 4.933984 4.919888 4.905695 4.891357 4.876814 4.86201 4.846902 4.831478 4.815763 4.799796 4.783628 4.767332 4.750997 4.734726 4.718637 4.702855 4.687504 4.67271
-9999 -9999 -9999 -9999 -9999 -9999 -9999 -9999 -9999 -9999 -9999 -9999 -9999 -9999 -9999 -9999 -9999 -9999 -9999 -9999 -9999 -9999 -9999 -9999 -9999 -9999 -9999 -9999 -9999 -9999 -9999 -9999 -9999 -9999 -9999 -9999 -9999 -9999 5.083464 5.07298 5.061779 5.049919 5.03747 5.024518 5.011153 4.997467 4.983551 4.969486 4.955343 4.941174 4.927012 4.912866 4.898718 4.884533 4.870255 4.855821 4.841168 4.826246 4.811035 4.795548 4.779815 4.763873 4.747781 4.731621 4.71549 4.699502 4.683782 4.668458 4.65366
-9999 -9999 -9999 -9999 -9999 -9999 -9999 -9999 -9999 -9999 -9999 -9999 -9999 -9999 -9999 -9999 -9999 -9999 -9999 -9999 -9999 -9999 -9999 -9999 -9999 -9999 -9999 -9999 -9999 -9999 -9999 -9999 -9999 -9999 -9999 -9999 -9999 5.07754 5.067308 5.056319 5.044617 5.032261 5.019331 5.005915 4.992108 4.978009 4.963712 4.949307 4.934869 4.920458 4.906111 4.891841 4.877633 4.86345 4.849233 4.834915 4.820426 4.80571 4.790734 4.775502 4.760032 4.744347 4.728493 4.71254 4.696579 4.680721 4.66509 4.649816 4.635033
-9999 -9999 -9999 -9999 -9999 -9999 -9999 -9999 -9999 -9999 -9999 -9999 -9999 -9999 -9999 -9999 -9999 -9999 -9999 -9999 -9999 -9999 -9999 -9999 -9999 -9999 -9999 -9999 -9999 -9999 -9999 -9999 -9999 -9999 -9999 -9999 5.072063 5.062117 5.05139 5.039904 5.027705 5.014861 5.001453 4.987576 4.973329 4.958816 4.944136 4.929384 4.914643 4.899981 4.88544 4.87104 4.856768 4.842587 4.828438 4.814248 4.799941 4.785451 4.770734 4.755783 4.740602 4.725201 4.709612 4.693895 4.678133 4.662434 4.646917 4.631717 4.616968
-9999 -9999 -9999 -9999 -9999 -9999 -9999 -9999 -9999 -9999 -9999 -9999 -9999 -9999 -9999 -9999 -9999 -9999 -9999 -9999 -9999 -9999 -9999 -9999 -9999 -9999 -9999 -9999 -9999 -9999 -9999 -9999 -9999 -9999 5.075923 5.067041 5.057407 5.046985 5.035774 5.023801 5.011117 4.997794 4.983918 4.969587 4.954907 4.939984 4.924924 4.909826 4.894782 4.879866 4.865131 4.8506 4.836267 4.822095 4.808025 4.793978 4.779872 4.76563 4.751195 4.736547 4.721678 4.706583 4.691283 4.675826 4.660287 4.64477 4.629393 4.614289 4.599598
-9999 -9999 -9999 -9999 -9999 -9999 -9999 -9999 -9999 -9999 -9999 -9999 -9999 -9999 -9999 -9999 -9999 -9999 -9999 -9999 -9999 -9999 -9999 -9999 -9999 -9999 -9999 -9999 -9999 -9999 -9999 -9999 -9999 5.071104 5.062492 5.053176 5.043092 5.032208 5.020528 5.008083 4.994929 4.981141 4.96681 4.952038 4.936936 4.921616 4.906185 4.89075 4.875409 4.860245 4.845321 4.830666 4.816279 4.802128 4.78815 4.774263 4.760377 4.746403 4.732272 4.717944 4.703405 4.688635 4.67364 4.65846 4.643163 4.627847 4.612629 4.597645 4.583032
-9999 -9999 -9999 -9999 -9999 -9999 -9999 -9999 -9999 -9999 -9999 -9999 -9999 -9999 -9999 -9999 -9999 -9999 -9999 -9999 -9999 -9999 -9999 -9999 -9999 -9999 -9999 -9999 -9999 -9999 -9999 -9999 -9999 5.058445 5.049434 5.039701 5.029183 5.017856 5.005726 4.992828 4.979222 4.964987 4.950219 4.935025 4.919518 4.903815 4.88803 4.872274 4.85665 4.841253 4.826152 4.811386 4.796959 4.782841 4.768971 4.755261 4.741612 4.727923 4.714109 4.700118 4.68592 4.671484 4.656804 4.641911 4.626866 4.611763 4.59672 4.581869 4.56735
-9999 -9999 -9999 -9999 -9999 -9999 -9999 -9999 -9999 -9999 -9999 -9999 -9999 -9999 -9999 -9999 -9999 -9999 -9999 -9999 -9999 -9999 -9999 -9999 -9999 -9999 -9999 -9999 -9999 -9999 -9999 -9999 5.054955 5.046206 5.036814 5.026681 5.015751 5.004002 4.991444 4.978116 4.964081 4.949423 4.934242 4.918648 4.902759 4.886696 4.870579 4.854524 4.838643 4.823034 4.807776 4.792914 4.778462 4.764393 4.750645 4.737127 4.723728 4.710335 4.696847 4.683196 4.669343 4.655241 4.640878 4.626272 4.611482 4.596598 4.581736 4.567029 4.552614
-9999 -9999 -9999 -9999 -9999 -9999 -9999 -9999 -9999 -9999 -9999 -9999 -9999 -9999 -9999 -9999 -9999 -9999 -9999 -9999 -9999 -9999 -9999 -9999 -9999 -9999 -9999 -9999 -9999 -9999 5.060325 5.052109 5.043545 5.034453 5.024699 5.014189 5.00287 4.990724 4.977764 4.964033 4.949597 4.934546 4.91898 4.903016 4.886775 4.870382 4.853963 4.83764 4.821531 4.805738 4.790346 4.77541 4.760948 4.746941 4.733328 4.72001 4.706866 4.693771 4.680607 4.667292 4.653775 4.640001 4.625943 4.611617 4.597076 4.582408 4.567728 4.553167 4.538863
-9999 -9999 -9999 -9999 -9999 -9999 -9999 -9999 -9999 -9999 -9999 -9999 -9999 -9999 -9999 -9999 -9999 -9999 -9999 -9999 -9999 -9999 -9999 -9999 -9999 -9999 -9999 -9999 -9999 5.058365 5.050028 5.041533 5.032667 5.023253 5.013161 5.002299 4.990618 4.978103 4.964772 4.950669 4.935867 4.920455 4.904541 4.888242 4.871686 4.855001 4.838319 4.821766 4.805463 4.789518 4.77402 4.75903 4.744575 4.730642 4.717169 4.704053 4.691162 4.678353 4.665499 4.652502 4.639301 4.625833 4.612062 4.597999 4.583693 4.569232 4.554729 4.540315 4.526124
-9999 -9999 -9999 -9999 -9999 -9999 -9999 -9999 -9999 -9999 -9999 -9999 -9999 -9999 -9999 -9999 -9999 -9999 -9999 -9999 -9999 -9999 -9999 -9999 -9999 -9999 -9999 -9999 5.057092 5.048872 5.040296 5.03154 5.022392 5.01268 5.002274 4.991088 4.979075 4.966224 4.952555 4.938117 4.922984 4.907252 4.891029 4.874439 4.857612 4.84068 4.823779 4.807038 4.790583 4.774523 4.75895 4.743929 4.729496 4.715643 4.702312 4.689389 4.676731 4.664185 4.65161 4.638898 4.62598 4.612785 4.599273 4.585447 4.571356 4.557087 4.542755 4.528486 4.514412
-9999 -9999 -9999 -9999 -9999 -9999 -9999 -9999 -9999 -9999 -9999 -9999 -9999 -9999 -9999 -9999 -9999 -9999 -9999 -9999 -9999 -9999 -9999 -9999 -9999 -9999 -9999 5.056341 5.048424 5.039991 5.031194 5.022197 5.01279 5.002804 4.992114 4.980635 4.968323 4.95517 4.9412 4.926466 4.911046 4.895036 4.878551 4.861716 4.844666 4.827536 4.810463 4.793583 4.77702 4.760885 4.745271 4.730247 4.71585 4.702079 4.688878 4.676126 4.663669 4.651346 4.639006 4.626532 4.61385 4.600884 4.587592 4.573971 4.560071 4.54598 4.531809 4.517684 4.503731
-9999 -9999 -9999 -9999 -9999 -9999 -9999 -9999 -9999 -9999 -9999 -9999 -9999 -9999 -9999 -9999 -9999 -9999 -9999 -9999 -9999 -9999 -9999 -9999 -9999 -9999 5.056132 5.048525 5.040416 5.031788 5.022789 5.013571 5.003931 4.993699 4.982754 4.971014 4.958439 4.945023 4.930792 4.915805 4.90014 4.8839 4.8672 4.850171 4.832947 4.815669 4.798477 4.781504 4.764877 4.748708 4.733089 4.718088 4.703743 4.690054 4.676961 4.664342 4.652039 4.639883 4.62772 4.615426 4.602922 4.590133 4.577014 4.563564 4.54983 4.535901 4.521885 4.507903 4.494077
-9999 -9999 -9999 -9999 -9999 -9999 -9999 -9999 -9999 -9999 -9999 -9999 -9999 -9999 -9999 -9999 -9999 -9999 -9999 -9999 -9999 -9999 -9999 -9999 -9999 5.056481 5.049189 5.04141 5.033127 5.024323 5.015142 5.005729 4.995881 4.985434 4.974266 4.962301 4.949499 4.935859 4.92141 4.906213 4.89035 4.873926 4.857061 4.839886 4.822539 4.805162 4.787896 4.770876 4.754228 4.738061 4.722467 4.707512 4.69323 4.679613 4.666598 4.654066 4.64186 4.629811 4.617762 4.605582 4.593193 4.580521 4.567525 4.554209 4.540617 4.526836 4.512969 4.499132 4.485442
-9999 -9999 -9999 -9999 -9999 -9999 -9999 -9999 -9999 -9999 -9999 -9999 -9999 -9999 -9999 -9999 -9999 -9999 -9999 -9999 -9999 -9999 -9999 -9999 5.057397 5.050424 5.042981 5.03505 5.026613 5.017654 5.008313 4.998729 4.988703 4.978071 4.966715 4.95456 4.941571 4.927747 4.913123 4.89776 4.881745 4.865185 4.848201 4.830927 4.813503 4.796072 4.778774 4.761744 4.745107 4.72897 4.71342 4.69852 4.684296 4.670732 4.657763 4.645273 4.633109 4.621106 4.609105 4.596976 4.584639 4.572028 4.559108 4.545889 4.532415 4.518767 4.505044 4.491356 4.477811
-9999 -9999 -9999 -9999 -9999 -9999 -9999 -9999 -9999 -9999 -9999 -9999 -9999 -9999 -9999 -9999 -9999 -9999 -9999 -9999 -9999 -9999 -9999 -9999 5.052225 5.045124 5.037551 5.029488 5.020919 5.011827 5.00235 4.992624 4.982449 4.971665 4.960155 4.947849 4.934711 4.920745 4.905988 4.890503 4.87438 4.857728 4.840669 4.823339 4.805879 4.78843 4.771133 4.754121 4.737516 4.721422 4.705922 4.691071 4.676888 4.663351 4.650393 4.637898 4.625725 4.613711 4.6017 4.589562 4.577221 4.56462 4.551735 4.538579 4.5252 4.511672 4.498091 4.484556 4.471169
-9999 -9999 -9999 -9999 -9999 -9999 -9999 -9999 -9999 -9999 -9999 -9999 -9999 -9999 -9999 -9999 -9999 -9999 -9999 -9999 -9999 -9999 -9999 -9999 5.047819 5.040611 5.03293 5.024759 5.016081 5.006881 4.997294 4.987453 4.97716 4.966258 4.954631 4.94221 4.928963 4.914896 4.900046 4.884481 4.868292 4.851588 4.834494 4.817144 4.79968 4.782243 4.76497 4.747993 4.731429 4.715378 4.699918 4.685097 4.670927 4.657383 4.644395 4.631854 4.619622 4.607545 4.595472 4.583276 4.570883 4.55825 4.545364 4.532246 4.518943 4.505528 4.492087 4.478713 4.465497
-9999 -9999 -9999 -9999 -9999 -9999 -9999 -9999 -9999 -9999 -9999 -9999 -9999 -9999 -9999 -9999 -9999 -9999 -9999 -9999 -9999 -9999 -9999 -9999 5.044197 5.036904 5.02914 5.020884 5.012122 5.002838 4.993168 4.983242 4.972863 4.961876 4.950168 4.937669 4.924352 4.910222 4.895319 4.879714 4.863495 4.846776 4.82968 4.812341 4.794898 4.777491 4.760255 4.743317 4.726791 4.710772 4.695331 4.680511 4.666319 4.652728 4.639667 4.627034 4.614698 4.602512 4.590333 4.578036 4.565554 4.552857 4.539946 4.526847 4.513611 4.500305 4.487009 4.473807 4.46078
-9999 -9999 -9999 -9999 -9999 -9999 -9999 -9999 -9999 -9999 -9999 -9999 -9999 -9999 -9999 -9999 -9999 -9999 -9999 -9999 -9999 -9999 5.054727 5.048259 5.041359 5.034007 5.026181 5.017866 5.009044 4.999703 4.989976 4.979995 4.969563 4.958525 4.94677 4.934232 4.92088 4.906725 4.891807 4.876195 4.859982 4.843279 4.826208 4.808901 4.791497 4.77413 4.756934 4.74003 4.723529 4.70752 4.692069 4.677215 4.662961 4.649278 4.636101 4.623331 4.610846 4.598511 4.586187 4.573757 4.561159 4.548379 4.535429 4.522342 4.50917 4.495977 4.482835 4.469819 4.457
-9999 -9999 -9999 -9999 -9999 -9999 -9999 -9999 -9999 -9999 -9999 -9999 -9999 -9999 -9999 5.088103 5.083972 -9999 5.074883 5.069875 5.064528 5.058815 5.052716 5.046206 5.039264 5.03187 5.024006 5.015653 5.006796 4.997422 4.987666 4.977656 4.967201 4.956145 4.94438 4.931838 4.91849 4.904347 4.889452 4.873871 4.857698 4.841041 4.824022 4.806771 4.789419 4.772101 4.754945 4.738068 4.721575 4.705551 4.690059 4.675131 4.660773 4.646954 4.633612 4.620659 4.607981 4.595453 4.582948 4.570356 4.557622 4.544747 4.531754 4.518681 4.505578 4.492508 4.479535 4.466724 4.454136
-9999 -9999 -9999 -9999 -9999 -9999 -9999 -9999 -9999 -9999 -9999 -9999 -9999 -9999 5.09095 5.087023 5.082851 5.078412 5.07368 5.068632 5.063245 5.057495 5.05136 5.044816 5.037843 5.030422 5.022532 5.014159 5.005286 4.995901 4.986138 4.976127 4.965677 4.954636 4.942895 4.930387 4.917086 4.902999 4.88817 4.872665 4.856576 4.840008 4.823078 4.805912 4.788638 4.771385 4.754275 4.737422 4.720924 4.704863 4.689297 4.674258 4.65975 4.645745 4.632189 4.618999 4.606076 4.593307 4.580577 4.567788 4.554895 4.541911 4.528867 4.515807 4.502781 4.489847 4.477061 4.464481 4.452154
-9999 -9999 -9999 -9999 -9999 -9999 -9999 -9999 -9999 -9999 -9999 -9999 -9999 5.094309 5.090561 5.086593 5.082379 5.077899 5.073128 5.068044 5.062622 5.056841 5.050678 5.04411 5.037119 5.029683 5.021785 5.013409 5.00454 4.995165 4.985418 4.975431 4.965015 4.95402 4.942337 4.929901 4.916685 4.902696 4.887974 4.872585 4.856617 4.84017 4.823359 4.806301 4.78912 4.771939 4.754875 4.738036 4.721515 4.705391 4.689719 4.674529 4.659828 4.645592 4.631775 4.618304 4.605092 4.592039 4.579049 4.566035 4.552962 4.539857 4.526757 4.51371 4.500764 4.487975 4.47539 4.463058 4.451015
-9999 -9999 -9999 -9999 -9999 -9999 -9999 -9999 -9999 -9999 -9999 -9999 5.098191 5.094599 5.090809 5.086798 5.082545 5.078027 5.073222 5.068106 5.062657 5.056854 5.050673 5.044094 5.037097 5.029662 5.021772 5.013412 5.004566 4.995222 4.985515 4.975575 4.96522 4.954299 4.942706 4.930376 4.91728 4.903423 4.888844 4.873604 4.857787 4.841487 4.824813 4.807877 4.790797 4.773688 4.756662 4.739822 4.723257 4.707042 4.69123 4.675853 4.66092 4.646414 4.632297 4.618507 4.604972 4.591608 4.578332 4.565071 4.551802 4.538563 4.525401 4.512363 4.499501 4.48686 4.474484 4.462409 4.450662
-9999 -9999 -9999 -9999 -9999 -9999 -9999 -9999 -9999 -9999 -9999 5.102588 5.099129 5.095493 5.091661 5.087612 5.083323 5.078773 5.073939 5.0688 5.063334 5.057517 5.051331 5.044753 5.037764 5.030346 5.022481 5.014153 5.005349 4.996057 4.986409 4.976541 4.96627 4.95545 4.943975 4.931779 4.918833 4.905139 4.890731 4.875666 4.860021 4.843886 4.827361 4.810554 4.793573 4.776531 4.759531 4.742671 4.726039 4.709705 4.693723 4.678127 4.662929 4.648121 4.633674 4.619539 4.605657 4.59196 4.578381 4.564859 4.551382 4.538001 4.524768 4.511737 4.498954 4.486462 4.474295 4.462479 4.45103
-9999 -9999 -9999 -9999 -9999 -9999 -9999 -9999 -9999 -9999 5.107475 5.104127 5.100626 5.09695 5.09308 5.088996 5.084677 5.080101 5.075247 5.070093 5.064619 5.058801 5.052621 5.046058 5.039092 5.031705 5.023881 5.015604 5.006859 4.997636 4.988068 4.97829 4.968125 4.957428 4.946095 4.934058 4.921286 4.907778 4.893562 4.87869 4.863233 4.847271 4.830902 4.814223 4.797338 4.780351 4.763362 4.746464 4.729741 4.713262 4.697083 4.681241 4.665753 4.65062 4.635821 4.621323 4.60708 4.59304 4.579149 4.565358 4.551665 4.538134 4.524826 4.511795 4.499085 4.486735 4.474771 4.463209 4.452052
-9999 -9999 -9999 -9999 -9999 -9999 -9999 -9999 -9999 -9999 5.109563 5.106172 5.10263 5.098917 5.095015 5.090902 5.08656 5.081966 5.077101 5.071943 5.066471 5.060664 5.054502 5.047966 5.041038 5.033697 5.025929 5.017717 5.009049 4.999912 4.990438 4.980769 4.970728 4.960173 4.949 4.93714 4.92456 4.911254 4.897245 4.882578 4.867316 4.851534 4.835319 4.818764 4.801966 4.785022 4.768028 4.751072 4.734237 4.717593 4.701196 4.685087 4.669291 4.653816 4.638655 4.623785 4.609176 4.594789 4.580585 4.566523 4.552612 4.538928 4.525538 4.512501 4.499857 4.487639 4.475866 4.464543 4.453664
-9999 -9999 -9999 -9999 -9999 -9999 -9999 -9999 -9999 -9999 5.112092 5.108662 5.105083 5.101339 5.09741 5.093277 5.088919 5.084316 5.079449 5.074296 5.068838 5.063053 5.056923 5.050427 5.043549 5.036268 5.02857 5.020439 5.01186 5.002823 4.99346 4.983913 4.974011 4.963613 4.952613 4.940944 4.928567 4.915473 4.90168 4.887223 4.872159 4.856555 4.840491 4.824053 4.807331 4.790417 4.773401 4.756371 4.739407 4.722579 4.705948 4.68956 4.673446 4.657624 4.642097 4.626855 4.611883 4.597154 4.582642 4.568314 4.554186 4.540349 4.526876 4.513825 4.501237 4.489139 4.47754 4.466436 4.455812
-9999 -9999 -9999 -9999 -9999 -9999 -9999 -9999 -9999 -9999 5.115001 5.111536 5.107926 5.104156 5.100207 5.09606 5.091695 5.087093 5.082233 5.077096 5.071662 5.065911 5.059824 5.053381 5.046565 5.039357 5.031741 5.023703 5.015227 5.006302 4.99706 4.987648 4.977896 4.967665 4.95685 4.945379 4.933212 4.920335 4.906758 4.892512 4.877644 4.862215 4.846295 4.829964 4.813306 4.796408 4.779356 4.762238 4.745131 4.72811 4.711237 4.694564 4.678131 4.661963 4.646075 4.630471 4.615146 4.600086 4.585277 4.570694 4.556359 4.542372 4.528814 4.515745 4.503202 4.491206 4.47976 4.468851 4.458453
