ASPA-UH-SWB2_REPO/input/ET_Process/oct_et_clipped.asc
ncols         350
nrows         200
xllcorner     515000
yllcorner     8409000
cellsize      100
NODATA_value  -9999
[rows 31 to 61 of 200, columns 138 to 206 of 350]
-9999 -9999 -9999 -9999 -9999 -9999 -9999 -9999 -9999 -9999 -9999 -9999 -9999 -9999 -9999 -9999 -9999 -9999 -9999 -9999 -9999 -9999 -9999 -9999 -9999 -9999 -9999 -9999 -9999 -9999 -9999 -9999 -9999 -9999 -9999 -9999 -9999 -9999 -9999 -9999 -9999 -9999 -9999 -9999 -9999 -9999 -9999 -9999 -9999 -9999 -9999 -9999 -9999 -9999 -9999 -9999 -9999 -9999 -9999 4.172292 4.171493 4.17111 4.171143 4.171585 4.172428 4.173655 4.175245 4.177096 4.179095
-9999 -9999 -9999 -9999 -9999 -9999 -9999 -9999 -9999 -9999 -9999 -9999 -9999 -9999 -9999 -9999 -9999 -9999 -9999 -9999 -9999 -9999 -9999 -9999 -9999 -9999 -9999 -9999 -9999 -9999 -9999 -9999 -9999 -9999 -9999 -9999 -9999 -9999 -9999 -9999 -9999 -9999 -9999 -9999 -9999 -9999 -9999 -9999 -9999 -9999 -9999 -9999 -9999 4.173378 4.17011 4.167221 4.164722 4.162623 4.160936 4.159666 4.158819 4.158395 4.158391 4.158797 4.159599 4.160776 4.162299 4.164062 4.165956
-9999 -9999 -9999 -9999 -9999 -9999 -9999 -9999 -9999 -9999 -9999 -9999 -9999 -9999 -9999 -9999 -9999 -9999 -9999 -9999 -9999 -9999 -9999 -9999 -9999 -9999 -9999 -9999 -9999 -9999 -9999 -9999 -9999 -9999 -9999 -9999 -9999 -9999 -9999 -9999 -9999 -9999 -9999 -9999 -9999 -9999 -9999 -9999 -9999 4.178888 4.174034 -9999 4.165366 4.161575 4.158165 4.155148 4.152538 4.150347 4.148585 4.147259 4.146369 4.145915 4.145888 4.146272 4.147048 4.148186 4.149649 4.151328 4.15312
-9999 -9999 -9999 -9999 -9999 -9999 -9999 -9999 -9999 -9999 -9999 -9999 -9999 -9999 -9999 -9999 -9999 -9999 -9999 -9999 -9999 -9999 -9999 -9999 -9999 -9999 -9999 -9999 -9999 -9999 -9999 -9999 -9999 -9999 -9999 -9999 -9999 -9999 -9999 -9999 -9999 -9999 -9999 -9999 -9999 -9999 -9999 -9999 4.17353 4.168135 4.163073 4.158357 4.154001 4.150024 4.146443 4.143276 4.140538 4.138243 4.136401 4.135017 4.134089 4.133613 4.133574 4.133951 4.134715 4.135827 4.13724 4.138843 4.14054
-9999 -9999 -9999 -9999 -9999 -9999 -9999 -9999 -9999 -9999 -9999 -9999 -9999 -9999 -9999 -9999 -9999 -9999 -9999 -9999 -9999 -9999 -9999 -9999 -9999 -9999 -9999 -9999 -9999 -9999 -9999 -9999 -9999 -9999 -9999 -9999 -9999 -9999 -9999 -9999 -9999 -9999 -9999 -9999 -9999 -9999 4.175543 4.169299 4.163356 4.157724 4.15242 4.147463 4.142874 4.138678 4.134898 4.131556 4.12867 4.126257 4.124325 4.12288 4.121917 4.121425 4.121384 4.121766 4.122532 4.123632 4.125009 4.126544 4.12816
-9999 -9999 -9999 -9999 -9999 -9999 -9999 -9999 -9999 -9999 -9999 -9999 -9999 -9999 -9999 -9999 -9999 -9999 -9999 -9999 -9999 -9999 -9999 -9999 -9999 -9999 -9999 -9999 -9999 -9999 -9999 -9999 -9999 -9999 -9999 -9999 -9999 -9999 -9999 -9999 -9999 -9999 -9999 -9999 -9999 -9999 4.166178 4.159704 4.153507 4.147606 4.142024 4.13679 4.131933 4.127485 4.123476 4.119932 4.116877 4.114328 4.112296 4.110784 4.109784 4.109281 4.109248 4.109646 4.110427 4.11153 4.112883 4.114365 4.115916
-9999 -9999 -9999 -9999 -9999 -9999 -9999 -9999 -9999 -9999 -9999 -9999 -9999 -9999 -9999 -9999 -9999 -9999 -9999 -9999 -9999 -9999 -9999 -9999 -9999 -9999 -9999 -9999 -9999 -9999 -9999 -9999 -9999 -9999 -9999 -9999 -9999 -9999 -9999 -9999 -9999 -9999 -9999 -9999 -9999 4.164091 4.157132 4.150404 4.143925 4.137722 4.131828 4.126282 4.121121 4.116388 4.112117 4.108345 4.105097 4.102395 4.10025 4.098662 4.097624 4.097111 4.097091 4.097516 4.098325 4.099444 4.100786 4.10223 4.103735
-9999 -9999 -9999 -9999 -9999 -9999 -9999 -9999 -9999 -9999 -9999 -9999 -9999 -9999 -9999 -9999 -9999 -9999 -9999 -9999 -9999 -9999 -9999 -9999 -9999 -9999 -9999 -9999 -9999 -9999 -9999 -9999 -9999 -9999 -9999 -9999 -9999 -9999 -9999 -9999 -9999 4.186009 4.178122 -9999 4.162892 4.155529 4.148336 4.141333 4.134546 4.128011 4.121773 4.115879 4.110381 4.105328 4.100766 4.096735 4.093271 4.090396 4.088122 4.08645 4.085367 4.084846 4.084843 4.085302 4.086149 4.087297 4.088642 4.090064 4.091545
-9999 -9999 -9999 -9999 -9999 -9999 -9999 -9999 -9999 -9999 -9999 -9999 -9999 -9999 -9999 -9999 -9999 -9999 -9999 -9999 -9999 -9999 -9999 -9999 -9999 -9999 -9999 -9999 -9999 -9999 -9999 -9999 -9999 -9999 -9999 -9999 -9999 -9999 -9999 -9999 4.186064 4.178027 4.170138 4.162372 4.154713 4.147159 4.13972 4.132423 4.125303 4.118408 4.111794 4.105521 4.099651 4.094246 4.089362 4.085047 4.081341 4.078272 4.075854 4.074086 4.072952 4.072418 4.072434 4.072932 4.073827 4.075015 4.076376 4.077793 4.079271
-9999 -9999 -9999 -9999 -9999 -9999 -9999 -9999 -9999 -9999 -9999 -9999 -9999 -9999 -9999 -9999 -9999 -9999 -9999 -9999 -9999 -9999 -9999 -9999 -9999 -9999 -9999 -9999 -9999 -9999 -9999 -9999 -9999 -9999 -9999 -9999 -9999 -9999 -9999 4.186165 4.178092 4.170136 4.162262 4.154439 4.146654 4.138906 4.131212 4.123604 4.116131 4.10885 4.101831 4.095148 4.088876 4.083089 4.077853 4.073226 4.069255 4.065971 4.063392 4.061514 4.06032 4.059769 4.059803 4.060343 4.061291 4.062528 4.063919 4.065345 4.066845
-9999 -9999 -9999 -9999 -9999 -9999 -9999 -9999 -9999 -9999 -9999 -9999 -9999 -9999 -9999 -9999 -9999 -9999 -9999 -9999 -9999 -9999 -9999 -9999 -9999 -9999 -9999 -9999 -9999 -9999 -9999 -9999 -9999 -9999 -9999 -9999 -9999 -9999 4.186008 4.178006 4.170106 4.162257 4.154414 4.146546 4.138638 4.130695 4.122737 4.114807 4.106961 4.099272 4.091824 4.084703 4.078001 4.071803 4.066189 4.061225 4.056966 4.053448 4.05069 4.048689 4.047424 4.046849 4.046898 4.04748 4.048484 4.049778 4.051208 4.05266 4.054203
-9999 -9999 -9999 -9999 -9999 -9999 -9999 -9999 -9999 -9999 -9999 -9999 -9999 -9999 -9999 -9999 -9999 -9999 -9999 -9999 -9999 -9999 -9999 -9999 -9999 -9999 -9999 -9999 -9999 -9999 -9999 -9999 -9999 4.219375 4.210737 4.202051 4.193497 4.185308 4.177466 4.169729 4.162031 4.154309 4.146515 4.138614 4.130591 4.122453 4.114227 4.105963 4.09773 4.089614 4.081714 4.074133 4.066977 4.060345 4.054329 4.049007 4.044439 4.040668 4.037714 4.035576 4.034229 4.033621 4.033679 4.0343 4.035362 4.036716 4.038193 4.039684 4.041291
-9999 -9999 -9999 -9999 -9999 -9999 -9999 -9999 -9999 -9999 -9999 -9999 -9999 -9999 -9999 -9999 -9999 -9999 -9999 -9999 -9999 -9999 -9999 -9999 -9999 -9999 -9999 -9999 -9999 -9999 -9999 4.224166 4.216517 4.208566 4.200399 4.19215 4.184002 4.176197 4.168707 4.161264 4.153792 4.14622 4.138492 4.13057 4.122439 4.114108 4.105611 4.097006 4.088376 4.07982 4.071451 4.063391 4.055762 4.048677 4.042242 4.036542 4.031648 4.027607 4.024443 4.022154 4.020713 4.020063 4.020121 4.020778 4.021895 4.023311 4.024841 4.026382 4.028071
-9999 -9999 -9999 -9999 -9999 -9999 -9999 -9999 -9999 -9999 -9999 -9999 -9999 -9999 -9999 -9999 -9999 -9999 -9999 -9999 -9999 -9999 -9999 -9999 -9999 -9999 -9999 -9999 -9999 -9999 4.218622 4.21187 4.20476 4.19733 4.18966 4.181878 4.174168 4.166777 4.159668 4.152547 4.145326 4.137923 4.130277 4.122346 4.114114 4.105594 4.096825 4.087877 4.078842 4.069835 4.060987 4.052437 4.044323 4.036773 4.029904 4.023814 4.01858 4.014257 4.01087 4.008418 4.006871 4.006168 4.006219 4.006903 4.008072 4.00955 4.011135 4.012736 4.014523
-9999 -9999 -9999 -9999 -9999 -9999 -9999 -9999 -9999 -9999 -9999 -9999 -9999 -9999 -9999 -9999 -9999 -9999 -9999 -9999 -9999 -9999 -9999 -9999 -9999 -9999 -9999 -9999 -9999 4.211159 4.20529 4.199076 4.192509 4.185616 4.178467 4.171183 4.163944 4.156997 4.150295 4.14352 4.136571 4.129356 4.121807 4.113878 4.105552 4.096847 4.087808 4.078515 4.069074 4.059614 4.050283 4.041239 4.032634 4.024612 4.017304 4.010817 4.005236 4.000621 3.997002 3.994378 3.992716 3.991951 3.991985 3.992689 3.993903 3.995439 3.997082 3.998749 4.000647
-9999 -9999 -9999 -9999 -9999 -9999 -9999 -9999 -9999 -9999 -9999 -9999 -9999 -9999 -9999 -9999 -9999 -9999 -9999 -9999 -9999 -9999 -9999 -9999 -9999 -9999 -9999 -9999 -9999 4.196804 4.191428 4.18574 4.179719 4.173379 4.166776 4.160021 4.153285 4.146811 4.140541 4.134134 4.127476 4.120465 4.113025 4.105106 4.096693 4.087807 4.078502 4.068867 4.059023 4.049114 4.039305 4.029769 4.020677 4.012187 4.004441 3.997556 3.991628 3.98672 3.982866 3.980064 3.97828 3.977445 3.977454 3.97817 3.979423 3.981013 3.982712 3.98445 3.98647
-9999 -9999 -9999 -9999 -9999 -9999 -9999 -9999 -9999 -9999 -9999 -9999 -9999 -9999 -9999 -9999 -9999 -9999 -9999 -9999 -9999 -9999 -9999 -9999 -9999 -9999 -9999 -9999 4.186616 4.181913 4.177001 4.171824 4.166351 4.160579 4.154549 4.148355 4.142153 4.136179 4.130363 4.124344 4.117993 4.111199 4.103878 4.095976 4.087482 4.078419 4.068853 4.058884 4.048645 4.038298 4.028023 4.018009 4.008442 3.999496 3.991322 3.984051 3.977783 3.972588 3.968501 3.965522 3.963614 3.962704 3.962682 3.963403 3.964687 3.966327 3.968082 3.969895 3.972043
-9999 -9999 -9999 -9999 -9999 -9999 -9999 -9999 -9999 -9999 -9999 -9999 -9999 -9999 -9999 -9999 -9999 -9999 -9999 -9999 -9999 -9999 -9999 -9999 -9999 -9999 -9999 4.175105 4.170812 4.16646 4.161975 4.157294 4.152369 4.147181 4.141748 4.136145 4.13051 4.125062 4.119719 4.114104 4.108076 4.10151 4.094315 4.086438 4.077867 4.068633 4.058812 4.048518 4.037899 4.027131 4.016411 4.005942 3.995924 3.986545 3.977967 3.97033 3.963741 3.958273 3.953965 3.950817 3.948788 3.947803 3.947747 3.948468 3.94978 3.951465 3.953275 3.955166 3.957447
-9999 -9999 -9999 -9999 -9999 -9999 -9999 -9999 -9999 -9999 -9999 -9999 -9999 -9999 -9999 -9999 -9999 -9999 -9999 -9999 -9999 -9999 -9999 -9999 -9999 -9999 4.162788 4.158576 4.154477 4.15042 4.146325 4.14212 4.137741 4.133148 4.128336 4.123354 4.118315 4.113416 4.108564 4.10337 4.097676 4.091348 4.084288 4.07644 4.067797 4.058399 4.048333 4.037727 4.026746 4.015583 4.004447 3.993557 3.983125 3.973349 3.964403 3.956434 3.949554 3.943841 3.939334 3.936031 3.933893 3.932839 3.932751 3.93347 3.934806 3.936533 3.938399 3.94037 3.942791
-9999 -9999 -9999 -9999 -9999 -9999 -9999 -9999 -9999 -9999 -9999 -9999 -9999 -9999 -9999 -9999 -9999 -9999 -9999 -9999 -9999 -9999 4.165905 4.160314 4.155115 4.150285 4.145789 4.141579 4.137597 4.133771 4.130022 4.126266 4.122426 4.118437 4.114267 4.109933 4.105517 4.10119 4.096845 4.092086 4.08674 4.080659 4.073742 4.065931 4.057225 4.047672 4.037374 4.026475 4.015159 4.003631 3.992119 3.980852 3.970054 3.959933 3.950669 3.942416 3.93529 3.92937 3.924695 3.921265 3.919036 3.917926 3.917812 3.918533 3.919893 3.921663 3.923584 3.925642 3.928204
-9999 -9999 -9999 -9999 -9999 -9999 -9999 -9999 -9999 -9999 -9999 -9999 -9999 -9999 -9999 -9999 -9999 -9999 -9999 -9999 -9999 4.156451 4.149928 4.143865 4.138266 4.133123 4.128416 4.12411 4.120158 4.116492 4.113036 4.109697 4.10638 4.102997 4.099483 4.095819 4.092052 4.088316 4.084494 4.080185 4.075199 4.069379 4.062615 4.054852 4.046094 4.036402 4.025893 4.014729 4.003109 3.991261 3.979423 3.967837 3.956736 3.946334 3.936818 3.928343 3.921028 3.914952 3.910154 3.906631 3.90434 3.903193 3.903068 3.903799 3.905187 3.907003 3.908984 3.911131 3.913838
-9999 -9999 -9999 -9999 -9999 -9999 -9999 -9999 -9999 -9999 -9999 -9999 -9999 -9999 -9999 -9999 -9999 -9999 -9999 -9999 4.148904 4.141241 4.134066 4.127407 4.121284 4.115707 4.110674 4.106166 4.102147 4.098561 4.095333 4.092366 4.089546 4.08676 4.083907 4.080929 4.077829 4.074703 4.07142 4.067577 4.062969 4.057427 4.050834 4.043136 4.034346 4.024539 4.013847 4.002454 3.990579 3.978464 3.966365 3.954531 3.943204 3.932602 3.922913 3.914293 3.90686 3.900692 3.895826 3.892257 3.889939 3.888785 3.888667 3.889421 3.890847 3.892715 3.894762 3.897004 3.899858
-9999 -9999 -9999 -9999 -9999 -9999 -9999 -9999 -9999 -9999 -9999 -9999 -9999 -9999 -9999 -9999 -9999 -9999 -9999 -9999 4.134773 4.1263 4.118348 4.110965 4.10419 4.098053 4.092571 4.087744 4.083551 4.079951 4.076872 4.074215 4.071852 4.069639 4.067439 4.06515 4.062731 4.060229 4.057499 4.054144 4.049937 4.044697 4.038301 4.030698 4.021907 4.01202 4.00119 3.989619 3.977548 3.965238 3.952956 3.940963 3.929504 3.918796 3.909029 3.900355 3.892889 3.886704 3.881836 3.878277 3.875978 3.87485 3.874766 3.875562 3.877039 3.878967 3.881089 3.883434 3.886436
-9999 -9999 -9999 -9999 -9999 -9999 -9999 -9999 -9999 -9999 -9999 -9999 -9999 -9999 -9999 -9999 -9999 -9999 -9999 4.130955 4.121069 4.111664 4.102809 4.094571 4.087009 4.080177 4.074113 4.068839 4.064353 4.060628 4.057602 4.055176 4.053206 4.051522 4.049949 4.04834 4.046603 4.044736 4.042578 4.039734 4.03596 4.031058 4.024899 4.017434 4.00869 3.998776 3.987865 3.976185 3.963997 3.95158 3.939214 3.927167 3.915685 3.904985 3.895249 3.886625 3.879221 3.873107 3.868312 3.864827 3.862599 3.86154 3.861522 3.862383 3.863927 3.865928 3.868135 3.870591 3.873742
-9999 -9999 -9999 -9999 -9999 -9999 -9999 -9999 -9999 -9999 -9999 -9999 -9999 -9999 -9999 -9999 -9999 4.141774 4.130112 4.118772 4.107832 4.097374 4.087486 4.078255 4.069765 4.062094 4.055305 4.049444 4.044529 4.040551 4.037461 4.035161 4.033496 4.032269 4.031273 4.030315 4.029253 4.028026 4.026458 4.024158 4.020858 4.016345 4.010481 4.003214 3.994585 3.984717 3.973808 3.962107 3.949902 3.937488 3.925157 3.913182 3.901806 3.89124 3.881658 3.8732 3.865965 3.860018 3.85538 3.852039 3.849942 3.848998 3.849083 3.850036 3.851666 3.853755 3.856058 3.858632 3.861931
-9999 -9999 -9999 -9999 -9999 -9999 -9999 -9999 -9999 -9999 -9999 -9999 -9999 -9999 -9999 -9999 4.145393 4.132439 4.119683 4.107207 4.095102 4.083468 4.072413 4.062047 4.05248 4.043815 4.036144 4.029539 4.024044 4.019666 4.01637 4.014062 4.012581 4.011712 4.011217 4.01086 4.010449 4.009864 4.008906 4.007189 4.004418 4.000361 3.994868 3.987885 3.979462 3.96974 3.958938 3.947334 3.935235 3.922958 3.910804 3.899045 3.887921 3.877631 3.86834 3.860173 3.853223 3.847544 3.843153 3.840033 3.838129 3.837352 3.837578 3.838652 3.840391 3.842582 3.844993 3.847692 3.851137
-9999 -9999 -9999 -9999 -9999 -9999 -9999 -9999 -9999 -9999 -9999 -9999 -9999 -9999 -9999 -9999 4.137983 4.123925 4.109996 4.096289 4.082911 4.069979 4.057621 4.045973 4.035171 4.025346 4.016623 4.009099 4.002847 3.997897 3.994226 3.991747 3.990298 3.989657 3.989559 3.989734 3.989935 3.989985 3.989659 3.98857 3.986396 3.982879 3.977855 3.971267 3.963169 3.953721 3.943164 3.9318 3.919961 3.90798 3.896167 3.884791 3.87408 3.864222 3.855366 3.847625 3.84108 3.835776 3.831725 3.828904 3.827258 3.826699 3.827106 3.828333 3.830201 3.832511 3.83504 3.837868 3.841455
-9999 -9999 -9999 -9999 -9999 -9999 -9999 -9999 -9999 -9999 -9999 -9999 -9999 -9999 -9999 -9999 4.131165 4.115966 4.100811 4.085807 4.071073 4.056744 4.04297 4.029911 4.017731 4.006593 3.99665 3.988035 3.980847 3.975143 3.970918 3.968096 3.966523 3.965972 3.966165 3.966797 3.967574 3.968257 3.968595 3.968193 3.966697 3.96382 3.959378 3.953307 3.945666 3.936629 3.926457 3.915479 3.904049 3.892516 3.881196 3.870352 3.860197 3.850903 3.842602 3.835396 3.829352 3.824507 3.820867 3.818404 3.817064 3.81676 3.817376 3.818772 3.820779 3.823209 3.825853 3.828799 3.832501
-9999 -9999 -9999 -9999 -9999 -9999 -9999 -9999 -9999 -9999 -9999 -9999 -9999 -9999 -9999 4.140642 4.124455 4.108121 4.091734 4.075408 4.059277 4.043492 4.028224 4.013656 3.99998 3.987393 3.976081 3.966211 3.957916 3.951282 3.946329 3.943 3.941155 3.940572 3.940961 3.941991 3.943323 3.944659 3.945712 3.946078 3.945361 3.943238 3.939501 3.934073 3.927017 3.918518 3.90886 3.898392 3.887491 3.876523 3.86581 3.855604 3.846102 3.837459 3.829792 3.823189 3.817706 3.813372 3.810186 3.808118 3.807112 3.807084 3.807922 3.809494 3.811641 3.814186 3.816934 3.819974 3.823743
-9999 -9999 -9999 -9999 -9999 -9999 -9999 -9999 -9999 -9999 -9999 -9999 -9999 -9999 4.151885 4.135043 4.117855 4.100401 4.082781 4.065117 4.047552 4.030252 4.013408 3.997226 3.981927 3.967741 3.95489 3.943579 3.933979 3.92621 3.920325 3.916296 3.914004 3.913237 3.913703 3.915053 3.916907 3.918907 3.920731 3.921952 3.922127 3.920889 3.917999 3.913365 3.90705 3.899251 3.890268 3.88047 3.870251 3.859995 3.850024 3.84058 3.831843 3.823949 3.817006 3.811086 3.806237 3.80248 3.799807 3.798185 3.797558 3.797842 3.798934 3.800706 3.803011 3.805684 3.808543 3.811673 3.815485
-9999 -9999 -9999 -9999 -9999 -9999 -9999 -9999 -9999 -9999 -9999 -9999 -9999 4.16432 4.147185 4.129513 4.111364 4.092816 4.073971 4.054956 4.035923 4.01705 3.998544 3.980636 3.963577 3.947629 3.933052 3.920093 3.908965 3.899831 3.892784 3.88783 3.884883 3.88375 3.884147 3.885712 3.888034 3.890697 3.893339 3.895505 3.896694 3.896487 3.894604 3.890938 3.88555 3.878646 3.870543 3.861619 3.852279 3.842915 3.833848 3.825309 3.817461 3.810434 3.804318 3.799179 3.795053 3.791953 3.789865 3.788755 3.788565 3.789215 3.790605 3.792617 3.795114 3.797942 3.800932 3.804162 3.808012
