ASPA-UH-SWB2_REPO/input/ET_Process/oct_et_clipped.asc
ncols         350
nrows         200
xllcorner     515000
yllcorner     8409000
cellsize      100
NODATA_value  -9999
[rows 31 to 61 of 200, columns 207 to 275 of 350]
4.181285 4.183692 4.18633 4.189198 -9999 -9999 -9999 -9999 -9999 -9999 -9999 -9999 -9999 -9999 -9999 -9999 -9999 -9999 -9999 -9999 -9999 -9999 -9999 -9999 -9999 -9999 -9999 -9999 -9999 -9999 -9999 -9999 -9999 -9999 -9999 -9999 -9999 -9999 -9999 -9999 -9999 -9999 -9999 -9999 -9999 -9999 -9999 -9999 -9999 -9999 -9999 -9999 -9999 -9999 -9999 -9999 -9999 -9999 -9999 -9999 -9999 -9999 -9999 -9999 -9999 -9999 -9999 -9999 -9999
4.168026 4.170306 4.172809 4.175539 -9999 -9999 -9999 -9999 -9999 -9999 -9999 -9999 -9999 -9999 -9999 -9999 -9999 -9999 -9999 -9999 -9999 -9999 -9999 -9999 -9999 -9999 -9999 -9999 -9999 -9999 -9999 -9999 -9999 -9999 -9999 -9999 -9999 -9999 -9999 -9999 -9999 -9999 -9999 -9999 -9999 -9999 -9999 -9999 -9999 -9999 -9999 -9999 -9999 -9999 -9999 -9999 -9999 -9999 -9999 -9999 -9999 -9999 -9999 -9999 -9999 -9999 -9999 -9999 -9999
4.155074 4.157227 4.159597 4.162193 -9999 -9999 4.171256 4.174638 4.178153 4.181767 -9999 -9999 -9999 -9999 -9999 -9999 -9999 -9999 -9999 -9999 -9999 -9999 -9999 -9999 -9999 -9999 -9999 -9999 -9999 -9999 -9999 -9999 -9999 -9999 -9999 -9999 -9999 -9999 -9999 -9999 -9999 -9999 -9999 -9999 -9999 -9999 -9999 -9999 -9999 -9999 -9999 -9999 -9999 -9999 -9999 -9999 -9999 -9999 -9999 -9999 -9999 -9999 -9999 -9999 -9999 -9999 -9999 -9999 -9999
4.142387 4.144423 4.14667 4.14914 4.151834 4.154743 4.157851 4.161134 4.164566 4.168112 4.171735 -9999 -9999 -9999 -9999 -9999 -9999 -9999 -9999 -9999 -9999 -9999 -9999 -9999 -9999 -9999 -9999 -9999 -9999 -9999 -9999 -9999 -9999 -9999 -9999 -9999 -9999 4.213682 4.216053 -9999 -9999 -9999 -9999 -9999 -9999 -9999 -9999 -9999 -9999 -9999 -9999 -9999 -9999 -9999 -9999 -9999 -9999 -9999 -9999 -9999 -9999 -9999 -9999 -9999 -9999 -9999 -9999 -9999 -9999
4.129914 4.131848 4.13399 4.136352 4.138939 4.141747 4.144761 4.147962 4.151325 4.154819 4.15841 4.162057 -9999 -9999 -9999 -9999 4.179566 4.182596 -9999 -9999 -9999 -9999 -9999 -9999 -9999 -9999 -9999 -9999 -9999 -9999 4.196496 4.196228 4.195972 -9999 -9999 -9999 4.196987 4.198252 4.200111 4.202642 -9999 -9999 -9999 -9999 -9999 -9999 -9999 -9999 -9999 4.268202 4.277589 4.287056 -9999 -9999 -9999 -9999 -9999 -9999 -9999 -9999 -9999 -9999 -9999 -9999 -9999 -9999 -9999 -9999 -9999
4.117596 4.11945 4.121507 4.123785 4.126289 4.129018 4.131962 4.135103 4.138419 4.141881 4.145457 4.149109 4.152795 -9999 -9999 4.163587 4.166932 4.170071 4.172959 -9999 -9999 -9999 -9999 -9999 -9999 4.184082 4.184471 -9999 -9999 4.184481 4.184111 4.183636 4.18313 4.182682 4.182386 4.182346 4.182663 4.183439 4.184766 4.186728 -9999 -9999 -9999 4.202028 4.207816 -9999 -9999 -9999 -9999 4.246478 4.255486 4.264645 4.273831 -9999 -9999 -9999 -9999 -9999 -9999 -9999 -9999 -9999 -9999 -9999 -9999 -9999 -9999 -9999 -9999
4.105364 4.107163 4.109165 4.111387 4.113838 4.116517 4.119418 4.122525 4.125819 4.129273 4.132857 4.136534 4.140263 -9999 4.147692 4.151294 4.154751 4.158013 4.161031 4.163762 -9999 -9999 -9999 -9999 4.172163 4.172791 4.173151 4.173297 4.173199 4.172866 4.172335 4.171658 4.170907 4.170163 4.169522 4.169084 4.168952 4.169228 4.170009 4.171384 4.173428 -9999 4.179741 4.184072 4.18919 4.195071 4.201666 -9999 4.216708 4.224964 4.233563 4.242387 4.251322 4.260264 -9999 -9999 -9999 -9999 -9999 -9999 -9999 -9999 -9999 -9999 -9999 -9999 -9999 -9999 -9999
4.093148 4.094923 4.0969 4.099099 4.10153 4.104193 4.107082 4.110186 4.113486 4.116958 4.120573 4.124296 4.128088 4.131903 4.135692 4.139404 4.142985 4.146381 4.14954 4.152413 4.154957 -9999 -9999 4.160337 4.16135 4.162003 4.162343 4.162425 4.162238 4.161788 4.161104 4.160235 4.159245 4.158214 4.157233 4.1564 4.155818 4.155591 4.155819 4.156595 4.158001 4.160104 4.162956 4.166586 4.171005 4.176198 4.182134 4.188754 4.195984 4.203733 4.2119 4.220374 4.229048 4.237824 4.246624 -9999 -9999 -9999 -9999 -9999 -9999 -9999 -9999 -9999 -9999 -9999 -9999 -9999 -9999
4.080878 4.082659 4.084646 4.086859 4.089305 4.091988 4.094902 4.098034 4.10137 4.104888 4.108559 4.112351 4.116224 4.120135 4.124033 4.127867 4.131581 4.135119 4.138425 4.141447 4.144136 4.146453 4.148369 4.149867 4.150949 4.151632 4.15196 4.151989 4.151724 4.151167 4.150342 4.149292 4.148076 4.146769 4.145458 4.144239 4.143215 4.142489 4.142165 4.14234 4.143103 4.144528 4.146676 4.149588 4.153287 4.157773 4.163024 4.169 4.17564 4.182865 4.190586 4.198704 4.207121 4.215744 4.224497 4.233334 -9999 -9999 -9999 -9999 -9999 -9999 -9999 -9999 -9999 -9999 -9999 -9999 -9999
4.068483 4.070303 4.072337 4.074601 4.077102 4.079842 4.082816 4.086012 4.089417 4.093009 4.096761 4.100643 4.104617 4.108638 4.112658 4.116623 4.120477 4.124161 4.127617 4.130788 4.133623 4.136075 4.138113 4.13971 4.140863 4.141585 4.141909 4.141894 4.141562 4.14091 4.139958 4.138743 4.137318 4.135752 4.134129 4.132541 4.131089 4.129878 4.129012 4.128594 4.128717 4.129465 4.130907 4.133096 4.136067 4.139834 4.144392 4.149713 4.155752 4.162447 4.169722 4.17749 4.185663 4.194156 4.202899 4.211844 4.220976 -9999 4.239734 4.249354 4.259128 -9999 -9999 -9999 -9999 -9999 -9999 -9999 -9999
4.0559 4.057793 4.059909 4.062262 4.064857 4.067694 4.070765 4.07406 4.077565 4.081259 4.085119 4.089113 4.093204 4.09735 4.101501 4.105604 4.109601 4.113431 4.117036 4.120354 4.123331 4.125916 4.128071 4.129768 4.130993 4.131756 4.132083 4.132035 4.131647 4.130917 4.129856 4.128495 4.126882 4.125081 4.123168 4.121235 4.119379 4.117705 4.116319 4.115326 4.114827 4.114911 4.115658 4.117132 4.119381 4.122433 4.126298 4.130966 4.136409 4.14258 4.149419 4.156853 4.164807 4.173204 4.181979 4.191086 4.200503 4.210193 4.220147 4.230353 4.240791 4.251442 -9999 -9999 -9999 -9999 -9999 -9999 -9999
4.043074 4.045071 4.047305 4.049785 4.052513 4.055485 4.058691 4.062119 4.065756 4.069581 4.073572 4.077698 4.081923 4.086205 4.090495 4.094738 4.098878 4.102853 4.1066 4.110058 4.113169 4.115879 4.118145 4.119936 4.121232 4.122037 4.122374 4.122302 4.121873 4.121081 4.119932 4.118449 4.116675 4.114667 4.112497 4.11025 4.108023 4.105918 4.104043 4.102508 4.101415 4.100863 4.100941 4.101722 4.103269 4.105624 4.108814 4.112845 4.117708 4.123374 4.129799 4.136928 4.144697 4.15304 4.161897 4.171224 4.180992 4.191146 4.201674 4.212552 4.223744 4.235211 4.246917 -9999 -9999 -9999 -9999 -9999 -9999
4.029965 4.032095 4.034479 4.037122 4.04002 4.043163 4.046539 4.050135 4.053934 4.057917 4.062062 4.066339 4.070712 4.07514 4.079573 4.083959 4.088238 4.09235 4.09623 4.099816 4.103048 4.10587 4.108236 4.110111 4.111473 4.11232 4.112672 4.112588 4.112133 4.111298 4.110082 4.108506 4.106603 4.104423 4.102033 4.099513 4.096956 4.094464 4.092145 4.09011 4.088468 4.087324 4.086772 4.086901 4.087783 4.089476 4.092022 4.095448 4.099761 4.104952 4.110999 4.11786 4.125487 4.133825 4.142819 4.152426 4.162609 4.1733 4.184479 4.196109 4.208137 4.220504 4.233151 4.246027 4.259092 4.272321 -9999 -9999 -9999
4.016549 4.018837 4.021401 4.024238 4.027338 4.030687 4.034267 4.038061 4.042052 4.046219 4.05054 4.054985 4.059518 4.064098 4.068677 4.073202 4.077614 4.081851 4.08585 4.089549 4.092885 4.095802 4.098253 4.100199 4.101618 4.102504 4.102874 4.102789 4.102323 4.101464 4.100209 4.09857 4.096573 4.094263 4.091698 4.088953 4.086118 4.083293 4.080587 4.078112 4.07598 4.074302 4.073182 4.072714 4.072985 4.074066 4.076018 4.078885 4.082693 4.087455 4.093166 4.099806 4.107341 4.115727 4.124917 4.134863 4.145524 4.15682 4.16872 4.181174 4.194111 4.207449 4.221106 4.235006 4.249086 4.263297 -9999 -9999 4.306494
4.002822 4.005292 4.00806 4.011118 4.01445 4.018033 4.021846 4.025867 4.030076 4.034451 4.038967 4.043594 4.048297 4.053035 4.057758 4.062416 4.066949 4.071298 4.075398 4.079188 4.082607 4.085598 4.088113 4.090115 4.091578 4.092498 4.092889 4.092813 4.092351 4.09149 4.090222 4.088553 4.086503 4.084107 4.081419 4.078506 4.075455 4.072363 4.06934 4.066498 4.063953 4.061819 4.060205 4.059217 4.058951 4.059492 4.060915 4.063285 4.066648 4.071036 4.076468 4.08294 4.090437 4.098927 4.108367 4.118712 4.129909 4.141869 4.154552 4.16789 4.181794 4.196158 4.210876 4.225846 4.240978 4.256201 4.271462 4.286729 4.301984
3.988808 3.991476 3.994469 3.997771 4.001357 4.005199 4.00927 4.013543 4.017993 4.022595 4.027323 4.032144 4.037024 4.041919 4.046783 4.051564 4.056205 4.060646 4.064826 4.068684 4.07216 4.0752 4.077756 4.079792 4.081285 4.08223 4.082642 4.082582 4.082139 4.081297 4.080044 4.078381 4.07632 4.07389 4.071135 4.068118 4.064922 4.061642 4.058386 4.055267 4.052402 4.049907 4.047898 4.046485 4.045774 4.045863 4.046843 4.048794 4.051784 4.055868 4.061082 4.067448 4.074965 4.083615 4.093361 4.104156 4.115938 4.128611 4.142124 4.156393 4.171304 4.18673 4.202538 4.218598 4.234797 4.251038 4.267246 4.283368 4.299373
3.974555 3.977436 3.980669 3.984231 3.98809 3.992211 3.996559 4.001103 4.005812 4.010656 4.015607 4.02063 4.025688 4.030739 4.035736 4.040627 4.045359 4.049871 4.054107 4.058005 4.06151 4.06457 4.067141 4.069188 4.070692 4.07165 4.07208 4.072045 4.071633 4.070828 4.069617 4.067995 4.065969 4.063557 4.060799 4.05775 4.054489 4.05111 4.047719 4.044429 4.041355 4.038615 4.036327 4.034605 4.033563 4.033309 4.033948 4.035576 4.038281 4.04214 4.04721 4.053534 4.061131 4.069995 4.080097 4.091387 4.103792 4.117215 4.131589 4.146813 4.162751 4.17925 4.196151 4.213299 4.230554 4.247794 4.264922 4.281867 4.298582
3.960143 3.963244 3.966729 3.970564 3.974708 3.979121 3.98376 3.988587 3.993566 3.998663 4.003843 4.00907 4.014305 4.019506 4.024624 4.029611 4.034412 4.038973 4.043236 4.047145 4.050648 4.053697 4.056253 4.058286 4.05978 4.060737 4.06118 4.061175 4.060805 4.060055 4.05891 4.057364 4.055416 4.05308 4.050384 4.04738 4.044145 4.040769 4.037355 4.034016 4.030862 4.028011 4.025579 4.023685 4.022446 4.021978 4.022397 4.023814 4.026336 4.030058 4.035065 4.041417 4.049153 4.058283 4.068784 4.080604 4.093659 4.107851 4.123098 4.13928 4.156238 4.173794 4.191764 4.209968 4.228239 4.246433 4.264431 4.282144 4.299512
3.945673 3.949002 3.952745 3.95686 3.961297 3.966009 3.970946 3.976063 3.981317 3.986668 3.992078 3.997506 4.002913 4.008252 4.013479 4.018543 4.023392 4.027974 4.032236 4.036125 4.039594 4.042601 4.045111 4.047102 4.048563 4.049505 4.049955 4.049982 4.049661 4.04898 4.047923 4.046483 4.044657 4.042451 4.039888 4.037014 4.033902 4.030642 4.027332 4.024079 4.020991 4.018181 4.015762 4.01385 4.012567 4.012032 4.012369 4.013704 4.016158 4.019848 4.024877 4.03133 4.039266 4.048708 4.059643 4.072015 4.085733 4.100693 4.116803 4.13392 4.151864 4.170432 4.189415 4.208611 4.227829 4.246903 4.265696 4.284101 4.302047
3.931277 3.934836 3.938838 3.943234 3.947966 3.952978 3.958213 3.963618 3.969145 3.974748 3.980382 3.986005 3.991571 3.997037 4.002354 4.007475 4.012349 4.016927 4.021159 4.024997 4.028401 4.031333 4.033768 4.035689 4.037096 4.038005 4.038455 4.038514 4.038249 4.037647 4.036696 4.03539 4.033724 4.031704 4.029344 4.026688 4.023807 4.020784 4.017716 4.014699 4.011837 4.009233 4.006998 4.005242 4.004085 4.003648 4.004061 4.005458 4.007973 4.011741 4.016887 4.023517 4.03171 4.041508 4.052903 4.065838 4.080212 4.095921 4.112858 4.130859 4.149723 4.169225 4.189134 4.209225 4.229289 4.249142 4.268628 4.287627 4.306056
3.917102 3.92089 3.92515 3.929823 3.934845 3.940151 3.945677 3.951363 3.957155 3.963 3.968848 3.974652 3.980365 3.98594 3.99133 3.996487 4.001362 4.00591 4.010084 4.013843 4.017152 4.019981 4.022312 4.024138 4.025469 4.026331 4.026772 4.026865 4.026659 4.026146 4.025318 4.02417 4.022701 4.020915 4.01883 4.016485 4.013945 4.011291 4.008606 4.005983 4.003515 4.001297 3.999429 3.998017 3.997172 3.997014 3.997674 3.999291 4.00201 4.005979 4.011343 4.018228 4.026736 4.036925 4.048796 4.062292 4.077298 4.093713 4.111414 4.130219 4.149905 4.170228 4.190941 4.211799 4.232577 4.253076 4.273128 4.2926 4.3114
3.903313 3.907324 3.911834 3.916776 3.922077 3.927665 3.933469 3.939424 3.945466 3.951537 3.957583 3.963553 3.969396 3.975063 3.980507 3.985679 3.990535 3.995029 3.999122 4.002777 4.005964 4.008665 4.010869 4.012579 4.013816 4.014618 4.015044 4.015172 4.015031 4.014617 4.013928 4.012963 4.011726 4.010226 4.008484 4.00654 4.004453 4.002292 4.000137 3.998068 3.996167 3.994519 3.993212 3.992339 3.992002 3.992316 3.993408 3.995416 3.998493 4.002797 4.008487 4.01571 4.024589 4.035199 4.047554 4.061591 4.077188 4.094242 4.112617 4.132113 4.15249 4.173491 4.194852 4.216317 4.237648 4.258634 4.279098 4.2989 4.317943
3.890077 3.894305 3.899054 3.90425 3.909814 3.915667 3.921731 3.927933 3.934206 3.940485 3.946711 3.952828 3.958783 3.964525 3.970004 3.975175 3.979992 3.984415 3.988407 3.991939 3.994988 3.997542 3.999601 4.001181 4.002312 4.003046 4.003455 4.00362 4.003551 4.003249 4.002716 4.001961 4.000994 3.999831 3.9985 3.99704 3.995506 3.993962 3.992475 3.991117 3.989955 3.989062 3.988508 3.988374 3.988749 3.989734 3.991449 3.994031 3.99763 4.002413 4.008547 4.016196 4.025501 4.036558 4.049392 4.063939 4.080063 4.097664 4.116593 4.136636 4.157544 4.179047 4.200873 4.222757 4.244453 4.265746 4.286449 4.306422 4.325562
3.877563 3.881996 3.886969 3.892401 3.898206 3.904301 3.910601 3.917029 3.923509 3.929975 3.93636 3.942606 3.948655 3.954456 3.959957 3.965113 3.96988 3.97422 3.978101 3.9815 3.9844 3.986799 3.988706 3.990147 3.991168 3.991832 3.992226 3.992436 3.99245 3.992273 3.991918 3.991401 3.990742 3.989966 3.989107 3.988207 3.98732 3.986502 3.985814 3.985312 3.985054 3.985093 3.985483 3.986285 3.98757 3.989427 3.991961 3.995302 3.999596 4.005008 4.011713 4.019882 4.029672 4.041198 4.054499 4.069507 4.086075 4.104105 4.123439 4.143858 4.165106 4.186911 4.208995 4.231091 4.25295 4.274352 4.295111 4.315084 4.334171
3.865925 3.87055 3.875727 3.881372 3.887394 3.893704 3.900214 3.906841 3.913505 3.920134 3.926659 3.933016 3.939146 3.944994 3.950508 3.955643 3.960356 3.964612 3.968383 3.971649 3.974403 3.976649 3.978407 3.979716 3.980632 3.981232 3.98162 3.981884 3.981994 3.981961 3.981806 3.981557 3.981242 3.980898 3.980567 3.980295 3.980135 3.980141 3.980366 3.980855 3.981648 3.982782 3.984292 3.986215 3.988602 3.991522 3.995066 3.999349 4.00451 4.010709 4.018117 4.02691 4.03725 4.049265 4.063011 4.078415 4.095319 4.113633 4.133201 4.153802 4.175183 4.197072 4.219193 4.241282 4.263091 4.284401 4.305029 4.324833 4.34372
3.855293 3.860092 3.865452 3.871284 3.877496 3.883993 3.890685 3.897484 3.904308 3.911079 3.917726 3.924182 3.930384 3.936275 3.941803 3.946921 3.951588 3.955771 3.959444 3.962593 3.965217 3.967328 3.968956 3.970149 3.970977 3.97153 3.971926 3.97226 3.972484 3.972615 3.972686 3.972732 3.972796 3.972924 3.973167 3.973579 3.974214 3.975125 3.976358 3.977948 3.979921 3.982294 3.985077 3.988286 3.991946 3.996105 4.000833 4.00623 4.012423 4.01956 4.027806 4.037329 4.048292 4.060822 4.07498 4.090694 4.107805 4.126242 4.145856 4.166434 4.18773 4.20948 4.231416 4.253279 4.274828 4.295849 4.316165 4.33564 4.354185
3.845761 3.850715 3.856234 3.862227 3.868599 3.875255 3.882101 3.889048 3.89601 3.902908 3.909666 3.916214 3.922488 3.928429 3.933982 3.9391 3.943743 3.947878 3.951483 3.954547 3.957075 3.959086 3.960617 3.961727 3.962497 3.963032 3.963459 3.963883 3.964242 3.964561 3.964883 3.965253 3.965726 3.96636 3.967214 3.968352 3.969832 3.971709 3.974022 3.9768 3.980052 3.983776 3.987959 3.992589 3.997665 4.003208 4.009269 4.015929 4.023296 4.031506 4.040709 4.051062 4.062714 4.075783 4.090313 4.106241 4.123427 4.141824 4.161299 4.181651 4.20265 4.224045 4.245582 4.267012 4.288103 4.308652 4.32849 4.347486 4.36556
3.836916 3.841975 3.847595 3.853685 3.860151 3.866898 3.873833 3.880865 3.887907 3.894878 3.901702 3.908306 3.914624 3.920595 3.926165 3.931284 3.935914 3.940021 3.943588 3.946605 3.949082 3.951044 3.952536 3.953626 3.954403 3.954983 3.955508 3.956086 3.956649 3.957228 3.957874 3.958646 3.959609 3.96083 3.962383 3.964337 3.966758 3.969702 3.973207 3.97729 3.98195 3.987161 3.992885 3.999081 4.005719 4.012792 4.020328 4.028386 4.037055 4.04645 4.056703 4.067954 4.080332 4.093933 4.108787 4.124838 4.141974 4.160175 4.179332 4.199267 4.21977 4.24061 4.261551 4.282359 4.302816 4.322731 4.341944 4.360332 4.37782
3.828202 3.833283 3.838908 3.84499 3.85144 3.858164 3.865073 3.872076 3.87909 3.886033 3.892828 3.899404 3.905693 3.911635 3.917175 3.922263 3.926862 3.930942 3.934484 3.937486 3.939959 3.941934 3.943464 3.944623 3.94551 3.946249 3.946992 3.947852 3.948751 3.949729 3.950846 3.952171 3.953778 3.955749 3.958163 3.961102 3.964638 3.968825 3.973702 3.979276 3.985528 3.992412 3.99986 4.0078 4.016165 4.024921 4.034069 4.043644 4.053713 4.064367 4.075716 4.08788 4.100964 4.115044 4.130142 4.14621 4.163162 4.181009 4.19967 4.219001 4.238818 4.258916 4.27908 4.299096 4.318763 4.337902 4.356361 4.37403 4.390833
3.819945 3.824994 3.830559 3.83656 3.842914 3.849533 3.856333 3.863228 3.870136 3.876979 3.883681 3.890173 3.896388 3.902265 3.907751 3.912798 3.91737 3.921437 3.924984 3.928012 3.930537 3.932595 3.934243 3.935562 3.936659 3.937665 3.938739 3.939995 3.94135 3.942851 3.944566 3.946573 3.948958 3.95181 3.955222 3.95928 3.964063 3.969629 3.976012 3.983209 3.991184 3.999867 4.00916 4.018954 4.029149 4.039676 4.05051 4.061657 4.073158 4.08508 4.097508 4.110538 4.124257 4.138726 4.153962 4.16993 4.18657 4.203916 4.221923 4.240483 4.259447 4.27864 4.297873 4.316954 4.335699 4.353941 4.371543 4.388399 4.404438
3.812456 3.817442 3.822907 3.828781 3.834989 3.841452 3.84809 3.854825 3.861581 3.86828 3.874853 3.881231 3.88735 3.893151 3.898582 3.903596 3.908159 3.912244 3.915838 3.918946 3.921586 3.923799 3.925647 3.927217 3.928619 3.929991 3.931495 3.933248 3.935162 3.93729 3.939709 3.942506 3.945774 3.949613 3.954121 3.959394 3.965517 3.972551 3.980523 3.989422 3.999192 4.009736 4.020926 4.032619 4.044677 4.057 4.069528 4.082239 4.095142 4.108277 4.121708 4.135509 4.149751 4.164487 4.179737 4.195482 4.211687 4.2284 4.245617 4.263268 4.281243 4.299402 4.317582 4.335615 4.353336 4.370594 4.387259 4.403233 4.41845
