ASPA-UH-SWB2_REPO/input/ET_Process/oct_et_clipped.asc
ncols         350
nrows         200
xllcorner     515000
yllcorner     8409000
cellsize      100
NODATA_value  -9999
[rows 93 to 123 of 200, columns 69 to 137 of 350]
4.667716 4.657796 4.648096 4.638649 4.629495 4.620662 4.612168 4.604013 4.596174 4.588603 4.581223 4.573935 4.566619 4.559137 4.551343 4.543092 4.534247 4.524696 4.514359 4.503224 4.491419 4.478996 4.466029 4.452625 4.438915 4.425038 4.411129 4.397307 4.383666 4.370269 4.357146 4.344294 4.331675 4.319221 4.306841 4.294425 4.281848 4.268984 4.255709 4.241917 4.227525 4.212489 4.196821 4.180599 4.163974 4.147149 4.130345 4.113753 4.097501 4.081451 4.065503 4.049625 4.033809 4.01806 4.002398 3.986848 3.971429 3.956149 3.94099 3.925909 3.91082 3.895601 3.880091 3.864118 3.847515 3.830157 3.811979 3.792981 3.773213
4.647218 4.637185 4.627368 4.617809 4.608545 4.599607 4.591018 4.582776 4.574859 4.567217 4.559773 4.552423 4.54504 4.537477 4.529581 4.521194 4.512169 4.502383 4.491749 4.480248 4.467992 4.455019 4.441401 4.427246 4.412691 4.397888 4.382983 4.368109 4.353377 4.338865 4.324619 4.310649 4.296932 4.283413 4.270014 4.256636 4.243168 4.229496 4.215514 4.201129 4.18628 4.170946 4.155158 4.139012 4.122665 4.106322 4.090186 4.074413 4.059078 4.044016 4.02909 4.014228 3.999388 3.984551 3.969717 3.954895 3.940098 3.925327 3.910567 3.895773 3.880869 3.865736 3.850226 3.834171 3.817411 3.799829 3.78138 3.762095 3.742063
4.626786 4.616641 4.606712 4.597043 4.587673 4.578636 4.569954 4.561627 4.553634 4.545923 4.538415 4.531002 4.523552 4.515912 4.507917 4.499402 4.490208 4.480202 4.469288 4.457443 4.444759 4.431264 4.417022 4.402148 4.386786 4.371098 4.355243 4.339368 4.323597 4.308026 4.292712 4.277682 4.262926 4.248402 4.234045 4.219769 4.205477 4.19107 4.176457 4.161565 4.146349 4.130808 4.114989 4.098997 4.082991 4.067167 4.051717 4.036759 4.022313 4.008194 3.994229 3.980307 3.966354 3.952325 3.9382 3.923975 3.909654 3.895236 3.880711 3.86604 3.851158 3.835964 3.820323 3.804082 3.787091 3.76924 3.750508 3.73097 3.710755
4.606439 4.596184 4.586148 4.576375 4.566905 4.557774 4.549003 4.540594 4.532524 4.524742 4.517167 4.509687 4.502165 4.494443 4.486348 4.477705 4.468348 4.458133 4.446958 4.434792 4.421708 4.407722 4.392897 4.37735 4.361234 4.34472 4.327981 4.311176 4.294444 4.27789 4.26159 4.245583 4.229872 4.21443 4.199205 4.184125 4.169107 4.154068 4.138932 4.123644 4.108178 4.092546 4.076806 4.061066 4.045478 4.030219 4.015458 4.001277 3.987649 3.974384 3.961276 3.94818 3.934988 3.921629 3.908063 3.894273 3.880255 3.86601 3.851532 3.836796 3.821753 3.806325 3.790403 3.773858 3.756558 3.738404 3.719407 3.699688 3.679419
4.586203 4.575847 4.565712 4.555843 4.546281 4.537062 4.528206 4.519717 4.51157 4.503714 4.496065 4.488509 4.480906 4.473091 4.464887 4.456111 4.446589 4.436173 4.424751 4.412287 4.398837 4.384401 4.369041 4.35288 4.33608 4.31882 4.301282 4.283638 4.266038 4.248603 4.231419 4.21454 4.197983 4.181734 4.165755 4.149987 4.134363 4.118815 4.103285 4.087732 4.072146 4.05655 4.041008 4.025622 4.010532 3.995885 3.981807 3.968341 3.955437 3.942909 3.930531 3.918121 3.905541 3.892694 3.879518 3.865984 3.852083 3.837815 3.823184 3.808181 3.792781 3.776933 3.760563 3.743578 3.72588 3.707403 3.68819 3.668407 3.648261
4.566121 4.555674 4.545452 4.535499 4.525855 4.516556 4.507622 4.499054 4.490829 4.482893 4.475162 4.467518 4.459819 4.451897 4.443568 4.434646 4.424953 4.414334 4.402677 4.38994 4.376158 4.36132 4.345487 4.328786 4.311387 4.293476 4.275242 4.256869 4.238515 4.220314 4.202366 4.184738 4.16746 4.150533 4.13393 4.117608 4.101513 4.085594 4.069807 4.054127 4.038553 4.023118 4.007885 3.992947 3.978418 3.964409 3.950997 3.938189 3.925915 3.914008 3.902226 3.890358 3.878234 3.865734 3.852777 3.839319 3.825346 3.810862 3.795881 3.780413 3.76446 3.748008 3.731024 3.713461 3.695275 3.676463 3.657112 3.63741 3.617589
4.546248 4.535726 4.525432 4.515408 4.505696 4.496327 4.487322 4.478681 4.470376 4.462355 4.454531 4.446786 4.438974 4.430923 4.42245 4.413363 4.403483 4.392656 4.38077 4.367781 4.353706 4.338521 4.322289 4.305138 4.28724 4.268787 4.249977 4.230995 4.212014 4.193178 4.174599 4.156357 4.138496 4.121029 4.103944 4.087209 4.070786 4.054637 4.038733 4.023059 4.007625 3.992464 3.977635 3.963215 3.949288 3.935926 3.923158 3.910957 3.899233 3.887843 3.876535 3.865072 3.853259 3.840952 3.828052 3.814503 3.800286 3.785409 3.769898 3.753788 3.73711 3.719892 3.702151 3.683899 3.665169 3.646024 3.626606 3.607127 3.587838
4.526658 4.516076 4.505728 4.495652 4.485887 4.476463 4.467396 4.458685 4.450303 4.442193 4.434267 4.426406 4.418462 4.410262 4.401619 4.392344 4.382259 4.371212 4.359095 4.345872 4.331545 4.316079 4.299532 4.282032 4.263749 4.244876 4.225615 4.206159 4.186686 4.167353 4.148283 4.129569 4.111269 4.093408 4.075985 4.058982 4.042373 4.026133 4.010242 3.994699 3.979516 3.964727 3.950378 3.936527 3.923226 3.910506 3.898358 3.886718 3.875476 3.864517 3.85358 3.842407 3.830781 3.818537 3.805557 3.791777 3.777172 3.761758 3.745573 3.728678 3.711141 3.693035 3.674437 3.655431 3.636125 3.616663 3.597245 3.57812 3.559549
4.507433 4.496815 4.486434 4.476327 4.466528 4.457064 4.447948 4.439177 4.430718 4.422515 4.41448 4.40649 4.398396 4.390026 4.381192 4.371707 4.361397 4.350117 4.33777 4.324329 4.309792 4.294115 4.277345 4.259602 4.241051 4.221885 4.202304 4.18251 4.162687 4.142998 4.123581 4.10454 4.085946 4.067834 4.050217 4.033085 4.016425 4.000222 3.984467 3.969164 3.954329 3.939988 3.926177 3.912928 3.900264 3.888177 3.876622 3.865502 3.85469 3.844094 3.83345 3.822479 3.810946 3.798665 3.785506 3.771392 3.7563 3.740247 3.723292 3.705519 3.687038 3.667972 3.648462 3.628673 3.608791 3.589043 3.569689 3.551032 3.533359
4.488678 4.478046 4.467656 4.457541 4.447729 4.438245 4.429096 4.420273 4.411745 4.40345 4.395299 4.38717 4.378913 4.370354 4.36131 4.351596 4.341047 4.329529 4.316959 4.303327 4.288624 4.272803 4.255897 4.238013 4.219309 4.199973 4.180206 4.16021 4.140175 4.120274 4.100652 4.081425 4.062677 4.044455 4.026777 4.009648 3.993061 3.97701 3.961497 3.946528 3.932117 3.918285 3.905051 3.892425 3.880399 3.868932 3.857944 3.847312 3.836889 3.826609 3.816204 3.805377 3.793877 3.781502 3.768106 3.753605 3.737973 3.721237 3.70347 3.684787 3.665335 3.645292 3.624865 3.6043 3.583865 3.563875 3.544668 3.526584 3.509965
4.470506 4.459885 4.449512 4.439414 4.429615 4.420131 4.410967 4.402108 4.393518 4.385135 4.376867 4.368593 4.360161 4.351402 4.342134 4.332181 4.321389 4.309637 4.296862 4.283071 4.268251 4.252347 4.235383 4.217452 4.198701 4.179313 4.159485 4.13942 4.11931 4.099333 4.079644 4.060368 4.041599 4.023395 4.005782 3.988772 3.972367 3.95657 3.941387 3.926827 3.912902 3.899621 3.88699 3.874995 3.863601 3.852738 3.842296 3.832127 3.822066 3.812073 3.801878 3.791169 3.77968 3.767192 3.75355 3.738661 3.722497 3.705093 3.686538 3.666973 3.646584 3.625602 3.604305 3.58301 3.562081 3.541913 3.522923 3.505524 3.490097
4.453043 4.44246 4.432131 4.422077 4.412315 4.402856 4.393698 4.38482 4.37618 4.367715 4.359333 4.350912 4.342302 4.333334 4.323837 4.313643 4.302611 4.29064 4.277685 4.263773 4.248886 4.232959 4.216007 4.198112 4.179412 4.16008 4.140308 4.120297 4.100241 4.080319 4.060693 4.041495 4.022829 4.004758 3.987319 3.97053 3.954401 3.938942 3.924162 3.91007 3.896674 3.883975 3.871959 3.860595 3.849822 3.839545 3.829629 3.819904 3.810192 3.800476 3.790486 3.779899 3.768432 3.755859 3.74201 3.726785 3.710156 3.692162 3.672908 3.652558 3.631332 3.609511 3.587438 3.565508 3.544167 3.523906 3.50522 3.488599 3.474494
4.436424 4.425907 4.415648 4.405664 4.395967 4.386557 4.377427 4.368548 4.359876 4.351341 4.342851 4.334284 4.325495 4.316319 4.306592 4.296163 4.284904 4.272735 4.259632 4.245641 4.230733 4.214839 4.197965 4.180183 4.16162 4.14244 4.12283 4.102986 4.0831 4.063356 4.043914 4.024912 4.006458 3.988623 3.971452 3.95497 3.939196 3.924143 3.909823 3.896244 3.883407 3.871303 3.859905 3.849163 3.838995 3.829286 3.819879 3.810588 3.801223 3.79179 3.782021 3.771583 3.760186 3.747591 3.733621 3.718167 3.701197 3.682756 3.662959 3.641987 3.620091 3.597595 3.574897 3.552466 3.530839 3.510586 3.492304 3.476571 3.463903
4.420793 4.410366 4.400204 4.390316 4.380706 4.37137 4.36229 4.353432 4.344744 4.336154 4.327565 4.31886 4.309894 4.300514 4.290566 4.279913 4.268448 4.256108 4.242893 4.228865 4.213984 4.198175 4.181438 4.163836 4.145487 4.126544 4.10719 4.087612 4.068003 4.048542 4.029391 4.010689 3.992545 3.975036 3.958215 3.942116 3.926761 3.912169 3.898351 3.885314 3.873052 3.861547 3.85076 3.840625 3.831043 3.82188 3.812968 3.804106 3.795094 3.785964 3.776448 3.76621 3.754956 3.74244 3.728474 3.712944 3.695813 3.677129 3.657008 3.635645 3.613309 3.590362 3.567248 3.544508 3.522753 3.502649 3.484894 3.470158 3.459039
4.406291 4.395978 4.385936 4.376168 4.36667 4.357429 4.348419 4.3396 4.330913 4.322281 4.313606 4.30477 4.295637 4.286063 4.275908 4.265052 4.253405 4.240927 4.227637 4.213614 4.198806 4.183131 4.166585 4.149224 4.131155 4.112524 4.093504 4.07428 4.055037 4.035952 4.017184 3.998871 3.981122 3.964019 3.947621 3.931967 3.917085 3.902996 3.889711 3.877233 3.865552 3.85464 3.844447 3.834895 3.825874 3.817238 3.808806 3.80037 3.791728 3.782928 3.773711 3.763741 3.752723 3.740408 3.726605 3.711191 3.694127 3.675452 3.655288 3.633824 3.611343 3.588231 3.56497 3.542159 3.520491 3.500722 3.483647 3.47004 3.46058
4.39306 4.382881 4.37298 4.363351 4.353983 4.344855 4.335932 4.327168 4.318495 4.309834 4.301085 4.29213 4.282843 4.273091 4.262749 4.251713 4.239915 4.227333 4.214008 4.200033 4.18534 4.169847 4.153541 4.136472 4.118742 4.100486 4.08187 4.063072 4.044271 4.02564 4.007333 3.989486 3.972206 3.955578 3.939664 3.924508 3.910142 3.896586 3.883853 3.87194 3.860834 3.850499 3.840877 3.831882 3.823393 3.815259 3.807292 3.799283 3.79103 3.782595 3.773731 3.764107 3.75343 3.741456 3.727993 3.712917 3.696179 3.677813 3.657925 3.6367 3.614424 3.591486 3.568407 3.545834 3.524526 3.505327 3.489131 3.476806 3.469128
4.381232 4.371205 4.36146 4.351986 4.342762 4.33376 4.324936 4.316236 4.307588 4.298908 4.290094 4.281035 4.27161 4.2617 4.251195 4.240009 4.228092 4.215444 4.202123 4.188236 4.173702 4.158431 4.142409 4.12568 4.108338 4.090511 4.072358 4.054047 4.035753 4.017641 3.999862 3.982545 3.965797 3.949701 3.934322 3.919707 3.905888 3.892887 3.880714 3.869364 3.858819 3.849037 3.839957 3.831484 3.823495 3.815835 3.808319 3.800737 3.792892 3.784861 3.776408 3.767211 3.756989 3.745504 3.732569 3.718061 3.701927 3.684184 3.664922 3.644313 3.622625 3.600258 3.577747 3.55578 3.53517 3.516845 3.50178 3.490939 3.485191
4.370923 4.36106 4.351484 4.342175 4.333105 4.324235 4.315516 4.306886 4.298269 4.289577 4.280709 4.271559 4.262014 4.251968 4.241327 4.230023 4.218023 4.205347 4.19207 4.178311 4.163973 4.148963 4.133266 4.11692 4.100009 4.082658 4.065015 4.047244 4.02951 4.011973 3.994776 3.978044 3.961879 3.946363 3.931561 3.917518 3.904269 3.891834 3.880221 3.869423 3.859417 3.850161 3.841586 3.833598 3.826073 3.818859 3.811774 3.804616 3.797199 3.789608 3.781622 3.772935 3.763279 3.752428 3.740206 3.726495 3.711234 3.694427 3.676148 3.656539 3.635859 3.614491 3.592978 3.572037 3.552536 3.535462 3.52186 3.512769 3.509135
4.362226 4.352537 4.343136 4.333996 4.325083 4.316348 4.307735 4.299175 4.29059 4.28189 4.272977 4.26375 4.254104 4.243947 4.233199 4.221809 4.209764 4.197098 4.183905 4.170311 4.156206 4.141495 4.126159 4.110231 4.093792 4.076957 4.059867 4.042678 4.02555 4.008634 3.992066 3.975963 3.960424 3.945525 3.931329 3.917881 3.905215 3.893348 3.882288 3.872025 3.862534 3.853769 3.845661 3.838118 3.831019 3.824219 3.817545 3.810807 3.803832 3.796713 3.789244 3.781139 3.77215 3.762066 3.750725 3.738014 3.723871 3.708292 3.691327 3.673102 3.653847 3.63392 3.613864 3.594423 3.576497 3.561127 3.549403 3.542409 3.541142
4.355205 4.345692 4.336468 4.327497 4.318737 4.310132 4.30162 4.293127 4.284573 4.275867 4.266917 4.257624 4.247898 4.237654 4.22683 4.215391 4.203339 4.190723 4.177652 4.16426 4.150423 4.136045 4.121104 4.105631 4.089698 4.073415 4.056914 4.040346 4.02386 4.007603 3.991702 3.976265 3.961382 3.947128 3.933559 3.92072 3.908641 3.89734 3.88682 3.877071 3.868065 3.859757 3.852078 3.844941 3.838231 3.831812 3.825527 3.819201 3.812677 3.806053 3.799141 3.791679 3.783437 3.774228 3.763904 3.752361 3.73954 3.725432 3.710076 3.693578 3.676137 3.658082 3.639951 3.622494 3.606655 3.5935 3.584141 3.579677 3.58111
4.349877 4.340541 4.33149 4.322681 4.314065 4.30558 4.297159 4.288726 4.280199 4.27149 4.262508 4.253165 4.243377 4.233075 4.222209 4.210757 4.198738 4.186214 4.173305 4.160148 4.146612 4.132599 4.118087 4.103101 4.087709 4.072011 4.056133 4.040217 4.024407 4.008841 3.993635 3.97889 3.964688 3.951094 3.938165 3.92594 3.914448 3.903703 3.893709 3.884452 3.875904 3.868021 3.860737 3.853969 3.847614 3.841547 3.835629 3.829703 3.823635 3.817522 3.811194 3.804416 3.796982 3.788725 3.779516 3.769262 3.757914 3.745459 3.731935 3.717438 3.702141 3.686349 3.670575 3.655583 3.642346 3.631932 3.625449 3.623978 3.628484
4.346214 4.337049 4.328161 4.319501 4.311014 4.302634 4.294292 4.28591 4.277405 4.268693 4.25969 4.250313 4.240489 4.230159 4.219286 4.207863 4.195919 4.183529 4.17082 4.157934 4.144732 4.131117 4.117065 4.102599 4.087779 4.072699 4.057476 4.042242 4.027134 4.012283 3.997795 3.983759 3.970248 3.957326 3.94504 3.933428 3.922517 3.912319 3.902835 3.894052 3.88594 3.878456 3.87154 3.865115 3.859088 3.853352 3.847783 3.842248 3.836634 3.831038 3.825313 3.819245 3.812655 3.805397 3.797361 3.788471 3.778682 3.767993 3.756444 3.744129 3.731217 3.717994 3.704954 3.69287 3.682707 3.675513 3.67236 3.674278 3.682155
4.344138 4.335137 4.326399 4.317872 4.309498 4.301209 4.292933 4.284593 4.276108 4.267399 4.258385 4.248993 4.239159 4.228836 4.217996 4.206645 4.194822 4.182609 4.17014 4.157557 4.144722 4.131536 4.117975 4.104059 4.089842 4.075409 4.060869 4.046343 4.031961 4.01784 4.00408 3.990759 3.977944 3.96569 3.954043 3.943038 3.932697 3.923032 3.914043 3.905714 3.898017 3.890911 3.884339 3.878234 3.872515 3.867089 3.861854 3.856701 3.851536 3.846462 3.841347 3.836005 3.830281 3.824051 3.817224 3.809734 3.801556 3.792695 3.7832 3.773173 3.762793 3.752356 3.742359 3.733542 3.726831 3.723224 3.723733 3.729299 3.740704
4.343654 4.334811 4.326213 4.317808 4.309535 4.301326 4.293108 4.284807 4.276345 4.267646 4.258637 4.249252 4.239437 4.229154 4.218387 4.207149 4.195488 4.183495 4.171301 4.159053 4.146609 4.133876 4.12083 4.107485 4.09389 4.080122 4.066281 4.052478 4.038828 4.02544 4.012402 3.999788 3.987657 3.97606 3.965038 3.954622 3.944832 3.935679 3.92716 3.919258 3.911946 3.905185 3.898925 3.893106 3.887662 3.882518 3.877594 3.872804 3.868081 3.863526 3.859026 3.854423 3.849584 3.844406 3.838814 3.832762 3.826233 3.819247 3.811863 3.804206 3.796469 3.788973 3.782219 3.776904 3.773886 3.774089 3.778434 3.787757 3.802715
4.344755 4.336058 4.32759 4.319296 4.311115 4.302979 4.294816 4.286555 4.278122 4.269447 4.260463 4.251112 4.24135 4.231145 4.220492 4.209411 4.197956 4.186218 4.174334 4.162443 4.150409 4.138144 4.125623 4.112857 4.09989 4.086792 4.07365 4.060565 4.047641 4.034973 4.022645 4.010722 3.99926 3.988305 3.977893 3.968051 3.958799 3.950143 3.942077 3.934586 3.927641 3.921206 3.915237 3.909685 3.904497 3.899617 3.894987 3.890549 3.886259 3.882218 3.878332 3.874466 3.870512 3.866389 3.862035 3.85742 3.852541 3.847432 3.842171 3.836903 3.831849 3.827351 3.823907 3.822168 3.822916 3.826983 3.835184 3.848233 3.866657
4.347363 4.338799 4.330448 4.322254 4.314156 4.306088 4.297981 4.289766 4.281374 4.272741 4.263807 4.254523 4.244849 4.234764 4.224268 4.213386 4.202176 4.19073 4.179181 4.167665 4.156053 4.144261 4.132266 4.120075 4.107728 4.095285 4.082828 4.070443 4.058224 4.046256 4.034616 4.023365 4.012554 4.002224 3.992408 3.983131 3.974407 3.966241 3.958624 3.951537 3.944954 3.938839 3.933156 3.927864 3.922926 3.918303 3.913961 3.909868 3.906003 3.902466 3.899182 3.896041 3.892958 3.889868 3.886728 3.883519 3.880254 3.876982 3.873806 3.87089 3.868481 3.86694 3.866751 3.868524 3.872963 3.880804 3.892746 3.909378 3.931096
4.351354 4.342903 4.334653 4.326547 4.318525 4.310523 4.302474 4.294313 4.285979 4.277411 4.268556 4.259372 4.249826 4.239903 4.229607 4.218966 4.208037 4.196914 4.185722 4.174592 4.163407 4.152086 4.140607 4.128976 4.117229 4.105418 4.093615 4.0819 4.070355 4.059058 4.048078 4.037474 4.027294 4.017574 4.008344 3.999624 3.991426 3.983751 3.976585 3.969907 3.963691 3.957904 3.952513 3.94749 3.942807 3.938447 3.934394 3.930642 3.927194 3.92415 3.92145 3.919011 3.916769 3.914675 3.912701 3.910841 3.909122 3.907612 3.906434 3.905775 3.905903 3.907188 3.910104 3.915216 3.923156 3.934565 3.950032 3.97002 3.994802
4.356565 4.348206 4.340039 4.332009 4.324055 4.316117 4.308132 4.300038 4.291779 4.2833 4.274557 4.265509 4.256132 4.246412 4.236357 4.225996 4.215384 4.20461 4.193793 4.183057 4.172296 4.161437 4.150457 4.139364 4.128186 4.116972 4.105788 4.094704 4.083794 4.073132 4.062781 4.052797 4.043225 4.034099 4.025444 4.017279 4.009609 4.002429 3.995724 3.989469 3.983635 3.978193 3.973115 3.968379 3.963971 3.959888 3.956136 3.952729 3.949695 3.947129 3.944992 3.943224 3.941782 3.940633 3.939759 3.939168 3.938898 3.93904 3.939733 3.941185 3.943682 3.947599 3.953394 3.961593 3.972761 3.987455 4.006157 4.029216 4.056787
4.362821 4.354529 4.346426 4.338457 4.330564 4.322689 4.314773 4.306759 4.298595 4.290234 4.281633 4.27276 4.263591 4.254116 4.244341 4.234296 4.224032 4.213631 4.203203 4.192862 4.18252 4.172109 4.161608 4.151023 4.14038 4.129725 4.119115 4.108618 4.098302 4.088236 4.078479 4.069086 4.060098 4.051549 4.043462 4.035849 4.02871 4.022036 4.015805 4.00999 4.004562 3.999491 3.994755 3.990337 3.986234 3.982457 3.979028 3.97598 3.97336 3.971263 3.969667 3.968535 3.967844 3.967576 3.967722 3.968299 3.969362 3.971016 3.973421 3.976801 3.981458 3.987764 3.996163 4.007143 4.021215 4.038857 4.060457 4.086259 4.116303
4.369937 4.361688 4.353628 4.345706 4.337866 4.330054 4.322214 4.314293 4.306246 4.298029 4.289604 4.280941 4.272019 4.262827 4.25337 4.243674 4.233785 4.223775 4.213746 4.203803 4.193871 4.183892 4.173846 4.163738 4.153593 4.143454 4.133375 4.123421 4.113655 4.104144 4.094946 4.086114 4.077688 4.0697 4.062169 4.055103 4.048498 4.042338 4.036597 4.031245 4.02625 4.021584 4.017226 4.013167 4.00941 4.005979 4.002906 4.000242 3.998048 3.996419 3.995344 3.994812 3.994821 3.995361 3.996433 3.998064 4.000324 4.003333 4.007269 4.012371 4.01895 4.027376 4.038077 4.051507 4.068128 4.088349 4.11248 4.140666 4.17284
4.377739 4.369507 4.36147 4.35358 4.345786 4.338036 4.330279 4.322466 4.314557 4.306511 4.298294 4.289876 4.281235 4.27236 4.263254 4.253936 4.244445 4.234844 4.225223 4.215675 4.206146 4.196583 4.186967 4.177305 4.167621 4.157957 4.148365 4.138908 4.129651 4.120656 4.111981 4.103679 4.09579 4.088344 4.081357 4.074832 4.068761 4.063123 4.057886 4.053019 4.048488 4.044264 4.040328 4.036675 4.033315 4.030278 4.027607 4.025364 4.02362 4.022467 4.021907 4.021944 4.022596 4.023865 4.025759 4.028316 4.031625 4.035821 4.041099 4.047707 4.055963 4.066232 4.078926 4.094465 4.113267 4.135687 4.161962 4.192153 4.226098
