ASPA-UH-SWB2_REPO/input/ET_Process/oct_et_clipped.asc
ncols         350
nrows         200
xllcorner     515000
yllcorner     8409000
cellsize      100
NODATA_value  -9999
[rows 31 to 61 of 200, columns 276 to 344 of 350]
-9999 -9999 -9999 -9999 -9999 -9999 -9999 -9999 -9999 -9999 -9999 -9999 -9999 -9999 -9999 -9999 -9999 -9999 -9999 -9999 -9999 -9999 -9999 -9999 -9999 -9999 -9999 -9999 -9999 -9999 -9999 -9999 -9999 -9999 -9999 -9999 -9999 -9999 -9999 -9999 -9999 -9999 -9999 -9999 -9999 -9999 -9999 -9999 -9999 -9999 -9999 -9999 -9999 -9999 -9999 -9999 -9999 -9999 -9999 -9999 -9999 -9999 -9999 -9999 -9999 -9999 -9999 -9999 -9999
-9999 -9999 -9999 -9999 -9999 -9999 -9999 -9999 -9999 -9999 -9999 -9999 -9999 -9999 -9999 -9999 -9999 -9999 -9999 -9999 -9999 -9999 -9999 -9999 -9999 -9999 -9999 -9999 -9999 -9999 -9999 -9999 -9999 -9999 -9999 -9999 -9999 -9999 -9999 -9999 -9999 -9999 -9999 -9999 -9999 5.12959 5.146583 -9999 -9999 -9999 -9999 -9999 -9999 -9999 -9999 -9999 -9999 -9999 -9999 -9999 -9999 -9999 -9999 -9999 -9999 -9999 -9999 -9999 -9999
-9999 -9999 -9999 -9999 -9999 -9999 -9999 -9999 -9999 -9999 -9999 -9999 -9999 -9999 -9999 -9999 -9999 -9999 -9999 -9999 -9999 -9999 -9999 -9999 -9999 -9999 -9999 -9999 -9999 -9999 -9999 -9999 -9999 -9999 -9999 -9999 -9999 -9999 -9999 -9999 -9999 -9999 -9999 5.101329 5.121341 5.140285 5.15804 5.174448 -9999 -9999 -9999 -9999 -9999 -9999 -9999 -9999 -9999 -9999 -9999 -9999 -9999 -9999 -9999 -9999 -9999 -9999 -9999 -9999 -9999
-9999 -9999 -9999 -9999 -9999 -9999 -9999 -9999 -9999 -9999 -9999 -9999 -9999 -9999 -9999 -9999 -9999 -9999 -9999 -9999 -9999 -9999 -9999 -9999 -9999 -9999 -9999 -9999 -9999 4.789248 4.806923 4.825961 4.846345 -9999 -9999 -9999 -9999 4.964594 4.990056 5.015451 -9999 5.064764 5.088113 5.110319 5.131293 5.151069 5.169547 5.186591 5.202178 5.216326 -9999 -9999 -9999 -9999 -9999 -9999 -9999 -9999 -9999 -9999 -9999 -9999 -9999 -9999 -9999 -9999 -9999 -9999 -9999
-9999 -9999 -9999 -9999 -9999 -9999 -9999 -9999 -9999 -9999 -9999 -9999 -9999 -9999 -9999 -9999 -9999 -9999 -9999 -9999 -9999 -9999 -9999 -9999 -9999 -9999 -9999 -9999 4.766525 4.783601 4.802055 4.821923 4.843194 4.86581 4.889658 4.914574 4.94034 4.966691 4.993321 5.019897 5.046075 5.071529 5.095972 5.119191 5.141076 5.161637 5.180799 5.198444 5.214556 5.229157 5.242305 -9999 -9999 -9999 -9999 -9999 -9999 -9999 -9999 -9999 -9999 -9999 -9999 -9999 -9999 -9999 -9999 -9999 -9999
-9999 -9999 -9999 -9999 -9999 -9999 -9999 -9999 -9999 -9999 -9999 -9999 -9999 -9999 -9999 -9999 -9999 -9999 -9999 -9999 -9999 -9999 -9999 -9999 -9999 -9999 -9999 4.74474 4.761153 4.778897 4.798056 4.818669 4.840731 4.864185 4.888921 4.914774 4.941524 4.968899 4.996583 5.024233 5.051488 5.078 5.103459 5.127625 5.150363 5.171664 5.19147 5.209682 5.226293 5.241333 5.254864 -9999 -9999 -9999 -9999 -9999 -9999 -9999 -9999 -9999 -9999 -9999 -9999 -9999 -9999 -9999 -9999 -9999 -9999
-9999 -9999 -9999 -9999 -9999 -9999 -9999 -9999 -9999 -9999 -9999 -9999 -9999 -9999 -9999 -9999 -9999 -9999 -9999 -9999 -9999 -9999 -9999 -9999 -9999 -9999 4.723951 4.739711 4.7567 4.775037 4.794811 4.816068 4.838807 4.862976 4.888468 4.915122 4.942715 4.970975 4.999582 5.02818 5.056397 5.083867 5.110254 5.135294 5.158823 5.180813 5.201223 5.219974 5.237063 5.25253 5.266444 5.278896 -9999 -9999 -9999 -9999 -9999 -9999 -9999 -9999 -9999 -9999 -9999 -9999 -9999 -9999 -9999 -9999 -9999
-9999 -9999 -9999 -9999 -9999 -9999 -9999 -9999 -9999 -9999 -9999 -9999 -9999 -9999 -9999 -9999 -9999 -9999 -9999 -9999 -9999 -9999 4.663298 4.676317 -9999 4.704145 4.719326 4.735584 4.753071 4.771913 4.792202 4.813988 4.837276 4.862022 4.888124 4.915423 4.943704 4.972694 5.002072 5.031476 5.060525 5.088835 5.11605 5.141879 5.166131 5.18876 5.209736 5.228998 5.246552 5.262444 5.276746 5.289554 -9999 -9999 -9999 -9999 -9999 -9999 -9999 -9999 -9999 -9999 -9999 -9999 -9999 -9999 -9999 -9999 -9999
-9999 -9999 -9999 -9999 -9999 -9999 -9999 -9999 -9999 -9999 -9999 -9999 -9999 -9999 -9999 -9999 -9999 -9999 -9999 -9999 -9999 4.644639 4.657765 4.671244 4.685252 4.699973 4.715589 4.732271 4.750173 4.769423 4.790115 4.812307 4.836009 4.861183 4.887735 4.915516 4.944314 4.973865 5.003846 5.033896 5.063626 5.092641 5.120569 5.147092 5.171995 5.195208 5.216714 5.236467 5.25448 5.270801 5.285506 5.298689 -9999 -9999 -9999 -9999 -9999 -9999 -9999 -9999 -9999 -9999 -9999 -9999 -9999 -9999 -9999 -9999 -9999
-9999 -9999 -9999 -9999 -9999 -9999 -9999 -9999 -9999 -9999 -9999 -9999 -9999 -9999 -9999 -9999 -9999 -9999 -9999 -9999 4.626403 4.639748 4.653287 4.667175 4.681581 4.696685 4.712667 4.729694 4.747921 4.767476 4.788457 4.810925 4.834899 4.860347 4.887186 4.915274 4.944412 4.974341 5.004746 5.035267 5.065513 5.095082 5.123588 5.150697 5.176168 5.199912 5.221917 5.242148 5.260621 5.277383 5.292511 -9999 -9999 -9999 -9999 -9999 -9999 -9999 -9999 -9999 -9999 -9999 -9999 -9999 -9999 -9999 -9999 -9999 -9999
-9999 -9999 -9999 -9999 -9999 -9999 -9999 -9999 -9999 -9999 -9999 -9999 -9999 -9999 -9999 -9999 -9999 -9999 -9999 4.608585 4.622215 4.635919 4.649817 4.664056 4.6788 4.694221 4.710495 4.727786 4.746245 4.766003 4.787157 4.809773 4.833876 4.859444 4.886403 4.914625 4.943921 4.974042 5.004684 5.035493 5.066077 5.096032 5.124966 5.152535 5.178483 5.202702 5.225182 5.245885 5.264824 5.282044 5.297616 -9999 -9999 -9999 -9999 -9999 -9999 -9999 -9999 -9999 -9999 -9999 -9999 -9999 -9999 -9999 -9999 -9999 -9999
-9999 -9999 -9999 -9999 -9999 -9999 -9999 -9999 -9999 -9999 -9999 -9999 -9999 -9999 -9999 -9999 -9999 -9999 4.591236 4.605169 4.619099 4.633107 4.647306 4.661837 4.676854 4.692525 4.709018 4.726492 4.745096 4.764955 4.786171 4.808813 4.832909 4.858448 4.885367 4.913551 4.942826 4.972958 5.003652 5.034563 5.065304 5.095472 5.124675 5.152564 5.178884 5.203525 5.226454 5.247622 5.26703 5.284719 5.300751 -9999 -9999 -9999 -9999 -9999 -9999 -9999 -9999 -9999 -9999 -9999 -9999 -9999 -9999 -9999 -9999 -9999 -9999
4.326851 4.340932 4.355191 4.369608 4.384164 -9999 -9999 -9999 -9999 -9999 -9999 -9999 -9999 -9999 -9999 -9999 -9999 4.57445 4.588657 4.602829 4.617005 4.63126 4.645704 4.660467 4.675697 4.691554 4.708196 4.725779 4.744443 4.764314 4.785491 4.808045 4.83201 4.857383 4.884113 4.9121 4.941185 4.971152 5.00172 5.032556 5.06328 5.093494 5.12281 5.150887 5.177474 5.202467 5.225803 5.24741 5.267277 5.28543 5.301926 -9999 -9999 -9999 -9999 -9999 -9999 -9999 -9999 -9999 -9999 -9999 -9999 -9999 -9999 -9999 -9999 -9999 -9999
4.321067 4.33573 4.350477 4.365304 4.380198 4.39515 4.410144 4.425168 4.440201 -9999 -9999 -9999 -9999 -9999 -9999 -9999 4.558348 4.572761 4.587147 4.601506 4.615875 4.630326 4.64496 4.6599 4.675288 4.691271 4.708001 4.725626 4.74428 4.764084 4.785136 4.807505 4.831232 4.856319 4.882729 4.910375 4.939118 4.968761 4.999042 5.029639 5.060184 5.09029 5.119576 5.147712 5.174463 5.199721 5.2234 5.245398 5.265687 5.284284 5.30123 -9999 -9999 -9999 -9999 -9999 -9999 -9999 -9999 -9999 -9999 -9999 -9999 -9999 -9999 -9999 -9999 -9999 -9999
4.317222 4.33244 4.347644 4.362834 4.378016 4.39319 4.408358 4.423516 4.438657 4.453771 4.468843 4.483856 -9999 -9999 4.528382 4.543023 4.557576 4.572115 4.586634 4.601132 4.615647 4.630245 4.645022 4.660092 4.675588 4.691649 4.708417 4.726031 4.744619 4.764295 4.785152 4.807262 4.830664 4.855369 4.881349 4.908534 4.936805 4.965986 4.995835 5.026049 5.056272 5.086126 5.115247 5.143321 5.170122 5.19555 5.219487 5.241804 5.26246 5.281453 -9999 -9999 -9999 -9999 -9999 -9999 -9999 -9999 -9999 -9999 -9999 -9999 -9999 -9999 -9999 -9999 -9999 -9999 -9999
4.315245 4.330984 4.346599 4.362103 4.377514 4.392851 4.408127 4.423356 4.438541 4.453683 4.468777 4.483813 4.49878 4.513665 4.528462 4.54317 4.557802 4.572425 4.587035 4.601633 4.616252 4.630958 4.645838 4.661 4.676566 4.692668 4.709437 4.727004 4.745486 4.764992 4.785609 4.807406 4.830424 4.854677 4.880146 4.906777 4.934471 4.963076 4.992373 5.022078 5.051847 5.08132 5.110147 5.138032 5.164766 5.190255 5.21435 5.236898 5.257841 5.277165 5.294887 -9999 -9999 -9999 -9999 -9999 -9999 -9999 -9999 -9999 -9999 -9999 -9999 -9999 -9999 -9999 -9999 -9999 -9999
4.315044 4.331254 4.347226 4.362985 4.378565 4.394001 4.409323 4.424557 4.439723 4.454832 4.469889 4.484892 4.499836 4.514713 4.529519 4.544252 4.558926 4.573598 4.588263 4.602926 4.617618 4.6324 4.647353 4.66258 4.678192 4.694312 4.711061 4.728559 4.746916 4.766231 4.786586 4.808044 4.830646 4.854407 4.879317 4.905332 4.932373 4.960313 4.988961 5.018046 5.047244 5.076209 5.104614 5.132185 5.158728 5.18416 5.208303 5.230977 5.252113 5.271684 5.289694 -9999 -9999 -9999 -9999 -9999 -9999 -9999 -9999 -9999 -9999 -9999 -9999 -9999 -9999 -9999 -9999 -9999 -9999
4.316505 4.333124 4.349388 4.365338 4.381023 4.396492 4.411795 4.426973 4.44206 4.457078 4.472042 4.48696 4.501833 4.516658 4.531432 4.546155 4.560839 4.57553 4.590223 4.604924 4.619666 4.634503 4.649513 4.664789 4.680436 4.696565 4.713289 4.730717 4.748949 4.768074 4.788167 4.809284 4.831465 4.854726 4.879059 4.904431 4.930777 4.957991 4.985909 5.014279 5.042794 5.071131 5.098989 5.126116 5.152341 5.177594 5.201664 5.22435 5.245574 5.265294 5.283505 -9999 -9999 -9999 -9999 -9999 -9999 -9999 -9999 -9999 -9999 -9999 -9999 -9999 -9999 -9999 -9999 -9999 -9999
4.319496 4.336448 4.352934 4.369005 4.384726 4.400166 4.415388 4.43045 4.4454 4.460272 4.475094 4.48988 4.504638 4.519371 4.534078 4.548761 4.563428 4.578114 4.592814 4.607538 4.622315 4.637198 4.652258 4.667582 4.683266 4.699412 4.716122 4.733494 4.751619 4.770575 4.790427 4.811226 4.833007 4.855783 4.879551 4.904282 4.929921 4.956378 4.983503 5.011071 5.0388 5.066396 5.093585 5.120144 5.145924 5.170872 5.194748 5.217328 5.238524 5.25829 5.276607 -9999 -9999 -9999 -9999 -9999 -9999 -9999 -9999 -9999 -9999 -9999 -9999 -9999 -9999 -9999 -9999 -9999 -9999
4.323871 4.341073 4.3577 4.373819 4.389509 4.404856 4.419939 4.434831 4.449592 4.46427 4.478903 4.493514 4.508119 4.522725 4.537335 4.551951 4.56658 4.581244 4.59594 4.610677 4.625486 4.640415 4.65553 4.670911 4.686647 4.702831 4.719553 4.736901 4.754953 4.773777 4.793429 4.813951 4.835369 4.857697 4.88093 4.905042 4.929982 4.955667 4.981958 5.008655 5.035511 5.062265 5.088676 5.114551 5.139767 5.164288 5.18785 5.210205 5.231262 5.250965 5.269288 -9999 -9999 -9999 -9999 -9999 -9999 -9999 -9999 -9999 -9999 -9999 -9999 -9999 -9999 -9999 -9999 -9999 -9999
4.32948 4.346838 4.363523 4.379616 4.39521 4.410404 4.425294 4.439965 4.45449 4.468931 4.483335 4.497734 4.512151 4.5266 4.541087 4.555614 4.570189 4.584818 4.599502 4.614253 4.629097 4.644082 4.659267 4.674728 4.690544 4.706799 4.723572 4.740939 4.758966 4.777709 4.797214 4.81751 4.838619 4.860548 4.883286 4.906809 4.931066 4.955975 4.981409 5.007192 5.033112 5.058946 5.084488 5.109578 5.134121 5.158105 5.181241 5.203259 5.224066 5.243601 5.261831 5.278749 -9999 -9999 -9999 -9999 -9999 -9999 -9999 -9999 -9999 -9999 -9999 -9999 -9999 -9999 -9999 -9999 -9999
4.336173 4.35359 4.370249 4.386242 4.401678 4.416666 4.431313 4.445718 4.459967 4.474132 4.488269 4.502424 4.516624 4.53089 4.545231 4.559652 4.574157 4.588744 4.603415 4.618184 4.633076 4.648134 4.663414 4.678985 4.694917 4.711286 4.728158 4.745598 4.763659 4.782381 4.801798 4.821931 4.842789 4.864371 4.886662 4.909631 4.933226 4.957367 4.981938 5.006786 5.031733 5.056592 5.081196 5.10542 5.1292 5.152551 5.17516 5.196739 5.217196 5.236466 5.25451 5.271314 5.286883 -9999 -9999 -9999 -9999 -9999 -9999 -9999 -9999 -9999 -9999 -9999 -9999 -9999 -9999 -9999 -9999
4.343818 4.361192 4.377743 4.39357 4.408788 4.423519 4.437879 4.451978 4.465914 4.479769 4.493612 4.507493 4.521451 4.535511 4.549686 4.563984 4.578408 4.592947 4.607606 4.622402 4.637358 4.652513 4.667919 4.683636 4.699729 4.716261 4.733289 4.75086 4.769015 4.787781 4.807177 4.82721 4.847878 4.86917 4.891062 4.913517 4.936479 4.95987 4.983587 5.007497 5.031453 5.055306 5.078928 5.102227 5.125175 5.147816 5.169814 5.190869 5.210889 5.229807 5.247582 5.264194 5.27964 -9999 -9999 -9999 -9999 -9999 -9999 -9999 -9999 -9999 -9999 -9999 -9999 -9999 -9999 -9999 -9999
4.352325 4.369552 4.385911 4.401504 4.416449 4.430875 4.444907 4.458665 4.472257 4.485775 4.499295 4.512879 4.526573 4.540406 4.554399 4.56856 4.58289 4.597377 4.612027 4.626859 4.641897 4.657176 4.67274 4.688645 4.704947 4.721694 4.738933 4.756697 4.775009 4.793883 4.813322 4.833319 4.853858 4.874916 4.896458 4.91844 4.940805 4.963476 4.986359 5.009345 5.032314 5.055153 5.077769 5.10011 5.12218 5.144054 5.165379 5.185843 5.205356 5.223853 5.241289 5.257641 5.272901 -9999 -9999 -9999 -9999 -9999 -9999 -9999 -9999 -9999 -9999 -9999 -9999 -9999 -9999 -9999 -9999
4.361645 4.378619 4.394701 4.40999 4.424607 4.438683 4.452351 4.465737 4.478957 4.492113 4.505289 4.518556 4.531966 4.545557 4.55935 4.57336 4.587587 4.602015 4.616657 4.631535 4.646673 4.6621 4.677858 4.693992 4.710546 4.727561 4.745064 4.763076 4.781604 4.800646 4.820188 4.840208 4.860675 4.881552 4.902795 4.92435 4.946158 4.968145 4.990229 5.012318 5.034322 5.056159 5.077772 5.099144 5.120316 5.141388 5.162 5.181826 5.200783 5.218807 5.235852 5.251892 -9999 -9999 -9999 -9999 -9999 -9999 -9999 -9999 -9999 -9999 -9999 -9999 -9999 -9999 -9999 -9999 -9999
4.37176 4.388378 4.404099 4.419016 4.433251 4.446936 4.460206 4.473193 4.486018 4.498792 4.511606 4.524539 4.537651 4.550982 4.564564 4.578409 4.592522 4.606886 4.62152 4.636449 4.651699 4.667297 4.683277 4.699674 4.716521 4.733844 4.751657 4.769965 4.788759 4.808019 4.827716 4.847811 4.868257 4.889003 4.909994 4.93117 4.952467 4.973816 4.995144 5.016381 5.037457 5.058324 5.078958 5.099375 5.11965 5.139915 5.159795 5.178961 5.197334 5.214853 5.231475 5.24717 -9999 -9999 -9999 -9999 -9999 -9999 -9999 -9999 -9999 -9999 -9999 -9999 -9999 -9999 -9999 -9999 -9999
4.382674 4.398843 4.414124 4.428608 4.442412 4.455667 4.468511 4.481076 4.493489 4.505866 4.518305 4.530892 4.543691 4.556752 4.570108 4.583778 4.597765 4.612058 4.62668 4.641664 4.657034 4.672816 4.689036 4.705718 4.722883 4.740542 4.758696 4.777333 4.796429 4.815946 4.835838 4.856049 4.876516 4.897176 4.917962 4.938806 4.959641 4.980404 5.001033 5.021472 5.041677 5.061626 5.081326 5.100826 5.120232 5.139703 5.158861 5.177368 5.195153 5.21216 5.228345 -9999 -9999 -9999 -9999 -9999 -9999 -9999 -9999 -9999 -9999 -9999 -9999 -9999 -9999 -9999 -9999 -9999 -9999
4.394376 4.410012 4.424783 4.438776 4.452103 4.464893 4.477281 4.489402 4.501385 4.51335 4.525402 4.537629 4.550106 4.562885 4.576007 4.589492 4.603348 4.617566 4.632181 4.647225 4.662726 4.678705 4.695182 4.71217 4.729677 4.747699 4.766222 4.785218 4.804646 4.824451 4.844571 4.864931 4.885454 4.906061 4.926674 4.947221 4.967632 4.987848 5.007817 5.027499 5.046872 5.065939 5.084737 5.103343 5.121894 5.140576 5.159005 5.176843 5.194025 5.2105 5.226229 -9999 -9999 -9999 -9999 -9999 -9999 -9999 -9999 -9999 -9999 -9999 -9999 -9999 -9999 -9999 -9999 -9999 -9999
4.406744 4.421772 4.435967 4.449414 4.462219 4.474506 4.486409 4.498061 4.509593 4.52113 4.532778 4.544636 4.55678 4.569272 4.582156 4.595457 4.609185 4.623339 4.637959 4.653082 4.668736 4.68494 4.701703 4.719028 4.736909 4.755329 4.774255 4.793644 4.813438 4.833564 4.85394 4.874476 4.895077 4.915651 4.93611 4.956373 4.976373 4.996052 5.01537 5.034303 5.052848 5.071033 5.088922 5.106621 5.124293 5.142151 5.159811 5.176933 5.193462 5.209353 -9999 -9999 -9999 -9999 -9999 -9999 -9999 -9999 -9999 -9999 -9999 -9999 -9999 -9999 -9999 -9999 -9999 -9999 -9999
4.419633 4.433993 4.447564 4.460423 4.472672 4.484429 4.495825 4.506992 4.518063 4.529161 4.540401 4.551884 4.563694 4.575898 4.588546 4.601667 4.615274 4.629373 4.644011 4.659229 4.675054 4.691498 4.708564 4.726243 4.744516 4.763349 4.782695 4.802494 4.822667 4.843127 4.863773 4.884497 4.905189 4.925741 4.946056 4.96605 4.985652 5.004813 5.023499 5.041704 5.059443 5.076766 5.093761 5.110562 5.127357 5.144383 5.161258 5.177643 5.193492 5.208767 -9999 -9999 -9999 -9999 -9999 -9999 -9999 -9999 -9999 -9999 -9999 -9999 -9999 -9999 -9999 -9999 -9999 -9999 -9999
4.43288 4.446532 4.459445 4.47169 4.483363 4.494577 4.505457 4.516136 4.526742 4.537404 4.548238 4.55935 4.57083 4.582752 4.59517 4.608119 4.621614 4.635668 4.650335 4.665658 4.681663 4.698355 4.71573 4.733766 4.752431 4.771676 4.791439 4.811641 4.832189 4.852978 4.873889 4.894799 4.91558 4.936114 4.956293 4.976027 4.99525 5.013915 5.032 5.04951 5.066479 5.082978 5.099115 5.115049 5.130991 5.147202 5.163299 5.178949 5.194114 5.208765 -9999 -9999 -9999 -9999 -9999 -9999 -9999 -9999 -9999 -9999 -9999 -9999 -9999 -9999 -9999 -9999 -9999 -9999 -9999
