ASPA-UH-SWB2_REPO/input/ET_Process/sep_et_clipped.asc
ncols         350
nrows         200
xllcorner     515000
yllcorner     8409000
cellsize      100
NODATA_value  -9999
[rows 62 to 92 of 200, columns 138 to 206 of 350]
-9999 -9999 -9999 -9999 -9999 -9999 -9999 -9999 -9999 -9999 -9999 -9999 3.990184 3.976472 3.963596 3.951732 3.941062 3.931756 3.923959 3.917764 3.913197 3.910194 3.908596 3.908149 3.908529 3.909371 3.910312 3.911021 3.911234 3.910758 3.909478 3.907328 3.904275 3.900296 3.895378 3.889529 3.882789 3.875246 3.867131 3.858753 3.850327 3.842039 3.834044 3.826465 3.819392 3.81289 3.806996 3.801732 3.797098 3.793081 3.789653 3.786774 3.784392 3.782442 3.780849 3.779534 3.778419 3.777435 3.77652 3.775632 3.774748 3.773869 3.773021 3.772256 3.771657 3.771338 3.771445 3.771823 3.772051
-9999 -9999 -9999 -9999 -9999 -9999 -9999 -9999 -9999 -9999 -9999 3.98643 3.972903 3.960135 3.948294 3.937559 3.92811 3.92012 3.913728 3.909026 3.906024 3.904632 3.904642 3.905737 3.90751 3.909512 3.911301 3.912488 3.91277 3.911945 3.909903 3.906612 3.902088 3.896374 3.889532 3.881647 3.872836 3.863261 3.853223 3.843103 3.833173 3.823659 3.814736 3.806525 3.7991 3.792502 3.786737 3.781796 3.777648 3.774252 3.771549 3.76947 3.767934 3.766849 3.766119 3.765644 3.765332 3.765103 3.764892 3.764652 3.764364 3.764029 3.763681 3.763381 3.76322 3.76332 3.763835 3.764615 3.765225
-9999 -9999 -9999 -9999 -9999 -9999 -9999 -9999 -9999 -9999 -9999 3.971262 3.95862 3.946806 3.935984 3.926331 3.918021 3.911222 3.906072 3.902657 3.900977 3.900919 3.90223 3.90452 3.907293 3.910008 3.912141 3.913248 3.912998 3.911197 3.907771 3.902748 3.896218 3.888309 3.879164 3.868948 3.857855 3.846122 3.834121 3.822301 3.810994 3.800458 3.790875 3.782352 3.774936 3.768622 3.763376 3.759144 3.755859 3.753441 3.751801 3.750834 3.750429 3.750467 3.750826 3.751391 3.752057 3.752735 3.753356 3.753878 3.754281 3.754576 3.754804 3.755036 3.755372 3.755944 3.756917 3.758142 3.75918
-9999 -9999 -9999 -9999 -9999 -9999 -9999 -9999 -9999 -9999 3.971702 3.959231 3.94749 3.936624 3.92679 3.918152 3.910873 3.905112 3.900997 3.89861 3.897946 3.898873 3.901095 3.904146 3.907432 3.910309 3.912173 3.912528 3.911037 3.907535 3.902017 3.894604 3.885493 3.874917 3.863112 3.850322 3.836811 3.822885 3.808985 3.795624 3.783187 3.771957 3.762109 3.753718 3.746779 3.74123 3.736976 3.733911 3.73192 3.730883 3.730672 3.73115 3.732171 3.73359 3.735265 3.737063 3.738869 3.740592 3.742163 3.743544 3.744724 3.745723 3.746593 3.747415 3.7483 3.749393 3.750866 3.752576 3.754085
-9999 -9999 -9999 -9999 -9999 -9999 -9999 -9999 3.986896 3.974153 3.961912 3.950305 3.939466 3.92953 3.920639 3.912937 3.906568 3.901669 3.898356 3.896701 3.896696 3.898198 3.900874 3.904177 3.907405 3.909806 3.910693 3.909535 3.906003 3.899994 3.891608 3.881099 3.86881 3.855104 3.840324 3.824787 3.808815 3.792771 3.777158 3.762547 3.749367 3.737907 3.728317 3.720619 3.714733 3.710517 3.707801 3.706414 3.706189 3.706961 3.708562 3.710819 3.713557 3.716605 3.719802 3.723004 3.726093 3.728976 3.731593 3.733912 3.735937 3.737698 3.739262 3.740721 3.7422 3.743853 3.745862 3.748093 3.750112
-9999 -9999 -9999 -9999 -9999 -9999 -9999 3.991031 3.97837 3.966422 3.955009 3.944264 3.934313 3.925274 3.917267 3.910411 3.904819 3.900601 3.897847 3.89661 3.896876 3.898498 3.901117 3.904102 3.90663 3.90784 3.906975 3.903477 3.89705 3.88768 3.87561 3.861275 3.845207 3.827936 3.809928 3.791566 3.773206 3.75525 3.73825 3.722828 3.709438 3.698355 3.689674 3.683336 3.679167 3.676922 3.67634 3.677175 3.679204 3.682217 3.686005 3.69036 3.695081 3.699975 3.704868 3.709613 3.714091 3.718219 3.721946 3.725258 3.728171 3.730735 3.733027 3.735158 3.737265 3.73951 3.742086 3.744868 3.747432
-9999 -9999 -9999 -9999 -9999 -9999 3.997322 3.984292 3.972394 3.961228 3.950627 3.940719 3.931618 3.923422 3.916224 3.91011 3.905156 3.901435 3.898999 3.89787 3.898011 3.899273 3.901282 3.903321 3.904446 3.903703 3.900274 3.893591 3.883405 3.869816 3.853249 3.834368 3.813944 3.792725 3.771319 3.750171 3.729638 3.710126 3.692228 3.676599 3.663691 3.653726 3.646714 3.642489 3.640759 3.641159 3.643322 3.646925 3.651689 3.657351 3.663666 3.670398 3.67732 3.684229 3.690943 3.69732 3.703251 3.708667 3.713536 3.717862 3.721682 3.725065 3.728106 3.730929 3.733685 3.736547 3.739714 3.743073 3.746214
-9999 -9999 -9999 -9999 -9999 4.005242 3.991973 3.979681 3.968517 3.958093 3.948258 3.939133 3.930815 3.923381 3.916888 3.911388 3.906916 3.903498 3.901142 3.899823 3.899464 3.899886 3.900698 3.901109 3.900086 3.89661 3.889823 3.879153 3.864402 3.8458 3.823986 3.799901 3.774616 3.749142 3.724271 3.700511 3.678181 3.657646 3.639524 3.624472 3.61289 3.604902 3.600398 3.59908 3.60052 3.60423 3.609729 3.616615 3.624543 3.633207 3.642326 3.651643 3.660917 3.669939 3.678536 3.686574 3.693967 3.700667 3.706667 3.711996 3.716713 3.72091 3.7247 3.728223 3.73164 3.735135 3.738912 3.74287 3.746616
-9999 -9999 -9999 -9999 4.014235 4.000836 3.988271 3.97668 3.96619 3.956436 3.947287 3.938854 3.931215 3.924418 3.91849 3.913438 3.909254 3.905917 3.90338 3.901567 3.900342 3.899462 3.898463 3.89653 3.892617 3.885679 3.874831 3.859494 3.839515 3.815256 3.787594 3.757792 3.727277 3.697375 3.669095 3.643035 3.619457 3.598637 3.581174 3.567658 3.558368 3.553288 3.552157 3.554525 3.559824 3.56744 3.576793 3.587392 3.598826 3.610746 3.622847 3.634859 3.646541 3.657691 3.668151 3.677813 3.686617 3.694547 3.701625 3.70791 3.713488 3.718471 3.722995 3.727211 3.731294 3.735432 3.739832 3.744408 3.748785
-9999 -9999 -9999 4.023762 4.010313 3.997573 3.985665 3.974708 3.964799 3.955608 3.947027 3.939155 3.932045 3.925715 3.920155 3.91533 3.911185 3.907645 3.904609 3.901936 3.89942 3.89673 3.893327 3.888401 3.880949 3.869944 3.8545 3.834026 3.808395 3.778086 3.744224 3.708443 3.672576 3.638305 3.606874 3.57898 3.554872 3.534729 3.518995 3.508079 3.502086 3.500833 3.503889 3.510643 3.520382 3.53238 3.545963 3.560559 3.575696 3.590987 3.606117 3.620815 3.634851 3.648042 3.660261 3.671434 3.681538 3.690593 3.698658 3.705821 3.712197 3.717922 3.723149 3.728045 3.732789 3.737575 3.74261 3.74782 3.752851
-9999 -9999 4.033322 4.019883 4.007041 3.994907 3.98358 3.973155 3.963705 3.954936 3.946766 3.939275 3.932493 3.926404 3.920957 3.916072 3.911645 3.907545 3.903611 3.899632 3.895324 3.890278 3.883911 3.875438 3.86393 3.848426 3.828069 3.802266 3.770885 3.734487 3.69445 3.652812 3.611857 3.573648 3.539672 3.510713 3.487007 3.468607 3.455687 3.448386 3.4466 3.449966 3.457875 3.469549 3.484133 3.500796 3.518785 3.537464 3.556316 3.57493 3.592983 3.610219 3.626434 3.64148 3.655269 3.667772 3.679008 3.68904 3.697962 3.705898 3.712991 3.7194 3.725291 3.730844 3.736242 3.741679 3.74736 3.753219 3.758926
-9999 4.042458 4.029072 4.01619 4.0039 3.992294 3.981446 3.971424 3.962276 3.953753 3.945798 3.938469 3.931766 3.925637 3.919987 3.91469 3.909592 3.904503 3.899203 3.89341 3.886771 3.878823 3.86897 3.85648 3.840525 3.820257 3.794899 3.763879 3.727039 3.684963 3.639262 3.592403 3.547139 3.505922 3.470463 3.441584 3.41942 3.403818 3.394657 3.39179 3.394895 3.403433 3.416612 3.433481 3.453057 3.474416 3.496747 3.519371 3.541744 3.563446 3.58416 3.603652 3.621758 3.638378 3.653474 3.667067 3.679222 3.690045 3.699673 3.70826 3.715977 3.723001 3.729514 3.7357 3.741744 3.747837 3.754172 3.760695 3.767099
4.050768 4.037474 4.024594 4.012212 4.000399 3.989219 3.978724 3.968953 3.959932 3.951458 3.943489 3.936064 3.929149 3.922652 3.916432 3.910316 3.904099 3.897543 3.890365 3.882231 3.872732 3.861374 3.847576 3.830688 3.810013 3.784864 3.754611 3.718764 3.677155 3.630322 3.580065 3.52926 3.481065 3.438279 3.402806 3.375419 3.356038 3.34423 3.339592 3.341712 3.350088 3.364028 3.382562 3.404572 3.428968 3.454766 3.481115 3.507315 3.532814 3.557194 3.580157 3.601505 3.621122 3.638963 3.655046 3.669445 3.682276 3.693688 3.703856 3.712965 3.721209 3.728782 3.735876 3.742675 3.74936 3.756113 3.763114 3.770317 3.777436
4.044738 4.031899 4.019475 4.007524 3.996097 3.985229 3.974944 3.965257 3.956169 3.947527 3.939296 3.931492 3.924042 3.916812 3.909619 3.902243 3.894435 3.885912 3.876351 3.865373 3.852538 3.837344 3.819244 3.797691 3.772157 3.742166 3.707295 3.667219 3.621851 3.571708 3.518701 3.465932 3.416777 3.374287 3.340527 3.31612 3.300688 3.293517 3.29395 3.301342 3.315039 3.334253 3.35784 3.384567 3.413286 3.442981 3.472785 3.501989 3.530044 3.556548 3.581234 3.603947 3.624628 3.643289 3.660008 3.674912 3.688165 3.69996 3.710505 3.720012 3.728696 3.736762 3.744403 3.751801 3.759129 3.766551 3.774233 3.782129 3.789979
4.037821 4.025389 4.013352 4.00175 3.990606 3.979931 3.96971 3.959934 3.950584 3.941542 3.932791 3.924312 3.915995 3.907658 3.899076 3.88999 3.880116 3.869143 3.856722 3.84246 3.825908 3.806579 3.783981 3.757681 3.727354 3.692779 3.653798 3.610327 3.56247 3.510925 3.457577 3.405394 3.357705 3.317624 3.28731 3.267174 3.256582 3.254612 3.260406 3.273113 3.291904 3.315877 3.343837 3.374536 3.406811 3.439641 3.472155 3.503643 3.533565 3.561545 3.587355 3.610894 3.63216 3.651227 3.66823 3.683345 3.696784 3.708773 3.719551 3.729353 3.738408 3.746924 3.755094 3.763091 3.771069 3.779176 3.787553 3.796158 3.804749
4.029733 4.017642 4.005923 3.99458 3.983614 3.973003 3.962707 3.952683 3.942884 3.93323 3.923711 3.914272 3.904761 3.894952 3.884578 3.873351 3.860967 3.847106 3.831422 3.813531 3.793007 3.76941 3.742313 3.711416 3.676625 3.638038 3.595829 3.550211 3.501558 3.450749 3.399566 3.350635 3.306974 3.271447 3.246014 3.231022 3.22577 3.229218 3.240345 3.25811 3.281487 3.309465 3.340913 3.374653 3.409572 3.444661 3.479052 3.512034 3.543083 3.571856 3.598176 3.622001 3.643389 3.662473 3.67944 3.694512 3.707934 3.719967 3.73087 3.740897 3.75028 3.75923 3.76793 3.776536 3.785183 3.793993 3.803082 3.812405 3.821742
4.020238 4.008417 3.996928 3.985759 3.974876 3.964222 3.953726 3.943308 3.932903 3.922452 3.911941 3.901284 3.890281 3.878667 3.86614 3.852395 3.837121 3.820017 3.800762 3.779018 3.754424 3.726611 3.695249 3.660179 3.621573 3.5799 3.535718 3.489565 3.442055 3.394143 3.347395 3.304002 3.266486 3.237229 3.21779 3.208521 3.20881 3.217585 3.233708 3.255967 3.28319 3.314326 3.348339 3.38418 3.420818 3.457288 3.492726 3.526428 3.557885 3.586802 3.61306 3.636684 3.657791 3.67657 3.693249 3.708086 3.721355 3.733337 3.744308 3.754528 3.764234 3.773628 3.782879 3.792122 3.801464 3.810999 3.820812 3.830858 3.840934
4.009149 3.997522 3.986189 3.97511 3.964222 3.953429 3.942627 3.931707 3.920576 3.909185 3.897508 3.88542 3.87268 3.858985 3.84402 3.827468 3.809036 3.788446 3.76544 3.739758 3.711141 3.679342 3.644174 3.605633 3.564175 3.520666 3.476037 3.43112 3.386672 3.343576 3.303085 3.266887 3.236923 3.21499 3.202273 3.199074 3.204876 3.218662 3.239223 3.265233 3.295448 3.328859 3.364556 3.401628 3.43915 3.476204 3.511946 3.545673 3.576907 3.605408 3.631131 3.654169 3.6747 3.692952 3.709189 3.72369 3.736748 3.748655 3.759694 3.770128 3.780189 3.790068 3.799913 3.809831 3.8199 3.830179 3.840725 3.851485 3.862279
3.996339 3.984829 3.973574 3.962508 3.951534 3.940526 3.929344 3.917846 3.905911 3.893494 3.880533 3.86687 3.852228 3.836281 3.818697 3.79917 3.777434 3.753271 3.7265 3.696969 3.664557 3.629179 3.590845 3.549786 3.506735 3.462858 3.419405 3.377434 3.337735 3.300973 3.268003 3.239974 3.218239 3.204069 3.198311 3.201167 3.212209 3.230491 3.254796 3.283727 3.316063 3.35091 3.387498 3.425046 3.462736 3.49971 3.53514 3.56833 3.598837 3.626503 3.651365 3.673579 3.693374 3.711009 3.726766 3.740937 3.753817 3.765702 3.776873 3.787591 3.798078 3.808511 3.819009 3.82965 3.840477 3.851514 3.862787 3.87424 3.885711
3.981722 3.970249 3.958996 3.94787 3.936746 3.925467 3.913855 3.901736 3.888959 3.875482 3.861203 3.84591 3.829305 3.811048 3.790804 3.768289 3.743282 3.715645 3.685292 3.652215 3.616457 3.578135 3.537504 3.495083 3.451828 3.409101 3.368359 3.330821 3.297174 3.267759 3.24297 3.223444 3.210007 3.203477 3.204406 3.212919 3.228624 3.250676 3.277906 3.308927 3.34259 3.378141 3.414941 3.452332 3.489599 3.525955 3.560595 3.592831 3.622275 3.648863 3.672714 3.694038 3.713093 3.730159 3.745523 3.759475 3.772305 3.784297 3.795725 3.806843 3.817862 3.828937 3.84016 3.851572 3.863179 3.874974 3.886953 3.899056 3.911141
3.965254 3.953738 3.94241 3.931162 3.919837 3.908248 3.896179 3.883436 3.869842 3.855323 3.83975 3.822871 3.804365 3.783887 3.761099 3.735754 3.707695 3.676873 3.643346 3.607261 3.568856 3.528478 3.486652 3.444157 3.402122 3.361983 3.325277 3.293277 3.266474 3.244825 3.228287 3.217037 3.21145 3.211971 3.218929 3.232359 3.251914 3.276852 3.306093 3.338391 3.372709 3.40838 3.444854 3.481575 3.517923 3.553205 3.586682 3.617695 3.645927 3.671391 3.694263 3.714789 3.733247 3.749921 3.765092 3.779037 3.792024 3.80432 3.816184 3.827854 3.839532 3.851351 3.86337 3.875592 3.887986 3.900517 3.913155 3.925842 3.938456
3.946927 3.93528 3.923812 3.912387 3.900824 3.888904 3.876392 3.86305 3.848685 3.833205 3.816447 3.79813 3.777903 3.755417 3.730363 3.702526 3.671825 3.638327 3.602238 3.563887 3.523734 3.482366 3.440551 3.399286 3.359816 3.323566 3.291986 3.266192 3.246455 3.232439 3.223731 3.220098 3.221535 3.228199 3.240244 3.257656 3.280131 3.30704 3.337449 3.370288 3.404651 3.439929 3.475624 3.511259 3.546298 3.580148 3.612173 3.641833 3.66886 3.693302 3.715362 3.735311 3.753422 3.769977 3.78524 3.79946 3.812876 3.825724 3.838237 3.850637 3.863111 3.875773 3.888646 3.901694 3.914858 3.928076 3.941301 3.95448 3.96751
3.926763 3.914911 3.903234 3.891581 3.879751 3.867505 3.854572 3.840693 3.825658 3.809359 3.791595 3.772063 3.750411 3.726283 3.699389 3.669559 3.636797 3.601293 3.563424 3.523706 3.482803 3.441545 3.400902 3.362036 3.326244 3.294871 3.269138 3.249828 3.237001 3.230132 3.228516 3.231575 3.238997 3.250726 3.266818 3.287232 3.311723 3.339786 3.370633 3.403366 3.437238 3.471662 3.506194 3.540417 3.573876 3.606076 3.636513 3.664777 3.690675 3.714263 3.735739 3.755371 3.773435 3.790198 3.805881 3.820698 3.834846 3.84852 3.861917 3.875231 3.888634 3.902219 3.915975 3.929835 3.943715 3.957542 3.971257 3.984812 3.998128
3.904829 3.892689 3.880733 3.868814 3.856705 3.844143 3.83084 3.81652 3.800951 3.784013 3.765491 3.745063 3.722369 3.697066 3.668882 3.637692 3.60359 3.5669 3.528146 3.488027 3.447397 3.407271 3.368806 3.333256 3.301908 3.275952 3.256309 3.243429 3.237145 3.236767 3.241367 3.250088 3.26239 3.278099 3.297218 3.31973 3.345452 3.373992 3.404702 3.436827 3.469747 3.502961 3.536044 3.56864 3.600363 3.630826 3.659655 3.686564 3.711436 3.734332 3.755448 3.775038 3.793362 3.810642 3.827072 3.842804 3.857981 3.872747 3.887255 3.901661 3.916106 3.930659 3.945286 3.959906 3.974424 3.988755 4.002839 4.016639 4.030095
3.881229 3.868719 3.856434 3.844208 3.83181 3.818965 3.80536 3.790708 3.77478 3.757439 3.738453 3.717494 3.694208 3.668265 3.639431 3.607625 3.573009 3.536031 3.497346 3.457804 3.418413 3.380332 3.344831 3.313218 3.286714 3.266308 3.252625 3.245812 3.245484 3.250804 3.260678 3.274036 3.290174 3.30888 3.330165 3.354038 3.380372 3.408878 3.439021 3.470178 3.501842 3.533589 3.565054 3.59591 3.625864 3.654618 3.681903 3.707551 3.731509 3.753867 3.774818 3.794605 3.813444 3.831526 3.848978 3.865891 3.882351 3.89843 3.914231 3.929863 3.945424 3.960952 3.97641 3.991714 4.006767 4.021485 4.03581 4.049715 4.063163
3.856125 3.843199 3.830544 3.818001 3.805335 3.79225 3.778442 3.763612 3.747523 3.730035 3.710906 3.689806 3.666397 3.640381 3.611551 3.579879 3.545597 3.509244 3.471584 3.433563 3.396295 3.361028 3.32909 3.301794 3.280267 3.265281 3.257169 3.255812 3.260645 3.270714 3.284832 3.30181 3.320847 3.341731 3.364479 3.389114 3.415571 3.443649 3.472917 3.502865 3.533091 3.563244 3.593022 3.622172 3.650434 3.677608 3.703521 3.728076 3.751288 3.77328 3.794252 3.814432 3.834019 3.853137 3.871834 3.890137 3.908046 3.925583 3.942784 3.959706 3.9764 3.992881 4.009109 4.025007 4.040487 4.05547 4.069903 4.083777 4.097076
3.829571 3.816176 3.80313 3.790268 3.777365 3.764132 3.750253 3.735426 3.719416 3.702079 3.683175 3.662377 3.639365 3.613863 3.585714 3.554949 3.521865 3.48705 3.451323 3.415694 3.381328 3.349503 3.321544 3.298726 3.282071 3.27213 3.26898 3.272288 3.281341 3.295116 3.312407 3.332041 3.353216 3.375657 3.399347 3.424322 3.450562 3.477949 3.506154 3.534765 3.56348 3.592025 3.620164 3.647688 3.674426 3.700216 3.724968 3.74865 3.771321 3.793126 3.81429 3.835036 3.855531 3.875843 3.89594 3.915744 3.935189 3.954224 3.972829 3.991021 4.008798 4.026158 4.043062 4.059443 4.075225 4.090341 4.10475 4.118457 4.131471
3.80163 3.787719 3.774246 3.761081 3.747999 3.734718 3.720922 3.706309 3.690656 3.673816 3.655542 3.635529 3.613465 3.589107 3.562341 3.533258 3.502197 3.469765 3.436802 3.404335 3.373533 3.345653 3.321962 3.303641 3.291584 3.286152 3.287232 3.294341 3.306674 3.323185 3.342714 3.364181 3.386827 3.410303 3.434534 3.459543 3.485346 3.51189 3.538934 3.566173 3.593385 3.620377 3.646976 3.673034 3.698429 3.72306 3.746884 3.76992 3.792253 3.814056 3.835552 3.85698 3.878482 3.900055 3.921581 3.942894 3.963846 3.984313 4.004235 4.023571 4.04231 4.06042 4.077865 4.094592 4.110538 4.125649 4.1399 4.153314 4.165918
3.772442 3.757951 3.744037 3.730585 3.717386 3.704171 3.690631 3.676476 3.661477 3.645494 3.628292 3.609562 3.589014 3.566435 3.541751 3.515084 3.486795 3.457493 3.428009 3.39935 3.372648 3.349094 3.32986 3.315979 3.308171 3.306671 3.311261 3.32137 3.336159 3.354605 3.37563 3.398263 3.421794 3.445834 3.470252 3.495048 3.52025 3.545856 3.571706 3.59758 3.623344 3.648875 3.674067 3.698828 3.723083 3.746787 3.769914 3.792519 3.814714 3.836672 3.858621 3.880788 3.903309 3.926107 3.948974 3.971672 3.993977 4.015718 4.036767 4.057062 4.07656 4.095239 4.113053 4.129964 4.145925 4.160894 4.174864 4.187871 4.199968
3.742188 3.727071 3.712698 3.698979 3.685731 3.67271 3.659617 3.646164 3.632132 3.617391 3.601699 3.584754 3.566288 3.546104 3.524148 3.500557 3.475694 3.450152 3.424729 3.400384 3.378178 3.359204 3.344501 3.334933 3.331053 3.332998 3.340498 3.352958 3.369551 3.389314 3.411267 3.434537 3.458469 3.482668 3.506962 3.531325 3.55579 3.580385 3.605024 3.629566 3.653948 3.678122 3.702044 3.725675 3.748985 3.771955 3.794603 3.816972 3.839192 3.861435 3.883915 3.906834 3.93029 3.954156 3.978163 4.002014 4.025427 4.048176 4.070101 4.091098 4.111119 4.130131 4.148117 4.165033 4.180853 4.19555 4.209131 4.221646 4.233164
3.71111 3.695321 3.680477 3.666522 3.653315 3.640619 3.62816 3.615662 3.602918 3.589792 3.57604 3.561373 3.545522 3.528295 3.509642 3.489696 3.468802 3.447523 3.426604 3.406936 3.389488 3.37523 3.365051 3.359648 3.359432 3.364458 3.374429 3.388765 3.406686 3.427312 3.449764 3.473268 3.497224 3.52125 3.545155 3.568897 3.592505 3.616024 3.639437 3.662678 3.685748 3.708661 3.731437 3.754085 3.77661 3.799015 3.821327 3.843601 3.865954 3.888549 3.911569 3.935174 3.959399 3.984089 4.008955 4.033656 4.057864 4.081307 4.103793 4.125205 4.145477 4.164588 4.182521 4.199266 4.214795 4.229102 4.242208 4.254176 4.265075
