ASPA-UH-SWB2_REPO/input/ET_Process/sep_et_clipped.asc
ncols         350
nrows         200
xllcorner     515000
yllcorner     8409000
cellsize      100
NODATA_value  -9999
[rows 93 to 123 of 200, columns 69 to 137 of 350]
4.55602 4.545951 4.536113 4.52644 4.51688 4.5074 4.497978 4.488602 4.479269 4.469984 4.460755 4.451596 4.442523 4.433551 4.424693 4.415957 4.407347 4.398855 4.390466 4.382165 4.374012 4.366039 4.358251 4.35064 4.343188 4.335869 4.32865 4.321493 4.314351 4.307172 4.299896 4.292453 4.284765 4.276745 4.268301 4.259332 4.249733 4.239399 4.228221 4.216098 4.202931 4.188632 4.173132 4.156388 4.1384 4.119232 4.099057 4.078155 4.056889 4.035614 4.014676 3.994396 3.975023 3.956705 3.939463 3.923166 3.907551 3.892282 3.87701 3.861418 3.845258 3.82837 3.810699 3.792292 3.773302 3.753975 3.734613 3.715534 3.697067
4.537363 4.527549 4.517954 4.508503 4.499141 4.489829 4.48054 4.471261 4.461985 4.452712 4.44345 4.434212 4.425012 4.415862 4.406776 4.397764 4.388828 4.379962 4.371154 4.362392 4.353749 4.345249 4.336893 4.328671 4.320566 4.312555 4.304612 4.296706 4.2888 4.280849 4.2728 4.264592 4.25615 4.247397 4.238244 4.228597 4.218362 4.20744 4.195736 4.183162 4.169637 4.155096 4.139494 4.122816 4.105089 4.086404 4.06693 4.046917 4.026675 4.006501 3.98669 3.967515 3.949188 3.931832 3.91545 3.899883 3.884826 3.869907 3.854755 3.839046 3.822529 3.805055 3.786588 3.767205 3.747108 3.726584 3.705983 3.685707 3.666139
4.519023 4.509427 4.500043 4.490787 4.481596 4.472427 4.46325 4.454045 4.444802 4.43552 4.426203 4.416862 4.407509 4.39816 4.388825 4.379515 4.370234 4.360979 4.35174 4.342512 4.333372 4.324341 4.315414 4.306579 4.297818 4.289113 4.280444 4.271787 4.263113 4.254385 4.245558 4.236574 4.227368 4.217864 4.207982 4.197635 4.186735 4.175195 4.162935 4.149882 4.135976 4.121179 4.105475 4.088884 4.071464 4.053324 4.034633 4.015608 3.996507 3.977566 3.959023 3.941096 3.923948 3.907662 3.892213 3.877411 3.862912 3.848323 3.833258 3.817382 3.80045 3.782324 3.762989 3.742558 3.721269 3.699463 3.677559 3.656026 3.635317
4.501046 4.491632 4.482426 4.473336 4.464293 4.455246 4.446159 4.437007 4.427776 4.418461 4.409066 4.399599 4.390071 4.380497 4.370891 4.361262 4.351618 4.341959 4.332279 4.322581 4.312943 4.303381 4.293887 4.284444 4.275036 4.265648 4.256266 4.246872 4.237448 4.227961 4.218372 4.20863 4.198674 4.188434 4.177834 4.166795 4.155238 4.143087 4.130276 4.116751 4.102477 4.087442 4.071666 4.0552 4.038136 4.020604 4.002764 3.984807 3.966933 3.94932 3.932147 3.91557 3.899695 3.884554 3.870071 3.85602 3.842045 3.827736 3.812697 3.796591 3.779177 3.760332 3.74006 3.718517 3.695978 3.672835 3.649584 3.626765 3.604912
4.483494 4.474226 4.465166 4.456216 4.447297 4.43835 4.429331 4.420211 4.41097 4.401602 4.392106 4.382488 4.372762 4.362941 4.35304 4.343071 4.333045 4.322967 4.312838 4.302666 4.292532 4.282445 4.272394 4.262358 4.252322 4.242274 4.232206 4.222109 4.21197 4.201763 4.191453 4.180995 4.170331 4.159397 4.148121 4.136433 4.124259 4.111539 4.098219 4.084266 4.069669 4.054445 4.038644 4.022354 4.005699 3.988824 3.971889 3.955049 3.93845 3.922215 3.906456 3.89127 3.876702 3.86272 3.849193 3.83586 3.822354 3.80826 3.79318 3.776776 3.758814 3.739186 3.717923 3.695219 3.671387 3.64689 3.622288 3.598201 3.575257
4.466438 4.457285 4.448342 4.439504 4.430684 4.421813 4.412841 4.40373 4.394459 4.385014 4.375394 4.365604 4.355656 4.345564 4.335346 4.325016 4.31459 4.30408 4.293493 4.282848 4.272221 4.261618 4.251023 4.240417 4.229782 4.219109 4.208398 4.197648 4.186848 4.17598 4.165013 4.153905 4.142602 4.131043 4.119164 4.106896 4.094181 4.080965 4.067211 4.052906 4.038059 4.022717 4.006958 3.990904 3.974703 3.958524 3.942518 3.92681 3.911488 3.89662 3.882259 3.868437 3.855138 3.842271 3.829648 3.816975 3.803876 3.789933 3.774746 3.757981 3.739411 3.718942 3.69665 3.672756 3.647633 3.621801 3.595891 3.570622 3.546691
4.449949 4.440886 4.432034 4.423282 4.414535 4.405717 4.396769 4.387647 4.378322 4.36878 4.359014 4.349029 4.338836 4.328452 4.317894 4.307185 4.296343 4.285388 4.274337 4.263218 4.252102 4.240994 4.229875 4.218725 4.207528 4.196278 4.184981 4.173641 4.162253 4.150802 4.139261 4.127589 4.115738 4.10365 4.091262 4.078516 4.065359 4.051748 4.037663 4.023106 4.00811 3.992741 3.977107 3.96135 3.945647 3.93018 3.9151 3.900493 3.886398 3.872825 3.859776 3.847228 3.835102 3.823251 3.811442 3.799351 3.786587 3.772729 3.757377 3.740198 3.720975 3.699638 3.676295 3.651212 3.62483 3.59773 3.570626 3.544319 3.51958
4.434094 4.425099 4.416316 4.407628 4.398932 4.390145 4.381199 4.372044 4.362646 4.352985 4.343053 4.332852 4.322393 4.311695 4.30078 4.289672 4.2784 4.26699 4.255471 4.243881 4.232285 4.220683 4.209061 4.197399 4.185684 4.173914 4.162099 4.150246 4.138355 4.126414 4.114397 4.102268 4.089978 4.077473 4.064695 4.051591 4.038114 4.024232 4.009938 3.99525 3.980217 3.964929 3.94951 3.934122 3.918955 3.904199 3.890004 3.876421 3.863443 3.851037 3.839161 3.827736 3.816634 3.80566 3.794542 3.78293 3.770421 3.756583 3.741017 3.723392 3.703496 3.68129 3.656902 3.630669 3.6031 3.574857 3.546743 3.519622 3.494331
4.418929 4.409988 4.401258 4.392616 4.383953 4.375177 4.366214 4.357008 4.347517 4.337719 4.327602 4.317166 4.306424 4.295394 4.284104 4.272584 4.26087 4.248999 4.237011 4.224956 4.212889 4.200812 4.188711 4.176572 4.164388 4.152162 4.139904 4.127625 4.115325 4.102996 4.090614 4.078144 4.065539 4.052746 4.039711 4.026382 4.012722 3.998706 3.984337 3.969646 3.954699 3.9396 3.924489 3.909539 3.894941 3.880882 3.867494 3.85481 3.842795 3.831385 3.820493 3.81 3.799736 3.789468 3.77889 3.767636 3.755285 3.741406 3.725593 3.707514 3.686963 3.663916 3.638545 3.611249 3.582625 3.55344 3.524563 3.496922 3.471407
4.4045 4.395607 4.38692 4.378313 4.369669 4.36089 4.351895 4.342621 4.333023 4.323071 4.312753 4.302068 4.291027 4.279652 4.267975 4.256033 4.243871 4.231535 4.219082 4.206572 4.194051 4.181519 4.16897 4.156395 4.143796 4.131179 4.118556 4.105938 4.093329 4.08072 4.06809 4.055404 4.042615 4.029672 4.016519 4.003111 3.98941 3.9754 3.961092 3.946527 3.931784 3.916976 3.902252 3.887789 3.873771 3.860368 3.847691 3.835762 3.824537 3.813921 3.8038 3.794023 3.784385 3.774628 3.76442 3.753382 3.741091 3.727109 3.711028 3.692513 3.67136 3.647554 3.621319 3.593124 3.563661 3.533789 3.504462 3.476664 3.451315
4.390843 4.381999 4.373356 4.364778 4.356145 4.347353 4.338315 4.328963 4.319245 4.309129 4.298599 4.287652 4.276303 4.264575 4.252504 4.240135 4.227523 4.214727 4.201818 4.188868 4.175913 4.162954 4.149992 4.137027 4.124067 4.111124 4.098212 4.085344 4.072526 4.059748 4.046989 4.034214 4.021376 4.008421 3.995296 3.981951 3.968352 3.954487 3.940371 3.926052 3.911615 3.897182 3.882902 3.868948 3.855491 3.842681 3.830608 3.819292 3.808675 3.798648 3.789077 3.779787 3.770555 3.761096 3.751077 3.740108 3.727766 3.713619 3.69726 3.67835 3.656689 3.632266 3.605346 3.576481 3.546467 3.516252 3.486871 3.459342 3.434622
4.377985 4.369204 4.360609 4.352063 4.343441 4.334632 4.325546 4.316109 4.306264 4.295977 4.285228 4.274015 4.262352 4.250268 4.237802 4.225008 4.211951 4.198705 4.185354 4.171986 4.158623 4.145269 4.131933 4.118625 4.105359 4.092155 4.079029 4.065998 4.053067 4.040227 4.027458 4.014719 4.001965 3.989136 3.976176 3.963034 3.949674 3.936083 3.922277 3.908309 3.894266 3.880269 3.866466 3.853018 3.840082 3.827787 3.81621 3.805361 3.795179 3.785543 3.776306 3.767282 3.758231 3.748867 3.73885 3.727795 3.715288 3.70091 3.684264 3.665023 3.64298 3.618127 3.59077 3.561544 3.531352 3.501226 3.472255 3.445505 3.421937
4.365953 4.357252 4.348719 4.340214 4.331607 4.322785 4.313651 4.304127 4.294155 4.283695 4.272726 4.261247 4.249273 4.236836 4.223981 4.210772 4.197282 4.1836 4.169828 4.156069 4.142328 4.128615 4.114946 4.101343 4.087827 4.074424 4.061158 4.048046 4.035094 4.022296 4.009627 3.997046 3.9845 3.971927 3.959264 3.946454 3.933457 3.920256 3.906865 3.893335 3.879752 3.866235 3.852921 3.839962 3.827496 3.815634 3.804443 3.793925 3.784018 3.774591 3.765492 3.756525 3.747452 3.737987 3.727795 3.716505 3.703721 3.689044 3.672106 3.652598 3.630319 3.605271 3.577786 3.548596 3.518688 3.48917 3.461171 3.435774 3.413939
4.354771 4.346176 4.337724 4.329274 4.320693 4.311864 4.302688 4.293083 4.282986 4.272357 4.261174 4.249435 4.237159 4.224379 4.211149 4.197539 4.183636 4.169543 4.155378 4.141258 4.127174 4.113141 4.099184 4.085332 4.07162 4.05808 4.044741 4.031624 4.01874 4.006078 3.993613 3.981299 3.969077 3.956878 3.944631 3.93227 3.919746 3.907035 3.894145 3.881125 3.868055 3.855045 3.842223 3.829726 3.817675 3.80617 3.795263 3.784952 3.77518 3.765808 3.756672 3.747587 3.738318 3.728585 3.718068 3.706413 3.693256 3.678227 3.660989 3.641271 3.618912 3.593937 3.566712 3.538048 3.50899 3.48068 3.454271 3.43085 3.411361
4.344467 4.336006 4.327659 4.319282 4.310741 4.301919 4.292711 4.283033 4.272821 4.262033 4.250647 4.238662 4.226097 4.212993 4.199408 4.185422 4.171133 4.156658 4.142133 4.127689 4.113303 4.09899 4.084789 4.070739 4.056883 4.043263 4.029914 4.016865 4.004125 3.991685 3.979517 3.96757 3.955775 3.944053 3.932324 3.920511 3.908553 3.896416 3.884101 3.871648 3.85913 3.846647 3.834314 3.822252 3.810571 3.799354 3.788645 3.778442 3.768694 3.759245 3.749943 3.740605 3.731006 3.720881 3.709931 3.697834 3.684248 3.668846 3.651334 3.631495 3.609221 3.584615 3.558117 3.530545 3.502952 3.476499 3.452335 3.431527 3.415004
4.335075 4.326777 4.318558 4.310275 4.301793 4.292992 4.283766 4.27403 4.263719 4.252788 4.241215 4.229002 4.216172 4.202767 4.188856 4.174526 4.159886 4.145067 4.130222 4.115496 4.100849 4.086303 4.071904 4.057703 4.043754 4.030107 4.016808 4.003888 3.991362 3.979221 3.967431 3.955935 3.944655 3.933499 3.922374 3.911189 3.899873 3.888378 3.876696 3.864856 3.852924 3.840984 3.82914 3.817496 3.806149 3.795169 3.784596 3.774429 3.764619 3.755013 3.745456 3.735778 3.725771 3.71519 3.703768 3.691206 3.677207 3.661485 3.643803 3.624007 3.602074 3.578202 3.552901 3.526977 3.501474 3.477523 3.456244 3.438668 3.42568
4.326634 4.318524 4.310457 4.302289 4.293884 4.285122 4.275897 4.266121 4.255728 4.244675 4.232941 4.220526 4.207459 4.193788 4.179586 4.16495 4.150002 4.134883 4.119765 4.104803 4.089942 4.075209 4.06066 4.046357 4.032363 4.01874 4.005542 3.992807 3.980555 3.968777 3.957435 3.946462 3.935768 3.925249 3.914795 3.904303 3.893686 3.882887 3.871885 3.860699 3.84938 3.838002 3.82665 3.815419 3.804388 3.793619 3.783147 3.772976 3.763063 3.753257 3.743409 3.733363 3.722933 3.711906 3.70004 3.687079 3.672769 3.656879 3.639232 3.619751 3.598505 3.575784 3.552146 3.528408 3.505577 3.484738 3.466939 3.453149 3.444191
4.319185 4.311285 4.30339 4.295355 4.287047 4.278343 4.269138 4.259344 4.248894 4.237745 4.225877 4.213295 4.200027 4.186129 4.17168 4.156786 4.141578 4.126212 4.110871 4.095723 4.080698 4.065829 4.051179 4.036823 4.022832 4.00928 3.996229 3.983729 3.971801 3.960439 3.949599 3.939205 3.929154 3.919326 3.909596 3.899845 3.889972 3.87991 3.869624 3.859123 3.848445 3.837648 3.826806 3.815994 3.805281 3.794722 3.78435 3.774168 3.764154 3.754155 3.744033 3.73365 3.722855 3.711459 3.699262 3.686055 3.671629 3.655817 3.638512 3.619712 3.599567 3.57845 3.556954 3.535905 3.51628 3.499093 3.485301 3.475767 3.471226
4.312768 4.305094 4.297386 4.289501 4.281307 4.272681 4.263518 4.253729 4.243249 4.232035 4.220068 4.207355 4.19393 4.179852 4.165207 4.150109 4.134698 4.119143 4.103635 4.088355 4.07322 4.058267 4.04357 4.029209 4.015269 4.001832 3.988972 3.976747 3.965185 3.95428 3.943985 3.934211 3.924843 3.915743 3.906773 3.897796 3.888699 3.879402 3.869861 3.860072 3.850061 3.839871 3.829563 3.819194 3.808825 3.798501 3.788256 3.778101 3.768027 3.75789 3.747562 3.736941 3.725895 3.714281 3.701942 3.688715 3.674456 3.659056 3.642476 3.624786 3.606206 3.587161 3.568279 3.550388 3.534434 3.521361 3.512007 3.507095 3.507233
4.307423 4.299981 4.292469 4.284747 4.276682 4.268153 4.259053 4.249295 4.238815 4.22757 4.215542 4.202743 4.189209 4.175003 4.16022 4.144978 4.129426 4.113742 4.09813 4.082775 4.067587 4.052607 4.037915 4.023603 4.009763 3.996487 3.983858 3.971942 3.960779 3.950362 3.940639 3.931511 3.922847 3.914496 3.906304 3.89812 3.889819 3.881306 3.87253 3.863479 3.854163 3.844613 3.834872 3.824987 3.815007 3.804973 3.794914 3.784856 3.774804 3.764626 3.754217 3.743498 3.732378 3.720755 3.70852 3.695569 3.681816 3.667216 3.651791 3.635673 3.619134 3.602632 3.586811 3.572488 3.560582 3.551968 3.547349 3.547284 3.55223
4.303172 4.295962 4.288652 4.281101 4.273178 4.264761 4.255746 4.246046 4.235597 4.224357 4.212311 4.199473 4.185882 4.171607 4.156747 4.141426 4.1258 4.110054 4.094401 4.079032 4.063851 4.048902 4.034274 4.020066 4.006378 3.993308 3.980949 3.969377 3.958637 3.948729 3.939593 3.931118 3.92316 3.915557 3.908143 3.900757 3.893258 3.88554 3.877548 3.869256 3.860664 3.851792 3.842664 3.833317 3.823793 3.81412 3.804338 3.79448 3.784566 3.774483 3.764154 3.753526 3.742551 3.731168 3.719327 3.706981 3.694103 3.680708 3.666875 3.652781 3.638736 3.625211 3.612844 3.60242 3.594814 3.590827 3.591031 3.595831 3.605528
4.300025 4.293041 4.285932 4.278556 4.270784 4.262495 4.253585 4.243969 4.233582 4.222386 4.210366 4.197539 4.183947 4.169663 4.15479 4.139458 4.123827 4.108089 4.092462 4.07714 4.062027 4.04717 4.032667 4.018621 4.005139 3.992326 3.98028 3.969083 3.958787 3.949397 3.940846 3.933013 3.925745 3.918871 3.912217 3.905614 3.898912 3.891995 3.8848 3.877291 3.869456 3.861301 3.852839 3.844095 3.835101 3.825888 3.816496 3.806965 3.797332 3.787515 3.777455 3.767136 3.756547 3.745681 3.734538 3.72313 3.711491 3.699686 3.687842 3.67617 3.664997 3.65479 3.64616 3.63984 3.63662 3.637195 3.642041 3.651442 3.665542
4.297952 4.291181 4.284265 4.277065 4.26945 4.261302 4.252516 4.243009 4.232718 4.221604 4.209656 4.196891 4.183355 4.169125 4.154305 4.13903 4.123464 4.107802 4.092267 4.077056 4.062073 4.04737 4.033052 4.019229 4.006013 3.993513 3.981829 3.971046 3.961219 3.952353 3.944377 3.937164 3.930557 3.92438 3.918456 3.91261 3.906687 3.900567 3.894172 3.887455 3.880397 3.872985 3.865226 3.857139 3.848743 3.840075 3.831177 3.822096 3.812895 3.80351 3.793914 3.784125 3.774173 3.764098 3.753955 3.74381 3.73375 3.723888 3.714381 3.705457 3.697444 3.690778 3.686023 3.683831 3.684879 3.689744 3.698816 3.712281 3.730141
4.296909 4.290329 4.283595 4.276567 4.269115 4.261122 4.252483 4.243115 4.232956 4.221971 4.210146 4.197502 4.184085 4.169974 4.155277 4.140131 4.124702 4.109188 4.093813 4.078778 4.063988 4.049504 4.035437 4.021903 4.009019 3.996898 3.98564 3.975326 3.966008 3.957684 3.950282 3.943679 3.937715 3.932213 3.926992 3.921877 3.91671 3.911365 3.905752 3.899812 3.893513 3.886835 3.879776 3.872349 3.864574 3.856489 3.848144 3.839597 3.830928 3.822106 3.81314 3.804078 3.794993 3.785972 3.777118 3.768548 3.760396 3.752811 3.745961 3.740069 3.735431 3.73243 3.731551 3.733343 3.738358 3.747059 3.759746 3.776517 3.797263
4.296907 4.290496 4.28393 4.277071 4.26979 4.261966 4.253498 4.244303 4.234319 4.223511 4.211867 4.199406 4.186177 4.172259 4.157761 4.142819 4.127603 4.11231 4.097167 4.082375 4.067843 4.053644 4.039895 4.026719 4.014235 4.002557 3.991784 3.981991 3.973218 3.965456 3.958636 3.952636 3.947301 3.942454 3.937915 3.933507 3.929072 3.924478 3.919626 3.914445 3.908892 3.90294 3.896583 3.88983 3.882703 3.875247 3.867515 3.859591 3.851557 3.84343 3.835249 3.827099 3.81909 3.811349 3.804022 3.797273 3.79127 3.786184 3.782179 3.779441 3.77821 3.778789 3.781562 3.786966 3.795432 3.807313 3.822831 3.842009 3.864668
4.297919 4.291653 4.285242 4.278549 4.271441 4.263803 4.255529 4.24654 4.236772 4.22619 4.214783 4.20257 4.189598 4.175946 4.161721 4.147062 4.132135 4.117139 4.102298 4.087812 4.073604 4.059755 4.046391 4.033637 4.021616 4.010439 4.0002 3.990967 3.98277 3.975591 3.969361 3.963962 3.959245 3.955036 3.951157 3.947433 3.943706 3.939838 3.935723 3.931281 3.926461 3.92123 3.91558 3.909515 3.903067 3.896286 3.889236 3.88201 3.874709 3.867393 3.860137 3.853057 3.846292 3.840007 3.834381 3.82961 3.82589 3.823399 3.822278 3.822652 3.824679 3.828566 3.834585 3.843058 3.854304 3.868587 3.886064 3.906716 3.930341
4.299884 4.29374 4.28747 4.280935 4.274005 4.266562 4.258504 4.249748 4.240233 4.229922 4.218805 4.206898 4.194249 4.180932 4.167054 4.15275 4.138187 4.123559 4.109086 4.094968 4.081147 4.06771 4.054791 4.042519 4.031014 4.020386 4.010721 4.002079 3.994478 3.987897 3.982264 3.977465 3.973356 3.969769 3.966528 3.963464 3.960415 3.957244 3.953838 3.950113 3.946009 3.941491 3.936549 3.93119 3.925447 3.919379 3.913069 3.906611 3.900123 3.893713 3.88749 3.881596 3.876198 3.871485 3.867659 3.864937 3.863526 3.863602 3.865266 3.868559 3.873546 3.880328 3.889061 3.899957 3.913239 3.929104 3.947668 3.968911 3.992659
4.302723 4.296676 4.290529 4.284144 4.27739 4.270149 4.262319 4.253819 4.244586 4.234584 4.223801 4.212252 4.199981 4.187061 4.173595 4.159716 4.145583 4.131388 4.117346 4.103655 4.090276 4.07731 4.06489 4.053149 4.042206 4.032164 4.023103 4.015072 4.008082 4.002106 3.99707 3.992865 3.98935 3.986364 3.983737 3.981301 3.978899 3.976393 3.973665 3.970629 3.967221 3.963404 3.959166 3.954518 3.949502 3.94418 3.938645 3.933004 3.927386 3.921947 3.916827 3.91219 3.908224 3.905136 3.903141 3.90246 3.903292 3.905797 3.910018 3.915915 3.923457 3.932632 3.943487 3.956129 3.970704 3.987364 4.006219 4.027283 4.05046
4.306341 4.300366 4.294324 4.288075 4.281489 4.27445 4.266856 4.258625 4.249696 4.24003 4.229615 4.218463 4.206618 4.194147 4.181149 4.167751 4.154109 4.140405 4.126849 4.113635 4.10075 4.088304 4.076432 4.065266 4.05492 4.045491 4.037052 4.029643 4.023268 4.017893 4.013447 4.00982 4.006879 4.004467 4.002421 4.000579 3.998786 3.996904 3.994817 3.992438 3.989698 3.986564 3.983019 3.979081 3.974797 3.970236 3.965499 3.960702 3.955981 3.951541 3.947551 3.944189 3.941661 3.940184 3.939978 3.941254 3.944187 3.948888 3.955347 3.963453 3.973085 3.984123 3.996509 4.010254 4.025448 4.042221 4.060708 4.080988 4.103077
4.310637 4.30471 4.298751 4.292621 4.286192 4.279348 4.271988 4.264031 4.255415 4.246102 4.236078 4.225353 4.213967 4.201984 4.189497 4.176628 4.163524 4.150361 4.137339 4.124646 4.1123 4.100417 4.089133 4.078574 4.068851 4.060053 4.052245 4.045457 4.03969 4.034904 4.031026 4.027954 4.025555 4.023681 4.022176 4.020884 4.019654 4.018352 4.016863 4.0151 4.012995 4.010514 4.007642 4.004402 4.00084 3.997039 3.993099 3.989146 3.985322 3.981872 3.97899 3.976868 3.975722 3.975773 3.977238 3.980305 3.985113 3.991715 4.000049 4.009944 4.021198 4.033594 4.046974 4.061271 4.076532 4.092896 4.110546 4.129656 4.150355
4.315516 4.30961 4.30371 4.297678 4.291387 4.284724 4.277589 4.269902 4.2616 4.252646 4.243023 4.232741 4.221836 4.210367 4.198423 4.186117 4.173589 4.161005 4.148553 4.136418 4.124649 4.113365 4.102698 4.092772 4.083688 4.075528 4.068347 4.06217 4.05699 4.052767 4.049428 4.046872 4.044973 4.043592 4.042579 4.041784 4.041064 4.040288 4.039346 4.038151 4.036639 4.034774 4.032544 4.029974 4.027113 4.024049 4.020885 4.017748 4.014789 4.012282 4.010443 4.009474 4.009595 4.011027 4.013973 4.018596 4.024992 4.033162 4.042993 4.054265 4.066705 4.080017 4.093951 4.108379 4.123325 4.138961 4.155539 4.173337 4.192615
