ASPA-UH-SWB2_REPO/input/ET_Process/sep_et_clipped.asc
ncols         350
nrows         200
xllcorner     515000
yllcorner     8409000
cellsize      100
NODATA_value  -9999
[rows 31 to 61 of 200, columns 276 to 344 of 350]
-9999 -9999 -9999 -9999 -9999 -9999 -9999 -9999 -9999 -9999 -9999 -9999 -9999 -9999 -9999 -9999 -9999 -9999 -9999 -9999 -9999 -9999 -9999 -9999 -9999 -9999 -9999 -9999 -9999 -9999 -9999 -9999 -9999 -9999 -9999 -9999 -9999 -9999 -9999 -9999 -9999 -9999 -9999 -9999 -9999 -9999 -9999 -9999 -9999 -9999 -9999 -9999 -9999 -9999 -9999 -9999 -9999 -9999 -9999 -9999 -9999 -9999 -9999 -9999 -9999 -9999 -9999 -9999 -9999
-9999 -9999 -9999 -9999 -9999 -9999 -9999 -9999 -9999 -9999 -9999 -9999 -9999 -9999 -9999 -9999 -9999 -9999 -9999 -9999 -9999 -9999 -9999 -9999 -9999 -9999 -9999 -9999 -9999 -9999 -9999 -9999 -9999 -9999 -9999 -9999 -9999 -9999 -9999 -9999 -9999 -9999 -9999 -9999 -9999 5.08318 5.095646 -9999 -9999 -9999 -9999 -9999 -9999 -9999 -9999 -9999 -9999 -9999 -9999 -9999 -9999 -9999 -9999 -9999 -9999 -9999 -9999 -9999 -9999
-9999 -9999 -9999 -9999 -9999 -9999 -9999 -9999 -9999 -9999 -9999 -9999 -9999 -9999 -9999 -9999 -9999 -9999 -9999 -9999 -9999 -9999 -9999 -9999 -9999 -9999 -9999 -9999 -9999 -9999 -9999 -9999 -9999 -9999 -9999 -9999 -9999 -9999 -9999 -9999 -9999 -9999 -9999 5.058321 5.078509 5.095754 5.109731 5.120101 -9999 -9999 -9999 -9999 -9999 -9999 -9999 -9999 -9999 -9999 -9999 -9999 -9999 -9999 -9999 -9999 -9999 -9999 -9999 -9999 -9999
-9999 -9999 -9999 -9999 -9999 -9999 -9999 -9999 -9999 -9999 -9999 -9999 -9999 -9999 -9999 -9999 -9999 -9999 -9999 -9999 -9999 -9999 -9999 -9999 -9999 -9999 -9999 -9999 -9999 4.647218 4.669064 4.693194 4.719604 -9999 -9999 -9999 -9999 4.879112 4.913712 4.94783 -9999 5.011778 5.040283 5.06579 5.088047 5.107082 5.122612 5.134337 5.142264 5.146505 -9999 -9999 -9999 -9999 -9999 -9999 -9999 -9999 -9999 -9999 -9999 -9999 -9999 -9999 -9999 -9999 -9999 -9999 -9999
-9999 -9999 -9999 -9999 -9999 -9999 -9999 -9999 -9999 -9999 -9999 -9999 -9999 -9999 -9999 -9999 -9999 -9999 -9999 -9999 -9999 -9999 -9999 -9999 -9999 -9999 -9999 -9999 4.61702 4.636293 4.657896 4.68193 4.708424 4.737324 4.768478 4.801622 4.836373 4.87223 4.908573 4.944692 4.979812 5.013154 5.043995 5.071757 5.096087 5.116931 5.134037 5.147141 5.156256 5.161507 5.163107 -9999 -9999 -9999 -9999 -9999 -9999 -9999 -9999 -9999 -9999 -9999 -9999 -9999 -9999 -9999 -9999 -9999 -9999
-9999 -9999 -9999 -9999 -9999 -9999 -9999 -9999 -9999 -9999 -9999 -9999 -9999 -9999 -9999 -9999 -9999 -9999 -9999 -9999 -9999 -9999 -9999 -9999 -9999 -9999 -9999 4.590361 4.606956 4.62578 4.64702 4.670813 4.697227 4.726246 4.757759 4.791537 4.827225 4.864333 4.902239 4.940201 4.977391 5.01295 5.046059 5.076031 5.102409 5.125051 5.143731 5.158219 5.168539 5.174829 5.177316 -9999 -9999 -9999 -9999 -9999 -9999 -9999 -9999 -9999 -9999 -9999 -9999 -9999 -9999 -9999 -9999 -9999 -9999
-9999 -9999 -9999 -9999 -9999 -9999 -9999 -9999 -9999 -9999 -9999 -9999 -9999 -9999 -9999 -9999 -9999 -9999 -9999 -9999 -9999 -9999 -9999 -9999 -9999 -9999 4.567492 4.581506 4.597534 4.615823 4.636591 4.660007 4.686175 4.715124 4.746784 4.78097 4.81736 4.855489 4.894736 4.93434 4.973427 5.011061 5.046326 5.078424 5.106789 5.13119 5.151416 5.167274 5.178799 5.186147 5.189559 5.189336 -9999 -9999 -9999 -9999 -9999 -9999 -9999 -9999 -9999 -9999 -9999 -9999 -9999 -9999 -9999 -9999 -9999
-9999 -9999 -9999 -9999 -9999 -9999 -9999 -9999 -9999 -9999 -9999 -9999 -9999 -9999 -9999 -9999 -9999 -9999 -9999 -9999 -9999 -9999 4.520577 4.528912 -9999 4.548365 4.560067 4.573482 4.588898 4.606585 4.626783 4.649694 4.67546 4.70415 4.735741 4.770093 4.80693 4.845815 4.886144 4.927144 4.967902 5.007416 5.044675 5.078769 5.109019 5.135102 5.156821 5.174016 5.18674 5.195161 5.199531 5.200156 -9999 -9999 -9999 -9999 -9999 -9999 -9999 -9999 -9999 -9999 -9999 -9999 -9999 -9999 -9999 -9999 -9999
-9999 -9999 -9999 -9999 -9999 -9999 -9999 -9999 -9999 -9999 -9999 -9999 -9999 -9999 -9999 -9999 -9999 -9999 -9999 -9999 -9999 4.508595 4.516035 4.523976 4.53269 4.542467 4.553608 4.566418 4.581197 4.598232 4.617785 4.640084 4.665304 4.693556 4.724863 4.759135 4.796144 4.835497 4.87661 4.918713 4.960863 5.002 5.041029 5.076935 5.108921 5.136576 5.159708 5.178196 5.192105 5.201614 5.206978 5.208502 -9999 -9999 -9999 -9999 -9999 -9999 -9999 -9999 -9999 -9999 -9999 -9999 -9999 -9999 -9999 -9999 -9999
-9999 -9999 -9999 -9999 -9999 -9999 -9999 -9999 -9999 -9999 -9999 -9999 -9999 -9999 -9999 -9999 -9999 -9999 -9999 -9999 4.49826 4.505227 4.512391 4.519994 4.528304 4.537612 4.548222 4.560443 4.574584 4.590943 4.609799 4.631402 4.655958 4.683613 4.714435 4.748384 4.785288 4.8248 4.866372 4.909243 4.952451 4.994889 5.035393 5.072855 5.106377 5.135456 5.159906 5.179637 5.194719 5.20533 5.211723 -9999 -9999 -9999 -9999 -9999 -9999 -9999 -9999 -9999 -9999 -9999 -9999 -9999 -9999 -9999 -9999 -9999 -9999
-9999 -9999 -9999 -9999 -9999 -9999 -9999 -9999 -9999 -9999 -9999 -9999 -9999 -9999 -9999 -9999 -9999 -9999 -9999 4.489032 4.495916 4.502735 4.50969 4.517019 4.524987 4.533883 4.54401 4.55568 4.569205 4.584893 4.603033 4.62389 4.647696 4.674625 4.704787 4.738191 4.774719 4.814082 4.855773 4.899049 4.942936 4.98629 5.027895 5.06658 5.101372 5.131697 5.157365 5.178287 5.194524 5.206246 5.213696 -9999 -9999 -9999 -9999 -9999 -9999 -9999 -9999 -9999 -9999 -9999 -9999 -9999 -9999 -9999 -9999 -9999 -9999
-9999 -9999 -9999 -9999 -9999 -9999 -9999 -9999 -9999 -9999 -9999 -9999 -9999 -9999 -9999 -9999 -9999 -9999 4.480418 4.487546 4.494403 4.501144 4.507964 4.515093 4.522792 4.531348 4.541059 4.552238 4.565199 4.580249 4.597688 4.617789 4.6408 4.66692 4.696288 4.72896 4.76487 4.80379 4.845264 4.888575 4.93274 4.976587 5.018863 5.058366 5.0941 5.125467 5.152228 5.174263 5.191613 5.20443 5.212942 -9999 -9999 -9999 -9999 -9999 -9999 -9999 -9999 -9999 -9999 -9999 -9999 -9999 -9999 -9999 -9999 -9999 -9999
4.242177 4.260025 4.277773 4.295298 4.312478 -9999 -9999 -9999 -9999 -9999 -9999 -9999 -9999 -9999 -9999 -9999 -9999 4.471998 4.479616 4.486827 4.493728 4.500466 4.50723 4.514242 4.521759 4.53006 4.539442 4.550211 4.562682 4.577162 4.59395 4.613328 4.635548 4.660826 4.689324 4.72113 4.756227 4.794447 4.835396 4.878385 4.922426 4.966331 5.008836 5.04874 5.085062 5.117197 5.144855 5.167867 5.186235 5.200087 5.20963 -9999 -9999 -9999 -9999 -9999 -9999 -9999 -9999 -9999 -9999 -9999 -9999 -9999 -9999 -9999 -9999 -9999 -9999
4.240954 4.258848 4.276598 4.294093 4.31122 4.327878 4.34397 4.359411 4.374128 -9999 -9999 -9999 -9999 -9999 -9999 -9999 4.463455 4.471716 4.479507 4.486866 4.493885 4.5007 4.507492 4.514478 4.521907 4.530051 4.539203 4.549664 4.561744 4.575747 4.591972 4.610699 4.632183 4.656646 4.684263 4.715141 4.749298 4.786619 4.826775 4.869112 4.912642 4.956179 4.998475 5.038364 5.074897 5.107474 5.135762 5.159539 5.178768 5.193539 5.204034 -9999 -9999 -9999 -9999 -9999 -9999 -9999 -9999 -9999 -9999 -9999 -9999 -9999 -9999 -9999 -9999 -9999 -9999
4.241171 4.258979 4.276601 4.293941 4.3109 4.327392 4.343332 4.358649 4.373279 4.387174 4.400299 4.41264 -9999 -9999 4.445105 4.454584 4.463548 4.472048 4.480069 4.487644 4.494853 4.501827 4.508737 4.515792 4.523234 4.531329 4.540362 4.550631 4.562437 4.576082 4.591859 4.610044 4.63089 4.65462 4.681408 4.711371 4.744545 4.780845 4.819995 4.861379 4.904024 4.946777 4.98844 5.0279 5.064252 5.096912 5.125513 5.149789 5.169663 5.185187 -9999 -9999 -9999 -9999 -9999 -9999 -9999 -9999 -9999 -9999 -9999 -9999 -9999 -9999 -9999 -9999 -9999 -9999 -9999
4.242933 4.260512 4.277866 4.294915 4.31158 4.327787 4.34347 4.358569 4.373033 4.386822 4.399908 4.412277 4.423932 4.434895 4.445207 4.454937 4.464176 4.472961 4.48127 4.489126 4.4966 4.503814 4.510931 4.518154 4.525715 4.533874 4.542908 4.553108 4.564771 4.578191 4.593654 4.611432 4.63177 4.654884 4.680945 4.710067 4.742286 4.777523 4.81551 4.855664 4.897076 4.938659 4.979289 5.017921 5.053705 5.086082 5.114659 5.139137 5.159402 5.175468 5.187448 -9999 -9999 -9999 -9999 -9999 -9999 -9999 -9999 -9999 -9999 -9999 -9999 -9999 -9999 -9999 -9999 -9999 -9999
4.246322 4.263517 4.280453 4.297067 4.3133 4.329097 4.344408 4.359188 4.373399 4.387012 4.400003 4.412364 4.424095 4.435211 4.445745 4.45575 4.465298 4.474414 4.483064 4.491263 4.499074 4.50661 4.514025 4.521514 4.529301 4.537638 4.546795 4.557056 4.56871 4.582044 4.597336 4.61485 4.634822 4.657455 4.682909 4.711284 4.7426 4.776757 4.81347 4.852185 4.892082 4.932172 4.971421 5.008868 5.043726 5.075468 5.103689 5.128064 5.148451 5.164828 5.177274 -9999 -9999 -9999 -9999 -9999 -9999 -9999 -9999 -9999 -9999 -9999 -9999 -9999 -9999 -9999 -9999 -9999 -9999
4.251377 4.268028 4.284389 4.300419 4.316079 4.331334 4.346153 4.360507 4.374373 4.387732 4.40057 4.412878 4.424657 4.435916 4.446676 4.456974 4.466863 4.47635 4.485392 4.493994 4.502212 4.510149 4.51795 4.525801 4.533919 4.542547 4.551947 4.562395 4.574171 4.587554 4.602816 4.620205 4.639947 4.66223 4.687189 4.714901 4.745354 4.778415 4.813779 4.850925 4.889117 4.927474 4.965069 5.001035 5.034657 5.065451 5.093009 5.116992 5.137234 5.153687 5.166395 -9999 -9999 -9999 -9999 -9999 -9999 -9999 -9999 -9999 -9999 -9999 -9999 -9999 -9999 -9999 -9999 -9999 -9999
4.258086 4.274033 4.289661 4.304956 4.319902 4.334485 4.348691 4.362512 4.375938 4.388962 4.401579 4.413785 4.425579 4.436964 4.44795 4.458554 4.468809 4.478702 4.488182 4.497244 4.505935 4.514348 4.522619 4.530927 4.539476 4.548503 4.558259 4.569011 4.581031 4.594589 4.609943 4.627332 4.646963 4.669002 4.693559 4.720672 4.750291 4.782247 4.81622 4.851722 4.888094 4.924564 4.960315 4.994579 5.02672 5.056307 5.082941 5.106273 5.126125 5.142426 5.155195 -9999 -9999 -9999 -9999 -9999 -9999 -9999 -9999 -9999 -9999 -9999 -9999 -9999 -9999 -9999 -9999 -9999 -9999
4.266375 4.281459 4.296206 4.310625 4.324722 4.338507 4.351986 4.365168 4.37806 4.390668 4.402996 4.415046 4.426816 4.438304 4.449508 4.460426 4.471066 4.481396 4.491355 4.500928 4.510152 4.519112 4.527934 4.536785 4.545861 4.555386 4.565601 4.576764 4.589135 4.602973 4.618525 4.636012 4.655624 4.6775 4.701719 4.728279 4.757086 4.787937 4.820505 4.854331 4.888834 4.923337 4.957131 4.989549 5.020036 5.048221 5.073719 5.096185 5.115435 5.131383 5.144025 -9999 -9999 -9999 -9999 -9999 -9999 -9999 -9999 -9999 -9999 -9999 -9999 -9999 -9999 -9999 -9999 -9999 -9999
4.276091 4.290176 4.30391 4.317327 4.330458 4.343333 4.35598 4.368427 4.380696 4.392809 4.40478 4.416617 4.42832 4.439882 4.451288 4.46252 4.473557 4.48435 4.494823 4.504953 4.514766 4.524337 4.533783 4.543259 4.552948 4.56306 4.573827 4.585491 4.598302 4.612505 4.628333 4.645991 4.665646 4.687412 4.711332 4.737367 4.765381 4.795138 4.826308 4.858467 4.891099 4.923618 4.955415 4.985915 5.014647 5.041297 5.065508 5.086942 5.105419 5.120842 5.133193 5.142517 -9999 -9999 -9999 -9999 -9999 -9999 -9999 -9999 -9999 -9999 -9999 -9999 -9999 -9999 -9999 -9999 -9999
4.287008 4.299988 4.312607 4.324925 4.336996 4.348871 4.3606 4.372228 4.383797 4.395342 4.40689 4.418457 4.430046 4.441646 4.453232 4.464768 4.476209 4.487479 4.498496 4.509221 4.519672 4.529915 4.540053 4.550227 4.560605 4.571383 4.582778 4.595017 4.608337 4.62297 4.639128 4.657001 4.676733 4.698412 4.722049 4.747571 4.774806 4.80349 4.833292 4.863824 4.89463 4.925204 4.955023 4.983599 5.010537 5.035583 5.058412 5.078701 5.096276 5.111039 5.122961 5.132073 5.138453 -9999 -9999 -9999 -9999 -9999 -9999 -9999 -9999 -9999 -9999 -9999 -9999 -9999 -9999 -9999 -9999
4.298841 4.310654 4.322097 4.333253 4.344201 4.355012 4.365758 4.376503 4.387308 4.398223 4.409288 4.420529 4.431954 4.443552 4.455287 4.46711 4.478947 4.490705 4.502285 4.513638 4.524772 4.535739 4.546629 4.557565 4.568699 4.580208 4.592292 4.605165 4.619044 4.634145 4.650667 4.668776 4.688595 4.710186 4.733536 4.758542 4.785005 4.812644 4.841129 4.870107 4.899172 4.927884 4.955793 4.982492 5.007653 5.031083 5.052487 5.071565 5.088154 5.10216 5.113547 5.122338 5.128596 -9999 -9999 -9999 -9999 -9999 -9999 -9999 -9999 -9999 -9999 -9999 -9999 -9999 -9999 -9999 -9999
4.311268 4.321903 4.332154 4.342128 4.351925 4.361641 4.371367 4.381188 4.391181 4.401417 4.411949 4.422813 4.434026 4.445575 4.457422 4.4695 4.481717 4.493959 4.506113 4.518119 4.529974 4.541713 4.553408 4.565159 4.577101 4.589391 4.602211 4.615755 4.630225 4.645819 4.662716 4.681063 4.700962 4.722451 4.745495 4.76997 4.795665 4.822293 4.849536 4.877059 4.904495 4.931458 4.957566 4.982474 5.005921 5.027766 5.047749 5.065595 5.081156 5.094343 5.105121 5.113507 5.119555 -9999 -9999 -9999 -9999 -9999 -9999 -9999 -9999 -9999 -9999 -9999 -9999 -9999 -9999 -9999 -9999
4.323967 4.333462 4.342551 4.351363 4.360022 4.368643 4.377341 4.38622 4.395378 4.404901 4.414861 4.425305 4.436259 4.447715 4.459629 4.471925 4.484492 4.4972 4.50993 4.522609 4.535214 4.54776 4.560297 4.572903 4.58569 4.598794 4.612379 4.626618 4.641695 4.657788 4.675058 4.693633 4.713595 4.734963 4.757682 4.781618 4.806555 4.832218 4.858297 4.884472 4.910405 4.935753 4.960187 4.983421 5.005248 5.025575 5.044179 5.060809 5.075334 5.087676 5.097801 5.105725 -9999 -9999 -9999 -9999 -9999 -9999 -9999 -9999 -9999 -9999 -9999 -9999 -9999 -9999 -9999 -9999 -9999
4.33664 4.345079 4.353077 4.360786 4.368353 4.375915 4.383606 4.391552 4.399871 4.408669 4.418031 4.428024 4.43868 4.449999 4.461937 4.47441 4.487289 4.500437 4.513733 4.527088 4.540456 4.553827 4.567225 4.580705 4.594355 4.608291 4.622651 4.63759 4.653275 4.669862 4.687494 4.706281 4.726287 4.747516 4.769902 4.793303 4.81751 4.842258 4.867252 4.892185 4.916741 4.940612 4.963511 4.985201 5.005523 5.024426 5.04172 5.05718 5.070694 5.082193 5.09165 5.099078 -9999 -9999 -9999 -9999 -9999 -9999 -9999 -9999 -9999 -9999 -9999 -9999 -9999 -9999 -9999 -9999 -9999
4.349044 4.356543 4.363555 4.370254 4.376806 4.383372 4.390106 4.397154 4.404655 4.412731 4.421489 4.43101 4.441339 4.452484 4.464405 4.477013 4.490168 4.503726 4.517561 4.531574 4.545693 4.559881 4.574136 4.588487 4.602997 4.617758 4.632887 4.648519 4.664797 4.681862 4.699838 4.718819 4.738853 4.759934 4.781987 4.804871 4.828385 4.852276 4.876266 4.900058 4.923359 4.945888 4.967392 4.987675 5.006617 5.024204 5.040278 5.054637 5.067187 5.07787 5.086667 -9999 -9999 -9999 -9999 -9999 -9999 -9999 -9999 -9999 -9999 -9999 -9999 -9999 -9999 -9999 -9999 -9999 -9999
4.361051 4.367746 4.373895 4.379693 4.385326 4.390975 4.396814 4.403012 4.409726 4.417099 4.425256 4.434294 4.444276 4.45522 4.467093 4.479803 4.493202 4.50714 4.52149 4.536137 4.550987 4.565977 4.581075 4.596285 4.611643 4.627217 4.643099 4.659403 4.676252 4.693769 4.712059 4.731203 4.751236 4.772145 4.793852 4.816222 4.839061 4.862132 4.88517 4.907897 4.930039 4.951336 4.971569 4.99057 5.008254 5.024639 5.039594 5.052939 5.064599 5.074527 5.08271 -9999 -9999 -9999 -9999 -9999 -9999 -9999 -9999 -9999 -9999 -9999 -9999 -9999 -9999 -9999 -9999 -9999 -9999
4.37255 4.378587 4.384008 4.389026 4.393845 4.398667 4.403687 4.409094 4.415064 4.421763 4.429334 4.437893 4.447522 4.458252 4.47006 4.482855 4.496482 4.510784 4.525632 4.540897 4.556464 4.572243 4.588174 4.604233 4.620426 4.636796 4.653409 4.670358 4.687744 4.705669 4.724226 4.743482 4.763464 4.784153 4.805477 4.827305 4.849459 4.871715 4.893828 4.915538 4.93659 4.956748 4.975815 4.993654 5.010206 5.02551 5.039464 5.05191 5.062788 5.072063 -9999 -9999 -9999 -9999 -9999 -9999 -9999 -9999 -9999 -9999 -9999 -9999 -9999 -9999 -9999 -9999 -9999 -9999 -9999
4.383357 4.388885 4.393723 4.398098 4.402231 4.406343 4.410646 4.415349 4.42065 4.426733 4.433761 4.44187 4.45116 4.46168 4.473418 4.486286 4.500122 4.514764 4.530082 4.545932 4.56218 4.57871 4.595437 4.612305 4.629295 4.64642 4.663724 4.681273 4.699147 4.717432 4.736206 4.755524 4.77541 4.795844 4.816759 4.838036 4.859509 4.880976 4.902207 4.922964 4.94301 4.962133 4.980157 4.996967 5.012524 5.026886 5.039972 5.051649 5.061869 5.070608 -9999 -9999 -9999 -9999 -9999 -9999 -9999 -9999 -9999 -9999 -9999 -9999 -9999 -9999 -9999 -9999 -9999 -9999 -9999
4.393358 4.39852 4.402921 4.406797 4.410385 4.413918 4.417629 4.421742 4.426473 4.432024 4.438577 4.446289 4.455275 4.465603 4.477274 4.490207 4.50423 4.519182 4.534928 4.551313 4.568186 4.585408 4.602867 4.620483 4.638209 4.656032 4.673967 4.692057 4.710363 4.728953 4.747891 4.767226 4.786979 4.807133 4.827628 4.848357 4.86917 4.889884 4.910291 4.930169 4.949306 4.967506 4.984614 5.000533 5.015239 5.028802 5.041162 5.052206 5.061897 5.070223 -9999 -9999 -9999 -9999 -9999 -9999 -9999 -9999 -9999 -9999 -9999 -9999 -9999 -9999 -9999 -9999 -9999 -9999 -9999
