ASPA-UH-SWB2_REPO/input/ET_Process/sep_et_clipped.asc
ncols         350
nrows         200
xllcorner     515000
yllcorner     8409000
cellsize      100
NODATA_value  -9999
[rows 93 to 123 of 200, columns 138 to 206 of 350]
3.679486 3.662989 3.647675 3.633536 3.620454 3.608226 3.596596 3.585314 3.574164 3.563011 3.551617 3.539683 3.526929 3.513155 3.498292 3.482452 3.46595 3.449301 3.433192 3.418433 3.405887 3.396394 3.390689 3.389318 3.392567 3.400421 3.412569 3.428462 3.447386 3.468553 3.491191 3.514619 3.538306 3.561896 3.585199 3.60816 3.630803 3.653196 3.675375 3.69735 3.719171 3.740912 3.762643 3.784423 3.806278 3.828223 3.85028 3.872512 3.895008 3.917916 3.94138 3.9655 3.990267 4.015507 4.040915 4.066132 4.090793 4.114592 4.137311 4.158828 4.179087 4.198061 4.21575 4.232148 4.247262 4.261084 4.273659 4.285047 4.295318
3.647619 3.630401 3.614645 3.60038 3.587528 3.575917 3.56533 3.555506 3.546245 3.53741 3.528754 3.519958 3.510722 3.500816 3.490136 3.478755 3.466941 3.455158 3.444031 3.43429 3.426695 3.421953 3.420656 3.423208 3.429783 3.440304 3.454449 3.471701 3.491415 3.512899 3.535486 3.558598 3.58178 3.60472 3.627243 3.649291 3.67089 3.692124 3.713087 3.733839 3.754481 3.775128 3.7959 3.816886 3.838137 3.859657 3.881461 3.903597 3.926146 3.949212 3.972915 3.997303 4.022327 4.047804 4.073428 4.098816 4.123588 4.147405 4.170043 4.191381 4.211376 4.230014 4.247293 4.263223 4.27782 4.2911 -9999 -9999 -9999
3.615842 3.597926 3.581771 3.567463 3.554966 3.544146 3.534792 3.52667 3.51958 3.513378 3.507796 3.502494 3.49713 3.491428 3.48523 3.478549 3.471598 3.464788 3.45869 3.453964 3.451279 3.451228 3.45426 3.460648 3.470465 3.483566 3.499611 3.518108 3.538476 3.560113 3.582464 3.605058 3.627529 3.64963 3.671217 3.692246 3.712751 3.732827 3.752612 3.772217 3.791761 3.811394 3.83127 3.851509 3.872161 3.893224 3.914687 3.936584 3.958987 3.981974 4.00563 4.029972 4.054923 4.080293 4.105781 4.131002 4.155555 4.179081 4.201355 4.222273 4.241804 4.259944 4.2767 4.292077 4.306103 4.318817 -9999 -9999 -9999
3.584512 3.565947 3.549481 3.535246 3.52325 3.51339 3.505475 3.499289 3.49463 3.49134 3.489131 3.487623 3.486425 3.485189 3.483681 3.481838 3.479807 3.477949 3.476799 3.476976 3.479084 3.483613 3.490884 3.501043 3.514053 3.529702 3.547614 3.567301 3.58823 3.60989 3.631838 3.653725 3.675296 3.696383 3.716897 3.736819 3.7562 3.775144 3.793818 3.812365 3.830916 3.849626 3.868663 3.888166 3.908179 3.928673 3.949635 3.971079 3.993069 4.015673 4.03894 4.062878 4.087394 4.112295 4.137284 4.161993 4.186009 4.20897 4.230651 4.250971 4.269901 4.287441 4.303598 4.318391 4.331834 -9999 -9999 -9999 -9999
3.554005 3.534893 3.518242 3.504228 3.492906 3.484188 3.477919 3.473891 3.471899 3.47177 3.473188 3.475727 3.478928 3.482355 3.485673 3.488718 3.491559 3.494517 3.498112 3.502965 3.509655 3.518601 3.530005 3.543875 3.560064 3.57827 3.598054 3.618907 3.640326 3.661883 3.683261 3.704252 3.724732 3.744638 3.763947 3.782685 3.800922 3.818769 3.836411 3.854008 3.871681 3.889571 3.90783 3.926584 3.945865 3.965633 3.985872 4.006599 4.027872 4.049752 4.072278 4.095445 4.119156 4.14322 4.167356 4.191208 4.214393 4.236555 4.25748 4.277081 4.295326 4.312209 4.327741 4.341939 4.354833 -9999 -9999 -9999 -9999
3.524722 3.505222 3.488562 3.474963 3.464501 3.457133 3.452719 3.45106 3.451947 3.455193 3.460453 3.467246 3.475033 3.483271 3.491494 3.49941 3.506994 3.514526 3.522551 3.531738 3.542699 3.555826 3.571218 3.588738 3.608113 3.628915 3.650597 3.672599 3.694431 3.715746 3.736364 3.756248 3.775434 3.793985 3.81196 3.829435 3.846505 3.863288 3.879972 3.89672 3.913627 3.930796 3.948331 3.966307 3.984744 4.003611 4.022896 4.042634 4.062881 4.083707 4.105147 4.127191 4.149749 4.172641 4.195602 4.218305 4.240398 4.26157 4.281606 4.300398 4.317903 4.334106 4.349014 4.362642 -9999 -9999 -9999 -9999 -9999
3.497095 3.477431 3.460993 3.448043 3.438679 3.432883 3.430535 3.431446 3.435405 3.442211 3.451488 3.462703 3.475225 3.488387 3.501563 3.514297 3.526437 3.538227 3.550272 3.563347 3.578159 3.595136 3.61431 3.635404 3.657973 3.681404 3.704999 3.728108 3.750239 3.771134 3.790768 3.809303 3.826972 3.843979 3.860476 3.876596 3.892466 3.908205 3.923995 3.939979 3.95621 3.972728 3.989569 4.006747 4.024247 4.042059 4.060189 4.07869 4.097636 4.117111 4.13716 4.157773 4.17888 4.200313 4.221837 4.243158 4.263968 4.283989 4.303013 4.320918 4.33764 4.353153 4.36745 -9999 -9999 -9999 -9999 -9999 -9999
3.471612 3.452069 3.436146 3.424119 3.41612 3.412144 3.412082 3.415759 3.422965 3.433488 3.446928 3.462697 3.480074 3.498251 3.516423 3.533923 3.550426 3.566133 3.581742 3.598195 3.616356 3.63675 3.659411 3.683939 3.709648 3.735667 3.761105 3.785197 3.807448 3.827688 3.84607 3.86298 3.878881 3.894132 3.908989 3.923652 3.938279 3.952986 3.967931 3.983224 3.998852 4.014775 4.030945 4.047307 4.063818 4.080461 4.097277 4.114345 4.131772 4.149656 4.168065 4.187005 4.206422 4.226176 4.246063 4.26583 4.285206 4.303948 4.32186 4.338806 4.354707 4.369518 4.383223 -9999 -9999 -9999 -9999 -9999 -9999
3.448797 3.429722 3.414659 3.403893 3.397566 3.39568 3.398139 3.404777 3.41539 3.42977 3.447492 3.467923 3.490255 3.513535 3.536752 3.558998 3.579717 3.599037 3.617773 3.637069 3.658027 3.681343 3.707098 3.734759 3.763365 3.791755 3.818804 3.843613 3.865685 3.884959 3.901783 3.91677 3.930625 3.943885 3.95693 3.970041 3.983397 3.997098 4.011258 4.025933 4.041029 4.056415 4.071948 4.087502 4.102995 4.118409 4.133807 4.149311 4.165061 4.181186 4.197776 4.214864 4.232419 4.250335 4.268443 4.286528 4.304362 4.321728 4.338443 4.354369 4.369411 4.38351 -9999 -9999 -9999 -9999 -9999 -9999 -9999
3.429227 3.411043 3.397238 3.388108 3.38379 3.38429 3.389518 3.399316 3.413495 3.431852 3.45396 3.479156 3.506548 3.535033 3.563376 3.590399 3.615284 3.638035 3.659539 3.681155 3.70429 3.729913 3.758192 3.788455 3.819465 3.84975 3.877931 3.902983 3.924414 3.942295 3.957188 3.969951 3.981488 3.992551 4.003664 4.015177 4.027285 4.040052 4.053526 4.067686 4.082344 4.097267 4.11222 4.127003 4.141487 4.155653 4.169589 4.183458 4.197443 4.211705 4.226368 4.241491 4.25707 4.273042 4.289274 4.305593 4.321805 4.337722 4.353175 4.368025 -9999 -9999 -9999 -9999 -9999 -9999 -9999 -9999 -9999
3.413521 3.396701 3.384612 3.377537 3.375602 3.378805 3.387057 3.400218 3.418111 3.44056 3.467155 3.497224 3.529818 3.56368 3.597323 3.629257 3.6584 3.684554 3.708548 3.731939 3.756517 3.783639 3.813613 3.845638 3.878211 3.909585 3.938141 3.962729 3.982866 3.998793 4.011319 4.021536 4.030566 4.039337 4.048515 4.058502 4.069483 4.081469 4.094422 4.108226 4.122583 4.137154 4.151607 4.165678 4.179197 4.192137 4.204623 4.216849 4.229039 4.241395 4.254072 4.267168 4.280709 4.294676 4.308975 4.323472 4.338006 4.352417 4.366554 -9999 -9999 -9999 -9999 -9999 -9999 -9999 -9999 -9999 -9999
3.402367 3.387424 3.377542 3.372972 3.373807 3.380034 3.391568 3.408283 3.430032 3.456679 3.487855 3.522923 3.560915 3.60044 3.639729 3.676918 3.710558 3.740153 3.7664 3.790995 3.816144 3.84371 3.874201 3.906712 3.939583 3.970877 3.998774 4.021978 4.040033 4.053379 4.063085 4.070506 4.076951 4.083498 4.090896 4.099572 4.109677 4.121146 4.133839 4.14752 4.161769 4.176135 4.190197 4.203634 4.216252 4.22803 4.239111 4.249728 4.260138 4.270579 4.281259 4.292303 4.303785 4.315719 -9999 -9999 -9999 -9999 -9999 -9999 -9999 -9999 -9999 -9999 -9999 -9999 -9999 -9999 -9999
3.396469 3.383959 3.376796 3.375182 3.379174 3.388735 3.403783 3.424217 3.449939 3.480863 3.516694 3.556879 3.600493 3.646053 3.691476 3.734403 3.772862 3.805964 3.834244 3.85951 3.884306 3.911006 3.940388 3.971622 4.003096 4.032818 4.0588 4.079582 4.094733 4.104919 4.111487 4.116016 4.119971 4.124531 4.130472 4.138203 4.147812 4.159144 4.171933 4.185804 4.200199 4.214547 4.228352 4.241247 4.253039 4.263724 4.273461 4.282512 4.291169 4.299717 4.308402 4.3174 4.32682 4.336716 -9999 -9999 -9999 -9999 -9999 -9999 -9999 -9999 -9999 -9999 -9999 -9999 -9999 -9999 -9999
3.396587 3.387063 3.383121 3.384898 3.392395 3.405552 3.42429 3.448553 3.478306 3.51354 3.55405 3.59941 3.648816 3.700757 3.752801 3.801926 3.845452 3.882026 3.912052 3.937464 3.96105 3.985408 4.011714 4.039582 4.067685 4.094148 4.116894 4.134256 4.145813 4.152493 4.155881 4.157685 4.159455 4.162407 4.167343 4.17461 4.184208 4.195875 4.209197 4.223628 4.238458 4.252998 4.266685 4.279133 4.290164 4.299797 4.308223 4.315735 4.322662 4.329335 4.336044 4.343008 4.350377 -9999 -9999 -9999 -9999 -9999 -9999 -9999 -9999 -9999 -9999 -9999 -9999 -9999 -9999 -9999 -9999
3.403494 3.397484 3.397223 3.402763 3.414042 3.430963 3.453471 3.481568 3.515314 3.554794 3.59992 3.650409 3.705628 3.764111 3.823066 3.878604 3.927145 3.966857 3.9981 4.022967 4.044388 4.065066 4.086577 4.109144 4.131953 4.153467 4.171722 4.184895 4.192555 4.195831 4.196376 4.195908 4.19598 4.197819 4.202235 4.209554 4.219673 4.23219 4.246507 4.261876 4.277418 4.292335 4.30601 4.318064 4.328348 4.336928 4.344032 4.349994 4.355192 4.359993 4.364734 4.36968 -9999 -9999 -9999 -9999 -9999 -9999 -9999 -9999 -9999 -9999 -9999 -9999 -9999 -9999 -9999 -9999 -9999
3.417958 3.41592 3.419716 3.429293 3.444503 3.465224 3.49143 3.523217 3.560764 3.604283 3.653829 3.709268 3.770087 3.834902 3.900613 3.962264 4.015255 4.057374 4.089088 4.112683 4.131159 4.14728 4.162922 4.178861 4.194896 4.210038 4.22272 4.231323 4.235392 4.235881 4.234276 4.232186 4.231127 4.232355 4.236704 4.244511 4.255623 4.269453 4.285158 4.301764 4.318207 4.333586 4.347265 4.35889 4.368367 4.37582 4.381533 4.38589 4.389317 4.39223 4.395002 -9999 -9999 -9999 -9999 -9999 -9999 -9999 -9999 -9999 -9999 -9999 -9999 -9999 -9999 -9999 -9999 -9999 -9999
3.440683 3.442963 3.451067 3.464807 3.483935 3.508304 3.537945 3.573074 3.614029 3.661175 3.714737 3.774718 3.840636 3.911054 3.982568 4.049235 4.105552 4.149124 4.180698 4.20271 4.218106 4.22959 4.239184 4.24809 4.25673 4.264828 4.271498 4.275641 4.276748 4.275271 4.272307 4.269254 4.267574 4.268567 4.273162 4.281748 4.294111 4.309509 4.32682 4.344782 4.362138 4.377902 4.391448 4.402483 4.410986 4.417152 4.421333 4.423972 4.425547 4.426519 -9999 -9999 -9999 -9999 -9999 -9999 -9999 -9999 -9999 -9999 -9999 -9999 -9999 -9999 -9999 -9999 -9999 -9999 -9999
3.472225 3.479023 3.491521 3.50936 3.532184 3.559831 3.592416 3.630304 3.674014 3.72407 3.780858 3.844488 3.914447 3.989025 4.064355 4.134212 4.192512 4.236891 4.268387 4.289363 4.302506 4.310305 4.314767 4.317369 4.319117 4.320567 4.321717 4.322008 4.320826 4.318087 4.314394 4.310863 4.308877 4.309803 4.314706 4.32408 4.337694 4.354606 4.37344 4.392596 4.410614 4.426455 4.439545 4.449673 4.456909 4.46153 4.463958 4.464703 4.464296 -9999 -9999 -9999 -9999 -9999 -9999 -9999 -9999 -9999 -9999 -9999 -9999 -9999 -9999 -9999 -9999 -9999 -9999 -9999 -9999
3.512879 3.524219 3.54099 3.56264 3.588708 3.619041 3.65386 3.693693 3.739234 3.791127 3.849853 3.915538 3.987536 4.063832 4.140386 4.21126 4.270601 4.316076 4.34853 4.369946 4.382598 4.388651 4.389975 4.38816 4.384658 4.380848 4.377697 4.375146 4.372414 4.368963 4.36496 4.361228 4.359039 4.359828 4.364831 4.37469 4.38918 4.407201 4.427063 4.446895 4.464998 4.480348 4.492451 4.501193 4.506737 4.509445 4.509819 4.50843 -9999 -9999 -9999 -9999 -9999 -9999 -9999 -9999 -9999 -9999 -9999 -9999 -9999 -9999 -9999 -9999 -9999 -9999 -9999 -9999 -9999
3.56251 3.57821 3.598892 3.623832 3.652488 3.68474 3.720934 3.761759 3.808048 3.860489 3.919554 3.985289 4.056886 4.132213 4.207457 4.277462 4.337361 4.384709 4.419586 4.443337 4.457734 4.464574 4.465518 4.462115 4.456007 4.449131 4.443385 4.439188 4.435622 4.431928 4.427976 4.424284 4.421936 4.422387 4.427069 4.436831 4.451483 4.469759 4.489718 4.509226 4.526506 4.540537 4.550917 4.557625 4.560917 -9999 -9999 -9999 -9999 -9999 -9999 -9999 -9999 -9999 -9999 -9999 -9999 -9999 -9999 -9999 -9999 -9999 -9999 -9999 -9999 -9999 -9999 -9999 -9999
3.620268 3.63993 3.663938 3.691476 3.721951 3.755297 3.792 3.832901 3.878922 3.930714 3.988649 4.052637 4.121777 4.194075 4.26632 4.334435 4.394522 4.444086 4.482406 4.510031 4.528167 4.538248 4.541713 4.539971 4.534575 4.527522 4.52113 4.516342 4.512608 4.509289 4.506026 4.502922 4.500701 4.500714 4.5046 4.51351 4.527328 4.544618 4.563242 4.581004 4.596179 4.607786 4.615486 4.619343 -9999 -9999 -9999 -9999 -9999 -9999 -9999 -9999 -9999 -9999 -9999 -9999 -9999 -9999 -9999 -9999 -9999 -9999 -9999 -9999 -9999 -9999 -9999 -9999 -9999
3.684287 3.707341 3.734012 3.763435 3.794991 3.828696 3.865211 3.90552 3.950583 4.000958 4.056857 4.118034 4.183563 4.251757 4.320198 4.385928 4.445866 4.497499 4.539467 4.571609 4.594609 4.609587 4.617795 4.620472 4.618886 4.614583 4.609531 4.605333 4.602529 4.600841 4.599619 4.598348 4.597138 4.59702 4.599791 4.607054 4.618837 4.633563 4.649061 4.66329 4.674725 4.682515 -9999 -9999 -9999 -9999 -9999 -9999 -9999 -9999 -9999 -9999 -9999 -9999 -9999 -9999 -9999 -9999 -9999 -9999 -9999 -9999 -9999 -9999 -9999 -9999 -9999 -9999 -9999
3.75217 3.777866 3.806461 3.837079 3.869094 3.902643 3.938595 3.97805 4.021979 4.070814 4.124586 4.182877 4.24473 4.308753 4.373285 4.436428 4.495804 4.548867 4.593827 4.630049 4.657847 4.678102 4.691917 4.700371 4.704382 4.704775 4.702966 4.701358 4.70165 4.703893 4.706998 4.709648 4.711123 4.71186 4.713589 4.718478 4.726817 4.737076 4.747402 4.756136 4.762079 4.764546 -9999 -9999 -9999 -9999 -9999 -9999 -9999 -9999 -9999 -9999 -9999 -9999 -9999 -9999 -9999 -9999 -9999 -9999 -9999 -9999 -9999 -9999 -9999 -9999 -9999 -9999 -9999
3.821632 3.849026 3.878658 3.909714 3.941675 3.97483 4.010203 4.048984 4.092134 4.139977 4.192358 4.248661 4.307822 4.368574 4.429744 4.490293 4.548479 4.601765 4.648256 4.687155 4.718579 4.743223 4.762026 4.775916 4.785599 4.791517 4.794765 4.798509 4.805068 4.814378 4.824681 4.833763 4.840046 4.843245 4.844615 4.846442 4.849605 4.853335 4.856495 4.857954 4.856862 4.85274 -9999 -9999 -9999 -9999 -9999 -9999 -9999 -9999 -9999 -9999 -9999 -9999 -9999 -9999 -9999 -9999 -9999 -9999 -9999 -9999 -9999 -9999 -9999 -9999 -9999 -9999 -9999
3.890388 3.918537 3.948367 3.979204 4.010776 4.043542 4.078601 4.117202 4.160313 4.208173 4.260461 4.316333 4.374515 4.433641 4.492632 4.550771 4.606788 4.658614 4.704682 4.744316 4.777578 4.804995 4.827294 4.845221 4.859438 4.870683 4.880698 4.892708 4.908768 4.928135 4.948111 4.965564 4.978178 4.985067 4.986776 4.98501 4.981647 4.977403 4.972077 4.965118 4.956032 -9999 -9999 -9999 -9999 -9999 -9999 -9999 -9999 -9999 -9999 -9999 -9999 -9999 -9999 -9999 -9999 -9999 -9999 -9999 -9999 -9999 -9999 -9999 -9999 -9999 -9999 -9999 -9999
3.956513 3.984637 4.014059 4.044291 4.075316 4.10779 4.142897 4.181936 4.225876 4.274906 4.328544 4.385682 4.444726 4.503983 4.562073 4.618063 4.671031 4.719867 4.76374 4.802347 4.835818 4.864543 4.88903 4.909862 4.927819 4.944284 4.961843 4.983703 5.011081 5.041966 5.072486 5.098589 5.117342 5.127503 5.129219 5.123883 5.114151 5.101965 5.088095 5.07262 -9999 -9999 -9999 -9999 -9999 -9999 -9999 -9999 -9999 -9999 -9999 -9999 -9999 -9999 -9999 -9999 -9999 -9999 -9999 -9999 -9999 -9999 -9999 -9999 -9999 -9999 -9999 -9999 -9999
4.018549 4.046085 4.074751 4.104236 4.134743 4.167128 4.202688 4.242761 4.288308 4.339472 4.395616 4.45532 4.516579 4.577189 4.635194 4.689282 4.738915 4.784036 4.82479 4.861443 4.894321 4.923757 4.950089 4.97379 4.995768 5.017821 5.042944 5.074405 5.112536 5.153873 5.193476 5.226464 5.249389 5.260995 5.261694 5.253201 5.238272 5.219411 5.198115 -9999 -9999 -9999 -9999 -9999 -9999 -9999 -9999 -9999 -9999 -9999 -9999 -9999 -9999 -9999 -9999 -9999 -9999 -9999 -9999 -9999 -9999 -9999 -9999 -9999 -9999 -9999 -9999 -9999 -9999
4.075505 4.10208 4.129842 4.15864 4.188843 4.221498 4.257988 4.299633 4.347341 4.401209 4.460429 4.523239 4.587201 4.649603 4.70789 4.760357 4.806922 4.848569 4.886403 4.921309 4.953902 4.984542 5.01346 5.041011 5.068076 5.096467 5.128986 5.168337 5.214124 5.262257 5.307278 5.343791 5.368009 5.37904 5.377845 5.36645 5.347533 5.323665 -9999 -9999 -9999 -9999 -9999 -9999 -9999 -9999 -9999 -9999 -9999 -9999 -9999 -9999 -9999 -9999 -9999 -9999 -9999 -9999 -9999 -9999 -9999 -9999 -9999 -9999 -9999 -9999 -9999 -9999 -9999
4.126884 4.152268 4.179103 4.207424 4.237743 4.271226 4.309234 4.352955 4.403152 4.459841 4.522035 4.587619 4.653803 4.71757 4.776042 4.827261 4.871625 4.91095 4.947076 4.981451 5.015005 5.048184 5.081109 5.113912 5.147186 5.182334 5.221418 5.265986 5.315133 5.365076 5.410592 5.446452 5.469079 5.477894 5.474181 5.460101 5.438196 -9999 -9999 -9999 -9999 -9999 -9999 -9999 -9999 -9999 -9999 -9999 -9999 -9999 -9999 -9999 -9999 -9999 -9999 -9999 -9999 -9999 -9999 -9999 -9999 -9999 -9999 -9999 -9999 -9999 -9999 -9999 -9999
4.172737 4.196868 4.222869 4.251032 4.282051 4.317058 4.357252 4.403557 4.456435 4.515705 4.580192 4.647513 4.714729 4.778773 4.836869 4.887384 4.930938 4.969673 5.005902 5.041515 5.07775 5.115129 5.153588 5.192832 5.232841 5.274214 5.317982 5.364677 5.413143 5.460215 5.501526 5.532783 5.551206 5.556373 5.549598 5.532991 -9999 -9999 -9999 -9999 -9999 -9999 -9999 -9999 -9999 -9999 -9999 -9999 -9999 -9999 -9999 -9999 -9999 -9999 -9999 -9999 -9999 -9999 -9999 -9999 -9999 -9999 -9999 -9999 -9999 -9999 -9999 -9999 -9999
4.213645 4.236711 4.262187 4.290643 4.322935 4.36011 4.403097 4.452415 4.508072 4.56949 4.63526 4.703028 4.769977 4.833289 4.890639 4.940949 4.984964 5.024803 5.062948 5.101558 5.142106 5.185145 5.230286 5.276561 5.323042 5.369313 5.415418 5.461224 5.505617 5.546223 5.579868 5.60355 5.615472 5.615553 5.605072 5.585941 -9999 -9999 -9999 -9999 -9999 -9999 -9999 -9999 -9999 -9999 -9999 -9999 -9999 -9999 -9999 -9999 -9999 -9999 -9999 -9999 -9999 -9999 -9999 -9999 -9999 -9999 -9999 -9999 -9999 -9999 -9999 -9999 -9999
