ASPA-UH-SWB2_REPO/dynamic_inputs/RO_Rf_Ratios_Dynamic/Data/Gridded_rain/PRISM_ppt_tutuila_30yr_normal_80mM1_02_asc.asc
ncols 381
nrows 202
xllcorner -170.851658
yllcorner -14.379175
cellsize 0.00083333333
NODATA_value -9999
[rows 102 to 135 of 202, columns 77 to 153 of 381]
41857 41911 41949 41989 42030 42073 42118 42163 42211 42259 42308 42357 42407 42458 42508 42548 42580 42612 42644 42666 42688 42703 42725 42735 42741 42748 42750 42752 42752 42746 42745 42739 42734 42729 42734 42750 42777 42799 42833 42884 42936 43007 43089 43186 43301 43417 43552 43696 43854 44023 44209 44397 44601 44815 45031 45249 45473 45712 45948 46183 46415 46644 46878 47117 47368 47623 47873 48127 48383 48633 48877 49130 49358 49594 49829 50058 50278
42509 42547 42593 42623 42655 42689 42724 42762 42801 42841 42883 42926 42974 43018 43059 43091 43112 43136 43156 43169 43176 43192 43208 43220 43226 43231 43240 43248 43255 43256 43252 43249 43241 43235 43244 43265 43291 43320 43360 43407 43472 43539 43624 43734 43845 43981 44112 44256 44409 44583 44760 44953 45147 45357 45575 45780 45997 46220 46457 46682 46896 47115 47346 47572 47803 48036 48282 48505 48747 48976 49206 49436 49658 49872 50087 50303 50512
43146 43179 43208 43239 43266 43290 43316 43344 43374 43406 43440 43484 43524 43557 43574 43588 43602 43603 43610 43617 43615 43621 43630 43643 43655 43664 43677 43689 43710 43723 43724 43727 43722 43715 43725 43750 43773 43814 43856 43911 43974 44050 44145 44253 44380 44508 44648 44788 44956 45119 45296 45481 45681 45888 46081 46288 46500 46716 46937 47153 47350 47558 47769 47983 48192 48413 48628 48854 49058 49272 49479 49686 49894 50094 50297 50492 50681
43762 43789 43812 43832 43853 43872 43892 43910 43930 43953 43987 44019 44046 44053 44058 44055 44048 44035 44028 44028 44021 44018 44023 44033 44039 44050 44064 44086 44110 44130 44156 44164 44173 44170 44179 44205 44235 44273 44325 44384 44457 44544 44633 44758 44884 45023 45156 45314 45467 45640 45812 45998 46185 46384 46574 46777 46968 47178 47382 47574 47776 47965 48148 48341 48545 48735 48936 49131 49337 49520 49712 49896 50080 50258 50439 50615 50783
44349 44369 44391 44403 44407 44424 44438 44450 44460 44481 44496 44508 44516 44518 44499 44477 44455 44445 44434 44417 44411 44405 44402 44403 44405 44406 44418 44439 44466 44494 44528 44561 44578 44603 44612 44634 44671 44708 44764 44834 44913 45001 45108 45229 45368 45508 45661 45807 45973 46137 46313 46489 46676 46853 47056 47232 47411 47606 47794 47977 48144 48321 48491 48663 48837 49021 49181 49369 49543 49718 49887 50047 50207 50362 50512 50674 50821
44910 44922 44925 44930 44937 44946 44948 44948 44961 44963 44962 44952 44943 44920 44895 44866 44846 44833 44815 44799 44786 44775 44765 44758 44753 44750 44754 44762 44784 44817 44859 44903 44947 44980 45015 45040 45075 45121 45178 45249 45336 45432 45548 45677 45819 45968 46122 46277 46442 46620 46781 46960 47128 47312 47484 47664 47837 48002 48174 48330 48486 48635 48791 48932 49091 49242 49394 49533 49690 49840 49992 50128 50265 50396 50522 50652 50775
45451 45444 45445 45436 45441 45432 45431 45433 45427 45416 45389 45367 45339 45305 45274 45251 45231 45207 45193 45174 45153 45135 45124 45109 45094 45078 45073 45072 45084 45112 45146 45205 45258 45311 45368 45410 45446 45499 45566 45636 45731 45837 45957 46091 46238 46396 46549 46718 46886 47057 47232 47393 47564 47727 47896 48065 48224 48374 48513 48651 48778 48913 49038 49163 49289 49414 49524 49653 49767 49900 50018 50137 50250 50357 50458 50563 50662
45957 45954 45941 45930 45916 45905 45902 45886 45870 45840 45812 45767 45725 45694 45664 45638 45616 45597 45571 45553 45524 45503 45488 45459 45435 45415 45390 45381 45379 45392 45424 45466 45534 45601 45669 45734 45783 45842 45910 45998 46099 46211 46344 46484 46632 46785 46955 47122 47305 47472 47638 47805 47956 48120 48280 48429 48567 48692 48821 48930 49036 49130 49231 49339 49438 49528 49620 49695 49790 49896 49987 50089 50168 50240 50325 50396 50480
46461 46433 46424 46399 46377 46363 46343 46321 46292 46253 46205 46155 46111 46082 46054 46025 46004 45978 45955 45923 45906 45878 45852 45824 45785 45753 45718 45695 45682 45675 45691 45726 45786 45861 45936 46012 46086 46150 46230 46324 46437 46562 46697 46851 47002 47163 47328 47507 47682 47863 48031 48189 48336 48477 48620 48756 48879 48987 49072 49167 49241 49311 49385 49458 49520 49590 49644 49698 49764 49823 49895 49961 50022 50068 50118 50164 50205
46927 46903 46869 46848 46813 46791 46767 46729 46691 46643 46581 46531 46493 46457 46431 46404 46377 46360 46331 46309 46281 46261 46230 46190 46149 46102 46061 46018 45987 45966 45963 45986 46026 46094 46182 46272 46353 46429 46517 46620 46740 46877 47026 47180 47344 47508 47682 47862 48042 48221 48396 48546 48682 48815 48940 49055 49153 49235 49306 49362 49411 49453 49491 49525 49557 49588 49611 49634 49669 49698 49730 49767 49799 49826 49840 49850 49875
47361 47330 47300 47261 47229 47189 47155 47117 47064 47005 46945 46892 46851 46812 46788 46764 46745 46724 46712 46685 46668 46646 46610 46568 46515 46465 46411 46351 46300 46262 46238 46236 46262 46322 46407 46502 46601 46685 46782 46891 47011 47160 47323 47485 47654 47832 48013 48194 48374 48556 48720 48876 49001 49119 49225 49325 49390 49450 49499 49521 49533 49547 49546 49540 49539 49529 49519 49509 49502 49498 49516 49503 49504 49501 49487 49477 49465
47751 47726 47689 47643 47604 47557 47514 47470 47409 47339 47283 47231 47183 47155 47124 47105 47095 47088 47068 47062 47039 47017 46984 46931 46880 46814 46755 46687 46617 46553 46511 46488 46492 46538 46616 46719 46823 46923 47023 47132 47273 47420 47581 47763 47946 48133 48315 48497 48682 48855 49013 49166 49293 49389 49474 49550 49602 49623 49639 49633 49616 49590 49547 49507 49463 49409 49363 49328 49286 49247 49194 49175 49134 49110 49063 49015 48974
48115 48078 48042 47989 47932 47888 47843 47781 47716 47648 47592 47532 47495 47464 47436 47427 47428 47426 47419 47402 47390 47367 47328 47273 47212 47153 47083 47012 46923 46844 46779 46734 46720 46739 46813 46920 47027 47136 47238 47360 47503 47663 47828 48019 48211 48401 48597 48779 48956 49124 49288 49432 49544 49630 49701 49743 49765 49762 49733 49697 49648 49578 49508 49414 49325 49242 49149 49067 48988 48914 48835 48753 48696 48619 48551 48481 48420
48435 48388 48340 48292 48235 48179 48126 48062 47992 47927 47857 47812 47771 47741 47727 47724 47730 47738 47736 47722 47704 47679 47638 47582 47520 47459 47388 47303 47217 47125 47041 46972 46932 46935 46992 47092 47209 47319 47436 47568 47717 47876 48064 48253 48450 48655 48853 49035 49209 49378 49540 49665 49770 49850 49897 49903 49893 49853 49785 49716 49623 49517 49400 49276 49128 49006 48873 48743 48626 48523 48407 48288 48178 48087 47987 47887 47787
48711 48659 48606 48547 48489 48433 48375 48311 48237 48157 48097 48053 48019 47991 47984 47994 48006 48019 48015 48003 47984 47957 47915 47858 47794 47728 47652 47570 47479 47382 47281 47197 47134 47115 47158 47247 47364 47484 47610 47753 47908 48084 48271 48469 48674 48880 49075 49275 49447 49609 49747 49879 49966 50031 50043 50020 49973 49894 49793 49681 49553 49401 49244 49069 48898 48705 48541 48370 48222 48071 47915 47771 47637 47495 47373 47243 47123
48929 48885 48828 48765 48709 48648 48586 48514 48433 48363 48303 48260 48221 48210 48216 48224 48252 48259 48262 48249 48228 48199 48160 48096 48031 47960 47883 47796 47704 47603 47502 47402 47319 47280 47300 47387 47504 47631 47769 47908 48078 48265 48460 48660 48872 49080 49281 49474 49653 49800 49940 50050 50129 50144 50121 50065 49980 49856 49720 49567 49398 49231 49021 48817 48592 48375 48148 47935 47755 47563 47381 47200 47023 46867 46705 46563 46411
49112 49054 48996 48936 48878 48821 48747 48669 48598 48527 48473 48422 48397 48394 48404 48424 48448 48471 48464 48458 48431 48405 48360 48303 48232 48151 48077 47989 47889 47795 47690 47576 47480 47425 47433 47510 47630 47761 47900 48052 48222 48415 48616 48833 49045 49253 49457 49646 49818 49976 50097 50186 50212 50192 50114 50015 49872 49716 49546 49352 49162 48939 48732 48479 48241 47971 47700 47453 47221 46998 46778 46572 46360 46181 45995 45809 45643
49219 49174 49121 49063 48999 48937 48869 48801 48726 48660 48602 48563 48541 48538 48556 48583 48614 48628 48633 48617 48606 48571 48528 48470 48397 48319 48235 48146 48053 47944 47838 47724 47616 47545 47545 47619 47737 47872 48008 48169 48343 48540 48750 48977 49186 49396 49602 49797 49967 50106 50200 50233 50222 50136 50016 49848 49667 49463 49248 49033 48809 48582 48320 48072 47782 47506 47203 46921 46646 46383 46124 45881 45663 45448 45224 45023 44812
49286 49239 49196 49133 49076 49011 48955 48884 48817 48752 48703 48666 48642 48643 48668 48703 48729 48747 48756 48747 48727 48703 48655 48600 48531 48455 48362 48272 48174 48068 47950 47837 47725 47646 47644 47709 47832 47962 48108 48262 48440 48639 48865 49082 49304 49520 49726 49904 50068 50184 50226 50216 50126 49986 49803 49599 49380 49139 48888 48637 48387 48113 47849 47560 47277 46953 46657 46333 46015 45721 45434 45162 44907 44653 44435 44188 43965
49288 49260 49209 49157 49104 49052 48990 48935 48866 48812 48754 48721 48704 48707 48735 48770 48796 48822 48830 48826 48809 48780 48753 48689 48619 48542 48461 48362 48255 48148 48035 47911 47800 47727 47723 47791 47903 48045 48182 48341 48519 48731 48946 49172 49391 49610 49804 49988 50121 50180 50183 50096 49943 49747 49533 49284 49027 48767 48487 48196 47899 47614 47297 46996 46686 46371 46036 45696 45357 45022 44706 44407 44114 43845 43582 43354 43085
49245 49217 49179 49134 49086 49035 48994 48935 48877 48817 48768 48735 48717 48721 48749 48783 48822 48844 48857 48861 48848 48824 48787 48740 48669 48593 48507 48412 48305 48190 48077 47961 47848 47778 47784 47854 47976 48102 48249 48399 48592 48795 49011 49231 49455 49655 49851 50017 50114 50120 50052 49908 49699 49467 49207 48937 48652 48343 48031 47719 47401 47045 46715 46373 46060 45727 45376 45019 44650 44287 43944 43619 43310 43009 42731 42463 42215
49127 49117 49092 49061 49016 48977 48934 48899 48843 48785 48743 48703 48688 48691 48711 48751 48795 48830 48843 48848 48840 48824 48788 48736 48678 48598 48516 48421 48314 48204 48087 47971 47866 47810 47822 47911 48021 48152 48287 48453 48630 48836 49047 49267 49475 49674 49856 49989 50041 50002 49863 49660 49429 49151 48851 48550 48232 47891 47539 47194 46832 46454 46080 45723 45378 45029 44661 44277 43902 43518 43150 42811 42471 42161 41851 41572 41284
48944 48952 48953 48930 48902 48873 48844 48804 48770 48724 48672 48642 48619 48617 48637 48675 48727 48763 48790 48795 48792 48777 48746 48699 48637 48565 48488 48394 48288 48182 48065 47946 47861 47823 47856 47942 48058 48175 48316 48469 48650 48848 49055 49261 49459 49651 49807 49917 49917 49814 49621 49384 49097 48795 48481 48128 47769 47404 47036 46629 46222 45838 45440 45039 44660 44304 43910 43509 43120 42728 42348 41989 41640 41288 40967 40658 40360
48702 48734 48743 48739 48733 48724 48702 48680 48654 48618 48580 48548 48526 48512 48527 48567 48613 48655 48687 48702 48700 48686 48664 48623 48562 48495 48419 48330 48229 48120 48008 47905 47836 47819 47875 47961 48067 48191 48314 48467 48643 48833 49028 49214 49406 49575 49720 49780 49732 49571 49335 49056 48736 48399 48050 47682 47288 46888 46476 46051 45629 45190 44766 44353 43942 43535 43162 42747 42330 41931 41542 41179 40799 40427 40087 39769 39448
48392 48435 48470 48496 48510 48507 48507 48510 48496 48475 48448 48424 48398 48387 48392 48420 48459 48506 48540 48557 48565 48561 48545 48504 48449 48392 48313 48233 48133 48025 47926 47850 47802 47815 47879 47963 48066 48172 48298 48445 48610 48789 48966 49149 49302 49463 49567 49598 49500 49297 49012 48691 48350 47987 47603 47190 46788 46352 45891 45451 45002 44537 44081 43647 43205 42781 42382 41981 41556 41152 40754 40349 39974 39607 39228 38889 38574
48000 48076 48137 48184 48223 48246 48264 48280 48290 48290 48279 48262 48250 48239 48234 48243 48274 48314 48349 48376 48390 48392 48378 48348 48303 48243 48178 48096 48005 47909 47837 47783 47774 47807 47865 47953 48039 48134 48256 48401 48553 48712 48876 49022 49181 49291 49372 49363 49224 48976 48660 48317 47941 47550 47129 46697 46238 45782 45316 44827 44343 43877 43400 42913 42474 42043 41619 41205 40783 40372 39948 39561 39171 38767 38389 38044 37731
47556 47653 47735 47810 47877 47932 47972 48009 48043 48060 48065 48066 48071 48063 48049 48057 48074 48100 48128 48159 48181 48185 48181 48157 48114 48060 48001 47931 47852 47791 47740 47726 47739 47786 47840 47915 47993 48084 48199 48323 48463 48607 48743 48878 48992 49090 49118 49082 48908 48621 48292 47911 47514 47077 46635 46173 45685 45193 44696 44183 43686 43198 42700 42206 41749 41312 40872 40445 40026 39592 39175 38775 38370 37952 37577 37236 36892
47056 47171 47283 47387 47484 47561 47633 47692 47742 47784 47810 47832 47847 47857 47857 47858 47864 47882 47907 47929 47944 47959 47956 47938 47901 47855 47811 47752 47704 47668 47660 47666 47696 47738 47798 47853 47925 48016 48110 48227 48345 48465 48576 48684 48769 48824 48838 48747 48554 48249 47873 47487 47043 46601 46120 45628 45112 44589 44067 43552 43033 42502 42006 41527 41031 40577 40143 39703 39274 38835 38415 37988 37579 37176 36781 36418 36105
46520 46647 46774 46909 47030 47149 47238 47316 47388 47447 47499 47545 47587 47618 47639 47645 47656 47666 47686 47703 47714 47717 47719 47706 47682 47651 47619 47595 47570 47565 47575 47599 47628 47667 47715 47769 47833 47913 48004 48092 48191 48278 48373 48450 48497 48518 48492 48378 48157 47839 47445 47010 46569 46077 45583 45053 44524 43986 43442 42903 42363 41823 41318 40820 40330 39861 39413 38971 38523 38100 37655 37235 36814 36425 36021 35668 35354
45945 46081 46233 46380 46532 46664 46789 46897 46990 47071 47139 47210 47277 47337 47380 47408 47436 47459 47470 47484 47488 47501 47503 47497 47484 47471 47458 47457 47458 47468 47483 47507 47533 47559 47601 47655 47712 47775 47847 47926 47991 48067 48118 48169 48180 48163 48097 47968 47727 47399 46987 46538 46035 45549 45025 44482 43929 43367 42809 42259 41709 41181 40625 40121 39649 39177 38713 38252 37808 37369 36928 36506 36112 35692 35311 34958 34645
45329 45489 45646 45817 45984 46142 46293 46431 46547 46648 46750 46838 46930 47011 47074 47136 47183 47218 47249 47265 47285 47295 47308 47311 47313 47313 47318 47324 47335 47355 47374 47383 47403 47429 47462 47506 47555 47605 47658 47709 47767 47805 47841 47830 47830 47765 47664 47513 47265 46932 46516 46024 45526 45000 44453 43894 43326 42761 42192 41621 41061 40514 39985 39477 38990 38512 38042 37583 37117 36684 36228 35820 35408 35013 34643 34302 33974
44684 44864 45040 45211 45396 45588 45765 45923 46063 46205 46327 46443 46551 46646 46731 46811 46881 46938 46989 47031 47058 47085 47104 47126 47138 47151 47161 47176 47189 47209 47224 47232 47245 47273 47301 47334 47371 47401 47433 47471 47492 47514 47508 47485 47417 47327 47196 47012 46772 46424 46002 45515 44995 44445 43883 43319 42748 42161 41581 41010 40441 39889 39355 38852 38360 37887 37408 36926 36476 36004 35584 35148 34762 34379 34011 33666 33356
43999 44199 44407 44599 44790 44987 45194 45377 45560 45720 45876 46012 46138 46254 46358 46452 46532 46620 46689 46744 46792 46833 46874 46902 46927 46952 46972 46988 47012 47022 47040 47052 47069 47083 47110 47136 47156 47174 47185 47193 47198 47180 47149 47086 46987 46861 46690 46490 46217 45887 45456 44984 44439 43883 43324 42758 42154 41588 40997 40407 39842 39284 38755 38235 37745 37265 36775 36307 35830 35393 34944 34547 34152 33781 33409 33083 32794
43269 43499 43728 43956 44159 44375 44588 44817 45007 45198 45384 45554 45698 45827 45952 46060 46168 46262 46344 46425 46487 46547 46595 46642 46682 46719 46745 46770 46791 46813 46822 46844 46857 46869 46887 46904 46916 46918 46912 46888 46861 46819 46751 46658 46523 46366 46176 45920 45652 45290 44889 44399 43874 43327 42769 42170 41597 41009 40420 39822 39252 38697 38161 37642 37134 36643 36168 35685 35242 34797 34367 33960 33590 33213 32871 32554 32273
