ASPA-UH-SWB2_REPO/dynamic_inputs/RO_Rf_Ratios_Dynamic/Data/Gridded_rain/PRISM_ppt_tutuila_30yr_normal_80mM1_12_asc.asc
ncols 381
nrows 202
xllcorner -170.851658
yllcorner -14.379175
cellsize 0.00083333333
NODATA_value -9999
[rows 34 to 67 of 202, columns 231 to 307 of 381]
-9999 -9999 -9999 -9999 -9999 -9999 -9999 -9999 -9999 -9999 -9999 -9999 -9999 -9999 -9999 -9999 -9999 -9999 -9999 -9999 -9999 -9999 -9999 -9999 -9999 -9999 -9999 -9999 -9999 -9999 -9999 -9999 -9999 -9999 -9999 -9999 -9999 -9999 -9999 -9999 -9999 -9999 -9999 -9999 -9999 -9999 -9999 -9999 -9999 -9999 -9999 -9999 -9999 -9999 -9999 -9999 -9999 -9999 -9999 -9999 -9999 -9999 -9999 -9999 -9999 -9999 -9999 -9999 -9999 -9999 -9999 -9999 -9999 -9999 -9999 -9999 -9999
-9999 -9999 -9999 -9999 -9999 -9999 -9999 -9999 -9999 -9999 -9999 -9999 -9999 -9999 -9999 -9999 -9999 -9999 -9999 -9999 -9999 -9999 -9999 -9999 -9999 -9999 -9999 -9999 -9999 -9999 -9999 -9999 -9999 -9999 -9999 -9999 -9999 -9999 -9999 -9999 -9999 -9999 -9999 -9999 -9999 -9999 -9999 -9999 -9999 -9999 -9999 -9999 -9999 -9999 -9999 -9999 -9999 -9999 -9999 -9999 -9999 -9999 -9999 -9999 -9999 -9999 -9999 -9999 -9999 -9999 -9999 -9999 -9999 -9999 -9999 -9999 -9999
-9999 -9999 -9999 -9999 -9999 -9999 -9999 -9999 -9999 -9999 -9999 -9999 -9999 -9999 -9999 -9999 -9999 -9999 -9999 -9999 -9999 -9999 -9999 -9999 -9999 -9999 -9999 -9999 -9999 -9999 -9999 -9999 -9999 -9999 -9999 -9999 -9999 -9999 -9999 -9999 -9999 -9999 -9999 -9999 -9999 -9999 -9999 -9999 -9999 -9999 -9999 -9999 -9999 -9999 -9999 -9999 -9999 -9999 -9999 -9999 -9999 -9999 -9999 -9999 -9999 -9999 -9999 -9999 -9999 -9999 -9999 -9999 -9999 -9999 -9999 -9999 -9999
-9999 -9999 -9999 -9999 -9999 -9999 -9999 -9999 -9999 -9999 -9999 -9999 -9999 -9999 -9999 -9999 -9999 -9999 -9999 -9999 -9999 -9999 26117 26050 -9999 -9999 -9999 -9999 -9999 25438 25366 -9999 -9999 -9999 -9999 -9999 -9999 -9999 -9999 -9999 -9999 -9999 -9999 -9999 23916 -9999 -9999 -9999 -9999 -9999 -9999 -9999 -9999 -9999 -9999 -9999 -9999 -9999 -9999 -9999 -9999 -9999 -9999 -9999 -9999 -9999 -9999 -9999 -9999 -9999 -9999 -9999 -9999 -9999 -9999 -9999 -9999
29586 -9999 -9999 -9999 -9999 -9999 28491 28382 -9999 -9999 -9999 -9999 -9999 -9999 -9999 -9999 -9999 -9999 -9999 -9999 -9999 26460 26317 26292 26296 -9999 -9999 -9999 25799 25619 25576 25547 -9999 -9999 -9999 -9999 -9999 -9999 -9999 -9999 -9999 -9999 -9999 24117 24058 24006 -9999 -9999 -9999 -9999 -9999 -9999 -9999 -9999 -9999 -9999 -9999 -9999 -9999 -9999 -9999 -9999 -9999 -9999 -9999 -9999 -9999 -9999 -9999 -9999 -9999 -9999 -9999 -9999 -9999 -9999 -9999
30063 30034 -9999 -9999 -9999 29042 28774 28692 28656 -9999 -9999 -9999 -9999 -9999 -9999 -9999 27646 27558 -9999 -9999 27052 26857 26672 26586 26623 26571 26534 26334 26164 25968 25841 25872 25868 -9999 -9999 -9999 25446 25383 -9999 -9999 -9999 -9999 24540 24392 24216 24249 24244 -9999 -9999 -9999 -9999 -9999 -9999 -9999 -9999 -9999 -9999 -9999 -9999 -9999 -9999 -9999 -9999 -9999 -9999 -9999 -9999 -9999 -9999 -9999 -9999 -9999 -9999 -9999 -9999 -9999 -9999
30487 30527 30406 -9999 29910 29596 29269 29079 29124 29099 -9999 -9999 -9999 -9999 -9999 28110 27885 27815 27784 27651 27486 27270 27160 27087 26987 26962 26830 26726 26543 26415 26301 26173 26219 26136 -9999 25840 25661 25546 25535 25427 -9999 25050 24878 24662 24561 24459 24484 24486 -9999 -9999 -9999 -9999 -9999 -9999 -9999 -9999 -9999 -9999 -9999 -9999 -9999 -9999 -9999 -9999 -9999 -9999 -9999 -9999 -9999 -9999 -9999 -9999 -9999 -9999 -9999 -9999 -9999
31189 30959 30941 30721 30485 30124 29922 29720 29530 29571 29541 -9999 -9999 -9999 28812 28593 28329 28225 28209 28099 27907 27797 27712 27613 27514 27400 27286 27159 27056 26928 26788 26672 26519 26549 26391 26234 25993 25872 25798 25728 25547 25429 25179 25068 24923 24818 24710 24757 24769 -9999 -9999 -9999 -9999 -9999 -9999 -9999 -9999 -9999 -9999 -9999 -9999 -9999 -9999 -9999 -9999 -9999 -9999 -9999 -9999 -9999 -9999 -9999 -9999 -9999 -9999 -9999 -9999
31915 31682 31465 31336 31010 30797 30584 30383 30182 29981 30034 29931 -9999 29570 29328 29063 28938 28811 28695 28614 28494 28373 28275 28189 28065 27952 27838 27724 27596 27468 27353 27186 27059 26905 26835 26613 26463 26315 26195 26022 25956 25732 25616 25449 25341 25191 25107 24990 25012 25028 -9999 -9999 -9999 -9999 24749 -9999 -9999 -9999 -9999 -9999 -9999 -9999 -9999 -9999 -9999 -9999 -9999 -9999 -9999 -9999 -9999 -9999 -9999 -9999 -9999 -9999 -9999
32700 32454 32198 31957 31729 31491 31267 31055 30855 30655 30454 30480 30302 30136 29843 29695 29570 29444 29328 29224 29118 28997 28888 28778 28679 28541 28415 28314 28175 28061 27907 27779 27613 27459 27292 27139 26962 26826 26652 26504 26344 26199 26027 25899 25748 25622 25481 25387 25269 25312 25306 -9999 -9999 24955 24930 24891 -9999 -9999 -9999 -9999 -9999 -9999 -9999 -9999 -9999 -9999 -9999 -9999 -9999 -9999 -9999 -9999 -9999 -9999 -9999 -9999 -9999
33519 33235 32989 32734 32469 32206 31981 31770 31560 31362 31163 30988 30928 30667 30522 30387 30238 30100 29996 29868 29764 29669 29537 29428 29304 29181 29043 28917 28792 28652 28525 28359 28219 28040 27886 27680 27516 27352 27177 27015 26854 26668 26508 26350 26211 26054 25910 25801 25692 25570 25574 25522 25389 25275 25099 25159 25171 -9999 -9999 -9999 -9999 -9999 -9999 -9999 -9999 -9999 -9999 -9999 -9999 -9999 -9999 -9999 -9999 -9999 -9999 -9999 -9999
34325 34054 33784 33516 33239 32988 32740 32518 32321 32101 31905 31719 31557 31403 31236 31091 30954 30804 30676 30560 30456 30339 30233 30101 29979 29831 29707 29558 29433 29295 29130 29004 28826 28660 28468 28302 28110 27907 27744 27568 27381 27192 27032 26859 26677 26530 26382 26257 26133 25995 25882 25830 25716 25551 25466 25399 25459 25491 -9999 -9999 -9999 -9999 -9999 -9999 -9999 -9999 25316 -9999 -9999 -9999 -9999 -9999 -9999 -9999 -9999 -9999 -9999
35134 34862 34583 34305 34031 33782 33526 33307 33088 32882 32664 32470 32298 32160 31996 31841 31694 31557 31406 31302 31173 31056 30926 30821 30664 30543 30383 30261 30112 29950 29813 29637 29485 29294 29104 28912 28734 28530 28339 28137 27935 27772 27571 27384 27199 27022 26871 26729 26603 26461 26306 26193 26070 25964 25862 25778 25723 25745 25741 25765 25764 -9999 -9999 -9999 -9999 25485 25440 25422 25473 25493 -9999 -9999 -9999 25592 -9999 -9999 -9999
35940 35645 35378 35092 34833 34556 34327 34090 33877 33651 33437 33236 33081 32912 32775 32624 32482 32335 32185 32057 31941 31799 31681 31540 31411 31267 31135 30977 30830 30669 30508 30334 30132 29955 29752 29575 29372 29181 28964 28734 28544 28328 28126 27924 27737 27543 27375 27231 27075 26930 26772 26629 26516 26393 26300 26198 26099 26044 26018 25964 25967 26012 -9999 -9999 25827 25737 25631 25639 25631 25653 25685 25727 25694 25713 25755 -9999 -9999
36730 36453 36150 35887 35608 35357 35100 34880 34640 34434 34215 34045 33873 33711 33557 33423 33273 33131 32996 32848 32708 32592 32438 32322 32170 32042 31887 31744 31574 31415 31231 31045 30844 30616 30441 30252 30064 29834 29604 29373 29129 28912 28695 28492 28277 28081 27910 27749 27576 27402 27240 27082 26965 26851 26727 26620 26516 26416 26346 26278 26223 26267 26260 26230 26140 25992 25946 25916 25889 25878 25917 25912 25912 25883 25980 26061 -9999
37560 37229 36965 36653 36407 36123 35879 35631 35431 35210 35013 34827 34663 34509 34362 34212 34071 33935 33807 33652 33529 33379 33253 33114 32976 32814 32688 32523 32343 32162 31980 31796 31571 31359 31145 30959 30744 30501 30244 30000 29756 29511 29280 29062 28847 28636 28448 28283 28094 27890 27712 27563 27430 27298 27157 27045 26936 26830 26740 26666 26592 26542 26566 26507 26403 26339 26287 26249 26214 26184 26169 26158 26161 26168 26178 26282 26357
38343 38062 37733 37459 37163 36912 36636 36413 36183 35990 35787 35607 35438 35290 35140 34998 34877 34739 34596 34473 34344 34201 34067 33920 33773 33627 33469 33309 33134 32944 32753 32547 32339 32103 31892 31667 31439 31170 30900 30643 30399 30141 29895 29650 29433 29206 29001 28806 28600 28394 28200 28047 27884 27762 27616 27472 27357 27246 27164 27070 27001 26944 26873 26813 26759 26711 26651 26594 26552 26525 26502 26482 26466 26464 26476 26492 26558
39177 38839 38535 38224 37950 37677 37437 37191 36973 36759 36567 36389 36223 36067 35923 35787 35672 35542 35408 35282 35139 35028 34888 34736 34570 34429 34277 34110 33928 33732 33521 33320 33090 32858 32624 32388 32123 31841 31572 31317 31046 30787 30526 30266 30007 29778 29529 29317 29109 28900 28703 28520 28367 28201 28077 27915 27782 27691 27576 27489 27426 27324 27258 27202 27140 27073 27006 26953 26915 26880 26848 26819 26793 26782 26775 26781 26790
39952 39629 39303 39017 38736 38476 38226 38005 37786 37580 37375 37183 37014 36870 36737 36604 36470 36335 36220 36090 35969 35843 35701 35542 35381 35233 35087 34927 34727 34511 34306 34072 33848 33608 33365 33094 32819 32527 32260 31979 31721 31434 31161 30859 30598 30339 30074 29831 29620 29409 29196 29010 28839 28670 28501 28361 28223 28099 28005 27910 27815 27731 27657 27581 27512 27438 27375 27314 27268 27224 27183 27145 27122 27101 27084 27071 27081
40728 40396 40086 39808 39544 39291 39065 38843 38621 38400 38203 38018 37846 37687 37552 37418 37296 37163 37018 36909 36796 36667 36510 36358 36205 36051 35908 35716 35510 35287 35074 34846 34602 34341 34077 33809 33525 33224 32934 32654 32357 32071 31743 31481 31178 30890 30608 30362 30135 29907 29691 29475 29300 29113 28941 28782 28639 28523 28395 28308 28206 28127 28046 27950 27874 27805 27734 27665 27598 27546 27497 27461 27429 27399 27384 27372 27352
41457 41155 40877 40607 40375 40123 39897 39683 39470 39258 39047 38860 38685 38535 38397 38260 38113 37980 37861 37733 37616 37471 37344 37190 37032 36884 36697 36509 36294 36078 35832 35596 35343 35085 34799 34509 34215 33905 33604 33286 32991 32653 32353 32050 31746 31430 31145 30883 30626 30395 30162 29943 29724 29546 29369 29193 29057 28897 28803 28682 28599 28501 28400 28322 28250 28161 28083 28006 27944 27883 27825 27781 27739 27711 27686 27654 27635
42190 41896 41639 41414 41172 40953 40724 40509 40306 40103 39902 39714 39549 39386 39234 39095 38956 38822 38691 38554 38419 38317 38175 38029 37879 37686 37516 37295 37086 36836 36608 36348 36086 35806 35509 35196 34892 34571 34247 33931 33584 33261 32922 32593 32289 31971 31671 31366 31106 30844 30609 30372 30163 29955 29761 29593 29439 29313 29173 29060 28957 28877 28782 28683 28592 28520 28435 28363 28292 28223 28167 28114 28063 28015 27970 27939 27923
42901 42640 42394 42172 41963 41743 41536 41342 41138 40946 40756 40577 40399 40234 40082 39953 39813 39652 39509 39371 39264 39146 39013 38863 38694 38520 38305 38089 37847 37626 37375 37107 36809 36507 36212 35887 35546 35213 34890 34535 34177 33814 33475 33121 32791 32487 32145 31850 31560 31283 31017 30792 30566 30354 30155 29969 29824 29666 29547 29414 29318 29219 29129 29036 28950 28859 28779 28698 28620 28554 28490 28428 28380 28323 28258 28219 28184
43559 43336 43120 42933 42724 42515 42319 42136 41954 41762 41593 41414 41234 41068 40926 40786 40646 40493 40334 40196 40068 39957 39831 39675 39502 39310 39088 38852 38626 38383 38124 37820 37524 37198 36880 36544 36203 35845 35483 35116 34730 34354 33975 33607 33264 32933 32605 32268 31975 31668 31414 31172 30944 30715 30512 30322 30145 30022 29858 29745 29643 29550 29467 29380 29288 29202 29115 29027 28940 28855 28783 28736 28680 28615 28552 28494 28440
44174 43972 43809 43622 43449 43265 43081 42898 42728 42558 42390 42221 42053 41886 41744 41603 41474 41320 41146 40995 40868 40737 40617 40468 40276 40067 39839 39619 39371 39107 38813 38512 38192 37868 37526 37165 36812 36428 36053 35659 35259 34842 34421 34053 33682 33338 32995 32671 32323 32041 31757 31513 31282 31050 30831 30623 30469 30301 30172 30028 29933 29848 29772 29678 29592 29513 29419 29324 29230 29137 29070 29027 28963 28890 28821 28755 28694
44720 44571 44408 44247 44099 43939 43780 43610 43464 43308 43140 42996 42841 42686 42544 42415 42274 42120 41944 41779 41641 41525 41386 41218 41020 40816 40593 40340 40083 39796 39492 39168 38812 38476 38122 37762 37357 36960 36558 36137 35724 35292 34843 34432 34060 33689 33346 32993 32671 32347 32075 31801 31568 31333 31097 30900 30729 30570 30423 30300 30188 30097 30029 29942 29863 29778 29691 29590 29502 29414 29339 29278 29219 29163 29075 28992 28925
45218 45082 44932 44819 44696 44549 44415 44295 44139 44008 43877 43746 43592 43438 43322 43193 43040 42875 42711 42545 42397 42273 42126 41951 41757 41533 41302 41027 40748 40451 40136 39775 39408 39034 38668 38269 37851 37440 37011 36577 36123 35676 35239 34786 34386 34012 33628 33274 32938 32627 32312 32049 31786 31549 31324 31110 30949 30773 30649 30523 30406 30311 30237 30172 30088 29998 29905 29836 29742 29661 29592 29513 29459 29385 29303 29214 29131
45642 45530 45429 45316 45218 45108 45012 44904 44786 44668 44562 44421 44305 44176 44024 43909 43757 43592 43417 43254 43109 42977 42823 42652 42438 42204 41952 41693 41391 41071 40718 40346 39967 39568 39150 38739 38307 37856 37400 36950 36496 36022 35570 35102 34659 34270 33883 33501 33163 32810 32522 32230 31965 31712 31484 31296 31105 30980 30825 30695 30588 30501 30424 30354 30279 30184 30112 30038 29951 29864 29803 29742 29659 29568 29481 29411 29324
45993 45928 45850 45763 45664 45616 45532 45449 45368 45276 45172 45056 44953 44826 44700 44561 44422 44246 44086 43915 43775 43636 43486 43282 43072 42830 42568 42273 41973 41628 41264 40867 40449 40025 39593 39142 38697 38219 37735 37257 36787 36313 35806 35350 34906 34460 34057 33674 33294 32981 32650 32371 32077 31822 31606 31415 31249 31094 30964 30817 30720 30644 30562 30502 30423 30350 30261 30196 30129 30063 29984 29907 29821 29725 29646 29573 29494
46275 46227 46185 46133 46083 46023 45977 45931 45887 45796 45717 45639 45526 45412 45311 45174 45012 44862 44694 44542 44383 44249 44079 43892 43634 43396 43111 42818 42467 42124 41734 41324 40867 40429 39970 39492 39021 38530 38031 37511 37012 36509 36015 35531 35071 34610 34178 33766 33412 33057 32752 32417 32149 31892 31661 31482 31314 31170 31024 30902 30789 30723 30678 30602 30533 30458 30404 30322 30265 30207 30125 30056 29954 29867 29785 29709 29642
46479 46454 46444 46429 46403 46379 46369 46349 46305 46251 46186 46134 46045 45945 45834 45698 45574 45403 45242 45098 44959 44793 44613 44403 44174 43887 43604 43261 42925 42516 42126 41689 41245 40754 40255 39776 39278 38772 38245 37711 37156 36650 36155 35643 35141 34692 34245 33831 33434 33092 32745 32450 32153 31895 31676 31482 31353 31167 31033 30923 30835 30754 30720 30668 30610 30545 30488 30429 30369 30296 30236 30165 30072 29971 29887 29821 29745
46623 46627 46631 46651 46673 46697 46699 46679 46660 46643 46603 46539 46489 46403 46292 46170 46036 45895 45746 45598 45430 45280 45089 44868 44603 44343 44010 43655 43266 42884 42441 41990 41518 41013 40486 39980 39453 38933 38378 37815 37271 36723 36200 35672 35183 34691 34243 33815 33431 33046 32726 32402 32117 31858 31638 31456 31286 31154 30991 30893 30817 30761 30713 30686 30626 30586 30528 30492 30418 30356 30293 30233 30138 30036 29962 29897 29835
46720 46731 46764 46812 46881 46917 46943 46960 46965 46948 46921 46894 46845 46771 46675 46578 46436 46308 46181 46019 45857 45684 45482 45236 44971 44672 44353 43958 43556 43134 42690 42212 41726 41192 40636 40088 39560 39011 38428 37849 37291 36728 36162 35647 35142 34636 34174 33759 33347 32987 32624 32327 32027 31781 31560 31364 31207 31060 30925 30812 30763 30720 30684 30630 30609 30568 30534 30473 30423 30360 30322 30235 30165 30085 29999 29935 29854
46752 46781 46831 46919 46993 47065 47127 47167 47185 47180 47189 47163 47138 47066 46982 46878 46773 46655 46526 46374 46204 46006 45778 45531 45253 44927 44580 44185 43743 43305 42847 42367 41826 41277 40720 40142 39586 39008 38409 37815 37228 36649 36095 35538 35005 34512 34063 33621 33221 32833 32482 32170 31897 31637 31416 31233 31061 30915 30806 30721 30658 30629 30594 30566 30532 30503 30457 30434 30372 30346 30271 30221 30150 30071 29997 29922 29855
