ASPA-UH-SWB2_REPO/dynamic_inputs/RO_Rf_Ratios_Dynamic/Data/Gridded_rain/PRISM_ppt_tutuila_30yr_normal_80mM1_12_asc.asc
ncols 381
nrows 202
xllcorner -170.851658
yllcorner -14.379175
cellsize 0.00083333333
NODATA_value -9999
[rows 102 to 135 of 202, columns 0 to 76 of 381]
-9999 -9999 -9999 -9999 -9999 -9999 -9999 -9999 -9999 -9999 -9999 -9999 -9999 -9999 -9999 -9999 -9999 -9999 -9999 -9999 -9999 -9999 -9999 -9999 -9999 -9999 -9999 -9999 -9999 -9999 -9999 -9999 -9999 -9999 -9999 30699 30890 31007 31385 31759 -9999 -9999 33158 33279 33647 34086 34522 34958 35420 35882 36334 36805 37258 37722 38194 38656 39100 39525 39944 40343 40732 41102 41444 41762 42043 42315 42586 42819 43032 43225 43389 43507 43616 43696 43782 43837 43880
-9999 -9999 -9999 -9999 -9999 -9999 -9999 -9999 -9999 -9999 -9999 -9999 -9999 -9999 -9999 -9999 -9999 -9999 -9999 -9999 -9999 -9999 -9999 -9999 -9999 -9999 -9999 -9999 -9999 -9999 -9999 -9999 -9999 30537 30724 30912 31095 31464 31813 32287 32725 33205 33444 33787 34224 34690 35152 35604 36075 36556 37056 37536 38017 38499 38990 39461 39922 40375 40801 41228 41625 42003 42362 42686 42991 43267 43532 43778 43984 44190 44339 44469 44580 44671 44730 44794 44837
-9999 -9999 -9999 -9999 -9999 -9999 -9999 -9999 -9999 -9999 -9999 -9999 -9999 -9999 -9999 -9999 -9999 -9999 -9999 -9999 -9999 -9999 -9999 -9999 -9999 -9999 -9999 -9999 -9999 -9999 -9999 -9999 30557 30730 30920 31184 31542 31910 32298 32676 33165 33586 33919 34365 34828 35301 35771 36260 36750 37260 37780 38280 38780 39289 39789 40268 40748 41209 41673 42109 42514 42907 43272 43618 43936 44215 44475 44723 44941 45121 45282 45415 45519 45611 45688 45733 45767
-9999 -9999 -9999 -9999 -9999 -9999 -9999 -9999 -9999 -9999 -9999 -9999 -9999 -9999 -9999 -9999 -9999 -9999 -9999 -9999 -9999 -9999 -9999 -9999 -9999 -9999 -9999 -9999 -9999 -9999 -9999 30623 30804 30927 31255 31612 31989 32386 32774 33190 33617 34043 34488 34950 35430 35929 36419 36919 37438 37967 38507 39026 39554 40063 40571 41080 41569 42050 42522 42974 43394 43801 44179 44529 44850 45151 45404 45645 45866 46049 46203 46329 46435 46528 46613 46658 46683
-9999 -9999 -9999 -9999 -9999 -9999 -9999 -9999 -9999 -9999 -9999 -9999 -9999 -9999 -9999 -9999 -9999 -9999 -9999 -9999 -9999 -9999 -9999 -9999 -9999 -9999 -9999 -9999 -9999 -9999 30690 30879 30991 31337 31684 32050 32446 32853 33289 33714 34149 34603 35073 35543 36041 36560 37080 37600 38129 38687 39236 39784 40321 40841 41370 41889 42398 42895 43382 43839 44273 44676 45057 45419 45744 46048 46322 46548 46763 46949 47105 47225 47333 47435 47502 47563 47588
-9999 -9999 -9999 -9999 -9999 -9999 -9999 -9999 -9999 -9999 -9999 -9999 -9999 -9999 -9999 -9999 -9999 -9999 -9999 -9999 -9999 -9999 -9999 -9999 -9999 -9999 -9999 -9999 -9999 30726 30931 31066 31412 31758 32133 32518 32924 33359 33803 34247 34699 35179 35657 36155 36674 37195 37743 38283 38842 39400 39968 40526 41075 41625 42174 42693 43218 43731 44224 44685 45123 45521 45916 46281 46619 46918 47187 47425 47634 47832 47992 48114 48215 48309 48384 48426 48467
-9999 -9999 -9999 -9999 -9999 -9999 -9999 -9999 -9999 -9999 -9999 -9999 -9999 -9999 -9999 -9999 -9999 -9999 -9999 -9999 -9999 -9999 -9999 -9999 -9999 -9999 -9999 -9999 30747 30958 31104 31459 31833 32207 32592 33006 33431 33874 34327 34797 35276 35754 36252 36781 37311 37860 38400 38968 39537 40105 40684 41264 41825 42394 42943 43488 44030 44540 45028 45503 45937 46359 46739 47110 47451 47755 48027 48260 48482 48683 48837 48970 49073 49158 49224 49273 49294
-9999 -9999 -9999 -9999 -9999 -9999 -9999 -9999 -9999 -9999 -9999 -9999 -9999 -9999 -9999 -9999 -9999 -9999 -9999 -9999 -9999 -9999 -9999 -9999 -9999 -9999 -9999 30772 30974 31113 31487 31860 32253 32657 33061 33485 33938 34408 34878 35356 35843 36351 36870 37410 37959 38518 39068 39637 40226 40806 41396 41978 42559 43138 43694 44256 44786 45311 45813 46275 46725 47143 47539 47896 48242 48560 48837 49073 49288 49482 49646 49772 49884 49961 50025 50064 50091
-9999 -9999 -9999 -9999 -9999 -9999 -9999 -9999 -9999 -9999 -9999 -9999 -9999 -9999 -9999 -9999 -9999 -9999 -9999 -9999 -9999 -9999 -9999 -9999 -9999 -9999 30796 30993 31124 31497 31879 32272 32675 33098 33530 33982 34443 34931 35418 35915 36422 36941 37490 38031 38600 39160 39719 40309 40900 41502 42095 42668 43277 43854 44417 44977 45523 46045 46545 47023 47460 47895 48279 48651 49002 49313 49592 49831 50046 50240 50396 50532 50628 50722 50777 50823 50832
-9999 -9999 -9999 -9999 -9999 -9999 -9999 -9999 -9999 -9999 -9999 -9999 -9999 -9999 -9999 -9999 -9999 -9999 -9999 -9999 -9999 -9999 -9999 -9999 -9999 30774 30986 31136 31499 31880 32273 32695 33117 33549 34000 34459 34947 35433 35948 36465 36985 37524 38064 38644 39214 39773 40363 40956 41560 42175 42758 43359 43947 44532 45103 45670 46214 46745 47233 47709 48173 48596 48987 49345 49689 50009 50280 50528 50753 50931 51088 51217 51342 51422 51487 51516 51541
-9999 -9999 -9999 -9999 -9999 -9999 -9999 -9999 -9999 -9999 -9999 -9999 -9999 -9999 -9999 -9999 -9999 -9999 -9999 -9999 -9999 -9999 -9999 -9999 30738 30967 31121 31482 31854 32265 32686 33117 33559 34000 34468 34944 35430 35945 36471 36991 37540 38080 38650 39220 39800 40381 40974 41579 42205 42801 43404 44004 44591 45174 45762 46298 46861 47381 47888 48363 48816 49247 49632 49991 50316 50628 50908 51156 51367 51557 51710 51862 51975 52076 52127 52167 52175
-9999 -9999 -9999 -9999 -9999 -9999 -9999 -9999 -9999 -9999 -9999 -9999 -9999 -9999 -9999 -9999 -9999 -9999 -9999 -9999 -9999 -9999 30383 30634 30851 31087 31448 31828 32229 32650 33090 33521 33980 34458 34934 35419 35923 36439 36979 37528 38078 38638 39198 39787 40360 40973 41569 42177 42785 43410 44012 44611 45187 45779 46347 46913 47445 47985 48472 48957 49419 49823 50219 50569 50895 51189 51461 51705 51931 52118 52295 52427 52554 52653 52718 52742 52760
-9999 -9999 -9999 -9999 -9999 -9999 -9999 -9999 -9999 -9999 -9999 -9999 -9999 -9999 -9999 -9999 -9999 -9999 -9999 -9999 -9999 30281 30501 30722 31035 31405 31785 32175 32595 33035 33484 33933 34401 34896 35390 35894 36409 36937 37487 38047 38607 39157 39747 40319 40924 41521 42131 42739 43357 43962 44564 45152 45756 46328 46897 47443 47996 48507 49015 49489 49934 50350 50728 51071 51388 51686 51956 52198 52431 52635 52791 52946 53071 53176 53230 53266 53277
-9999 -9999 -9999 -9999 -9999 -9999 -9999 -9999 -9999 -9999 -9999 -9999 -9999 -9999 -9999 -9999 -9999 -9999 -9999 -9999 30204 30411 30584 30935 31325 31713 32102 32512 32951 33410 33869 34345 34830 35324 35827 36352 36879 37418 37978 38548 39099 39688 40241 40836 41443 42054 42655 43265 43862 44477 45068 45656 46251 46824 47374 47940 48465 48997 49485 49945 50383 50791 51152 51487 51821 52099 52377 52627 52858 53059 53231 53383 53522 53608 53687 53721 53751
-9999 -9999 -9999 -9999 -9999 -9999 -9999 -9999 -9999 -9999 -9999 -9999 -9999 -9999 -9999 -9999 -9999 -9999 -9999 30107 30325 30486 30827 31206 31604 31992 32410 32849 33298 33776 34252 34737 35230 35732 36255 36792 37321 37871 38441 39011 39581 40143 40728 41316 41927 42520 43143 43743 44330 44925 45526 46115 46671 47255 47816 48345 48881 49394 49890 50334 50755 51147 51501 51844 52160 52456 52724 52982 53210 53408 53586 53744 53872 53984 54063 54113 54138
-9999 -9999 -9999 -9999 -9999 -9999 -9999 -9999 -9999 -9999 -9999 -9999 -9999 -9999 -9999 -9999 -9999 -9999 29982 30212 30380 30720 31079 31457 31864 32281 32718 33166 33624 34111 34605 35098 35600 36122 36647 37175 37735 38295 38865 39435 40006 40581 41159 41761 42345 42969 43562 44163 44751 45336 45919 46499 47067 47622 48176 48706 49224 49728 50201 50648 51054 51420 51791 52125 52432 52737 53004 53250 53475 53689 53865 54020 54146 54267 54364 54424 54460
-9999 -9999 -9999 -9999 -9999 -9999 -9999 -9999 -9999 -9999 -9999 -9999 -9999 -9999 -9999 -9999 -9999 29844 30075 30245 30595 30934 31311 31708 32124 32560 32997 33455 33940 34425 34918 35419 35940 36464 37001 37550 38101 38671 39240 39821 40395 40963 41554 42138 42734 43340 43934 44516 45104 45681 46256 46828 47378 47926 48472 48995 49505 49987 50447 50871 51260 51642 51995 52330 52645 52932 53206 53440 53672 53875 54066 54219 54352 54472 54572 54656 54684
-9999 -9999 -9999 -9999 -9999 -9999 -9999 -9999 -9999 -9999 -9999 -9999 -9999 -9999 -9999 -9999 29721 29939 30102 30441 30780 31148 31534 31948 32364 32810 33266 33742 34226 34709 35200 35720 36252 36778 37326 37876 38437 38997 39577 40150 40727 41308 41882 42478 43066 43643 44238 44821 45381 45950 46527 47071 47624 48165 48704 49220 49711 50174 50621 51031 51417 51779 52122 52456 52762 53047 53311 53552 53773 53983 54163 54332 54472 54592 54701 54780 54842
-9999 -9999 -9999 -9999 -9999 -9999 -9999 -9999 -9999 -9999 -9999 -9999 -9999 -9999 -9999 29617 29791 29950 30280 30609 30975 31341 31746 32151 32595 33030 33505 33989 34472 34972 35472 35982 36525 37072 37612 38173 38713 39292 39854 40430 41010 41584 42171 42750 43329 43897 44484 45048 45601 46162 46712 47260 47795 48330 48852 49350 49835 50298 50715 51122 51487 51830 52171 52495 52801 53075 53327 53567 53795 53994 54190 54348 54496 54623 54744 54836 54896
-9999 -9999 -9999 -9999 -9999 -9999 -9999 -9999 -9999 -9999 -9999 -9999 -9999 -9999 -9999 29705 29826 30109 30428 30776 31132 31526 31929 32353 32787 33241 33705 34197 34697 35196 35704 36234 36769 37317 37867 38408 38977 39528 40091 40669 41232 41820 42390 42972 43533 44103 44662 45219 45764 46309 46842 47372 47891 48409 48925 49407 49873 50320 50749 51118 51483 51814 52135 52438 52741 53024 53265 53503 53711 53916 54111 54286 54423 54559 54691 54800 54883
-9999 -9999 -9999 -9999 -9999 -9999 -9999 -9999 -9999 -9999 -9999 -9999 -9999 -9999 -9999 29758 29948 30220 30567 30913 31287 31671 32093 32506 32959 33412 33894 34384 34883 35381 35899 36439 36973 37522 38072 38622 39160 39721 40287 40847 41413 41972 42556 43121 43686 44238 44769 45319 45849 46377 46904 47409 47912 48403 48902 49378 49829 50259 50672 51068 51395 51715 52024 52315 52605 52875 53124 53351 53557 53761 53935 54108 54271 54407 54550 54674 54762
-9999 -9999 -9999 -9999 -9999 -9999 -9999 -9999 -9999 -9999 -9999 -9999 -9999 -9999 -9999 29812 30058 30321 30667 31031 31414 31806 32209 32660 33102 33564 34045 34533 35040 35546 36063 36584 37129 37677 38217 38755 39313 39865 40412 40964 41500 42082 42638 43206 43743 44279 44813 45327 45851 46354 46865 47355 47844 48319 48793 49253 49698 50114 50536 50907 51253 51553 51831 52127 52394 52650 52905 53111 53315 53507 53688 53869 54022 54165 54309 54451 54578
-9999 -9999 -9999 -9999 -9999 -9999 27864 -9999 -9999 -9999 -9999 -9999 -9999 29408 29621 29813 30085 30412 30757 31130 31512 31903 32324 32755 33216 33677 34156 34653 35148 35663 36170 36681 37235 37774 38302 38849 39388 39939 40476 41009 41557 42089 42636 43186 43726 44233 44751 45259 45747 46245 46732 47208 47671 48154 48614 49050 49469 49904 50305 50686 51020 51320 51586 51858 52119 52361 52592 52803 52994 53184 53382 53542 53702 53854 54007 54161 54290
-9999 -9999 -9999 -9999 -9999 27816 27874 28010 -9999 28446 28672 28854 29108 29337 29590 29850 30148 30474 30837 31200 31572 31981 32401 32831 33272 33750 34238 34723 35218 35712 36218 36748 37273 37811 38348 38875 39403 39944 40481 41004 41522 42034 42561 43103 43614 44116 44606 45086 45579 46051 46523 46974 47435 47894 48340 48761 49189 49589 49992 50366 50714 51002 51278 51520 51767 52001 52216 52421 52607 52783 52978 53164 53322 53472 53624 53769 53915
-9999 -9999 -9999 -9999 27715 27809 27900 28055 28240 28448 28632 28854 29095 29346 29616 29905 30202 30527 30870 31241 31631 32030 32449 32868 33327 33785 34262 34756 35249 35742 36237 36746 37271 37799 38335 38850 39368 39899 40406 40928 41426 41918 42436 42927 43431 43925 44389 44853 45328 45795 46231 46678 47123 47547 47980 48399 48802 49200 49579 49971 50303 50595 50871 51113 51351 51582 51772 51969 52148 52327 52507 52689 52853 53001 53152 53306 53453
-9999 -9999 -9999 27601 27693 27784 27920 28086 28262 28446 28650 28862 29104 29364 29642 29930 30237 30551 30893 31263 31652 32051 32459 32887 33335 33792 34267 34750 35242 35724 36208 36716 37230 37756 38262 38757 39274 39774 40280 40761 41258 41740 42217 42700 43175 43642 44100 44558 45008 45448 45890 46311 46720 47129 47547 47941 48341 48725 49102 49460 49795 50105 50367 50631 50869 51076 51273 51457 51629 51801 51965 52131 52290 52444 52601 52754 52910
-9999 -9999 27487 27579 27659 27785 27931 28097 28282 28466 28659 28871 29102 29372 29650 29947 30233 30556 30907 31267 31645 32033 32449 32876 33304 33760 34224 34705 35186 35668 36151 36628 37139 37645 38140 38625 39091 39589 40063 40543 40999 41470 41937 42399 42856 43285 43726 44169 44604 45040 45467 45864 46260 46654 47046 47426 47811 48179 48551 48883 49205 49516 49792 50051 50295 50501 50704 50881 51043 51201 51369 51520 51664 51811 51964 52123 52278
-9999 27374 27466 27546 27661 27787 27933 28108 28292 28476 28659 28871 29111 29361 29638 29925 30230 30543 30883 31242 31619 32006 32402 32818 33244 33689 34142 34604 35084 35554 36025 36500 36970 37464 37949 38414 38888 39326 39798 40245 40699 41138 41584 42036 42463 42884 43277 43695 44137 44549 44951 45345 45727 46110 46468 46865 47225 47578 47923 48247 48552 48846 49129 49389 49622 49844 50039 50212 50387 50549 50710 50859 50999 51143 51292 51446 51607
27286 27354 27433 27549 27664 27789 27935 28100 28284 28467 28660 28871 29092 29350 29618 29894 30188 30510 30840 31199 31556 31941 32327 32741 33157 33581 34023 34474 34933 35383 35842 36305 36762 37235 37689 38153 38588 39044 39464 39909 40329 40756 41170 41590 42006 42387 42784 43175 43581 43980 44370 44751 45123 45482 45861 46226 46584 46923 47241 47548 47843 48117 48401 48653 48882 49078 49272 49466 49652 49820 49973 50127 50291 50437 50585 50738 50896
27279 27340 27436 27552 27667 27792 27927 28092 28266 28449 28651 28853 29082 29321 29588 29844 30138 30440 30779 31108 31464 31829 32223 32617 33031 33445 33867 34307 34736 35184 35622 36053 36507 36947 37399 37833 38268 38673 39101 39503 39921 40294 40695 41092 41466 41846 42213 42587 42967 43352 43719 44089 44450 44810 45169 45524 45871 46208 46502 46804 47092 47366 47616 47854 48072 48268 48455 48645 48818 48994 49163 49333 49493 49654 49808 49965 50127
27274 27344 27440 27545 27660 27776 27921 28075 28239 28432 28614 28825 29044 29283 29520 29795 30069 30371 30680 31008 31344 31709 32082 32465 32868 33271 33682 34092 34520 34938 35356 35784 36205 36631 37051 37474 37868 38283 38670 39070 39435 39794 40170 40524 40885 41243 41588 41931 42293 42663 43016 43364 43714 44066 44427 44763 45101 45418 45730 46017 46288 46556 46796 47019 47220 47403 47579 47759 47934 48104 48282 48444 48609 48778 48949 49113 49282
27285 27348 27425 27530 27635 27760 27895 28049 28213 28386 28568 28769 28988 29206 29443 29698 29991 30273 30573 30891 31217 31561 31923 32305 32677 33069 33451 33860 34258 34655 35072 35479 35878 36270 36676 37057 37449 37814 38200 38569 38921 39257 39589 39919 40255 40590 40901 41243 41573 41902 42250 42595 42923 43264 43606 43953 44280 44594 44880 45150 45418 45683 45928 46134 46325 46492 46663 46833 47009 47172 47333 47503 47671 47843 48010 48180 48355
27299 27342 27401 27496 27611 27726 27850 28005 28168 28331 28503 28694 28903 29121 29348 29593 29876 30168 30448 30746 31071 31405 31747 32108 32470 32831 33221 33591 33969 34356 34751 35147 35504 35883 36245 36622 36972 37325 37680 38029 38349 38673 38972 39286 39598 39888 40196 40482 40800 41118 41447 41762 42086 42414 42738 43076 43390 43656 43934 44200 44465 44705 44943 45166 45360 45536 45688 45852 46019 46184 46351 46517 46693 46858 47029 47204 47393
-9999 27347 27412 27463 27558 27682 27816 27950 28104 28257 28439 28620 28809 29027 29244 29489 29743 30024 30304 30582 30888 31221 31544 31885 32235 32585 32935 33304 33672 34038 34404 34760 35125 35462 35801 36143 36469 36809 37132 37438 37747 38050 38337 38607 38885 39170 39443 39705 39988 40304 40588 40894 41196 41504 41793 42096 42379 42638 42886 43140 43379 43636 43873 44106 44322 44512 44671 44826 44989 45160 45332 45506 45680 45856 46031 46211 46405
