ASPA-UH-SWB2_REPO/dynamic_inputs/RO_Rf_Ratios_Dynamic/Data/Gridded_rain/PRISM_ppt_tutuila_30yr_normal_80mM1_06_asc.asc
ncols 381
nrows 202
xllcorner -170.851658
yllcorner -14.379175
cellsize 0.00083333333
NODATA_value -9999
[rows 102 to 135 of 202, columns 77 to 153 of 381]
32821 32886 32930 32975 33021 33068 33115 33164 33213 33263 33313 33364 33416 33468 33520 33559 33589 33620 33651 33670 33690 33699 33719 33723 33722 33722 33717 33714 33708 33695 33689 33676 33664 33651 33651 33664 33689 33708 33739 33790 33841 33913 34000 34103 34228 34354 34503 34658 34828 35004 35195 35382 35582 35786 35985 36177 36368 36568 36758 36936 37102 37257 37409 37559 37715 37868 38011 38153 38293 38425 38549 38684 38796 38921 39052 39184 39316
33676 33728 33787 33825 33865 33905 33946 33989 34032 34076 34121 34166 34219 34266 34310 34345 34365 34389 34409 34419 34420 34433 34445 34451 34449 34446 34449 34451 34453 34448 34437 34428 34412 34397 34403 34422 34447 34472 34511 34557 34624 34691 34781 34901 35022 35174 35318 35476 35640 35826 36009 36205 36395 36597 36800 36978 37163 37346 37535 37702 37847 37988 38134 38266 38395 38520 38651 38753 38872 38972 39073 39175 39272 39364 39464 39573 39683
34514 34567 34612 34658 34697 34730 34764 34800 34836 34874 34912 34964 35011 35050 35070 35086 35101 35099 35105 35109 35100 35100 35104 35112 35116 35118 35124 35130 35149 35158 35150 35147 35134 35118 35123 35149 35169 35210 35251 35308 35372 35450 35551 35669 35811 35953 36110 36267 36452 36627 36813 37003 37203 37405 37581 37765 37944 38121 38293 38450 38574 38701 38822 38937 39038 39144 39235 39333 39402 39479 39547 39616 39688 39756 39832 39908 39985
35331 35382 35427 35465 35504 35537 35570 35598 35627 35657 35701 35745 35784 35796 35805 35804 35795 35776 35765 35760 35745 35733 35732 35736 35733 35736 35742 35759 35779 35794 35818 35820 35822 35810 35814 35841 35869 35907 35960 36021 36098 36190 36283 36423 36565 36724 36875 37055 37226 37417 37602 37796 37984 38180 38356 38538 38697 38868 39023 39152 39282 39387 39474 39562 39653 39720 39790 39847 39911 39945 39988 40023 40060 40094 40136 40178 40222
36117 36167 36218 36255 36278 36317 36349 36376 36396 36431 36458 36485 36506 36519 36503 36479 36452 36438 36421 36392 36378 36361 36348 36340 36332 36319 36322 36336 36357 36381 36413 36445 36455 36477 36480 36501 36538 36574 36632 36706 36791 36885 37002 37137 37297 37460 37638 37808 37998 38183 38378 38564 38758 38933 39129 39284 39432 39589 39727 39847 39937 40028 40098 40160 40212 40267 40286 40329 40350 40368 40377 40375 40377 40375 40372 40388 40397
36879 36929 36964 36999 37034 37071 37095 37112 37145 37163 37180 37183 37191 37175 37155 37123 37099 37083 37055 37028 37004 36982 36957 36936 36916 36896 36886 36880 36894 36922 36962 37004 37047 37076 37110 37131 37166 37212 37270 37347 37440 37545 37674 37821 37986 38163 38349 38533 38729 38936 39119 39316 39493 39682 39847 40012 40158 40284 40406 40497 40576 40633 40686 40709 40742 40755 40760 40740 40735 40717 40699 40662 40626 40587 40547 40517 40489
37620 37653 37694 37720 37761 37782 37811 37840 37856 37867 37854 37852 37838 37814 37785 37763 37743 37711 37692 37661 37626 37593 37568 37534 37499 37459 37435 37415 37413 37433 37460 37518 37571 37622 37682 37720 37753 37805 37877 37950 38054 38172 38307 38462 38635 38829 39017 39226 39432 39638 39843 40028 40215 40386 40556 40715 40851 40963 41050 41122 41168 41209 41226 41229 41220 41199 41150 41114 41052 41008 40942 40876 40804 40727 40649 40581 40514
38315 38362 38393 38425 38450 38476 38509 38523 38536 38530 38527 38498 38471 38452 38428 38405 38383 38361 38327 38298 38253 38215 38185 38132 38082 38038 37983 37953 37929 37927 37949 37985 38052 38120 38191 38256 38300 38358 38427 38522 38633 38759 38911 39075 39253 39444 39659 39873 40105 40315 40520 40719 40892 41072 41240 41383 41499 41588 41668 41710 41732 41727 41714 41696 41653 41588 41512 41408 41317 41234 41129 41035 40914 40788 40681 40564 40469
39002 39025 39070 39093 39115 39146 39163 39178 39182 39175 39151 39122 39094 39081 39063 39039 39022 38991 38962 38913 38885 38838 38792 38740 38671 38610 38543 38492 38454 38421 38421 38444 38502 38578 38654 38732 38806 38866 38949 39050 39175 39316 39472 39656 39840 40046 40262 40499 40730 40967 41183 41382 41560 41724 41879 42015 42121 42196 42229 42258 42246 42211 42168 42106 42017 41924 41800 41665 41535 41390 41254 41110 40959 40793 40636 40481 40327
39634 39671 39691 39727 39740 39768 39789 39791 39793 39779 39744 39718 39703 39683 39671 39652 39627 39612 39571 39538 39492 39458 39404 39336 39266 39185 39113 39035 38972 38921 38892 38899 38927 38993 39084 39179 39260 39334 39425 39537 39670 39828 40003 40188 40395 40610 40844 41090 41337 41582 41818 42018 42193 42358 42501 42621 42707 42757 42779 42765 42725 42660 42573 42464 42337 42194 42028 41851 41678 41490 41301 41114 40921 40725 40517 40311 40130
40217 40252 40286 40305 40330 40342 40359 40369 40358 40339 40311 40284 40268 40248 40242 40230 40216 40192 40175 40132 40102 40065 40005 39935 39848 39766 39676 39578 39488 39415 39359 39332 39338 39392 39479 39577 39681 39764 39865 39983 40118 40293 40489 40689 40907 41148 41400 41658 41915 42174 42408 42627 42799 42957 43087 43200 43254 43285 43286 43236 43155 43058 42923 42764 42596 42399 42189 41967 41739 41505 41293 41040 40804 40564 40316 40079 39848
40735 40785 40818 40834 40858 40868 40882 40893 40879 40850 40833 40813 40790 40789 40776 40770 40767 40761 40729 40718 40678 40640 40585 40500 40417 40312 40217 40108 39995 39888 39809 39755 39732 39765 39842 39951 40060 40163 40266 40384 40546 40721 40918 41149 41392 41654 41919 42189 42465 42724 42962 43190 43377 43518 43635 43729 43776 43768 43734 43654 43542 43397 43210 43010 42786 42533 42275 42017 41741 41460 41157 40890 40597 40325 40033 39745 39474
41213 41254 41294 41310 41318 41341 41358 41352 41342 41322 41309 41282 41279 41278 41270 41275 41284 41282 41269 41240 41218 41178 41114 41027 40929 40835 40725 40612 40473 40348 40240 40157 40112 40108 40177 40292 40405 40520 40625 40760 40926 41120 41326 41574 41839 42115 42410 42693 42971 43238 43497 43725 43908 44047 44159 44220 44241 44210 44127 44015 43866 43668 43450 43180 42898 42607 42287 41967 41641 41311 40970 40622 40305 39966 39643 39324 39024
41627 41662 41694 41725 41739 41752 41768 41768 41757 41746 41719 41717 41714 41716 41726 41736 41749 41760 41753 41728 41697 41655 41589 41500 41400 41304 41192 41059 40924 40782 40650 40536 40457 40432 40479 40583 40710 40826 40951 41102 41278 41473 41714 41968 42246 42552 42863 43160 43450 43732 44003 44221 44406 44551 44644 44671 44661 44593 44468 44319 44117 43875 43598 43291 42933 42589 42215 41831 41452 41083 40692 40294 39908 39549 39184 38828 38479
41978 42014 42047 42070 42092 42112 42127 42133 42123 42096 42087 42092 42103 42107 42123 42150 42169 42186 42177 42156 42123 42079 42011 41920 41818 41714 41594 41466 41324 41174 41018 40886 40778 40725 40753 40841 40968 41098 41238 41404 41592 41813 42058 42331 42630 42951 43271 43605 43905 44194 44448 44689 44864 45005 45063 45061 45009 44897 44736 44539 44300 44007 43678 43305 42915 42479 42062 41622 41200 40766 40322 39889 39472 39051 38659 38265 37893
42249 42303 42337 42362 42392 42413 42429 42430 42415 42406 42403 42414 42418 42447 42479 42498 42538 42547 42549 42526 42491 42445 42381 42281 42178 42065 41944 41809 41665 41509 41352 41200 41066 40987 40984 41070 41197 41336 41494 41658 41868 42110 42373 42658 42977 43313 43654 43992 44317 44600 44871 45097 45273 45354 45370 45324 45224 45056 44856 44617 44337 44035 43651 43247 42787 42316 41816 41318 40851 40361 39880 39403 38932 38494 38055 37648 37238
42470 42513 42551 42586 42619 42650 42655 42652 42655 42650 42658 42661 42687 42725 42760 42795 42828 42862 42849 42838 42795 42753 42681 42592 42481 42354 42237 42100 41944 41799 41636 41462 41312 41214 41195 41268 41399 41544 41706 41889 42105 42360 42639 42955 43287 43636 43995 44342 44671 44982 45241 45445 45551 45576 45509 45401 45222 45010 44770 44490 44196 43843 43487 43040 42578 42038 41478 40932 40396 39864 39335 38826 38314 37847 37380 36922 36497
42589 42652 42703 42743 42773 42801 42818 42833 42834 42840 42847 42869 42901 42940 42985 43027 43073 43092 43098 43072 43053 42997 42930 42840 42727 42605 42474 42336 42190 42021 41858 41684 41518 41398 41369 41438 41565 41719 41878 42078 42303 42571 42870 43209 43551 43916 44290 44659 44999 45298 45519 45639 45680 45606 45472 45257 45015 44739 44443 44142 43824 43489 43084 42672 42171 41652 41052 40457 39863 39279 38702 38148 37629 37120 36609 36133 35658
42650 42713 42779 42817 42860 42887 42924 42938 42953 42964 42987 43014 43046 43091 43144 43200 43238 43262 43274 43260 43228 43190 43116 43031 42923 42806 42662 42523 42370 42206 42025 41852 41679 41549 41517 41574 41711 41859 42034 42227 42465 42742 43071 43410 43781 44167 44553 44913 45255 45520 45659 45707 45627 45463 45230 44959 44665 44338 43995 43648 43301 42917 42538 42101 41641 41086 40530 39884 39233 38610 37996 37408 36844 36289 35784 35258 34772
42621 42710 42769 42823 42874 42922 42951 42988 43004 43033 43046 43084 43127 43178 43236 43292 43329 43367 43379 43371 43344 43300 43257 43158 43050 42932 42806 42654 42489 42324 42149 41959 41788 41668 41633 41695 41818 41983 42148 42354 42597 42898 43223 43585 43964 44366 44750 45127 45431 45604 45677 45605 45424 45172 44892 44562 44218 43865 43482 43084 42672 42275 41832 41407 40940 40433 39850 39213 38536 37862 37212 36590 35979 35407 34853 34352 33813
42531 42617 42694 42759 42819 42868 42929 42961 42992 43015 43046 43085 43131 43186 43248 43303 43361 43392 43410 43416 43396 43358 43302 43229 43120 43002 42870 42724 42559 42383 42208 42031 41857 41739 41718 41783 41919 42066 42249 42447 42716 43014 43348 43714 44113 44501 44897 45258 45502 45593 45555 45388 45122 44822 44481 44122 43738 43320 42895 42467 42026 41535 41074 40594 40152 39646 39073 38442 37745 37033 36350 35694 35066 34458 33886 33338 32829
42344 42447 42539 42622 42687 42754 42811 42876 42911 42937 42978 43012 43067 43123 43181 43247 43312 43364 43383 43389 43376 43351 43295 43216 43127 43003 42878 42732 42568 42398 42219 42043 41879 41777 41765 41857 41977 42135 42305 42529 42784 43092 43430 43808 44198 44594 44980 45293 45466 45484 45336 45079 44784 44423 44027 43625 43198 42736 42256 41783 41284 40760 40240 39741 39253 38751 38183 37541 36855 36125 35410 34739 34075 33456 32847 32291 31741
42074 42195 42313 42405 42490 42570 42646 42704 42767 42810 42838 42888 42936 42991 43056 43125 43203 43256 43296 43302 43297 43273 43225 43153 43058 42948 42829 42685 42521 42359 42181 42000 41861 41785 41800 41887 42019 42161 42344 42556 42821 43127 43471 43842 44226 44624 44978 45256 45350 45269 45035 44735 44364 43969 43552 43081 42597 42103 41600 41043 40484 39951 39396 38836 38300 37793 37211 36566 35883 35154 34425 33733 33059 32391 31774 31187 30630
41733 41876 41997 42108 42218 42321 42404 42484 42556 42612 42659 42707 42760 42807 42870 42952 43027 43088 43135 43156 43152 43130 43096 43032 42938 42836 42719 42582 42426 42260 42089 41929 41810 41760 41808 41896 42017 42172 42336 42555 42819 43123 43460 43814 44200 44572 44911 45122 45143 44969 44676 44320 43903 43460 42995 42502 41971 41429 40866 40284 39703 39094 38504 37921 37340 36760 36214 35570 34867 34138 33408 32711 31999 31327 30697 30108 29540
41310 41459 41604 41744 41873 41980 42088 42199 42283 42356 42416 42475 42523 42580 42640 42712 42786 42859 42908 42931 42942 42934 42908 42846 42761 42673 42551 42429 42275 42111 41957 41831 41740 41730 41788 41876 41997 42132 42304 42519 42776 43074 43396 43755 44096 44459 44750 44918 44864 44629 44269 43854 43408 42927 42415 41861 41317 40725 40098 39493 38872 38228 37590 36976 36348 35743 35163 34550 33846 33122 32363 31635 30968 30315 29676 29097 28531
40786 40969 41138 41295 41447 41582 41709 41831 41942 42037 42114 42180 42247 42309 42363 42417 42488 42559 42614 42652 42672 42673 42649 42602 42532 42440 42339 42213 42074 41925 41807 41709 41672 41686 41737 41835 41936 42061 42233 42449 42695 42974 43289 43605 43956 44258 44521 44634 44522 44226 43821 43375 42879 42360 41797 41216 40596 39976 39338 38667 37996 37345 36675 35988 35360 34742 34128 33501 32809 32060 31286 30620 29984 29345 28750 28194 27632
40200 40400 40588 40771 40949 41116 41265 41408 41544 41656 41748 41834 41922 41983 42033 42094 42154 42215 42267 42316 42349 42352 42344 42305 42238 42155 42063 41955 41830 41728 41636 41592 41582 41616 41665 41748 41844 41966 42132 42327 42564 42832 43116 43422 43717 44006 44201 44282 44127 43776 43349 42850 42326 41743 41151 40529 39868 39198 38517 37810 37118 36433 35733 35032 34379 33751 33112 32465 31754 30995 30308 29646 29032 28447 27928 27398 26844
39539 39761 39977 40187 40392 40577 40759 40924 41075 41214 41327 41434 41529 41613 41677 41737 41790 41846 41902 41947 41975 41997 41991 41961 41904 41831 41762 41666 41582 41511 41477 41459 41471 41502 41563 41622 41714 41841 41984 42174 42390 42633 42889 43161 43421 43655 43833 43848 43672 43298 42809 42301 41711 41121 40476 39813 39112 38398 37681 36966 36241 35498 34796 34113 33408 32755 32119 31419 30742 30030 29371 28755 28191 27666 27140 26665 26149
38829 39063 39294 39533 39759 39987 40180 40362 40537 40691 40832 40962 41088 41194 41284 41346 41410 41463 41520 41564 41592 41602 41607 41587 41549 41496 41441 41393 41338 41308 41297 41304 41318 41349 41398 41460 41543 41660 41803 41964 42161 42366 42603 42838 43049 43238 43367 43356 43153 42767 42254 41678 41091 40434 39769 39053 38334 37597 36845 36096 35341 34582 33867 33159 32459 31783 31053 30398 29749 29161 28516 27965 27440 26922 26408 25956 25410
38066 38310 38568 38816 39071 39304 39533 39743 39935 40112 40269 40428 40577 40718 40831 40919 41004 41076 41125 41170 41193 41222 41230 41221 41200 41173 41143 41127 41108 41098 41095 41106 41120 41138 41181 41249 41327 41423 41550 41705 41863 42057 42241 42441 42605 42743 42820 42795 42574 42191 41658 41061 40392 39739 39034 38298 37542 36770 35998 35232 34462 33718 32935 32218 31538 30736 30064 29437 28869 28309 27771 27257 26747 26214 25729 25209 24652
37255 37522 37782 38056 38320 38575 38824 39062 39274 39469 39664 39840 40017 40178 40313 40443 40549 40634 40710 40758 40806 40833 40859 40866 40867 40861 40856 40849 40848 40856 40863 40856 40866 40887 40924 40980 41053 41139 41247 41371 41525 41675 41840 41959 42105 42178 42207 42155 41937 41564 41039 40387 39722 39015 38276 37517 36737 35959 35170 34376 33592 32823 32073 31349 30502 29793 29128 28604 28066 27598 27086 26581 26056 25554 25083 24571 24024
36416 36699 36974 37241 37522 37808 38077 38327 38559 38795 39009 39215 39408 39583 39742 39891 40024 40136 40235 40318 40374 40426 40462 40497 40514 40527 40533 40542 40546 40560 40565 40559 40564 40592 40625 40671 40735 40804 40889 41003 41114 41246 41355 41457 41513 41545 41526 41433 41238 40862 40349 39718 39021 38281 37519 36748 35964 35155 34352 33557 32762 31984 31228 30403 29586 28893 28357 27805 27433 26942 26447 25909 25415 24929 24464 24049 23605
35544 35837 36138 36420 36701 36988 37281 37550 37822 38069 38315 38537 38747 38944 39123 39287 39428 39579 39700 39799 39883 39955 40021 40065 40102 40135 40156 40171 40194 40196 40208 40214 40226 40240 40277 40323 40371 40428 40495 40577 40672 40751 40828 40876 40884 40860 40781 40661 40435 40098 39594 39000 38285 37534 36773 35998 35170 34388 33571 32750 31959 31176 30369 29490 28732 28099 27575 27239 26807 26332 25797 25294 24801 24334 23876 23478 23139
34642 34952 35264 35573 35856 36154 36448 36760 37027 37299 37570 37823 38047 38251 38451 38628 38803 38959 39095 39228 39330 39426 39503 39575 39633 39684 39717 39746 39768 39790 39794 39816 39830 39849 39881 39921 39967 40013 40066 40110 40165 40214 40240 40243 40196 40125 40012 39812 39593 39231 38782 38185 37511 36786 36028 35212 34424 33614 32800 31970 31173 30394 29471 28654 27941 27386 27007 26672 26244 25728 25198 24692 24229 23764 23344 22960 22619
