ASPA-UH-SWB2_REPO/dynamic_inputs/RO_Rf_Ratios_Dynamic/Data/Gridded_rain/PRISM_ppt_tutuila_30yr_normal_80mM1_03_asc.asc
ncols 381
nrows 202
xllcorner -170.851658
yllcorner -14.379175
cellsize 0.00083333333
NODATA_value -9999
[rows 102 to 135 of 202, columns 154 to 230 of 381]
52568 52846 53053 53201 53246 53201 53054 52796 52438 51994 51437 50833 50203 49573 48976 48432 48030 47827 47760 47709 47646 47550 47436 47291 47127 46934 46714 46473 46211 45931 45623 45290 44924 44529 44087 43620 43152 42682 42194 41649 41041 40366 39625 38820 37979 37100 36213 35312 34449 33595 32776 31986 31253 30560 29934 29351 28814 28310 27887 27511 27226 27029 -9999 -9999 -9999 -9999 -9999 -9999 -9999 -9999 -9999 -9999 -9999 -9999 -9999 -9999 -9999
52486 52733 52922 53037 53068 53005 52844 52580 52227 51775 51249 50639 50010 49392 48791 48253 47836 47594 47492 47440 47358 47255 47128 46979 46797 46600 46376 46123 45861 45573 45264 44921 44558 44154 43716 43257 42795 42332 41847 41313 40712 40047 39317 38551 37726 36887 35995 35137 34286 33454 32654 31903 31164 30485 29859 29286 28746 28263 27815 27448 27197 27051 -9999 -9999 -9999 -9999 -9999 -9999 -9999 -9999 -9999 -9999 -9999 -9999 -9999 -9999 -9999
52329 52552 52730 52817 52835 52762 52590 52341 51989 51556 51051 50469 49845 49236 48635 48084 47646 47364 47215 47133 47047 46931 46796 46632 46450 46241 46011 45762 45487 45194 44874 44537 44158 43757 43321 42872 42419 41963 41488 40947 40354 39694 38998 38234 37447 36608 35764 34916 34099 33286 32515 31749 31048 30383 29780 29196 28656 28184 27758 27431 27213 -9999 -9999 -9999 -9999 -9999 -9999 -9999 -9999 -9999 -9999 -9999 -9999 -9999 -9999 -9999 -9999
52108 52310 52461 52536 52537 52463 52311 52064 51729 51323 50835 50282 49684 49079 48482 47920 47452 47132 46918 46790 46691 46570 46421 46254 46063 45849 45615 45359 45084 44779 44460 44111 43738 43328 42904 42464 42034 41585 41097 40563 39967 39325 38631 37903 37120 36315 35489 34672 33865 33091 32317 31601 30906 30267 29654 29105 28577 28106 27680 27435 27241 -9999 -9999 -9999 -9999 -9999 -9999 -9999 -9999 -9999 -9999 -9999 -9999 -9999 -9999 -9999 -9999
51797 51983 52122 52197 52195 52121 51976 51742 51427 51043 50584 50064 49500 48902 48315 47756 47252 46875 46617 46430 46292 46154 46007 45832 45632 45418 45178 44918 44630 44335 44003 43655 43272 42879 42459 42047 41618 41175 40689 40147 39555 38922 38242 37522 36776 35983 35192 34394 33615 32849 32114 31416 30759 30125 29548 28990 28498 28029 27754 27451 -9999 -9999 -9999 -9999 -9999 -9999 -9999 -9999 -9999 -9999 -9999 -9999 -9999 -9999 -9999 -9999 -9999
51415 51597 51714 51773 51779 51710 51575 51353 51059 50694 50265 49793 49262 48690 48120 47568 47051 46612 46300 46060 45859 45698 45539 45360 45161 44942 44702 44434 44147 43839 43517 43153 42783 42393 42002 41598 41181 40743 40250 39706 39115 38489 37828 37130 36391 35630 34855 34093 33341 32593 31876 31206 30576 29989 29406 28874 28386 28100 27777 -9999 -9999 -9999 -9999 -9999 -9999 -9999 -9999 -9999 -9999 -9999 -9999 -9999 -9999 -9999 -9999 -9999 -9999
50949 51117 51234 51287 51263 51218 51083 50879 50604 50265 49882 49437 48950 48431 47877 47337 46822 46363 45979 45674 45431 45217 45030 44841 44642 44423 44176 43910 43620 43313 42980 42636 42272 41900 41511 41121 40718 40273 39774 39233 38644 38024 37378 36691 35978 35235 34493 33759 33033 32312 31624 30982 30379 29787 29252 28736 28441 28101 -9999 -9999 -9999 -9999 -9999 -9999 -9999 -9999 -9999 -9999 -9999 -9999 -9999 -9999 -9999 -9999 -9999 -9999 -9999
50410 50553 50659 50696 50690 50629 50513 50312 50067 49769 49407 49004 48559 48082 47580 47050 46550 46092 45664 45305 45006 44749 44519 44304 44084 43860 43615 43342 43059 42753 42437 42098 41744 41379 41014 40628 40210 39757 39263 38726 38147 37531 36889 36222 35522 34819 34111 33401 32702 32008 31347 30733 30137 29593 29054 28760 28400 -9999 -9999 -9999 -9999 -9999 -9999 -9999 -9999 -9999 -9999 -9999 -9999 -9999 -9999 -9999 -9999 -9999 -9999 -9999 -9999
49795 49924 49999 50038 50029 49980 49861 49690 49461 49177 48859 48492 48088 47644 47175 46696 46221 45759 45340 44949 44601 44294 44022 43772 43531 43290 43032 42759 42480 42183 41874 41549 41202 40859 40488 40095 39671 39208 38715 38183 37611 37002 36377 35719 35054 34373 33698 33022 32357 31692 31058 30450 29903 29355 29052 28687 -9999 -9999 -9999 -9999 -9999 -9999 -9999 -9999 -9999 -9999 -9999 -9999 -9999 -9999 -9999 -9999 -9999 -9999 -9999 -9999 -9999
49095 49208 49281 49311 49308 49249 49144 48992 48766 48517 48230 47890 47513 47115 46681 46244 45797 45354 44946 44556 44182 43857 43547 43257 42989 42728 42463 42187 41905 41616 41307 40982 40655 40307 39930 39523 39090 38625 38140 37613 37047 36450 35830 35203 34555 33914 33253 32629 31981 31412 30790 30177 29679 29341 28963 -9999 -9999 -9999 -9999 -9999 -9999 -9999 -9999 -9999 -9999 -9999 -9999 -9999 -9999 -9999 -9999 -9999 -9999 -9999 -9999 -9999 -9999
48335 48432 48490 48511 48511 48459 48365 48199 48002 47766 47505 47194 46857 46483 46087 45680 45260 44859 44469 44088 43719 43371 43045 42744 42451 42174 41891 41609 41318 41039 40729 40405 40071 39712 39330 38925 38482 38024 37536 37022 36457 35878 35277 34663 34055 33426 32814 32195 31751 31191 30506 29992 29648 29254 -9999 -9999 -9999 -9999 -9999 -9999 -9999 -9999 -9999 -9999 -9999 -9999 -9999 -9999 -9999 -9999 -9999 -9999 -9999 -9999 -9999 -9999 -9999
47515 47602 47635 47653 47634 47596 47499 47345 47152 46944 46685 46416 46095 45755 45385 45009 44627 44259 43891 43514 43166 42815 42484 42176 41881 41582 41292 41003 40712 40416 40111 39787 39440 39070 38690 38284 37847 37384 36908 36392 35852 35282 34700 34123 33525 32945 32346 32059 31659 -9999 -9999 29869 -9999 -9999 -9999 -9999 -9999 -9999 -9999 -9999 -9999 -9999 -9999 -9999 -9999 -9999 -9999 -9999 -9999 -9999 -9999 -9999 -9999 -9999 -9999 -9999 -9999
46632 46677 46722 46724 46703 46648 46558 46414 46243 46029 45804 45543 45241 44920 44587 44239 43889 43542 43189 42848 42498 42167 41848 41532 41226 40942 40641 40341 40053 39753 39434 39105 38749 38388 38008 37595 37168 36723 36237 35739 35212 34660 34112 33553 33003 32433 32174 31799 -9999 -9999 -9999 -9999 -9999 -9999 -9999 -9999 -9999 -9999 -9999 -9999 -9999 -9999 -9999 -9999 -9999 -9999 -9999 -9999 -9999 -9999 -9999 -9999 -9999 -9999 -9999 -9999 -9999
45679 45707 45719 45713 45679 45625 45523 45409 45251 45050 44841 44595 44314 44016 43697 43379 43057 42717 42392 42058 41730 41415 41115 40804 40514 40222 39924 39618 39328 39023 38712 38369 38020 37654 37276 36880 36464 36011 35550 35057 34556 34036 33514 32992 32460 32232 31889 -9999 -9999 -9999 -9999 -9999 -9999 -9999 -9999 -9999 -9999 -9999 -9999 -9999 -9999 -9999 -9999 -9999 -9999 -9999 -9999 -9999 -9999 -9999 -9999 -9999 -9999 -9999 -9999 -9999 -9999
44633 44647 44631 44603 44562 44490 44401 44296 44151 43990 43788 43568 43312 43038 42745 42453 42137 41827 41503 41193 40884 40593 40298 40020 39728 39438 39138 38848 38544 38244 37931 37601 37256 36904 36522 36141 35734 35290 34843 34383 33897 33400 32914 32419 32235 31919 -9999 -9999 -9999 -9999 -9999 -9999 -9999 -9999 -9999 -9999 -9999 -9999 -9999 -9999 -9999 -9999 -9999 -9999 -9999 -9999 -9999 -9999 -9999 -9999 -9999 -9999 -9999 -9999 -9999 -9999 -9999
43530 43518 43490 43453 43388 43295 43214 43101 42975 42833 42655 42454 42231 41992 41734 41470 41176 40868 40568 40264 39984 39710 39435 39159 38882 38592 38315 38014 37722 37425 37121 36799 36472 36118 35762 35383 34988 34566 34135 33698 33244 32782 32303 32147 31873 -9999 -9999 -9999 -9999 -9999 -9999 -9999 -9999 -9999 -9999 -9999 -9999 -9999 -9999 -9999 -9999 -9999 -9999 -9999 -9999 -9999 -9999 -9999 -9999 -9999 -9999 -9999 -9999 -9999 -9999 -9999 -9999
42425 42387 42343 42284 42188 42096 41997 41884 41751 41602 41454 41276 41084 40872 40652 40425 40160 39875 39594 39311 39040 38782 38519 38261 37989 37719 37434 37160 36873 36589 36290 35987 35654 35329 34984 34617 34228 33842 33434 33020 32590 32144 32008 31751 -9999 -9999 -9999 -9999 -9999 -9999 -9999 -9999 -9999 -9999 -9999 -9999 -9999 -9999 -9999 -9999 -9999 -9999 -9999 -9999 -9999 -9999 -9999 -9999 -9999 -9999 -9999 -9999 -9999 -9999 -9999 -9999 -9999
41353 41270 41212 41129 41030 40926 40796 40672 40534 40391 40226 40075 39890 39709 39519 39310 39078 38843 38585 38329 38078 37825 37583 37326 37078 36814 36550 36284 36015 35730 35452 35146 34851 34522 34200 33841 33489 33107 32847 32458 31947 31824 31592 -9999 -9999 -9999 -9999 -9999 -9999 -9999 -9999 -9999 -9999 -9999 -9999 -9999 -9999 -9999 -9999 -9999 -9999 -9999 -9999 -9999 -9999 -9999 -9999 -9999 -9999 -9999 -9999 -9999 -9999 -9999 -9999 -9999 -9999
40289 40212 40110 40024 39912 39786 39646 39501 39372 39200 39056 38879 38711 38532 38349 38166 37968 37764 37541 37318 37095 36874 36638 36402 36154 35913 35653 35398 35146 34885 34588 34314 34025 33722 33401 33090 32742 32611 32338 31893 31658 31398 -9999 -9999 -9999 -9999 -9999 -9999 -9999 -9999 -9999 -9999 -9999 -9999 -9999 -9999 -9999 -9999 -9999 -9999 -9999 -9999 -9999 -9999 -9999 -9999 -9999 -9999 -9999 -9999 -9999 -9999 -9999 -9999 -9999 -9999 -9999
39306 39185 39080 38960 38835 38696 38542 38395 38224 38081 37905 37748 37568 37389 37191 37026 36850 36667 36483 36287 36090 35886 35684 35473 35237 34995 34765 34522 34280 34019 33757 33483 33214 32930 32651 32334 32324 32182 -9999 -9999 31283 -9999 -9999 -9999 -9999 -9999 -9999 -9999 -9999 -9999 -9999 -9999 -9999 -9999 -9999 -9999 -9999 -9999 -9999 -9999 -9999 -9999 -9999 -9999 -9999 -9999 -9999 -9999 -9999 -9999 -9999 -9999 -9999 -9999 -9999 -9999 -9999
38337 38212 38081 37945 37804 37639 37481 37310 37148 36974 36828 36650 36483 36294 36116 35941 35778 35599 35423 35258 35075 34901 34706 34524 34322 34091 33869 33658 33419 33179 32938 32685 32421 32179 31893 31904 31797 -9999 -9999 -9999 -9999 -9999 -9999 -9999 -9999 -9999 -9999 -9999 -9999 -9999 -9999 -9999 -9999 -9999 -9999 -9999 -9999 -9999 -9999 -9999 -9999 -9999 -9999 -9999 -9999 -9999 -9999 -9999 -9999 -9999 -9999 -9999 -9999 -9999 -9999 -9999 -9999
37423 37259 37109 36966 36799 36630 36457 36284 36110 35946 35772 35628 35442 35275 35100 34936 34762 34600 34421 34244 34082 33921 33761 33584 33394 33202 32993 32791 32597 32363 32136 31908 31675 31419 31305 31376 -9999 -9999 -9999 -9999 -9999 -9999 -9999 -9999 -9999 -9999 -9999 -9999 -9999 -9999 -9999 -9999 -9999 -9999 -9999 -9999 -9999 -9999 -9999 -9999 -9999 -9999 -9999 -9999 -9999 -9999 -9999 -9999 -9999 -9999 -9999 -9999 -9999 -9999 -9999 -9999 -9999
36530 36348 36173 36013 35841 35668 35494 35310 35136 34972 34799 34636 34483 34310 34146 33981 33816 33651 33477 33305 33145 32989 32836 32676 32506 32336 32145 31963 31769 31582 31362 31149 30943 30745 30641 -9999 -9999 -9999 -9999 -9999 -9999 -9999 -9999 -9999 -9999 -9999 -9999 -9999 -9999 -9999 -9999 -9999 -9999 -9999 -9999 -9999 -9999 -9999 -9999 -9999 -9999 -9999 -9999 -9999 -9999 -9999 -9999 -9999 -9999 -9999 -9999 -9999 -9999 -9999 -9999 -9999 -9999
35662 35474 35294 35121 34936 34760 34585 34400 34235 34051 33886 33723 33559 33406 33242 33088 32923 32756 32589 32433 32277 32123 31971 31833 31668 31494 31340 31166 31001 30812 30631 30437 30229 30079 30111 -9999 -9999 -9999 -9999 -9999 -9999 -9999 -9999 -9999 -9999 -9999 -9999 -9999 -9999 -9999 -9999 -9999 -9999 -9999 -9999 -9999 -9999 -9999 -9999 -9999 -9999 -9999 -9999 -9999 -9999 -9999 -9999 -9999 -9999 -9999 -9999 -9999 -9999 -9999 -9999 -9999 -9999
34863 34661 34477 34281 34103 33914 33717 33567 33381 33196 33030 32855 32710 32555 32400 32245 32089 31922 31774 31624 31474 31324 31186 31039 30894 30742 30571 30433 30264 30104 29931 29766 29598 29629 29601 -9999 -9999 -9999 -9999 -9999 -9999 -9999 -9999 -9999 -9999 -9999 -9999 -9999 -9999 -9999 -9999 -9999 -9999 -9999 -9999 -9999 -9999 -9999 -9999 -9999 -9999 -9999 -9999 -9999 -9999 -9999 -9999 -9999 -9999 -9999 -9999 -9999 -9999 -9999 -9999 -9999 -9999
34112 33908 33702 33511 33319 33126 32945 32754 32583 32395 32228 32062 31915 31768 31612 31464 31316 31166 31007 30877 30733 30599 30445 30321 30189 30038 29890 29723 29599 29444 29289 29142 29199 29193 -9999 -9999 -9999 -9999 -9999 -9999 -9999 -9999 -9999 -9999 -9999 -9999 -9999 -9999 -9999 -9999 -9999 -9999 -9999 -9999 -9999 -9999 -9999 -9999 -9999 -9999 -9999 -9999 -9999 -9999 -9999 -9999 -9999 -9999 -9999 -9999 -9999 -9999 -9999 -9999 -9999 -9999 -9999
33397 33199 32998 32795 32590 32394 32209 32025 31833 31671 31483 31334 31176 31037 30896 30756 30595 30463 30320 30177 30052 29916 29797 29669 29531 29404 29257 29123 28961 28841 28711 28767 28768 -9999 -9999 -9999 -9999 -9999 -9999 -9999 -9999 -9999 -9999 -9999 -9999 -9999 -9999 -9999 -9999 -9999 -9999 -9999 -9999 -9999 -9999 -9999 -9999 -9999 -9999 -9999 -9999 -9999 -9999 -9999 -9999 -9999 -9999 -9999 -9999 -9999 -9999 -9999 -9999 -9999 -9999 -9999 -9999
32740 32529 32316 32129 31923 31716 31538 31341 31175 30982 30819 30668 30509 30368 30244 30100 29947 29801 29675 29558 29421 29302 29183 29081 28958 28826 28693 28551 28433 28296 28355 28359 -9999 -9999 -9999 -9999 -9999 -9999 -9999 -9999 -9999 -9999 -9999 -9999 -9999 -9999 -9999 -9999 -9999 -9999 -9999 -9999 -9999 -9999 -9999 -9999 -9999 -9999 -9999 -9999 -9999 -9999 -9999 -9999 -9999 -9999 -9999 -9999 -9999 -9999 -9999 -9999 -9999 -9999 -9999 -9999 -9999
32119 31906 31710 31494 31306 31108 30919 30740 30551 30384 30219 30065 29912 29779 29635 29499 29371 29222 29092 28972 28861 28739 28637 28534 28438 28321 28184 28058 27933 27988 27978 -9999 -9999 -9999 -9999 -9999 -9999 -9999 -9999 -9999 -9999 -9999 -9999 -9999 -9999 -9999 -9999 -9999 -9999 -9999 -9999 -9999 -9999 -9999 -9999 -9999 -9999 -9999 -9999 -9999 -9999 -9999 -9999 -9999 -9999 -9999 -9999 -9999 -9999 -9999 -9999 -9999 -9999 -9999 -9999 -9999 -9999
31554 31349 31124 30927 30729 30549 30360 30171 30010 29839 29681 29515 29378 29242 29106 28978 28847 28715 28581 28466 28352 28246 28141 28055 27958 27859 27738 27618 27572 27643 -9999 -9999 -9999 -9999 -9999 -9999 -9999 -9999 -9999 -9999 -9999 -9999 -9999 -9999 -9999 -9999 -9999 -9999 -9999 -9999 -9999 -9999 -9999 -9999 -9999 -9999 -9999 -9999 -9999 -9999 -9999 -9999 -9999 -9999 -9999 -9999 -9999 -9999 -9999 -9999 -9999 -9999 -9999 -9999 -9999 -9999 -9999
31035 30811 30613 30408 30220 30032 29843 29681 29510 29348 29186 29036 28895 28765 28645 28525 28393 28268 28150 28031 27912 27803 27715 27626 27537 27436 27333 27254 27210 -9999 -9999 -9999 -9999 -9999 -9999 -9999 -9999 -9999 -9999 -9999 -9999 -9999 -9999 -9999 -9999 -9999 -9999 -9999 -9999 -9999 -9999 -9999 -9999 -9999 -9999 -9999 -9999 -9999 -9999 -9999 -9999 -9999 -9999 -9999 -9999 -9999 -9999 -9999 -9999 -9999 -9999 -9999 -9999 -9999 -9999 -9999 -9999
30550 30344 30130 29944 29747 29568 29389 29227 29065 28894 28749 28614 28471 28348 28234 28120 27995 27878 27759 27646 27533 27429 27337 27246 27154 27080 26986 26910 26855 -9999 -9999 -9999 -9999 -9999 -9999 -9999 -9999 -9999 -9999 -9999 -9999 -9999 -9999 -9999 -9999 -9999 -9999 -9999 -9999 -9999 -9999 -9999 -9999 -9999 -9999 -9999 -9999 -9999 -9999 -9999 -9999 -9999 -9999 -9999 -9999 -9999 -9999 -9999 -9999 -9999 -9999 -9999 -9999 -9999 -9999 -9999 -9999
30116 29903 29700 29513 29335 29147 28977 28816 28663 28509 28365 28221 28094 27977 27860 27752 27635 27516 27404 27299 27201 27094 27006 26921 26836 26751 26675 26617 26522 -9999 -9999 -9999 -9999 -9999 -9999 -9999 -9999 -9999 -9999 -9999 -9999 -9999 -9999 -9999 -9999 -9999 -9999 -9999 -9999 -9999 -9999 -9999 -9999 -9999 -9999 -9999 -9999 -9999 -9999 -9999 -9999 -9999 -9999 -9999 -9999 -9999 -9999 -9999 -9999 -9999 -9999 -9999 -9999 -9999 -9999 -9999 -9999
29698 29503 29317 29131 28953 28766 28614 28452 28300 28165 28012 27877 27750 27631 27521 27411 27310 27198 27084 26986 26895 26813 26721 26632 26554 26467 26410 26332 26266 26091 -9999 -9999 -9999 -9999 -9999 -9999 -9999 -9999 -9999 -9999 -9999 -9999 -9999 -9999 -9999 -9999 -9999 -9999 -9999 -9999 -9999 -9999 -9999 -9999 -9999 -9999 -9999 -9999 -9999 -9999 -9999 -9999 -9999 -9999 -9999 -9999 -9999 -9999 -9999 -9999 -9999 -9999 -9999 -9999 -9999 -9999 -9999
