ASPA-UH-SWB2_REPO/dynamic_inputs/RO_Rf_Ratios_Dynamic/Data/Gridded_rain/PRISM_ppt_tutuila_30yr_normal_80mM1_06_asc.asc
ncols 381
nrows 202
xllcorner -170.851658
yllcorner -14.379175
cellsize 0.00083333333
NODATA_value -9999
[rows 34 to 67 of 202, columns 154 to 230 of 381]
-9999 -9999 -9999 -9999 -9999 -9999 -9999 -9999 -9999 -9999 -9999 -9999 -9999 -9999 -9999 -9999 -9999 -9999 -9999 -9999 -9999 -9999 -9999 -9999 -9999 -9999 -9999 -9999 -9999 -9999 -9999 -9999 -9999 -9999 -9999 -9999 -9999 -9999 -9999 -9999 -9999 -9999 -9999 -9999 -9999 -9999 -9999 -9999 20484 20472 20448 20524 20516 20421 20339 20188 20149 20099 20048 19978 19916 19842 19759 19665 19579 19474 19368 19251 19191 19148 -9999 -9999 -9999 -9999 -9999 -9999 -9999
-9999 -9999 -9999 -9999 -9999 -9999 -9999 -9999 -9999 -9999 -9999 -9999 -9999 -9999 -9999 -9999 -9999 -9999 -9999 -9999 -9999 -9999 -9999 -9999 -9999 -9999 -9999 -9999 -9999 -9999 -9999 -9999 -9999 -9999 -9999 -9999 -9999 -9999 -9999 -9999 -9999 -9999 -9999 -9999 -9999 -9999 -9999 20915 20855 20726 20818 20815 20800 20785 20683 20654 20606 20556 20487 20426 20353 20280 20187 20101 20006 19892 19776 19658 19550 19573 -9999 -9999 -9999 -9999 19082 -9999 -9999
-9999 -9999 -9999 -9999 -9999 -9999 -9999 -9999 -9999 -9999 -9999 -9999 -9999 -9999 -9999 -9999 -9999 -9999 -9999 -9999 -9999 -9999 -9999 -9999 -9999 -9999 -9999 -9999 -9999 -9999 -9999 -9999 -9999 -9999 -9999 -9999 -9999 -9999 -9999 -9999 -9999 -9999 -9999 21333 21349 -9999 21328 21302 21185 21208 21221 21224 21217 21191 21163 21133 21084 21026 20974 20903 20830 20739 20654 20559 20463 20339 20223 20088 19982 19920 -9999 -9999 19642 19381 19312 19222 -9999
-9999 -9999 -9999 -9999 -9999 -9999 -9999 -9999 -9999 -9999 -9999 -9999 -9999 -9999 -9999 -9999 -9999 -9999 -9999 -9999 -9999 -9999 -9999 -9999 -9999 -9999 -9999 -9999 -9999 -9999 -9999 -9999 -9999 -9999 -9999 -9999 -9999 -9999 -9999 -9999 -9999 -9999 21648 21602 21622 21700 21753 21656 21689 21712 21724 21736 21719 21692 21664 21625 21585 21534 21473 21410 21319 21244 21142 21045 20923 20823 20689 20545 20416 20327 20329 20153 19939 19745 19513 19515 19465
-9999 -9999 -9999 -9999 -9999 -9999 -9999 -9999 -9999 -9999 -9999 -9999 -9999 -9999 -9999 -9999 -9999 -9999 -9999 -9999 -9999 -9999 -9999 -9999 -9999 -9999 -9999 -9999 -9999 -9999 -9999 -9999 -9999 -9999 -9999 -9999 -9999 -9999 -9999 -9999 22110 22043 22024 21962 22043 22170 22141 22192 22224 22246 22250 22261 22252 22225 22187 22148 22107 22064 22010 21921 21846 21753 21658 21543 21436 21302 21183 21037 20898 20759 20677 20521 20285 20109 19941 19773 19782
-9999 -9999 -9999 -9999 -9999 -9999 -9999 -9999 -9999 -9999 -9999 -9999 -9999 -9999 -9999 -9999 -9999 -9999 -9999 -9999 -9999 -9999 -9999 -9999 -9999 -9999 -9999 -9999 -9999 -9999 -9999 -9999 -9999 -9999 -9999 -9999 -9999 -9999 -9999 22430 22405 22415 22426 22525 22588 22649 22701 22751 22783 22805 22824 22826 22809 22780 22751 22711 22669 22616 22553 22480 22386 22300 22186 22079 21953 21826 21696 21565 21400 21242 21092 20924 20747 20570 20393 20223 20038
-9999 -9999 -9999 -9999 -9999 -9999 -9999 -9999 -9999 -9999 -9999 -9999 -9999 -9999 -9999 -9999 -9999 -9999 -9999 -9999 -9999 -9999 -9999 -9999 -9999 -9999 -9999 -9999 -9999 -9999 -9999 -9999 -9999 -9999 -9999 -9999 -9999 -9999 22856 22849 22768 22877 22994 23084 23172 23233 23284 23325 23373 23394 23413 23414 23396 23376 23336 23304 23244 23190 23126 23050 22956 22851 22752 22627 22507 22368 22237 22087 21928 21760 21590 21412 21233 21055 20868 20681 20495
-9999 -9999 -9999 -9999 -9999 -9999 -9999 -9999 -9999 -9999 -9999 -9999 -9999 -9999 -9999 -9999 -9999 -9999 -9999 -9999 -9999 -9999 -9999 -9999 -9999 -9999 -9999 -9999 -9999 -9999 -9999 -9999 -9999 -9999 22858 22988 -9999 23185 23280 23219 23328 23462 23578 23685 23763 23840 23890 23940 23978 24007 24017 24025 24014 23984 23953 23902 23849 23786 23720 23635 23539 23433 23331 23203 23064 22939 22789 22636 22474 22294 22114 21933 21752 21563 21358 21162 20973
-9999 -9999 -9999 -9999 -9999 -9999 -9999 -9999 -9999 -9999 -9999 -9999 -9999 -9999 -9999 -9999 -9999 -9999 -9999 -9999 -9999 -9999 -9999 -9999 -9999 -9999 -9999 -9999 -9999 -9999 -9999 -9999 -9999 23105 23164 23266 23464 23648 23650 23795 23938 24063 24187 24300 24395 24454 24520 24568 24605 24632 24641 24648 24643 24614 24573 24529 24474 24410 24326 24239 24134 24041 23914 23791 23649 23505 23360 23196 23022 22839 22655 22471 22279 22079 21871 21665 21452
-9999 -9999 -9999 -9999 -9999 -9999 -9999 -9999 -9999 -9999 -9999 -9999 -9999 -9999 -9999 -9999 -9999 -9999 -9999 -9999 -9999 -9999 -9999 -9999 -9999 -9999 -9999 -9999 -9999 -9999 -9999 -9999 23443 23514 23518 23719 23997 24082 24244 24405 24556 24688 24810 24929 25021 25096 25151 25205 25240 25265 25280 25277 25263 25248 25222 25161 25098 25023 24955 24851 24760 24641 24519 24386 24249 24087 23931 23764 23579 23392 23204 23016 22813 22603 22392 22167 21953
-9999 -9999 -9999 -9999 -9999 -9999 -9999 -9999 -9999 -9999 -9999 -9999 -9999 -9999 -9999 -9999 -9999 -9999 -9999 -9999 -9999 -9999 -9999 -9999 -9999 -9999 -9999 -9999 -9999 -9999 -9999 23766 23862 23860 24098 24316 24514 24693 24863 25030 25186 25323 25457 25557 25645 25723 25792 25842 25883 25890 25919 25914 25891 25875 25839 25786 25713 25653 25567 25470 25361 25257 25125 24990 24836 24679 24520 24334 24147 23950 23759 23561 23355 23133 22912 22692 22460
-9999 -9999 -9999 -9999 -9999 -9999 -9999 -9999 -9999 -9999 -9999 -9999 -9999 -9999 -9999 -9999 -9999 -9999 -9999 -9999 -9999 -9999 -9999 -9999 -9999 22872 23052 23218 23460 23737 23939 24112 24194 24450 24695 24930 25135 25311 25493 25671 25822 25962 26083 26193 26277 26352 26417 26473 26504 26542 26537 26539 26523 26489 26445 26398 26341 26265 26177 26085 25974 25852 25734 25596 25432 25273 25102 24922 24724 24524 24315 24114 23897 23672 23434 23212 22985
-9999 -9999 -9999 -9999 -9999 -9999 -9999 -9999 -9999 -9999 -9999 -9999 -9999 -9999 -9999 -9999 -9999 -9999 -9999 -9999 -9999 -9999 -9999 -9999 23007 23123 23256 23529 23801 24073 24343 24521 24786 25040 25300 25529 25746 25935 26119 26291 26452 26595 26720 26819 26917 26989 27061 27099 27145 27174 27177 27162 27154 27119 27074 27026 26960 26882 26801 26691 26585 26459 26330 26181 26028 25864 25682 25490 25294 25089 24876 24648 24428 24193 23959 23720 23489
-9999 -9999 -9999 -9999 -9999 -9999 -9999 -9999 -9999 -9999 -9999 -9999 -9999 -9999 -9999 -9999 -9999 -9999 -9999 -9999 -9999 -9999 -9999 23183 23331 23400 23670 23957 24260 24546 24823 25114 25385 25643 25897 26138 26348 26546 26733 26909 27067 27224 27347 27461 27550 27637 27690 27743 27779 27799 27808 27801 27776 27749 27711 27646 27579 27508 27409 27306 27174 27069 26921 26776 26611 26441 26260 26068 25859 25640 25412 25192 24942 24708 24455 24218 23971
-9999 -9999 -9999 -9999 -9999 -9999 -9999 -9999 -9999 -9999 -9999 -9999 -9999 -9999 -9999 -9999 -9999 -9999 -9999 -9999 -9999 -9999 23357 23514 23589 23895 24191 24488 24803 25106 25415 25702 25977 26238 26501 26744 26958 27161 27354 27528 27701 27840 27985 28088 28191 28259 28325 28367 28400 28409 28425 28416 28391 28355 28309 28252 28192 28104 28012 27884 27782 27636 27517 27360 27199 27010 26830 26632 26415 26181 25960 25716 25472 25200 24960 24694 24454
-9999 -9999 -9999 -9999 -9999 -9999 -9999 -9999 -9999 -9999 -9999 -9999 -9999 -9999 -9999 -9999 -9999 -9999 -9999 -9999 -9999 23501 23674 23776 24092 24399 24714 25039 25353 25679 25992 26283 26568 26830 27090 27339 27569 27787 27978 28160 28322 28473 28581 28712 28800 28879 28925 28963 28985 29016 29006 28988 28961 28925 28879 28822 28755 28683 28575 28478 28343 28227 28081 27930 27749 27578 27386 27182 26959 26725 26481 26236 25976 25724 25438 25192 24915
-9999 -9999 -9999 -9999 -9999 -9999 -9999 -9999 -9999 -9999 -9999 -9999 -9999 -9999 -9999 -9999 -9999 -9999 -9999 -9999 23614 23797 23907 24252 24604 24923 25248 25580 25916 26246 26561 26863 27144 27413 27682 27939 28184 28403 28599 28776 28940 29076 29201 29292 29390 29447 29505 29530 29558 29562 29558 29531 29496 29452 29407 29359 29300 29213 29129 29015 28904 28770 28630 28467 28298 28114 27925 27708 27486 27252 27001 26734 26481 26206 25941 25657 25406
-9999 -9999 -9999 -9999 -9999 -9999 -9999 -9999 -9999 -9999 -9999 -9999 -9999 -9999 -9999 -9999 -9999 -9999 -9999 23709 23893 24018 24364 24718 25083 25436 25769 26123 26462 26787 27116 27424 27714 27993 28271 28528 28781 28994 29202 29378 29518 29654 29762 29854 29929 30004 30032 30061 30069 30079 30067 30039 29996 29954 29910 29863 29798 29728 29629 29531 29411 29284 29141 28983 28810 28622 28427 28225 27989 27741 27482 27229 26953 26686 26398 26135 25855
-9999 -9999 -9999 -9999 -9999 -9999 -9999 -9999 -9999 -9999 -9999 -9999 -9999 -9999 -9999 -9999 -9999 -9999 23788 23987 24109 24456 24829 25196 25568 25929 26292 26633 26976 27324 27654 27973 28274 28564 28842 29113 29343 29575 29766 29934 30073 30176 30292 30366 30433 30477 30523 30531 30543 30542 30529 30494 30461 30420 30379 30327 30272 30188 30099 29994 29890 29762 29618 29457 29287 29102 28901 28686 28457 28201 27941 27679 27410 27119 26852 26568 26303
-9999 -9999 -9999 -9999 -9999 -9999 -9999 -9999 -9999 -9999 -9999 -9999 -9999 -9999 22824 -9999 -9999 23834 24054 24187 24552 24911 25279 25679 26042 26423 26790 27135 27487 27847 28181 28505 28826 29116 29408 29664 29896 30113 30296 30447 30584 30684 30756 30828 30876 30919 30941 30951 30951 30948 30926 30901 30862 30825 30787 30747 30680 30608 30514 30427 30324 30196 30059 29904 29724 29541 29335 29114 28884 28635 28374 28104 27825 27547 27264 26993 26707
-9999 -9999 -9999 -9999 -9999 -9999 -9999 -9999 -9999 -9999 -9999 -9999 -9999 22850 23062 23281 23690 24011 24235 24611 24987 25374 25751 26133 26525 26903 27266 27639 27995 28353 28700 29036 29349 29653 29932 30193 30411 30620 30794 30935 31043 31137 31195 31237 31272 31294 31307 31302 31306 31285 31264 31233 31199 31166 31134 31092 31046 30964 30890 30799 30706 30588 30450 30301 30127 29941 29737 29517 29281 29039 28784 28505 28232 27951 27667 27381 27108
-9999 -9999 -9999 -9999 -9999 -9999 -9999 -9999 -9999 -9999 -9999 -9999 22869 23068 23200 23594 23963 24261 24646 25033 25422 25817 26209 26586 26983 27358 27735 28113 28493 28849 29210 29547 29858 30152 30438 30687 30907 31081 31244 31372 31464 31532 31581 31597 31608 31601 31603 31599 31574 31552 31525 31490 31461 31436 31411 31385 31331 31272 31188 31126 31029 30920 30785 30643 30481 30286 30093 29882 29647 29398 29150 28884 28602 28328 28036 27763 27491
-9999 -9999 -9999 -9999 -9999 -9999 -9999 -9999 -9999 -9999 -9999 22881 23083 23217 23552 23920 24281 24659 25047 25455 25851 26245 26641 27032 27410 27807 28190 28585 28956 29335 29698 30036 30349 30635 30911 31156 31351 31515 31647 31757 31821 31868 31888 31891 31867 31837 31821 31802 31772 31740 31707 31678 31658 31642 31627 31596 31568 31509 31449 31371 31302 31190 31071 30923 30776 30600 30396 30196 29970 29728 29473 29207 28939 28664 28393 28109 27849
-9999 -9999 -9999 -9999 -9999 -9999 -9999 -9999 -9999 -9999 22875 23081 23228 23564 23925 24295 24665 25046 25455 25845 26257 26655 27049 27445 27838 28225 28634 29022 29409 29790 30157 30491 30799 31096 31361 31585 31764 31906 32012 32084 32133 32138 32131 32095 32058 32027 31980 31940 31911 31873 31829 31800 31781 31770 31761 31750 31719 31687 31637 31589 31504 31412 31290 31166 31018 30856 30671 30460 30244 30011 29757 29498 29237 28970 28699 28435 28197
-9999 -9999 -9999 -9999 -9999 -9999 -9999 -9999 -9999 22875 23083 23224 23569 23923 24285 24665 25046 25447 25830 26237 26637 27049 27439 27843 28234 28648 29042 29454 29838 30216 30573 30914 31237 31519 31776 31986 32146 32264 32341 32380 32376 32349 32309 32274 32233 32179 32136 32080 32037 31982 31932 31885 31853 31829 31822 31820 31819 31793 31769 31723 31669 31576 31473 31351 31213 31064 30892 30699 30479 30248 30010 29752 29499 29239 28971 28728 28521
-9999 -9999 -9999 -9999 -9999 -9999 -9999 -9999 22857 23068 23222 23568 23914 24268 24640 25021 25423 25816 26207 26617 27008 27408 27812 28215 28625 29033 29453 29846 30237 30608 30966 31326 31638 31908 32148 32353 32493 32585 32631 32615 32576 32529 32498 32466 32413 32361 32315 32266 32186 32110 32035 31962 31898 31859 31828 31822 31831 31843 31833 31814 31762 31690 31593 31490 31367 31219 31054 30880 30678 30457 30221 29979 29727 29477 29226 28991 28803
-9999 -9999 -9999 -9999 -9999 -9999 -9999 22831 23036 23188 23542 23904 24251 24606 24988 25382 25775 26176 26572 26972 27364 27763 28167 28580 28992 29410 29821 30223 30608 30984 31356 31699 32009 32272 32493 32665 32787 32855 32862 32833 32780 32733 32697 32657 32631 32572 32508 32427 32345 32247 32146 32040 31937 31857 31812 31790 31804 31827 31839 31833 31806 31743 31667 31575 31463 31331 31180 31018 30835 30619 30400 30174 29932 29691 29452 29231 29057
-9999 -9999 -9999 -9999 -9999 -9999 22830 22988 23147 23493 23847 24217 24581 24945 25331 25724 26118 26514 26916 27302 27701 28098 28513 28928 29343 29752 30155 30561 30952 31334 31705 32036 32320 32561 32759 32908 33012 33051 33043 33022 32984 32952 32908 32882 32828 32762 32664 32565 32466 32345 32224 32097 31971 31853 31775 31738 31730 31761 31791 31799 31784 31752 31689 31610 31516 31393 31264 31110 30939 30749 30547 30325 30101 29877 29648 29446 29292
-9999 -9999 -9999 -9999 -9999 -9999 23042 23151 23429 23782 24151 24530 24902 25278 25663 26055 26452 26839 27226 27625 28014 28421 28830 29249 29664 30074 30465 30869 31265 31641 31993 32300 32559 32766 32937 33060 33140 33163 33164 33160 33152 33146 33130 33066 32982 32873 32772 32655 32525 32388 32253 32119 31971 31832 31721 31653 31631 31646 31684 31707 31711 31702 31662 31603 31513 31421 31294 31161 31005 30834 30645 30442 30235 30029 29811 29624 29493
-9999 -9999 -9999 -9999 -9999 -9999 23219 23449 23728 24079 24463 24833 25214 25605 25981 26378 26762 27142 27525 27914 28321 28722 29127 29546 29962 30360 30758 31155 31533 31889 32219 32499 32719 32897 33042 33138 33183 33202 33226 33233 33262 33284 33261 33193 33071 32950 32822 32681 32528 32384 32234 32079 31926 31774 31644 31544 31497 31490 31525 31575 31597 31592 31586 31541 31483 31388 31292 31175 31033 30870 30701 30524 30343 30142 29947 29775 29655
-9999 -9999 -9999 -9999 -9999 23333 23470 23692 24032 24389 24764 25142 25522 25910 26297 26673 27051 27432 27812 28202 28595 29008 29412 29832 30228 30625 31033 31405 31756 32088 32383 32628 32825 32975 33097 33169 33187 33190 33206 33249 33305 33326 33299 33223 33116 32967 32815 32658 32490 32325 32155 32002 31843 31685 31536 31416 31337 31311 31344 31398 31446 31463 31458 31446 31393 31337 31243 31143 31017 30882 30728 30572 30404 30237 30060 29901 29773
-9999 -9999 -9999 -9999 23282 23504 23652 23989 24334 24696 25063 25446 25829 26197 26577 26953 27322 27698 28078 28470 28866 29263 29669 30076 30478 30888 31257 31605 31933 32235 32488 32709 32902 33037 33115 33158 33153 33147 33162 33209 33260 33283 33263 33200 33085 32938 32762 32592 32411 32219 32052 31879 31715 31552 31398 31259 31153 31116 31134 31194 31251 31297 31311 31304 31291 31232 31163 31073 30977 30865 30734 30593 30453 30299 30149 29997 29882
-9999 -9999 -9999 23205 23432 23601 23942 24276 24633 24993 25357 25741 26110 26469 26833 27203 27575 27949 28321 28707 29103 29501 29894 30290 30699 31085 31440 31770 32072 32336 32581 32784 32941 33064 33137 33139 33115 33088 33099 33142 33172 33194 33176 33118 33007 32859 32679 32482 32283 32087 31902 31726 31550 31390 31223 31070 30949 30882 30903 30969 31036 31093 31127 31144 31128 31101 31056 30984 30906 30804 30710 30592 30468 30343 30207 30080 29966
-9999 -9999 23128 23350 23526 23871 24216 24575 24921 25278 25655 26017 26368 26717 27079 27435 27809 28182 28546 28923 29311 29695 30091 30488 30879 31248 31592 31907 32185 32427 32658 32846 32988 33094 33140 33133 33083 33039 33041 33057 33079 33069 33052 32993 32892 32738 32545 32333 32126 31922 31721 31534 31363 31177 31012 30854 30716 30638 30646 30721 30794 30861 30910 30938 30946 30936 30895 30861 30795 30732 30648 30561 30448 30346 30240 30140 30045
