ASPA-UH-SWB2_REPO/dynamic_inputs/RO_Rf_Ratios_Dynamic/Data/Gridded_rain/PRISM_ppt_tutuila_30yr_normal_80mM1_08_asc.asc
ncols 381
nrows 202
xllcorner -170.851658
yllcorner -14.379175
cellsize 0.00083333333
NODATA_value -9999
[rows 34 to 67 of 202, columns 154 to 230 of 381]
-9999 -9999 -9999 -9999 -9999 -9999 -9999 -9999 -9999 -9999 -9999 -9999 -9999 -9999 -9999 -9999 -9999 -9999 -9999 -9999 -9999 -9999 -9999 -9999 -9999 -9999 -9999 -9999 -9999 -9999 -9999 -9999 -9999 -9999 -9999 -9999 -9999 -9999 -9999 -9999 -9999 -9999 -9999 -9999 -9999 -9999 -9999 -9999 18425 18420 18403 18486 18488 18410 18342 18208 18181 18145 18109 18054 18006 17949 17881 17803 17734 17645 17554 17454 17404 17373 -9999 -9999 -9999 -9999 -9999 -9999 -9999
-9999 -9999 -9999 -9999 -9999 -9999 -9999 -9999 -9999 -9999 -9999 -9999 -9999 -9999 -9999 -9999 -9999 -9999 -9999 -9999 -9999 -9999 -9999 -9999 -9999 -9999 -9999 -9999 -9999 -9999 -9999 -9999 -9999 -9999 -9999 -9999 -9999 -9999 -9999 -9999 -9999 -9999 -9999 -9999 -9999 -9999 -9999 18820 18773 18658 18755 18762 18759 18756 18671 18656 18622 18587 18534 18489 18433 18377 18302 18234 18156 18060 17961 17861 17768 17800 -9999 -9999 -9999 -9999 17409 -9999 -9999
-9999 -9999 -9999 -9999 -9999 -9999 -9999 -9999 -9999 -9999 -9999 -9999 -9999 -9999 -9999 -9999 -9999 -9999 -9999 -9999 -9999 -9999 -9999 -9999 -9999 -9999 -9999 -9999 -9999 -9999 -9999 -9999 -9999 -9999 -9999 -9999 -9999 -9999 -9999 -9999 -9999 -9999 -9999 19175 19199 -9999 19199 19184 19082 19115 19138 19153 19159 19146 19132 19118 19086 19044 19010 18956 18902 18830 18765 18689 18613 18508 18411 18295 18205 18158 -9999 -9999 17957 17706 17644 17567 -9999
-9999 -9999 -9999 -9999 -9999 -9999 -9999 -9999 -9999 -9999 -9999 -9999 -9999 -9999 -9999 -9999 -9999 -9999 -9999 -9999 -9999 -9999 -9999 -9999 -9999 -9999 -9999 -9999 -9999 -9999 -9999 -9999 -9999 -9999 -9999 -9999 -9999 -9999 -9999 -9999 -9999 -9999 19467 19430 19455 19538 19599 19517 19560 19593 19618 19643 19640 19629 19616 19595 19573 19541 19500 19457 19386 19333 19252 19177 19076 18999 18885 18761 18653 18585 18612 18459 18260 18080 17862 17880 17848
-9999 -9999 -9999 -9999 -9999 -9999 -9999 -9999 -9999 -9999 -9999 -9999 -9999 -9999 -9999 -9999 -9999 -9999 -9999 -9999 -9999 -9999 -9999 -9999 -9999 -9999 -9999 -9999 -9999 -9999 -9999 -9999 -9999 -9999 -9999 -9999 -9999 -9999 -9999 -9999 19883 19827 19817 19767 19853 19981 19966 20026 20069 20103 20121 20146 20154 20143 20124 20104 20083 20061 20031 19964 19912 19842 19771 19681 19598 19487 19393 19270 19154 19038 18980 18845 18625 18466 18316 18164 18193
-9999 -9999 -9999 -9999 -9999 -9999 -9999 -9999 -9999 -9999 -9999 -9999 -9999 -9999 -9999 -9999 -9999 -9999 -9999 -9999 -9999 -9999 -9999 -9999 -9999 -9999 -9999 -9999 -9999 -9999 -9999 -9999 -9999 -9999 -9999 -9999 -9999 -9999 -9999 20174 20158 20174 20193 20296 20365 20435 20495 20557 20601 20636 20672 20690 20691 20682 20672 20654 20635 20606 20568 20520 20453 20393 20306 20226 20127 20027 19925 19821 19680 19547 19421 19275 19119 18961 18803 18652 18482
-9999 -9999 -9999 -9999 -9999 -9999 -9999 -9999 -9999 -9999 -9999 -9999 -9999 -9999 -9999 -9999 -9999 -9999 -9999 -9999 -9999 -9999 -9999 -9999 -9999 -9999 -9999 -9999 -9999 -9999 -9999 -9999 -9999 -9999 -9999 -9999 -9999 -9999 20562 20563 20494 20605 20726 20821 20917 20986 21047 21101 21163 21200 21237 21257 21258 21260 21243 21235 21201 21174 21138 21091 21026 20951 20883 20787 20699 20590 20490 20370 20239 20098 19955 19801 19646 19490 19323 19156 18986
-9999 -9999 -9999 -9999 -9999 -9999 -9999 -9999 -9999 -9999 -9999 -9999 -9999 -9999 -9999 -9999 -9999 -9999 -9999 -9999 -9999 -9999 -9999 -9999 -9999 -9999 -9999 -9999 -9999 -9999 -9999 -9999 -9999 -9999 20533 20660 -9999 20857 20954 20904 21015 21151 21272 21385 21472 21559 21622 21685 21740 21786 21816 21845 21857 21852 21846 21823 21798 21765 21731 21677 21614 21541 21475 21382 21276 21187 21071 20953 20823 20674 20523 20371 20217 20052 19869 19693 19525
-9999 -9999 -9999 -9999 -9999 -9999 -9999 -9999 -9999 -9999 -9999 -9999 -9999 -9999 -9999 -9999 -9999 -9999 -9999 -9999 -9999 -9999 -9999 -9999 -9999 -9999 -9999 -9999 -9999 -9999 -9999 -9999 -9999 20758 20817 20915 21106 21284 21295 21440 21584 21712 21842 21963 22067 22139 22220 22283 22339 22386 22417 22448 22470 22467 22454 22441 22419 22388 22338 22287 22218 22164 22074 21991 21888 21783 21677 21551 21414 21266 21116 20965 20803 20631 20447 20264 20070
-9999 -9999 -9999 -9999 -9999 -9999 -9999 -9999 -9999 -9999 -9999 -9999 -9999 -9999 -9999 -9999 -9999 -9999 -9999 -9999 -9999 -9999 -9999 -9999 -9999 -9999 -9999 -9999 -9999 -9999 -9999 -9999 21064 21134 21143 21335 21598 21685 21845 22006 22158 22296 22425 22554 22659 22748 22820 22893 22949 22997 23037 23061 23076 23092 23099 23071 23043 23006 22976 22911 22861 22784 22705 22615 22523 22403 22289 22164 22020 21873 21725 21575 21405 21226 21043 20843 20651
-9999 -9999 -9999 -9999 -9999 -9999 -9999 -9999 -9999 -9999 -9999 -9999 -9999 -9999 -9999 -9999 -9999 -9999 -9999 -9999 -9999 -9999 -9999 -9999 -9999 -9999 -9999 -9999 -9999 -9999 -9999 21355 21448 21450 21675 21884 22075 22250 22418 22587 22747 22891 23036 23148 23251 23347 23436 23507 23572 23604 23662 23686 23695 23713 23714 23697 23664 23646 23603 23549 23486 23429 23345 23258 23152 23043 22932 22792 22650 22497 22350 22193 22025 21838 21648 21457 21248
-9999 -9999 -9999 -9999 -9999 -9999 -9999 -9999 -9999 -9999 -9999 -9999 -9999 -9999 -9999 -9999 -9999 -9999 -9999 -9999 -9999 -9999 -9999 -9999 -9999 20535 20697 20848 21068 21323 21510 21671 21750 21991 22224 22449 22648 22822 23004 23186 23344 23494 23628 23753 23854 23949 24035 24116 24172 24238 24264 24298 24317 24321 24316 24311 24297 24267 24227 24185 24126 24056 23992 23908 23798 23692 23576 23448 23301 23151 22990 22835 22660 22473 22268 22078 21879
-9999 -9999 -9999 -9999 -9999 -9999 -9999 -9999 -9999 -9999 -9999 -9999 -9999 -9999 -9999 -9999 -9999 -9999 -9999 -9999 -9999 -9999 -9999 -9999 20661 20764 20884 21131 21380 21628 21878 22044 22291 22531 22780 23002 23214 23402 23589 23767 23937 24092 24231 24345 24461 24553 24648 24711 24785 24843 24879 24899 24929 24935 24933 24932 24914 24888 24860 24806 24758 24692 24623 24536 24445 24343 24222 24089 23953 23805 23647 23468 23296 23103 22909 22703 22504
-9999 -9999 -9999 -9999 -9999 -9999 -9999 -9999 -9999 -9999 -9999 -9999 -9999 -9999 -9999 -9999 -9999 -9999 -9999 -9999 -9999 -9999 -9999 20826 20957 21018 21261 21521 21798 22059 22313 22584 22839 23085 23330 23564 23773 23971 24162 24344 24510 24677 24813 24942 25048 25156 25233 25312 25377 25429 25474 25506 25522 25539 25550 25536 25523 25509 25469 25427 25359 25322 25241 25166 25071 24972 24862 24741 24599 24445 24280 24121 23924 23742 23531 23336 23122
-9999 -9999 -9999 -9999 -9999 -9999 -9999 -9999 -9999 -9999 -9999 -9999 -9999 -9999 -9999 -9999 -9999 -9999 -9999 -9999 -9999 -9999 20991 21130 21194 21469 21735 22003 22289 22567 22853 23122 23382 23632 23887 24125 24337 24539 24732 24910 25089 25237 25394 25512 25632 25722 25814 25884 25949 25993 26049 26082 26102 26115 26121 26120 26120 26094 26068 26007 25978 25904 25862 25782 25700 25589 25490 25372 25233 25073 24926 24751 24573 24356 24173 23953 23758
-9999 -9999 -9999 -9999 -9999 -9999 -9999 -9999 -9999 -9999 -9999 -9999 -9999 -9999 -9999 -9999 -9999 -9999 -9999 -9999 -9999 21132 21283 21371 21654 21927 22210 22503 22788 23089 23380 23654 23925 24177 24427 24668 24891 25105 25295 25477 25643 25803 25923 26070 26178 26281 26355 26424 26481 26550 26583 26611 26634 26652 26663 26668 26665 26662 26625 26603 26546 26512 26449 26384 26289 26207 26104 25989 25852 25703 25542 25377 25191 25011 24785 24601 24371
-9999 -9999 -9999 -9999 -9999 -9999 -9999 -9999 -9999 -9999 -9999 -9999 -9999 -9999 -9999 -9999 -9999 -9999 -9999 -9999 21247 21405 21499 21805 22120 22402 22694 22994 23301 23606 23901 24185 24450 24704 24958 25203 25438 25648 25841 26018 26186 26332 26471 26580 26700 26784 26871 26931 26997 27043 27085 27108 27128 27142 27159 27178 27190 27178 27172 27141 27115 27070 27022 26953 26879 26793 26704 26583 26458 26320 26161 25982 25815 25619 25429 25210 25025
-9999 -9999 -9999 -9999 -9999 -9999 -9999 -9999 -9999 -9999 -9999 -9999 -9999 -9999 -9999 -9999 -9999 -9999 -9999 21348 21506 21612 21916 22230 22554 22869 23167 23488 23799 24099 24404 24690 24958 25216 25475 25715 25954 26158 26361 26539 26685 26832 26956 27068 27168 27271 27332 27398 27447 27502 27539 27566 27582 27602 27626 27652 27664 27675 27661 27654 27627 27597 27555 27500 27431 27351 27265 27173 27043 26899 26742 26589 26407 26230 26024 25842 25631
-9999 -9999 -9999 -9999 -9999 -9999 -9999 -9999 -9999 -9999 -9999 -9999 -9999 -9999 -9999 -9999 -9999 -9999 21437 21608 21709 22013 22341 22664 22995 23316 23642 23951 24264 24582 24882 25172 25445 25708 25962 26213 26429 26651 26839 27010 27156 27272 27405 27501 27595 27669 27750 27797 27853 27901 27941 27964 27994 28022 28054 28080 28108 28113 28116 28109 28106 28084 28049 28001 27946 27879 27797 27700 27590 27449 27302 27151 26987 26794 26624 26425 26242
-9999 -9999 -9999 -9999 -9999 -9999 -9999 -9999 -9999 -9999 -9999 -9999 -9999 -9999 20625 -9999 -9999 21500 21688 21798 22118 22430 22752 23105 23426 23766 24096 24406 24722 25043 25339 25626 25911 26170 26434 26670 26888 27095 27276 27431 27576 27691 27783 27878 27955 28030 28088 28141 28186 28236 28271 28307 28336 28372 28413 28458 28481 28504 28509 28528 28536 28522 28504 28470 28415 28361 28283 28191 28092 27970 27834 27685 27522 27356 27177 27006 26806
-9999 -9999 -9999 -9999 -9999 -9999 -9999 -9999 -9999 -9999 -9999 -9999 -9999 20661 20846 21037 21396 21675 21863 22191 22519 22857 23185 23520 23867 24203 24526 24855 25165 25476 25776 26068 26340 26609 26859 27098 27301 27501 27674 27819 27938 28047 28127 28194 28260 28317 28369 28408 28460 28494 28534 28569 28607 28653 28705 28753 28804 28823 28857 28880 28905 28910 28900 28883 28843 28795 28731 28652 28557 28455 28339 28191 28047 27890 27721 27541 27367
-9999 -9999 -9999 -9999 -9999 -9999 -9999 -9999 -9999 -9999 -9999 -9999 20705 20875 20983 21332 21657 21912 22248 22584 22922 23265 23607 23937 24287 24616 24942 25266 25590 25889 26194 26479 26746 27002 27255 27480 27685 27853 28015 28148 28252 28340 28411 28456 28500 28530 28573 28614 28641 28677 28714 28749 28797 28855 28921 28991 29040 29089 29121 29180 29209 29232 29232 29231 29215 29166 29124 29066 28983 28885 28788 28668 28526 28388 28220 28067 27895
-9999 -9999 -9999 -9999 -9999 -9999 -9999 -9999 -9999 -9999 -9999 20743 20917 21027 21321 21645 21959 22288 22624 22979 23322 23664 24009 24349 24676 25015 25338 25667 25971 26281 26581 26862 27124 27367 27607 27826 28007 28164 28298 28416 28498 28566 28612 28646 28659 28669 28697 28726 28750 28777 28811 28857 28918 28990 29071 29143 29224 29281 29343 29392 29458 29485 29510 29511 29518 29499 29455 29417 29355 29276 29182 29073 28958 28830 28698 28538 28379
-9999 -9999 -9999 -9999 -9999 -9999 -9999 -9999 -9999 -9999 20766 20944 21067 21363 21681 22005 22328 22656 23011 23347 23705 24050 24390 24730 25060 25380 25714 26024 26332 26637 26931 27199 27449 27695 27922 28118 28281 28420 28532 28619 28689 28722 28746 28748 28752 28765 28767 28779 28804 28827 28850 28897 28960 29043 29136 29234 29319 29409 29488 29575 29631 29686 29714 29747 29762 29766 29751 29709 29667 29607 29523 29432 29335 29225 29103 28971 28834
-9999 -9999 -9999 -9999 -9999 -9999 -9999 -9999 -9999 20794 20976 21094 21401 21714 22032 22365 22695 23042 23372 23723 24068 24423 24756 25092 25410 25742 26049 26370 26664 26955 27228 27492 27745 27971 28183 28363 28509 28628 28718 28779 28806 28816 28819 28829 28838 28838 28848 28848 28863 28870 28885 28910 28958 29026 29124 29237 29358 29461 29573 29669 29763 29822 29877 29920 29950 29975 29982 29968 29929 29880 29822 29740 29661 29568 29455 29350 29242
-9999 -9999 -9999 -9999 -9999 -9999 -9999 -9999 20803 20991 21121 21432 21740 22054 22380 22713 23063 23402 23739 24093 24427 24767 25103 25427 25750 26062 26380 26672 26959 27228 27488 27755 27987 28191 28381 28553 28682 28782 28850 28871 28877 28882 28908 28935 28945 28959 28978 28991 28974 28960 28946 28941 28951 28995 29062 29171 29309 29456 29588 29717 29818 29905 29971 30038 30091 30123 30142 30156 30143 30112 30064 30007 29936 29860 29773 29678 29589
-9999 -9999 -9999 -9999 -9999 -9999 -9999 20804 20988 21119 21440 21766 22075 22390 22725 23070 23412 23759 24101 24444 24778 25107 25431 25754 26065 26374 26670 26954 27219 27474 27728 27967 28191 28384 28552 28694 28805 28884 28920 28935 28947 28971 29010 29048 29102 29123 29137 29129 29116 29083 29044 28998 28960 28955 28998 29081 29219 29383 29544 29691 29822 29922 30014 30097 30165 30218 30256 30290 30303 30282 30258 30227 30172 30113 30042 29964 29893
-9999 -9999 -9999 -9999 -9999 -9999 20822 20966 21106 21423 21746 22080 22405 22728 23068 23414 23757 24102 24449 24778 25109 25428 25751 26064 26364 26651 26925 27193 27443 27686 27937 28166 28372 28553 28704 28823 28914 28958 28971 28993 29019 29070 29125 29198 29243 29273 29266 29251 29229 29179 29124 29058 28989 28935 28933 28988 29093 29263 29445 29610 29756 29892 30001 30100 30189 30254 30320 30364 30394 30406 30407 30384 30354 30318 30263 30210 30164
-9999 -9999 -9999 -9999 -9999 -9999 21036 21133 21390 21715 22053 22396 22730 23065 23406 23753 24101 24438 24772 25106 25421 25740 26047 26350 26638 26912 27155 27400 27643 27894 28148 28382 28584 28750 28888 28983 29042 29052 29058 29073 29104 29165 29245 29306 29343 29348 29350 29329 29284 29225 29160 29090 29002 28918 28869 28879 28958 29100 29289 29472 29640 29801 29934 30055 30149 30249 30317 30387 30434 30470 30488 30488 30482 30469 30430 30400 30387
-9999 -9999 -9999 -9999 -9999 -9999 21217 21431 21690 22015 22368 22705 23049 23401 23737 24090 24430 24761 25086 25406 25729 26034 26326 26619 26896 27141 27369 27608 27862 28124 28389 28630 28831 28992 29114 29185 29201 29190 29183 29176 29215 29273 29320 29358 29381 29392 29383 29349 29290 29229 29153 29065 28972 28876 28798 28762 28802 28908 29086 29296 29484 29647 29817 29950 30079 30173 30274 30360 30424 30468 30509 30540 30565 30560 30552 30545 30553
-9999 -9999 -9999 -9999 -9999 21344 21470 21677 21997 22329 22675 23021 23368 23721 24071 24408 24744 25073 25392 25707 26011 26318 26603 26888 27133 27358 27597 27843 28104 28386 28661 28907 29105 29246 29350 29395 29380 29344 29318 29315 29337 29356 29364 29368 29381 29385 29367 29327 29261 29184 29090 29004 28906 28804 28706 28639 28632 28706 28872 29081 29292 29476 29643 29809 29940 30074 30175 30277 30356 30431 30487 30542 30581 30615 30630 30644 30657
-9999 -9999 -9999 -9999 21305 21516 21655 21975 22302 22641 22981 23337 23690 24028 24376 24716 25042 25366 25680 25992 26294 26583 26864 27127 27364 27597 27829 28086 28373 28671 28948 29185 29382 29511 29573 29587 29546 29496 29463 29458 29451 29423 29397 29374 29350 29342 29315 29271 29197 29096 29007 28902 28798 28689 28584 28493 28446 28498 28636 28843 29059 29268 29452 29619 29787 29913 30037 30145 30254 30352 30430 30500 30570 30619 30665 30693 30734
-9999 -9999 -9999 21235 21455 21616 21945 22264 22603 22943 23285 23645 23990 24325 24660 24997 25324 25644 25949 26254 26554 26841 27107 27353 27589 27817 28071 28355 28663 28969 29247 29474 29642 29762 29819 29792 29725 29648 29607 29591 29557 29508 29432 29372 29315 29279 29244 29180 29091 28988 28880 28770 28652 28544 28425 28318 28248 28257 28388 28592 28810 29026 29222 29409 29568 29722 29867 29988 30112 30215 30332 30424 30509 30589 30649 30708 30761
-9999 -9999 21157 21377 21549 21885 22218 22563 22895 23235 23594 23937 24270 24599 24935 25257 25586 25904 26202 26500 26795 27071 27338 27581 27808 28047 28327 28645 28976 29273 29549 29770 29930 30037 30068 30028 29930 29828 29770 29721 29669 29579 29478 29367 29282 29204 29139 29062 28965 28851 28723 28600 28483 28346 28226 28111 28021 28009 28118 28322 28537 28754 28960 29150 29327 29492 29633 29791 29920 30060 30183 30305 30397 30499 30591 30680 30762
