ASPA-UH-SWB2_REPO/dynamic_inputs/RO_Rf_Ratios_Dynamic/Data/Gridded_rain/PRISM_ppt_tutuila_30yr_normal_80mM1_03_asc.asc
ncols 381
nrows 202
xllcorner -170.851658
yllcorner -14.379175
cellsize 0.00083333333
NODATA_value -9999
[rows 68 to 101 of 202, columns 154 to 230 of 381]
-9999 32242 32530 32747 33352 33947 34578 35183 35790 36431 37069 37671 38267 38891 39464 40051 40627 41133 41564 41987 42343 42665 42909 43076 43219 43365 43585 43823 44055 44227 44322 44354 44337 44233 44054 43787 43492 43190 42959 42741 42510 42304 42055 41802 41552 41326 41133 40954 40738 40508 40268 40067 39849 39651 39461 39290 39142 39066 39113 39205 39347 39453 39549 39616 39662 39681 39662 39617 39576 39484 39383 39238 39084 38907 38734 38536 38364
32426 32721 32914 33510 34116 34790 35424 36048 36706 37365 38006 38627 39278 39881 40482 41076 41655 42142 42564 42938 43275 43553 43749 43869 43936 44055 44212 44425 44600 44719 44763 44715 44620 44490 44251 43954 43595 43245 42952 42678 42419 42130 41842 41521 41209 40954 40723 40503 40275 40021 39782 39536 39322 39116 38930 38753 38611 38567 38605 38730 38850 38980 39082 39178 39237 39291 39309 39322 39302 39278 39198 39111 39013 38890 38733 38591 38439
32898 33082 33687 34301 34971 35635 36306 36965 37643 38324 38987 39684 40302 40937 41569 42191 42723 43211 43628 43972 44293 44509 44637 44709 44716 44761 44912 45031 45149 45215 45194 45101 44963 44744 44484 44111 43705 43298 42917 42603 42271 41938 41582 41218 40850 40525 40269 40031 39763 39496 39222 38980 38747 38546 38342 38183 38065 38017 38082 38207 38347 38465 38593 38696 38799 38855 38931 38963 38993 38992 38991 38946 38888 38806 38712 38596 38499
33250 33862 34469 35150 35826 36542 37219 37931 38616 39321 40048 40732 41421 42076 42722 43312 43864 44331 44724 45060 45332 45516 45609 45597 45535 45534 45583 45678 45718 45714 45629 45509 45317 45059 44732 44325 43837 43365 42920 42480 42108 41701 41301 40867 40442 40089 39770 39499 39201 38919 38647 38373 38157 37940 37745 37585 37487 37470 37522 37668 37802 37950 38069 38190 38302 38415 38496 38578 38628 38680 38722 38729 38715 38682 38638 38568 38498
34017 34632 35321 35993 36752 37444 38191 38912 39638 40410 41143 41869 42582 43260 43884 44483 44999 45432 45818 46130 46346 46538 46594 46521 46445 46345 46354 46341 46322 46230 46118 45915 45694 45379 44997 44541 44012 43445 42915 42400 41904 41463 40986 40494 40029 39609 39280 38946 38628 38319 38021 37774 37529 37308 37122 36969 36891 36878 36985 37094 37242 37376 37518 37656 37788 37925 38044 38143 38255 38338 38406 38466 38505 38526 38513 38502 38469
34772 35467 36164 36918 37638 38416 39171 39952 40730 41509 42302 43048 43752 44410 45038 45568 46053 46460 46810 47122 47331 47483 47525 47484 47361 47258 47144 47075 46938 46805 46607 46326 46008 45671 45226 44718 44158 43521 42917 42323 41766 41226 40685 40144 39609 39166 38770 38411 38070 37717 37406 37137 36885 36661 36475 36354 36266 36296 36385 36509 36638 36781 36925 37091 37244 37405 37550 37699 37831 37967 38066 38163 38255 38311 38351 38372 38397
35587 36305 37067 37814 38603 39388 40203 41021 41857 42699 43495 44234 44906 45543 46111 46610 47054 47453 47748 47993 48244 48365 48436 48410 48259 48099 47990 47813 47628 47347 47057 46707 46278 45836 45333 44786 44174 43530 42862 42234 41606 41008 40409 39803 39239 38728 38293 37893 37501 37129 36789 36497 36238 36011 35834 35713 35682 35694 35772 35897 36019 36161 36320 36482 36679 36864 37045 37212 37385 37532 37695 37835 37953 38062 38129 38202 38259
36444 37198 37968 38766 39580 40423 41257 42131 43031 43895 44679 45407 46048 46616 47147 47627 48029 48387 48665 48917 49087 49210 49285 49257 49116 48969 48788 48558 48249 47896 47470 47001 46493 45908 45346 44736 44098 43439 42777 42083 41440 40781 40169 39499 38880 38325 37845 37403 36946 36541 36199 35871 35610 35397 35228 35120 35080 35104 35172 35266 35386 35528 35701 35894 36089 36298 36496 36712 36894 37094 37279 37453 37615 37750 37879 37968 38076
37308 38098 38917 39754 40579 41456 42359 43295 44205 45085 45857 46548 47157 47683 48166 48642 49022 49324 49605 49805 49946 50047 50087 50064 49966 49793 49563 49256 48872 48404 47846 47259 46641 46007 45336 44678 43988 43328 42630 41937 41254 40617 39912 39251 38579 37977 37419 36917 36421 35998 35607 35289 35023 34815 34663 34555 34497 34513 34563 34655 34762 34906 35085 35283 35499 35709 35942 36155 36399 36608 36837 37034 37231 37409 37563 37713 37837
38218 39011 39868 40726 41627 42528 43506 44455 45401 46266 47042 47665 48229 48746 49221 49619 49994 50293 50514 50683 50796 50894 50903 50860 50781 50591 50319 49972 49484 48877 48232 47534 46832 46103 45395 44656 43944 43205 42503 41796 41094 40395 39737 39026 38341 37671 37059 36464 35970 35479 35071 34741 34484 34275 34110 33989 33922 33908 33969 34039 34149 34297 34470 34687 34889 35131 35356 35616 35856 36118 36348 36587 36817 37019 37206 37390 37555
39106 39962 40810 41728 42678 43649 44623 45653 46605 47447 48154 48799 49298 49785 50230 50618 50947 51217 51420 51554 51658 51715 51713 51669 51556 51363 51067 50654 50094 49394 48626 47856 47072 46304 45492 44725 43942 43155 42410 41694 40952 40246 39555 38880 38156 37461 36769 36136 35547 35053 34605 34267 33967 33750 33560 33428 33342 33315 33343 33441 33545 33689 33880 34072 34306 34525 34794 35046 35334 35591 35861 36112 36353 36598 36818 37025 37222
39998 40885 41817 42753 43738 44730 45774 46825 47805 48593 49270 49838 50371 50807 51233 51584 51896 52106 52282 52416 52492 52511 52497 52450 52319 52085 51767 51325 50715 49925 49069 48206 47359 46516 45674 44830 43977 43177 42374 41603 40865 40158 39457 38761 38051 37294 36570 35870 35238 34680 34228 33806 33501 33240 33027 32862 32759 32722 32767 32837 32950 33103 33270 33482 33704 33967 34214 34500 34769 35063 35339 35608 35881 36137 36389 36627 36836
40929 41841 42799 43792 44793 45831 46907 47980 48920 49725 50334 50892 51368 51829 52194 52536 52777 52970 53103 53215 53259 53261 53234 53164 53015 52778 52444 51963 51318 50502 49579 48619 47691 46792 45918 45002 44098 43256 42450 41633 40874 40125 39432 38703 37957 37189 36384 35649 34958 34374 33844 33413 33045 32746 32513 32317 32188 32167 32194 32262 32374 32502 32691 32892 33137 33391 33672 33936 34228 34524 34815 35100 35380 35666 35938 36178 36416
41860 42807 43802 44821 45846 46910 48011 49086 50059 50781 51403 51898 52372 52750 53130 53407 53619 53759 53848 53902 53945 53940 53887 53797 53642 53403 53038 52571 51935 51086 50096 49095 48116 47148 46193 45271 44338 43455 42591 41797 40948 40183 39418 38675 37881 37071 36213 35412 34706 34053 33497 33027 32636 32291 32012 31799 31671 31632 31632 31710 31808 31947 32112 32336 32570 32847 33120 33408 33690 33978 34281 34580 34876 35168 35447 35715 35943
42783 43761 44776 45810 46870 47956 49078 50182 51127 51866 52404 52890 53289 53670 53962 54199 54348 54446 54497 54522 54517 54501 54449 54341 54185 53929 53578 53133 52520 51647 50642 49616 48588 47589 46592 45623 44674 43739 42878 41984 41143 40283 39461 38647 37830 36942 36067 35212 34438 33773 33178 32672 32246 31880 31571 31319 31184 31115 31125 31176 31260 31409 31583 31782 32039 32305 32590 32869 33154 33444 33760 34061 34359 34655 34939 35212 35467
43691 44682 45706 46767 47854 48956 50095 51209 52183 52860 53400 53805 54170 54467 54710 54872 54980 55014 55037 55028 54985 54939 54870 54769 54614 54356 54023 53589 52988 52143 51158 50092 49062 48045 47039 46035 45058 44104 43172 42254 41334 40439 39531 38680 37795 36860 35921 35044 34231 33515 32896 32354 31893 31496 31146 30910 30733 30648 30643 30678 30770 30916 31064 31271 31513 31789 32050 32331 32616 32919 33229 33523 33832 34140 34417 34683 34952
44580 45575 46604 47669 48775 49895 51038 52157 53095 53818 54289 54680 54940 55154 55335 55443 55477 55477 55427 55375 55313 55231 55130 55031 54868 54629 54323 53918 53292 52473 51492 50480 49466 48471 47449 46458 45434 44466 43492 42535 41560 40604 39679 38744 37806 36815 35837 34910 34064 33282 32629 32065 31572 31146 30783 30503 30322 30234 30201 30231 30318 30434 30600 30780 31008 31256 31538 31794 32080 32384 32685 33002 33295 33595 33893 34161 34411
45456 46451 47478 48540 49623 50742 51896 52963 53932 54642 55118 55404 55615 55757 55847 55878 55860 55785 55694 55572 55466 55343 55228 55106 54961 54748 54467 54036 53417 52592 51664 50698 49754 48778 47832 46805 45797 44797 43789 42778 41787 40809 39841 38842 37843 36824 35777 34789 33896 33125 32408 31798 31261 30819 30448 30155 29957 29854 29801 29823 29902 29999 30136 30322 30521 30767 31010 31286 31558 31851 32152 32459 32764 33046 33348 33617 33868
46289 47278 48295 49340 50411 51495 52569 53654 54605 55342 55814 56052 56182 56239 56239 56191 56099 55955 55784 55610 55421 55259 55118 54991 54848 54674 54397 53939 53324 52518 51641 50775 49881 49012 48082 47128 46114 45096 44056 43043 42016 41008 39987 38985 37917 36825 35728 34710 33804 32973 32225 31584 31031 30539 30154 29859 29662 29526 29462 29460 29504 29604 29720 29863 30079 30285 30524 30784 31054 31343 31642 31928 32212 32516 32788 33060 33302
47094 48068 49063 50076 51106 52130 53154 54183 55130 55851 56346 56599 56626 56604 56503 56366 56179 55944 55700 55441 55199 54972 54793 54645 54517 54363 54071 53613 52982 52235 51450 50677 49911 49106 48265 47341 46399 45384 44359 43295 42247 41199 40175 39096 37979 36814 35688 34675 33716 32844 32081 31412 30838 30334 29922 29627 29399 29241 29163 29134 29165 29227 29320 29465 29625 29846 30068 30312 30577 30841 31137 31410 31692 31964 32236 32487 32750
47842 48790 49750 50720 51685 52655 53615 54548 55437 56179 56683 56926 56974 56823 56643 56388 56086 55773 55423 55096 54770 54488 54247 54065 53938 53731 53422 52975 52389 51714 51072 50424 49781 49088 48324 47520 46625 45670 44655 43589 42514 41459 40339 39199 38007 36818 35668 34612 33634 32753 31984 31286 30690 30188 29776 29450 29203 29027 28918 28860 28863 28886 28964 29085 29246 29409 29621 29847 30107 30366 30625 30894 31153 31422 31682 31943 32176
48527 49428 50345 51261 52173 53058 53923 54763 55570 56280 56753 57038 57079 56943 56632 56267 55874 55442 55014 54586 54194 53841 53543 53305 53087 52835 52495 52082 51556 51024 50508 50020 49506 48933 48308 47594 46796 45914 44941 43896 42816 41701 40524 39288 38056 36791 35647 34568 33604 32711 31906 31219 30626 30111 29683 29338 29068 28871 28716 28625 28585 28604 28642 28736 28859 29022 29200 29415 29645 29886 30128 30383 30637 30882 31140 31388 31608
49152 50024 50889 51733 52565 53368 54128 54860 55529 56119 56606 56852 56906 56764 56450 56016 55526 55020 54494 53993 53512 53100 52751 52440 52145 51846 51511 51089 50660 50255 49880 49499 49101 48680 48182 47591 46898 46097 45193 44190 43100 41938 40697 39424 38099 36852 35663 34609 33628 32731 31917 31232 30630 30111 29658 29273 28979 28732 28554 28443 28370 28332 28365 28419 28527 28652 28829 29021 29217 29426 29650 29898 30137 30378 30610 30834 31050
49747 50571 51370 52140 52876 53592 54252 54841 55361 55818 56181 56418 56436 56270 55960 55528 55011 54432 53848 53248 52751 52317 51958 51641 51320 50992 50640 50273 49928 49609 49292 48981 48667 48338 47977 47509 46921 46209 45367 44413 43317 42121 40882 39549 38232 36968 35810 34724 33733 32824 32027 31311 30683 30132 29651 29239 28906 28634 28420 28273 28178 28120 28097 28158 28225 28334 28473 28641 28825 29012 29214 29420 29653 29876 30093 30302 30503
50293 51036 51778 52482 53122 53729 54280 54757 55144 55440 55632 55734 55697 55501 55171 54730 54182 53586 52932 52386 51920 51557 51238 50951 50673 50365 50041 49741 49430 49121 48828 48549 48275 47983 47673 47324 46847 46201 45406 44465 43397 42246 40979 39681 38386 37157 35987 34926 33913 33001 32169 31424 30784 30192 29671 29232 28860 28562 28336 28139 28022 27930 27887 27891 27953 28034 28146 28287 28434 28598 28778 28975 29176 29392 29579 29771 29957
50755 51460 52104 52733 53307 53811 54258 54620 54887 55033 55072 54996 54821 54543 54154 53662 53100 52442 51880 51417 51070 50798 50596 50391 50158 49894 49617 49334 49056 48765 48469 48171 47880 47606 47325 46991 46581 46012 45282 44376 43349 42208 41003 39769 38547 37331 36200 35110 34113 33182 32336 31569 30879 30262 29714 29249 28862 28525 28274 28053 27886 27772 27708 27680 27698 27750 27833 27936 28069 28197 28365 28528 28719 28904 29094 29256 29425
51157 51794 52404 52930 53425 53860 54200 54454 54585 54605 54509 54288 53972 53584 53106 52561 51929 51336 50867 50541 50321 50203 50074 49914 49717 49493 49246 48983 48706 48433 48145 47827 47492 47176 46872 46540 46151 45645 44967 44142 43177 42109 40973 39815 38637 37489 36364 35301 34292 33356 32498 31714 30989 30335 29775 29284 28871 28509 28206 27985 27783 27633 27535 27486 27460 27494 27537 27611 27718 27844 27965 28126 28283 28459 28606 28771 28920
51509 52101 52630 53110 53512 53849 54110 54255 54280 54182 53953 53618 53202 52720 52178 51559 50923 50409 50060 49857 49794 49728 49627 49486 49316 49116 48897 48650 48384 48105 47812 47500 47147 46768 46407 46056 45667 45189 44583 43840 42954 41976 40922 39821 38699 37581 36495 35449 34457 33506 32626 31827 31083 30432 29824 29309 28883 28495 28168 27897 27696 27511 27390 27308 27263 27242 27279 27325 27416 27504 27623 27749 27905 28036 28172 28294 28423
51831 52342 52827 53227 53564 53819 53981 54035 53971 53768 53437 53008 52521 51976 51380 50732 50131 49722 49477 49405 49382 49322 49230 49108 48953 48776 48563 48331 48072 47793 47499 47177 46821 46420 46010 45612 45198 44737 44201 43520 42718 41809 40833 39784 38711 37644 36597 35566 34558 33617 32753 31918 31183 30499 29882 29345 28871 28483 28119 27824 27599 27416 27249 27134 27069 27029 27024 27065 27117 27224 27305 27406 27505 27645 27759 27859 27945
52079 52557 52965 53323 53583 53765 53849 53823 53660 53379 52969 52480 51929 51351 50721 50075 49535 49204 49074 49054 49028 48970 48883 48768 48627 48453 48252 48020 47766 47489 47195 46870 46509 46111 45676 45239 44793 44347 43823 43201 42461 41621 40694 39704 38678 37647 36636 35620 34642 33701 32830 32008 31247 30559 29935 29376 28880 28444 28094 27776 27516 27298 27123 26987 26891 26832 26809 26821 26867 26924 27001 27076 27172 27266 27357 27445 27542
52294 52715 53081 53374 53584 53695 53710 53609 53385 53024 52566 52019 51434 50833 50189 49566 49090 48827 48759 48750 48716 48659 48573 48461 48317 48146 47948 47722 47467 47193 46891 46568 46207 45810 45373 44906 44460 43984 43484 42885 42203 41410 40528 39581 38601 37612 36614 35645 34685 33758 32871 32062 31311 30597 29968 29389 28884 28439 28053 27727 27432 27206 27010 26855 26728 26651 26621 26616 26633 26662 26701 26761 26842 26922 26989 27066 27151
52442 52831 53152 53389 53549 53612 53557 53395 53115 52721 52211 51633 51031 50418 49780 49184 48743 48540 48496 48479 48436 48372 48286 48167 48022 47850 47651 47421 47170 46891 46593 46264 45904 45508 45072 44604 44130 43658 43155 42590 41929 41180 40341 39436 38487 37533 36575 35618 34687 33774 32896 32090 31326 30622 29977 29393 28880 28428 28022 27685 27383 27114 26899 26737 26603 26542 26481 26459 26463 26466 26450 26483 26528 26594 26716 26775 26844
52546 52879 53173 53369 53477 53490 53395 53188 52874 52445 51914 51317 50700 50081 49460 48889 48471 48294 48251 48223 48175 48099 48005 47883 47733 47554 47347 47119 46861 46589 46288 45958 45590 45194 44762 44293 43814 43338 42840 42282 41648 40929 40134 39262 38347 37423 36499 35564 34640 33750 32902 32078 31317 30623 29975 29387 28868 28409 27996 27629 27320 27032 26826 26635 26523 26441 26398 26356 26331 26284 26269 26267 26302 26357 26455 26574 26627
52597 52891 53133 53306 53382 53356 53233 52994 52654 52202 51662 51055 50429 49806 49197 48644 48237 48063 48004 47971 47912 47831 47721 47595 47437 47247 47036 46805 46549 46265 45965 45633 45270 44870 44434 43967 43483 43020 42521 41971 41352 40659 39894 39060 38189 37281 36379 35462 34564 33697 32859 32052 31293 30610 29961 29381 28846 28370 27951 27567 27241 26987 26774 26614 26492 -9999 -9999 -9999 -9999 -9999 26129 26136 26141 26218 -9999 -9999 -9999
