ASPA-UH-SWB2_REPO/dynamic_inputs/RO_Rf_Ratios_Dynamic/Data/Gridded_rain/PRISM_ppt_tutuila_30yr_normal_80mM1_10_asc.asc
ncols 381
nrows 202
xllcorner -170.851658
yllcorner -14.379175
cellsize 0.00083333333
NODATA_value -9999
[rows 102 to 135 of 202, columns 77 to 153 of 381]
41101 41146 41164 41184 41203 41224 41244 41266 41287 41309 41331 41353 41375 41397 41419 41423 41414 41406 41397 41371 41344 41302 41269 41213 41148 41083 41009 40935 40859 40772 40694 40607 40521 40434 40365 40314 40281 40240 40218 40222 40228 40259 40307 40371 40461 40552 40671 40802 40953 41116 41300 41486 41693 41912 42132 42353 42584 42836 43087 43337 43587 43837 44097 44366 44655 44954 45254 45564 45885 46207 46532 46879 47208 47561 47930 48307 48694
42123 42154 42195 42209 42225 42241 42257 42275 42293 42312 42331 42350 42377 42396 42412 42416 42402 42393 42376 42345 42299 42263 42222 42168 42099 42024 41951 41876 41800 41714 41623 41531 41431 41332 41259 41204 41159 41115 41089 41074 41086 41099 41137 41209 41278 41383 41481 41598 41726 41885 42045 42227 42410 42614 42829 43025 43241 43467 43713 43947 44172 44406 44660 44914 45177 45451 45745 46020 46326 46623 46933 47255 47580 47908 48254 48618 48994
43125 43161 43188 43215 43234 43245 43258 43271 43285 43300 43315 43347 43370 43387 43383 43374 43365 43332 43307 43276 43225 43178 43129 43077 43013 42937 42863 42783 42712 42630 42527 42436 42331 42220 42135 42077 42012 41974 41937 41920 41913 41925 41963 42017 42094 42169 42263 42359 42493 42620 42768 42926 43105 43295 43467 43659 43860 44070 44291 44510 44709 44928 45156 45393 45631 45888 46146 46426 46685 46968 47251 47547 47855 48169 48500 48840 49191
44101 44139 44169 44191 44213 44228 44243 44252 44261 44272 44299 44324 44348 44344 44335 44316 44287 44245 44207 44172 44119 44063 44012 43959 43888 43814 43733 43656 43579 43493 43413 43305 43206 43091 42994 42924 42856 42799 42761 42734 42726 42738 42750 42813 42872 42947 43011 43113 43209 43333 43459 43605 43752 43919 44077 44255 44422 44618 44813 44996 45199 45392 45583 45794 46025 46246 46487 46729 46993 47238 47505 47773 48055 48341 48646 48960 49285
45036 45076 45116 45140 45148 45174 45192 45203 45207 45228 45238 45255 45267 45273 45244 45207 45164 45135 45095 45036 44990 44933 44874 44812 44740 44651 44569 44489 44405 44317 44235 44150 44037 43947 43839 43749 43678 43603 43555 43527 43511 43505 43527 43565 43625 43681 43754 43818 43912 44007 44122 44237 44372 44497 44661 44795 44938 45109 45278 45446 45603 45778 45952 46136 46329 46543 46736 46971 47197 47434 47673 47913 48167 48426 48692 48989 49285
45935 45977 46002 46027 46053 46081 46093 46098 46120 46124 46134 46130 46137 46116 46093 46052 46017 45987 45940 45890 45836 45780 45713 45641 45560 45469 45378 45279 45189 45101 45018 44933 44845 44741 44651 44552 44464 44387 44322 44276 44251 44238 44252 44284 44327 44375 44430 44485 44559 44653 44728 44832 44927 45049 45160 45290 45418 45544 45688 45819 45959 46097 46254 46399 46574 46749 46934 47109 47316 47525 47745 47957 48182 48411 48649 48905 49170
46806 46832 46868 46887 46924 46937 46959 46982 46988 46994 46977 46975 46964 46942 46911 46886 46860 46816 46786 46736 46675 46610 46548 46466 46371 46260 46156 46043 45941 45848 45746 45669 45581 45488 45410 45312 45209 45125 45060 44990 44958 44937 44936 44953 44981 45021 45049 45104 45159 45225 45299 45363 45446 45527 45625 45731 45834 45934 46031 46136 46238 46358 46476 46602 46738 46883 47017 47184 47340 47530 47710 47902 48098 48299 48505 48729 48962
47627 47674 47703 47734 47756 47780 47812 47821 47832 47826 47830 47804 47785 47773 47750 47728 47705 47680 47634 47593 47525 47459 47394 47291 47183 47070 46933 46811 46683 46565 46461 46353 46271 46184 46100 46015 45910 45819 45733 45674 45628 45593 45587 45589 45595 45602 45631 45659 45714 45752 45797 45850 45892 45961 46036 46107 46175 46239 46320 46386 46460 46530 46618 46725 46831 46935 47049 47153 47289 47447 47597 47770 47925 48084 48270 48451 48661
48449 48472 48521 48545 48569 48603 48621 48637 48645 48645 48631 48614 48596 48594 48584 48564 48552 48521 48487 48423 48377 48302 48219 48122 47993 47867 47720 47579 47438 47285 47154 47032 46931 46838 46743 46650 46562 46459 46375 46303 46252 46213 46185 46183 46167 46160 46156 46176 46196 46234 46261 46285 46305 46332 46374 46420 46462 46500 46522 46570 46604 46644 46702 46768 46831 46914 46985 47067 47171 47277 47405 47536 47670 47798 47940 48089 48244
49211 49253 49278 49321 49338 49373 49401 49407 49421 49421 49399 49389 49388 49380 49381 49373 49355 49343 49294 49247 49177 49117 49026 48911 48789 48644 48502 48338 48177 48011 47851 47709 47570 47453 47358 47267 47161 47053 46960 46881 46817 46773 46742 46710 46690 46659 46641 46637 46641 46653 46671 46666 46657 46661 46668 46680 46686 46686 46689 46687 46691 46700 46715 46738 46769 46808 46847 46895 46966 47038 47122 47220 47321 47425 47524 47628 47759
49915 49960 50004 50031 50067 50086 50114 50136 50141 50140 50131 50122 50122 50116 50127 50128 50122 50095 50071 50009 49957 49889 49790 49675 49537 49398 49245 49069 48889 48712 48532 48361 48195 48060 47943 47836 47733 47610 47508 47413 47324 47274 47237 47192 47149 47113 47079 47051 47030 47025 47008 46994 46955 46928 46901 46887 46846 46817 46791 46748 46709 46686 46658 46636 46633 46628 46632 46646 46672 46709 46780 46821 46887 46957 47020 47099 47184
50543 50607 50654 50682 50720 50741 50769 50798 50804 50796 50802 50801 50794 50814 50817 50822 50824 50815 50769 50740 50673 50606 50515 50385 50254 50091 49936 49759 49566 49362 49172 48981 48795 48635 48499 48383 48263 48142 48017 47895 47813 47730 47660 47617 47568 47517 47458 47405 47368 47328 47283 47251 47201 47132 47072 47021 46961 46882 46815 46740 46669 46601 46528 46472 46423 46372 46341 46330 46320 46321 46313 46351 46370 46415 46441 46472 46519
51121 51179 51237 51267 51289 51328 51365 51378 51392 51397 51409 51399 51417 51437 51442 51456 51469 51461 51433 51382 51339 51272 51174 51044 50897 50751 50580 50402 50184 49976 49765 49556 49359 49164 49017 48896 48760 48625 48475 48352 48244 48152 48057 47997 47932 47856 47790 47711 47639 47572 47518 47457 47377 47286 47200 47102 47002 46893 46773 46664 46558 46445 46347 46233 46137 46060 45981 45923 45876 45841 45807 45776 45779 45765 45767 45773 45795
51622 51674 51725 51775 51806 51837 51875 51897 51913 51931 51925 51947 51964 51984 52007 52023 52038 52041 52022 51978 51927 51861 51763 51633 51488 51342 51173 50972 50763 50537 50314 50083 49860 49656 49485 49341 49205 49047 48898 48767 48642 48515 48428 48334 48242 48157 48066 47962 47864 47778 47705 47605 47503 47397 47275 47129 46989 46837 46673 46530 46377 46227 46081 45940 45785 45670 45553 45447 45363 45301 45229 45160 45105 45079 45048 45022 45000
52045 52099 52151 52193 52235 52276 52315 52348 52367 52365 52383 52413 52445 52466 52492 52526 52544 52556 52536 52500 52449 52382 52284 52155 52010 51858 51681 51490 51274 51042 50794 50558 50312 50090 49905 49735 49581 49423 49267 49129 48988 48861 48740 48627 48516 48403 48277 48175 48050 47937 47816 47713 47579 47448 47278 47099 46916 46719 46521 46331 46142 45945 45760 45570 45397 45211 45066 44921 44809 44699 44589 44495 44422 44345 44295 44239 44197
52369 52443 52497 52541 52594 52639 52680 52709 52725 52747 52771 52808 52833 52880 52924 52945 52988 52991 52987 52951 52899 52831 52741 52603 52458 52298 52123 51925 51710 51472 51226 50972 50712 50467 50252 50081 49913 49747 49592 49420 49280 49146 49007 48866 48735 48594 48450 48313 48179 48029 47897 47754 47604 47411 47206 46992 46773 46530 46295 46060 45825 45612 45370 45152 44929 44724 44518 44334 44194 44044 43911 43788 43673 43589 43500 43437 43362
52631 52691 52748 52805 52863 52920 52951 52977 53015 53043 53083 53110 53161 53217 53263 53302 53338 53373 53352 53331 53271 53211 53111 52989 52835 52659 52491 52294 52064 51844 51591 51314 51043 50786 50558 50369 50197 50020 49847 49675 49510 49359 49203 49060 48899 48729 48567 48403 48242 48090 47920 47749 47544 47322 47066 46813 46535 46264 45993 45712 45454 45176 44933 44659 44420 44165 43919 43706 43515 43340 43175 43032 42887 42783 42674 42564 42476
52772 52853 52925 52988 53043 53099 53144 53193 53231 53273 53311 53362 53420 53477 53533 53582 53633 53651 53654 53617 53588 53512 53420 53296 53142 52972 52789 52590 52377 52126 51875 51599 51312 51036 50798 50602 50416 50235 50035 49861 49678 49510 49343 49190 48997 48808 48626 48452 48272 48083 47883 47662 47433 47149 46861 46544 46236 45917 45599 45295 44994 44706 44397 44123 43819 43551 43277 43034 42805 42595 42398 42223 42079 41942 41794 41668 41530
52844 52925 53013 53075 53145 53199 53269 53317 53371 53420 53479 53537 53594 53658 53724 53789 53831 53858 53869 53848 53802 53750 53649 53533 53386 53224 53023 52824 52602 52359 52085 51812 51518 51233 50989 50770 50586 50384 50188 49979 49784 49597 49437 49243 49047 48845 48644 48433 48234 48023 47781 47528 47224 46902 46559 46214 45868 45512 45159 44818 44493 44149 43830 43502 43198 42875 42600 42318 42052 41819 41599 41401 41223 41047 40905 40729 40577
52814 52924 53003 53081 53159 53238 53299 53373 53426 53498 53547 53618 53689 53761 53834 53899 53941 53984 53995 53982 53944 53883 53823 53690 53543 53380 53203 52987 52749 52505 52240 51944 51652 51378 51121 50898 50684 50492 50266 50052 49837 49655 49455 49255 49036 48823 48593 48380 48144 47884 47618 47297 46944 46576 46206 45814 45431 45060 44680 44303 43929 43580 43203 42853 42516 42192 41872 41568 41287 41020 40777 40557 40340 40148 39958 39802 39599
52712 52823 52920 53007 53094 53172 53267 53334 53405 53469 53539 53615 53690 53768 53847 53911 53978 54013 54032 54035 54005 53952 53875 53775 53627 53465 53279 53071 52833 52573 52308 52028 51730 51447 51196 50962 50758 50526 50310 50065 49863 49649 49433 49207 48983 48730 48498 48261 47997 47695 47370 47009 46610 46205 45788 45380 44971 44552 44145 43750 43359 42939 42556 42167 41819 41472 41129 40803 40492 40201 39936 39690 39459 39231 39026 38828 38651
52497 52631 52745 52851 52939 53035 53124 53226 53299 53364 53448 53519 53607 53688 53763 53842 53918 53977 53996 53999 53978 53941 53864 53755 53632 53461 53283 53075 52837 52585 52312 52032 51739 51457 51199 50987 50751 50526 50277 50050 49807 49585 49350 49115 48859 48602 48347 48079 47783 47453 47070 46661 46243 45792 45337 44901 44465 44018 43572 43149 42718 42280 41857 41463 41088 40718 40352 39994 39675 39364 39077 38818 38552 38319 38082 37876 37654
52183 52340 52487 52601 52710 52818 52925 53014 53116 53199 53266 53357 53439 53523 53609 53693 53784 53843 53887 53890 53877 53840 53772 53671 53540 53385 53216 53008 52770 52526 52253 51959 51682 51411 51164 50931 50702 50449 50207 49947 49704 49463 49215 48954 48681 48419 48137 47853 47521 47141 46718 46279 45804 45335 44873 44388 43913 43447 42993 42509 42039 41604 41164 40731 40328 39956 39557 39180 38841 38523 38225 37944 37674 37399 37153 36914 36681
51782 51965 52120 52257 52393 52524 52636 52747 52854 52948 53034 53123 53214 53290 53378 53480 53568 53636 53688 53707 53695 53658 53606 53515 53383 53237 53068 52868 52639 52388 52122 51842 51562 51296 51067 50826 50577 50336 50058 49797 49543 49287 49019 48730 48457 48170 47886 47560 47192 46771 46312 45834 45331 44833 44342 43849 43344 42850 42356 41864 41386 40902 40445 40006 39578 39158 38783 38387 38018 37692 37384 37101 36802 36508 36240 35990 35727
51283 51474 51657 51831 51988 52120 52258 52403 52518 52627 52725 52824 52910 53003 53089 53183 53273 53355 53408 53428 53432 53412 53368 53277 53154 53025 52848 52665 52436 52185 51931 51672 51396 51146 50913 50662 50414 50143 49871 49598 49329 49059 48769 48486 48168 47881 47560 47219 46814 46365 45864 45347 44834 44317 43797 43263 42760 42236 41701 41202 40706 40205 39722 39269 38815 38384 37988 37606 37229 36895 36577 36255 35961 35668 35358 35080 34816
50668 50895 51105 51298 51483 51645 51803 51957 52100 52230 52344 52448 52553 52654 52738 52814 52904 52988 53046 53083 53096 53085 53042 52967 52861 52724 52572 52382 52169 51929 51696 51442 51198 50956 50700 50460 50187 49902 49625 49356 49071 48777 48483 48160 47868 47528 47195 46821 46388 45904 45382 44855 44312 43776 43225 42682 42127 41594 41063 40524 40001 39507 39010 38510 38065 37635 37219 36827 36453 36110 35766 35464 35151 34817 34501 34210 33943
49985 50226 50454 50675 50889 51088 51266 51441 51613 51755 51882 52004 52133 52229 52313 52403 52483 52558 52618 52668 52696 52685 52659 52593 52488 52359 52216 52043 51836 51632 51403 51181 50947 50711 50449 50191 49918 49628 49345 49050 48759 48459 48140 47823 47489 47155 46770 46382 45923 45407 44886 44328 43776 43197 42637 42073 41499 40936 40387 39832 39305 38796 38286 37785 37331 36901 36474 36073 35702 35337 35002 34680 34350 33997 33679 33386 33086
49221 49479 49733 49982 50225 50443 50656 50852 51035 51207 51350 51493 51624 51745 51842 51934 52013 52087 52155 52205 52229 52241 52215 52157 52060 51941 51817 51643 51463 51272 51083 50869 50643 50399 50155 49878 49598 49318 49011 48719 48410 48094 47760 47429 47081 46713 46331 45889 45420 44896 44334 43786 43191 42624 42032 41449 40855 40274 39709 39160 38620 38075 37574 37097 36610 36169 35753 35343 34964 34597 34255 33903 33564 33222 32879 32565 32299
48407 48668 48932 49209 49471 49736 49960 50171 50375 50558 50730 50891 51053 51195 51318 51408 51501 51577 51652 51704 51730 51729 51716 51667 51587 51481 51357 51224 51056 50885 50704 50504 50278 50036 49787 49519 49232 48945 48650 48331 48015 47673 47343 46997 46624 46238 45829 45374 44879 44347 43776 43185 42611 42001 41410 40797 40206 39620 39040 38478 37923 37378 36876 36387 35911 35460 35036 34627 34235 33884 33513 33166 32811 32478 32129 31827 31562
47540 47803 48088 48366 48655 48921 49183 49423 49642 49845 50028 50217 50397 50570 50714 50832 50942 51037 51102 51158 51179 51200 51186 51145 51077 50991 50881 50767 50623 50464 50282 50083 49859 49612 49362 49104 48819 48519 48215 47906 47564 47232 46868 46516 46124 45718 45282 44826 44315 43771 43190 42599 41971 41382 40772 40162 39556 38955 38371 37806 37251 36726 36179 35691 35238 34788 34351 33932 33548 33179 32811 32457 32125 31763 31439 31141 30879
46640 46916 47189 47484 47774 48056 48336 48603 48840 49059 49280 49480 49687 49876 50035 50191 50320 50424 50514 50565 50613 50626 50629 50598 50549 50475 50385 50272 50142 49998 49826 49610 49390 49152 48896 48632 48353 48053 47741 47415 47091 46733 46381 45973 45600 45163 44712 44245 43729 43182 42597 41973 41367 40748 40129 39515 38904 38311 37724 37147 36590 36053 35539 35052 34589 34136 33702 33291 32889 32524 32138 31794 31444 31109 30800 30518 30236
45725 46005 46284 46559 46854 47161 47453 47725 47978 48240 48477 48705 48922 49120 49299 49468 49619 49743 49852 49936 49983 50018 50025 50021 49982 49925 49842 49743 49617 49481 49310 49102 48876 48650 48399 48133 47854 47547 47227 46909 46558 46212 45832 45442 45010 44577 44118 43629 43128 42567 41979 41362 40746 40119 39496 38887 38285 37678 37091 36521 35962 35426 34914 34437 33971 33531 33095 32669 32283 31876 31522 31147 30825 30506 30203 29911 29642
44777 45062 45360 45641 45925 46220 46528 46812 47103 47368 47634 47876 48103 48318 48514 48691 48843 49004 49130 49224 49295 49344 49381 49380 49359 49319 49252 49157 49052 48903 48743 48549 48337 48101 47865 47608 47323 47018 46695 46359 46019 45647 45266 44856 44419 43969 43493 43010 42481 41946 41346 40749 40110 39489 38882 38282 37655 37080 36489 35908 35359 34824 34321 33830 33375 32934 32496 32088 31674 31298 30909 30574 30246 29944 29632 29353 29096
43791 44087 44391 44696 44976 45275 45574 45898 46173 46458 46744 47013 47250 47465 47676 47860 48044 48202 48337 48463 48548 48619 48659 48687 48686 48664 48605 48526 48419 48293 48124 47955 47751 47528 47294 47041 46767 46466 46143 45791 45434 45062 44664 44249 43796 43340 42869 42349 41848 41279 40720 40102 39486 38876 38279 37654 37069 36480 35899 35317 34769 34243 33739 33256 32789 32347 31930 31510 31123 30732 30359 30017 29716 29408 29121 28843 28585
