ASPA-UH-SWB2_REPO/dynamic_inputs/RO_Rf_Ratios_Dynamic/Data/Gridded_rain/PRISM_ppt_tutuila_30yr_normal_80mM1_09_asc.asc
ncols 381
nrows 202
xllcorner -170.851658
yllcorner -14.379175
cellsize 0.00083333333
NODATA_value -9999
[rows 34 to 67 of 202, columns 231 to 307 of 381]
-9999 -9999 -9999 -9999 -9999 -9999 -9999 -9999 -9999 -9999 -9999 -9999 -9999 -9999 -9999 -9999 -9999 -9999 -9999 -9999 -9999 -9999 -9999 -9999 -9999 -9999 -9999 -9999 -9999 -9999 -9999 -9999 -9999 -9999 -9999 -9999 -9999 -9999 -9999 -9999 -9999 -9999 -9999 -9999 -9999 -9999 -9999 -9999 -9999 -9999 -9999 -9999 -9999 -9999 -9999 -9999 -9999 -9999 -9999 -9999 -9999 -9999 -9999 -9999 -9999 -9999 -9999 -9999 -9999 -9999 -9999 -9999 -9999 -9999 -9999 -9999 -9999
-9999 -9999 -9999 -9999 -9999 -9999 -9999 -9999 -9999 -9999 -9999 -9999 -9999 -9999 -9999 -9999 -9999 -9999 -9999 -9999 -9999 -9999 -9999 -9999 -9999 -9999 -9999 -9999 -9999 -9999 -9999 -9999 -9999 -9999 -9999 -9999 -9999 -9999 -9999 -9999 -9999 -9999 -9999 -9999 -9999 -9999 -9999 -9999 -9999 -9999 -9999 -9999 -9999 -9999 -9999 -9999 -9999 -9999 -9999 -9999 -9999 -9999 -9999 -9999 -9999 -9999 -9999 -9999 -9999 -9999 -9999 -9999 -9999 -9999 -9999 -9999 -9999
-9999 -9999 -9999 -9999 -9999 -9999 -9999 -9999 -9999 -9999 -9999 -9999 -9999 -9999 -9999 -9999 -9999 -9999 -9999 -9999 -9999 -9999 -9999 -9999 -9999 -9999 -9999 -9999 -9999 -9999 -9999 -9999 -9999 -9999 -9999 -9999 -9999 -9999 -9999 -9999 -9999 -9999 -9999 -9999 -9999 -9999 -9999 -9999 -9999 -9999 -9999 -9999 -9999 -9999 -9999 -9999 -9999 -9999 -9999 -9999 -9999 -9999 -9999 -9999 -9999 -9999 -9999 -9999 -9999 -9999 -9999 -9999 -9999 -9999 -9999 -9999 -9999
-9999 -9999 -9999 -9999 -9999 -9999 -9999 -9999 -9999 -9999 -9999 -9999 -9999 -9999 -9999 -9999 -9999 -9999 -9999 -9999 -9999 -9999 14904 14899 -9999 -9999 -9999 -9999 -9999 14854 14846 -9999 -9999 -9999 -9999 -9999 -9999 -9999 -9999 -9999 -9999 -9999 -9999 -9999 14604 -9999 -9999 -9999 -9999 -9999 -9999 -9999 -9999 -9999 -9999 -9999 -9999 -9999 -9999 -9999 -9999 -9999 -9999 -9999 -9999 -9999 -9999 -9999 -9999 -9999 -9999 -9999 -9999 -9999 -9999 -9999 -9999
17077 -9999 -9999 -9999 -9999 -9999 16347 16274 -9999 -9999 -9999 -9999 -9999 -9999 -9999 -9999 -9999 -9999 -9999 -9999 -9999 15012 14983 14987 15013 -9999 -9999 -9999 14973 14927 14923 14935 -9999 -9999 -9999 -9999 -9999 -9999 -9999 -9999 -9999 -9999 -9999 14680 14663 14645 -9999 -9999 -9999 -9999 -9999 -9999 -9999 -9999 -9999 -9999 -9999 -9999 -9999 -9999 -9999 -9999 -9999 -9999 -9999 -9999 -9999 -9999 -9999 -9999 -9999 -9999 -9999 -9999 -9999 -9999 -9999
17434 17425 -9999 -9999 -9999 16755 16564 16506 16489 -9999 -9999 -9999 -9999 -9999 -9999 -9999 15769 15700 -9999 -9999 15325 15202 15140 15136 15152 15162 15182 15139 15103 15054 15035 15068 15090 -9999 -9999 -9999 15057 15051 -9999 -9999 -9999 -9999 14841 14794 14728 14751 14753 -9999 -9999 -9999 -9999 -9999 -9999 -9999 -9999 -9999 -9999 -9999 -9999 -9999 -9999 -9999 -9999 -9999 -9999 -9999 -9999 -9999 -9999 -9999 -9999 -9999 -9999 -9999 -9999 -9999 -9999
17758 17801 17730 -9999 17395 17174 16936 16806 16848 16838 -9999 -9999 -9999 -9999 -9999 16162 15971 15928 15882 15786 15648 15500 15438 15405 15364 15359 15331 15294 15253 15233 15219 15198 15240 15238 -9999 15190 15150 15120 15138 15126 -9999 15029 14981 14903 14876 14843 14860 14863 -9999 -9999 -9999 -9999 -9999 -9999 -9999 -9999 -9999 -9999 -9999 -9999 -9999 -9999 -9999 -9999 -9999 -9999 -9999 -9999 -9999 -9999 -9999 -9999 -9999 -9999 -9999 -9999 -9999
18290 18138 18144 17998 17838 17578 17440 17300 17168 17208 17195 -9999 -9999 -9999 16684 16525 16333 16241 16261 16163 16003 15918 15856 15792 15732 15673 15594 15535 15497 15476 15444 15406 15374 15416 15384 15352 15280 15260 15259 15256 15210 15189 15104 15078 15034 15001 14960 14984 14990 -9999 -9999 -9999 -9999 -9999 -9999 -9999 -9999 -9999 -9999 -9999 -9999 -9999 -9999 -9999 -9999 -9999 -9999 -9999 -9999 -9999 -9999 -9999 -9999 -9999 -9999 -9999 -9999
18845 18694 18553 18479 18251 18106 17961 17822 17681 17538 17589 17521 -9999 17261 17082 16884 16795 16707 16628 16576 16473 16396 16338 16266 16173 16074 16000 15933 15866 15802 15754 15681 15635 15596 15577 15515 15483 15451 15431 15388 15389 15320 15295 15247 15220 15168 15139 15089 15100 15111 -9999 -9999 -9999 -9999 15040 -9999 -9999 -9999 -9999 -9999 -9999 -9999 -9999 -9999 -9999 -9999 -9999 -9999 -9999 -9999 -9999 -9999 -9999 -9999 -9999 -9999 -9999
19446 19290 19126 18969 18819 18659 18506 18361 18222 18079 17934 17965 17834 17711 17487 17377 17285 17194 17112 17040 16967 16885 16813 16742 16657 16575 16477 16400 16309 16239 16150 16083 15995 15908 15834 15773 15724 15697 15649 15604 15565 15530 15482 15450 15406 15366 15311 15273 15221 15245 15251 -9999 -9999 15134 15126 15105 -9999 -9999 -9999 -9999 -9999 -9999 -9999 -9999 -9999 -9999 -9999 -9999 -9999 -9999 -9999 -9999 -9999 -9999 -9999 -9999 -9999
20075 19895 19743 19579 19406 19231 19081 18938 18793 18653 18510 18381 18344 18142 18031 17928 17814 17708 17630 17536 17462 17396 17304 17231 17148 17067 16977 16876 16803 16725 16634 16525 16420 16318 16236 16129 16051 15996 15928 15871 15815 15758 15711 15668 15625 15570 15510 15462 15421 15371 15385 15376 15329 15283 15203 15183 15095 -9999 -9999 -9999 -9999 -9999 -9999 -9999 -9999 -9999 -9999 -9999 -9999 -9999 -9999 -9999 -9999 -9999 -9999 -9999 -9999
20704 20535 20367 20197 20018 19855 19690 19542 19410 19255 19115 18979 18858 18742 18612 18497 18387 18268 18167 18078 17998 17912 17836 17742 17657 17554 17472 17373 17294 17208 17105 17012 16909 16797 16672 16574 16477 16370 16291 16210 16127 16044 15993 15932 15865 15804 15733 15677 15622 15566 15520 15506 15459 15388 15309 15189 15108 15037 -9999 -9999 -9999 -9999 -9999 -9999 -9999 -9999 14611 -9999 -9999 -9999 -9999 -9999 -9999 -9999 -9999 -9999 -9999
21352 21185 21009 20832 20655 20495 20325 20180 20032 19889 19733 19592 19464 19358 19230 19106 18986 18872 18749 18663 18560 18469 18371 18293 18178 18092 17980 17897 17798 17690 17603 17491 17398 17279 17146 17034 16936 16821 16709 16594 16485 16414 16324 16243 16156 16068 15990 15912 15839 15762 15688 15631 15569 15472 15374 15273 15145 15019 14940 14931 14909 -9999 -9999 -9999 -9999 14691 14672 14671 14703 14720 -9999 -9999 -9999 14838 -9999 -9999 -9999
22019 21835 21669 21485 21320 21136 20985 20825 20680 20520 20366 20218 20101 19971 19863 19739 19621 19498 19371 19263 19164 19049 18954 18846 18748 18642 18547 18434 18333 18223 18115 18000 17866 17754 17625 17519 17395 17282 17153 17011 16907 16791 16687 16586 16492 16384 16277 16177 16071 15973 15865 15769 15688 15600 15489 15369 15246 15143 15098 15039 15020 15023 -9999 -9999 14855 14811 14762 14769 14773 14790 14813 14843 14852 14869 14898 -9999 -9999
22685 22521 22330 22167 21986 21821 21646 21496 21326 21179 21018 20889 20756 20628 20502 20389 20263 20140 20022 19892 19770 19669 19542 19446 19328 19230 19115 19011 18888 18776 18648 18521 18385 18232 18120 18001 17885 17741 17599 17460 17314 17191 17070 16962 16845 16733 16619 16494 16366 16229 16100 15976 15880 15782 15679 15547 15452 15360 15287 15216 15155 15151 15119 15078 15016 14932 14906 14891 14880 14879 14899 14905 14916 14924 14963 15000 -9999
23385 23186 23035 22838 22686 22497 22333 22158 22016 21853 21704 21560 21429 21301 21176 21046 20921 20799 20682 20542 20427 20293 20180 20062 19947 19820 19722 19597 19464 19332 19201 19072 18916 18770 18627 18506 18368 18211 18048 17895 17746 17600 17466 17344 17224 17100 16974 16846 16693 16530 16385 16258 16143 16028 15906 15803 15702 15603 15514 15435 15358 15297 15278 15218 15144 15096 15060 15034 15011 14992 14984 14980 14985 14995 15011 15050 15078
24044 23893 23697 23539 23353 23193 23004 22848 22680 22536 22380 22240 22103 21979 21848 21720 21605 21475 21341 21220 21096 20959 20833 20701 20572 20449 20322 20196 20061 19917 19776 19626 19478 19312 19167 19014 18862 18683 18507 18342 18190 18031 17883 17739 17615 17478 17340 17190 17025 16857 16698 16567 16428 16316 16188 16061 15953 15846 15758 15662 15583 15513 15436 15370 15315 15270 15221 15176 15140 15115 15093 15076 15063 15060 15066 15079 15102
24737 24550 24382 24197 24029 23850 23687 23513 23355 23195 23051 22913 22781 22653 22529 22407 22295 22167 22034 21905 21763 21646 21507 21362 21210 21082 20952 20816 20670 20515 20353 20202 20032 19864 19697 19533 19350 19158 18978 18812 18637 18474 18313 18155 17999 17858 17689 17527 17358 17187 17023 16868 16732 16588 16471 16328 16205 16106 15993 15897 15816 15713 15634 15563 15496 15432 15370 15318 15276 15236 15199 15167 15139 15120 15107 15104 15107
25388 25217 25028 24856 24676 24503 24329 24172 24013 23862 23711 23568 23442 23330 23221 23107 22985 22855 22732 22596 22465 22331 22185 22026 21870 21729 21596 21457 21290 21116 20952 20770 20599 20418 20240 20044 19849 19645 19463 19274 19105 18919 18745 18555 18394 18231 18050 17867 17694 17518 17341 17180 17029 16879 16729 16597 16466 16343 16237 16131 16026 15927 15837 15747 15668 15591 15523 15457 15399 15344 15291 15243 15203 15167 15138 15113 15104
26043 25859 25674 25498 25322 25144 24984 24825 24665 24505 24363 24230 24106 23990 23890 23783 23679 23556 23415 23291 23163 23023 22860 22702 22544 22391 22253 22082 21904 21718 21543 21359 21167 20966 20766 20567 20360 20144 19941 19748 19547 19357 19142 18975 18783 18598 18404 18217 18031 17842 17660 17477 17319 17154 16998 16850 16711 16588 16456 16350 16234 16133 16031 15922 15831 15748 15665 15584 15504 15433 15364 15303 15246 15193 15149 15112 15076
26657 26487 26316 26136 25973 25791 25629 25476 25323 25171 25019 24885 24761 24654 24556 24457 24342 24228 24112 23978 23845 23689 23548 23384 23219 23065 22885 22711 22521 22334 22128 21933 21729 21525 21303 21082 20863 20635 20419 20195 19991 19760 19559 19360 19163 18956 18760 18560 18352 18159 17963 17774 17584 17421 17259 17095 16957 16801 16686 16552 16443 16323 16203 16097 15999 15894 15797 15700 15611 15523 15436 15357 15281 15214 15150 15088 15037
27265 27092 26927 26771 26596 26439 26274 26120 25974 25829 25684 25549 25432 25316 25209 25110 25010 24902 24785 24649 24503 24379 24223 24064 23902 23709 23538 23331 23141 22924 22727 22510 22294 22068 21834 21591 21359 21119 20880 20652 20407 20183 19950 19729 19528 19317 19107 18877 18665 18449 18249 18046 17860 17673 17495 17334 17180 17040 16891 16757 16629 16514 16389 16263 16144 16040 15927 15821 15714 15608 15509 15410 15315 15222 15134 15054 14986
27845 27689 27523 27364 27216 27059 26911 26773 26627 26490 26353 26225 26097 25979 25871 25781 25681 25560 25439 25309 25188 25050 24899 24735 24555 24373 24161 23954 23734 23535 23317 23090 22843 22596 22359 22103 21839 21585 21343 21083 20825 20568 20332 20089 19866 19661 19420 19196 18962 18732 18509 18311 18111 17918 17733 17557 17404 17240 17098 16946 16816 16683 16554 16423 16298 16172 16050 15928 15804 15685 15567 15449 15338 15225 15111 15010 14916
28376 28238 28090 27961 27813 27665 27526 27397 27269 27131 27011 26883 26754 26634 26534 26435 26335 26223 26098 25972 25837 25705 25557 25384 25198 24999 24778 24551 24338 24119 23890 23632 23383 23115 22857 22589 22321 22045 21770 21497 21216 20945 20677 20421 20185 19958 19724 19469 19232 18980 18763 18550 18345 18138 17947 17764 17587 17441 17266 17121 16981 16845 16713 16577 16439 16305 16168 16029 15888 15746 15609 15482 15351 15216 15085 14958 14839
28864 28736 28627 28499 28380 28252 28123 27995 27876 27757 27637 27518 27398 27278 27178 27078 26987 26875 26742 26610 26479 26331 26185 26016 25814 25597 25368 25150 24916 24674 24415 24155 23885 23615 23336 23046 22767 22469 22181 21884 21589 21286 20986 20725 20467 20228 19982 19734 19457 19221 18981 18764 18554 18342 18137 17939 17772 17593 17436 17266 17125 16987 16852 16704 16560 16420 16269 16114 15956 15797 15647 15506 15355 15200 15049 14901 14760
29291 29202 29094 28986 28887 28778 28670 28551 28452 28343 28225 28126 28016 27906 27806 27716 27615 27504 27371 27233 27095 26958 26797 26611 26401 26187 25959 25711 25466 25203 24932 24651 24349 24067 23775 23484 23163 22853 22543 22225 21916 21600 21276 20983 20722 20461 20213 19944 19684 19417 19182 18944 18729 18512 18293 18098 17918 17740 17567 17406 17248 17101 16964 16813 16664 16511 16353 16183 16016 15846 15678 15514 15350 15186 15009 14838 14677
29679 29599 29501 29432 29353 29255 29166 29086 28979 28890 28801 28712 28603 28494 28414 28324 28215 28095 27973 27837 27691 27548 27379 27186 26978 26746 26510 26243 25977 25704 25421 25108 24794 24481 24177 23854 23521 23198 22866 22536 22196 21868 21550 21224 20940 20676 20398 20127 19855 19596 19330 19097 18860 18639 18425 18217 18039 17848 17685 17517 17352 17196 17049 16903 16744 16579 16408 16245 16064 15884 15705 15519 15342 15155 14966 14776 14593
30007 29947 29888 29819 29759 29690 29631 29562 29484 29405 29336 29238 29159 29070 28962 28882 28773 28654 28523 28389 28246 28096 27920 27730 27504 27265 27010 26754 26469 26175 25860 25536 25210 24875 24529 24194 23849 23494 23141 22798 22457 22107 21776 21438 21123 20845 20564 20273 20000 19710 19461 19206 18966 18733 18515 18320 18120 17958 17773 17599 17435 17279 17124 16970 16808 16633 16464 16288 16099 15906 15720 15529 15325 15117 14912 14715 14516
30277 30256 30216 30166 30107 30086 30037 29988 29938 29879 29811 29733 29664 29576 29487 29389 29291 29163 29043 28899 28759 28601 28428 28211 27988 27741 27479 27194 26909 26594 26269 25922 25566 25209 24852 24484 24127 23751 23376 23012 22659 22307 21936 21606 21287 20969 20676 20383 20080 19817 19538 19290 19029 18793 18580 18382 18197 18013 17840 17652 17490 17336 17174 17020 16850 16679 16493 16313 16126 15932 15727 15518 15301 15079 14865 14655 14447
30489 30487 30476 30455 30435 30404 30384 30364 30344 30285 30236 30187 30109 30031 29963 29866 29748 29640 29512 29379 29220 29065 28874 28669 28409 28165 27885 27600 27276 26961 26615 26258 25870 25502 25123 24734 24356 23969 23582 23186 22812 22439 22077 21725 21395 21065 20752 20438 20153 19860 19598 19312 19067 18828 18604 18412 18224 18045 17860 17685 17510 17359 17215 17047 16877 16699 16525 16329 16139 15940 15724 15509 15276 15048 14822 14601 14394
30633 30660 30678 30686 30685 30684 30693 30692 30672 30642 30603 30573 30515 30447 30370 30273 30185 30058 29930 29798 29650 29467 29269 29046 28808 28525 28247 27924 27610 27245 26899 26521 26143 25733 25323 24934 24535 24136 23728 23321 22907 22533 22169 21797 21437 21115 20790 20475 20161 19877 19586 19326 19061 18820 18604 18402 18237 18031 17852 17681 17520 17357 17217 17058 16890 16712 16532 16343 16144 15931 15718 15494 15257 15015 14780 14556 14351
30718 30785 30822 30860 30897 30934 30953 30952 30951 30950 30931 30892 30863 30805 30727 30640 30544 30437 30308 30166 29990 29818 29612 29381 29115 28853 28536 28204 27850 27506 27120 26733 26333 25913 25482 25071 24652 24242 23814 23387 22981 22577 22194 21812 21460 21108 20783 20458 20152 19839 19565 19286 19030 18788 18572 18377 18185 18012 17814 17650 17495 17346 17194 17048 16876 16708 16524 16341 16130 15917 15697 15473 15230 14981 14745 14519 14326
30754 30841 30918 30984 31060 31107 31145 31173 31192 31191 31181 31171 31143 31094 31027 30960 30853 30746 30627 30466 30289 30099 29884 29634 29369 29078 28772 28411 28048 27674 27288 26880 26471 26030 25579 25138 24718 24288 23840 23403 22987 22573 22160 21788 21426 21065 20730 20414 20089 19793 19492 19230 18965 18733 18516 18312 18128 17946 17765 17592 17452 17310 17165 17001 16850 16680 16505 16307 16105 15889 15677 15437 15200 14957 14712 14487 14293
30720 30838 30945 31060 31146 31223 31289 31336 31365 31374 31393 31383 31374 31326 31268 31191 31105 30997 30868 30706 30520 30309 30075 29825 29551 29240 28915 28555 28162 27779 27383 26976 26526 26076 25624 25163 24723 24274 23816 23369 22934 22510 22107 21706 21326 20976 20651 20315 19999 19684 19392 19122 18876 18636 18419 18224 18032 17851 17687 17532 17384 17250 17105 16956 16797 16633 16452 16272 16062 15863 15632 15407 15167 14923 14681 14452 14270
