ASPA-UH-SWB2_REPO/dynamic_inputs/RO_Rf_Ratios_Dynamic/Data/Gridded_rain/PRISM_ppt_tutuila_30yr_normal_80mM1_05_asc.asc
ncols 381
nrows 202
xllcorner -170.851658
yllcorner -14.379175
cellsize 0.00083333333
NODATA_value -9999
[rows 102 to 135 of 202, columns 0 to 76 of 381]
-9999 -9999 -9999 -9999 -9999 -9999 -9999 -9999 -9999 -9999 -9999 -9999 -9999 -9999 -9999 -9999 -9999 -9999 -9999 -9999 -9999 -9999 -9999 -9999 -9999 -9999 -9999 -9999 -9999 -9999 -9999 -9999 -9999 -9999 -9999 23843 24022 24136 24482 24828 -9999 -9999 26147 26271 26623 27046 27471 27899 28356 28816 29267 29737 30191 30656 31132 31600 32052 32489 32921 33336 33742 34131 34497 34846 35163 35473 35782 36052 36301 36529 36726 36872 37003 37105 37215 37300 37375
-9999 -9999 -9999 -9999 -9999 -9999 -9999 -9999 -9999 -9999 -9999 -9999 -9999 -9999 -9999 -9999 -9999 -9999 -9999 -9999 -9999 -9999 -9999 -9999 -9999 -9999 -9999 -9999 -9999 -9999 -9999 -9999 -9999 23680 23854 24030 24201 24544 24869 25307 25714 26166 26399 26729 27151 27603 28057 28504 28972 29450 29948 30427 30909 31394 31891 32371 32845 33312 33755 34200 34616 35013 35395 35748 36088 36401 36703 36984 37226 37465 37646 37802 37935 38049 38137 38233 38311
-9999 -9999 -9999 -9999 -9999 -9999 -9999 -9999 -9999 -9999 -9999 -9999 -9999 -9999 -9999 -9999 -9999 -9999 -9999 -9999 -9999 -9999 -9999 -9999 -9999 -9999 -9999 -9999 -9999 -9999 -9999 -9999 23691 23850 24026 24270 24601 24942 25303 25656 26111 26508 26830 27258 27709 28172 28637 29121 29606 30113 30630 31130 31632 32148 32658 33151 33647 34126 34607 35060 35482 35894 36281 36656 37007 37323 37619 37902 38156 38371 38562 38721 38849 38966 39074 39155 39227
-9999 -9999 -9999 -9999 -9999 -9999 -9999 -9999 -9999 -9999 -9999 -9999 -9999 -9999 -9999 -9999 -9999 -9999 -9999 -9999 -9999 -9999 -9999 -9999 -9999 -9999 -9999 -9999 -9999 -9999 -9999 23743 23908 24023 24323 24651 24999 25368 25728 26117 26519 26924 27351 27799 28270 28761 29245 29739 30252 30778 31317 31838 32372 32892 33414 33939 34446 34944 35432 35900 36337 36763 37162 37541 37897 38235 38526 38804 39061 39278 39463 39615 39745 39865 39984 40067 40134
-9999 -9999 -9999 -9999 -9999 -9999 -9999 -9999 -9999 -9999 -9999 -9999 -9999 -9999 -9999 -9999 -9999 -9999 -9999 -9999 -9999 -9999 -9999 -9999 -9999 -9999 -9999 -9999 -9999 -9999 23798 23970 24073 24388 24705 25041 25407 25784 26190 26589 27002 27437 27893 28352 28841 29352 29863 30377 30901 31457 32008 32563 33111 33645 34189 34725 35249 35762 36266 36739 37190 37613 38018 38410 38772 39114 39426 39689 39939 40159 40345 40489 40620 40750 40852 40954 41021
-9999 -9999 -9999 -9999 -9999 -9999 -9999 -9999 -9999 -9999 -9999 -9999 -9999 -9999 -9999 -9999 -9999 -9999 -9999 -9999 -9999 -9999 -9999 -9999 -9999 -9999 -9999 -9999 -9999 23825 24011 24135 24449 24763 25106 25459 25833 26238 26654 27074 27508 27971 28437 28925 29433 29943 30483 31017 31573 32134 32708 33277 33840 34404 34967 35501 36042 36571 37080 37559 38018 38439 38861 39258 39630 39966 40271 40543 40785 41013 41199 41344 41467 41588 41699 41784 41869
-9999 -9999 -9999 -9999 -9999 -9999 -9999 -9999 -9999 -9999 -9999 -9999 -9999 -9999 -9999 -9999 -9999 -9999 -9999 -9999 -9999 -9999 -9999 -9999 -9999 -9999 -9999 -9999 23840 24030 24164 24484 24824 25165 25516 25897 26289 26704 27131 27581 28042 28507 28992 29508 30026 30565 31097 31662 32232 32807 33396 33988 34563 35145 35706 36266 36823 37351 37858 38356 38815 39263 39670 40068 40439 40773 41077 41341 41591 41820 41999 42154 42279 42394 42498 42593 42663
-9999 -9999 -9999 -9999 -9999 -9999 -9999 -9999 -9999 -9999 -9999 -9999 -9999 -9999 -9999 -9999 -9999 -9999 -9999 -9999 -9999 -9999 -9999 -9999 -9999 -9999 -9999 23860 24040 24166 24503 24842 25199 25566 25936 26326 26747 27191 27639 28099 28570 29063 29567 30092 30630 31180 31725 32295 32889 33478 34080 34674 35266 35856 36425 37002 37549 38096 38623 39111 39587 40028 40445 40822 41192 41535 41838 42103 42347 42570 42763 42914 43053 43163 43271 43360 43441
-9999 -9999 -9999 -9999 -9999 -9999 -9999 -9999 -9999 -9999 -9999 -9999 -9999 -9999 -9999 -9999 -9999 -9999 -9999 -9999 -9999 -9999 -9999 -9999 -9999 -9999 23882 24056 24173 24507 24853 25208 25573 25959 26355 26775 27208 27672 28139 28618 29108 29609 30142 30669 31227 31781 32340 32934 33533 34145 34747 35330 35949 36538 37116 37692 38261 38809 39336 39838 40296 40747 41146 41532 41900 42234 42542 42814 43065 43294 43484 43652 43779 43912 44015 44116 44183
-9999 -9999 -9999 -9999 -9999 -9999 -9999 -9999 -9999 -9999 -9999 -9999 -9999 -9999 -9999 -9999 -9999 -9999 -9999 -9999 -9999 -9999 -9999 -9999 -9999 23862 24049 24183 24506 24849 25202 25584 25967 26362 26777 27207 27670 28134 28630 29127 29626 30147 30671 31238 31800 32358 32950 33549 34162 34784 35375 35985 36584 37182 37770 38359 38929 39487 39997 40491 40968 41401 41801 42171 42535 42884 43192 43481 43750 43970 44167 44333 44493 44613 44729 44816 44901
-9999 -9999 -9999 -9999 -9999 -9999 -9999 -9999 -9999 -9999 -9999 -9999 -9999 -9999 -9999 -9999 -9999 -9999 -9999 -9999 -9999 -9999 -9999 -9999 23830 24033 24169 24490 24821 25191 25570 25960 26361 26766 27202 27652 28114 28607 29112 29608 30136 30658 31213 31772 32349 32930 33527 34139 34771 35373 35983 36591 37190 37790 38400 38962 39552 40092 40613 41097 41557 41992 42388 42768 43124 43473 43798 44096 44356 44593 44789 44979 45127 45270 45373 45472 45543
-9999 -9999 -9999 -9999 -9999 -9999 -9999 -9999 -9999 -9999 -9999 -9999 -9999 -9999 -9999 -9999 -9999 -9999 -9999 -9999 -9999 -9999 23520 23741 23931 24139 24458 24797 25154 25531 25928 26318 26738 27182 27629 28088 28569 29061 29574 30099 30628 31171 31719 32302 32873 33488 34089 34700 35312 35942 36551 37159 37751 38363 38956 39548 40100 40651 41145 41631 42092 42508 42927 43310 43676 44017 44342 44639 44916 45152 45373 45544 45708 45848 45964 46049 46132
-9999 -9999 -9999 -9999 -9999 -9999 -9999 -9999 -9999 -9999 -9999 -9999 -9999 -9999 -9999 -9999 -9999 -9999 -9999 -9999 -9999 23433 23625 23818 24094 24421 24757 25104 25478 25872 26278 26686 27117 27581 28047 28525 29014 29514 30037 30573 31114 31649 32230 32798 33401 34001 34612 35222 35841 36451 37060 37662 38286 38881 39476 40041 40604 41117 41623 42092 42546 42985 43398 43785 44153 44504 44828 45124 45409 45663 45865 46060 46223 46369 46473 46572 46650
-9999 -9999 -9999 -9999 -9999 -9999 -9999 -9999 -9999 -9999 -9999 -9999 -9999 -9999 -9999 -9999 -9999 -9999 -9999 -9999 23367 23548 23698 24006 24349 24693 25038 25401 25792 26204 26619 27057 27508 27971 28447 28943 29440 29950 30483 31030 31562 32140 32686 33277 33884 34494 35094 35703 36302 36921 37524 38129 38745 39342 39913 40489 41014 41539 42018 42482 42940 43383 43790 44181 44570 44902 45235 45540 45824 46077 46297 46492 46671 46797 46926 47022 47122
-9999 -9999 -9999 -9999 -9999 -9999 -9999 -9999 -9999 -9999 -9999 -9999 -9999 -9999 -9999 -9999 -9999 -9999 -9999 23288 23475 23615 23912 24244 24595 24938 25308 25697 26098 26528 26963 27411 27872 28344 28837 29341 29838 30358 30902 31450 32005 32556 33135 33719 34328 34917 35536 36134 36723 37326 37941 38548 39127 39733 40305 40835 41362 41861 42351 42810 43263 43701 44112 44514 44887 45239 45562 45876 46159 46412 46641 46845 47015 47168 47296 47407 47504
-9999 -9999 -9999 -9999 -9999 -9999 -9999 -9999 -9999 -9999 -9999 -9999 -9999 -9999 -9999 -9999 -9999 -9999 23181 23379 23525 23821 24134 24464 24824 25192 25579 25977 26385 26825 27280 27737 28207 28697 29188 29682 30207 30738 31282 31833 32391 32955 33527 34124 34703 35320 35908 36506 37097 37692 38291 38891 39481 40052 40607 41128 41630 42118 42594 43066 43513 43936 44369 44763 45129 45493 45817 46121 46404 46675 46905 47110 47281 47444 47589 47708 47821
-9999 -9999 -9999 -9999 -9999 -9999 -9999 -9999 -9999 -9999 -9999 -9999 -9999 -9999 -9999 -9999 -9999 23061 23262 23410 23715 24008 24337 24685 25052 25437 25823 26229 26664 27105 27559 28026 28513 29001 29500 30013 30530 31070 31616 32179 32739 33297 33882 34459 35046 35642 36230 36810 37404 37992 38582 39175 39744 40300 40838 41343 41830 42303 42772 43229 43671 44115 44531 44928 45305 45653 45988 46282 46576 46838 47087 47294 47476 47640 47787 47933 48036
-9999 -9999 -9999 -9999 -9999 -9999 -9999 -9999 -9999 -9999 -9999 -9999 -9999 -9999 -9999 -9999 22960 23150 23289 23583 23876 24195 24532 24897 25262 25655 26058 26481 26917 27358 27812 28296 28791 29277 29785 30297 30824 31355 31913 32468 33031 33601 34166 34752 35328 35894 36482 37065 37631 38212 38805 39370 39937 40478 41001 41490 41959 42415 42877 43327 43772 44199 44607 45007 45377 45726 46054 46360 46644 46917 47158 47386 47580 47747 47905 48045 48184
-9999 -9999 -9999 -9999 -9999 -9999 -9999 -9999 -9999 -9999 -9999 -9999 -9999 -9999 -9999 22874 23026 23161 23446 23729 24047 24364 24718 25072 25463 25845 26265 26697 27134 27593 28055 28528 29031 29534 30032 30554 31061 31613 32152 32708 33273 33835 34410 34975 35540 36096 36676 37241 37800 38373 38939 39505 40051 40578 41076 41546 42006 42463 42898 43351 43778 44187 44597 44988 45361 45703 46024 46332 46627 46892 47154 47375 47582 47762 47934 48086 48219
-9999 -9999 -9999 -9999 -9999 -9999 -9999 -9999 -9999 -9999 -9999 -9999 -9999 -9999 -9999 22952 23057 23302 23576 23875 24182 24525 24877 25248 25627 26026 26435 26877 27332 27791 28261 28751 29242 29745 30252 30754 31289 31813 32352 32911 33457 34029 34584 35148 35692 36248 36801 37358 37909 38464 39012 39559 40087 40595 41080 41530 41972 42410 42855 43270 43698 44098 44490 44864 45238 45592 45905 46216 46495 46771 47036 47278 47479 47674 47860 48028 48183
-9999 -9999 -9999 -9999 -9999 -9999 -9999 -9999 -9999 -9999 -9999 -9999 -9999 -9999 -9999 23000 23163 23397 23697 23994 24317 24649 25019 25378 25774 26170 26597 27039 27494 27952 28429 28926 29415 29917 30424 30935 31442 31974 32515 33054 33602 34144 34708 35251 35794 36332 36856 37405 37938 38475 39015 39534 40044 40526 40995 41435 41858 42277 42702 43133 43522 43914 44297 44661 45027 45373 45699 46002 46284 46563 46811 47056 47289 47489 47692 47875 48029
-9999 -9999 -9999 -9999 -9999 -9999 -9999 -9999 -9999 -9999 -9999 -9999 -9999 -9999 -9999 23047 23260 23484 23781 24095 24425 24765 25114 25508 25893 26298 26724 27164 27628 28093 28568 29044 29541 30042 30538 31039 31564 32087 32609 33139 33656 34217 34751 35294 35808 36326 36851 37361 37886 38395 38918 39420 39915 40382 40830 41254 41666 42064 42486 42887 43283 43655 44009 44383 44729 45066 45403 45690 45974 46247 46507 46765 46993 47207 47417 47618 47809
-9999 -9999 -9999 -9999 -9999 -9999 21470 -9999 -9999 -9999 -9999 -9999 -9999 22711 22887 23051 23282 23562 23857 24178 24507 24845 25211 25584 25986 26389 26814 27263 27715 28188 28651 29115 29620 30110 30595 31104 31609 32131 32642 33152 33679 34190 34713 35236 35751 36240 36746 37247 37733 38235 38729 39215 39687 40164 40602 41006 41390 41794 42185 42581 42955 43313 43656 44010 44355 44683 45000 45298 45576 45851 46133 46376 46616 46846 47071 47291 47482
-9999 -9999 -9999 -9999 -9999 21437 21478 21583 -9999 21926 22106 22255 22463 22651 22865 23083 23336 23613 23925 24235 24554 24908 25271 25643 26024 26443 26876 27314 27765 28216 28677 29158 29632 30120 30613 31101 31595 32106 32616 33114 33610 34100 34603 35117 35602 36082 36559 37031 37520 37992 38469 38929 39398 39857 40290 40686 41080 41445 41821 42193 42560 42895 43232 43554 43888 44214 44521 44819 45097 45366 45652 45926 46170 46403 46635 46853 47065
-9999 -9999 -9999 -9999 21370 21435 21502 21620 21763 21926 22074 22253 22451 22660 22886 23130 23381 23657 23948 24266 24601 24944 25305 25666 26063 26462 26884 27329 27778 28227 28675 29135 29607 30083 30573 31049 31531 32030 32509 33006 33480 33949 34442 34905 35382 35853 36300 36754 37224 37689 38127 38580 39036 39468 39895 40300 40678 41045 41392 41755 42087 42405 42726 43032 43351 43672 43958 44255 44533 44811 45090 45367 45623 45861 46098 46333 46555
-9999 -9999 -9999 21292 21355 21420 21520 21646 21782 21926 22088 22259 22457 22673 22907 23150 23409 23674 23964 24280 24613 24955 25305 25672 26058 26455 26875 27308 27754 28191 28627 29084 29544 30017 30476 30930 31409 31876 32351 32805 33277 33735 34187 34642 35089 35531 35968 36412 36854 37291 37733 38159 38577 38997 39424 39815 40203 40568 40917 41248 41564 41871 42154 42460 42760 43045 43335 43618 43893 44172 44441 44710 44969 45219 45469 45710 45950
-9999 -9999 21216 21278 21333 21422 21530 21656 21800 21944 22096 22266 22454 22678 22911 23162 23402 23675 23972 24277 24599 24930 25287 25652 26017 26412 26820 27250 27684 28119 28553 28978 29435 29886 30332 30773 31200 31662 32103 32553 32981 33427 33869 34304 34733 35135 35552 35977 36399 36829 37254 37652 38055 38459 38866 39258 39648 40012 40371 40687 40991 41287 41562 41836 42114 42380 42659 42925 43185 43450 43727 43986 44238 44489 44742 44997 45245
-9999 21142 21204 21257 21336 21425 21532 21667 21811 21954 22096 22265 22462 22667 22899 23139 23396 23658 23945 24249 24569 24898 25235 25589 25952 26334 26729 27138 27569 27991 28413 28836 29251 29689 30121 30538 30971 31371 31807 32221 32645 33057 33477 33902 34301 34694 35061 35457 35881 36281 36678 37070 37456 37847 38217 38631 39009 39375 39728 40051 40350 40640 40920 41180 41430 41682 41929 42175 42435 42692 42954 43210 43461 43714 43968 44226 44486
21085 21131 21184 21262 21341 21429 21536 21661 21804 21947 22098 22266 22443 22657 22879 23109 23355 23626 23903 24204 24505 24832 25157 25509 25860 26222 26604 27000 27408 27809 28219 28629 29031 29446 29845 30258 30647 31061 31442 31851 32238 32635 33020 33414 33803 34155 34525 34892 35276 35658 36036 36412 36783 37147 37536 37914 38291 38651 38992 39317 39626 39913 40201 40462 40706 40925 41154 41397 41646 41894 42140 42391 42656 42907 43161 43418 43681
21084 21125 21190 21268 21346 21434 21532 21657 21790 21933 22092 22251 22436 22630 22851 23062 23307 23559 23843 24116 24415 24722 25055 25387 25736 26084 26445 26827 27204 27601 27989 28368 28766 29148 29543 29922 30306 30665 31051 31414 31794 32133 32502 32870 33216 33570 33909 34257 34614 34978 35329 35688 36043 36403 36767 37133 37495 37853 38170 38498 38815 39115 39393 39653 39893 40117 40340 40573 40801 41043 41292 41547 41800 42057 42309 42564 42824
21084 21132 21198 21267 21345 21423 21530 21645 21769 21920 22060 22228 22403 22596 22789 23017 23243 23494 23750 24022 24301 24606 24919 25240 25577 25914 26261 26612 26983 27349 27715 28091 28458 28825 29186 29551 29890 30254 30594 30951 31274 31595 31935 32255 32586 32915 33234 33551 33889 34236 34572 34905 35245 35592 35954 36296 36645 36978 37311 37623 37923 38223 38499 38758 38996 39218 39437 39666 39897 40135 40387 40637 40891 41149 41410 41666 41925
21096 21141 21189 21258 21327 21414 21510 21626 21749 21881 22021 22179 22354 22528 22719 22928 23172 23404 23651 23913 24181 24467 24769 25087 25395 25720 26037 26382 26721 27063 27426 27780 28125 28460 28806 29127 29460 29769 30103 30422 30729 31022 31313 31605 31906 32208 32490 32806 33112 33420 33749 34078 34394 34729 35069 35419 35753 36079 36382 36674 36967 37260 37539 37782 38016 38231 38452 38677 38917 39153 39396 39654 39919 40187 40449 40712 40976
21111 21136 21173 21233 21311 21388 21475 21590 21713 21836 21966 22114 22279 22452 22634 22833 23067 23308 23536 23779 24046 24321 24604 24902 25199 25495 25816 26121 26436 26764 27104 27445 27748 28070 28374 28689 28978 29271 29569 29862 30130 30405 30658 30930 31202 31454 31729 31984 32276 32571 32881 33182 33495 33817 34140 34482 34805 35083 35375 35658 35943 36206 36471 36726 36957 37178 37381 37606 37839 38082 38334 38596 38874 39149 39425 39703 39989
-9999 21141 21180 21210 21269 21355 21450 21546 21660 21774 21913 22051 22198 22370 22542 22740 22946 23177 23405 23630 23879 24152 24415 24694 24980 25264 25547 25848 26149 26453 26760 27058 27367 27648 27929 28211 28475 28751 29013 29259 29510 29757 29991 30214 30445 30687 30921 31147 31398 31688 31951 32241 32533 32840 33135 33448 33743 34015 34279 34550 34806 35082 35339 35598 35844 36069 36274 36485 36716 36961 37219 37490 37771 38059 38352 38648 38952
