ASPA-UH-SWB2_REPO/dynamic_inputs/RO_Rf_Ratios_Dynamic/Data/Gridded_rain/PRISM_ppt_tutuila_30yr_normal_80mM1_10_asc.asc
ncols 381
nrows 202
xllcorner -170.851658
yllcorner -14.379175
cellsize 0.00083333333
NODATA_value -9999
[rows 68 to 101 of 202, columns 154 to 230 of 381]
-9999 30800 31054 31265 31686 32097 32521 32929 33336 33753 34166 34557 34943 35343 35731 36139 36567 36995 37426 37881 38343 38824 39309 39796 40295 40790 41308 41822 42334 42822 43266 43669 44034 44329 44559 44708 44809 44852 44872 44847 44779 44720 44606 44472 44318 44165 44024 43893 43724 43542 43350 43198 43028 42877 42732 42607 42495 42416 42391 42366 42386 42383 42390 42383 42376 42359 42320 42273 42251 42193 42142 42062 41986 41900 41828 41734 41673
30693 30942 31134 31540 31942 32374 32778 33172 33573 33968 34345 34708 35084 35447 35823 36219 36637 37055 37484 37932 38407 38902 39409 39925 40438 40966 41495 42040 42571 43075 43531 43918 44256 44550 44745 44874 44920 44915 44882 44802 44705 44563 44406 44200 43984 43800 43620 43443 43256 43043 42845 42639 42464 42295 42148 42008 41894 41842 41809 41828 41832 41860 41876 41903 41907 41923 41919 41927 41918 41925 41888 41861 41837 41801 41737 41700 41654
30834 31015 31414 31808 32223 32625 33021 33398 33774 34136 34480 34834 35159 35501 35861 36245 36631 37038 37466 37917 38409 38923 39454 40006 40556 41113 41694 42257 42818 43349 43815 44213 44554 44803 44990 45060 45060 45000 44887 44770 44598 44405 44172 43915 43637 43378 43171 42971 42738 42507 42266 42057 41854 41683 41507 41377 41277 41207 41204 41228 41263 41287 41335 41371 41420 41436 41489 41511 41548 41569 41609 41617 41627 41624 41620 41602 41613
30909 31303 31682 32088 32480 32880 33242 33606 33938 34263 34587 34889 35198 35508 35845 36206 36587 36985 37408 37868 38368 38897 39453 40035 40632 41248 41862 42488 43089 43650 44137 44569 44907 45150 45293 45327 45250 45123 44948 44711 44493 44216 43926 43588 43242 42949 42671 42434 42166 41915 41671 41423 41232 41037 40859 40717 40622 40573 40552 40606 40645 40710 40754 40811 40871 40944 40997 41065 41117 41185 41262 41316 41362 41402 41443 41466 41497
31200 31574 31973 32349 32753 33103 33457 33775 34075 34375 34648 34915 35184 35491 35821 36189 36577 36980 37414 37878 38367 38901 39460 40049 40687 41358 42056 42733 43395 43996 44541 44961 45309 45526 45630 45617 45492 45277 45020 44711 44362 44034 43652 43240 42839 42468 42173 41867 41574 41291 41017 40793 40567 40361 40188 40037 39942 39888 39924 39946 40013 40071 40145 40222 40303 40399 40487 40568 40677 40771 40863 40965 41058 41146 41209 41286 41347
31476 31871 32248 32637 32983 33331 33639 33931 34197 34444 34682 34912 35192 35518 35893 36281 36699 37135 37585 38057 38534 39045 39588 40162 40787 41486 42243 43016 43739 44399 44942 45347 45637 45844 45902 45845 45689 45411 45090 44707 44301 43859 43393 42914 42427 42021 41651 41313 40992 40658 40366 40115 39877 39663 39483 39353 39230 39212 39230 39279 39336 39412 39493 39602 39705 39824 39935 40063 40186 40326 40443 40571 40712 40826 40937 41037 41152
31782 32164 32548 32894 33232 33534 33817 34069 34301 34510 34707 34975 35285 35653 36063 36515 36982 37455 37920 38391 38884 39365 39868 40427 41027 41703 42471 43318 44098 44727 45231 45598 45825 45954 45970 45888 45696 45421 45054 44657 44192 43701 43162 42599 42066 41579 41160 40774 40395 40033 39704 39423 39175 38953 38770 38630 38564 38517 38528 38589 38648 38728 38829 38937 39085 39228 39374 39515 39673 39817 39992 40156 40312 40473 40600 40746 40885
32112 32484 32835 33167 33469 33748 33986 34205 34400 34570 34812 35109 35474 35890 36368 36860 37346 37837 38323 38820 39314 39814 40320 40833 41404 42061 42830 43571 44314 44929 45376 45668 45834 45872 45860 45746 45546 45275 44940 44498 44035 43496 42957 42320 41716 41170 40698 40261 39806 39403 39066 38739 38480 38265 38084 37952 37874 37842 37850 37886 37948 38033 38153 38293 38441 38607 38767 38955 39116 39307 39496 39686 39878 40054 40237 40388 40572
32448 32806 33143 33450 33710 33955 34170 34355 34499 34702 34972 35328 35749 36238 36732 37243 37744 38241 38752 39262 39777 40303 40837 41379 41920 42562 43187 43814 44425 44993 45366 45603 45732 45769 45702 45570 45345 45080 44719 44303 43821 43323 42700 42082 41419 40815 40253 39747 39244 38814 38416 38093 37817 37600 37437 37305 37207 37176 37173 37212 37263 37354 37480 37628 37796 37961 38156 38335 38557 38751 38976 39180 39397 39609 39805 40012 40200
32813 33136 33453 33728 33980 34186 34379 34510 34658 34890 35217 35619 36115 36618 37128 37635 38155 38673 39190 39716 40251 40810 41375 41956 42562 43089 43572 44042 44501 44925 45300 45536 45664 45676 45610 45436 45207 44880 44516 44086 43607 43064 42503 41841 41170 40494 39868 39258 38750 38242 37818 37473 37203 36980 36800 36657 36559 36505 36519 36536 36594 36690 36811 36978 37131 37328 37510 37735 37947 38190 38409 38649 38890 39115 39336 39567 39788
33174 33496 33770 34036 34268 34457 34596 34724 34872 35142 35513 36007 36502 37015 37535 38058 38583 39114 39646 40185 40744 41324 41922 42551 43169 43651 43963 44256 44527 44901 45268 45531 45661 45683 45570 45395 45120 44758 44358 43918 43397 42859 42276 41660 40957 40254 39542 38888 38275 37760 37289 36932 36611 36377 36171 36023 35913 35849 35831 35882 35934 36026 36167 36307 36492 36662 36889 37102 37359 37591 37846 38090 38335 38595 38840 39083 39326
33553 33859 34143 34380 34588 34744 34864 34975 35156 35444 35888 36395 36921 37436 37970 38500 39040 39569 40114 40673 41247 41842 42471 43138 43741 44144 44355 44448 44624 44935 45302 45583 45721 45731 45624 45406 45084 44717 44266 43774 43254 42710 42127 41499 40813 40048 39302 38575 37916 37332 36856 36407 36080 35798 35567 35387 35263 35192 35194 35215 35277 35379 35495 35657 35830 36046 36247 36493 36725 36992 37246 37502 37772 38035 38304 38569 38812
33978 34269 34537 34770 34952 35089 35181 35282 35467 35819 36288 36822 37348 37893 38427 38975 39509 40050 40598 41167 41750 42360 43013 43682 44264 44605 44707 44679 44781 45066 45429 45712 45852 45858 45751 45493 45138 44739 44287 43753 43211 42627 42052 41397 40679 39907 39076 38313 37593 36981 36421 35961 35566 35244 34992 34778 34628 34574 34558 34574 34635 34710 34848 34998 35197 35403 35640 35862 36115 36379 36645 36911 37181 37467 37749 38004 38269
34437 34724 34987 35207 35370 35485 35562 35649 35854 36226 36739 37272 37822 38359 38922 39468 40011 40550 41096 41660 42256 42877 43537 44200 44744 45034 45043 44969 45018 45290 45641 45935 46081 46070 45924 45674 45304 44874 44374 43863 43238 42639 41995 41330 40570 39756 38872 38039 37304 36620 36031 35530 35110 34738 34436 34205 34055 33980 33931 33956 33999 34083 34194 34369 34554 34786 35015 35262 35504 35756 36031 36307 36587 36872 37153 37430 37673
34935 35222 35477 35684 35841 35942 36008 36098 36289 36701 37208 37764 38313 38880 39434 39989 40530 41069 41615 42179 42763 43384 44048 44694 45206 45434 45405 45313 45339 45607 45959 46256 46394 46381 46215 45938 45562 45093 44597 43998 43386 42701 42003 41269 40488 39597 38697 37810 37002 36304 35674 35134 34679 34285 33951 33676 33514 33404 33362 33355 33378 33470 33590 33735 33943 34163 34404 34640 34886 35140 35427 35702 35980 36264 36542 36816 37078
35477 35760 36008 36216 36374 36471 36530 36610 36809 37193 37729 38285 38852 39418 39983 40535 41083 41616 42164 42721 43290 43894 44539 45168 45651 45841 45792 45686 45731 46010 46382 46656 46791 46761 46586 46283 45884 45402 44844 44226 43542 42825 42045 41276 40428 39489 38523 37614 36765 36013 35359 34782 34290 33864 33486 33227 33013 32881 32818 32790 32820 32905 32991 33143 33333 33561 33775 34012 34258 34526 34806 35072 35360 35652 35916 36176 36445
36066 36347 36593 36802 36970 37077 37133 37201 37373 37746 38267 38857 39419 39986 40565 41128 41671 42215 42743 43288 43844 44419 45021 45621 46073 46252 46199 46115 46192 46485 46848 47135 47248 47206 46998 46688 46239 45737 45141 44484 43746 42969 42172 41318 40416 39419 38415 37453 36570 35749 35060 34463 33937 33481 33089 32776 32555 32414 32316 32279 32300 32350 32454 32571 32741 32936 33170 33378 33624 33893 34162 34453 34721 35003 35287 35543 35786
36711 36994 37246 37462 37632 37758 37833 37873 38032 38342 38861 39442 40027 40613 41194 41764 42323 42857 43390 43904 44436 44969 45526 46072 46506 46690 46656 46594 46737 47037 47393 47650 47745 47662 47468 47092 46630 46080 45442 44728 43967 43163 42320 41400 40431 39404 38328 37303 36373 35564 34810 34165 33595 33123 32721 32388 32142 31979 31858 31810 31821 31847 31914 32035 32171 32358 32545 32772 33000 33255 33523 33803 34085 34344 34631 34885 35124
37397 37689 37951 38181 38374 38516 38592 38654 38762 39054 39495 40077 40686 41285 41879 42466 43038 43578 44093 44596 45077 45569 46067 46560 46959 47152 47163 47198 47364 47684 48009 48217 48248 48163 47913 47543 47032 46435 45744 45012 44205 43362 42461 41530 40483 39379 38250 37195 36253 35385 34599 33924 33339 32812 32390 32049 31796 31594 31459 31386 31357 31384 31427 31498 31648 31788 31967 32172 32393 32641 32905 33160 33416 33700 33951 34207 34433
38136 38441 38718 38965 39177 39338 39453 39523 39627 39858 40240 40764 41383 42016 42627 43236 43815 44357 44874 45350 45808 46237 46672 47097 47456 47640 47782 47916 48102 48408 48674 48800 48798 48654 48389 47965 47457 46819 46107 45302 44459 43566 42650 41628 40522 39336 38178 37132 36137 35228 34430 33726 33117 32571 32113 31764 31473 31244 31093 30990 30947 30935 30951 31024 31111 31266 31422 31606 31819 32034 32290 32526 32779 33024 33274 33506 33754
38909 39229 39523 39791 40022 40225 40391 40504 40593 40792 41121 41577 42147 42788 43444 44063 44649 45210 45706 46184 46594 46986 47341 47680 47987 48259 48477 48695 48929 49183 49352 49390 49333 49149 48835 48423 47880 47236 46490 45649 44758 43845 42816 41714 40521 39307 38124 37037 36026 35109 34304 33567 32926 32376 31909 31522 31204 30956 30773 30640 30567 30513 30515 30561 30650 30741 30887 31048 31251 31458 31668 31897 32117 32357 32590 32831 33043
39711 40038 40354 40648 40921 41156 41363 41547 41699 41855 42139 42543 43055 43651 44299 44941 45558 46100 46609 47047 47449 47789 48084 48330 48632 48948 49239 49508 49788 49951 49997 49964 49838 49607 49284 48846 48301 47650 46886 46024 45098 44098 42985 41771 40529 39233 38060 36954 35959 35028 34179 33444 32799 32228 31738 31324 30984 30715 30485 30319 30202 30144 30105 30124 30173 30265 30374 30525 30692 30876 31065 31273 31486 31693 31919 32142 32336
40538 40894 41234 41549 41851 42132 42387 42635 42856 43048 43298 43661 44116 44666 45254 45886 46474 47033 47522 47967 48345 48650 48869 49116 49374 49684 49999 50316 50541 50633 50611 50497 50297 50034 49690 49245 48696 48039 47272 46397 45412 44320 43113 41843 40497 39224 38012 36934 35919 34978 34114 33374 32711 32130 31611 31159 30796 30477 30226 30041 29892 29776 29734 29712 29747 29800 29909 30036 30168 30317 30484 30681 30873 31071 31265 31455 31640
41404 41783 42141 42482 42806 43136 43448 43737 44018 44305 44592 44925 45348 45842 46395 46936 47495 48020 48515 48941 49293 49548 49764 49948 50160 50409 50724 50971 51121 51171 51113 50957 50717 50419 50052 49603 49048 48379 47592 46688 45628 44451 43213 41861 40514 39229 38052 36941 35916 34961 34109 33332 32641 32028 31486 31010 30609 30268 29983 29764 29595 29462 29363 29351 29345 29384 29455 29558 29678 29803 29947 30098 30280 30457 30629 30797 30962
42289 42665 43053 43428 43777 44139 44498 44852 45197 45551 45912 46315 46728 47190 47671 48189 48687 49179 49638 50023 50296 50498 50663 50792 50916 51111 51282 51449 51533 51539 51454 51279 51033 50704 50321 49858 49300 48591 47751 46775 45675 44491 43185 41846 40522 39273 38084 37000 35950 34992 34103 33298 32601 31952 31372 30873 30437 30073 29780 29513 29324 29159 29043 28975 28967 28978 29023 29100 29183 29285 29406 29547 29695 29862 29999 30146 30289
43152 43562 43945 44348 44746 45137 45542 45948 46362 46773 47206 47667 48150 48610 49085 49560 50041 50485 50859 51156 51349 51469 51523 51571 51644 51693 51740 51778 51803 51750 51630 51436 51152 50821 50412 49916 49302 48570 47706 46683 45560 44333 43061 41778 40521 39280 38129 37012 35980 35003 34103 33282 32538 31868 31268 30747 30302 29904 29588 29301 29065 28881 28746 28648 28599 28583 28601 28639 28710 28775 28885 28990 29128 29261 29402 29514 29635
44000 44417 44848 45249 45677 46121 46557 47010 47458 47924 48427 48935 49448 49958 50427 50895 51351 51738 52035 52199 52300 52311 52284 52274 52245 52203 52143 52068 51961 51854 51679 51425 51102 50701 50259 49712 49077 48311 47415 46408 45294 44108 42885 41665 40442 39264 38112 37021 35975 34994 34086 33251 32478 31776 31170 30628 30163 29744 29380 29098 28830 28613 28448 28333 28241 28210 28188 28200 28245 28312 28373 28480 28582 28706 28799 28913 29012
44827 45271 45701 46142 46579 47035 47516 47998 48488 49001 49528 50076 50607 51118 51606 52071 52488 52810 52998 53086 53061 53005 52947 52850 52744 52618 52495 52325 52127 51904 51651 51343 50948 50491 49960 49389 48715 47923 47031 46058 44979 43856 42693 41512 40333 39174 38057 36978 35948 34951 34022 33178 32391 31700 31049 30489 30018 29577 29194 28866 28605 28357 28174 28029 27921 27836 27812 27797 27830 27858 27921 27991 28095 28170 28254 28320 28397
45639 46067 46525 46966 47426 47899 48389 48893 49426 49961 50509 51069 51614 52106 52583 53036 53410 53649 53764 53755 53686 53576 53459 53325 53153 52984 52757 52523 52250 51941 51605 51218 50767 50239 49667 49022 48308 47506 46648 45685 44657 43570 42463 41313 40171 39054 37969 36900 35848 34862 33953 33074 32303 31584 30931 30354 29837 29404 28988 28642 28362 28124 27898 27724 27599 27499 27435 27419 27413 27467 27491 27537 27579 27668 27728 27771 27800
46384 46833 47276 47744 48203 48686 49190 49718 50244 50801 51354 51923 52439 52924 53381 53796 54120 54300 54331 54268 54166 54029 53868 53684 53487 53236 52962 52649 52313 51938 51537 51079 50563 49995 49369 48686 47918 47126 46244 45308 44307 43262 42177 41071 39958 38867 37812 36752 35728 34741 33828 32967 32172 31456 30802 30209 29675 29198 28803 28439 28130 27861 27632 27442 27290 27175 27096 27053 27046 27049 27073 27093 27136 27176 27212 27244 27287
47086 47526 47980 48442 48915 49395 49905 50428 50966 51503 52073 52612 53110 53573 54003 54372 54647 54767 54740 54641 54511 54360 54171 53954 53688 53394 53070 52715 52315 51894 51417 50915 50347 49735 49068 48336 47575 46727 45857 44912 43949 42923 41861 40778 39700 38641 37588 36573 35566 34591 33661 32819 32042 31301 30647 30040 29503 29023 28599 28231 27892 27621 27377 27172 26992 26863 26784 26727 26693 26669 26654 26662 26692 26720 26732 26753 26784
47704 48151 48603 49055 49529 50019 50508 51018 51541 52090 52628 53149 53636 54073 54455 54793 54997 55062 55008 54895 54737 54556 54352 54086 53787 53455 53090 52679 52251 51772 51265 50703 50098 49443 48739 47983 47178 46328 45441 44525 43556 42554 41518 40462 39402 38369 37350 36341 35361 34399 33480 32645 31858 31134 30468 29860 29322 28841 28402 28031 27690 27378 27120 26914 26733 26648 26538 26468 26423 26374 26288 26270 26262 26277 26366 26370 26386
48254 48676 49134 49582 50042 50516 50998 51489 52000 52523 53042 53541 54005 54401 54756 55039 55215 55215 55148 55012 54850 54630 54395 54112 53784 53409 52997 52566 52086 51593 51041 50445 49787 49101 48371 47582 46757 45892 45010 44085 43137 42152 41146 40113 39077 38065 37075 36082 35103 34167 33283 32431 31650 30941 30277 29671 29133 28650 28211 27813 27471 27145 26925 26693 26557 26449 26378 26289 26216 26095 26017 25957 25942 25961 26022 26103 26101
48725 49129 49560 50010 50461 50916 51385 51851 52334 52815 53309 53785 54210 54577 54883 55127 55255 55253 55142 55008 54821 54596 54308 54013 53658 53242 52807 52352 51855 51302 50730 50103 49434 48710 47945 47134 46280 45433 44534 43620 42679 41715 40735 39731 38736 37730 36755 35773 34820 33909 33037 32207 31432 30739 30077 29485 28934 28439 27999 27590 27235 26964 26762 26601 26458 -9999 -9999 -9999 -9999 -9999 25794 25753 25732 25778 -9999 -9999 -9999
