ASPA-UH-SWB2_REPO/dynamic_inputs/RO_Rf_Ratios_Dynamic/Data/Gridded_rain/PRISM_ppt_tutuila_30yr_normal_80mM1_02_asc.asc
ncols 381
nrows 202
xllcorner -170.851658
yllcorner -14.379175
cellsize 0.00083333333
NODATA_value -9999
[rows 34 to 67 of 202, columns 154 to 230 of 381]
-9999 -9999 -9999 -9999 -9999 -9999 -9999 -9999 -9999 -9999 -9999 -9999 -9999 -9999 -9999 -9999 -9999 -9999 -9999 -9999 -9999 -9999 -9999 -9999 -9999 -9999 -9999 -9999 -9999 -9999 -9999 -9999 -9999 -9999 -9999 -9999 -9999 -9999 -9999 -9999 -9999 -9999 -9999 -9999 -9999 -9999 -9999 -9999 32731 32709 32676 32748 32727 32612 32512 32336 32282 32217 32150 32063 31983 31891 31788 31675 31568 31442 31313 31174 31099 31044 -9999 -9999 -9999 -9999 -9999 -9999 -9999
-9999 -9999 -9999 -9999 -9999 -9999 -9999 -9999 -9999 -9999 -9999 -9999 -9999 -9999 -9999 -9999 -9999 -9999 -9999 -9999 -9999 -9999 -9999 -9999 -9999 -9999 -9999 -9999 -9999 -9999 -9999 -9999 -9999 -9999 -9999 -9999 -9999 -9999 -9999 -9999 -9999 -9999 -9999 -9999 -9999 -9999 -9999 33210 33136 32987 33076 33061 33034 33006 32883 32840 32776 32710 32623 32544 32453 32360 32247 32141 32024 31887 31748 31607 31478 31495 -9999 -9999 -9999 -9999 30874 -9999 -9999
-9999 -9999 -9999 -9999 -9999 -9999 -9999 -9999 -9999 -9999 -9999 -9999 -9999 -9999 -9999 -9999 -9999 -9999 -9999 -9999 -9999 -9999 -9999 -9999 -9999 -9999 -9999 -9999 -9999 -9999 -9999 -9999 -9999 -9999 -9999 -9999 -9999 -9999 -9999 -9999 -9999 -9999 -9999 33717 33721 -9999 33674 33632 33495 33509 33511 33503 33483 33443 33400 33355 33290 33214 33145 33054 32962 32850 32744 32627 32509 32361 32220 32060 31934 31853 -9999 -9999 31487 31196 31115 31005 -9999
-9999 -9999 -9999 -9999 -9999 -9999 -9999 -9999 -9999 -9999 -9999 -9999 -9999 -9999 -9999 -9999 -9999 -9999 -9999 -9999 -9999 -9999 -9999 -9999 -9999 -9999 -9999 -9999 -9999 -9999 -9999 -9999 -9999 -9999 -9999 -9999 -9999 -9999 -9999 -9999 -9999 -9999 34067 34006 34019 34090 34135 34017 34041 34053 34054 34054 34023 33982 33938 33883 33825 33757 33677 33594 33481 33385 33260 33141 32994 32870 32709 32539 32383 32271 32253 32043 31799 31578 31315 31300 31229
-9999 -9999 -9999 -9999 -9999 -9999 -9999 -9999 -9999 -9999 -9999 -9999 -9999 -9999 -9999 -9999 -9999 -9999 -9999 -9999 -9999 -9999 -9999 -9999 -9999 -9999 -9999 -9999 -9999 -9999 -9999 -9999 -9999 -9999 -9999 -9999 -9999 -9999 -9999 -9999 34597 34510 34479 34399 34474 34599 34554 34596 34618 34629 34620 34618 34595 34552 34498 34441 34382 34321 34247 34136 34040 33923 33803 33664 33531 33370 33224 33050 32883 32715 32607 32421 32153 31948 31750 31552 31544
-9999 -9999 -9999 -9999 -9999 -9999 -9999 -9999 -9999 -9999 -9999 -9999 -9999 -9999 -9999 -9999 -9999 -9999 -9999 -9999 -9999 -9999 -9999 -9999 -9999 -9999 -9999 -9999 -9999 -9999 -9999 -9999 -9999 -9999 -9999 -9999 -9999 -9999 -9999 34957 34919 34919 34915 35009 35063 35116 35158 35199 35220 35229 35237 35225 35191 35147 35100 35041 34980 34907 34823 34727 34609 34498 34358 34224 34070 33914 33755 33595 33399 33210 33028 32829 32621 32412 32204 32004 31788
-9999 -9999 -9999 -9999 -9999 -9999 -9999 -9999 -9999 -9999 -9999 -9999 -9999 -9999 -9999 -9999 -9999 -9999 -9999 -9999 -9999 -9999 -9999 -9999 -9999 -9999 -9999 -9999 -9999 -9999 -9999 -9999 -9999 -9999 -9999 -9999 -9999 -9999 35436 35417 35316 35420 35533 35616 35697 35748 35789 35819 35856 35864 35870 35856 35821 35783 35725 35674 35592 35517 35430 35330 35210 35078 34951 34796 34646 34477 34314 34131 33939 33736 33533 33321 33108 32896 32676 32457 32238
-9999 -9999 -9999 -9999 -9999 -9999 -9999 -9999 -9999 -9999 -9999 -9999 -9999 -9999 -9999 -9999 -9999 -9999 -9999 -9999 -9999 -9999 -9999 -9999 -9999 -9999 -9999 -9999 -9999 -9999 -9999 -9999 -9999 -9999 35510 35636 -9999 35816 35903 35823 35926 36057 36168 36268 36338 36406 36445 36483 36509 36524 36519 36512 36484 36435 36384 36312 36237 36149 36059 35947 35823 35688 35557 35397 35225 35067 34881 34693 34494 34278 34060 33842 33624 33398 33158 32926 32704
-9999 -9999 -9999 -9999 -9999 -9999 -9999 -9999 -9999 -9999 -9999 -9999 -9999 -9999 -9999 -9999 -9999 -9999 -9999 -9999 -9999 -9999 -9999 -9999 -9999 -9999 -9999 -9999 -9999 -9999 -9999 -9999 -9999 35793 35844 35944 36142 36325 36311 36453 36593 36712 36831 36938 37025 37073 37128 37163 37187 37199 37192 37182 37161 37110 37048 36982 36903 36813 36702 36587 36450 36327 36166 36009 35831 35650 35467 35264 35050 34827 34602 34377 34144 33905 33658 33413 33163
-9999 -9999 -9999 -9999 -9999 -9999 -9999 -9999 -9999 -9999 -9999 -9999 -9999 -9999 -9999 -9999 -9999 -9999 -9999 -9999 -9999 -9999 -9999 -9999 -9999 -9999 -9999 -9999 -9999 -9999 -9999 -9999 36186 36248 36238 36441 36729 36803 36963 37122 37269 37396 37512 37626 37709 37772 37815 37856 37876 37886 37884 37862 37830 37794 37746 37660 37571 37469 37372 37236 37113 36959 36801 36631 36455 36251 36053 35843 35613 35382 35150 34917 34670 34415 34161 33895 33640
-9999 -9999 -9999 -9999 -9999 -9999 -9999 -9999 -9999 -9999 -9999 -9999 -9999 -9999 -9999 -9999 -9999 -9999 -9999 -9999 -9999 -9999 -9999 -9999 -9999 -9999 -9999 -9999 -9999 -9999 -9999 36563 36654 36636 36879 37100 37300 37478 37645 37811 37963 38095 38224 38314 38392 38459 38515 38550 38575 38562 38575 38550 38505 38466 38407 38328 38227 38140 38022 37892 37748 37608 37437 37262 37065 36864 36659 36426 36190 35944 35704 35456 35200 34930 34661 34395 34117
-9999 -9999 -9999 -9999 -9999 -9999 -9999 -9999 -9999 -9999 -9999 -9999 -9999 -9999 -9999 -9999 -9999 -9999 -9999 -9999 -9999 -9999 -9999 -9999 -9999 35704 35886 36053 36299 36586 36786 36957 37028 37290 37542 37782 37989 38164 38344 38522 38667 38800 38913 39012 39082 39142 39190 39229 39240 39259 39232 39213 39173 39115 39045 38972 38886 38779 38660 38534 38387 38226 38068 37888 37679 37473 37254 37023 36773 36521 36258 36002 35731 35453 35161 34887 34610
-9999 -9999 -9999 -9999 -9999 -9999 -9999 -9999 -9999 -9999 -9999 -9999 -9999 -9999 -9999 -9999 -9999 -9999 -9999 -9999 -9999 -9999 -9999 -9999 35877 35987 36118 36400 36681 36961 37240 37415 37688 37950 38219 38453 38673 38860 39041 39209 39362 39495 39606 39688 39769 39821 39872 39888 39912 39918 39897 39857 39824 39764 39692 39616 39520 39411 39297 39152 39009 38844 38673 38480 38281 38068 37835 37590 37341 37080 36811 36525 36246 35954 35662 35366 35080
-9999 -9999 -9999 -9999 -9999 -9999 -9999 -9999 -9999 -9999 -9999 -9999 -9999 -9999 -9999 -9999 -9999 -9999 -9999 -9999 -9999 -9999 -9999 36100 36246 36305 36583 36880 37196 37492 37778 38082 38363 38630 38892 39137 39346 39541 39721 39886 40031 40172 40274 40367 40432 40495 40524 40551 40562 40555 40539 40506 40453 40399 40334 40240 40143 40040 39907 39767 39597 39452 39260 39069 38855 38635 38401 38154 37888 37611 37324 37044 36734 36439 36126 35829 35523
-9999 -9999 -9999 -9999 -9999 -9999 -9999 -9999 -9999 -9999 -9999 -9999 -9999 -9999 -9999 -9999 -9999 -9999 -9999 -9999 -9999 -9999 36323 36479 36543 36862 37170 37478 37807 38124 38449 38750 39035 39303 39573 39816 40025 40218 40397 40554 40707 40821 40942 41018 41092 41131 41169 41181 41186 41166 41155 41118 41064 41000 40926 40840 40749 40628 40502 40337 40196 40008 39842 39637 39425 39182 38947 38690 38413 38118 37833 37527 37220 36886 36583 36256 35954
-9999 -9999 -9999 -9999 -9999 -9999 -9999 -9999 -9999 -9999 -9999 -9999 -9999 -9999 -9999 -9999 -9999 -9999 -9999 -9999 -9999 36514 36687 36782 37112 37432 37762 38103 38433 38778 39108 39411 39706 39973 40233 40476 40694 40896 41066 41223 41358 41479 41554 41654 41708 41754 41767 41772 41762 41762 41722 41675 41620 41556 41481 41395 41296 41191 41049 40914 40739 40579 40385 40184 39950 39721 39469 39203 38916 38616 38306 37994 37667 37347 36998 36686 36347
-9999 -9999 -9999 -9999 -9999 -9999 -9999 -9999 -9999 -9999 -9999 -9999 -9999 -9999 -9999 -9999 -9999 -9999 -9999 -9999 36672 36855 36960 37321 37693 38026 38370 38721 39078 39428 39759 40072 40357 40625 40886 41131 41359 41554 41723 41868 41998 42097 42185 42236 42295 42313 42333 42322 42314 42285 42250 42193 42130 42058 41984 41907 41817 41699 41580 41428 41275 41096 40907 40692 40466 40222 39968 39685 39394 39089 38767 38429 38103 37757 37422 37070 36751
-9999 -9999 -9999 -9999 -9999 -9999 -9999 -9999 -9999 -9999 -9999 -9999 -9999 -9999 -9999 -9999 -9999 -9999 -9999 36811 36996 37116 37480 37854 38240 38616 38970 39347 39708 40049 40391 40706 40994 41265 41530 41768 41997 42180 42354 42492 42589 42681 42744 42789 42818 42849 42833 42822 42792 42766 42722 42664 42594 42524 42453 42379 42284 42183 42050 41915 41753 41581 41387 41174 40941 40689 40426 40153 39843 39520 39185 38853 38500 38155 37793 37455 37105
-9999 -9999 -9999 -9999 -9999 -9999 -9999 -9999 -9999 -9999 -9999 -9999 -9999 -9999 -9999 -9999 -9999 -9999 36932 37135 37252 37617 38012 38402 38801 39187 39576 39938 40300 40664 41000 41320 41614 41890 42149 42397 42595 42791 42941 43063 43152 43200 43263 43282 43295 43287 43284 43247 43218 43180 43133 43069 43009 42943 42877 42800 42718 42606 42485 42344 42198 42024 41829 41612 41380 41127 40855 40563 40255 39918 39576 39230 38876 38504 38154 37791 37448
-9999 -9999 -9999 -9999 -9999 -9999 -9999 -9999 -9999 -9999 -9999 -9999 -9999 -9999 35972 -9999 -9999 37018 37244 37374 37761 38140 38532 38963 39353 39763 40156 40520 40888 41257 41592 41910 42221 42493 42761 42988 43182 43355 43488 43583 43661 43697 43704 43712 43697 43679 43646 43606 43561 43520 43465 43412 43349 43290 43231 43169 43080 42983 42860 42738 42595 42422 42233 42019 41776 41523 41242 40940 40626 40289 39939 39578 39210 38842 38471 38113 37746
-9999 -9999 -9999 -9999 -9999 -9999 -9999 -9999 -9999 -9999 -9999 -9999 -9999 36015 36238 36467 36899 37235 37462 37862 38263 38677 39082 39494 39918 40323 40710 41100 41465 41826 42171 42499 42796 43079 43329 43554 43727 43884 43998 44072 44108 44127 44109 44074 44036 43989 43939 43879 43835 43775 43723 43667 43612 43562 43514 43456 43393 43291 43192 43070 42939 42777 42587 42380 42139 41880 41597 41291 40966 40630 40278 39903 39532 39155 38777 38400 38039
-9999 -9999 -9999 -9999 -9999 -9999 -9999 -9999 -9999 -9999 -9999 -9999 36068 36272 36401 36823 37216 37527 37938 38351 38768 39195 39619 40028 40456 40856 41251 41641 42028 42383 42740 43065 43358 43626 43878 44084 44252 44363 44456 44504 44510 44490 44447 44373 44298 44212 44142 44076 44002 43941 43885 43830 43787 43751 43717 43682 43619 43546 43445 43354 43224 43073 42888 42687 42457 42187 41910 41608 41279 40931 40578 40208 39822 39443 39052 38681 38322
-9999 -9999 -9999 -9999 -9999 -9999 -9999 -9999 -9999 -9999 -9999 36108 36317 36450 36806 37199 37584 37988 38403 38842 39273 39701 40131 40553 40958 41377 41774 42178 42552 42930 43286 43610 43901 44157 44393 44589 44722 44814 44862 44878 44841 44782 44693 44590 44465 44344 44251 44165 44081 44008 43950 43907 43880 43863 43849 43821 43791 43728 43656 43559 43459 43310 43143 42937 42720 42466 42178 41882 41555 41208 40843 40466 40085 39699 39319 38934 38590
-9999 -9999 -9999 -9999 -9999 -9999 -9999 -9999 -9999 -9999 36126 36342 36491 36850 37236 37632 38030 38438 38880 39304 39754 40188 40615 41042 41456 41860 42282 42676 43065 43444 43802 44120 44404 44667 44887 45053 45161 45219 45227 45189 45118 44997 44862 44708 44561 44432 44304 44195 44106 44024 43951 43909 43886 43887 43892 43895 43876 43849 43796 43734 43628 43502 43336 43154 42938 42696 42422 42113 41792 41447 41077 40700 40319 39933 39548 39179 38861
-9999 -9999 -9999 -9999 -9999 -9999 -9999 -9999 -9999 36149 36369 36513 36883 37263 37653 38062 38473 38908 39325 39770 40208 40657 41079 41508 41917 42347 42750 43170 43554 43929 44275 44599 44895 45140 45346 45491 45570 45591 45555 45465 45320 45149 44978 44821 44676 44529 44401 44271 44166 44060 43970 43895 43854 43838 43856 43883 43906 43898 43882 43833 43762 43642 43498 43322 43115 42885 42621 42327 41998 41650 41290 40908 40528 40143 39755 39405 39119
-9999 -9999 -9999 -9999 -9999 -9999 -9999 -9999 36148 36374 36532 36905 37279 37662 38065 38478 38915 39345 39775 40225 40652 41087 41520 41943 42371 42792 43222 43620 44012 44378 44726 45068 45352 45580 45764 45897 45947 45929 45844 45679 45488 45305 45154 45013 44864 44732 44610 44488 44336 44193 44056 43941 43847 43796 43775 43802 43853 43896 43905 43892 43833 43740 43607 43451 43261 43033 42775 42494 42178 41836 41473 41100 40716 40335 39959 39615 39348
-9999 -9999 -9999 -9999 -9999 -9999 -9999 36138 36358 36515 36899 37291 37668 38055 38470 38901 39333 39775 40212 40651 41081 41509 41937 42370 42798 43230 43649 44057 44442 44813 45175 45499 45779 45998 46158 46252 46273 46217 46076 45895 45706 45535 45395 45267 45166 45034 44896 44740 44580 44404 44227 44048 43889 43775 43720 43711 43762 43833 43879 43890 43864 43788 43680 43539 43362 43149 42903 42633 42330 41989 41637 41273 40894 40516 40147 39815 39561
-9999 -9999 -9999 -9999 -9999 -9999 36146 36319 36486 36862 37248 37652 38049 38448 38871 39305 39742 40182 40626 41051 41482 41906 42344 42778 43208 43630 44042 44452 44844 45223 45586 45897 46149 46345 46477 46539 46532 46434 46273 46119 45963 45832 45706 45612 45486 45345 45170 44992 44811 44608 44404 44194 43984 43804 43687 43640 43649 43729 43807 43846 43842 43802 43713 43589 43431 43229 43003 42739 42446 42125 41785 41422 41053 40686 40322 40003 39763
-9999 -9999 -9999 -9999 -9999 -9999 36386 36502 36807 37192 37597 38012 38421 38835 39262 39700 40142 40573 41002 41437 41855 42288 42719 43157 43587 44010 44408 44818 45217 45594 45940 46229 46457 46613 46713 46741 46698 46574 46438 46318 46220 46143 46067 45933 45774 45588 45405 45204 44989 44767 44544 44322 44089 43862 43681 43574 43549 43597 43691 43758 43783 43773 43710 43609 43460 43287 43065 42820 42540 42234 41903 41553 41196 40841 40482 40169 39944
-9999 -9999 -9999 -9999 -9999 -9999 36584 36836 37142 37529 37952 38360 38783 39218 39640 40084 40516 40940 41361 41782 42218 42644 43071 43509 43942 44352 44758 45166 45552 45913 46241 46507 46694 46819 46886 46877 46785 46660 46564 46477 46442 46418 46338 46203 46004 45802 45589 45362 45121 44886 44646 44400 44156 43913 43690 43523 43449 43455 43541 43644 43697 43698 43674 43590 43473 43302 43108 42878 42611 42312 41997 41668 41330 40978 40633 40327 40102
-9999 -9999 -9999 -9999 -9999 36714 36863 37107 37484 37879 38294 38714 39139 39576 40013 40437 40861 41284 41700 42122 42544 42983 43411 43853 44265 44674 45097 45484 45851 46196 46494 46726 46892 46985 47024 46981 46857 46717 46627 46601 46618 46596 46516 46375 46193 45961 45721 45476 45217 44959 44695 44446 44192 43939 43694 43483 43350 43318 43393 43502 43587 43617 43600 43551 43443 43307 43120 42907 42656 42381 42080 41767 41441 41113 40783 40480 40236
-9999 -9999 -9999 -9999 36656 36901 37063 37437 37821 38224 38632 39062 39496 39913 40344 40768 41181 41597 42012 42436 42863 43288 43720 44149 44571 44999 45389 45761 46116 46438 46700 46912 47075 47152 47142 47062 46913 46774 46692 46690 46706 46690 46618 46492 46305 46075 45811 45549 45274 44988 44723 44453 44190 43929 43674 43435 43251 43191 43237 43350 43452 43513 43519 43479 43409 43276 43113 42912 42688 42436 42154 41856 41552 41237 40927 40624 40378
-9999 -9999 -9999 36565 36817 37003 37382 37754 38152 38555 38964 39400 39820 40230 40643 41060 41473 41885 42293 42714 43143 43573 43994 44417 44849 45261 45648 46015 46354 46648 46908 47107 47236 47303 47288 47164 46994 46838 46766 46766 46759 46738 46669 46550 46367 46137 45868 45579 45284 44992 44708 44431 44154 43891 43622 43366 43154 43046 43083 43199 43310 43387 43413 43399 43330 43228 43090 42907 42702 42462 42214 41937 41649 41357 41060 40775 40519
-9999 -9999 36467 36718 36913 37297 37681 38081 38470 38872 39301 39713 40116 40514 40924 41322 41735 42147 42550 42964 43388 43808 44238 44667 45088 45494 45884 46250 46578 46859 47113 47305 47424 47479 47437 47306 47112 46939 46866 46838 46819 46759 46686 46564 46389 46154 45873 45569 45265 44964 44662 44373 44097 43808 43538 43273 43040 42906 42925 43042 43159 43245 43288 43285 43240 43156 43026 42880 42690 42486 42252 42004 41728 41458 41186 40924 40676
