ASPA-UH-SWB2_REPO/dynamic_inputs/RO_Rf_Ratios_Dynamic/Data/Gridded_rain/PRISM_ppt_tutuila_30yr_normal_80mM1_06_asc.asc
ncols 381
nrows 202
xllcorner -170.851658
yllcorner -14.379175
cellsize 0.00083333333
NODATA_value -9999
[rows 102 to 135 of 202, columns 0 to 76 of 381]
-9999 -9999 -9999 -9999 -9999 -9999 -9999 -9999 -9999 -9999 -9999 -9999 -9999 -9999 -9999 -9999 -9999 -9999 -9999 -9999 -9999 -9999 -9999 -9999 -9999 -9999 -9999 -9999 -9999 -9999 -9999 -9999 -9999 -9999 -9999 20081 20257 20369 20711 21053 -9999 -9999 22347 22466 22808 23217 23626 24035 24470 24906 25333 25778 26206 26646 27094 27534 27956 28360 28756 29133 29499 29850 30178 30489 30771 31046 31320 31559 31779 31980 32155 32287 32409 32505 32610 32690 32763
-9999 -9999 -9999 -9999 -9999 -9999 -9999 -9999 -9999 -9999 -9999 -9999 -9999 -9999 -9999 -9999 -9999 -9999 -9999 -9999 -9999 -9999 -9999 -9999 -9999 -9999 -9999 -9999 -9999 -9999 -9999 -9999 -9999 19920 20093 20267 20437 20774 21095 21526 21926 22368 22595 22916 23323 23757 24190 24615 25058 25511 25981 26434 26888 27345 27811 28260 28699 29128 29531 29932 30306 30662 31004 31319 31622 31899 32167 32416 32630 32841 33001 33143 33266 33372 33454 33544 33617
-9999 -9999 -9999 -9999 -9999 -9999 -9999 -9999 -9999 -9999 -9999 -9999 -9999 -9999 -9999 -9999 -9999 -9999 -9999 -9999 -9999 -9999 -9999 -9999 -9999 -9999 -9999 -9999 -9999 -9999 -9999 -9999 19932 20090 20264 20506 20833 21170 21525 21871 22317 22705 23017 23430 23862 24304 24745 25203 25662 26141 26630 27101 27574 28056 28530 28987 29443 29880 30315 30723 31102 31471 31817 32153 32466 32746 33008 33259 33483 33672 33841 33984 34101 34209 34307 34382 34448
-9999 -9999 -9999 -9999 -9999 -9999 -9999 -9999 -9999 -9999 -9999 -9999 -9999 -9999 -9999 -9999 -9999 -9999 -9999 -9999 -9999 -9999 -9999 -9999 -9999 -9999 -9999 -9999 -9999 -9999 -9999 19984 20149 20263 20560 20885 21228 21590 21944 22326 22717 23111 23523 23952 24400 24866 25324 25791 26277 26773 27280 27770 28268 28750 29233 29715 30178 30631 31073 31494 31887 32269 32627 32964 33281 33581 33838 34083 34309 34500 34663 34799 34917 35025 35132 35206 35265
-9999 -9999 -9999 -9999 -9999 -9999 -9999 -9999 -9999 -9999 -9999 -9999 -9999 -9999 -9999 -9999 -9999 -9999 -9999 -9999 -9999 -9999 -9999 -9999 -9999 -9999 -9999 -9999 -9999 -9999 20039 20210 20313 20626 20939 21272 21631 22002 22399 22789 23190 23609 24045 24481 24946 25428 25912 26398 26893 27417 27933 28448 28956 29447 29946 30435 30914 31381 31836 32263 32669 33048 33410 33759 34080 34383 34659 34889 35109 35301 35466 35594 35712 35828 35919 36009 36066
-9999 -9999 -9999 -9999 -9999 -9999 -9999 -9999 -9999 -9999 -9999 -9999 -9999 -9999 -9999 -9999 -9999 -9999 -9999 -9999 -9999 -9999 -9999 -9999 -9999 -9999 -9999 -9999 -9999 20066 20251 20374 20685 20997 21336 21685 22052 22449 22855 23262 23679 24122 24565 25027 25509 25992 26502 27006 27528 28052 28586 29111 29628 30144 30658 31146 31638 32120 32581 33013 33425 33801 34177 34530 34861 35158 35428 35668 35881 36083 36248 36377 36487 36595 36693 36766 36838
-9999 -9999 -9999 -9999 -9999 -9999 -9999 -9999 -9999 -9999 -9999 -9999 -9999 -9999 -9999 -9999 -9999 -9999 -9999 -9999 -9999 -9999 -9999 -9999 -9999 -9999 -9999 -9999 20081 20270 20403 20721 21058 21395 21742 22116 22500 22905 23319 23751 24192 24633 25094 25582 26073 26582 27085 27615 28147 28680 29223 29766 30290 30822 31335 31845 32352 32832 33291 33739 34149 34549 34912 35267 35598 35897 36168 36402 36625 36827 36986 37125 37237 37338 37428 37508 37565
-9999 -9999 -9999 -9999 -9999 -9999 -9999 -9999 -9999 -9999 -9999 -9999 -9999 -9999 -9999 -9999 -9999 -9999 -9999 -9999 -9999 -9999 -9999 -9999 -9999 -9999 -9999 20100 20280 20406 20740 21075 21429 21791 22155 22538 22948 23378 23808 24247 24696 25163 25641 26139 26647 27166 27677 28208 28758 29300 29851 30394 30934 31472 31991 32517 33014 33509 33985 34423 34849 35244 35619 35958 36291 36600 36874 37110 37328 37526 37697 37830 37953 38047 38138 38211 38275
-9999 -9999 -9999 -9999 -9999 -9999 -9999 -9999 -9999 -9999 -9999 -9999 -9999 -9999 -9999 -9999 -9999 -9999 -9999 -9999 -9999 -9999 -9999 -9999 -9999 -9999 20121 20295 20412 20745 21087 21438 21800 22179 22568 22977 23396 23842 24287 24743 25208 25684 26188 26686 27213 27732 28252 28801 29352 29912 30462 30994 31558 32095 32621 33145 33659 34154 34628 35081 35494 35902 36263 36615 36949 37252 37532 37774 37998 38201 38367 38513 38622 38735 38819 38900 38948
-9999 -9999 -9999 -9999 -9999 -9999 -9999 -9999 -9999 -9999 -9999 -9999 -9999 -9999 -9999 -9999 -9999 -9999 -9999 -9999 -9999 -9999 -9999 -9999 -9999 20101 20288 20422 20743 21084 21434 21810 22188 22575 22981 23398 23842 24285 24756 25228 25702 26196 26692 27226 27752 28272 28819 29368 29929 30496 31036 31591 32137 32681 33215 33748 34262 34765 35227 35675 36110 36506 36873 37212 37544 37862 38139 38398 38635 38828 38998 39140 39277 39376 39469 39534 39597
-9999 -9999 -9999 -9999 -9999 -9999 -9999 -9999 -9999 -9999 -9999 -9999 -9999 -9999 -9999 -9999 -9999 -9999 -9999 -9999 -9999 -9999 -9999 -9999 20069 20271 20407 20727 21056 21422 21797 22181 22576 22971 23394 23826 24268 24737 25216 25688 26188 26682 27205 27729 28265 28803 29350 29909 30486 31034 31590 32144 32689 33233 33784 34291 34822 35311 35787 36232 36655 37058 37423 37772 38097 38414 38705 38970 39198 39404 39571 39733 39856 39973 40052 40126 40173
-9999 -9999 -9999 -9999 -9999 -9999 -9999 -9999 -9999 -9999 -9999 -9999 -9999 -9999 -9999 -9999 -9999 -9999 -9999 -9999 -9999 -9999 19758 19978 20169 20377 20695 21032 21387 21760 22151 22535 22945 23376 23806 24245 24702 25170 25658 26156 26657 27169 27682 28225 28752 29316 29865 30422 30979 31553 32107 32660 33196 33750 34284 34817 35317 35821 36275 36727 37156 37543 37930 38281 38614 38921 39211 39474 39717 39919 40107 40249 40384 40496 40585 40644 40698
-9999 -9999 -9999 -9999 -9999 -9999 -9999 -9999 -9999 -9999 -9999 -9999 -9999 -9999 -9999 -9999 -9999 -9999 -9999 -9999 -9999 19671 19863 20057 20332 20658 20993 21337 21708 22097 22496 22896 23315 23761 24207 24662 25128 25603 26100 26608 27117 27619 28160 28684 29238 29786 30342 30897 31461 32016 32570 33115 33678 34214 34749 35260 35775 36249 36719 37158 37583 37991 38372 38725 39059 39375 39663 39923 40172 40389 40558 40720 40852 40968 41044 41113 41160
-9999 -9999 -9999 -9999 -9999 -9999 -9999 -9999 -9999 -9999 -9999 -9999 -9999 -9999 -9999 -9999 -9999 -9999 -9999 -9999 19605 19786 19937 20244 20587 20929 21272 21632 22019 22425 22833 23258 23693 24137 24590 25062 25535 26019 26525 27041 27541 28078 28583 29126 29680 30235 30781 31335 31880 32442 32988 33534 34088 34625 35141 35666 36150 36640 37090 37525 37953 38364 38739 39096 39449 39746 40041 40308 40554 40770 40954 41114 41259 41355 41452 41516 41581
-9999 -9999 -9999 -9999 -9999 -9999 -9999 -9999 -9999 -9999 -9999 -9999 -9999 -9999 -9999 -9999 -9999 -9999 -9999 19525 19713 19853 20150 20483 20833 21174 21541 21927 22322 22745 23169 23602 24044 24494 24963 25442 25915 26409 26923 27438 27955 28465 28997 29531 30084 30620 31183 31726 32262 32807 33361 33908 34428 34973 35493 35980 36472 36941 37403 37833 38256 38661 39040 39407 39743 40058 40344 40619 40864 41078 41270 41437 41572 41691 41785 41861 41922
-9999 -9999 -9999 -9999 -9999 -9999 -9999 -9999 -9999 -9999 -9999 -9999 -9999 -9999 -9999 -9999 -9999 -9999 19419 19617 19764 20060 20373 20703 21061 21427 21811 22204 22607 23037 23478 23918 24366 24832 25299 25770 26269 26771 27283 27798 28314 28834 29356 29899 30425 30985 31520 32063 32598 33134 33672 34210 34740 35256 35764 36248 36720 37182 37630 38072 38490 38882 39280 39639 39969 40294 40581 40846 41091 41322 41513 41680 41815 41941 42050 42132 42206
-9999 -9999 -9999 -9999 -9999 -9999 -9999 -9999 -9999 -9999 -9999 -9999 -9999 -9999 -9999 -9999 -9999 19300 19501 19649 19953 20248 20577 20924 21289 21672 22054 22455 22883 23311 23750 24196 24660 25125 25600 26088 26578 27088 27599 28121 28638 29148 29679 30203 30736 31277 31810 32335 32871 33399 33928 34459 34970 35475 35971 36444 36906 37354 37796 38224 38636 39048 39431 39793 40133 40444 40740 40997 41251 41474 41683 41851 41994 42121 42230 42336 42400
-9999 -9999 -9999 -9999 -9999 -9999 -9999 -9999 -9999 -9999 -9999 -9999 -9999 -9999 -9999 -9999 19198 19387 19528 19822 20116 20436 20773 21136 21500 21889 22288 22705 23132 23559 23995 24456 24927 25391 25875 26361 26859 27358 27877 28390 28906 29425 29937 30468 30991 31504 32036 32562 33070 33590 34121 34625 35135 35629 36115 36577 37023 37455 37891 38313 38729 39125 39501 39866 40200 40513 40803 41071 41317 41550 41752 41939 42093 42221 42340 42439 42535
-9999 -9999 -9999 -9999 -9999 -9999 -9999 -9999 -9999 -9999 -9999 -9999 -9999 -9999 -9999 19112 19263 19400 19685 19969 20288 20606 20960 21313 21701 22080 22495 22920 23345 23789 24230 24680 25159 25639 26113 26608 27085 27601 28101 28613 29129 29638 30158 30669 31181 31684 32207 32715 33215 33727 34231 34736 35228 35711 36177 36622 37060 37494 37905 38330 38730 39111 39489 39848 40186 40493 40777 41048 41305 41531 41752 41934 42099 42239 42370 42481 42571
-9999 -9999 -9999 -9999 -9999 -9999 -9999 -9999 -9999 -9999 -9999 -9999 -9999 -9999 -9999 19191 19296 19541 19816 20117 20425 20768 21120 21490 21867 22262 22667 23099 23541 23981 24429 24895 25364 25844 26326 26800 27303 27790 28289 28800 29296 29813 30313 30823 31315 31818 32314 32813 33304 33799 34286 34773 35247 35714 36168 36596 37018 37435 37856 38247 38649 39023 39386 39730 40071 40390 40670 40945 41187 41425 41650 41851 42012 42166 42310 42435 42546
-9999 -9999 -9999 -9999 -9999 -9999 -9999 -9999 -9999 -9999 -9999 -9999 -9999 -9999 -9999 19239 19403 19638 19939 20238 20562 20895 21263 21622 22015 22409 22829 23260 23700 24138 24593 25067 25534 26012 26493 26974 27448 27943 28440 28932 29427 29915 30423 30914 31405 31888 32357 32847 33321 33797 34276 34736 35194 35635 36073 36492 36896 37296 37700 38108 38475 38843 39200 39537 39872 40187 40480 40750 40997 41239 41449 41656 41847 42007 42166 42306 42417
-9999 -9999 -9999 -9999 -9999 -9999 -9999 -9999 -9999 -9999 -9999 -9999 -9999 -9999 -9999 19289 19501 19727 20026 20341 20673 21013 21362 21754 22137 22538 22958 23386 23833 24277 24730 25184 25658 26135 26605 27076 27566 28050 28528 29010 29476 29981 30460 30949 31412 31877 32345 32798 33263 33713 34174 34618 35059 35484 35900 36302 36696 37078 37480 37862 38237 38589 38921 39270 39591 39900 40206 40463 40715 40953 41177 41397 41585 41759 41926 42084 42229
-9999 -9999 -9999 -9999 -9999 -9999 17662 -9999 -9999 -9999 -9999 -9999 -9999 18950 19129 19294 19526 19807 20105 20427 20757 21096 21461 21834 22233 22632 23050 23486 23921 24372 24813 25256 25738 26204 26663 27141 27611 28093 28560 29022 29496 29954 30423 30893 31355 31792 32241 32685 33114 33555 33989 34416 34834 35263 35665 36045 36412 36799 37174 37554 37910 38251 38577 38910 39234 39537 39829 40101 40350 40593 40841 41048 41251 41440 41623 41799 41947
-9999 -9999 -9999 -9999 -9999 17626 17671 17783 -9999 18146 18333 18487 18700 18892 19107 19328 19582 19862 20175 20487 20808 21162 21525 21896 22276 22691 23115 23540 23973 24404 24843 25302 25755 26220 26685 27142 27601 28072 28537 28988 29433 29871 30320 30780 31214 31642 32064 32480 32909 33323 33740 34141 34553 34961 35352 35719 36091 36440 36802 37161 37514 37836 38159 38467 38784 39091 39378 39653 39907 40149 40403 40643 40852 41048 41239 41416 41585
-9999 -9999 -9999 -9999 17551 17624 17696 17824 17976 18148 18301 18486 18690 18902 19131 19377 19630 19908 20202 20522 20858 21203 21564 21924 22320 22715 23129 23560 23990 24419 24847 25286 25737 26190 26652 27098 27545 28005 28441 28890 29314 29732 30171 30584 31008 31426 31821 32219 32630 33035 33416 33810 34206 34585 34965 35331 35681 36028 36362 36713 37036 37345 37657 37953 38261 38569 38842 39121 39380 39636 39889 40136 40361 40564 40764 40959 41139
-9999 -9999 -9999 17465 17536 17608 17717 17853 17998 18150 18319 18495 18698 18918 19155 19400 19661 19929 20221 20539 20874 21218 21568 21936 22320 22713 23125 23546 23973 24390 24807 25243 25683 26133 26566 26991 27436 27865 28298 28708 29130 29536 29937 30340 30736 31126 31510 31899 32283 32662 33045 33412 33773 34137 34511 34857 35208 35545 35876 36194 36502 36803 37083 37384 37679 37959 38241 38514 38777 39039 39290 39536 39768 39988 40204 40408 40608
-9999 -9999 17380 17451 17513 17612 17730 17866 18018 18170 18329 18505 18698 18926 19162 19415 19657 19932 20233 20540 20865 21198 21556 21921 22286 22677 23078 23496 23913 24328 24742 25149 25585 26014 26435 26848 27245 27671 28073 28479 28861 29256 29646 30029 30407 30759 31124 31494 31861 32232 32597 32938 33283 33631 33981 34322 34667 34995 35325 35624 35918 36208 36481 36758 37037 37304 37583 37846 38103 38359 38623 38868 39100 39327 39552 39774 39985
-9999 17296 17367 17428 17518 17617 17735 17879 18031 18182 18332 18507 18708 18918 19153 19396 19654 19920 20210 20517 20840 21171 21509 21864 22227 22607 22996 23394 23809 24213 24615 25019 25416 25833 26242 26634 27036 27405 27803 28177 28556 28921 29290 29662 30010 30353 30671 31013 31380 31723 32062 32397 32725 33058 33374 33729 34057 34380 34696 34993 35275 35556 35831 36094 36349 36609 36864 37115 37379 37636 37894 38144 38384 38620 38852 39083 39313
17232 17284 17345 17435 17525 17624 17741 17875 18027 18177 18336 18510 18693 18910 19135 19368 19618 19891 20172 20477 20781 21110 21438 21791 22143 22503 22880 23267 23662 24046 24437 24828 25213 25609 25988 26376 26739 27121 27470 27840 28187 28538 28876 29218 29555 29859 30177 30492 30821 31147 31468 31786 32100 32408 32738 33060 33383 33695 33994 34286 34570 34840 35118 35377 35626 35856 36097 36351 36611 36868 37119 37372 37633 37876 38117 38355 38593
17231 17278 17353 17443 17532 17631 17738 17873 18015 18165 18332 18497 18688 18887 19111 19325 19574 19829 20117 20394 20697 21006 21341 21675 22025 22374 22732 23107 23473 23855 24225 24587 24968 25332 25708 26066 26425 26758 27112 27441 27783 28083 28407 28727 29024 29326 29615 29910 30212 30520 30815 31117 31415 31718 32024 32333 32642 32949 33225 33515 33800 34076 34340 34594 34835 35067 35301 35548 35791 36046 36306 36569 36827 37084 37332 37577 37821
17232 17288 17362 17443 17532 17621 17737 17862 17995 18154 18302 18476 18658 18856 19052 19284 19514 19768 20028 20304 20588 20896 21212 21535 21874 22212 22559 22905 23268 23621 23972 24331 24681 25032 25376 25721 26041 26379 26692 27017 27308 27594 27893 28171 28454 28734 29002 29268 29551 29840 30119 30396 30678 30967 31270 31557 31853 32138 32427 32701 32970 33243 33501 33750 33986 34214 34443 34683 34929 35181 35446 35708 35972 36236 36499 36753 37005
17246 17298 17355 17435 17516 17613 17720 17844 17977 18117 18265 18430 18611 18791 18987 19199 19446 19682 19933 20199 20472 20762 21068 21389 21700 22027 22344 22687 23021 23354 23703 24042 24371 24691 25021 25326 25641 25930 26239 26531 26808 27070 27327 27581 27840 28096 28332 28594 28846 29098 29369 29639 29897 30173 30454 30747 31030 31309 31572 31830 32092 32358 32617 32850 33080 33300 33530 33765 34018 34268 34525 34795 35070 35346 35614 35879 36142
17263 17295 17340 17411 17500 17589 17686 17810 17942 18073 18212 18367 18539 18718 18905 19108 19345 19589 19822 20070 20342 20621 20908 21210 21511 21809 22133 22438 22751 23073 23402 23729 24020 24327 24617 24917 25191 25467 25744 26014 26258 26505 26729 26967 27201 27414 27644 27854 28093 28333 28584 28827 29080 29342 29608 29895 30169 30409 30664 30914 31169 31408 31652 31892 32117 32338 32552 32789 33035 33292 33557 33832 34120 34403 34686 34967 35253
-9999 17302 17351 17388 17459 17556 17662 17767 17891 18013 18160 18306 18460 18639 18816 19018 19229 19463 19695 19925 20179 20457 20725 21008 21298 21586 21873 22175 22477 22777 23078 23368 23664 23933 24201 24470 24721 24981 25227 25455 25685 25908 26118 26312 26511 26718 26913 27098 27303 27539 27749 27981 28216 28468 28712 28977 29230 29468 29700 29941 30169 30417 30650 30888 31121 31341 31550 31772 32021 32282 32555 32840 33132 33429 33729 34028 34333
