ASPA-UH-SWB2_REPO/dynamic_inputs/RO_Rf_Ratios_Dynamic/Data/Gridded_rain/PRISM_ppt_tutuila_30yr_normal_80mM1_03_asc.asc
ncols 381
nrows 202
xllcorner -170.851658
yllcorner -14.379175
cellsize 0.00083333333
NODATA_value -9999
[rows 102 to 135 of 202, columns 0 to 76 of 381]
-9999 -9999 -9999 -9999 -9999 -9999 -9999 -9999 -9999 -9999 -9999 -9999 -9999 -9999 -9999 -9999 -9999 -9999 -9999 -9999 -9999 -9999 -9999 -9999 -9999 -9999 -9999 -9999 -9999 -9999 -9999 -9999 -9999 -9999 -9999 28802 28968 29074 29385 29696 -9999 -9999 30876 30985 31292 31658 32023 32389 32777 33167 33549 33946 34327 34716 35110 35493 35858 36202 36536 36850 37154 37441 37708 37960 38187 38406 38623 38808 38977 39128 39257 39351 39437 39503 39575 39629 39677
-9999 -9999 -9999 -9999 -9999 -9999 -9999 -9999 -9999 -9999 -9999 -9999 -9999 -9999 -9999 -9999 -9999 -9999 -9999 -9999 -9999 -9999 -9999 -9999 -9999 -9999 -9999 -9999 -9999 -9999 -9999 -9999 -9999 28637 28800 28962 29122 29433 29728 30118 30479 30879 31086 31375 31739 32128 32515 32895 33292 33698 34119 34523 34925 35326 35733 36120 36495 36858 37194 37527 37834 38123 38400 38652 38893 39111 39319 39510 39668 39824 39937 40034 40117 40186 40235 40291 40335
-9999 -9999 -9999 -9999 -9999 -9999 -9999 -9999 -9999 -9999 -9999 -9999 -9999 -9999 -9999 -9999 -9999 -9999 -9999 -9999 -9999 -9999 -9999 -9999 -9999 -9999 -9999 -9999 -9999 -9999 -9999 -9999 28637 28786 28948 29173 29474 29783 30106 30421 30823 31171 31453 31823 32210 32606 33001 33414 33827 34256 34692 35110 35525 35946 36355 36745 37132 37499 37863 38199 38508 38807 39084 39351 39598 39815 40014 40202 40365 40497 40613 40706 40778 40843 40901 40940 40973
-9999 -9999 -9999 -9999 -9999 -9999 -9999 -9999 -9999 -9999 -9999 -9999 -9999 -9999 -9999 -9999 -9999 -9999 -9999 -9999 -9999 -9999 -9999 -9999 -9999 -9999 -9999 -9999 -9999 -9999 -9999 28673 28828 28936 29210 29509 29824 30154 30475 30820 31172 31525 31895 32281 32683 33103 33515 33937 34374 34817 35267 35698 36133 36549 36962 37373 37764 38144 38511 38858 39177 39485 39770 40036 40282 40512 40702 40880 41039 41168 41273 41355 41422 41482 41542 41576 41598
-9999 -9999 -9999 -9999 -9999 -9999 -9999 -9999 -9999 -9999 -9999 -9999 -9999 -9999 -9999 -9999 -9999 -9999 -9999 -9999 -9999 -9999 -9999 -9999 -9999 -9999 -9999 -9999 -9999 -9999 28713 28872 28970 29259 29547 29852 30180 30516 30875 31226 31585 31962 32354 32747 33167 33604 34042 34479 34922 35388 35843 36293 36733 37155 37581 37997 38401 38792 39171 39521 39849 40151 40437 40709 40953 41182 41383 41543 41693 41819 41920 41990 42052 42113 42155 42196 42212
-9999 -9999 -9999 -9999 -9999 -9999 -9999 -9999 -9999 -9999 -9999 -9999 -9999 -9999 -9999 -9999 -9999 -9999 -9999 -9999 -9999 -9999 -9999 -9999 -9999 -9999 -9999 -9999 -9999 28726 28899 29015 29303 29590 29900 30218 30551 30909 31275 31641 32016 32415 32816 33235 33672 34110 34570 35023 35488 35951 36418 36875 37321 37764 38204 38617 39033 39437 39819 40172 40503 40799 41092 41364 41613 41832 42024 42190 42329 42458 42556 42622 42672 42721 42763 42785 42806
-9999 -9999 -9999 -9999 -9999 -9999 -9999 -9999 -9999 -9999 -9999 -9999 -9999 -9999 -9999 -9999 -9999 -9999 -9999 -9999 -9999 -9999 -9999 -9999 -9999 -9999 -9999 -9999 28730 28907 29031 29325 29635 29943 30259 30599 30946 31310 31683 32073 32472 32871 33290 33736 34181 34642 35094 35567 36039 36506 36980 37451 37905 38362 38800 39233 39662 40062 40441 40805 41132 41445 41724 41994 42242 42459 42650 42806 42951 43076 43162 43229 43274 43311 43339 43359 43359
-9999 -9999 -9999 -9999 -9999 -9999 -9999 -9999 -9999 -9999 -9999 -9999 -9999 -9999 -9999 -9999 -9999 -9999 -9999 -9999 -9999 -9999 -9999 -9999 -9999 -9999 -9999 28739 28907 29025 29333 29642 29965 30295 30625 30971 31342 31729 32118 32515 32923 33349 33786 34239 34701 35168 35626 36097 36581 37057 37537 38009 38476 38940 39383 39830 40248 40661 41052 41405 41744 42052 42340 42594 42841 43066 43255 43408 43540 43652 43737 43791 43834 43856 43875 43881 43878
-9999 -9999 -9999 -9999 -9999 -9999 -9999 -9999 -9999 -9999 -9999 -9999 -9999 -9999 -9999 -9999 -9999 -9999 -9999 -9999 -9999 -9999 -9999 -9999 -9999 -9999 28750 28912 29022 29329 29644 29965 30294 30638 30990 31360 31738 32142 32546 32961 33386 33823 34284 34738 35214 35679 36142 36628 37113 37603 38084 38545 39036 39498 39948 40393 40826 41235 41623 41988 42315 42635 42911 43176 43422 43634 43818 43964 44086 44188 44258 44308 44330 44356 44360 44363 44342
-9999 -9999 -9999 -9999 -9999 -9999 -9999 -9999 -9999 -9999 -9999 -9999 -9999 -9999 -9999 -9999 -9999 -9999 -9999 -9999 -9999 -9999 -9999 -9999 -9999 28722 28897 29021 29319 29632 29953 30296 30639 30989 31356 31733 32136 32539 32969 33402 33838 34291 34744 35229 35703 36165 36651 37138 37631 38130 38601 39087 39560 40030 40487 40939 41369 41786 42162 42524 42873 43183 43464 43712 43944 44153 44318 44462 44582 44661 44722 44760 44794 44802 44808 44793 44778
-9999 -9999 -9999 -9999 -9999 -9999 -9999 -9999 -9999 -9999 -9999 -9999 -9999 -9999 -9999 -9999 -9999 -9999 -9999 -9999 -9999 -9999 -9999 -9999 28684 28872 28999 29295 29599 29935 30277 30626 30983 31341 31724 32117 32519 32948 33388 33824 34284 34737 35213 35687 36167 36645 37132 37627 38137 38619 39108 39592 40066 40536 41008 41435 41881 42285 42677 43039 43379 43696 43965 44205 44411 44602 44764 44897 44998 45080 45133 45181 45201 45219 45209 45197 45167
-9999 -9999 -9999 -9999 -9999 -9999 -9999 -9999 -9999 -9999 -9999 -9999 -9999 -9999 -9999 -9999 -9999 -9999 -9999 -9999 -9999 -9999 28387 28592 28769 28964 29258 29569 29895 30236 30592 30939 31311 31701 32093 32493 32913 33344 33796 34256 34716 35184 35649 36137 36608 37113 37601 38096 38589 39097 39586 40071 40537 41015 41471 41923 42341 42764 43139 43510 43856 44145 44414 44637 44832 44999 45145 45269 45377 45454 45521 45552 45578 45588 45583 45557 45528
-9999 -9999 -9999 -9999 -9999 -9999 -9999 -9999 -9999 -9999 -9999 -9999 -9999 -9999 -9999 -9999 -9999 -9999 -9999 -9999 -9999 28300 28479 28658 28914 29216 29526 29842 30181 30536 30898 31260 31641 32047 32455 32873 33302 33744 34204 34673 35141 35598 36086 36557 37054 37544 38041 38535 39038 39530 40020 40499 40990 41452 41909 42343 42780 43178 43572 43933 44259 44549 44794 45001 45181 45343 45484 45604 45715 45803 45853 45897 45917 45927 45909 45886 45849
-9999 -9999 -9999 -9999 -9999 -9999 -9999 -9999 -9999 -9999 -9999 -9999 -9999 -9999 -9999 -9999 -9999 -9999 -9999 -9999 28231 28401 28541 28826 29143 29460 29775 30105 30459 30828 31197 31584 31981 32387 32803 33239 33679 34130 34599 35075 35532 36019 36474 36964 37462 37961 38450 38946 39433 39935 40419 40900 41383 41846 42288 42739 43153 43572 43949 44293 44605 44878 45102 45294 45482 45629 45775 45899 46007 46091 46150 46189 46217 46209 46202 46173 46146
-9999 -9999 -9999 -9999 -9999 -9999 -9999 -9999 -9999 -9999 -9999 -9999 -9999 -9999 -9999 -9999 -9999 -9999 -9999 28152 28326 28457 28732 29040 29364 29678 30015 30368 30728 31112 31497 31893 32297 32711 33145 33592 34034 34494 34970 35443 35914 36377 36858 37341 37840 38322 38830 39320 39800 40288 40782 41264 41716 42190 42641 43062 43488 43891 44274 44598 44886 45137 45345 45543 45719 45879 46017 46145 46250 46330 46392 46434 46452 46457 46445 46422 46389
-9999 -9999 -9999 -9999 -9999 -9999 -9999 -9999 -9999 -9999 -9999 -9999 -9999 -9999 -9999 -9999 -9999 -9999 28048 28232 28368 28642 28931 29237 29567 29903 30254 30613 30979 31371 31773 32177 32589 33021 33457 33898 34365 34832 35306 35777 36248 36720 37194 37687 38162 38671 39155 39648 40131 40613 41092 41567 42031 42482 42927 43352 43764 44161 44520 44839 45107 45328 45548 45740 45910 46077 46214 46333 46434 46525 46584 46624 46638 46647 46643 46622 46596
-9999 -9999 -9999 -9999 -9999 -9999 -9999 -9999 -9999 -9999 -9999 -9999 -9999 -9999 -9999 -9999 -9999 27933 28119 28256 28538 28810 29114 29434 29770 30119 30468 30833 31222 31614 32016 32427 32857 33291 33738 34197 34655 35129 35599 36078 36550 37016 37500 37977 38462 38956 39442 39921 40407 40883 41357 41827 42276 42723 43163 43584 43991 44369 44714 45006 45253 45483 45691 45884 46062 46216 46357 46467 46573 46655 46725 46763 46782 46788 46783 46777 46741
-9999 -9999 -9999 -9999 -9999 -9999 -9999 -9999 -9999 -9999 -9999 -9999 -9999 -9999 -9999 -9999 27835 28009 28139 28411 28683 28977 29288 29622 29955 30310 30672 31052 31441 31832 32233 32661 33101 33536 33994 34452 34919 35381 35859 36331 36804 37280 37749 38235 38713 39184 39674 40156 40620 41090 41567 42016 42469 42910 43348 43764 44158 44520 44850 45126 45365 45579 45780 45974 46145 46299 46433 46548 46646 46733 46795 46845 46870 46875 46874 46862 46849
-9999 -9999 -9999 -9999 -9999 -9999 -9999 -9999 -9999 -9999 -9999 -9999 -9999 -9999 -9999 27751 27890 28016 28280 28542 28836 29129 29454 29777 30131 30476 30852 31238 31626 32033 32441 32861 33310 33765 34214 34681 35127 35606 36068 36540 37016 37485 37964 38435 38907 39373 39858 40326 40785 41250 41705 42158 42600 43038 43462 43867 44257 44620 44925 45193 45416 45616 45816 46002 46174 46320 46447 46562 46665 46744 46818 46862 46893 46905 46911 46905 46886
-9999 -9999 -9999 -9999 -9999 -9999 -9999 -9999 -9999 -9999 -9999 -9999 -9999 -9999 -9999 27820 27917 28142 28396 28672 28956 29272 29594 29932 30275 30633 30999 31392 31796 32201 32616 33052 33493 33949 34407 34854 35324 35776 36238 36713 37174 37655 38119 38593 39051 39520 39984 40448 40902 41355 41797 42237 42667 43094 43514 43907 44286 44637 44953 45195 45416 45608 45793 45964 46134 46287 46406 46521 46610 46695 46769 46825 46850 46871 46885 46887 46882
-9999 -9999 -9999 -9999 -9999 -9999 -9999 -9999 -9999 -9999 -9999 -9999 -9999 -9999 -9999 27861 28011 28227 28504 28778 29077 29382 29719 30045 30402 30757 31138 31530 31932 32336 32758 33201 33643 34098 34554 35007 35448 35908 36371 36830 37293 37750 38225 38685 39148 39605 40048 40508 40950 41392 41831 42252 42670 43076 43486 43875 44245 44586 44894 45167 45362 45545 45719 45881 46040 46185 46311 46419 46507 46591 46652 46708 46755 46777 46801 46812 46804
-9999 -9999 -9999 -9999 -9999 -9999 -9999 -9999 -9999 -9999 -9999 -9999 -9999 -9999 -9999 27902 28097 28304 28579 28868 29173 29484 29802 30159 30505 30867 31246 31636 32045 32455 32875 33301 33750 34204 34649 35089 35545 35996 36441 36892 37329 37804 38255 38719 39159 39603 40051 40481 40922 41344 41774 42186 42595 42991 43384 43762 44128 44465 44791 45051 45274 45442 45592 45756 45897 46031 46162 46255 46344 46421 46487 46551 46592 46623 46650 46672 46688
-9999 -9999 -9999 -9999 -9999 -9999 26385 -9999 -9999 -9999 -9999 -9999 -9999 27585 27751 27902 28116 28374 28647 28942 29245 29554 29886 30224 30584 30943 31321 31717 32116 32532 32943 33359 33816 34259 34692 35138 35575 36023 36459 36891 37336 37767 38211 38658 39100 39521 39955 40382 40793 41214 41626 42028 42421 42829 43215 43578 43924 44284 44604 44887 45111 45295 45436 45580 45715 45836 45949 46046 46127 46203 46283 46333 46381 46421 46458 46491 46506
-9999 -9999 -9999 -9999 -9999 26350 26393 26498 -9999 26837 27012 27154 27352 27529 27727 27930 28163 28419 28707 28992 29285 29608 29938 30273 30614 30988 31372 31758 32155 32552 32960 33392 33822 34263 34701 35127 35554 35992 36426 36848 37265 37678 38103 38542 38959 39372 39781 40185 40601 41000 41402 41786 42181 42574 42952 43308 43671 44004 44339 44632 44887 45074 45238 45363 45486 45599 45697 45789 45865 45933 46012 46082 46130 46171 46211 46243 46272
-9999 -9999 -9999 -9999 26278 26347 26416 26535 26677 26838 26980 27152 27340 27536 27746 27971 28203 28457 28727 29019 29326 29639 29966 30291 30646 31001 31374 31767 32160 32555 32953 33365 33794 34224 34660 35075 35490 35918 36324 36745 37143 37537 37953 38347 38755 39161 39544 39932 40334 40729 41100 41482 41864 42231 42602 42963 43309 43650 43968 44297 44556 44768 44950 45091 45217 45329 45408 45490 45559 45628 45697 45765 45819 45861 45903 45945 45981
-9999 -9999 -9999 26194 26262 26330 26433 26561 26696 26837 26994 27158 27345 27547 27765 27988 28227 28472 28740 29030 29335 29646 29963 30293 30638 30991 31362 31743 32135 32518 32905 33315 33732 34160 34568 34964 35377 35776 36179 36563 36960 37344 37724 38109 38490 38869 39245 39627 40005 40377 40753 41113 41465 41818 42184 42524 42871 43205 43531 43836 44117 44365 44559 44738 44883 44991 45081 45157 45221 45283 45338 45395 45446 45493 45542 45587 45633
-9999 -9999 26111 26179 26238 26333 26444 26570 26713 26854 27002 27165 27343 27552 27768 27999 28220 28471 28746 29026 29321 29623 29946 30273 30599 30950 31310 31689 32069 32450 32833 33214 33628 34036 34434 34820 35187 35583 35958 36338 36699 37072 37443 37809 38173 38515 38874 39240 39603 39972 40335 40674 41015 41356 41699 42032 42369 42690 43015 43305 43583 43845 44072 44272 44446 44571 44682 44766 44832 44887 44948 44997 45037 45079 45126 45178 45227
-9999 26030 26098 26156 26242 26336 26446 26581 26723 26863 27002 27164 27349 27541 27756 27978 28214 28456 28720 28999 29293 29592 29897 30215 30538 30878 31227 31586 31964 32333 32705 33082 33456 33854 34241 34609 34983 35324 35696 36046 36403 36749 37100 37457 37793 38127 38440 38780 39147 39492 39834 40171 40501 40834 41147 41496 41815 42127 42431 42714 42980 43238 43482 43697 43880 44047 44176 44271 44359 44435 44504 44558 44603 44646 44693 44744 44799
25967 26017 26076 26162 26247 26341 26450 26576 26717 26857 27003 27165 27333 27532 27738 27950 28177 28426 28681 28958 29234 29531 29826 30142 30455 30776 31114 31462 31819 32169 32529 32892 33253 33629 33989 34356 34695 35050 35375 35722 36049 36382 36705 37034 37360 37658 37972 38286 38618 38948 39277 39602 39923 40237 40571 40893 41211 41513 41797 42068 42329 42569 42816 43035 43229 43387 43534 43671 43793 43888 43964 44036 44114 44175 44231 44287 44347
25965 26010 26082 26168 26253 26346 26447 26572 26705 26844 26998 27150 27326 27508 27713 27908 28133 28365 28627 28878 29152 29432 29733 30031 30343 30652 30971 31307 31636 31983 32322 32655 33010 33355 33712 34052 34390 34702 35032 35340 35662 35947 36257 36566 36856 37153 37440 37737 38043 38359 38664 38977 39287 39602 39919 40235 40545 40848 41111 41381 41638 41879 42100 42308 42498 42665 42819 42971 43100 43221 43327 43430 43523 43611 43688 43764 43840
25965 26018 26089 26166 26251 26336 26445 26561 26685 26832 26969 27129 27296 27477 27657 27867 28075 28306 28542 28792 29048 29327 29610 29899 30201 30500 30807 31115 31440 31759 32078 32407 32730 33060 33387 33715 34018 34337 34631 34936 35210 35482 35769 36038 36316 36594 36863 37132 37422 37722 38014 38305 38604 38910 39228 39528 39832 40118 40399 40657 40900 41137 41349 41544 41720 41882 42038 42191 42335 42468 42602 42714 42823 42936 43047 43149 43249
25977 26026 26081 26158 26234 26327 26427 26543 26666 26797 26933 27085 27251 27415 27594 27787 28011 28224 28451 28692 28939 29200 29474 29762 30038 30327 30607 30911 31208 31506 31822 32129 32431 32728 33039 33329 33629 33904 34197 34475 34736 34986 35233 35480 35735 35991 36231 36500 36762 37028 37315 37603 37881 38177 38479 38788 39080 39362 39619 39862 40102 40337 40554 40734 40902 41050 41204 41360 41518 41662 41796 41933 42058 42188 42312 42437 42560
25992 26023 26066 26135 26219 26303 26394 26510 26633 26755 26883 27026 27183 27347 27517 27702 27916 28137 28347 28571 28817 29068 29325 29595 29862 30126 30411 30680 30957 31243 31537 31833 32096 32378 32647 32930 33192 33455 33721 33979 34214 34451 34668 34900 35132 35347 35583 35803 36055 36313 36584 36848 37126 37412 37697 37997 38276 38513 38761 38997 39232 39443 39652 39849 40019 40174 40311 40465 40629 40787 40944 41095 41251 41387 41527 41671 41824
-9999 26029 26076 26112 26180 26272 26371 26470 26584 26698 26834 26968 27109 27273 27434 27618 27808 28020 28229 28436 28665 28915 29155 29408 29666 29920 30172 30438 30703 30968 31235 31493 31760 32003 32249 32498 32735 32984 33220 33441 33664 33883 34088 34280 34481 34691 34893 35091 35312 35567 35801 36060 36322 36593 36849 37118 37370 37598 37816 38039 38248 38474 38681 38885 39074 39240 39384 39529 39691 39869 40044 40222 40394 40561 40720 40884 41058
