ASPA-UH-SWB2_REPO/dynamic_inputs/RO_Rf_Ratios_Dynamic/Data/Gridded_rain/PRISM_ppt_tutuila_30yr_normal_80mM1_03_asc.asc
ncols 381
nrows 202
xllcorner -170.851658
yllcorner -14.379175
cellsize 0.00083333333
NODATA_value -9999
[rows 68 to 101 of 202, columns 231 to 307 of 381]
38191 38056 37963 37929 37930 37949 37962 37976 37977 37972 37962 37938 37893 37847 37780 37735 37699 37678 37664 37665 37646 37621 37571 37510 37410 37304 37154 36995 36799 36575 36339 36083 35796 35497 35167 34815 34470 34102 33728 33338 32931 32535 32154 31768 31409 31076 30762 30458 30172 29915 29677 29470 29282 29118 28967 28840 28731 28638 28563 28513 28479 28469 28444 28425 28422 28385 28384 28361 28346 28300 28273 28237 28175 28126 28071 28025 27967
38307 38169 38073 38011 38000 37996 37999 38016 38036 38045 38035 38028 38006 37961 37943 37913 37900 37892 37896 37883 37866 37827 37770 37677 37570 37431 37284 37083 36880 36641 36390 36101 35808 35476 35131 34793 34414 34031 33633 33227 32818 32400 31997 31630 31269 30915 30590 30305 30018 29740 29501 29293 29124 28959 28797 28661 28571 28489 28424 28366 28362 28332 28328 28319 28306 28309 28289 28276 28261 28244 28198 28162 28118 28068 28022 27956 27896
38379 38282 38190 38119 38080 38071 38064 38062 38080 38099 38105 38116 38111 38098 38081 38089 38088 38092 38082 38069 38028 37980 37898 37805 37672 37525 37343 37143 36906 36668 36382 36086 35758 35419 35059 34696 34312 33913 33489 33069 32646 32226 31821 31433 31081 30726 30409 30093 29805 29545 29306 29097 28917 28751 28600 28473 28374 28303 28229 28211 28188 28180 28176 28178 28166 28180 28180 28168 28153 28137 28110 28065 28031 27980 27924 27875 27812
38442 38365 38296 38241 38199 38166 38164 38159 38173 38191 38219 38225 38235 38243 38248 38249 38266 38254 38242 38204 38145 38079 37995 37866 37731 37547 37355 37128 36891 36617 36332 35999 35665 35299 34942 34544 34152 33736 33316 32871 32436 32013 31607 31218 30844 30507 30169 29852 29563 29302 29072 28862 28681 28515 28374 28238 28150 28079 28036 28000 27998 27981 27999 28002 28021 28008 28029 28037 28024 27999 27983 27957 27914 27864 27817 27748 27681
38447 38409 38359 38336 38302 38285 38279 38287 38296 38314 38346 38360 38363 38380 38384 38394 38394 38388 38350 38292 38213 38135 38022 37890 37718 37531 37301 37062 36797 36523 36201 35878 35497 35143 34749 34352 33943 33511 33075 32635 32187 31763 31355 30964 30588 30219 29880 29581 29291 29030 28789 28599 28417 28261 28110 27995 27907 27849 27807 27782 27773 27787 27787 27812 27823 27841 27845 27865 27863 27850 27835 27820 27769 27720 27674 27613 27533
38395 38399 38379 38359 38364 38375 38385 38387 38406 38425 38444 38470 38484 38477 38486 38487 38475 38449 38406 38336 38244 38120 37994 37848 37672 37446 37204 36936 36660 36356 36034 35673 35311 34910 34516 34091 33674 33236 32794 32341 31909 31474 31065 30671 30282 29922 29581 29251 28990 28729 28498 28297 28134 27968 27885 27723 27658 27601 27561 27548 27541 27557 27589 27587 27611 27631 27666 27670 27681 27680 27667 27646 27615 27568 27523 27454 27381
38305 38319 38350 38357 38380 38414 38426 38453 38470 38494 38515 38533 38547 38547 38538 38526 38494 38456 38400 38308 38202 38072 37924 37747 37548 37318 37054 36774 36477 36153 35811 35439 35049 34647 34225 33800 33356 32920 32464 32017 31574 31157 30744 30338 29947 29585 29253 28952 28662 28420 28188 27996 27813 27769 27631 27525 27427 27335 27308 27288 27303 27322 27337 27367 27384 27417 27446 27473 27477 27489 27480 27453 27434 27398 27347 27298 27209
38154 38214 38262 38310 38352 38385 38428 38448 38482 38510 38527 38547 38552 38559 38539 38508 38463 38412 38325 38227 38099 37962 37790 37599 37377 37125 36848 36555 36237 35902 35529 35147 34746 34334 33902 33460 33018 32567 32115 31665 31230 30799 30394 29985 29602 29238 28926 28625 28344 28082 27879 27677 27647 27522 -9999 27321 27203 27131 27018 27020 27038 27061 27089 27123 27153 27180 27223 27254 27272 27278 27274 27268 27236 27204 27165 27102 27034
37955 38054 38137 38200 38256 38316 38365 38398 38432 38459 38488 38494 38500 38489 38475 38433 38376 38286 38202 38081 37946 37777 37600 37394 37149 36873 36583 36269 35948 35591 35207 34804 34401 33979 33538 33089 32641 32194 31739 31295 30856 30432 30014 29622 29237 28902 28579 28288 28007 27764 27542 27506 27437 -9999 -9999 -9999 -9999 26877 26822 26787 26767 26793 26835 26872 26898 26939 26987 27022 27054 27056 27066 27056 27038 27002 26968 26910 26838
37695 37833 37935 38033 38111 38173 38240 38286 38322 38358 38376 38385 38368 38365 38342 38288 38219 38133 38009 37882 37715 37549 37348 37110 36860 36570 36258 35940 35597 35228 34832 34437 34004 33582 33133 32686 32233 31782 31341 30884 30451 30044 29634 29229 28872 28536 28293 27991 27720 27471 27351 27279 -9999 -9999 -9999 -9999 -9999 -9999 26640 26587 26509 26529 26565 26597 26646 26702 26736 26777 26805 26831 26847 26852 26830 26801 26763 26711 26646
37393 37542 37681 37795 37897 37979 38046 38107 38156 38184 38210 38198 38192 38165 38132 38086 38013 37905 37777 37610 37446 37248 37033 36790 36518 36214 35889 35558 35203 34822 34432 34007 33593 33144 32707 32255 31797 31349 30913 30472 30036 29625 29221 28845 28487 28297 28041 27777 27500 27322 27175 -9999 -9999 -9999 -9999 -9999 -9999 -9999 -9999 -9999 26246 26248 26298 26345 26389 26431 26480 26527 26571 26595 26616 26619 26614 26591 26560 26515 26464
37028 37195 37371 37502 37609 37713 37789 37858 37911 37959 37967 37961 37942 37908 37867 37820 37728 37617 37477 37305 37100 36890 36670 36423 36129 35803 35474 35131 34762 34388 33978 33562 33120 32693 32250 31803 31357 30905 30464 30038 29618 29195 28809 28450 28314 28122 -9999 -9999 -9999 -9999 -9999 -9999 -9999 -9999 -9999 -9999 -9999 -9999 -9999 -9999 25900 25975 26014 26066 26125 26183 26228 26272 26314 26362 26382 26384 26394 26387 26356 26319 26276
36628 36814 36988 37134 37264 37371 37476 37553 37611 37644 37670 37663 37639 37600 37544 37470 37387 37265 37104 36921 36713 36490 36249 35989 35682 35352 35020 34664 34294 33898 33489 33074 32644 32211 31783 31329 30887 30447 30012 29582 29179 28773 28405 28163 28056 -9999 -9999 -9999 -9999 -9999 -9999 -9999 -9999 -9999 -9999 -9999 -9999 -9999 -9999 25457 25621 25684 25743 25800 25855 25909 25979 26029 26069 26107 26144 26162 26171 26164 26142 26129 26087
36173 36387 36559 36720 36854 36982 37097 37181 37255 37291 37310 37311 37266 37223 37170 37080 36979 36849 36678 36483 36274 36038 35795 35505 35203 34871 34517 34169 33797 33403 32984 32572 32137 31727 31283 30851 30402 29967 29537 29143 28728 28360 28031 27912 -9999 -9999 -9999 -9999 -9999 -9999 -9999 -9999 -9999 -9999 -9999 -9999 -9999 -9999 25173 25252 25352 25410 25464 25536 25597 25656 25715 25772 25836 25873 25899 25934 25944 25937 25948 25921 25896
35684 35916 36103 36260 36407 36547 36662 36764 36834 36874 36885 36877 36849 36793 36727 36630 36514 36375 36204 36009 35780 35552 35288 35005 34682 34348 34003 33655 33285 32882 32486 32058 31636 31200 30787 30357 29913 29472 29079 28673 28305 27915 27791 27623 -9999 -9999 -9999 -9999 -9999 -9999 -9999 -9999 -9999 -9999 -9999 -9999 -9999 24883 24959 25059 25095 25147 25207 25264 25331 25415 25470 25525 25588 25632 25675 25701 25720 25738 25734 25723 25708
35194 35410 35612 35783 35933 36055 36189 36280 36347 36392 36415 36389 36370 36321 36222 36140 36017 35861 35691 35478 35258 35011 34755 34452 34129 33795 33460 33114 32746 32357 31945 31530 31110 30705 30275 29849 29409 29015 28608 28231 27850 27739 27509 -9999 -9999 -9999 -9999 -9999 -9999 -9999 -9999 -9999 -9999 -9999 -9999 -9999 24756 24760 24766 24798 24849 24896 24951 25023 25095 25157 25228 25298 25350 25410 25445 25488 25514 25533 25537 25537 25531
34665 34884 35099 35271 35404 35546 35661 35759 35814 35863 35870 35874 35846 35786 35703 35598 35469 35317 35130 34917 34689 34452 34168 33875 33554 33222 32889 32537 32183 31806 31397 30994 30586 30175 29777 29346 28941 28544 28156 27775 27661 27444 -9999 -9999 -9999 -9999 -9999 -9999 -9999 -9999 -9999 -9999 -9999 -9999 -9999 -9999 -9999 24637 24598 24549 24603 24656 24725 24792 24850 24928 24996 25064 25131 25182 25249 25275 25310 25329 25343 25360 25355
34102 34341 34546 34709 34861 34993 35107 35184 35263 35289 35318 35314 35277 35216 35140 35022 34889 34731 34538 34328 34102 33839 33568 33278 32969 32632 32303 31964 31603 31218 30841 30450 30055 29656 29254 28868 28470 28071 27699 27581 27362 -9999 -9999 -9999 -9999 -9999 -9999 -9999 -9999 -9999 -9999 -9999 -9999 -9999 -9999 -9999 -9999 -9999 24410 24401 24369 24426 24500 24554 24635 24700 24765 24839 24905 24980 25021 25080 25106 25135 25158 25167 25180
33546 33775 33969 34130 34290 34420 34521 34614 34670 34709 34732 34720 34674 34622 34535 34405 34268 34106 33918 33713 33473 33224 32957 32662 32358 32053 31718 31371 31012 30660 30275 29898 29516 29141 28755 28366 27995 27623 27489 27279 -9999 -9999 -9999 -9999 -9999 -9999 -9999 -9999 -9999 -9999 -9999 -9999 -9999 -9999 -9999 -9999 -9999 -9999 -9999 24225 24226 24217 24276 24335 24412 24491 24552 24624 24696 24761 24827 24868 24928 24948 24971 24998 25020
32976 33195 33389 33557 33695 33812 33929 34017 34067 34101 34107 34097 34071 33990 33893 33770 33631 33466 33285 33068 32842 32598 32336 32046 31755 31453 31122 30787 30441 30082 29730 29356 28980 28621 28260 27889 27526 27410 27212 -9999 -9999 -9999 -9999 -9999 -9999 -9999 -9999 -9999 -9999 -9999 -9999 -9999 -9999 -9999 -9999 -9999 -9999 -9999 -9999 -9999 24065 24083 24063 24145 24208 24283 24359 24427 24497 24577 24624 24681 24723 24777 24808 24835 24866
32401 32620 32812 32960 33096 33219 33322 33386 33451 33477 33487 33469 33424 33353 33237 33132 32982 32824 32641 32439 32219 31971 31714 31446 31159 30852 30542 30211 29869 29524 29177 28919 28466 28104 27762 27428 27317 27129 -9999 -9999 -9999 -9999 -9999 -9999 -9999 -9999 -9999 -9999 -9999 -9999 -9999 -9999 -9999 -9999 -9999 -9999 -9999 -9999 -9999 -9999 -9999 23926 23947 23955 24023 24102 24174 24248 24324 24384 24455 24502 24551 24612 24659 24694 24753
31831 32038 32209 32356 32489 32610 32699 32778 32808 32849 32851 32836 32783 32702 32614 32480 32348 32179 32011 31815 31591 31358 31106 30843 30560 30266 29951 29635 29317 29072 28819 28431 28062 27696 27360 27195 27027 -9999 -9999 -9999 -9999 -9999 -9999 -9999 -9999 -9999 -9999 -9999 -9999 -9999 -9999 -9999 -9999 -9999 -9999 -9999 -9999 -9999 -9999 -9999 -9999 -9999 23826 23845 23857 23931 24008 24078 24151 24225 24277 24339 24395 24462 24538 24596 24654
31260 31443 31611 31755 31886 31993 32089 32143 32188 32203 32219 32196 32145 32065 31957 31841 31697 31565 31385 31186 30958 30740 30503 30236 29968 29669 29379 29069 28942 28788 28482 -9999 27711 27336 27180 26957 -9999 -9999 -9999 -9999 -9999 -9999 -9999 -9999 -9999 -9999 -9999 -9999 -9999 -9999 -9999 -9999 -9999 -9999 -9999 -9999 -9999 -9999 -9999 -9999 -9999 -9999 -9999 23733 23764 23799 23841 23916 23994 24065 24123 24174 24273 24346 24426 24511 -9999
30688 30858 31022 31162 31278 31381 31462 31521 31550 31578 31567 31547 31497 31418 31330 31194 31068 30925 30762 30561 30349 30118 29887 29646 29364 29101 28808 28763 28627 -9999 -9999 -9999 -9999 -9999 -9999 -9999 -9999 -9999 -9999 -9999 -9999 -9999 -9999 -9999 -9999 -9999 -9999 -9999 -9999 -9999 -9999 -9999 -9999 -9999 -9999 -9999 -9999 -9999 -9999 -9999 -9999 -9999 -9999 -9999 23684 23711 23735 23771 23845 23913 23975 24063 24132 24247 -9999 -9999 -9999
30138 30303 30442 30556 30677 30775 30851 30894 30937 30928 30930 30901 30853 30785 30678 30571 30445 30300 30136 29952 29747 29513 29300 29055 28810 28534 28504 28382 -9999 -9999 -9999 -9999 -9999 -9999 -9999 -9999 -9999 -9999 -9999 -9999 -9999 -9999 -9999 -9999 -9999 -9999 -9999 -9999 -9999 -9999 -9999 -9999 -9999 -9999 -9999 -9999 -9999 -9999 -9999 -9999 -9999 -9999 -9999 -9999 -9999 -9999 23662 23697 23703 23794 23863 23930 -9999 -9999 -9999 -9999 -9999
29589 29748 29871 29979 30085 30177 30237 30295 30310 30325 30298 30271 30225 30148 30061 29955 29827 29682 29536 29350 29144 28948 28721 28494 28257 28243 28120 -9999 -9999 -9999 -9999 -9999 -9999 -9999 -9999 -9999 -9999 -9999 -9999 -9999 -9999 -9999 -9999 -9999 -9999 -9999 -9999 -9999 -9999 -9999 -9999 -9999 -9999 -9999 -9999 -9999 -9999 -9999 -9999 -9999 -9999 -9999 -9999 -9999 -9999 -9999 -9999 23607 23653 23695 23768 -9999 -9999 -9999 -9999 -9999 -9999
29065 29196 29322 29424 29524 29600 29663 29703 29722 29718 29704 29659 29603 29537 29461 29345 29218 29081 28934 28777 28580 28382 28174 27955 27950 27855 -9999 -9999 -9999 -9999 -9999 -9999 -9999 -9999 -9999 -9999 -9999 -9999 -9999 -9999 -9999 -9999 -9999 -9999 -9999 -9999 -9999 -9999 -9999 -9999 -9999 -9999 -9999 -9999 -9999 -9999 -9999 -9999 -9999 -9999 -9999 -9999 -9999 -9999 -9999 -9999 -9999 -9999 23591 -9999 -9999 -9999 -9999 -9999 -9999 -9999 -9999
28559 28681 28789 28883 28975 29054 29099 29142 29142 29142 29109 29065 29011 28956 28870 28754 28637 28510 28363 28206 28048 27850 27651 27655 27569 -9999 -9999 -9999 -9999 -9999 -9999 -9999 -9999 -9999 -9999 -9999 -9999 -9999 -9999 -9999 -9999 -9999 -9999 -9999 -9999 -9999 -9999 -9999 -9999 -9999 -9999 -9999 -9999 -9999 -9999 -9999 -9999 -9999 -9999 -9999 -9999 -9999 -9999 -9999 -9999 -9999 -9999 -9999 -9999 -9999 -9999 -9999 -9999 -9999 -9999 -9999 -9999
28071 28184 28273 28369 28453 28513 28570 28574 28586 28566 28545 28503 28439 28376 28301 28206 28079 27962 27907 27762 27595 27427 27357 27281 -9999 -9999 -9999 -9999 -9999 -9999 -9999 -9999 -9999 -9999 -9999 -9999 -9999 -9999 -9999 -9999 -9999 -9999 -9999 -9999 -9999 -9999 -9999 -9999 -9999 -9999 -9999 -9999 -9999 -9999 -9999 -9999 -9999 -9999 -9999 -9999 -9999 -9999 -9999 -9999 -9999 -9999 -9999 -9999 -9999 -9999 -9999 -9999 -9999 -9999 -9999 -9999 -9999
27626 27718 27797 27883 27947 28009 28037 28138 28045 28037 28007 27966 27914 27916 27852 27763 27577 27581 27528 27436 27287 27187 27086 -9999 -9999 -9999 -9999 -9999 -9999 -9999 -9999 -9999 -9999 -9999 -9999 -9999 -9999 -9999 -9999 -9999 -9999 -9999 -9999 -9999 -9999 -9999 -9999 -9999 -9999 -9999 -9999 -9999 -9999 -9999 -9999 -9999 -9999 -9999 -9999 -9999 -9999 -9999 -9999 -9999 -9999 -9999 -9999 -9999 -9999 -9999 -9999 -9999 -9999 -9999 -9999 -9999 -9999
27234 27293 27372 27417 27471 27523 27670 27681 27690 27545 27578 27538 27549 27554 27533 27367 27321 27273 -9999 -9999 -9999 -9999 -9999 -9999 -9999 -9999 -9999 -9999 -9999 -9999 -9999 -9999 -9999 -9999 -9999 -9999 -9999 -9999 -9999 -9999 -9999 -9999 -9999 -9999 -9999 -9999 -9999 -9999 -9999 -9999 -9999 -9999 -9999 -9999 -9999 -9999 -9999 -9999 -9999 -9999 -9999 -9999 -9999 -9999 -9999 -9999 -9999 -9999 -9999 -9999 -9999 -9999 -9999 -9999 -9999 -9999 -9999
26911 26977 26958 27057 27095 27193 27275 -9999 27279 27270 27238 27303 27293 -9999 -9999 -9999 27098 -9999 -9999 -9999 -9999 -9999 -9999 -9999 -9999 -9999 -9999 -9999 -9999 -9999 -9999 -9999 -9999 -9999 -9999 -9999 -9999 -9999 -9999 -9999 -9999 -9999 -9999 -9999 -9999 -9999 -9999 -9999 -9999 -9999 -9999 -9999 -9999 -9999 -9999 -9999 -9999 -9999 -9999 -9999 -9999 -9999 -9999 -9999 -9999 -9999 -9999 -9999 -9999 -9999 -9999 -9999 -9999 -9999 -9999 -9999 -9999
26694 26693 26722 26750 26877 26914 -9999 -9999 -9999 27067 -9999 -9999 -9999 -9999 -9999 -9999 -9999 -9999 -9999 -9999 -9999 -9999 -9999 -9999 -9999 -9999 -9999 -9999 -9999 -9999 -9999 -9999 -9999 -9999 -9999 -9999 -9999 -9999 -9999 -9999 -9999 -9999 -9999 -9999 -9999 -9999 -9999 -9999 -9999 -9999 -9999 -9999 -9999 -9999 -9999 -9999 -9999 -9999 -9999 -9999 -9999 -9999 -9999 -9999 -9999 -9999 -9999 -9999 -9999 -9999 -9999 -9999 -9999 -9999 -9999 -9999 -9999
-9999 -9999 26571 -9999 -9999 -9999 -9999 -9999 -9999 -9999 -9999 -9999 -9999 -9999 -9999 -9999 -9999 -9999 -9999 -9999 -9999 -9999 -9999 -9999 -9999 -9999 -9999 -9999 -9999 -9999 -9999 -9999 -9999 -9999 -9999 -9999 -9999 -9999 -9999 -9999 -9999 -9999 -9999 -9999 -9999 -9999 -9999 -9999 -9999 -9999 -9999 -9999 -9999 -9999 -9999 -9999 -9999 -9999 -9999 -9999 -9999 -9999 -9999 -9999 -9999 -9999 -9999 -9999 -9999 -9999 -9999 -9999 -9999 -9999 -9999 -9999 -9999
