ASPA-UH-SWB2_REPO/dynamic_inputs/RO_Rf_Ratios_Dynamic/Data/Gridded_rain/PRISM_ppt_tutuila_30yr_normal_80mM1_11_asc.asc
ncols 381
nrows 202
xllcorner -170.851658
yllcorner -14.379175
cellsize 0.00083333333
NODATA_value -9999
[rows 136 to 169 of 202, columns 77 to 153 of 381]
40659 40749 40848 40948 41077 41191 41326 41462 41604 41741 41884 42020 42141 42258 42360 42463 42552 42641 42733 42808 42875 42930 42983 43038 43081 43109 43141 43152 43162 43176 43182 43166 43150 43127 43103 43067 43014 42943 42845 42746 42618 42482 42319 42124 41903 41651 41372 41071 40701 40340 39909 39443 38953 38459 37938 37445 36944 36442 35939 35478 35019 34594 34181 33803 33440 33085 32736 32403 32075 31764 31408 31082 30762 30467 30185 29925 29707
39921 40019 40113 40224 40334 40482 40616 40758 40913 41068 41219 41371 41524 41658 41786 41899 42007 42116 42224 42316 42397 42475 42540 42599 42651 42692 42722 42748 42765 42776 42784 42772 42752 42724 42684 42629 42571 42483 42381 42246 42114 41950 41769 41558 41329 41054 40771 40432 40090 39696 39290 38823 38362 37877 37393 36894 36398 35908 35438 34959 34524 34119 33729 33354 32991 32636 32292 31963 31646 31317 31002 30667 30359 30069 29794 29552 29330
39160 39258 39366 39469 39588 39716 39873 40016 40166 40337 40497 40662 40822 40991 41135 41267 41390 41518 41647 41755 41851 41944 42028 42097 42151 42204 42239 42267 42302 42318 42312 42306 42281 42247 42201 42139 42061 41971 41843 41714 41559 41388 41193 40968 40719 40458 40148 39820 39453 39078 38657 38228 37756 37290 36822 36351 35862 35400 34935 34481 34057 33675 33299 32937 32582 32224 31874 31554 31238 30922 30611 30298 29993 29708 29458 29213 29004
38369 38482 38589 38705 38817 38942 39090 39245 39394 39550 39727 39889 40064 40243 40412 40556 40698 40837 40977 41109 41222 41322 41425 41504 41582 41636 41682 41727 41756 41775 41779 41766 41742 41699 41648 41590 41507 41389 41272 41132 40981 40793 40586 40369 40111 39833 39533 39199 38851 38460 38064 37635 37175 36713 36264 35812 35362 34898 34460 34029 33628 33241 32889 32536 32181 31838 31484 31164 30861 30569 30255 29956 29664 29392 29148 28926 28709
37574 37694 37806 37911 38034 38160 38298 38449 38599 38759 38912 39084 39258 39447 39621 39785 39934 40089 40228 40376 40502 40630 40732 40837 40925 40994 41060 41116 41139 41168 41177 41161 41140 41099 41058 40993 40902 40792 40669 40539 40372 40183 39979 39747 39508 39223 38918 38593 38238 37881 37483 37055 36615 36186 35735 35293 34871 34444 34011 33593 33197 32836 32485 32134 31797 31450 31133 30795 30505 30220 29931 29639 29360 29101 28871 28651 28463
36783 36899 37014 37121 37239 37373 37504 37645 37806 37952 38104 38256 38441 38619 38804 38968 39125 39282 39447 39583 39729 39854 39989 40106 40211 40296 40368 40423 40480 40504 40516 40508 40495 40467 40425 40358 40282 40186 40058 39915 39762 39586 39368 39147 38893 38631 38326 37994 37653 37302 36923 36505 36086 35654 35249 34823 34410 33997 33578 33176 32797 32439 32091 31760 31429 31100 30774 30476 30180 29910 29628 29354 29082 28844 28615 28416 28220
36005 36121 36228 36336 36453 36578 36714 36854 36997 37146 37292 37447 37609 37788 37970 38145 38298 38468 38616 38775 38913 39071 39201 39335 39449 39550 39630 39707 39763 39799 39815 39834 39823 39808 39775 39717 39649 39560 39440 39302 39154 38964 38768 38542 38304 38034 37740 37413 37087 36735 36364 35984 35571 35165 34766 34376 33967 33568 33173 32779 32416 32073 31737 31403 31091 30770 30465 30158 29883 29609 29355 29089 28844 28602 28391 28192 28017
35250 35358 35465 35571 35676 35797 35936 36070 36194 36337 36487 36636 36785 36959 37136 37307 37480 37632 37803 37953 38115 38265 38420 38554 38684 38793 38888 38963 39034 39083 39119 39143 39144 39138 39116 39075 39015 38926 38812 38689 38528 38353 38154 37954 37708 37451 37162 36859 36532 36197 35835 35469 35089 34707 34314 33929 33553 33168 32791 32414 32067 31737 31420 31095 30782 30481 30167 29881 29598 29345 29098 28859 28614 28388 28179 28008 27815
34527 34628 34726 34828 34937 35045 35162 35288 35418 35546 35672 35822 35980 36140 36295 36461 36630 36803 36965 37139 37301 37460 37615 37774 37903 38028 38132 38222 38298 38370 38420 38446 38467 38472 38451 38429 38369 38287 38189 38056 37921 37746 37565 37350 37136 36875 36611 36315 35996 35678 35347 34985 34620 34261 33893 33521 33158 32781 32422 32080 31747 31429 31111 30806 30503 30203 29900 29616 29353 29100 28867 28636 28408 28189 28013 27807 27652
33821 33922 34018 34110 34206 34308 34424 34534 34646 34763 34893 35024 35163 35305 35459 35617 35780 35949 36124 36288 36475 36641 36804 36964 37110 37235 37364 37470 37561 37640 37704 37753 37785 37793 37792 37754 37714 37651 37555 37442 37308 37164 36979 36787 36570 36334 36069 35799 35496 35190 34872 34534 34192 33849 33492 33133 32776 32435 32093 31748 31438 31139 30831 30527 30235 29947 29664 29382 29129 28886 28652 28437 28225 28020 27820 27645 27493
33136 33236 33328 33416 33498 33593 33701 33801 33903 34007 34124 34241 34366 34494 34634 34780 34932 35101 35270 35445 35620 35802 35972 36122 36286 36438 36567 36690 36800 36895 36984 37039 37088 37110 37114 37090 37054 36995 36922 36831 36722 36575 36424 36230 36021 35811 35572 35302 35019 34725 34420 34113 33786 33445 33111 32766 32436 32103 31777 31456 31157 30859 30571 30278 29989 29702 29440 29178 28926 28692 28458 28233 28045 27845 27657 27492 27339
32491 32581 32670 32752 32835 32913 32996 33092 33195 33278 33366 33475 33599 33710 33827 33957 34103 34250 34416 34600 34769 34946 35114 35280 35453 35613 35752 35894 36022 36146 36235 36318 36376 36416 36429 36421 36401 36360 36294 36230 36129 36018 35865 35699 35508 35306 35084 34833 34571 34291 34000 33706 33391 33072 32750 32432 32109 31793 31491 31193 30895 30617 30322 30041 29772 29507 29237 28985 28753 28510 28285 28070 27872 27682 27503 27346 27184
31898 31986 32071 32146 32214 32283 32354 32436 32502 32576 32654 32751 32835 32936 33041 33153 33282 33422 33574 33730 33916 34095 34267 34439 34611 34780 34945 35097 35246 35371 35490 35584 35653 35714 35747 35769 35761 35730 35693 35640 35577 35466 35333 35176 35020 34827 34616 34386 34137 33879 33591 33310 33016 32719 32413 32102 31806 31524 31236 30940 30662 30376 30112 29834 29578 29313 29053 28813 28590 28358 28124 27928 27721 27550 27368 27198 27051
31376 31460 31527 31596 31656 31707 31766 31819 31876 31924 31988 32050 32119 32197 32281 32373 32484 32615 32752 32904 33074 33267 33443 33630 33789 33963 34143 34313 34472 34617 34739 34845 34936 35020 35086 35122 35137 35128 35113 35081 35021 34930 34816 34686 34531 34358 34178 33961 33716 33471 33223 32944 32662 32379 32090 31814 31544 31267 30991 30715 30430 30175 29904 29657 29374 29121 28881 28651 28430 28208 27994 27788 27600 27420 27249 27076 26933
30912 30985 31052 31101 31151 31192 31223 31260 31306 31342 31362 31393 31444 31496 31561 31629 31718 31822 31956 32113 32299 32474 32660 32844 33024 33200 33372 33544 33715 33877 34001 34121 34245 34353 34434 34494 34533 34557 34556 34528 34489 34419 34325 34206 34062 33921 33744 33550 33337 33104 32858 32600 32331 32073 31809 31550 31284 31029 30765 30500 30227 29965 29725 29452 29210 28949 28701 28491 28280 28078 27865 27669 27481 27302 27140 26987 26815
30505 30573 30626 30666 30693 30720 30743 30764 30784 30791 30794 30798 30820 30836 30864 30917 30978 31085 31213 31378 31562 31767 31963 32136 32327 32502 32671 32836 33001 33150 33294 33428 33577 33700 33805 33891 33954 33994 34007 34011 33984 33926 33844 33747 33644 33497 33344 33162 32980 32768 32524 32279 32043 31801 31553 31298 31055 30803 30559 30287 30035 29794 29538 29287 29038 28788 28560 28351 28151 27940 27747 27542 27373 27185 27033 26881 26729
30182 30228 30269 30300 30323 30330 30331 30332 30329 30311 30280 30254 30236 30226 30221 30233 30304 30409 30559 30732 30934 31146 31343 31537 31720 31891 32041 32206 32360 32496 32622 32767 32923 33072 33203 33305 33403 33458 33486 33512 33499 33464 33404 33330 33223 33109 32967 32817 32637 32436 32213 32000 31770 31534 31310 31078 30837 30596 30344 30093 29853 29615 29381 29142 28886 28657 28440 28231 28023 27832 27620 27444 27257 27098 26928 26777 26643
29905 29967 29993 30017 30030 30025 30003 29977 29950 29903 29842 29775 29707 29659 29621 29639 29717 29838 30000 30198 30412 30610 30798 30991 31182 31342 31499 31635 31773 31894 32023 32148 32293 32470 32619 32748 32854 32952 33005 33027 33038 33026 33000 32921 32846 32736 32625 32477 32317 32126 31936 31718 31512 31300 31080 30860 30621 30390 30160 29911 29683 29456 29234 29007 28772 28545 28330 28113 27924 27715 27523 27339 27171 27002 26851 26700 26558
29718 29762 29797 29806 29811 29795 29764 29712 29649 29567 29472 29368 29259 29160 29110 29138 29232 29381 29565 29761 29955 30148 30330 30512 30682 30850 30996 31131 31251 31371 31474 31591 31725 31888 32066 32213 32356 32453 32540 32587 32613 32625 32595 32559 32487 32407 32289 32160 32011 31852 31656 31471 31270 31080 30863 30645 30425 30205 29977 29750 29523 29318 29107 28882 28659 28444 28222 28015 27807 27608 27427 27261 27085 26926 26767 26625 26483
29588 29632 29661 29674 29667 29641 29591 29518 29432 29323 29190 29047 28895 28757 28711 28750 28861 29024 29204 29382 29560 29737 29912 30078 30236 30398 30534 30675 30806 30904 30992 31092 31218 31372 31538 31724 31876 32001 32095 32169 32219 32237 32248 32206 32156 32077 31988 31870 31732 31576 31421 31231 31062 30855 30658 30450 30241 30032 29815 29589 29374 29171 28972 28758 28547 28326 28105 27899 27692 27512 27340 27166 27000 26851 26701 26550 26409
29530 29567 29597 29596 29585 29551 29481 29393 29284 29146 28989 28811 28624 28476 28430 28475 28595 28751 28900 29056 29221 29379 29537 29695 29853 29994 30133 30263 30380 30487 30571 30656 30757 30894 31073 31257 31428 31581 31694 31792 31849 31899 31905 31892 31843 31784 31705 31597 31471 31328 31176 31036 30840 30662 30465 30258 30068 29870 29665 29441 29228 29026 28829 28626 28417 28208 27999 27785 27606 27417 27255 27081 26925 26768 26627 26477 26345
29512 29557 29571 29579 29556 29508 29435 29328 29198 29041 28860 28652 28443 28295 28253 28308 28423 28540 28663 28794 28935 29085 29222 29370 29504 29645 29770 29886 29999 30093 30185 30250 30335 30452 30627 30825 31017 31187 31326 31423 31512 31566 31601 31590 31559 31510 31431 31335 31230 31098 30966 30799 30650 30463 30276 30087 29899 29712 29517 29294 29083 28883 28687 28486 28297 28100 27894 27709 27511 27350 27160 27006 26841 26703 26554 26414 26282
29528 29565 29595 29590 29566 29514 29433 29320 29173 29003 28803 28571 28353 28204 28162 28224 28315 28406 28503 28608 28723 28848 28978 29096 29219 29327 29445 29562 29654 29744 29815 29882 29952 30057 30219 30433 30644 30832 30968 31096 31189 31272 31308 31316 31286 31246 31187 31092 30997 30884 30745 30605 30446 30287 30090 29920 29742 29565 29371 29150 28940 28741 28555 28374 28187 27993 27808 27625 27446 27257 27095 26923 26777 26620 26490 26360 26238
29564 29618 29637 29641 29619 29570 29489 29374 29229 29047 28830 28587 28350 28192 28154 28200 28267 28333 28408 28486 28574 28668 28772 28875 28975 29065 29172 29266 29352 29429 29505 29562 29604 29695 29875 30072 30304 30498 30665 30786 30898 30981 31045 31053 31042 31002 30953 30885 30781 30669 30547 30415 30274 30096 29935 29757 29589 29422 29229 29018 28808 28620 28444 28264 28079 27896 27723 27532 27354 27184 27003 26849 26694 26566 26427 26297 26176
29643 29689 29726 29732 29720 29678 29606 29496 29351 29169 28946 28690 28441 28263 28217 28236 28272 28314 28362 28417 28474 28540 28612 28696 28767 28857 28930 29020 29091 29163 29227 29272 29311 29386 29552 29782 30005 30220 30380 30521 30632 30732 30795 30820 30817 30787 30737 30669 30592 30487 30364 30241 30089 29938 29777 29608 29449 29282 29098 28897 28706 28518 28334 28154 27970 27808 27619 27450 27264 27093 26930 26776 26631 26493 26373 26244 26123
29745 29807 29851 29870 29864 29835 29771 29670 29534 29346 29123 28864 28606 28409 28338 28326 28337 28350 28368 28389 28420 28459 28510 28553 28611 28672 28738 28797 28879 28927 28962 29002 29041 29117 29280 29509 29759 29965 30143 30283 30402 30500 30569 30601 30597 30574 30541 30480 30402 30304 30189 30055 29929 29785 29624 29463 29313 29155 28980 28788 28597 28419 28235 28047 27882 27693 27525 27358 27202 27013 26859 26705 26558 26430 26302 26182 26071
29880 29955 30009 30038 30050 30029 29980 29875 29736 29560 29342 29089 28824 28617 28511 28481 28468 28436 28423 28418 28414 28423 28432 28464 28493 28538 28576 28628 28671 28709 28744 28763 28793 28884 29055 29293 29533 29754 29937 30075 30191 30287 30361 30399 30392 30383 30347 30293 30221 30121 30020 29902 29766 29629 29476 29332 29181 29023 28856 28672 28491 28303 28120 27950 27767 27597 27432 27285 27113 26962 26790 26644 26497 26359 26240 26121 26010
30041 30123 30191 30237 30260 30226 30171 30074 29940 29783 29589 29296 29039 28820 28684 28683 28647 28598 28547 28483 28452 28422 28407 28406 28415 28419 28454 28479 28497 28519 28544 28557 28579 28692 28885 29113 29358 29579 29749 29889 30002 30109 30172 30204 30227 30206 30166 30117 30058 29972 29860 29739 29627 29488 29351 29206 29054 28894 28726 28551 28369 28181 28015 27836 27662 27502 27356 27193 27042 26884 26730 26575 26427 26299 26170 26060 25959
30209 30306 30388 30456 30418 30382 30323 30267 30158 30010 29748 29490 29202 28980 28869 28818 28815 28811 28726 28630 28518 28461 28412 28378 28355 28348 28342 28348 28354 28359 28361 28367 28428 28554 28751 28986 29225 29434 29594 29720 29849 29942 30015 30044 30060 30050 30014 29968 29905 29815 29708 29601 29486 29362 29223 29076 28930 28768 28599 28423 28240 28070 27904 27734 27568 27417 27253 27110 26961 26806 26663 26517 26369 26231 26111 26001 25899
30390 30501 30600 30555 30548 30518 30490 30415 30342 30106 29881 29605 29332 29103 28980 28908 28926 28933 28880 28808 28684 28525 28447 28377 28329 28297 28267 28244 28232 28221 28207 28231 28321 28464 28677 28914 29128 29321 29468 29613 29717 29810 29875 29913 29916 29908 29874 29822 29753 29667 29572 29461 29342 29216 29082 28941 28793 28647 28476 28298 28123 27961 27795 27633 27485 27315 27159 27018 26880 26736 26587 26451 26303 26174 26063 25952 25840
30574 30702 30667 30679 30650 30635 30582 30558 30422 30216 29961 29725 29435 29212 29070 29024 29016 28993 28959 28909 28828 28681 28503 28407 28328 28266 28214 28168 28130 28101 28099 28152 28264 28434 28651 28869 29071 29238 29392 29514 29621 29695 29759 29788 29791 29768 29744 29685 29618 29527 29426 29319 29205 29074 28937 28793 28652 28512 28356 28176 28009 27855 27687 27534 27376 27214 27076 26925 26780 26656 26527 26385 26248 26118 26007 25904 25801
30758 30790 30763 30738 30734 30656 30671 30614 30479 30265 29999 29732 29579 29391 29210 29100 29038 29038 29053 28957 28878 28810 28642 28455 28348 28256 28178 28107 28051 28025 28048 28134 28270 28458 28662 28857 29035 29197 29324 29437 29529 29613 29641 29668 29670 29655 29607 29558 29484 29403 29297 29184 29074 28948 28798 28659 28523 28380 28231 28067 27898 27742 27592 27437 27268 27124 26975 26842 26706 26575 26448 26318 26193 26083 25962 25849 25754
30877 30853 30831 30774 30701 30734 30727 30651 30503 30310 30006 29817 29697 29557 29387 29254 29138 29084 29070 29050 28950 28841 28751 28577 28382 28259 28156 28078 28027 28025 28074 28179 28336 28528 28705 28870 29025 29163 29284 29372 29454 29507 29545 29552 29559 29535 29502 29429 29365 29269 29174 29073 28949 28818 28681 28538 28398 28252 28109 27951 27790 27632 27489 27332 27172 27035 26886 26742 26624 26502 26377 26249 26126 26019 25918 25827 25709
30970 30889 30833 30767 30756 30765 30738 30694 30568 30338 30101 29937 29798 29674 29554 29427 29332 29237 29136 29121 29044 28910 28825 28681 28481 28299 28192 28122 28094 28105 28176 28295 28455 28617 28762 28902 29034 29155 29254 29330 29379 29423 29447 29464 29443 29432 29382 29325 29245 29150 29049 28942 28837 28701 28560 28421 28277 28136 27990 27830 27675 27534 27380 27230 27086 26939 26807 26671 26542 26411 26296 26188 26077 25963 25889 25779 25710
