ASPA-UH-SWB2_REPO/dynamic_inputs/RO_Rf_Ratios_Dynamic/Data/Gridded_rain/PRISM_ppt_tutuila_30yr_normal_80mM1_04_asc.asc
ncols 381
nrows 202
xllcorner -170.851658
yllcorner -14.379175
cellsize 0.00083333333
NODATA_value -9999
[rows 102 to 135 of 202, columns 154 to 230 of 381]
49846 50016 50139 50228 50245 50205 50101 49923 49683 49396 49033 48650 48247 47845 47466 47115 46846 46693 46619 46539 46446 46312 46160 45970 45760 45516 45243 44946 44625 44283 43908 43505 43067 42602 42091 41559 41029 40508 39988 39440 38854 38220 37542 36819 36073 35293 34504 33695 32919 32148 31412 30703 30042 29411 28833 28287 27774 27285 26869 26492 26202 26014 -9999 -9999 -9999 -9999 -9999 -9999 -9999 -9999 -9999 -9999 -9999 -9999 -9999 -9999 -9999
49937 50075 50177 50230 50230 50167 50042 49848 49601 49290 48942 48536 48123 47719 47324 46966 46677 46495 46392 46315 46199 46061 45894 45704 45475 45232 44956 44647 44328 43978 43602 43188 42755 42279 41773 41245 40718 40204 39688 39152 38570 37939 37262 36566 35822 35067 34258 33480 32708 31954 31233 30560 29891 29271 28692 28154 27640 27173 26734 26369 26122 25989 -9999 -9999 -9999 -9999 -9999 -9999 -9999 -9999 -9999 -9999 -9999 -9999 -9999 -9999 -9999
49962 50073 50158 50178 50157 50077 49930 49739 49478 49169 48820 48423 47999 47589 47180 46800 46492 46274 46139 46035 45919 45767 45595 45390 45166 44910 44631 44328 43994 43638 43250 42845 42394 41923 41417 40895 40378 39871 39369 38824 38248 37618 36969 36263 35544 34776 34002 33224 32478 31740 31045 30354 29719 29110 28551 28002 27487 27032 26617 26295 26095 -9999 -9999 -9999 -9999 -9999 -9999 -9999 -9999 -9999 -9999 -9999 -9999 -9999 -9999 -9999 -9999
49931 50015 50068 50068 50022 49929 49788 49583 49323 49022 48669 48276 47859 47437 47016 46618 46280 46033 45848 45711 45581 45428 45241 45037 44805 44546 44262 43953 43619 43249 42864 42446 42004 41522 41025 40512 40021 39523 39009 38474 37893 37277 36623 35945 35218 34471 33704 32949 32209 31505 30805 30159 29526 28939 28370 27852 27349 26897 26484 26260 26075 -9999 -9999 -9999 -9999 -9999 -9999 -9999 -9999 -9999 -9999 -9999 -9999 -9999 -9999 -9999 -9999
49819 49881 49913 49904 49844 49739 49590 49382 49122 48823 48475 48090 47683 47251 46825 46417 46044 45751 45535 45356 45198 45025 44845 44633 44392 44133 43844 43529 43180 42823 42423 42008 41554 41091 40594 40114 39624 39138 38632 38089 37509 36899 36252 35573 34873 34128 33387 32645 31929 31230 30564 29932 29333 28749 28212 27684 27217 26767 26517 26232 -9999 -9999 -9999 -9999 -9999 -9999 -9999 -9999 -9999 -9999 -9999 -9999 -9999 -9999 -9999 -9999 -9999
49644 49693 49697 49662 49598 49483 49329 49117 48859 48556 48215 47854 47452 47025 46600 46185 45791 45450 45191 44972 44766 44581 44388 44171 43931 43666 43376 43052 42704 42333 41947 41513 41072 40606 40144 39676 39203 38731 38222 37675 37095 36488 35853 35188 34486 33763 33031 32322 31630 30946 30294 29686 29109 28568 28022 27520 27056 26798 26498 -9999 -9999 -9999 -9999 -9999 -9999 -9999 -9999 -9999 -9999 -9999 -9999 -9999 -9999 -9999 -9999 -9999 -9999
49392 49420 49414 49363 49258 49153 48984 48771 48513 48217 47898 47539 47156 46754 46329 45910 45507 45146 44831 44558 44322 44097 43883 43656 43415 43150 42851 42529 42178 41809 41408 40994 40555 40112 39653 39203 38755 38285 37771 37228 36646 36040 35414 34753 34067 33356 32656 31971 31302 30642 30015 29429 28875 28325 27824 27337 27072 26757 -9999 -9999 -9999 -9999 -9999 -9999 -9999 -9999 -9999 -9999 -9999 -9999 -9999 -9999 -9999 -9999 -9999 -9999 -9999
49073 49068 49042 48966 48866 48734 48568 48343 48096 47819 47499 47159 46793 46409 46009 45586 45184 44814 44458 44145 43864 43604 43357 43111 42849 42579 42282 41951 41610 41240 40855 40443 40018 39584 39157 38719 38267 37789 37283 36744 36168 35560 34933 34283 33606 32931 32263 31601 30956 30320 29714 29151 28599 28093 27587 27324 26992 -9999 -9999 -9999 -9999 -9999 -9999 -9999 -9999 -9999 -9999 -9999 -9999 -9999 -9999 -9999 -9999 -9999 -9999 -9999 -9999
48682 48655 48590 48505 48392 48258 48076 47865 47616 47334 47037 46711 46362 45988 45597 45201 44810 44424 44068 43725 43406 43106 42822 42546 42271 41987 41677 41349 41009 40647 40271 39878 39462 39058 38634 38200 37745 37261 36756 36220 35646 35040 34425 33778 33133 32480 31843 31214 30602 29989 29405 28842 28335 27823 27552 27216 -9999 -9999 -9999 -9999 -9999 -9999 -9999 -9999 -9999 -9999 -9999 -9999 -9999 -9999 -9999 -9999 -9999 -9999 -9999 -9999 -9999
48205 48155 48079 47977 47858 47704 47522 47314 47053 46788 46502 46181 45838 45486 45107 44732 44349 43967 43612 43264 42917 42604 42290 41983 41685 41384 41070 40741 40401 40052 39679 39291 38906 38505 38085 37641 37181 36696 36200 35664 35093 34495 33878 33260 32632 32020 31396 30818 30219 29699 29122 28547 28088 27778 27431 -9999 -9999 -9999 -9999 -9999 -9999 -9999 -9999 -9999 -9999 -9999 -9999 -9999 -9999 -9999 -9999 -9999 -9999 -9999 -9999 -9999 -9999
47661 47588 47490 47370 47245 47086 46904 46669 46421 46152 45874 45564 45240 44891 44530 44163 43788 43431 43082 42735 42388 42051 41724 41410 41091 40780 40453 40123 39778 39447 39080 38703 38319 37917 37495 37059 36590 36114 35610 35084 34510 33928 33326 32722 32135 31535 30961 30386 29982 29465 28829 28349 28030 27671 -9999 -9999 -9999 -9999 -9999 -9999 -9999 -9999 -9999 -9999 -9999 -9999 -9999 -9999 -9999 -9999 -9999 -9999 -9999 -9999 -9999 -9999 -9999
47045 46955 46825 46695 46543 46388 46193 45958 45701 45445 45155 44868 44543 44210 43856 43503 43148 42808 42466 42111 41780 41436 41101 40782 40466 40136 39808 39478 39141 38799 38448 38078 37689 37279 36865 36430 35970 35486 34992 34463 33912 33333 32754 32188 31612 31062 30500 30240 29873 -9999 -9999 28219 -9999 -9999 -9999 -9999 -9999 -9999 -9999 -9999 -9999 -9999 -9999 -9999 -9999 -9999 -9999 -9999 -9999 -9999 -9999 -9999 -9999 -9999 -9999 -9999 -9999
46357 46221 46097 45944 45783 45602 45403 45166 44919 44645 44375 44083 43761 43433 43099 42758 42418 42085 41744 41413 41069 40739 40415 40086 39761 39452 39119 38783 38458 38118 37759 37392 36997 36603 36193 35752 35300 34834 34329 33815 33276 32717 32174 31630 31102 30563 30324 29977 -9999 -9999 -9999 -9999 -9999 -9999 -9999 -9999 -9999 -9999 -9999 -9999 -9999 -9999 -9999 -9999 -9999 -9999 -9999 -9999 -9999 -9999 -9999 -9999 -9999 -9999 -9999 -9999 -9999
45601 45444 45283 45117 44934 44746 44523 44303 44056 43782 43514 43224 42911 42592 42259 41934 41609 41269 40944 40610 40279 39959 39649 39323 39015 38700 38375 38037 37716 37377 37031 36653 36272 35875 35468 35046 34606 34130 33649 33136 32626 32104 31590 31084 30577 30364 30043 -9999 -9999 -9999 -9999 -9999 -9999 -9999 -9999 -9999 -9999 -9999 -9999 -9999 -9999 -9999 -9999 -9999 -9999 -9999 -9999 -9999 -9999 -9999 -9999 -9999 -9999 -9999 -9999 -9999 -9999
44755 44586 44395 44202 44007 43790 43569 43346 43098 42846 42570 42291 41989 41680 41362 41052 40722 40402 40068 39750 39431 39129 38820 38527 38216 37903 37577 37260 36926 36596 36252 35891 35517 35135 34724 34317 33885 33415 32946 32473 31980 31486 31010 30533 30359 30060 -9999 -9999 -9999 -9999 -9999 -9999 -9999 -9999 -9999 -9999 -9999 -9999 -9999 -9999 -9999 -9999 -9999 -9999 -9999 -9999 -9999 -9999 -9999 -9999 -9999 -9999 -9999 -9999 -9999 -9999 -9999
43840 43647 43445 43242 43021 42778 42558 42317 42075 41831 41564 41287 41000 40712 40415 40121 39805 39478 39163 38844 38549 38260 37968 37673 37375 37062 36760 36432 36112 35786 35454 35102 34745 34361 33976 33568 33146 32700 32252 31805 31348 30890 30423 30271 30009 -9999 -9999 -9999 -9999 -9999 -9999 -9999 -9999 -9999 -9999 -9999 -9999 -9999 -9999 -9999 -9999 -9999 -9999 -9999 -9999 -9999 -9999 -9999 -9999 -9999 -9999 -9999 -9999 -9999 -9999 -9999 -9999
42887 42671 42456 42233 41981 41742 41505 41262 41009 40749 40501 40234 39967 39690 39416 39145 38847 38535 38231 37928 37638 37360 37077 36798 36502 36208 35898 35597 35281 34968 34639 34306 33940 33585 33208 32812 32397 31991 31569 31149 30719 30280 30143 29892 -9999 -9999 -9999 -9999 -9999 -9999 -9999 -9999 -9999 -9999 -9999 -9999 -9999 -9999 -9999 -9999 -9999 -9999 -9999 -9999 -9999 -9999 -9999 -9999 -9999 -9999 -9999 -9999 -9999 -9999 -9999 -9999 -9999
41926 41665 41441 41199 40949 40702 40438 40189 39933 39681 39412 39168 38898 38640 38385 38121 37841 37566 37276 36992 36716 36440 36175 35894 35621 35331 35039 34745 34445 34127 33817 33477 33150 32787 32436 32050 31676 31278 31002 30610 30107 29978 29747 -9999 -9999 -9999 -9999 -9999 -9999 -9999 -9999 -9999 -9999 -9999 -9999 -9999 -9999 -9999 -9999 -9999 -9999 -9999 -9999 -9999 -9999 -9999 -9999 -9999 -9999 -9999 -9999 -9999 -9999 -9999 -9999 -9999 -9999
40931 40682 40417 40177 39920 39658 39389 39123 38883 38605 38363 38094 37841 37582 37327 37078 36821 36569 36302 36040 35783 35532 35268 35004 34728 34458 34167 33879 33594 33299 32965 32656 32334 32000 31652 31320 30953 30801 30516 30069 29834 29575 -9999 -9999 -9999 -9999 -9999 -9999 -9999 -9999 -9999 -9999 -9999 -9999 -9999 -9999 -9999 -9999 -9999 -9999 -9999 -9999 -9999 -9999 -9999 -9999 -9999 -9999 -9999 -9999 -9999 -9999 -9999 -9999 -9999 -9999 -9999
39979 39686 39422 39153 38889 38621 38346 38087 37811 37571 37304 37061 36799 36543 36273 36038 35799 35557 35319 35076 34837 34593 34353 34108 33838 33561 33298 33019 32740 32443 32145 31837 31539 31229 30926 30590 30558 30400 -9999 -9999 29473 -9999 -9999 -9999 -9999 -9999 -9999 -9999 -9999 -9999 -9999 -9999 -9999 -9999 -9999 -9999 -9999 -9999 -9999 -9999 -9999 -9999 -9999 -9999 -9999 -9999 -9999 -9999 -9999 -9999 -9999 -9999 -9999 -9999 -9999 -9999 -9999
38991 38697 38409 38130 37858 37572 37303 37030 36773 36511 36284 36028 35786 35525 35278 35036 34810 34568 34332 34112 33876 33655 33415 33189 32946 32675 32415 32167 31891 31617 31343 31061 30769 30504 30198 30187 30062 -9999 -9999 -9999 -9999 -9999 -9999 -9999 -9999 -9999 -9999 -9999 -9999 -9999 -9999 -9999 -9999 -9999 -9999 -9999 -9999 -9999 -9999 -9999 -9999 -9999 -9999 -9999 -9999 -9999 -9999 -9999 -9999 -9999 -9999 -9999 -9999 -9999 -9999 -9999 -9999
38015 37682 37382 37103 36813 36532 36259 35994 35736 35496 35249 35036 34783 34552 34311 34084 33847 33624 33384 33149 32930 32714 32504 32276 32041 31806 31555 31316 31088 30821 30565 30310 30054 29778 29646 29691 -9999 -9999 -9999 -9999 -9999 -9999 -9999 -9999 -9999 -9999 -9999 -9999 -9999 -9999 -9999 -9999 -9999 -9999 -9999 -9999 -9999 -9999 -9999 -9999 -9999 -9999 -9999 -9999 -9999 -9999 -9999 -9999 -9999 -9999 -9999 -9999 -9999 -9999 -9999 -9999 -9999
37026 36681 36362 36076 35791 35516 35250 34982 34732 34498 34260 34035 33822 33589 33368 33145 32922 32699 32466 32237 32022 31812 31607 31396 31179 30966 30734 30515 30287 30070 29822 29585 29357 29140 29018 -9999 -9999 -9999 -9999 -9999 -9999 -9999 -9999 -9999 -9999 -9999 -9999 -9999 -9999 -9999 -9999 -9999 -9999 -9999 -9999 -9999 -9999 -9999 -9999 -9999 -9999 -9999 -9999 -9999 -9999 -9999 -9999 -9999 -9999 -9999 -9999 -9999 -9999 -9999 -9999 -9999 -9999
36041 35703 35389 35099 34808 34538 34277 34013 33777 33525 33300 33079 32860 32655 32440 32235 32019 31801 31582 31375 31168 30965 30766 30582 30371 30154 29961 29752 29554 29335 29126 28907 28675 28506 28520 -9999 -9999 -9999 -9999 -9999 -9999 -9999 -9999 -9999 -9999 -9999 -9999 -9999 -9999 -9999 -9999 -9999 -9999 -9999 -9999 -9999 -9999 -9999 -9999 -9999 -9999 -9999 -9999 -9999 -9999 -9999 -9999 -9999 -9999 -9999 -9999 -9999 -9999 -9999 -9999 -9999 -9999
35121 34779 34472 34165 33888 33609 33329 33108 32851 32600 32375 32145 31951 31750 31550 31352 31155 30946 30756 30564 30371 30178 29997 29810 29625 29434 29225 29052 28850 28660 28458 28266 28073 28081 28036 -9999 -9999 -9999 -9999 -9999 -9999 -9999 -9999 -9999 -9999 -9999 -9999 -9999 -9999 -9999 -9999 -9999 -9999 -9999 -9999 -9999 -9999 -9999 -9999 -9999 -9999 -9999 -9999 -9999 -9999 -9999 -9999 -9999 -9999 -9999 -9999 -9999 -9999 -9999 -9999 -9999 -9999
34246 33911 33586 33292 33005 32727 32467 32204 31970 31720 31497 31280 31088 30901 30706 30525 30343 30162 29970 29806 29629 29458 29268 29109 28940 28754 28571 28368 28212 28026 27842 27668 27701 27670 -9999 -9999 -9999 -9999 -9999 -9999 -9999 -9999 -9999 -9999 -9999 -9999 -9999 -9999 -9999 -9999 -9999 -9999 -9999 -9999 -9999 -9999 -9999 -9999 -9999 -9999 -9999 -9999 -9999 -9999 -9999 -9999 -9999 -9999 -9999 -9999 -9999 -9999 -9999 -9999 -9999 -9999 -9999
33400 33080 32768 32463 32168 31891 31634 31384 31131 30916 30675 30481 30282 30107 29935 29767 29580 29424 29257 29088 28937 28772 28623 28464 28293 28134 27954 27788 27593 27442 27283 27315 27292 -9999 -9999 -9999 -9999 -9999 -9999 -9999 -9999 -9999 -9999 -9999 -9999 -9999 -9999 -9999 -9999 -9999 -9999 -9999 -9999 -9999 -9999 -9999 -9999 -9999 -9999 -9999 -9999 -9999 -9999 -9999 -9999 -9999 -9999 -9999 -9999 -9999 -9999 -9999 -9999 -9999 -9999 -9999 -9999
32606 32278 31959 31681 31391 31110 30868 30612 30394 30151 29944 29753 29555 29382 29231 29063 28887 28723 28578 28444 28286 28145 28001 27872 27722 27560 27397 27225 27078 26911 26946 26926 -9999 -9999 -9999 -9999 -9999 -9999 -9999 -9999 -9999 -9999 -9999 -9999 -9999 -9999 -9999 -9999 -9999 -9999 -9999 -9999 -9999 -9999 -9999 -9999 -9999 -9999 -9999 -9999 -9999 -9999 -9999 -9999 -9999 -9999 -9999 -9999 -9999 -9999 -9999 -9999 -9999 -9999 -9999 -9999 -9999
31843 31522 31232 30930 30670 30406 30160 29931 29696 29488 29284 29094 28907 28743 28572 28413 28266 28100 27956 27823 27698 27560 27438 27314 27194 27052 26888 26736 26584 26618 26584 -9999 -9999 -9999 -9999 -9999 -9999 -9999 -9999 -9999 -9999 -9999 -9999 -9999 -9999 -9999 -9999 -9999 -9999 -9999 -9999 -9999 -9999 -9999 -9999 -9999 -9999 -9999 -9999 -9999 -9999 -9999 -9999 -9999 -9999 -9999 -9999 -9999 -9999 -9999 -9999 -9999 -9999 -9999 -9999 -9999 -9999
31143 30842 30529 30259 29997 29763 29523 29289 29090 28884 28692 28493 28325 28160 27997 27846 27696 27548 27403 27278 27155 27038 26920 26818 26703 26581 26437 26294 26231 26283 -9999 -9999 -9999 -9999 -9999 -9999 -9999 -9999 -9999 -9999 -9999 -9999 -9999 -9999 -9999 -9999 -9999 -9999 -9999 -9999 -9999 -9999 -9999 -9999 -9999 -9999 -9999 -9999 -9999 -9999 -9999 -9999 -9999 -9999 -9999 -9999 -9999 -9999 -9999 -9999 -9999 -9999 -9999 -9999 -9999 -9999 -9999
30500 30188 29918 29647 29405 29167 28933 28734 28528 28334 28144 27966 27798 27641 27496 27352 27200 27059 26931 26805 26679 26565 26468 26369 26266 26148 26024 25927 25868 -9999 -9999 -9999 -9999 -9999 -9999 -9999 -9999 -9999 -9999 -9999 -9999 -9999 -9999 -9999 -9999 -9999 -9999 -9999 -9999 -9999 -9999 -9999 -9999 -9999 -9999 -9999 -9999 -9999 -9999 -9999 -9999 -9999 -9999 -9999 -9999 -9999 -9999 -9999 -9999 -9999 -9999 -9999 -9999 -9999 -9999 -9999 -9999
29903 29624 29344 29103 28855 28633 28414 28218 28025 27824 27655 27498 27332 27185 27048 26911 26765 26632 26501 26382 26264 26158 26063 25965 25864 25778 25667 25574 25507 -9999 -9999 -9999 -9999 -9999 -9999 -9999 -9999 -9999 -9999 -9999 -9999 -9999 -9999 -9999 -9999 -9999 -9999 -9999 -9999 -9999 -9999 -9999 -9999 -9999 -9999 -9999 -9999 -9999 -9999 -9999 -9999 -9999 -9999 -9999 -9999 -9999 -9999 -9999 -9999 -9999 -9999 -9999 -9999 -9999 -9999 -9999 -9999
29373 29094 28832 28596 28374 28144 27939 27747 27567 27389 27223 27058 26913 26777 26640 26512 26373 26235 26110 25997 25898 25789 25702 25615 25524 25430 25342 25270 25158 -9999 -9999 -9999 -9999 -9999 -9999 -9999 -9999 -9999 -9999 -9999 -9999 -9999 -9999 -9999 -9999 -9999 -9999 -9999 -9999 -9999 -9999 -9999 -9999 -9999 -9999 -9999 -9999 -9999 -9999 -9999 -9999 -9999 -9999 -9999 -9999 -9999 -9999 -9999 -9999 -9999 -9999 -9999 -9999 -9999 -9999 -9999 -9999
28864 28613 28377 28145 27926 27701 27519 27330 27153 26998 26824 26672 26530 26395 26269 26140 26020 25888 25757 25650 25557 25477 25386 25296 25217 25124 25058 24967 24887 24692 -9999 -9999 -9999 -9999 -9999 -9999 -9999 -9999 -9999 -9999 -9999 -9999 -9999 -9999 -9999 -9999 -9999 -9999 -9999 -9999 -9999 -9999 -9999 -9999 -9999 -9999 -9999 -9999 -9999 -9999 -9999 -9999 -9999 -9999 -9999 -9999 -9999 -9999 -9999 -9999 -9999 -9999 -9999 -9999 -9999 -9999 -9999
