ASPA-UH-SWB2_REPO/dynamic_inputs/RO_Rf_Ratios_Dynamic/Data/Gridded_rain/PRISM_ppt_tutuila_30yr_normal_80mM1_11_asc.asc
ncols 381
nrows 202
xllcorner -170.851658
yllcorner -14.379175
cellsize 0.00083333333
NODATA_value -9999
[rows 34 to 67 of 202, columns 154 to 230 of 381]
-9999 -9999 -9999 -9999 -9999 -9999 -9999 -9999 -9999 -9999 -9999 -9999 -9999 -9999 -9999 -9999 -9999 -9999 -9999 -9999 -9999 -9999 -9999 -9999 -9999 -9999 -9999 -9999 -9999 -9999 -9999 -9999 -9999 -9999 -9999 -9999 -9999 -9999 -9999 -9999 -9999 -9999 -9999 -9999 -9999 -9999 -9999 -9999 26511 26500 26472 26587 26585 26467 26365 26167 26124 26067 26010 25926 25853 25766 25664 25549 25445 25313 25180 25032 24958 24912 -9999 -9999 -9999 -9999 -9999 -9999 -9999
-9999 -9999 -9999 -9999 -9999 -9999 -9999 -9999 -9999 -9999 -9999 -9999 -9999 -9999 -9999 -9999 -9999 -9999 -9999 -9999 -9999 -9999 -9999 -9999 -9999 -9999 -9999 -9999 -9999 -9999 -9999 -9999 -9999 -9999 -9999 -9999 -9999 -9999 -9999 -9999 -9999 -9999 -9999 -9999 -9999 -9999 -9999 27088 27016 26847 26982 26988 26979 26968 26840 26813 26759 26703 26621 26550 26465 26379 26266 26163 26048 25904 25758 25611 25473 25516 -9999 -9999 -9999 -9999 24936 -9999 -9999
-9999 -9999 -9999 -9999 -9999 -9999 -9999 -9999 -9999 -9999 -9999 -9999 -9999 -9999 -9999 -9999 -9999 -9999 -9999 -9999 -9999 -9999 -9999 -9999 -9999 -9999 -9999 -9999 -9999 -9999 -9999 -9999 -9999 -9999 -9999 -9999 -9999 -9999 -9999 -9999 -9999 -9999 -9999 27623 27655 -9999 27647 27621 27469 27512 27542 27559 27561 27536 27511 27485 27432 27365 27310 27226 27142 27032 26932 26818 26702 26546 26401 26229 26097 26026 -9999 -9999 25722 25361 25271 25159 -9999
-9999 -9999 -9999 -9999 -9999 -9999 -9999 -9999 -9999 -9999 -9999 -9999 -9999 -9999 -9999 -9999 -9999 -9999 -9999 -9999 -9999 -9999 -9999 -9999 -9999 -9999 -9999 -9999 -9999 -9999 -9999 -9999 -9999 -9999 -9999 -9999 -9999 -9999 -9999 -9999 -9999 -9999 28056 27999 28033 28152 28237 28113 28172 28215 28246 28277 28268 28244 28220 28182 28143 28090 28023 27955 27845 27761 27636 27523 27369 27252 27082 26898 26738 26635 26669 26444 26156 25896 25581 25604 25555
-9999 -9999 -9999 -9999 -9999 -9999 -9999 -9999 -9999 -9999 -9999 -9999 -9999 -9999 -9999 -9999 -9999 -9999 -9999 -9999 -9999 -9999 -9999 -9999 -9999 -9999 -9999 -9999 -9999 -9999 -9999 -9999 -9999 -9999 -9999 -9999 -9999 -9999 -9999 -9999 28677 28592 28575 28499 28623 28809 28781 28866 28926 28971 28990 29022 29026 29004 28968 28932 28893 28854 28801 28695 28613 28502 28391 28252 28125 27958 27815 27631 27458 27285 27197 26997 26679 26447 26228 26008 26047
-9999 -9999 -9999 -9999 -9999 -9999 -9999 -9999 -9999 -9999 -9999 -9999 -9999 -9999 -9999 -9999 -9999 -9999 -9999 -9999 -9999 -9999 -9999 -9999 -9999 -9999 -9999 -9999 -9999 -9999 -9999 -9999 -9999 -9999 -9999 -9999 -9999 -9999 -9999 29113 29087 29110 29136 29287 29386 29486 29572 29658 29719 29765 29811 29831 29824 29803 29781 29745 29708 29657 29592 29513 29405 29309 29172 29047 28894 28740 28585 28427 28217 28018 27831 27616 27387 27156 26925 26706 26459
-9999 -9999 -9999 -9999 -9999 -9999 -9999 -9999 -9999 -9999 -9999 -9999 -9999 -9999 -9999 -9999 -9999 -9999 -9999 -9999 -9999 -9999 -9999 -9999 -9999 -9999 -9999 -9999 -9999 -9999 -9999 -9999 -9999 -9999 -9999 -9999 -9999 -9999 29695 29695 29592 29756 29934 30074 30213 30313 30401 30476 30563 30611 30658 30679 30673 30666 30632 30610 30548 30498 30434 30353 30247 30127 30016 29866 29727 29560 29405 29222 29025 28813 28600 28373 28145 27915 27672 27428 27182
-9999 -9999 -9999 -9999 -9999 -9999 -9999 -9999 -9999 -9999 -9999 -9999 -9999 -9999 -9999 -9999 -9999 -9999 -9999 -9999 -9999 -9999 -9999 -9999 -9999 -9999 -9999 -9999 -9999 -9999 -9999 -9999 -9999 -9999 29649 29840 -9999 30139 30285 30210 30375 30578 30757 30925 31053 31179 31268 31358 31433 31494 31530 31564 31572 31553 31534 31486 31438 31375 31311 31219 31114 30994 30885 30735 30569 30428 30249 30066 29869 29645 29419 29193 28965 28724 28455 28199 27954
-9999 -9999 -9999 -9999 -9999 -9999 -9999 -9999 -9999 -9999 -9999 -9999 -9999 -9999 -9999 -9999 -9999 -9999 -9999 -9999 -9999 -9999 -9999 -9999 -9999 -9999 -9999 -9999 -9999 -9999 -9999 -9999 -9999 29984 30075 30224 30513 30783 30801 31018 31235 31428 31621 31801 31955 32058 32174 32264 32339 32401 32437 32473 32494 32477 32445 32411 32363 32301 32213 32122 32004 31910 31763 31626 31461 31295 31128 30933 30723 30499 30274 30048 29808 29554 29287 29019 28739
-9999 -9999 -9999 -9999 -9999 -9999 -9999 -9999 -9999 -9999 -9999 -9999 -9999 -9999 -9999 -9999 -9999 -9999 -9999 -9999 -9999 -9999 -9999 -9999 -9999 -9999 -9999 -9999 -9999 -9999 -9999 -9999 30439 30547 30564 30856 31256 31390 31633 31878 32108 32315 32508 32701 32855 32984 33087 33190 33265 33328 33376 33399 33408 33417 33411 33353 33293 33220 33158 33043 32951 32819 32686 32537 32385 32194 32015 31820 31598 31375 31150 30924 30674 30409 30142 29851 29573
-9999 -9999 -9999 -9999 -9999 -9999 -9999 -9999 -9999 -9999 -9999 -9999 -9999 -9999 -9999 -9999 -9999 -9999 -9999 -9999 -9999 -9999 -9999 -9999 -9999 -9999 -9999 -9999 -9999 -9999 -9999 30871 31015 31023 31367 31687 31980 32247 32504 32761 33004 33222 33439 33606 33759 33899 34027 34128 34217 34254 34328 34351 34349 34358 34340 34296 34225 34176 34090 33988 33872 33767 33621 33473 33298 33120 32942 32723 32503 32269 32046 31810 31560 31285 31008 30731 30430
-9999 -9999 -9999 -9999 -9999 -9999 -9999 -9999 -9999 -9999 -9999 -9999 -9999 -9999 -9999 -9999 -9999 -9999 -9999 -9999 -9999 -9999 -9999 -9999 -9999 29612 29858 30088 30421 30808 31096 31344 31470 31839 32197 32542 32848 33116 33395 33674 33916 34145 34348 34537 34689 34829 34956 35072 35149 35238 35264 35301 35311 35295 35267 35235 35190 35118 35032 34942 34826 34695 34574 34426 34239 34062 33872 33667 33436 33202 32957 32723 32463 32189 31891 31616 31330
-9999 -9999 -9999 -9999 -9999 -9999 -9999 -9999 -9999 -9999 -9999 -9999 -9999 -9999 -9999 -9999 -9999 -9999 -9999 -9999 -9999 -9999 -9999 -9999 29792 29950 30134 30509 30887 31266 31649 31906 32287 32656 33038 33380 33709 34000 34290 34567 34831 35071 35287 35465 35644 35786 35928 36020 36124 36202 36243 36256 36280 36265 36237 36207 36150 36078 36004 35888 35784 35651 35518 35356 35193 35015 34812 34594 34374 34139 33893 33623 33364 33079 32795 32499 32213
-9999 -9999 -9999 -9999 -9999 -9999 -9999 -9999 -9999 -9999 -9999 -9999 -9999 -9999 -9999 -9999 -9999 -9999 -9999 -9999 -9999 -9999 -9999 30027 30229 30326 30694 31090 31513 31915 32306 32722 33114 33493 33872 34237 34562 34875 35176 35466 35733 36000 36219 36427 36597 36767 36885 37004 37098 37166 37219 37247 37248 37247 37232 37177 37120 37060 36960 36857 36713 36618 36458 36308 36130 35951 35756 35548 35313 35064 34803 34554 34255 33981 33671 33387 33080
-9999 -9999 -9999 -9999 -9999 -9999 -9999 -9999 -9999 -9999 -9999 -9999 -9999 -9999 -9999 -9999 -9999 -9999 -9999 -9999 -9999 -9999 30262 30475 30578 30994 31401 31812 32252 32679 33119 33533 33935 34324 34723 35098 35436 35763 36080 36373 36669 36915 37176 37374 37573 37719 37866 37973 38068 38124 38191 38219 38221 38209 38181 38139 38094 38010 37922 37780 37688 37528 37418 37254 37087 36881 36696 36484 36246 35981 35740 35462 35184 34857 34580 34256 33972
-9999 -9999 -9999 -9999 -9999 -9999 -9999 -9999 -9999 -9999 -9999 -9999 -9999 -9999 -9999 -9999 -9999 -9999 -9999 -9999 -9999 30459 30691 30830 31259 31677 32111 32562 33001 33463 33913 34338 34761 35158 35557 35947 36315 36671 36993 37304 37592 37867 38079 38330 38516 38690 38812 38921 39004 39099 39129 39144 39146 39134 39107 39065 39009 38950 38836 38746 38601 38493 38343 38190 37996 37824 37625 37411 37170 36914 36645 36375 36080 35798 35454 35176 34838
-9999 -9999 -9999 -9999 -9999 -9999 -9999 -9999 -9999 -9999 -9999 -9999 -9999 -9999 -9999 -9999 -9999 -9999 -9999 -9999 30616 30858 31007 31472 31953 32387 32836 33296 33770 34242 34701 35147 35568 35980 36397 36805 37203 37567 37906 38220 38523 38786 39038 39238 39452 39601 39750 39846 39943 40000 40043 40046 40035 40010 39984 39956 39913 39829 39754 39637 39530 39394 39256 39088 38917 38731 38543 38313 38081 37835 37562 37264 36991 36680 36383 36051 35771
-9999 -9999 -9999 -9999 -9999 -9999 -9999 -9999 -9999 -9999 -9999 -9999 -9999 -9999 -9999 -9999 -9999 -9999 -9999 30751 30992 31159 31622 32102 32599 33083 33541 34037 34519 34988 35469 35928 36367 36797 37233 37647 38064 38431 38799 39128 39406 39684 39924 40138 40327 40516 40626 40737 40808 40879 40910 40914 40890 40866 40841 40813 40757 40698 40596 40505 40385 40260 40120 39962 39789 39600 39409 39215 38967 38705 38429 38164 37863 37575 37250 36965 36645
-9999 -9999 -9999 -9999 -9999 -9999 -9999 -9999 -9999 -9999 -9999 -9999 -9999 -9999 -9999 -9999 -9999 -9999 30869 31129 31288 31749 32251 32747 33254 33749 34253 34734 35224 35728 36213 36691 37149 37599 38041 38486 38879 39287 39644 39975 40268 40509 40776 40978 41167 41317 41467 41551 41635 41693 41725 41716 41707 41683 41658 41618 41576 41491 41402 41298 41202 41076 40934 40775 40612 40434 40239 40028 39802 39536 39269 39001 38721 38405 38127 37815 37531
-9999 -9999 -9999 -9999 -9999 -9999 -9999 -9999 -9999 -9999 -9999 -9999 -9999 -9999 29655 -9999 -9999 30946 31233 31405 31889 32366 32860 33401 33894 34421 34935 35422 35926 36448 36941 37425 37915 38372 38843 39277 39686 40084 40445 40765 41071 41326 41540 41754 41928 42089 42211 42308 42377 42435 42454 42459 42437 42415 42391 42366 42298 42227 42126 42048 41952 41826 41696 41549 41372 41203 41005 40792 40575 40330 40072 39801 39518 39235 38941 38664 38351
-9999 -9999 -9999 -9999 -9999 -9999 -9999 -9999 -9999 -9999 -9999 -9999 -9999 29707 29974 30253 30780 31197 31485 31981 32480 32996 33499 34015 34552 35075 35584 36112 36621 37139 37650 38154 38637 39123 39584 40035 40435 40837 41199 41520 41800 42065 42277 42461 42631 42775 42894 42974 43056 43087 43106 43099 43079 43058 43036 42999 42960 42864 42791 42701 42619 42506 42375 42240 42075 41905 41718 41514 41296 41074 40839 40564 40303 40029 39746 39452 39174
-9999 -9999 -9999 -9999 -9999 -9999 -9999 -9999 -9999 -9999 -9999 -9999 29770 30013 30171 30678 31157 31540 32047 32558 33073 33598 34123 34633 35179 35698 36224 36756 37299 37811 38342 38851 39337 39813 40293 40736 41152 41516 41878 42198 42474 42721 42940 43105 43256 43370 43485 43575 43616 43647 43653 43635 43618 43600 43580 43559 43496 43429 43332 43281 43187 43088 42958 42835 42694 42510 42347 42167 41960 41736 41524 41286 41022 40772 40486 40229 39951
-9999 -9999 -9999 -9999 -9999 -9999 -9999 -9999 -9999 -9999 -9999 29830 30075 30232 30656 31131 31596 32089 32598 33136 33660 34184 34716 35246 35762 36311 36842 37396 37920 38464 39000 39513 40003 40472 40944 41390 41782 42145 42477 42792 43050 43290 43488 43659 43777 43873 43971 44047 44086 44103 44098 44083 44069 44054 44039 43996 43961 43885 43816 43729 43674 43563 43458 43322 43206 43059 42882 42726 42541 42341 42127 41899 41672 41433 41197 40927 40666
-9999 -9999 -9999 -9999 -9999 -9999 -9999 -9999 -9999 -9999 29872 30120 30293 30716 31178 31654 32133 32628 33164 33674 34220 34751 35279 35816 36350 36879 37443 37978 38521 39069 39608 40114 40597 41084 41547 41969 42348 42694 43008 43290 43552 43758 43947 44074 44189 44294 44352 44400 44450 44466 44447 44433 44419 44398 44375 44349 44294 44247 44181 44134 44043 43959 43842 43743 43626 43503 43362 43191 43030 42852 42649 42444 42240 42025 41800 41569 41339
-9999 -9999 -9999 -9999 -9999 -9999 -9999 -9999 -9999 29931 30180 30341 30776 31225 31688 32178 32671 33193 33690 34223 34752 35301 35824 36366 36892 37453 37986 38553 39086 39625 40144 40655 41157 41622 42075 42484 42846 43175 43469 43730 43944 44130 44279 44417 44521 44589 44659 44692 44728 44728 44717 44697 44670 44634 44602 44570 44546 44491 44454 44398 44348 44252 44161 44063 43957 43858 43741 43606 43442 43274 43105 42911 42729 42537 42323 42130 41943
-9999 -9999 -9999 -9999 -9999 -9999 -9999 -9999 29969 30221 30398 30832 31269 31719 32196 32688 33209 33717 34225 34764 35278 35809 36347 36882 37427 37970 38534 39066 39602 40119 40630 41161 41642 42085 42511 42918 43263 43573 43848 44062 44246 44396 44550 44681 44763 44823 44883 44929 44923 44916 44897 44858 44810 44779 44729 44686 44656 44645 44613 44586 44526 44457 44367 44294 44214 44114 44008 43908 43779 43634 43475 43314 43142 42972 42794 42615 42456
-9999 -9999 -9999 -9999 -9999 -9999 -9999 30002 30243 30416 30862 31321 31759 32212 32702 33211 33719 34238 34753 35278 35795 36319 36849 37391 37930 38478 39019 39554 40069 40579 41096 41593 42066 42497 42896 43260 43588 43880 44121 44320 44473 44616 44752 44853 44958 45008 45044 45051 45054 45030 44992 44941 44869 44803 44758 44720 44702 44685 44671 44649 44616 44550 44487 44428 44360 44284 44202 44125 44031 43897 43772 43646 43496 43348 43192 43037 42903
-9999 -9999 -9999 -9999 -9999 -9999 30059 30247 30429 30863 31311 31784 32247 32713 33209 33716 34224 34739 35263 35768 36289 36805 37344 37879 38412 38937 39456 39980 40487 40990 41503 41980 42419 42825 43196 43531 43841 44100 44312 44492 44638 44778 44886 44997 45065 45117 45113 45105 45094 45042 44987 44918 44847 44757 44700 44666 44640 44636 44629 44611 44583 44557 44509 44463 44421 44358 44312 44247 44176 44089 43999 43883 43767 43653 43520 43399 43300
-9999 -9999 -9999 -9999 -9999 -9999 30382 30501 30849 31295 31767 32254 32731 33214 33710 34217 34731 35232 35737 36257 36759 37283 37804 38334 38857 39372 39855 40357 40859 41361 41858 42319 42735 43104 43448 43754 44032 44258 44447 44604 44732 44856 44971 45045 45089 45088 45096 45073 45022 44954 44884 44812 44712 44624 44554 44509 44488 44478 44474 44462 44451 44453 44432 44413 44372 44359 44313 44285 44239 44187 44120 44039 43957 43878 43766 43679 43626
-9999 -9999 -9999 -9999 -9999 -9999 30667 30949 31300 31746 32243 32720 33213 33719 34203 34718 35218 35712 36208 36709 37231 37737 38242 38763 39277 39758 40231 40719 41208 41697 42180 42623 43006 43351 43669 43945 44176 44374 44539 44648 44770 44873 44947 44992 44997 44997 44978 44928 44848 44778 44691 44590 44488 44383 44317 44259 44229 44212 44207 44225 44231 44225 44257 44252 44263 44239 44244 44241 44219 44179 44148 44115 44081 44012 43947 43892 43870
-9999 -9999 -9999 -9999 -9999 30916 31061 31335 31769 32228 32714 33206 33699 34204 34708 35196 35690 36185 36674 37172 37666 38181 38678 39192 39661 40121 40604 41069 41535 42013 42470 42882 43244 43551 43841 44086 44275 44432 44549 44650 44735 44795 44825 44827 44828 44802 44756 44691 44595 44496 44380 44289 44183 44075 43980 43926 43885 43861 43866 43887 43923 43945 43968 44017 44030 44071 44077 44100 44104 44114 44108 44111 44101 44092 44062 44040 44023
-9999 -9999 -9999 -9999 30931 31200 31366 31798 32243 32715 33193 33696 34198 34677 35177 35670 36153 36641 37126 37620 38113 38599 39089 39572 40033 40502 40940 41383 41841 42296 42712 43091 43443 43726 43949 44152 44298 44419 44510 44578 44621 44633 44631 44613 44569 44526 44452 44372 44260 44117 44012 43891 43782 43672 43573 43501 43451 43434 43435 43470 43510 43576 43628 43680 43760 43790 43837 43875 43930 43979 44011 44039 44079 44095 44112 44111 44136
-9999 -9999 -9999 30906 31184 31383 31823 32255 32723 33197 33675 34186 34673 35148 35629 36120 36607 37091 37561 38042 38531 39012 39473 39926 40383 40817 41248 41685 42124 42543 42941 43287 43578 43838 44050 44184 44289 44356 44411 44451 44451 44442 44388 44335 44256 44180 44089 43966 43824 43678 43543 43418 43294 43194 43080 42993 42937 42900 42925 42974 43031 43113 43195 43290 43361 43446 43533 43599 43683 43747 43843 43911 43976 44042 44085 44131 44175
-9999 -9999 30878 31152 31363 31812 32263 32739 33198 33672 34178 34662 35133 35599 36086 36559 37052 37533 37991 38457 38929 39382 39840 40278 40701 41116 41542 41977 42398 42775 43145 43461 43719 43945 44105 44213 44263 44285 44299 44281 44260 44188 44111 44004 43901 43774 43637 43484 43325 43161 42995 42854 42740 42598 42496 42407 42336 42308 42319 42395 42468 42568 42681 42794 42907 43022 43114 43248 43348 43478 43590 43711 43791 43896 43989 44086 44174
