ASPA-UH-SWB2_REPO/dynamic_inputs/RO_Rf_Ratios_Dynamic/Data/Gridded_rain/PRISM_ppt_tutuila_30yr_normal_80mM1_10_asc.asc
ncols 381
nrows 202
xllcorner -170.851658
yllcorner -14.379175
cellsize 0.00083333333
NODATA_value -9999
[rows 68 to 101 of 202, columns 231 to 307 of 381]
41611 41572 41559 41596 41655 41721 41770 41817 41846 41867 41880 41875 41840 41799 41724 41663 41598 41530 41451 41367 41249 41116 40941 40746 40493 40227 39900 39559 39167 38737 38293 37821 37308 36781 36215 35622 35043 34438 33837 33230 32617 32023 31449 30865 30317 29806 29322 28854 28412 28028 27706 27463 27289 27144 26996 26879 26779 26695 26638 26628 26650 26655 26599 26529 26473 26373 26312 26225 26148 26039 25955 25863 25744 25643 25540 25451 25356
41634 41604 41604 41623 41687 41745 41796 41854 41911 41951 41965 41981 41973 41924 41898 41843 41794 41731 41664 41566 41455 41306 41127 40892 40634 40327 40008 39613 39217 38770 38308 37794 37277 36708 36124 35553 34930 34310 33679 33056 32440 31815 31210 30652 30101 29560 29060 28617 28173 27770 27472 27234 27083 26926 26764 26634 26560 26489 26445 26430 26498 26484 26456 26400 26333 26279 26197 26122 26046 25971 25864 25773 25676 25575 25483 25372 25275
41598 41611 41624 41648 41694 41761 41813 41863 41927 41984 42018 42052 42055 42038 42004 41986 41939 41885 41802 41708 41569 41413 41204 40974 40685 40372 40010 39621 39182 38742 38237 37717 37156 36581 35980 35378 34751 34113 33453 32814 32180 31551 30943 30354 29815 29271 28782 28294 27859 27499 27200 26986 26812 26646 26499 26382 26294 26235 26181 26223 26278 26297 26273 26230 26165 26124 26066 25993 25918 25844 25761 25659 25574 25474 25371 25281 25149
41548 41576 41611 41657 41707 41755 41827 41883 41948 42008 42072 42096 42115 42118 42103 42069 42045 41973 41894 41770 41610 41435 41228 40954 40669 40311 39940 39520 39086 38601 38102 37536 36970 36363 35770 35124 34492 33836 33186 32516 31865 31232 30619 30029 29458 28938 28418 27927 27509 27165 26890 26678 26500 26335 26201 26072 25997 25937 25923 25947 26016 26055 26059 26019 25991 25919 25886 25837 25765 25682 25611 25533 25438 25339 25248 25110 24951
41429 41493 41542 41621 41679 41749 41821 41897 41962 42025 42095 42130 42138 42151 42134 42116 42074 42015 41904 41759 41577 41391 41150 40877 40545 40190 39773 39344 38877 38397 37852 37305 36679 36092 35453 34815 34165 33492 32824 32163 31494 30858 30243 29647 29072 28505 27981 27532 27128 26794 26525 26340 26158 26007 25863 25758 25683 25636 25624 25642 25709 25794 25804 25790 25754 25720 25667 25633 25575 25505 25437 25372 25268 25170 25056 24932 24784
41244 41347 41422 41495 41595 41696 41785 41855 41934 42001 42056 42106 42130 42115 42110 42083 42031 41950 41839 41682 41489 41243 40991 40705 40374 39972 39545 39081 38605 38090 37549 36955 36362 35715 35082 34412 33757 33079 32407 31728 31082 30430 29809 29208 28613 28057 27536 27063 26715 26401 26161 25956 25801 25641 25578 25419 25368 25321 25286 25320 25395 25490 25541 25521 25500 25470 25455 25402 25358 25303 25238 25165 25085 24996 24911 24772 24633
41019 41121 41245 41343 41457 41579 41668 41766 41841 41913 41972 42015 42042 42038 42014 41975 41901 41808 41684 41502 41296 41049 40771 40449 40094 39692 39242 38768 38269 37732 37168 36566 35938 35298 34632 33967 33281 32612 31922 31252 30589 29959 29332 28711 28111 27551 27061 26647 26279 26012 25772 25584 25408 25390 25267 25177 25084 24993 24969 24971 25075 25152 25237 25256 25229 25214 25192 25166 25115 25075 25013 24932 24866 24773 24680 24594 24428
40729 40872 41005 41141 41269 41383 41503 41589 41682 41760 41812 41859 41876 41885 41849 41788 41701 41595 41434 41251 41018 40767 40464 40130 39750 39323 38862 38377 37854 37307 36708 36097 35461 34813 34140 33457 32778 32091 31410 30735 30081 29430 28812 28185 27594 27044 26600 26207 25879 25598 25397 25201 25192 25090 -9999 24930 24820 24743 24618 24642 24702 24808 24911 24962 24951 24930 24924 24903 24868 24820 24763 24707 24611 24507 24413 24306 24188
40390 40566 40729 40871 41005 41143 41264 41359 41450 41523 41591 41619 41638 41625 41600 41528 41427 41273 41122 40911 40675 40387 40082 39733 39328 38877 38403 37894 37373 36802 36194 35561 34930 34275 33595 32906 32222 31543 30858 30192 29530 28887 28248 27643 27051 26564 26132 25778 25471 25221 25001 24985 24938 -9999 -9999 -9999 -9999 24447 24381 24334 24349 24458 24553 24634 24643 24640 24640 24623 24604 24550 24508 24437 24329 24218 24112 23996 23873
39991 40199 40371 40542 40692 40822 40956 41062 41149 41230 41281 41312 41300 41299 41263 41178 41064 40919 40718 40504 40229 39951 39620 39234 38827 38363 37865 37356 36812 36231 35613 34997 34332 33682 32996 32314 31624 30941 30277 29591 28936 28312 27682 27058 26523 26063 25756 25414 25134 24882 24769 24719 -9999 -9999 -9999 -9999 -9999 -9999 24165 24095 24018 24092 24179 24277 24338 24352 24336 24326 24301 24275 24239 24162 24027 23906 23795 23681 23562
39549 39757 39960 40139 40305 40451 40576 40691 40788 40854 40910 40912 40913 40880 40833 40758 40643 40472 40268 40005 39739 39423 39078 38691 38259 37782 37272 36752 36196 35605 35003 34353 33719 33036 32370 31683 30988 30311 29653 28986 28324 27695 27072 26492 25989 25734 25433 25162 24879 24700 24565 -9999 -9999 -9999 -9999 -9999 -9999 -9999 -9999 -9999 23682 23715 23836 23924 24001 24023 24025 24021 24014 23983 23935 23846 23713 23578 23467 23370 23268
39046 39262 39495 39681 39842 40003 40130 40246 40340 40425 40454 40460 40442 40399 40341 40265 40126 39954 39736 39471 39156 38826 38480 38091 37635 37133 36623 36091 35526 34950 34327 33694 33026 32376 31704 31024 30348 29665 29000 28353 27710 27061 26459 25933 25723 25472 -9999 -9999 -9999 -9999 -9999 -9999 -9999 -9999 -9999 -9999 -9999 -9999 -9999 -9999 23301 23378 23461 23548 23638 23718 23715 23708 23697 23694 23638 23498 23395 23263 23157 23064 22966
38512 38737 38955 39147 39323 39476 39627 39744 39838 39897 39943 39943 39917 39864 39784 39675 39547 39362 39120 38841 38525 38182 37811 37411 36941 36439 35930 35388 34825 34227 33609 32981 32332 31674 31024 30337 29666 29002 28344 27688 27067 26436 25877 25526 25356 -9999 -9999 -9999 -9999 -9999 -9999 -9999 -9999 -9999 -9999 -9999 -9999 -9999 -9999 22865 23005 23043 23109 23195 23274 23323 23407 23407 23392 23374 23287 23182 23049 22942 22838 22771 22666
37926 38169 38372 38569 38739 38905 39059 39176 39279 39335 39366 39370 39314 39254 39175 39044 38893 38697 38443 38152 37836 37480 37110 36672 36215 35714 35182 34656 34095 33501 32875 32253 31597 30973 30301 29645 28966 28307 27653 27048 26409 25832 25361 25169 -9999 -9999 -9999 -9999 -9999 -9999 -9999 -9999 -9999 -9999 -9999 -9999 -9999 -9999 22617 22666 22739 22755 22766 22856 22911 22981 23026 23068 23098 23011 22931 22837 22718 22600 22554 22458 22368
37307 37560 37769 37949 38123 38292 38435 38564 38654 38707 38722 38710 38670 38590 38492 38351 38178 37972 37717 37427 37087 36745 36350 35925 35445 34946 34430 33906 33350 32749 32152 31511 30873 30215 29586 28934 28262 27595 26990 26366 25784 25221 25018 24776 -9999 -9999 -9999 -9999 -9999 -9999 -9999 -9999 -9999 -9999 -9999 -9999 -9999 22376 22421 22489 22485 22491 22500 22505 22575 22642 22678 22709 22708 22665 22578 22491 22373 22326 22251 22170 22082
36693 36919 37135 37320 37487 37625 37781 37886 37964 38014 38037 37997 37962 37887 37746 37619 37436 37208 36955 36642 36316 35950 35568 35120 34642 34146 33645 33127 32576 31993 31377 30752 30118 29502 28852 28207 27540 26936 26313 25720 25151 24957 24632 -9999 -9999 -9999 -9999 -9999 -9999 -9999 -9999 -9999 -9999 -9999 -9999 -9999 22273 22263 22254 22247 22249 22246 22247 22260 22269 22303 22344 22365 22346 22313 22249 22155 22108 22053 21982 21904 21820
36040 36260 36481 36660 36797 36950 37073 37178 37232 37280 37276 37266 37215 37121 36995 36837 36645 36419 36144 35833 35496 35144 34728 34295 33821 33329 32832 32306 31773 31207 30594 29986 29370 28747 28141 27489 26871 26263 25664 25077 24875 24550 -9999 -9999 -9999 -9999 -9999 -9999 -9999 -9999 -9999 -9999 -9999 -9999 -9999 -9999 -9999 22155 22094 22024 22026 22022 22030 22034 22026 22030 22040 22049 22039 22008 21957 21899 21854 21792 21723 21659 21568
35349 35586 35789 35949 36099 36231 36345 36416 36492 36503 36520 36494 36426 36326 36204 36027 35828 35593 35309 35000 34666 34281 33881 33452 32994 32496 32003 31492 30951 30374 29804 29213 28616 28012 27401 26810 26202 25590 24997 24800 24460 -9999 -9999 -9999 -9999 -9999 -9999 -9999 -9999 -9999 -9999 -9999 -9999 -9999 -9999 -9999 -9999 -9999 21924 21881 21821 21817 21824 21810 21819 21806 21789 21778 21777 21747 21700 21673 21611 21551 21484 21403 21325
34665 34885 35070 35222 35375 35497 35588 35671 35711 35732 35734 35693 35609 35515 35375 35179 34972 34729 34451 34146 33792 33423 33027 32590 32138 31680 31179 30658 30119 29586 29006 28434 27856 27286 26698 26104 25532 24920 24703 24359 -9999 -9999 -9999 -9999 -9999 -9999 -9999 -9999 -9999 -9999 -9999 -9999 -9999 -9999 -9999 -9999 -9999 -9999 -9999 21722 21682 21637 21627 21614 21614 21610 21584 21565 21546 21517 21491 21438 21405 21329 21255 21186 21111
33963 34169 34348 34502 34625 34726 34828 34899 34927 34934 34910 34865 34800 34666 34510 34319 34105 33856 33583 33260 32922 32557 32166 31734 31297 30842 30345 29841 29318 28776 28242 27677 27108 26559 26006 25436 24844 24627 24283 -9999 -9999 -9999 -9999 -9999 -9999 -9999 -9999 -9999 -9999 -9999 -9999 -9999 -9999 -9999 -9999 -9999 -9999 -9999 -9999 -9999 21536 21506 21447 21450 21434 21422 21406 21379 21352 21334 21281 21239 21181 21133 21063 20986 20914
33249 33452 33628 33754 33870 33973 34054 34091 34130 34124 34098 34038 33945 33819 33634 33461 33229 32986 32706 32400 32067 31695 31307 30903 30470 30007 29538 29038 28521 28000 27474 27067 26397 25845 25316 24777 24571 24230 -9999 -9999 -9999 -9999 -9999 -9999 -9999 -9999 -9999 -9999 -9999 -9999 -9999 -9999 -9999 -9999 -9999 -9999 -9999 -9999 -9999 -9999 -9999 21365 21332 21293 21278 21267 21244 21218 21192 21148 21115 21057 21001 20956 20896 20822 20774
32538 32725 32873 32994 33104 33200 33262 33312 33305 33311 33271 33210 33102 32958 32805 32591 32379 32117 31853 31551 31211 30856 30473 30073 29644 29198 28723 28243 27759 27373 26982 26397 25833 25282 24761 24489 24176 -9999 -9999 -9999 -9999 -9999 -9999 -9999 -9999 -9999 -9999 -9999 -9999 -9999 -9999 -9999 -9999 -9999 -9999 -9999 -9999 -9999 -9999 -9999 -9999 -9999 21221 21183 21143 21126 21104 21072 21038 21005 20947 20900 20846 20802 20765 20722 20670
31823 31979 32120 32236 32339 32417 32482 32499 32505 32477 32449 32375 32264 32117 31935 31741 31509 31290 31008 30700 30353 30014 29650 29244 28833 28382 27941 27470 27248 26999 26522 -9999 25350 24774 24526 24166 -9999 -9999 -9999 -9999 -9999 -9999 -9999 -9999 -9999 -9999 -9999 -9999 -9999 -9999 -9999 -9999 -9999 -9999 -9999 -9999 -9999 -9999 -9999 -9999 -9999 -9999 -9999 21081 21047 21019 20969 20939 20906 20867 20811 20749 20729 20698 20690 20671 -9999
31111 31247 31379 31486 31568 31637 31681 31701 31684 31668 31604 31528 31416 31266 31105 30882 30671 30435 30173 29860 29530 29175 28817 28445 28018 27613 27168 27068 26843 -9999 -9999 -9999 -9999 -9999 -9999 -9999 -9999 -9999 -9999 -9999 -9999 -9999 -9999 -9999 -9999 -9999 -9999 -9999 -9999 -9999 -9999 -9999 -9999 -9999 -9999 -9999 -9999 -9999 -9999 -9999 -9999 -9999 -9999 -9999 20976 20925 20877 20825 20787 20741 20687 20662 20639 20642 -9999 -9999 -9999
30429 30555 30654 30726 30810 30868 30903 30899 30895 30831 30778 30689 30575 30437 30249 30059 29845 29606 29340 29047 28726 28367 28032 27655 27277 26856 26773 26567 -9999 -9999 -9999 -9999 -9999 -9999 -9999 -9999 -9999 -9999 -9999 -9999 -9999 -9999 -9999 -9999 -9999 -9999 -9999 -9999 -9999 -9999 -9999 -9999 -9999 -9999 -9999 -9999 -9999 -9999 -9999 -9999 -9999 -9999 -9999 -9999 -9999 -9999 20789 20742 20679 20648 20629 20596 -9999 -9999 -9999 -9999 -9999
29753 29869 29945 30007 30068 30116 30127 30137 30097 30057 29966 29876 29761 29609 29444 29252 29035 28794 28550 28254 27931 27619 27268 26914 26545 26483 26276 -9999 -9999 -9999 -9999 -9999 -9999 -9999 -9999 -9999 -9999 -9999 -9999 -9999 -9999 -9999 -9999 -9999 -9999 -9999 -9999 -9999 -9999 -9999 -9999 -9999 -9999 -9999 -9999 -9999 -9999 -9999 -9999 -9999 -9999 -9999 -9999 -9999 -9999 -9999 -9999 20658 20621 20610 20569 -9999 -9999 -9999 -9999 -9999 -9999
29109 29190 29268 29320 29371 29395 29407 29392 29353 29288 29210 29094 28965 28824 28670 28465 28246 28014 27767 27507 27195 26881 26551 26207 26156 25985 -9999 -9999 -9999 -9999 -9999 -9999 -9999 -9999 -9999 -9999 -9999 -9999 -9999 -9999 -9999 -9999 -9999 -9999 -9999 -9999 -9999 -9999 -9999 -9999 -9999 -9999 -9999 -9999 -9999 -9999 -9999 -9999 -9999 -9999 -9999 -9999 -9999 -9999 -9999 -9999 -9999 -9999 20600 -9999 -9999 -9999 -9999 -9999 -9999 -9999 -9999
28482 28553 28609 28651 28691 28718 28705 28692 28628 28563 28460 28344 28214 28084 27916 27710 27501 27279 27031 26770 26506 26189 25871 25830 25670 -9999 -9999 -9999 -9999 -9999 -9999 -9999 -9999 -9999 -9999 -9999 -9999 -9999 -9999 -9999 -9999 -9999 -9999 -9999 -9999 -9999 -9999 -9999 -9999 -9999 -9999 -9999 -9999 -9999 -9999 -9999 -9999 -9999 -9999 -9999 -9999 -9999 -9999 -9999 -9999 -9999 -9999 -9999 -9999 -9999 -9999 -9999 -9999 -9999 -9999 -9999 -9999
27875 27936 27970 28013 28043 28046 28047 27985 27934 27844 27753 27637 27494 27351 27195 27012 26790 26579 26445 26198 25921 25642 25506 25359 -9999 -9999 -9999 -9999 -9999 -9999 -9999 -9999 -9999 -9999 -9999 -9999 -9999 -9999 -9999 -9999 -9999 -9999 -9999 -9999 -9999 -9999 -9999 -9999 -9999 -9999 -9999 -9999 -9999 -9999 -9999 -9999 -9999 -9999 -9999 -9999 -9999 -9999 -9999 -9999 -9999 -9999 -9999 -9999 -9999 -9999 -9999 -9999 -9999 -9999 -9999 -9999 -9999
27315 27353 27375 27408 27414 27418 27383 27441 27259 27182 27079 26963 26832 26772 26625 26449 26150 26098 25967 25780 25524 25346 25163 -9999 -9999 -9999 -9999 -9999 -9999 -9999 -9999 -9999 -9999 -9999 -9999 -9999 -9999 -9999 -9999 -9999 -9999 -9999 -9999 -9999 -9999 -9999 -9999 -9999 -9999 -9999 -9999 -9999 -9999 -9999 -9999 -9999 -9999 -9999 -9999 -9999 -9999 -9999 -9999 -9999 -9999 -9999 -9999 -9999 -9999 -9999 -9999 -9999 -9999 -9999 -9999 -9999 -9999
26813 26815 26838 26823 26818 26811 26932 26871 26806 26566 26541 26425 26378 26319 26222 25940 25838 25731 -9999 -9999 -9999 -9999 -9999 -9999 -9999 -9999 -9999 -9999 -9999 -9999 -9999 -9999 -9999 -9999 -9999 -9999 -9999 -9999 -9999 -9999 -9999 -9999 -9999 -9999 -9999 -9999 -9999 -9999 -9999 -9999 -9999 -9999 -9999 -9999 -9999 -9999 -9999 -9999 -9999 -9999 -9999 -9999 -9999 -9999 -9999 -9999 -9999 -9999 -9999 -9999 -9999 -9999 -9999 -9999 -9999 -9999 -9999
26398 26409 26312 26368 26345 26417 26446 -9999 26283 26205 26118 26144 26077 -9999 -9999 -9999 25538 -9999 -9999 -9999 -9999 -9999 -9999 -9999 -9999 -9999 -9999 -9999 -9999 -9999 -9999 -9999 -9999 -9999 -9999 -9999 -9999 -9999 -9999 -9999 -9999 -9999 -9999 -9999 -9999 -9999 -9999 -9999 -9999 -9999 -9999 -9999 -9999 -9999 -9999 -9999 -9999 -9999 -9999 -9999 -9999 -9999 -9999 -9999 -9999 -9999 -9999 -9999 -9999 -9999 -9999 -9999 -9999 -9999 -9999 -9999 -9999
26115 26034 26008 25982 26084 26076 -9999 -9999 -9999 25963 -9999 -9999 -9999 -9999 -9999 -9999 -9999 -9999 -9999 -9999 -9999 -9999 -9999 -9999 -9999 -9999 -9999 -9999 -9999 -9999 -9999 -9999 -9999 -9999 -9999 -9999 -9999 -9999 -9999 -9999 -9999 -9999 -9999 -9999 -9999 -9999 -9999 -9999 -9999 -9999 -9999 -9999 -9999 -9999 -9999 -9999 -9999 -9999 -9999 -9999 -9999 -9999 -9999 -9999 -9999 -9999 -9999 -9999 -9999 -9999 -9999 -9999 -9999 -9999 -9999 -9999 -9999
-9999 -9999 25815 -9999 -9999 -9999 -9999 -9999 -9999 -9999 -9999 -9999 -9999 -9999 -9999 -9999 -9999 -9999 -9999 -9999 -9999 -9999 -9999 -9999 -9999 -9999 -9999 -9999 -9999 -9999 -9999 -9999 -9999 -9999 -9999 -9999 -9999 -9999 -9999 -9999 -9999 -9999 -9999 -9999 -9999 -9999 -9999 -9999 -9999 -9999 -9999 -9999 -9999 -9999 -9999 -9999 -9999 -9999 -9999 -9999 -9999 -9999 -9999 -9999 -9999 -9999 -9999 -9999 -9999 -9999 -9999 -9999 -9999 -9999 -9999 -9999 -9999
