ASPA-UH-SWB2_REPO/dynamic_inputs/RO_Rf_Ratios_Dynamic/Data/Gridded_rain/PRISM_ppt_tutuila_30yr_normal_80mM1_05_asc.asc
ncols 381
nrows 202
xllcorner -170.851658
yllcorner -14.379175
cellsize 0.00083333333
NODATA_value -9999
[rows 68 to 101 of 202, columns 231 to 307 of 381]
38691 38557 38471 38440 38443 38466 38487 38511 38526 38538 38546 38543 38520 38495 38449 38417 38387 38363 38339 38319 38275 38220 38132 38025 37868 37694 37463 37214 36916 36581 36227 35845 35425 34988 34513 34011 33515 32992 32468 31934 31390 30858 30340 29812 29312 28841 28388 27941 27511 27111 26731 26384 26059 25764 25486 25238 25010 24800 24609 24449 24305 24187 24049 23913 23792 23628 23499 23342 23188 22998 22826 22642 22430 22231 22030 21848 21684
38811 38664 38565 38506 38495 38499 38512 38539 38570 38594 38603 38615 38613 38587 38582 38561 38551 38538 38530 38500 38462 38395 38303 38164 38003 37796 37571 37278 36976 36626 36257 35839 35415 34942 34452 33967 33433 32896 32346 31797 31250 30692 30147 29640 29137 28640 28172 27746 27314 26888 26505 26158 25856 25561 25270 25011 24808 24612 24435 24264 24158 24018 23906 23784 23654 23536 23388 23243 23092 22936 22744 22562 22371 22173 21982 21780 21612
38911 38781 38673 38598 38560 38554 38556 38567 38597 38629 38651 38677 38687 38689 38684 38695 38694 38692 38672 38646 38586 38513 38396 38260 38072 37859 37599 37308 36970 36623 36217 35794 35332 34854 34348 33836 33298 32745 32169 31605 31042 30479 29931 29398 28904 28404 27946 27481 27046 26641 26257 25909 25594 25299 25021 24775 24561 24379 24193 24073 23946 23834 23724 23618 23491 23388 23266 23125 22978 22825 22658 22468 22290 22095 21897 21713 21537
39012 38887 38786 38711 38660 38629 38629 38635 38659 38688 38727 38747 38770 38788 38801 38806 38821 38807 38789 38739 38663 38572 38455 38282 38093 37842 37571 37253 36916 36530 36128 35666 35198 34692 34190 33640 33096 32528 31959 31368 30789 30222 29670 29134 28614 28133 27647 27179 26741 26335 25963 25614 25299 25004 24739 24481 24282 24104 23957 23817 23718 23598 23517 23414 23327 23196 23101 22988 22846 22687 22536 22372 22188 21998 21813 21608 21427
39080 38973 38877 38815 38761 38732 38721 38730 38745 38771 38810 38836 38851 38876 38888 38902 38904 38896 38853 38785 38690 38587 38440 38263 38035 37780 37469 37140 36773 36389 35947 35498 34980 34488 33947 33401 32840 32255 31670 31086 30490 29920 29364 28824 28299 27779 27289 26842 26402 25995 25610 25285 24970 24687 24411 24181 23985 23822 23679 23556 23450 23370 23271 23198 23105 23015 22905 22809 22684 22544 22399 22252 22066 21882 21702 21511 21313
39114 39029 38945 38876 38840 38822 38815 38812 38828 38850 38875 38906 38929 38932 38948 38953 38944 38917 38869 38788 38679 38528 38367 38175 37941 37644 37320 36959 36581 36166 35725 35236 34741 34198 33660 33085 32518 31928 31337 30736 30159 29573 29012 28466 27925 27413 26920 26434 26029 25621 25248 24910 24619 24325 24133 23849 23680 23522 23384 23277 23177 23103 23045 22945 22871 22788 22719 22610 22505 22384 22248 22100 21942 21766 21594 21401 21208
39122 39038 38981 38924 38893 38882 38869 38876 38884 38902 38923 38944 38963 38969 38966 38958 38929 38888 38825 38720 38595 38436 38249 38023 37764 37460 37113 36739 36339 35904 35441 34943 34417 33876 33308 32736 32141 31556 30948 30352 29759 29191 28625 28062 27516 27000 26516 26065 25623 25239 24864 24538 24223 24086 23822 23598 23400 23203 23082 22970 22900 22832 22759 22701 22623 22561 22490 22412 22307 22207 22082 21935 21797 21640 21469 21303 21102
39087 39028 38977 38941 38916 38897 38898 38891 38904 38920 38930 38946 38952 38959 38942 38913 38867 38811 38715 38602 38449 38279 38065 37821 37535 37207 36845 36458 36036 35589 35095 34586 34051 33501 32925 32334 31743 31140 30537 29936 29348 28762 28202 27634 27096 26577 26115 25662 25232 24822 24484 24146 24043 23796 -9999 23345 23102 22949 22739 22657 22593 22535 22480 22430 22374 22310 22261 22194 22111 22012 21899 21784 21639 21494 21345 21174 21001
39014 38976 38943 38912 38889 38882 38879 38874 38879 38885 38899 38896 38896 38881 38864 38818 38756 38657 38560 38417 38253 38047 37822 37559 37247 36893 36516 36106 35682 35212 34707 34177 33642 33082 32498 31900 31301 30702 30094 29498 28903 28322 27745 27195 26653 26168 25693 25252 24819 24434 24072 23962 23804 -9999 -9999 -9999 -9999 22614 22482 22384 22282 22231 22197 22157 22099 22058 22020 21965 21904 21808 21718 21607 21486 21347 21211 21054 20886
38896 38877 38850 38836 38823 38810 38812 38810 38807 38812 38808 38800 38772 38756 38723 38660 38580 38478 38334 38180 37978 37769 37517 37217 36897 36527 36126 35712 35265 34783 34266 33745 33179 32620 32027 31432 30826 30220 29627 29012 28422 27857 27287 26722 26212 25726 25345 24889 24470 24076 23866 23704 -9999 -9999 -9999 -9999 -9999 -9999 22258 22128 21980 21934 21898 21856 21832 21812 21765 21723 21666 21604 21530 21443 21326 21204 21074 20933 20782
38745 38725 38715 38704 38700 38694 38689 38688 38687 38677 38670 38636 38607 38563 38513 38447 38355 38225 38070 37869 37664 37419 37147 36840 36494 36109 35694 35266 34805 34311 33802 33249 32705 32115 31534 30931 30317 29714 29124 28525 27928 27358 26794 26262 25750 25445 25049 24630 24201 23915 23662 -9999 -9999 -9999 -9999 -9999 -9999 -9999 -9999 -9999 21660 21607 21604 21584 21559 21530 21507 21479 21446 21390 21330 21250 21160 21053 20941 20817 20691
38550 38532 38538 38528 38517 38518 38510 38506 38499 38495 38464 38425 38376 38316 38249 38173 38054 37913 37738 37527 37277 37013 36734 36420 36049 35640 35219 34776 34302 33815 33285 32742 32165 31598 31008 30408 29807 29196 28598 28014 27433 26847 26303 25791 25567 25270 -9999 -9999 -9999 -9999 -9999 -9999 -9999 -9999 -9999 -9999 -9999 -9999 -9999 -9999 21271 21304 21292 21283 21281 21275 21254 21229 21201 21180 21127 21054 20991 20910 20807 20700 20594
38329 38312 38306 38295 38289 38281 38283 38275 38262 38236 38208 38158 38095 38020 37929 37820 37701 37541 37340 37111 36852 36572 36267 35937 35550 35135 34709 34253 33775 33265 32734 32190 31624 31047 30470 29860 29260 28663 28070 27479 26916 26348 25824 25473 25277 -9999 -9999 -9999 -9999 -9999 -9999 -9999 -9999 -9999 -9999 -9999 -9999 -9999 -9999 21133 21113 20992 20996 20998 20997 20992 21006 20995 20971 20946 20919 20873 20817 20746 20661 20590 20493
38064 38058 38039 38028 38012 38008 38005 37990 37977 37942 37898 37843 37752 37662 37565 37432 37288 37112 36894 36649 36383 36086 35775 35410 35026 34605 34156 33706 33224 32712 32169 31625 31049 30494 29896 29308 28700 28106 27516 26965 26387 25863 25399 25192 -9999 -9999 -9999 -9999 -9999 -9999 -9999 -9999 -9999 -9999 -9999 -9999 -9999 -9999 21195 21116 21002 20879 20693 20716 20726 20734 20739 20742 20754 20735 20704 20684 20637 20575 20535 20457 20387
37767 37766 37749 37724 37707 37699 37684 37670 37641 37597 37535 37461 37373 37262 37143 36996 36827 36637 36411 36159 35868 35573 35237 34875 34467 34041 33597 33144 32660 32136 31612 31046 30480 29893 29327 28741 28137 27535 26985 26418 25894 25344 25129 24875 -9999 -9999 -9999 -9999 -9999 -9999 -9999 -9999 -9999 -9999 -9999 -9999 -9999 21159 21197 21072 20931 20734 20611 20426 20447 20488 20496 20502 20518 20514 20510 20487 20458 20430 20382 20331 20279
37457 37440 37426 37403 37379 37346 37335 37300 37256 37203 37139 37038 36947 36831 36673 36529 36346 36131 35899 35622 35333 35014 34680 34292 33879 33449 33011 32555 32070 31554 31008 30451 29884 29329 28744 28161 27560 27009 26442 25907 25367 25166 24819 -9999 -9999 -9999 -9999 -9999 -9999 -9999 -9999 -9999 -9999 -9999 -9999 -9999 21062 21047 21033 21016 20820 20679 20481 20304 20203 20224 20254 20284 20294 20313 20305 20308 20294 20276 20244 20210 20177
37107 37086 37076 37048 37002 36976 36939 36900 36835 36774 36684 36597 36486 36350 36196 36021 35824 35603 35346 35062 34759 34442 34074 33692 33274 32841 32399 31930 31452 30945 30396 29849 29293 28729 28179 27589 27027 26471 25924 25383 25177 24844 -9999 -9999 -9999 -9999 -9999 -9999 -9999 -9999 -9999 -9999 -9999 -9999 -9999 -9999 -9999 20939 20872 20795 20789 20584 20394 20137 20017 19992 20024 20056 20088 20103 20138 20127 20130 20118 20103 20094 20068
36714 36707 36686 36644 36606 36564 36518 36452 36397 36305 36224 36118 35989 35842 35683 35486 35276 35040 34770 34480 34171 33822 33459 33072 32660 32214 31768 31306 30816 30295 29777 29241 28697 28147 27590 27049 26493 25934 25403 25191 24855 -9999 -9999 -9999 -9999 -9999 -9999 -9999 -9999 -9999 -9999 -9999 -9999 -9999 -9999 -9999 -9999 -9999 20700 20652 20586 20509 20250 20036 19801 19762 19794 19837 19873 19919 19929 19962 19960 19965 19965 19955 19953
36305 36291 36260 36214 36177 36126 36063 36001 35918 35828 35731 35609 35462 35312 35133 34916 34692 34444 34169 33875 33543 33199 32832 32432 32017 31595 31137 30661 30168 29679 29150 28627 28096 27572 27031 26486 25958 25428 25196 24869 -9999 -9999 -9999 -9999 -9999 -9999 -9999 -9999 -9999 -9999 -9999 -9999 -9999 -9999 -9999 -9999 -9999 -9999 -9999 20493 20448 20332 20183 19902 19650 19555 19586 19630 19676 19715 19758 19774 19815 19814 19821 19834 19847
35860 35841 35810 35769 35712 35647 35590 35518 35422 35319 35199 35069 34929 34745 34548 34327 34091 33831 33553 33237 32910 32561 32191 31787 31378 30953 30493 30026 29543 29044 28550 28029 27503 26995 26481 25954 25435 25221 24907 -9999 -9999 -9999 -9999 -9999 -9999 -9999 -9999 -9999 -9999 -9999 -9999 -9999 -9999 -9999 -9999 -9999 -9999 -9999 -9999 -9999 20303 20270 20072 19806 19598 19421 19399 19442 19489 19549 19574 19613 19638 19678 19698 19716 19742
35388 35369 35339 35282 35222 35159 35087 34991 34901 34785 34660 34515 34351 34166 33941 33727 33472 33209 32918 32609 32278 31918 31544 31156 30746 30310 29869 29403 28921 28436 27945 27548 26940 26426 25931 25444 25235 24931 -9999 -9999 -9999 -9999 -9999 -9999 -9999 -9999 -9999 -9999 -9999 -9999 -9999 -9999 -9999 -9999 -9999 -9999 -9999 -9999 -9999 -9999 -9999 20130 20004 19785 19574 19324 19223 19275 19331 19372 19426 19457 19493 19545 19586 19615 19666
34904 34876 34828 34768 34705 34638 34552 34464 34340 34231 34093 33944 33764 33561 33354 33105 32857 32574 32291 31979 31637 31285 30910 30522 30110 29686 29236 28783 28325 27944 27566 27017 26486 25979 25489 25222 24939 -9999 -9999 -9999 -9999 -9999 -9999 -9999 -9999 -9999 -9999 -9999 -9999 -9999 -9999 -9999 -9999 -9999 -9999 -9999 -9999 -9999 -9999 -9999 -9999 -9999 19989 19772 19509 19239 19141 19117 19172 19231 19267 19317 19363 19425 19492 19545 19599
34409 34361 34307 34243 34174 34094 34010 33897 33781 33645 33513 33351 33165 32956 32723 32484 32218 31963 31661 31340 30989 30646 30282 29885 29486 29052 28627 28178 27932 27676 27204 -9999 26099 25556 25321 24974 -9999 -9999 -9999 -9999 -9999 -9999 -9999 -9999 -9999 -9999 -9999 -9999 -9999 -9999 -9999 -9999 -9999 -9999 -9999 -9999 -9999 -9999 -9999 -9999 -9999 -9999 -9999 19741 19375 19220 18988 18969 19031 19088 19132 19172 19262 19329 19403 19479 -9999
33906 33844 33785 33714 33631 33543 33443 33330 33195 33066 32905 32739 32549 32335 32114 31850 31595 31324 31034 30705 30365 30005 29643 29270 28853 28454 28022 27888 27646 -9999 -9999 -9999 -9999 -9999 -9999 -9999 -9999 -9999 -9999 -9999 -9999 -9999 -9999 -9999 -9999 -9999 -9999 -9999 -9999 -9999 -9999 -9999 -9999 -9999 -9999 -9999 -9999 -9999 -9999 -9999 -9999 -9999 -9999 -9999 19368 19024 18905 18839 18898 18953 19004 19078 19137 19244 -9999 -9999 -9999
33411 33344 33263 33169 33087 32991 32883 32752 32626 32459 32304 32125 31932 31723 31480 31237 30977 30700 30404 30087 29750 29384 29036 28656 28275 27860 27738 27510 -9999 -9999 -9999 -9999 -9999 -9999 -9999 -9999 -9999 -9999 -9999 -9999 -9999 -9999 -9999 -9999 -9999 -9999 -9999 -9999 -9999 -9999 -9999 -9999 -9999 -9999 -9999 -9999 -9999 -9999 -9999 -9999 -9999 -9999 -9999 -9999 -9999 -9999 18746 18773 18773 18849 18908 18962 -9999 -9999 -9999 -9999 -9999
32908 32836 32741 32641 32543 32441 32316 32194 32040 31889 31705 31524 31328 31106 30877 30630 30365 30083 29800 29479 29137 28804 28440 28076 27700 27593 27362 -9999 -9999 -9999 -9999 -9999 -9999 -9999 -9999 -9999 -9999 -9999 -9999 -9999 -9999 -9999 -9999 -9999 -9999 -9999 -9999 -9999 -9999 -9999 -9999 -9999 -9999 -9999 -9999 -9999 -9999 -9999 -9999 -9999 -9999 -9999 -9999 -9999 -9999 -9999 -9999 18694 18731 18769 18824 -9999 -9999 -9999 -9999 -9999 -9999
32416 32322 32230 32124 32020 31902 31777 31638 31484 31314 31137 30936 30728 30512 30289 30029 29760 29482 29195 28899 28563 28226 27878 27519 27420 27217 -9999 -9999 -9999 -9999 -9999 -9999 -9999 -9999 -9999 -9999 -9999 -9999 -9999 -9999 -9999 -9999 -9999 -9999 -9999 -9999 -9999 -9999 -9999 -9999 -9999 -9999 -9999 -9999 -9999 -9999 -9999 -9999 -9999 -9999 -9999 -9999 -9999 -9999 -9999 -9999 -9999 -9999 18680 -9999 -9999 -9999 -9999 -9999 -9999 -9999 -9999
31928 31829 31723 31610 31500 31384 31242 31104 30931 30761 30566 30362 30152 29943 29708 29445 29183 28911 28622 28322 28022 27682 27341 27249 27053 -9999 -9999 -9999 -9999 -9999 -9999 -9999 -9999 -9999 -9999 -9999 -9999 -9999 -9999 -9999 -9999 -9999 -9999 -9999 -9999 -9999 -9999 -9999 -9999 -9999 -9999 -9999 -9999 -9999 -9999 -9999 -9999 -9999 -9999 -9999 -9999 -9999 -9999 -9999 -9999 -9999 -9999 -9999 -9999 -9999 -9999 -9999 -9999 -9999 -9999 -9999 -9999
31443 31340 31220 31111 30995 30862 30731 30557 30394 30205 30018 29814 29593 29374 29146 28900 28625 28362 28161 27872 27560 27248 27078 26891 -9999 -9999 -9999 -9999 -9999 -9999 -9999 -9999 -9999 -9999 -9999 -9999 -9999 -9999 -9999 -9999 -9999 -9999 -9999 -9999 -9999 -9999 -9999 -9999 -9999 -9999 -9999 -9999 -9999 -9999 -9999 -9999 -9999 -9999 -9999 -9999 -9999 -9999 -9999 -9999 -9999 -9999 -9999 -9999 -9999 -9999 -9999 -9999 -9999 -9999 -9999 -9999 -9999
30981 30865 30739 30625 30493 30364 30208 30130 29864 29684 29488 29284 29072 28919 28698 28457 28119 27991 27792 27541 27245 27036 26817 -9999 -9999 -9999 -9999 -9999 -9999 -9999 -9999 -9999 -9999 -9999 -9999 -9999 -9999 -9999 -9999 -9999 -9999 -9999 -9999 -9999 -9999 -9999 -9999 -9999 -9999 -9999 -9999 -9999 -9999 -9999 -9999 -9999 -9999 -9999 -9999 -9999 -9999 -9999 -9999 -9999 -9999 -9999 -9999 -9999 -9999 -9999 -9999 -9999 -9999 -9999 -9999 -9999 -9999
30554 30414 30292 30145 30007 29871 29857 29674 29491 29190 29060 28855 28720 28569 28378 28041 27892 27735 -9999 -9999 -9999 -9999 -9999 -9999 -9999 -9999 -9999 -9999 -9999 -9999 -9999 -9999 -9999 -9999 -9999 -9999 -9999 -9999 -9999 -9999 -9999 -9999 -9999 -9999 -9999 -9999 -9999 -9999 -9999 -9999 -9999 -9999 -9999 -9999 -9999 -9999 -9999 -9999 -9999 -9999 -9999 -9999 -9999 -9999 -9999 -9999 -9999 -9999 -9999 -9999 -9999 -9999 -9999 -9999 -9999 -9999 -9999
30197 30065 29848 29764 29615 29583 29475 -9999 29052 28873 28727 28654 28513 -9999 -9999 -9999 27630 -9999 -9999 -9999 -9999 -9999 -9999 -9999 -9999 -9999 -9999 -9999 -9999 -9999 -9999 -9999 -9999 -9999 -9999 -9999 -9999 -9999 -9999 -9999 -9999 -9999 -9999 -9999 -9999 -9999 -9999 -9999 -9999 -9999 -9999 -9999 -9999 -9999 -9999 -9999 -9999 -9999 -9999 -9999 -9999 -9999 -9999 -9999 -9999 -9999 -9999 -9999 -9999 -9999 -9999 -9999 -9999 -9999 -9999 -9999 -9999
29952 29729 29588 29449 29424 29317 -9999 -9999 -9999 28701 -9999 -9999 -9999 -9999 -9999 -9999 -9999 -9999 -9999 -9999 -9999 -9999 -9999 -9999 -9999 -9999 -9999 -9999 -9999 -9999 -9999 -9999 -9999 -9999 -9999 -9999 -9999 -9999 -9999 -9999 -9999 -9999 -9999 -9999 -9999 -9999 -9999 -9999 -9999 -9999 -9999 -9999 -9999 -9999 -9999 -9999 -9999 -9999 -9999 -9999 -9999 -9999 -9999 -9999 -9999 -9999 -9999 -9999 -9999 -9999 -9999 -9999 -9999 -9999 -9999 -9999 -9999
-9999 -9999 29422 -9999 -9999 -9999 -9999 -9999 -9999 -9999 -9999 -9999 -9999 -9999 -9999 -9999 -9999 -9999 -9999 -9999 -9999 -9999 -9999 -9999 -9999 -9999 -9999 -9999 -9999 -9999 -9999 -9999 -9999 -9999 -9999 -9999 -9999 -9999 -9999 -9999 -9999 -9999 -9999 -9999 -9999 -9999 -9999 -9999 -9999 -9999 -9999 -9999 -9999 -9999 -9999 -9999 -9999 -9999 -9999 -9999 -9999 -9999 -9999 -9999 -9999 -9999 -9999 -9999 -9999 -9999 -9999 -9999 -9999 -9999 -9999 -9999 -9999
