ASPA-UH-SWB2_REPO/dynamic_inputs/RO_Rf_Ratios_Dynamic/Data/Gridded_rain/PRISM_ppt_tutuila_30yr_normal_80mM1_06_asc.asc
ncols 381
nrows 202
xllcorner -170.851658
yllcorner -14.379175
cellsize 0.00083333333
NODATA_value -9999
[rows 102 to 135 of 202, columns 154 to 230 of 381]
39443 39573 39699 39839 39962 40086 40204 40309 40411 40528 40619 40725 40802 40857 40903 40913 40889 40827 40739 40597 40444 40233 40003 39723 39425 39087 38717 38322 37900 37460 36982 36480 35945 35390 34788 34172 33554 32936 32323 31702 31073 30428 29777 29119 28473 27823 27185 26543 25940 25348 24788 24250 23751 23277 22845 22437 22053 21685 21369 21081 20858 20747 -9999 -9999 -9999 -9999 -9999 -9999 -9999 -9999 -9999 -9999 -9999 -9999 -9999 -9999 -9999
39778 39875 39977 40077 40175 40266 40351 40423 40499 40563 40643 40696 40745 40780 40792 40776 40722 40650 40538 40412 40226 40012 39763 39488 39162 38826 38450 38032 37609 37151 36669 36148 35616 35041 34442 33822 33197 32581 31971 31363 30739 30099 29445 28811 28165 27535 26876 26258 25655 25074 24523 24011 23505 23039 22606 22206 21822 21473 21142 20865 20687 20622 -9999 -9999 -9999 -9999 -9999 -9999 -9999 -9999 -9999 -9999 -9999 -9999 -9999 -9999 -9999
40047 40111 40189 40246 40311 40369 40412 40465 40498 40536 40578 40610 40623 40630 40606 40557 40488 40388 40274 40124 39944 39712 39461 39166 38852 38497 38114 37704 37257 36789 36289 35779 35220 34649 34046 33425 32802 32189 31594 30980 30366 29729 29105 28461 27837 27194 26565 25944 25360 24788 24255 23727 23247 22790 22374 21964 21581 21243 20933 20690 20576 -9999 -9999 -9999 -9999 -9999 -9999 -9999 -9999 -9999 -9999 -9999 -9999 -9999 -9999 -9999 -9999
40257 40287 40322 40346 40369 40392 40417 40429 40434 40444 40442 40437 40428 40398 40338 40263 40170 40057 39924 39763 39567 39341 39071 38781 38456 38095 37707 37289 36842 36356 35861 35333 34786 34202 33606 32981 32385 31778 31171 30575 29961 29342 28717 28102 27473 26848 26222 25619 25036 24490 23949 23457 22978 22538 22113 21730 21357 21022 20714 20580 20456 -9999 -9999 -9999 -9999 -9999 -9999 -9999 -9999 -9999 -9999 -9999 -9999 -9999 -9999 -9999 -9999
40388 40383 40384 40382 40370 40359 40349 40326 40296 40271 40232 40190 40153 40087 39999 39896 39777 39642 39504 39332 39124 38873 38616 38316 37979 37621 37226 36801 36337 35872 35360 34838 34280 33717 33108 32519 31916 31324 30734 30137 29530 28922 28310 27699 27096 26474 25869 25274 24709 24164 23649 23167 22715 22276 21878 21487 21143 20810 20658 20467 -9999 -9999 -9999 -9999 -9999 -9999 -9999 -9999 -9999 -9999 -9999 -9999 -9999 -9999 -9999 -9999 -9999
40454 40423 40379 40333 40296 40250 40206 40147 40082 40013 39939 39878 39797 39702 39594 39465 39319 39167 39007 38822 38593 38347 38073 37768 37435 37071 36678 36245 35788 35307 34817 34277 33733 33157 32584 32002 31416 30846 30266 29673 29074 28477 27883 27291 26688 26086 25488 24919 24371 23835 23330 22866 22432 22030 21623 21252 20910 20753 20554 -9999 -9999 -9999 -9999 -9999 -9999 -9999 -9999 -9999 -9999 -9999 -9999 -9999 -9999 -9999 -9999 -9999 -9999
40442 40375 40304 40223 40124 40061 39973 39880 39780 39677 39585 39481 39373 39260 39125 38969 38798 38636 38451 38235 38001 37740 37460 37152 36820 36460 36059 35634 35178 34705 34199 33682 33133 32578 32004 31440 30886 30335 29760 29182 28591 28003 27427 26843 26259 25667 25094 24544 24013 23495 23009 22563 22148 21736 21366 21007 20845 20635 -9999 -9999 -9999 -9999 -9999 -9999 -9999 -9999 -9999 -9999 -9999 -9999 -9999 -9999 -9999 -9999 -9999 -9999 -9999
40359 40245 40138 40012 39894 39779 39666 39528 39404 39284 39150 39021 38887 38749 38597 38415 38227 38041 37831 37604 37354 37078 36790 36482 36136 35777 35386 34955 34516 34044 33556 33035 32499 31951 31411 30865 30323 29777 29223 28661 28086 27507 26938 26372 25797 25237 24690 24158 23645 23145 22676 22248 21833 21458 21082 20921 20697 -9999 -9999 -9999 -9999 -9999 -9999 -9999 -9999 -9999 -9999 -9999 -9999 -9999 -9999 -9999 -9999 -9999 -9999 -9999 -9999
40199 40047 39885 39731 39579 39437 39281 39127 38968 38806 38656 38502 38343 38172 37988 37798 37602 37383 37165 36922 36662 36376 36071 35747 35411 35053 34655 34234 33798 33337 32860 32360 31832 31319 30788 30263 29734 29194 28656 28109 27549 26984 26434 25874 25330 24787 24268 23761 23275 22793 22342 21913 21535 21153 20981 20754 -9999 -9999 -9999 -9999 -9999 -9999 -9999 -9999 -9999 -9999 -9999 -9999 -9999 -9999 -9999 -9999 -9999 -9999 -9999 -9999 -9999
39944 39755 39565 39376 39197 39013 38830 38652 38450 38271 38097 37910 37718 37532 37323 37118 36898 36664 36439 36190 35907 35629 35316 34984 34641 34276 33889 33478 33052 32611 32139 31647 31160 30662 30152 29633 29111 28586 28072 27538 26994 26447 25902 25372 24841 24335 23824 23361 22885 22491 22044 21595 21266 21049 20810 -9999 -9999 -9999 -9999 -9999 -9999 -9999 -9999 -9999 -9999 -9999 -9999 -9999 -9999 -9999 -9999 -9999 -9999 -9999 -9999 -9999 -9999
39613 39387 39160 38935 38732 38521 38315 38084 37867 37654 37457 37246 37040 36820 36595 36367 36124 35893 35655 35401 35120 34822 34512 34190 33840 33485 33099 32699 32276 31865 31408 30939 30467 29981 29486 28990 28477 27975 27467 26958 26423 25899 25373 24856 24361 23864 23396 22933 22635 22240 21752 21387 21153 20911 -9999 -9999 -9999 -9999 -9999 -9999 -9999 -9999 -9999 -9999 -9999 -9999 -9999 -9999 -9999 -9999 -9999 -9999 -9999 -9999 -9999 -9999 -9999
39200 38945 38672 38421 38174 37948 37708 37454 37203 36977 36738 36522 36284 36050 35802 35559 35311 35075 34825 34548 34279 33976 33661 33344 33013 32652 32278 31890 31489 31076 30650 30203 29741 29263 28794 28316 27828 27334 26851 26351 25848 25334 24829 24347 23862 23407 22948 22758 22482 -9999 -9999 21249 -9999 -9999 -9999 -9999 -9999 -9999 -9999 -9999 -9999 -9999 -9999 -9999 -9999 -9999 -9999 -9999 -9999 -9999 -9999 -9999 -9999 -9999 -9999 -9999 -9999
38712 38400 38120 37833 37560 37291 37026 36747 36483 36216 35973 35726 35465 35209 34956 34700 34446 34196 33931 33666 33375 33083 32781 32459 32124 31794 31424 31042 30665 30267 29846 29419 28968 28526 28077 27610 27148 26688 26206 25731 25246 24752 24282 23818 23376 22930 22753 22487 -9999 -9999 -9999 -9999 -9999 -9999 -9999 -9999 -9999 -9999 -9999 -9999 -9999 -9999 -9999 -9999 -9999 -9999 -9999 -9999 -9999 -9999 -9999 -9999 -9999 -9999 -9999 -9999 -9999
38162 37824 37498 37186 36876 36580 36270 35986 35698 35407 35142 34873 34598 34329 34055 33794 33535 33261 32998 32718 32430 32143 31854 31536 31224 30892 30539 30164 29803 29419 29028 28605 28185 27757 27328 26898 26463 26006 25557 25091 24636 24177 23733 23304 22880 22720 22470 -9999 -9999 -9999 -9999 -9999 -9999 -9999 -9999 -9999 -9999 -9999 -9999 -9999 -9999 -9999 -9999 -9999 -9999 -9999 -9999 -9999 -9999 -9999 -9999 -9999 -9999 -9999 -9999 -9999 -9999
37541 37189 36828 36479 36143 35801 35474 35164 34850 34552 34251 33969 33681 33398 33121 32857 32576 32306 32020 31744 31461 31188 30896 30611 30298 29973 29627 29285 28920 28560 28185 27796 27398 27001 26585 26184 25767 25326 24897 24470 24032 23599 23191 22788 22657 22421 -9999 -9999 -9999 -9999 -9999 -9999 -9999 -9999 -9999 -9999 -9999 -9999 -9999 -9999 -9999 -9999 -9999 -9999 -9999 -9999 -9999 -9999 -9999 -9999 -9999 -9999 -9999 -9999 -9999 -9999 -9999
36840 36464 36090 35728 35360 34983 34642 34297 33967 33654 33337 33028 32724 32437 32156 31890 31607 31317 31037 30751 30484 30218 29942 29656 29358 29040 28727 28382 28043 27700 27350 26984 26619 26234 25856 25464 25066 24654 24247 23846 23443 23046 22645 22529 22320 -9999 -9999 -9999 -9999 -9999 -9999 -9999 -9999 -9999 -9999 -9999 -9999 -9999 -9999 -9999 -9999 -9999 -9999 -9999 -9999 -9999 -9999 -9999 -9999 -9999 -9999 -9999 -9999 -9999 -9999 -9999 -9999
36061 35662 35276 34895 34494 34119 33758 33403 33053 32707 32387 32063 31758 31457 31172 30903 30618 30327 30048 29770 29502 29244 28976 28707 28416 28122 27808 27499 27177 26857 26523 26189 25827 25480 25120 24748 24363 23992 23611 23238 22861 22480 22372 22168 -9999 -9999 -9999 -9999 -9999 -9999 -9999 -9999 -9999 -9999 -9999 -9999 -9999 -9999 -9999 -9999 -9999 -9999 -9999 -9999 -9999 -9999 -9999 -9999 -9999 -9999 -9999 -9999 -9999 -9999 -9999 -9999 -9999
35221 34776 34383 33982 33586 33204 32817 32456 32100 31759 31410 31099 30772 30470 30183 29903 29616 29342 29062 28793 28534 28276 28026 27756 27492 27208 26919 26626 26329 26015 25711 25379 25064 24719 24390 24031 23689 23327 23084 22737 22294 22190 22000 -9999 -9999 -9999 -9999 -9999 -9999 -9999 -9999 -9999 -9999 -9999 -9999 -9999 -9999 -9999 -9999 -9999 -9999 -9999 -9999 -9999 -9999 -9999 -9999 -9999 -9999 -9999 -9999 -9999 -9999 -9999 -9999 -9999 -9999
34287 33856 33420 33025 32623 32228 31838 31465 31129 30764 30447 30110 29797 29486 29190 28909 28630 28365 28095 27834 27584 27345 27096 26845 26581 26322 26041 25764 25488 25204 24885 24592 24288 23976 23653 23348 23014 22882 22631 22239 22034 21812 -9999 -9999 -9999 -9999 -9999 -9999 -9999 -9999 -9999 -9999 -9999 -9999 -9999 -9999 -9999 -9999 -9999 -9999 -9999 -9999 -9999 -9999 -9999 -9999 -9999 -9999 -9999 -9999 -9999 -9999 -9999 -9999 -9999 -9999 -9999
33340 32859 32426 32002 31598 31203 30814 30454 30089 29773 29436 29132 28817 28513 28201 27930 27663 27399 27146 26896 26657 26417 26185 25952 25696 25434 25186 24923 24662 24381 24102 23814 23536 23249 22972 22666 22641 22501 -9999 -9999 21704 -9999 -9999 -9999 -9999 -9999 -9999 -9999 -9999 -9999 -9999 -9999 -9999 -9999 -9999 -9999 -9999 -9999 -9999 -9999 -9999 -9999 -9999 -9999 -9999 -9999 -9999 -9999 -9999 -9999 -9999 -9999 -9999 -9999 -9999 -9999 -9999
32290 31810 31353 30923 30517 30114 29742 29380 29047 28718 28434 28126 27840 27539 27256 26983 26729 26466 26212 25980 25738 25515 25281 25063 24830 24575 24332 24103 23847 23593 23340 23079 22810 22569 22291 22285 22175 -9999 -9999 -9999 -9999 -9999 -9999 -9999 -9999 -9999 -9999 -9999 -9999 -9999 -9999 -9999 -9999 -9999 -9999 -9999 -9999 -9999 -9999 -9999 -9999 -9999 -9999 -9999 -9999 -9999 -9999 -9999 -9999 -9999 -9999 -9999 -9999 -9999 -9999 -9999 -9999
31210 30690 30228 29809 29396 29011 28646 28304 27981 27685 27392 27139 26850 26587 26319 26069 25812 25571 25317 25071 24844 24627 24417 24196 23969 23748 23512 23289 23080 22835 22601 22368 22136 21886 21770 21818 -9999 -9999 -9999 -9999 -9999 -9999 -9999 -9999 -9999 -9999 -9999 -9999 -9999 -9999 -9999 -9999 -9999 -9999 -9999 -9999 -9999 -9999 -9999 -9999 -9999 -9999 -9999 -9999 -9999 -9999 -9999 -9999 -9999 -9999 -9999 -9999 -9999 -9999 -9999 -9999 -9999
30087 29569 29099 28686 28293 27924 27579 27245 26940 26660 26384 26127 25890 25635 25395 25155 24918 24684 24443 24206 23986 23773 23569 23364 23154 22950 22732 22529 22318 22120 21895 21681 21478 21284 21179 -9999 -9999 -9999 -9999 -9999 -9999 -9999 -9999 -9999 -9999 -9999 -9999 -9999 -9999 -9999 -9999 -9999 -9999 -9999 -9999 -9999 -9999 -9999 -9999 -9999 -9999 -9999 -9999 -9999 -9999 -9999 -9999 -9999 -9999 -9999 -9999 -9999 -9999 -9999 -9999 -9999 -9999
28963 28465 28015 27611 27222 26870 26543 26225 25946 25658 25404 25160 24923 24704 24477 24263 24039 23813 23587 23376 23168 22963 22765 22585 22382 22177 21997 21801 21620 21421 21234 21039 20835 20689 20708 -9999 -9999 -9999 -9999 -9999 -9999 -9999 -9999 -9999 -9999 -9999 -9999 -9999 -9999 -9999 -9999 -9999 -9999 -9999 -9999 -9999 -9999 -9999 -9999 -9999 -9999 -9999 -9999 -9999 -9999 -9999 -9999 -9999 -9999 -9999 -9999 -9999 -9999 -9999 -9999 -9999 -9999
27940 27421 26991 26581 26218 25868 25531 25267 24978 24703 24460 24215 24009 23799 23592 23389 23187 22974 22781 22587 22392 22199 22021 21837 21660 21480 21287 21130 20947 20777 20599 20433 20268 20285 20254 -9999 -9999 -9999 -9999 -9999 -9999 -9999 -9999 -9999 -9999 -9999 -9999 -9999 -9999 -9999 -9999 -9999 -9999 -9999 -9999 -9999 -9999 -9999 -9999 -9999 -9999 -9999 -9999 -9999 -9999 -9999 -9999 -9999 -9999 -9999 -9999 -9999 -9999 -9999 -9999 -9999 -9999
27073 26483 26019 25633 25270 24929 24619 24317 24056 23788 23557 23334 23137 22946 22748 22563 22379 22196 22003 21840 21663 21493 21305 21151 20990 20815 20647 20465 20330 20169 20011 19864 19909 19895 -9999 -9999 -9999 -9999 -9999 -9999 -9999 -9999 -9999 -9999 -9999 -9999 -9999 -9999 -9999 -9999 -9999 -9999 -9999 -9999 -9999 -9999 -9999 -9999 -9999 -9999 -9999 -9999 -9999 -9999 -9999 -9999 -9999 -9999 -9999 -9999 -9999 -9999 -9999 -9999 -9999 -9999 -9999
26272 25650 25144 24759 24395 24059 23753 23468 23186 22953 22704 22513 22315 22143 21971 21803 21615 21459 21292 21125 20978 20815 20671 20516 20354 20206 20042 19895 19724 19600 19470 19518 19514 -9999 -9999 -9999 -9999 -9999 -9999 -9999 -9999 -9999 -9999 -9999 -9999 -9999 -9999 -9999 -9999 -9999 -9999 -9999 -9999 -9999 -9999 -9999 -9999 -9999 -9999 -9999 -9999 -9999 -9999 -9999 -9999 -9999 -9999 -9999 -9999 -9999 -9999 -9999 -9999 -9999 -9999 -9999 -9999
25465 24874 24350 23945 23594 23259 22971 22675 22429 22165 21950 21758 21569 21403 21258 21093 20918 20756 20614 20482 20328 20193 20056 19935 19792 19642 19494 19340 19215 19076 19131 19133 -9999 -9999 -9999 -9999 -9999 -9999 -9999 -9999 -9999 -9999 -9999 -9999 -9999 -9999 -9999 -9999 -9999 -9999 -9999 -9999 -9999 -9999 -9999 -9999 -9999 -9999 -9999 -9999 -9999 -9999 -9999 -9999 -9999 -9999 -9999 -9999 -9999 -9999 -9999 -9999 -9999 -9999 -9999 -9999 -9999
24685 24079 23592 23163 22851 22540 22252 21985 21717 21488 21271 21080 20900 20750 20588 20436 20293 20130 19991 19862 19743 19611 19498 19383 19273 19142 18992 18857 18726 18775 18765 -9999 -9999 -9999 -9999 -9999 -9999 -9999 -9999 -9999 -9999 -9999 -9999 -9999 -9999 -9999 -9999 -9999 -9999 -9999 -9999 -9999 -9999 -9999 -9999 -9999 -9999 -9999 -9999 -9999 -9999 -9999 -9999 -9999 -9999 -9999 -9999 -9999 -9999 -9999 -9999 -9999 -9999 -9999 -9999 -9999 -9999
24041 23392 22878 22460 22149 21874 21597 21330 21102 20869 20664 20462 20302 20153 20004 19863 19721 19579 19548 19432 19317 19210 19101 19008 18901 18787 18649 18512 18469 18437 -9999 -9999 -9999 -9999 -9999 -9999 -9999 -9999 -9999 -9999 -9999 -9999 -9999 -9999 -9999 -9999 -9999 -9999 -9999 -9999 -9999 -9999 -9999 -9999 -9999 -9999 -9999 -9999 -9999 -9999 -9999 -9999 -9999 -9999 -9999 -9999 -9999 -9999 -9999 -9999 -9999 -9999 -9999 -9999 -9999 -9999 -9999
23505 22922 22418 21996 21613 21334 21067 20838 20606 20389 20181 19917 19757 19620 19496 19365 19321 19307 19309 19311 19203 19102 19016 18924 18822 18697 18559 18471 18366 -9999 -9999 -9999 -9999 -9999 -9999 -9999 -9999 -9999 -9999 -9999 -9999 -9999 -9999 -9999 -9999 -9999 -9999 -9999 -9999 -9999 -9999 -9999 -9999 -9999 -9999 -9999 -9999 -9999 -9999 -9999 -9999 -9999 -9999 -9999 -9999 -9999 -9999 -9999 -9999 -9999 -9999 -9999 -9999 -9999 -9999 -9999 -9999
23112 22614 22189 21786 21393 21038 20784 20558 20339 20115 19844 19595 19353 19231 19123 19112 19203 19315 19349 19378 19400 19319 19238 19147 19036 18920 18769 18612 18520 -9999 -9999 -9999 -9999 -9999 -9999 -9999 -9999 -9999 -9999 -9999 -9999 -9999 -9999 -9999 -9999 -9999 -9999 -9999 -9999 -9999 -9999 -9999 -9999 -9999 -9999 -9999 -9999 -9999 -9999 -9999 -9999 -9999 -9999 -9999 -9999 -9999 -9999 -9999 -9999 -9999 -9999 -9999 -9999 -9999 -9999 -9999 -9999
22742 22418 22004 21614 21248 20975 20731 20505 20296 20010 19738 19469 19250 19062 19065 19087 19116 19252 19402 19464 19416 19349 19288 19214 19119 18997 18858 18727 18569 -9999 -9999 -9999 -9999 -9999 -9999 -9999 -9999 -9999 -9999 -9999 -9999 -9999 -9999 -9999 -9999 -9999 -9999 -9999 -9999 -9999 -9999 -9999 -9999 -9999 -9999 -9999 -9999 -9999 -9999 -9999 -9999 -9999 -9999 -9999 -9999 -9999 -9999 -9999 -9999 -9999 -9999 -9999 -9999 -9999 -9999 -9999 -9999
22300 21987 21689 21310 21043 20774 20554 20330 20124 19941 19660 19411 19196 19102 19035 19076 19135 19197 19273 19252 19228 19200 19151 19089 19018 18914 18806 18661 18545 18372 -9999 -9999 -9999 -9999 -9999 -9999 -9999 -9999 -9999 -9999 -9999 -9999 -9999 -9999 -9999 -9999 -9999 -9999 -9999 -9999 -9999 -9999 -9999 -9999 -9999 -9999 -9999 -9999 -9999 -9999 -9999 -9999 -9999 -9999 -9999 -9999 -9999 -9999 -9999 -9999 -9999 -9999 -9999 -9999 -9999 -9999 -9999
