ASPA-UH-SWB2_REPO/dynamic_inputs/RO_Rf_Ratios_Dynamic/Data/Gridded_rain/PRISM_ppt_tutuila_30yr_normal_80mM1_07_asc.asc
ncols 381
nrows 202
xllcorner -170.851658
yllcorner -14.379175
cellsize 0.00083333333
NODATA_value -9999
[rows 34 to 67 of 202, columns 231 to 307 of 381]
-9999 -9999 -9999 -9999 -9999 -9999 -9999 -9999 -9999 -9999 -9999 -9999 -9999 -9999 -9999 -9999 -9999 -9999 -9999 -9999 -9999 -9999 -9999 -9999 -9999 -9999 -9999 -9999 -9999 -9999 -9999 -9999 -9999 -9999 -9999 -9999 -9999 -9999 -9999 -9999 -9999 -9999 -9999 -9999 -9999 -9999 -9999 -9999 -9999 -9999 -9999 -9999 -9999 -9999 -9999 -9999 -9999 -9999 -9999 -9999 -9999 -9999 -9999 -9999 -9999 -9999 -9999 -9999 -9999 -9999 -9999 -9999 -9999 -9999 -9999 -9999 -9999
-9999 -9999 -9999 -9999 -9999 -9999 -9999 -9999 -9999 -9999 -9999 -9999 -9999 -9999 -9999 -9999 -9999 -9999 -9999 -9999 -9999 -9999 -9999 -9999 -9999 -9999 -9999 -9999 -9999 -9999 -9999 -9999 -9999 -9999 -9999 -9999 -9999 -9999 -9999 -9999 -9999 -9999 -9999 -9999 -9999 -9999 -9999 -9999 -9999 -9999 -9999 -9999 -9999 -9999 -9999 -9999 -9999 -9999 -9999 -9999 -9999 -9999 -9999 -9999 -9999 -9999 -9999 -9999 -9999 -9999 -9999 -9999 -9999 -9999 -9999 -9999 -9999
-9999 -9999 -9999 -9999 -9999 -9999 -9999 -9999 -9999 -9999 -9999 -9999 -9999 -9999 -9999 -9999 -9999 -9999 -9999 -9999 -9999 -9999 -9999 -9999 -9999 -9999 -9999 -9999 -9999 -9999 -9999 -9999 -9999 -9999 -9999 -9999 -9999 -9999 -9999 -9999 -9999 -9999 -9999 -9999 -9999 -9999 -9999 -9999 -9999 -9999 -9999 -9999 -9999 -9999 -9999 -9999 -9999 -9999 -9999 -9999 -9999 -9999 -9999 -9999 -9999 -9999 -9999 -9999 -9999 -9999 -9999 -9999 -9999 -9999 -9999 -9999 -9999
-9999 -9999 -9999 -9999 -9999 -9999 -9999 -9999 -9999 -9999 -9999 -9999 -9999 -9999 -9999 -9999 -9999 -9999 -9999 -9999 -9999 -9999 14956 14960 -9999 -9999 -9999 -9999 -9999 14997 15000 -9999 -9999 -9999 -9999 -9999 -9999 -9999 -9999 -9999 -9999 -9999 -9999 -9999 12803 -9999 -9999 -9999 -9999 -9999 -9999 -9999 -9999 -9999 -9999 -9999 -9999 -9999 -9999 -9999 -9999 -9999 -9999 -9999 -9999 -9999 -9999 -9999 -9999 -9999 -9999 -9999 -9999 -9999 -9999 -9999 -9999
15931 -9999 -9999 -9999 -9999 -9999 15358 15313 -9999 -9999 -9999 -9999 -9999 -9999 -9999 -9999 -9999 -9999 -9999 -9999 -9999 14988 14987 14993 15009 -9999 -9999 -9999 15037 15026 15028 15036 -9999 -9999 -9999 -9999 -9999 -9999 -9999 -9999 -9999 -9999 -9999 12901 12898 12892 -9999 -9999 -9999 -9999 -9999 -9999 -9999 -9999 -9999 -9999 -9999 -9999 -9999 -9999 -9999 -9999 -9999 -9999 -9999 -9999 -9999 -9999 -9999 -9999 -9999 -9999 -9999 -9999 -9999 -9999 -9999
16070 16016 -9999 -9999 -9999 15516 15424 15389 15353 -9999 -9999 -9999 -9999 -9999 -9999 -9999 15090 15079 -9999 -9999 15062 15044 15034 15043 15069 15081 15100 15093 15086 15076 15075 15092 15108 -9999 -9999 -9999 14581 14301 -9999 -9999 -9999 -9999 13107 13072 13002 13070 13106 -9999 -9999 -9999 -9999 -9999 -9999 -9999 -9999 -9999 -9999 -9999 -9999 -9999 -9999 -9999 -9999 -9999 -9999 -9999 -9999 -9999 -9999 -9999 -9999 -9999 -9999 -9999 -9999 -9999 -9999
16202 16171 16074 -9999 15807 15671 15558 15476 15463 15433 -9999 -9999 -9999 -9999 -9999 15175 15136 15133 15142 15139 15131 15114 15116 15130 15137 15158 15157 15163 15155 15154 15156 15154 15177 15182 -9999 14949 14678 14380 14148 13707 -9999 13336 13315 13229 13235 13227 13280 13315 -9999 -9999 -9999 -9999 -9999 -9999 -9999 -9999 -9999 -9999 -9999 -9999 -9999 -9999 -9999 -9999 -9999 -9999 -9999 -9999 -9999 -9999 -9999 -9999 -9999 -9999 -9999 -9999 -9999
16460 16316 16256 16125 15993 15841 15741 15648 15565 15554 15526 -9999 -9999 -9999 15321 15278 15228 15222 15235 15233 15218 15219 15229 15236 15244 15249 15254 15254 15261 15262 15256 15257 15247 15274 15262 15175 14879 14560 14167 13880 13631 13578 13491 13500 13479 13470 13447 13509 13547 -9999 -9999 -9999 -9999 -9999 -9999 -9999 -9999 -9999 -9999 -9999 -9999 -9999 -9999 -9999 -9999 -9999 -9999 -9999 -9999 -9999 -9999 -9999 -9999 -9999 -9999 -9999 -9999
16805 16646 16501 16349 16182 16061 15947 15847 15754 15668 15664 15617 -9999 15512 15453 15394 15375 15361 15352 15360 15357 15354 15362 15374 15374 15380 15384 15389 15390 15389 15391 15377 15375 15362 15367 15282 15099 14773 14386 14013 13891 13771 13782 13754 13760 13724 13716 13679 13721 13763 -9999 -9999 -9999 -9999 13810 -9999 -9999 -9999 -9999 -9999 -9999 -9999 -9999 -9999 -9999 -9999 -9999 -9999 -9999 -9999 -9999 -9999 -9999 -9999 -9999 -9999 -9999
17330 17142 16917 16704 16512 16362 16230 16073 15973 15880 15795 15790 15728 15679 15602 15570 15551 15536 15527 15526 15527 15525 15529 15534 15542 15539 15540 15549 15545 15549 15538 15537 15520 15508 15490 15426 15297 15021 14690 14305 14139 14083 14056 14055 14032 14014 13970 13948 13907 13964 13996 -9999 -9999 13932 13931 13917 -9999 -9999 -9999 -9999 -9999 -9999 -9999 -9999 -9999 -9999 -9999 -9999 -9999 -9999 -9999 -9999 -9999 -9999 -9999 -9999 -9999
18069 17790 17541 17289 17047 16818 16622 16448 16288 16184 16041 15969 15941 15858 15819 15791 15761 15739 15737 15727 15728 15736 15730 15736 15735 15736 15732 15732 15732 15727 15725 15710 15701 15679 15664 15630 15519 15310 15026 14690 14473 14398 14378 14357 14342 14305 14260 14228 14193 14151 14196 14208 14172 14132 14043 14102 14126 -9999 -9999 -9999 -9999 -9999 -9999 -9999 -9999 -9999 -9999 -9999 -9999 -9999 -9999 -9999 -9999 -9999 -9999 -9999 -9999
18814 18558 18270 17988 17710 17461 17222 17009 16831 16603 16444 16304 16235 16180 16122 16041 16016 15988 15975 15970 15973 15971 15976 15969 15971 15960 15961 15951 15951 15944 15928 15925 15902 15882 15851 15830 15798 15604 15379 15052 14855 14750 14729 14697 14654 14624 14577 14534 14488 14436 14406 14418 14385 14313 14288 14267 14321 14352 -9999 -9999 -9999 -9999 -9999 -9999 -9999 -9999 14057 -9999 -9999 -9999 -9999 -9999 -9999 -9999 -9999 -9999 -9999
19523 19259 18992 18691 18436 18206 17938 17707 17445 17241 17032 16863 16722 16660 16546 16445 16365 16336 16261 16263 16254 16254 16246 16252 16235 16236 16219 16221 16208 16191 16183 16159 16143 16111 16078 16044 16016 15926 15690 15422 15216 15140 15090 15048 15003 14953 14904 14851 14802 14747 14688 14659 14620 14587 14551 14519 14499 14524 14524 14540 14532 -9999 -9999 -9999 -9999 14191 14134 14093 14091 14066 -9999 -9999 -9999 13888 -9999 -9999 -9999
20205 19918 19656 19380 19131 18868 18650 18392 18202 17962 17739 17539 17432 17286 17164 17041 16940 16801 16712 16648 16640 16623 16575 16563 16557 16546 16541 16522 16510 16490 16470 16443 16403 16373 16332 16302 16261 16185 16023 15779 15612 15515 15462 15409 15362 15300 15241 15186 15118 15058 14996 14947 14914 14869 14838 14795 14748 14722 14709 14669 14666 14684 -9999 -9999 14460 14372 14274 14240 14190 14163 14136 14107 14020 13994 13981 -9999 -9999
20870 20598 20302 20044 19773 19529 19283 19074 18853 18666 18432 18288 18153 18032 17883 17753 17584 17469 17364 17263 17180 17118 17040 16990 16918 16911 16893 16879 16852 16830 16796 16759 16717 16661 16629 16590 16551 16469 16349 16159 16008 15910 15846 15789 15721 15658 15597 15530 15451 15371 15305 15244 15208 15168 15118 15072 15021 14968 14925 14876 14830 14844 14820 14768 14680 14554 14490 14431 14371 14318 14297 14243 14189 14110 14143 14158 -9999
21564 21244 20982 20680 20435 20161 19926 19691 19503 19302 19127 18966 18830 18709 18599 18453 18360 18235 18119 17994 17902 17798 17707 17576 17451 17365 17354 17275 17238 17201 17164 17125 17066 17013 16959 16917 16861 16791 16679 16531 16424 16328 16239 16171 16101 16027 15955 15885 15793 15693 15615 15558 15511 15460 15398 15348 15295 15237 15183 15131 15073 15025 15019 14956 14860 14789 14722 14660 14598 14535 14479 14424 14376 14328 14282 14311 14327
22212 21933 21614 21345 21058 20814 20553 20341 20129 19952 19771 19613 19470 19352 19238 19137 19059 18971 18839 18771 18704 18581 18427 18269 18155 18054 17911 17818 17723 17626 17578 17522 17466 17394 17336 17271 17203 17114 17026 16915 16846 16744 16654 16565 16492 16406 16322 16231 16128 16024 15933 15874 15806 15760 15695 15625 15568 15507 15457 15394 15340 15287 15222 15160 15098 15038 14968 14896 14832 14774 14717 14660 14604 14555 14515 14476 14477
22895 22568 22271 21972 21709 21452 21227 21001 20802 20609 20437 20279 20136 20006 19892 19793 19719 19639 19558 19486 19401 19343 19223 19087 18945 18781 18666 18539 18367 18197 18025 17965 17889 17813 17736 17657 17565 17464 17380 17319 17249 17174 17080 16978 16875 16786 16673 16570 16463 16356 16262 16181 16119 16045 15992 15911 15842 15793 15724 15665 15614 15535 15474 15415 15350 15280 15207 15141 15081 15022 14963 14904 14847 14798 14751 14712 14674
23522 23208 22897 22627 22367 22128 21902 21704 21508 21325 21142 20970 20821 20696 20588 20484 20388 20298 20235 20161 20096 20028 19946 19850 19704 19619 19485 19302 19094 18877 18681 18484 18353 18262 18172 18066 17959 17846 17765 17703 17679 17607 17509 17377 17270 17159 17034 16911 16800 16689 16583 16498 16423 16346 16265 16197 16124 16056 15998 15935 15866 15799 15734 15664 15595 15523 15455 15386 15324 15263 15202 15143 15092 15043 14996 14950 14920
24144 23829 23540 23285 23047 22824 22625 22430 22235 22040 21866 21702 21549 21409 21292 21181 21088 20994 20900 20844 20787 20718 20624 20535 20444 20350 20264 20088 19856 19617 19390 19169 18951 18735 18623 18510 18389 18261 18163 18116 18093 18035 17904 17795 17658 17526 17388 17262 17139 17015 16904 16800 16721 16631 16547 16467 16391 16327 16250 16191 16118 16055 15986 15905 15834 15766 15696 15625 15554 15491 15429 15376 15325 15276 15237 15199 15157
24728 24445 24192 23952 23750 23534 23338 23153 22967 22781 22597 22433 22279 22147 22025 21905 21785 21685 21606 21530 21471 21388 21321 21232 21138 21053 20931 20804 20652 20405 20141 19895 19640 19402 19109 18972 18837 18694 18585 18519 18516 18432 18319 18179 18038 17885 17744 17605 17461 17334 17210 17101 16994 16909 16821 16730 16658 16566 16510 16431 16370 16296 16217 16148 16081 16003 15930 15857 15792 15728 15666 15612 15561 15519 15481 15438 15405
25315 25048 24819 24627 24421 24233 24038 23853 23678 23502 23328 23165 23021 22878 22747 22624 22505 22398 22303 22214 22137 22091 22013 21931 21847 21726 21620 21468 21324 21143 20932 20652 20377 20045 19771 19452 19301 19142 19012 18949 18920 18849 18709 18547 18402 18246 18093 17925 17777 17627 17500 17379 17276 17171 17072 16985 16902 16830 16746 16673 16600 16538 16463 16383 16307 16241 16166 16099 16032 15967 15911 15857 15807 15759 15714 15680 15656
25887 25654 25443 25256 25080 24893 24717 24552 24377 24213 24049 23896 23742 23600 23468 23356 23235 23100 22990 22894 22838 22779 22709 22624 22525 22421 22281 22136 21967 21813 21632 21435 21070 20760 20413 20113 19770 19594 19459 19367 19331 19234 19090 18907 18740 18590 18407 18244 18075 17914 17765 17649 17535 17427 17323 17225 17146 17056 16984 16899 16831 16758 16688 16613 16541 16466 16396 16327 16259 16200 16144 16091 16048 16001 15952 15920 15893
26420 26224 26042 25884 25708 25532 25366 25211 25057 24893 24749 24596 24443 24300 24178 24058 23937 23808 23679 23580 23502 23448 23385 23297 23195 23077 22934 22775 22623 22453 22267 22042 21822 21434 21109 20729 20414 20059 19888 19781 19722 19611 19437 19240 19062 18890 18714 18521 18349 18167 18023 17895 17777 17658 17551 17449 17352 17282 17183 17110 17040 16971 16906 16836 16762 16692 16621 16550 16482 16415 16358 16320 16278 16234 16193 16158 16127
26920 26746 26608 26452 26306 26150 25995 25840 25695 25552 25409 25266 25123 24981 24859 24740 24629 24498 24355 24241 24162 24090 24032 23951 23835 23704 23557 23415 23247 23062 22850 22630 22392 22149 21747 21389 20997 20649 20315 20178 20100 19954 19748 19548 19348 19164 18976 18789 18580 18411 18247 18116 17996 17873 17755 17642 17557 17461 17383 17292 17226 17163 17103 17031 16962 16898 16826 16754 16684 16618 16569 16538 16498 16456 16418 16386 16359
27366 27238 27101 26966 26840 26705 26571 26426 26303 26170 26028 25906 25774 25642 25521 25411 25291 25161 25015 24888 24797 24738 24664 24569 24449 24324 24183 24015 23842 23641 23423 23186 22920 22669 22401 21988 21594 21172 20800 20536 20436 20271 20041 19810 19607 19403 19212 19006 18811 18614 18455 18304 18181 18056 17927 17820 17724 17633 17544 17467 17391 17325 17270 17204 17141 17076 17010 16937 16875 16815 16767 16731 16700 16674 16632 16596 16573
27773 27657 27531 27436 27331 27207 27093 26990 26858 26746 26634 26523 26393 26262 26162 26053 25924 25784 25648 25519 25420 25352 25273 25172 25057 24916 24770 24587 24397 24190 23965 23700 23427 23147 22870 22564 22107 21669 21254 20919 20728 20544 20317 20056 19832 19625 19405 19196 18990 18800 18612 18467 18325 18197 18075 17957 17867 17766 17691 17611 17533 17465 17409 17356 17292 17225 17158 17108 17045 16993 16953 16910 16888 16858 16826 16795 16769
28121 28024 27938 27843 27759 27665 27582 27490 27389 27288 27197 27078 26979 26869 26741 26642 26513 26375 26230 26102 26006 25932 25847 25751 25619 25472 25310 25141 24935 24710 24456 24183 23902 23603 23285 22970 22592 22113 21666 21257 21004 20789 20548 20276 20022 19803 19581 19352 19144 18925 18753 18589 18444 18306 18182 18078 17971 17899 17807 17725 17653 17591 17533 17479 17421 17354 17301 17250 17195 17143 17111 17085 17050 17015 16986 16973 16953
28409 28349 28283 28208 28124 28081 28008 27937 27866 27787 27697 27599 27511 27402 27295 27178 27060 26913 26780 26649 26557 26478 26398 26274 26147 25993 25824 25627 25423 25179 24917 24625 24314 23994 23666 23319 22975 22516 21999 21550 21267 20999 20715 20449 20193 19936 19703 19473 19236 19042 18842 18685 18522 18382 18265 18160 18067 17977 17900 17808 17743 17687 17627 17580 17521 17468 17407 17364 17323 17287 17249 17217 17184 17151 17133 17124 17116
28642 28594 28557 28511 28467 28414 28372 28331 28290 28212 28144 28076 27979 27882 27796 27680 27544 27418 27281 27168 27063 26990 26893 26784 26617 26468 26280 26085 25839 25598 25316 25014 24672 24342 23992 23624 23258 22833 22297 21804 21441 21142 20864 20578 20311 20043 19791 19541 19321 19099 18916 18723 18575 18434 18307 18209 18115 18033 17945 17869 17794 17745 17708 17652 17600 17547 17508 17457 17424 17396 17358 17335 17296 17273 17259 17253 17255
28818 28783 28770 28754 28729 28705 28693 28672 28632 28584 28527 28480 28404 28318 28224 28109 28004 27861 27734 27632 27547 27449 27345 27217 27074 26884 26698 26462 26229 25934 25653 25330 24998 24624 24241 23873 23485 23048 22528 21972 21558 21250 20968 20662 20366 20106 19843 19592 19344 19130 18920 18753 18587 18445 18325 18218 18148 18041 17961 17891 17831 17774 17743 17702 17657 17611 17572 17536 17503 17468 17447 17425 17395 17367 17355 17360 17356
28951 28931 28924 28936 28950 28965 28963 28942 28922 28904 28867 28811 28765 28691 28598 28494 28381 28266 28153 28053 27948 27865 27752 27615 27443 27276 27048 26801 26525 26252 25926 25592 25238 24852 24446 24054 23643 23193 22650 22067 21653 21311 21007 20691 20403 20115 19851 19590 19351 19110 18917 18731 18574 18432 18312 18212 18117 18041 17945 17882 17830 17787 17749 17722 17678 17646 17608 17587 17547 17520 17499 17485 17457 17431 17428 17435 17440
29052 29031 29039 29070 29122 29146 29163 29171 29171 29153 29126 29100 29056 28992 28909 28827 28709 28611 28522 28415 28318 28217 28095 27938 27765 27566 27349 27069 26782 26475 26148 25791 25424 25015 24584 24157 23743 23270 22702 22107 21680 21325 20992 20684 20386 20088 19814 19562 19305 19082 18862 18694 18528 18394 18273 18166 18078 17995 17914 17843 17806 17772 17741 17699 17677 17646 17622 17586 17562 17535 17530 17502 17490 17479 17471 17479 17468
29110 29095 29109 29164 29216 29269 29314 29342 29351 29343 29345 29320 29295 29232 29160 29074 28992 28908 28823 28730 28628 28507 28362 28204 28020 27798 27558 27277 26955 26635 26295 25936 25522 25099 24667 24214 23776 23277 22697 22092 21647 21283 20958 20622 20306 20017 19752 19482 19233 18993 18783 18606 18457 18315 18195 18096 18000 17917 17852 17798 17753 17726 17695 17669 17639 17616 17585 17572 17540 17536 17508 17504 17492 17482 17483 17484 17480
