ASPA-UH-SWB2_REPO/dynamic_inputs/RO_Rf_Ratios_Dynamic/Data/Gridded_rain/PRISM_ppt_tutuila_30yr_normal_80mM1_01_asc.asc
ncols 381
nrows 202
xllcorner -170.851658
yllcorner -14.379175
cellsize 0.00083333333
NODATA_value -9999
[rows 68 to 101 of 202, columns 154 to 230 of 381]
-9999 37096 37349 37556 37984 38402 38835 39254 39679 40129 40584 41028 41472 41935 42377 42840 43322 43803 44288 44811 45355 45936 46545 47183 47829 48413 48945 49387 49797 50184 50527 50831 51101 51303 51443 51502 51522 51500 51481 51432 51346 51279 51158 51003 50757 50424 50024 49625 49215 48830 48467 48179 47892 47647 47422 47231 47058 46911 46799 46667 46569 46440 46314 46167 46008 45828 45615 45383 45161 44893 44622 44317 44009 43689 43381 43061 42775
37019 37271 37457 37871 38282 38724 39142 39555 39991 40430 40862 41285 41724 42141 42569 43014 43482 43946 44428 44937 45487 46075 46696 47347 47981 48565 49054 49496 49908 50292 50630 50898 51126 51318 51414 51451 51412 51339 51258 51144 51022 50856 50681 50451 50170 49828 49406 48962 48533 48119 47759 47423 47146 46897 46687 46495 46336 46233 46125 46053 45954 45874 45776 45679 45550 45422 45262 45101 44910 44719 44478 44236 43987 43723 43435 43171 42906
37190 37367 37775 38180 38606 39024 39443 39857 40279 40699 41107 41528 41908 42304 42714 43145 43574 44027 44503 45007 45564 46155 46784 47449 48089 48666 49170 49601 50022 50413 50739 51002 51218 51349 51431 51400 51312 51178 51006 50847 50635 50410 50151 49870 49537 49140 48707 48250 47774 47344 46945 46616 46324 46091 45869 45709 45581 45471 45410 45359 45310 45244 45197 45130 45065 44957 44871 44743 44615 44459 44306 44113 43911 43693 43469 43234 43024
37284 37688 38081 38500 38911 39336 39738 40153 40546 40939 41333 41698 42065 42428 42813 43215 43639 44078 44542 45046 45596 46187 46822 47490 48144 48746 49250 49722 50155 50551 50875 51153 51348 51461 51487 51415 51242 51036 50795 50497 50238 49927 49615 49255 48861 48449 47955 47467 46962 46518 46120 45751 45480 45230 45029 44876 44770 44696 44631 44629 44604 44601 44568 44542 44509 44477 44413 44349 44256 44164 44065 43933 43783 43619 43450 43263 43084
37604 37992 38407 38803 39238 39630 40040 40424 40797 41172 41513 41845 42175 42530 42901 43308 43730 44164 44630 45127 45652 46235 46854 47502 48176 48800 49363 49854 50320 50724 51082 51330 51523 51599 51575 51449 51222 50914 50577 50211 49823 49475 49076 48650 48212 47725 47231 46682 46162 45687 45258 44920 44607 44348 44153 44012 43919 43855 43866 43849 43874 43886 43906 43921 43928 43939 43929 43899 43880 43832 43769 43701 43613 43509 43377 43252 43112
37906 38318 38719 39140 39533 39941 40320 40691 41037 41359 41671 41967 42298 42661 43068 43479 43919 44372 44841 45336 45840 46385 46969 47591 48234 48875 49470 50027 50515 50956 51297 51519 51649 51713 51635 51454 51184 50792 50387 49946 49508 49056 48590 48109 47580 47059 46492 45931 45400 44884 44441 44068 43740 43468 43266 43134 43027 43016 43026 43059 43096 43147 43196 43263 43313 43367 43400 43434 43449 43465 43445 43422 43396 43336 43264 43176 43097
38234 38641 39059 39455 39856 40234 40602 40938 41254 41545 41817 42137 42485 42879 43304 43761 44232 44710 45178 45657 46169 46669 47203 47793 48397 49004 49618 50217 50746 51145 51451 51642 51704 51688 51563 51343 51013 50616 50154 49693 49190 48694 48165 47600 47016 46405 45796 45203 44635 44110 43642 43244 42895 42610 42385 42233 42179 42154 42175 42245 42307 42385 42474 42560 42675 42772 42858 42924 42992 43031 43084 43113 43121 43122 43083 43054 43012
38584 38993 39396 39793 40175 40542 40869 41178 41464 41721 42021 42360 42747 43170 43643 44128 44604 45088 45564 46057 46547 47049 47565 48091 48654 49246 49857 50387 50883 51275 51526 51648 51661 51544 51381 51110 50757 50350 49910 49391 48892 48334 47795 47141 46466 45793 45140 44517 43893 43344 42884 42448 42094 41791 41553 41391 41316 41308 41352 41420 41508 41612 41741 41881 42014 42152 42270 42400 42489 42591 42676 42746 42806 42840 42869 42862 42877
38940 39352 39758 40146 40495 40833 41143 41425 41667 41946 42266 42648 43073 43548 44026 44522 45003 45477 45967 46453 46944 47448 47963 48488 49012 49586 50094 50557 50966 51322 51509 51578 51543 51415 51178 50875 50485 50085 49611 49115 48578 48049 47401 46731 45982 45244 44513 43844 43192 42634 42120 41693 41319 41010 40767 40590 40476 40478 40528 40622 40721 40853 41010 41177 41352 41508 41678 41817 41980 42103 42240 42341 42442 42525 42585 42643 42679
39330 39722 40121 40487 40833 41135 41430 41668 41913 42214 42580 42988 43466 43949 44435 44913 45403 45886 46363 46846 47336 47851 48367 48899 49455 49935 50347 50717 51033 51282 51469 51521 51469 51300 51052 50693 50296 49828 49361 48851 48301 47704 47074 46325 45546 44735 43958 43206 42571 41938 41401 40951 40584 40266 39997 39785 39672 39651 39732 39822 39948 40105 40278 40486 40663 40871 41049 41251 41423 41609 41755 41907 42047 42159 42257 42353 42433
39715 40118 40481 40841 41170 41463 41711 41955 42203 42532 42923 43406 43873 44356 44841 45325 45805 46284 46761 47238 47733 48243 48768 49317 49857 50300 50596 50846 51043 51277 51458 51524 51461 51294 50983 50617 50169 49667 49166 48647 48043 47401 46713 45980 45147 44307 43470 42695 41960 41328 40744 40282 39859 39532 39235 39020 38890 38860 38916 39055 39190 39359 39569 39766 39997 40197 40437 40647 40881 41074 41272 41443 41602 41761 41896 42019 42134
40112 40504 40879 41210 41521 41788 42030 42266 42546 42884 43329 43809 44301 44773 45260 45735 46214 46675 47146 47628 48119 48624 49157 49719 50231 50593 50821 50933 51076 51273 51473 51566 51510 51326 51017 50601 50101 49597 49037 48447 47813 47142 46415 45647 44816 43929 43077 42240 41467 40767 40181 39625 39203 38833 38524 38280 38134 38100 38183 38299 38456 38645 38839 39071 39302 39565 39799 40058 40288 40532 40747 40947 41145 41322 41492 41650 41780
40538 40914 41272 41605 41894 42153 42383 42619 42901 43291 43744 44239 44718 45208 45677 46153 46608 47065 47523 47999 48483 48987 49525 50075 50559 50861 50988 51015 51110 51303 51512 51623 51590 51409 51107 50648 50109 49564 48986 48319 47644 46912 46182 45363 44515 43637 42707 41845 41015 40294 39625 39069 38585 38185 37864 37596 37426 37416 37484 37603 37763 37931 38155 38382 38646 38908 39190 39442 39709 39969 40213 40441 40655 40869 41065 41228 41391
40973 41344 41699 42021 42301 42552 42779 43011 43316 43709 44192 44671 45158 45621 46102 46557 47004 47442 47884 48339 48822 49325 49857 50393 50838 51095 51136 51110 51163 51353 51563 51699 51680 51499 51171 50728 50167 49576 48932 48281 47500 46747 45943 45138 44262 43354 42379 41450 40613 39824 39138 38549 38052 37610 37249 36972 36811 36787 36827 36959 37106 37288 37488 37743 37999 38291 38570 38854 39123 39388 39658 39913 40154 40383 40595 40791 40948
41421 41793 42141 42458 42742 42991 43219 43462 43754 44175 44635 45120 45585 46057 46508 46953 47379 47801 48227 48669 49130 49624 50153 50670 51086 51288 51294 51244 51265 51437 51646 51783 51769 51598 51257 50792 50234 49598 48956 48212 47454 46622 45792 44940 44060 43081 42098 41119 40214 39423 38705 38087 37562 37110 36724 36412 36254 36200 36255 36358 36490 36683 36895 37122 37403 37685 37977 38257 38534 38809 39104 39373 39629 39874 40100 40310 40498
41888 42256 42603 42928 43222 43475 43704 43944 44245 44632 45102 45564 46025 46473 46912 47334 47747 48146 48559 48982 49419 49890 50398 50899 51292 51463 51450 51385 51411 51581 51793 51906 51890 51712 51373 50896 50323 49682 48984 48235 47423 46586 45694 44828 43895 42878 41833 40839 39901 39063 38331 37685 37134 36658 36234 35949 35754 35688 35727 35813 35953 36143 36325 36562 36827 37117 37385 37666 37946 38238 38531 38801 39081 39350 39580 39793 40004
42378 42748 43099 43429 43736 44001 44231 44462 44736 45113 45551 46022 46453 46878 47306 47715 48103 48492 48872 49271 49687 50125 50595 51071 51440 51605 51590 51541 51586 51760 51959 52084 52054 51876 51525 51058 50449 49802 49077 48309 47464 46587 45700 44766 43792 42727 41651 40610 39645 38746 37987 37331 36755 36253 35825 35503 35314 35251 35260 35337 35468 35624 35826 36033 36281 36543 36832 37087 37367 37660 37946 38244 38512 38782 39045 39271 39473
42904 43279 43638 43975 44282 44560 44804 45005 45268 45592 46017 46455 46882 47296 47700 48090 48468 48828 49192 49551 49933 50330 50759 51193 51550 51723 51728 51695 51786 51963 52164 52274 52247 52051 51741 51235 50635 49957 49201 48387 47539 46656 45740 44754 43729 42644 41502 40403 39397 38521 37705 37008 36393 35882 35457 35135 34937 34862 34848 34912 35032 35164 35332 35544 35762 36020 36269 36545 36810 37091 37376 37665 37948 38204 38476 38712 38925
43453 43837 44203 44548 44868 45150 45378 45592 45810 46117 46479 46898 47315 47713 48099 48474 48836 49175 49504 49834 50163 50515 50893 51284 51621 51807 51852 51888 51998 52196 52385 52481 52425 52261 51930 51467 50847 50140 49347 48526 47645 46740 45782 44802 43712 42560 41372 40249 39239 38308 37470 36749 36126 35571 35147 34835 34646 34538 34509 34543 34621 34752 34895 35059 35294 35510 35754 36014 36277 36555 36837 37103 37364 37644 37888 38131 38340
44035 44426 44799 45149 45473 45753 45995 46200 46408 46663 46979 47348 47744 48139 48507 48868 49206 49519 49823 50111 50402 50693 51012 51350 51660 51849 51994 52105 52235 52437 52606 52667 52623 52445 52140 51668 51090 50366 49573 48691 47783 46838 45881 44827 43690 42465 41255 40147 39089 38125 37282 36541 35905 35354 34914 34612 34397 34266 34217 34217 34277 34365 34478 34642 34816 35048 35273 35516 35775 36028 36308 36560 36819 37064 37309 37532 37765
44629 45027 45404 45757 46078 46372 46632 46846 47028 47255 47528 47839 48191 48558 48928 49265 49576 49874 50137 50399 50635 50879 51126 51393 51664 51911 52112 52298 52473 52661 52792 52827 52779 52614 52312 51897 51331 50639 49834 48934 47989 47030 45969 44847 43635 42390 41162 40018 38950 37987 37148 36389 35746 35211 34784 34457 34226 34070 33984 33948 33973 34016 34112 34247 34419 34588 34804 35028 35281 35530 35773 36023 36258 36502 36733 36965 37167
45231 45623 46003 46361 46696 46993 47260 47498 47703 47888 48116 48386 48686 49011 49344 49665 49967 50225 50468 50680 50884 51072 51257 51446 51699 51969 52220 52452 52688 52837 52917 52942 52888 52731 52472 52083 51564 50913 50124 49225 48261 47227 46090 44859 43604 42285 41071 39914 38871 37908 37045 36314 35687 35151 34715 34375 34116 33934 33793 33720 33696 33730 33781 33886 34016 34184 34362 34575 34797 35027 35255 35490 35723 35943 36173 36392 36581
45833 46236 46620 46976 47312 47621 47897 48155 48376 48557 48753 48980 49233 49514 49794 50084 50345 50588 50794 50984 51147 51293 51418 51586 51791 52057 52325 52597 52812 52948 53010 53007 52939 52809 52582 52239 51768 51159 50412 49535 48534 47426 46208 44930 43574 42279 41030 39909 38862 37908 37050 36333 35708 35177 34721 34337 34050 33811 33643 33544 33482 33455 33497 33557 33670 33797 33973 34160 34348 34546 34755 34985 35203 35421 35626 35823 36010
46452 46858 47240 47596 47927 48249 48540 48795 49025 49239 49429 49624 49839 50070 50315 50539 50764 50965 51152 51305 51444 51556 51676 51806 51974 52189 52466 52699 52881 53004 53056 53041 52967 52841 52651 52354 51926 51356 50636 49773 48736 47571 46339 44992 43645 42344 41138 39996 38949 37996 37167 36427 35783 35223 34736 34324 33992 33725 33517 33377 33290 33239 33221 33285 33354 33463 33599 33761 33936 34111 34298 34487 34699 34901 35093 35275 35449
47071 47459 47847 48211 48539 48858 49156 49429 49672 49897 50100 50307 50495 50690 50879 51074 51247 51413 51558 51692 51793 51888 51987 52092 52218 52397 52579 52775 52916 53007 53042 53024 52955 52821 52635 52376 51991 51434 50708 49818 48781 47642 46370 45056 43744 42490 41283 40177 39118 38172 37315 36552 35899 35297 34769 34328 33954 33659 33436 33243 33130 33041 33000 33005 33067 33146 33253 33388 33525 33677 33842 34021 34203 34397 34561 34728 34888
47659 48060 48426 48792 49136 49452 49757 50039 50300 50530 50747 50956 51157 51327 51493 51645 51793 51912 52022 52119 52196 52262 52322 52395 52492 52588 52691 52797 52903 52960 52970 52926 52825 52691 52500 52221 51833 51292 50586 49693 48669 47523 46312 45073 43846 42615 41458 40332 39300 38342 37477 36696 35995 35369 34815 34346 33959 33622 33371 33152 32986 32873 32808 32779 32795 32843 32921 33016 33139 33254 33408 33554 33726 33890 34058 34197 34340
48225 48618 49007 49351 49697 50032 50335 50624 50878 51116 51348 51555 51745 51920 52060 52192 52306 52401 52481 52530 52578 52611 52637 52678 52717 52756 52791 52823 52840 52857 52829 52740 52594 52401 52173 51866 51470 50936 50236 49394 48412 47336 46199 45044 43869 42717 41572 40482 39445 38490 37620 36826 36094 35433 34868 34374 33961 33597 33294 33074 32870 32719 32619 32567 32538 32567 32603 32669 32766 32879 32986 33132 33271 33426 33552 33694 33819
48769 49170 49542 49901 50235 50559 50873 51158 51417 51658 51876 52082 52261 52417 52552 52663 52751 52822 52864 52893 52901 52904 52911 52903 52896 52883 52874 52843 52797 52735 52649 52522 52324 52067 51765 51429 51010 50472 49808 49025 48110 47121 46066 44973 43859 42741 41643 40576 39564 38600 37714 36912 36164 35509 34899 34382 33957 33568 33239 32968 32765 32578 32455 32369 32320 32292 32322 32360 32440 32516 32621 32732 32871 32983 33099 33199 33305
49298 49674 50053 50399 50734 51051 51353 51634 51900 52132 52341 52533 52704 52836 52950 53044 53112 53156 53178 53179 53170 53143 53116 53083 53036 52992 52920 52844 52745 52624 52480 52295 52055 51747 51397 50999 50544 50006 49390 48644 47802 46875 45897 44856 43795 42732 41676 40630 39608 38661 37796 36962 36228 35545 34929 34392 33919 33532 33167 32872 32645 32460 32290 32172 32102 32056 32043 32076 32117 32212 32280 32366 32448 32571 32666 32745 32809
49771 50154 50510 50865 51185 51497 51792 52071 52312 52541 52736 52920 53060 53179 53273 53344 53395 53422 53421 53403 53373 53328 53275 53213 53145 53052 52945 52817 52673 52504 52314 52081 51796 51459 51066 50629 50128 49599 48976 48272 47477 46610 45678 44697 43683 42656 41640 40611 39625 38685 37820 37004 36247 35564 34945 34389 33896 33462 33112 32795 32534 32315 32137 31998 31897 31832 31801 31805 31841 31886 31951 32012 32093 32170 32243 32312 32388
50210 50578 50935 51274 51596 51893 52179 52440 52677 52878 53072 53226 53350 53451 53526 53576 53613 53620 53600 53564 53516 53460 53387 53302 53193 53069 52927 52766 52578 52374 52133 51865 51544 51178 50757 50278 49778 49205 48597 47899 47152 46324 45433 44492 43524 42539 41536 40558 39596 38675 37799 37000 36259 35553 34932 34361 33861 33420 33037 32712 32418 32191 31994 31836 31704 31621 31585 31571 31580 31597 31624 31672 31739 31803 31853 31911 31977
50585 50953 51303 51628 51943 52237 52498 52741 52960 53162 53327 53466 53580 53664 53713 53751 53757 53748 53718 53671 53604 53528 53443 53327 53193 53041 52868 52668 52455 52210 51942 51633 51284 50888 50443 49948 49411 48836 48215 47546 46809 46017 45165 44265 43325 42374 41412 40450 39521 38619 37756 36965 36216 35524 34891 34317 33813 33367 32966 32633 32333 32064 31848 31683 31546 31486 31418 31389 31384 31377 31346 31367 31398 31449 31561 31602 31654
50909 51254 51607 51924 52222 52501 52752 52977 53183 53365 53517 53642 53740 53800 53839 53851 53845 53808 53772 53710 53637 53537 53430 53299 53142 52959 52753 52533 52282 52020 51719 51381 50995 50576 50113 49595 49043 48457 47838 47168 46454 45688 44876 44006 43098 42175 41247 40310 39393 38519 37691 36887 36143 35465 34833 34258 33751 33302 32896 32535 32229 31943 31744 31552 31440 31359 31316 31266 31233 31172 31143 31127 31149 31195 31281 31389 31424
51174 51506 51835 52152 52442 52704 52946 53153 53342 53498 53638 53748 53824 53869 53883 53877 53847 53810 53749 53687 53598 53490 53350 53205 53027 52813 52585 52343 52075 51770 51449 51087 50687 50240 49751 49218 48645 48069 47440 46779 46078 45337 44554 43719 42852 41942 41037 40121 39235 38388 37574 36790 36052 35389 34759 34196 33676 33212 32803 32428 32106 31859 31661 31510 31390 -9999 -9999 -9999 -9999 -9999 30983 30977 30977 31046 -9999 -9999 -9999
