ASPA-UH-SWB2_REPO/dynamic_inputs/RO_Rf_Ratios_Dynamic/Data/Gridded_rain/PRISM_ppt_tutuila_30yr_normal_80mM1_01_asc.asc
ncols 381
nrows 202
xllcorner -170.851658
yllcorner -14.379175
cellsize 0.00083333333
NODATA_value -9999
[rows 102 to 135 of 202, columns 0 to 76 of 381]
-9999 -9999 -9999 -9999 -9999 -9999 -9999 -9999 -9999 -9999 -9999 -9999 -9999 -9999 -9999 -9999 -9999 -9999 -9999 -9999 -9999 -9999 -9999 -9999 -9999 -9999 -9999 -9999 -9999 -9999 -9999 -9999 -9999 -9999 -9999 31659 31819 31918 32214 32508 -9999 -9999 33613 33712 33997 34337 34677 35015 35372 35727 36070 36422 36755 37091 37431 37761 38075 38377 38673 38955 39227 39483 39719 39935 40124 40306 40486 40638 40777 40901 41005 41079 41146 41196 41249 41284 41311
-9999 -9999 -9999 -9999 -9999 -9999 -9999 -9999 -9999 -9999 -9999 -9999 -9999 -9999 -9999 -9999 -9999 -9999 -9999 -9999 -9999 -9999 -9999 -9999 -9999 -9999 -9999 -9999 -9999 -9999 -9999 -9999 -9999 31497 31655 31810 31964 32259 32539 32908 33249 33624 33816 34085 34426 34789 35149 35499 35860 36223 36595 36947 37296 37642 37993 38327 38653 38973 39272 39571 39846 40105 40347 40563 40764 40943 41112 41267 41395 41520 41608 41682 41744 41794 41824 41856 41876
-9999 -9999 -9999 -9999 -9999 -9999 -9999 -9999 -9999 -9999 -9999 -9999 -9999 -9999 -9999 -9999 -9999 -9999 -9999 -9999 -9999 -9999 -9999 -9999 -9999 -9999 -9999 -9999 -9999 -9999 -9999 -9999 31492 31639 31793 32011 32299 32593 32900 33198 33578 33906 34169 34518 34881 35250 35615 35990 36359 36737 37119 37481 37840 38205 38561 38902 39240 39564 39888 40189 40466 40731 40972 41198 41401 41576 41735 41885 42014 42115 42203 42272 42323 42366 42399 42411 42417
-9999 -9999 -9999 -9999 -9999 -9999 -9999 -9999 -9999 -9999 -9999 -9999 -9999 -9999 -9999 -9999 -9999 -9999 -9999 -9999 -9999 -9999 -9999 -9999 -9999 -9999 -9999 -9999 -9999 -9999 -9999 31523 31675 31779 32045 32333 32634 32949 33254 33581 33915 34249 34599 34962 35339 35727 36102 36478 36863 37252 37644 38018 38398 38763 39125 39486 39829 40164 40490 40799 41081 41351 41596 41818 42018 42201 42349 42488 42610 42706 42781 42838 42881 42915 42944 42947 42939
-9999 -9999 -9999 -9999 -9999 -9999 -9999 -9999 -9999 -9999 -9999 -9999 -9999 -9999 -9999 -9999 -9999 -9999 -9999 -9999 -9999 -9999 -9999 -9999 -9999 -9999 -9999 -9999 -9999 -9999 31554 31713 31808 32089 32369 32662 32977 33298 33640 33974 34317 34676 35047 35416 35804 36201 36593 36979 37368 37776 38174 38571 38958 39330 39706 40072 40427 40770 41103 41410 41698 41959 42201 42426 42622 42800 42955 43073 43182 43270 43338 43380 43415 43445 43452 43455 43437
-9999 -9999 -9999 -9999 -9999 -9999 -9999 -9999 -9999 -9999 -9999 -9999 -9999 -9999 -9999 -9999 -9999 -9999 -9999 -9999 -9999 -9999 -9999 -9999 -9999 -9999 -9999 -9999 -9999 31562 31733 31847 32128 32407 32708 33015 33335 33678 34029 34380 34740 35119 35497 35884 36282 36674 37084 37482 37891 38299 38713 39118 39513 39906 40296 40659 41023 41374 41706 42011 42297 42549 42795 43015 43210 43375 43516 43631 43725 43809 43868 43901 43921 43935 43937 43918 43900
-9999 -9999 -9999 -9999 -9999 -9999 -9999 -9999 -9999 -9999 -9999 -9999 -9999 -9999 -9999 -9999 -9999 -9999 -9999 -9999 -9999 -9999 -9999 -9999 -9999 -9999 -9999 -9999 31558 31734 31857 32145 32448 32749 33056 33384 33719 34071 34431 34806 35187 35565 35953 36359 36759 37170 37570 37989 38408 38824 39247 39668 40071 40477 40863 41243 41616 41960 42284 42595 42872 43135 43362 43575 43760 43915 44046 44147 44237 44313 44358 44389 44401 44402 44388 44365 44327
-9999 -9999 -9999 -9999 -9999 -9999 -9999 -9999 -9999 -9999 -9999 -9999 -9999 -9999 -9999 -9999 -9999 -9999 -9999 -9999 -9999 -9999 -9999 -9999 -9999 -9999 -9999 31557 31728 31844 32149 32451 32768 33090 33411 33747 34108 34484 34860 35242 35629 36025 36424 36833 37246 37662 38070 38491 38926 39352 39783 40205 40622 41032 41421 41811 42171 42523 42854 43150 43430 43679 43903 44092 44269 44422 44543 44637 44715 44780 44825 44846 44858 44847 44825 44788 44744
-9999 -9999 -9999 -9999 -9999 -9999 -9999 -9999 -9999 -9999 -9999 -9999 -9999 -9999 -9999 -9999 -9999 -9999 -9999 -9999 -9999 -9999 -9999 -9999 -9999 -9999 31557 31722 31834 32138 32449 32766 33089 33425 33770 34131 34501 34894 35284 35680 36077 36477 36895 37302 37728 38146 38563 39001 39439 39881 40314 40727 41163 41571 41963 42348 42717 43064 43387 43684 43942 44188 44392 44581 44748 44887 45005 45096 45171 45232 45268 45291 45287 45281 45246 45205 45143
-9999 -9999 -9999 -9999 -9999 -9999 -9999 -9999 -9999 -9999 -9999 -9999 -9999 -9999 -9999 -9999 -9999 -9999 -9999 -9999 -9999 -9999 -9999 -9999 -9999 31521 31698 31825 32122 32433 32750 33089 33426 33771 34133 34504 34898 35290 35702 36108 36509 36922 37331 37767 38195 38615 39057 39498 39946 40398 40822 41255 41674 42086 42482 42869 43234 43582 43884 44166 44429 44655 44852 45022 45181 45325 45435 45530 45609 45656 45688 45702 45711 45689 45654 45595 45533
-9999 -9999 -9999 -9999 -9999 -9999 -9999 -9999 -9999 -9999 -9999 -9999 -9999 -9999 -9999 -9999 -9999 -9999 -9999 -9999 -9999 -9999 -9999 -9999 31473 31666 31795 32091 32395 32728 33068 33413 33766 34121 34501 34888 35282 35695 36111 36513 36935 37347 37778 38209 38648 39086 39530 39982 40447 40883 41322 41753 42169 42578 42985 43348 43721 44047 44351 44618 44862 45082 45269 45441 45589 45726 45841 45934 46000 46050 46075 46097 46092 46078 46027 45966 45886
-9999 -9999 -9999 -9999 -9999 -9999 -9999 -9999 -9999 -9999 -9999 -9999 -9999 -9999 -9999 -9999 -9999 -9999 -9999 -9999 -9999 -9999 31157 31370 31551 31750 32047 32359 32684 33024 33378 33724 34095 34484 34872 35267 35674 36084 36504 36928 37349 37776 38202 38651 39085 39549 39998 40452 40901 41360 41797 42227 42634 43048 43439 43818 44155 44483 44760 45024 45262 45464 45661 45828 45976 46101 46210 46297 46368 46411 46446 46449 46448 46425 46377 46299 46216
-9999 -9999 -9999 -9999 -9999 -9999 -9999 -9999 -9999 -9999 -9999 -9999 -9999 -9999 -9999 -9999 -9999 -9999 -9999 -9999 -9999 31059 31245 31428 31690 31995 32308 32626 32966 33321 33683 34047 34428 34834 35239 35648 36059 36473 36899 37331 37760 38181 38634 39071 39531 39984 40443 40897 41354 41798 42234 42656 43084 43482 43869 44222 44562 44857 45138 45385 45615 45826 46013 46175 46318 46445 46549 46630 46701 46750 46766 46779 46769 46746 46684 46607 46513
-9999 -9999 -9999 -9999 -9999 -9999 -9999 -9999 -9999 -9999 -9999 -9999 -9999 -9999 -9999 -9999 -9999 -9999 -9999 -9999 30975 31153 31300 31591 31913 32234 32553 32886 33241 33612 33984 34374 34773 35179 35590 36012 36428 36848 37283 37722 38146 38601 39026 39483 39947 40411 40864 41319 41761 42212 42641 43062 43483 43879 44243 44599 44907 45207 45464 45705 45933 46142 46318 46477 46629 46739 46844 46927 46993 47035 47056 47061 47057 47015 46964 46880 46790
-9999 -9999 -9999 -9999 -9999 -9999 -9999 -9999 -9999 -9999 -9999 -9999 -9999 -9999 -9999 -9999 -9999 -9999 -9999 30879 31062 31202 31486 31800 32129 32449 32791 33147 33510 33898 34289 34689 35097 35510 35934 36360 36775 37204 37646 38088 38531 38966 39419 39872 40340 40790 41260 41709 42144 42580 43017 43439 43830 44229 44589 44908 45215 45492 45757 45990 46210 46410 46584 46746 46883 47002 47098 47181 47241 47278 47298 47302 47286 47256 47200 47122 47023
-9999 -9999 -9999 -9999 -9999 -9999 -9999 -9999 -9999 -9999 -9999 -9999 -9999 -9999 -9999 -9999 -9999 -9999 30757 30951 31097 31381 31680 31993 32330 32673 33030 33394 33766 34164 34573 34983 35398 35825 36246 36663 37102 37539 37984 38429 38875 39323 39771 40237 40684 41160 41608 42058 42495 42925 43348 43764 44161 44531 44875 45186 45472 45741 45994 46233 46445 46630 46815 46968 47097 47220 47312 47385 47439 47483 47497 47495 47473 47445 47397 47321 47224
-9999 -9999 -9999 -9999 -9999 -9999 -9999 -9999 -9999 -9999 -9999 -9999 -9999 -9999 -9999 -9999 -9999 30622 30820 30968 31261 31544 31858 32188 32532 32890 33246 33619 34016 34417 34828 35246 35676 36100 36527 36961 37393 37840 38287 38743 39194 39638 40099 40552 41010 41473 41923 42360 42798 43223 43642 44051 44431 44788 45118 45415 45691 45950 46195 46421 46625 46822 46992 47144 47278 47386 47481 47543 47599 47631 47653 47646 47624 47592 47543 47478 47372
-9999 -9999 -9999 -9999 -9999 -9999 -9999 -9999 -9999 -9999 -9999 -9999 -9999 -9999 -9999 -9999 30502 30689 30831 31117 31401 31708 32030 32375 32718 33084 33456 33845 34246 34650 35061 35494 35929 36352 36788 37222 37663 38105 38563 39016 39471 39928 40377 40841 41294 41735 42188 42628 43046 43467 43889 44278 44656 45000 45319 45604 45869 46115 46354 46573 46777 46959 47121 47273 47399 47505 47590 47655 47701 47735 47747 47748 47727 47692 47646 47576 47488
-9999 -9999 -9999 -9999 -9999 -9999 -9999 -9999 -9999 -9999 -9999 -9999 -9999 -9999 -9999 30399 30548 30687 30965 31242 31550 31856 32194 32531 32897 33255 33644 34043 34446 34868 35287 35710 36152 36590 37019 37463 37890 38350 38797 39253 39713 40166 40627 41078 41527 41964 42413 42840 43255 43672 44074 44466 44830 45164 45465 45737 45997 46245 46464 46683 46874 47042 47203 47347 47472 47569 47646 47708 47758 47782 47802 47793 47775 47742 47703 47639 47549
-9999 -9999 -9999 -9999 -9999 -9999 -9999 -9999 -9999 -9999 -9999 -9999 -9999 -9999 -9999 30460 30567 30806 31076 31368 31667 31998 32335 32687 33045 33419 33801 34211 34632 35054 35481 35919 36352 36791 37229 37659 38112 38552 39002 39463 39911 40377 40825 41280 41716 42158 42586 43011 43423 43829 44220 44600 44952 45274 45567 45828 46077 46312 46539 46732 46922 47084 47231 47360 47483 47586 47654 47714 47749 47777 47794 47794 47767 47738 47704 47652 47576
-9999 -9999 -9999 -9999 -9999 -9999 -9999 -9999 -9999 -9999 -9999 -9999 -9999 -9999 -9999 30493 30654 30885 31178 31470 31785 32107 32461 32804 33178 33552 33951 34364 34787 35210 35644 36089 36522 36962 37401 37841 38274 38725 39179 39628 40081 40525 40986 41429 41871 42300 42709 43132 43533 43929 44319 44681 45023 45329 45613 45870 46107 46331 46546 46753 46918 47072 47212 47332 47446 47541 47614 47667 47699 47725 47727 47726 47715 47684 47656 47614 47543
-9999 -9999 -9999 -9999 -9999 -9999 -9999 -9999 -9999 -9999 -9999 -9999 -9999 -9999 -9999 30523 30733 30956 31249 31557 31880 32210 32547 32922 33288 33671 34072 34486 34919 35350 35783 36212 36654 37095 37528 37962 38413 38860 39301 39747 40178 40644 41085 41533 41955 42373 42789 43184 43585 43964 44345 44701 45036 45336 45610 45857 46089 46302 46520 46708 46880 47021 47140 47265 47363 47448 47527 47565 47596 47614 47621 47623 47605 47578 47550 47520 47476
-9999 -9999 -9999 -9999 -9999 -9999 28820 -9999 -9999 -9999 -9999 -9999 -9999 30152 30339 30509 30741 31019 31312 31628 31950 32281 32634 32993 33375 33758 34161 34586 35011 35449 35874 36295 36746 37181 37608 38053 38491 38940 39377 39810 40254 40683 41120 41557 41984 42384 42790 43185 43560 43938 44304 44654 44980 45295 45568 45805 46019 46240 46440 46630 46790 46925 47037 47147 47242 47317 47379 47421 47444 47461 47479 47468 47454 47432 47410 47387 47348
-9999 -9999 -9999 -9999 -9999 28769 28820 28938 -9999 29312 29507 29665 29885 30084 30302 30527 30781 31059 31367 31675 31990 32336 32689 33048 33414 33814 34227 34644 35071 35492 35918 36356 36784 37220 37658 38088 38521 38965 39406 39834 40257 40673 41099 41533 41941 42340 42728 43106 43489 43852 44211 44547 44881 45191 45468 45707 45934 46128 46322 46501 46662 46785 46897 46984 47071 47142 47193 47231 47251 47259 47276 47283 47268 47245 47222 47195 47167
-9999 -9999 -9999 -9999 28665 28750 28834 28964 29124 29304 29464 29655 29863 30081 30312 30559 30813 31090 31382 31698 32029 32367 32720 33071 33454 33839 34244 34671 35097 35520 35938 36361 36790 37220 37660 38085 38511 38950 39369 39801 40211 40614 41036 41434 41841 42238 42609 42979 43355 43720 44056 44395 44727 45027 45310 45564 45787 45989 46165 46343 46485 46602 46707 46787 46863 46931 46965 46999 47014 47025 47032 47037 47026 47003 46981 46960 46935
-9999 -9999 -9999 28550 28633 28717 28835 28979 29129 29290 29466 29650 29858 30081 30320 30567 30829 31098 31390 31706 32037 32375 32720 33079 33454 33839 34246 34665 35092 35508 35918 36342 36765 37197 37614 38024 38453 38869 39291 39692 40105 40505 40898 41293 41681 42061 42432 42802 43163 43514 43861 44187 44498 44801 45097 45349 45589 45799 45984 46142 46276 46391 46475 46561 46628 46672 46708 46730 46740 46747 46743 46738 46725 46707 46689 46669 46651
-9999 -9999 28436 28519 28593 28702 28829 28972 29132 29291 29459 29642 29842 30073 30313 30567 30813 31090 31390 31698 32021 32351 32704 33063 33422 33808 34207 34626 35046 35463 35875 36276 36700 37117 37527 37932 38321 38739 39137 39541 39923 40318 40708 41092 41469 41822 42185 42548 42902 43256 43598 43912 44220 44521 44814 45081 45333 45550 45752 45908 46039 46151 46233 46301 46357 46391 46422 46432 46430 46425 46423 46407 46385 46363 46344 46329 46313
-9999 28324 28406 28479 28579 28688 28814 28966 29125 29285 29444 29627 29834 30050 30289 30535 30797 31066 31358 31666 31989 32319 32656 33008 33367 33744 34134 34537 34959 35369 35774 36177 36571 36981 37384 37773 38173 38543 38943 39322 39707 40080 40457 40837 41195 41547 41874 42221 42587 42927 43257 43575 43880 44180 44454 44753 45009 45242 45449 45618 45754 45870 45962 46022 46062 46090 46100 46097 46096 46084 46070 46050 46023 45999 45978 45961 45950
28233 28293 28366 28465 28565 28673 28800 28943 29102 29261 29429 29612 29803 30026 30257 30495 30749 31026 31310 31618 31925 32256 32585 32937 33288 33649 34030 34424 34829 35225 35625 36021 36407 36803 37183 37574 37942 38330 38689 39069 39430 39796 40151 40510 40865 41189 41524 41855 42197 42531 42856 43172 43476 43766 44066 44348 44616 44857 45069 45252 45406 45527 45632 45702 45741 45747 45747 45744 45736 45718 45691 45665 45647 45619 45595 45576 45564
28214 28270 28353 28451 28551 28660 28777 28920 29071 29230 29406 29581 29780 29986 30217 30439 30693 30954 31247 31530 31837 32152 32489 32826 33177 33529 33893 34278 34658 35055 35441 35815 36203 36576 36957 37324 37694 38041 38410 38757 39118 39443 39791 40136 40461 40790 41107 41429 41754 42083 42395 42708 43010 43309 43601 43884 44153 44405 44610 44810 44983 45125 45233 45308 45350 45365 45364 45358 45334 45312 45287 45263 45235 45210 45183 45162 45148
28197 28257 28339 28430 28529 28629 28755 28890 29032 29200 29358 29541 29732 29939 30145 30383 30621 30882 31150 31434 31725 32040 32362 32691 33034 33378 33732 34091 34470 34843 35214 35592 35958 36323 36681 37041 37378 37735 38071 38419 38739 39055 39386 39698 40017 40334 40638 40940 41257 41579 41887 42187 42488 42786 43089 43364 43635 43880 44109 44306 44479 44633 44751 44836 44885 44905 44906 44899 44883 44860 44840 44811 44783 44757 44735 44714 44700
28194 28244 28310 28401 28492 28600 28717 28851 28994 29144 29303 29478 29668 29859 30065 30287 30541 30786 31047 31322 31605 31904 32218 32547 32867 33203 33531 33888 34241 34597 34970 35334 35687 36029 36380 36708 37046 37361 37698 38021 38332 38632 38929 39224 39527 39828 40110 40418 40715 41010 41320 41625 41914 42211 42506 42797 43064 43310 43522 43712 43890 44054 44189 44276 44335 44358 44368 44365 44359 44339 44315 44295 44276 44259 44238 44221 44210
28192 28228 28274 28356 28454 28554 28663 28796 28939 29081 29231 29398 29580 29771 29969 30183 30429 30682 30926 31186 31469 31760 32058 32372 32684 32996 33331 33653 33987 34334 34691 35049 35371 35708 36028 36356 36662 36970 37281 37588 37874 38165 38436 38723 39008 39275 39559 39825 40118 40411 40712 41000 41294 41588 41869 42154 42409 42615 42824 43015 43197 43349 43489 43607 43684 43731 43740 43743 43737 43728 43715 43704 43699 43688 43680 43676 43681
-9999 28219 28272 28311 28393 28500 28616 28733 28867 29001 29160 29318 29484 29674 29864 30078 30300 30545 30790 31034 31301 31591 31874 32172 32477 32781 33084 33404 33728 34055 34387 34711 35044 35351 35657 35962 36252 36552 36838 37112 37389 37663 37925 38177 38435 38702 38959 39209 39477 39774 40043 40332 40613 40889 41139 41390 41618 41815 41998 42180 42346 42523 42676 42817 42930 43009 43044 43056 43055 43052 43049 43049 43051 43055 43063 43076 43098
