ASPA-UH-SWB2_REPO/dynamic_inputs/RO_Rf_Ratios_Dynamic/Data/Gridded_rain/PRISM_ppt_tutuila_30yr_normal_80mM1_05_asc.asc
ncols 381
nrows 202
xllcorner -170.851658
yllcorner -14.379175
cellsize 0.00083333333
NODATA_value -9999
[rows 102 to 135 of 202, columns 77 to 153 of 381]
37434 37501 37544 37588 37632 37677 37722 37767 37813 37858 37903 37948 37991 38034 38074 38098 38109 38119 38127 38119 38108 38083 38065 38025 37977 37927 37867 37806 37743 37670 37603 37528 37453 37378 37320 37278 37252 37220 37204 37213 37223 37259 37313 37384 37478 37568 37678 37795 37928 38073 38235 38400 38583 38777 38973 39171 39378 39601 39824 40046 40268 40490 40719 40955 41205 41461 41713 41971 42232 42489 42739 42999 43235 43479 43722 43957 44185
38373 38427 38490 38529 38568 38608 38649 38690 38732 38773 38815 38856 38904 38942 38976 38998 39002 39011 39011 38996 38967 38946 38920 38881 38828 38767 38707 38644 38580 38505 38425 38344 38255 38167 38101 38053 38013 37973 37951 37937 37949 37963 38003 38075 38148 38249 38339 38442 38552 38689 38828 38985 39144 39322 39511 39685 39876 40075 40292 40499 40699 40906 41129 41351 41579 41813 42062 42290 42540 42777 43017 43258 43491 43718 43946 44174 44397
39300 39358 39407 39457 39498 39533 39569 39606 39643 39680 39718 39769 39810 39846 39860 39870 39878 39863 39855 39841 39807 39776 39741 39702 39650 39587 39524 39454 39392 39318 39226 39143 39048 38945 38866 38810 38749 38711 38675 38656 38647 38654 38687 38738 38813 38887 38972 39054 39167 39274 39399 39534 39686 39850 39999 40167 40343 40528 40721 40914 41090 41283 41484 41692 41898 42120 42339 42572 42785 43011 43231 43453 43677 43895 44115 44330 44539
40208 40267 40318 40361 40406 40443 40481 40512 40544 40577 40623 40666 40708 40722 40732 40731 40721 40699 40679 40661 40625 40585 40548 40507 40447 40383 40311 40241 40170 40091 40016 39915 39821 39713 39619 39549 39481 39422 39381 39349 39334 39337 39341 39394 39448 39517 39575 39661 39739 39841 39944 40066 40189 40330 40466 40618 40763 40933 41103 41265 41444 41614 41783 41969 42170 42361 42568 42772 42990 43188 43397 43600 43806 44007 44212 44413 44607
41080 41140 41200 41245 41275 41321 41361 41394 41420 41460 41489 41524 41553 41577 41567 41550 41529 41518 41497 41457 41427 41385 41340 41290 41228 41150 41076 41000 40920 40835 40755 40672 40562 40473 40367 40276 40201 40121 40067 40029 40002 39984 39992 40016 40065 40115 40177 40229 40303 40376 40467 40560 40670 40773 40910 41024 41146 41292 41439 41586 41725 41880 42035 42198 42368 42555 42723 42923 43112 43307 43497 43682 43869 44054 44235 44428 44607
41920 41980 42025 42071 42117 42164 42197 42224 42266 42289 42317 42331 42355 42353 42351 42331 42316 42305 42276 42243 42206 42164 42110 42052 41981 41901 41817 41725 41638 41549 41464 41378 41288 41183 41090 40988 40894 40809 40734 40677 40637 40608 40603 40615 40645 40682 40726 40766 40820 40890 40945 41024 41096 41194 41284 41391 41498 41605 41728 41843 41966 42090 42230 42361 42517 42673 42836 42990 43167 43341 43520 43687 43858 44025 44189 44357 44521
42732 42777 42831 42870 42925 42958 43000 43042 43067 43092 43093 43110 43117 43115 43105 43100 43092 43067 43053 43019 42974 42924 42874 42805 42724 42625 42530 42426 42327 42235 42130 42046 41952 41854 41768 41665 41554 41459 41381 41298 41247 41206 41182 41176 41186 41212 41229 41266 41300 41342 41393 41435 41494 41553 41629 41713 41796 41879 41961 42052 42143 42251 42358 42475 42599 42732 42857 43006 43145 43308 43459 43615 43769 43919 44065 44216 44363
43496 43559 43607 43655 43696 43738 43788 43816 43844 43856 43877 43870 43871 43878 43875 43871 43864 43854 43825 43798 43745 43692 43641 43553 43460 43361 43238 43126 43005 42890 42786 42671 42579 42483 42388 42292 42177 42073 41972 41895 41827 41770 41736 41712 41696 41688 41702 41712 41743 41758 41780 41809 41830 41875 41928 41979 42031 42081 42147 42205 42271 42337 42420 42521 42622 42723 42833 42935 43061 43203 43335 43482 43608 43732 43870 43995 44133
44256 44297 44362 44404 44446 44497 44534 44566 44592 44609 44612 44614 44616 44631 44637 44634 44636 44619 44598 44549 44515 44453 44384 44301 44189 44078 43947 43820 43690 43546 43417 43293 43181 43077 42969 42862 42759 42641 42538 42444 42368 42302 42245 42212 42172 42147 42127 42127 42124 42135 42137 42138 42137 42143 42164 42192 42219 42244 42260 42301 42333 42374 42432 42500 42567 42653 42731 42818 42922 43026 43146 43265 43381 43487 43598 43706 43810
44960 45019 45062 45121 45157 45209 45254 45277 45307 45323 45320 45328 45344 45353 45368 45373 45368 45367 45331 45295 45237 45188 45110 45009 44902 44774 44646 44499 44354 44201 44049 43907 43764 43635 43525 43417 43294 43169 43055 42952 42860 42784 42719 42654 42605 42555 42519 42493 42473 42458 42449 42421 42391 42374 42363 42359 42352 42343 42342 42340 42346 42361 42385 42418 42461 42513 42567 42630 42711 42792 42882 42980 43076 43171 43255 43335 43430
45614 45674 45735 45780 45833 45871 45915 45952 45973 45989 45998 46006 46023 46032 46055 46068 46071 46054 46039 45987 45943 45885 45797 45695 45571 45448 45311 45153 44990 44829 44662 44497 44330 44186 44054 43929 43806 43665 43541 43419 43301 43216 43140 43059 42985 42925 42870 42820 42773 42740 42696 42657 42598 42552 42509 42479 42430 42396 42368 42331 42301 42290 42278 42276 42293 42311 42340 42378 42426 42484 42568 42626 42701 42774 42837 42907 42973
46197 46277 46340 46387 46441 46480 46524 46569 46590 46600 46623 46639 46647 46679 46694 46708 46718 46716 46677 46653 46593 46533 46451 46333 46215 46068 45929 45769 45596 45410 45236 45056 44874 44707 44556 44421 44280 44138 43990 43842 43727 43608 43499 43415 43331 43252 43172 43095 43030 42962 42891 42832 42760 42675 42600 42537 42470 42392 42328 42264 42207 42159 42111 42082 42064 42047 42049 42071 42094 42127 42152 42213 42255 42315 42355 42394 42439
46734 46809 46884 46932 46972 47029 47082 47111 47141 47164 47193 47200 47231 47262 47278 47299 47316 47313 47288 47241 47202 47141 47050 46930 46796 46663 46508 46346 46149 45960 45768 45573 45383 45187 45025 44883 44725 44567 44394 44242 44100 43970 43835 43732 43629 43525 43433 43329 43229 43134 43050 42962 42861 42753 42654 42549 42447 42341 42232 42139 42054 41969 41902 41827 41772 41737 41703 41690 41687 41695 41704 41713 41749 41767 41793 41818 41849
47202 47271 47340 47408 47460 47510 47564 47603 47636 47671 47683 47720 47750 47781 47811 47832 47849 47853 47835 47795 47747 47684 47593 47471 47336 47201 47045 46860 46669 46463 46260 46047 45835 45633 45450 45285 45124 44942 44766 44603 44443 44279 44148 44011 43881 43765 43647 43516 43389 43273 43168 43043 42919 42795 42663 42514 42376 42234 42088 41965 41842 41728 41623 41528 41427 41363 41302 41253 41224 41214 41197 41180 41174 41187 41191 41194 41194
47597 47671 47743 47806 47868 47930 47987 48036 48073 48090 48123 48166 48211 48241 48272 48309 48326 48337 48318 48283 48234 48171 48078 47955 47819 47675 47511 47332 47132 46918 46691 46474 46243 46027 45832 45642 45462 45277 45091 44918 44740 44572 44407 44250 44101 43958 43804 43670 43515 43371 43221 43089 42935 42786 42610 42433 42258 42078 41903 41742 41589 41435 41300 41167 41055 40936 40855 40778 40730 40685 40641 40608 40589 40563 40554 40536 40525
47902 47998 48075 48142 48216 48281 48342 48387 48421 48459 48498 48548 48583 48636 48683 48705 48745 48747 48742 48707 48657 48592 48506 48375 48237 48085 47919 47732 47531 47309 47080 46846 46604 46368 46146 45954 45761 45564 45376 45170 44989 44810 44627 44443 44273 44102 43929 43760 43593 43412 43248 43078 42906 42705 42500 42294 42090 41872 41667 41468 41276 41109 40926 40771 40619 40489 40362 40256 40189 40116 40056 40001 39950 39919 39880 39858 39823
48150 48235 48317 48398 48478 48556 48605 48648 48703 48747 48800 48839 48897 48958 49005 49043 49075 49107 49086 49065 49007 48949 48853 48736 48590 48422 48262 48074 47857 47649 47412 47155 46902 46655 46423 46214 46014 45806 45599 45389 45182 44985 44783 44595 44397 44198 44005 43808 43613 43426 43225 43030 42813 42590 42346 42111 41860 41621 41387 41150 40936 40713 40526 40322 40157 39987 39831 39705 39601 39510 39425 39355 39280 39234 39180 39122 39077
48280 48390 48488 48575 48653 48729 48793 48859 48912 48969 49020 49081 49145 49205 49261 49306 49354 49370 49371 49334 49305 49231 49143 49024 48877 48715 48540 48351 48147 47909 47671 47413 47144 46879 46638 46422 46208 45994 45760 45546 45319 45104 44890 44690 44465 44245 44032 43822 43606 43382 43157 42924 42692 42421 42155 41872 41600 41323 41052 40794 40543 40308 40064 39856 39633 39449 39272 39125 38992 38874 38763 38667 38592 38519 38434 38364 38280
48343 48453 48568 48655 48749 48824 48913 48978 49046 49109 49181 49248 49311 49378 49441 49502 49541 49565 49574 49552 49507 49455 49358 49246 49105 48951 48759 48569 48357 48125 47865 47606 47329 47055 46807 46569 46356 46121 45888 45640 45402 45166 44956 44720 44490 44258 44024 43777 43540 43300 43044 42788 42499 42204 41897 41593 41292 40987 40687 40402 40131 39849 39593 39337 39109 38875 38691 38513 38350 38213 38083 37968 37865 37761 37682 37573 37478
48302 48440 48548 48653 48756 48857 48938 49029 49098 49183 49245 49325 49402 49475 49546 49606 49645 49685 49693 49678 49640 49581 49521 49394 49252 49097 48927 48721 48494 48261 48007 47725 47448 47183 46921 46678 46436 46209 45948 45694 45435 45203 44956 44715 44464 44219 43956 43704 43436 43159 42888 42581 42258 41929 41601 41260 40930 40613 40294 39980 39672 39389 39086 38807 38547 38305 38078 37875 37700 37534 37385 37253 37121 37006 36890 36799 36664
48191 48325 48452 48568 48681 48784 48900 48986 49073 49151 49233 49319 49401 49481 49557 49618 49681 49712 49728 49728 49698 49646 49571 49474 49332 49175 48997 48798 48571 48322 48068 47800 47516 47239 46981 46727 46492 46228 45974 45691 45443 45182 44922 44659 44403 44121 43852 43578 43290 42982 42668 42334 41976 41617 41252 40898 40548 40193 39854 39529 39211 38872 38565 38255 37979 37713 37459 37233 37029 36845 36680 36530 36389 36248 36122 35999 35888
47969 48120 48262 48398 48515 48637 48749 48872 48963 49043 49140 49222 49318 49403 49477 49552 49623 49677 49694 49694 49672 49635 49560 49455 49335 49171 49000 48801 48572 48331 48069 47801 47519 47240 46973 46736 46472 46213 45930 45663 45378 45111 44835 44566 44281 43993 43703 43403 43092 42766 42408 42039 41666 41268 40873 40498 40127 39753 39385 39040 38691 38338 38000 37686 37388 37097 36820 36563 36350 36152 35974 35816 35649 35507 35358 35229 35082
47653 47822 47990 48133 48272 48407 48540 48652 48773 48873 48956 49060 49151 49240 49327 49408 49494 49550 49589 49590 49576 49539 49472 49375 49247 49098 48935 48735 48507 48272 48010 47729 47459 47187 46926 46670 46411 46128 45851 45555 45270 44988 44705 44414 44114 43820 43506 43194 42857 42494 42108 41714 41293 40882 40483 40069 39669 39284 38912 38518 38137 37789 37436 37091 36772 36480 36175 35902 35672 35470 35286 35113 34945 34770 34613 34457 34302
47257 47446 47615 47776 47940 48099 48238 48374 48503 48616 48719 48823 48926 49011 49102 49203 49287 49351 49399 49416 49403 49366 49315 49225 49098 48957 48793 48601 48380 48138 47883 47613 47337 47066 46820 46556 46280 46008 45700 45403 45111 44820 44521 44208 43908 43591 43276 42932 42567 42174 41760 41333 40890 40458 40036 39620 39200 38792 38389 37989 37604 37214 36849 36502 36166 35842 35558 35268 35016 34808 34617 34444 34253 34061 33888 33725 33545
46769 46963 47154 47343 47525 47684 47848 48017 48155 48286 48403 48519 48620 48724 48817 48913 49002 49081 49130 49148 49151 49130 49087 48998 48879 48753 48582 48406 48185 47943 47699 47444 47169 46909 46659 46385 46112 45815 45513 45208 44906 44606 44293 43986 43647 43331 42984 42630 42237 41823 41374 40916 40467 40021 39579 39133 38716 38286 37849 37445 37044 36643 36260 35906 35556 35228 34931 34654 34396 34181 33982 33777 33590 33401 33193 33005 32819
46169 46395 46610 46813 47016 47202 47384 47562 47728 47878 48013 48135 48256 48372 48467 48550 48642 48725 48782 48816 48827 48815 48773 48700 48597 48464 48317 48133 47928 47696 47468 47215 46967 46714 46441 46179 45885 45576 45273 44974 44663 44347 44032 43694 43379 43016 42661 42280 41866 41423 40958 40494 40023 39564 39101 38649 38191 37753 37321 36883 36464 36072 35684 35298 34960 34637 34329 34047 33792 33569 33349 33158 32956 32731 32514 32307 32112
45500 45742 45972 46200 46426 46643 46844 47041 47234 47397 47543 47683 47828 47940 48037 48138 48225 48304 48364 48413 48440 48429 48403 48339 48236 48112 47973 47806 47605 47405 47178 46953 46713 46462 46186 45910 45618 45307 45002 44685 44373 44056 43723 43392 43041 42685 42287 41895 41460 40992 40530 40042 39566 39077 38607 38140 37666 37206 36758 36312 35893 35496 35102 34721 34381 34062 33748 33462 33211 32970 32755 32549 32326 32077 31846 31628 31394
44749 45011 45267 45520 45772 46003 46234 46451 46654 46845 47007 47167 47315 47450 47561 47665 47753 47835 47907 47959 47984 47996 47971 47915 47822 47706 47586 47417 47240 47050 46858 46640 46404 46149 45890 45600 45304 45006 44682 44372 44050 43724 43382 43039 42677 42295 41901 41464 41021 40548 40053 39578 39071 38593 38098 37615 37127 36651 36195 35759 35335 34915 34534 34176 33813 33489 33189 32899 32642 32398 32176 31936 31697 31443 31181 30929 30711
43947 44216 44484 44764 45032 45306 45543 45772 45996 46198 46388 46565 46742 46897 47033 47135 47238 47323 47405 47462 47491 47493 47482 47435 47359 47256 47135 47004 46837 46665 46479 46272 46038 45786 45527 45246 44948 44647 44338 44011 43687 43342 43005 42651 42270 41874 41460 41013 40549 40071 39571 39065 38578 38065 37572 37065 36580 36105 35641 35200 34771 34355 33978 33615 33264 32936 32632 32347 32078 31846 31592 31345 31081 30824 30538 30285 30057
43091 43363 43656 43939 44233 44506 44777 45030 45265 45487 45688 45894 46087 46273 46429 46558 46678 46781 46854 46916 46943 46968 46957 46919 46854 46771 46663 46549 46403 46242 46055 45851 45620 45367 45109 44841 44548 44239 43929 43615 43273 42940 42576 42218 41823 41414 40979 40535 40059 39571 39067 38562 38031 37538 37030 36526 36033 35550 35090 34652 34228 33833 33423 33064 32735 32410 32101 31808 31545 31293 31032 30769 30511 30212 29937 29676 29442
42189 42478 42764 43071 43368 43658 43945 44221 44471 44705 44942 45158 45379 45580 45751 45917 46055 46167 46264 46323 46376 46394 46401 46373 46326 46254 46165 46052 45921 45773 45598 45379 45155 44912 44653 44383 44098 43795 43483 43159 42836 42484 42132 41727 41351 40919 40477 40028 39551 39063 38555 38024 37512 36995 36481 35978 35486 35016 34559 34116 33694 33293 32914 32558 32223 31901 31595 31308 31030 30776 30489 30223 29934 29647 29373 29115 28861
41258 41556 41851 42144 42454 42772 43074 43357 43620 43892 44141 44384 44614 44824 45015 45194 45353 45486 45601 45691 45744 45784 45794 45793 45756 45701 45619 45519 45393 45255 45082 44873 44647 44418 44166 43897 43618 43314 42999 42686 42344 42003 41627 41241 40818 40394 39953 39491 39032 38532 38022 37495 36977 36453 35940 35448 34968 34492 34040 33608 33188 32790 32415 32069 31735 31427 31120 30821 30552 30259 29989 29684 29406 29121 28839 28572 28328
40285 40588 40906 41207 41513 41828 42151 42447 42750 43026 43303 43555 43795 44021 44228 44415 44576 44743 44875 44975 45052 45105 45145 45147 45128 45090 45023 44929 44825 44676 44517 44323 44112 43877 43640 43386 43107 42809 42496 42170 41838 41474 41102 40702 40278 39847 39400 38952 38471 37996 37474 36964 36424 35910 35417 34937 34442 33999 33548 33108 32700 32306 31940 31585 31265 30957 30648 30363 30069 29793 29487 29202 28907 28624 28332 28074 27842
39263 39582 39906 40234 40537 40860 41182 41524 41815 42113 42411 42690 42938 43164 43385 43579 43771 43936 44077 44208 44298 44373 44417 44447 44448 44428 44371 44294 44189 44065 43898 43730 43529 43310 43081 42835 42570 42279 41969 41629 41284 40922 40537 40137 39706 39279 38845 38372 37922 37418 36932 36402 35885 35384 34904 34408 33954 33503 33063 32627 32221 31836 31472 31130 30802 30493 30199 29902 29628 29337 29033 28730 28447 28150 27877 27622 27394
