ASPA-UH-SWB2_REPO/dynamic_inputs/RO_Rf_Ratios_Dynamic/Data/Gridded_rain/PRISM_ppt_tutuila_30yr_normal_80mM1_02_asc.asc
ncols 381
nrows 202
xllcorner -170.851658
yllcorner -14.379175
cellsize 0.00083333333
NODATA_value -9999
[rows 136 to 169 of 202, columns 77 to 153 of 381]
42496 42759 43015 43253 43507 43735 43973 44201 44430 44646 44857 45051 45223 45382 45521 45654 45770 45881 45989 46081 46162 46228 46293 46356 46409 46449 46491 46516 46541 46569 46593 46601 46614 46624 46638 46647 46644 46631 46595 46559 46497 46427 46331 46204 46047 45855 45627 45368 45031 44692 44270 43797 43284 42751 42175 41613 41029 40433 39827 39256 38676 38125 37578 37063 36558 36062 35569 35109 34669 34265 33828 33436 33057 32707 32374 32066 31806
41694 41986 42267 42544 42801 43080 43334 43581 43827 44066 44294 44513 44723 44905 45073 45218 45354 45485 45611 45718 45813 45902 45977 46045 46107 46159 46202 46241 46272 46301 46328 46342 46353 46360 46360 46349 46340 46305 46259 46184 46110 46009 45887 45733 45557 45327 45080 44769 44443 44057 43648 43166 42675 42145 41600 41027 40444 39854 39275 38674 38110 37572 37042 36521 36013 35511 35031 34582 34158 33739 33352 32951 32587 32244 31918 31630 31363
40878 41193 41508 41808 42104 42387 42682 42948 43207 43473 43716 43953 44177 44399 44588 44759 44913 45065 45211 45335 45444 45546 45638 45716 45781 45844 45891 45933 45981 46014 46032 46050 46055 46054 46045 46025 45990 45947 45871 45794 45692 45572 45426 45246 45034 44802 44512 44195 43831 43448 43010 42553 42040 41520 40986 40435 39851 39283 38701 38119 37560 37040 36518 36010 35511 35010 34529 34094 33677 33276 32894 32519 32158 31821 31523 31229 30976
40042 40396 40733 41067 41385 41698 42012 42312 42589 42858 43132 43377 43622 43861 44080 44268 44446 44614 44775 44922 45048 45158 45267 45354 45438 45502 45558 45613 45655 45690 45713 45723 45724 45711 45692 45667 45622 45547 45472 45374 45263 45114 44943 44752 44514 44248 43952 43614 43254 42842 42414 41942 41428 40901 40376 39836 39286 38707 38146 37583 37044 36513 36017 35521 35024 34547 34066 33635 33235 32863 32476 32116 31770 31447 31155 30887 30624
39213 39597 39963 40311 40662 41002 41337 41664 41970 42264 42533 42807 43066 43325 43557 43770 43960 44148 44314 44480 44620 44756 44866 44974 45066 45141 45211 45272 45307 45346 45369 45370 45367 45348 45329 45290 45229 45150 45056 44952 44814 44647 44459 44235 43998 43711 43394 43051 42669 42275 41831 41348 40841 40336 39797 39257 38728 38181 37619 37066 36528 36024 35531 35038 34564 34086 33652 33204 32822 32455 32096 31742 31409 31100 30823 30557 30328
38397 38800 39194 39567 39937 40309 40661 41007 41352 41663 41960 42237 42525 42790 43048 43273 43481 43678 43871 44032 44192 44328 44466 44583 44687 44772 44844 44901 44957 44987 45004 45004 44999 44981 44950 44897 44834 44751 44640 44509 44361 44188 43969 43740 43474 43191 42861 42496 42114 41712 41274 40787 40291 39771 39269 38737 38207 37669 37117 36575 36052 35552 35063 34594 34131 33676 33234 32836 32447 32096 31742 31405 31077 30791 30515 30273 30035
37604 38030 38439 38836 39228 39617 39998 40365 40718 41058 41376 41681 41974 42263 42535 42786 43005 43225 43414 43601 43761 43927 44062 44193 44302 44395 44469 44537 44585 44615 44626 44637 44622 44600 44563 44503 44430 44338 44214 44069 43909 43707 43492 43244 42975 42672 42337 41962 41580 41165 40722 40262 39760 39256 38750 38245 37713 37184 36652 36114 35607 35122 34647 34177 33736 33294 32879 32472 32109 31751 31424 31092 30792 30498 30243 30002 29790
36847 37286 37714 38131 38536 38943 39351 39737 40095 40453 40797 41121 41425 41732 42020 42286 42537 42754 42972 43161 43345 43509 43665 43796 43916 44013 44094 44153 44205 44236 44252 44255 44237 44209 44166 44104 44024 43914 43778 43630 43444 43239 43005 42764 42475 42168 41824 41458 41062 40651 40205 39746 39267 38778 38269 37762 37257 36737 36218 35695 35203 34733 34280 33821 33381 32963 32540 32160 31786 31452 31130 30825 30519 30241 29987 29779 29546
36138 36587 37025 37459 37888 38303 38712 39114 39501 39867 40213 40560 40894 41209 41499 41779 42043 42292 42514 42730 42922 43096 43255 43406 43523 43629 43710 43774 43821 43859 43876 43869 43854 43822 43765 43704 43608 43488 43351 43178 42998 42777 42545 42275 42000 41675 41340 40968 40566 40160 39733 39268 38794 38319 37827 37326 36828 36308 35803 35316 34840 34383 33930 33493 33065 32650 32242 31863 31513 31178 30869 30569 30279 30005 29787 29536 29348
35459 35924 36378 36819 37254 37683 38113 38521 38914 39293 39666 40018 40358 40679 40990 41282 41558 41819 42064 42283 42501 42687 42854 43005 43134 43235 43330 43398 43448 43481 43496 43494 43475 43431 43376 43287 43191 43071 42918 42746 42551 42341 42089 41827 41533 41217 40868 40508 40110 39703 39279 38828 38367 37899 37411 36915 36416 35930 35439 34946 34495 34060 33617 33181 32766 32365 31981 31605 31266 30941 30631 30346 30072 29811 29562 29344 29158
34812 35289 35755 36208 36648 37088 37530 37950 38355 38745 39129 39493 39844 40176 40497 40801 41088 41365 41620 41860 42078 42282 42459 42603 42743 42860 42948 43020 43073 43105 43127 43116 43094 43046 42979 42883 42773 42640 42489 42320 42130 41902 41665 41385 41085 40780 40443 40070 39680 39274 38852 38423 37968 37493 37020 36532 36055 35572 35095 34627 34187 33752 33332 32907 32495 32097 31737 31383 31044 30730 30419 30123 29874 29616 29377 29169 28980
34213 34691 35166 35628 36083 36526 36961 37398 37828 38221 38601 38983 39360 39702 40027 40340 40644 40923 41193 41453 41677 41886 42064 42222 42367 42485 42571 42648 42703 42744 42750 42744 42712 42660 42581 42481 42366 42230 42068 41905 41706 41493 41240 40970 40673 40363 40029 39663 39283 38880 38461 38035 37583 37123 36655 36187 35712 35242 34790 34346 33906 33493 33063 32651 32262 31889 31520 31177 30861 30535 30235 29950 29689 29442 29212 29012 28808
33668 34151 34631 35098 35553 36002 36444 36887 37303 37712 38108 38508 38873 39234 39575 39899 40212 40508 40786 41039 41290 41509 41696 41860 42002 42121 42221 42294 42352 42378 42390 42375 42333 42278 42196 42101 41976 41830 41675 41503 41321 41092 40841 40565 40288 39973 39637 39280 38901 38510 38084 37662 37222 36775 36317 35850 35398 34962 34524 34080 33663 33239 32842 32432 32057 31686 31328 30997 30692 30378 30066 29804 29532 29308 29074 28857 28669
33195 33677 34142 34612 35069 35513 35960 36394 36823 37231 37643 38035 38417 38788 39140 39475 39799 40112 40399 40667 40915 41149 41344 41521 41651 41773 41882 41961 42013 42040 42036 42012 41968 41912 41835 41731 41606 41458 41304 41133 40934 40708 40459 40195 39904 39595 39276 38920 38535 38145 37750 37320 36884 36445 35996 35561 35133 34700 34273 33852 33423 33033 32626 32251 31846 31486 31150 30831 30526 30224 29936 29662 29413 29178 28956 28734 28550
32770 33239 33707 34158 34613 35058 35492 35928 36370 36793 37189 37581 37979 38358 38728 39073 39409 39725 40026 40303 40565 40782 40980 41155 41306 41436 41543 41626 41686 41716 41697 41664 41627 41570 41485 41380 41254 41116 40954 40768 40572 40347 40102 39833 39539 39247 38919 38574 38209 37821 37419 37002 36571 36150 35723 35300 34873 34463 34048 33637 33221 32819 32447 32042 31681 31311 30966 30669 30376 30097 29809 29546 29298 29064 28852 28653 28433
32385 32844 33295 33738 34172 34612 35051 35490 35927 36346 36755 37155 37562 37943 38316 38686 39031 39355 39645 39914 40160 40395 40597 40760 40929 41069 41187 41282 41354 41384 41381 41340 41301 41236 41150 41046 40921 40776 40607 40432 40230 40001 39751 39488 39220 38910 38593 38249 37905 37528 37119 36705 36302 35892 35476 35055 34650 34240 33847 33427 33032 32654 32262 31880 31509 31151 30828 30532 30251 29961 29697 29424 29198 28953 28753 28554 28356
32065 32490 32921 33353 33785 34209 34634 35069 35505 35926 36331 36737 37143 37543 37925 38300 38644 38950 39233 39493 39737 39962 40158 40346 40516 40670 40798 40919 41007 41053 41055 41037 40982 40916 40832 40720 40605 40454 40280 40107 39901 39678 39434 39179 38892 38602 38287 37963 37611 37237 36839 36453 36049 35640 35245 34845 34441 34042 33639 33241 32858 32480 32112 31743 31362 31027 30716 30420 30129 29862 29577 29338 29090 28878 28656 28457 28282
31759 32192 32595 33014 33434 33848 34255 34674 35105 35523 35929 36330 36727 37133 37534 37897 38235 38527 38797 39049 39293 39508 39707 39905 40095 40251 40400 40523 40633 40698 40734 40720 40676 40611 40519 40410 40281 40150 39979 39786 39586 39368 39141 38868 38602 38304 38009 37678 37337 36964 36593 36195 35811 35422 35028 34639 34235 33847 33466 33068 32697 32332 31976 31619 31263 30928 30617 30311 30043 29755 29492 29243 29018 28794 28594 28396 28210
31515 31909 32311 32701 33107 33508 33912 34314 34721 35125 35528 35928 36326 36730 37112 37476 37799 38097 38354 38603 38841 39069 39279 39480 39665 39840 39991 40125 40243 40348 40395 40408 40377 40313 40223 40108 39991 39838 39682 39495 39293 39083 38839 38594 38321 38043 37731 37411 37071 36724 36341 35971 35587 35218 34825 34436 34053 33677 33296 32920 32550 32208 31865 31509 31164 30842 30521 30227 29937 29661 29410 29184 28948 28735 28524 28337 28152
31286 31662 32040 32419 32803 33190 33574 33957 34355 34752 35141 35538 35935 36313 36693 37041 37361 37636 37902 38158 38402 38636 38859 39064 39250 39437 39589 39742 39877 39978 40059 40092 40087 40035 39933 39831 39702 39555 39388 39208 39014 38797 38581 38321 38057 37772 37480 37162 36827 36477 36131 35751 35397 35008 34634 34257 33884 33519 33150 32774 32416 32076 31744 31401 31068 30736 30417 30123 29833 29580 29341 29104 28880 28679 28478 28280 28095
31098 31440 31800 32147 32513 32886 33240 33611 33990 34371 34762 35154 35546 35923 36276 36609 36904 37187 37451 37712 37971 38210 38439 38657 38863 39043 39214 39368 39504 39623 39716 39782 39788 39754 39670 39552 39422 39282 39114 38944 38743 38545 38314 38072 37802 37527 37238 36923 36595 36252 35905 35574 35190 34831 34457 34079 33728 33374 33016 32641 32284 31945 31615 31284 30952 30632 30325 30021 29765 29502 29274 29038 28824 28612 28423 28226 28052
30914 31246 31565 31910 32245 32586 32935 33276 33636 34008 34391 34778 35161 35533 35883 36190 36478 36745 37011 37277 37542 37805 38039 38269 38471 38672 38845 39000 39145 39264 39374 39447 39485 39459 39388 39277 39149 39011 38854 38667 38486 38282 38070 37822 37562 37290 36994 36686 36374 36039 35711 35350 35014 34645 34281 33924 33574 33231 32883 32510 32154 31816 31487 31157 30849 30541 30235 29965 29687 29457 29197 28983 28759 28569 28370 28183 28010
30748 31045 31369 31675 31995 32314 32641 32970 33303 33664 34039 34418 34800 35160 35489 35796 36073 36341 36610 36878 37146 37413 37669 37897 38112 38298 38482 38658 38795 38924 39025 39116 39171 39162 39098 39006 38884 38751 38579 38413 38226 38041 37823 37586 37319 37050 36770 36459 36154 35838 35499 35166 34820 34481 34107 33771 33432 33099 32753 32381 32026 31689 31371 31064 30757 30451 30169 29899 29644 29381 29154 28919 28717 28505 28328 28153 27991
30581 30885 31162 31460 31757 32062 32369 32687 33016 33358 33715 34084 34448 34799 35117 35411 35690 35959 36239 36508 36778 37038 37298 37538 37758 37947 38146 38314 38463 38593 38713 38804 38853 38861 38828 38719 38616 38480 38331 38151 37976 37786 37588 37345 37092 36819 36546 36261 35945 35627 35307 34984 34658 34298 33965 33619 33291 32969 32624 32263 31909 31584 31278 30973 30667 30374 30104 29824 29570 29329 29080 28866 28654 28475 28287 28113 27951
30449 30706 30984 31251 31534 31826 32129 32426 32744 33075 33422 33772 34117 34452 34764 35049 35320 35600 35881 36162 36424 36685 36937 37189 37402 37624 37806 37997 38149 38290 38411 38503 38562 38574 38533 38463 38351 38232 38073 37907 37727 37550 37348 37119 36872 36606 36331 36044 35756 35448 35126 34813 34476 34147 33814 33479 33161 32840 32506 32157 31825 31501 31186 30882 30579 30308 30018 29762 29497 29256 29029 28814 28613 28424 28258 28084 27923
30309 30558 30813 31066 31327 31606 31887 32171 32476 32797 33125 33466 33803 34123 34424 34700 34982 35265 35548 35821 36093 36357 36620 36844 37078 37292 37496 37670 37862 37996 38100 38202 38271 38292 38251 38182 38098 37970 37828 37661 37488 37308 37113 36890 36641 36383 36125 35847 35558 35258 34947 34622 34315 33996 33664 33339 33032 32722 32399 32062 31731 31419 31106 30792 30512 30211 29944 29689 29457 29195 28978 28764 28562 28384 28208 28046 27896
30189 30425 30657 30889 31144 31392 31660 31941 32218 32519 32845 33177 33508 33824 34118 34396 34670 34954 35238 35523 35788 36053 36288 36543 36769 36994 37189 37384 37548 37693 37817 37912 37979 38006 37974 37913 37821 37712 37581 37414 37241 37061 36873 36659 36408 36168 35909 35640 35360 35059 34766 34462 34145 33836 33514 33210 32904 32595 32283 31956 31637 31316 31004 30714 30414 30136 29870 29638 29386 29167 28929 28725 28523 28334 28170 28008 27858
30090 30297 30517 30736 30962 31206 31453 31713 31979 32259 32575 32898 33222 33537 33834 34116 34392 34668 34955 35231 35508 35755 36002 36249 36485 36682 36908 37094 37249 37395 37530 37634 37689 37720 37705 37634 37551 37454 37314 37159 36987 36827 36630 36415 36202 35952 35692 35432 35171 34889 34587 34282 33995 33686 33385 33082 32776 32468 32156 31841 31523 31203 30914 30615 30327 30062 29819 29567 29337 29108 28891 28676 28474 28296 28121 27970 27831
29982 30178 30378 30601 30799 31024 31259 31498 31752 32031 32318 32622 32940 33253 33553 33841 34120 34398 34677 34956 35225 35484 35722 35961 36189 36416 36613 36800 36966 37112 37238 37340 37418 37443 37414 37353 37283 37188 37050 36886 36745 36577 36401 36188 35975 35744 35493 35242 34981 34700 34407 34122 33835 33547 33246 32943 32649 32341 32030 31716 31399 31101 30814 30527 30251 29998 29735 29506 29277 29049 28843 28639 28437 28248 28084 27932 27794
29897 30075 30265 30454 30658 30855 31089 31309 31552 31803 32080 32364 32665 32976 33277 33560 33844 34125 34406 34687 34958 35209 35460 35680 35919 36148 36346 36523 36690 36837 36963 37069 37137 37156 37134 37085 37008 36916 36780 36657 36499 36343 36168 35976 35755 35534 35293 35042 34781 34509 34236 33952 33665 33377 33087 32795 32501 32215 31904 31590 31285 30999 30714 30439 30186 29913 29663 29434 29217 29000 28785 28591 28389 28212 28058 27907 27757
29812 29989 30155 30326 30522 30718 30917 31146 31363 31605 31854 32139 32422 32719 33011 33296 33575 33859 34142 34415 34689 34952 35194 35426 35657 35887 36086 36264 36422 36569 36700 36797 36857 36869 36846 36801 36738 36640 36536 36405 36268 36105 35942 35752 35541 35312 35091 34841 34590 34318 34045 33771 33495 33207 32918 32627 32344 32067 31778 31465 31171 30898 30614 30352 30090 29829 29601 29362 29135 28941 28747 28544 28354 28176 28023 27882 27742
29744 29890 30056 30220 30399 30579 30770 30975 31194 31420 31681 31930 32205 32485 32776 33052 33333 33611 33886 34161 34437 34692 34936 35180 35412 35634 35834 36003 36172 36315 36426 36524 36577 36584 36552 36513 36455 36380 36269 36151 36016 35883 35694 35515 35316 35107 34868 34638 34388 34136 33864 33590 33325 33048 32749 32469 32196 31920 31641 31350 31058 30786 30525 30264 29993 29755 29517 29301 29085 28881 28688 28497 28319 28163 27999 27847 27718
29671 29810 29953 30117 30281 30454 30631 30830 31027 31265 31492 31743 32011 32284 32552 32827 33100 33379 33658 33925 34193 34450 34686 34942 35176 35378 35579 35768 35922 36056 36159 36240 36286 36292 36266 36222 36169 36099 36011 35886 35763 35612 35453 35265 35088 34880 34672 34424 34194 33934 33682 33429 33154 32878 32600 32320 32047 31772 31504 31224 30944 30674 30425 30166 29907 29680 29444 29218 29024 28831 28640 28450 28272 28118 27975 27844 27694
29593 29725 29860 30018 30176 30336 30508 30686 30895 31101 31332 31577 31829 32066 32337 32611 32883 33164 33433 33693 33954 34214 34462 34689 34934 35138 35347 35520 35665 35782 35889 35953 35986 35998 35969 35930 35882 35825 35740 35628 35488 35349 35191 35034 34839 34662 34445 34228 33990 33740 33489 33237 32993 32718 32440 32170 31898 31634 31367 31089 30821 30573 30315 30068 29831 29595 29380 29166 28963 28760 28580 28413 28247 28082 27965 27813 27713
