ASPA-UH-SWB2_REPO/dynamic_inputs/RO_Rf_Ratios_Dynamic/Data/Gridded_rain/PRISM_ppt_tutuila_30yr_normal_80mM1_04_asc.asc
ncols 381
nrows 202
xllcorner -170.851658
yllcorner -14.379175
cellsize 0.00083333333
NODATA_value -9999
[rows 34 to 67 of 202, columns 154 to 230 of 381]
-9999 -9999 -9999 -9999 -9999 -9999 -9999 -9999 -9999 -9999 -9999 -9999 -9999 -9999 -9999 -9999 -9999 -9999 -9999 -9999 -9999 -9999 -9999 -9999 -9999 -9999 -9999 -9999 -9999 -9999 -9999 -9999 -9999 -9999 -9999 -9999 -9999 -9999 -9999 -9999 -9999 -9999 -9999 -9999 -9999 -9999 -9999 -9999 25720 25706 25675 25788 25783 25662 25559 25362 25320 25264 25207 25126 25057 24974 24877 24769 24671 24550 24427 24291 24225 24184 -9999 -9999 -9999 -9999 -9999 -9999 -9999
-9999 -9999 -9999 -9999 -9999 -9999 -9999 -9999 -9999 -9999 -9999 -9999 -9999 -9999 -9999 -9999 -9999 -9999 -9999 -9999 -9999 -9999 -9999 -9999 -9999 -9999 -9999 -9999 -9999 -9999 -9999 -9999 -9999 -9999 -9999 -9999 -9999 -9999 -9999 -9999 -9999 -9999 -9999 -9999 -9999 -9999 -9999 26315 26236 26059 26191 26191 26177 26161 26030 25999 25942 25884 25801 25730 25645 25560 25450 25350 25239 25103 24966 24827 24699 24738 -9999 -9999 -9999 -9999 24206 -9999 -9999
-9999 -9999 -9999 -9999 -9999 -9999 -9999 -9999 -9999 -9999 -9999 -9999 -9999 -9999 -9999 -9999 -9999 -9999 -9999 -9999 -9999 -9999 -9999 -9999 -9999 -9999 -9999 -9999 -9999 -9999 -9999 -9999 -9999 -9999 -9999 -9999 -9999 -9999 -9999 -9999 -9999 -9999 -9999 26909 26931 -9999 26900 26861 26698 26733 26754 26763 26757 26725 26692 26658 26599 26527 26466 26379 26292 26180 26080 25966 25852 25701 25561 25397 25272 25202 -9999 -9999 24910 24584 24502 24399 -9999
-9999 -9999 -9999 -9999 -9999 -9999 -9999 -9999 -9999 -9999 -9999 -9999 -9999 -9999 -9999 -9999 -9999 -9999 -9999 -9999 -9999 -9999 -9999 -9999 -9999 -9999 -9999 -9999 -9999 -9999 -9999 -9999 -9999 -9999 -9999 -9999 -9999 -9999 -9999 -9999 -9999 -9999 27374 27302 27327 27435 27508 27368 27414 27445 27463 27482 27460 27424 27389 27340 27290 27227 27152 27075 26959 26869 26741 26624 26471 26353 26186 26008 25853 25750 25771 25560 25295 25057 24771 24787 24737
-9999 -9999 -9999 -9999 -9999 -9999 -9999 -9999 -9999 -9999 -9999 -9999 -9999 -9999 -9999 -9999 -9999 -9999 -9999 -9999 -9999 -9999 -9999 -9999 -9999 -9999 -9999 -9999 -9999 -9999 -9999 -9999 -9999 -9999 -9999 -9999 -9999 -9999 -9999 -9999 28070 27961 27927 27830 27942 28115 28069 28138 28180 28209 28211 28225 28213 28174 28122 28071 28017 27964 27897 27780 27686 27567 27447 27302 27169 26999 26854 26672 26501 26331 26238 26047 25752 25537 25334 25131 25157
-9999 -9999 -9999 -9999 -9999 -9999 -9999 -9999 -9999 -9999 -9999 -9999 -9999 -9999 -9999 -9999 -9999 -9999 -9999 -9999 -9999 -9999 -9999 -9999 -9999 -9999 -9999 -9999 -9999 -9999 -9999 -9999 -9999 -9999 -9999 -9999 -9999 -9999 -9999 28560 28512 28518 28522 28658 28739 28818 28884 28950 28989 29013 29037 29035 29006 28963 28920 28865 28808 28737 28654 28557 28434 28323 28174 28036 27875 27713 27550 27387 27178 26980 26794 26586 26366 26148 25931 25726 25500
-9999 -9999 -9999 -9999 -9999 -9999 -9999 -9999 -9999 -9999 -9999 -9999 -9999 -9999 -9999 -9999 -9999 -9999 -9999 -9999 -9999 -9999 -9999 -9999 -9999 -9999 -9999 -9999 -9999 -9999 -9999 -9999 -9999 -9999 -9999 -9999 -9999 -9999 29220 29195 29062 29209 29370 29490 29607 29681 29743 29791 29852 29873 29892 29887 29853 29819 29759 29710 29624 29549 29461 29358 29231 29090 28960 28794 28638 28459 28291 28099 27895 27680 27465 27240 27017 26794 26562 26332 26103
-9999 -9999 -9999 -9999 -9999 -9999 -9999 -9999 -9999 -9999 -9999 -9999 -9999 -9999 -9999 -9999 -9999 -9999 -9999 -9999 -9999 -9999 -9999 -9999 -9999 -9999 -9999 -9999 -9999 -9999 -9999 -9999 -9999 -9999 29307 29488 -9999 29749 29873 29766 29911 30095 30252 30394 30494 30591 30647 30704 30747 30775 30777 30778 30752 30700 30648 30569 30490 30398 30304 30184 30051 29906 29770 29598 29413 29250 29052 28854 28643 28409 28177 27946 27717 27477 27218 26972 26738
-9999 -9999 -9999 -9999 -9999 -9999 -9999 -9999 -9999 -9999 -9999 -9999 -9999 -9999 -9999 -9999 -9999 -9999 -9999 -9999 -9999 -9999 -9999 -9999 -9999 -9999 -9999 -9999 -9999 -9999 -9999 -9999 -9999 29711 29786 29930 30213 30472 30456 30656 30851 31017 31183 31331 31452 31517 31594 31643 31678 31700 31695 31690 31671 31614 31544 31472 31387 31289 31166 31041 30891 30764 30587 30421 30228 30036 29844 29627 29398 29158 28918 28680 28433 28176 27909 27646 27376
-9999 -9999 -9999 -9999 -9999 -9999 -9999 -9999 -9999 -9999 -9999 -9999 -9999 -9999 -9999 -9999 -9999 -9999 -9999 -9999 -9999 -9999 -9999 -9999 -9999 -9999 -9999 -9999 -9999 -9999 -9999 -9999 30274 30365 30356 30648 31055 31161 31386 31608 31812 31986 32142 32296 32407 32490 32546 32599 32626 32640 32640 32615 32577 32539 32487 32385 32283 32167 32064 31910 31778 31609 31439 31255 31068 30847 30636 30413 30166 29919 29673 29428 29163 28888 28615 28324 28048
-9999 -9999 -9999 -9999 -9999 -9999 -9999 -9999 -9999 -9999 -9999 -9999 -9999 -9999 -9999 -9999 -9999 -9999 -9999 -9999 -9999 -9999 -9999 -9999 -9999 -9999 -9999 -9999 -9999 -9999 -9999 30824 30956 30934 31284 31601 31885 32134 32366 32593 32801 32977 33150 33266 33365 33450 33520 33563 33594 33574 33591 33558 33501 33456 33387 33292 33172 33075 32941 32794 32633 32483 32294 32105 31890 31674 31457 31205 30952 30688 30436 30174 29903 29611 29321 29035 28733
-9999 -9999 -9999 -9999 -9999 -9999 -9999 -9999 -9999 -9999 -9999 -9999 -9999 -9999 -9999 -9999 -9999 -9999 -9999 -9999 -9999 -9999 -9999 -9999 -9999 29555 29825 30074 30438 30861 31157 31407 31511 31891 32253 32594 32885 33126 33374 33615 33811 33987 34132 34260 34347 34419 34478 34525 34533 34555 34514 34487 34434 34358 34270 34182 34080 33955 33816 33674 33507 33328 33156 32960 32728 32505 32270 32022 31752 31482 31202 30933 30645 30347 30032 29741 29444
-9999 -9999 -9999 -9999 -9999 -9999 -9999 -9999 -9999 -9999 -9999 -9999 -9999 -9999 -9999 -9999 -9999 -9999 -9999 -9999 -9999 -9999 -9999 -9999 29801 29970 30168 30586 31004 31419 31832 32089 32487 32863 33247 33577 33884 34141 34389 34617 34823 34998 35143 35245 35346 35406 35467 35478 35502 35502 35467 35407 35360 35277 35183 35089 34971 34839 34706 34534 34373 34186 33997 33782 33564 33333 33079 32812 32545 32265 31977 31669 31373 31059 30748 30432 30129
-9999 -9999 -9999 -9999 -9999 -9999 -9999 -9999 -9999 -9999 -9999 -9999 -9999 -9999 -9999 -9999 -9999 -9999 -9999 -9999 -9999 -9999 -9999 30119 30341 30439 30856 31302 31774 32215 32637 33081 33488 33870 34243 34589 34881 35151 35399 35626 35820 36009 36140 36256 36332 36407 36430 36455 36456 36434 36402 36347 36270 36193 36105 35981 35857 35732 35569 35404 35201 35042 34822 34611 34374 34133 33880 33614 33324 33024 32714 32417 32079 31767 31428 31114 30786
-9999 -9999 -9999 -9999 -9999 -9999 -9999 -9999 -9999 -9999 -9999 -9999 -9999 -9999 -9999 -9999 -9999 -9999 -9999 -9999 -9999 -9999 30437 30678 30787 31267 31734 32200 32693 33165 33643 34081 34494 34880 35267 35615 35909 36180 36429 36644 36851 36999 37157 37245 37333 37367 37402 37401 37391 37345 37316 37253 37169 37074 36969 36852 36735 36581 36425 36220 36059 35835 35655 35424 35190 34919 34666 34388 34087 33765 33463 33132 32803 32437 32117 31763 31446
-9999 -9999 -9999 -9999 -9999 -9999 -9999 -9999 -9999 -9999 -9999 -9999 -9999 -9999 -9999 -9999 -9999 -9999 -9999 -9999 -9999 30709 30978 31135 31639 32128 32630 33145 33640 34154 34641 35087 35519 35907 36284 36637 36949 37237 37473 37687 37866 38024 38111 38234 38289 38332 38325 38310 38273 38255 38179 38095 38003 37903 37793 37673 37541 37407 37225 37062 36849 36667 36446 36220 35955 35707 35434 35145 34833 34508 34173 33839 33487 33148 32765 32438 32070
-9999 -9999 -9999 -9999 -9999 -9999 -9999 -9999 -9999 -9999 -9999 -9999 -9999 -9999 -9999 -9999 -9999 -9999 -9999 -9999 30932 31219 31392 31949 32522 33035 33559 34091 34628 35152 35647 36115 36538 36934 37320 37678 38008 38285 38521 38718 38890 39012 39116 39163 39224 39220 39221 39176 39138 39070 38997 38893 38783 38666 38554 38443 38321 38162 38013 37824 37642 37432 37217 36972 36721 36454 36182 35872 35559 35232 34884 34517 34172 33800 33444 33064 32733
-9999 -9999 -9999 -9999 -9999 -9999 -9999 -9999 -9999 -9999 -9999 -9999 -9999 -9999 -9999 -9999 -9999 -9999 -9999 31124 31417 31616 32181 32764 33363 33941 34483 35059 35608 36128 36649 37127 37564 37971 38366 38717 39050 39312 39556 39743 39863 39974 40037 40071 40080 40094 40034 39984 39906 39838 39743 39633 39506 39387 39273 39162 39028 38892 38718 38552 38356 38155 37934 37695 37436 37161 36879 36591 36255 35906 35546 35195 34817 34452 34063 33711 33338
-9999 -9999 -9999 -9999 -9999 -9999 -9999 -9999 -9999 -9999 -9999 -9999 -9999 -9999 -9999 -9999 -9999 -9999 31291 31612 31808 32380 33000 33609 34230 34828 35429 35992 36553 37117 37640 38136 38589 39011 39401 39770 40059 40342 40549 40709 40814 40853 40913 40902 40882 40829 40785 40689 40607 40513 40411 40283 40167 40048 39935 39814 39695 39537 39377 39200 39027 38824 38600 38356 38102 37830 37538 37228 36902 36541 36178 35814 35442 35045 34682 34298 33944
-9999 -9999 -9999 -9999 -9999 -9999 -9999 -9999 -9999 -9999 -9999 -9999 -9999 -9999 29787 -9999 -9999 31401 31761 31978 32587 33187 33806 34480 35093 35737 36356 36933 37516 38102 38634 39136 39621 40042 40453 40793 41079 41324 41505 41620 41702 41718 41685 41651 41582 41510 41412 41307 41194 41090 40968 40850 40722 40607 40499 40396 40258 40119 39951 39801 39631 39427 39214 38978 38709 38440 38140 37820 37493 37140 36775 36398 36013 35631 35246 34879 34494
-9999 -9999 -9999 -9999 -9999 -9999 -9999 -9999 -9999 -9999 -9999 -9999 -9999 29848 30185 30538 31201 31728 32095 32727 33364 34022 34663 35316 35990 36639 37263 37895 38489 39076 39633 40159 40632 41078 41466 41808 42059 42278 42424 42501 42513 42496 42417 42311 42199 42075 41946 41803 41686 41545 41419 41289 41167 41059 40960 40856 40752 40600 40465 40310 40156 39968 39754 39528 39267 38993 38696 38378 38041 37698 37339 36950 36571 36186 35797 35409 35042
-9999 -9999 -9999 -9999 -9999 -9999 -9999 -9999 -9999 -9999 -9999 -9999 29917 30227 30431 31072 31682 32174 32827 33486 34153 34833 35511 36170 36864 37521 38176 38824 39467 40056 40643 41177 41653 42083 42479 42792 43033 43177 43282 43312 43271 43184 43061 42886 42709 42515 42350 42192 42020 41871 41731 41595 41483 41388 41305 41227 41117 41002 40857 40747 40590 40419 40210 39996 39756 39468 39186 38882 38547 38193 37844 37471 37080 36702 36302 35932 35564
-9999 -9999 -9999 -9999 -9999 -9999 -9999 -9999 -9999 -9999 -9999 29977 30290 30497 31037 31644 32246 32886 33551 34254 34944 35634 36333 37028 37702 38407 39081 39769 40405 41045 41649 42195 42680 43096 43470 43766 43950 44054 44081 44051 43932 43776 43569 43340 43077 42821 42610 42414 42222 42048 41897 41773 41678 41603 41542 41465 41398 41291 41187 41058 40946 40773 40593 40372 40154 39897 39602 39313 38990 38648 38289 37916 37543 37163 36791 36404 36052
-9999 -9999 -9999 -9999 -9999 -9999 -9999 -9999 -9999 -9999 30013 30330 30557 31097 31691 32309 32937 33589 34297 34980 35707 36418 37127 37846 38556 39255 39986 40672 41351 42013 42639 43190 43672 44108 44460 44708 44845 44887 44839 44710 44524 44256 43964 43641 43333 43055 42777 42535 42330 42137 41961 41833 41739 41682 41640 41603 41542 41483 41400 41323 41194 41056 40874 40691 40476 40240 39975 39672 39365 39035 38677 38315 37951 37582 37211 36850 36527
-9999 -9999 -9999 -9999 -9999 -9999 -9999 -9999 -9999 30067 30385 30598 31152 31730 32334 32979 33633 34328 35000 35720 36440 37187 37907 38648 39367 40125 40845 41594 42288 42965 43591 44168 44685 45098 45432 45644 45727 45699 45565 45335 45010 44644 44274 43929 43602 43276 42989 42704 42465 42231 42026 41851 41728 41644 41613 41602 41597 41558 41525 41460 41382 41248 41099 40924 40725 40513 40267 39993 39681 39356 39021 38661 38308 37950 37581 37250 36967
-9999 -9999 -9999 -9999 -9999 -9999 -9999 -9999 30097 30418 30649 31202 31764 32352 32980 33636 34333 35021 35716 36455 37169 37912 38664 39416 40181 40944 41730 42470 43203 43890 44539 45168 45681 46079 46380 46570 46596 46488 46254 45877 45452 45035 44667 44320 43962 43635 43336 43047 42726 42431 42156 41919 41720 41590 41504 41489 41515 41546 41543 41526 41460 41365 41229 41086 40915 40706 40474 40229 39944 39635 39304 38967 38617 38272 37927 37605 37348
-9999 -9999 -9999 -9999 -9999 -9999 -9999 30123 30429 30653 31218 31807 32378 32975 33627 34311 35000 35711 36425 37157 37890 38637 39399 40181 40966 41768 42563 43347 44098 44823 45524 46138 46647 47031 47290 47409 47381 47202 46864 46443 45981 45544 45159 44795 44480 44124 43776 43415 43067 42711 42371 42042 41750 41530 41401 41339 41367 41429 41473 41485 41464 41389 41290 41170 41017 40836 40627 40403 40148 39846 39541 39227 38891 38559 38229 37926 37689
-9999 -9999 -9999 -9999 -9999 -9999 30182 30419 30654 31200 31773 32385 32992 33613 34278 34966 35662 36376 37110 37831 38581 39334 40126 40926 41734 42544 43355 44176 44973 45736 46433 47011 47451 47770 47964 48025 47953 47717 47360 46980 46569 46170 45759 45405 45012 44613 44178 43761 43363 42951 42561 42180 41819 41507 41297 41189 41163 41236 41318 41362 41368 41345 41274 41177 41056 40892 40718 40508 40274 40010 39732 39425 39115 38806 38491 38212 38000
-9999 -9999 -9999 -9999 -9999 -9999 30576 30730 31168 31735 32342 32976 33607 34253 34923 35616 36326 37030 37750 38499 39238 40017 40809 41629 42459 43298 44116 44972 45789 46511 47128 47604 47952 48165 48276 48272 48157 47910 47621 47338 47063 46775 46441 45974 45487 44976 44500 44025 43552 43095 42666 42261 41858 41487 41194 41011 40945 40977 41076 41153 41195 41215 41182 41120 41010 40896 40730 40554 40343 40111 39852 39573 39289 39006 38705 38447 38266
-9999 -9999 -9999 -9999 -9999 -9999 30926 31281 31726 32298 32940 33568 34222 34900 35561 36267 36964 37666 38382 39117 39891 40664 41457 42295 43151 43995 44860 45698 46423 47044 47553 47917 48119 48226 48260 48193 48012 47796 47633 47462 47336 47188 46893 46453 45849 45273 44716 44171 43636 43148 42680 42231 41811 41413 41071 40815 40690 40672 40758 40883 40961 40991 41017 40980 40923 40809 40692 40542 40357 40139 39912 39672 39426 39152 38884 38647 38480
-9999 -9999 -9999 -9999 -9999 31227 31411 31759 32312 32905 33539 34188 34846 35527 36214 36891 37585 38292 39003 39741 40492 41290 42093 42950 43788 44657 45533 46255 46866 47361 47724 47945 48067 48098 48074 47950 47727 47501 47366 47345 47377 47295 47067 46661 46119 45448 44810 44208 43626 43085 42572 42117 41682 41273 40898 40595 40401 40339 40415 40546 40667 40737 40769 40788 40743 40691 40583 40463 40304 40131 39929 39722 39497 39271 39031 38813 38637
-9999 -9999 -9999 -9999 31245 31580 31793 32341 32913 33526 34153 34819 35492 36142 36825 37510 38193 38892 39601 40339 41095 41869 42682 43526 44392 45285 46027 46638 47118 47471 47679 47828 47927 47918 47805 47621 47361 47139 47019 47040 47109 47125 46973 46664 46162 45507 44790 44133 43508 42909 42390 41899 41454 41038 40657 40323 40074 39985 40028 40167 40306 40424 40491 40522 40541 40490 40423 40322 40213 40077 39911 39729 39547 39344 39143 38937 38780
-9999 -9999 -9999 31219 31564 31814 32370 32922 33528 34148 34779 35458 36113 36759 37420 38104 38790 39483 40174 40895 41649 42424 43215 44043 44926 45733 46377 46871 47214 47419 47591 47688 47705 47663 47533 47275 46984 46739 46637 46661 46694 46731 46676 46445 46014 45397 44662 43933 43258 42644 42091 41594 41133 40725 40332 39983 39710 39568 39611 39756 39911 40050 40150 40223 40244 40245 40219 40150 40070 39955 39848 39703 39547 39387 39209 39040 38887
-9999 -9999 31192 31530 31795 32360 32935 33549 34147 34771 35443 36090 36725 37362 38033 38690 39381 40067 40736 41435 42166 42908 43699 44523 45345 46063 46611 46986 47201 47339 47459 47508 47479 47395 47210 46937 46610 46343 46239 46219 46238 46216 46196 46044 45685 45115 44375 43604 42904 42271 41693 41184 40738 40300 39921 39575 39286 39126 39149 39306 39472 39628 39756 39848 39909 39942 39928 39922 39864 39811 39725 39630 39494 39370 39237 39109 38985
