ASPA-UH-SWB2_REPO/dynamic_inputs/RO_Rf_Ratios_Dynamic/Data/Gridded_rain/PRISM_ppt_tutuila_30yr_normal_80mM1_04_asc.asc
ncols 381
nrows 202
xllcorner -170.851658
yllcorner -14.379175
cellsize 0.00083333333
NODATA_value -9999
[rows 136 to 169 of 202, columns 77 to 153 of 381]
38307 38610 38905 39178 39474 39741 40022 40291 40563 40818 41068 41299 41503 41691 41855 42013 42150 42282 42410 42518 42616 42700 42783 42868 42942 43004 43071 43124 43179 43240 43298 43342 43390 43436 43489 43538 43579 43612 43622 43634 43620 43595 43539 43446 43317 43147 42936 42689 42352 42012 41574 41072 40524 39953 39334 38731 38108 37474 36833 36234 35631 35062 34499 33972 33457 32951 32449 31975 31514 31091 30644 30255 29887 29553 29230 28930 28674
37333 37673 37997 38318 38617 38943 39240 39531 39823 40108 40380 40641 40892 41109 41312 41490 41655 41815 41968 42099 42218 42331 42430 42522 42607 42682 42750 42816 42876 42934 42993 43038 43080 43121 43157 43186 43219 43227 43224 43191 43158 43093 43004 42880 42728 42517 42286 41982 41661 41270 40850 40345 39827 39264 38683 38073 37453 36830 36224 35598 35017 34467 33926 33396 32880 32373 31886 31424 30982 30545 30155 29765 29420 29096 28784 28505 28244
36340 36708 37075 37424 37770 38100 38444 38757 39064 39378 39666 39949 40217 40484 40711 40919 41108 41293 41473 41627 41766 41897 42018 42122 42212 42302 42375 42443 42521 42584 42630 42679 42718 42751 42778 42795 42800 42797 42759 42718 42650 42562 42445 42290 42100 41887 41611 41304 40942 40557 40108 39636 39099 38551 37988 37406 36792 36198 35594 34996 34424 33896 33368 32854 32352 31850 31364 30917 30482 30067 29687 29330 28994 28681 28399 28116 27871
35327 35740 36134 36524 36893 37258 37624 37976 38302 38619 38943 39236 39528 39813 40076 40303 40519 40724 40922 41104 41263 41405 41548 41665 41779 41871 41955 42040 42112 42178 42232 42274 42308 42329 42346 42359 42350 42307 42266 42201 42122 42001 41855 41690 41473 41226 40946 40617 40261 39847 39413 38927 38393 37843 37295 36732 36161 35563 34989 34414 33868 33331 32833 32336 31841 31366 30883 30443 30027 29644 29262 28926 28611 28317 28042 27786 27534
34322 34775 35202 35606 36015 36409 36799 37179 37537 37881 38199 38522 38829 39139 39417 39674 39904 40132 40335 40539 40716 40889 41033 41176 41301 41407 41510 41604 41669 41740 41796 41829 41861 41874 41891 41886 41857 41809 41747 41675 41565 41426 41264 41065 40852 40583 40281 39948 39571 39180 38732 38236 37714 37193 36636 36079 35539 34983 34412 33852 33311 32805 32313 31825 31359 30888 30456 30000 29605 29230 28879 28552 28256 27980 27722 27470 27253
33337 33814 34276 34710 35138 35569 35977 36376 36776 37136 37482 37806 38146 38460 38767 39037 39287 39525 39762 39960 40160 40333 40511 40666 40806 40926 41033 41122 41214 41276 41326 41358 41387 41403 41405 41385 41355 41304 41221 41120 41003 40860 40665 40463 40219 39958 39643 39288 38913 38517 38077 37581 37075 36543 36032 35491 34956 34415 33859 33316 32793 32296 31813 31355 30906 30463 30026 29624 29226 28871 28527 28218 27929 27680 27428 27200 26977
32381 32887 33368 33832 34286 34733 35173 35595 36001 36392 36758 37111 37452 37790 38110 38408 38669 38934 39164 39393 39592 39801 39975 40146 40294 40426 40535 40640 40723 40786 40830 40877 40895 40907 40904 40876 40837 40777 40684 40570 40442 40267 40081 39858 39614 39331 39013 38650 38279 37868 37426 36964 36456 35946 35438 34934 34402 33875 33345 32809 32307 31831 31368 30915 30494 30068 29661 29254 28888 28529 28215 27911 27650 27396 27169 26945 26746
31468 31990 32496 32984 33455 33924 34392 34834 35242 35650 36043 36414 36763 37117 37453 37764 38060 38319 38582 38811 39039 39245 39445 39618 39778 39914 40032 40128 40216 40282 40334 40372 40388 40396 40388 40361 40315 40238 40134 40019 39862 39688 39482 39271 39005 38720 38393 38043 37658 37255 36812 36356 35878 35391 34886 34384 33887 33374 32862 32346 31865 31410 30976 30540 30123 29726 29314 28938 28566 28237 27928 27652 27385 27147 26924 26735 26518
30608 31144 31662 32172 32670 33150 33620 34078 34518 34933 35324 35718 36099 36458 36791 37114 37422 37715 37979 38240 38474 38691 38893 39089 39247 39394 39514 39615 39700 39777 39830 39859 39881 39886 39864 39841 39779 39694 39591 39450 39304 39113 38911 38669 38422 38118 37805 37450 37060 36666 36248 35788 35321 34856 34375 33885 33400 32891 32399 31926 31466 31030 30601 30193 29793 29401 29007 28637 28295 27972 27678 27407 27155 26922 26735 26508 26335
29789 30339 30874 31391 31898 32393 32886 33352 33797 34225 34645 35042 35425 35788 36139 36473 36790 37093 37382 37641 37905 38134 38345 38540 38712 38853 38991 39099 39189 39262 39317 39354 39374 39367 39351 39297 39239 39156 39039 38901 38741 38565 38344 38112 37846 37556 37228 36888 36506 36113 35701 35262 34815 34364 33891 33413 32931 32462 31989 31514 31086 30678 30266 29862 29479 29104 28738 28375 28050 27743 27453 27195 26959 26740 26525 26333 26164
29018 29577 30120 30646 31154 31660 32165 32643 33101 33539 33969 34376 34769 35139 35499 35840 36165 36483 36778 37059 37320 37568 37789 37974 38159 38321 38452 38568 38665 38741 38808 38838 38858 38850 38823 38765 38695 38600 38488 38358 38206 38012 37811 37561 37290 37014 36701 36349 35977 35588 35184 34775 34340 33886 33436 32969 32515 32053 31600 31156 30745 30342 29958 29571 29193 28823 28485 28150 27830 27537 27251 26985 26773 26557 26356 26178 26012
28320 28872 29418 29946 30466 30968 31462 31953 32435 32872 33294 33717 34134 34512 34869 35216 35555 35868 36176 36478 36741 36991 37212 37413 37604 37769 37901 38027 38130 38221 38274 38316 38330 38323 38287 38230 38159 38064 37943 37823 37664 37491 37273 37038 36772 36491 36185 35841 35483 35101 34706 34307 33880 33447 33007 32567 32118 31675 31252 30838 30432 30056 29666 29294 28944 28602 28258 27939 27645 27345 27072 26819 26597 26394 26206 26042 25867
27705 28255 28799 29326 29835 30335 30827 31318 31775 32224 32657 33093 33491 33883 34255 34606 34950 35276 35587 35874 36164 36424 36652 36859 37046 37213 37363 37487 37598 37677 37743 37781 37789 37786 37754 37709 37632 37531 37423 37297 37161 36973 36761 36520 36279 35995 35688 35358 35005 34642 34245 33855 33448 33035 32608 32172 31751 31349 30944 30536 30157 29775 29422 29056 28722 28385 28056 27752 27473 27187 26906 26676 26443 26262 26075 25902 25749
27186 27730 28251 28772 29276 29763 30249 30719 31182 31619 32060 32479 32887 33283 33658 34015 34364 34705 35019 35318 35601 35876 36111 36332 36504 36673 36833 36966 37073 37156 37209 37240 37253 37255 37237 37188 37117 37021 36918 36799 36649 36468 36261 36036 35782 35508 35224 34899 34545 34190 33833 33440 33042 32640 32227 31829 31437 31041 30653 30272 29886 29541 29181 28854 28492 28169 27866 27576 27302 27030 26773 26533 26322 26129 25953 25780 25638
26733 27257 27777 28272 28768 29247 29709 30173 30639 31080 31491 31898 32312 32706 33093 33453 33806 34143 34470 34778 35078 35333 35572 35789 35984 36159 36313 36447 36563 36652 36689 36716 36742 36749 36727 36684 36618 36538 36434 36302 36159 35984 35784 35558 35304 35053 34764 34458 34132 33786 33426 33052 32663 32284 31897 31515 31129 30761 30388 30022 29651 29298 28977 28621 28307 27977 27667 27403 27142 26896 26641 26413 26202 26008 25840 25687 25514
26334 26844 27340 27821 28288 28756 29218 29674 30124 30551 30965 31367 31777 32160 32535 32912 33265 33609 33923 34226 34512 34792 35038 35242 35455 35637 35800 35942 36064 36146 36201 36222 36253 36255 36238 36200 36141 36059 35952 35837 35692 35515 35315 35099 34879 34613 34342 34044 33748 33419 33056 32689 32333 31968 31596 31219 30859 30495 30148 29775 29430 29103 28764 28435 28113 27798 27513 27252 27006 26751 26521 26282 26093 25887 25728 25572 25418
26019 26486 26956 27420 27879 28324 28764 29209 29650 30069 30467 30864 31260 31648 32019 32385 32736 33058 33370 33667 33955 34228 34469 34702 34916 35112 35278 35441 35572 35665 35716 35758 35775 35782 35771 35730 35689 35605 35495 35387 35241 35075 34885 34684 34449 34211 33947 33678 33378 33056 32710 32375 32020 31658 31312 30961 30604 30255 29901 29553 29222 28899 28586 28271 27942 27653 27383 27125 26870 26639 26389 26185 25973 25798 25615 25457 25322
25732 26203 26637 27083 27523 27951 28366 28787 29214 29622 30012 30393 30765 31147 31523 31876 32217 32526 32825 33117 33406 33666 33908 34150 34385 34580 34767 34925 35072 35176 35256 35295 35315 35329 35316 35283 35230 35173 35072 34945 34809 34655 34490 34274 34066 33825 33590 33316 33033 32716 32401 32055 31724 31387 31044 30707 30354 30017 29689 29344 29027 28719 28420 28119 27817 27531 27264 26997 26766 26516 26290 26077 25887 25699 25535 25374 25226
25524 25950 26379 26788 27208 27617 28022 28417 28812 29197 29574 29944 30307 30673 31028 31380 31708 32025 32312 32597 32873 33140 33389 33631 33854 34069 34255 34422 34571 34710 34792 34851 34877 34886 34881 34848 34814 34738 34657 34542 34409 34269 34090 33911 33700 33486 33236 32978 32700 32414 32086 31774 31444 31131 30791 30456 30127 29805 29479 29159 28845 28562 28277 27980 27692 27421 27146 26892 26641 26403 26190 26000 25800 25622 25445 25293 25142
25344 25748 26147 26541 26933 27320 27698 28067 28444 28813 29167 29523 29875 30209 30561 30900 31227 31523 31817 32101 32375 32640 32896 33134 33355 33576 33760 33946 34113 34241 34348 34417 34464 34479 34458 34446 34404 34340 34253 34152 34034 33890 33746 33553 33359 33141 32917 32665 32394 32105 31821 31498 31203 30869 30552 30230 29915 29606 29294 28976 28676 28395 28124 27841 27567 27288 27016 26765 26515 26301 26100 25900 25712 25545 25378 25212 25059
25215 25581 25957 26314 26683 27051 27392 27742 28093 28438 28785 29127 29464 29793 30119 30446 30752 31054 31337 31619 31902 32166 32420 32665 32902 33110 33311 33493 33657 33802 33917 34010 34056 34082 34078 34051 34013 33964 33882 33796 33674 33556 33399 33233 33033 32831 32612 32366 32103 31824 31539 31271 30944 30643 30327 30008 29716 29420 29121 28805 28508 28229 27960 27691 27419 27155 26897 26638 26422 26199 26010 25811 25634 25456 25300 25134 24989
25098 25448 25779 26129 26462 26794 27124 27440 27765 28093 28426 28754 29076 29399 29722 30025 30324 30603 30883 31164 31445 31727 31981 32234 32458 32684 32880 33059 33229 33369 33502 33593 33662 33686 33692 33673 33642 33599 33534 33434 33340 33218 33087 32916 32732 32534 32310 32071 31827 31558 31294 30993 30720 30410 30106 29809 29519 29237 28950 28636 28340 28064 27797 27530 27283 27033 26779 26554 26319 26129 25908 25732 25544 25388 25221 25066 24921
24998 25310 25642 25949 26263 26569 26874 27173 27467 27780 28098 28411 28728 29039 29341 29644 29927 30202 30478 30756 31035 31315 31587 31829 32062 32265 32469 32665 32821 32969 33087 33196 33273 33308 33313 33314 33292 33258 33179 33106 33008 32912 32777 32621 32432 32239 32033 31791 31556 31306 31031 30762 30477 30200 29887 29613 29336 29065 28780 28468 28174 27900 27646 27401 27157 26910 26681 26459 26247 26026 25838 25640 25474 25297 25152 25008 24874
24898 25212 25495 25791 26080 26369 26652 26937 27225 27517 27812 28112 28407 28706 28998 29285 29563 29833 30114 30388 30663 30931 31200 31450 31681 31884 32097 32280 32444 32589 32724 32830 32894 32938 32975 32954 32953 32917 32867 32780 32698 32598 32488 32327 32154 31958 31758 31546 31298 31047 30792 30533 30271 29973 29703 29420 29154 28896 28612 28312 28020 27758 27516 27274 27031 26798 26582 26353 26143 25944 25735 25559 25382 25238 25082 24938 24804
24830 25097 25378 25644 25917 26192 26469 26733 27009 27288 27571 27851 28125 28403 28686 28959 29222 29496 29773 30051 30312 30576 30831 31089 31308 31539 31730 31933 32095 32248 32382 32484 32556 32599 32624 32645 32632 32616 32554 32485 32398 32314 32200 32055 31888 31699 31497 31282 31065 30823 30567 30318 30045 29780 29511 29239 28985 28728 28456 28168 27899 27639 27388 27146 26905 26695 26462 26257 26038 25840 25653 25476 25311 25156 25022 24878 24745
24755 25014 25272 25523 25775 26037 26293 26545 26808 27076 27340 27609 27873 28133 28400 28656 28923 29192 29464 29728 29994 30252 30514 30738 30974 31191 31401 31582 31783 31925 32035 32146 32227 32278 32302 32323 32341 32313 32269 32198 32119 32030 31922 31784 31613 31432 31249 31043 30824 30591 30345 30085 29844 29590 29322 29061 28818 28572 28312 28036 27768 27520 27270 27019 26800 26560 26351 26149 25965 25747 25570 25394 25228 25084 24940 24807 24685
24701 24946 25184 25414 25660 25894 26139 26387 26624 26873 27136 27396 27652 27904 28155 28406 28658 28922 29187 29456 29707 29962 30189 30439 30660 30885 31081 31279 31448 31598 31727 31826 31905 31965 31999 32030 32036 32028 31993 31920 31838 31747 31646 31515 31342 31178 30993 30796 30585 30351 30126 29887 29635 29392 29134 28895 28653 28407 28158 27894 27638 27380 27131 26903 26663 26446 26238 26061 25859 25685 25487 25321 25155 25000 24868 24735 24613
24667 24885 25111 25329 25549 25780 26007 26238 26465 26697 26952 27203 27451 27697 27942 28188 28435 28684 28944 29197 29453 29683 29916 30151 30379 30570 30793 30977 31133 31280 31417 31524 31590 31661 31716 31736 31751 31752 31705 31640 31557 31485 31372 31238 31105 30928 30741 30552 30361 30147 29910 29671 29451 29207 28971 28731 28489 28244 27995 27742 27487 27230 27003 26765 26537 26331 26147 25950 25772 25590 25414 25238 25071 24927 24784 24662 24551
24623 24831 25039 25263 25459 25674 25891 26106 26324 26557 26787 27022 27264 27503 27742 27983 28225 28468 28713 28961 29202 29436 29654 29875 30089 30306 30495 30676 30839 30982 31106 31211 31308 31378 31423 31452 31478 31477 31428 31351 31297 31214 31120 30985 30849 30692 30513 30332 30140 29924 29697 29478 29258 29034 28798 28559 28327 28082 27833 27581 27326 27091 26865 26638 26422 26228 26023 25849 25673 25492 25330 25164 24999 24844 24711 24589 24477
24598 24791 24991 25186 25390 25582 25799 25996 26207 26414 26636 26857 27085 27320 27554 27780 28017 28255 28496 28738 28973 29192 29415 29611 29831 30044 30229 30396 30556 30696 30817 30930 31027 31097 31153 31193 31207 31204 31153 31116 31040 30965 30870 30755 30607 30458 30287 30104 29910 29704 29497 29278 29056 28832 28606 28377 28145 27921 27672 27420 27176 26952 26727 26512 26318 26103 25909 25736 25572 25404 25233 25080 24915 24771 24648 24526 24404
24573 24766 24946 25127 25324 25514 25698 25902 26086 26287 26486 26711 26926 27149 27372 27596 27819 28054 28289 28517 28747 28970 29178 29379 29584 29793 29974 30138 30283 30421 30551 30664 30761 30832 30887 30926 30950 30935 30913 30864 30806 30719 30633 30515 30376 30214 30063 29879 29694 29487 29279 29069 28857 28632 28405 28175 27954 27740 27512 27260 27027 26815 26590 26387 26183 25978 25805 25622 25447 25303 25155 24994 24842 24698 24576 24464 24351
24561 24727 24908 25082 25260 25430 25604 25782 25967 26152 26363 26559 26773 26987 27209 27422 27646 27870 28094 28316 28541 28750 28953 29159 29359 29553 29730 29880 30032 30168 30287 30411 30509 30580 30626 30664 30685 30690 30656 30614 30554 30495 30375 30266 30135 29994 29820 29656 29470 29283 29073 28862 28659 28444 28206 27986 27774 27560 27342 27111 26879 26667 26465 26261 26047 25864 25681 25518 25354 25200 25054 24906 24766 24646 24514 24391 24289
24540 24701 24860 25028 25187 25347 25502 25671 25834 26031 26214 26416 26628 26843 27047 27263 27477 27701 27923 28136 28346 28550 28738 28949 29145 29314 29487 29654 29794 29929 30049 30163 30261 30334 30378 30405 30424 30427 30411 30357 30305 30222 30131 30009 29897 29754 29611 29424 29258 29060 28870 28678 28463 28247 28029 27809 27596 27381 27173 26953 26732 26520 26329 26126 25922 25750 25567 25393 25250 25106 24962 24815 24678 24560 24450 24356 24226
24509 24663 24810 24968 25115 25258 25405 25553 25729 25899 26088 26288 26490 26677 26891 27106 27323 27547 27762 27963 28163 28361 28554 28732 28933 29098 29278 29433 29572 29696 29825 29930 30018 30090 30123 30148 30166 30176 30159 30112 30037 29962 29868 29775 29641 29527 29372 29216 29038 28848 28657 28464 28280 28062 27843 27632 27418 27213 27006 26786 26575 26385 26183 25991 25809 25626 25463 25300 25145 24990 24857 24733 24608 24481 24407 24289 24218
