ASPA-UH-SWB2_REPO/dynamic_inputs/RO_Rf_Ratios_Dynamic/Data/Gridded_rain/PRISM_ppt_tutuila_30yr_normal_80mM1_08_asc.asc
ncols 381
nrows 202
xllcorner -170.851658
yllcorner -14.379175
cellsize 0.00083333333
NODATA_value -9999
[rows 102 to 135 of 202, columns 0 to 76 of 381]
-9999 -9999 -9999 -9999 -9999 -9999 -9999 -9999 -9999 -9999 -9999 -9999 -9999 -9999 -9999 -9999 -9999 -9999 -9999 -9999 -9999 -9999 -9999 -9999 -9999 -9999 -9999 -9999 -9999 -9999 -9999 -9999 -9999 -9999 -9999 20421 20550 20624 20898 21166 -9999 -9999 22121 22190 22439 22736 23031 23325 23634 23941 24237 24542 24832 25126 25424 25714 25991 26257 26519 26769 27011 27239 27443 27623 27772 27913 28053 28168 28272 28362 28434 28475 28510 28526 28547 28548 28543
-9999 -9999 -9999 -9999 -9999 -9999 -9999 -9999 -9999 -9999 -9999 -9999 -9999 -9999 -9999 -9999 -9999 -9999 -9999 -9999 -9999 -9999 -9999 -9999 -9999 -9999 -9999 -9999 -9999 -9999 -9999 -9999 -9999 20333 20461 20592 20714 20974 21219 21557 21864 22193 22345 22576 22875 23191 23504 23807 24120 24435 24759 25066 25371 25675 25984 26278 26566 26849 27115 27381 27628 27860 28074 28257 28422 28566 28703 28828 28928 29029 29093 29144 29182 29209 29215 29226 29223
-9999 -9999 -9999 -9999 -9999 -9999 -9999 -9999 -9999 -9999 -9999 -9999 -9999 -9999 -9999 -9999 -9999 -9999 -9999 -9999 -9999 -9999 -9999 -9999 -9999 -9999 -9999 -9999 -9999 -9999 -9999 -9999 20364 20485 20618 20803 21057 21316 21587 21850 22194 22483 22707 23013 23330 23651 23967 24292 24613 24944 25276 25594 25909 26230 26543 26843 27142 27429 27717 27987 28237 28478 28694 28892 29066 29213 29347 29475 29585 29671 29744 29799 29837 29867 29888 29890 29886
-9999 -9999 -9999 -9999 -9999 -9999 -9999 -9999 -9999 -9999 -9999 -9999 -9999 -9999 -9999 -9999 -9999 -9999 -9999 -9999 -9999 -9999 -9999 -9999 -9999 -9999 -9999 -9999 -9999 -9999 -9999 20430 20558 20641 20878 21132 21399 21678 21949 22239 22535 22830 23138 23455 23782 24119 24445 24773 25109 25448 25792 26120 26453 26772 27091 27407 27711 28008 28299 28578 28835 29083 29308 29509 29686 29848 29980 30105 30218 30308 30380 30432 30473 30507 30538 30543 30537
-9999 -9999 -9999 -9999 -9999 -9999 -9999 -9999 -9999 -9999 -9999 -9999 -9999 -9999 -9999 -9999 -9999 -9999 -9999 -9999 -9999 -9999 -9999 -9999 -9999 -9999 -9999 -9999 -9999 -9999 20495 20630 20707 20957 21207 21468 21748 22034 22338 22635 22939 23255 23580 23901 24239 24584 24925 25262 25602 25958 26306 26652 26991 27316 27645 27967 28280 28585 28883 29163 29428 29672 29900 30110 30290 30456 30602 30719 30830 30923 30998 31048 31092 31135 31157 31177 31173
-9999 -9999 -9999 -9999 -9999 -9999 -9999 -9999 -9999 -9999 -9999 -9999 -9999 -9999 -9999 -9999 -9999 -9999 -9999 -9999 -9999 -9999 -9999 -9999 -9999 -9999 -9999 -9999 -9999 20537 20684 20778 21029 21280 21549 21824 22110 22417 22729 23041 23358 23690 24019 24357 24703 25046 25402 25750 26107 26462 26822 27173 27517 27859 28199 28518 28839 29152 29452 29732 29998 30239 30476 30689 30879 31042 31185 31310 31417 31518 31595 31649 31690 31729 31759 31770 31781
-9999 -9999 -9999 -9999 -9999 -9999 -9999 -9999 -9999 -9999 -9999 -9999 -9999 -9999 -9999 -9999 -9999 -9999 -9999 -9999 -9999 -9999 -9999 -9999 -9999 -9999 -9999 -9999 20566 20719 20821 21080 21352 21622 21899 22193 22494 22808 23128 23459 23793 24123 24462 24816 25165 25523 25872 26236 26599 26960 27326 27689 28038 28390 28727 29060 29389 29698 29992 30280 30542 30798 31025 31241 31434 31598 31741 31862 31977 32080 32154 32216 32261 32298 32325 32345 32347
-9999 -9999 -9999 -9999 -9999 -9999 -9999 -9999 -9999 -9999 -9999 -9999 -9999 -9999 -9999 -9999 -9999 -9999 -9999 -9999 -9999 -9999 -9999 -9999 -9999 -9999 -9999 20595 20743 20843 21116 21389 21674 21965 22255 22557 22879 23214 23546 23881 24220 24566 24914 25271 25630 25993 26347 26711 27086 27453 27824 28186 28545 28900 29239 29580 29900 30217 30519 30797 31067 31318 31552 31756 31950 32122 32267 32388 32499 32600 32684 32746 32801 32837 32868 32886 32898
-9999 -9999 -9999 -9999 -9999 -9999 -9999 -9999 -9999 -9999 -9999 -9999 -9999 -9999 -9999 -9999 -9999 -9999 -9999 -9999 -9999 -9999 -9999 -9999 -9999 -9999 20622 20768 20863 21138 21418 21704 21997 22301 22612 22936 23266 23613 23956 24302 24650 24999 25363 25718 26089 26450 26810 27187 27562 27940 28310 28664 29038 29389 29731 30069 30397 30710 31009 31295 31553 31808 32030 32242 32435 32603 32752 32878 32993 33099 33183 33256 33306 33358 33388 33416 33421
-9999 -9999 -9999 -9999 -9999 -9999 -9999 -9999 -9999 -9999 -9999 -9999 -9999 -9999 -9999 -9999 -9999 -9999 -9999 -9999 -9999 -9999 -9999 -9999 -9999 20615 20772 20882 21151 21433 21721 22027 22333 22646 22971 23302 23651 23997 24357 24713 25063 25423 25780 26158 26528 26890 27268 27645 28026 28410 28771 29140 29499 29853 30197 30538 30863 31181 31469 31747 32015 32257 32478 32679 32871 33050 33199 33336 33464 33563 33653 33726 33798 33845 33885 33905 33925
-9999 -9999 -9999 -9999 -9999 -9999 -9999 -9999 -9999 -9999 -9999 -9999 -9999 -9999 -9999 -9999 -9999 -9999 -9999 -9999 -9999 -9999 -9999 -9999 20596 20766 20879 21150 21426 21728 22037 22350 22671 22991 23331 23675 24022 24384 24748 25101 25469 25827 26202 26574 26950 27325 27703 28086 28478 28847 29218 29584 29940 30291 30644 30964 31301 31607 31900 32171 32426 32667 32883 33089 33276 33456 33617 33761 33882 33993 34081 34170 34236 34299 34333 34363 34375
-9999 -9999 -9999 -9999 -9999 -9999 -9999 -9999 -9999 -9999 -9999 -9999 -9999 -9999 -9999 -9999 -9999 -9999 -9999 -9999 -9999 -9999 20333 20521 20685 20862 21133 21417 21714 22024 22346 22661 22996 23344 23690 24039 24397 24757 25124 25494 25861 26231 26599 26984 27354 27748 28126 28508 28886 29271 29639 30003 30350 30705 31044 31381 31694 32006 32281 32551 32805 33031 33258 33463 33657 33832 33995 34138 34269 34377 34482 34558 34635 34697 34742 34764 34786
-9999 -9999 -9999 -9999 -9999 -9999 -9999 -9999 -9999 -9999 -9999 -9999 -9999 -9999 -9999 -9999 -9999 -9999 -9999 -9999 -9999 20258 20426 20593 20830 21109 21394 21685 21996 22320 22649 22979 23322 23684 24041 24402 24763 25126 25498 25874 26247 26610 26997 27370 27760 28141 28525 28905 29287 29658 30024 30379 30742 31083 31422 31742 32061 32348 32630 32887 33134 33371 33593 33798 33992 34173 34334 34476 34611 34730 34821 34913 34988 35055 35094 35127 35147
-9999 -9999 -9999 -9999 -9999 -9999 -9999 -9999 -9999 -9999 -9999 -9999 -9999 -9999 -9999 -9999 -9999 -9999 -9999 -9999 20201 20363 20494 20762 21056 21349 21641 21947 22271 22609 22948 23299 23655 24015 24378 24748 25114 25482 25860 26241 26607 26997 27359 27745 28135 28523 28900 29278 29645 30020 30378 30732 31087 31427 31752 32078 32373 32667 32930 33181 33428 33665 33881 34086 34291 34458 34624 34771 34904 35020 35120 35210 35296 35351 35407 35439 35475
-9999 -9999 -9999 -9999 -9999 -9999 -9999 -9999 -9999 -9999 -9999 -9999 -9999 -9999 -9999 -9999 -9999 -9999 -9999 20131 20298 20423 20686 20974 21275 21569 21882 22208 22540 22894 23246 23605 23967 24332 24705 25079 25444 25818 26202 26583 26962 27334 27716 28097 28487 28861 29249 29620 29980 30341 30704 31056 31386 31732 32057 32355 32651 32926 33193 33439 33682 33913 34129 34338 34529 34706 34864 35015 35147 35261 35364 35457 35535 35607 35663 35707 35740
-9999 -9999 -9999 -9999 -9999 -9999 -9999 -9999 -9999 -9999 -9999 -9999 -9999 -9999 -9999 -9999 -9999 -9999 20036 20214 20345 20609 20885 21173 21482 21796 22123 22457 22797 23158 23526 23890 24258 24634 25004 25371 25754 26135 26518 26901 27281 27660 28037 28424 28796 29187 29556 29926 30284 30639 30989 31334 31670 31996 32310 32603 32882 33148 33404 33657 33894 34116 34341 34542 34724 34905 35062 35204 35334 35457 35558 35648 35724 35801 35868 35918 35961
-9999 -9999 -9999 -9999 -9999 -9999 -9999 -9999 -9999 -9999 -9999 -9999 -9999 -9999 -9999 -9999 -9999 19929 20110 20244 20516 20780 21069 21372 21688 22016 22344 22686 23048 23410 23777 24148 24527 24901 25277 25656 26033 26420 26804 27194 27575 27949 28334 28709 29086 29465 29833 30190 30548 30896 31239 31579 31903 32219 32524 32807 33075 33330 33580 33823 34055 34287 34499 34697 34883 35050 35210 35344 35477 35593 35702 35790 35869 35944 36011 36077 36114
-9999 -9999 -9999 -9999 -9999 -9999 -9999 -9999 -9999 -9999 -9999 -9999 -9999 -9999 -9999 -9999 19832 20005 20135 20401 20666 20950 21247 21564 21880 22216 22559 22915 23279 23642 24009 24391 24775 25148 25530 25910 26293 26674 27066 27450 27833 28215 28587 28969 29340 29700 30068 30425 30765 31107 31451 31773 32096 32403 32700 32973 33228 33471 33716 33953 34186 34404 34609 34805 34983 35147 35298 35436 35561 35679 35781 35877 35958 36031 36103 36163 36222
-9999 -9999 -9999 -9999 -9999 -9999 -9999 -9999 -9999 -9999 -9999 -9999 -9999 -9999 -9999 19751 19889 20017 20278 20537 20822 21107 21418 21729 22066 22396 22753 23118 23483 23860 24233 24608 24997 25382 25758 26144 26516 26910 27291 27676 28061 28438 28817 29186 29552 29906 30269 30614 30949 31285 31612 31934 32245 32546 32827 33087 33336 33579 33806 34043 34263 34469 34671 34860 35035 35191 35333 35468 35597 35707 35817 35904 35988 36063 36140 36206 36259
-9999 -9999 -9999 -9999 -9999 -9999 -9999 -9999 -9999 -9999 -9999 -9999 -9999 -9999 -9999 19822 19922 20146 20400 20673 20952 21257 21568 21893 22225 22569 22921 23294 23674 24051 24430 24816 25199 25584 25968 26342 26733 27110 27492 27879 28253 28637 29004 29375 29728 30084 30429 30769 31099 31424 31740 32051 32350 32640 32915 33162 33399 33630 33862 34075 34294 34492 34681 34856 35028 35187 35321 35454 35568 35681 35788 35884 35959 36036 36116 36188 36254
-9999 -9999 -9999 -9999 -9999 -9999 -9999 -9999 -9999 -9999 -9999 -9999 -9999 -9999 -9999 19870 20023 20240 20514 20787 21080 21379 21705 22024 22369 22715 23082 23457 23837 24214 24599 24992 25375 25761 26145 26527 26900 27285 27669 28046 28422 28788 29163 29522 29877 30221 30549 30884 31204 31519 31830 32124 32413 32687 32952 33194 33419 33638 33857 34078 34272 34463 34645 34811 34975 35126 35263 35386 35497 35608 35700 35793 35882 35955 36038 36116 36178
-9999 -9999 -9999 -9999 -9999 -9999 -9999 -9999 -9999 -9999 -9999 -9999 -9999 -9999 -9999 19919 20115 20326 20601 20888 21188 21494 21808 22154 22494 22848 23217 23592 23980 24364 24748 25128 25518 25906 26285 26662 27050 27430 27804 28177 28535 28915 29274 29635 29973 30307 30637 30950 31265 31564 31865 32150 32429 32692 32945 33178 33397 33603 33819 34021 34216 34395 34557 34728 34877 35019 35158 35267 35375 35476 35571 35667 35746 35822 35901 35983 36064
-9999 -9999 -9999 -9999 -9999 -9999 18273 -9999 -9999 -9999 -9999 -9999 -9999 19592 19767 19923 20143 20406 20680 20975 21275 21582 21910 22244 22598 22953 23323 23707 24089 24479 24857 25232 25629 26012 26386 26771 27149 27531 27901 28264 28631 28982 29337 29688 30029 30348 30668 30978 31272 31568 31853 32128 32392 32660 32904 33126 33330 33539 33736 33933 34114 34281 34436 34593 34740 34872 34996 35107 35206 35303 35407 35488 35570 35648 35728 35813 35888
-9999 -9999 -9999 -9999 -9999 18226 18282 18402 -9999 18785 18980 19132 19345 19537 19744 19958 20201 20464 20752 21040 21335 21656 21984 22319 22661 23031 23409 23787 24170 24548 24927 25315 25695 26080 26462 26836 27210 27588 27961 28320 28670 29012 29358 29706 30032 30349 30654 30950 31248 31530 31807 32066 32328 32583 32821 33036 33247 33434 33621 33802 33977 34128 34277 34413 34552 34682 34796 34903 34997 35085 35184 35280 35358 35432 35509 35583 35661
-9999 -9999 -9999 -9999 18130 18219 18304 18443 18608 18789 18948 19136 19340 19548 19771 20008 20252 20515 20790 21085 21394 21709 22038 22367 22724 23081 23454 23840 24224 24603 24976 25353 25735 26115 26499 26869 27238 27613 27969 28331 28672 29005 29348 29669 29994 30308 30600 30889 31180 31460 31717 31976 32229 32466 32698 32915 33113 33303 33474 33649 33801 33940 34077 34200 34327 34452 34551 34654 34744 34832 34922 35012 35093 35163 35236 35312 35385
-9999 -9999 -9999 18024 18112 18196 18323 18472 18629 18790 18966 19149 19352 19569 19800 20037 20288 20544 20820 21116 21425 21741 22064 22401 22752 23111 23484 23865 24250 24624 24992 25371 25748 26130 26497 26857 27229 27587 27946 28285 28630 28960 29282 29601 29912 30213 30504 30792 31070 31338 31602 31848 32082 32310 32541 32747 32948 33133 33305 33461 33602 33732 33844 33965 34078 34177 34276 34367 34451 34535 34613 34693 34768 34841 34915 34987 35062
-9999 -9999 17917 18005 18082 18201 18335 18484 18647 18809 18979 19162 19359 19583 19814 20059 20296 20560 20843 21132 21435 21746 22076 22413 22752 23111 23479 23862 24242 24617 24988 25349 25728 26100 26463 26819 27161 27522 27864 28207 28530 28858 29178 29490 29793 30075 30360 30642 30914 31182 31440 31674 31903 32126 32342 32547 32746 32927 33101 33247 33381 33503 33608 33708 33804 33888 33977 34053 34123 34195 34272 34339 34403 34471 34541 34614 34685
-9999 17811 17898 17975 18086 18205 18340 18496 18659 18821 18984 19168 19372 19582 19814 20052 20303 20561 20838 21128 21431 21742 22060 22392 22731 23084 23446 23816 24199 24570 24937 25300 25656 26023 26382 26728 27079 27405 27750 28076 28403 28716 29029 29339 29629 29911 30171 30441 30721 30978 31225 31461 31685 31903 32102 32317 32507 32687 32854 33000 33127 33245 33350 33439 33516 33589 33655 33715 33781 33840 33902 33960 34017 34077 34142 34210 34283
17727 17791 17867 17978 18090 18209 18344 18493 18656 18819 18989 19173 19363 19581 19806 20037 20283 20547 20818 21109 21400 21711 22023 22355 22689 23030 23385 23750 24120 24481 24844 25204 25555 25912 26255 26604 26932 27274 27590 27920 28230 28541 28839 29137 29426 29689 29956 30215 30477 30730 30973 31205 31426 31634 31847 32046 32235 32409 32566 32710 32841 32952 33058 33144 33214 33265 33315 33368 33422 33472 33517 33565 33621 33670 33727 33789 33855
17719 17778 17870 17981 18093 18213 18340 18490 18646 18809 18986 19163 19361 19566 19791 20009 20254 20506 20784 21055 21346 21645 21964 22284 22618 22953 23296 23654 24007 24370 24724 25067 25421 25761 26107 26439 26771 27084 27409 27717 28031 28313 28609 28899 29169 29439 29694 29948 30200 30449 30682 30911 31129 31340 31545 31741 31926 32101 32245 32389 32520 32635 32732 32814 32877 32924 32965 33007 33040 33079 33120 33162 33202 33246 33291 33342 33401
17713 17781 17873 17977 18089 18202 18336 18479 18628 18798 18962 19146 19337 19542 19747 19979 20211 20464 20722 20993 21272 21571 21877 22191 22519 22848 23185 23524 23877 24223 24567 24914 25252 25588 25917 26246 26556 26878 27181 27492 27778 28058 28345 28614 28884 29146 29396 29639 29886 30132 30362 30582 30797 31007 31215 31403 31586 31751 31907 32043 32166 32281 32375 32452 32510 32551 32583 32613 32640 32666 32698 32729 32761 32795 32833 32873 32923
17723 17783 17861 17966 18070 18190 18318 18460 18610 18766 18930 19108 19299 19490 19695 19914 20161 20400 20652 20917 21190 21476 21776 22090 22398 22721 23038 23378 23712 24046 24394 24731 25060 25380 25705 26011 26324 26618 26925 27219 27502 27773 28039 28300 28561 28818 29055 29305 29541 29771 30004 30228 30435 30643 30844 31039 31216 31378 31520 31649 31771 31887 31986 32057 32113 32148 32174 32192 32214 32228 32243 32265 32291 32319 32346 32378 32417
17734 17781 17842 17940 18051 18164 18285 18427 18577 18726 18883 19054 19239 19431 19629 19841 20081 20328 20568 20820 21093 21373 21660 21961 22263 22566 22890 23203 23524 23853 24190 24525 24830 25148 25451 25760 26050 26340 26631 26917 27184 27452 27703 27962 28215 28451 28694 28919 29157 29388 29618 29833 30045 30251 30441 30630 30797 30932 31069 31195 31317 31422 31521 31607 31669 31712 31731 31743 31751 31757 31762 31772 31790 31808 31830 31856 31892
-9999 17789 17857 17913 18011 18130 18258 18386 18529 18672 18836 19000 19171 19363 19555 19768 19988 20228 20468 20708 20967 21248 21522 21810 22106 22403 22700 23012 23327 23644 23962 24273 24589 24884 25178 25472 25752 26038 26314 26577 26841 27100 27349 27586 27824 28065 28294 28512 28737 28977 29190 29408 29614 29807 29976 30142 30291 30419 30538 30657 30767 30885 30989 31086 31167 31226 31256 31269 31270 31265 31262 31262 31267 31275 31291 31312 31344
