ASPA-UH-SWB2_REPO/dynamic_inputs/RO_Rf_Ratios_Dynamic/Data/Gridded_rain/PRISM_ppt_tutuila_30yr_normal_80mM1_04_asc.asc
ncols 381
nrows 202
xllcorner -170.851658
yllcorner -14.379175
cellsize 0.00083333333
NODATA_value -9999
[rows 102 to 135 of 202, columns 77 to 153 of 381]
37955 38036 38098 38162 38228 38296 38367 38439 38513 38587 38663 38740 38817 38894 38969 39033 39088 39142 39197 39241 39285 39322 39366 39397 39424 39452 39475 39498 39519 39533 39550 39562 39575 39587 39609 39643 39688 39728 39780 39850 39922 40015 40125 40252 40405 40563 40747 40943 41159 41387 41635 41887 42159 42444 42734 43026 43328 43647 43966 44283 44598 44912 45232 45558 45899 46245 46585 46928 47273 47608 47930 48259 48553 48848 49134 49400 49642
38689 38749 38817 38868 38921 38976 39034 39094 39157 39221 39286 39353 39425 39490 39551 39604 39645 39689 39730 39763 39790 39826 39863 39895 39921 39947 39976 40005 40034 40057 40074 40091 40101 40113 40142 40182 40229 40276 40338 40407 40494 40586 40700 40844 40994 41176 41357 41556 41766 42002 42242 42500 42761 43041 43333 43608 43901 44201 44516 44820 45111 45409 45721 46029 46341 46657 46985 47287 47609 47911 48210 48504 48783 49046 49301 49544 49764
39405 39456 39502 39551 39596 39637 39681 39728 39778 39830 39885 39948 40004 40055 40091 40123 40155 40175 40202 40229 40247 40272 40300 40332 40362 40389 40422 40455 40496 40531 40553 40579 40597 40610 40640 40687 40732 40796 40861 40942 41030 41133 41259 41403 41572 41747 41939 42136 42365 42589 42830 43080 43347 43624 43886 44163 44446 44736 45031 45321 45588 45869 46155 46444 46727 47022 47310 47609 47880 48158 48424 48685 48941 49182 49416 49629 49820
40095 40136 40173 40205 40240 40272 40307 40340 40376 40415 40463 40509 40551 40574 40594 40608 40618 40624 40636 40656 40668 40684 40707 40734 40757 40784 40814 40853 40897 40939 40987 41018 41051 41075 41106 41156 41210 41274 41352 41440 41542 41659 41781 41945 42115 42304 42491 42709 42922 43159 43395 43646 43898 44164 44421 44692 44950 45229 45503 45761 46032 46287 46535 46796 47069 47324 47590 47848 48114 48350 48593 48822 49047 49257 49460 49645 49806
40752 40782 40814 40835 40847 40875 40900 40923 40944 40975 40999 41023 41043 41059 41054 41048 41044 41052 41059 41059 41070 41080 41093 41111 41129 41145 41172 41207 41249 41297 41353 41410 41451 41503 41542 41591 41655 41721 41806 41908 42020 42142 42286 42447 42634 42826 43037 43243 43472 43700 43941 44181 44432 44673 44942 45182 45423 45683 45934 46179 46406 46644 46874 47106 47338 47582 47797 48041 48266 48488 48698 48895 49088 49267 49431 49596 49730
41385 41402 41410 41420 41432 41447 41455 41462 41481 41488 41495 41492 41493 41482 41473 41458 41454 41455 41451 41449 41449 41451 41455 41464 41474 41488 41506 41529 41566 41614 41674 41742 41809 41870 41935 41994 42060 42137 42227 42334 42457 42591 42747 42920 43112 43317 43532 43749 43980 44223 44449 44692 44922 45170 45402 45644 45876 46098 46329 46540 46751 46952 47163 47354 47565 47767 47969 48151 48353 48542 48729 48894 49056 49204 49337 49463 49570
41992 41985 41986 41976 41982 41974 41975 41980 41973 41964 41939 41922 41902 41880 41861 41850 41841 41826 41821 41811 41799 41791 41792 41792 41795 41798 41812 41830 41860 41906 41957 42031 42109 42188 42277 42352 42424 42511 42616 42725 42861 43009 43173 43355 43554 43772 43988 44224 44459 44697 44936 45161 45393 45616 45845 46072 46286 46489 46678 46865 47039 47221 47392 47562 47731 47900 48049 48217 48365 48531 48676 48818 48948 49064 49167 49264 49343
42548 42540 42521 42505 42486 42470 42465 42444 42424 42391 42362 42318 42283 42260 42237 42216 42197 42180 42158 42142 42119 42106 42103 42092 42088 42091 42091 42107 42132 42171 42226 42286 42372 42467 42566 42665 42751 42849 42957 43088 43233 43392 43572 43763 43967 44182 44419 44656 44910 45144 45376 45606 45816 46039 46256 46458 46646 46817 46992 47144 47290 47423 47562 47709 47844 47969 48093 48197 48320 48452 48564 48684 48772 48847 48929 48987 49048
43085 43046 43027 42992 42961 42939 42909 42878 42840 42794 42741 42691 42649 42622 42592 42561 42536 42506 42481 42450 42436 42417 42403 42390 42372 42364 42357 42365 42386 42412 42462 42527 42611 42712 42820 42931 43045 43151 43274 43414 43574 43749 43936 44145 44354 44581 44816 45068 45315 45566 45801 46021 46226 46424 46620 46806 46973 47123 47246 47378 47485 47586 47692 47794 47884 47983 48061 48139 48226 48304 48391 48468 48534 48579 48620 48649 48664
43575 43538 43489 43455 43406 43372 43335 43282 43232 43172 43104 43050 43009 42966 42932 42896 42859 42834 42802 42782 42760 42748 42728 42702 42679 42652 42635 42622 42627 42644 42681 42743 42821 42920 43043 43175 43299 43423 43558 43711 43882 44073 44278 44489 44716 44949 45195 45450 45704 45953 46197 46408 46601 46788 46963 47124 47262 47379 47483 47567 47642 47709 47771 47827 47879 47930 47970 48010 48061 48102 48144 48187 48220 48242 48244 48234 48231
44034 43986 43939 43882 43833 43776 43725 43670 43599 43527 43457 43396 43346 43294 43256 43217 43187 43161 43148 43125 43115 43102 43077 43047 43008 42973 42937 42901 42879 42879 42895 42936 43009 43111 43236 43376 43524 43663 43815 43980 44158 44366 44589 44813 45048 45299 45556 45814 46068 46322 46552 46769 46947 47117 47269 47412 47511 47601 47677 47720 47751 47783 47796 47804 47817 47818 47819 47819 47821 47823 47849 47835 47833 47823 47793 47763 47723
44448 44404 44347 44280 44221 44153 44089 44024 43943 43857 43788 43723 43659 43614 43565 43531 43514 43505 43486 43486 43470 43456 43432 43390 43351 43298 43254 43202 43153 43118 43114 43134 43184 43280 43405 43557 43716 43878 44039 44212 44418 44632 44860 45110 45364 45629 45891 46151 46412 46656 46878 47091 47270 47412 47540 47654 47737 47781 47816 47825 47820 47803 47767 47733 47695 47644 47603 47572 47533 47495 47440 47420 47372 47337 47274 47203 47134
44837 44778 44719 44642 44561 44495 44425 44338 44252 44166 44093 44015 43958 43906 43860 43840 43836 43835 43833 43821 43815 43798 43767 43721 43670 43621 43564 43507 43435 43376 43341 43335 43366 43435 43560 43719 43886 44061 44232 44426 44641 44876 45116 45383 45654 45926 46207 46470 46723 46962 47190 47391 47552 47680 47791 47865 47913 47926 47908 47880 47836 47768 47699 47601 47509 47424 47328 47244 47162 47083 46998 46907 46842 46751 46662 46567 46476
45180 45108 45035 44963 44879 44797 44718 44628 44534 44448 44357 44291 44227 44175 44145 44134 44139 44150 44152 44142 44129 44109 44074 44025 43970 43918 43857 43785 43713 43638 43575 43539 43541 43592 43702 43857 44036 44216 44406 44616 44845 45087 45358 45631 45915 46209 46496 46763 47015 47255 47481 47659 47809 47931 48013 48044 48054 48025 47960 47892 47795 47682 47557 47424 47264 47133 46991 46851 46725 46614 46487 46355 46229 46118 45990 45858 45721
45479 45401 45321 45235 45151 45067 44980 44888 44787 44683 44600 44532 44473 44423 44403 44409 44422 44438 44438 44430 44413 44391 44352 44300 44242 44182 44115 44043 43964 43883 43799 43740 43714 43740 43837 43983 44164 44357 44560 44785 45026 45291 45569 45860 46160 46465 46752 47042 47292 47526 47724 47910 48040 48144 48184 48182 48147 48071 47967 47848 47709 47542 47369 47176 46988 46776 46597 46409 46249 46083 45913 45748 45588 45411 45251 45077 44912
45716 45648 45563 45473 45388 45299 45207 45103 44994 44897 44812 44743 44676 44645 44641 44647 44677 44687 44693 44682 44663 44637 44601 44541 44480 44414 44343 44265 44184 44096 44010 43930 43877 43881 43953 44099 44284 44485 44703 44928 45187 45469 45763 46065 46381 46694 46994 47276 47537 47754 47956 48116 48237 48283 48283 48240 48159 48030 47884 47718 47531 47345 47110 46882 46632 46391 46140 45905 45708 45497 45291 45078 44861 44660 44445 44250 44044
45919 45836 45750 45662 45575 45488 45381 45270 45169 45069 44988 44908 44856 44834 44835 44856 44882 44908 44903 44898 44873 44849 44806 44752 44684 44608 44539 44458 44366 44284 44192 44095 44024 44009 44067 44204 44394 44602 44825 45065 45330 45622 45927 46253 46578 46897 47205 47486 47740 47969 48148 48284 48346 48348 48282 48188 48040 47872 47686 47472 47261 47013 46781 46497 46231 45929 45627 45353 45098 44850 44595 44345 44080 43845 43597 43351 43129
46038 45971 45891 45804 45709 45616 45514 45413 45306 45210 45123 45054 45005 44985 44996 45023 45057 45072 45079 45064 45055 45020 44979 44924 44854 44779 44700 44617 44531 44431 44337 44240 44153 44117 44166 44301 44490 44705 44927 45181 45453 45754 46073 46415 46744 47071 47384 47674 47926 48135 48281 48352 48367 48292 48176 47999 47804 47581 47344 47107 46858 46606 46313 46036 45710 45402 45065 44752 44448 44149 43845 43548 43269 42989 42701 42439 42170
46114 46044 45976 45883 45797 45699 45611 45506 45406 45310 45232 45164 45113 45096 45115 45151 45179 45198 45208 45201 45181 45159 45112 45059 44991 44919 44830 44745 44654 44556 44450 44351 44259 44212 44258 44384 44580 44793 45028 45278 45558 45865 46205 46543 46891 47229 47543 47816 48060 48239 48324 48342 48263 48124 47933 47713 47474 47209 46932 46653 46377 46071 45778 45456 45141 44781 44453 44095 43741 43404 43062 42729 42406 42087 41807 41499 41218
46115 46067 45991 45912 45830 45748 45653 45564 45462 45378 45289 45226 45182 45166 45188 45224 45251 45279 45289 45285 45269 45241 45215 45152 45084 45010 44932 44838 44738 44639 44536 44425 44333 44292 44335 44465 44653 44879 45108 45366 45650 45973 46307 46660 47009 47351 47653 47930 48139 48247 48284 48211 48057 47852 47623 47351 47070 46783 46473 46151 45820 45505 45153 44820 44478 44131 43762 43387 43008 42624 42247 41882 41521 41189 40864 40579 40254
46067 46017 45958 45887 45813 45732 45661 45569 45479 45388 45310 45246 45201 45186 45206 45241 45283 45306 45320 45325 45313 45290 45254 45208 45139 45065 44982 44892 44790 44684 44580 44477 44384 44345 44398 44534 44732 44946 45186 45439 45739 46058 46397 46748 47103 47425 47727 47984 48145 48191 48143 48000 47781 47534 47252 46956 46641 46300 45954 45609 45255 44863 44499 44122 43779 43415 43032 42640 42228 41811 41404 41012 40639 40275 39939 39619 39325
45937 45903 45858 45805 45736 45671 45600 45536 45449 45360 45289 45220 45179 45161 45171 45210 45257 45295 45310 45315 45308 45294 45259 45208 45152 45073 44995 44905 44803 44701 44594 44491 44406 44383 44445 44601 44790 45010 45242 45511 45799 46123 46461 46814 47152 47469 47754 47967 48074 48065 47932 47721 47476 47175 46847 46515 46164 45786 45395 45015 44615 44198 43788 43399 43023 42644 42246 41826 41407 40967 40535 40133 39730 39363 39001 38676 38343
45734 45720 45701 45658 45609 45558 45505 45437 45376 45302 45221 45165 45116 45093 45101 45135 45190 45228 45258 45265 45263 45249 45219 45174 45114 45044 44970 44881 44780 44682 44576 44470 44407 44406 44493 44649 44845 45054 45292 45550 45844 46163 46499 46837 47160 47466 47716 47899 47944 47859 47661 47411 47102 46772 46426 46036 45638 45234 44828 44378 43931 43511 43077 42642 42232 41848 41423 40986 40553 40106 39665 39245 38839 38435 38065 37711 37370
45470 45479 45468 45446 45422 45394 45350 45305 45255 45195 45131 45074 45028 44993 44995 45027 45074 45119 45155 45172 45172 45159 45140 45100 45041 44977 44904 44819 44724 44623 44521 44434 44393 44417 44532 44690 44878 45093 45315 45575 45865 46178 46502 46813 47126 47399 47630 47758 47745 47588 47342 47043 46693 46323 45937 45529 45094 44652 44197 43731 43270 42791 42333 41886 41445 41009 40608 40155 39694 39241 38795 38374 37942 37519 37131 36768 36404
45133 45153 45168 45177 45176 45156 45138 45124 45089 45046 44997 44951 44903 44872 44862 44881 44917 44967 45005 45024 45035 45033 45020 44981 44929 44875 44799 44725 44631 44531 44443 44388 44373 44433 44561 44719 44905 45103 45328 45581 45862 46164 46463 46768 47029 47285 47473 47563 47490 47285 46982 46631 46257 45856 45430 44973 44529 44049 43543 43063 42574 42071 41580 41114 40641 40187 39759 39322 38853 38396 37943 37486 37061 36644 36217 35834 35476
44704 44762 44805 44835 44861 44871 44875 44877 44870 44851 44821 44786 44756 44727 44706 44704 44731 44770 44808 44839 44856 44861 44850 44823 44781 44725 44664 44587 44503 44418 44363 44335 44366 44452 44577 44740 44909 45096 45317 45569 45836 46111 46392 46647 46906 47104 47264 47307 47186 46929 46587 46210 45793 45361 44894 44417 43911 43411 42902 42371 41847 41345 40833 40314 39845 39384 38927 38477 38011 37551 37077 36642 36202 35751 35328 34943 34594
44220 44300 44367 44428 44484 44530 44559 44585 44607 44610 44598 44583 44575 44551 44522 44519 44529 44553 44581 44614 44641 44649 44649 44629 44589 44540 44486 44423 44353 44308 44280 44299 44358 44463 44585 44735 44897 45078 45291 45523 45771 46025 46267 46501 46705 46888 46986 46998 46838 46533 46172 45750 45311 44825 44337 43828 43291 42753 42214 41659 41124 40601 40070 39544 39056 38587 38112 37648 37189 36710 36249 35802 35354 34895 34480 34102 33729
43675 43777 43875 43969 44057 44126 44192 44244 44286 44319 44332 44342 44344 44343 44332 44321 44319 44332 44356 44380 44397 44416 44418 44404 44373 44332 44296 44247 44215 44199 44221 44268 44349 44450 44577 44707 44861 45043 45235 45451 45671 45891 46097 46293 46462 46595 46674 46626 46442 46113 45699 45271 44776 44288 43756 43216 42651 42082 41519 40963 40407 39841 39314 38803 38273 37786 37319 36843 36376 35899 35440 34973 34525 34085 33656 33266 32931
43094 43208 43324 43450 43564 43680 43764 43839 43908 43962 44007 44044 44078 44100 44113 44110 44113 44118 44135 44152 44166 44171 44177 44171 44154 44131 44111 44102 44097 44120 44166 44235 44316 44414 44530 44657 44802 44972 45153 45334 45524 45699 45877 46037 46161 46252 46287 46210 45994 45650 45213 44729 44240 43696 43153 42572 41997 41415 40827 40250 39674 39099 38562 38032 37508 37006 36526 36052 35574 35120 34638 34183 33730 33308 32879 32505 32175
42460 42589 42736 42877 43027 43156 43279 43386 43479 43559 43625 43695 43757 43813 43851 43874 43898 43916 43925 43939 43944 43959 43967 43968 43964 43962 43965 43985 44011 44053 44107 44176 44255 44341 44448 44576 44712 44855 45010 45172 45317 45470 45597 45724 45804 45851 45838 45742 45503 45150 44694 44194 43637 43101 42527 41936 41335 40729 40131 39544 38957 38397 37805 37270 36767 36264 35772 35285 34816 34348 33876 33423 33001 32557 32157 31790 31466
41751 41918 42080 42257 42427 42588 42742 42884 43003 43107 43211 43301 43395 43476 43538 43599 43645 43679 43711 43728 43750 43764 43783 43794 43809 43824 43847 43877 43917 43971 44030 44085 44158 44242 44341 44454 44574 44697 44822 44944 45072 45181 45288 45341 45407 45397 45339 45216 44969 44615 44158 43611 43062 42484 41887 41280 40666 40059 39451 38842 38246 37666 37106 36567 36052 35549 35057 34576 34087 33627 33144 32710 32276 31864 31482 31134 30800
40977 41179 41372 41558 41759 41968 42158 42328 42477 42629 42758 42882 42995 43095 43184 43267 43340 43400 43454 43500 43531 43565 43593 43626 43652 43683 43714 43755 43798 43854 43909 43962 44028 44113 44201 44295 44395 44488 44581 44681 44765 44854 44910 44948 44934 44889 44793 44631 44395 44029 43571 43035 42463 41861 41249 40639 40024 39395 38776 38169 37566 36982 36418 35891 35375 34882 34384 33884 33412 32913 32470 32012 31612 31221 30849 30502 30191
40137 40366 40602 40821 41041 41267 41500 41707 41912 42090 42265 42415 42552 42679 42792 42894 42980 43075 43152 43214 43270 43320 43373 43414 43457 43501 43544 43588 43643 43689 43747 43804 43870 43935 44013 44094 44168 44237 44302 44367 44433 44472 44499 44488 44433 44342 44198 44015 43747 43405 42943 42431 41836 41229 40623 40013 39364 38759 38130 37503 36907 36320 35768 35225 34718 34222 33717 33233 32733 32272 31801 31391 30990 30620 30250 29927 29639
39244 39508 39772 40036 40272 40523 40773 41041 41263 41485 41700 41895 42061 42209 42351 42474 42595 42701 42794 42888 42961 43034 43097 43161 43220 43279 43329 43382 43435 43492 43540 43601 43657 43713 43776 43837 43895 43945 43990 44018 44044 44055 44036 43986 43884 43756 43588 43343 43083 42711 42289 41763 41195 40603 40001 39357 38743 38115 37490 36858 36259 35682 35126 34590 34066 33564 33079 32579 32114 31647 31201 30789 30422 30053 29718 29407 29130
