ASPA-UH-SWB2_REPO/dynamic_inputs/RO_Rf_Ratios_Dynamic/Data/Gridded_rain/PRISM_ppt_tutuila_30yr_normal_80mM1_07_asc.asc
ncols 381
nrows 202
xllcorner -170.851658
yllcorner -14.379175
cellsize 0.00083333333
NODATA_value -9999
[rows 136 to 169 of 202, columns 77 to 153 of 381]
27612 27751 27894 28029 28191 28334 28497 28656 28822 28981 29142 29293 29425 29548 29655 29759 29848 29936 30025 30097 30163 30216 30270 30325 30371 30403 30440 30458 30475 30496 30509 30501 30489 30468 30444 30406 30349 30274 30171 30066 29932 29787 29614 29408 29172 28905 28609 28292 27910 27539 27106 26646 26167 25685 25177 24693 24198 23700 23198 22733 22268 21832 21407 21012 20632 20266 19912 19583 19265 18974 18656 18382 18282 18200 18116 18047 17999
26818 26977 27129 27291 27446 27632 27800 27972 28152 28332 28507 28680 28851 28998 29137 29258 29372 29485 29595 29688 29771 29850 29917 29976 30030 30073 30107 30136 30157 30172 30181 30171 30152 30123 30081 30023 29963 29871 29765 29626 29487 29315 29123 28900 28656 28365 28065 27711 27355 26954 26543 26077 25619 25140 24660 24166 23672 23183 22711 22227 21784 21368 20963 20572 20195 19831 19486 19163 18855 18544 18267 18227 18140 18066 17983 17916 17858
25997 26170 26349 26520 26700 26879 27082 27264 27449 27650 27836 28024 28206 28393 28552 28698 28831 28966 29101 29214 29314 29409 29495 29566 29621 29676 29712 29740 29775 29792 29786 29778 29753 29717 29668 29603 29522 29429 29298 29163 29000 28820 28612 28373 28107 27828 27500 27156 26778 26393 25966 25533 25059 24590 24122 23649 23159 22693 22223 21762 21328 20934 20542 20164 19800 19438 19091 18776 18466 18166 18132 18036 18036 17957 17892 17735 17528
25142 25344 25537 25734 25922 26118 26328 26537 26732 26928 27140 27331 27531 27732 27919 28079 28233 28383 28532 28670 28787 28891 28996 29076 29154 29208 29254 29297 29324 29342 29344 29329 29303 29257 29204 29142 29055 28932 28808 28660 28498 28296 28074 27838 27561 27263 26945 26595 26233 25831 25425 24988 24520 24051 23595 23137 22681 22210 21764 21324 20911 20510 20142 19777 19415 19073 18725 18410 18109 18071 17952 17954 17878 17886 17659 17444 17233
24281 24505 24716 24916 25129 25340 25559 25781 25995 26209 26408 26622 26830 27049 27246 27430 27595 27763 27912 28068 28200 28330 28434 28539 28625 28693 28757 28809 28830 28854 28859 28839 28813 28767 28719 28647 28549 28429 28295 28150 27968 27761 27536 27281 27019 26714 26390 26047 25676 25304 24892 24451 23998 23558 23096 22644 22212 21774 21331 20903 20493 20116 19751 19390 19050 18708 18398 18064 18016 17904 17892 17806 17817 17593 17380 17169 16988
23421 23656 23885 24101 24321 24556 24781 25010 25252 25470 25686 25894 26126 26344 26564 26756 26936 27110 27289 27436 27589 27717 27853 27969 28071 28151 28219 28267 28318 28335 28338 28321 28298 28259 28205 28125 28034 27921 27776 27613 27437 27237 26993 26747 26469 26184 25857 25505 25144 24774 24376 23940 23505 23057 22636 22197 21770 21345 20914 20498 20103 19730 19371 19033 18704 18382 18063 17930 17880 17868 17772 17770 17537 17333 17124 16934 16748
22571 22821 23056 23287 23521 23761 24005 24247 24485 24722 24949 25175 25401 25636 25864 26078 26265 26461 26630 26805 26954 27117 27248 27380 27489 27583 27654 27721 27765 27788 27790 27792 27765 27730 27677 27598 27507 27394 27248 27083 26906 26688 26462 26209 25943 25648 25329 24977 24627 24251 23856 23454 23021 22595 22177 21770 21347 20933 20524 20113 19733 19376 19030 18695 18387 18076 17858 17801 17787 17765 17765 17521 17301 17087 16897 16711 16546
21740 21994 22243 22487 22726 22976 23238 23489 23721 23967 24211 24447 24675 24918 25155 25378 25595 25783 25983 26155 26332 26491 26648 26782 26905 27004 27087 27147 27201 27230 27245 27245 27221 27188 27138 27067 26977 26856 26709 26553 26359 26151 25919 25687 25411 25123 24805 24473 24116 23753 23364 22971 22565 22161 21747 21343 20950 20549 20154 19759 19395 19052 18729 18406 18100 17808 17665 17716 17702 17705 17546 17316 17085 16875 16684 16526 16349
20934 21193 21446 21701 21958 22210 22466 22725 22980 23225 23461 23712 23963 24206 24435 24665 24890 25109 25308 25510 25693 25864 26024 26182 26305 26417 26505 26575 26628 26673 26694 26690 26678 26648 26591 26531 26434 26313 26176 26005 25831 25619 25401 25150 24899 24604 24305 23974 23621 23270 22907 22515 22122 21738 21346 20953 20571 20175 19796 19435 19086 18758 18437 18135 17841 17630 17583 17573 17659 17590 17363 17132 16907 16693 16522 16330 16187
20139 20406 20669 20925 21184 21445 21717 21976 22231 22481 22739 22988 23236 23476 23718 23954 24184 24410 24631 24832 25044 25227 25398 25556 25695 25806 25915 25995 26058 26104 26131 26141 26132 26098 26053 25971 25885 25776 25635 25477 25300 25112 24885 24651 24392 24115 23810 23500 23158 22815 22460 22088 21716 21345 20963 20581 20203 19840 19476 19112 18787 18481 18173 17873 17590 17473 17532 17533 17559 17426 17205 16985 16766 16560 16361 16188 16041
19359 19632 19900 20162 20418 20685 20965 21232 21493 21750 22012 22266 22518 22762 23007 23247 23481 23719 23944 24164 24373 24575 24756 24907 25062 25197 25303 25395 25469 25524 25570 25578 25576 25547 25499 25423 25333 25222 25096 24954 24794 24597 24396 24155 23898 23641 23355 23040 22713 22377 22033 21690 21330 20959 20598 20229 19874 19517 19169 18829 18518 18214 17928 17640 17437 17328 17422 17523 17477 17280 17066 16846 16648 16441 16248 16079 15929
18618 18885 19155 19419 19686 19948 20214 20492 20774 21027 21278 21544 21816 22064 22304 22545 22790 23021 23256 23496 23706 23911 24093 24261 24424 24566 24677 24783 24870 24945 24983 25010 25009 24989 24941 24872 24791 24688 24562 24438 24280 24110 23902 23680 23434 23179 22906 22605 22294 21968 21635 21303 20952 20603 20252 19906 19557 19215 18891 18575 18266 17985 17692 17415 17235 17306 17328 17446 17345 17144 16945 16742 16545 16351 16166 16004 15843
17927 18195 18465 18729 18988 19249 19515 19792 20051 20313 20573 20849 21100 21359 21609 21853 22100 22341 22578 22802 23040 23254 23445 23621 23783 23930 24063 24174 24274 24343 24400 24429 24431 24422 24385 24337 24259 24158 24051 23930 23800 23624 23428 23208 22991 22740 22471 22186 21885 21578 21247 20925 20594 20264 19928 19586 19261 18952 18642 18330 18043 17755 17492 17218 17131 17214 17329 17309 17221 17034 16833 16653 16458 16288 16109 15941 15794
17302 17569 17822 18085 18342 18593 18856 19116 19381 19633 19900 20158 20418 20677 20928 21175 21425 21678 21917 22152 22383 22616 22816 23009 23160 23312 23459 23583 23685 23764 23815 23846 23859 23863 23847 23802 23737 23648 23555 23446 23311 23147 22962 22763 22542 22304 22061 21785 21486 21190 20896 20575 20255 19937 19614 19306 19004 18700 18403 18113 17819 17562 17292 17126 17096 17131 17265 17258 17097 16923 16745 16566 16394 16225 16061 15897 15759
16718 16974 17232 17476 17731 17981 18224 18481 18750 19008 19247 19495 19759 20016 20276 20522 20774 21021 21273 21520 21771 21989 22198 22391 22567 22726 22869 22997 23111 23202 23244 23278 23311 23327 23315 23283 23230 23164 23075 22961 22839 22688 22516 22322 22106 21895 21652 21396 21126 20840 20547 20245 19936 19640 19340 19046 18748 18467 18183 17904 17623 17358 17119 17007 17099 17134 17194 17130 16981 16827 16656 16492 16330 16169 16020 15877 15721
16167 16419 16663 16903 17137 17383 17632 17885 18144 18390 18634 18876 19136 19381 19629 19890 20139 20397 20642 20893 21138 21385 21606 21789 21984 22151 22302 22436 22554 22639 22702 22737 22783 22802 22802 22782 22743 22682 22597 22506 22388 22242 22075 21897 21716 21496 21273 21028 20787 20520 20227 19935 19657 19374 19087 18797 18522 18244 17981 17696 17435 17191 17011 16995 17026 17148 17153 17019 16881 16725 16575 16411 16271 16111 15977 15841 15705
15681 15903 16135 16369 16606 16838 17074 17323 17577 17819 18049 18286 18533 18781 19024 19271 19528 19777 20033 20285 20541 20790 21010 21223 21418 21597 21747 21898 22022 22113 22170 22226 22265 22297 22310 22295 22279 22222 22142 22065 21952 21821 21671 21510 21320 21129 20916 20699 20458 20201 19926 19665 19390 19111 18846 18578 18305 18039 17769 17505 17256 17014 16928 17003 17033 17110 17055 16923 16780 16644 16485 16351 16203 16073 15931 15803 15688
15403 15451 15662 15892 16124 16350 16571 16805 17053 17288 17512 17734 17958 18199 18443 18690 18948 19198 19454 19715 19980 20218 20438 20661 20876 21053 21222 21363 21496 21593 21675 21724 21765 21811 21829 21830 21809 21787 21721 21631 21534 21419 21296 21126 20965 20774 20590 20372 20150 19901 19656 19388 19134 18877 18615 18359 18089 17834 17585 17323 17086 16925 16918 16953 17076 17086 16964 16827 16703 16556 16417 16281 16155 16025 15905 15783 15667
15154 15227 15315 15452 15679 15899 16122 16341 16565 16785 17001 17215 17429 17654 17887 18144 18404 18673 18932 19192 19445 19689 19917 20138 20342 20537 20705 20855 20987 21111 21188 21252 21296 21336 21371 21377 21383 21347 21307 21234 21145 21049 20916 20784 20623 20460 20266 20066 19852 19632 19379 19142 18891 18654 18394 18140 17891 17648 17401 17159 16924 16909 16930 16972 17046 17001 16872 16745 16609 16474 16348 16233 16105 15988 15868 15760 15650
15020 15079 15140 15207 15346 15487 15697 15901 16118 16331 16531 16736 16941 17140 17381 17639 17910 18173 18438 18696 18947 19189 19423 19641 19843 20045 20210 20378 20528 20640 20733 20802 20861 20904 20926 20959 20963 20946 20904 20850 20779 20683 20588 20446 20303 20140 19972 19781 19576 19357 19144 18899 18678 18423 18184 17941 17703 17471 17235 16995 16895 16891 16932 16994 17013 16897 16772 16648 16516 16399 16286 16168 16053 15948 15841 15732 15629
14956 14990 15042 15142 15196 15255 15366 15562 15695 15893 16094 16292 16488 16741 16923 17180 17443 17712 17965 18220 18477 18718 18950 19174 19391 19580 19763 19928 20075 20204 20304 20388 20441 20489 20527 20549 20563 20565 20534 20498 20428 20360 20255 20141 19997 19850 19690 19507 19312 19104 18892 18696 18447 18222 17984 17742 17524 17303 17079 16899 16864 16881 16926 17001 16900 16793 16678 16550 16443 16325 16222 16109 16006 15899 15804 15701 15611
14850 14954 15040 15077 15104 15198 15302 15329 15441 15559 15751 15939 16176 16383 16621 16771 17031 17277 17525 17776 18029 18285 18515 18746 18950 19157 19336 19498 19651 19775 19893 19972 20040 20101 20127 20161 20186 20198 20186 20142 20100 20032 19955 19839 19712 19573 19412 19239 19062 18864 18672 18447 18246 18012 17785 17562 17346 17136 16922 16859 16840 16865 16923 16880 16793 16695 16584 16482 16364 16271 16151 16055 15950 15861 15765 15673 15587
14636 14782 14950 15028 15112 15192 15206 15291 15366 15466 15574 15792 15975 16177 16351 16556 16655 16895 17138 17384 17633 17884 18130 18349 18560 18744 18930 19107 19248 19379 19484 19579 19690 19739 19760 19795 19831 19855 19835 19819 19776 19736 19658 19559 19430 19299 19156 18982 18816 18636 18434 18237 18027 17823 17586 17384 17178 16978 16878 16828 16821 16855 16868 16781 16693 16598 16504 16406 16307 16194 16100 15994 15906 15809 15730 15649 15574
14426 14582 14714 14861 15002 15072 15209 15278 15351 15427 15573 15721 15924 16061 16229 16318 16460 16597 16795 17036 17278 17516 17757 17981 18188 18370 18563 18728 18876 19005 19126 19258 19362 19417 19440 19452 19492 19516 19525 19498 19474 19433 19381 19281 19169 19037 18903 18758 18581 18400 18217 18029 17838 17615 17417 17206 17010 16875 16838 16813 16813 16861 16772 16683 16594 16507 16424 16323 16227 16132 16027 15938 15847 15774 15692 15615 15544
14253 14373 14510 14636 14770 14907 15045 15169 15234 15367 15500 15626 15758 15973 16037 16165 16290 16430 16573 16720 16949 17181 17407 17635 17829 18035 18206 18388 18534 18671 18810 18947 19087 19136 19140 19148 19175 19220 19219 19211 19185 19160 19107 19024 18921 18798 18663 18516 18367 18195 18010 17832 17632 17438 17240 17039 16853 16831 16814 16807 16833 16776 16677 16586 16495 16423 16328 16245 16147 16055 15967 15882 15801 15724 15659 15586 15519
14078 14197 14320 14441 14563 14695 14823 14944 15073 15202 15323 15444 15570 15720 15918 16032 16164 16298 16434 16565 16652 16878 17108 17304 17512 17704 17890 18049 18230 18355 18477 18651 18807 18884 18842 18839 18892 18927 18946 18936 18919 18892 18846 18771 18667 18552 18435 18296 18146 17982 17806 17618 17446 17261 17064 16872 16860 16803 16807 16814 16795 16692 16590 16490 16411 16318 16240 16161 16087 15985 15907 15825 15747 15681 15612 15549 15491
13928 14041 14152 14260 14385 14500 14625 14753 14868 14990 15119 15241 15365 15511 15692 15899 16066 16195 16327 16411 16531 16656 16853 17024 17218 17415 17586 17761 17909 18039 18181 18353 18550 18578 18566 18564 18604 18658 18685 18675 18656 18628 18590 18523 18416 18318 18200 18069 17927 17763 17605 17435 17253 17078 16942 16881 16824 16832 16797 16822 16706 16593 16490 16401 16307 16227 16151 16089 16006 15936 15846 15774 15699 15629 15570 15510 15455
13801 13896 14002 14106 14214 14333 14450 14571 14687 14806 14939 15063 15188 15330 15500 15698 15908 16121 16200 16320 16441 16590 16696 16852 17002 17167 17315 17522 17656 17782 17932 18129 18249 18290 18282 18296 18342 18404 18420 18419 18398 18388 18339 18270 18199 18089 17969 17846 17721 17574 17406 17235 17081 17012 16954 16900 16855 16816 16841 16719 16602 16488 16397 16300 16212 16138 16077 16004 15937 15864 15792 15716 15644 15583 15521 15469 15423
13672 13762 13857 13969 14061 14172 14288 14403 14522 14652 14776 14900 15027 15165 15327 15513 15715 15923 16132 16247 16405 16510 16648 16787 16923 17016 17177 17332 17518 17639 17786 17908 18023 18021 18002 18013 18098 18158 18171 18158 18165 18143 18111 18040 17967 17874 17761 17645 17518 17370 17210 17112 17065 17022 16973 16926 16892 16861 16732 16610 16493 16391 16299 16208 16126 16058 15982 15925 15862 15793 15731 15664 15595 15530 15477 15428 15384
13565 13644 13733 13823 13925 14033 14157 14267 14378 14498 14628 14753 14878 15014 15170 15335 15527 15729 15932 16138 16290 16476 16617 16735 16828 17008 17162 17304 17438 17600 17699 17801 17849 17854 17739 17791 17863 17919 17930 17952 17937 17922 17887 17833 17749 17662 17556 17438 17309 17224 17136 17094 17055 17019 16984 16950 16871 16753 16625 16503 16392 16296 16203 16118 16048 15965 15896 15839 15786 15726 15662 15605 15539 15483 15438 15391 15344
13461 13540 13613 13704 13817 13933 14051 14166 14265 14364 14486 14625 14750 14880 15022 15180 15352 15546 15744 15936 16130 16318 16492 16613 16786 16914 17065 17201 17367 17479 17591 17660 17732 17658 17572 17569 17646 17689 17724 17732 17733 17705 17677 17619 17542 17444 17354 17290 17225 17194 17166 17087 17060 17027 16995 16862 16741 16632 16520 16398 16292 16203 16109 16030 15952 15875 15819 15755 15697 15653 15604 15545 15489 15435 15392 15354 15314
13371 13427 13525 13627 13747 13859 13968 14083 14181 14277 14390 14500 14633 14761 14900 15043 15208 15383 15567 15754 15942 16116 16284 16455 16622 16783 16883 17052 17176 17292 17411 17553 17591 17523 17474 17404 17426 17483 17504 17518 17514 17511 17451 17460 17388 17306 17252 17262 17253 17193 17167 17142 17075 16999 16857 16734 16621 16514 16409 16301 16195 16105 16024 15944 15859 15794 15730 15679 15627 15579 15533 15484 15437 15398 15352 15310 15278
13288 13363 13448 13558 13675 13802 13920 14015 14101 14213 14308 14415 14539 14663 14787 14928 15078 15245 15420 15592 15765 15934 16088 16262 16423 16562 16704 16843 16966 17096 17229 17375 17473 17459 17397 17315 17274 17326 17299 17362 17363 17336 17361 17358 17362 17333 17304 17244 17255 17240 17178 17118 16989 16862 16738 16616 16505 16398 16301 16200 16100 16010 15934 15854 15774 15715 15651 15593 15552 15511 15468 15421 15378 15343 15311 15286 15240
13224 13295 13384 13498 13618 13732 13842 13950 14051 14143 14248 14370 14478 14571 14697 14824 14972 15134 15295 15450 15608 15768 15925 16069 16234 16369 16521 16660 16796 16929 17082 17231 17381 17404 17334 17300 17311 17249 17280 17286 17327 17364 17384 17409 17393 17392 17352 17315 17259 17197 17081 16967 16863 16738 16614 16501 16391 16292 16195 16093 16000 15923 15840 15765 15699 15633 15580 15527 15480 15432 15396 15364 15328 15290 15279 15245 15228
