ASPA-UH-SWB2_REPO/dynamic_inputs/RO_Rf_Ratios_Dynamic/Data/Gridded_rain/PRISM_ppt_tutuila_30yr_normal_80mM1_09_asc.asc
ncols 381
nrows 202
xllcorner -170.851658
yllcorner -14.379175
cellsize 0.00083333333
NODATA_value -9999
[rows 34 to 67 of 202, columns 154 to 230 of 381]
-9999 -9999 -9999 -9999 -9999 -9999 -9999 -9999 -9999 -9999 -9999 -9999 -9999 -9999 -9999 -9999 -9999 -9999 -9999 -9999 -9999 -9999 -9999 -9999 -9999 -9999 -9999 -9999 -9999 -9999 -9999 -9999 -9999 -9999 -9999 -9999 -9999 -9999 -9999 -9999 -9999 -9999 -9999 -9999 -9999 -9999 -9999 -9999 16940 16939 16926 17018 17027 16956 16897 16770 16754 16728 16703 16659 16625 16582 16529 16468 16416 16345 16274 16193 16158 16142 -9999 -9999 -9999 -9999 -9999 -9999 -9999
-9999 -9999 -9999 -9999 -9999 -9999 -9999 -9999 -9999 -9999 -9999 -9999 -9999 -9999 -9999 -9999 -9999 -9999 -9999 -9999 -9999 -9999 -9999 -9999 -9999 -9999 -9999 -9999 -9999 -9999 -9999 -9999 -9999 -9999 -9999 -9999 -9999 -9999 -9999 -9999 -9999 -9999 -9999 -9999 -9999 -9999 -9999 17345 17300 17185 17290 17304 17307 17310 17231 17223 17197 17172 17128 17093 17049 17006 16944 16891 16830 16750 16669 16588 16511 16551 -9999 -9999 -9999 -9999 16286 -9999 -9999
-9999 -9999 -9999 -9999 -9999 -9999 -9999 -9999 -9999 -9999 -9999 -9999 -9999 -9999 -9999 -9999 -9999 -9999 -9999 -9999 -9999 -9999 -9999 -9999 -9999 -9999 -9999 -9999 -9999 -9999 -9999 -9999 -9999 -9999 -9999 -9999 -9999 -9999 -9999 -9999 -9999 -9999 -9999 17708 17735 -9999 17741 17728 17623 17662 17691 17711 17722 17714 17705 17698 17672 17637 17611 17566 17522 17460 17407 17345 17283 17193 17113 17013 16940 16907 -9999 -9999 16786 16560 16511 16452 -9999
-9999 -9999 -9999 -9999 -9999 -9999 -9999 -9999 -9999 -9999 -9999 -9999 -9999 -9999 -9999 -9999 -9999 -9999 -9999 -9999 -9999 -9999 -9999 -9999 -9999 -9999 -9999 -9999 -9999 -9999 -9999 -9999 -9999 -9999 -9999 -9999 -9999 -9999 -9999 -9999 -9999 -9999 18025 17986 18012 18104 18170 18085 18132 18170 18198 18227 18228 18219 18210 18193 18176 18149 18114 18079 18016 17972 17900 17838 17748 17685 17586 17478 17387 17336 17381 17254 17078 16921 16729 16763 16749
-9999 -9999 -9999 -9999 -9999 -9999 -9999 -9999 -9999 -9999 -9999 -9999 -9999 -9999 -9999 -9999 -9999 -9999 -9999 -9999 -9999 -9999 -9999 -9999 -9999 -9999 -9999 -9999 -9999 -9999 -9999 -9999 -9999 -9999 -9999 -9999 -9999 -9999 -9999 -9999 18483 18421 18409 18355 18448 18586 18569 18634 18680 18717 18735 18763 18772 18763 18744 18727 18709 18691 18665 18603 18558 18494 18432 18350 18279 18179 18099 17990 17891 17792 17753 17637 17440 17304 17177 17051 17096
-9999 -9999 -9999 -9999 -9999 -9999 -9999 -9999 -9999 -9999 -9999 -9999 -9999 -9999 -9999 -9999 -9999 -9999 -9999 -9999 -9999 -9999 -9999 -9999 -9999 -9999 -9999 -9999 -9999 -9999 -9999 -9999 -9999 -9999 -9999 -9999 -9999 -9999 -9999 18811 18791 18807 18826 18937 19011 19084 19148 19212 19257 19293 19328 19347 19345 19335 19325 19307 19288 19261 19226 19181 19117 19063 18982 18910 18820 18730 18640 18550 18424 18307 18199 18072 17937 17801 17665 17539 17393
-9999 -9999 -9999 -9999 -9999 -9999 -9999 -9999 -9999 -9999 -9999 -9999 -9999 -9999 -9999 -9999 -9999 -9999 -9999 -9999 -9999 -9999 -9999 -9999 -9999 -9999 -9999 -9999 -9999 -9999 -9999 -9999 -9999 -9999 -9999 -9999 -9999 -9999 19253 19250 19170 19290 19420 19521 19620 19691 19754 19808 19870 19904 19939 19956 19953 19951 19931 19921 19884 19857 19821 19775 19711 19640 19577 19487 19406 19306 19217 19110 18993 18867 18741 18606 18471 18336 18192 18048 17903
-9999 -9999 -9999 -9999 -9999 -9999 -9999 -9999 -9999 -9999 -9999 -9999 -9999 -9999 -9999 -9999 -9999 -9999 -9999 -9999 -9999 -9999 -9999 -9999 -9999 -9999 -9999 -9999 -9999 -9999 -9999 -9999 -9999 -9999 19233 19375 -9999 19595 19699 19639 19757 19903 20031 20149 20238 20326 20386 20448 20500 20542 20566 20590 20596 20584 20573 20544 20515 20477 20441 20385 20321 20250 20187 20097 19997 19917 19811 19704 19588 19453 19320 19186 19052 18909 18748 18596 18452
-9999 -9999 -9999 -9999 -9999 -9999 -9999 -9999 -9999 -9999 -9999 -9999 -9999 -9999 -9999 -9999 -9999 -9999 -9999 -9999 -9999 -9999 -9999 -9999 -9999 -9999 -9999 -9999 -9999 -9999 -9999 -9999 -9999 19495 19560 19671 19885 20083 20090 20246 20401 20536 20671 20796 20902 20971 21049 21108 21159 21199 21223 21246 21260 21248 21227 21205 21175 21136 21080 21025 20951 20897 20806 20725 20625 20526 20429 20314 20189 20056 19923 19790 19649 19499 19339 19180 19013
-9999 -9999 -9999 -9999 -9999 -9999 -9999 -9999 -9999 -9999 -9999 -9999 -9999 -9999 -9999 -9999 -9999 -9999 -9999 -9999 -9999 -9999 -9999 -9999 -9999 -9999 -9999 -9999 -9999 -9999 -9999 -9999 19853 19930 19938 20154 20451 20544 20719 20892 21055 21199 21333 21465 21570 21656 21724 21792 21840 21880 21911 21924 21928 21933 21929 21888 21848 21799 21761 21686 21630 21547 21465 21373 21283 21166 21058 20942 20808 20676 20543 20412 20264 20107 19949 19775 19611
-9999 -9999 -9999 -9999 -9999 -9999 -9999 -9999 -9999 -9999 -9999 -9999 -9999 -9999 -9999 -9999 -9999 -9999 -9999 -9999 -9999 -9999 -9999 -9999 -9999 -9999 -9999 -9999 -9999 -9999 -9999 20197 20300 20300 20556 20790 21003 21196 21380 21562 21733 21885 22036 22150 22253 22347 22432 22498 22554 22574 22622 22633 22627 22630 22615 22583 22532 22501 22443 22376 22301 22237 22144 22053 21943 21835 21727 21592 21459 21317 21186 21047 20900 20735 20571 20408 20228
-9999 -9999 -9999 -9999 -9999 -9999 -9999 -9999 -9999 -9999 -9999 -9999 -9999 -9999 -9999 -9999 -9999 -9999 -9999 -9999 -9999 -9999 -9999 -9999 -9999 19220 19417 19599 19862 20162 20381 20567 20657 20931 21196 21449 21671 21865 22067 22266 22438 22598 22738 22867 22968 23060 23143 23217 23262 23317 23326 23345 23345 23329 23304 23279 23246 23196 23137 23079 23003 22920 22845 22753 22634 22526 22409 22285 22143 22002 21853 21715 21558 21395 21214 21052 20883
-9999 -9999 -9999 -9999 -9999 -9999 -9999 -9999 -9999 -9999 -9999 -9999 -9999 -9999 -9999 -9999 -9999 -9999 -9999 -9999 -9999 -9999 -9999 -9999 19362 19491 19638 19935 20230 20524 20817 21009 21294 21569 21852 22105 22347 22560 22771 22970 23158 23326 23473 23590 23707 23796 23885 23938 23999 24042 24058 24056 24065 24046 24019 23994 23951 23900 23850 23772 23705 23621 23538 23437 23336 23228 23103 22970 22838 22697 22549 22384 22229 22057 21886 21707 21538
-9999 -9999 -9999 -9999 -9999 -9999 -9999 -9999 -9999 -9999 -9999 -9999 -9999 -9999 -9999 -9999 -9999 -9999 -9999 -9999 -9999 -9999 -9999 19548 19712 19792 20087 20399 20728 21037 21337 21652 21949 22234 22519 22792 23034 23264 23482 23689 23874 24057 24201 24335 24439 24544 24611 24678 24727 24759 24782 24788 24776 24765 24747 24701 24657 24614 24543 24474 24379 24322 24220 24129 24020 23912 23797 23674 23533 23384 23227 23081 22899 22737 22549 22380 22194
-9999 -9999 -9999 -9999 -9999 -9999 -9999 -9999 -9999 -9999 -9999 -9999 -9999 -9999 -9999 -9999 -9999 -9999 -9999 -9999 -9999 -9999 19731 19907 19993 20327 20651 20975 21317 21647 21986 22305 22614 22910 23215 23497 23747 23984 24209 24413 24614 24775 24944 25064 25185 25267 25350 25405 25452 25472 25502 25506 25492 25471 25441 25403 25367 25304 25242 25144 25085 24981 24916 24814 24714 24588 24482 24358 24218 24060 23922 23758 23595 23397 23237 23043 22877
-9999 -9999 -9999 -9999 -9999 -9999 -9999 -9999 -9999 -9999 -9999 -9999 -9999 -9999 -9999 -9999 -9999 -9999 -9999 -9999 -9999 19882 20075 20191 20539 20876 21221 21576 21921 22283 22636 22968 23298 23605 23908 24199 24466 24721 24943 25154 25342 25519 25647 25803 25910 26009 26070 26122 26157 26203 26203 26194 26178 26154 26123 26084 26037 25993 25910 25849 25751 25684 25590 25496 25376 25277 25160 25036 24894 24745 24588 24433 24262 24101 23896 23739 23538
-9999 -9999 -9999 -9999 -9999 -9999 -9999 -9999 -9999 -9999 -9999 -9999 -9999 -9999 -9999 -9999 -9999 -9999 -9999 -9999 19998 20203 20329 20708 21096 21447 21806 22175 22553 22930 23297 23651 23981 24296 24609 24909 25194 25448 25678 25886 26082 26247 26400 26514 26639 26714 26791 26830 26871 26885 26892 26871 26842 26807 26774 26743 26706 26640 26586 26505 26434 26347 26261 26157 26054 25944 25836 25701 25567 25425 25267 25092 24939 24759 24590 24397 24242
-9999 -9999 -9999 -9999 -9999 -9999 -9999 -9999 -9999 -9999 -9999 -9999 -9999 -9999 -9999 -9999 -9999 -9999 -9999 20093 20301 20443 20826 21218 21621 22013 22388 22792 23185 23568 23956 24321 24662 24989 25312 25611 25906 26158 26407 26624 26798 26969 27109 27228 27328 27430 27472 27516 27533 27554 27547 27524 27483 27446 27412 27380 27331 27284 27209 27146 27066 26986 26900 26804 26700 26589 26480 26373 26228 26075 25915 25766 25592 25430 25241 25083 24900
-9999 -9999 -9999 -9999 -9999 -9999 -9999 -9999 -9999 -9999 -9999 -9999 -9999 -9999 -9999 -9999 -9999 -9999 20169 20393 20534 20920 21334 21742 22160 22569 22988 23390 23798 24212 24603 24981 25335 25675 26000 26320 26596 26878 27116 27330 27510 27647 27801 27903 27997 28061 28127 28146 28168 28174 28164 28128 28095 28056 28021 27978 27939 27871 27805 27732 27671 27591 27503 27407 27313 27211 27100 26982 26855 26701 26550 26399 26242 26059 25906 25728 25571
-9999 -9999 -9999 -9999 -9999 -9999 -9999 -9999 -9999 -9999 -9999 -9999 -9999 -9999 19071 -9999 -9999 20208 20455 20610 21017 21418 21830 22280 22697 23142 23579 23996 24417 24846 25243 25626 26004 26348 26697 27010 27297 27570 27806 28005 28187 28326 28431 28535 28608 28672 28710 28732 28738 28739 28715 28686 28642 28602 28566 28533 28473 28416 28340 28287 28226 28146 28069 27982 27878 27785 27674 27555 27438 27303 27160 27009 26851 26694 26530 26378 26201
-9999 -9999 -9999 -9999 -9999 -9999 -9999 -9999 -9999 -9999 -9999 -9999 -9999 19091 19329 19576 20035 20395 20650 21071 21493 21927 22356 22796 23259 23713 24157 24607 25037 25465 25878 26277 26653 27024 27368 27695 27974 28244 28474 28665 28818 28954 29046 29115 29175 29218 29245 29248 29258 29234 29207 29165 29120 29080 29044 29002 28963 28886 28832 28770 28719 28650 28572 28497 28402 28310 28209 28100 27983 27868 27744 27593 27453 27305 27150 26988 26837
-9999 -9999 -9999 -9999 -9999 -9999 -9999 -9999 -9999 -9999 -9999 -9999 19098 19323 19476 19914 20327 20665 21097 21532 21970 22421 22876 23327 23807 24269 24731 25190 25649 26078 26511 26922 27307 27676 28038 28358 28644 28878 29099 29278 29415 29524 29609 29651 29685 29693 29709 29712 29685 29656 29616 29564 29519 29480 29445 29415 29357 29302 29229 29198 29139 29081 29004 28939 28865 28763 28682 28594 28487 28372 28268 28147 28008 27880 27725 27590 27437
-9999 -9999 -9999 -9999 -9999 -9999 -9999 -9999 -9999 -9999 -9999 19096 19324 19479 19855 20266 20671 21096 21533 21993 22448 22909 23383 23861 24331 24821 25293 25774 26227 26688 27137 27562 27960 28329 28686 29007 29269 29493 29679 29839 29946 30034 30087 30119 30113 30095 30089 30073 30038 29994 29942 29890 29847 29810 29778 29731 29696 29634 29584 29524 29497 29430 29374 29300 29247 29175 29085 29017 28930 28835 28732 28621 28511 28394 28278 28134 27990
-9999 -9999 -9999 -9999 -9999 -9999 -9999 -9999 -9999 -9999 19075 19307 19476 19852 20256 20670 21088 21517 21978 22427 22909 23388 23873 24368 24857 25340 25845 26323 26802 27282 27749 28182 28585 28973 29325 29625 29870 30069 30225 30341 30432 30473 30498 30480 30458 30437 30390 30344 30311 30259 30192 30137 30092 30050 30013 29980 29930 29891 29844 29818 29762 29717 29653 29610 29558 29507 29447 29369 29302 29227 29135 29043 28953 28856 28750 28635 28511
-9999 -9999 -9999 -9999 -9999 -9999 -9999 -9999 -9999 19063 19295 19458 19843 20238 20644 21070 21500 21953 22395 22870 23352 23858 24351 24857 25350 25866 26359 26876 27367 27859 28329 28782 29212 29592 29939 30225 30447 30618 30740 30816 30843 30843 30821 30798 30758 30697 30648 30581 30528 30456 30387 30320 30260 30203 30159 30122 30098 30054 30031 29999 29976 29923 29881 29839 29798 29768 29729 29681 29615 29550 29487 29406 29336 29258 29161 29075 28979
-9999 -9999 -9999 -9999 -9999 -9999 -9999 -9999 19032 19268 19442 19827 20213 20610 21027 21456 21909 22359 22818 23310 23792 24298 24809 25318 25835 26350 26884 27397 27914 28412 28899 29388 29817 30190 30520 30800 30998 31136 31216 31225 31202 31158 31127 31086 31015 30938 30872 30805 30705 30615 30527 30436 30349 30288 30225 30178 30151 30143 30125 30117 30088 30058 30018 29997 29978 29949 29920 29903 29867 29823 29770 29718 29658 29599 29532 29455 29379
-9999 -9999 -9999 -9999 -9999 -9999 -9999 18997 19224 19396 19788 20191 20578 20975 21403 21847 22296 22762 23236 23728 24226 24731 25245 25769 26294 26832 27372 27914 28443 28965 29484 29963 30391 30758 31065 31307 31482 31591 31626 31610 31544 31476 31413 31334 31270 31169 31067 30952 30846 30729 30614 30499 30382 30285 30219 30170 30149 30139 30137 30133 30128 30101 30083 30075 30067 30059 30051 30055 30049 30015 29992 29971 29930 29891 29843 29785 29728
-9999 -9999 -9999 -9999 -9999 -9999 18990 19165 19344 19726 20119 20530 20935 21344 21775 22222 22678 23150 23640 24129 24634 25141 25667 26199 26736 27281 27832 28396 28953 29498 30016 30473 30861 31189 31463 31674 31834 31917 31940 31922 31865 31791 31683 31593 31474 31350 31194 31048 30915 30763 30623 30485 30358 30231 30147 30095 30063 30062 30066 30067 30066 30072 30067 30071 30085 30088 30112 30127 30142 30148 30155 30144 30133 30124 30095 30066 30037
-9999 -9999 -9999 -9999 -9999 -9999 19221 19343 19651 20042 20451 20872 21286 21706 22141 22593 23061 23530 24016 24518 25014 25532 26056 26596 27148 27712 28268 28853 29422 29944 30415 30814 31149 31418 31647 31829 31970 32051 32090 32101 32082 32034 31949 31789 31615 31419 31247 31070 30887 30709 30547 30399 30243 30110 30007 29940 29907 29898 29904 29910 29922 29952 29970 29996 30012 30057 30082 30128 30164 30201 30229 30247 30267 30287 30277 30278 30287
-9999 -9999 -9999 -9999 -9999 -9999 19416 19671 19980 20369 20794 21206 21631 22070 22500 22963 23427 23899 24379 24870 25382 25894 26415 26968 27538 28105 28690 29264 29779 30242 30652 30986 31237 31450 31640 31793 31903 31993 32076 32113 32146 32141 32062 31906 31660 31431 31210 30989 30766 30574 30389 30211 30048 29899 29793 29711 29667 29648 29650 29681 29707 29730 29791 29830 29887 29925 29991 30058 30116 30164 30222 30281 30341 30371 30401 30431 30470
-9999 -9999 -9999 -9999 -9999 19541 19695 19941 20319 20715 21131 21551 21977 22418 22867 23316 23781 24254 24728 25216 25711 26233 26762 27329 27890 28473 29065 29571 30018 30408 30730 30981 31189 31359 31520 31647 31731 31804 31876 31967 32049 32065 32003 31849 31632 31345 31073 30817 30566 30339 30123 29947 29779 29626 29497 29414 29358 29330 29339 29369 29420 29466 29519 29601 29661 29750 29819 29907 29986 30075 30155 30245 30325 30405 30466 30526 30575
-9999 -9999 -9999 -9999 19489 19735 19900 20275 20659 21062 21470 21898 22333 22758 23208 23664 24120 24585 25053 25537 26031 26539 27076 27637 28217 28816 29328 29767 30136 30441 30671 30880 31075 31223 31330 31423 31480 31537 31601 31684 31768 31819 31785 31671 31458 31171 30848 30559 30280 30008 29794 29593 29421 29267 29137 29042 28977 28954 28957 28997 29050 29129 29205 29289 29401 29483 29584 29684 29805 29926 30036 30147 30268 30370 30470 30551 30640
-9999 -9999 -9999 19408 19661 19850 20230 20602 21001 21403 21810 22246 22672 23097 23536 23989 24443 24899 25352 25822 26314 26825 27351 27906 28497 29046 29499 29869 30156 30371 30578 30754 30896 31023 31120 31163 31195 31219 31267 31336 31388 31444 31445 31360 31169 30888 30547 30204 29889 29609 29368 29164 28982 28839 28701 28597 28531 28492 28513 28562 28626 28718 28817 28934 29039 29163 29296 29419 29562 29694 29857 29999 30141 30283 30405 30525 30636
-9999 -9999 19326 19574 19773 20159 20546 20948 21337 21738 22169 22587 23004 23425 23867 24299 24750 25196 25632 26087 26568 27062 27591 28145 28702 29199 29596 29893 30103 30275 30450 30593 30704 30801 30858 30885 30881 30880 30907 30934 30973 30982 30994 30933 30770 30495 30133 29756 29421 29124 28861 28647 28479 28309 28185 28086 28013 27984 27995 28064 28139 28243 28365 28494 28632 28779 28914 29090 29245 29430 29605 29789 29942 30116 30278 30440 30590
