ASPA-UH-SWB2_REPO/dynamic_inputs/RO_Rf_Ratios_Dynamic/Data/Gridded_rain/PRISM_ppt_tutuila_30yr_normal_80mM1_09_asc.asc
ncols 381
nrows 202
xllcorner -170.851658
yllcorner -14.379175
cellsize 0.00083333333
NODATA_value -9999
[rows 136 to 169 of 202, columns 77 to 153 of 381]
31816 32099 32381 32653 32950 33221 33508 33784 34068 34342 34625 34896 35148 35389 35602 35813 35994 36163 36319 36436 36522 36567 36589 36586 36540 36443 36319 36132 35908 35657 35358 34995 34604 34174 33714 33217 32683 32113 31500 30878 30228 29577 28912 28237 27564 26898 26250 25632 25010 24453 23914 23437 23010 22637 22290 21998 21726 21468 21221 21004 20796 20613 20446 20301 20169 20049 19945 19851 19760 19672 19552 19444 19334 19226 19107 18984 18869
30867 31147 31420 31701 31972 32276 32553 32829 33111 33391 33662 33931 34197 34435 34662 34860 35046 35221 35382 35505 35596 35665 35693 35688 35650 35569 35444 35284 35079 34839 34561 34230 33861 33455 33013 32535 32037 31487 30914 30301 29693 29062 28427 27782 27147 26504 25894 25283 24719 24168 23664 23176 22758 22379 22049 21746 21470 21218 20990 20769 20579 20415 20265 20128 19999 19884 19774 19676 19580 19470 19363 19242 19131 19016 18890 18766 18641
29921 30191 30470 30742 31021 31299 31600 31875 32149 32436 32705 32972 33228 33489 33714 33918 34101 34281 34449 34577 34674 34749 34793 34795 34756 34691 34575 34425 34257 34036 33764 33463 33118 32736 32319 31867 31380 30869 30310 29747 29158 28563 27955 27340 26727 26135 25539 24971 24420 23912 23420 22974 22546 22174 21846 21550 21272 21029 20802 20590 20408 20259 20116 19982 19858 19733 19613 19511 19404 19290 19176 19059 18941 18819 18699 18564 18443
28972 29250 29519 29796 30065 30342 30634 30924 31197 31467 31751 32009 32272 32532 32772 32975 33164 33343 33509 33652 33756 33830 33889 33899 33885 33821 33723 33600 33434 33234 32990 32702 32380 32014 31623 31205 30747 30240 29729 29191 28645 28068 27487 26914 26329 25759 25205 24665 24157 23661 23208 22777 22370 22004 21681 21390 21126 20874 20653 20451 20277 20119 19982 19847 19714 19588 19461 19348 19236 19125 19000 18883 18765 18643 18518 18392 18262
28047 28325 28593 28851 29126 29400 29683 29972 30251 30528 30786 31059 31321 31590 31829 32047 32236 32421 32577 32728 32840 32939 32990 33026 33020 32974 32903 32798 32635 32454 32231 31957 31657 31316 30957 30558 30120 29652 29163 28664 28134 27591 27044 26490 25955 25411 24885 24380 23890 23440 23003 22587 22203 21862 21538 21247 20992 20752 20526 20325 20147 19992 19846 19702 19571 19437 19322 19188 19073 18955 18835 18713 18596 18477 18354 18225 18111
27149 27417 27684 27940 28204 28485 28758 29036 29330 29598 29863 30117 30394 30653 30909 31127 31323 31508 31688 31822 31951 32041 32125 32169 32182 32154 32093 31991 31872 31695 31485 31233 30956 30647 30306 29925 29523 29091 28624 28140 27650 27146 26616 26104 25587 25092 24592 24105 23648 23220 22810 22412 22048 21707 21408 21123 20864 20626 20402 20202 20022 19859 19705 19564 19429 19300 19169 19048 18920 18802 18677 18557 18436 18325 18200 18081 17959
26282 26547 26802 27057 27320 27590 27868 28145 28420 28694 28957 29218 29477 29743 29997 30230 30427 30628 30791 30950 31070 31194 31269 31331 31353 31343 31293 31218 31103 30947 30750 30537 30275 29990 29674 29320 28945 28541 28103 27650 27190 26702 26221 25733 25256 24778 24310 23847 23418 23005 22613 22248 21891 21564 21267 20997 20735 20500 20284 20078 19897 19732 19576 19428 19297 19165 19037 18902 18779 18650 18532 18408 18296 18176 18062 17941 17830
25456 25709 25961 26214 26466 26734 27017 27291 27547 27819 28088 28347 28597 28860 29112 29344 29565 29748 29936 30086 30232 30347 30448 30511 30551 30551 30519 30448 30353 30218 30050 29852 29614 29353 29062 28741 28393 28010 27601 27185 26739 26290 25832 25389 24929 24483 24038 23610 23196 22807 22430 22078 21742 21429 21131 20859 20612 20380 20165 19960 19779 19612 19460 19311 19174 19044 18903 18773 18639 18517 18395 18280 18159 18044 17928 17824 17700
24681 24923 25164 25413 25670 25926 26190 26461 26730 26990 27241 27507 27770 28023 28257 28488 28708 28915 29093 29268 29413 29538 29640 29728 29770 29788 29767 29716 29633 29526 29381 29196 28990 28753 28479 28191 27862 27506 27133 26729 26328 25900 25479 25045 24628 24197 23787 23380 22983 22616 22265 21917 21589 21289 21001 20733 20491 20256 20043 19850 19667 19499 19342 19198 19060 18923 18780 18645 18518 18392 18273 18154 18037 17921 17822 17695 17593
23937 24178 24417 24655 24901 25154 25421 25681 25939 26195 26459 26714 26966 27209 27449 27678 27896 28103 28298 28464 28634 28767 28878 28968 29027 29048 29055 29022 28960 28866 28742 28587 28403 28182 27940 27654 27358 27036 26682 26313 25931 25547 25140 24742 24339 23942 23545 23168 22793 22438 22098 21765 21452 21156 20873 20610 20366 20145 19935 19730 19552 19390 19233 19084 18946 18808 18670 18530 18404 18281 18159 18044 17931 17820 17704 17594 17493
23221 23461 23699 23936 24172 24422 24687 24944 25198 25451 25711 25963 26212 26451 26689 26916 27133 27347 27542 27724 27887 28036 28156 28239 28316 28364 28373 28360 28317 28244 28149 28008 27846 27647 27420 27159 26879 26575 26254 25919 25572 25200 24835 24449 24066 23701 23334 22966 22610 22267 21936 21624 21316 21020 20749 20490 20256 20033 19823 19624 19447 19280 19129 18981 18837 18692 18561 18429 18299 18179 18055 17932 17830 17718 17608 17505 17405
22545 22777 23015 23252 23495 23736 23984 24246 24514 24756 24998 25254 25515 25752 25979 26204 26427 26631 26832 27030 27193 27343 27464 27565 27652 27709 27730 27736 27712 27667 27576 27464 27316 27139 26927 26689 26432 26151 25848 25547 25219 24888 24534 24181 23822 23473 23127 22779 22440 22107 21785 21479 21177 20893 20628 20381 20145 19924 19721 19528 19346 19187 19026 18879 18740 18602 18461 18330 18209 18080 17960 17842 17732 17626 17523 17427 17322
21917 22149 22387 22623 22858 23099 23346 23606 23850 24099 24346 24607 24843 25085 25317 25540 25760 25970 26170 26352 26538 26696 26826 26936 27024 27092 27139 27155 27151 27109 27046 26946 26811 26655 26465 26256 26016 25751 25480 25196 24907 24587 24257 23920 23597 23262 22929 22599 22271 21953 21631 21332 21043 20772 20513 20264 20038 19832 19630 19432 19257 19088 18941 18789 18650 18508 18369 18240 18122 17997 17868 17761 17645 17550 17447 17347 17255
21353 21583 21804 22040 22274 22507 22753 22998 23249 23489 23742 23987 24230 24470 24700 24921 25140 25357 25555 25743 25921 26095 26233 26359 26442 26519 26583 26619 26624 26601 26542 26454 26338 26203 26042 25848 25630 25389 25141 24880 24600 24303 23995 23686 23370 23055 22746 22426 22101 21792 21496 21198 20915 20651 20397 20166 19949 19738 19538 19348 19163 19008 18852 18712 18551 18410 18279 18154 18033 17911 17793 17678 17573 17471 17374 17275 17191
20830 21050 21277 21496 21728 21960 22189 22433 22691 22938 23168 23405 23654 23894 24131 24351 24570 24778 24983 25177 25369 25527 25673 25799 25906 25994 26061 26107 26132 26128 26071 25995 25906 25791 25643 25470 25274 25062 24828 24575 24317 24040 23752 23456 23153 22863 22559 22255 21952 21649 21355 21070 20795 20542 20300 20073 19854 19651 19453 19265 19083 18919 18775 18613 18472 18322 18182 18065 17948 17836 17716 17606 17500 17397 17305 17217 17116
20341 20558 20774 20990 21205 21433 21669 21911 22160 22399 22637 22872 23121 23353 23583 23819 24037 24252 24447 24640 24822 25001 25153 25273 25397 25495 25573 25632 25670 25670 25642 25576 25506 25403 25275 25122 24945 24746 24526 24300 24054 23790 23516 23239 22967 22674 22386 22091 21810 21522 21228 20950 20694 20447 20210 19982 19770 19564 19375 19177 19005 18849 18690 18535 18385 18237 18106 17987 17873 17753 17643 17526 17431 17321 17235 17146 17056
19914 20107 20313 20525 20744 20962 21188 21427 21674 21911 22140 22374 22616 22856 23086 23315 23538 23742 23943 24133 24321 24497 24649 24792 24917 25025 25108 25187 25237 25253 25231 25195 25128 25043 24933 24791 24641 24454 24246 24039 23806 23560 23305 23046 22771 22501 22222 21949 21669 21388 21109 20850 20594 20348 20122 19903 19689 19485 19286 19099 18929 18770 18619 18467 18307 18169 18041 17919 17797 17687 17563 17462 17354 17262 17163 17073 16995
19503 19715 19904 20115 20331 20547 20761 20990 21234 21468 21695 21921 22146 22385 22624 22850 23072 23274 23472 23666 23859 24027 24179 24328 24469 24579 24679 24754 24818 24848 24856 24826 24774 24707 24608 24485 24339 24185 23995 23785 23570 23343 23112 22850 22598 22330 22074 21802 21536 21263 21004 20739 20497 20262 20035 19819 19602 19402 19213 19023 18856 18700 18552 18402 18252 18111 17980 17850 17738 17613 17499 17391 17294 17195 17107 17018 16932
19158 19346 19548 19741 19956 20169 20388 20606 20832 21056 21280 21503 21727 21957 22185 22417 22637 22852 23047 23241 23425 23600 23759 23909 24043 24167 24268 24352 24420 24478 24492 24485 24447 24386 24304 24192 24071 23914 23749 23558 23354 23145 22910 22678 22428 22182 21921 21664 21406 21153 20888 20644 20401 20178 19949 19731 19524 19328 19136 18956 18787 18640 18494 18342 18195 18058 17919 17791 17665 17544 17435 17338 17233 17139 17044 16960 16875
18832 19018 19210 19409 19614 19825 20034 20243 20465 20686 20899 21120 21340 21552 21784 22013 22238 22443 22647 22841 23026 23201 23368 23518 23652 23784 23885 23985 24069 24122 24157 24164 24147 24100 24015 23927 23809 23670 23509 23335 23148 22942 22737 22500 22267 22023 21783 21534 21284 21032 20794 20544 20321 20084 19866 19652 19449 19257 19069 18886 18721 18571 18428 18279 18136 17991 17849 17720 17591 17481 17376 17271 17171 17082 16993 16902 16816
18554 18723 18913 19093 19295 19503 19696 19902 20114 20325 20543 20761 20978 21193 21413 21639 21853 22065 22261 22456 22649 22827 22994 23153 23302 23428 23545 23646 23730 23799 23845 23872 23861 23827 23760 23667 23560 23437 23286 23129 22945 22762 22553 22340 22108 21880 21648 21406 21164 20920 20683 20467 20223 20005 19785 19570 19377 19189 19006 18821 18653 18500 18354 18209 18063 17922 17786 17648 17535 17417 17317 17210 17115 17019 16934 16843 16763
18292 18466 18631 18823 19007 19198 19395 19583 19785 19994 20209 20425 20639 20859 21083 21296 21507 21704 21899 22094 22288 22481 22651 22818 22961 23103 23221 23324 23417 23487 23549 23579 23589 23559 23504 23421 23321 23208 23074 22913 22752 22571 22386 22174 21958 21738 21508 21275 21047 20812 20589 20353 20142 19916 19701 19497 19303 19119 18940 18753 18583 18427 18279 18131 17996 17859 17721 17600 17473 17371 17251 17155 17052 16967 16875 16789 16709
18060 18215 18399 18567 18749 18929 19116 19301 19486 19693 19906 20119 20338 20555 20769 20987 21188 21383 21577 21772 21966 22159 22345 22506 22658 22786 22913 23031 23118 23197 23253 23301 23322 23304 23253 23186 23095 22991 22852 22714 22555 22398 22215 22019 21804 21593 21378 21146 20927 20706 20479 20262 20044 19837 19614 19421 19232 19053 18873 18683 18510 18352 18208 18071 17933 17795 17668 17545 17429 17306 17203 17093 17001 16902 16822 16741 16667
17840 18015 18168 18341 18513 18691 18868 19051 19241 19438 19641 19852 20061 20275 20487 20695 20895 21088 21288 21481 21674 21860 22046 22215 22368 22498 22633 22746 22842 22922 22994 23043 23060 23053 23027 22948 22874 22770 22654 22511 22369 22214 22054 21860 21661 21451 21244 21036 20811 20593 20378 20169 19964 19742 19544 19343 19159 18985 18803 18618 18443 18289 18149 18009 17870 17736 17614 17484 17365 17253 17136 17037 16938 16857 16769 16688 16613
17664 17809 17975 18132 18302 18477 18659 18833 19021 19215 19416 19616 19815 20020 20229 20428 20620 20819 21018 21216 21401 21585 21762 21939 22085 22238 22360 22489 22586 22676 22749 22799 22826 22823 22792 22744 22664 22577 22455 22327 22188 22049 21890 21711 21521 21320 21116 20909 20707 20496 20282 20079 19866 19664 19465 19269 19091 18916 18738 18558 18393 18237 18088 17946 17805 17682 17546 17428 17302 17188 17081 16981 16886 16798 16723 16641 16566
17490 17641 17797 17953 18113 18287 18460 18632 18816 19008 19199 19397 19594 19789 19988 20179 20377 20574 20772 20962 21152 21334 21518 21672 21833 21978 22116 22231 22359 22442 22502 22562 22597 22603 22575 22531 22475 22382 22275 22149 22016 21879 21729 21560 21372 21180 20992 20794 20593 20390 20183 19973 19780 19583 19383 19193 19020 18850 18678 18502 18336 18184 18033 17882 17752 17609 17484 17365 17257 17129 17027 16925 16829 16746 16664 16588 16518
17344 17494 17642 17789 17955 18113 18283 18459 18628 18810 19006 19201 19396 19589 19780 19969 20158 20354 20550 20746 20928 21109 21269 21443 21596 21749 21879 22009 22117 22208 22284 22337 22373 22388 22370 22336 22275 22198 22100 21975 21844 21707 21566 21406 21221 21045 20859 20670 20477 20274 20081 19885 19684 19494 19300 19123 18948 18777 18610 18439 18277 18116 17963 17824 17679 17547 17422 17314 17193 17090 16973 16875 16778 16688 16611 16535 16465
17227 17361 17508 17653 17804 17967 18128 18295 18462 18634 18828 19021 19214 19405 19594 19782 19970 20158 20353 20540 20728 20893 21059 21225 21384 21514 21666 21788 21888 21980 22064 22126 22155 22177 22175 22136 22086 22019 21915 21799 21669 21548 21402 21244 21089 20909 20725 20544 20365 20177 19977 19780 19600 19409 19228 19050 18875 18702 18534 18368 18204 18042 17900 17752 17612 17485 17371 17250 17141 17030 16925 16820 16721 16637 16553 16483 16418
17109 17242 17380 17538 17672 17827 17986 18145 18309 18487 18664 18848 19039 19229 19417 19604 19790 19977 20163 20350 20529 20701 20858 21015 21166 21317 21446 21568 21675 21767 21844 21906 21956 21978 21969 21940 21900 21837 21736 21614 21508 21382 21252 21095 20942 20778 20602 20429 20252 20063 19871 19688 19507 19329 19147 18969 18799 18626 18456 18289 18123 17972 17829 17686 17551 17429 17300 17191 17081 16971 16872 16771 16672 16580 16502 16431 16365
17017 17142 17279 17414 17561 17699 17864 18013 18175 18337 18512 18687 18870 19058 19246 19426 19611 19796 19982 20167 20346 20509 20673 20815 20972 21122 21250 21364 21471 21563 21640 21708 21756 21777 21776 21756 21712 21652 21555 21465 21347 21230 21101 20961 20802 20645 20478 20306 20129 19948 19769 19586 19405 19227 19052 18879 18709 18549 18377 18209 18048 17902 17757 17620 17496 17359 17236 17125 17022 16917 16811 16717 16617 16531 16458 16386 16313
16930 17061 17182 17309 17455 17597 17739 17900 18045 18205 18364 18545 18719 18901 19081 19261 19439 19624 19808 19985 20163 20333 20489 20637 20786 20935 21063 21176 21275 21367 21450 21516 21563 21583 21583 21565 21531 21467 21395 21300 21199 21077 20957 20818 20667 20505 20352 20181 20012 19831 19652 19476 19302 19124 18948 18775 18611 18456 18298 18127 17972 17831 17685 17552 17420 17288 17177 17059 16948 16856 16762 16662 16569 16482 16409 16342 16274
16863 16971 17098 17223 17359 17492 17630 17775 17926 18076 18248 18407 18580 18754 18935 19107 19286 19464 19641 19818 19995 20157 20312 20468 20616 20757 20884 20989 21095 21186 21260 21332 21377 21396 21390 21374 21343 21296 21219 21135 21036 20938 20799 20668 20526 20378 20212 20055 19886 19719 19541 19364 19197 19026 18843 18676 18518 18363 18210 18052 17895 17753 17618 17484 17344 17224 17105 16999 16893 16794 16701 16607 16521 16447 16367 16292 16230
16793 16900 17012 17141 17267 17397 17526 17668 17803 17966 18116 18281 18453 18627 18793 18967 19139 19318 19495 19665 19834 19996 20143 20305 20453 20579 20706 20825 20922 21011 21083 21146 21190 21209 21205 21184 21154 21110 21050 20961 20872 20763 20646 20511 20383 20236 20091 19920 19765 19592 19427 19265 19091 18920 18750 18583 18425 18268 18121 17968 17817 17674 17544 17409 17274 17160 17039 16926 16832 16738 16645 16552 16466 16392 16325 16267 16187
16721 16827 16936 17062 17185 17306 17432 17559 17707 17849 18005 18169 18334 18485 18658 18831 19004 19183 19355 19518 19680 19842 19996 20136 20290 20416 20549 20660 20755 20835 20913 20967 21003 21023 21013 20994 20967 20931 20873 20794 20693 20593 20479 20365 20225 20100 19948 19799 19637 19471 19306 19144 18991 18819 18649 18489 18330 18180 18031 17877 17732 17600 17463 17333 17211 17089 16980 16872 16770 16669 16582 16502 16423 16343 16297 16223 16180
