ASPA-UH-SWB2_REPO/dynamic_inputs/RO_Rf_Ratios_Dynamic/Data/Gridded_rain/PRISM_ppt_tutuila_30yr_normal_80mM1_01_asc.asc
ncols 381
nrows 202
xllcorner -170.851658
yllcorner -14.379175
cellsize 0.00083333333
NODATA_value -9999
[rows 102 to 135 of 202, columns 77 to 153 of 381]
41327 41352 41363 41377 41394 41413 41436 41461 41488 41518 41550 41584 41619 41654 41690 41715 41734 41752 41771 41781 41790 41794 41803 41802 41797 41793 41783 41772 41759 41740 41723 41702 41682 41662 41652 41652 41662 41670 41690 41727 41767 41822 41889 41967 42065 42167 42293 42432 42588 42758 42948 43144 43359 43588 43824 44066 44321 44595 44874 45158 45447 45740 46045 46361 46696 47041 47388 47745 48110 48475 48838 49213 49567 49931 50298 50660 51015
41886 41893 41909 41912 41919 41928 41942 41958 41977 42000 42025 42052 42084 42111 42134 42151 42159 42168 42176 42178 42174 42178 42183 42184 42181 42176 42173 42168 42163 42151 42134 42115 42091 42069 42061 42064 42074 42086 42111 42144 42195 42249 42318 42409 42500 42618 42737 42873 43020 43193 43371 43569 43771 43994 44229 44456 44702 44960 45237 45511 45782 46065 46367 46673 46989 47316 47661 47991 48346 48692 49044 49399 49750 50097 50447 50801 51150
42425 42425 42424 42425 42425 42424 42427 42434 42444 42458 42476 42500 42520 42535 42538 42537 42537 42528 42524 42522 42513 42510 42509 42513 42513 42512 42514 42515 42521 42520 42508 42498 42479 42455 42446 42453 42459 42482 42508 42548 42596 42657 42736 42825 42929 43035 43157 43286 43444 43600 43775 43961 44165 44381 44589 44815 45052 45301 45561 45825 46078 46350 46633 46928 47225 47540 47858 48193 48512 48847 49179 49515 49855 50191 50533 50872 51206
42938 42930 42920 42909 42901 42893 42888 42885 42885 42890 42902 42912 42918 42909 42899 42883 42867 42848 42835 42828 42818 42810 42807 42809 42806 42806 42809 42817 42827 42835 42845 42839 42834 42818 42808 42815 42826 42846 42880 42922 42979 43049 43122 43226 43328 43441 43552 43691 43829 43990 44155 44336 44522 44725 44926 45143 45357 45596 45839 46077 46334 46587 46843 47117 47410 47698 48004 48311 48634 48940 49260 49576 49897 50215 50540 50863 51180
43417 43399 43383 43363 43337 43324 43312 43300 43290 43288 43279 43270 43257 43241 43210 43180 43154 43139 43125 43107 43099 43090 43083 43079 43075 43069 43071 43079 43091 43105 43124 43141 43143 43152 43149 43152 43169 43187 43224 43275 43336 43407 43495 43593 43706 43816 43939 44061 44205 44351 44513 44678 44859 45035 45242 45430 45628 45849 46073 46299 46521 46762 47005 47258 47522 47805 48074 48376 48671 48972 49271 49568 49869 50169 50468 50781 51081
43863 43835 43800 43769 43742 43720 43694 43670 43656 43634 43609 43578 43549 43511 43477 43443 43419 43402 43383 43368 43355 43344 43334 43326 43318 43311 43308 43308 43318 43334 43360 43389 43416 43434 43453 43464 43480 43506 43543 43595 43662 43738 43832 43937 44049 44163 44283 44405 44542 44693 44834 44995 45150 45327 45498 45683 45871 46059 46263 46462 46671 46883 47112 47336 47586 47838 48101 48358 48639 48919 49206 49482 49765 50045 50325 50610 50890
44290 44241 44201 44155 44122 44082 44050 44023 43989 43952 43902 43858 43812 43768 43729 43700 43676 43652 43637 43620 43603 43587 43577 43564 43550 43534 43525 43519 43522 43536 43555 43594 43632 43668 43708 43735 43757 43790 43837 43888 43961 44044 44141 44248 44362 44480 44591 44719 44850 44987 45131 45268 45418 45567 45729 45898 46066 46235 46405 46582 46762 46958 47156 47365 47584 47814 48038 48288 48531 48798 49057 49321 49583 49844 50103 50368 50628
44688 44639 44583 44532 44480 44434 44397 44350 44303 44247 44193 44129 44073 44031 43993 43961 43936 43915 43893 43877 43855 43838 43825 43803 43782 43763 43741 43728 43720 43724 43741 43766 43813 43862 43913 43961 43997 44038 44087 44154 44232 44320 44426 44537 44648 44756 44876 44995 45130 45255 45382 45514 45638 45779 45925 46068 46210 46350 46505 46652 46808 46966 47140 47332 47527 47725 47933 48135 48364 48609 48846 49099 49333 49565 49812 50047 50295
45087 45013 44957 44891 44829 44777 44721 44665 44603 44536 44464 44396 44338 44296 44259 44225 44201 44176 44157 44132 44118 44097 44076 44054 44023 43996 43966 43943 43927 43915 43920 43939 43978 44032 44088 44146 44204 44252 44312 44385 44472 44571 44677 44798 44908 45018 45125 45246 45366 45494 45613 45728 45837 45950 46071 46194 46315 46434 46543 46674 46797 46929 47078 47237 47399 47579 47754 47940 48145 48351 48574 48797 49019 49231 49448 49663 49873
45458 45384 45304 45238 45162 45099 45036 44963 44890 44812 44728 44659 44604 44555 44519 44487 44458 44441 44417 44399 44377 44362 44338 44307 44275 44237 44203 44167 44138 44116 44106 44116 44139 44185 44250 44320 44383 44442 44510 44589 44682 44788 44904 45020 45138 45243 45351 45463 45578 45693 45810 45907 45998 46093 46189 46286 46377 46465 46557 46648 46745 46850 46965 47089 47224 47370 47519 47680 47859 48040 48231 48431 48631 48829 49017 49201 49399
45807 45724 45644 45558 45481 45400 45326 45248 45159 45070 44986 44913 44854 44802 44766 44735 44713 44693 44682 44660 44647 44629 44601 44568 44528 44489 44446 44398 44355 44322 44297 44289 44301 44340 44401 44474 44550 44616 44692 44775 44866 44980 45104 45222 45337 45447 45552 45655 45758 45866 45961 46054 46125 46198 46268 46343 46397 46460 46526 46581 46644 46721 46800 46889 46996 47107 47229 47362 47506 47662 47844 48003 48177 48352 48516 48686 48852
46123 46042 45952 45857 45771 45680 45594 45508 45409 45309 45226 45151 45085 45039 44997 44970 44955 44946 44929 44923 44905 44887 44861 44822 44783 44733 44687 44634 44578 44526 44489 44466 44462 44491 44545 44622 44701 44781 44858 44940 45046 45155 45272 45402 45521 45630 45725 45817 45914 46001 46080 46159 46221 46264 46308 46353 46389 46411 46442 46470 46503 46544 46585 46645 46715 46789 46883 46996 47114 47242 47364 47521 47662 47819 47957 48093 48234
46422 46327 46234 46130 46025 45933 45841 45735 45632 45530 45444 45360 45299 45249 45209 45190 45184 45179 45173 45160 45150 45133 45104 45063 45018 44973 44920 44865 44796 44734 44680 44641 44625 44633 44683 44762 44844 44928 45006 45098 45203 45318 45434 45564 45683 45784 45880 45960 46036 46108 46179 46238 46277 46302 46324 46331 46334 46328 46315 46313 46315 46318 46337 46350 46382 46435 46491 46568 46657 46757 46860 46964 47095 47207 47328 47445 47568
46687 46579 46474 46370 46261 46154 46051 45941 45829 45726 45626 45551 45485 45434 45404 45391 45390 45395 45393 45382 45370 45352 45323 45282 45237 45192 45139 45074 45008 44936 44869 44813 44778 44774 44812 44884 44972 45056 45144 45243 45349 45460 45589 45710 45823 45925 46010 46078 46140 46199 46256 46287 46308 46318 46310 46278 46246 46203 46152 46118 46082 46052 46031 46021 46007 46028 46055 46094 46154 46234 46308 46384 46469 46572 46665 46757 46845
46918 46803 46688 46570 46456 46346 46235 46120 46001 45885 45789 45712 45649 45599 45577 45575 45581 45590 45588 45580 45566 45548 45518 45478 45432 45384 45328 45268 45199 45124 45045 44977 44924 44905 44933 44996 45082 45174 45267 45372 45480 45599 45721 45841 45950 46042 46111 46182 46228 46269 46293 46319 46314 46301 46254 46194 46125 46044 45962 45888 45818 45747 45693 45643 45612 45578 45582 45591 45630 45672 45717 45773 45840 45900 45975 46040 46110
47102 46989 46866 46741 46624 46507 46389 46266 46140 46028 45931 45852 45783 45747 45735 45736 45755 45760 45763 45755 45740 45720 45693 45648 45602 45551 45495 45431 45363 45286 45207 45128 45060 45025 45037 45099 45185 45280 45381 45478 45594 45718 45840 45952 46055 46136 46198 46250 46290 46306 46320 46315 46295 46236 46159 46069 45970 45851 45736 45622 45511 45421 45316 45239 45168 45118 45074 45053 45069 45082 45107 45136 45167 45216 45256 45311 45353
47261 47132 47004 46878 46757 46639 46510 46380 46259 46145 46050 45963 45904 45874 45868 45879 45897 45914 45911 45907 45889 45871 45839 45799 45748 45690 45636 45572 45498 45428 45347 45257 45180 45133 45135 45190 45279 45375 45475 45578 45690 45812 45931 46048 46139 46207 46260 46296 46318 46331 46317 46291 46230 46148 46033 45913 45769 45626 45481 45327 45191 45044 44927 44797 44706 44615 44540 44496 44473 44465 44461 44470 44474 44504 44524 44541 44571
47362 47239 47112 46985 46856 46733 46607 46482 46357 46244 46144 46064 46006 45978 45979 45997 46021 46032 46037 46027 46021 45996 45966 45924 45872 45814 45753 45688 45619 45538 45457 45368 45282 45223 45218 45271 45357 45456 45549 45658 45767 45887 46005 46120 46196 46253 46296 46326 46335 46322 46286 46224 46144 46016 45878 45712 45545 45367 45185 45010 44834 44669 44494 44352 44200 44087 43987 43919 43867 43829 43798 43779 43779 43780 43770 43773 43762
47436 47309 47187 47054 46929 46800 46682 46554 46433 46318 46223 46143 46083 46056 46064 46089 46109 46123 46132 46127 46114 46098 46064 46025 45974 45919 45850 45783 45710 45630 45541 45453 45364 45298 45292 45337 45427 45521 45621 45718 45825 45940 46064 46159 46234 46285 46317 46322 46316 46286 46220 46134 46001 45845 45667 45478 45284 45077 44868 44664 44467 44256 44063 43870 43704 43539 43424 43325 43243 43185 43133 43094 43065 43036 43029 42993 42968
47465 47351 47221 47093 46969 46849 46724 46607 46483 46375 46270 46191 46135 46109 46118 46143 46164 46185 46193 46192 46181 46162 46143 46096 46044 45988 45927 45853 45772 45691 45605 45509 45420 45360 45352 45399 45479 45580 45670 45768 45869 45989 46094 46185 46247 46290 46302 46303 46271 46206 46120 45985 45815 45625 45424 45200 44976 44757 44526 44294 44061 43845 43607 43388 43187 43008 42850 42721 42626 42540 42468 42410 42353 42311 42267 42244 42180
47462 47351 47228 47102 46980 46858 46748 46627 46510 46395 46296 46215 46155 46128 46135 46159 46190 46208 46219 46224 46217 46200 46175 46140 46088 46030 45966 45894 45812 45724 45637 45547 45456 45398 45398 45446 45534 45619 45714 45800 45909 46014 46111 46186 46242 46259 46266 46249 46195 46098 45968 45800 45594 45374 45136 44898 44653 44396 44144 43898 43653 43385 43142 42895 42676 42471 42284 42129 42003 41898 41810 41733 41665 41596 41540 41486 41441
47400 47307 47196 47079 46956 46842 46729 46625 46508 46394 46297 46209 46150 46118 46116 46142 46176 46204 46216 46221 46217 46207 46181 46143 46100 46039 45977 45904 45822 45736 45645 45554 45470 45422 45426 45490 45566 45654 45734 45829 45919 46019 46103 46169 46201 46211 46200 46159 46079 45956 45782 45575 45351 45093 44825 44564 44297 44018 43737 43469 43195 42914 42644 42393 42155 41924 41712 41526 41386 41265 41161 41075 40981 40909 40829 40766 40683
47287 47212 47125 47015 46904 46796 46692 46583 46482 46376 46270 46187 46119 46079 46073 46093 46132 46161 46183 46188 46188 46178 46155 46120 46074 46019 45959 45886 45803 45721 45629 45534 45464 45431 45452 45512 45591 45665 45746 45824 45914 46001 46072 46118 46133 46133 46100 46044 45932 45769 45560 45326 45056 44781 44504 44205 43907 43614 43325 43014 42711 42433 42151 41874 41619 41386 41145 40939 40778 40649 40538 40436 40340 40235 40144 40052 39957
47126 47072 46995 46904 46811 46718 46619 46523 46428 46329 46232 46146 46075 46022 46007 46022 46053 46086 46112 46124 46124 46114 46099 46067 46020 45969 45910 45840 45760 45674 45585 45501 45444 45426 45465 45524 45592 45668 45730 45805 45886 45960 46012 46033 46040 46017 45976 45885 45740 45541 45300 45032 44736 44437 44135 43827 43507 43191 42873 42555 42248 41935 41642 41364 41094 40833 40607 40382 40198 40061 39941 39837 39717 39592 39482 39379 39255
46908 46865 46812 46749 46673 46585 46504 46430 46345 46257 46169 46088 46011 45955 45925 45925 45945 45979 46006 46019 46026 46023 46011 45980 45937 45892 45830 45767 45687 45601 45520 45458 45417 45421 45467 45521 45585 45642 45703 45769 45836 45894 45924 45937 45908 45878 45806 45694 45515 45287 45008 44706 44398 44081 43755 43415 43094 42756 42409 42086 41766 41444 41136 40851 40569 40303 40065 39848 39658 39511 39380 39246 39122 38997 38852 38719 38584
46626 46607 46576 46533 46482 46415 46350 46286 46222 46153 46078 46003 45936 45876 45832 45811 45818 45840 45864 45885 45896 45897 45886 45862 45826 45779 45726 45661 45587 45509 45450 45405 45394 45415 45453 45509 45555 45598 45653 45715 45765 45798 45814 45791 45769 45697 45606 45464 45255 44993 44691 44375 44041 43706 43355 43006 42647 42301 41957 41607 41270 40956 40642 40329 40057 39796 39548 39326 39135 38978 38826 38697 38558 38394 38233 38076 37926
46307 46299 46283 46263 46236 46199 46150 46105 46062 46009 45948 45889 45838 45780 45723 45695 45684 45689 45702 45722 45737 45739 45736 45716 45680 45637 45588 45531 45466 45415 45374 45359 45367 45398 45429 45471 45508 45544 45589 45630 45665 45681 45668 45637 45579 45499 45364 45200 44964 44670 44361 44017 43672 43302 42941 42576 42202 41835 41479 41120 40784 40463 40145 39836 39561 39304 39051 38825 38634 38458 38304 38159 37993 37800 37618 37446 37254
45945 45946 45950 45950 45948 45930 45910 45881 45851 45820 45780 45739 45697 45656 45611 45572 45547 45539 45544 45552 45558 45565 45561 45545 45513 45474 45437 45388 45348 45317 45309 45312 45332 45356 45390 45412 45440 45474 45500 45530 45540 45532 45496 45445 45365 45252 45106 44894 44641 44333 43988 43646 43265 42900 42514 42134 41746 41367 41001 40651 40309 39968 39660 39371 39076 38814 38572 38342 38143 37960 37794 37610 37423 37218 37002 36793 36610
45560 45562 45571 45592 45606 45623 45616 45604 45590 45573 45555 45536 45520 45497 45472 45437 45412 45393 45388 45388 45386 45380 45376 45363 45340 45312 45284 45263 45240 45235 45242 45257 45273 45291 45314 45332 45349 45373 45393 45393 45383 45344 45296 45222 45113 44974 44798 44565 44285 43965 43607 43229 42859 42461 42074 41672 41286 40906 40533 40176 39829 39491 39187 38892 38607 38340 38094 37867 37653 37475 37273 37077 36861 36648 36406 36190 35996
45143 45146 45169 45193 45227 45250 45273 45285 45288 45286 45280 45284 45289 45293 45286 45272 45262 45252 45237 45229 45218 45217 45210 45199 45184 45169 45156 45153 45152 45158 45165 45177 45187 45193 45206 45223 45233 45239 45237 45226 45184 45136 45052 44960 44824 44659 44450 44207 43909 43573 43203 42820 42408 42023 41621 41222 40827 40439 40067 39712 39368 39047 38714 38421 38153 37888 37636 37398 37185 36982 36771 36555 36340 36086 35850 35626 35423
44694 44708 44728 44766 44805 44844 44884 44920 44942 44956 44975 44991 45017 45039 45051 45066 45072 45073 45075 45067 45066 45060 45060 45054 45050 45045 45044 45046 45051 45062 45070 45066 45069 45071 45074 45079 45082 45071 45049 45010 44962 44881 44789 44646 44508 44307 44077 43819 43509 43166 42789 42378 41980 41571 41164 40763 40367 39988 39618 39258 38915 38588 38278 37987 37712 37447 37194 36957 36729 36521 36283 36062 35817 35570 35334 35109 34885
44218 44241 44267 44298 44347 44408 44463 44511 44550 44598 44635 44672 44708 44741 44771 44801 44829 44849 44867 44881 44885 44893 44896 44905 44907 44911 44913 44919 44923 44932 44934 44926 44919 44921 44918 44912 44898 44866 44822 44771 44689 44599 44474 44327 44134 43922 43677 43396 43092 42735 42352 41945 41537 41123 40714 40319 39932 39546 39179 38827 38484 38158 37849 37564 37287 37031 36776 36527 36305 36061 35837 35578 35340 35093 34846 34610 34394
43700 43730 43776 43815 43864 43925 43999 44062 44133 44193 44257 44311 44361 44409 44453 44494 44528 44575 44609 44635 44657 44676 44697 44709 44721 44734 44742 44747 44759 44756 44758 44752 44747 44735 44728 44712 44679 44632 44568 44487 44395 44273 44132 43955 43744 43511 43245 42962 42635 42294 41900 41506 41081 40672 40277 39890 39489 39129 38761 38402 38066 37740 37436 37140 36875 36618 36360 36123 35878 35650 35392 35149 34893 34643 34384 34155 33949
43129 43172 43227 43292 43343 43415 43491 43589 43660 43741 43828 43908 43974 44032 44092 44144 44201 44252 44296 44344 44378 44412 44439 44467 44491 44513 44525 44536 44543 44550 44542 44543 44532 44516 44496 44467 44425 44362 44280 44173 44055 43916 43746 43552 43319 43073 42805 42490 42181 41814 41449 41040 40633 40233 39847 39445 39077 38709 38349 37988 37653 37331 37026 36741 36468 36211 35965 35716 35491 35249 34991 34730 34479 34215 33971 33743 33541
