ASPA-UH-SWB2_REPO/dynamic_inputs/RO_Rf_Ratios_Dynamic/Data/Gridded_rain/PRISM_ppt_tutuila_30yr_normal_80mM1_08_asc.asc
ncols 381
nrows 202
xllcorner -170.851658
yllcorner -14.379175
cellsize 0.00083333333
NODATA_value -9999
[rows 136 to 169 of 202, columns 77 to 153 of 381]
30809 30859 30920 30985 31075 31153 31249 31346 31452 31557 31671 31786 31892 31998 32091 32187 32270 32350 32429 32488 32531 32552 32564 32566 32545 32495 32433 32334 32217 32087 31932 31738 31527 31295 31045 30768 30462 30127 29757 29378 28969 28556 28125 27676 27217 26752 26286 25830 25350 24908 24458 24034 23632 23257 22885 22550 22217 21888 21560 21258 20956 20676 20406 20160 19927 19710 19510 19330 19162 19008 18826 18667 18511 18361 18197 18027 17869
30214 30256 30301 30362 30428 30527 30616 30712 30820 30931 31041 31156 31276 31382 31487 31577 31664 31750 31835 31898 31946 31984 32001 32001 31985 31946 31882 31801 31694 31569 31424 31244 31043 30818 30567 30289 29997 29665 29312 28924 28538 28127 27707 27270 26830 26371 25926 25463 25023 24574 24147 23710 23315 22933 22577 22227 21890 21565 21255 20940 20654 20390 20136 19894 19665 19451 19252 19071 18901 18724 18562 18389 18233 18073 17900 17728 17554
29606 29636 29678 29722 29784 29857 29959 30050 30148 30267 30379 30497 30612 30739 30845 30943 31031 31125 31218 31287 31341 31385 31413 31419 31402 31373 31314 31236 31153 31037 30887 30722 30526 30307 30065 29795 29499 29185 28830 28472 28089 27696 27286 26862 26429 26003 25558 25121 24680 24260 23833 23427 23016 22638 22281 21940 21600 21285 20972 20669 20388 20138 19892 19658 19436 19218 19011 18829 18649 18470 18301 18136 17972 17804 17637 17449 17279
28978 29007 29037 29080 29125 29186 29271 29368 29461 29563 29684 29794 29918 30047 30168 30267 30364 30459 30554 30638 30700 30745 30786 30797 30798 30769 30721 30660 30574 30466 30331 30168 29981 29765 29531 29279 28995 28674 28349 28001 27643 27254 26857 26459 26039 25620 25201 24777 24365 23944 23544 23143 22744 22365 22013 21676 21352 21025 20722 20428 20159 19900 19667 19437 19212 19000 18786 18596 18413 18240 18057 17892 17728 17560 17386 17209 17027
28346 28368 28391 28416 28460 28513 28581 28667 28757 28858 28955 29072 29191 29325 29446 29559 29657 29761 29849 29942 30011 30076 30113 30145 30153 30136 30106 30057 29968 29873 29748 29588 29413 29209 28995 28750 28476 28177 27863 27540 27186 26817 26439 26047 25661 25254 24848 24445 24040 23653 23258 22863 22480 22122 21765 21427 21112 20801 20493 20203 19930 19683 19446 19213 18995 18777 18583 18370 18186 18006 17830 17657 17493 17328 17156 16975 16814
27712 27721 27736 27753 27785 27838 27894 27964 28057 28142 28236 28333 28460 28582 28712 28822 28926 29028 29136 29215 29299 29359 29423 29464 29486 29483 29460 29411 29355 29260 29142 28996 28836 28653 28448 28213 27963 27690 27387 27069 26742 26399 26027 25661 25280 24906 24514 24118 23733 23358 22982 22597 22230 21868 21538 21203 20886 20578 20274 19986 19718 19467 19227 19004 18788 18578 18369 18176 17978 17797 17614 17440 17270 17115 16940 16772 16600
27079 27079 27081 27090 27115 27155 27210 27274 27348 27431 27518 27614 27720 27842 27966 28085 28185 28298 28389 28488 28564 28652 28710 28765 28796 28807 28792 28766 28711 28631 28522 28407 28256 28091 27904 27687 27455 27201 26917 26618 26309 25971 25632 25278 24924 24557 24185 23802 23436 23067 22701 22346 21981 21634 21302 20986 20666 20361 20067 19778 19514 19268 19032 18804 18597 18387 18185 17977 17787 17593 17416 17236 17075 16907 16745 16575 16418
26452 26441 26435 26437 26448 26480 26534 26591 26645 26722 26809 26899 26992 27108 27228 27343 27459 27556 27666 27756 27852 27933 28013 28069 28114 28134 28134 28110 28072 28007 27922 27816 27683 27535 27366 27174 26960 26717 26451 26177 25873 25560 25233 24912 24564 24218 23859 23502 23142 22791 22435 22089 21746 21412 21079 20761 20458 20158 19870 19587 19328 19086 18860 18635 18423 18219 18004 17804 17602 17416 17232 17062 16887 16721 16557 16410 16235
25840 25818 25800 25796 25806 25823 25857 25906 25965 26028 26095 26185 26286 26391 26492 26603 26716 26832 26934 27044 27141 27230 27310 27388 27435 27470 27481 27472 27443 27402 27334 27238 27128 26997 26838 26671 26467 26242 26001 25730 25459 25159 24858 24537 24223 23883 23551 23207 22858 22523 22191 21848 21512 21190 20869 20555 20258 19958 19676 19412 19158 18920 18690 18475 18264 18055 17840 17636 17443 17252 17071 16894 16722 16553 16409 16228 16084
25226 25202 25182 25166 25163 25175 25207 25243 25288 25342 25414 25491 25578 25669 25771 25877 25987 26100 26216 26319 26438 26535 26623 26703 26766 26804 26838 26846 26834 26803 26752 26680 26587 26466 26331 26161 25982 25782 25552 25308 25049 24782 24488 24194 23887 23573 23247 22928 22596 22272 21949 21621 21298 20983 20667 20359 20061 19782 19506 19234 18991 18764 18537 18318 18109 17902 17696 17487 17297 17109 16925 16751 16582 16418 16247 16088 15942
24609 24585 24564 24546 24534 24540 24567 24596 24634 24680 24744 24812 24891 24975 25070 25170 25275 25391 25505 25621 25732 25844 25942 26017 26096 26159 26197 26221 26227 26213 26187 26126 26051 25948 25824 25671 25504 25316 25113 24896 24664 24404 24144 23856 23562 23274 22973 22658 22343 22030 21716 21408 21092 20775 20472 20171 19888 19609 19340 19079 18841 18611 18395 18179 17965 17753 17557 17358 17164 16981 16793 16609 16453 16285 16121 15968 15822
24000 23973 23953 23936 23928 23926 23936 23966 24010 24043 24086 24153 24237 24312 24393 24486 24592 24696 24812 24940 25051 25163 25262 25353 25443 25516 25563 25606 25630 25642 25620 25584 25521 25437 25324 25191 25043 24875 24685 24495 24277 24052 23798 23537 23262 22986 22703 22406 22108 21804 21498 21196 20887 20583 20287 20002 19719 19447 19190 18942 18701 18483 18257 18044 17840 17638 17431 17235 17053 16858 16676 16499 16333 16171 16014 15869 15714
23410 23386 23370 23354 23342 23338 23346 23372 23392 23425 23467 23532 23588 23661 23740 23826 23924 24030 24142 24252 24383 24502 24609 24709 24802 24885 24957 25011 25054 25070 25073 25049 24998 24934 24841 24735 24601 24446 24284 24108 23924 23705 23471 23222 22980 22715 22443 22164 21876 21587 21281 20986 20690 20401 20114 19830 19562 19310 19059 18809 18580 18352 18145 17928 17728 17521 17317 17126 16948 16759 16567 16403 16228 16082 15925 15773 15634
22859 22839 22813 22800 22788 22778 22785 22796 22819 22840 22881 22925 22979 23043 23113 23190 23281 23387 23494 23608 23731 23866 23982 24099 24186 24279 24368 24440 24495 24529 24537 24525 24493 24449 24385 24293 24180 24045 23904 23748 23571 23371 23156 22933 22695 22449 22202 21932 21647 21365 21087 20792 20504 20223 19945 19683 19430 19177 18932 18694 18457 18247 18030 17831 17606 17403 17210 17023 16843 16660 16481 16308 16147 15992 15842 15691 15563
22337 22315 22298 22273 22262 22253 22246 22254 22279 22302 22318 22347 22398 22453 22519 22586 22669 22760 22871 22994 23134 23258 23385 23503 23613 23713 23803 23884 23954 24006 24019 24019 24015 23993 23942 23871 23779 23672 23544 23395 23237 23057 22861 22649 22423 22202 21958 21705 21441 21167 20889 20610 20330 20066 19803 19549 19295 19056 18817 18584 18352 18133 17934 17711 17511 17298 17095 16921 16745 16576 16396 16229 16067 15910 15768 15633 15481
21845 21827 21806 21783 21760 21750 21746 21751 21766 21777 21791 21812 21853 21891 21940 22009 22081 22180 22289 22419 22557 22707 22843 22957 23081 23187 23282 23366 23441 23492 23527 23541 23558 23549 23519 23469 23397 23305 23190 23068 22923 22755 22571 22378 22184 21959 21733 21488 21246 20987 20710 20438 20182 19927 19673 19419 19180 18939 18714 18473 18252 18046 17830 17619 17409 17200 17009 16833 16663 16484 16318 16141 15994 15829 15694 15559 15423
21409 21379 21356 21337 21321 21303 21291 21292 21299 21302 21301 21310 21333 21365 21402 21452 21537 21638 21764 21901 22054 22209 22347 22481 22602 22711 22801 22895 22972 23025 23056 23090 23113 23124 23116 23079 23036 22957 22856 22754 22622 22473 22308 22134 21937 21736 21518 21296 21056 20804 20542 20295 20041 19788 19549 19309 19069 18836 18601 18373 18159 17950 17746 17539 17320 17124 16939 16760 16581 16415 16232 16078 15914 15772 15621 15485 15365
20995 20991 20963 20949 20936 20919 20899 20888 20887 20879 20867 20856 20851 20867 20893 20953 21047 21162 21300 21456 21620 21767 21901 22038 22170 22276 22375 22455 22531 22585 22632 22660 22687 22720 22726 22711 22675 22632 22551 22447 22335 22205 22066 21889 21716 21519 21323 21102 20876 20633 20395 20144 19906 19669 19430 19198 18957 18730 18509 18280 18071 17867 17669 17467 17261 17063 16876 16687 16522 16339 16171 16007 15858 15708 15573 15437 15308
20649 20635 20627 20607 20599 20584 20569 20548 20529 20505 20478 20452 20428 20418 20439 20512 20620 20760 20913 21073 21226 21375 21511 21644 21765 21880 21976 22059 22130 22196 22235 22270 22299 22330 22358 22358 22351 22307 22254 22170 22070 21960 21818 21673 21502 21327 21126 20920 20703 20483 20241 20014 19778 19555 19317 19085 18859 18638 18416 18200 17989 17798 17606 17402 17202 17010 16813 16631 16448 16272 16110 15961 15803 15660 15517 15388 15260
20335 20331 20326 20320 20312 20300 20280 20252 20227 20194 20149 20106 20063 20029 20060 20142 20266 20415 20571 20724 20872 21015 21154 21281 21397 21515 21607 21700 21783 21837 21879 21914 21950 21985 22008 22037 22036 22013 21966 21902 21821 21715 21605 21456 21302 21128 20949 20752 20543 20327 20117 19884 19671 19435 19211 18986 18766 18552 18336 18119 17914 17721 17534 17336 17142 16941 16744 16560 16375 16213 16057 15899 15749 15614 15477 15341 15212
20077 20073 20079 20069 20066 20059 20030 20001 19967 19921 19871 19814 19756 19723 19755 19845 19974 20123 20263 20406 20552 20688 20821 20949 21074 21179 21281 21371 21448 21514 21559 21598 21626 21660 21698 21726 21739 21737 21703 21659 21582 21501 21388 21261 21108 20950 20780 20591 20393 20187 19978 19783 19549 19335 19111 18886 18680 18473 18263 18044 17838 17644 17455 17263 17067 16873 16683 16490 16326 16154 16005 15847 15703 15559 15431 15294 15173
19849 19862 19859 19870 19863 19850 19830 19791 19750 19699 19642 19572 19506 19481 19523 19618 19747 19871 19997 20128 20264 20404 20528 20655 20767 20881 20977 21062 21142 21204 21260 21291 21323 21351 21394 21434 21462 21472 21458 21412 21360 21283 21192 21067 20929 20780 20611 20432 20252 20054 19862 19646 19449 19228 19012 18800 18594 18393 18189 17969 17762 17566 17375 17182 17000 16814 16622 16451 16270 16120 15946 15803 15651 15522 15385 15256 15134
19656 19668 19693 19695 19697 19686 19666 19630 19579 19527 19463 19385 19321 19299 19342 19447 19562 19674 19788 19906 20029 20157 20284 20396 20506 20599 20696 20790 20858 20922 20967 21007 21037 21065 21106 21163 21205 21229 21212 21190 21142 21087 20998 20889 20752 20611 20460 20284 20112 19931 19733 19539 19334 19135 18912 18714 18514 18319 18115 17894 17685 17488 17303 17123 16940 16754 16578 16405 16238 16063 15911 15752 15615 15470 15348 15227 15113
19487 19527 19540 19559 19566 19564 19547 19517 19475 19418 19347 19266 19193 19170 19217 19313 19418 19518 19625 19730 19839 19949 20063 20170 20270 20355 20451 20531 20602 20661 20716 20752 20767 20796 20857 20902 20963 20992 21000 20973 20940 20887 20821 20713 20592 20454 20312 20159 19982 19802 19619 19432 19242 19029 18833 18628 18435 18246 18041 17826 17616 17425 17245 17064 16881 16702 16533 16352 16184 16023 15854 15710 15564 15443 15312 15190 15076
19368 19397 19434 19454 19473 19482 19479 19454 19418 19365 19295 19208 19128 19094 19140 19220 19307 19399 19493 19590 19681 19777 19872 19973 20055 20150 20224 20309 20373 20433 20483 20515 20534 20557 20611 20686 20743 20789 20792 20782 20750 20713 20648 20556 20445 20315 20174 20023 19869 19696 19513 19334 19137 18944 18748 18549 18362 18173 17974 17766 17569 17376 17188 17006 16822 16657 16473 16308 16131 15969 15815 15668 15530 15400 15285 15163 15048
19265 19314 19358 19391 19416 19437 19441 19427 19400 19354 19284 19199 19116 19070 19100 19162 19240 19317 19397 19474 19556 19638 19726 19797 19879 19956 20033 20097 20178 20225 20256 20289 20311 20339 20394 20472 20553 20594 20613 20604 20581 20544 20488 20404 20295 20174 20048 19905 19751 19585 19409 19222 19046 18860 18663 18471 18291 18108 17915 17713 17514 17328 17139 16948 16778 16590 16422 16256 16102 15924 15776 15628 15489 15366 15243 15128 15021
19200 19260 19312 19353 19397 19421 19438 19441 19417 19376 19319 19237 19151 19099 19103 19151 19209 19272 19336 19403 19464 19532 19590 19665 19729 19801 19860 19927 19981 20025 20062 20083 20101 20140 20203 20291 20366 20423 20450 20442 20420 20384 20335 20259 20150 20044 19919 19783 19635 19469 19307 19133 18949 18769 18579 18401 18219 18035 17849 17652 17460 17265 17074 16898 16712 16539 16370 16220 16051 15903 15739 15598 15457 15325 15210 15095 14987
19166 19229 19293 19348 19396 19439 19466 19477 19466 19436 19390 19314 19229 19166 19148 19175 19218 19261 19309 19355 19405 19446 19495 19551 19608 19650 19718 19768 19806 19843 19878 19899 19910 19963 20045 20126 20209 20271 20292 20290 20268 20246 20190 20114 20033 19919 19793 19663 19529 19376 19206 19032 18868 18687 18510 18331 18148 17963 17776 17585 17391 17194 17018 16833 16653 16487 16333 16168 16016 15860 15710 15561 15419 15294 15170 15062 14962
19140 19216 19289 19367 19420 19473 19514 19535 19540 19526 19485 19420 19338 19265 19227 19226 19249 19276 19303 19332 19361 19391 19420 19455 19493 19540 19577 19618 19653 19681 19703 19720 19760 19819 19900 19990 20076 20134 20152 20143 20140 20109 20066 19989 19907 19806 19686 19561 19426 19272 19107 18946 18781 18613 18435 18255 18078 17892 17703 17510 17315 17132 16955 16776 16603 16443 16274 16124 15972 15817 15676 15533 15390 15256 15139 15030 14930
19140 19224 19310 19387 19464 19522 19578 19607 19621 19610 19582 19529 19455 19379 19328 19297 19296 19306 19316 19328 19340 19349 19365 19376 19405 19439 19464 19487 19513 19534 19547 19576 19631 19699 19792 19887 19959 20012 20026 20040 20021 19995 19949 19884 19793 19697 19582 19455 19318 19169 19017 18855 18689 18519 18347 18172 17994 17821 17630 17436 17247 17070 16892 16720 16560 16384 16222 16072 15928 15782 15633 15498 15355 15228 15118 15008 14898
19150 19249 19338 19424 19511 19579 19628 19665 19675 19673 19649 19615 19555 19482 19423 19382 19357 19352 19345 19336 19330 19326 19322 19323 19332 19351 19365 19377 19386 19398 19421 19464 19529 19611 19708 19795 19865 19904 19932 19934 19924 19888 19846 19778 19691 19585 19481 19353 19220 19070 18916 18758 18597 18426 18253 18076 17904 17736 17558 17363 17179 17009 16830 16664 16496 16326 16178 16020 15869 15739 15606 15464 15329 15201 15090 14987 14884
19174 19270 19374 19468 19548 19608 19651 19681 19694 19689 19679 19649 19611 19556 19500 19453 19424 19402 19385 19360 19337 19313 19292 19281 19276 19276 19277 19273 19277 19291 19323 19386 19463 19555 19642 19719 19779 19823 19836 19838 19822 19801 19735 19670 19586 19491 19371 19253 19118 18979 18823 18663 18508 18342 18159 17988 17821 17652 17479 17297 17113 16941 16776 16608 16432 16276 16119 15976 15833 15695 15563 15430 15304 15192 15072 14960 14864
19195 19300 19401 19491 19562 19615 19649 19671 19676 19684 19674 19659 19637 19603 19554 19517 19484 19459 19431 19400 19353 19313 19273 19250 19230 19208 19196 19195 19199 19225 19270 19339 19427 19521 19596 19656 19706 19739 19756 19744 19728 19687 19636 19559 19485 19386 19284 19149 19025 18877 18732 18584 18419 18251 18081 17908 17739 17568 17401 17224 17046 16874 16714 16546 16375 16226 16068 15917 15788 15659 15527 15395 15269 15158 15054 14957 14846
19212 19322 19415 19499 19560 19602 19627 19644 19662 19668 19671 19667 19654 19627 19601 19568 19546 19523 19495 19449 19394 19331 19277 19228 19198 19165 19154 19154 19170 19200 19259 19332 19418 19498 19554 19603 19642 19671 19678 19664 19627 19586 19529 19467 19375 19292 19179 19062 18927 18783 18636 18485 18339 18169 17997 17829 17658 17492 17323 17145 16973 16814 16646 16484 16327 16169 16026 15881 15744 15606 15483 15367 15250 15132 15047 14934 14860
