ASPA-UH-SWB2_REPO/dynamic_inputs/RO_Rf_Ratios_Dynamic/Data/Gridded_rain/PRISM_ppt_tutuila_30yr_normal_80mM1_10_asc.asc
ncols 381
nrows 202
xllcorner -170.851658
yllcorner -14.379175
cellsize 0.00083333333
NODATA_value -9999
[rows 102 to 135 of 202, columns 154 to 230 of 381]
49084 49488 49898 50337 50765 51206 51649 52085 52526 52991 53426 53873 54259 54586 54869 55066 55163 55145 55050 54872 54685 54421 54135 53787 53417 52994 52530 52033 51501 50942 50334 49688 48993 48264 47463 46631 45783 44912 44029 43116 42188 41241 40282 39305 38335 37354 36387 35416 34500 33601 32754 31946 31203 30502 29868 29277 28728 28208 27769 27374 27070 26902 -9999 -9999 -9999 -9999 -9999 -9999 -9999 -9999 -9999 -9999 -9999 -9999 -9999 -9999 -9999
49361 49742 50138 50541 50953 51366 51780 52183 52598 53003 53428 53812 54169 54476 54718 54884 54945 54925 54805 54651 54417 54147 53833 53485 53070 52644 52163 51626 51083 50491 49867 49186 48487 47723 46920 46079 45217 44348 43470 42578 41662 40728 39776 38844 37887 36948 35965 35038 34133 33260 32435 31674 30925 30242 29612 29035 28488 27995 27534 27153 26903 26795 -9999 -9999 -9999 -9999 -9999 -9999 -9999 -9999 -9999 -9999 -9999 -9999 -9999 -9999 -9999
49533 49888 50268 50633 51016 51397 51767 52156 52523 52896 53277 53638 53954 54230 54433 54562 54613 54567 54460 54275 54049 53753 53431 53053 52649 52189 51693 51160 50576 49964 49306 48634 47891 47126 46313 45466 44602 43736 42877 41982 41088 40165 39263 38326 37412 36465 35536 34616 33747 32897 32108 31330 30627 29960 29359 28772 28228 27752 27320 26984 26806 -9999 -9999 -9999 -9999 -9999 -9999 -9999 -9999 -9999 -9999 -9999 -9999 -9999 -9999 -9999 -9999
49610 49937 50277 50612 50952 51300 51655 51996 52333 52674 52997 53310 53605 53842 54003 54108 54141 54091 53975 53788 53537 53247 52898 52522 52099 51627 51117 50567 49978 49334 48678 47975 47244 46457 45647 44789 43959 43099 42225 41359 40472 39584 38686 37799 36886 35977 35063 34177 33318 32515 31722 31003 30307 29672 29062 28517 27989 27517 27089 26883 26704 -9999 -9999 -9999 -9999 -9999 -9999 -9999 -9999 -9999 -9999 -9999 -9999 -9999 -9999 -9999 -9999
49570 49867 50176 50489 50796 51108 51425 51726 52020 52318 52594 52857 53115 53312 53444 53520 53537 53476 53369 53182 52923 52596 52264 51870 51427 50955 50432 49868 49250 48632 47947 47248 46496 45735 44902 44089 43244 42403 41556 40695 39826 38960 38087 37213 36347 35450 34574 33709 32885 32091 31344 30645 29994 29365 28797 28243 27758 27291 27059 26781 -9999 -9999 -9999 -9999 -9999 -9999 -9999 -9999 -9999 -9999 -9999 -9999 -9999 -9999 -9999 -9999 -9999
49434 49710 49976 50244 50526 50800 51078 51338 51589 51830 52059 52295 52491 52653 52767 52816 52809 52751 52631 52441 52169 51854 51495 51094 50653 50171 49647 49069 48458 47814 47157 46427 45691 44906 44119 43311 42488 41677 40846 40000 39150 38306 37466 36625 35767 34906 34047 33226 32435 31662 30936 30270 29650 29076 28501 27978 27498 27260 26968 -9999 -9999 -9999 -9999 -9999 -9999 -9999 -9999 -9999 -9999 -9999 -9999 -9999 -9999 -9999 -9999 -9999 -9999
49193 49435 49677 49910 50122 50379 50606 50823 51030 51225 51428 51604 51761 51894 51977 51998 51964 51910 51782 51569 51303 50981 50621 50214 49776 49296 48760 48192 47579 46944 46259 45559 44811 44051 43257 42470 41689 40905 40090 39273 38442 37618 36808 35986 35161 34322 33505 32717 31958 31218 30525 29890 29301 28720 28200 27696 27451 27145 -9999 -9999 -9999 -9999 -9999 -9999 -9999 -9999 -9999 -9999 -9999 -9999 -9999 -9999 -9999 -9999 -9999 -9999 -9999
48858 49054 49260 49444 49640 49836 50032 50195 50368 50538 50682 50821 50939 51033 51089 51081 51032 50952 50808 50605 50335 50006 49647 49250 48794 48316 47794 47215 46624 45986 45324 44614 43879 43124 42375 41610 40846 40077 39299 38512 37710 36905 36112 35320 34513 33724 32950 32194 31467 30760 30098 29493 28910 28384 27858 27616 27292 -9999 -9999 -9999 -9999 -9999 -9999 -9999 -9999 -9999 -9999 -9999 -9999 -9999 -9999 -9999 -9999 -9999 -9999 -9999 -9999
48428 48588 48736 48892 49048 49214 49357 49497 49625 49738 49857 49957 50037 50082 50089 50066 50010 49893 49747 49538 49276 48953 48584 48174 47738 47267 46736 46170 45583 44958 44310 43625 42898 42188 41450 40715 39976 39222 38474 37716 36943 36163 35399 34622 33863 33102 32372 31659 30977 30301 29668 29069 28540 28008 27755 27428 -9999 -9999 -9999 -9999 -9999 -9999 -9999 -9999 -9999 -9999 -9999 -9999 -9999 -9999 -9999 -9999 -9999 -9999 -9999 -9999 -9999
47887 48010 48131 48249 48376 48490 48600 48708 48778 48867 48948 49000 49030 49048 49017 48969 48878 48743 48595 48386 48104 47809 47443 47036 46600 46125 45612 45063 44490 43894 43251 42575 41905 41216 40509 39789 39068 38343 37635 36904 36158 35406 34656 33923 33187 32482 31770 31124 30460 29907 29285 28668 28205 27898 27556 -9999 -9999 -9999 -9999 -9999 -9999 -9999 -9999 -9999 -9999 -9999 -9999 -9999 -9999 -9999 -9999 -9999 -9999 -9999 -9999 -9999 -9999
47264 47350 47432 47511 47609 47691 47770 47810 47858 47899 47944 47959 47963 47931 47875 47790 47665 47532 47366 47155 46885 46569 46219 45836 45400 44948 44443 43914 43348 42794 42173 41533 40885 40218 39539 38860 38157 37472 36780 36088 35358 34642 33922 33211 32529 31840 31194 30554 30133 29583 28909 28404 28079 27733 -9999 -9999 -9999 -9999 -9999 -9999 -9999 -9999 -9999 -9999 -9999 -9999 -9999 -9999 -9999 -9999 -9999 -9999 -9999 -9999 -9999 -9999 -9999
46562 46620 46652 46702 46747 46809 46845 46852 46854 46870 46858 46859 46814 46758 46664 46555 46419 46277 46093 45852 45602 45285 44934 44564 44163 43709 43227 42720 42190 41638 41065 40459 39833 39185 38550 37902 37241 36573 35920 35243 34561 33862 33174 32514 31848 31225 30596 30328 29941 -9999 -9999 28231 -9999 -9999 -9999 -9999 -9999 -9999 -9999 -9999 -9999 -9999 -9999 -9999 -9999 -9999 -9999 -9999 -9999 -9999 -9999 -9999 -9999 -9999 -9999 -9999 -9999
45799 45797 45822 45831 45845 45852 45854 45826 45803 45764 45738 45691 45611 45518 45411 45279 45131 44967 44762 44537 44257 43958 43629 43258 42857 42450 41981 41488 40996 40470 39910 39340 38736 38144 37542 36915 36296 35678 35029 34389 33734 33066 32428 31796 31195 30589 30341 29972 -9999 -9999 -9999 -9999 -9999 -9999 -9999 -9999 -9999 -9999 -9999 -9999 -9999 -9999 -9999 -9999 -9999 -9999 -9999 -9999 -9999 -9999 -9999 -9999 -9999 -9999 -9999 -9999 -9999
45002 44974 44949 44927 44897 44869 44811 44767 44707 44629 44566 44483 44377 44260 44118 43973 43813 43613 43409 43162 42887 42597 42288 41926 41560 41156 40715 40237 39771 39271 38759 38201 37645 37076 36507 35934 35354 34742 34141 33516 32905 32286 31687 31108 30535 30312 29970 -9999 -9999 -9999 -9999 -9999 -9999 -9999 -9999 -9999 -9999 -9999 -9999 -9999 -9999 -9999 -9999 -9999 -9999 -9999 -9999 -9999 -9999 -9999 -9999 -9999 -9999 -9999 -9999 -9999 -9999
44167 44126 44064 44000 43936 43850 43764 43682 43579 43479 43363 43250 43117 42972 42818 42662 42467 42268 42029 41787 41517 41245 40934 40619 40254 39864 39437 39008 38545 38082 37595 37086 36564 36041 35492 34960 34407 33820 33247 32677 32091 31511 30964 30424 30243 29921 -9999 -9999 -9999 -9999 -9999 -9999 -9999 -9999 -9999 -9999 -9999 -9999 -9999 -9999 -9999 -9999 -9999 -9999 -9999 -9999 -9999 -9999 -9999 -9999 -9999 -9999 -9999 -9999 -9999 -9999 -9999
43288 43223 43145 43066 42962 42832 42722 42590 42457 42328 42179 42021 41853 41691 41520 41351 41146 40914 40680 40420 40169 39905 39615 39299 38958 38580 38200 37773 37346 36908 36459 35984 35508 35003 34506 33989 33464 32918 32377 31845 31308 30779 30246 30087 29804 -9999 -9999 -9999 -9999 -9999 -9999 -9999 -9999 -9999 -9999 -9999 -9999 -9999 -9999 -9999 -9999 -9999 -9999 -9999 -9999 -9999 -9999 -9999 -9999 -9999 -9999 -9999 -9999 -9999 -9999 -9999 -9999
42364 42274 42182 42076 41933 41799 41661 41510 41346 41168 41000 40811 40627 40434 40243 40057 39839 39599 39358 39105 38850 38594 38313 38019 37686 37343 36963 36583 36180 35777 35349 34918 34448 33996 33525 33036 32529 32040 31537 31043 30545 30042 29893 29619 -9999 -9999 -9999 -9999 -9999 -9999 -9999 -9999 -9999 -9999 -9999 -9999 -9999 -9999 -9999 -9999 -9999 -9999 -9999 -9999 -9999 -9999 -9999 -9999 -9999 -9999 -9999 -9999 -9999 -9999 -9999 -9999 -9999
41414 41274 41168 41036 40891 40742 40568 40403 40223 40041 39831 39646 39424 39215 39009 38798 38564 38331 38081 37833 37583 37324 37063 36766 36469 36134 35789 35430 35060 34664 34276 33849 33442 32995 32565 32095 31647 31172 30849 30393 29815 29671 29415 -9999 -9999 -9999 -9999 -9999 -9999 -9999 -9999 -9999 -9999 -9999 -9999 -9999 -9999 -9999 -9999 -9999 -9999 -9999 -9999 -9999 -9999 -9999 -9999 -9999 -9999 -9999 -9999 -9999 -9999 -9999 -9999 -9999 -9999
40411 40278 40122 39987 39827 39653 39467 39277 39109 38891 38707 38483 38269 38040 37813 37587 37350 37120 36870 36620 36374 36132 35867 35591 35291 34988 34649 34310 33967 33610 33203 32827 32436 32032 31611 31214 30777 30597 30266 29753 29484 29191 -9999 -9999 -9999 -9999 -9999 -9999 -9999 -9999 -9999 -9999 -9999 -9999 -9999 -9999 -9999 -9999 -9999 -9999 -9999 -9999 -9999 -9999 -9999 -9999 -9999 -9999 -9999 -9999 -9999 -9999 -9999 -9999 -9999 -9999 -9999
39439 39254 39092 38918 38744 38557 38357 38169 37955 37776 37558 37360 37133 36905 36650 36429 36196 35955 35716 35469 35226 34973 34722 34462 34167 33858 33560 33237 32911 32558 32203 31834 31476 31105 30745 30347 30304 30117 -9999 -9999 29061 -9999 -9999 -9999 -9999 -9999 -9999 -9999 -9999 -9999 -9999 -9999 -9999 -9999 -9999 -9999 -9999 -9999 -9999 -9999 -9999 -9999 -9999 -9999 -9999 -9999 -9999 -9999 -9999 -9999 -9999 -9999 -9999 -9999 -9999 -9999 -9999
38424 38232 38038 37847 37656 37445 37245 37035 36838 36627 36449 36232 36024 35785 35556 35323 35100 34852 34603 34369 34114 33874 33613 33364 33092 32786 32491 32209 31889 31569 31246 30912 30565 30253 29892 29872 29723 -9999 -9999 -9999 -9999 -9999 -9999 -9999 -9999 -9999 -9999 -9999 -9999 -9999 -9999 -9999 -9999 -9999 -9999 -9999 -9999 -9999 -9999 -9999 -9999 -9999 -9999 -9999 -9999 -9999 -9999 -9999 -9999 -9999 -9999 -9999 -9999 -9999 -9999 -9999 -9999
37429 37192 36979 36782 36566 36353 36141 35931 35724 35529 35322 35146 34918 34709 34483 34266 34030 33803 33549 33294 33052 32813 32574 32315 32046 31777 31486 31208 30945 30634 30334 30035 29736 29411 29256 29298 -9999 -9999 -9999 -9999 -9999 -9999 -9999 -9999 -9999 -9999 -9999 -9999 -9999 -9999 -9999 -9999 -9999 -9999 -9999 -9999 -9999 -9999 -9999 -9999 -9999 -9999 -9999 -9999 -9999 -9999 -9999 -9999 -9999 -9999 -9999 -9999 -9999 -9999 -9999 -9999 -9999
36435 36180 35942 35730 35511 35294 35081 34859 34649 34452 34245 34047 33860 33644 33436 33219 32997 32770 32526 32280 32043 31807 31572 31329 31075 30824 30551 30294 30026 29770 29480 29203 28938 28687 28544 -9999 -9999 -9999 -9999 -9999 -9999 -9999 -9999 -9999 -9999 -9999 -9999 -9999 -9999 -9999 -9999 -9999 -9999 -9999 -9999 -9999 -9999 -9999 -9999 -9999 -9999 -9999 -9999 -9999 -9999 -9999 -9999 -9999 -9999 -9999 -9999 -9999 -9999 -9999 -9999 -9999 -9999
35456 35199 34958 34732 34496 34274 34056 33829 33627 33403 33202 33003 32802 32612 32407 32209 31992 31768 31536 31314 31088 30860 30632 30420 30172 29916 29687 29437 29201 28942 28697 28440 28172 27978 27986 -9999 -9999 -9999 -9999 -9999 -9999 -9999 -9999 -9999 -9999 -9999 -9999 -9999 -9999 -9999 -9999 -9999 -9999 -9999 -9999 -9999 -9999 -9999 -9999 -9999 -9999 -9999 -9999 -9999 -9999 -9999 -9999 -9999 -9999 -9999 -9999 -9999 -9999 -9999 -9999 -9999 -9999
34542 34271 34025 33771 33540 33300 33053 32864 32633 32405 32202 31988 31809 31618 31426 31230 31031 30814 30613 30406 30192 29976 29771 29553 29336 29111 28865 28659 28419 28193 27956 27732 27510 27507 27452 -9999 -9999 -9999 -9999 -9999 -9999 -9999 -9999 -9999 -9999 -9999 -9999 -9999 -9999 -9999 -9999 -9999 -9999 -9999 -9999 -9999 -9999 -9999 -9999 -9999 -9999 -9999 -9999 -9999 -9999 -9999 -9999 -9999 -9999 -9999 -9999 -9999 -9999 -9999 -9999 -9999 -9999
33668 33394 33123 32873 32624 32377 32145 31904 31691 31457 31252 31048 30868 30689 30497 30315 30129 29939 29734 29557 29359 29167 28948 28764 28567 28348 28133 27897 27713 27495 27280 27078 27105 27063 -9999 -9999 -9999 -9999 -9999 -9999 -9999 -9999 -9999 -9999 -9999 -9999 -9999 -9999 -9999 -9999 -9999 -9999 -9999 -9999 -9999 -9999 -9999 -9999 -9999 -9999 -9999 -9999 -9999 -9999 -9999 -9999 -9999 -9999 -9999 -9999 -9999 -9999 -9999 -9999 -9999 -9999 -9999
32821 32557 32293 32029 31765 31514 31276 31043 30800 30596 30363 30182 29990 29821 29650 29479 29284 29119 28938 28753 28586 28398 28227 28041 27841 27654 27443 27249 27023 26850 26667 26695 26662 -9999 -9999 -9999 -9999 -9999 -9999 -9999 -9999 -9999 -9999 -9999 -9999 -9999 -9999 -9999 -9999 -9999 -9999 -9999 -9999 -9999 -9999 -9999 -9999 -9999 -9999 -9999 -9999 -9999 -9999 -9999 -9999 -9999 -9999 -9999 -9999 -9999 -9999 -9999 -9999 -9999 -9999 -9999 -9999
32034 31759 31483 31242 30979 30717 30488 30238 30025 29782 29579 29391 29198 29027 28877 28704 28517 28341 28185 28036 27858 27699 27532 27382 27204 27014 26823 26622 26451 26259 26295 26268 -9999 -9999 -9999 -9999 -9999 -9999 -9999 -9999 -9999 -9999 -9999 -9999 -9999 -9999 -9999 -9999 -9999 -9999 -9999 -9999 -9999 -9999 -9999 -9999 -9999 -9999 -9999 -9999 -9999 -9999 -9999 -9999 -9999 -9999 -9999 -9999 -9999 -9999 -9999 -9999 -9999 -9999 -9999 -9999 -9999
31288 31014 30763 30490 30251 30001 29761 29533 29294 29082 28873 28681 28493 28331 28156 27990 27834 27653 27495 27348 27206 27048 26908 26762 26620 26451 26258 26078 25900 25934 25893 -9999 -9999 -9999 -9999 -9999 -9999 -9999 -9999 -9999 -9999 -9999 -9999 -9999 -9999 -9999 -9999 -9999 -9999 -9999 -9999 -9999 -9999 -9999 -9999 -9999 -9999 -9999 -9999 -9999 -9999 -9999 -9999 -9999 -9999 -9999 -9999 -9999 -9999 -9999 -9999 -9999 -9999 -9999 -9999 -9999 -9999
30607 30346 30061 29812 29563 29336 29098 28860 28656 28439 28239 28032 27863 27697 27530 27371 27210 27048 26886 26746 26606 26472 26334 26214 26078 25932 25760 25589 25511 25561 -9999 -9999 -9999 -9999 -9999 -9999 -9999 -9999 -9999 -9999 -9999 -9999 -9999 -9999 -9999 -9999 -9999 -9999 -9999 -9999 -9999 -9999 -9999 -9999 -9999 -9999 -9999 -9999 -9999 -9999 -9999 -9999 -9999 -9999 -9999 -9999 -9999 -9999 -9999 -9999 -9999 -9999 -9999 -9999 -9999 -9999 -9999
29976 29693 29444 29183 28946 28708 28471 28267 28052 27848 27645 27458 27286 27131 26986 26834 26669 26514 26370 26226 26082 25949 25836 25719 25595 25454 25305 25188 25113 -9999 -9999 -9999 -9999 -9999 -9999 -9999 -9999 -9999 -9999 -9999 -9999 -9999 -9999 -9999 -9999 -9999 -9999 -9999 -9999 -9999 -9999 -9999 -9999 -9999 -9999 -9999 -9999 -9999 -9999 -9999 -9999 -9999 -9999 -9999 -9999 -9999 -9999 -9999 -9999 -9999 -9999 -9999 -9999 -9999 -9999 -9999 -9999
29383 29123 28851 28613 28364 28138 27912 27709 27506 27291 27110 26944 26773 26629 26496 26356 26197 26049 25901 25764 25627 25502 25390 25274 25153 25049 24916 24804 24723 -9999 -9999 -9999 -9999 -9999 -9999 -9999 -9999 -9999 -9999 -9999 -9999 -9999 -9999 -9999 -9999 -9999 -9999 -9999 -9999 -9999 -9999 -9999 -9999 -9999 -9999 -9999 -9999 -9999 -9999 -9999 -9999 -9999 -9999 -9999 -9999 -9999 -9999 -9999 -9999 -9999 -9999 -9999 -9999 -9999 -9999 -9999 -9999
28848 28576 28316 28078 27852 27615 27401 27198 27006 26813 26632 26455 26308 26177 26046 25919 25771 25618 25475 25345 25227 25099 24994 24891 24783 24671 24564 24478 24348 -9999 -9999 -9999 -9999 -9999 -9999 -9999 -9999 -9999 -9999 -9999 -9999 -9999 -9999 -9999 -9999 -9999 -9999 -9999 -9999 -9999 -9999 -9999 -9999 -9999 -9999 -9999 -9999 -9999 -9999 -9999 -9999 -9999 -9999 -9999 -9999 -9999 -9999 -9999 -9999 -9999 -9999 -9999 -9999 -9999 -9999 -9999 -9999
28326 28076 27839 27602 27376 27140 26948 26745 26554 26384 26193 26026 25878 25751 25635 25511 25386 25241 25092 24968 24858 24761 24652 24545 24451 24342 24262 24153 24061 23844 -9999 -9999 -9999 -9999 -9999 -9999 -9999 -9999 -9999 -9999 -9999 -9999 -9999 -9999 -9999 -9999 -9999 -9999 -9999 -9999 -9999 -9999 -9999 -9999 -9999 -9999 -9999 -9999 -9999 -9999 -9999 -9999 -9999 -9999 -9999 -9999 -9999 -9999 -9999 -9999 -9999 -9999 -9999 -9999 -9999 -9999 -9999
