ASPA-UH-SWB2_REPO/dynamic_inputs/RO_Rf_Ratios_Dynamic/Data/Gridded_rain/PRISM_ppt_tutuila_30yr_normal_80mM1_07_asc.asc
ncols 381
nrows 202
xllcorner -170.851658
yllcorner -14.379175
cellsize 0.00083333333
NODATA_value -9999
[rows 68 to 101 of 202, columns 231 to 307 of 381]
29147 29140 29149 29200 29268 29337 29387 29434 29463 29483 29495 29489 29455 29415 29342 29281 29214 29145 29063 28979 28867 28743 28586 28416 28197 27972 27697 27414 27088 26732 26367 25982 25565 25139 24681 24203 23738 23214 22635 22023 21562 21193 20860 20515 20199 19910 19636 19366 19109 18878 18669 18494 18337 18204 18084 17985 17899 17824 17760 17714 17677 17659 17628 17602 17588 17550 17542 17521 17512 17486 17481 17476 17457 17455 17455 17464 17452
29144 29148 29175 29213 29288 29354 29408 29467 29522 29561 29574 29588 29579 29529 29501 29443 29391 29325 29255 29158 29053 28916 28756 28549 28327 28066 27797 27466 27137 26765 26385 25962 25542 25078 24606 24146 23643 23105 22464 21890 21439 21057 20708 20381 20065 19759 19477 19224 18968 18721 18514 18339 18200 18068 17941 17835 17766 17700 17644 17591 17579 17546 17531 17513 17492 17485 17462 17449 17440 17437 17416 17411 17407 17404 17411 17404 17393
29080 29128 29170 29218 29280 29357 29415 29468 29532 29588 29619 29650 29650 29630 29592 29568 29518 29460 29376 29285 29155 29013 28826 28625 28376 28110 27804 27478 27111 26746 26327 25899 25440 24972 24483 23996 23489 22896 22238 21686 21259 20884 20536 20193 19887 19581 19308 19030 18775 18547 18341 18168 18022 17891 17774 17677 17601 17544 17482 17462 17435 17419 17405 17396 17375 17376 17369 17356 17348 17344 17338 17325 17327 17323 17322 17329 17318
29001 29065 29130 29201 29270 29332 29413 29473 29540 29600 29660 29682 29697 29694 29674 29636 29607 29534 29456 29338 29191 29032 28850 28610 28365 28060 27747 27393 27030 26626 26213 25746 25281 24785 24303 23777 23225 22578 21997 21448 21023 20673 20329 19987 19664 19377 19087 18810 18557 18330 18135 17964 17820 17690 17582 17479 17413 17358 17321 17287 17277 17254 17257 17249 17252 17231 17240 17242 17234 17222 17224 17224 17218 17213 17217 17207 17195
28854 28954 29035 29138 29217 29302 29385 29467 29536 29600 29668 29700 29704 29712 29692 29669 29625 29566 29460 29325 29160 28993 28782 28545 28260 27957 27604 27242 26850 26450 25997 25547 25031 24552 24029 23509 22901 22229 21652 21174 20792 20450 20087 19745 19423 19110 18821 18563 18312 18088 17887 17735 17592 17473 17359 17274 17209 17164 17130 17105 17089 17091 17080 17088 17085 17087 17082 17092 17091 17087 17088 17095 17080 17073 17074 17070 17049
28642 28782 28889 28988 29109 29225 29327 29405 29489 29558 29613 29661 29682 29665 29658 29629 29578 29501 29397 29254 29079 28862 28641 28395 28112 27768 27405 27014 26614 26185 25736 25245 24757 24225 23708 23118 22469 21844 21271 20843 20538 20169 19808 19467 19137 18834 18547 18264 18041 17820 17631 17473 17349 17223 17168 17046 16999 16956 16924 16909 16895 16898 16912 16898 16905 16908 16926 16922 16928 16931 16931 16930 16928 16919 16918 16902 16887
28393 28531 28688 28813 28949 29088 29190 29298 29379 29455 29516 29559 29585 29581 29557 29521 29451 29365 29252 29089 28905 28688 28447 28170 27866 27523 27140 26740 26322 25873 25405 24907 24389 23862 23314 22650 21985 21384 20865 20531 20206 19861 19501 19153 18825 18524 18247 17993 17746 17545 17358 17211 17073 17051 16952 16878 16805 16734 16711 16690 16694 16699 16699 16711 16711 16723 16734 16745 16744 16754 16754 16745 16748 16744 16733 16728 16695
28080 28261 28427 28590 28742 28874 29009 29106 29207 29291 29347 29396 29416 29426 29394 29339 29260 29165 29021 28859 28654 28437 28174 27887 27562 27198 26806 26397 25959 25503 25004 24499 23973 23439 22801 22129 21482 20896 20450 20173 19867 19517 19168 18821 18504 18206 17948 17696 17461 17245 17087 16934 16921 16838 -9999 16706 16619 16560 16467 16464 16471 16478 16488 16501 16511 16517 16536 16549 16556 16558 16557 16561 16548 16541 16535 16512 16489
27723 27936 28132 28303 28462 28619 28757 28866 28967 29048 29122 29156 29180 29173 29154 29091 29003 28867 28734 28550 28345 28095 27833 27534 27188 26803 26402 25973 25538 25061 24555 24029 23507 22924 22249 21581 20956 20401 20088 19802 19502 19164 18808 18482 18166 17896 17632 17392 17158 16962 16790 16776 16735 -9999 -9999 -9999 -9999 16349 16300 16266 16241 16251 16271 16286 16290 16306 16326 16339 16354 16349 16355 16350 16343 16327 16317 16291 16257
27310 27554 27760 27961 28136 28290 28442 28562 28663 28754 28814 28854 28852 28859 28833 28762 28665 28540 28364 28180 27942 27703 27419 27089 26743 26348 25926 25499 25044 24560 24044 23533 22980 22327 21661 21022 20419 20000 19714 19428 19111 18792 18448 18115 17830 17562 17371 17123 16902 16703 16614 16572 -9999 -9999 -9999 -9999 -9999 -9999 16146 16094 16019 16024 16039 16049 16070 16095 16103 16117 16125 16135 16141 16142 16127 16109 16088 16059 16021
26859 27104 27340 27549 27742 27912 28058 28191 28303 28383 28451 28467 28480 28460 28427 28369 28273 28127 27953 27725 27498 27227 26932 26603 26236 25832 25401 24965 24501 24007 23506 22964 22318 21694 21063 20452 19948 19595 19323 19057 18741 18394 18061 17759 17476 17339 17140 16930 16705 16563 16454 -9999 -9999 -9999 -9999 -9999 -9999 -9999 -9999 -9999 15790 15780 15808 15828 15844 15857 15873 15889 15906 15909 15914 15908 15899 15879 15856 15824 15790
26351 26605 26872 27089 27278 27463 27613 27749 27862 27962 28009 28031 28030 28004 27964 27908 27793 27649 27465 27238 26968 26687 26394 26065 25679 25254 24825 24380 23906 23426 22906 22258 21643 21020 20459 19890 19509 19193 18919 18669 18341 17989 17676 17394 17302 17163 -9999 -9999 -9999 -9999 -9999 -9999 -9999 -9999 -9999 -9999 -9999 -9999 -9999 -9999 15492 15544 15562 15585 15612 15634 15645 15655 15666 15684 15683 15669 15666 15652 15621 15586 15549
25816 26079 26333 26557 26763 26943 27118 27257 27371 27451 27516 27535 27530 27499 27442 27358 27256 27104 26900 26664 26396 26105 25792 25455 25058 24634 24207 23753 23282 22783 22146 21563 20939 20387 19836 19422 19062 18781 18522 18235 17924 17592 17301 17114 17054 -9999 -9999 -9999 -9999 -9999 -9999 -9999 -9999 -9999 -9999 -9999 -9999 -9999 -9999 15121 15251 15293 15324 15350 15372 15389 15417 15429 15434 15439 15445 15439 15428 15406 15374 15351 15304
25232 25515 25756 25987 26188 26383 26563 26705 26831 26910 26963 26991 26960 26925 26872 26771 26651 26492 26280 26035 25769 25470 25159 24790 24406 23984 23538 23098 22629 22014 21432 20830 20281 19750 19346 18977 18642 18359 18097 17821 17499 17207 16946 16874 -9999 -9999 -9999 -9999 -9999 -9999 -9999 -9999 -9999 -9999 -9999 -9999 -9999 -9999 14880 14942 15020 15052 15079 15115 15140 15160 15176 15190 15211 15210 15202 15204 15186 15156 15143 15098 15056
24619 24912 25161 25377 25585 25785 25958 26113 26229 26308 26350 26365 26352 26302 26234 26126 25990 25823 25614 25373 25088 24803 24472 24116 23712 23293 22861 22381 21846 21285 20705 20169 19631 19239 18890 18560 18237 17935 17691 17396 17103 16795 16717 16592 -9999 -9999 -9999 -9999 -9999 -9999 -9999 -9999 -9999 -9999 -9999 -9999 -9999 14628 14692 14772 14791 14819 14849 14873 14901 14938 14950 14959 14974 14974 14975 14963 14945 14929 14894 14855 14811
24012 24281 24537 24761 24964 25137 25324 25460 25568 25647 25698 25690 25685 25642 25537 25446 25303 25119 24914 24654 24384 24079 23762 23386 22985 22570 22067 21567 21054 20536 20025 19500 19130 18791 18451 18139 17835 17551 17273 16980 16680 16613 16445 -9999 -9999 -9999 -9999 -9999 -9999 -9999 -9999 -9999 -9999 -9999 -9999 -9999 14513 14516 14520 14541 14570 14594 14619 14654 14684 14703 14724 14742 14745 14754 14742 14737 14720 14697 14662 14622 14577
23370 23634 23897 24116 24292 24481 24638 24778 24865 24946 24976 24998 24980 24923 24835 24718 24570 24391 24167 23911 23633 23343 22996 22635 22195 21709 21228 20739 20274 19812 19348 19000 18665 18345 18055 17750 17443 17161 16856 16555 16485 16329 -9999 -9999 -9999 -9999 -9999 -9999 -9999 -9999 -9999 -9999 -9999 -9999 -9999 -9999 -9999 14405 14368 14317 14350 14377 14412 14442 14460 14489 14505 14519 14530 14527 14538 14513 14496 14466 14431 14397 14345
22692 22974 23221 23423 23614 23785 23936 24045 24156 24204 24256 24267 24237 24177 24096 23963 23811 23625 23396 23144 22870 22553 22179 21784 21333 20861 20409 19972 19539 19158 18841 18529 18228 17943 17672 17388 17054 16736 16441 16356 16197 -9999 -9999 -9999 -9999 -9999 -9999 -9999 -9999 -9999 -9999 -9999 -9999 -9999 -9999 -9999 -9999 -9999 14198 14178 14138 14167 14205 14223 14259 14275 14287 14303 14309 14322 14306 14304 14273 14244 14209 14161 14115
22025 22290 22522 22717 22912 23076 23208 23329 23409 23469 23509 23509 23466 23414 23319 23172 23014 22824 22602 22356 22024 21682 21280 20857 20475 20070 19654 19252 18949 18664 18367 18089 17823 17577 17313 17020 16662 16331 16217 16065 -9999 -9999 -9999 -9999 -9999 -9999 -9999 -9999 -9999 -9999 -9999 -9999 -9999 -9999 -9999 -9999 -9999 -9999 -9999 14015 13999 13972 13999 14019 14051 14077 14084 14095 14103 14103 14103 14081 14073 14030 13988 13948 13902
21344 21595 21820 22020 22186 22332 22477 22589 22659 22709 22727 22725 22702 22615 22508 22367 22205 22011 21755 21458 21106 20746 20411 20021 19650 19332 19004 18732 18464 18198 17948 17695 17455 17238 16998 16621 16283 16125 15949 -9999 -9999 -9999 -9999 -9999 -9999 -9999 -9999 -9999 -9999 -9999 -9999 -9999 -9999 -9999 -9999 -9999 -9999 -9999 -9999 -9999 13846 13840 13800 13838 13857 13879 13896 13902 13905 13914 13894 13880 13852 13832 13791 13743 13697
20609 20880 21094 21263 21459 21607 21733 21815 21897 21936 21955 21941 21895 21817 21645 21525 21353 21130 20837 20529 20248 19907 19571 19287 18999 18751 18512 18265 18021 17786 17560 17400 17133 16932 16645 16247 16086 15887 -9999 -9999 -9999 -9999 -9999 -9999 -9999 -9999 -9999 -9999 -9999 -9999 -9999 -9999 -9999 -9999 -9999 -9999 -9999 -9999 -9999 -9999 -9999 13688 13680 13658 13679 13704 13716 13724 13729 13719 13714 13688 13661 13642 13608 13562 13542
19863 20091 20294 20483 20666 20841 20945 21039 21080 21130 21138 21124 21067 20939 20799 20613 20430 20213 19995 19716 19423 19173 18920 18712 18496 18280 18057 17839 17632 17475 17322 17099 16900 16648 16331 16126 15820 -9999 -9999 -9999 -9999 -9999 -9999 -9999 -9999 -9999 -9999 -9999 -9999 -9999 -9999 -9999 -9999 -9999 -9999 -9999 -9999 -9999 -9999 -9999 -9999 -9999 13554 13540 13516 13536 13550 13554 13554 13553 13528 13510 13485 13467 13461 13443 13418
19181 19356 19531 19693 19857 19999 20134 20192 20244 20261 20281 20259 20167 20044 19890 19739 19566 19404 19203 18995 18767 18602 18425 18232 18044 17842 17655 17460 17380 17286 17115 -9999 16710 16406 16234 15951 -9999 -9999 -9999 -9999 -9999 -9999 -9999 -9999 -9999 -9999 -9999 -9999 -9999 -9999 -9999 -9999 -9999 -9999 -9999 -9999 -9999 -9999 -9999 -9999 -9999 -9999 -9999 13421 13410 13404 13385 13391 13393 13387 13365 13334 13347 13343 13358 13370 -9999
18659 18763 18869 19002 19130 19249 19313 19364 19389 19415 19404 19391 19347 19233 19117 18962 18867 18753 18587 18438 18286 18124 17967 17808 17627 17465 17292 17261 17181 -9999 -9999 -9999 -9999 -9999 -9999 -9999 -9999 -9999 -9999 -9999 -9999 -9999 -9999 -9999 -9999 -9999 -9999 -9999 -9999 -9999 -9999 -9999 -9999 -9999 -9999 -9999 -9999 -9999 -9999 -9999 -9999 -9999 -9999 -9999 13324 13297 13272 13243 13240 13228 13208 13221 13227 13263 -9999 -9999 -9999
18247 18330 18403 18463 18576 18636 18684 18711 18739 18728 18730 18707 18670 18618 18494 18419 18329 18228 18115 17991 17856 17704 17572 17425 17283 17127 17105 17037 -9999 -9999 -9999 -9999 -9999 -9999 -9999 -9999 -9999 -9999 -9999 -9999 -9999 -9999 -9999 -9999 -9999 -9999 -9999 -9999 -9999 -9999 -9999 -9999 -9999 -9999 -9999 -9999 -9999 -9999 -9999 -9999 -9999 -9999 -9999 -9999 -9999 -9999 13170 13144 13094 13104 13115 13116 -9999 -9999 -9999 -9999 -9999
17906 17976 18027 18075 18127 18173 18202 18231 18234 18238 18215 18195 18161 18108 18049 17976 17894 17800 17708 17593 17467 17352 17224 17101 16974 16961 16894 -9999 -9999 -9999 -9999 -9999 -9999 -9999 -9999 -9999 -9999 -9999 -9999 -9999 -9999 -9999 -9999 -9999 -9999 -9999 -9999 -9999 -9999 -9999 -9999 -9999 -9999 -9999 -9999 -9999 -9999 -9999 -9999 -9999 -9999 -9999 -9999 -9999 -9999 -9999 -9999 13035 13022 13026 13027 -9999 -9999 -9999 -9999 -9999 -9999
17607 17652 17699 17737 17776 17806 17832 17845 17846 17837 17822 17788 17749 17706 17658 17584 17506 17427 17342 17252 17142 17036 16929 16819 16812 16762 -9999 -9999 -9999 -9999 -9999 -9999 -9999 -9999 -9999 -9999 -9999 -9999 -9999 -9999 -9999 -9999 -9999 -9999 -9999 -9999 -9999 -9999 -9999 -9999 -9999 -9999 -9999 -9999 -9999 -9999 -9999 -9999 -9999 -9999 -9999 -9999 -9999 -9999 -9999 -9999 -9999 -9999 12975 -9999 -9999 -9999 -9999 -9999 -9999 -9999 -9999
17341 17376 17407 17436 17466 17492 17502 17514 17502 17494 17466 17434 17398 17363 17311 17244 17177 17109 17029 16948 16868 16771 16677 16672 16628 -9999 -9999 -9999 -9999 -9999 -9999 -9999 -9999 -9999 -9999 -9999 -9999 -9999 -9999 -9999 -9999 -9999 -9999 -9999 -9999 -9999 -9999 -9999 -9999 -9999 -9999 -9999 -9999 -9999 -9999 -9999 -9999 -9999 -9999 -9999 -9999 -9999 -9999 -9999 -9999 -9999 -9999 -9999 -9999 -9999 -9999 -9999 -9999 -9999 -9999 -9999 -9999
17104 17130 17149 17174 17196 17209 17222 17210 17205 17184 17163 17133 17094 17055 17012 16960 16895 16834 16802 16732 16654 16578 16544 16507 -9999 -9999 -9999 -9999 -9999 -9999 -9999 -9999 -9999 -9999 -9999 -9999 -9999 -9999 -9999 -9999 -9999 -9999 -9999 -9999 -9999 -9999 -9999 -9999 -9999 -9999 -9999 -9999 -9999 -9999 -9999 -9999 -9999 -9999 -9999 -9999 -9999 -9999 -9999 -9999 -9999 -9999 -9999 -9999 -9999 -9999 -9999 -9999 -9999 -9999 -9999 -9999 -9999
16905 16919 16930 16948 16958 16968 16965 16995 16942 16927 16902 16873 16842 16832 16796 16751 16666 16658 16631 16586 16520 16474 16430 -9999 -9999 -9999 -9999 -9999 -9999 -9999 -9999 -9999 -9999 -9999 -9999 -9999 -9999 -9999 -9999 -9999 -9999 -9999 -9999 -9999 -9999 -9999 -9999 -9999 -9999 -9999 -9999 -9999 -9999 -9999 -9999 -9999 -9999 -9999 -9999 -9999 -9999 -9999 -9999 -9999 -9999 -9999 -9999 -9999 -9999 -9999 -9999 -9999 -9999 -9999 -9999 -9999 -9999
16743 16743 16752 16750 16754 16758 16802 16791 16781 16711 16711 16684 16680 16673 16654 16580 16557 16533 -9999 -9999 -9999 -9999 -9999 -9999 -9999 -9999 -9999 -9999 -9999 -9999 -9999 -9999 -9999 -9999 -9999 -9999 -9999 -9999 -9999 -9999 -9999 -9999 -9999 -9999 -9999 -9999 -9999 -9999 -9999 -9999 -9999 -9999 -9999 -9999 -9999 -9999 -9999 -9999 -9999 -9999 -9999 -9999 -9999 -9999 -9999 -9999 -9999 -9999 -9999 -9999 -9999 -9999 -9999 -9999 -9999 -9999 -9999
16619 16620 16593 16609 16605 16631 16643 -9999 16610 16595 16575 16590 16577 -9999 -9999 -9999 16466 -9999 -9999 -9999 -9999 -9999 -9999 -9999 -9999 -9999 -9999 -9999 -9999 -9999 -9999 -9999 -9999 -9999 -9999 -9999 -9999 -9999 -9999 -9999 -9999 -9999 -9999 -9999 -9999 -9999 -9999 -9999 -9999 -9999 -9999 -9999 -9999 -9999 -9999 -9999 -9999 -9999 -9999 -9999 -9999 -9999 -9999 -9999 -9999 -9999 -9999 -9999 -9999 -9999 -9999 -9999 -9999 -9999 -9999 -9999 -9999
16538 16514 16505 16498 16528 16526 -9999 -9999 -9999 16519 -9999 -9999 -9999 -9999 -9999 -9999 -9999 -9999 -9999 -9999 -9999 -9999 -9999 -9999 -9999 -9999 -9999 -9999 -9999 -9999 -9999 -9999 -9999 -9999 -9999 -9999 -9999 -9999 -9999 -9999 -9999 -9999 -9999 -9999 -9999 -9999 -9999 -9999 -9999 -9999 -9999 -9999 -9999 -9999 -9999 -9999 -9999 -9999 -9999 -9999 -9999 -9999 -9999 -9999 -9999 -9999 -9999 -9999 -9999 -9999 -9999 -9999 -9999 -9999 -9999 -9999 -9999
-9999 -9999 16453 -9999 -9999 -9999 -9999 -9999 -9999 -9999 -9999 -9999 -9999 -9999 -9999 -9999 -9999 -9999 -9999 -9999 -9999 -9999 -9999 -9999 -9999 -9999 -9999 -9999 -9999 -9999 -9999 -9999 -9999 -9999 -9999 -9999 -9999 -9999 -9999 -9999 -9999 -9999 -9999 -9999 -9999 -9999 -9999 -9999 -9999 -9999 -9999 -9999 -9999 -9999 -9999 -9999 -9999 -9999 -9999 -9999 -9999 -9999 -9999 -9999 -9999 -9999 -9999 -9999 -9999 -9999 -9999 -9999 -9999 -9999 -9999 -9999 -9999
