ASPA-UH-SWB2_REPO/dynamic_inputs/RO_Rf_Ratios_Dynamic/Data/Gridded_rain/PRISM_ppt_tutuila_30yr_normal_80mM1_11_asc.asc
ncols 381
nrows 202
xllcorner -170.851658
yllcorner -14.379175
cellsize 0.00083333333
NODATA_value -9999
[rows 102 to 135 of 202, columns 154 to 230 of 381]
49724 50067 50391 50713 50995 51256 51487 51678 51839 51987 52081 52166 52206 52210 52197 52146 52081 52007 51930 51806 51671 51477 51262 50992 50699 50357 49975 49559 49106 48623 48091 47521 46902 46248 45528 44776 44009 43219 42411 41570 40711 39829 38929 38003 37075 36129 35192 34251 33361 32489 31665 30876 30149 29463 28844 28267 27731 27226 26800 26417 26123 25935 -9999 -9999 -9999 -9999 -9999 -9999 -9999 -9999 -9999 -9999 -9999 -9999 -9999 -9999 -9999
49856 50174 50481 50770 51037 51274 51481 51650 51797 51906 52005 52052 52076 52073 52035 51969 51877 51791 51686 51577 51406 51205 50966 50696 50368 50024 49630 49184 48726 48220 47680 47087 46471 45794 45078 44325 43551 42766 41967 41147 40301 39434 38542 37659 36745 35840 34889 33991 33111 32262 31457 30711 29978 29308 28690 28125 27590 27109 26658 26286 26035 25902 -9999 -9999 -9999 -9999 -9999 -9999 -9999 -9999 -9999 -9999 -9999 -9999 -9999 -9999 -9999
49903 50195 50488 50743 50987 51201 51377 51541 51659 51757 51835 51878 51881 51863 51802 51711 51607 51492 51380 51241 51073 50850 50603 50307 49986 49616 49211 48769 48281 47761 47197 46615 45967 45294 44574 43822 43051 42272 41493 40673 39848 38992 38147 37262 36388 35477 34578 33687 32842 32013 31240 30477 29786 29131 28539 27963 27429 26961 26535 26205 26004 -9999 -9999 -9999 -9999 -9999 -9999 -9999 -9999 -9999 -9999 -9999 -9999 -9999 -9999 -9999 -9999
49873 50140 50399 50630 50842 51035 51207 51342 51447 51534 51584 51607 51605 51566 51483 51374 51250 51121 50983 50826 50637 50415 50145 49849 49511 49130 48714 48259 47766 47224 46664 46058 45424 44736 44023 43266 42526 41757 40965 40174 39358 38534 37693 36854 35982 35107 34225 33365 32529 31743 30965 30258 29572 28946 28344 27806 27286 26820 26395 26167 25978 -9999 -9999 -9999 -9999 -9999 -9999 -9999 -9999 -9999 -9999 -9999 -9999 -9999 -9999 -9999 -9999
49747 49989 50224 50441 50630 50800 50951 51065 51150 51216 51247 51250 51237 51176 51078 50954 50810 50655 50508 50332 50125 49873 49612 49300 48945 48562 48134 47668 47153 46632 46050 45449 44798 44135 43407 42689 41941 41190 40423 39638 38839 38036 37218 36390 35562 34699 33853 33014 32209 31430 30695 30006 29363 28741 28178 27631 27150 26686 26429 26135 -9999 -9999 -9999 -9999 -9999 -9999 -9999 -9999 -9999 -9999 -9999 -9999 -9999 -9999 -9999 -9999 -9999
49544 49769 49970 50153 50328 50476 50606 50698 50762 50799 50809 50811 50770 50696 50592 50454 50291 50119 49946 49751 49514 49261 48976 48657 48301 47909 47479 47000 46490 45948 45388 44763 44128 43448 42759 42049 41321 40596 39845 39074 38292 37508 36720 35922 35102 34274 33444 32646 31871 31111 30395 29736 29121 28551 27981 27461 26983 26719 26409 -9999 -9999 -9999 -9999 -9999 -9999 -9999 -9999 -9999 -9999 -9999 -9999 -9999 -9999 -9999 -9999 -9999 -9999
49253 49452 49636 49794 49917 50060 50158 50228 50271 50288 50296 50268 50216 50140 50022 49868 49688 49512 49312 49080 48833 48557 48261 47932 47576 47184 46743 46271 45758 45222 44640 44041 43398 42738 42046 41356 40665 39962 39226 38480 37715 36949 36187 35406 34615 33808 33017 32249 31504 30774 30089 29459 28873 28295 27777 27273 27001 26677 -9999 -9999 -9999 -9999 -9999 -9999 -9999 -9999 -9999 -9999 -9999 -9999 -9999 -9999 -9999 -9999 -9999 -9999 -9999
48883 49046 49202 49325 49442 49542 49626 49663 49694 49707 49684 49645 49581 49492 49372 49202 49015 48822 48597 48354 48085 47789 47480 47147 46771 46378 45944 45462 44966 44428 43865 43259 42625 41971 41319 40648 39968 39279 38575 37855 37115 36365 35616 34861 34088 33327 32576 31836 31120 30421 29764 29163 28582 28056 27530 27260 26918 -9999 -9999 -9999 -9999 -9999 -9999 -9999 -9999 -9999 -9999 -9999 -9999 -9999 -9999 -9999 -9999 -9999 -9999 -9999 -9999
48434 48568 48678 48783 48873 48958 49007 49039 49045 49025 48999 48947 48869 48759 48616 48451 48267 48047 47821 47562 47282 46973 46642 46289 45919 45523 45080 44605 44110 43581 43028 42441 41815 41199 40555 39906 39249 38573 37893 37197 36481 35750 35028 34286 33557 32821 32109 31408 30733 30063 29435 28839 28309 27777 27495 27148 -9999 -9999 -9999 -9999 -9999 -9999 -9999 -9999 -9999 -9999 -9999 -9999 -9999 -9999 -9999 -9999 -9999 -9999 -9999 -9999 -9999
47892 47997 48088 48165 48237 48285 48317 48333 48303 48277 48236 48160 48059 47945 47787 47618 47418 47191 46964 46704 46400 46101 45760 45395 45015 44609 44173 43707 43220 42709 42158 41577 40997 40398 39776 39140 38497 37843 37196 36523 35828 35120 34408 33707 32998 32313 31616 30976 30319 29754 29136 28534 28054 27734 27372 -9999 -9999 -9999 -9999 -9999 -9999 -9999 -9999 -9999 -9999 -9999 -9999 -9999 -9999 -9999 -9999 -9999 -9999 -9999 -9999 -9999 -9999
47284 47359 47420 47468 47522 47550 47564 47532 47495 47443 47385 47293 47186 47046 46883 46698 46483 46268 46034 45773 45476 45154 44815 44460 44071 43673 43235 42778 42289 41810 41274 40719 40155 39571 38973 38370 37740 37118 36483 35841 35157 34480 33794 33111 32451 31779 31142 30508 30065 29506 28833 28329 27998 27625 -9999 -9999 -9999 -9999 -9999 -9999 -9999 -9999 -9999 -9999 -9999 -9999 -9999 -9999 -9999 -9999 -9999 -9999 -9999 -9999 -9999 -9999 -9999
46612 46665 46685 46713 46726 46745 46729 46679 46613 46552 46457 46366 46232 46084 45903 45711 45498 45286 45045 44764 44484 44158 43814 43463 43094 42685 42258 41811 41347 40865 40364 39835 39286 38717 38153 37573 36975 36365 35760 35128 34484 33821 33163 32526 31879 31266 30645 30352 29949 -9999 -9999 28195 -9999 -9999 -9999 -9999 -9999 -9999 -9999 -9999 -9999 -9999 -9999 -9999 -9999 -9999 -9999 -9999 -9999 -9999 -9999 -9999 -9999 -9999 -9999 -9999 -9999
45885 45886 45905 45900 45892 45870 45834 45763 45687 45587 45492 45372 45218 45051 44871 44669 44456 44234 43982 43720 43418 43109 42780 42423 42047 41673 41250 40810 40373 39908 39415 38913 38379 37853 37313 36747 36180 35609 35005 34402 33781 33144 32530 31917 31328 30731 30459 30075 -9999 -9999 -9999 -9999 -9999 -9999 -9999 -9999 -9999 -9999 -9999 -9999 -9999 -9999 -9999 -9999 -9999 -9999 -9999 -9999 -9999 -9999 -9999 -9999 -9999 -9999 -9999 -9999 -9999
45116 45094 45069 45042 45001 44957 44879 44806 44710 44588 44473 44333 44168 43990 43789 43585 43370 43124 42878 42602 42307 42005 41694 41343 40996 40621 40218 39786 39368 38922 38466 37970 37472 36960 36443 35917 35380 34810 34245 33654 33070 32477 31897 31331 30767 30522 30165 -9999 -9999 -9999 -9999 -9999 -9999 -9999 -9999 -9999 -9999 -9999 -9999 -9999 -9999 -9999 -9999 -9999 -9999 -9999 -9999 -9999 -9999 -9999 -9999 -9999 -9999 -9999 -9999 -9999 -9999
44294 44258 44200 44139 44075 43987 43895 43800 43681 43557 43410 43259 43082 42892 42689 42483 42243 42003 41732 41461 41174 40889 40577 40267 39920 39556 39163 38772 38353 37935 37496 37036 36563 36085 35579 35085 34568 34017 33475 32932 32370 31811 31277 30747 30542 30206 -9999 -9999 -9999 -9999 -9999 -9999 -9999 -9999 -9999 -9999 -9999 -9999 -9999 -9999 -9999 -9999 -9999 -9999 -9999 -9999 -9999 -9999 -9999 -9999 -9999 -9999 -9999 -9999 -9999 -9999 -9999
43427 43367 43295 43220 43122 43000 42895 42766 42633 42496 42335 42160 41971 41779 41575 41368 41127 40863 40600 40318 40049 39773 39479 39169 38841 38485 38131 37739 37348 36948 36536 36101 35662 35195 34732 34247 33752 33236 32722 32212 31695 31180 30659 30477 30180 -9999 -9999 -9999 -9999 -9999 -9999 -9999 -9999 -9999 -9999 -9999 -9999 -9999 -9999 -9999 -9999 -9999 -9999 -9999 -9999 -9999 -9999 -9999 -9999 -9999 -9999 -9999 -9999 -9999 -9999 -9999 -9999
42534 42450 42363 42265 42132 42006 41877 41734 41578 41407 41243 41056 40865 40663 40458 40251 40012 39749 39487 39215 38944 38677 38392 38098 37777 37448 37090 36735 36361 35985 35588 35187 34749 34325 33882 33421 32942 32476 31995 31518 31035 30544 30375 30088 -9999 -9999 -9999 -9999 -9999 -9999 -9999 -9999 -9999 -9999 -9999 -9999 -9999 -9999 -9999 -9999 -9999 -9999 -9999 -9999 -9999 -9999 -9999 -9999 -9999 -9999 -9999 -9999 -9999 -9999 -9999 -9999 -9999
41637 41507 41407 41284 41148 41008 40846 40691 40523 40352 40156 39978 39767 39564 39359 39143 38904 38663 38403 38142 37881 37611 37343 37047 36753 36429 36098 35756 35406 35033 34667 34266 33882 33459 33052 32607 32179 31724 31400 30957 30405 30241 29975 -9999 -9999 -9999 -9999 -9999 -9999 -9999 -9999 -9999 -9999 -9999 -9999 -9999 -9999 -9999 -9999 -9999 -9999 -9999 -9999 -9999 -9999 -9999 -9999 -9999 -9999 -9999 -9999 -9999 -9999 -9999 -9999 -9999 -9999
40708 40584 40439 40312 40163 40002 39829 39654 39496 39295 39122 38914 38713 38498 38282 38065 37834 37604 37354 37103 36853 36603 36334 36056 35757 35459 35131 34804 34474 34132 33746 33388 33015 32630 32229 31847 31428 31232 30900 30398 30131 29839 -9999 -9999 -9999 -9999 -9999 -9999 -9999 -9999 -9999 -9999 -9999 -9999 -9999 -9999 -9999 -9999 -9999 -9999 -9999 -9999 -9999 -9999 -9999 -9999 -9999 -9999 -9999 -9999 -9999 -9999 -9999 -9999 -9999 -9999 -9999
39823 39652 39501 39341 39179 39006 38823 38648 38451 38283 38081 37895 37685 37471 37234 37025 36803 36572 36340 36098 35858 35606 35355 35094 34802 34498 34203 33889 33573 33232 32891 32537 32191 31834 31485 31101 31035 30837 -9999 -9999 29758 -9999 -9999 -9999 -9999 -9999 -9999 -9999 -9999 -9999 -9999 -9999 -9999 -9999 -9999 -9999 -9999 -9999 -9999 -9999 -9999 -9999 -9999 -9999 -9999 -9999 -9999 -9999 -9999 -9999 -9999 -9999 -9999 -9999 -9999 -9999 -9999
38915 38738 38561 38384 38208 38013 37828 37632 37448 37251 37083 36881 36686 36464 36249 36031 35821 35587 35352 35127 34881 34646 34390 34145 33878 33579 33289 33010 32698 32386 32071 31746 31410 31103 30751 30705 30542 -9999 -9999 -9999 -9999 -9999 -9999 -9999 -9999 -9999 -9999 -9999 -9999 -9999 -9999 -9999 -9999 -9999 -9999 -9999 -9999 -9999 -9999 -9999 -9999 -9999 -9999 -9999 -9999 -9999 -9999 -9999 -9999 -9999 -9999 -9999 -9999 -9999 -9999 -9999 -9999
38037 37821 37627 37445 37245 37046 36848 36651 36455 36271 36074 35907 35694 35498 35288 35085 34864 34651 34413 34173 33942 33711 33481 33230 32968 32706 32423 32151 31889 31584 31289 30994 30697 30377 30214 30219 -9999 -9999 -9999 -9999 -9999 -9999 -9999 -9999 -9999 -9999 -9999 -9999 -9999 -9999 -9999 -9999 -9999 -9999 -9999 -9999 -9999 -9999 -9999 -9999 -9999 -9999 -9999 -9999 -9999 -9999 -9999 -9999 -9999 -9999 -9999 -9999 -9999 -9999 -9999 -9999 -9999
37167 36936 36719 36523 36320 36117 35916 35706 35506 35317 35119 34929 34749 34546 34351 34149 33943 33732 33505 33275 33052 32827 32602 32367 32122 31877 31612 31359 31094 30840 30553 30276 30009 29759 29605 -9999 -9999 -9999 -9999 -9999 -9999 -9999 -9999 -9999 -9999 -9999 -9999 -9999 -9999 -9999 -9999 -9999 -9999 -9999 -9999 -9999 -9999 -9999 -9999 -9999 -9999 -9999 -9999 -9999 -9999 -9999 -9999 -9999 -9999 -9999 -9999 -9999 -9999 -9999 -9999 -9999 -9999
36315 36082 35862 35654 35436 35228 35022 34806 34610 34395 34200 34007 33813 33630 33434 33248 33047 32840 32628 32423 32212 31997 31781 31575 31336 31086 30860 30614 30379 30122 29875 29617 29347 29148 29134 -9999 -9999 -9999 -9999 -9999 -9999 -9999 -9999 -9999 -9999 -9999 -9999 -9999 -9999 -9999 -9999 -9999 -9999 -9999 -9999 -9999 -9999 -9999 -9999 -9999 -9999 -9999 -9999 -9999 -9999 -9999 -9999 -9999 -9999 -9999 -9999 -9999 -9999 -9999 -9999 -9999 -9999
35520 35274 35050 34818 34605 34382 34150 33968 33746 33525 33325 33117 32940 32754 32568 32382 32195 31993 31809 31618 31422 31221 31027 30819 30610 30390 30147 29938 29700 29472 29233 29005 28776 28746 28676 -9999 -9999 -9999 -9999 -9999 -9999 -9999 -9999 -9999 -9999 -9999 -9999 -9999 -9999 -9999 -9999 -9999 -9999 -9999 -9999 -9999 -9999 -9999 -9999 -9999 -9999 -9999 -9999 -9999 -9999 -9999 -9999 -9999 -9999 -9999 -9999 -9999 -9999 -9999 -9999 -9999 -9999
34751 34501 34251 34022 33794 33568 33354 33131 32927 32704 32499 32298 32118 31940 31753 31577 31399 31220 31029 30865 30684 30507 30306 30131 29941 29730 29517 29282 29091 28869 28650 28441 28438 28372 -9999 -9999 -9999 -9999 -9999 -9999 -9999 -9999 -9999 -9999 -9999 -9999 -9999 -9999 -9999 -9999 -9999 -9999 -9999 -9999 -9999 -9999 -9999 -9999 -9999 -9999 -9999 -9999 -9999 -9999 -9999 -9999 -9999 -9999 -9999 -9999 -9999 -9999 -9999 -9999 -9999 -9999 -9999
33990 33742 33496 33253 33013 32787 32573 32362 32142 31951 31729 31544 31352 31182 31012 30844 30656 30497 30326 30153 29997 29824 29667 29495 29308 29128 28922 28728 28501 28317 28124 28123 28065 -9999 -9999 -9999 -9999 -9999 -9999 -9999 -9999 -9999 -9999 -9999 -9999 -9999 -9999 -9999 -9999 -9999 -9999 -9999 -9999 -9999 -9999 -9999 -9999 -9999 -9999 -9999 -9999 -9999 -9999 -9999 -9999 -9999 -9999 -9999 -9999 -9999 -9999 -9999 -9999 -9999 -9999 -9999 -9999
33268 33005 32745 32519 32280 32045 31843 31627 31441 31225 31036 30855 30660 30487 30334 30163 29983 29813 29662 29520 29354 29205 29052 28912 28749 28569 28386 28189 28014 27816 27821 27767 -9999 -9999 -9999 -9999 -9999 -9999 -9999 -9999 -9999 -9999 -9999 -9999 -9999 -9999 -9999 -9999 -9999 -9999 -9999 -9999 -9999 -9999 -9999 -9999 -9999 -9999 -9999 -9999 -9999 -9999 -9999 -9999 -9999 -9999 -9999 -9999 -9999 -9999 -9999 -9999 -9999 -9999 -9999 -9999 -9999
32572 32308 32068 31814 31596 31373 31164 30970 30769 30586 30401 30222 30039 29874 29699 29536 29383 29209 29057 28914 28779 28630 28499 28363 28231 28074 27893 27719 27541 27551 27488 -9999 -9999 -9999 -9999 -9999 -9999 -9999 -9999 -9999 -9999 -9999 -9999 -9999 -9999 -9999 -9999 -9999 -9999 -9999 -9999 -9999 -9999 -9999 -9999 -9999 -9999 -9999 -9999 -9999 -9999 -9999 -9999 -9999 -9999 -9999 -9999 -9999 -9999 -9999 -9999 -9999 -9999 -9999 -9999 -9999 -9999
31933 31681 31417 31188 30964 30764 30558 30354 30183 30004 29831 29643 29479 29310 29144 28989 28833 28678 28522 28386 28251 28123 27992 27878 27749 27614 27453 27291 27211 27236 -9999 -9999 -9999 -9999 -9999 -9999 -9999 -9999 -9999 -9999 -9999 -9999 -9999 -9999 -9999 -9999 -9999 -9999 -9999 -9999 -9999 -9999 -9999 -9999 -9999 -9999 -9999 -9999 -9999 -9999 -9999 -9999 -9999 -9999 -9999 -9999 -9999 -9999 -9999 -9999 -9999 -9999 -9999 -9999 -9999 -9999 -9999
31348 31084 30855 30624 30416 30211 30007 29833 29651 29479 29308 29140 28974 28810 28656 28510 28352 28206 28068 27929 27790 27662 27552 27438 27321 27189 27049 26938 26864 -9999 -9999 -9999 -9999 -9999 -9999 -9999 -9999 -9999 -9999 -9999 -9999 -9999 -9999 -9999 -9999 -9999 -9999 -9999 -9999 -9999 -9999 -9999 -9999 -9999 -9999 -9999 -9999 -9999 -9999 -9999 -9999 -9999 -9999 -9999 -9999 -9999 -9999 -9999 -9999 -9999 -9999 -9999 -9999 -9999 -9999 -9999 -9999
30809 30572 30334 30128 29914 29721 29529 29356 29184 29002 28849 28699 28532 28374 28223 28078 27930 27791 27651 27521 27389 27268 27157 27045 26929 26829 26704 26597 26520 -9999 -9999 -9999 -9999 -9999 -9999 -9999 -9999 -9999 -9999 -9999 -9999 -9999 -9999 -9999 -9999 -9999 -9999 -9999 -9999 -9999 -9999 -9999 -9999 -9999 -9999 -9999 -9999 -9999 -9999 -9999 -9999 -9999 -9999 -9999 -9999 -9999 -9999 -9999 -9999 -9999 -9999 -9999 -9999 -9999 -9999 -9999 -9999
30333 30097 29874 29671 29478 29277 29095 28924 28762 28600 28448 28291 28139 27988 27831 27688 27543 27403 27271 27149 27036 26912 26809 26707 26602 26494 26392 26309 26189 -9999 -9999 -9999 -9999 -9999 -9999 -9999 -9999 -9999 -9999 -9999 -9999 -9999 -9999 -9999 -9999 -9999 -9999 -9999 -9999 -9999 -9999 -9999 -9999 -9999 -9999 -9999 -9999 -9999 -9999 -9999 -9999 -9999 -9999 -9999 -9999 -9999 -9999 -9999 -9999 -9999 -9999 -9999 -9999 -9999 -9999 -9999 -9999
29883 29669 29467 29266 29074 28874 28713 28542 28382 28240 28079 27935 27786 27629 27476 27327 27195 27061 26928 26813 26709 26614 26508 26404 26311 26205 26126 26022 25935 25739 -9999 -9999 -9999 -9999 -9999 -9999 -9999 -9999 -9999 -9999 -9999 -9999 -9999 -9999 -9999 -9999 -9999 -9999 -9999 -9999 -9999 -9999 -9999 -9999 -9999 -9999 -9999 -9999 -9999 -9999 -9999 -9999 -9999 -9999 -9999 -9999 -9999 -9999 -9999 -9999 -9999 -9999 -9999 -9999 -9999 -9999 -9999
