ASPA-UH-SWB2_REPO/dynamic_inputs/RO_Rf_Ratios_Dynamic/Data/Gridded_rain/PRISM_ppt_tutuila_30yr_normal_80mM1_09_asc.asc
ncols 381
nrows 202
xllcorner -170.851658
yllcorner -14.379175
cellsize 0.00083333333
NODATA_value -9999
[rows 102 to 135 of 202, columns 0 to 76 of 381]
-9999 -9999 -9999 -9999 -9999 -9999 -9999 -9999 -9999 -9999 -9999 -9999 -9999 -9999 -9999 -9999 -9999 -9999 -9999 -9999 -9999 -9999 -9999 -9999 -9999 -9999 -9999 -9999 -9999 -9999 -9999 -9999 -9999 -9999 -9999 17770 17924 18016 18342 18664 -9999 -9999 19838 19931 20244 20618 20992 21369 21771 22174 22569 22981 23378 23786 24204 24613 25009 25388 25762 26120 26470 26804 27114 27399 27650 27891 28134 28342 28531 28703 28848 28949 29041 29107 29180 29227 29264
-9999 -9999 -9999 -9999 -9999 -9999 -9999 -9999 -9999 -9999 -9999 -9999 -9999 -9999 -9999 -9999 -9999 -9999 -9999 -9999 -9999 -9999 -9999 -9999 -9999 -9999 -9999 -9999 -9999 -9999 -9999 -9999 -9999 17666 17816 17971 18118 18429 18724 19132 19505 19910 20104 20393 20767 21167 21568 21963 22374 22794 23230 23651 24073 24499 24936 25359 25776 26186 26573 26960 27323 27669 27999 28296 28574 28826 29071 29298 29490 29681 29820 29942 30044 30130 30189 30255 30303
-9999 -9999 -9999 -9999 -9999 -9999 -9999 -9999 -9999 -9999 -9999 -9999 -9999 -9999 -9999 -9999 -9999 -9999 -9999 -9999 -9999 -9999 -9999 -9999 -9999 -9999 -9999 -9999 -9999 -9999 -9999 -9999 17702 17843 18000 18219 18522 18833 19161 19481 19898 20254 20535 20916 21316 21726 22137 22563 22991 23435 23890 24329 24770 25224 25674 26111 26549 26972 27396 27795 28170 28535 28876 29200 29497 29761 30008 30245 30456 30633 30792 30924 31030 31127 31214 31275 31325
-9999 -9999 -9999 -9999 -9999 -9999 -9999 -9999 -9999 -9999 -9999 -9999 -9999 -9999 -9999 -9999 -9999 -9999 -9999 -9999 -9999 -9999 -9999 -9999 -9999 -9999 -9999 -9999 -9999 -9999 -9999 17779 17928 18026 18303 18605 18924 19261 19589 19941 20303 20667 21048 21447 21865 22301 22728 23163 23615 24077 24550 25008 25479 25937 26400 26866 27317 27761 28197 28615 29007 29391 29751 30085 30394 30686 30935 31174 31396 31583 31743 31878 31995 32104 32212 32283 32337
-9999 -9999 -9999 -9999 -9999 -9999 -9999 -9999 -9999 -9999 -9999 -9999 -9999 -9999 -9999 -9999 -9999 -9999 -9999 -9999 -9999 -9999 -9999 -9999 -9999 -9999 -9999 -9999 -9999 -9999 17857 18012 18102 18395 18689 18999 19334 19679 20048 20410 20781 21171 21578 21988 22422 22873 23325 23778 24239 24727 25212 25701 26185 26656 27139 27617 28087 28550 29004 29432 29843 30230 30599 30953 31272 31574 31850 32082 32306 32504 32675 32811 32939 33068 33170 33271 33336
-9999 -9999 -9999 -9999 -9999 -9999 -9999 -9999 -9999 -9999 -9999 -9999 -9999 -9999 -9999 -9999 -9999 -9999 -9999 -9999 -9999 -9999 -9999 -9999 -9999 -9999 -9999 -9999 -9999 17906 18076 18186 18479 18772 19090 19417 19760 20129 20508 20887 21277 21692 22109 22542 22993 23445 23921 24391 24880 25373 25880 26381 26878 27378 27881 28360 28848 29329 29793 30231 30652 31040 31429 31791 32129 32433 32709 32960 33186 33403 33584 33731 33862 33992 34114 34209 34303
-9999 -9999 -9999 -9999 -9999 -9999 -9999 -9999 -9999 -9999 -9999 -9999 -9999 -9999 -9999 -9999 -9999 -9999 -9999 -9999 -9999 -9999 -9999 -9999 -9999 -9999 -9999 -9999 17941 18117 18236 18537 18855 19173 19499 19850 20210 20588 20976 21381 21797 22214 22646 23104 23563 24039 24508 25005 25508 26015 26534 27056 27564 28083 28587 29092 29598 30081 30546 31003 31425 31839 32220 32591 32938 33251 33538 33790 34034 34262 34446 34613 34755 34888 35013 35128 35217
-9999 -9999 -9999 -9999 -9999 -9999 -9999 -9999 -9999 -9999 -9999 -9999 -9999 -9999 -9999 -9999 -9999 -9999 -9999 -9999 -9999 -9999 -9999 -9999 -9999 -9999 -9999 17979 18147 18261 18579 18896 19230 19572 19915 20275 20661 21064 21469 21885 22309 22749 23198 23665 24140 24625 25106 25608 26131 26651 27180 27706 28233 28761 29274 29797 30296 30796 31279 31728 32168 32583 32980 33344 33700 34031 34327 34590 34836 35066 35271 35441 35602 35738 35875 35994 36104
-9999 -9999 -9999 -9999 -9999 -9999 -9999 -9999 -9999 -9999 -9999 -9999 -9999 -9999 -9999 -9999 -9999 -9999 -9999 -9999 -9999 -9999 -9999 -9999 -9999 -9999 18014 18178 18287 18603 18929 19262 19604 19963 20330 20716 21111 21533 21956 22387 22827 23275 23748 24216 24708 25197 25691 26214 26741 27279 27812 28330 28883 29412 29934 30458 30975 31475 31958 32424 32855 33287 33676 34057 34422 34755 35063 35336 35594 35835 36042 36232 36388 36553 36693 36833 36937
-9999 -9999 -9999 -9999 -9999 -9999 -9999 -9999 -9999 -9999 -9999 -9999 -9999 -9999 -9999 -9999 -9999 -9999 -9999 -9999 -9999 -9999 -9999 -9999 -9999 18010 18187 18312 18620 18945 19279 19636 19994 20361 20745 21140 21562 21984 22431 22878 23326 23790 24256 24757 25254 25747 26269 26795 27334 27883 28408 28952 29489 30028 30558 31091 31608 32116 32590 33055 33512 33935 34333 34706 35073 35425 35735 36029 36306 36541 36759 36952 37147 37306 37466 37601 37735
-9999 -9999 -9999 -9999 -9999 -9999 -9999 -9999 -9999 -9999 -9999 -9999 -9999 -9999 -9999 -9999 -9999 -9999 -9999 -9999 -9999 -9999 -9999 -9999 17992 18184 18312 18620 18937 19286 19643 20009 20383 20760 21161 21574 21996 22442 22896 23344 23815 24280 24772 25268 25777 26290 26815 27352 27910 28443 28986 29529 30067 30606 31154 31662 32194 32693 33183 33647 34096 34528 34927 35311 35671 36024 36353 36658 36930 37185 37405 37627 37815 38004 38158 38313 38442
-9999 -9999 -9999 -9999 -9999 -9999 -9999 -9999 -9999 -9999 -9999 -9999 -9999 -9999 -9999 -9999 -9999 -9999 -9999 -9999 -9999 -9999 17707 17915 18098 18296 18604 18928 19268 19626 19999 20365 20756 21166 21578 21999 22436 22882 23344 23815 24287 24770 25256 25773 26277 26818 27345 27884 28425 28984 29527 30071 30601 31148 31680 32211 32717 33231 33703 34176 34633 35050 35468 35853 36224 36570 36901 37208 37499 37756 38005 38212 38420 38611 38786 38935 39084
-9999 -9999 -9999 -9999 -9999 -9999 -9999 -9999 -9999 -9999 -9999 -9999 -9999 -9999 -9999 -9999 -9999 -9999 -9999 -9999 -9999 17629 17814 18000 18264 18579 18903 19235 19591 19964 20345 20728 21129 21556 21985 22423 22867 23320 23790 24269 24751 25228 25743 26246 26777 27304 27842 28380 28929 29471 30015 30552 31106 31637 32168 32680 33202 33689 34177 34642 35092 35527 35938 36325 36697 37053 37386 37694 37996 38272 38507 38742 38952 39155 39323 39492 39645
-9999 -9999 -9999 -9999 -9999 -9999 -9999 -9999 -9999 -9999 -9999 -9999 -9999 -9999 -9999 -9999 -9999 -9999 -9999 -9999 17573 17748 17892 18191 18522 18853 19185 19533 19905 20294 20684 21092 21510 21938 22376 22828 23280 23740 24219 24707 25183 25696 26181 26703 27236 27772 28302 28841 29372 29924 30459 30996 31542 32072 32583 33112 33606 34110 34581 35038 35489 35924 36328 36716 37106 37447 37790 38109 38412 38691 38944 39181 39411 39598 39796 39967 40149
-9999 -9999 -9999 -9999 -9999 -9999 -9999 -9999 -9999 -9999 -9999 -9999 -9999 -9999 -9999 -9999 -9999 -9999 -9999 17502 17684 17819 18109 18431 18771 19103 19458 19829 20210 20616 21023 21441 21867 22303 22755 23214 23666 24135 24622 25112 25608 26099 26610 27125 27660 28180 28726 29256 29780 30315 30858 31394 31907 32443 32962 33455 33957 34443 34924 35373 35815 36243 36647 37045 37419 37778 38114 38442 38746 39027 39291 39539 39761 39977 40176 40368 40552
-9999 -9999 -9999 -9999 -9999 -9999 -9999 -9999 -9999 -9999 -9999 -9999 -9999 -9999 -9999 -9999 -9999 -9999 17406 17597 17739 18027 18333 18656 19004 19359 19730 20109 20498 20913 21337 21763 22199 22650 23100 23551 24027 24504 24993 25486 25983 26485 26990 27514 28024 28568 29089 29620 30144 30669 31196 31723 32242 32751 33261 33752 34236 34715 35179 35636 36071 36482 36904 37294 37660 38029 38365 38686 38991 39290 39556 39805 40030 40256 40474 40677 40881
-9999 -9999 -9999 -9999 -9999 -9999 -9999 -9999 -9999 -9999 -9999 -9999 -9999 -9999 -9999 -9999 -9999 17297 17490 17634 17930 18219 18541 18880 19236 19606 19977 20365 20777 21193 21618 22052 22504 22954 23412 23878 24346 24832 25323 25826 26326 26820 27335 27843 28360 28888 29409 29923 30446 30963 31480 31999 32500 32998 33497 33979 34455 34917 35372 35813 36239 36667 37072 37463 37838 38190 38536 38849 39164 39455 39739 39990 40225 40452 40672 40903 41099
-9999 -9999 -9999 -9999 -9999 -9999 -9999 -9999 -9999 -9999 -9999 -9999 -9999 -9999 -9999 -9999 17201 17384 17521 17809 18098 18411 18741 19096 19450 19828 20215 20619 21033 21449 21874 22324 22782 23232 23697 24163 24640 25120 25620 26117 26618 27122 27620 28135 28644 29147 29667 30181 30679 31186 31704 32196 32695 33184 33673 34146 34605 35049 35496 35928 36353 36765 37162 37552 37919 38271 38609 38931 39238 39539 39815 40084 40329 40557 40787 41010 41243
-9999 -9999 -9999 -9999 -9999 -9999 -9999 -9999 -9999 -9999 -9999 -9999 -9999 -9999 -9999 17121 17267 17401 17680 17960 18272 18586 18932 19279 19656 20026 20429 20841 21256 21688 22121 22562 23028 23492 23949 24423 24884 25382 25867 26365 26867 27363 27869 28368 28868 29362 29874 30370 30858 31357 31849 32340 32821 33299 33771 34227 34677 35120 35541 35972 36381 36775 37171 37553 37920 38264 38593 38915 39231 39523 39818 40079 40333 40571 40810 41043 41268
-9999 -9999 -9999 -9999 -9999 -9999 -9999 -9999 -9999 -9999 -9999 -9999 -9999 -9999 -9999 17200 17304 17543 17815 18111 18415 18753 19099 19460 19830 20215 20609 21031 21462 21894 22335 22791 23247 23711 24176 24635 25120 25594 26081 26580 27065 27570 28058 28557 29040 29533 30019 30506 30986 31467 31941 32415 32878 33338 33800 34238 34671 35097 35525 35922 36330 36714 37093 37458 37825 38177 38497 38819 39117 39418 39713 39992 40237 40484 40733 40975 41218
-9999 -9999 -9999 -9999 -9999 -9999 -9999 -9999 -9999 -9999 -9999 -9999 -9999 -9999 -9999 17252 17414 17645 17940 18237 18557 18887 19248 19601 19986 20371 20782 21203 21634 22067 22515 22978 23434 23897 24361 24828 25290 25773 26260 26743 27229 27707 28204 28685 29168 29644 30104 30582 31044 31508 31973 32420 32866 33300 33743 34173 34588 34996 35407 35820 36192 36567 36937 37292 37649 37992 38320 38634 38932 39232 39509 39788 40060 40307 40565 40815 41049
-9999 -9999 -9999 -9999 -9999 -9999 -9999 -9999 -9999 -9999 -9999 -9999 -9999 -9999 -9999 17307 17514 17739 18034 18346 18675 19012 19357 19742 20118 20511 20922 21344 21783 22222 22669 23116 23578 24041 24497 24956 25434 25910 26381 26856 27315 27809 28280 28761 29219 29677 30136 30580 31033 31471 31918 32348 32776 33194 33611 34022 34428 34818 35227 35614 35994 36351 36694 37056 37396 37730 38065 38361 38658 38949 39234 39521 39784 40039 40297 40555 40816
-9999 -9999 -9999 -9999 -9999 -9999 15669 -9999 -9999 -9999 -9999 -9999 -9999 16974 17154 17316 17546 17825 18120 18440 18768 19105 19466 19834 20225 20618 21029 21459 21889 22336 22775 23213 23682 24136 24584 25051 25513 25988 26450 26908 27375 27826 28288 28752 29208 29641 30082 30516 30935 31364 31786 32199 32602 33019 33420 33804 34183 34581 34963 35348 35710 36057 36390 36734 37072 37396 37714 38017 38305 38595 38896 39165 39436 39699 39965 40232 40483
-9999 -9999 -9999 -9999 -9999 15629 15680 15794 -9999 16166 16358 16511 16726 16920 17134 17354 17608 17886 18197 18509 18829 19181 19541 19909 20284 20693 21111 21533 21963 22393 22831 23284 23728 24181 24637 25087 25541 26006 26469 26917 27358 27792 28236 28690 29120 29544 29959 30367 30785 31188 31592 31980 32375 32768 33152 33520 33895 34258 34632 34998 35358 35687 36018 36335 36663 36985 37292 37594 37881 38162 38462 38755 39025 39288 39552 39810 40068
-9999 -9999 -9999 -9999 15548 15627 15704 15837 15995 16171 16327 16515 16720 16933 17162 17408 17661 17939 18234 18554 18890 19234 19593 19952 20343 20735 21146 21574 22004 22433 22862 23297 23741 24186 24641 25082 25526 25983 26420 26867 27291 27707 28140 28552 28973 29386 29776 30167 30567 30960 31329 31708 32087 32447 32816 33174 33526 33877 34223 34589 34922 35240 35561 35867 36185 36505 36794 37093 37378 37666 37957 38249 38526 38787 39051 39316 39573
-9999 -9999 -9999 15456 15534 15610 15727 15868 16019 16174 16347 16528 16733 16955 17192 17437 17699 17969 18263 18582 18918 19262 19613 19979 20361 20753 21163 21583 22012 22432 22852 23287 23722 24166 24596 25019 25462 25893 26328 26741 27163 27569 27969 28371 28765 29153 29533 29914 30288 30655 31023 31375 31720 32066 32416 32752 33095 33430 33766 34095 34418 34735 35028 35341 35648 35940 36235 36524 36807 37093 37373 37655 37930 38199 38469 38732 38997
-9999 -9999 15366 15442 15509 15616 15741 15882 16039 16196 16361 16542 16739 16969 17206 17459 17704 17982 18284 18595 18922 19257 19616 19981 20347 20738 21140 21559 21979 22399 22818 23229 23662 24089 24509 24924 25324 25753 26160 26571 26960 27357 27747 28130 28506 28858 29220 29584 29941 30298 30648 30974 31301 31628 31957 32276 32603 32922 33250 33552 33856 34162 34454 34747 35044 35325 35618 35896 36169 36443 36729 37000 37265 37532 37800 38070 38332
-9999 15276 15352 15418 15515 15623 15748 15897 16054 16211 16368 16549 16754 16967 17204 17449 17709 17979 18273 18583 18910 19245 19587 19944 20309 20691 21084 21487 21906 22317 22727 23137 23538 23956 24366 24763 25170 25547 25953 26336 26722 27093 27465 27839 28188 28530 28849 29185 29541 29872 30196 30512 30821 31131 31425 31755 32058 32360 32662 32958 33245 33532 33821 34105 34382 34660 34933 35201 35480 35752 36027 36295 36558 36822 37088 37356 37625
15206 15262 15327 15424 15522 15630 15754 15896 16053 16210 16374 16555 16744 16965 17193 17430 17683 17960 18246 18556 18866 19200 19534 19891 20248 20613 20996 21389 21792 22186 22588 22989 23381 23782 24167 24562 24935 25326 25687 26068 26427 26787 27134 27480 27819 28126 28443 28753 29073 29386 29691 29990 30281 30564 30866 31160 31456 31743 32021 32300 32577 32849 33139 33412 33678 33930 34192 34466 34741 35010 35275 35541 35818 36080 36343 36608 36875
15203 15254 15334 15431 15529 15636 15753 15894 16043 16200 16373 16546 16742 16947 17175 17396 17649 17909 18203 18488 18798 19116 19457 19798 20154 20510 20876 21260 21638 22031 22417 22793 23185 23560 23944 24313 24684 25032 25399 25744 26099 26416 26751 27079 27384 27689 27978 28270 28563 28857 29136 29416 29688 29962 30237 30514 30791 31069 31323 31593 31864 32137 32401 32665 32923 33174 33426 33688 33945 34212 34482 34754 35020 35287 35548 35811 36075
15201 15260 15341 15430 15528 15627 15752 15885 16026 16191 16348 16529 16717 16922 17126 17362 17598 17859 18128 18413 18706 19023 19349 19681 20029 20376 20733 21092 21468 21836 22205 22581 22948 23315 23674 24033 24369 24723 25054 25397 25708 26013 26328 26621 26915 27202 27473 27737 28011 28287 28546 28799 29053 29309 29574 29824 30082 30333 30594 30848 31102 31366 31622 31879 32128 32371 32614 32868 33124 33381 33648 33909 34173 34438 34705 34965 35226
15213 15267 15333 15422 15512 15619 15735 15868 16009 16158 16315 16488 16676 16864 17069 17289 17541 17785 18045 18322 18607 18908 19225 19557 19880 20219 20551 20908 21258 21609 21977 22337 22688 23030 23379 23706 24040 24351 24680 24994 25294 25579 25859 26132 26406 26674 26918 27180 27426 27667 27916 28159 28386 28622 28860 29108 29348 29590 29824 30059 30303 30557 30812 31052 31292 31526 31771 32017 32272 32520 32770 33031 33293 33556 33812 34070 34328
15227 15265 15317 15398 15496 15595 15703 15836 15977 16118 16266 16431 16611 16799 16995 17207 17451 17703 17947 18208 18492 18784 19085 19401 19716 20031 20369 20692 21026 21367 21718 22069 22388 22721 23038 23363 23664 23965 24267 24563 24835 25109 25360 25621 25876 26108 26349 26567 26802 27032 27262 27477 27693 27911 28131 28369 28600 28806 29029 29254 29488 29714 29950 30188 30419 30652 30878 31124 31371 31620 31871 32123 32384 32638 32893 33150 33415
-9999 15273 15330 15375 15457 15563 15679 15795 15928 16061 16218 16374 16539 16727 16915 17126 17347 17590 17833 18077 18345 18637 18922 19222 19529 19835 20141 20463 20786 21110 21436 21754 22079 22381 22681 22981 23265 23557 23833 24094 24355 24609 24849 25074 25300 25528 25742 25940 26148 26374 26569 26773 26970 27177 27379 27599 27811 28016 28220 28435 28642 28867 29084 29311 29539 29760 29976 30202 30449 30698 30949 31201 31454 31709 31964 32220 32484
