ASPA-UH-SWB2_REPO/dynamic_inputs/RO_Rf_Ratios_Dynamic/Data/Gridded_rain/PRISM_ppt_tutuila_30yr_normal_80mM1_11_asc.asc
ncols 381
nrows 202
xllcorner -170.851658
yllcorner -14.379175
cellsize 0.00083333333
NODATA_value -9999
[rows 34 to 67 of 202, columns 231 to 307 of 381]
-9999 -9999 -9999 -9999 -9999 -9999 -9999 -9999 -9999 -9999 -9999 -9999 -9999 -9999 -9999 -9999 -9999 -9999 -9999 -9999 -9999 -9999 -9999 -9999 -9999 -9999 -9999 -9999 -9999 -9999 -9999 -9999 -9999 -9999 -9999 -9999 -9999 -9999 -9999 -9999 -9999 -9999 -9999 -9999 -9999 -9999 -9999 -9999 -9999 -9999 -9999 -9999 -9999 -9999 -9999 -9999 -9999 -9999 -9999 -9999 -9999 -9999 -9999 -9999 -9999 -9999 -9999 -9999 -9999 -9999 -9999 -9999 -9999 -9999 -9999 -9999 -9999
-9999 -9999 -9999 -9999 -9999 -9999 -9999 -9999 -9999 -9999 -9999 -9999 -9999 -9999 -9999 -9999 -9999 -9999 -9999 -9999 -9999 -9999 -9999 -9999 -9999 -9999 -9999 -9999 -9999 -9999 -9999 -9999 -9999 -9999 -9999 -9999 -9999 -9999 -9999 -9999 -9999 -9999 -9999 -9999 -9999 -9999 -9999 -9999 -9999 -9999 -9999 -9999 -9999 -9999 -9999 -9999 -9999 -9999 -9999 -9999 -9999 -9999 -9999 -9999 -9999 -9999 -9999 -9999 -9999 -9999 -9999 -9999 -9999 -9999 -9999 -9999 -9999
-9999 -9999 -9999 -9999 -9999 -9999 -9999 -9999 -9999 -9999 -9999 -9999 -9999 -9999 -9999 -9999 -9999 -9999 -9999 -9999 -9999 -9999 -9999 -9999 -9999 -9999 -9999 -9999 -9999 -9999 -9999 -9999 -9999 -9999 -9999 -9999 -9999 -9999 -9999 -9999 -9999 -9999 -9999 -9999 -9999 -9999 -9999 -9999 -9999 -9999 -9999 -9999 -9999 -9999 -9999 -9999 -9999 -9999 -9999 -9999 -9999 -9999 -9999 -9999 -9999 -9999 -9999 -9999 -9999 -9999 -9999 -9999 -9999 -9999 -9999 -9999 -9999
-9999 -9999 -9999 -9999 -9999 -9999 -9999 -9999 -9999 -9999 -9999 -9999 -9999 -9999 -9999 -9999 -9999 -9999 -9999 -9999 -9999 -9999 21502 21513 -9999 -9999 -9999 -9999 -9999 21637 21646 -9999 -9999 -9999 -9999 -9999 -9999 -9999 -9999 -9999 -9999 -9999 -9999 -9999 21625 -9999 -9999 -9999 -9999 -9999 -9999 -9999 -9999 -9999 -9999 -9999 -9999 -9999 -9999 -9999 -9999 -9999 -9999 -9999 -9999 -9999 -9999 -9999 -9999 -9999 -9999 -9999 -9999 -9999 -9999 -9999 -9999
25988 -9999 -9999 -9999 -9999 -9999 24664 24529 -9999 -9999 -9999 -9999 -9999 -9999 -9999 -9999 -9999 -9999 -9999 -9999 -9999 21722 21608 21624 21678 -9999 -9999 -9999 21767 21732 21737 21772 -9999 -9999 -9999 -9999 -9999 -9999 -9999 -9999 -9999 -9999 -9999 21709 21690 21662 -9999 -9999 -9999 -9999 -9999 -9999 -9999 -9999 -9999 -9999 -9999 -9999 -9999 -9999 -9999 -9999 -9999 -9999 -9999 -9999 -9999 -9999 -9999 -9999 -9999 -9999 -9999 -9999 -9999 -9999 -9999
26490 26445 -9999 -9999 -9999 25278 24970 24871 24814 -9999 -9999 -9999 -9999 -9999 -9999 -9999 23442 23321 -9999 -9999 22381 22092 21900 21851 21870 21910 21966 21940 21920 21883 21885 21943 21992 -9999 -9999 -9999 22053 22057 -9999 -9999 -9999 -9999 21890 21839 21760 21780 21765 -9999 -9999 -9999 -9999 -9999 -9999 -9999 -9999 -9999 -9999 -9999 -9999 -9999 -9999 -9999 -9999 -9999 -9999 -9999 -9999 -9999 -9999 -9999 -9999 -9999 -9999 -9999 -9999 -9999 -9999
26936 26967 26821 -9999 26244 25884 25516 25287 25320 25275 -9999 -9999 -9999 -9999 -9999 23985 23707 23607 23536 23278 22955 22614 22469 22332 22202 22126 22124 22138 22112 22112 22119 22117 22185 22206 -9999 22199 22170 22143 22178 22182 -9999 22095 22050 21963 21932 21880 21885 21866 -9999 -9999 -9999 -9999 -9999 -9999 -9999 -9999 -9999 -9999 -9999 -9999 -9999 -9999 -9999 -9999 -9999 -9999 -9999 -9999 -9999 -9999 -9999 -9999 -9999 -9999 -9999 -9999 -9999
27684 27426 27395 27143 26871 26466 26228 25989 25761 25791 25741 -9999 -9999 -9999 24802 24533 24216 24065 24011 23851 23549 23346 23131 22929 22742 22581 22446 22377 22392 22392 22381 22385 22365 22439 22419 22400 22326 22318 22333 22342 22299 22286 22193 22170 22117 22066 21996 22004 21989 -9999 -9999 -9999 -9999 -9999 -9999 -9999 -9999 -9999 -9999 -9999 -9999 -9999 -9999 -9999 -9999 -9999 -9999 -9999 -9999 -9999 -9999 -9999 -9999 -9999 -9999 -9999 -9999
28458 28202 27959 27810 27446 27201 26955 26719 26481 26240 26285 26148 -9999 25686 25387 25070 24899 24725 24560 24432 24261 24086 23885 23650 23402 23192 23006 22850 22769 22702 22706 22677 22671 22647 22669 22606 22582 22559 22549 22507 22520 22446 22424 22371 22339 22267 22210 22124 22117 22107 -9999 -9999 -9999 -9999 21857 -9999 -9999 -9999 -9999 -9999 -9999 -9999 -9999 -9999 -9999 -9999 -9999 -9999 -9999 -9999 -9999 -9999 -9999 -9999 -9999 -9999 -9999
29293 29028 28750 28485 28230 27962 27706 27462 27228 26990 26750 26760 26538 26326 25975 25782 25611 25438 25275 25122 24966 24792 24629 24464 24201 23928 23685 23545 23350 23199 23042 23036 23002 22977 22940 22912 22870 22851 22809 22778 22740 22705 22653 22619 22565 22507 22420 22347 22256 22265 22249 -9999 -9999 21987 21961 21919 -9999 -9999 -9999 -9999 -9999 -9999 -9999 -9999 -9999 -9999 -9999 -9999 -9999 -9999 -9999 -9999 -9999 -9999 -9999 -9999 -9999
30165 29864 29601 29324 29035 28745 28492 28252 28010 27778 27542 27329 27244 26930 26742 26564 26367 26181 26030 25852 25698 25553 25365 25202 25020 24779 24547 24288 24051 23831 23649 23471 23388 23341 23311 23246 23207 23169 23122 23083 23041 22981 22933 22883 22833 22759 22671 22589 22502 22411 22404 22364 22271 22185 22057 22071 22046 -9999 -9999 -9999 -9999 -9999 -9999 -9999 -9999 -9999 -9999 -9999 -9999 -9999 -9999 -9999 -9999 -9999 -9999 -9999 -9999
31029 30743 30457 30171 29871 29597 29323 29075 28851 28599 28369 28149 27950 27759 27550 27360 27178 26979 26803 26638 26484 26314 26155 25966 25787 25578 25394 25133 24861 24593 24330 24136 23928 23756 23695 23653 23591 23523 23480 23429 23368 23303 23255 23193 23118 23048 22958 22867 22770 22668 22589 22552 22471 22355 22278 22205 22215 22201 -9999 -9999 -9999 -9999 -9999 -9999 -9999 -9999 21354 -9999 -9999 -9999 -9999 -9999 -9999 -9999 -9999 -9999 -9999
31905 31621 31327 31031 30737 30466 30184 29941 29697 29462 29212 28986 28781 28609 28405 28209 28017 27833 27631 27479 27298 27128 26944 26784 26566 26387 26164 25982 25770 25444 25167 24884 24641 24403 24195 24074 24019 23944 23879 23806 23731 23680 23601 23529 23450 23362 23269 23167 23067 22960 22855 22779 22695 22612 22527 22442 22370 22333 22260 22216 22168 -9999 -9999 -9999 -9999 21542 21443 21354 21286 21199 -9999 -9999 -9999 20787 -9999 -9999 -9999
32786 32482 32203 31900 31623 31323 31071 30809 30570 30315 30071 29838 29654 29451 29280 29089 28905 28712 28513 28335 28168 27971 27799 27600 27413 27209 27017 26795 26586 26360 26082 25756 25430 25144 24882 24677 24481 24410 24321 24222 24151 24060 23977 23891 23808 23710 23607 23500 23381 23269 23159 23064 22984 22892 22811 22717 22608 22533 22461 22358 22321 22314 -9999 -9999 21920 21784 21628 21525 21398 21279 21187 21099 20959 20901 20861 -9999 -9999
33653 33374 33061 32787 32491 32221 31939 31696 31428 31195 30946 30746 30543 30349 30158 29988 29797 29611 29430 29229 29036 28867 28655 28483 28272 28085 27868 27664 27429 27206 26955 26701 26333 25973 25685 25419 25188 24904 24798 24693 24577 24481 24383 24292 24188 24086 23980 23861 23727 23595 23478 23370 23289 23202 23101 23003 22920 22814 22723 22627 22529 22529 22470 22372 22226 22031 21903 21774 21617 21452 21346 21238 21133 21010 21014 21000 -9999
34566 34235 33970 33647 33390 33087 32823 32550 32327 32078 31853 31637 31443 31256 31075 30886 30704 30526 30352 30145 29968 29761 29578 29380 29182 28959 28774 28545 28300 28052 27803 27552 27256 26923 26570 26262 25907 25616 25347 25179 25058 24936 24821 24716 24607 24491 24372 24250 24102 23945 23815 23711 23618 23519 23406 23323 23255 23165 23064 22973 22868 22776 22742 22627 22468 22340 22217 22072 21895 21702 21553 21425 21327 21232 21142 21141 21136
35432 35160 34830 34554 34246 33981 33684 33440 33184 32967 32736 32529 32331 32153 31969 31791 31631 31449 31259 31085 30903 30701 30507 30299 30090 29881 29661 29437 29196 28938 28680 28404 28127 27818 27538 27113 26757 26384 26068 25795 25577 25436 25306 25174 25059 24927 24794 24648 24485 24322 24177 24069 23953 23861 23755 23685 23614 23537 23459 23344 23241 23140 23019 22900 22783 22667 22536 22383 22187 21991 21817 21682 21570 21471 21387 21309 21279
36353 36028 35731 35417 35135 34847 34588 34320 34079 33839 33624 33420 33228 33044 32870 32701 32550 32377 32196 32018 31820 31652 31451 31235 31002 30797 30581 30349 30100 29834 29552 29282 28980 28675 28369 28062 27631 27221 26855 26547 26255 25976 25827 25676 25523 25385 25214 25054 24886 24717 24566 24434 24323 24198 24136 24077 24007 23947 23837 23725 23624 23480 23362 23244 23117 22982 22843 22691 22507 22304 22099 21958 21841 21739 21640 21558 21484
37211 36909 36589 36303 36013 35739 35470 35228 34988 34760 34531 34315 34124 33957 33800 33638 33470 33294 33133 32951 32775 32591 32386 32160 31932 31718 31507 31281 31011 30723 30447 30139 29843 29528 29213 28865 28514 28100 27709 27329 26973 26663 26374 26181 26021 25856 25668 25479 25305 25130 24963 24825 24699 24591 24505 24476 24425 24338 24226 24105 23973 23842 23714 23576 23440 23297 23159 22997 22825 22611 22400 22232 22120 22013 21911 21815 21746
38067 37756 37455 37175 36902 36634 36393 36152 35911 35669 35452 35247 35056 34877 34723 34565 34416 34246 34056 33895 33727 33539 33316 33097 32874 32652 32444 32181 31903 31607 31322 31021 30702 30364 30024 29679 29318 28939 28572 28125 27731 27352 27007 26733 26531 26336 26130 25935 25744 25550 25376 25212 25081 24961 24926 24865 24820 24723 24579 24461 24320 24192 24054 23897 23752 23610 23462 23313 23122 22901 22687 22526 22388 22275 22178 22088 21818
38867 38586 38316 38043 37802 37537 37297 37070 36841 36612 36383 36179 35987 35821 35667 35512 35341 35178 35020 34843 34670 34462 34272 34049 33821 33604 33344 33083 32795 32506 32184 31873 31544 31211 30846 30477 30105 29714 29336 28940 28486 28056 27672 27354 27049 26824 26611 26399 26176 25976 25783 25613 25445 25362 25330 25278 25199 25061 24944 24794 24668 24519 24361 24216 24073 23911 23755 23597 23430 23207 22992 22808 22665 22557 22454 22170 21972
39662 39387 39136 38909 38657 38429 38190 37964 37749 37533 37318 37115 36937 36758 36593 36439 36284 36126 35962 35779 35587 35426 35219 35005 34786 34518 34276 33977 33694 33368 33065 32729 32389 32030 31654 31259 30876 30474 30069 29675 29249 28777 28353 27954 27643 27330 27100 26843 26614 26382 26183 25995 25862 25755 25709 25670 25574 25435 25274 25127 24981 24846 24690 24525 24362 24212 24048 23891 23719 23514 23295 23111 22965 22838 22599 22325 22075
40422 40180 39938 39714 39501 39274 39061 38861 38647 38445 38244 38054 37864 37687 37522 37383 37230 37050 36878 36701 36543 36366 36168 35950 35710 35463 35170 34877 34557 34263 33935 33589 33209 32826 32452 32044 31618 31204 30801 30364 29926 29484 29009 28580 28193 27876 27554 27303 27042 26790 26560 26378 26229 26146 26095 26040 25921 25750 25605 25438 25294 25140 24986 24824 24662 24493 24330 24165 23986 23795 23588 23401 23262 23070 22758 22479 22222
41116 40910 40699 40515 40305 40094 39895 39709 39522 39322 39147 38958 38769 38592 38442 38292 38140 37974 37793 37621 37446 37278 37088 36864 36619 36353 36053 35738 35437 35117 34781 34395 34018 33609 33209 32789 32364 31921 31475 31025 30557 30100 29641 29152 28735 28362 28027 27711 27444 27160 26935 26736 26581 26509 26450 26359 26209 26066 25879 25727 25575 25423 25273 25113 24943 24777 24605 24431 24248 24053 23851 23696 23548 23234 22930 22639 22369
41754 41568 41413 41233 41064 40882 40699 40516 40344 40172 39999 39825 39650 39475 39326 39178 39041 38876 38684 38503 38334 38147 37966 37750 37487 37202 36896 36600 36274 35932 35557 35175 34772 34365 33939 33492 33054 32583 32122 31642 31158 30656 30151 29693 29223 28822 28448 28117 27790 27527 27269 27065 26933 26852 26773 26632 26498 26313 26154 25971 25824 25675 25529 25361 25194 25031 24851 24669 24486 24291 24110 23976 23712 23387 23079 22789 22576
42309 42178 42027 41875 41735 41582 41428 41260 41118 40962 40793 40648 40490 40331 40184 40051 39903 39741 39551 39361 39184 39016 38817 38583 38314 38037 37738 37406 37072 36705 36320 35912 35469 35050 34611 34165 33670 33184 32695 32185 31686 31168 30632 30139 29675 29223 28836 28469 28145 27836 27586 27378 27240 27151 27050 26912 26730 26550 26372 26207 26040 25885 25742 25578 25415 25244 25068 24878 24699 24522 24350 24147 23842 23539 23218 22915 22814
42809 42693 42557 42457 42344 42207 42081 41968 41817 41690 41563 41435 41281 41126 41008 40878 40722 40550 40376 40191 40006 39833 39628 39389 39127 38830 38525 38171 37813 37436 37039 36592 36137 35677 35224 34736 34226 33726 33207 32683 32139 31606 31084 30544 30063 29600 29162 28773 28429 28124 27828 27628 27485 27386 27288 27102 26926 26729 26570 26398 26226 26064 25914 25766 25596 25418 25235 25071 24885 24716 24561 24288 23949 23644 23334 23145 23024
43230 43140 43054 42956 42871 42773 42687 42589 42479 42368 42269 42133 42020 41895 41744 41630 41476 41309 41127 40947 40770 40593 40383 40152 39871 39568 39241 38907 38526 38125 37688 37229 36762 36274 35764 35263 34738 34194 33644 33105 32561 31998 31461 30905 30377 29910 29451 29026 28670 28318 28047 27814 27664 27573 27436 27269 27065 26911 26722 26546 26379 26223 26068 25913 25749 25565 25397 25227 25044 24863 24661 24422 24069 23702 23458 23348 23220
43576 43534 43473 43401 43317 43282 43210 43139 43069 42985 42889 42781 42685 42563 42441 42305 42168 41992 41828 41643 41474 41293 41093 40830 40558 40248 39915 39544 39167 38740 38292 37806 37298 36783 36259 35713 35175 34601 34021 33450 32891 32328 31730 31188 30659 30129 29654 29218 28815 28501 28185 27962 27779 27680 27550 27378 27194 27012 26843 26650 26491 26341 26180 26032 25863 25695 25511 25346 25179 25014 24794 24494 24151 23799 23627 23511 23391
43850 43829 43805 43769 43735 43688 43655 43622 43589 43508 43439 43371 43265 43159 43065 42933 42775 42628 42457 42293 42107 41935 41717 41477 41158 40857 40502 40136 39706 39283 38808 38310 37760 37231 36678 36103 35536 34947 34351 33735 33145 32550 31967 31395 30850 30302 29793 29325 28947 28588 28298 28016 27857 27752 27604 27441 27254 27081 26897 26724 26549 26406 26276 26112 25949 25777 25621 25440 25280 25119 24898 24610 24249 23942 23769 23648 23540
44044 44052 44061 44062 44052 44043 44047 44039 44008 43965 43910 43868 43789 43698 43594 43465 43347 43180 43017 42861 42698 42495 42272 42012 41728 41378 41030 40612 40201 39708 39236 38710 38176 37588 36991 36417 35821 35217 34590 33958 33306 32711 32127 31524 30931 30398 29872 29401 28979 28633 28299 28059 27869 27761 27623 27446 27293 27082 26907 26743 26588 26432 26309 26164 26009 25844 25684 25521 25356 25182 24981 24734 24395 24081 23871 23760 23643
44173 44218 44245 44282 44320 44359 44375 44368 44362 44357 44328 44275 44235 44158 44056 43942 43814 43678 43525 43365 43171 42989 42760 42493 42174 41857 41456 41030 40564 40103 39574 39035 38472 37869 37243 36639 36013 35393 34736 34073 33435 32793 32178 31559 30981 30401 29876 29391 28983 28594 28288 28018 27842 27733 27595 27429 27239 27074 26874 26720 26575 26439 26303 26178 26020 25875 25713 25568 25390 25222 25057 24823 24495 24179 23983 23836 23736
44249 44308 44373 44441 44526 44577 44617 44647 44665 44661 44645 44630 44591 44528 44441 44353 44218 44091 43959 43783 43596 43393 43154 42864 42549 42194 41812 41345 40868 40365 39838 39270 38692 38060 37404 36754 36127 35477 34788 34110 33456 32798 32137 31531 30937 30342 29803 29338 28903 28542 28194 27952 27762 27670 27533 27355 27176 26999 26822 26655 26532 26407 26281 26132 26007 25860 25717 25549 25390 25221 25075 24857 24554 24265 24019 23873 23752
44252 44337 44427 44544 44636 44723 44799 44852 44883 44891 44911 44897 44884 44822 44748 44653 44553 44435 44299 44130 43936 43707 43444 43156 42829 42447 42039 41574 41055 40539 39997 39429 38792 38145 37488 36807 36149 35468 34764 34069 33385 32711 32063 31411 30785 30206 29686 29196 28779 28393 28060 27806 27647 27546 27412 27247 27057 26880 26727 26584 26449 26335 26209 26083 25945 25809 25655 25518 25348 25209 25030 24843 24542 24250 24016 23858 23753
