ASPA-UH-SWB2_REPO/dynamic_inputs/RO_Rf_Ratios_Dynamic/Data/Gridded_rain/PRISM_ppt_tutuila_30yr_normal_80mM1_08_asc.asc
ncols 381
nrows 202
xllcorner -170.851658
yllcorner -14.379175
cellsize 0.00083333333
NODATA_value -9999
[rows 34 to 67 of 202, columns 231 to 307 of 381]
-9999 -9999 -9999 -9999 -9999 -9999 -9999 -9999 -9999 -9999 -9999 -9999 -9999 -9999 -9999 -9999 -9999 -9999 -9999 -9999 -9999 -9999 -9999 -9999 -9999 -9999 -9999 -9999 -9999 -9999 -9999 -9999 -9999 -9999 -9999 -9999 -9999 -9999 -9999 -9999 -9999 -9999 -9999 -9999 -9999 -9999 -9999 -9999 -9999 -9999 -9999 -9999 -9999 -9999 -9999 -9999 -9999 -9999 -9999 -9999 -9999 -9999 -9999 -9999 -9999 -9999 -9999 -9999 -9999 -9999 -9999 -9999 -9999 -9999 -9999 -9999 -9999
-9999 -9999 -9999 -9999 -9999 -9999 -9999 -9999 -9999 -9999 -9999 -9999 -9999 -9999 -9999 -9999 -9999 -9999 -9999 -9999 -9999 -9999 -9999 -9999 -9999 -9999 -9999 -9999 -9999 -9999 -9999 -9999 -9999 -9999 -9999 -9999 -9999 -9999 -9999 -9999 -9999 -9999 -9999 -9999 -9999 -9999 -9999 -9999 -9999 -9999 -9999 -9999 -9999 -9999 -9999 -9999 -9999 -9999 -9999 -9999 -9999 -9999 -9999 -9999 -9999 -9999 -9999 -9999 -9999 -9999 -9999 -9999 -9999 -9999 -9999 -9999 -9999
-9999 -9999 -9999 -9999 -9999 -9999 -9999 -9999 -9999 -9999 -9999 -9999 -9999 -9999 -9999 -9999 -9999 -9999 -9999 -9999 -9999 -9999 -9999 -9999 -9999 -9999 -9999 -9999 -9999 -9999 -9999 -9999 -9999 -9999 -9999 -9999 -9999 -9999 -9999 -9999 -9999 -9999 -9999 -9999 -9999 -9999 -9999 -9999 -9999 -9999 -9999 -9999 -9999 -9999 -9999 -9999 -9999 -9999 -9999 -9999 -9999 -9999 -9999 -9999 -9999 -9999 -9999 -9999 -9999 -9999 -9999 -9999 -9999 -9999 -9999 -9999 -9999
-9999 -9999 -9999 -9999 -9999 -9999 -9999 -9999 -9999 -9999 -9999 -9999 -9999 -9999 -9999 -9999 -9999 -9999 -9999 -9999 -9999 -9999 14989 14997 -9999 -9999 -9999 -9999 -9999 15097 15106 -9999 -9999 -9999 -9999 -9999 -9999 -9999 -9999 -9999 -9999 -9999 -9999 -9999 15192 -9999 -9999 -9999 -9999 -9999 -9999 -9999 -9999 -9999 -9999 -9999 -9999 -9999 -9999 -9999 -9999 -9999 -9999 -9999 -9999 -9999 -9999 -9999 -9999 -9999 -9999 -9999 -9999 -9999 -9999 -9999 -9999
18154 -9999 -9999 -9999 -9999 -9999 17238 17145 -9999 -9999 -9999 -9999 -9999 -9999 -9999 -9999 -9999 -9999 -9999 -9999 -9999 15157 15062 15074 15112 -9999 -9999 -9999 15185 15163 15168 15195 -9999 -9999 -9999 -9999 -9999 -9999 -9999 -9999 -9999 -9999 -9999 15246 15238 15226 -9999 -9999 -9999 -9999 -9999 -9999 -9999 -9999 -9999 -9999 -9999 -9999 -9999 -9999 -9999 -9999 -9999 -9999 -9999 -9999 -9999 -9999 -9999 -9999 -9999 -9999 -9999 -9999 -9999 -9999 -9999
18505 18475 -9999 -9999 -9999 17666 17452 17384 17345 -9999 -9999 -9999 -9999 -9999 -9999 -9999 16434 16355 -9999 -9999 15662 15438 15287 15245 15302 15276 15317 15301 15290 15268 15273 15315 15353 -9999 -9999 -9999 15422 15431 -9999 -9999 -9999 -9999 15362 15335 15289 15313 15317 -9999 -9999 -9999 -9999 -9999 -9999 -9999 -9999 -9999 -9999 -9999 -9999 -9999 -9999 -9999 -9999 -9999 -9999 -9999 -9999 -9999 -9999 -9999 -9999 -9999 -9999 -9999 -9999 -9999 -9999
18817 18839 18739 -9999 18338 18089 17832 17674 17699 17669 -9999 -9999 -9999 -9999 -9999 16807 16620 16556 16516 16335 16094 15837 15729 15662 15553 15538 15427 15440 15424 15427 15436 15439 15489 15509 -9999 15519 15506 15492 15523 15536 -9999 15497 15475 15421 15411 15390 15406 15409 -9999 -9999 -9999 -9999 -9999 -9999 -9999 -9999 -9999 -9999 -9999 -9999 -9999 -9999 -9999 -9999 -9999 -9999 -9999 -9999 -9999 -9999 -9999 -9999 -9999 -9999 -9999 -9999 -9999
19338 19159 19138 18963 18774 18492 18328 18162 18005 18027 17995 -9999 -9999 -9999 17368 17188 16972 16877 16849 16748 16538 16395 16277 16122 16030 15890 15771 15658 15620 15623 15619 15627 15617 15674 15666 15660 15614 15617 15636 15651 15630 15632 15575 15569 15544 15524 15492 15512 15518 -9999 -9999 -9999 -9999 -9999 -9999 -9999 -9999 -9999 -9999 -9999 -9999 -9999 -9999 -9999 -9999 -9999 -9999 -9999 -9999 -9999 -9999 -9999 -9999 -9999 -9999 -9999 -9999
19876 19698 19529 19425 19172 19001 18830 18667 18503 18337 18369 18278 -9999 17972 17772 17559 17448 17336 17232 17154 17045 16934 16795 16718 16531 16368 16211 16077 15953 15891 15849 15832 15833 15821 15843 15805 15796 15787 15789 15769 15787 15745 15741 15714 15704 15668 15646 15604 15614 15624 -9999 -9999 -9999 -9999 15463 -9999 -9999 -9999 -9999 -9999 -9999 -9999 -9999 -9999 -9999 -9999 -9999 -9999 -9999 -9999 -9999 -9999 -9999 -9999 -9999 -9999 -9999
20457 20272 20078 19892 19714 19527 19348 19178 19016 18853 18689 18699 18551 18411 18176 18050 17941 17831 17728 17634 17537 17427 17327 17224 17130 16925 16735 16578 16459 16326 16190 16133 16067 16055 16035 16022 16000 15995 15974 15962 15945 15931 15905 15893 15867 15841 15798 15766 15721 15742 15748 -9999 -9999 15586 15527 15420 -9999 -9999 -9999 -9999 -9999 -9999 -9999 -9999 -9999 -9999 -9999 -9999 -9999 -9999 -9999 -9999 -9999 -9999 -9999 -9999 -9999
21064 20853 20669 20474 20271 20067 19890 19722 19554 19394 19233 19089 19034 18824 18702 18588 18463 18344 18252 18140 18046 17958 17840 17740 17627 17513 17345 17192 17005 16831 16718 16563 16440 16313 16299 16260 16240 16221 16198 16180 16161 16129 16106 16083 16061 16024 15980 15941 15900 15856 15870 15864 15824 15747 15591 15531 15452 -9999 -9999 -9999 -9999 -9999 -9999 -9999 -9999 -9999 -9999 -9999 -9999 -9999 -9999 -9999 -9999 -9999 -9999 -9999 -9999
21668 21467 21265 21062 20851 20657 20464 20289 20133 19958 19800 19651 19518 19392 19256 19135 19020 18894 18785 18684 18591 18486 18390 18272 18161 18030 17916 17782 17624 17463 17259 17095 16914 16762 16617 16550 16514 16474 16454 16428 16396 16361 16338 16307 16267 16233 16187 16143 16094 16042 16008 16003 15968 15883 15785 15647 15644 15658 -9999 -9999 -9999 -9999 -9999 -9999 -9999 -9999 15438 -9999 -9999 -9999 -9999 -9999 -9999 -9999 -9999 -9999 -9999
22287 22086 21876 21665 21455 21262 21061 20889 20717 20553 20379 20225 20087 19975 19842 19717 19596 19481 19356 19265 19155 19052 18938 18841 18704 18594 18453 18341 18207 18063 17897 17675 17480 17275 17099 16943 16819 16775 16739 16698 16656 16632 16588 16550 16508 16461 16413 16361 16311 16256 16202 16170 16133 16082 15999 15887 15828 15850 15860 15887 15887 -9999 -9999 -9999 -9999 15578 15523 15484 15490 15469 -9999 -9999 -9999 15313 -9999 -9999 -9999
22915 22698 22498 22280 22081 21863 21682 21493 21323 21143 20973 20812 20688 20554 20444 20321 20206 20086 19963 19856 19756 19635 19532 19409 19294 19167 19048 18909 18778 18635 18492 18339 18086 17864 17646 17466 17294 17152 17056 16997 16958 16905 16859 16812 16767 16713 16658 16603 16539 16481 16425 16379 16346 16297 16239 16157 16091 16064 16062 16029 16033 16060 -9999 -9999 15856 15769 15669 15641 15595 15573 15550 15527 15443 15420 15411 -9999 -9999
23535 23337 23113 22915 22700 22503 22297 22120 21926 21759 21583 21444 21305 21175 21050 20942 20822 20706 20596 20473 20357 20257 20126 20024 19892 19778 19642 19515 19366 19226 19065 18903 18730 18495 18269 18054 17856 17658 17483 17334 17264 17209 17152 17102 17043 16987 16930 16866 16792 16720 16659 16605 16571 16531 16482 16429 16379 16331 16295 16253 16213 16238 16220 16175 16089 15961 15899 15843 15786 15735 15718 15667 15616 15540 15577 15596 -9999
24184 23952 23765 23533 23346 23125 22931 22731 22568 22387 22225 22073 21938 21811 21691 21568 21453 21342 21236 21108 21004 20878 20768 20648 20527 20387 20273 20129 19973 19816 19657 19498 19307 19125 18943 18703 18464 18225 18001 17811 17610 17536 17468 17409 17347 17281 17216 17150 17066 16976 16906 16856 16813 16772 16729 16704 16669 16623 16574 16528 16475 16432 16434 16375 16279 16210 16144 16084 16022 15960 15906 15852 15806 15761 15718 15751 15771
24795 24607 24376 24181 23960 23768 23552 23373 23187 23029 22862 22713 22573 22450 22325 22208 22107 21992 21873 21768 21658 21535 21418 21290 21161 21032 20893 20752 20599 20434 20269 20092 19914 19715 19535 19345 19112 18830 18568 18301 18110 17928 17818 17740 17675 17598 17523 17440 17346 17253 17172 17119 17061 17031 17000 16983 16961 16914 16870 16811 16762 16714 16651 16591 16531 16473 16403 16331 16266 16208 16150 16093 16036 15988 15949 15913 15918
25437 25215 25011 24791 24592 24386 24201 24008 23834 23662 23506 23360 23223 23094 22974 22860 22763 22653 22539 22429 22306 22205 22082 21948 21802 21675 21539 21392 21232 21061 20879 20705 20509 20313 20115 19916 19695 19462 19140 18890 18645 18442 18258 18103 18011 17931 17829 17737 17640 17543 17459 17389 17335 17284 17280 17274 17252 17223 17157 17102 17056 16979 16920 16863 16798 16728 16654 16586 16524 16462 16401 16340 16280 16229 16180 16141 16105
26031 25828 25610 25413 25211 25019 24830 24659 24489 24327 24164 24010 23874 23756 23646 23536 23424 23308 23208 23093 22984 22870 22743 22602 22458 22324 22191 22047 21872 21685 21506 21305 21113 20909 20704 20477 20248 20007 19787 19490 19240 18987 18772 18559 18372 18273 18159 18047 17946 17846 17751 17678 17613 17565 17546 17568 17553 17506 17452 17392 17326 17260 17196 17126 17057 16982 16911 16839 16773 16708 16642 16577 16522 16468 16416 16368 16337
26621 26414 26210 26020 25832 25647 25481 25313 25145 24976 24824 24680 24545 24418 24310 24201 24100 23988 23864 23764 23659 23541 23399 23262 23122 22981 22851 22680 22499 22306 22120 21923 21715 21494 21271 21046 20810 20562 20323 20095 19821 19554 19273 19037 18824 18622 18496 18380 18267 18154 18055 17963 17897 17839 17825 17849 17837 17797 17722 17666 17594 17532 17464 17381 17307 17236 17160 17084 17006 16937 16867 16807 16748 16691 16644 16601 16553
27169 26984 26804 26620 26457 26276 26112 25956 25799 25640 25482 25340 25206 25090 24983 24875 24758 24649 24546 24431 24322 24190 24071 23929 23785 23648 23481 23313 23124 22935 22724 22520 22304 22086 21846 21604 21360 21104 20858 20600 20362 20091 19787 19527 19268 19049 18846 18718 18584 18466 18355 18260 18167 18116 18104 18124 18122 18054 18000 17922 17863 17788 17707 17635 17565 17481 17402 17321 17247 17173 17100 17036 16973 16921 16871 16818 16775
27710 27531 27366 27214 27046 26893 26731 26577 26430 26283 26135 25995 25873 25749 25635 25529 25422 25315 25206 25087 24963 24863 24731 24595 24456 24285 24130 23936 23751 23536 23338 23117 22894 22658 22410 22150 21899 21635 21370 21114 20836 20578 20309 19990 19737 19475 19264 19042 18904 18764 18649 18542 18454 18386 18365 18395 18383 18336 18253 18179 18107 18044 17966 17881 17799 17726 17643 17566 17488 17410 17341 17273 17207 17143 17083 17034 16997
28226 28070 27912 27764 27623 27472 27329 27195 27050 26914 26776 26647 26518 26396 26283 26188 26083 25960 25845 25728 25627 25514 25389 25249 25096 24938 24748 24559 24349 24157 23942 23714 23464 23212 22966 22697 22417 22144 21881 21595 21310 21022 20754 20474 20165 19918 19641 19415 19217 19064 18927 18826 18727 18655 18631 18651 18644 18577 18506 18419 18351 18275 18201 18120 18041 17957 17877 17795 17713 17639 17566 17494 17433 17366 17296 17244 17198
28696 28564 28428 28308 28171 28031 27899 27775 27650 27516 27398 27270 27142 27022 26920 26818 26715 26602 26479 26365 26251 26144 26023 25879 25722 25550 25356 25152 24955 24747 24526 24272 24024 23755 23491 23215 22936 22644 22351 22057 21751 21454 21155 20866 20598 20299 20022 19748 19528 19336 19204 19090 18989 18906 18877 18892 18863 18817 18717 18644 18571 18499 18429 18352 18269 18188 18104 18018 17932 17846 17769 17710 17645 17575 17509 17448 17391
29126 29010 28911 28795 28686 28566 28446 28325 28211 28096 27981 27864 27747 27629 27528 27428 27335 27224 27094 26973 26862 26742 26626 26487 26317 26133 25935 25743 25531 25306 25060 24809 24544 24276 23996 23702 23414 23104 22801 22487 22171 21843 21514 21226 20937 20656 20355 20083 19808 19606 19451 19334 19230 19144 19102 19101 19083 19007 18929 18835 18767 18699 18633 18552 18473 18396 18308 18219 18129 18039 17967 17912 17844 17771 17703 17639 17580
29503 29423 29327 29231 29141 29042 28942 28832 28738 28635 28523 28426 28320 28214 28115 28026 27927 27817 27689 27561 27445 27338 27209 27058 26883 26705 26511 26295 26077 25836 25583 25315 25023 24748 24459 24167 23840 23520 23199 22864 22539 22201 21851 21532 21243 20954 20663 20359 20096 19857 19685 19546 19439 19350 19293 19294 19262 19190 19099 19019 18938 18867 18806 18729 18655 18575 18491 18398 18312 18227 18151 18085 18022 17962 17883 17809 17748
29843 29773 29688 29627 29556 29468 29387 29314 29214 29131 29047 28962 28860 28756 28678 28591 28485 28369 28253 28129 28007 27896 27763 27608 27439 27246 27048 26817 26583 26336 26076 25781 25482 25178 24881 24560 24224 23895 23554 23210 22854 22507 22168 21816 21507 21217 20916 20607 20330 20089 19875 19733 19605 19512 19459 19444 19414 19330 19254 19170 19087 19012 18947 18884 18806 18722 18636 18563 18474 18394 18323 18246 18187 18117 18043 17967 17896
30131 30079 30028 29969 29916 29855 29802 29739 29667 29595 29530 29440 29365 29282 29180 29104 29001 28888 28766 28645 28529 28413 28278 28129 27946 27749 27537 27320 27070 26807 26520 26217 25910 25588 25252 24922 24577 24218 23857 23503 23149 22781 22432 22070 21728 21428 21126 20816 20527 20251 20046 19875 19744 19639 19581 19576 19524 19471 19375 19289 19211 19142 19074 19008 18935 18849 18775 18699 18615 18532 18466 18402 18325 18244 18168 18105 18033
30368 30349 30316 30274 30224 30206 30162 30118 30073 30020 29957 29886 29822 29741 29659 29568 29475 29356 29245 29120 29009 28891 28761 28590 28413 28212 27995 27754 27508 27227 26933 26612 26277 25937 25592 25231 24877 24499 24117 23743 23378 23012 22621 22270 21928 21584 21271 20967 20653 20397 20157 19995 19836 19728 19675 19666 19627 19554 19473 19375 19304 19240 19169 19109 19034 18961 18877 18806 18736 18665 18589 18514 18435 18352 18282 18217 18151
30556 30553 30545 30528 30512 30486 30469 30451 30433 30381 30337 30293 30223 30152 30089 30000 29893 29793 29677 29566 29442 29329 29187 29031 28822 28626 28395 28157 27875 27598 27285 26957 26594 26244 25880 25500 25126 24738 24346 23941 23556 23168 22788 22416 22063 21708 21373 21047 20760 20470 20250 20039 19899 19788 19723 19720 19678 19612 19520 19438 19356 19299 19251 19180 19111 19036 18973 18893 18828 18763 18684 18616 18527 18450 18377 18311 18252
30689 30707 30723 30731 30732 30732 30740 30740 30723 30698 30664 30638 30586 30526 30456 30369 30289 30175 30064 29958 29849 29714 29567 29397 29211 28982 28755 28482 28213 27889 27578 27231 26879 26490 26096 25717 25323 24925 24511 24096 23669 23281 22901 22508 22123 21778 21432 21105 20786 20512 20255 20075 19914 19802 19744 19730 19713 19620 19536 19461 19394 19327 19286 19230 19167 19098 19034 18967 18900 18826 18761 18690 18607 18521 18447 18387 18323
30777 30822 30851 30884 30918 30951 30968 30969 30969 30970 30954 30921 30896 30846 30777 30700 30613 30520 30415 30307 30176 30055 29903 29727 29517 29309 29047 28768 28462 28160 27811 27455 27083 26684 26270 25871 25457 25048 24614 24177 23760 23341 22940 22535 22160 21783 21436 21099 20790 20481 20250 20049 19898 19786 19729 19723 19680 19621 19519 19451 19392 19341 19290 19250 19186 19132 19066 19014 18938 18870 18803 18739 18655 18567 18500 18440 18386
30830 30885 30940 30996 31062 31104 31138 31164 31181 31183 31176 31169 31145 31104 31045 30987 30894 30807 30717 30597 30471 30335 30176 29984 29776 29542 29291 28985 28671 28341 27993 27618 27236 26817 26382 25952 25538 25107 24652 24206 23778 23347 22914 22519 22133 21745 21387 21060 20726 20439 20179 20005 19844 19743 19687 19674 19640 19571 19486 19410 19367 19324 19281 19223 19183 19129 19078 19009 18948 18879 18827 18746 18677 18603 18527 18467 18401
30833 30906 30979 31069 31141 31207 31265 31308 31334 31344 31363 31356 31350 31310 31261 31196 31128 31047 30953 30838 30707 30554 30378 30187 29971 29719 29449 29144 28802 28462 28105 27730 27307 26878 26443 25992 25556 25104 24639 24181 23732 23290 22866 22439 22031 21653 21306 20952 20629 20325 20079 19897 19762 19651 19598 19597 19557 19489 19422 19363 19312 19277 19234 19192 19144 19097 19038 18993 18923 18878 18802 18744 18673 18599 18530 18463 18406
