ASPA-UH-SWB2_REPO/dynamic_inputs/RO_Rf_Ratios_Dynamic/Data/Gridded_rain/PRISM_ppt_tutuila_30yr_normal_80mM1_05_asc.asc
ncols 381
nrows 202
xllcorner -170.851658
yllcorner -14.379175
cellsize 0.00083333333
NODATA_value -9999
[rows 34 to 67 of 202, columns 231 to 307 of 381]
-9999 -9999 -9999 -9999 -9999 -9999 -9999 -9999 -9999 -9999 -9999 -9999 -9999 -9999 -9999 -9999 -9999 -9999 -9999 -9999 -9999 -9999 -9999 -9999 -9999 -9999 -9999 -9999 -9999 -9999 -9999 -9999 -9999 -9999 -9999 -9999 -9999 -9999 -9999 -9999 -9999 -9999 -9999 -9999 -9999 -9999 -9999 -9999 -9999 -9999 -9999 -9999 -9999 -9999 -9999 -9999 -9999 -9999 -9999 -9999 -9999 -9999 -9999 -9999 -9999 -9999 -9999 -9999 -9999 -9999 -9999 -9999 -9999 -9999 -9999 -9999 -9999
-9999 -9999 -9999 -9999 -9999 -9999 -9999 -9999 -9999 -9999 -9999 -9999 -9999 -9999 -9999 -9999 -9999 -9999 -9999 -9999 -9999 -9999 -9999 -9999 -9999 -9999 -9999 -9999 -9999 -9999 -9999 -9999 -9999 -9999 -9999 -9999 -9999 -9999 -9999 -9999 -9999 -9999 -9999 -9999 -9999 -9999 -9999 -9999 -9999 -9999 -9999 -9999 -9999 -9999 -9999 -9999 -9999 -9999 -9999 -9999 -9999 -9999 -9999 -9999 -9999 -9999 -9999 -9999 -9999 -9999 -9999 -9999 -9999 -9999 -9999 -9999 -9999
-9999 -9999 -9999 -9999 -9999 -9999 -9999 -9999 -9999 -9999 -9999 -9999 -9999 -9999 -9999 -9999 -9999 -9999 -9999 -9999 -9999 -9999 -9999 -9999 -9999 -9999 -9999 -9999 -9999 -9999 -9999 -9999 -9999 -9999 -9999 -9999 -9999 -9999 -9999 -9999 -9999 -9999 -9999 -9999 -9999 -9999 -9999 -9999 -9999 -9999 -9999 -9999 -9999 -9999 -9999 -9999 -9999 -9999 -9999 -9999 -9999 -9999 -9999 -9999 -9999 -9999 -9999 -9999 -9999 -9999 -9999 -9999 -9999 -9999 -9999 -9999 -9999
-9999 -9999 -9999 -9999 -9999 -9999 -9999 -9999 -9999 -9999 -9999 -9999 -9999 -9999 -9999 -9999 -9999 -9999 -9999 -9999 -9999 -9999 23548 23430 -9999 -9999 -9999 -9999 -9999 22317 22195 -9999 -9999 -9999 -9999 -9999 -9999 -9999 -9999 -9999 -9999 -9999 -9999 -9999 19737 -9999 -9999 -9999 -9999 -9999 -9999 -9999 -9999 -9999 -9999 -9999 -9999 -9999 -9999 -9999 -9999 -9999 -9999 -9999 -9999 -9999 -9999 -9999 -9999 -9999 -9999 -9999 -9999 -9999 -9999 -9999 -9999
28449 -9999 -9999 -9999 -9999 -9999 26937 26787 -9999 -9999 -9999 -9999 -9999 -9999 -9999 -9999 -9999 -9999 -9999 -9999 -9999 23889 23697 23638 23565 -9999 -9999 -9999 22680 22455 22383 22285 -9999 -9999 -9999 -9999 -9999 -9999 -9999 -9999 -9999 -9999 -9999 19956 19866 19787 -9999 -9999 -9999 -9999 -9999 -9999 -9999 -9999 -9999 -9999 -9999 -9999 -9999 -9999 -9999 -9999 -9999 -9999 -9999 -9999 -9999 -9999 -9999 -9999 -9999 -9999 -9999 -9999 -9999 -9999 -9999
28776 28667 -9999 -9999 -9999 27407 27128 27026 26917 -9999 -9999 -9999 -9999 -9999 -9999 -9999 25327 25198 -9999 -9999 24458 24228 24012 23847 23791 23656 23521 23254 23021 22774 22576 22537 22461 -9999 -9999 -9999 21690 21579 -9999 -9999 -9999 -9999 20408 20222 20012 19988 19925 -9999 -9999 -9999 -9999 -9999 -9999 -9999 -9999 -9999 -9999 -9999 -9999 -9999 -9999 -9999 -9999 -9999 -9999 -9999 -9999 -9999 -9999 -9999 -9999 -9999 -9999 -9999 -9999 -9999 -9999
29044 28994 28786 -9999 28162 27823 27513 27271 27232 27132 -9999 -9999 -9999 -9999 -9999 25739 25496 25388 25275 25062 24842 24586 24406 24254 24080 23966 23766 23587 23344 23146 22960 22763 22738 22574 -9999 22109 21863 21712 21638 21446 -9999 20940 20713 20477 20312 20152 20120 20077 -9999 -9999 -9999 -9999 -9999 -9999 -9999 -9999 -9999 -9999 -9999 -9999 -9999 -9999 -9999 -9999 -9999 -9999 -9999 -9999 -9999 -9999 -9999 -9999 -9999 -9999 -9999 -9999 -9999
29534 29258 29140 28861 28573 28220 27970 27721 27483 27440 27338 -9999 -9999 -9999 26348 26118 25859 25692 25593 25420 25181 25006 24848 24679 24508 24325 24141 23946 23770 23574 23368 23182 22965 22911 22684 22456 22173 21984 21837 21702 21461 21277 20995 20828 20629 20457 20303 20288 20268 -9999 -9999 -9999 -9999 -9999 -9999 -9999 -9999 -9999 -9999 -9999 -9999 -9999 -9999 -9999 -9999 -9999 -9999 -9999 -9999 -9999 -9999 -9999 -9999 -9999 -9999 -9999 -9999
30029 29750 29481 29275 28937 28677 28420 28173 27929 27687 27654 27479 -9999 27002 26737 26485 26309 26130 25960 25814 25637 25457 25294 25139 24953 24773 24592 24410 24217 24023 23839 23613 23419 23204 23060 22788 22575 22364 22178 21949 21814 21546 21373 21158 20993 20786 20630 20480 20456 20452 -9999 -9999 -9999 -9999 20480 -9999 -9999 -9999 -9999 -9999 -9999 -9999 -9999 -9999 -9999 -9999 -9999 -9999 -9999 -9999 -9999 -9999 -9999 -9999 -9999 -9999 -9999
30551 30261 29966 29683 29410 29134 28870 28618 28378 28140 27905 27837 27615 27405 27124 26935 26764 26592 26427 26270 26110 25937 25770 25601 25439 25245 25059 24891 24691 24511 24298 24107 23883 23670 23447 23235 23001 22802 22571 22365 22150 21950 21730 21549 21349 21164 20959 20805 20666 20668 20657 -9999 -9999 20600 20598 20578 -9999 -9999 -9999 -9999 -9999 -9999 -9999 -9999 -9999 -9999 -9999 -9999 -9999 -9999 -9999 -9999 -9999 -9999 -9999 -9999 -9999
31082 30763 30472 30177 29880 29587 29324 29075 28830 28598 28370 28161 28034 27773 27591 27419 27236 27061 26911 26742 26590 26443 26266 26103 25927 25749 25558 25375 25190 24993 24806 24586 24387 24156 23945 23692 23472 23252 23023 22806 22591 22357 22148 21943 21754 21545 21339 21160 21008 20877 20874 20852 20838 20797 20704 20757 20772 -9999 -9999 -9999 -9999 -9999 -9999 -9999 -9999 -9999 -9999 -9999 -9999 -9999 -9999 -9999 -9999 -9999 -9999 -9999 -9999
31593 31276 30964 30658 30349 30063 29785 29530 29299 29057 28837 28629 28441 28261 28073 27900 27733 27557 27396 27242 27096 26940 26789 26615 26446 26255 26080 25883 25703 25511 25297 25113 24886 24670 24431 24213 23973 23723 23507 23280 23045 22811 22603 22386 22162 21964 21757 21565 21374 21215 21101 21076 21019 20980 20950 20921 20968 20991 -9999 -9999 -9999 -9999 -9999 -9999 -9999 -9999 19563 -9999 -9999 -9999 -9999 -9999 -9999 -9999 -9999 -9999 -9999
32097 31774 31450 31130 30819 30531 30245 29993 29749 29522 29293 29088 28903 28745 28570 28401 28237 28079 27909 27772 27615 27464 27303 27157 26968 26804 26607 26436 26242 26036 25848 25627 25426 25192 24957 24721 24496 24248 24012 23766 23521 23311 23070 22843 22618 22395 22188 21984 21792 21589 21431 21325 21262 21216 21194 21181 21152 21165 21149 21149 21125 -9999 -9999 -9999 -9999 19722 19667 19637 19664 19664 -9999 -9999 -9999 19687 -9999 -9999 -9999
32584 32243 31920 31591 31285 30974 30704 30438 30198 29960 29740 29537 29373 29204 29061 28908 28760 28607 28448 28303 28163 28001 27855 27690 27530 27356 27187 26994 26808 26608 26406 26191 25953 25733 25492 25272 25029 24795 24540 24273 24041 23788 23549 23310 23086 22851 22632 22428 22212 22006 21791 21656 21559 21474 21442 21417 21418 21331 21347 21224 21107 20956 -9999 -9999 20045 19944 19835 19818 19790 19791 19799 19815 19776 19782 19808 -9999 -9999
33036 32703 32357 32040 31719 31423 31133 30878 30621 30400 30181 30006 29839 29685 29540 29412 29272 29136 29002 28850 28703 28568 28403 28262 28094 27939 27760 27586 27389 27196 26981 26762 26530 26273 26059 25832 25605 25343 25079 24815 24540 24289 24038 23801 23554 23321 23101 22885 22656 22425 22208 21994 21865 21774 21690 21652 21577 21560 21436 21284 21078 20910 20710 20452 20331 20171 20103 20050 20003 19972 19983 19961 19944 19909 19974 20027 -9999
33489 33120 32796 32446 32145 31828 31550 31282 31060 30834 30636 30456 30300 30161 30034 29907 29785 29667 29550 29407 29280 29129 28991 28841 28688 28516 28366 28182 27984 27781 27573 27361 27115 26876 26635 26415 26170 25900 25618 25346 25073 24801 24541 24294 24048 23804 23573 23355 23113 22858 22627 22423 22233 22070 21962 21844 21793 21653 21532 21373 21188 20971 20800 20695 20560 20467 20389 20326 20268 20216 20179 20148 20131 20119 20114 20179 20224
33894 33551 33183 32856 32525 32238 31949 31709 31478 31280 31085 30914 30760 30630 30507 30396 30304 30197 30082 29975 29856 29718 29582 29432 29279 29123 28957 28784 28595 28391 28183 27959 27731 27478 27244 26996 26744 26457 26168 25889 25620 25339 25069 24800 24555 24300 24057 23814 23559 23304 23060 22854 22638 22460 22258 22138 21973 21866 21688 21543 21366 21190 21066 20958 20862 20781 20692 20608 20538 20485 20436 20392 20354 20330 20321 20317 20350
34315 33934 33578 33235 32932 32650 32404 32164 31954 31752 31571 31403 31251 31114 30992 30888 30806 30721 30627 30530 30414 30311 30180 30033 29872 29726 29569 29398 29210 29007 28789 28575 28334 28089 27840 27587 27308 27014 26730 26456 26168 25890 25610 25331 25053 24797 24518 24263 24008 23752 23507 23275 23069 22851 22670 22454 22306 22115 21996 21798 21675 21519 21398 21290 21184 21081 20981 20896 20825 20759 20697 20639 20587 20549 20517 20499 20488
34692 34316 33962 33657 33375 33123 32892 32690 32493 32304 32117 31938 31778 31642 31524 31415 31316 31225 31160 31075 30987 30887 30765 30623 30473 30328 30182 30023 29829 29617 29409 29175 28944 28697 28445 28167 27884 27585 27306 27013 26740 26441 26153 25842 25564 25285 24994 24715 24459 24202 23944 23710 23490 23269 23048 22851 22656 22475 22321 22167 22013 21870 21739 21610 21494 21380 21279 21181 21097 21017 20941 20869 20811 20759 20712 20671 20653
35065 34704 34383 34108 33863 33643 33448 33256 33064 32871 32693 32522 32359 32206 32075 31956 31858 31765 31675 31618 31549 31459 31338 31212 31076 30934 30798 30622 30430 30221 30014 29791 29550 29292 29027 28756 28469 28166 27870 27582 27278 26983 26652 26376 26065 25764 25461 25182 24913 24643 24384 24124 23901 23664 23439 23226 23025 22850 22663 22514 22351 22211 22070 21919 21793 21678 21564 21453 21345 21251 21161 21083 21011 20943 20889 20842 20792
35432 35111 34836 34591 34395 34193 34005 33824 33641 33459 33275 33107 32946 32801 32664 32531 32407 32305 32229 32158 32100 32010 31923 31806 31676 31547 31384 31218 31028 30832 30607 30384 30143 29893 29616 29333 29042 28735 28433 28116 27818 27481 27175 26867 26556 26233 25930 25639 25346 25074 24801 24540 24278 24050 23821 23590 23396 23177 23020 22838 22691 22530 22368 22229 22101 21963 21837 21713 21601 21493 21387 21294 21206 21130 21060 20987 20929
35824 35532 35295 35108 34915 34737 34551 34372 34201 34028 33856 33691 33541 33391 33248 33114 32983 32873 32782 32702 32634 32586 32500 32399 32286 32133 31991 31806 31628 31414 31210 30977 30734 30474 30194 29897 29603 29291 28974 28662 28322 28002 27665 27336 27027 26704 26390 26062 25768 25471 25196 24921 24669 24415 24169 23946 23733 23545 23343 23165 22997 22850 22690 22528 22378 22250 22111 21983 21857 21733 21621 21512 21407 21305 21209 21127 21061
36222 35973 35771 35596 35428 35251 35083 34921 34752 34590 34428 34273 34118 33971 33832 33709 33577 33439 33332 33246 33199 33148 33078 32985 32868 32739 32571 32399 32203 32018 31805 31571 31308 31035 30764 30462 30143 29826 29514 29173 28828 28477 28143 27794 27464 27154 26805 26488 26169 25859 25558 25294 25027 24770 24520 24279 24074 23854 23670 23471 23306 23138 22980 22819 22669 22516 22375 22233 22092 21963 21835 21709 21596 21479 21356 21258 21166
36595 36397 36228 36079 35915 35750 35592 35441 35290 35131 34987 34834 34682 34538 34409 34282 34153 34018 33892 33802 33740 33698 33641 33554 33444 33311 33147 32967 32790 32596 32383 32129 31874 31589 31304 30999 30685 30352 30011 29664 29299 28940 28575 28216 27877 27545 27209 26856 26536 26200 25910 25632 25363 25091 24837 24591 24356 24166 23939 23757 23583 23418 23261 23101 22939 22786 22631 22476 22320 22166 22022 21900 21771 21635 21504 21380 21264
36948 36781 36651 36508 36372 36226 36081 35934 35795 35655 35515 35374 35232 35091 34966 34842 34724 34589 34449 34346 34282 34229 34184 34110 33996 33859 33699 33538 33352 33149 32915 32670 32402 32124 31826 31506 31186 30836 30489 30122 29749 29358 28961 28605 28243 27901 27554 27214 26845 26531 26216 25936 25665 25390 25120 24858 24641 24409 24211 23998 23829 23667 23512 23342 23181 23027 22860 22691 22521 22352 22204 22075 21930 21779 21632 21492 21359
37259 37134 37011 36887 36770 36645 36520 36387 36268 36141 36007 35886 35757 35629 35508 35395 35273 35142 35001 34884 34813 34773 34719 34639 34528 34403 34254 34076 33891 33677 33442 33184 32893 32611 32308 31993 31635 31278 30912 30526 30144 29744 29325 28935 28575 28210 27863 27499 27155 26805 26500 26193 25920 25642 25357 25102 24869 24644 24427 24231 24042 23873 23721 23554 23393 23228 23061 22879 22707 22534 22371 22219 22068 21921 21750 21585 21438
37538 37425 37315 37223 37125 37013 36908 36810 36691 36585 36479 36372 36250 36127 36027 35920 35795 35661 35531 35414 35338 35294 35239 35159 35058 34926 34779 34592 34396 34180 33943 33662 33368 33060 32751 32409 32043 31678 31293 30899 30485 30075 29669 29244 28861 28496 28114 27751 27393 27055 26712 26415 26116 25835 25559 25288 25063 24820 24623 24421 24226 24048 23889 23736 23566 23391 23213 23053 22869 22694 22527 22352 22197 22026 21851 21673 21503
37770 37674 37592 37506 37426 37340 37261 37175 37083 36991 36905 36798 36706 36605 36488 36394 36275 36147 36015 35903 35833 35788 35733 35662 35552 35419 35264 35095 34888 34660 34399 34114 33815 33492 33145 32795 32422 32026 31621 31217 30805 30374 29957 29521 29102 28725 28343 27954 27597 27221 26901 26578 26276 25981 25702 25453 25199 25001 24774 24567 24377 24205 24039 23878 23712 23528 23362 23191 23007 22820 22653 22485 22298 22105 21918 21748 21567
37962 37889 37823 37752 37677 37628 37560 37493 37427 37354 37275 37188 37109 37014 36919 36815 36711 36581 36464 36357 36296 36253 36207 36118 36017 35884 35728 35538 35337 35095 34830 34530 34204 33864 33509 33129 32748 32332 31905 31480 31058 30627 30165 29741 29321 28896 28500 28112 27717 27377 27019 26707 26378 26080 25811 25559 25326 25100 24893 24668 24486 24320 24147 23992 23819 23650 23464 23295 23123 22947 22759 22571 22374 22171 21983 21803 21623
38120 38050 38004 37954 37907 37855 37811 37767 37726 37658 37598 37538 37456 37375 37300 37203 37088 36980 36867 36784 36719 36686 36633 36562 36434 36310 36142 35958 35723 35486 35204 34898 34545 34197 33823 33424 33022 32596 32159 31699 31255 30802 30351 29903 29471 29033 28612 28198 27826 27448 27114 26751 26445 26144 25860 25618 25383 25166 24943 24739 24540 24382 24240 24067 23899 23723 23564 23377 23207 23033 22836 22649 22434 22232 22036 21849 21677
38249 38177 38143 38113 38081 38050 38028 38002 37964 37921 37871 37830 37767 37698 37621 37528 37442 37326 37229 37163 37123 37077 37022 36941 36838 36684 36523 36307 36086 35802 35523 35198 34857 34469 34065 33667 33244 32807 32346 31876 31385 30931 30479 30008 29539 29111 28677 28261 27852 27485 27112 26784 26451 26149 25876 25619 25419 25162 24949 24754 24577 24403 24269 24114 23953 23783 23618 23447 23270 23079 22896 22702 22490 22271 22069 21886 21711
38362 38282 38244 38232 38225 38221 38208 38185 38163 38143 38111 38067 38030 37971 37898 37818 37728 37642 37566 37509 37461 37433 37375 37291 37168 37038 36843 36622 36365 36104 35785 35451 35090 34691 34265 33846 33401 32952 32468 31974 31493 31004 30528 30043 29585 29119 28684 28254 27855 27450 27100 26745 26424 26120 25845 25599 25359 25151 24911 24727 24559 24406 24257 24124 23958 23808 23638 23484 23292 23106 22918 22729 22512 22289 22092 21909 21750
38471 38371 38325 38319 38336 38340 38340 38338 38332 38314 38292 38272 38238 38190 38129 38066 37979 37914 37866 37814 37778 37739 37677 37579 37459 37305 37123 36875 36610 36319 36001 35645 35273 34852 34404 33950 33503 33031 32523 32016 31523 31020 30507 30032 29560 29081 28632 28213 27788 27405 27016 26685 26349 26057 25780 25521 25292 25070 24854 24656 24511 24370 24231 24072 23939 23786 23636 23457 23284 23095 22924 22711 22511 22304 22095 21913 21742
38574 38459 38396 38387 38398 38419 38439 38451 38453 38444 38443 38425 38408 38363 38312 38252 38202 38157 38122 38088 38053 37998 37920 37823 37696 37524 37324 37076 36781 36478 36148 35791 35374 34941 34490 34012 33542 33045 32523 32003 31484 30968 30464 29951 29453 28984 28545 28101 27685 27275 26897 26552 26240 25934 25656 25408 25167 24945 24753 24580 24423 24292 24153 24017 23872 23729 23568 23420 23234 23076 22872 22689 22486 22278 22077 21886 21731
