ASPA-UH-SWB2_REPO/dynamic_inputs/RO_Rf_Ratios_Dynamic/Data/Gridded_rain/PRISM_ppt_tutuila_30yr_normal_80mM1_01_asc.asc
ncols 381
nrows 202
xllcorner -170.851658
yllcorner -14.379175
cellsize 0.00083333333
NODATA_value -9999
[rows 34 to 67 of 202, columns 231 to 307 of 381]
-9999 -9999 -9999 -9999 -9999 -9999 -9999 -9999 -9999 -9999 -9999 -9999 -9999 -9999 -9999 -9999 -9999 -9999 -9999 -9999 -9999 -9999 -9999 -9999 -9999 -9999 -9999 -9999 -9999 -9999 -9999 -9999 -9999 -9999 -9999 -9999 -9999 -9999 -9999 -9999 -9999 -9999 -9999 -9999 -9999 -9999 -9999 -9999 -9999 -9999 -9999 -9999 -9999 -9999 -9999 -9999 -9999 -9999 -9999 -9999 -9999 -9999 -9999 -9999 -9999 -9999 -9999 -9999 -9999 -9999 -9999 -9999 -9999 -9999 -9999 -9999 -9999
-9999 -9999 -9999 -9999 -9999 -9999 -9999 -9999 -9999 -9999 -9999 -9999 -9999 -9999 -9999 -9999 -9999 -9999 -9999 -9999 -9999 -9999 -9999 -9999 -9999 -9999 -9999 -9999 -9999 -9999 -9999 -9999 -9999 -9999 -9999 -9999 -9999 -9999 -9999 -9999 -9999 -9999 -9999 -9999 -9999 -9999 -9999 -9999 -9999 -9999 -9999 -9999 -9999 -9999 -9999 -9999 -9999 -9999 -9999 -9999 -9999 -9999 -9999 -9999 -9999 -9999 -9999 -9999 -9999 -9999 -9999 -9999 -9999 -9999 -9999 -9999 -9999
-9999 -9999 -9999 -9999 -9999 -9999 -9999 -9999 -9999 -9999 -9999 -9999 -9999 -9999 -9999 -9999 -9999 -9999 -9999 -9999 -9999 -9999 -9999 -9999 -9999 -9999 -9999 -9999 -9999 -9999 -9999 -9999 -9999 -9999 -9999 -9999 -9999 -9999 -9999 -9999 -9999 -9999 -9999 -9999 -9999 -9999 -9999 -9999 -9999 -9999 -9999 -9999 -9999 -9999 -9999 -9999 -9999 -9999 -9999 -9999 -9999 -9999 -9999 -9999 -9999 -9999 -9999 -9999 -9999 -9999 -9999 -9999 -9999 -9999 -9999 -9999 -9999
-9999 -9999 -9999 -9999 -9999 -9999 -9999 -9999 -9999 -9999 -9999 -9999 -9999 -9999 -9999 -9999 -9999 -9999 -9999 -9999 -9999 -9999 29217 29159 -9999 -9999 -9999 -9999 -9999 28640 28581 -9999 -9999 -9999 -9999 -9999 -9999 -9999 -9999 -9999 -9999 -9999 -9999 -9999 27421 -9999 -9999 -9999 -9999 -9999 -9999 -9999 -9999 -9999 -9999 -9999 -9999 -9999 -9999 -9999 -9999 -9999 -9999 -9999 -9999 -9999 -9999 -9999 -9999 -9999 -9999 -9999 -9999 -9999 -9999 -9999 -9999
32168 -9999 -9999 -9999 -9999 -9999 31175 31081 -9999 -9999 -9999 -9999 -9999 -9999 -9999 -9999 -9999 -9999 -9999 -9999 -9999 29461 29350 29328 29318 -9999 -9999 -9999 28902 28765 28731 28703 -9999 -9999 -9999 -9999 -9999 -9999 -9999 -9999 -9999 -9999 -9999 27575 27525 27467 -9999 -9999 -9999 -9999 -9999 -9999 -9999 -9999 -9999 -9999 -9999 -9999 -9999 -9999 -9999 -9999 -9999 -9999 -9999 -9999 -9999 -9999 -9999 -9999 -9999 -9999 -9999 -9999 -9999 -9999 -9999
32489 32432 -9999 -9999 -9999 31562 31357 31288 31239 -9999 -9999 -9999 -9999 -9999 -9999 -9999 30355 30283 -9999 -9999 29879 29735 29597 29522 29536 29487 29447 29293 29163 29014 28914 28930 28920 -9999 -9999 -9999 28583 28533 -9999 -9999 -9999 -9999 27899 27785 27638 27647 27605 -9999 -9999 -9999 -9999 -9999 -9999 -9999 -9999 -9999 -9999 -9999 -9999 -9999 -9999 -9999 -9999 -9999 -9999 -9999 -9999 -9999 -9999 -9999 -9999 -9999 -9999 -9999 -9999 -9999 -9999
32761 32753 32619 -9999 32180 31929 31688 31527 31533 31489 -9999 -9999 -9999 -9999 -9999 30666 30505 30449 30410 30301 30175 30016 29926 29862 29780 29752 29649 29564 29425 29326 29236 29137 29166 29098 -9999 28870 28736 28649 28637 28555 -9999 28276 28149 27988 27901 27792 27783 27741 -9999 -9999 -9999 -9999 -9999 -9999 -9999 -9999 -9999 -9999 -9999 -9999 -9999 -9999 -9999 -9999 -9999 -9999 -9999 -9999 -9999 -9999 -9999 -9999 -9999 -9999 -9999 -9999 -9999
33229 33020 32959 32759 32553 32277 32105 31935 31777 31777 31729 -9999 -9999 -9999 31132 30978 30794 30709 30683 30594 30451 30364 30293 30214 30135 30045 29956 29859 29778 29681 29574 29486 29371 29388 29270 29151 28973 28882 28825 28772 28639 28553 28370 28289 28173 28066 27940 27941 27908 -9999 -9999 -9999 -9999 -9999 -9999 -9999 -9999 -9999 -9999 -9999 -9999 -9999 -9999 -9999 -9999 -9999 -9999 -9999 -9999 -9999 -9999 -9999 -9999 -9999 -9999 -9999 -9999
33700 33486 33285 33146 32884 32698 32517 32347 32180 32016 32024 31923 -9999 31631 31456 31276 31177 31079 30989 30922 30830 30738 30662 30594 30500 30414 30327 30241 30145 30050 29963 29841 29746 29633 29581 29419 29308 29198 29108 28982 28935 28772 28690 28569 28485 28351 28245 28105 28085 28056 -9999 -9999 -9999 -9999 27503 -9999 -9999 -9999 -9999 -9999 -9999 -9999 -9999 -9999 -9999 -9999 -9999 -9999 -9999 -9999 -9999 -9999 -9999 -9999 -9999 -9999 -9999
34193 33966 33738 33524 33323 33120 32929 32751 32585 32422 32262 32247 32106 31975 31775 31662 31565 31470 31383 31304 31225 31136 31055 30974 30901 30801 30710 30635 30534 30450 30340 30247 30128 30017 29898 29788 29660 29561 29434 29328 29213 29110 28989 28899 28786 28674 28531 28410 28266 28266 28218 -9999 -9999 27699 27651 27588 -9999 -9999 -9999 -9999 -9999 -9999 -9999 -9999 -9999 -9999 -9999 -9999 -9999 -9999 -9999 -9999 -9999 -9999 -9999 -9999 -9999
34692 34434 34207 33980 33753 33533 33342 33165 32993 32833 32677 32538 32473 32290 32179 32077 31968 31867 31790 31699 31625 31557 31465 31388 31302 31216 31120 31032 30944 30846 30757 30640 30542 30416 30308 30164 30047 29931 29806 29692 29578 29447 29337 29227 29126 28997 28856 28726 28592 28446 28401 28306 28132 27982 27786 27795 27757 -9999 -9999 -9999 -9999 -9999 -9999 -9999 -9999 -9999 -9999 -9999 -9999 -9999 -9999 -9999 -9999 -9999 -9999 -9999 -9999
35175 34913 34662 34420 34181 33966 33759 33575 33413 33242 33090 32950 32827 32713 32592 32487 32389 32285 32197 32117 32046 31968 31898 31811 31730 31632 31549 31449 31365 31272 31160 31074 30953 30839 30707 30593 30461 30319 30206 30083 29952 29822 29712 29595 29466 29348 29209 29071 28928 28772 28634 28539 28395 28207 28082 27970 27980 27959 -9999 -9999 -9999 -9999 -9999 -9999 -9999 -9999 27409 -9999 -9999 -9999 -9999 -9999 -9999 -9999 -9999 -9999 -9999
35661 35387 35116 34857 34610 34390 34172 33988 33813 33652 33490 33349 33226 33127 33015 32910 32812 32721 32623 32556 32474 32401 32321 32256 32157 32082 31980 31902 31807 31701 31612 31495 31396 31268 31140 31011 30891 30752 30622 30483 30344 30235 30098 29971 29844 29708 29571 29424 29283 29127 28960 28821 28672 28534 28398 28275 28174 28141 28080 28053 28006 -9999 -9999 -9999 -9999 27555 27513 27492 27530 27540 -9999 -9999 -9999 27588 -9999 -9999 -9999
36146 35845 35571 35295 35048 34798 34592 34390 34214 34040 33882 33738 33629 33517 33428 33333 33245 33156 33065 32989 32922 32839 32772 32690 32616 32531 32454 32358 32268 32169 32068 31957 31826 31712 31579 31464 31329 31202 31056 30901 30773 30627 30492 30357 30230 30087 29942 29798 29637 29482 29315 29158 29019 28872 28745 28610 28476 28375 28299 28199 28164 28157 -9999 -9999 27852 27770 27675 27675 27660 27672 27690 27716 27679 27689 27717 -9999 -9999
36605 36309 36005 35737 35469 35230 34997 34800 34602 34437 34275 34149 34031 33926 33830 33752 33667 33588 33515 33433 33357 33297 33213 33153 33071 33004 32918 32839 32740 32648 32537 32423 32298 32153 32043 31923 31802 31651 31499 31346 31183 31039 30895 30761 30616 30476 30333 30180 30010 29837 29671 29504 29366 29228 29081 28944 28808 28674 28562 28452 28354 28344 28291 28219 28119 27982 27936 27902 27872 27854 27878 27866 27857 27824 27898 27956 -9999
37062 36727 36445 36142 35893 35630 35406 35192 35019 34843 34692 34556 34442 34342 34255 34171 34095 34027 33964 33885 33825 33749 33688 33620 33552 33469 33408 33320 33222 33121 33017 32910 32774 32645 32514 32399 32263 32107 31940 31781 31620 31460 31308 31166 31023 30874 30724 30573 30394 30201 30026 29870 29723 29575 29416 29277 29139 29002 28877 28764 28651 28560 28532 28445 28331 28264 28211 28171 28133 28099 28077 28058 28051 28048 28048 28123 28175
37460 37150 36822 36542 36264 36031 35795 35604 35421 35266 35113 34981 34863 34766 34676 34600 34541 34476 34410 34356 34300 34232 34171 34102 34033 33964 33888 33809 33719 33617 33512 33395 33275 33134 33009 32872 32732 32561 32389 32224 32067 31900 31741 31581 31439 31283 31125 30955 30768 30576 30391 30236 30070 29932 29771 29610 29470 29330 29211 29084 28977 28881 28777 28688 28616 28560 28500 28442 28396 28362 28331 28304 28280 28268 28268 28272 28316
37867 37512 37194 36896 36644 36412 36214 36022 35856 35697 35555 35426 35309 35204 35113 35038 34985 34932 34878 34829 34770 34730 34670 34601 34524 34462 34393 34315 34224 34122 34007 33897 33766 33632 33494 33353 33190 33015 32847 32687 32514 32349 32182 32015 31846 31691 31506 31329 31142 30951 30767 30592 30437 30268 30127 29954 29800 29677 29535 29413 29311 29180 29081 28995 28916 28843 28774 28716 28671 28627 28587 28549 28515 28492 28474 28468 28467
38225 37868 37545 37277 37038 36828 36640 36479 36322 36174 36028 35890 35767 35665 35578 35498 35429 35370 35338 35295 35258 35216 35162 35096 35028 34967 34907 34837 34740 34629 34522 34393 34269 34131 33990 33827 33660 33480 33316 33140 32980 32799 32625 32431 32263 32090 31898 31702 31517 31327 31134 30960 30794 30625 30452 30297 30141 29994 29868 29741 29614 29498 29392 29290 29203 29121 29053 28986 28930 28877 28825 28776 28738 28705 28675 28650 28645
38579 38227 37927 37680 37467 37281 37119 36962 36806 36652 36512 36379 36254 36139 36041 35955 35886 35825 35770 35751 35729 35695 35641 35589 35533 35475 35423 35339 35243 35134 35027 34907 34773 34625 34472 34313 34142 33957 33778 33605 33419 33240 33031 32866 32671 32481 32281 32086 31893 31693 31501 31307 31142 30962 30788 30621 30462 30322 30170 30049 29916 29804 29692 29572 29478 29397 29319 29242 29166 29101 29038 28986 28936 28890 28855 28826 28794
38925 38604 38341 38117 37942 37765 37603 37450 37299 37149 37001 36868 36742 36630 36527 36427 36336 36267 36224 36192 36178 36145 36122 36079 36029 35983 35910 35836 35743 35644 35522 35403 35268 35127 34963 34793 34617 34427 34242 34044 33861 33646 33457 33265 33072 32863 32664 32462 32249 32050 31849 31656 31460 31290 31115 30935 30784 30608 30483 30336 30219 30090 29961 29854 29760 29661 29572 29484 29407 29330 29254 29189 29126 29074 29025 28974 28936
39296 38997 38765 38589 38413 38252 38088 37932 37785 37640 37496 37361 37240 37121 37010 36906 36807 36728 36670 36629 36608 36612 36590 36562 36528 36463 36409 36321 36239 36127 36023 35896 35762 35611 35445 35263 35085 34890 34690 34495 34277 34074 33858 33648 33455 33247 33040 32809 32597 32379 32177 31975 31790 31599 31412 31240 31075 30927 30766 30624 30491 30376 30250 30125 30013 29922 29823 29733 29643 29554 29474 29395 29317 29243 29172 29113 29067
39677 39416 39212 39044 38885 38722 38567 38422 38273 38132 37993 37862 37733 37612 37499 37402 37298 37191 37117 37068 37065 37067 37060 37039 37003 36959 36885 36808 36711 36625 36515 36389 36237 36077 35918 35734 35534 35336 35140 34921 34696 34466 34251 34023 33812 33615 33379 33158 32927 32699 32478 32286 32090 31899 31711 31527 31368 31196 31051 30893 30764 30633 30510 30387 30275 30165 30064 29963 29861 29767 29673 29579 29496 29407 29312 29238 29169
40042 39826 39652 39503 39342 39184 39034 38893 38755 38612 38485 38352 38221 38098 37991 37886 37781 37673 37577 37522 37504 37515 37520 37505 37475 37428 37358 37276 37196 37102 36993 36849 36705 36535 36366 36179 35984 35773 35555 35329 35088 34851 34609 34372 34152 33936 33710 33460 33229 32981 32770 32568 32372 32170 31980 31794 31612 31466 31285 31143 31008 30880 30760 30639 30518 30408 30296 30183 30069 29953 29846 29755 29657 29552 29450 29352 29260
40397 40208 40069 39919 39778 39633 39490 39348 39216 39085 38956 38829 38703 38579 38471 38364 38266 38153 38041 37971 37950 37951 37968 37965 37932 37882 37815 37749 37662 37560 37433 37297 37142 36979 36797 36598 36399 36174 35951 35710 35463 35200 34930 34695 34455 34229 33994 33755 33484 33255 33024 32821 32626 32423 32221 32021 31857 31676 31523 31355 31224 31101 30984 30854 30735 30624 30502 30377 30251 30123 30011 29915 29802 29683 29566 29452 29345
40723 40573 40433 40297 40170 40038 39908 39774 39655 39532 39402 39289 39170 39052 38944 38843 38737 38624 38506 38420 38391 38404 38414 38407 38376 38337 38280 38199 38111 38000 37872 37725 37550 37383 37197 37002 36771 36541 36302 36046 35792 35521 35234 34970 34731 34486 34251 33992 33741 33482 33260 33037 32840 32636 32422 32231 32053 31879 31711 31559 31413 31283 31170 31043 30925 30805 30682 30547 30418 30287 30162 30044 29927 29810 29670 29535 29412
41028 40886 40753 40643 40530 40405 40289 40183 40057 39948 39840 39734 39615 39498 39404 39304 39190 39070 38958 38869 38834 38844 38854 38848 38826 38779 38723 38633 38536 38423 38292 38125 37946 37757 37566 37347 37110 36873 36618 36355 36074 35796 35520 35228 34970 34725 34460 34201 33940 33690 33437 33223 33006 32800 32595 32391 32221 32034 31882 31725 31575 31439 31320 31206 31080 30952 30820 30703 30563 30429 30301 30163 30041 29903 29758 29610 29466
41293 41163 41056 40946 40845 40741 40646 40547 40443 40340 40247 40135 40038 39935 39820 39727 39614 39495 39377 39290 39260 39270 39279 39280 39250 39203 39138 39063 38955 38830 38678 38506 38323 38119 37896 37671 37426 37163 36891 36620 36341 36045 35760 35459 35171 34916 34651 34372 34111 33830 33596 33361 33143 32926 32719 32534 32340 32191 32015 31854 31709 31579 31454 31334 31211 31075 30954 30827 30687 30543 30414 30281 30131 29972 29816 29672 29517
41518 41409 41315 41218 41117 41047 40959 40873 40790 40703 40610 40512 40422 40321 40220 40114 40009 39883 39775 39690 39667 39679 39696 39680 39657 39609 39541 39446 39342 39203 39046 38860 38653 38435 38204 37953 37701 37420 37130 36840 36553 36257 35934 35643 35355 35061 34785 34506 34213 33962 33697 33471 33230 33012 32814 32627 32452 32279 32120 31946 31807 31683 31553 31438 31309 31185 31046 30921 30790 30655 30507 30357 30197 30028 29871 29718 29561
41710 41599 41523 41445 41372 41294 41227 41162 41101 41013 40935 40858 40763 40669 40583 40478 40359 40248 40140 40079 40052 40072 40082 40080 40030 39986 39907 39816 39681 39545 39372 39178 38946 38720 38472 38204 37934 37644 37345 37027 36720 36405 36091 35781 35483 35177 34881 34581 34307 34025 33779 33511 33290 33070 32860 32681 32504 32340 32168 32011 31859 31741 31637 31507 31382 31253 31136 30995 30866 30732 30576 30426 30249 30081 29915 29754 29605
41875 41752 41687 41629 41568 41510 41463 41413 41351 41285 41214 41152 41071 40985 40894 40789 40693 40573 40481 40436 40434 40440 40446 40431 40400 40328 40251 40129 40005 39826 39654 39443 39220 38957 38683 38415 38126 37826 37507 37179 36832 36516 36203 35871 35543 35247 34939 34638 34333 34060 33782 33543 33300 33079 32878 32687 32540 32342 32178 32030 31895 31764 31667 31553 31434 31308 31187 31059 30924 30774 30629 30473 30297 30114 29942 29784 29632
42029 41887 41808 41769 41734 41703 41662 41611 41563 41518 41461 41393 41334 41256 41166 41069 40967 40875 40809 40776 40768 40789 40788 40766 40713 40657 40549 40419 40261 40100 39892 39670 39428 39156 38862 38574 38265 37955 37615 37266 36929 36583 36248 35906 35586 35258 34950 34636 34340 34035 33776 33516 33282 33060 32857 32675 32495 32337 32152 32012 31885 31773 31663 31566 31443 31334 31208 31094 30945 30800 30650 30497 30316 30128 29961 29801 29664
42182 42011 41913 41874 41865 41840 41812 41781 41746 41700 41651 41604 41545 41475 41392 41311 41211 41146 41110 41088 41093 41102 41093 41054 40999 40918 40817 40661 40493 40304 40093 39852 39599 39306 38991 38673 38362 38031 37670 37310 36961 36603 36237 35903 35571 35232 34912 34607 34288 34002 33712 33471 33225 33012 32808 32615 32444 32275 32109 31957 31851 31747 31645 31527 31431 31319 31210 31074 30941 30792 30656 30482 30315 30141 29962 29803 29655
42333 42138 42015 41962 41940 41934 41926 41908 41879 41840 41811 41764 41720 41649 41574 41496 41439 41399 41382 41381 41388 41379 41351 41309 41243 41142 41021 40862 40665 40463 40241 39996 39702 39397 39079 38739 38407 38053 37681 37308 36937 36567 36209 35843 35489 35158 34845 34518 34208 33900 33619 33366 33140 32915 32710 32527 32345 32176 32030 31899 31781 31687 31585 31485 31379 31275 31155 31046 30901 30778 30613 30464 30295 30118 29945 29779 29644
