ASPA-UH-SWB2_REPO/dynamic_inputs/RO_Rf_Ratios_Dynamic/Data/Gridded_rain/PRISM_ppt_tutuila_30yr_normal_80mM1_12_asc.asc
ncols 381
nrows 202
xllcorner -170.851658
yllcorner -14.379175
cellsize 0.00083333333
NODATA_value -9999
[rows 68 to 101 of 202, columns 154 to 230 of 381]
-9999 32609 32877 33089 33638 34180 34757 35308 35860 36436 37007 37543 38074 38631 39147 39678 40203 40675 41088 41501 41860 42194 42461 42663 42853 43066 43375 43739 44125 44480 44795 45086 45374 45634 45887 46121 46345 46490 46524 46466 46365 46292 46177 46066 46009 46038 46160 46311 46407 46465 46494 46555 46582 46621 46658 46713 46756 46764 46706 46578 46491 46403 46361 46333 46330 46338 46341 46354 46414 46443 46496 46520 46558 46587 46633 46650 46703
32720 32989 33172 33707 34250 34858 35428 35984 36565 37143 37702 38243 38812 39341 39872 40401 40924 41377 41781 42152 42497 42797 43028 43198 43330 43529 43795 44139 44471 44774 45036 45245 45450 45671 45853 46044 46198 46288 46281 46181 46065 45921 45778 45602 45461 45445 45510 45606 45682 45705 45726 45723 45745 45765 45801 45839 45882 45919 45859 45790 45695 45656 45634 45651 45666 45718 45765 45846 45920 46029 46094 46182 46281 46369 46423 46508 46578
33100 33269 33804 34347 34944 35531 36120 36692 37276 37858 38422 39018 39546 40092 40639 41184 41662 42111 42510 42856 43190 43443 43624 43762 43855 44000 44267 44528 44805 45055 45248 45403 45554 45675 45813 45916 46011 46050 45992 45882 45709 45537 45337 45127 44925 44821 44847 44914 44935 44933 44901 44889 44873 44887 44889 44940 44991 44990 44969 44916 44871 44841 44867 44905 44980 45036 45153 45250 45380 45504 45661 45789 45926 46050 46176 46283 46420
33380 33915 34444 35042 35631 36253 36829 37432 38006 38594 39201 39771 40348 40898 41449 41963 42454 42883 43261 43600 43895 44124 44280 44356 44402 44519 44701 44939 45143 45321 45445 45561 45642 45706 45756 45795 45803 45793 45710 45523 45339 45108 44878 44608 44355 44217 44169 44188 44165 44134 44089 44023 44012 43988 43984 44013 44052 44058 44010 44004 43983 44019 44053 44125 44219 44347 44467 44621 44767 44947 45145 45326 45502 45677 45853 46006 46165
34023 34553 35151 35727 36380 36960 37583 38177 38770 39403 40000 40591 41174 41740 42272 42796 43261 43665 44037 44356 44602 44833 44958 44983 45019 45059 45210 45354 45499 45589 45674 45703 45741 45732 45706 45667 45613 45527 45389 45188 44922 44673 44383 44069 43787 43587 43523 43468 43412 43336 43249 43198 43131 43083 43070 43073 43078 43063 43076 43045 43080 43127 43210 43315 43441 43600 43764 43934 44148 44356 44570 44804 45034 45261 45461 45676 45869
34657 35255 35847 36486 37083 37724 38338 38967 39592 40214 40847 41443 42021 42578 43128 43605 44055 44445 44792 45109 45342 45531 45633 45671 45656 45683 45727 45819 45856 45902 45908 45861 45807 45766 45664 45547 45434 45269 45080 44831 44553 44232 43896 43553 43220 43009 42880 42791 42700 42565 42447 42353 42260 42185 42147 42125 42072 42079 42072 42092 42138 42221 42325 42476 42634 42824 43018 43243 43473 43734 43975 44237 44519 44773 45025 45264 45518
35354 35960 36601 37213 37857 38487 39136 39783 40442 41102 41724 42325 42891 43448 43962 44434 44866 45260 45564 45825 46089 46239 46345 46379 46319 46273 46294 46285 46284 46210 46146 46046 45897 45761 45597 45421 45220 45019 44764 44486 44152 43811 43431 43049 42716 42454 42289 42152 41996 41828 41666 41531 41410 41310 41216 41148 41125 41085 41077 41135 41202 41305 41441 41598 41814 42034 42270 42510 42781 43043 43349 43650 43946 44251 44516 44806 45083
36094 36720 37349 37994 38641 39307 39958 40638 41335 41999 42627 43232 43794 44313 44822 45293 45697 46063 46357 46626 46818 46965 47063 47070 46991 46923 46854 46781 46687 46569 46399 46212 46008 45748 45525 45278 45020 44748 44472 44117 43773 43377 43009 42589 42234 41949 41745 41560 41325 41110 40933 40744 40596 40457 40333 40233 40173 40133 40145 40194 40278 40397 40564 40763 40981 41229 41481 41775 42046 42360 42679 43006 43340 43657 43984 44274 44601
36845 37488 38147 38810 39451 40134 40831 41549 42236 42925 43556 44156 44713 45225 45704 46181 46574 46896 47196 47422 47591 47716 47779 47778 47702 47580 47444 47294 47129 46932 46670 46394 46097 45793 45468 45166 44837 44521 44159 43789 43386 43011 42569 42182 41807 41504 41232 40981 40695 40449 40202 39997 39803 39635 39496 39375 39265 39238 39252 39315 39399 39532 39711 39923 40166 40413 40703 40984 41321 41635 41993 42331 42689 43043 43381 43731 44058
37644 38275 38953 39622 40321 41008 41757 42466 43185 43875 44534 45100 45650 46166 46649 47066 47463 47789 48043 48243 48386 48506 48536 48507 48435 48267 48077 47876 47612 47305 46983 46612 46239 45847 45481 45094 44724 44308 43901 43475 43043 42600 42206 41781 41408 41074 40761 40417 40127 39794 39501 39252 39048 38856 38682 38526 38427 38384 38422 38469 38566 38708 38884 39119 39345 39627 39901 40232 40554 40919 41263 41638 42020 42384 42745 43118 43479
38431 39108 39765 40478 41209 41946 42672 43446 44172 44863 45489 46110 46615 47118 47588 48006 48372 48683 48925 49098 49233 49314 49326 49285 49171 48996 48760 48484 48148 47752 47319 46884 46435 46001 45536 45109 44655 44170 43693 43226 42732 42271 41834 41443 41033 40676 40300 39925 39535 39188 38844 38571 38302 38094 37892 37744 37639 37591 37596 37680 37770 37909 38108 38311 38571 38822 39144 39457 39826 40174 40554 40927 41307 41706 42090 42471 42852
39235 39932 40660 41378 42128 42870 43646 44433 45197 45859 46494 47068 47622 48093 48562 48963 49327 49592 49820 49997 50107 50150 50143 50087 49947 49731 49464 49141 48742 48245 47726 47205 46690 46180 45674 45165 44629 44106 43554 43021 42517 42038 41568 41134 40724 40293 39887 39454 39025 38614 38263 37905 37633 37386 37177 37008 36895 36838 36862 36912 37010 37156 37323 37548 37790 38088 38377 38723 39061 39443 39818 40199 40600 40997 41402 41804 42180
40099 40811 41556 42318 43073 43846 44639 45443 46184 46890 47490 48078 48599 49116 49549 49961 50275 50540 50737 50902 50986 51008 50982 50893 50723 50497 50211 49830 49368 48826 48235 47615 47014 46438 45886 45295 44697 44117 43546 42961 42424 41898 41419 40924 40451 39987 39495 39036 38558 38129 37707 37346 37022 36749 36528 36334 36197 36157 36158 36198 36289 36402 36590 36797 37062 37344 37667 37981 38337 38712 39094 39482 39877 40294 40707 41093 41488
40987 41728 42502 43282 44052 44841 45653 46456 47237 47894 48536 49089 49635 50099 50573 50948 51258 51489 51658 51778 51867 51881 51820 51698 51513 51275 50949 50558 50069 49475 48805 48131 47466 46805 46159 45541 44901 44270 43633 43053 42427 41873 41319 40785 40235 39712 39165 38641 38158 37670 37232 36843 36504 36189 35926 35719 35583 35517 35479 35522 35590 35710 35865 36094 36342 36646 36954 37290 37628 37984 38370 38763 39165 39575 39982 40386 40751
41896 42665 43455 44248 45048 45854 46682 47514 48274 48975 49565 50140 50646 51146 51566 51935 52210 52424 52576 52683 52731 52736 52669 52514 52312 52045 51712 51316 50817 50181 49472 48754 48016 47299 46588 45905 45225 44534 43883 43197 42561 41908 41285 40671 40076 39470 38899 38327 37782 37290 36821 36402 36033 35701 35410 35162 35013 34907 34870 34873 34917 35041 35202 35397 35667 35955 36273 36592 36928 37280 37673 38058 38452 38854 39253 39649 40031
42824 43607 44407 45228 46057 46880 47723 48566 49362 50018 50645 51178 51689 52147 52558 52890 53160 53339 53490 53583 53605 53585 53495 53336 53117 52823 52480 52062 51552 50913 50198 49405 48632 47859 47103 46355 45625 44895 44161 43433 42705 42000 41285 40624 39959 39300 38666 38073 37495 36958 36471 36021 35620 35260 34927 34694 34490 34357 34292 34270 34316 34429 34551 34751 35000 35296 35582 35899 36231 36592 36971 37341 37738 38145 38522 38898 39283
43768 44561 45373 46206 47061 47910 48763 49615 50385 51091 51680 52245 52698 53118 53517 53840 54075 54263 54368 54445 54468 54422 54296 54130 53880 53572 53219 52802 52244 51597 50846 50061 49252 48450 47625 46846 46038 45269 44477 43689 42887 42108 41361 40616 39897 39187 38517 37877 37268 36671 36152 35682 35252 34863 34518 34230 34013 33867 33762 33727 33761 33834 33972 34134 34358 34618 34924 35210 35539 35898 36260 36651 37022 37409 37803 38169 38521
44738 45542 46365 47207 48055 48922 49806 50618 51423 52110 52727 53235 53692 54098 54457 54755 54995 55149 55262 55295 55302 55231 55095 54895 54642 54320 53952 53473 52907 52217 51461 50658 49846 48989 48174 47299 46461 45626 44782 43924 43081 42261 41459 40646 39874 39141 38410 37711 37056 36468 35889 35375 34901 34499 34141 33826 33582 33409 33279 33231 33252 33299 33397 33560 33747 33995 34251 34554 34863 35206 35565 35941 36320 36679 37069 37427 37770
45706 46518 47348 48196 49060 49923 50758 51612 52397 53120 53723 54225 54666 55045 55377 55663 55891 56037 56115 56143 56093 56007 55861 55654 55370 55048 54634 54123 53523 52804 52030 51233 50377 49542 48655 47774 46866 45973 45064 44184 43289 42418 41550 40727 39903 39108 38330 37600 36928 36281 35671 35127 34639 34181 33796 33468 33212 32998 32855 32782 32762 32810 32882 32992 33193 33388 33633 33912 34212 34546 34899 35246 35596 35977 36325 36679 37003
46684 47503 48337 49183 50041 50882 51719 52552 53354 54060 54679 55196 55594 55971 56274 56546 56749 56869 56938 56932 56877 56751 56593 56364 56077 55727 55280 54752 54090 53363 52580 51763 50923 50041 49145 48191 47275 46326 45387 44431 43501 42579 41691 40802 39942 39086 38277 37544 36815 36124 35497 34924 34408 33922 33496 33155 32859 32619 32463 32362 32330 32338 32383 32494 32629 32839 33058 33313 33602 33899 34243 34568 34913 35251 35595 35919 36263
47643 48463 49294 50134 50969 51811 52646 53448 54222 54954 55587 56090 56517 56836 57149 57378 57539 57661 57680 57677 57579 57449 57252 57001 56708 56319 55841 55264 54611 53856 53088 52253 51416 50520 49576 48638 47663 46692 45712 44711 43733 42792 41825 40900 39977 39101 38262 37473 36716 36009 35366 34750 34193 33694 33254 32873 32550 32297 32115 31987 31929 31896 31929 32013 32148 32293 32500 32729 33006 33292 33586 33901 34210 34541 34866 35198 35500
48575 49380 50204 51035 51872 52687 53492 54286 55055 55768 56382 56932 57359 57705 57951 58150 58307 58365 58386 58324 58231 58072 57860 57571 57225 56814 56304 55722 55031 54316 53521 52710 51852 50943 50010 49036 48046 47043 46024 44995 43973 42970 41980 40990 40047 39099 38246 37417 36658 35922 35222 34593 34022 33496 33030 32622 32286 32020 31798 31643 31544 31511 31503 31561 31657 31802 31970 32188 32427 32687 32956 33247 33546 33841 34157 34469 34751
49480 50292 51109 51917 52728 53528 54302 55074 55803 56471 57111 57642 58087 58445 58692 58871 58969 59028 59002 58944 58817 58642 58379 58089 57708 57241 56734 56114 55441 54699 53939 53118 52237 51331 50395 49413 48400 47366 46313 45245 44191 43153 42114 41104 40086 39151 38231 37403 36602 35837 35110 34466 33868 33330 32837 32403 32054 31747 31511 31343 31216 31129 31122 31140 31222 31328 31497 31688 31889 32111 32356 32634 32909 33192 33472 33748 34019
50383 51189 51984 52769 53543 54326 55081 55793 56468 57119 57716 58257 58696 59038 59307 59467 59569 59587 59567 59462 59336 59124 58871 58547 58152 57674 57117 56507 55825 55098 54309 53484 52598 51687 50736 49749 48712 47650 46563 45482 44383 43298 42254 41185 40166 39177 38258 37376 36549 35756 35028 34343 33718 33153 32648 32200 31824 31504 31241 31046 30906 30805 30743 30775 30816 30909 31039 31205 31394 31590 31809 32037 32300 32559 32814 33065 33312
51258 52020 52807 53582 54318 55062 55786 56475 57115 57712 58253 58770 59196 59532 59775 59953 60025 60049 59991 59910 59745 59548 59292 58952 58534 58076 57503 56880 56193 55455 54669 53808 52923 51985 51033 50027 48993 47888 46779 45658 44532 43446 42345 41276 40220 39221 38262 37380 36512 35706 34937 34225 33600 33009 32476 32015 31612 31279 31015 30779 30625 30497 30421 30399 30441 30507 30610 30750 30899 31070 31264 31480 31706 31953 32169 32396 32619
52056 52824 53556 54310 55046 55751 56447 57106 57723 58271 58772 59223 59624 59928 60156 60299 60389 60366 60318 60232 60091 59888 59623 59292 58901 58405 57841 57211 56527 55766 54953 54099 53180 52251 51270 50257 49182 48086 46959 45802 44665 43526 42417 41327 40275 39238 38282 37347 36479 35645 34863 34137 33472 32868 32322 31848 31445 31085 30807 30557 30361 30219 30129 30079 30081 30120 30196 30296 30432 30565 30747 30924 31138 31347 31565 31754 31952
52795 53534 54284 54980 55694 56401 57058 57689 58251 58767 59244 59648 59990 60276 60458 60587 60639 60633 60592 60489 60361 60178 59909 59594 59186 58697 58127 57487 56767 56030 55213 54327 53398 52419 51452 50404 49334 48209 47063 45902 44744 43588 42447 41352 40277 39257 38264 37331 36435 35588 34792 34054 33362 32731 32185 31698 31281 30907 30588 30350 30127 29957 29840 29776 29736 29762 29798 29872 29981 30115 30244 30422 30597 30795 30963 31152 31325
53477 54212 54920 55622 56293 56953 57600 58192 58728 59213 59638 60013 60317 60556 60730 60829 60864 60863 60811 60730 60599 60408 60162 59814 59398 58900 58355 57705 56984 56207 55385 54506 53543 52561 51528 50505 49412 48267 47106 45954 44769 43609 42465 41351 40269 39227 38235 37290 36394 35519 34697 33946 33241 32624 32038 31537 31120 30731 30398 30120 29909 29711 29581 29489 29436 29407 29443 29489 29586 29680 29810 29949 30124 30270 30426 30564 30712
54116 54800 55504 56166 56819 57448 58049 58607 59130 59580 59969 60310 60596 60795 60944 61034 61068 61063 61017 60936 60803 60585 60314 59977 59549 59075 58482 57842 57117 56324 55484 54585 53626 52608 51584 50508 49402 48248 47109 45928 44753 43578 42443 41309 40222 39185 38196 37239 36303 35426 34617 33826 33137 32493 31907 31393 30935 30559 30198 29906 29681 29496 29324 29205 29138 29096 29091 29137 29194 29314 29404 29517 29627 29786 29915 30028 30125
54653 55337 55991 56650 57263 57863 58433 58971 59439 59870 60230 60556 60794 60982 61112 61189 61226 61222 61171 61075 60922 60698 60411 60058 59650 59138 58554 57885 57156 56355 55509 54590 53611 52596 51547 50468 49322 48197 47022 45851 44672 43507 42354 41228 40133 39089 38106 37136 36212 35322 34499 33722 33007 32365 31779 31251 30780 30363 30028 29722 29469 29257 29085 28952 28858 28801 28783 28802 28858 28925 29015 29101 29211 29318 29421 29520 29631
55127 55775 56418 57040 57639 58200 58742 59240 59693 60075 60434 60715 60934 61107 61223 61289 61327 61313 61247 61131 60956 60734 60440 60081 59632 59113 58523 57860 57112 56317 55437 54523 53534 52510 51450 50345 49236 48059 46902 45710 44555 43385 42227 41094 40007 38968 37963 37021 36097 35208 34359 33595 32894 32225 31640 31098 30626 30210 29848 29540 29261 29048 28862 28716 28594 28525 28506 28511 28540 28579 28629 28702 28797 28891 28968 29055 29152
55493 56131 56750 57337 57912 58459 58953 59416 59834 60218 60535 60800 61016 61176 61269 61336 61340 61313 61238 61109 60912 60669 60377 59986 59528 59001 58402 57719 56987 56170 55306 54368 53382 52349 51278 50173 49037 47874 46707 45548 44373 43212 42061 40936 39843 38810 37822 36867 35957 35067 34220 33458 32743 32088 31490 30948 30476 30060 29684 29376 29096 28843 28644 28497 28375 28342 28293 28284 28302 28316 28300 28346 28402 28482 28629 28697 28777
55775 56368 56978 57543 58082 58596 59068 59499 59899 60254 60557 60808 61013 61149 61242 61286 61287 61220 61135 60984 60788 60512 60198 59807 59338 58788 58166 57496 56742 55951 55076 54141 53132 52099 51030 49913 48777 47614 46463 45296 44142 42988 41858 40740 39654 38628 37655 36702 35778 34903 34083 33296 32582 31940 31342 30801 30329 29912 29536 29201 28921 28655 28486 28313 28226 28171 28160 28132 28120 28075 28065 28067 28115 28186 28306 28450 28511
55963 56525 57090 57645 58165 58646 59099 59502 59874 60193 60484 60725 60907 61032 61102 61132 61106 61043 60916 60766 60548 60272 59911 59519 59036 58461 57838 57166 56424 55598 54736 53802 52819 51774 50693 49576 48426 47305 46143 44995 43849 42714 41605 40508 39454 38421 37451 36497 35587 34726 33909 33137 32424 31795 31198 30670 30184 29754 29377 29030 28737 28516 28356 28234 28136 -9999 -9999 -9999 -9999 -9999 27888 27900 27910 28006 -9999 -9999 -9999
