ASPA-UH-SWB2_REPO/dynamic_inputs/RO_Rf_Ratios_Dynamic/Data/Gridded_rain/PRISM_ppt_tutuila_30yr_normal_80mM1_02_asc.asc
ncols 381
nrows 202
xllcorner -170.851658
yllcorner -14.379175
cellsize 0.00083333333
NODATA_value -9999
[rows 68 to 101 of 202, columns 154 to 230 of 381]
-9999 36398 36627 36812 37208 37596 37999 38390 38784 39195 39606 39998 40384 40783 41163 41558 41967 42370 42765 43180 43594 44021 44450 44880 45312 45717 46114 46469 46799 47091 47328 47511 47637 47676 47624 47470 47271 47077 46984 46927 46858 46793 46687 46555 46366 46122 45837 45540 45225 44908 44591 44299 43999 43710 43426 43154 42911 42764 42784 42880 43009 43093 43142 43147 43118 43052 42946 42810 42663 42475 42274 42042 41802 41551 41305 41053 40828
36340 36567 36734 37118 37502 37916 38308 38694 39096 39495 39880 40251 40635 40999 41371 41757 42160 42552 42944 43347 43767 44201 44641 45086 45517 45938 46323 46695 47036 47339 47585 47756 47867 47916 47850 47697 47469 47253 47118 47025 46940 46822 46691 46519 46313 46069 45781 45471 45154 44830 44516 44196 43891 43590 43300 43013 42764 42632 42638 42746 42854 42942 42986 43001 42974 42924 42836 42732 42595 42448 42259 42061 41855 41635 41399 41180 40964
36506 36664 37045 37424 37826 38220 38614 38997 39384 39762 40123 40495 40831 41181 41545 41926 42298 42680 43071 43470 43901 44340 44790 45254 45700 46129 46547 46921 47282 47605 47860 48045 48167 48193 48140 47958 47714 47467 47265 47141 47009 46860 46678 46473 46233 45959 45670 45363 45036 44716 44392 44081 43767 43460 43149 42862 42622 42494 42508 42607 42714 42781 42828 42839 42829 42775 42717 42621 42512 42376 42234 42062 41880 41685 41487 41283 41101
36603 36982 37349 37747 38135 38538 38913 39295 39650 40000 40352 40678 41009 41337 41684 42043 42413 42785 43168 43572 44002 44447 44909 45382 45851 46313 46742 47163 47548 47893 48166 48384 48513 48550 48484 48304 48020 47729 47475 47254 47083 46871 46643 46376 46089 45800 45478 45166 44837 44526 44222 43913 43623 43318 43000 42704 42480 42376 42382 42479 42564 42631 42659 42669 42656 42628 42568 42496 42397 42292 42175 42034 41879 41715 41548 41372 41205
36920 37285 37680 38056 38470 38837 39216 39565 39899 40237 40546 40848 41151 41478 41817 42181 42550 42920 43308 43711 44124 44572 45028 45495 45990 46479 46966 47416 47845 48215 48537 48750 48899 48931 48858 48673 48380 48030 47718 47409 47124 46864 46561 46232 45897 45553 45229 44886 44562 44259 43965 43695 43415 43128 42838 42544 42349 42249 42286 42345 42413 42452 42478 42485 42474 42452 42409 42343 42278 42189 42087 41978 41857 41726 41579 41440 41295
37223 37616 37998 38400 38769 39148 39494 39829 40142 40436 40725 41000 41310 41648 42019 42386 42770 43158 43551 43957 44357 44780 45219 45676 46155 46666 47186 47703 48168 48584 48903 49110 49224 49264 49177 48986 48702 48326 47948 47565 47197 46839 46460 46070 45666 45296 44926 44576 44248 43928 43646 43396 43141 42883 42617 42402 42209 42142 42158 42202 42233 42258 42269 42280 42272 42256 42222 42182 42126 42067 41983 41896 41808 41700 41586 41467 41360
37556 37946 38346 38720 39093 39439 39772 40079 40370 40642 40899 41202 41529 41892 42278 42686 43097 43507 43899 44293 44706 45099 45508 45952 46410 46901 47439 48003 48508 48891 49182 49365 49435 49427 49325 49142 48866 48507 48087 47672 47237 46798 46356 45898 45452 45023 44625 44252 43899 43572 43280 43030 42808 42578 42386 42214 42100 42021 42016 42031 42033 42037 42042 42039 42048 42041 42023 41990 41955 41901 41856 41794 41722 41648 41552 41467 41380
37914 38306 38687 39058 39408 39742 40042 40328 40597 40843 41131 41452 41812 42200 42627 43056 43471 43884 44285 44693 45093 45495 45902 46309 46747 47233 47773 48265 48734 49107 49350 49476 49504 49433 49325 49138 48882 48553 48153 47693 47228 46736 46268 45742 45235 44760 44330 43933 43539 43195 42908 42639 42433 42283 42146 42040 41955 41902 41859 41826 41804 41790 41790 41795 41794 41796 41785 41781 41749 41726 41693 41654 41609 41551 41495 41421 41368
38278 38668 39047 39404 39723 40035 40323 40590 40822 41094 41398 41756 42148 42580 43007 43442 43859 44265 44679 45086 45492 45907 46326 46750 47170 47649 48090 48505 48884 49215 49398 49479 49482 49418 49278 49096 48838 48531 48135 47675 47190 46714 46164 45624 45057 44533 44041 43605 43189 42839 42527 42284 42104 41989 41923 41856 41805 41741 41664 41608 41558 41530 41521 41519 41524 41521 41529 41520 41528 41511 41506 41480 41458 41428 41388 41354 41311
38669 39035 39404 39739 40060 40342 40622 40851 41091 41379 41723 42101 42537 42970 43400 43817 44242 44656 45063 45472 45886 46319 46753 47199 47665 48064 48408 48721 48995 49218 49397 49476 49479 49402 49276 49073 48826 48486 48101 47652 47164 46648 46125 45538 44947 44354 43816 43313 42905 42519 42216 41989 41832 41735 41688 41658 41602 41519 41439 41351 41289 41252 41228 41232 41222 41236 41235 41255 41260 41278 41275 41278 41277 41263 41246 41234 41217
39050 39423 39757 40091 40400 40678 40918 41156 41394 41704 42067 42507 42928 43356 43783 44204 44619 45032 45442 45851 46276 46715 47168 47645 48113 48480 48711 48902 49048 49240 49413 49510 49517 49455 49302 49110 48837 48483 48084 47648 47149 46634 46091 45527 44903 44290 43691 43161 42692 42317 41993 41773 41599 41502 41439 41400 41336 41243 41138 41061 40987 40940 40924 40906 40915 40911 40939 40952 40988 41004 41028 41042 41051 41067 41072 41075 41080
39438 39802 40151 40462 40756 41013 41248 41476 41740 42052 42457 42889 43327 43744 44169 44582 44996 45396 45803 46221 46648 47091 47561 48063 48517 48821 48985 49040 49127 49280 49458 49573 49592 49527 49386 49171 48873 48525 48099 47638 47153 46649 46115 45547 44941 44289 43673 43098 42601 42182 41862 41575 41395 41255 41155 41083 41011 40914 40819 40720 40647 40603 40568 40563 40566 40593 40607 40645 40670 40712 40742 40770 40803 40829 40857 40882 40895
39856 40207 40543 40858 41135 41384 41603 41825 42084 42439 42846 43287 43710 44138 44546 44960 45354 45750 46148 46564 46989 47437 47921 48422 48859 49118 49199 49175 49217 49362 49543 49667 49696 49638 49507 49270 48958 48594 48178 47694 47204 46683 46169 45595 44980 44338 43671 43076 42536 42095 41708 41408 41164 40981 40854 40748 40656 40570 40465 40361 40285 40220 40199 40188 40208 40232 40274 40302 40346 40393 40437 40477 40517 40566 40611 40639 40673
40285 40633 40968 41276 41541 41777 41988 42199 42475 42827 43257 43679 44105 44508 44924 45318 45704 46083 46468 46867 47295 47748 48235 48730 49140 49363 49375 49319 49333 49475 49654 49794 49837 49778 49630 49412 49098 48722 48280 47827 47285 46765 46210 45645 45016 44357 43661 43020 42468 41968 41551 41211 40941 40712 40542 40416 40319 40217 40090 39994 39906 39846 39806 39810 39822 39865 39906 39955 39999 40045 40103 40159 40213 40268 40320 40370 40398
40729 41079 41408 41705 41969 42196 42401 42618 42878 43251 43656 44079 44483 44891 45279 45660 46026 46392 46762 47151 47562 48010 48499 48984 49372 49551 49539 49474 49476 49617 49803 49952 50001 49952 49802 49576 49273 48884 48461 47955 47439 46868 46289 45685 45052 44344 43645 42967 42359 41844 41391 41015 40713 40464 40265 40100 39985 39856 39734 39618 39518 39466 39432 39415 39442 39477 39527 39574 39625 39680 39755 39818 39880 39942 40000 40056 40105
41192 41537 41859 42157 42421 42646 42848 43058 43322 43660 44069 44469 44866 45249 45623 45981 46334 46678 47036 47408 47799 48229 48702 49176 49548 49705 49683 49616 49634 49787 49991 50134 50191 50144 50002 49773 49470 49093 48643 48141 47588 47010 46383 45763 45089 44353 43609 42917 42277 41717 41242 40835 40502 40225 39988 39826 39660 39510 39374 39245 39154 39100 39045 39035 39051 39093 39124 39173 39228 39298 39373 39438 39515 39594 39651 39705 39766
41674 42014 42331 42626 42897 43127 43326 43524 43759 44085 44463 44866 45231 45591 45951 46295 46623 46955 47283 47633 48004 48404 48846 49299 49655 49812 49797 49751 49797 49965 50174 50337 50394 50355 50208 49992 49674 49304 48852 48342 47766 47158 46532 45859 45151 44379 43610 42879 42211 41596 41092 40669 40308 40004 39748 39532 39349 39184 39022 38892 38800 38725 38686 38656 38660 38681 38729 38758 38814 38887 38960 39049 39120 39199 39279 39340 39390
42182 42518 42834 43129 43394 43632 43837 44006 44228 44503 44865 45233 45592 45937 46273 46597 46912 47215 47526 47838 48178 48540 48944 49361 49709 49882 49892 49871 49965 50147 50366 50527 50594 50549 50432 50193 49889 49510 49053 48526 47950 47337 46688 45975 45225 44437 43617 42838 42133 41528 40972 40511 40113 39793 39516 39266 39054 38865 38686 38554 38459 38372 38311 38287 38270 38289 38308 38353 38398 38463 38537 38622 38708 38778 38867 38934 38991
42702 43038 43355 43651 43921 44157 44345 44521 44700 44956 45257 45606 45951 46278 46594 46900 47197 47478 47754 48037 48328 48647 49002 49380 49713 49903 49961 50008 50127 50338 50555 50711 50764 50745 50617 50406 50094 49708 49239 48724 48138 47511 46831 46121 45320 44480 43624 42823 42109 41455 40876 40389 39977 39605 39294 39023 38790 38567 38381 38235 38116 38034 37960 37904 37902 37891 37907 37941 37985 38047 38121 38189 38260 38352 38422 38496 38550
43245 43582 43899 44192 44461 44691 44887 45049 45216 45422 45680 45981 46304 46622 46918 47208 47479 47734 47984 48226 48477 48740 49037 49365 49674 49873 50029 50149 50296 50517 50727 50862 50928 50904 50795 50578 50293 49908 49451 48910 48323 47681 47003 46236 45399 44504 43630 42837 42082 41397 40806 40296 39855 39451 39097 38804 38530 38285 38091 37927 37802 37695 37606 37555 37512 37515 37519 37541 37583 37626 37698 37755 37826 37892 37965 38026 38100
43797 44132 44446 44738 45000 45236 45441 45606 45746 45924 46140 46389 46669 46960 47252 47517 47761 47997 48207 48421 48620 48835 49064 49323 49596 49850 50060 50261 50452 50671 50855 50977 51044 51033 50931 50753 50474 50111 49659 49119 48523 47888 47147 46333 45442 44533 43645 42823 42055 41363 40764 40217 39736 39312 38936 38601 38298 38041 37828 37644 37500 37367 37271 37204 37166 37127 37127 37137 37175 37216 37260 37316 37367 37432 37495 37564 37615
44353 44677 44989 45279 45546 45779 45985 46166 46319 46456 46630 46841 47074 47326 47583 47829 48061 48258 48446 48613 48778 48938 49105 49289 49542 49815 50075 50322 50582 50771 50920 51039 51109 51109 51042 50885 50636 50296 49859 49332 48735 48057 47273 46393 45479 44518 43643 42808 42052 41346 40703 40142 39644 39189 38782 38415 38098 37828 37581 37376 37203 37070 36948 36864 36800 36766 36742 36748 36765 36793 36825 36870 36919 36965 37025 37084 37125
44910 45238 45547 45828 46091 46328 46535 46727 46888 47017 47160 47330 47521 47733 47943 48161 48354 48534 48685 48827 48951 49068 49179 49335 49537 49808 50083 50372 50618 50811 50949 51048 51113 51142 51103 50982 50769 50455 50040 49528 48907 48180 47343 46437 45461 44528 43631 42819 42043 41321 40658 40083 39557 39083 38645 38250 37918 37612 37351 37135 36941 36768 36645 36535 36464 36404 36384 36375 36369 36376 36395 36437 36475 36518 36559 36598 36635
45483 45807 46107 46382 46634 46876 47091 47274 47437 47588 47721 47860 48015 48182 48362 48521 48682 48823 48953 49059 49158 49242 49343 49462 49625 49842 50129 50384 50609 50794 50934 51027 51090 51124 51122 51040 50861 50571 50167 49647 48985 48209 47363 46411 45445 44512 43647 42813 42028 41292 40630 40019 39465 38963 38507 38096 37736 37414 37130 36890 36683 36498 36336 36236 36137 36070 36025 36002 35991 35984 35991 36001 36036 36067 36096 36122 36148
46058 46359 46658 46934 47176 47410 47625 47818 47986 48140 48278 48421 48549 48683 48811 48945 49059 49168 49259 49347 49414 49483 49562 49657 49781 49959 50159 50385 50576 50734 50858 50958 51026 51056 51055 51012 50865 50580 50156 49601 48923 48154 47269 46337 45399 44501 43631 42819 42016 41275 40583 39949 39389 38860 38377 37949 37562 37225 36935 36660 36439 36232 36059 35919 35822 35737 35676 35637 35603 35582 35575 35581 35594 35621 35628 35642 35655
46608 46915 47188 47459 47710 47935 48150 48344 48522 48675 48817 48954 49086 49195 49300 49395 49486 49551 49614 49673 49720 49765 49812 49878 49973 50079 50204 50346 50504 50633 50738 50810 50852 50879 50875 50810 50664 50387 49974 49404 48724 47939 47093 46216 45338 44453 43615 42779 41990 41236 40536 39890 39297 38752 38253 37808 37415 37051 36745 36455 36200 35980 35794 35633 35507 35405 35327 35262 35222 35177 35166 35150 35158 35164 35176 35167 35166
47144 47437 47724 47970 48216 48452 48659 48853 49019 49172 49320 49448 49565 49673 49753 49826 49885 49930 49970 49991 50016 50036 50056 50091 50134 50186 50248 50321 50398 50486 50554 50584 50580 50557 50512 50422 50265 50001 49588 49055 48402 47669 46879 46062 45219 44387 43551 42736 41938 41182 40477 39821 39205 38636 38132 37671 37262 36882 36540 36254 35974 35730 35523 35351 35195 35084 34978 34897 34841 34800 34755 34744 34730 34731 34712 34708 34693
47666 47960 48226 48480 48710 48929 49140 49325 49488 49636 49766 49886 49988 50075 50146 50198 50232 50260 50271 50278 50275 50269 50269 50262 50262 50268 50287 50300 50316 50333 50344 50335 50283 50191 50082 49956 49779 49512 49136 48648 48049 47382 46652 45878 45077 44266 43459 42655 41869 41102 40382 39719 39092 38530 37992 37517 37103 36706 36348 36027 35753 35487 35267 35075 34908 34758 34653 34554 34491 34424 34382 34348 34338 34306 34282 34245 34217
48182 48447 48715 48951 49177 49385 49579 49753 49914 50047 50162 50265 50355 50416 50466 50500 50518 50526 50523 50511 50493 50461 50431 50401 50365 50340 50304 50274 50239 50200 50157 50094 49997 49855 49689 49508 49293 49027 48692 48242 47698 47077 46401 45662 44897 44123 43342 42546 41747 40988 40282 39593 38977 38393 37853 37365 36915 36523 36140 35804 35517 35258 35007 34793 34617 34457 34323 34226 34135 34089 34022 33970 33917 33899 33859 33808 33747
48656 48923 49165 49404 49610 49807 49988 50153 50286 50408 50504 50594 50653 50699 50728 50741 50744 50740 50723 50696 50660 50612 50559 50503 50447 50378 50309 50233 50156 50072 49983 49874 49734 49561 49349 49118 48863 48596 48260 47847 47342 46762 46116 45417 44681 43931 43175 42387 41608 40850 40139 39463 38829 38246 37704 37202 36739 36313 35945 35596 35285 35004 34753 34529 34333 34163 34021 33905 33815 33733 33666 33598 33547 33493 33439 33381 33333
49111 49359 49596 49815 50017 50194 50359 50502 50623 50715 50802 50860 50899 50926 50934 50928 50920 50902 50872 50831 50779 50721 50651 50574 50483 50387 50285 50179 50062 49943 49808 49663 49487 49282 49040 48763 48491 48187 47860 47457 46990 46436 45815 45140 44433 43709 42957 42202 41436 40687 39966 39301 38678 38076 37533 37020 36553 36124 35732 35380 35048 34767 34505 34272 34057 33879 33737 33612 33504 33403 33310 33233 33174 33113 33041 32977 32921
49518 49762 49986 50186 50375 50543 50680 50799 50897 50982 51038 51076 51100 51108 51091 51072 51039 51009 50972 50922 50854 50780 50699 50595 50482 50362 50233 50091 49950 49794 49631 49447 49241 49006 48736 48435 48121 47805 47467 47084 46627 46098 45499 44847 44157 43452 42724 41975 41231 40493 39778 39117 38486 37895 37342 36826 36358 35926 35523 35169 34836 34526 34255 34023 33809 33674 33512 33378 33263 33145 32991 32896 32810 32741 32736 32660 32593
49891 50107 50328 50515 50682 50829 50950 51047 51128 51187 51224 51243 51247 51230 51201 51159 51115 51062 51020 50958 50885 50790 50691 50574 50443 50296 50138 49977 49803 49628 49434 49222 48980 48718 48426 48098 47759 47425 47083 46698 46257 45744 45169 44533 43860 43170 42461 41725 40984 40265 39576 38902 38274 37692 37139 36623 36152 35719 35315 34942 34611 34291 34061 33811 33644 33493 33361 33214 33079 32893 32749 32626 32535 32482 32455 32437 32357
50219 50417 50611 50792 50945 51072 51179 51253 51310 51340 51358 51357 51337 51299 51246 51187 51121 51068 51004 50941 50855 50754 50627 50500 50350 50178 50002 49822 49630 49420 49205 48966 48706 48415 48095 47746 47383 47046 46690 46309 45873 45374 44814 44198 43551 42862 42163 41435 40714 40014 39334 38675 38049 37479 36926 36418 35938 35494 35091 34710 34371 34105 33902 33732 33568 -9999 -9999 -9999 -9999 -9999 32530 32429 32373 32350 -9999 -9999 -9999
