ASPA-UH-SWB2_REPO/dynamic_inputs/RO_Rf_Ratios_Dynamic/Data/Gridded_rain/PRISM_ppt_tutuila_30yr_normal_80mM1_07_asc.asc
ncols 381
nrows 202
xllcorner -170.851658
yllcorner -14.379175
cellsize 0.00083333333
NODATA_value -9999
[rows 34 to 67 of 202, columns 154 to 230 of 381]
-9999 -9999 -9999 -9999 -9999 -9999 -9999 -9999 -9999 -9999 -9999 -9999 -9999 -9999 -9999 -9999 -9999 -9999 -9999 -9999 -9999 -9999 -9999 -9999 -9999 -9999 -9999 -9999 -9999 -9999 -9999 -9999 -9999 -9999 -9999 -9999 -9999 -9999 -9999 -9999 -9999 -9999 -9999 -9999 -9999 -9999 -9999 -9999 17116 17095 17068 17080 17054 16985 16924 16835 16793 16745 16697 16638 16583 16524 16461 16392 16327 16255 16182 16105 16057 16024 -9999 -9999 -9999 -9999 -9999 -9999 -9999
-9999 -9999 -9999 -9999 -9999 -9999 -9999 -9999 -9999 -9999 -9999 -9999 -9999 -9999 -9999 -9999 -9999 -9999 -9999 -9999 -9999 -9999 -9999 -9999 -9999 -9999 -9999 -9999 -9999 -9999 -9999 -9999 -9999 -9999 -9999 -9999 -9999 -9999 -9999 -9999 -9999 -9999 -9999 -9999 -9999 -9999 -9999 17354 17308 17229 17253 17231 17202 17171 17098 17060 17012 16962 16902 16846 16782 16720 16648 16579 16506 16423 16341 16260 16187 16174 -9999 -9999 -9999 -9999 15782 -9999 -9999
-9999 -9999 -9999 -9999 -9999 -9999 -9999 -9999 -9999 -9999 -9999 -9999 -9999 -9999 -9999 -9999 -9999 -9999 -9999 -9999 -9999 -9999 -9999 -9999 -9999 -9999 -9999 -9999 -9999 -9999 -9999 -9999 -9999 -9999 -9999 -9999 -9999 -9999 -9999 -9999 -9999 -9999 -9999 17667 17659 -9999 17610 17575 17498 17490 17479 17460 17434 17397 17358 17320 17268 17212 17159 17094 17028 16951 16880 16801 16722 16629 16541 16444 16368 16313 -9999 -9999 16053 15918 15874 15813 -9999
-9999 -9999 -9999 -9999 -9999 -9999 -9999 -9999 -9999 -9999 -9999 -9999 -9999 -9999 -9999 -9999 -9999 -9999 -9999 -9999 -9999 -9999 -9999 -9999 -9999 -9999 -9999 -9999 -9999 -9999 -9999 -9999 -9999 -9999 -9999 -9999 -9999 -9999 -9999 -9999 -9999 -9999 17872 17830 17832 17860 17872 17799 17800 17795 17783 17771 17739 17701 17662 17616 17568 17513 17452 17390 17309 17239 17149 17067 16967 16883 16778 16668 16569 16493 16454 16329 16194 16076 15945 15915 15863
-9999 -9999 -9999 -9999 -9999 -9999 -9999 -9999 -9999 -9999 -9999 -9999 -9999 -9999 -9999 -9999 -9999 -9999 -9999 -9999 -9999 -9999 -9999 -9999 -9999 -9999 -9999 -9999 -9999 -9999 -9999 -9999 -9999 -9999 -9999 -9999 -9999 -9999 -9999 -9999 18201 18144 18121 18070 18106 18168 18135 18152 18155 18152 18135 18124 18098 18059 18013 17965 17915 17864 17806 17722 17648 17560 17471 17371 17276 17163 17062 16944 16832 16720 16637 16518 16365 16242 16126 16015 15988
-9999 -9999 -9999 -9999 -9999 -9999 -9999 -9999 -9999 -9999 -9999 -9999 -9999 -9999 -9999 -9999 -9999 -9999 -9999 -9999 -9999 -9999 -9999 -9999 -9999 -9999 -9999 -9999 -9999 -9999 -9999 -9999 -9999 -9999 -9999 -9999 -9999 -9999 -9999 18441 18412 18409 18404 18460 18489 18515 18537 18557 18565 18562 18562 18544 18513 18473 18430 18380 18329 18270 18201 18123 18033 17947 17839 17739 17623 17507 17393 17277 17138 17006 16881 16747 16611 16477 16348 16226 16099
-9999 -9999 -9999 -9999 -9999 -9999 -9999 -9999 -9999 -9999 -9999 -9999 -9999 -9999 -9999 -9999 -9999 -9999 -9999 -9999 -9999 -9999 -9999 -9999 -9999 -9999 -9999 -9999 -9999 -9999 -9999 -9999 -9999 -9999 -9999 -9999 -9999 -9999 18769 18755 18689 18755 18831 18887 18940 18972 18998 19016 19040 19042 19042 19026 18993 18961 18910 18864 18796 18734 18661 18580 18481 18378 18276 18155 18037 17906 17782 17645 17501 17352 17204 17053 16906 16761 16614 16472 16334
-9999 -9999 -9999 -9999 -9999 -9999 -9999 -9999 -9999 -9999 -9999 -9999 -9999 -9999 -9999 -9999 -9999 -9999 -9999 -9999 -9999 -9999 -9999 -9999 -9999 -9999 -9999 -9999 -9999 -9999 -9999 -9999 -9999 -9999 18832 18921 -9999 19048 19111 19058 19132 19229 19313 19389 19442 19496 19527 19556 19574 19588 19626 19623 19598 19557 19515 19453 19390 19316 19243 19146 19046 18930 18826 18693 18552 18427 18279 18129 17972 17802 17635 17471 17309 17143 16926 16765 16616
-9999 -9999 -9999 -9999 -9999 -9999 -9999 -9999 -9999 -9999 -9999 -9999 -9999 -9999 -9999 -9999 -9999 -9999 -9999 -9999 -9999 -9999 -9999 -9999 -9999 -9999 -9999 -9999 -9999 -9999 -9999 -9999 -9999 19033 19076 19154 19301 19438 19435 19549 19662 19762 19861 19954 20075 20123 20177 20208 20236 20297 20345 20388 20381 20342 20292 20239 20175 20100 20006 19911 19789 19689 19549 19418 19266 19115 18962 18790 18611 18425 18240 18058 17871 17637 17396 17169 16986
-9999 -9999 -9999 -9999 -9999 -9999 -9999 -9999 -9999 -9999 -9999 -9999 -9999 -9999 -9999 -9999 -9999 -9999 -9999 -9999 -9999 -9999 -9999 -9999 -9999 -9999 -9999 -9999 -9999 -9999 -9999 -9999 19320 19374 19379 19540 19767 19836 19975 20113 20246 20413 20525 20682 20819 20939 20994 21047 21126 21199 21268 21311 21342 21328 21300 21231 21159 21075 20997 20878 20776 20640 20505 20354 20206 20024 19847 19662 19458 19254 19051 18849 18589 18324 18056 17785 17536
-9999 -9999 -9999 -9999 -9999 -9999 -9999 -9999 -9999 -9999 -9999 -9999 -9999 -9999 -9999 -9999 -9999 -9999 -9999 -9999 -9999 -9999 -9999 -9999 -9999 -9999 -9999 -9999 -9999 -9999 -9999 19606 19687 19688 19892 20083 20260 20426 20632 20796 21003 21195 21433 21591 21748 21889 22020 22089 22144 22202 22291 22338 22317 22302 22266 22205 22122 22057 21957 21843 21718 21600 21448 21293 21115 20936 20752 20536 20321 20095 19880 19654 19419 19124 18835 18549 18292
-9999 -9999 -9999 -9999 -9999 -9999 -9999 -9999 -9999 -9999 -9999 -9999 -9999 -9999 -9999 -9999 -9999 -9999 -9999 -9999 -9999 -9999 -9999 -9999 -9999 18905 19045 19179 19374 19605 19776 19928 20004 20235 20465 20689 20942 21174 21422 21720 21950 22180 22379 22617 22777 22929 23024 23107 23156 23214 23258 23269 23255 23217 23168 23115 23050 22961 22857 22751 22620 22477 22341 22180 21985 21799 21599 21388 21154 20920 20675 20442 20188 19924 19604 19346 19082
-9999 -9999 -9999 -9999 -9999 -9999 -9999 -9999 -9999 -9999 -9999 -9999 -9999 -9999 -9999 -9999 -9999 -9999 -9999 -9999 -9999 -9999 -9999 -9999 19007 19103 19214 19438 19670 19910 20155 20323 20577 20828 21146 21441 21786 22112 22402 22677 22993 23238 23465 23604 23791 23897 24003 24061 24130 24174 24183 24166 24161 24119 24065 24010 23930 23836 23740 23606 23481 23331 23180 23002 22822 22628 22412 22183 21953 21710 21458 21187 20926 20645 20368 20084 19811
-9999 -9999 -9999 -9999 -9999 -9999 -9999 -9999 -9999 -9999 -9999 -9999 -9999 -9999 -9999 -9999 -9999 -9999 -9999 -9999 -9999 -9999 -9999 19140 19265 19333 19561 19815 20090 20358 20628 20920 21258 21594 21990 22391 22721 23086 23444 23748 23977 24251 24430 24596 24722 24848 24924 25000 25051 25080 25095 25087 25055 25022 24976 24893 24809 24723 24599 24472 24308 24188 24007 23835 23636 23435 23222 22994 22744 22483 22211 21951 21650 21372 21067 20786 20488
-9999 -9999 -9999 -9999 -9999 -9999 -9999 -9999 -9999 -9999 -9999 -9999 -9999 -9999 -9999 -9999 -9999 -9999 -9999 -9999 -9999 -9999 19271 19410 19487 19754 20026 20307 20613 20922 21301 21679 22108 22537 22945 23382 23786 24130 24458 24714 24967 25166 25376 25522 25668 25762 25856 25913 25959 25970 25993 25980 25944 25896 25835 25761 25684 25572 25456 25290 25168 24985 24845 24654 24460 24231 24019 23783 23523 23242 22981 22689 22399 22070 21785 21464 21179
-9999 -9999 -9999 -9999 -9999 -9999 -9999 -9999 -9999 -9999 -9999 -9999 -9999 -9999 -9999 -9999 -9999 -9999 -9999 -9999 -9999 19377 19534 19639 19925 20216 20525 20853 21186 21661 22139 22615 23052 23519 23994 24411 24797 25118 25398 25661 25894 26111 26263 26450 26573 26683 26745 26795 26822 26864 26846 26816 26776 26725 26661 26585 26495 26403 26261 26139 25966 25825 25644 25460 25237 25031 24801 24557 24288 24007 23715 23423 23112 22813 22467 22177 21842
-9999 -9999 -9999 -9999 -9999 -9999 -9999 -9999 -9999 -9999 -9999 -9999 -9999 -9999 -9999 -9999 -9999 -9999 -9999 -9999 19458 19627 19743 20062 20405 20728 21070 21493 21995 22521 23060 23585 24091 24540 24987 25369 25731 26049 26335 26589 26826 27019 27197 27322 27460 27536 27613 27642 27675 27675 27663 27618 27563 27497 27432 27366 27286 27170 27060 26912 26771 26602 26428 26226 26018 25794 25568 25304 25036 24755 24453 24131 23830 23500 23185 22843 22549
-9999 -9999 -9999 -9999 -9999 -9999 -9999 -9999 -9999 -9999 -9999 -9999 -9999 -9999 -9999 -9999 -9999 -9999 -9999 19521 19697 19828 20157 20509 20885 21266 21764 22313 22868 23435 24018 24579 25063 25479 25891 26269 26639 26950 27252 27507 27706 27899 28051 28176 28277 28379 28409 28442 28442 28448 28421 28373 28304 28237 28171 28104 28013 27918 27783 27657 27502 27340 27162 26965 26751 26521 26286 26045 25757 25457 25144 24841 24509 24191 23845 23535 23201
-9999 -9999 -9999 -9999 -9999 -9999 -9999 -9999 -9999 -9999 -9999 -9999 -9999 -9999 -9999 -9999 -9999 -9999 19568 19762 19893 20230 20608 20994 21466 22006 22587 23174 23773 24395 24997 25480 25930 26360 26769 27169 27504 27844 28121 28363 28560 28701 28862 28960 29046 29098 29153 29152 29158 29145 29115 29053 28995 28928 28863 28786 28707 28589 28467 28328 28194 28030 27848 27647 27438 27211 26968 26707 26431 26121 25808 25494 25173 24823 24507 24168 23857
-9999 -9999 -9999 -9999 -9999 -9999 -9999 -9999 -9999 -9999 -9999 -9999 -9999 -9999 18706 -9999 -9999 19585 19800 19945 20306 20676 21071 21643 22203 22822 23457 24079 24717 25318 25824 26309 26787 27218 27648 28027 28366 28680 28945 29159 29350 29485 29578 29670 29727 29775 29793 29794 29779 29761 29716 29665 29597 29533 29470 29408 29309 29206 29074 28959 28825 28660 28486 28292 28068 27846 27594 27325 27050 26750 26438 26114 25781 25452 25115 24797 24456
-9999 -9999 -9999 -9999 -9999 -9999 -9999 -9999 -9999 -9999 -9999 -9999 -9999 18708 18890 19082 19438 19740 19967 20342 20736 21156 21777 22379 23032 23689 24348 25028 25573 26116 26640 27143 27608 28061 28474 28858 29174 29475 29723 29918 30064 30188 30259 30304 30339 30356 30359 30336 30325 30279 30232 30171 30106 30046 29990 29922 29851 29730 29626 29503 29382 29229 29054 28869 28652 28424 28177 27911 27628 27339 27037 26702 26379 26048 25712 25374 25054
-9999 -9999 -9999 -9999 -9999 -9999 -9999 -9999 -9999 -9999 -9999 -9999 18692 18866 18994 19333 19673 19967 20355 20762 21189 21844 22472 23183 23880 24565 25205 25786 26366 26904 27447 27952 28417 28855 29276 29640 29957 30203 30430 30603 30723 30807 30862 30867 30864 30836 30821 30796 30742 30691 30633 30565 30506 30455 30407 30359 30275 30185 30065 29981 29853 29714 29540 29365 29167 28925 28693 28442 28162 27864 27574 27260 26926 26606 26260 25943 25621
-9999 -9999 -9999 -9999 -9999 -9999 -9999 -9999 -9999 -9999 -9999 18668 18846 18976 19272 19611 19960 20343 20754 21267 21876 22517 23268 23970 24727 25346 25939 26546 27109 27682 28231 28740 29207 29629 30033 30388 30664 30890 31067 31211 31286 31337 31345 31329 31272 31208 31165 31117 31053 30986 30918 30857 30809 30770 30734 30677 30627 30536 30448 30339 30250 30104 29955 29769 29592 29380 29134 28898 28632 28348 28049 27737 27425 27105 26791 26457 26149
-9999 -9999 -9999 -9999 -9999 -9999 -9999 -9999 -9999 -9999 18630 18812 18952 19250 19585 19944 20322 20727 21315 21925 22595 23298 24014 24813 25427 26030 26661 27253 27842 28421 28978 29481 29937 30373 30758 31076 31323 31513 31647 31731 31780 31764 31731 31653 31575 31507 31415 31334 31271 31196 31110 31048 31002 30968 30938 30909 30852 30798 30723 30657 30543 30425 30268 30118 29941 29749 29532 29282 29031 28761 28465 28165 27865 27558 27246 26940 26659
-9999 -9999 -9999 -9999 -9999 -9999 -9999 -9999 -9999 18596 18780 18917 19223 19551 19905 20294 20701 21358 21970 22652 23352 24098 24838 25472 26082 26725 27330 27962 28547 29124 29664 30175 30652 31062 31430 31723 31938 32087 32175 32204 32168 32100 32014 31934 31845 31739 31650 31544 31459 31358 31265 31179 31113 31060 31033 31013 30998 30951 30913 30848 30778 30656 30527 30380 30216 30045 29848 29626 29370 29105 28834 28537 28250 27956 27647 27370 27128
-9999 -9999 -9999 -9999 -9999 -9999 -9999 -9999 18548 18735 18883 19190 19513 19860 20241 20650 21319 21952 22693 23415 24134 24828 25465 26097 26734 27364 28010 28615 29214 29777 30317 30854 31313 31700 32038 32319 32499 32605 32639 32581 32488 32383 32304 32222 32111 32002 31906 31808 31666 31535 31407 31284 31174 31102 31041 31015 31012 31019 30999 30971 30902 30812 30690 30570 30430 30260 30073 29880 29653 29404 29137 28865 28582 28302 28019 27752 27534
-9999 -9999 -9999 -9999 -9999 -9999 -9999 18496 18678 18825 19139 19477 19817 20182 20667 21266 21905 22673 23382 24186 24808 25437 26072 26716 27355 28000 28633 29253 29842 30411 30969 31477 31925 32298 32601 32829 32975 33040 33011 32928 32808 32695 32601 32500 32423 32301 32173 32024 31878 31713 31546 31377 31212 31083 31005 30960 30965 30984 30995 30984 30950 30871 30780 30677 30552 30406 30241 30068 29870 29629 29389 29142 28874 28609 28342 28094 27896
-9999 -9999 -9999 -9999 -9999 -9999 18468 18610 18762 19070 19402 19764 20135 20681 21284 21928 22618 23340 24157 24768 25398 26022 26671 27316 27956 28588 29209 29833 30430 31006 31556 32035 32434 32765 33027 33211 33329 33348 33296 33221 33120 33025 32910 32824 32698 32560 32377 32198 32024 31822 31626 31425 31231 31048 30927 30863 30840 30872 30905 30912 30893 30859 30788 30703 30605 30473 30342 30181 30003 29802 29589 29350 29108 28869 28618 28396 28225
-9999 -9999 -9999 -9999 -9999 -9999 18632 18740 18992 19323 19684 20071 20703 21307 21967 22651 23373 24107 24718 25349 25961 26598 27233 27879 28519 29152 29751 30370 30968 31523 32030 32458 32808 33075 33286 33427 33506 33502 33464 33417 33361 33304 33230 33079 32903 32693 32501 32291 32067 31839 31619 31408 31182 30973 30809 30705 30667 30677 30721 30747 30754 30754 30715 30660 30568 30484 30356 30229 30074 29903 29711 29500 29286 29073 28839 28640 28503
-9999 -9999 -9999 -9999 -9999 -9999 18773 18988 19255 19600 20072 20637 21253 22007 22685 23411 24077 24675 25279 25891 26527 27147 27769 28413 29054 29664 30271 30870 31422 31928 32384 32755 33029 33240 33404 33501 33525 33516 33516 33487 33491 33480 33397 33242 33000 32765 32527 32277 32013 31772 31529 31286 31052 30825 30639 30496 30426 30411 30448 30512 30546 30548 30563 30527 30485 30396 30316 30213 30081 29923 29763 29593 29418 29214 29015 28840 28721
-9999 -9999 -9999 -9999 -9999 18839 18985 19203 19542 20037 20619 21282 21953 22661 23460 24043 24640 25241 25837 26446 27052 27684 28302 28945 29548 30150 30763 31300 31791 32240 32622 32921 33149 33306 33430 33485 33466 33430 33415 33444 33493 33484 33401 33236 33018 32733 32450 32170 31881 31605 31330 31090 30848 30616 30403 30240 30132 30093 30132 30200 30270 30305 30319 30335 30301 30273 30198 30122 30016 29902 29765 29628 29475 29320 29151 28997 28874
-9999 -9999 -9999 -9999 18770 18990 19149 19489 20060 20568 21247 21963 22713 23423 24017 24611 25198 25791 26381 26985 27589 28190 28804 29419 30023 30635 31164 31642 32075 32453 32750 33000 33212 33338 33386 33391 33334 33280 33259 33290 33330 33333 33264 33125 32898 32612 32285 31978 31664 31343 31073 30804 30558 30321 30105 29920 29782 29734 29755 29835 29916 29994 30039 30063 30091 30059 30024 29965 29906 29829 29727 29614 29504 29372 29243 29104 29005
-9999 -9999 -9999 18676 18903 19084 19432 20010 20528 21245 21918 22692 23380 23989 24567 25161 25753 26339 26911 27496 28093 28688 29271 29856 30459 31011 31495 31921 32286 32585 32854 33062 33204 33302 33336 33272 33179 33088 33057 33076 33079 33080 33021 32895 32678 32391 32049 31692 31345 31019 30720 30448 30188 29961 29731 29532 29381 29298 29330 29420 29516 29613 29688 29754 29778 29797 29801 29771 29741 29681 29638 29561 29476 29388 29282 29181 29090
-9999 -9999 18578 18804 18994 19441 19999 20583 21276 21907 22721 23336 23986 24548 25138 25711 26307 26888 27439 28002 28577 29137 29713 30283 30833 31335 31775 32149 32451 32695 32925 33094 33197 33257 33238 33154 33016 32894 32842 32813 32801 32746 32690 32568 32368 32073 31708 31320 30956 30615 30292 30007 29759 29499 29281 29082 28915 28828 28844 28953 29061 29174 29277 29360 29425 29474 29486 29518 29506 29508 29483 29455 29387 29336 29274 29216 29158
