ASPA-UH-SWB2_REPO/dynamic_inputs/RO_Rf_Ratios_Dynamic/Data/Gridded_rain/PRISM_ppt_tutuila_30yr_normal_80mM1_12_asc.asc
ncols 381
nrows 202
xllcorner -170.851658
yllcorner -14.379175
cellsize 0.00083333333
NODATA_value -9999
[rows 102 to 135 of 202, columns 77 to 153 of 381]
43905 43938 43946 43956 43967 43980 43993 44008 44024 44041 44058 44076 44095 44115 44135 44138 44134 44129 44125 44106 44086 44051 44023 43972 43913 43854 43788 43721 43656 43583 43518 43447 43376 43306 43253 43219 43202 43178 43174 43196 43220 43269 43334 43415 43522 43634 43777 43934 44115 44311 44533 44761 45015 45287 45567 45855 46161 46495 46837 47189 47550 47921 48311 48721 49161 49620 50090 50578 51084 51598 52119 52667 53197 53753 54323 54895 55466
44862 44880 44907 44909 44914 44920 44927 44935 44945 44957 44969 44983 45005 45020 45036 45044 45037 45037 45031 45010 44973 44944 44907 44856 44789 44714 44640 44566 44493 44413 44334 44256 44172 44089 44031 43992 43962 43934 43924 43926 43955 43985 44039 44125 44209 44330 44447 44586 44740 44927 45121 45339 45564 45815 46084 46341 46627 46930 47261 47592 47922 48273 48653 49043 49452 49881 50340 50788 51274 51757 52258 52775 53297 53822 54362 54914 55466
45801 45819 45830 45842 45847 45846 45846 45848 45852 45858 45865 45889 45906 45924 45928 45932 45937 45920 45912 45896 45859 45822 45777 45725 45657 45574 45492 45403 45322 45234 45134 45049 44959 44863 44793 44748 44698 44675 44653 44651 44660 44686 44738 44803 44891 44978 45086 45199 45352 45502 45675 45864 46078 46308 46528 46774 47037 47319 47619 47928 48228 48557 48906 49275 49654 50063 50480 50927 51363 51826 52296 52782 53284 53789 54309 54832 55354
46717 46735 46746 46750 46755 46755 46755 46751 46748 46747 46764 46782 46809 46815 46821 46821 46816 46798 46780 46763 46725 46679 46634 46581 46505 46422 46325 46227 46131 46028 45934 45820 45723 45622 45539 45482 45428 45384 45360 45345 45350 45374 45397 45468 45534 45614 45686 45798 45906 46045 46190 46358 46533 46732 46930 47154 47377 47636 47904 48172 48469 48767 49074 49412 49779 50146 50543 50949 51383 51805 52255 52710 53182 53657 54146 54639 55130
47605 47622 47640 47644 47633 47640 47641 47637 47627 47635 47637 47657 47678 47701 47696 47686 47671 47665 47646 47606 47572 47525 47472 47411 47335 47238 47140 47035 46922 46804 46694 46588 46462 46369 46274 46196 46137 46074 46037 46020 46013 46016 46045 46087 46149 46204 46276 46343 46441 46542 46666 46796 46948 47099 47292 47466 47656 47882 48118 48363 48608 48883 49168 49474 49799 50155 50500 50895 51288 51700 52118 52543 52984 53429 53877 54349 54810
48474 48490 48491 48493 48498 48504 48497 48484 48490 48482 48493 48498 48521 48524 48531 48518 48508 48499 48470 48434 48392 48342 48280 48212 48131 48035 47931 47813 47694 47566 47442 47319 47200 47078 46983 46894 46815 46748 46691 46654 46635 46626 46643 46673 46713 46753 46799 46846 46915 47005 47081 47188 47292 47428 47561 47720 47886 48060 48262 48465 48687 48919 49181 49445 49747 50061 50395 50729 51101 51482 51879 52273 52683 53097 53515 53945 54375
49316 49314 49321 49314 49324 49313 49312 49315 49304 49304 49291 49305 49314 49320 49316 49314 49307 49279 49259 49220 49168 49109 49054 48979 48892 48785 48678 48556 48433 48309 48162 48031 47897 47767 47665 47562 47464 47385 47324 47259 47228 47206 47203 47213 47230 47254 47264 47301 47340 47390 47453 47511 47591 47676 47785 47909 48041 48182 48331 48500 48679 48887 49106 49347 49607 49889 50172 50494 50816 51175 51532 51906 52284 52667 53054 53452 53851
50094 50106 50103 50101 50093 50088 50094 50079 50075 50066 50076 50067 50071 50079 50077 50068 50054 50034 49996 49959 49897 49838 49782 49695 49603 49506 49382 49264 49133 49002 48869 48711 48568 48431 48307 48196 48086 47995 47907 47846 47794 47752 47736 47724 47711 47693 47692 47691 47717 47728 47749 47783 47812 47872 47946 48027 48115 48212 48336 48460 48605 48761 48948 49164 49393 49633 49894 50155 50456 50784 51111 51464 51803 52145 52510 52867 53244
50850 50835 50846 50834 50825 50826 50815 50806 50801 50799 50793 50793 50791 50800 50796 50780 50766 50734 50698 50639 50597 50532 50462 50380 50274 50170 50047 49927 49801 49655 49515 49367 49213 49063 48917 48785 48676 48566 48474 48393 48329 48275 48228 48203 48157 48113 48068 48045 48022 48018 48008 47999 47993 48000 48031 48076 48128 48189 48251 48350 48451 48574 48726 48901 49088 49306 49526 49767 50036 50315 50622 50934 51252 51565 51889 52215 52541
51541 51542 51527 51531 51512 51512 51508 51490 51491 51488 51476 51476 51481 51474 51470 51454 51427 51407 51358 51314 51253 51201 51124 51027 50925 50804 50685 50549 50418 50275 50126 49977 49813 49644 49494 49358 49221 49099 48996 48903 48819 48751 48691 48626 48564 48484 48410 48347 48293 48248 48212 48160 48110 48082 48067 48067 48075 48091 48126 48172 48239 48327 48437 48570 48725 48902 49092 49303 49542 49791 50058 50341 50629 50921 51206 51491 51795
52183 52183 52184 52171 52167 52150 52144 52141 52133 52130 52125 52118 52115 52100 52095 52081 52061 52030 52005 51949 51904 51846 51762 51664 51545 51428 51297 51149 50998 50853 50697 50536 50365 50198 50030 49875 49733 49593 49480 49369 49257 49176 49101 49012 48916 48817 48712 48609 48513 48434 48346 48268 48174 48101 48040 48004 47957 47937 47937 47938 47962 48016 48085 48176 48300 48438 48597 48778 48979 49199 49455 49690 49949 50211 50465 50730 50994
52759 52776 52776 52762 52757 52739 52732 52735 52726 52715 52717 52710 52691 52690 52673 52659 52650 52636 52594 52569 52511 52453 52375 52263 52150 52010 51877 51724 51559 51386 51227 51058 50879 50705 50528 50360 50200 50056 49918 49780 49674 49557 49444 49346 49232 49103 48958 48814 48685 48554 48422 48308 48187 48059 47953 47871 47797 47723 47678 47645 47634 47646 47673 47733 47817 47916 48047 48207 48380 48571 48763 48996 49217 49459 49684 49909 50141
53294 53302 53310 53295 53273 53270 53269 53255 53253 53249 53250 53227 53222 53214 53196 53193 53196 53186 53161 53117 53080 53023 52938 52825 52699 52572 52424 52270 52080 51899 51719 51540 51359 51164 50984 50812 50632 50468 50303 50163 50029 49900 49757 49636 49494 49326 49158 48973 48793 48618 48459 48300 48133 47969 47826 47690 47571 47461 47363 47295 47250 47221 47225 47237 47282 47360 47454 47578 47723 47887 48059 48238 48449 48644 48847 49049 49259
53760 53759 53759 53759 53744 53731 53728 53721 53718 53720 53699 53697 53685 53673 53672 53674 53681 53684 53667 53630 53586 53529 53444 53332 53206 53080 52933 52757 52575 52378 52182 51983 51785 51587 51395 51204 51018 50825 50655 50502 50349 50183 50042 49880 49702 49513 49304 49077 48854 48644 48449 48237 48034 47842 47654 47464 47301 47147 47006 46903 46816 46754 46718 46708 46707 46757 46824 46913 47032 47177 47323 47475 47639 47820 47990 48159 48326
54156 54155 54153 54143 54134 54128 54125 54125 54121 54102 54096 54095 54091 54080 54084 54105 54117 54128 54111 54081 54036 53979 53894 53783 53657 53524 53371 53204 53015 52812 52593 52386 52169 51960 51762 51552 51345 51146 50962 50795 50619 50447 50267 50079 49873 49645 49387 49144 48878 48625 48369 48138 47891 47663 47423 47201 46995 46800 46624 46478 46355 46250 46183 46135 46124 46122 46170 46234 46336 46448 46569 46700 46839 46968 47113 47246 47385
54461 54476 54473 54463 54462 54457 54454 54448 54438 54436 54432 54432 54420 54432 54454 54468 54504 54507 54504 54473 54428 54370 54291 54171 54046 53906 53754 53580 53392 53183 52966 52742 52510 52285 52063 51855 51636 51423 51232 51026 50842 50654 50449 50226 49990 49723 49433 49140 48849 48545 48263 47981 47708 47424 47156 46904 46669 46434 46225 46035 45867 45742 45622 45549 45501 45490 45498 45537 45623 45712 45812 45911 46009 46121 46220 46334 46439
54711 54710 54708 54707 54709 54714 54699 54688 54696 54697 54703 54693 54701 54723 54749 54781 54812 54843 54825 54807 54754 54702 54615 54509 54374 54220 54074 53901 53700 53505 53282 53037 52795 52558 52327 52105 51882 51655 51441 51228 51012 50798 50566 50330 50055 49748 49427 49092 48760 48439 48108 47795 47479 47181 46881 46605 46328 46074 45834 45602 45406 45217 45078 44949 44879 44833 44817 44842 44897 44968 45038 45115 45180 45266 45340 45413 45501
54851 54868 54877 54880 54878 54880 54877 54885 54890 54901 54904 54913 54927 54950 54988 55028 55073 55090 55093 55060 55036 54968 54888 54780 54645 54496 54334 54160 53973 53751 53529 53284 53027 52773 52533 52305 52067 51834 51590 51368 51127 50887 50635 50377 50060 49720 49367 49010 48645 48276 47917 47574 47256 46919 46608 46296 46006 45719 45444 45190 44950 44737 44534 44386 44248 44174 44139 44150 44183 44227 44269 44316 44374 44428 44475 44535 44583
54930 54946 54968 54969 54979 54978 54995 55000 55017 55033 55055 55069 55082 55112 55159 55214 55252 55276 55286 55267 55227 55181 55093 54991 54862 54719 54542 54366 54171 53956 53713 53469 53205 52942 52695 52444 52207 51952 51708 51447 51187 50920 50663 50355 50022 49657 49272 48866 48470 48084 47705 47350 46987 46643 46304 45979 45665 45355 45056 44777 44520 44259 44032 43824 43665 43534 43477 43464 43475 43501 43525 43552 43582 43613 43664 43688 43722
54919 54960 54973 54987 55004 55023 55031 55057 55072 55107 55119 55146 55173 55208 55261 55316 55354 55392 55401 55390 55357 55303 55250 55133 55003 54859 54702 54511 54301 54084 53849 53585 53321 53064 52803 52545 52278 52032 51757 51485 51199 50928 50624 50299 49932 49542 49116 48696 48265 47848 47466 47076 46696 46331 45979 45621 45284 44966 44653 44353 44066 43807 43538 43298 43100 42946 42842 42796 42799 42803 42811 42823 42833 42856 42874 42910 42912
54843 54885 54914 54935 54958 54976 55013 55031 55060 55086 55119 55151 55182 55223 55278 55332 55392 55423 55440 55442 55416 55369 55301 55213 55082 54937 54773 54588 54376 54145 53908 53658 53388 53119 52858 52585 52328 52043 51773 51468 51186 50878 50550 50190 49804 49364 48924 48475 48029 47591 47181 46782 46381 45993 45608 45243 44890 44542 44216 43911 43620 43317 43053 42793 42571 42388 42253 42174 42145 42139 42135 42136 42142 42143 42155 42170 42194
54663 54729 54773 54811 54834 54867 54896 54944 54973 54999 55046 55076 55120 55164 55212 55277 55344 55397 55414 55416 55397 55365 55296 55200 55090 54938 54780 54595 54382 54157 53913 53662 53393 53120 52844 52588 52300 52022 51719 51426 51100 50778 50424 50045 49613 49157 48686 48211 47751 47310 46872 46452 46045 45624 45215 44836 44469 44109 43761 43444 43133 42829 42546 42294 42063 41853 41689 41577 41531 41510 41500 41501 41487 41493 41493 41509 41507
54392 54481 54558 54603 54645 54688 54733 54766 54818 54860 54892 54945 54985 55030 55087 55152 55231 55284 55323 55325 55314 55281 55220 55131 55013 54875 54724 54538 54325 54106 53861 53596 53336 53066 52793 52515 52234 51930 51631 51302 50972 50626 50252 49835 49377 48904 48404 47920 47447 46986 46536 46101 45653 45225 44818 44408 44021 43655 43312 42960 42631 42341 42059 41793 41558 41353 41158 41024 40955 40928 40920 40909 40903 40890 40890 40887 40881
54041 54156 54241 54309 54375 54440 54489 54540 54594 54645 54693 54747 54800 54839 54896 54972 55046 55106 55152 55169 55158 55125 55078 54996 54879 54748 54596 54417 54211 53986 53746 53489 53219 52944 52680 52396 52096 51805 51470 51136 50792 50429 50025 49569 49101 48595 48092 47584 47097 46625 46160 45701 45238 44795 44375 43968 43567 43190 42828 42482 42161 41849 41570 41315 41078 40857 40677 40522 40430 40399 40385 40380 40362 40342 40332 40327 40298
53599 53721 53835 53939 54025 54091 54164 54246 54306 54368 54426 54489 54543 54600 54654 54722 54792 54863 54909 54926 54930 54912 54872 54790 54680 54563 54404 54240 54034 53807 53575 53329 53056 52783 52515 52220 51926 51607 51275 50928 50568 50184 49749 49288 48767 48256 47725 47219 46719 46241 45754 45271 44809 44361 43927 43498 43110 42722 42343 42005 41686 41378 41096 40847 40609 40392 40208 40057 39961 39922 39902 39882 39872 39857 39824 39794 39750
53052 53206 53345 53468 53583 53677 53768 53859 53944 54022 54093 54161 54233 54303 54357 54409 54477 54544 54593 54625 54636 54625 54586 54519 54423 54299 54162 53991 53798 53579 53359 53110 52853 52585 52293 52011 51697 51365 51028 50683 50305 49888 49438 48930 48427 47871 47339 46816 46310 45817 45323 44842 44366 43912 43464 43040 42625 42244 41881 41530 41207 40919 40644 40380 40161 39956 39767 39616 39521 39477 39450 39446 39428 39386 39339 39283 39220
52448 52611 52765 52913 53056 53186 53296 53408 53518 53606 53686 53769 53864 53932 53989 54055 54115 54173 54220 54261 54285 54274 54250 54190 54094 53978 53848 53691 53499 53306 53083 52852 52599 52333 52038 51743 51433 51096 50753 50384 49990 49558 49075 48565 48022 47482 46916 46393 45878 45370 44886 44390 43916 43440 42996 42569 42152 41763 41403 41057 40747 40466 40197 39947 39732 39535 39349 39203 39118 39066 39050 39038 39001 38937 38866 38787 38681
51774 51948 52123 52296 52465 52612 52756 52886 53008 53122 53214 53314 53409 53501 53574 53643 53703 53762 53817 53857 53874 53882 53857 53804 53716 53606 53491 53328 53156 52967 52769 52541 52292 52022 51746 51440 51124 50797 50432 50057 49637 49180 48676 48149 47606 47048 46498 45940 45424 44915 44407 43930 43433 42977 42521 42093 41676 41290 40935 40609 40306 40017 39768 39542 39315 39122 38956 38820 38741 38698 38682 38640 38586 38503 38392 38271 38162
51062 51236 51413 51608 51792 51983 52137 52280 52420 52545 52662 52774 52896 53004 53101 53170 53245 53306 53369 53411 53431 53426 53412 53364 53290 53189 53069 52938 52769 52590 52396 52178 51932 51666 51394 51098 50777 50444 50082 49673 49237 48746 48239 47711 47160 46602 46044 45484 44947 44436 43928 43427 42959 42482 42042 41605 41207 40834 40483 40164 39867 39589 39350 39126 38917 38731 38576 38462 38386 38365 38321 38265 38178 38072 37925 37789 37661
50295 50469 50666 50860 51068 51256 51444 51614 51766 51908 52035 52172 52304 52438 52551 52644 52733 52812 52866 52912 52927 52942 52926 52884 52816 52729 52619 52498 52346 52177 51982 51768 51526 51263 50994 50709 50390 50037 49657 49246 48776 48289 47760 47242 46691 46135 45568 45013 44465 43939 43431 42941 42444 41998 41557 41139 40746 40376 40040 39733 39446 39193 38935 38723 38541 38368 38228 38128 38072 38035 37977 37897 37794 37638 37484 37331 37188
49454 49652 49847 50064 50275 50480 50685 50880 51051 51206 51366 51512 51669 51812 51933 52057 52161 52245 52319 52359 52397 52403 52400 52365 52312 52234 52138 52018 51881 51725 51542 51316 51087 50835 50561 50269 49946 49583 49185 48748 48289 47786 47284 46732 46217 45654 45087 44531 43976 43446 42933 42430 41963 41508 41078 40672 40290 39941 39616 39312 39035 38784 38559 38359 38182 38030 37916 37832 37777 37733 37643 37542 37396 37233 37070 36909 36747
48554 48768 48979 49185 49412 49652 49876 50083 50273 50472 50647 50819 50984 51133 51270 51401 51520 51618 51705 51773 51806 51829 51827 51815 51770 51707 51618 51512 51380 51237 51059 50846 50612 50371 50096 49794 49460 49079 48663 48228 47750 47273 46763 46247 45700 45157 44602 44035 43494 42951 42434 41936 41475 41031 40611 40225 39863 39517 39202 38913 38646 38407 38194 38012 37849 37733 37633 37555 37507 37426 37332 37182 37027 36855 36678 36506 36348
47597 47817 48051 48273 48500 48739 48990 49216 49452 49664 49877 50067 50243 50410 50562 50701 50818 50946 51046 51118 51170 51204 51227 51216 51187 51140 51067 50967 50857 50704 50538 50336 50113 49854 49583 49278 48928 48538 48114 47668 47215 46730 46240 45726 45191 44651 44100 43554 42993 42473 41943 41460 40984 40558 40165 39798 39431 39117 38809 38523 38275 38046 37851 37676 37551 37448 37360 37302 37232 37147 37010 36857 36679 36500 36310 36142 35992
46613 46836 47073 47317 47537 47784 48033 48310 48539 48780 49022 49249 49445 49620 49793 49942 50090 50217 50322 50424 50488 50541 50567 50581 50569 50539 50473 50387 50275 50143 49964 49779 49552 49296 49017 48703 48353 47966 47550 47102 46649 46183 45695 45193 44661 44134 43605 43049 42528 41981 41485 40984 40526 40108 39731 39357 39029 38715 38425 38150 37911 37703 37525 37383 37268 37179 37109 37044 36975 36867 36715 36537 36358 36164 35985 35818 35670
