ASPA-UH-Flopy_REPO/Models/Basic_optimizerSpHed/Flo_py_wrkspace/raw_net_infiltration_clip.asc
ncols        337
nrows        165
xllcorner    515150.000000000000
yllcorner    8410150.000000000000
cellsize     100.000000000000
NODATA_value  -999
[rows 81 to 107 of 165, columns 0 to 59 of 337]
-999 0 0 0 0 0 0 0 0 0 0 0 0 0 0 0 0 0 0 0 0 0 0 0 0 0 0 0 0 0 0 0 0 0 0 0 0 48.880001068115234375 48.8600006103515625 50.189998626708984375 50.4199981689453125 51.81999969482421875 77.1699981689453125 80.12000274658203125 112.51999664306640625 53.5 54.009998321533203125 68.56999969482421875 57.380001068115234375 92.910003662109375 70.6399993896484375 72.339996337890625 73.29000091552734375 74.95999908447265625 76.18000030517578125 77.79000091552734375 79.69000244140625 81.26000213623046875 82.75 84.1999969482421875
-999 0 0 0 0 0 0 0 0 0 0 0 0 0 0 0 0 0 0 0 0 0 0 0 0 0 0 0 0 0 0 0 0 0 0 0 38.590000152587890625 50.029998779296875 50.04000091552734375 51.43000030517578125 74.48999786376953125 75.910003662109375 78.5 81.5 62.95999908447265625 64.5500030517578125 122.339996337890625 69.3899993896484375 69.94000244140625 94.470001220703125 94.970001220703125 73.87999725341796875 74.779998779296875 76.4499969482421875 77.660003662109375 79.30999755859375 81.18000030517578125 82.720001220703125 84.1999969482421875 152.5500030517578125
-999 0 0 0 0 0 0 0 0 0 0 0 0 0 0 0 0 0 0 0 0 0 0 0 0 0 0 0 0 0 0 0 0 0 0 0 40.369998931884765625 51.270000457763671875 74.76000213623046875 76.1999969482421875 76.779998779296875 55.43000030517578125 56.380001068115234375 59.409999847412109375 85.1699981689453125 86.8000030517578125 90.44000244140625 120.779998779296875 60.479999542236328125 73.69000244140625 98.62999725341796875 76.8600006103515625 78.029998779296875 79.70999908447265625 81.23999786376953125 82.90000152587890625 84.59999847412109375 86.15000152587890625 86.45999908447265625 87.8600006103515625
-999 0 0 0 0 0 0 0 0 0 0 0 0 0 0 0 0 0 0 0 0 0 0 0 0 0 0 0 0 0 0 0 0 0 0 15.520000457763671875 66.9199981689453125 53.009998321533203125 75.87000274658203125 77.339996337890625 55.1100006103515625 56.59999847412109375 57.56999969482421875 60.619998931884765625 63.630001068115234375 120.30999755859375 91.75 93.4499969482421875 153.1199951171875 157.4900054931640625 121.62000274658203125 78.12999725341796875 79.25 80.9499969482421875 82.45999908447265625 84.0500030517578125 85.76999664306640625 87.26000213623046875 87.51000213623046875 88.87000274658203125
-999 0 0 0 0 0 0 0 0 0 0 0 0 0 0 0 0 0 0 0 0 0 0 0 0 0 0 0 0 0 0 0 90.8000030517578125 92.87999725341796875 48.75 74.279998779296875 75.30999755859375 103.9199981689453125 55.009998321533203125 79.3000030517578125 80.56999969482421875 59.3300018310546875 114.3000030517578125 61.20999908447265625 63.56999969482421875 65.160003662109375 68.910003662109375 149.4900054931640625 73.970001220703125 75.6999969482421875 77.19000244140625 201.8300018310546875 205.9900054931640625 145.6699981689453125 84.5 86.089996337890625 88.15000152587890625 89.6399993896484375 89.9199981689453125 91.26000213623046875
-999 0 0 0 0 0 0 0 0 0 0 0 0 0 0 0 0 0 0 0 0 0 0 0 0 0 0 0 0 0 0 44.79000091552734375 69 70.30999755859375 97.87999725341796875 73.76999664306640625 75.51000213623046875 76.98000335693359375 78.73000335693359375 184.970001220703125 81.529998779296875 60.29000091552734375 60.590000152587890625 62.18000030517578125 63.029998779296875 66.1399993896484375 69.9199981689453125 71.56999969482421875 74.970001220703125 76.660003662109375 78.12999725341796875 79.79000091552734375 81.0800018310546875 82.70999908447265625 85.339996337890625 86.8899993896484375 88.9199981689453125 90.3600006103515625 90.59999847412109375 91.8899993896484375
-999 0 0 0 0 0 0 0 0 0 0 0 0 0 0 0 0 0 0 0 0 0 0 0 0 0 0 0 0 0 35.79000091552734375 38.369998931884765625 59.240001678466796875 59.20999908447265625 75.23000335693359375 53.15000152587890625 53.299999237060546875 54.799999237060546875 131.57000732421875 48.8600006103515625 49.159999847412109375 226.2400054931640625 62.740001678466796875 64.34999847412109375 64.81999969482421875 66.4199981689453125 69.4499969482421875 129.57000732421875 74.06999969482421875 75.70999908447265625 77.05999755859375 78.6399993896484375 80.65000152587890625 82.23999786376953125 85.470001220703125 86.98999786376953125 155.279998779296875 90.12000274658203125 91.660003662109375 92.910003662109375
-999 0 0 0 0 0 0 0 0 0 0 0 0 0 0 0 0 0 0 0 0 0 0 0 0 0 0 0 42.1100006103515625 43.18000030517578125 34.479999542236328125 59.189998626708984375 37.020000457763671875 63.8899993896484375 65.339996337890625 189.5099945068359375 54.659999847412109375 55.5 58 96.0500030517578125 60.65000152587890625 62.229999542236328125 119.98000335693359375 65.05999755859375 65.5 67.09999847412109375 68.56999969482421875 131.9799957275390625 74.6999969482421875 196.779998779296875 77.6100006103515625 79.160003662109375 81.15000152587890625 82.68000030517578125 85.8899993896484375 87.3600006103515625 223.0500030517578125 90.40000152587890625 91.8899993896484375 93.12000274658203125
-999 0 0 0 0 0 0 0 0 0 0 0 0 0 0 0 0 0 0 0 0 0 0 0 0 0 0 0 42.34999847412109375 76.970001220703125 67.23000335693359375 67.8000030517578125 36.20999908447265625 48.29000091552734375 74.160003662109375 52.79000091552734375 105.06999969482421875 56 57.25 58.770000457763671875 115.54000091552734375 62.450000762939453125 64.40000152587890625 66 67.19000244140625 68.79000091552734375 69.19000244140625 70.75 73.1399993896484375 136.0099945068359375 138.4799957275390625 140.82000732421875 80.5800018310546875 82.0500030517578125 84.94000244140625 151.30999755859375 87.4199981689453125 88.70999908447265625 90.79000091552734375 91.95999908447265625
-999 0 0 0 0 0 0 0 0 0 0 0 0 0 0 0 0 0 0 0 0 0 0 0 0 0 0 0 42.700000762939453125 57.509998321533203125 113.05999755859375 45.409999847412109375 44.18000030517578125 45.590000152587890625 47.909999847412109375 53.259998321533203125 54.95999908447265625 56.470001220703125 57.720001220703125 59.220001220703125 61.340000152587890625 173.07000732421875 64.81999969482421875 123.279998779296875 183.899993896484375 69.12000274658203125 69.48999786376953125 71.01999664306640625 71.80999755859375 74.84999847412109375 76.19000244140625 140.779998779296875 80.6100006103515625 82.05999755859375 148.8699951171875 86.23999786376953125 154.1999969482421875 88.51000213623046875 90.55999755859375 159.57000732421875
-999 0 0 0 0 0 0 0 0 0 0 0 0 0 0 0 0 0 0 0 0 0 0 0 0 0 0 0 44.970001220703125 67.5800018310546875 44.8300018310546875 46.090000152587890625 47.1399993896484375 48.490001678466796875 51.09999847412109375 102.1999969482421875 54.729999542236328125 56.25 57.409999847412109375 58.8899993896484375 60.65000152587890625 62.1699981689453125 63.880001068115234375 65.37999725341796875 66.76000213623046875 126.90000152587890625 69.23000335693359375 70.73000335693359375 70.48000335693359375 71.8899993896484375 74.4499969482421875 75.80999755859375 78.44000244140625 79.8000030517578125 81.9199981689453125 83.20999908447265625 85.31999969482421875 86.48999786376953125 88.73000335693359375 89.8300018310546875
-999 0 0 0 0 0 0 0 0 0 0 0 0 0 0 0 0 0 0 0 0 0 0 0 0 0 0 67.05999755859375 67.98999786376953125 67.779998779296875 67.8300018310546875 46.310001373291015625 47.3600006103515625 48.700000762939453125 51.270000457763671875 52.6699981689453125 155.5399932861328125 108.76999664306640625 57.549999237060546875 59.020000457763671875 60.740001678466796875 62.229999542236328125 63.93000030517578125 65.40000152587890625 66.720001220703125 68.160003662109375 69.06999969482421875 70.529998779296875 70.23000335693359375 71.589996337890625 72.5 73.81999969482421875 76.40000152587890625 77.6999969482421875 79.76000213623046875 81.01999664306640625 83.09999847412109375 84.23999786376953125 86.45999908447265625 156.3699951171875
-999 0 0 0 0 0 0 0 0 0 0 0 0 0 0 0 0 0 0 0 0 0 0 0 0 0 0 69.19000244140625 66.84999847412109375 45.15000152587890625 68.48999786376953125 69.76000213623046875 70.73000335693359375 49.270000457763671875 50.740001678466796875 52.090000152587890625 53.720001220703125 55.1399993896484375 56.520000457763671875 57.95999908447265625 59.270000457763671875 60.70999908447265625 116.8000030517578125 63.3600006103515625 64.6100006103515625 65.95999908447265625 66.43000030517578125 67.76999664306640625 68.20999908447265625 131.4900054931640625 71.8300018310546875 73.1100006103515625 75.8000030517578125 77.01999664306640625 79.23999786376953125 80.45999908447265625 83.0500030517578125 84.19000244140625 85.26999664306640625 86.3000030517578125
-999 0 0 0 0 0 0 0 0 0 0 0 0 0 0 0 0 0 0 0 0 0 0 0 0 0 0 96.029998779296875 67.76999664306640625 46.06999969482421875 57.5 69.76999664306640625 70.720001220703125 49.259998321533203125 50.689998626708984375 52.020000457763671875 53.630001068115234375 55.029998779296875 109.26999664306640625 57.75 59.029998779296875 60.409999847412109375 61.6100006103515625 119.0800018310546875 179.350006103515625 65.48999786376953125 65.87999725341796875 67.160003662109375 67.529998779296875 68.76000213623046875 71.06999969482421875 72.3000030517578125 74.910003662109375 76.12000274658203125 78.26999664306640625 79.410003662109375 81.95999908447265625 83.0800018310546875 84.1399993896484375 85.1699981689453125
-999 0 0 0 0 0 0 0 0 0 0 0 0 0 0 0 0 0 0 0 0 0 0 0 0 0 55.25 43.84999847412109375 32.090000152587890625 67.18000030517578125 61.529998779296875 46.5 47.590000152587890625 96.779998779296875 99.01999664306640625 51.490001678466796875 53.009998321533203125 54.380001068115234375 55.09999847412109375 56.4199981689453125 56.93000030517578125 58.229999542236328125 59.549999237060546875 60.8300018310546875 61.840000152587890625 63.09999847412109375 64.19000244140625 65.410003662109375 68.18000030517578125 69.34999847412109375 72.56999969482421875 73.779998779296875 75.94000244140625 77.1399993896484375 79.1100006103515625 80.23000335693359375 81.43000030517578125 82.529998779296875 141.6399993896484375 91.37000274658203125
-999 0 0 0 0 0 0 0 0 0 0 0 0 0 0 0 0 0 0 0 0 0 0 0 0 0 67.54000091552734375 43.759998321533203125 35.939998626708984375 56.3899993896484375 70.55999755859375 46.939998626708984375 47.31999969482421875 48.59999847412109375 50.75 52.029998779296875 53.529998779296875 53.909999847412109375 107.1100006103515625 55.8600006103515625 56.3600006103515625 57.56999969482421875 58.81999969482421875 60.029998779296875 61.020000457763671875 120.01999664306640625 63.229999542236328125 64.40000152587890625 67.1100006103515625 68.1999969482421875 71.279998779296875 72.48999786376953125 74.56999969482421875 75.6999969482421875 77.65000152587890625 78.73999786376953125 79.87999725341796875 147.100006103515625 88.5800018310546875 89.6399993896484375
-999 0 0 0 0 0 0 0 0 0 0 0 0 0 0 0 0 0 0 0 0 0 0 0 30.280000686645507813 84.48000335693359375 41.020000457763671875 34.220001220703125 38.59999847412109375 56.840000152587890625 69.65000152587890625 90.68000030517578125 46.31999969482421875 47.529998779296875 50.240001678466796875 100.8899993896484375 52.689998626708984375 53.93000030517578125 54.009998321533203125 55.220001220703125 54.939998626708984375 56.1100006103515625 57.909999847412109375 59.06999969482421875 116.26999664306640625 61.779998779296875 63.54000091552734375 64.660003662109375 68.30999755859375 69.37999725341796875 71.98000335693359375 73.1100006103515625 75.089996337890625 76.1999969482421875 77.26000213623046875 78.30999755859375 77.910003662109375 78.970001220703125 86.84999847412109375 87.910003662109375
-999 0 0 0 0 0 0 0 0 0 0 0 0 0 0 0 0 0 0 0 27.879999160766601563 36.70999908447265625 77.3300018310546875 38.1100006103515625 39 80.95999908447265625 40.090000152587890625 77.31999969482421875 66.01999664306640625 45.520000457763671875 89.18000030517578125 44.20999908447265625 45.84999847412109375 47 49.659999847412109375 50.840000152587890625 51.990001678466796875 53.189998626708984375 53.220001220703125 106.98999786376953125 107.470001220703125 56.060001373291015625 57.810001373291015625 58.8899993896484375 59.509998321533203125 60.509998321533203125 62.20999908447265625 63.240001678466796875 66.79000091552734375 67.80999755859375 70.30999755859375 71.37000274658203125 73.279998779296875 74.3000030517578125 75.3000030517578125 76.30999755859375 75.90000152587890625 140.2899932861328125 84.55999755859375 85.59999847412109375
-999 0 0 0 0 0 0 0 0 0 0 0 0 0 0 0 17.20999908447265625 71.59999847412109375 33.65000152587890625 72.87000274658203125 34.029998779296875 34.65000152587890625 35 35.720001220703125 77.18000030517578125 37.25 81.410003662109375 63.479999542236328125 42.509998321533203125 43.45999908447265625 43.869998931884765625 44.880001068115234375 47.060001373291015625 48.189998626708984375 46.68000030517578125 38.880001068115234375 51.029998779296875 52.15000152587890625 51.759998321533203125 52.84999847412109375 54.229999542236328125 55.279998779296875 57.220001220703125 58.270000457763671875 59.479999542236328125 172.2400054931640625 62.56999969482421875 62.619998931884765625 65.95999908447265625 66.9199981689453125 69.76000213623046875 70.75 72.51999664306640625 73.5 73.25 74.1999969482421875 73.01999664306640625 81.0800018310546875 82.1100006103515625 83.09999847412109375
-999 0 0 0 0 0 0 0 0 0 0 0 0 0 0 0 0 24.649999618530273438 33.479999542236328125 34.020000457763671875 73.04000091552734375 34.4199981689453125 34.759998321533203125 35.470001220703125 36.1699981689453125 36.93000030517578125 38.090000152587890625 61.759998321533203125 65.55999755859375 43.009998321533203125 43.34999847412109375 44.310001373291015625 46.409999847412109375 47.45999908447265625 36.8600006103515625 50.409999847412109375 50.159999847412109375 51.200000762939453125 50.759998321533203125 51.770000457763671875 53.090000152587890625 54.049999237060546875 55.9199981689453125 56.8899993896484375 58.04000091552734375 58.9199981689453125 60.939998626708984375 61.8300018310546875 65.01999664306640625 65.90000152587890625 67.73000335693359375 68.62999725341796875 70.279998779296875 71.220001220703125 234.6699981689453125 71.8600006103515625 70.69000244140625 78.48999786376953125 79.5 80.44000244140625
-999 0 0 0 0 0 0 0 0 0 0 0 0 0 0 0 0 0 26.260000228881835938 33.34999847412109375 33.4199981689453125 33.990001678466796875 34.529998779296875 35.220001220703125 36.450000762939453125 34.779998779296875 39.95999908447265625 55.5 57.06999969482421875 43.159999847412109375 44.8600006103515625 32.909999847412109375 47.119998931884765625 48.1100006103515625 48.770000457763671875 49.81999969482421875 48.84999847412109375 49.8300018310546875 49.409999847412109375 50.34999847412109375 51.970001220703125 52.880001068115234375 54.740001678466796875 55.619998931884765625 56.59999847412109375 57.439998626708984375 59.220001220703125 60.029998779296875 63.479999542236328125 64.29000091552734375 67.160003662109375 67.98000335693359375 68.87999725341796875 121.6699981689453125 54.90000152587890625 68.8300018310546875 126.45999908447265625 68.76999664306640625 76.69000244140625 77.55999755859375
-999 0 0 0 0 0 0 0 0 0 0 0 0 0 0 0 0 0 0 0 0 0 34.20999908447265625 34.8600006103515625 36.060001373291015625 36.75 39.479999542236328125 63.770000457763671875 58.79000091552734375 37.549999237060546875 77.06999969482421875 36.0800018310546875 46.340000152587890625 47.279998779296875 93.9199981689453125 48.799999237060546875 47.79000091552734375 48.700000762939453125 48.229999542236328125 49.090000152587890625 50.6399993896484375 51.470001220703125 53.220001220703125 54.020000457763671875 54.939998626708984375 55.700000762939453125 57.409999847412109375 58.130001068115234375 61.43000030517578125 62.159999847412109375 65.56999969482421875 50.59999847412109375 122.089996337890625 67.25 121.94000244140625 67.160003662109375 66.19000244140625 66.09999847412109375 73.65000152587890625 74.48000335693359375
-999 0 0 0 0 0 0 0 0 0 0 0 0 0 0 0 0 0 0 0 0 0 0 28.45999908447265625 36.770000457763671875 38.119998931884765625 54 0 62.75 58.9199981689453125 39.950000762939453125 38.43000030517578125 36.060001373291015625 35.1699981689453125 45.740001678466796875 93.25 45.5800018310546875 46.3899993896484375 94.279998779296875 47.659999847412109375 49.59999847412109375 50.34999847412109375 51.70999908447265625 52.439998626708984375 53.130001068115234375 53.810001373291015625 55.720001220703125 56.369998931884765625 59.18000030517578125 59.81999969482421875 56.029998779296875 58.130001068115234375 58.240001678466796875 71.26999664306640625 68.56999969482421875 51.009998321533203125 63.75 64.44000244140625 65.26999664306640625 72.12000274658203125
-999 0 0 0 0 0 0 0 0 0 0 0 0 0 0 0 0 0 0 0 0 0 0 0 0 0 0 0 0 0 67.62000274658203125 19.809999465942382813 35.75 78.93000030517578125 44.759998321533203125 45.529998779296875 44.450000762939453125 45.200000762939453125 45.59999847412109375 46.299999237060546875 48.130001068115234375 38.630001068115234375 50.130001068115234375 50.740001678466796875 51.340000152587890625 51.979999542236328125 104.5800018310546875 42.759998321533203125 43.409999847412109375 46.90000152587890625 59.119998931884765625 76.37000274658203125 80.65000152587890625 0 131.6399993896484375 65.23999786376953125 61.020000457763671875 61.630001068115234375 50.31999969482421875 68.9199981689453125
-999 0 0 0 0 0 0 0 0 0 0 0 0 0 0 0 0 0 0 0 0 0 0 0 0 0 0 0 0 0 0 60.93000030517578125 38.25 44.220001220703125 42.240001678466796875 42.909999847412109375 42.95999908447265625 43.6399993896484375 44.81999969482421875 45.439998626708984375 36.3300018310546875 37.029998779296875 48.43000030517578125 48.990001678466796875 49.450000762939453125 49.979999542236328125 52.060001373291015625 52.560001373291015625 54.81999969482421875 78.79000091552734375 28.129999160766601563 0 0 0 0 84.720001220703125 62 59.25 59.279998779296875 53.70999908447265625
-999 0 0 0 0 0 0 0 0 0 0 0 0 0 0 0 0 0 0 0 0 0 0 0 0 0 0 0 0 0 0 0 54.4199981689453125 42.56999969482421875 85.23999786376953125 41.869998931884765625 85.98000335693359375 42.450000762939453125 43.56999969482421875 44.1100006103515625 34.81999969482421875 35.439998626708984375 46.8600006103515625 47.34999847412109375 47.740001678466796875 48.1699981689453125 50.15000152587890625 43.220001220703125 78.1699981689453125 0 0 0 0 0 0 0 21.06999969482421875 61.189998626708984375 56.54000091552734375 62.56999969482421875
-999 0 0 0 0 0 0 0 0 0 0 0 0 0 0 0 0 0 0 0 0 0 0 0 0 0 0 0 0 0 0 0 39.020000457763671875 56.20999908447265625 52.159999847412109375 35.84999847412109375 43.740001678466796875 42.310001373291015625 42.439998626708984375 42.909999847412109375 33.369998931884765625 33.90000152587890625 44.740001678466796875 45.1699981689453125 45.770000457763671875 46.130001068115234375 48.509998321533203125 44.729999542236328125 0 0 0 0 0 0 0 0 71.76000213623046875 60.25 98.0500030517578125 53.840000152587890625
