ASPA-UH-Flopy_REPO/Models/Basic_optimizerSpHed/Flo_py_wrkspace/raw_net_infiltration_clip.asc
ncols        337
nrows        165
xllcorner    515150.000000000000
yllcorner    8410150.000000000000
cellsize     100.000000000000
NODATA_value  -999
[rows 54 to 80 of 165, columns 60 to 119 of 337]
0 0 0 0 0 0 0 0 0 0 0 0 0 0 0 0 0 0 0 0 0 0 0 0 0 0 0 0 0 0 0 0 0 0 0 0 0 0 0 0 0 0 0 0 0 0 0 0 0 0 0 0 0 0 0 0 0 0 0 0
0 0 0 0 0 0 0 0 0 0 0 0 0 0 0 0 0 0 0 0 0 0 0 0 0 0 0 0 0 0 0 0 0 0 0 0 0 0 0 0 0 0 0 0 0 0 0 0 0 0 0 0 0 0 0 0 0 0 0 0
0 0 0 0 0 0 0 0 0 0 0 0 0 0 0 0 0 0 0 0 0 0 0 0 0 0 0 0 0 0 0 0 0 0 0 0 0 0 0 0 0 0 0 0 0 0 0 0 0 0 0 0 0 0 0 0 0 0 0 0
0 0 0 0 0 0 0 0 0 0 0 0 0 0 0 0 0 0 0 0 0 0 0 0 0 0 0 0 0 0 0 0 0 0 0 0 0 0 0 0 0 0 0 0 0 0 0 0 0 0 0 0 0 0 0 0 0 0 0 0
0 0 0 0 0 0 0 0 0 0 0 0 0 0 0 0 0 0 0 0 0 0 0 0 0 0 0 0 0 0 0 0 0 0 0 0 0 0 0 0 0 0 0 0 0 0 0 0 0 0 0 0 0 0 0 0 0 0 0 0
0 0 0 0 0 0 0 0 0 0 0 0 0 0 0 0 0 0 0 0 0 0 0 0 0 0 0 0 0 0 0 0 0 0 0 0 0 0 0 0 0 0 0 0 0 0 0 0 0 0 0 0 0 0 0 0 0 0 0 0
0 0 0 0 0 0 0 0 0 0 0 0 0 0 0 0 0 0 0 0 0 0 0 0 0 0 0 0 0 0 0 0 0 0 0 0 0 0 0 0 0 0 0 0 0 0 0 0 0 0 0 0 0 0 0 0 0 0 0 0
0 0 0 0 0 0 0 0 0 0 0 0 0 0 0 0 0 0 0 0 0 0 0 0 0 0 0 0 0 0 0 0 0 0 0 0 0 0 0 0 0 0 0 0 0 0 0 0 0 0 0 0 0 0 0 0 0 0 0 0
0 0 0 0 0 0 0 0 0 0 0 0 0 0 0 0 0 0 0 0 0 75.26999664306640625 0 0 0 0 0 0 0 0 0 0 0 0 0 0 0 0 0 0 0 0 0 0 0 0 0 0 0 0 0 0 0 0 0 0 0 0 0 0
0 0 0 0 0 0 0 0 0 0 0 0 0 0 0 0 0 0 0 0 59.15000152587890625 107.339996337890625 0 0 0 0 0 0 0 0 0 0 0 0 0 0 0 0 0 0 0 0 0 71.8000030517578125 72 77.79000091552734375 0 0 0 0 0 0 0 0 0 0 0 0 0 0
0 0 0 0 0 0 0 0 0 0 0 0 0 0 0 0 0 0 0 0 61.229999542236328125 70.4199981689453125 70.12000274658203125 0 0 0 0 0 0 0 0 0 0 0 0 0 0 0 0 75.31999969482421875 0 0 0 74.029998779296875 80.19000244140625 80.15000152587890625 0 0 0 0 0 0 0 0 0 0 0 0 0 0
0 0 0 0 56.9199981689453125 59.81999969482421875 60.840000152587890625 0 0 0 0 0 0 65.76999664306640625 0 0 0 0 0 64.65000152587890625 62.490001678466796875 71.90000152587890625 74.93000030517578125 0 0 0 0 0 0 0 0 0 0 0 0 0 0 78.87999725341796875 77.279998779296875 77.279998779296875 76.279998779296875 76.26999664306640625 76.45999908447265625 82.51999664306640625 84.48999786376953125 0 0 0 0 0 0 0 0 0 0 0 0 0 0 0
0 0 0 0 59.04000091552734375 59.770000457763671875 63.130001068115234375 0 0 0 0 0 0 68.19000244140625 68.4499969482421875 0 0 120.839996337890625 66.73000335693359375 66.9199981689453125 64.720001220703125 74.339996337890625 77.43000030517578125 0 0 0 0 0 0 0 0 0 0 0 0 0 81.23999786376953125 81.30999755859375 121.54000091552734375 79.65000152587890625 78.59999847412109375 121.40000152587890625 115.089996337890625 84.98000335693359375 87 0 0 0 0 0 0 0 0 0 0 0 0 0 0 0
0 0 0 62.279998779296875 62.18000030517578125 62.950000762939453125 65.8600006103515625 117.18000030517578125 119.80999755859375 0 0 0 0 70.5500030517578125 70.25 121.80999755859375 70.529998779296875 70.720001220703125 68.23000335693359375 68.40000152587890625 78.25 78.43000030517578125 82.65000152587890625 0 0 0 0 0 0 0 84.4499969482421875 0 0 85.30999755859375 84.970001220703125 85.05999755859375 83.56999969482421875 83.62000274658203125 81.87000274658203125 81.8600006103515625 81.5 162.5200042724609375 89.4199981689453125 89.3600006103515625 90.98000335693359375 90.87999725341796875 116.5 0 90.5 90.48999786376953125 89.660003662109375 126.70999908447265625 0 0 0 0 0 0 0 94.25
61.06999969482421875 0 0 64.55999755859375 64.470001220703125 65.26000213623046875 68.279998779296875 121.30999755859375 70.98000335693359375 71.55999755859375 72.6999969482421875 60.619998931884765625 72.720001220703125 73.0500030517578125 72.75 73 73.029998779296875 73.20999908447265625 70.6399993896484375 70.8000030517578125 80.87000274658203125 81.01999664306640625 85.30999755859375 85.470001220703125 0 0 0 87.529998779296875 86.68000030517578125 86.84999847412109375 87.09999847412109375 75.470001220703125 87.839996337890625 87.93000030517578125 87.55999755859375 87.62999725341796875 86.1100006103515625 86.1399993896484375 84.3300018310546875 84.31999969482421875 83.93000030517578125 83.87999725341796875 92.029998779296875 91.9499969482421875 93.5500030517578125 130.5800018310546875 94.04000091552734375 93.98999786376953125 130.7899932861328125 93.05999755859375 92.1999969482421875 92.279998779296875 131.30999755859375 0 0 0 0 0 134.3800048828125 93.73999786376953125
63.3300018310546875 64.3899993896484375 119.9499969482421875 67.0500030517578125 67.529998779296875 68.37000274658203125 68.8000030517578125 72.1100006103515625 72.589996337890625 73.220001220703125 73.3000030517578125 73.779998779296875 73.279998779296875 73.6100006103515625 74.40000152587890625 74.65000152587890625 129.0200042724609375 74.94000244140625 72.87999725341796875 73.01999664306640625 85.73000335693359375 85.87000274658203125 89.970001220703125 90.1100006103515625 0 0 0 90.6699981689453125 88.94000244140625 89.1100006103515625 89.720001220703125 134.6399993896484375 90.37999725341796875 90.4499969482421875 89.94000244140625 90.01999664306640625 88.56999969482421875 88.5500030517578125 132.7100067138671875 86.87999725341796875 125.62000274658203125 93.470001220703125 95.26000213623046875 95.160003662109375 96.12999725341796875 96.029998779296875 96.76000213623046875 134.5 95.54000091552734375 95.529998779296875 94.9199981689453125 94.98999786376953125 96.98999786376953125 0 0 0 98.9199981689453125 99.34999847412109375 98.5500030517578125 96.160003662109375
65.56999969482421875 66.68000030517578125 68.43000030517578125 124.3600006103515625 69.93000030517578125 70.779998779296875 71.23000335693359375 74.6399993896484375 75.160003662109375 75.81999969482421875 75.90000152587890625 76.37000274658203125 75.8600006103515625 76.160003662109375 76.98000335693359375 77.220001220703125 134.2700042724609375 77.48999786376953125 75.37000274658203125 85.8600006103515625 88.48000335693359375 88.6100006103515625 92.79000091552734375 92.9499969482421875 79.84999847412109375 0 138.9900054931640625 93.44000244140625 91.6699981689453125 91.8300018310546875 92.44000244140625 92.56999969482421875 93.089996337890625 93.12999725341796875 92.59999847412109375 92.6699981689453125 91.1399993896484375 91.15000152587890625 89.43000030517578125 89.37999725341796875 89.30999755859375 96.089996337890625 97.90000152587890625 97.80999755859375 98.76999664306640625 98.65000152587890625 99.37000274658203125 99.3000030517578125 98.09999847412109375 98.089996337890625 97.45999908447265625 97.529998779296875 99.54000091552734375 0 0 0 101.470001220703125 101.87999725341796875 98.0500030517578125 98.660003662109375
67.01999664306640625 68.15000152587890625 70.4499969482421875 128.100006103515625 72.69000244140625 73.55999755859375 74 77.54000091552734375 77.45999908447265625 78.1100006103515625 77.31999969482421875 77.80999755859375 77.34999847412109375 77.660003662109375 79.0800018310546875 79.3300018310546875 78.93000030517578125 79.06999969482421875 79.43000030517578125 90.15000152587890625 94.69000244140625 94.8000030517578125 97.29000091552734375 92.12000274658203125 97.529998779296875 97.6699981689453125 95.9499969482421875 142.8699951171875 94.25 94.40000152587890625 94.8300018310546875 94.9499969482421875 95.6100006103515625 95.68000030517578125 95.220001220703125 95.23999786376953125 93.73000335693359375 93.73999786376953125 92.12000274658203125 92.0500030517578125 91.9499969482421875 139.5200042724609375 99.9499969482421875 99.8300018310546875 100.8000030517578125 100.6699981689453125 101.98000335693359375 101.87999725341796875 101.339996337890625 101.3300018310546875 100.12999725341796875 100.1699981689453125 101.37000274658203125 0 0 103.34999847412109375 103.44000244140625 103.87999725341796875 100.56999969482421875 101.1399993896484375
69.3000030517578125 70.48999786376953125 72.84999847412109375 131.8899993896484375 75.15000152587890625 76.0500030517578125 76.51000213623046875 80.12999725341796875 138.1199951171875 80.68000030517578125 79.87999725341796875 80.3300018310546875 139.1100006103515625 80.18000030517578125 81.62000274658203125 81.8300018310546875 81.4199981689453125 177.649993896484375 92.73999786376953125 92.87999725341796875 97.5 97.589996337890625 100.1100006103515625 100.20999908447265625 147.9600067138671875 100.4199981689453125 98.6399993896484375 98.73999786376953125 96.87999725341796875 97.01000213623046875 97.4199981689453125 97.5 146.089996337890625 98.23000335693359375 97.73999786376953125 146.4600067138671875 144.8800048828125 96.160003662109375 191.05999755859375 94.43000030517578125 94.30999755859375 149.970001220703125 102.48000335693359375 143.529998779296875 103.34999847412109375 103.20999908447265625 145.4900054931640625 145.220001220703125 103.8300018310546875 103.81999969482421875 102.5800018310546875 102.62000274658203125 144.529998779296875 144.6999969482421875 146.3300018310546875 105.8000030517578125 105.87999725341796875 106.3000030517578125 144.0399932861328125 103.5
70.8000030517578125 72.01000213623046875 74.6399993896484375 75.73000335693359375 137.17999267578125 78.40000152587890625 78.3899993896484375 79.15000152587890625 81.94000244140625 82.589996337890625 81.6699981689453125 82.12999725341796875 82.4199981689453125 82.720001220703125 83.84999847412109375 84.05999755859375 84.26000213623046875 84.410003662109375 99.06999969482421875 99.1699981689453125 102.25 102.34999847412109375 103.12000274658203125 103.1999969482421875 102.589996337890625 102.660003662109375 100.6699981689453125 100.8000030517578125 99.089996337890625 99.19000244140625 99.720001220703125 99.76999664306640625 100.4199981689453125 199.07000732421875 99.779998779296875 99.75 98.6100006103515625 98.56999969482421875 97.029998779296875 96.9499969482421875 95.970001220703125 194.6300048828125 103.65000152587890625 103.5500030517578125 105.410003662109375 105.26999664306640625 107.5 107.34999847412109375 106.470001220703125 106.44000244140625 145.7599945068359375 104.3899993896484375 104.9499969482421875 105.0800018310546875 107.43000030517578125 107.73000335693359375 108.410003662109375 105.779998779296875 104.73999786376953125 105.23999786376953125
73.029998779296875 74.279998779296875 76.98000335693359375 78.089996337890625 79.84999847412109375 80.80999755859375 80.8000030517578125 84.59999847412109375 84.410003662109375 85.05999755859375 84.09999847412109375 84.54000091552734375 146.42999267578125 85.09999847412109375 86.25 86.470001220703125 86.65000152587890625 98.089996337890625 101.73000335693359375 101.8300018310546875 104.9499969482421875 105.01000213623046875 105.79000091552734375 156.4799957275390625 155.850006103515625 105.279998779296875 153.8899993896484375 103.34999847412109375 101.5800018310546875 101.62999725341796875 102.1399993896484375 102.1399993896484375 102.76000213623046875 102.73999786376953125 151.7100067138671875 102.01000213623046875 100.8300018310546875 100.779998779296875 99.1999969482421875 99.1100006103515625 98.089996337890625 105.4199981689453125 105.90000152587890625 148.25 107.720001220703125 107.56999969482421875 109.8600006103515625 109.69000244140625 192.6300048828125 108.75 106.59999847412109375 106.62000274658203125 107.19000244140625 107.3300018310546875 109.70999908447265625 152.1699981689453125 110.68000030517578125 108 106.9199981689453125 107.3899993896484375
136.6399993896484375 76.59999847412109375 78.54000091552734375 141.6300048828125 81.12000274658203125 82.089996337890625 81.68000030517578125 85.55999755859375 85.62000274658203125 86.220001220703125 86.54000091552734375 86.970001220703125 87.59999847412109375 87.8899993896484375 150.7100067138671875 89.12000274658203125 103.970001220703125 104.06999969482421875 107.529998779296875 107.62000274658203125 108.01999664306640625 108.05999755859375 107.5800018310546875 107.62999725341796875 107.15000152587890625 107.1999969482421875 105.51000213623046875 105.56999969482421875 103.75 103.779998779296875 104.04000091552734375 104 104.73999786376953125 104.70999908447265625 103.79000091552734375 103.73000335693359375 102.37000274658203125 153.4199981689453125 100.529998779296875 100.43000030517578125 99.23999786376953125 106.6699981689453125 107.87999725341796875 107.76000213623046875 110.26999664306640625 110.1699981689453125 111.98999786376953125 197.1300048828125 152.67999267578125 110.45999908447265625 108.19000244140625 108.19000244140625 109.5800018310546875 109.6999969482421875 112.73000335693359375 113.01999664306640625 152.6999969482421875 110.84999847412109375 109.26000213623046875 109.6999969482421875
77.51999664306640625 78.8000030517578125 80.75 81.8600006103515625 83.37000274658203125 84.339996337890625 146.5399932861328125 87.84999847412109375 87.87999725341796875 151.82000732421875 152.6199951171875 89.220001220703125 89.8600006103515625 90.12000274658203125 91.15000152587890625 103.06999969482421875 106.44000244140625 106.529998779296875 110.029998779296875 110.0800018310546875 110.470001220703125 110.51999664306640625 162.410003662109375 110.04000091552734375 109.5500030517578125 161.970001220703125 107.8000030517578125 107.81999969482421875 105.9199981689453125 105.90000152587890625 106.1699981689453125 106.12999725341796875 106.87999725341796875 106.839996337890625 105.90000152587890625 105.8300018310546875 104.43000030517578125 104.339996337890625 102.51999664306640625 102.3899993896484375 101.1699981689453125 108.68000030517578125 109.8899993896484375 109.75 112.279998779296875 112.18000030517578125 114.0800018310546875 113.95999908447265625 155.4199981689453125 112.55999755859375 110.23000335693359375 110.220001220703125 111.589996337890625 111.6999969482421875 114.76000213623046875 158.339996337890625 198.6300048828125 112.80999755859375 154.1999969482421875 111.5800018310546875
80.84999847412109375 82.15000152587890625 82.12999725341796875 83.25 83.48000335693359375 84.4199981689453125 151.649993896484375 89.06999969482421875 90.220001220703125 90.80999755859375 91.9499969482421875 92.37000274658203125 92.6399993896484375 92.90000152587890625 107.19000244140625 107.37000274658203125 111.81999969482421875 111.8899993896484375 112.95999908447265625 113 111.720001220703125 164.9799957275390625 111.029998779296875 111.06999969482421875 111.220001220703125 111.220001220703125 109.93000030517578125 109.910003662109375 107.98000335693359375 107.95999908447265625 160.7599945068359375 107.73000335693359375 107.90000152587890625 107.84999847412109375 107.0500030517578125 106.95999908447265625 104.9199981689453125 157.529998779296875 102.970001220703125 102.81999969482421875 156.44000244140625 111.73000335693359375 114.04000091552734375 113.87000274658203125 115.4499969482421875 115.31999969482421875 116.20999908447265625 116.1100006103515625 114.40000152587890625 114.30999755859375 112.05999755859375 112.04000091552734375 114.75 114.839996337890625 117.69000244140625 117.9199981689453125 158.720001220703125 115.23000335693359375 113.6100006103515625 113.98999786376953125
82.87000274658203125 84.1699981689453125 84.12999725341796875 85.23999786376953125 85.51999664306640625 86.4499969482421875 90.37000274658203125 91.089996337890625 92.25 157.9600067138671875 93.970001220703125 160.0800018310546875 94.660003662109375 159.9799957275390625 163.32000732421875 109.59999847412109375 114.09999847412109375 114.160003662109375 115.220001220703125 169.279998779296875 113.94000244140625 113.94000244140625 113.20999908447265625 113.220001220703125 113.34999847412109375 113.3300018310546875 112 111.9499969482421875 163.029998779296875 109.970001220703125 163.529998779296875 109.73000335693359375 109.90000152587890625 109.839996337890625 109 108.910003662109375 106.8300018310546875 106.720001220703125 104.81999969482421875 112.54000091552734375 113.839996337890625 113.6100006103515625 115.9199981689453125 115.6999969482421875 117.26999664306640625 117.09999847412109375 117.98999786376953125 117.90000152587890625 160.1300048828125 116.0800018310546875 113.81999969482421875 113.779998779296875 116.529998779296875 116.6100006103515625 119.48000335693359375 116.5500030517578125 116.6399993896484375 116.910003662109375 115.20999908447265625 115.55999755859375
84.73999786376953125 151.55999755859375 85.51999664306640625 86.62000274658203125 86.55999755859375 87.470001220703125 92.40000152587890625 93.1100006103515625 94.839996337890625 95.4499969482421875 162.6999969482421875 96.76000213623046875 97.30999755859375 109.8899993896484375 113.4499969482421875 113.59999847412109375 117.29000091552734375 117.339996337890625 117.410003662109375 117.410003662109375 114.8899993896484375 114.87000274658203125 113.45999908447265625 113.4499969482421875 113.660003662109375 113.62999725341796875 112.98000335693359375 112.9199981689453125 111.68000030517578125 111.660003662109375 110.98000335693359375 110.9499969482421875 110.839996337890625 110.79000091552734375 164.5 110.029998779296875 107.589996337890625 107.4499969482421875 115.87000274658203125 115.6399993896484375 119.0800018310546875 118.80999755859375 120.65000152587890625 120.37000274658203125 120.94000244140625 120.73999786376953125 120.1999969482421875 120.0800018310546875 161.17999267578125 116.73000335693359375 115.8000030517578125 115.76000213623046875 119.69000244140625 119.76999664306640625 121.65000152587890625 118.69000244140625 117.8899993896484375 118.12000274658203125 116.1100006103515625 116.40000152587890625
84.48999786376953125 87.76999664306640625 87.220001220703125 88.3000030517578125 88.220001220703125 92.51000213623046875 94.089996337890625 161.3800048828125 96.55999755859375 97.160003662109375 98.0800018310546875 165.100006103515625 166.720001220703125 111.80999755859375 115.4199981689453125 115.55999755859375 119.279998779296875 119.31999969482421875 119.40000152587890625 119.40000152587890625 116.80999755859375 116.8000030517578125 115.339996337890625 115.31999969482421875 115.529998779296875 115.470001220703125 114.81999969482421875 114.75 113.48999786376953125 113.45999908447265625 112.779998779296875 167.8600006103515625 112.660003662109375 112.62000274658203125 111.95999908447265625 111.87000274658203125 109.410003662109375 109.25 117.76000213623046875 117.5 120.970001220703125 120.65000152587890625 122.44000244140625 122.12000274658203125 122.65000152587890625 122.37999725341796875 121.76999664306640625 166.649993896484375 118.26999664306640625 118.20999908447265625 117.279998779296875 117.23000335693359375 121.19000244140625 121.23000335693359375 123.12000274658203125 164.8600006103515625 164.3699951171875 119.5 117.44000244140625 117.68000030517578125
