ASPA-UH-Flopy_REPO/Models/Basic_optimizerSpHed/Flo_py_wrkspace/raw_net_infiltration_clip.asc
ncols        337
nrows        165
xllcorner    515150.000000000000
yllcorner    8410150.000000000000
cellsize     100.000000000000
NODATA_value  -999
[rows 108 to 134 of 165, columns 120 to 179 of 337]
111.0800018310546875 219.1999969482421875 196.339996337890625 196.25 102.75 89.40000152587890625 85.80999755859375 83.68000030517578125 82.84999847412109375 87.75 83.970001220703125 99.34999847412109375 113.8300018310546875 71.48000335693359375 87.59999847412109375 89.15000152587890625 87.470001220703125 86.12000274658203125 45.0800018310546875 92.910003662109375 83.9499969482421875 18.829999923706054688 79.1399993896484375 55.470001220703125 61.3899993896484375 41.84999847412109375 19.29000091552734375 16.93000030517578125 49.520000457763671875 53.869998931884765625 43.200000762939453125 18.690000534057617188 72.98000335693359375 68.04000091552734375 45.020000457763671875 66.37000274658203125 40.59999847412109375 43.009998321533203125 13.989999771118164063 12.449999809265136719 0 0 0 0 0 11.600000381469726563 11.510000228881835938 0 0 0 0 0 0 0 0 0 0 0 0 0
224.0399932861328125 228.1199951171875 224.1399993896484375 100.01999664306640625 98.3899993896484375 95.54000091552734375 92.09999847412109375 89.3600006103515625 90.73999786376953125 88.660003662109375 82.779998779296875 46.840000152587890625 100.37000274658203125 88.59999847412109375 87.48999786376953125 84.76999664306640625 86.80999755859375 85.51000213623046875 44.630001068115234375 66.220001220703125 59.06999969482421875 56.840000152587890625 79.410003662109375 76.6100006103515625 75.910003662109375 75.26999664306640625 71.1399993896484375 50.93000030517578125 47.68000030517578125 50.43000030517578125 71.37999725341796875 48.810001373291015625 23.29000091552734375 48.90000152587890625 39.700000762939453125 63.490001678466796875 62.70999908447265625 42.490001678466796875 13.75 0 12.029999732971191406 0 0 35.31999969482421875 11.520000457763671875 11.420000076293945313 0 0 0 0 0 0 0 0 0 0 0 0 0 0
223.029998779296875 98.5500030517578125 104.470001220703125 101.12999725341796875 101.4499969482421875 100.90000152587890625 90.18000030517578125 96.87999725341796875 94.6999969482421875 75.6699981689453125 97.84999847412109375 99.3000030517578125 93.529998779296875 70.970001220703125 69.089996337890625 65.4199981689453125 88.589996337890625 42.529998779296875 42.95999908447265625 82.5500030517578125 80.98000335693359375 81.04000091552734375 78.19000244140625 80.55999755859375 51.259998321533203125 49.950000762939453125 91.01000213623046875 68.48999786376953125 45.90000152587890625 70.029998779296875 69.04000091552734375 44.520000457763671875 44.229999542236328125 67.5500030517578125 66.12000274658203125 63.369998931884765625 39.1699981689453125 37.810001373291015625 37.15000152587890625 0 0 11.689999580383300781 11.56999969482421875 11.460000038146972656 0 0 0 0 0 0 0 0 0 0 0 0 0 0 0 0
110.68000030517578125 101.43000030517578125 101.06999969482421875 95.70999908447265625 116.23999786376953125 91.029998779296875 87.69000244140625 109.8300018310546875 117.54000091552734375 98.80999755859375 109.4199981689453125 110.279998779296875 94.029998779296875 70.18000030517578125 67.6399993896484375 21.200000762939453125 20.049999237060546875 19.56999969482421875 82.18000030517578125 57.840000152587890625 57.229999542236328125 56.380001068115234375 54.270000457763671875 51.509998321533203125 15.039999961853027344 37.369998931884765625 39 68.15000152587890625 67.15000152587890625 66.26999664306640625 42.65000152587890625 65.84999847412109375 63.659999847412109375 35.939998626708984375 13.550000190734863281 62.029998779296875 38.529998779296875 37.189998626708984375 36.6399993896484375 36.06999969482421875 13.590000152587890625 11.560000419616699219 35.4199981689453125 0 0 0 0 0 0 0 0 0 0 0 0 0 0 0 0 0
101.31999969482421875 103.56999969482421875 97.79000091552734375 112.04000091552734375 93.98999786376953125 92.04000091552734375 108.8899993896484375 84.79000091552734375 84.19000244140625 75.75 75.25 70.8300018310546875 69.1399993896484375 86.87000274658203125 73.160003662109375 70.779998779296875 61.840000152587890625 41.189998626708984375 57.54000091552734375 56 54.759998321533203125 76.73000335693359375 74.6699981689453125 72.93000030517578125 71.59999847412109375 70.339996337890625 70.470001220703125 47.18000030517578125 44.700000762939453125 65.65000152587890625 65.3600006103515625 37.590000152587890625 13.189999580383300781 11.81999969482421875 38.659999847412109375 12.470000267028808594 37.299999237060546875 36.700000762939453125 11.899999618530273438 11.729999542236328125 46.619998931884765625 0 0 0 0 0 0 0 0 0 0 0 0 0 0 0 0 0 0 0
123.529998779296875 123.84999847412109375 85.45999908447265625 91.5500030517578125 98 109.15000152587890625 85.1100006103515625 83.20999908447265625 81.90000152587890625 79.5800018310546875 71.87000274658203125 70.15000152587890625 84.87000274658203125 64.19000244140625 65.029998779296875 64.19000244140625 61.380001068115234375 81.37000274658203125 61.200000762939453125 59.59999847412109375 17.469999313354492188 63.29000091552734375 40.6399993896484375 50.5 47.8600006103515625 69.23000335693359375 46.09999847412109375 45.65000152587890625 67.3300018310546875 66.279998779296875 15.510000228881835938 14.56999969482421875 39.590000152587890625 12.75 12.520000457763671875 12.300000190734863281 12.109999656677246094 11.93000030517578125 11.770000457763671875 0 0 0 0 0 0 0 0 0 0 0 0 0 0 0 0 0 0 0 0 0
118.1999969482421875 93.1100006103515625 113.56999969482421875 121.79000091552734375 104.9499969482421875 108.20999908447265625 76.48999786376953125 75.18000030517578125 81.18000030517578125 72.3000030517578125 69.910003662109375 92.34999847412109375 88.06999969482421875 105.43000030517578125 86.59999847412109375 65.04000091552734375 70.20999908447265625 82.31999969482421875 94.720001220703125 84.8000030517578125 67.20999908447265625 62.31999969482421875 73.4499969482421875 49.65000152587890625 68.87999725341796875 53.729999542236328125 78.3000030517578125 76.19000244140625 52.229999542236328125 42.75 45.6699981689453125 43.520000457763671875 12.810000419616699219 38.279998779296875 37.590000152587890625 12.159999847412109375 39.9199981689453125 35.8899993896484375 0 0 0 0 0 0 0 0 0 0 0 0 0 0 0 0 0 0 0 0 0 0
93.62999725341796875 92.06999969482421875 96.779998779296875 87.410003662109375 108.45999908447265625 76.1699981689453125 110.26999664306640625 104.6100006103515625 97.54000091552734375 92.5 92.8300018310546875 91.80999755859375 64.0800018310546875 62.31999969482421875 84.93000030517578125 93.5500030517578125 84.68000030517578125 45.619998931884765625 19.04000091552734375 54.310001373291015625 52.20999908447265625 50.15000152587890625 50.5 70.31999969482421875 70.4199981689453125 72.6999969482421875 66.70999908447265625 42.799999237060546875 41.759998321533203125 40.79000091552734375 43.70999908447265625 12.880000114440917969 38.520000457763671875 12.439999580383300781 12.229999542236328125 42.979999542236328125 42.409999847412109375 35.5800018310546875 0 0 0 0 0 0 0 0 0 0 0 0 0 0 0 0 0 0 0 0 0 0
91.98000335693359375 97 95.3600006103515625 93.1699981689453125 107.04000091552734375 83.20999908447265625 113.62000274658203125 116.55999755859375 99.62000274658203125 75.65000152587890625 86.779998779296875 89.34999847412109375 63 60.810001373291015625 61.3300018310546875 88.59999847412109375 41.759998321533203125 40.65000152587890625 38.84999847412109375 82.18000030517578125 74.1699981689453125 49.970001220703125 17.70999908447265625 38.1100006103515625 38.40000152587890625 48.509998321533203125 43.270000457763671875 42.200000762939453125 13.510000228881835938 40.25 39.439998626708984375 12.729999542236328125 12.520000457763671875 43.93000030517578125 43.29000091552734375 0 0 0 0 0 0 0 0 0 0 0 0 0 0 0 0 0 0 0 0 0 0 0 0 0
89.76000213623046875 86.98999786376953125 85.43000030517578125 87.3300018310546875 85.6999969482421875 120.3000030517578125 97.98999786376953125 74.65000152587890625 48.4199981689453125 65.98000335693359375 87.3600006103515625 86.26999664306640625 101.25 67.6699981689453125 61.15000152587890625 58.3600006103515625 79.8000030517578125 18.969999313354492188 62.0800018310546875 56.6399993896484375 41.1699981689453125 74.6999969482421875 40.279998779296875 46.0800018310546875 14.710000038146972656 47.840000152587890625 46.700000762939453125 41.68000030517578125 40.689998626708984375 39.779998779296875 12.81999969482421875 12.600000381469726563 49.200000762939453125 48.6399993896484375 0 0 0 0 0 0 0 0 0 0 0 0 0 0 0 0 0 0 0 0 0 0 0 0 0 0
87.5800018310546875 86.8600006103515625 88.20999908447265625 85.970001220703125 85.75 72.94000244140625 93.279998779296875 91.80999755859375 89.48000335693359375 87.87000274658203125 80.29000091552734375 85.8899993896484375 88.4499969482421875 83.089996337890625 81.12000274658203125 79.720001220703125 39.270000457763671875 56.15000152587890625 61.31999969482421875 82.12000274658203125 74.3000030517578125 50.509998321533203125 57.25 46.119998931884765625 44.340000152587890625 43.25 13.840000152587890625 13.520000457763671875 13.220000267028808594 12.939999580383300781 38.6399993896484375 0 0 0 0 0 0 0 0 0 0 0 0 0 0 0 0 0 0 0 0 0 0 0 0 0 0 0 0 0
85.45999908447265625 85.5 86.84999847412109375 86.0500030517578125 107.98999786376953125 101.6699981689453125 92.279998779296875 67.84999847412109375 65.56999969482421875 86.79000091552734375 87.93000030517578125 90.20999908447265625 90.23999786376953125 90.37000274658203125 58.18000030517578125 55.490001678466796875 17.579999923706054688 76.87999725341796875 75.529998779296875 72.51000213623046875 48.43000030517578125 47.909999847412109375 46.70999908447265625 45.5800018310546875 43.810001373291015625 42.759998321533203125 13.689999580383300781 14.050000190734863281 39.939998626708984375 0 0 0 0 0 0 0 0 0 0 0 0 0 0 0 0 0 0 0 0 0 0 0 0 0 0 0 0 0 0 0
84.06999969482421875 85.87000274658203125 82.26000213623046875 80.779998779296875 94.0800018310546875 92.0500030517578125 67.68000030517578125 66.089996337890625 64.529998779296875 62.990001678466796875 88.279998779296875 65.4199981689453125 59.909999847412109375 81.54000091552734375 65.23999786376953125 62.549999237060546875 76.12000274658203125 79.1399993896484375 50.270000457763671875 57.630001068115234375 48.470001220703125 46.619998931884765625 45.479999542236328125 44.409999847412109375 14.199999809265136719 13.859999656677246094 42 41.119998931884765625 0 0 0 0 0 0 0 0 0 0 0 0 0 0 0 0 0 0 0 0 0 0 0 0 0 0 0 0 0 0 0 0
98.94000244140625 86.5500030517578125 95.0500030517578125 93.0500030517578125 69.62000274658203125 68.12000274658203125 66.55999755859375 65.01999664306640625 63.529998779296875 62.049999237060546875 60.549999237060546875 84.01000213623046875 70.98999786376953125 69.05999755859375 79.37000274658203125 85.20999908447265625 80.01000213623046875 58.529998779296875 54.6100006103515625 48.3600006103515625 47.200000762939453125 46.049999237060546875 44.95999908447265625 14.380000114440917969 42.880001068115234375 43.220001220703125 71.68000030517578125 84.12000274658203125 0 0 0 0 0 0 0 0 0 0 0 0 0 0 0 0 0 0 0 0 0 0 0 0 0 0 0 0 0 0 0 0
115.48000335693359375 98.37999725341796875 72.30999755859375 69.839996337890625 68.470001220703125 66.98000335693359375 65.470001220703125 66.660003662109375 65.20999908447265625 61.1100006103515625 59.659999847412109375 81.79000091552734375 81.6699981689453125 79.470001220703125 62.240001678466796875 77.839996337890625 90.59999847412109375 89.34999847412109375 104.5800018310546875 48.8600006103515625 46.6100006103515625 45.520000457763671875 44.450000762939453125 43.450000762939453125 73.23000335693359375 41.0800018310546875 68.589996337890625 43.6399993896484375 0 0 0 0 0 0 0 0 0 0 0 0 0 0 0 0 0 0 0 0 0 0 0 0 0 0 0 0 0 0 0 0
86.44000244140625 99.95999908447265625 73.93000030517578125 69.98999786376953125 67.3000030517578125 65.87000274658203125 64.40000152587890625 64.31999969482421875 93.65000152587890625 68.04000091552734375 58.779998779296875 81.69000244140625 89.529998779296875 56.5 53.990001678466796875 62.90000152587890625 70.09999847412109375 71.48999786376953125 82.23999786376953125 76.4199981689453125 68.910003662109375 67.81999969482421875 66.8000030517578125 66.48000335693359375 68.220001220703125 92.23999786376953125 69.62000274658203125 44.700000762939453125 0 0 0 0 0 0 0 0 0 0 0 0 0 0 0 0 0 0 0 0 0 0 0 0 0 0 0 0 0 0 0 0
72.04000091552734375 74.5500030517578125 96.1699981689453125 68.80999755859375 66.160003662109375 64.76999664306640625 63.3899993896484375 62.009998321533203125 83.5 82.1699981689453125 88.48999786376953125 82.220001220703125 82.34999847412109375 80.51999664306640625 88.4499969482421875 61.799999237060546875 64.62999725341796875 62.79000091552734375 58.310001373291015625 64.3000030517578125 46.65000152587890625 51.310001373291015625 44.20999908447265625 46.409999847412109375 69.6699981689453125 89.98000335693359375 65.59999847412109375 63.700000762939453125 41.06999969482421875 0 0 0 0 0 0 0 0 0 0 0 0 0 0 0 0 0 0 0 0 0 0 0 0 0 0 0 0 0 0 0
77.55999755859375 70.98000335693359375 94.30999755859375 97.589996337890625 65.029998779296875 63.720001220703125 62.380001068115234375 83.87999725341796875 82.62999725341796875 69.6100006103515625 79.48999786376953125 86.5800018310546875 65.1999969482421875 83.76000213623046875 63.8300018310546875 82.19000244140625 25.059999465942382813 66.529998779296875 56.439998626708984375 57.40000152587890625 46.84999847412109375 47.84999847412109375 58.049999237060546875 55.1100006103515625 76.40000152587890625 43.700000762939453125 62.490001678466796875 62.5800018310546875 0 0 0 0 0 0 0 0 0 0 0 0 0 0 0 0 0 0 0 0 0 0 0 0 0 0 0 0 0 0 0 0
72.529998779296875 76.26999664306640625 103.05999755859375 89.279998779296875 86.73000335693359375 85.48999786376953125 84.87999725341796875 60.18000030517578125 70.73000335693359375 77.90000152587890625 69.5500030517578125 88.87000274658203125 64.73000335693359375 60.220001220703125 27.450000762939453125 67.1100006103515625 83.089996337890625 66.94000244140625 57.56999969482421875 70.59999847412109375 47.06999969482421875 48.1100006103515625 73.98000335693359375 90.3899993896484375 66.31999969482421875 66.1999969482421875 62.259998321533203125 0 0 0 0 0 0 0 0 0 0 0 0 0 0 0 0 0 0 0 0 0 0 0 0 0 0 0 0 0 0 0 0 0
98.73999786376953125 49.70999908447265625 66.660003662109375 66.6699981689453125 66.1999969482421875 62.3600006103515625 62.509998321533203125 75.089996337890625 81.44000244140625 65.48000335693359375 93.54000091552734375 67.40000152587890625 74.6999969482421875 55.490001678466796875 57.759998321533203125 64.6699981689453125 77.1999969482421875 57.75 72.05999755859375 46.979999542236328125 67.4499969482421875 69.19000244140625 68.37999725341796875 64.3899993896484375 65.30999755859375 48.84999847412109375 0 0 0 0 0 0 0 0 0 0 0 0 0 0 0 0 0 0 0 0 0 0 0 0 0 0 0 0 0 0 0 0 0 0
70.98999786376953125 74.12000274658203125 72.3300018310546875 70.94000244140625 86.0500030517578125 81.160003662109375 72.76999664306640625 64.48999786376953125 69.05999755859375 93.31999969482421875 94.68000030517578125 67.20999908447265625 74.12999725341796875 74.56999969482421875 67.04000091552734375 64.01000213623046875 85.12000274658203125 72.8000030517578125 68.339996337890625 55.729999542236328125 44.9199981689453125 51.25 49.6399993896484375 48.09999847412109375 40.84999847412109375 40.1399993896484375 0 0 0 0 0 0 0 0 0 0 0 0 0 0 0 0 0 0 0 0 0 0 0 0 0 0 0 0 0 0 0 0 0 0
45.509998321533203125 77.8300018310546875 82.1699981689453125 79.15000152587890625 70.73000335693359375 68.30999755859375 80.62999725341796875 60.970001220703125 91.84999847412109375 90.65000152587890625 64.6100006103515625 62.049999237060546875 60.240001678466796875 62.049999237060546875 51.119998931884765625 83.37000274658203125 55.59999847412109375 68.75 67.56999969482421875 68.15000152587890625 55.619998931884765625 49.520000457763671875 0 0 0 0 0 0 0 0 0 0 0 0 0 0 0 0 0 0 0 0 0 0 0 0 0 0 0 0 0 0 0 0 0 0 0 0 0 0
74.160003662109375 80.779998779296875 70.8899993896484375 67.23999786376953125 72.4199981689453125 72.01999664306640625 76.30999755859375 82.19000244140625 70.6399993896484375 66.37000274658203125 61.840000152587890625 53.5800018310546875 63.15000152587890625 62.009998321533203125 84.470001220703125 71.470001220703125 57.029998779296875 58.81999969482421875 67.1100006103515625 66.44000244140625 51.34999847412109375 0 0 0 0 0 0 0 0 0 0 0 0 0 0 0 0 0 0 0 0 0 0 0 0 0 0 0 0 0 0 0 0 0 0 0 0 0 0 0
97.6399993896484375 92.98999786376953125 90.73000335693359375 97.95999908447265625 86.76999664306640625 83.720001220703125 83.6999969482421875 67.6999969482421875 66.6399993896484375 63.560001373291015625 65.4199981689453125 61.95999908447265625 59.549999237060546875 58.520000457763671875 79.029998779296875 91.98000335693359375 46.700000762939453125 58.93000030517578125 56.70999908447265625 50.70999908447265625 0 0 0 0 0 0 0 0 0 0 0 0 0 0 0 0 0 0 0 0 0 0 0 0 0 0 0 0 0 0 0 0 0 0 0 0 0 0 0 0
82.48000335693359375 82.44000244140625 76.62999725341796875 75.6999969482421875 74 68.8899993896484375 99.6999969482421875 89.87000274658203125 81.529998779296875 64.76999664306640625 77.76000213623046875 66.160003662109375 63.720001220703125 70.70999908447265625 55.5800018310546875 83.26999664306640625 67.589996337890625 53.529998779296875 52.409999847412109375 0 0 0 0 0 0 0 0 0 0 0 0 0 0 0 0 0 0 0 0 0 0 0 0 0 0 0 0 0 0 0 0 0 0 0 0 0 0 0 0 0
80.05999755859375 69.18000030517578125 69.59999847412109375 68.6699981689453125 71.779998779296875 70.05999755859375 68.98999786376953125 67.12999725341796875 75.18000030517578125 79.75 80.6999969482421875 56.8600006103515625 63.06999969482421875 60.04000091552734375 56.310001373291015625 78.26000213623046875 56.340000152587890625 67.20999908447265625 44.20999908447265625 0 0 0 0 0 0 0 0 0 0 0 0 0 0 0 0 0 0 0 0 0 0 0 0 0 0 0 0 0 0 0 0 0 0 0 0 0 0 0 0 0
82.6399993896484375 80.98999786376953125 70.75 71.160003662109375 66.8300018310546875 69.220001220703125 67.51000213623046875 67.1100006103515625 65.26000213623046875 66.18000030517578125 64.26000213623046875 46.8600006103515625 62.939998626708984375 55.020000457763671875 61.119998931884765625 79.70999908447265625 79.20999908447265625 54.310001373291015625 0 0 0 0 0 0 0 0 0 0 0 0 0 0 0 0 0 0 0 0 0 0 0 0 0 0 0 0 0 0 0 0 0 0 0 0 0 0 0 0 0 0
