ASPA-UH-SWB2_REPO/output/post_prcessed_no_MFR/interception_annual.asc
NCOLS 350
NROWS 200
XLLCENTER 515000.000000
YLLCENTER 8409000.000000
CELLSIZE 100.000000
NODATA_value -999.000000
[rows 72 to 107 of 200, columns 81 to 161 of 350]
0.00 0.00 0.00 0.00 0.00 0.00 0.00 0.00 0.00 0.00 0.00 0.00 0.00 0.00 0.00 0.00 0.00 0.00 0.00 0.00 0.00 0.00 0.00 0.00 0.00 0.00 0.00 0.00 0.00 0.00 0.00 0.00 0.00 0.00 0.00 0.00 0.00 0.00 0.00 0.00 0.00 0.00 0.00 0.00 0.00 0.00 0.00 0.00 0.00 0.00 0.00 0.00 0.00 0.00 0.00 0.00 0.00 0.00 0.00 0.00 0.00 0.00 0.00 0.00 0.00 0.00 0.00 0.00 16.30 16.97 17.07 18.00 18.11 19.26 19.38 22.56 22.73 25.50 25.71 21.98 22.13
0.00 0.00 0.00 0.00 0.00 0.00 0.00 0.00 0.00 0.00 0.00 0.00 0.00 0.00 0.00 0.00 0.00 0.00 0.00 0.00 0.00 0.00 0.00 0.00 0.00 0.00 0.00 0.00 0.00 0.00 0.00 0.00 0.00 0.00 0.00 0.00 0.00 0.00 0.00 0.00 0.00 0.00 0.00 0.00 0.00 0.00 0.00 0.00 0.00 0.00 0.00 0.00 0.00 0.00 0.00 0.00 0.00 0.00 0.00 0.00 0.00 0.00 0.00 0.00 0.00 0.00 0.00 0.00 16.41 17.09 17.19 18.13 18.24 19.41 19.54 22.77 22.94 25.76 25.97 22.17 22.32
0.00 0.00 0.00 0.00 0.00 0.00 0.00 0.00 0.00 0.00 0.00 0.00 0.00 0.00 0.00 0.00 0.00 0.00 0.00 0.00 0.00 0.00 0.00 0.00 0.00 0.00 0.00 0.00 0.00 0.00 0.00 0.00 0.00 0.00 0.00 0.00 0.00 0.00 0.00 0.00 0.00 0.00 0.00 0.00 0.00 0.00 0.00 0.00 0.00 0.00 0.00 0.00 0.00 0.00 0.00 0.00 0.00 0.00 0.00 0.00 0.00 0.00 0.00 0.00 0.00 0.00 0.00 0.00 16.34 18.10 18.22 19.47 19.60 21.96 22.12 24.40 24.60 22.22 22.38 17.02 17.09
0.00 0.00 0.00 0.00 0.00 0.00 0.00 0.00 0.00 0.00 0.00 0.00 0.00 0.00 0.00 0.00 0.00 0.00 0.00 0.00 0.00 0.00 0.00 0.00 0.00 0.00 0.00 0.00 0.00 0.00 0.00 0.00 0.00 0.00 0.00 0.00 0.00 0.00 0.00 0.00 0.00 0.00 0.00 0.00 0.00 0.00 0.00 0.00 0.00 0.00 0.00 0.00 0.00 0.00 0.00 0.00 0.00 0.00 0.00 0.00 0.00 0.00 0.00 0.00 0.00 0.00 0.00 0.00 16.45 18.25 18.37 19.64 19.77 22.17 22.33 24.66 24.86 22.43 22.59 17.12 17.19
0.00 0.00 0.00 0.00 0.00 0.00 0.00 0.00 0.00 0.00 0.00 0.00 0.00 0.00 0.00 0.00 0.00 0.00 0.00 0.00 0.00 0.00 0.00 0.00 0.00 0.00 0.00 0.00 0.00 0.00 0.00 0.00 0.00 0.00 0.00 0.00 0.00 0.00 0.00 0.00 0.00 0.00 0.00 0.00 0.00 0.00 0.00 0.00 0.00 0.00 0.00 0.00 0.00 0.00 0.00 0.00 0.00 0.00 0.00 0.00 0.00 0.00 0.00 0.00 0.00 0.00 0.00 0.00 17.29 19.22 19.36 21.05 21.20 22.57 22.74 22.21 22.38 19.57 19.68 16.06 16.11
0.00 0.00 0.00 0.00 0.00 0.00 0.00 0.00 0.00 0.00 0.00 0.00 0.00 0.00 0.00 0.00 0.00 0.00 0.00 0.00 0.00 0.00 0.00 0.00 0.00 0.00 0.00 0.00 0.00 0.00 0.00 0.00 0.00 0.00 0.00 0.00 0.00 0.00 0.00 0.00 0.00 0.00 0.00 0.00 0.00 0.00 0.00 0.00 0.00 0.00 0.00 0.00 0.00 0.00 0.00 0.00 0.00 0.00 0.00 0.00 0.00 0.00 0.00 0.00 0.00 0.00 0.00 17.32 17.43 19.39 19.53 21.25 21.40 22.80 22.97 22.44 22.59 19.73 19.83 16.14 16.19
0.00 0.00 0.00 0.00 0.00 0.00 0.00 0.00 0.00 0.00 0.00 0.00 0.00 0.00 0.00 0.00 0.00 0.00 0.00 0.00 0.00 0.00 0.00 0.00 0.00 0.00 0.00 0.00 0.00 0.00 0.00 0.00 0.00 0.00 0.00 0.00 0.00 0.00 0.00 0.00 0.00 0.00 0.00 0.00 0.00 0.00 0.00 0.00 0.00 0.00 0.00 0.00 0.00 0.00 0.00 0.00 0.00 0.00 0.00 0.00 0.00 0.00 0.00 0.00 0.00 0.00 0.00 17.99 18.11 18.55 18.67 19.17 19.29 19.87 19.98 20.14 20.25 19.76 19.86 16.38 16.43
0.00 0.00 0.00 0.00 0.00 0.00 0.00 0.00 0.00 0.00 0.00 0.00 0.00 0.00 0.00 0.00 0.00 0.00 0.00 0.00 0.00 0.00 0.00 0.00 0.00 0.00 0.00 0.00 0.00 0.00 0.00 0.00 0.00 0.00 0.00 0.00 0.00 0.00 0.00 0.00 0.00 0.00 0.00 0.00 0.00 0.00 0.00 0.00 0.00 0.00 0.00 0.00 0.00 0.00 0.00 0.00 0.00 0.00 18.56 0.00 0.00 0.00 0.00 0.00 0.00 0.00 0.00 18.14 18.26 18.71 18.83 19.34 19.47 20.04 20.15 20.30 20.41 19.90 19.99 16.46 0.00
0.00 0.00 0.00 0.00 0.00 0.00 0.00 0.00 0.00 0.00 0.00 0.00 0.00 0.00 0.00 0.00 0.00 0.00 0.00 0.00 0.00 0.00 0.00 0.00 0.00 0.00 0.00 0.00 0.00 0.00 0.00 0.00 0.00 0.00 0.00 0.00 0.00 0.00 0.00 0.00 0.00 0.00 0.00 0.00 0.00 0.00 0.00 0.00 0.00 0.00 0.00 0.00 0.00 0.00 0.00 0.00 0.00 18.17 18.28 18.94 0.00 0.00 0.00 0.00 0.00 0.00 0.00 0.00 0.00 15.98 16.07 16.39 16.47 17.06 17.13 18.64 18.72 19.97 20.06 17.46 0.00
0.00 0.00 0.00 0.00 0.00 0.00 0.00 0.00 0.00 0.00 0.00 0.00 0.00 0.00 0.00 0.00 0.00 0.00 0.00 0.00 0.00 0.00 0.00 0.00 0.00 0.00 0.00 0.00 0.00 0.00 0.00 0.00 0.00 0.00 0.00 0.00 0.00 0.00 0.00 0.00 0.00 0.00 0.00 0.00 0.00 0.00 0.00 0.00 0.00 0.00 0.00 0.00 0.00 0.00 0.00 0.00 0.00 18.35 18.45 19.13 19.25 0.00 0.00 0.00 0.00 0.00 0.00 0.00 0.00 0.00 16.17 16.50 16.57 17.17 17.24 18.77 18.85 20.11 20.19 0.00 0.00
0.00 0.00 0.00 0.00 0.00 0.00 0.00 0.00 0.00 0.00 0.00 0.00 0.00 0.00 0.00 0.00 0.00 0.00 0.00 0.00 0.00 0.00 0.00 0.00 0.00 0.00 0.00 0.00 0.00 0.00 0.00 0.00 0.00 0.00 0.00 0.00 0.00 0.00 0.00 0.00 0.00 0.00 0.00 0.00 0.00 0.00 0.00 0.00 0.00 0.00 0.00 0.00 0.00 0.00 0.00 17.05 17.13 19.80 19.92 20.95 21.10 0.00 19.52 17.21 0.00 0.00 0.00 0.00 0.00 0.00 0.00 0.00 0.00 14.68 14.72 16.84 16.89 19.97 20.04 19.01 0.00
0.00 0.00 0.00 0.00 0.00 0.00 0.00 0.00 0.00 0.00 0.00 0.00 0.00 0.00 0.00 0.00 0.00 0.00 0.00 0.00 0.00 0.00 0.00 0.00 0.00 0.00 0.00 0.00 0.00 0.00 0.00 0.00 0.00 0.00 0.00 0.00 0.00 0.00 0.00 0.00 0.00 0.00 0.00 0.00 0.00 0.00 0.00 0.00 0.00 0.00 0.00 0.00 0.00 15.92 15.98 17.20 17.28 20.01 20.13 21.18 21.34 19.58 19.72 17.35 0.00 0.00 0.00 0.00 0.00 0.00 0.00 0.00 0.00 0.00 14.79 16.93 16.98 20.09 20.16 19.11 19.16
0.00 0.00 0.00 0.00 0.00 0.00 0.00 0.00 0.00 0.00 0.00 0.00 0.00 0.00 0.00 0.00 0.00 0.00 0.00 0.00 0.00 0.00 0.00 0.00 0.00 0.00 0.00 0.00 0.00 0.00 0.00 0.00 0.00 0.00 0.00 0.00 0.00 0.00 0.00 0.00 0.00 0.00 0.00 0.00 0.00 0.00 0.00 0.00 0.00 0.00 0.00 0.00 16.00 16.74 16.81 18.97 19.08 22.27 22.43 21.48 21.64 18.25 18.37 15.64 15.72 0.00 0.00 0.00 0.00 0.00 14.38 0.00 0.00 0.00 14.05 15.59 15.63 19.40 19.45 20.69 20.73
0.00 0.00 0.00 0.00 0.00 0.00 0.00 0.00 0.00 0.00 0.00 0.00 0.00 0.00 0.00 0.00 0.00 0.00 0.00 0.00 0.00 0.00 0.00 0.00 0.00 0.00 0.00 0.00 0.00 0.00 0.00 0.00 0.00 0.00 0.00 0.00 0.00 0.00 0.00 0.00 0.00 0.00 0.00 0.00 0.00 0.00 0.00 0.00 0.00 0.00 0.00 16.06 16.12 16.88 16.95 19.16 19.27 22.53 22.69 21.72 21.88 18.41 18.53 13.30 0.00 0.00 0.00 0.00 0.00 14.40 14.44 0.00 0.00 0.00 0.00 0.00 15.69 19.50 19.55 20.79 20.83
0.00 20.43 20.45 0.00 0.00 0.00 0.00 0.00 0.00 0.00 0.00 0.00 0.00 0.00 0.00 0.00 0.00 0.00 0.00 0.00 0.00 0.00 0.00 0.00 19.62 19.39 19.39 0.00 0.00 0.00 0.00 0.00 0.00 0.00 0.00 0.00 0.00 0.00 0.00 0.00 0.00 0.00 0.00 0.00 0.00 0.00 0.00 0.00 0.00 0.00 15.36 16.64 16.70 18.66 18.76 22.16 22.30 22.80 22.96 18.43 18.54 15.65 15.72 14.10 12.49 0.00 0.00 0.00 0.00 14.36 14.40 15.16 0.00 0.00 14.86 0.00 15.25 18.21 18.24 21.85 21.88
0.00 20.69 20.71 21.23 0.00 0.00 0.00 0.00 0.00 0.00 0.00 0.00 0.00 0.00 0.00 0.00 0.00 0.00 0.00 0.00 18.61 0.00 0.00 0.00 19.84 19.61 19.61 0.00 0.00 0.00 0.00 0.00 0.00 0.00 0.00 0.00 0.00 0.00 0.00 0.00 0.00 0.00 0.00 0.00 0.00 0.00 0.00 0.00 0.00 0.00 0.00 17.70 16.84 18.84 18.94 22.41 22.55 23.05 23.21 18.59 18.70 15.75 15.82 14.16 0.00 0.00 0.00 0.00 0.00 0.00 0.00 15.22 15.26 0.00 0.00 15.27 15.30 18.28 18.31 21.94 21.96
19.54 21.88 21.90 19.07 0.00 0.00 0.00 0.00 0.00 0.00 0.00 0.00 0.00 0.00 0.00 0.00 0.00 0.00 17.50 19.17 19.17 20.17 20.17 19.94 19.93 17.93 0.00 0.00 0.00 0.00 0.00 0.00 0.00 0.00 0.00 0.00 0.00 0.00 0.00 0.00 0.00 0.00 0.00 0.00 0.00 0.00 0.00 0.00 0.00 0.00 0.00 17.95 18.02 20.53 20.64 23.17 23.31 20.21 20.33 15.71 15.78 14.12 0.00 13.21 0.00 0.00 0.00 0.00 13.69 14.46 14.50 16.03 16.07 16.96 17.00 16.89 16.92 19.33 19.36 23.59 23.61
19.78 22.18 22.20 19.30 0.00 0.00 0.00 0.00 0.00 0.00 0.00 0.00 0.00 0.00 0.00 0.00 0.00 17.68 17.68 19.38 19.38 20.40 20.39 20.16 20.15 18.10 0.00 0.00 0.00 0.00 0.00 0.00 0.00 0.00 0.00 0.00 0.00 0.00 0.00 0.00 0.00 0.00 0.00 0.00 0.00 0.00 0.00 16.18 0.00 0.00 16.73 18.09 18.16 21.66 21.78 23.42 23.56 20.39 20.51 15.81 15.88 14.18 14.22 13.25 0.00 0.00 0.00 0.00 13.72 14.51 14.54 16.08 16.13 17.02 17.06 16.94 16.97 19.39 19.41 23.67 23.68
20.88 20.89 20.90 16.85 0.00 0.00 0.00 0.00 0.00 0.00 0.00 16.43 0.00 0.00 15.99 16.45 16.45 18.01 18.02 19.79 19.79 20.13 20.12 18.50 18.49 16.82 16.82 0.00 0.00 17.07 17.07 17.94 17.94 0.00 0.00 0.00 0.00 0.00 0.00 0.00 17.36 17.66 0.00 17.35 17.39 16.80 16.84 16.36 16.41 16.15 16.20 17.39 17.46 20.47 20.57 22.87 22.06 19.54 19.65 15.75 15.80 13.70 13.73 0.00 0.00 0.00 0.00 0.00 13.50 15.18 15.22 17.92 17.98 21.65 21.71 23.25 23.29 24.74 24.77 25.03 25.04
21.15 21.16 21.17 17.01 17.02 0.00 0.00 0.00 15.62 16.65 16.65 16.58 0.00 16.12 16.13 16.59 16.59 18.19 18.19 20.01 20.01 20.36 20.35 18.68 18.67 16.97 16.96 16.33 16.33 17.22 17.22 18.11 18.11 16.93 0.00 0.00 0.00 0.00 0.00 16.60 21.76 17.79 17.83 17.48 17.52 16.91 16.95 16.47 16.51 16.25 16.29 17.51 17.57 20.63 20.72 23.06 23.18 20.63 19.80 15.82 15.88 13.74 13.77 12.78 0.00 12.73 12.75 0.00 13.52 15.22 15.26 17.98 18.03 21.72 21.78 23.31 23.36 24.80 24.82 25.08 25.08
21.63 19.21 19.22 15.25 15.25 0.00 0.00 0.00 15.38 17.27 17.28 16.82 16.82 16.39 16.39 17.00 17.00 18.50 18.50 20.17 20.16 20.14 20.13 18.26 18.25 17.18 17.17 16.36 16.35 17.44 17.44 18.09 18.09 16.23 0.00 0.00 0.00 15.42 15.44 16.79 21.98 18.57 18.61 18.39 18.44 17.68 17.73 17.20 17.25 17.02 17.06 17.56 17.61 19.47 19.54 21.83 21.93 21.93 22.04 16.79 16.85 13.97 14.00 13.18 0.00 12.87 12.89 0.00 13.66 17.55 17.60 23.30 23.38 26.66 26.73 26.07 26.11 25.05 25.07 21.87 21.87
21.92 19.43 19.44 15.37 15.37 0.00 0.00 15.49 15.50 17.44 17.45 16.98 16.98 16.53 16.54 17.15 17.15 18.69 18.69 20.39 20.38 20.36 20.35 18.43 18.42 17.33 17.32 16.49 16.48 17.59 17.59 18.25 18.25 16.35 0.00 0.00 0.00 15.53 15.54 22.09 22.13 23.04 18.75 18.53 18.58 17.79 17.84 17.31 17.35 17.11 17.15 17.65 17.70 19.58 19.65 21.97 22.06 22.06 22.17 17.80 17.86 14.01 14.04 13.20 13.22 0.00 12.90 13.65 13.68 17.59 17.64 23.37 23.44 26.72 26.78 26.10 26.14 25.07 25.08 21.88 21.87
20.63 16.20 16.21 13.83 12.17 13.85 13.85 15.72 15.72 17.70 17.71 17.42 17.42 16.80 16.81 17.31 17.31 18.82 18.82 20.39 20.38 20.40 20.38 19.19 19.18 18.08 18.07 16.61 16.60 17.05 17.05 18.26 18.26 17.18 0.00 0.00 15.90 16.19 16.21 22.20 22.23 23.55 19.24 19.85 19.90 19.28 19.34 18.48 18.53 19.30 19.36 21.19 21.27 22.71 22.80 23.09 23.20 22.54 22.64 19.84 19.92 17.39 16.50 15.21 15.25 14.66 14.69 17.05 17.10 22.68 22.76 26.82 26.90 25.26 25.31 22.43 22.45 20.70 20.70 19.02 19.01
20.87 16.34 16.34 13.90 13.90 13.92 13.92 15.83 15.84 17.86 17.86 17.57 17.57 16.94 16.94 17.46 17.45 18.99 18.99 20.59 20.58 20.60 20.58 19.37 19.36 18.23 18.22 16.73 16.72 17.18 17.18 18.42 18.42 17.32 17.32 15.99 16.00 16.30 16.31 22.34 22.37 23.71 19.38 19.99 20.04 19.41 19.46 18.58 18.63 19.41 19.47 21.32 21.39 22.84 22.93 23.22 23.31 22.64 22.73 19.91 19.98 17.42 17.47 15.23 15.27 14.67 14.70 17.07 17.11 22.71 22.78 26.84 26.91 25.26 25.30 22.42 22.43 20.68 20.67 18.99 18.98
17.43 14.44 14.44 13.74 13.74 14.43 14.43 16.53 16.53 18.38 18.39 17.91 17.91 17.27 17.27 17.92 17.91 19.02 19.01 20.51 20.50 21.38 21.37 20.78 20.77 18.75 18.74 16.33 16.32 17.07 17.07 19.15 19.15 18.67 18.68 16.53 16.54 16.20 21.47 22.98 23.01 23.91 23.96 20.39 20.43 20.87 20.93 21.21 21.27 23.78 23.87 26.14 26.24 25.32 25.42 23.59 23.68 22.38 22.46 22.04 22.12 21.61 21.68 20.89 20.96 20.16 20.23 23.24 23.32 26.23 26.31 25.78 25.84 23.48 23.51 21.48 21.49 19.41 19.40 18.07 18.05
17.58 14.52 14.52 13.80 13.80 14.51 14.51 16.65 16.65 18.54 18.54 18.05 18.05 17.40 17.40 18.05 18.05 19.17 19.16 20.69 20.68 21.57 21.56 20.96 20.95 18.90 18.89 16.43 16.42 17.19 17.18 19.30 19.30 18.81 18.82 16.63 16.64 16.30 21.58 23.12 23.14 24.06 24.10 20.52 20.56 21.00 21.05 21.34 21.39 23.92 24.00 26.28 26.37 25.44 25.53 23.67 23.76 22.44 22.51 22.08 22.16 21.64 21.71 20.90 20.97 21.10 20.23 23.23 23.30 26.20 26.27 25.73 25.78 23.43 23.45 21.43 21.44 19.36 19.35 18.02 18.00
14.46 14.12 14.12 14.66 14.66 15.19 15.19 16.95 16.95 18.84 18.84 18.56 18.55 17.79 17.78 18.65 18.64 19.94 19.93 21.61 21.59 22.64 22.62 21.27 21.25 18.62 18.61 16.62 16.61 17.80 17.80 20.02 20.02 18.70 18.71 15.85 15.86 20.94 20.96 22.97 23.00 24.55 24.59 25.01 20.61 21.44 21.49 24.43 24.49 26.92 27.00 24.40 24.47 20.67 20.72 20.24 20.29 20.19 20.24 20.24 20.30 20.16 20.22 21.23 21.29 23.64 23.71 25.52 24.68 25.47 25.54 24.20 24.24 22.67 22.69 21.21 21.21 19.08 19.07 17.29 17.27
14.53 14.18 14.18 14.74 14.74 15.27 15.27 17.06 17.06 18.98 18.98 18.69 18.69 17.91 17.90 18.78 18.78 20.09 20.08 21.78 21.76 22.83 22.81 21.43 21.41 18.74 18.73 16.71 16.71 17.92 17.91 20.17 20.17 18.82 18.83 15.93 15.93 21.03 21.05 23.09 23.11 24.69 24.72 25.14 20.72 21.55 21.59 24.56 24.61 27.05 27.12 24.48 24.54 20.71 20.76 20.27 20.31 20.21 20.25 20.24 20.29 20.15 20.20 21.21 21.26 23.59 23.66 25.45 25.52 25.38 25.44 24.10 24.14 22.57 22.58 21.12 21.11 19.00 18.99 17.22 17.20
14.04 15.34 15.34 16.09 16.09 15.95 15.94 17.21 17.21 19.11 19.11 19.29 19.28 19.08 19.07 19.81 19.80 21.73 21.72 23.43 23.40 21.88 21.86 19.34 19.32 17.57 17.56 16.57 16.56 18.21 18.20 20.37 20.37 17.67 17.67 14.97 14.98 20.50 20.51 22.49 22.51 24.29 24.32 25.19 20.75 22.68 22.72 26.43 26.48 25.49 25.54 19.79 19.82 16.70 16.72 17.14 17.16 17.67 17.70 16.83 16.85 16.69 16.72 19.45 19.49 22.65 22.71 25.06 25.12 25.58 25.62 21.75 21.77 20.33 20.33 20.15 20.14 19.01 18.99 16.91 16.89
14.10 15.42 15.42 16.17 16.17 16.03 16.03 17.31 17.31 19.24 19.24 19.42 19.41 19.20 19.20 19.94 19.94 21.90 21.88 23.61 23.58 22.04 22.01 19.46 19.44 17.66 17.65 16.64 16.63 18.31 18.30 20.50 20.49 17.76 17.76 15.03 20.39 20.57 20.58 22.58 22.59 24.39 24.42 25.29 25.32 22.78 22.81 26.53 26.57 25.57 25.60 19.82 19.84 16.70 16.72 17.14 17.16 17.66 17.68 16.81 16.83 16.67 16.69 19.40 19.43 22.56 22.61 24.93 24.98 25.42 25.46 22.54 21.63 20.21 20.21 20.02 20.01 18.89 18.87 16.82 16.79
14.10 16.63 16.63 18.06 18.06 17.81 17.81 18.38 18.38 19.59 19.59 20.25 20.24 20.30 20.29 20.86 20.85 23.18 23.17 22.57 22.54 18.81 18.79 16.66 16.65 15.81 15.80 16.16 16.16 19.38 19.37 20.23 20.22 16.30 16.30 14.55 19.93 20.96 20.96 23.23 23.24 24.89 24.92 25.86 25.88 23.63 23.65 27.14 27.17 23.87 23.89 18.04 18.05 15.71 15.72 15.62 15.63 15.56 15.58 15.37 15.39 17.05 17.07 20.29 20.32 22.96 22.99 25.08 25.12 23.72 23.75 21.20 21.21 19.79 18.85 17.99 17.99 17.10 17.08 15.88 15.86
14.15 16.72 16.72 18.16 18.16 17.91 17.90 18.48 18.48 19.71 19.70 20.37 20.37 20.43 20.42 21.00 20.99 23.36 23.34 22.73 22.70 18.91 18.89 16.73 16.72 15.87 15.86 16.22 16.22 19.47 19.46 20.33 20.32 16.36 16.36 14.59 19.98 21.01 21.02 23.30 23.32 24.98 25.00 25.94 25.96 28.17 23.72 27.21 27.22 23.90 23.91 18.04 18.05 15.71 15.71 15.61 15.61 15.54 15.55 15.35 15.35 17.00 17.02 20.20 20.22 22.82 22.85 24.90 24.92 23.54 23.56 21.05 21.05 19.65 19.64 17.86 17.85 16.98 16.96 15.78 15.76
14.12 17.34 17.33 19.90 19.90 20.17 20.16 19.98 19.98 20.55 20.54 21.44 21.44 21.57 21.56 21.86 21.85 22.71 22.69 20.87 20.85 17.54 17.52 15.68 15.66 15.51 15.50 18.04 18.03 21.00 20.99 18.50 18.49 14.97 14.97 20.66 20.66 22.86 22.87 24.44 24.45 25.29 25.30 26.44 26.45 29.63 25.18 26.93 26.93 20.84 20.84 16.65 16.65 15.26 15.26 14.70 14.70 14.85 14.85 16.86 16.87 19.93 19.95 21.25 21.27 23.30 23.32 24.04 24.06 22.03 22.04 20.57 20.57 18.66 18.65 17.11 16.16 15.27 15.25 13.98 13.96
14.16 17.41 17.40 20.00 20.00 20.27 20.26 20.08 20.08 20.66 20.65 21.56 0.00 21.69 21.69 22.00 21.99 22.85 22.83 20.99 20.97 17.62 17.60 15.74 15.72 15.56 15.54 18.11 18.09 21.09 21.08 18.56 18.56 15.01 15.01 20.71 20.71 22.92 22.93 24.51 24.51 25.35 25.36 26.50 26.50 29.68 25.22 26.95 26.94 20.84 20.82 16.64 16.63 15.24 15.24 14.68 14.67 14.82 14.82 16.80 16.81 19.83 19.84 21.11 21.12 23.11 23.12 23.82 23.83 21.83 21.83 20.38 20.38 18.51 18.49 16.98 16.97 16.10 15.14 13.90 0.00
15.46 18.34 18.34 20.43 20.42 21.09 21.09 21.05 21.04 21.39 0.00 0.00 0.00 0.00 21.87 21.41 0.00 0.00 0.00 19.93 19.91 17.48 17.46 15.89 15.87 16.81 16.79 20.29 20.26 20.17 20.16 16.68 16.68 15.35 15.35 22.17 22.18 24.00 24.01 24.77 24.77 25.78 25.78 27.86 27.85 31.55 31.53 24.36 24.33 17.60 17.59 15.58 15.57 14.94 14.93 14.77 14.76 15.87 15.86 18.97 18.97 20.60 20.59 21.14 21.15 22.78 22.79 22.23 22.23 20.70 20.70 19.25 19.24 18.22 18.20 16.86 16.84 15.83 15.81 0.00 0.00
15.50 18.40 18.39 20.50 20.50 21.18 21.17 21.13 21.12 0.00 0.00 0.00 0.00 16.50 16.50 0.00 0.00 0.00 0.00 20.01 19.99 17.54 17.52 15.93 15.91 16.86 16.84 20.36 20.33 20.23 20.22 16.72 16.72 15.38 20.79 22.22 22.22 24.05 24.05 24.81 24.81 25.83 25.82 27.89 27.87 31.57 31.54 24.35 24.31 17.58 17.56 15.56 15.54 14.92 14.90 14.74 14.73 15.82 15.81 18.87 18.86 20.45 20.44 20.97 20.97 22.56 22.56 22.01 22.00 20.50 20.48 19.06 19.05 18.05 18.03 16.72 16.70 15.71 15.69 0.00 0.00
