ASPA-UH-SWB2_REPO/output/post_prcessed_no_MFR/interception_annual.asc
NCOLS 350
NROWS 200
XLLCENTER 515000.000000
YLLCENTER 8409000.000000
CELLSIZE 100.000000
NODATA_value -999.000000
[rows 36 to 71 of 200, columns 162 to 242 of 350]
0.00 0.00 0.00 0.00 0.00 0.00 0.00 0.00 0.00 0.00 0.00 0.00 0.00 0.00 0.00 0.00 0.00 0.00 0.00 0.00 0.00 0.00 0.00 0.00 0.00 0.00 0.00 0.00 0.00 0.00 0.00 0.00 0.00 0.00 0.00 0.00 21.33 16.04 22.38 22.34 19.98 19.94 0.00 0.00 0.00 0.00 0.00 0.00 0.00 0.00 0.00 0.00 0.00 0.00 0.00 0.00 0.00 0.00 0.00 0.00 0.00 0.00 0.00 0.00 0.00 0.00 0.00 0.00 0.00 0.00 0.00 0.00 0.00 0.00 0.00 0.00 0.00 0.00 0.00 0.00 0.00
0.00 0.00 0.00 0.00 0.00 0.00 0.00 0.00 0.00 0.00 0.00 0.00 0.00 0.00 0.00 0.00 0.00 0.00 0.00 0.00 0.00 0.00 0.00 0.00 0.00 0.00 0.00 0.00 0.00 0.00 0.00 0.00 0.00 0.00 0.00 20.03 21.62 21.59 22.69 22.65 20.23 0.00 0.00 0.00 0.00 0.00 0.00 0.00 0.00 0.00 0.00 0.00 0.00 0.00 0.00 0.00 0.00 0.00 0.00 0.00 0.00 0.00 0.00 0.00 0.00 0.00 0.00 0.00 0.00 0.00 0.00 0.00 0.00 0.00 0.00 0.00 0.00 0.00 0.00 0.00 0.00
0.00 0.00 0.00 0.00 0.00 0.00 0.00 0.00 0.00 0.00 0.00 0.00 0.00 0.00 0.00 0.00 0.00 0.00 0.00 0.00 0.00 0.00 0.00 0.00 0.00 0.00 0.00 0.00 0.00 0.00 18.98 0.00 0.00 0.00 22.76 22.74 22.54 22.51 19.54 19.51 0.00 0.00 0.00 0.00 0.00 0.00 0.00 0.00 0.00 0.00 0.00 0.00 0.00 0.00 0.00 0.00 0.00 0.00 0.00 0.00 0.00 0.00 0.00 0.00 0.00 0.00 0.00 0.00 0.00 0.00 0.00 0.00 0.00 0.00 0.00 0.00 0.00 0.00 0.00 0.00 0.00
0.00 0.00 0.00 0.00 0.00 0.00 0.00 0.00 0.00 0.00 0.00 0.00 0.00 0.00 0.00 0.00 0.00 0.00 0.00 0.00 0.00 0.00 0.00 0.00 0.00 0.00 0.00 0.00 0.00 0.00 19.22 19.23 20.90 20.90 23.11 23.09 0.00 22.86 19.80 19.77 0.00 0.00 0.00 0.00 0.00 0.00 0.00 0.00 0.00 0.00 0.00 0.00 0.00 0.00 0.00 0.00 0.00 0.00 0.00 0.00 0.00 0.00 0.00 0.00 0.00 0.00 0.00 0.00 0.00 0.00 0.00 0.00 0.00 0.00 0.00 0.00 0.00 0.00 0.00 0.00 0.00
0.00 0.00 0.00 0.00 0.00 0.00 0.00 0.00 0.00 0.00 0.00 0.00 0.00 0.00 0.00 0.00 0.00 0.00 0.00 0.00 0.00 0.00 0.00 0.00 0.00 0.00 0.00 0.00 0.00 0.00 20.27 20.28 23.65 23.65 22.31 22.30 18.72 18.70 0.00 0.00 0.00 0.00 0.00 0.00 0.00 0.00 0.00 0.00 0.00 0.00 0.00 0.00 0.00 21.29 0.00 0.00 0.00 0.00 0.00 0.00 0.00 0.00 0.00 0.00 0.00 0.00 0.00 0.00 0.00 0.00 0.00 0.00 0.00 0.00 0.00 0.00 0.00 0.00 0.00 0.00 0.00
0.00 0.00 0.00 0.00 0.00 0.00 0.00 0.00 0.00 0.00 0.00 0.00 0.00 0.00 0.00 0.00 0.00 0.00 0.00 0.00 0.00 0.00 0.00 0.00 19.58 19.62 19.50 0.00 0.00 17.72 20.54 20.55 24.02 24.01 22.64 22.62 18.94 0.00 0.00 0.00 0.00 0.00 0.00 0.00 0.00 0.00 0.00 19.48 19.39 0.00 0.00 20.00 21.68 21.57 0.00 0.00 0.00 0.00 0.00 0.00 0.00 0.00 0.00 0.00 0.00 0.00 0.00 0.00 0.00 0.00 0.00 0.00 0.00 0.00 0.00 0.00 0.00 0.00 0.00 0.00 0.00
0.00 0.00 0.00 0.00 0.00 0.00 0.00 0.00 0.00 0.00 0.00 0.00 0.00 0.00 0.00 0.00 0.00 0.00 0.00 0.00 0.00 0.00 0.00 19.20 20.40 20.44 20.15 20.18 21.33 20.52 23.75 23.76 23.03 23.03 18.28 18.26 0.00 0.00 0.00 0.00 0.00 0.00 0.00 0.00 0.00 0.00 19.33 19.26 20.38 20.30 22.00 21.90 22.30 22.18 0.00 0.00 0.00 0.00 0.00 0.00 0.00 0.00 0.00 0.00 0.00 0.00 0.00 0.00 0.00 0.00 0.00 0.00 0.00 0.00 0.00 0.00 17.64 0.00 0.00 0.00 0.00
0.00 0.00 0.00 0.00 0.00 0.00 0.00 0.00 0.00 0.00 0.00 0.00 0.00 0.00 0.00 0.00 0.00 0.00 0.00 0.00 0.00 0.00 19.37 19.43 20.66 20.70 20.40 20.43 21.61 21.63 24.10 24.11 23.36 23.35 18.47 0.00 0.00 0.00 0.00 0.00 0.00 0.00 0.00 0.00 0.00 17.57 19.54 19.48 20.62 20.54 22.28 22.17 22.59 22.46 0.00 0.00 0.00 0.00 0.00 0.00 0.00 19.73 19.96 0.00 0.00 0.00 0.00 0.00 0.00 0.00 0.00 0.00 0.00 0.00 0.00 0.00 17.84 17.79 0.00 0.00 0.00
0.00 0.00 0.00 0.00 0.00 0.00 0.00 0.00 0.00 0.00 0.00 0.00 0.00 0.00 0.00 0.00 0.00 0.00 0.00 0.00 0.00 0.00 0.00 17.83 19.95 19.99 21.57 21.61 23.22 0.00 0.00 22.28 19.06 19.05 16.44 13.88 0.00 0.00 0.00 0.00 0.00 0.00 0.00 0.00 17.27 17.23 19.64 19.57 21.78 21.68 22.90 22.78 20.43 20.33 17.39 0.00 0.00 0.00 0.00 0.00 0.00 19.87 0.00 0.00 0.00 0.00 0.00 0.00 0.00 0.00 16.70 16.67 0.00 0.00 0.00 0.00 17.65 17.61 19.30 19.25 19.88
0.00 0.00 0.00 0.00 0.00 0.00 0.00 0.00 0.00 0.00 0.00 0.00 0.00 0.00 0.00 0.00 0.00 0.00 19.05 0.00 0.00 0.00 0.00 0.00 20.17 20.21 21.83 21.87 23.52 23.54 23.41 23.42 19.26 19.25 16.57 0.00 0.00 0.00 0.00 0.00 0.00 0.00 0.00 15.96 17.42 17.37 19.85 19.78 22.03 21.93 23.18 23.05 20.64 20.54 17.54 0.00 0.00 0.00 18.73 18.66 0.00 20.08 0.00 0.00 0.00 0.00 0.00 0.00 0.00 0.00 16.88 16.84 0.00 0.00 0.00 0.00 17.86 17.81 19.55 19.50 20.15
0.00 0.00 0.00 0.00 0.00 0.00 0.00 0.00 0.00 0.00 0.00 0.00 0.00 0.00 0.00 0.00 0.00 0.00 19.04 19.12 0.00 0.00 0.00 0.00 19.53 19.57 22.63 22.67 22.95 22.96 21.17 21.17 19.87 18.97 16.77 0.00 0.00 13.65 0.00 0.00 0.00 0.00 0.00 0.00 13.81 16.23 18.70 18.63 22.77 22.66 22.65 22.53 18.87 18.78 16.86 0.00 0.00 0.00 19.64 19.55 19.73 0.00 0.00 0.00 0.00 0.00 0.00 0.00 0.00 0.00 0.00 16.16 0.00 0.00 0.00 0.00 18.30 18.25 21.36 21.30 21.61
0.00 0.00 0.00 0.00 0.00 0.00 0.00 0.00 0.00 0.00 0.00 0.00 0.00 0.00 0.00 0.00 0.00 18.28 19.23 19.31 18.31 0.00 0.00 0.00 19.72 19.75 22.89 22.93 23.20 23.21 21.37 21.37 20.04 20.03 16.89 0.00 15.97 15.95 0.00 0.00 0.00 15.98 15.71 0.00 16.38 16.34 18.86 18.79 23.02 22.90 22.90 22.77 19.04 18.95 16.98 16.91 0.00 17.20 19.81 19.73 19.91 0.00 0.00 0.00 0.00 0.00 0.00 0.00 0.00 0.00 0.00 16.32 15.55 0.00 0.00 15.21 18.53 18.48 21.67 21.61 21.93
0.00 0.00 0.00 0.00 0.00 0.00 0.00 0.00 0.00 0.00 0.00 0.00 0.00 18.96 18.39 18.48 18.93 19.02 20.17 20.26 18.98 19.04 18.25 0.00 20.32 20.36 22.22 22.24 22.16 22.17 21.92 21.92 20.73 20.72 17.98 17.07 17.13 0.00 17.05 17.03 15.83 15.81 15.09 0.00 15.10 15.08 16.96 16.92 22.28 22.16 23.59 23.46 19.90 19.81 16.81 16.75 0.00 17.36 20.44 20.35 16.00 15.95 0.00 0.00 0.00 0.00 0.00 0.00 0.00 0.00 0.00 0.00 16.00 15.98 17.13 17.10 21.22 21.16 21.90 21.84 19.20
0.00 0.00 0.00 0.00 0.00 0.00 0.00 0.00 0.00 0.00 18.99 19.11 19.02 19.15 18.54 18.63 19.10 19.19 20.37 20.45 19.13 19.19 18.38 18.42 20.49 20.52 22.41 22.43 22.34 22.35 22.09 22.09 20.88 20.87 18.09 18.08 17.24 0.00 17.15 17.13 15.91 0.00 0.00 15.14 13.33 13.31 14.28 17.02 22.47 22.36 23.82 23.69 20.06 19.97 16.91 0.00 0.00 17.48 20.63 17.50 16.16 0.00 0.00 0.00 0.00 0.00 0.00 0.00 0.00 0.00 16.44 16.41 16.15 16.13 17.31 17.27 21.50 21.45 22.22 22.16 19.44
0.00 0.00 0.00 0.00 0.00 0.00 0.00 0.00 0.00 0.00 19.58 19.73 20.63 20.77 19.70 19.80 19.71 19.82 20.39 21.22 20.89 20.95 20.77 20.82 21.50 21.52 21.84 21.85 22.34 22.34 23.00 23.00 21.14 21.13 19.00 18.99 19.58 18.65 17.89 17.86 15.98 15.96 15.04 15.02 13.36 0.00 0.00 17.53 22.38 22.28 24.30 24.17 20.35 20.25 17.12 17.06 19.49 16.33 18.22 18.16 14.63 0.00 0.00 0.00 0.00 0.00 0.00 0.00 0.00 15.92 17.02 0.00 17.68 17.66 21.44 21.40 21.86 21.81 18.04 17.99 15.79
0.00 0.00 0.00 0.00 0.00 0.00 0.00 0.00 0.00 0.00 19.76 19.90 20.82 20.95 19.86 19.97 19.88 19.97 20.55 21.39 21.04 21.10 20.92 20.96 21.64 21.66 21.97 21.98 22.47 22.47 23.13 23.12 21.24 21.23 19.08 19.07 19.67 19.65 17.97 17.94 16.05 16.02 15.09 13.29 15.27 13.38 17.67 17.62 22.55 22.44 24.50 24.37 20.50 20.39 17.22 14.01 16.53 16.47 18.41 18.35 14.75 0.00 0.00 0.00 0.00 15.04 15.33 15.30 16.09 16.06 0.00 17.16 17.86 17.83 21.71 21.67 22.15 22.10 18.23 18.19 15.93
0.00 0.00 0.00 0.00 0.00 0.00 0.00 0.00 0.00 17.54 20.40 20.54 21.72 21.87 21.04 21.16 20.74 20.84 20.94 21.78 21.79 21.84 21.88 21.91 22.35 22.36 22.22 22.22 23.14 23.13 23.56 23.55 21.33 21.31 20.45 20.44 21.07 21.05 20.05 19.11 17.50 17.48 16.53 14.03 17.18 17.14 20.21 20.14 23.74 23.62 23.62 23.50 21.31 18.09 17.65 17.57 19.51 19.43 16.55 16.51 12.95 0.00 0.00 0.00 0.00 0.00 15.63 15.60 17.49 17.46 18.34 18.30 20.27 20.24 22.03 21.99 17.51 17.48 14.35 0.00 14.34
0.00 0.00 0.00 0.00 0.00 0.00 0.00 0.00 0.00 17.64 20.56 20.70 21.90 22.06 21.19 21.31 20.89 20.98 21.07 21.14 21.92 21.97 21.99 22.01 22.45 22.45 22.30 22.30 23.21 23.20 23.64 23.62 21.38 21.37 20.50 20.49 21.13 21.11 20.10 20.08 17.55 17.52 16.57 16.55 17.23 17.20 20.30 20.23 23.87 23.76 23.76 23.64 18.29 18.20 17.77 17.69 19.67 19.61 16.69 16.65 13.03 0.00 0.00 0.00 0.00 0.00 0.00 15.72 17.65 17.62 18.53 18.49 20.50 20.46 22.29 22.26 17.68 17.65 0.00 14.42 14.44
0.00 0.00 0.00 0.00 0.00 0.00 0.00 0.00 0.00 18.21 21.38 21.53 22.43 22.58 21.99 22.12 21.17 21.26 20.89 20.95 22.28 22.31 22.60 22.61 23.05 23.05 22.92 22.91 24.23 24.21 24.48 24.46 22.72 22.70 22.83 22.81 22.80 22.79 21.80 21.78 21.16 20.21 19.69 19.65 20.41 20.36 22.82 18.82 20.86 20.75 20.16 20.79 20.16 20.05 20.70 20.62 18.47 18.43 13.43 13.41 0.00 0.00 0.00 0.00 0.00 0.00 0.00 15.22 18.12 18.09 20.43 20.39 21.65 21.61 19.25 19.23 14.40 14.38 0.00 0.00 13.91
0.00 0.00 0.00 0.00 0.00 0.00 0.00 0.00 18.21 18.32 21.53 21.69 22.59 22.74 22.13 22.26 21.29 21.38 21.00 21.05 22.38 22.40 22.68 22.69 23.12 23.12 22.99 22.98 24.30 24.27 24.54 24.51 22.76 22.73 22.84 22.82 22.81 22.80 21.82 21.81 21.18 21.16 15.73 15.70 16.48 16.44 18.96 18.89 20.95 20.84 20.25 20.89 20.26 20.16 20.82 20.75 18.59 18.55 13.49 13.47 11.77 0.00 0.00 0.00 0.00 0.00 15.34 15.32 18.28 18.25 20.64 20.59 21.89 21.84 19.43 19.41 14.48 0.00 0.00 0.00 0.00
0.00 0.00 16.49 0.00 0.00 0.00 0.00 0.00 20.23 20.37 22.89 23.06 23.20 23.35 23.00 23.13 21.91 21.99 21.74 21.78 22.62 23.44 23.84 23.84 24.25 24.25 25.06 25.04 26.88 26.84 26.65 26.60 25.57 25.52 25.13 25.09 24.79 24.78 24.46 24.44 24.07 19.19 18.63 18.59 19.51 19.45 21.72 21.64 21.94 21.84 20.60 21.24 21.38 21.28 20.04 19.98 15.96 15.94 12.11 12.11 11.59 0.00 0.00 0.00 14.27 14.26 15.59 15.57 18.05 18.02 21.18 21.13 20.91 20.87 16.41 16.39 13.21 0.00 11.49 11.48 0.00
17.62 17.74 16.59 0.00 0.00 0.00 0.00 17.09 20.35 20.49 23.03 23.19 23.33 23.48 23.12 23.24 22.00 22.07 21.80 21.84 22.67 23.50 23.90 23.91 24.31 24.31 25.11 25.08 26.92 26.87 26.67 26.61 25.57 25.52 25.11 25.06 24.76 24.74 24.42 24.41 24.04 19.18 18.62 18.59 19.51 19.47 21.75 21.67 21.99 21.90 20.66 20.57 21.45 21.36 20.12 20.07 16.02 16.01 12.15 12.14 11.62 0.00 0.00 0.00 0.00 14.32 15.68 15.66 18.18 18.15 21.37 21.32 21.09 21.05 16.52 16.50 0.00 0.00 11.52 12.89 0.00
18.42 18.57 17.95 18.06 18.57 18.69 22.08 22.25 24.63 24.83 25.25 25.44 24.89 25.05 24.62 24.73 24.08 24.16 24.51 24.55 25.02 25.84 26.28 26.30 27.14 27.12 28.27 28.22 26.24 26.19 23.39 23.34 22.18 22.13 22.31 22.27 22.46 22.45 23.30 23.30 24.20 19.34 20.55 20.52 21.93 21.88 20.72 20.66 17.92 17.86 16.65 16.60 18.55 18.48 18.02 17.98 16.50 16.49 13.86 13.85 13.31 13.30 13.07 0.00 0.00 14.28 15.05 15.04 17.17 17.15 20.53 20.49 20.78 20.75 17.10 17.08 14.34 14.32 13.89 13.87 15.10
18.55 18.67 18.04 18.15 15.12 18.78 22.21 22.38 24.79 24.97 25.39 25.57 25.00 25.15 24.70 24.80 24.13 24.20 24.54 24.57 25.03 25.04 26.29 26.31 27.14 27.12 28.26 28.20 26.21 26.14 23.35 23.30 22.13 22.08 22.26 22.21 22.40 22.38 23.22 23.22 24.12 19.28 20.49 20.47 21.89 21.85 20.70 20.65 17.92 17.87 16.67 16.62 17.83 18.52 18.06 18.02 16.54 16.54 13.90 13.89 13.34 13.34 13.11 14.50 14.33 14.32 15.11 15.10 17.26 17.24 20.67 20.63 20.93 20.90 17.20 17.18 14.39 14.38 13.94 13.92 15.17
19.98 20.12 22.50 22.67 25.40 25.61 26.83 27.06 25.64 25.83 24.78 24.93 24.26 24.39 23.84 23.93 24.44 24.49 24.86 24.87 25.17 25.18 26.23 26.24 25.52 25.49 22.88 22.83 19.16 19.12 17.25 17.22 16.79 16.76 17.58 17.55 17.97 17.96 19.08 19.08 20.95 16.07 18.83 18.82 18.64 18.62 14.47 14.45 12.11 12.09 12.29 12.27 13.21 13.94 15.00 14.98 16.93 16.92 17.24 17.25 15.26 15.26 13.53 14.92 0.00 14.36 15.75 15.74 17.95 17.93 19.97 19.94 20.08 20.05 18.73 18.71 17.25 17.21 16.33 16.29 18.19
20.09 20.23 22.64 22.81 25.56 25.77 26.99 27.21 25.77 25.95 24.88 25.02 24.33 24.45 23.89 23.96 24.46 24.51 24.85 24.85 25.14 25.15 25.38 26.18 25.46 25.43 22.82 22.77 19.11 19.07 17.21 17.18 16.74 0.00 17.53 17.50 17.91 17.89 19.00 19.01 15.99 16.00 18.73 18.74 18.57 18.55 14.44 14.43 12.09 12.08 12.28 12.27 13.22 13.95 15.02 15.00 16.95 16.94 17.27 17.28 15.29 15.29 13.56 0.00 0.00 14.39 15.79 15.79 18.02 18.00 20.06 20.03 20.18 20.15 18.82 18.80 17.32 17.28 16.39 16.35 18.26
22.83 24.32 27.17 27.39 25.08 25.27 21.67 21.82 20.62 20.73 20.62 20.72 20.22 20.29 20.22 20.27 20.84 20.86 21.61 21.59 21.59 21.59 21.14 21.95 21.02 20.99 18.66 18.62 16.84 16.81 16.17 16.14 0.00 0.00 0.00 16.27 16.59 16.58 17.46 17.46 14.40 14.41 15.91 15.92 15.07 15.07 12.51 12.50 10.73 10.72 10.26 10.26 0.00 0.00 12.14 12.13 14.11 14.11 17.40 17.41 17.57 17.58 16.60 16.60 0.00 0.00 16.40 16.39 17.63 17.61 18.62 18.61 19.88 19.86 20.45 20.41 19.65 19.60 19.94 19.87 21.74
22.99 23.18 27.34 27.56 25.21 25.40 21.77 21.90 20.69 20.79 20.68 20.77 20.27 20.33 20.25 20.29 20.86 20.87 21.60 21.58 21.57 21.56 21.10 21.89 20.96 20.92 18.60 18.56 16.79 0.00 0.00 0.00 0.00 0.00 0.00 0.00 0.00 0.00 17.38 17.38 14.32 14.33 15.82 15.83 15.00 15.00 12.47 0.00 0.00 0.00 0.00 0.00 0.00 0.00 0.00 0.00 14.12 0.00 17.41 17.42 17.58 17.59 16.61 16.62 15.61 0.00 16.42 16.42 17.66 17.65 18.68 18.66 19.95 19.92 20.52 20.48 19.71 19.65 19.99 19.91 21.79
25.62 25.83 23.95 24.11 19.01 19.11 17.77 0.00 17.97 18.04 18.16 0.00 0.00 0.00 18.41 18.44 19.23 19.23 19.68 19.65 19.53 19.51 18.88 18.85 19.10 19.06 18.16 0.00 0.00 0.00 0.00 0.00 0.00 0.00 0.00 0.00 0.00 0.00 0.00 0.00 0.00 13.66 14.09 14.10 13.36 0.00 11.90 11.91 10.80 0.00 0.00 0.00 0.00 0.00 0.00 11.64 13.15 0.00 12.62 16.46 19.11 0.00 19.45 19.46 16.58 16.59 0.00 15.97 16.61 16.60 17.90 17.89 19.78 19.75 21.63 21.58 22.18 22.10 22.01 21.91 20.91
25.79 26.00 22.77 24.23 19.07 19.17 0.00 0.00 18.02 0.00 0.00 0.00 0.00 0.00 18.44 18.46 19.24 19.24 19.68 19.65 0.00 0.00 18.84 18.81 0.00 0.00 0.00 0.00 0.00 0.00 0.00 0.00 0.00 0.00 0.00 0.00 0.00 0.00 0.00 0.00 0.00 0.00 14.00 11.14 0.00 13.30 0.00 0.00 0.00 0.00 0.00 0.00 0.00 0.00 0.00 11.63 13.15 13.15 16.45 16.46 0.00 0.00 0.00 19.47 16.59 16.60 15.98 15.98 16.63 16.62 17.93 17.92 19.81 19.78 21.66 21.61 22.20 22.11 22.01 21.90 20.91
24.38 24.56 18.58 0.00 0.00 0.00 0.00 0.00 0.00 0.00 0.00 0.00 0.00 0.00 0.00 0.00 0.00 0.00 0.00 0.00 0.00 0.00 0.00 0.00 0.00 0.00 0.00 0.00 0.00 0.00 0.00 0.00 0.00 0.00 0.00 0.00 0.00 0.00 0.00 0.00 0.00 0.00 0.00 0.00 0.00 0.00 0.00 0.00 0.00 0.00 0.00 0.00 0.00 10.71 11.53 12.29 14.46 14.47 18.10 18.12 0.00 0.00 0.00 21.52 18.49 18.50 18.38 18.38 18.12 18.12 19.22 19.20 20.67 20.64 22.25 22.19 22.41 22.32 20.48 20.38 18.94
24.55 24.73 18.68 18.77 0.00 0.00 0.00 0.00 0.00 0.00 0.00 0.00 0.00 0.00 0.00 0.00 0.00 0.00 0.00 0.00 0.00 0.00 0.00 0.00 0.00 0.00 0.00 0.00 0.00 0.00 0.00 0.00 0.00 0.00 0.00 0.00 0.00 0.00 0.00 0.00 0.00 0.00 0.00 0.00 0.00 0.00 0.00 0.00 0.00 0.00 0.00 0.00 10.69 10.70 11.51 11.52 14.44 14.45 18.09 0.00 0.00 0.00 0.00 21.52 18.49 18.50 18.38 18.38 18.12 18.12 19.22 19.20 20.67 20.63 22.23 22.16 22.38 22.28 20.44 20.33 18.89
22.53 22.68 16.21 16.27 0.00 0.00 0.00 0.00 0.00 0.00 0.00 0.00 0.00 0.00 0.00 0.00 0.00 0.00 0.00 0.00 0.00 0.00 0.00 0.00 0.00 0.00 0.00 0.00 0.00 0.00 0.00 0.00 0.00 0.00 0.00 0.00 0.00 0.00 0.00 0.00 0.00 0.00 0.00 0.00 0.00 0.00 0.00 0.00 0.00 0.00 0.00 11.53 12.63 12.65 14.11 14.13 17.54 17.56 21.05 0.00 0.00 0.00 0.00 0.00 0.00 0.00 0.00 19.77 18.87 18.87 20.20 20.17 20.87 20.82 21.88 21.80 21.74 21.64 20.34 20.22 19.33
22.71 22.86 16.29 16.35 0.00 0.00 0.00 0.00 0.00 0.00 0.00 0.00 0.00 0.00 0.00 0.00 0.00 0.00 0.00 0.00 0.00 0.00 0.00 0.00 0.00 0.00 0.00 0.00 0.00 0.00 0.00 0.00 0.00 0.00 0.00 0.00 0.00 0.00 0.00 0.00 0.00 0.00 0.00 0.00 0.00 0.00 0.00 0.00 0.00 0.00 0.00 11.49 12.59 12.61 14.05 14.08 0.00 0.00 0.00 0.00 0.00 0.00 0.00 0.00 0.00 0.00 0.00 19.74 18.84 18.83 20.16 20.13 20.82 20.76 21.81 21.73 21.66 21.55 20.25 20.12 19.25
19.78 19.89 14.72 14.76 0.00 0.00 0.00 0.00 0.00 0.00 0.00 0.00 0.00 0.00 0.00 0.00 0.00 0.00 0.00 0.00 0.00 0.00 0.00 0.00 0.00 0.00 0.00 0.00 0.00 0.00 0.00 0.00 0.00 0.00 0.00 0.00 0.00 0.00 0.00 0.00 0.00 0.00 0.00 0.00 0.00 0.00 0.00 0.00 0.00 0.00 12.87 12.90 14.06 14.09 16.33 16.38 20.69 21.48 0.00 0.00 0.00 0.00 0.00 0.00 0.00 19.81 18.98 18.98 19.47 19.46 20.37 20.33 20.74 20.68 21.55 21.46 20.84 20.73 20.83 20.69 20.57
19.93 20.04 14.78 0.00 0.00 0.00 0.00 0.00 0.00 17.25 18.24 0.00 0.00 0.00 0.00 0.00 0.00 0.00 0.00 0.00 0.00 0.00 0.00 0.00 0.00 0.00 0.00 0.00 0.00 0.00 0.00 0.00 0.00 0.00 0.00 0.00 0.00 0.00 0.00 0.00 0.00 0.00 0.00 0.00 0.00 0.00 0.00 0.00 0.00 0.00 12.80 12.83 0.00 0.00 16.24 16.29 20.56 20.63 22.38 22.44 20.20 0.00 0.00 0.00 0.00 0.00 18.91 18.91 19.40 19.38 20.28 20.24 20.64 20.58 21.42 21.33 20.71 20.60 20.68 20.54 20.42
