ASPA-UH-SWB2_REPO/output/post_prcessed_no_MFR/runoff_annual.asc
NCOLS 350
NROWS 200
XLLCENTER 515000.000000
YLLCENTER 8409000.000000
CELLSIZE 100.000000
NODATA_value -999.000000
[rows 72 to 107 of 200, columns 81 to 161 of 350]
0.00 0.00 0.00 0.00 0.00 0.00 0.00 0.00 0.00 0.00 0.00 0.00 0.00 0.00 0.00 0.00 0.00 0.00 0.00 0.00 0.00 0.00 0.00 0.00 0.00 0.00 0.00 0.00 0.00 0.00 0.00 0.00 0.00 0.00 0.00 0.00 0.00 0.00 0.00 0.00 0.00 0.00 0.00 0.00 0.00 0.00 0.00 0.00 0.00 0.00 0.00 0.00 0.00 0.00 0.00 0.00 0.00 0.00 0.00 0.00 0.00 0.00 0.00 0.00 0.00 0.00 0.00 0.00 53.58 50.12 50.87 51.61 52.31 52.97 53.63 54.30 55.03 55.81 56.58 52.35 53.02
0.00 0.00 0.00 0.00 0.00 0.00 0.00 0.00 0.00 0.00 0.00 0.00 0.00 0.00 0.00 0.00 0.00 0.00 0.00 0.00 0.00 0.00 0.00 0.00 0.00 0.00 0.00 0.00 0.00 0.00 0.00 0.00 0.00 0.00 0.00 0.00 0.00 0.00 0.00 0.00 0.00 0.00 0.00 0.00 0.00 0.00 0.00 0.00 0.00 0.00 0.00 0.00 0.00 0.00 0.00 0.00 0.00 0.00 0.00 0.00 0.00 0.00 0.00 0.00 0.00 0.00 0.00 0.00 54.49 55.34 51.72 52.45 53.13 53.80 54.48 55.18 55.92 56.71 52.49 53.16 53.82
0.00 0.00 0.00 0.00 0.00 0.00 0.00 0.00 0.00 0.00 0.00 0.00 0.00 0.00 0.00 0.00 0.00 0.00 0.00 0.00 0.00 0.00 0.00 0.00 0.00 0.00 0.00 0.00 0.00 0.00 0.00 0.00 0.00 0.00 0.00 0.00 0.00 0.00 0.00 0.00 0.00 0.00 0.00 0.00 0.00 0.00 0.00 0.00 0.00 0.00 0.00 0.00 0.00 0.00 0.00 0.00 0.00 0.00 0.00 0.00 0.00 0.00 0.00 0.00 0.00 0.00 0.00 0.00 55.46 56.31 52.62 53.33 54.02 54.68 55.36 56.07 56.85 52.61 53.31 53.99 54.63
0.00 0.00 0.00 0.00 0.00 0.00 0.00 0.00 0.00 0.00 0.00 0.00 0.00 0.00 0.00 0.00 0.00 0.00 0.00 0.00 0.00 0.00 0.00 0.00 0.00 0.00 0.00 0.00 0.00 0.00 0.00 0.00 0.00 0.00 0.00 0.00 0.00 0.00 0.00 0.00 0.00 0.00 0.00 0.00 0.00 0.00 0.00 0.00 0.00 0.00 0.00 0.00 0.00 0.00 0.00 0.00 0.00 0.00 0.00 0.00 0.00 0.00 0.00 0.00 0.00 0.00 0.00 0.00 56.47 57.34 58.18 54.27 54.95 55.62 56.29 57.02 52.75 53.46 54.15 54.80 55.44
0.00 0.00 0.00 0.00 0.00 0.00 0.00 0.00 0.00 0.00 0.00 0.00 0.00 0.00 0.00 0.00 0.00 0.00 0.00 0.00 0.00 0.00 0.00 0.00 0.00 0.00 0.00 0.00 0.00 0.00 0.00 0.00 0.00 0.00 0.00 0.00 0.00 0.00 0.00 0.00 0.00 0.00 0.00 0.00 0.00 0.00 0.00 0.00 0.00 0.00 0.00 0.00 0.00 0.00 0.00 0.00 0.00 0.00 0.00 0.00 0.00 0.00 0.00 0.00 0.00 0.00 0.00 0.00 57.52 58.39 59.23 55.24 55.93 56.60 57.28 63.08 63.92 54.32 54.99 55.63 56.22
0.00 0.00 0.00 0.00 0.00 0.00 0.00 0.00 0.00 0.00 0.00 0.00 0.00 0.00 0.00 0.00 0.00 0.00 0.00 0.00 0.00 0.00 0.00 0.00 0.00 0.00 0.00 0.00 0.00 0.00 0.00 0.00 0.00 0.00 0.00 0.00 0.00 0.00 0.00 0.00 0.00 0.00 0.00 0.00 0.00 0.00 0.00 0.00 0.00 0.00 0.00 0.00 0.00 0.00 0.00 0.00 0.00 0.00 0.00 0.00 0.00 0.00 0.00 0.00 0.00 0.00 0.00 57.71 58.59 59.46 60.32 61.14 61.91 62.66 63.41 64.19 65.00 55.19 55.82 56.42 56.98
0.00 0.00 0.00 0.00 0.00 0.00 0.00 0.00 0.00 0.00 0.00 0.00 0.00 0.00 0.00 0.00 0.00 0.00 0.00 0.00 0.00 0.00 0.00 0.00 0.00 0.00 0.00 0.00 0.00 0.00 0.00 0.00 0.00 0.00 0.00 0.00 0.00 0.00 0.00 0.00 0.00 0.00 0.00 0.00 0.00 0.00 0.00 0.00 0.00 0.00 0.00 0.00 0.00 0.00 0.00 0.00 0.00 0.00 0.00 0.00 0.00 0.00 0.00 0.00 0.00 0.00 0.00 58.83 59.72 60.59 61.45 62.28 63.07 63.82 64.54 65.29 66.08 56.03 56.63 57.19 57.72
0.00 0.00 0.00 0.00 0.00 0.00 0.00 0.00 0.00 0.00 0.00 0.00 0.00 0.00 0.00 0.00 0.00 0.00 0.00 0.00 0.00 0.00 0.00 0.00 0.00 0.00 0.00 0.00 0.00 0.00 0.00 0.00 0.00 0.00 0.00 0.00 0.00 0.00 0.00 0.00 0.00 0.00 0.00 0.00 0.00 0.00 0.00 0.00 0.00 0.00 0.00 0.00 0.00 0.00 0.00 0.00 0.00 0.00 34.82 0.00 0.00 0.00 0.00 0.00 0.00 0.00 0.00 59.98 60.88 61.76 62.62 63.46 64.26 64.99 65.69 66.41 67.15 67.89 57.43 57.96 58.45
0.00 0.00 0.00 0.00 0.00 0.00 0.00 0.00 0.00 0.00 0.00 0.00 0.00 0.00 0.00 0.00 0.00 0.00 0.00 0.00 0.00 0.00 0.00 0.00 0.00 0.00 0.00 0.00 0.00 0.00 0.00 0.00 0.00 0.00 0.00 0.00 0.00 0.00 0.00 0.00 0.00 0.00 0.00 0.00 0.00 0.00 0.00 0.00 0.00 0.00 0.00 0.00 0.00 0.00 0.00 0.00 0.00 35.09 35.56 54.39 0.00 0.00 0.00 0.00 0.00 0.00 0.00 0.00 0.00 62.96 63.82 64.66 65.44 66.16 66.85 67.53 68.22 68.90 69.56 58.71 59.17
0.00 0.00 0.00 0.00 0.00 0.00 0.00 0.00 0.00 0.00 0.00 0.00 0.00 0.00 0.00 0.00 0.00 0.00 0.00 0.00 0.00 0.00 0.00 0.00 0.00 0.00 0.00 0.00 0.00 0.00 0.00 0.00 0.00 0.00 0.00 0.00 0.00 0.00 0.00 0.00 0.00 0.00 0.00 0.00 0.00 0.00 0.00 0.00 0.00 0.00 0.00 0.00 0.00 0.00 0.00 0.00 0.00 35.84 36.32 55.55 56.32 0.00 0.00 0.00 0.00 0.00 0.00 0.00 0.00 0.00 65.02 65.84 66.62 67.35 68.02 68.65 69.30 69.92 70.53 59.45 59.88
0.00 0.00 0.00 0.00 0.00 0.00 0.00 0.00 0.00 0.00 0.00 0.00 0.00 0.00 0.00 0.00 0.00 0.00 0.00 0.00 0.00 0.00 0.00 0.00 0.00 0.00 0.00 0.00 0.00 0.00 0.00 0.00 0.00 0.00 0.00 0.00 0.00 0.00 0.00 0.00 0.00 0.00 0.00 0.00 0.00 0.00 0.00 0.00 0.00 0.00 0.00 0.00 0.00 0.00 0.00 35.71 36.15 36.61 37.09 56.74 57.53 58.34 59.18 60.02 0.00 0.00 0.00 0.00 0.00 0.00 66.19 67.02 67.78 68.50 69.17 69.79 70.37 70.95 71.50 60.19 60.57
0.00 0.00 0.00 0.00 0.00 0.00 0.00 0.00 0.00 0.00 0.00 0.00 0.00 0.00 0.00 0.00 0.00 0.00 0.00 0.00 0.00 0.00 0.00 0.00 0.00 0.00 0.00 0.00 0.00 0.00 0.00 0.00 0.00 0.00 0.00 0.00 0.00 0.00 0.00 0.00 0.00 0.00 0.00 0.00 0.00 0.00 0.00 0.00 0.00 0.00 0.00 0.00 0.00 35.67 36.08 36.50 36.94 37.40 57.19 57.95 58.76 59.58 60.43 61.28 62.16 63.03 0.00 0.00 0.00 0.00 67.36 68.17 68.93 69.63 70.30 70.89 71.44 71.97 72.47 60.93 61.25
0.00 0.00 0.00 0.00 0.00 0.00 0.00 0.00 0.00 0.00 0.00 0.00 0.00 0.00 0.00 0.00 0.00 0.00 0.00 0.00 0.00 0.00 0.00 0.00 0.00 0.00 0.00 0.00 0.00 0.00 0.00 0.00 0.00 0.00 0.00 0.00 0.00 0.00 0.00 0.00 0.00 0.00 0.00 0.00 0.00 0.00 0.00 0.00 0.00 0.00 0.00 35.66 36.04 36.45 36.87 37.29 37.73 38.21 58.42 59.18 59.99 60.83 61.66 62.53 63.39 0.00 0.00 0.00 0.00 0.00 68.52 69.29 70.04 70.74 71.36 71.94 72.48 72.97 73.42 61.64 61.93
0.00 0.00 46.38 0.00 0.00 0.00 0.00 0.00 0.00 0.00 0.00 0.00 0.00 0.00 0.00 0.00 0.00 0.00 0.00 0.00 0.00 0.00 0.00 0.00 0.00 0.00 0.00 0.00 0.00 0.00 0.00 0.00 0.00 0.00 0.00 0.00 0.00 0.00 0.00 0.00 0.00 0.00 0.00 0.00 0.00 0.00 0.00 0.00 0.00 0.00 0.00 36.43 36.82 37.23 37.66 38.09 38.53 39.01 39.50 60.41 61.23 62.06 62.90 63.75 64.61 65.47 0.00 0.00 0.00 68.84 69.65 70.39 71.10 71.78 72.40 72.96 73.46 73.93 74.35 74.70 62.58
0.00 47.38 38.53 0.00 0.00 0.00 0.00 0.00 0.00 0.00 0.00 0.00 0.00 0.00 0.00 0.00 0.00 0.00 0.00 0.00 0.00 0.00 0.00 0.00 39.32 39.30 33.41 0.00 0.00 0.00 0.00 0.00 0.00 0.00 0.00 0.00 0.00 0.00 0.00 0.00 0.00 0.00 0.00 0.00 0.00 0.00 0.00 0.00 0.00 0.00 36.84 37.22 37.61 38.02 38.45 38.89 39.33 39.81 60.87 61.64 62.45 63.28 64.12 64.94 65.79 66.63 67.46 68.30 69.13 69.93 70.69 71.43 72.13 72.78 73.39 73.93 74.40 74.83 75.22 75.53 63.22
0.00 48.51 39.45 39.52 0.00 0.00 0.00 0.00 0.00 0.00 0.00 0.00 0.00 0.00 0.00 0.00 0.00 0.00 0.00 0.00 40.27 0.00 0.00 0.00 40.20 34.17 34.14 0.00 0.00 0.00 0.00 0.00 0.00 0.00 0.00 0.00 0.00 0.00 0.00 0.00 0.00 0.00 0.00 0.00 0.00 0.00 0.00 0.00 0.00 0.00 0.00 38.01 38.40 38.82 39.25 39.69 40.14 61.35 62.09 62.86 63.66 64.46 65.28 66.10 66.92 67.74 68.57 69.38 70.18 70.97 71.70 72.41 73.09 73.72 74.30 74.80 75.26 75.65 75.99 76.27 63.78
49.61 49.69 40.42 40.48 0.00 0.00 0.00 0.00 0.00 0.00 0.00 0.00 0.00 0.00 0.00 0.00 0.00 0.00 41.19 41.19 41.18 41.17 41.15 41.12 34.94 34.92 0.00 0.00 0.00 0.00 0.00 0.00 0.00 0.00 0.00 0.00 0.00 0.00 0.00 0.00 0.00 0.00 0.00 0.00 0.00 0.00 0.00 0.00 0.00 0.00 0.00 38.79 39.18 39.60 40.04 40.47 61.85 62.56 63.29 64.04 64.82 65.60 66.40 67.21 68.01 68.81 69.61 70.40 71.18 71.93 72.65 73.32 73.97 74.57 75.11 75.59 76.00 76.36 76.66 76.89 64.25
50.82 50.90 41.41 41.47 0.00 0.00 0.00 0.00 0.00 0.00 0.00 0.00 0.00 0.00 0.00 0.00 0.00 42.11 42.12 42.12 42.11 42.08 42.06 42.03 35.70 35.67 0.00 0.00 0.00 0.00 0.00 0.00 0.00 0.00 0.00 0.00 0.00 0.00 0.00 0.00 0.00 0.00 0.00 0.00 0.00 0.00 0.00 38.13 0.00 0.00 39.18 39.56 39.95 40.37 40.81 41.25 63.02 63.72 64.45 65.16 65.90 66.68 67.46 68.25 69.05 69.83 70.59 71.35 72.10 72.82 73.51 74.15 74.76 75.32 75.83 76.27 76.64 76.96 77.22 77.40 64.62
52.07 42.36 42.42 42.48 42.54 0.00 0.00 0.00 0.00 0.00 0.00 42.90 0.00 0.00 43.01 43.04 43.06 43.07 43.08 43.07 43.05 43.03 43.00 36.51 36.48 36.45 36.41 36.38 0.00 36.33 36.31 36.31 36.32 0.00 0.00 0.00 0.00 0.00 0.00 0.00 37.09 37.28 37.49 37.73 37.98 38.27 38.58 38.90 39.24 39.59 39.95 40.32 40.71 41.12 41.55 41.98 64.14 64.83 65.52 66.22 66.93 67.68 68.46 69.23 70.00 70.75 71.49 72.22 72.94 73.62 74.28 74.89 75.46 75.98 76.45 76.84 77.17 77.45 77.65 77.79 64.71
53.36 43.41 43.46 43.51 43.56 0.00 0.00 0.00 43.76 43.81 43.86 43.91 43.95 43.98 44.01 44.03 44.04 44.06 44.05 44.04 44.02 43.99 43.95 37.32 37.28 37.23 37.19 37.15 37.12 37.10 37.09 37.08 37.09 37.11 0.00 0.00 0.00 0.00 0.00 37.66 37.84 38.04 38.25 38.48 38.74 39.02 39.34 39.66 40.00 40.35 40.70 41.06 41.44 41.84 42.25 42.67 43.10 65.85 66.53 67.21 67.90 68.62 69.37 70.11 70.84 71.58 72.30 72.99 73.67 74.33 74.95 75.53 76.06 76.52 76.94 64.34 77.59 77.82 64.82 64.89 64.90
54.67 44.47 44.52 44.56 44.60 0.00 0.00 0.00 44.81 44.85 44.91 44.95 44.98 45.00 45.02 45.04 45.05 45.06 45.04 45.03 45.00 44.96 38.16 38.12 38.08 38.03 37.98 37.94 37.90 37.87 37.86 37.85 37.85 37.88 0.00 0.00 0.00 38.15 38.27 38.42 38.59 38.79 39.00 39.23 39.49 39.77 40.08 40.40 40.73 41.06 41.41 41.76 42.13 42.51 42.90 43.30 43.72 66.77 67.44 68.11 68.78 69.48 70.17 70.88 71.58 72.28 72.98 73.64 74.28 74.91 75.50 76.03 76.52 76.94 64.36 64.59 64.78 64.90 64.99 65.02 65.00
45.51 45.55 45.59 45.63 45.67 45.72 0.00 45.81 45.86 45.91 45.96 45.99 46.02 46.04 46.05 46.06 46.07 46.06 46.04 46.02 45.98 45.93 38.98 38.93 38.89 38.83 38.78 38.73 38.68 38.65 38.63 38.62 38.63 38.64 0.00 0.00 0.00 38.91 39.02 39.17 39.34 39.53 39.74 39.96 40.22 40.50 40.78 41.09 41.40 41.72 42.07 42.41 42.76 43.12 43.49 43.87 44.28 44.69 68.25 68.90 69.55 70.21 70.87 71.54 72.20 72.86 73.53 74.18 74.78 75.36 75.92 76.42 76.86 64.31 64.56 64.75 64.90 65.00 65.05 65.05 65.00
46.61 46.64 46.67 46.70 46.74 46.78 46.82 46.86 46.90 46.94 46.99 47.02 47.04 47.06 47.07 47.07 47.06 47.04 47.03 46.99 46.95 46.90 46.84 39.74 39.68 39.63 39.57 39.51 39.46 39.42 39.40 39.39 39.38 39.40 0.00 0.00 39.56 39.65 39.78 39.91 40.08 40.26 40.46 40.68 40.92 41.18 41.45 41.74 42.03 42.34 42.67 42.99 43.33 43.66 44.02 44.38 44.77 45.17 68.95 69.57 70.19 70.82 71.46 72.07 72.70 73.34 73.96 74.56 75.14 75.68 76.21 76.67 64.18 64.45 64.65 64.81 64.92 64.98 65.00 64.96 64.90
47.69 47.71 47.73 47.76 47.78 47.81 47.84 47.88 47.91 47.95 47.99 48.02 48.03 48.04 48.04 48.03 48.01 47.99 47.97 47.93 47.88 47.82 40.57 40.52 40.47 40.41 40.34 40.28 40.21 40.17 40.15 40.13 40.12 40.13 40.17 40.21 40.28 40.38 40.49 40.64 40.78 40.95 41.14 41.35 41.58 41.82 42.08 42.35 42.62 42.91 43.22 43.53 43.84 44.16 44.50 44.84 45.20 45.58 69.55 70.12 70.71 71.29 71.89 72.48 73.07 73.66 74.25 74.82 75.35 75.86 76.34 76.77 64.22 64.46 64.63 64.76 64.84 64.87 64.85 64.79 64.70
48.73 48.76 48.78 48.79 48.81 48.82 48.85 48.87 48.91 48.95 48.97 48.98 48.98 48.97 48.96 48.94 48.91 48.88 48.85 48.81 48.76 48.71 41.32 41.27 41.21 41.15 41.09 41.02 40.94 40.90 40.87 40.85 40.84 40.85 40.87 40.91 40.98 41.08 41.19 41.32 41.46 41.62 41.79 41.98 42.19 42.42 42.67 42.91 43.16 43.43 43.72 44.01 44.29 44.59 44.90 45.22 45.55 45.90 70.02 70.55 71.08 71.63 72.17 72.73 73.29 73.85 74.40 74.92 75.40 75.88 76.30 63.87 64.12 64.32 64.48 64.57 64.63 64.65 64.60 64.52 64.39
49.75 49.77 49.78 49.79 49.80 49.81 49.83 49.85 49.88 49.91 49.91 49.90 49.89 49.86 49.84 49.81 49.78 49.74 49.70 49.66 49.60 49.54 42.02 41.97 41.91 41.86 41.79 41.73 41.66 41.60 41.56 41.54 41.52 41.53 41.55 41.60 41.65 41.75 41.86 41.98 42.10 42.25 42.41 42.59 42.78 42.98 43.20 43.42 43.66 43.90 44.16 44.42 56.49 56.82 57.15 57.52 57.90 58.28 58.68 59.10 59.50 59.92 60.33 72.85 73.36 73.87 74.38 74.86 62.75 63.09 63.40 63.66 63.89 64.07 64.20 64.28 64.31 64.29 64.23 64.13 63.96
50.72 50.73 50.74 50.75 50.76 50.76 50.77 50.78 50.79 50.80 50.80 50.78 50.75 50.72 50.69 50.65 50.61 50.57 50.52 50.47 50.41 50.34 42.69 42.63 42.57 42.52 42.46 42.39 42.34 42.28 42.23 42.20 42.18 42.18 42.20 42.23 42.30 42.38 42.49 42.60 42.72 42.85 42.99 43.15 43.32 43.50 43.69 43.90 44.09 44.31 44.54 56.60 56.88 57.18 57.49 57.80 58.14 58.49 58.85 59.22 59.60 59.97 60.35 60.72 61.10 61.47 61.85 62.20 62.53 62.83 63.11 63.35 63.54 63.70 63.80 63.85 63.85 63.81 63.74 63.60 63.41
51.64 51.64 51.66 51.66 51.66 51.66 51.66 51.65 51.64 51.64 51.62 51.59 51.56 51.54 51.51 51.47 51.42 51.37 51.32 51.25 51.18 51.10 43.33 43.26 43.19 43.13 43.08 43.02 42.96 42.92 42.87 42.83 42.80 42.79 42.81 42.84 42.89 42.97 43.07 43.17 43.28 43.40 43.53 43.67 43.81 43.96 44.13 44.30 44.48 44.67 56.72 56.96 57.20 57.45 57.72 57.99 58.29 58.59 58.90 59.22 59.56 59.90 60.23 60.57 60.90 61.24 61.57 61.89 62.19 62.45 62.69 62.89 63.06 63.19 63.25 63.27 63.25 63.20 63.10 62.95 62.75
52.52 52.52 52.52 52.52 52.52 52.51 52.50 52.48 52.45 52.43 52.41 52.38 52.36 52.33 52.29 52.25 52.20 52.14 52.08 52.01 51.92 44.02 43.94 43.86 43.78 43.71 43.65 43.60 43.55 43.50 43.46 43.41 43.38 43.37 43.38 43.40 43.45 43.52 43.60 43.69 43.78 43.90 44.01 44.13 44.25 44.37 44.51 44.66 44.81 44.95 57.05 57.24 57.43 57.63 57.85 58.09 58.33 58.58 58.84 59.11 59.40 59.70 60.00 60.29 60.58 60.87 61.17 61.45 61.70 61.94 62.14 62.29 62.43 62.52 62.56 62.56 62.53 62.45 62.34 62.18 61.97
53.36 53.35 53.34 53.34 53.33 53.31 53.29 53.26 53.23 53.20 53.18 53.15 53.13 53.10 53.06 53.01 52.95 52.89 52.82 52.74 44.71 44.62 44.53 44.44 44.35 44.27 44.19 44.13 44.08 44.04 43.99 43.95 43.92 43.90 43.91 43.93 43.98 44.04 44.09 44.16 44.25 44.34 44.44 44.54 44.64 44.73 44.83 44.95 45.06 45.17 57.28 57.42 57.57 57.71 57.89 58.08 58.27 58.47 58.68 58.90 59.14 59.39 59.66 59.90 60.14 60.39 60.64 60.88 61.10 61.29 61.44 61.57 61.68 61.74 61.75 61.73 61.67 61.58 61.45 61.28 61.06
54.14 54.13 54.12 54.11 54.09 54.07 54.04 54.00 53.97 53.94 53.92 53.90 53.87 53.83 53.79 53.74 53.68 53.63 53.55 45.40 45.31 45.21 45.10 45.00 44.90 44.80 44.72 44.64 44.58 44.53 44.49 44.45 44.41 44.39 44.39 44.41 44.45 44.50 44.55 44.60 44.66 44.74 44.82 44.91 44.98 45.04 45.11 45.18 45.26 45.33 57.44 57.53 57.62 57.72 57.84 57.97 58.11 58.26 58.41 58.59 58.78 58.98 59.19 59.40 59.60 59.80 59.99 60.19 60.37 60.51 60.63 60.73 60.80 60.83 60.83 60.77 60.70 60.60 60.45 60.26 60.02
54.88 54.86 54.85 54.83 54.81 54.78 54.75 54.71 54.67 54.64 54.61 54.59 54.57 54.54 54.50 54.46 54.40 54.35 54.26 46.00 45.89 45.79 45.67 45.54 45.43 45.31 45.21 45.11 45.04 44.99 44.95 44.90 44.86 44.84 44.83 44.85 44.88 44.91 44.95 44.99 45.04 45.09 45.16 45.21 45.26 45.29 45.32 45.36 45.40 57.49 57.53 57.56 57.59 57.64 57.69 57.76 57.85 57.94 58.05 58.17 58.31 58.47 58.63 58.79 58.95 59.10 59.25 59.39 59.52 59.63 59.71 59.78 59.82 59.82 59.78 59.70 59.61 59.48 59.32 59.12 58.87
55.55 55.53 55.51 55.48 55.46 55.43 55.39 55.35 55.32 55.28 55.26 55.24 55.22 55.21 55.18 55.14 55.09 55.03 54.95 46.57 46.46 46.34 46.21 46.07 45.93 45.80 45.68 45.56 45.48 45.41 45.37 45.32 45.28 45.24 45.23 45.24 45.25 45.29 45.31 45.34 45.37 45.40 45.43 45.46 45.48 45.49 45.48 45.48 57.56 57.55 57.53 57.50 57.48 57.47 57.46 57.47 57.50 57.53 57.59 57.66 57.75 57.84 57.96 58.07 58.19 58.29 58.39 58.49 58.57 58.63 58.68 58.71 58.73 58.70 58.62 58.52 58.40 58.26 58.08 57.86 57.60
56.16 56.12 56.09 56.08 56.05 56.01 55.97 55.94 55.90 55.87 55.85 55.83 55.83 55.83 55.81 55.77 55.73 55.68 47.21 47.10 46.99 46.87 46.73 46.57 46.41 46.26 46.12 45.99 45.88 45.81 45.75 45.70 45.65 45.61 45.59 45.59 45.59 45.61 45.63 45.64 45.65 45.65 45.65 45.66 45.66 45.63 45.59 45.55 57.60 57.53 57.45 57.37 57.29 57.22 57.16 57.09 57.06 57.04 57.04 57.05 57.09 57.13 57.18 57.25 57.31 57.37 57.43 57.49 57.52 57.55 57.56 57.56 57.53 57.47 57.37 57.25 57.10 56.94 56.73 56.49 56.23
56.66 56.65 56.61 56.59 56.56 56.53 56.49 56.45 56.42 56.39 56.38 56.38 56.38 56.39 56.38 56.35 47.82 47.77 47.69 47.58 47.47 47.35 47.20 47.04 46.87 46.69 46.52 46.37 46.25 46.16 46.10 46.03 45.97 45.93 45.91 45.89 45.89 45.89 45.90 45.90 45.88 45.86 45.83 45.82 45.77 45.72 45.65 45.57 57.57 57.44 57.29 57.15 57.02 56.88 56.76 56.64 56.53 56.46 56.39 56.35 56.35 56.34 56.33 56.33 56.36 56.37 56.39 56.41 56.41 56.39 56.37 56.32 56.26 56.16 56.04 55.89 55.72 55.54 55.31 55.06 54.78
57.10 57.07 57.05 57.02 57.00 56.97 56.92 56.88 56.86 56.85 56.83 56.84 48.29 48.30 48.30 48.28 48.24 48.19 48.12 48.01 47.89 47.76 47.62 47.45 47.27 47.08 46.89 46.72 46.57 46.47 46.39 46.32 46.26 46.22 46.19 46.16 46.15 46.14 46.12 46.10 46.07 46.02 45.97 45.91 45.85 45.76 45.66 57.65 57.47 57.28 57.07 56.87 56.67 56.47 56.29 12.65 12.61 55.80 55.68 55.60 55.53 55.47 55.42 55.38 55.34 55.31 55.28 55.26 55.23 55.17 55.10 55.02 54.90 54.78 54.64 54.47 54.28 54.07 53.83 53.57 53.28
