ASPA-UH-SWB2_REPO/output/post_prcessed_no_MFR/runoff_annual.asc
NCOLS 350
NROWS 200
XLLCENTER 515000.000000
YLLCENTER 8409000.000000
CELLSIZE 100.000000
NODATA_value -999.000000
[rows 72 to 107 of 200, columns 162 to 242 of 350]
53.66 54.26 54.83 55.37 55.89 56.40 56.90 57.39 57.85 58.17 58.34 58.43 58.48 58.50 58.42 58.23 57.94 57.52 57.05 56.48 0.00 0.00 0.00 0.00 0.00 0.00 0.00 0.00 0.00 0.00 0.00 0.00 0.00 0.00 0.00 0.00 0.00 0.00 0.00 0.00 0.00 0.00 0.00 0.00 0.00 0.00 0.00 0.00 0.00 47.51 47.82 48.12 48.44 48.74 49.04 49.33 49.60 46.23 46.46 46.66 46.84 46.99 47.13 47.24 47.31 47.36 47.36 47.35 47.30 43.59 43.47 43.29 43.06 42.78 42.47 42.12 41.72 41.27 40.77 40.22 39.66
54.44 55.03 55.57 56.10 56.61 57.10 57.59 58.09 58.51 58.74 58.80 58.77 58.73 58.70 58.62 58.41 58.09 57.66 57.12 56.48 55.79 55.03 0.00 0.00 0.00 51.70 50.78 49.82 48.93 48.08 47.32 46.69 46.14 0.00 0.00 0.00 0.00 0.00 0.00 0.00 0.00 0.00 0.00 0.00 0.00 0.00 0.00 0.00 0.00 46.78 47.10 47.43 47.76 48.09 48.42 48.71 45.41 45.68 45.93 46.14 46.33 46.49 46.63 46.74 46.82 46.85 46.85 46.81 46.75 46.67 42.93 42.74 42.50 42.20 41.85 41.49 41.09 40.62 40.09 39.54 38.96
55.24 55.79 56.31 56.81 57.31 57.78 58.26 58.73 59.11 59.28 59.23 59.10 59.02 58.97 58.86 58.64 58.30 57.86 57.26 56.57 55.83 55.04 54.19 0.00 52.45 51.52 50.56 49.60 48.62 47.74 46.93 46.23 0.00 0.00 0.00 0.00 0.00 0.00 0.00 0.00 0.00 0.00 0.00 0.00 0.00 0.00 0.00 0.00 0.00 46.03 46.37 46.70 47.06 47.41 47.73 48.05 44.79 45.06 45.31 45.52 45.72 45.90 46.04 46.15 46.22 46.26 46.24 46.20 46.12 46.00 42.30 42.10 41.84 41.52 41.17 40.79 40.37 39.88 39.35 38.80 38.21
56.01 56.54 57.03 57.49 57.96 58.43 58.89 59.34 59.68 59.78 59.65 59.47 59.35 59.27 59.15 58.92 58.56 58.06 57.46 56.74 55.95 55.12 54.22 53.29 52.35 51.40 50.40 49.39 48.36 47.41 46.56 0.00 0.00 0.00 0.00 0.00 0.00 0.00 0.00 0.00 0.00 0.00 0.00 0.00 0.00 0.00 0.00 0.00 0.00 0.00 45.62 45.97 46.32 46.67 47.01 47.32 44.11 44.39 44.63 44.84 45.05 45.23 45.38 45.49 45.56 45.58 45.56 45.49 45.40 45.26 45.09 44.85 41.10 40.78 40.42 40.03 39.59 39.10 38.57 38.00 37.43
56.77 57.26 57.71 58.16 58.59 59.03 59.48 59.92 60.23 60.27 60.10 59.88 59.73 59.63 59.49 59.24 58.86 58.34 57.70 56.96 56.14 55.26 54.32 53.34 52.33 51.32 50.29 49.19 48.13 47.13 46.23 0.00 0.00 0.00 0.00 0.00 0.00 0.00 0.00 0.00 0.00 0.00 0.00 0.00 0.00 0.00 0.00 0.00 0.00 0.00 44.86 45.21 45.57 45.91 46.25 46.57 43.40 43.68 43.91 44.13 44.33 44.50 44.65 44.75 44.81 44.82 44.79 44.72 44.60 44.45 44.25 44.00 43.70 39.98 39.62 39.22 38.77 38.27 37.74 37.19 36.62
57.49 57.95 58.38 58.79 59.19 59.59 60.02 60.47 60.76 60.76 60.57 60.33 60.14 60.03 59.88 59.60 59.20 58.65 57.99 57.22 56.38 55.46 54.47 53.45 52.38 51.32 50.21 49.06 47.95 46.91 45.95 0.00 0.00 0.00 0.00 0.00 0.00 0.00 0.00 0.00 0.00 0.00 0.00 0.00 0.00 0.00 0.00 0.00 0.00 43.73 44.07 44.43 44.79 45.13 45.46 45.78 46.09 42.93 43.17 43.37 43.55 43.73 43.86 43.94 43.99 43.99 43.96 43.88 43.75 43.59 43.38 43.11 42.80 39.14 38.77 38.36 37.91 37.41 0.00 0.00 0.00
58.20 58.63 59.02 59.39 59.75 60.12 60.52 60.94 61.25 61.25 61.04 60.79 60.59 60.44 60.26 59.98 59.56 59.01 58.31 57.51 56.65 55.69 54.67 53.60 52.51 51.37 50.20 49.00 47.82 46.72 45.71 0.00 0.00 0.00 0.00 0.00 0.00 0.00 0.00 0.00 0.00 0.00 0.00 0.00 0.00 0.00 0.00 0.00 0.00 42.93 43.28 43.63 43.98 44.34 44.66 44.96 45.26 42.15 42.39 42.57 42.75 42.90 43.01 43.09 43.12 43.12 43.08 42.99 42.86 42.68 42.45 42.18 41.85 38.26 37.88 37.47 37.01 0.00 0.00 0.00 0.00
58.90 59.30 59.66 59.98 60.28 60.59 60.94 61.32 61.65 61.69 61.49 61.25 61.04 60.85 60.65 60.34 59.92 59.37 58.66 57.83 56.92 55.93 54.88 53.78 52.65 51.47 50.23 48.97 47.72 46.57 45.53 44.59 0.00 0.00 0.00 0.00 0.00 0.00 0.00 0.00 0.00 0.00 0.00 0.00 0.00 0.00 0.00 0.00 0.00 0.00 42.48 42.81 43.16 43.50 43.82 44.11 44.40 41.34 41.55 41.74 41.91 42.04 42.14 42.20 42.22 42.22 42.16 42.06 41.92 41.72 41.49 41.20 40.87 40.49 36.96 36.55 36.09 0.00 0.00 0.00 0.00
59.59 59.95 60.27 60.54 60.78 61.02 61.29 61.63 61.92 62.02 61.91 61.70 61.47 61.25 61.01 60.69 60.26 59.70 58.98 58.16 57.22 56.20 55.11 53.98 52.81 51.59 50.29 48.95 47.66 46.48 45.39 44.40 43.55 0.00 0.00 0.00 0.00 0.00 0.00 0.00 0.00 0.00 0.00 0.00 0.00 0.00 0.00 0.00 0.00 0.00 41.69 42.00 42.33 42.64 42.95 43.25 43.53 40.50 40.71 40.89 41.03 41.15 41.25 41.29 41.30 41.28 41.21 41.10 40.94 40.73 40.48 40.19 39.86 39.47 36.02 35.61 35.16 0.00 0.00 0.00 0.00
60.26 60.58 60.85 61.07 61.26 61.42 61.60 61.84 62.09 62.23 62.24 62.09 61.87 61.62 61.33 61.00 68.73 68.01 59.31 58.48 57.55 56.50 55.38 54.22 53.00 51.70 50.32 48.93 47.61 46.40 45.27 44.27 43.38 42.59 41.91 41.33 0.00 0.00 0.00 0.00 0.00 0.00 0.00 0.00 0.00 0.00 0.00 0.00 0.00 0.00 40.93 41.20 41.49 41.79 42.08 42.36 39.42 39.66 39.85 40.01 40.14 40.26 40.32 40.36 40.36 40.32 40.24 40.12 39.93 39.72 39.46 39.17 38.83 38.45 35.09 34.68 34.24 0.00 0.00 0.00 0.00
60.91 61.19 61.41 61.58 61.71 61.81 61.89 62.01 62.19 62.36 62.42 62.39 62.21 61.93 70.08 69.62 69.05 68.36 67.51 66.51 65.37 64.09 62.71 61.25 59.70 51.79 50.36 48.90 47.57 46.32 45.19 44.15 43.23 42.43 41.71 41.10 40.58 40.16 0.00 0.00 0.00 0.00 0.00 0.00 0.00 0.00 0.00 0.00 0.00 0.00 40.18 40.42 40.68 40.95 41.22 41.47 38.58 38.79 38.96 39.11 39.24 39.33 39.39 39.40 39.40 39.35 39.26 39.12 38.93 38.71 38.45 38.15 37.82 37.45 37.04 33.77 33.36 0.00 0.00 0.00 0.00
61.54 61.77 61.94 62.07 62.15 62.19 62.19 62.20 62.31 62.43 62.55 62.59 71.08 70.76 70.35 69.86 69.30 68.64 67.83 66.87 65.75 64.48 63.07 61.55 59.89 58.16 56.35 54.62 52.99 46.30 45.14 44.07 43.13 42.31 41.57 45.23 44.60 44.09 0.00 0.00 0.00 0.00 0.00 0.00 0.00 0.00 0.00 0.00 0.00 0.00 1833.76 39.68 39.91 40.14 40.37 37.52 37.73 37.92 38.07 38.21 38.32 38.41 38.44 38.45 38.42 38.38 38.27 38.12 37.92 37.70 37.43 37.16 36.83 36.46 36.06 35.66 0.00 0.00 0.00 0.00 0.00
62.15 62.33 62.46 62.54 62.58 62.57 62.55 62.51 62.49 62.58 62.68 71.47 71.29 70.98 70.55 70.05 69.48 68.85 68.09 67.16 66.06 64.79 63.35 61.75 60.05 58.24 56.41 54.67 53.05 51.54 45.11 44.04 43.07 46.74 45.84 45.06 44.39 0.00 0.00 0.00 0.00 0.00 0.00 0.00 0.00 0.00 0.00 0.00 0.00 0.00 0.00 38.97 39.18 39.37 36.54 36.73 36.91 37.06 37.21 37.32 37.41 37.48 37.50 37.48 37.46 37.38 37.28 37.13 36.94 36.70 36.45 36.18 35.87 0.00 35.12 0.00 0.00 0.00 0.00 0.00 0.00
62.77 62.89 62.97 63.01 63.02 62.99 62.95 62.89 62.81 71.83 71.75 71.63 71.43 71.11 70.67 70.16 69.57 68.93 68.20 67.31 66.19 64.89 63.41 61.81 60.07 58.27 56.47 54.76 53.13 51.62 50.19 48.89 47.71 46.68 45.75 44.91 0.00 0.00 0.00 0.00 0.00 0.00 0.00 0.00 0.00 0.00 0.00 0.00 0.00 0.00 0.00 38.28 38.46 38.62 35.81 35.97 36.13 36.26 36.36 36.46 36.53 36.58 36.58 36.56 36.50 36.42 36.31 36.17 0.00 0.00 0.00 0.00 0.00 0.00 0.00 0.00 0.00 0.00 0.00 0.00 0.00
63.35 63.44 63.47 63.48 63.47 63.42 63.35 63.25 72.30 72.12 71.93 71.74 71.48 71.12 70.67 70.11 69.50 68.84 68.08 67.17 66.07 64.77 63.29 61.67 59.97 58.23 56.51 54.81 53.21 51.67 50.23 48.91 47.71 46.62 45.64 0.00 0.00 0.00 0.00 0.00 0.00 0.00 0.00 0.00 0.00 0.00 0.00 0.00 0.00 0.00 0.00 37.61 37.75 34.98 35.10 35.24 35.37 35.48 35.56 35.63 35.69 0.00 0.00 35.67 35.61 0.00 0.00 0.00 0.00 0.00 0.00 0.00 0.00 0.00 0.00 0.00 0.00 0.00 0.00 0.00 0.00
63.87 63.92 63.93 63.91 63.87 63.81 63.71 72.83 72.63 72.38 72.10 71.79 71.44 71.04 70.54 69.93 69.24 68.52 67.72 66.80 65.71 64.43 63.00 61.44 59.80 58.13 56.46 54.82 53.22 51.69 50.24 48.90 0.00 0.00 0.00 0.00 0.00 0.00 0.00 0.00 0.00 0.00 0.00 0.00 0.00 0.00 0.00 0.00 0.00 0.00 36.87 36.97 34.22 34.32 0.00 0.00 34.64 34.73 34.80 34.86 0.00 0.00 0.00 0.00 0.00 0.00 0.00 0.00 0.00 0.00 0.00 0.00 0.00 0.00 0.00 0.00 0.00 0.00 0.00 0.00 0.00
64.31 64.32 64.32 64.28 64.23 64.13 64.01 73.13 72.87 72.57 72.23 71.83 71.39 70.90 70.34 69.68 68.93 68.12 67.27 66.32 65.23 64.01 62.63 61.14 59.59 57.98 56.35 54.75 53.19 51.67 50.21 0.00 0.00 0.00 0.00 0.00 0.00 0.00 0.00 0.00 0.00 0.00 0.00 0.00 0.00 0.00 0.00 0.00 0.00 0.00 36.31 33.55 0.00 0.00 0.00 0.00 0.00 0.00 0.00 0.00 0.00 0.00 0.00 0.00 0.00 0.00 0.00 0.00 0.00 0.00 0.00 0.00 0.00 0.00 0.00 0.00 0.00 0.00 0.00 0.00 0.00
64.66 64.66 64.63 64.59 64.51 64.39 73.58 73.34 73.05 72.70 72.29 71.83 71.31 66.88 66.28 65.61 68.60 67.74 66.82 65.82 64.74 63.55 62.23 60.80 59.31 57.75 56.17 54.62 53.09 51.58 0.00 0.00 0.00 0.00 0.00 0.00 0.00 0.00 0.00 0.00 0.00 0.00 0.00 0.00 0.00 0.00 0.00 0.00 0.00 0.00 0.00 0.00 0.00 0.00 0.00 0.00 0.00 0.00 0.00 0.00 0.00 0.00 0.00 0.00 0.00 0.00 0.00 0.00 0.00 0.00 0.00 0.00 0.00 0.00 0.00 0.00 0.00 0.00 0.00 0.00 0.00
64.71 64.91 64.87 64.80 64.70 73.97 73.74 73.47 73.14 72.74 72.28 71.76 67.31 66.71 66.06 65.33 64.54 63.68 66.38 65.35 64.25 63.07 61.79 60.42 58.97 57.46 55.93 54.41 52.90 51.42 49.98 0.00 0.00 0.00 0.00 0.00 0.00 0.00 0.00 0.00 0.00 0.00 0.00 0.00 0.00 0.00 0.00 0.00 0.00 0.00 0.00 0.00 0.00 0.00 0.00 0.00 0.00 0.00 0.00 0.00 0.00 0.00 0.00 0.00 0.00 0.00 0.00 0.00 0.00 0.00 0.00 0.00 0.00 0.00 0.00 0.00 0.00 0.00 0.00 0.00 0.00
64.88 64.84 65.01 64.93 74.25 74.05 73.81 73.49 73.11 72.67 68.24 67.71 67.13 66.49 65.79 65.03 64.20 63.31 62.35 64.87 63.76 62.59 61.33 60.00 58.58 57.11 55.61 54.13 52.65 51.20 49.79 48.42 47.16 0.00 0.00 0.00 0.00 0.00 0.00 0.00 0.00 0.00 0.00 0.00 0.00 0.00 0.00 0.00 0.00 0.00 0.00 0.00 0.00 0.00 0.00 0.00 0.00 0.00 0.00 0.00 0.00 0.00 0.00 0.00 0.00 0.00 0.00 0.00 0.00 0.00 0.00 0.00 0.00 0.00 0.00 0.00 0.00 0.00 0.00 0.00 0.00
64.96 64.89 64.81 64.71 74.25 74.02 73.74 73.40 72.99 68.55 68.04 67.48 66.87 66.20 65.47 64.67 63.81 62.89 61.90 60.88 59.83 62.06 60.83 59.52 58.15 56.72 55.25 53.80 52.36 50.93 49.53 48.20 46.94 45.79 44.75 0.00 0.00 0.00 0.00 0.00 0.00 0.00 0.00 0.00 0.00 0.00 0.00 0.00 0.00 0.00 0.00 0.00 0.00 0.00 0.00 0.00 0.00 0.00 0.00 0.00 0.00 0.00 0.00 0.00 0.00 0.00 0.00 0.00 0.00 0.00 0.00 0.00 0.00 0.00 0.00 0.00 0.00 0.00 0.00 0.00 0.00
64.93 64.83 64.74 64.61 64.45 64.24 63.97 63.65 68.77 68.27 67.74 67.16 66.51 65.82 65.06 64.24 63.35 62.40 61.39 60.35 59.31 58.22 57.09 55.91 54.66 53.37 52.05 50.71 52.01 50.59 49.22 47.92 46.68 45.53 44.51 43.57 0.00 0.00 0.00 0.00 0.00 0.00 0.00 0.00 0.00 0.00 0.00 0.00 0.00 0.00 0.00 0.00 0.00 0.00 0.00 0.00 0.00 0.00 0.00 0.00 0.00 0.00 0.00 0.00 0.00 0.00 0.00 0.00 0.00 0.00 0.00 0.00 0.00 0.00 0.00 0.00 0.00 0.00 0.00 0.00 0.00
64.79 64.67 64.55 64.42 64.23 64.00 63.71 63.35 62.96 67.90 67.34 66.72 66.05 65.34 64.56 63.72 62.83 61.84 60.82 59.78 58.73 57.65 56.53 55.37 54.16 52.89 51.61 50.29 48.99 47.69 48.86 47.58 46.37 43.08 42.13 41.27 0.00 0.00 0.00 0.00 0.00 0.00 0.00 0.00 0.00 0.00 0.00 0.00 0.00 0.00 0.00 0.00 0.00 0.00 0.00 0.00 0.00 0.00 0.00 0.00 0.00 0.00 0.00 0.00 0.00 0.00 0.00 0.00 0.00 0.00 0.00 0.00 0.00 0.00 0.00 0.00 0.00 0.00 0.00 0.00 0.00
64.56 64.41 64.26 64.11 63.91 63.65 63.33 62.97 62.54 67.43 66.84 66.19 65.51 64.77 63.97 63.12 62.19 61.21 60.17 59.13 58.09 57.03 55.93 54.78 53.58 52.36 51.10 49.83 48.52 47.26 46.04 44.88 43.79 42.77 41.83 40.98 0.00 0.00 0.00 0.00 0.00 0.00 0.00 0.00 0.00 0.00 0.00 0.00 0.00 0.00 0.00 0.00 0.00 0.00 0.00 0.00 0.00 0.00 0.00 0.00 0.00 0.00 0.00 0.00 0.00 0.00 0.00 0.00 0.00 0.00 0.00 0.00 0.00 0.00 0.00 0.00 0.00 0.00 0.00 0.00 0.00
64.22 64.04 63.86 63.68 63.46 63.19 62.86 62.47 62.04 66.84 66.24 65.58 64.87 64.10 63.29 62.41 61.48 60.49 59.46 58.42 57.39 56.35 55.26 54.12 52.97 51.76 50.54 49.27 48.01 46.78 45.60 44.47 43.39 42.41 41.50 0.00 0.00 0.00 0.00 0.00 0.00 0.00 0.00 0.00 0.00 0.00 0.00 0.00 0.00 0.00 0.00 0.00 0.00 0.00 0.00 0.00 0.00 0.00 0.00 0.00 0.00 0.00 0.00 0.00 0.00 0.00 0.00 0.00 0.00 0.00 0.00 0.00 0.00 0.00 0.00 0.00 0.00 0.00 0.00 0.00 0.00
63.76 63.55 63.34 63.13 62.88 62.59 62.24 61.85 61.40 66.13 65.51 64.84 64.11 63.33 62.50 61.62 60.68 59.69 58.67 57.67 56.65 55.60 54.53 53.42 52.28 51.12 49.91 48.68 47.45 46.26 45.11 44.01 42.98 42.02 41.16 0.00 0.00 0.00 0.00 0.00 0.00 0.00 0.00 0.00 0.00 0.00 0.00 0.00 0.00 0.00 0.00 0.00 0.00 0.00 0.00 0.00 0.00 0.00 0.00 0.00 0.00 0.00 0.00 0.00 0.00 0.00 0.00 0.00 0.00 0.00 0.00 0.00 0.00 0.00 0.00 0.00 0.00 0.00 0.00 0.00 0.00
63.19 62.94 62.70 62.46 62.19 61.86 61.51 61.11 60.64 60.13 64.65 63.96 63.23 62.45 61.61 60.72 59.80 58.81 57.84 56.84 55.84 54.82 53.76 52.67 51.55 50.41 49.24 48.04 46.86 0.00 0.00 0.00 42.53 41.63 0.00 0.00 0.00 0.00 0.00 0.00 0.00 0.00 0.00 0.00 0.00 0.00 0.00 0.00 0.00 0.00 0.00 0.00 0.00 0.00 0.00 0.00 0.00 0.00 0.00 0.00 0.00 0.00 0.00 0.00 0.00 0.00 0.00 0.00 0.00 0.00 0.00 0.00 0.00 0.00 0.00 0.00 0.00 0.00 0.00 0.00 0.00
62.50 62.23 61.96 61.68 61.37 61.03 60.65 60.23 59.77 59.25 58.68 58.05 62.24 61.46 60.62 59.74 58.81 57.87 56.92 55.96 54.99 53.98 52.93 51.86 50.78 49.67 48.52 47.36 0.00 0.00 0.00 0.00 0.00 0.00 0.00 0.00 0.00 0.00 0.00 0.00 0.00 0.00 0.00 0.00 0.00 0.00 0.00 0.00 0.00 0.00 0.00 0.00 0.00 0.00 0.00 0.00 0.00 0.00 0.00 0.00 0.00 0.00 0.00 0.00 0.00 0.00 0.00 0.00 0.00 0.00 0.00 0.00 0.00 0.00 0.00 0.00 0.00 0.00 0.00 0.00 0.00
61.70 61.42 61.12 60.80 60.45 60.08 59.68 59.26 58.78 58.27 57.69 57.06 61.17 60.38 59.55 58.68 57.78 56.86 55.94 55.02 54.07 53.08 52.06 51.01 49.94 48.86 0.00 46.64 0.00 0.00 0.00 0.00 0.00 0.00 0.00 0.00 0.00 0.00 0.00 0.00 0.00 0.00 0.00 0.00 0.00 0.00 0.00 0.00 0.00 0.00 0.00 0.00 0.00 0.00 0.00 0.00 0.00 0.00 0.00 0.00 0.00 0.00 0.00 0.00 0.00 0.00 0.00 0.00 0.00 0.00 0.00 0.00 0.00 0.00 0.00 0.00 0.00 0.00 0.00 0.00 0.00
60.79 60.50 60.18 59.83 59.46 59.06 58.64 58.19 57.71 57.19 56.61 55.99 55.33 59.23 58.42 57.57 56.70 55.82 54.93 54.02 53.09 52.13 51.13 50.10 0.00 0.00 0.00 0.00 0.00 0.00 0.00 0.00 0.00 0.00 0.00 0.00 0.00 0.00 0.00 0.00 0.00 0.00 0.00 0.00 0.00 0.00 0.00 0.00 0.00 0.00 0.00 0.00 0.00 0.00 0.00 0.00 0.00 0.00 0.00 0.00 0.00 0.00 0.00 0.00 0.00 0.00 0.00 0.00 0.00 0.00 0.00 0.00 0.00 0.00 0.00 0.00 0.00 0.00 0.00 0.00 0.00
59.76 59.45 59.12 58.77 58.38 57.97 57.53 57.05 56.56 56.04 55.46 54.85 54.21 53.53 57.23 56.41 55.59 54.73 53.86 52.97 52.06 51.13 50.16 0.00 0.00 0.00 0.00 0.00 0.00 0.00 0.00 0.00 0.00 0.00 0.00 0.00 0.00 0.00 0.00 0.00 0.00 0.00 0.00 0.00 0.00 0.00 0.00 0.00 0.00 0.00 0.00 0.00 0.00 0.00 0.00 0.00 0.00 0.00 0.00 0.00 0.00 0.00 0.00 0.00 0.00 0.00 0.00 0.00 0.00 0.00 0.00 0.00 0.00 0.00 0.00 0.00 0.00 0.00 0.00 0.00 0.00
58.59 58.28 57.95 57.61 57.21 56.79 56.34 55.87 55.36 54.84 54.27 53.67 53.05 52.40 56.01 55.23 54.43 53.60 52.76 51.88 51.00 50.09 49.15 0.00 0.00 0.00 0.00 0.00 0.00 0.00 0.00 0.00 0.00 0.00 0.00 0.00 0.00 0.00 0.00 0.00 0.00 0.00 0.00 0.00 0.00 0.00 0.00 0.00 0.00 0.00 0.00 0.00 0.00 0.00 0.00 0.00 0.00 0.00 0.00 0.00 0.00 0.00 0.00 0.00 0.00 0.00 0.00 0.00 0.00 0.00 0.00 0.00 0.00 0.00 0.00 0.00 0.00 0.00 0.00 0.00 0.00
57.31 57.00 56.69 56.33 55.94 55.52 55.07 54.60 54.11 53.58 53.02 52.44 51.84 51.22 50.56 54.00 53.22 52.43 51.61 50.76 49.90 49.03 0.00 0.00 0.00 0.00 0.00 0.00 0.00 0.00 0.00 0.00 0.00 0.00 0.00 0.00 0.00 0.00 0.00 0.00 0.00 0.00 0.00 0.00 0.00 0.00 0.00 0.00 0.00 0.00 0.00 0.00 0.00 0.00 0.00 0.00 0.00 0.00 0.00 0.00 0.00 0.00 0.00 0.00 0.00 0.00 0.00 0.00 0.00 0.00 0.00 0.00 0.00 0.00 0.00 0.00 0.00 0.00 0.00 0.00 0.00
55.94 55.63 55.31 54.95 54.57 54.15 53.72 53.26 52.77 52.27 51.72 51.16 50.59 49.98 49.35 52.70 51.96 51.20 50.41 49.60 48.77 0.00 0.00 0.00 0.00 0.00 0.00 0.00 0.00 0.00 0.00 0.00 0.00 0.00 0.00 0.00 0.00 0.00 0.00 0.00 0.00 0.00 0.00 0.00 0.00 0.00 0.00 0.00 0.00 0.00 0.00 0.00 0.00 0.00 0.00 0.00 0.00 0.00 0.00 0.00 0.00 0.00 0.00 0.00 0.00 0.00 0.00 0.00 0.00 0.00 0.00 0.00 0.00 0.00 0.00 0.00 0.00 0.00 0.00 0.00 0.00
54.49 54.18 53.84 53.49 53.10 52.70 52.29 51.84 51.38 50.89 50.37 49.82 49.27 48.70 48.09 51.36 50.65 49.92 0.00 0.00 0.00 0.00 0.00 0.00 0.00 0.00 0.00 0.00 0.00 0.00 0.00 0.00 0.00 0.00 0.00 0.00 0.00 0.00 0.00 0.00 0.00 0.00 0.00 0.00 0.00 0.00 0.00 0.00 0.00 0.00 0.00 0.00 0.00 0.00 0.00 0.00 0.00 0.00 0.00 0.00 0.00 0.00 0.00 0.00 0.00 0.00 0.00 0.00 0.00 0.00 0.00 0.00 0.00 0.00 0.00 0.00 0.00 0.00 0.00 0.00 0.00
52.99 52.66 52.32 51.95 51.58 51.20 50.80 50.39 49.95 49.47 48.97 48.46 47.93 47.38 46.81 50.01 49.34 0.00 0.00 0.00 0.00 0.00 0.00 0.00 0.00 0.00 0.00 0.00 0.00 0.00 0.00 0.00 0.00 0.00 0.00 0.00 0.00 0.00 0.00 0.00 0.00 0.00 0.00 0.00 0.00 0.00 0.00 0.00 0.00 0.00 0.00 0.00 0.00 0.00 0.00 0.00 0.00 0.00 0.00 0.00 0.00 0.00 0.00 0.00 0.00 0.00 0.00 0.00 0.00 0.00 0.00 0.00 0.00 0.00 0.00 0.00 0.00 0.00 0.00 0.00 0.00
