ASPA-UH-SWB2_REPO/output/post_prcessed_no_MFR/runoff_annual.asc
NCOLS 350
NROWS 200
XLLCENTER 515000.000000
YLLCENTER 8409000.000000
CELLSIZE 100.000000
NODATA_value -999.000000
[rows 36 to 71 of 200, columns 162 to 242 of 350]
0.00 0.00 0.00 0.00 0.00 0.00 0.00 0.00 0.00 0.00 0.00 0.00 0.00 0.00 0.00 0.00 0.00 0.00 0.00 0.00 0.00 0.00 0.00 0.00 0.00 0.00 0.00 0.00 0.00 0.00 0.00 0.00 0.00 0.00 0.00 0.00 42.37 42.29 40.62 40.50 40.35 40.20 0.00 0.00 0.00 0.00 0.00 0.00 0.00 0.00 0.00 0.00 0.00 0.00 0.00 0.00 0.00 0.00 0.00 0.00 0.00 0.00 0.00 0.00 0.00 0.00 0.00 0.00 0.00 0.00 0.00 0.00 0.00 0.00 0.00 0.00 0.00 0.00 0.00 0.00 0.00
0.00 0.00 0.00 0.00 0.00 0.00 0.00 0.00 0.00 0.00 0.00 0.00 0.00 0.00 0.00 0.00 0.00 0.00 0.00 0.00 0.00 0.00 0.00 0.00 0.00 0.00 0.00 0.00 0.00 0.00 0.00 0.00 0.00 0.00 0.00 43.58 43.51 41.77 41.67 41.55 41.40 41.22 0.00 0.00 0.00 0.00 0.00 0.00 0.00 0.00 0.00 0.00 0.00 0.00 0.00 0.00 0.00 0.00 0.00 0.00 0.00 0.00 0.00 0.00 0.00 0.00 0.00 0.00 0.00 0.00 0.00 0.00 0.00 0.00 0.00 0.00 0.00 0.00 0.00 0.00 0.00
0.00 0.00 0.00 0.00 0.00 0.00 0.00 0.00 0.00 0.00 0.00 0.00 0.00 0.00 0.00 0.00 0.00 0.00 0.00 0.00 0.00 0.00 0.00 0.00 0.00 0.00 0.00 0.00 0.00 0.00 44.83 0.00 0.00 0.00 44.85 44.79 43.01 42.91 42.79 42.65 42.49 0.00 0.00 0.00 0.00 0.00 0.00 0.00 0.00 0.00 0.00 0.00 0.00 0.00 0.00 0.00 0.00 0.00 0.00 0.00 0.00 0.00 0.00 0.00 0.00 0.00 0.00 0.00 0.00 0.00 0.00 0.00 0.00 0.00 0.00 0.00 0.00 0.00 0.00 0.00 0.00
0.00 0.00 0.00 0.00 0.00 0.00 0.00 0.00 0.00 0.00 0.00 0.00 0.00 0.00 0.00 0.00 0.00 0.00 0.00 0.00 0.00 0.00 0.00 0.00 0.00 0.00 0.00 0.00 0.00 0.00 46.09 46.14 46.16 46.16 46.12 44.30 44.21 44.11 43.98 43.82 0.00 0.00 0.00 0.00 0.00 0.00 0.00 0.00 0.00 0.00 0.00 0.00 0.00 0.00 0.00 0.00 0.00 0.00 0.00 0.00 0.00 0.00 0.00 0.00 0.00 0.00 0.00 0.00 0.00 0.00 0.00 0.00 0.00 0.00 0.00 0.00 0.00 0.00 0.00 0.00 0.00
0.00 0.00 0.00 0.00 0.00 0.00 0.00 0.00 0.00 0.00 0.00 0.00 0.00 0.00 0.00 0.00 0.00 0.00 0.00 0.00 0.00 0.00 0.00 0.00 0.00 0.00 0.00 0.00 0.00 0.00 47.40 47.45 47.47 47.46 47.43 45.57 45.46 45.33 45.20 0.00 0.00 0.00 0.00 0.00 0.00 0.00 0.00 0.00 0.00 0.00 0.00 0.00 0.00 40.79 0.00 0.00 0.00 0.00 0.00 0.00 0.00 0.00 0.00 0.00 0.00 0.00 0.00 0.00 0.00 0.00 0.00 0.00 0.00 0.00 0.00 0.00 0.00 0.00 0.00 0.00 0.00
0.00 0.00 0.00 0.00 0.00 0.00 0.00 0.00 0.00 0.00 0.00 0.00 0.00 0.00 0.00 0.00 0.00 0.00 0.00 0.00 0.00 0.00 0.00 0.00 47.79 48.04 48.24 0.00 0.00 48.67 48.74 48.78 48.81 48.78 46.86 46.80 46.70 46.56 46.43 0.00 0.00 0.00 0.00 0.00 0.00 0.00 0.00 44.10 43.74 0.00 0.00 42.62 42.21 41.78 0.00 0.00 0.00 0.00 0.00 0.00 0.00 0.00 0.00 0.00 0.00 0.00 0.00 0.00 0.00 0.00 0.00 0.00 0.00 0.00 0.00 0.00 37.09 0.00 0.00 0.00 0.00
0.00 0.00 0.00 0.00 0.00 0.00 0.00 0.00 0.00 0.00 0.00 0.00 0.00 0.00 0.00 0.00 0.00 0.00 0.00 0.00 0.00 0.00 48.51 48.84 49.13 49.37 49.58 49.75 49.89 50.00 50.08 50.12 48.18 48.16 48.11 48.02 47.93 47.80 0.00 0.00 0.00 0.00 0.00 0.00 0.00 0.00 45.58 45.23 44.85 44.46 44.06 43.66 43.23 42.79 0.00 0.00 0.00 0.00 0.00 0.00 0.00 0.00 0.00 0.00 0.00 0.00 0.00 0.00 0.00 0.00 0.00 0.00 0.00 0.00 0.00 0.00 37.95 0.00 0.00 0.00 0.00
0.00 0.00 0.00 0.00 0.00 0.00 0.00 0.00 0.00 0.00 0.00 0.00 0.00 0.00 0.00 0.00 0.00 0.00 0.00 0.00 0.00 0.00 49.83 50.17 50.47 50.71 50.93 51.10 51.24 51.34 51.42 51.45 49.45 49.42 49.36 49.28 49.17 49.03 0.00 0.00 0.00 0.00 0.00 0.00 0.00 47.06 46.71 46.34 45.95 45.54 45.12 44.68 44.24 43.79 43.34 0.00 0.00 0.00 0.00 0.00 0.00 40.43 42.12 0.00 0.00 0.00 0.00 0.00 0.00 0.00 0.00 39.80 0.00 0.00 0.00 0.00 38.84 33.17 0.00 0.00 32.61
0.00 0.00 0.00 0.00 0.00 0.00 0.00 0.00 0.00 0.00 0.00 0.00 0.00 0.00 0.00 0.00 0.00 0.00 0.00 0.00 0.00 0.00 0.00 51.49 51.80 52.05 52.27 52.44 52.57 52.67 50.68 50.71 50.71 50.67 50.60 50.52 50.39 50.26 0.00 0.00 0.00 0.00 0.00 0.00 48.53 48.18 47.83 47.44 47.02 46.59 46.16 45.70 45.22 44.76 44.29 0.00 0.00 0.00 0.00 0.00 0.00 41.33 43.05 0.00 0.00 0.00 0.00 0.00 0.00 0.00 40.97 40.76 40.55 0.00 0.00 0.00 39.77 33.99 33.81 33.62 33.43
0.00 0.00 0.00 0.00 0.00 0.00 0.00 0.00 0.00 0.00 0.00 0.00 0.00 0.00 0.00 0.00 0.00 0.00 50.72 0.00 0.00 0.00 0.00 0.00 53.10 53.37 53.59 53.76 53.88 51.85 51.91 51.94 51.92 51.87 51.80 51.70 51.58 51.43 51.25 51.04 50.80 50.54 50.27 49.98 49.63 49.29 48.92 48.52 48.08 47.63 47.18 46.70 46.21 45.71 45.23 0.00 0.00 0.00 43.40 42.99 42.58 44.32 0.00 0.00 0.00 0.00 0.00 0.00 0.00 0.00 41.94 41.75 41.56 0.00 0.00 0.00 40.76 40.56 34.66 34.48 34.28
0.00 0.00 0.00 0.00 0.00 0.00 0.00 0.00 0.00 0.00 0.00 0.00 0.00 0.00 0.00 0.00 0.00 0.00 51.98 52.50 0.00 0.00 0.00 0.00 54.40 54.65 54.87 55.02 52.99 53.05 53.10 53.11 53.07 53.01 52.92 52.82 52.70 52.56 52.37 52.17 51.93 51.67 51.38 51.07 50.72 50.36 49.98 49.56 49.12 48.65 48.17 47.68 47.18 46.67 46.16 0.00 0.00 0.00 44.28 43.85 45.62 45.22 0.00 0.00 0.00 0.00 0.00 0.00 0.00 0.00 0.00 42.75 0.00 0.00 0.00 0.00 41.79 41.58 41.36 35.37 35.16
0.00 0.00 0.00 0.00 0.00 0.00 0.00 0.00 0.00 0.00 0.00 0.00 0.00 0.00 0.00 0.00 0.00 52.65 53.22 53.75 54.23 0.00 0.00 0.00 55.65 55.88 56.08 54.05 54.13 54.19 54.22 54.22 54.17 54.09 53.99 53.89 53.77 53.62 53.44 53.23 52.99 52.73 52.44 52.11 51.76 51.39 51.00 50.58 50.11 49.62 49.13 48.62 48.11 47.58 47.08 46.57 46.08 45.59 45.13 46.93 46.52 0.00 0.00 0.00 0.00 0.00 0.00 0.00 0.00 0.00 0.00 43.74 43.57 0.00 0.00 43.05 42.84 42.62 42.40 36.28 36.07
0.00 0.00 0.00 0.00 0.00 0.00 0.00 0.00 0.00 0.00 0.00 0.00 0.00 51.25 51.95 52.61 53.24 53.85 54.44 54.95 55.45 55.88 56.25 0.00 56.82 57.04 57.22 57.35 55.19 55.23 55.25 55.24 55.19 55.10 55.01 54.91 54.78 54.63 54.43 54.21 53.98 53.72 53.42 53.09 52.74 52.36 51.95 51.52 51.05 50.54 50.04 49.53 48.98 48.47 47.94 47.44 46.92 46.44 45.99 47.84 47.46 47.10 0.00 0.00 0.00 0.00 0.00 0.00 0.00 0.00 0.00 44.72 44.57 44.42 44.26 44.09 43.89 43.67 37.41 37.22 37.01
0.00 0.00 0.00 0.00 0.00 0.00 0.00 0.00 0.00 0.00 50.09 50.84 51.61 52.35 53.06 53.75 54.39 55.03 55.60 56.12 56.60 57.01 57.37 57.66 57.89 58.09 58.24 58.36 56.13 56.16 56.17 56.15 56.09 56.01 55.91 55.81 55.69 55.53 55.33 55.12 54.90 54.63 54.34 54.01 53.64 53.26 52.83 52.38 51.91 51.41 50.90 50.36 49.83 49.29 48.78 48.25 47.75 47.28 46.86 48.79 48.43 0.00 0.00 0.00 0.00 0.00 0.00 0.00 0.00 0.00 45.89 45.73 45.56 45.43 45.29 45.12 44.92 38.52 38.34 38.16 37.93
0.00 0.00 0.00 0.00 0.00 0.00 0.00 0.00 0.00 0.00 51.11 51.90 52.66 53.41 54.14 54.83 55.50 56.12 56.71 57.21 57.68 58.08 58.40 58.67 58.88 59.03 59.15 59.23 56.95 56.97 56.96 56.92 56.85 56.77 56.67 56.58 56.46 56.31 56.11 55.91 55.69 55.44 55.14 54.82 54.46 54.07 53.64 53.19 52.72 52.23 51.70 51.17 50.63 50.09 49.55 49.04 48.55 48.13 47.76 49.77 49.45 0.00 0.00 0.00 0.00 0.00 0.00 0.00 0.00 47.10 46.90 46.73 46.58 46.44 46.30 46.14 39.62 39.45 39.28 39.07 38.84
0.00 0.00 0.00 0.00 0.00 0.00 0.00 0.00 0.00 51.29 52.10 52.90 53.68 54.45 55.19 55.88 56.54 57.18 57.75 58.24 58.66 59.03 59.33 59.56 59.74 59.85 59.93 59.96 57.63 57.63 57.59 57.54 57.46 57.38 57.29 57.21 57.10 56.95 56.77 56.57 56.37 56.12 55.83 55.51 55.17 54.77 54.36 53.92 53.44 52.95 52.44 51.91 51.38 50.83 50.31 49.80 49.35 48.97 51.05 50.74 50.44 0.00 0.00 0.00 0.00 49.04 48.79 48.56 48.34 48.14 47.94 47.76 47.60 47.44 47.31 40.70 40.55 40.39 40.19 39.99 39.74
0.00 0.00 0.00 0.00 0.00 0.00 0.00 0.00 0.00 52.22 53.04 53.86 54.65 55.44 56.19 56.89 57.54 58.16 58.71 59.17 59.55 59.87 60.13 60.32 60.45 60.52 60.54 60.54 58.15 58.12 58.08 58.01 57.92 57.85 57.77 57.70 57.59 57.46 57.29 57.11 56.91 56.68 56.40 56.08 55.76 55.38 54.97 54.54 54.08 53.59 53.07 52.56 52.04 51.52 50.99 50.53 50.14 49.81 51.95 51.67 51.39 0.00 0.00 0.00 0.00 50.07 49.83 49.60 49.38 49.19 48.99 48.78 48.60 48.44 48.33 41.60 41.46 41.29 41.11 40.87 40.63
0.00 0.00 0.00 0.00 0.00 0.00 0.00 0.00 52.27 53.10 53.94 54.76 55.57 56.36 57.11 57.81 58.47 59.07 59.59 60.00 60.35 60.61 60.81 60.93 61.00 61.02 61.02 61.00 58.55 58.50 58.44 58.35 58.26 58.18 58.10 58.02 57.94 57.82 57.68 57.53 57.34 57.12 56.84 56.56 56.23 55.89 55.49 55.06 54.61 54.13 53.63 53.13 52.62 52.11 51.63 51.21 50.87 53.08 52.82 52.56 52.30 52.04 0.00 0.00 51.31 51.08 50.84 50.61 50.40 50.20 50.01 49.80 49.60 49.43 42.58 42.47 42.34 42.17 41.98 41.74 41.49
0.00 0.00 0.00 0.00 0.00 0.00 0.00 0.00 53.10 53.95 54.79 55.62 56.43 57.20 57.96 58.68 59.31 59.89 60.38 60.76 61.05 61.25 61.36 61.41 61.44 61.45 61.43 61.38 58.91 58.83 58.74 58.63 58.51 58.40 58.30 58.20 58.12 58.04 57.93 57.81 57.65 57.44 57.18 56.91 56.61 56.28 55.91 55.51 55.06 54.60 54.12 53.62 53.13 52.64 52.19 51.83 54.07 53.83 53.61 53.38 53.15 52.92 52.69 52.47 52.25 52.02 51.81 51.59 51.38 51.19 51.01 50.80 50.58 50.40 43.42 43.32 43.19 43.02 42.82 42.58 42.34
0.00 0.00 0.00 0.00 0.00 0.00 0.00 53.05 53.90 54.75 55.60 56.42 57.22 58.00 58.76 59.46 60.07 60.61 61.06 61.40 61.64 61.77 61.81 61.82 61.84 61.84 61.82 61.75 61.68 59.13 59.00 58.86 58.70 58.53 58.39 58.27 58.18 58.11 58.05 57.95 57.81 57.63 57.40 57.16 56.88 56.56 56.21 55.84 55.43 54.98 54.53 54.05 53.58 53.11 52.69 54.93 54.70 54.50 54.30 54.12 53.92 53.72 53.52 53.32 53.12 52.93 52.73 52.52 52.33 52.16 51.96 51.75 51.53 44.37 44.25 44.14 44.01 43.83 43.63 43.41 43.13
0.00 48.76 49.61 0.00 0.00 0.00 0.00 53.81 54.66 55.50 56.33 57.16 57.96 58.74 59.48 60.14 60.72 61.21 61.60 61.90 62.08 62.17 62.20 62.21 62.21 62.20 62.17 62.09 61.95 59.35 59.19 59.01 58.81 58.60 58.40 58.24 58.14 58.07 58.03 57.96 57.85 57.70 57.50 57.28 57.03 56.74 56.43 56.08 55.70 55.29 54.86 54.41 53.97 53.52 53.13 55.43 55.25 55.08 54.92 54.77 54.60 54.45 54.29 54.11 53.94 53.78 53.59 53.41 53.23 53.06 52.86 52.64 45.33 45.16 45.04 44.93 44.79 44.62 44.40 44.17 43.90
48.69 49.53 50.36 0.00 0.00 0.00 53.67 54.52 55.37 56.20 57.00 57.82 58.62 59.39 60.09 60.70 61.22 61.65 61.98 62.23 62.37 62.46 62.51 62.54 62.55 62.52 62.42 62.28 62.11 61.92 59.26 59.04 58.81 58.57 58.33 58.14 58.00 57.93 57.88 57.83 57.75 57.64 57.49 57.30 57.07 56.82 56.53 56.22 55.88 55.50 52.40 52.01 54.28 53.86 56.13 55.87 55.71 55.59 55.46 55.32 55.21 55.09 54.97 54.83 54.69 54.54 54.38 54.23 54.05 53.87 53.69 53.46 46.06 45.89 45.77 45.66 45.52 45.34 45.13 44.88 44.59
49.45 50.26 51.07 51.88 52.70 53.52 54.34 55.18 56.03 56.83 57.63 58.42 59.19 59.92 60.58 61.13 61.57 61.95 62.23 62.41 62.53 62.62 62.69 62.75 62.77 62.70 62.53 62.35 62.14 56.52 56.28 56.03 55.78 55.52 55.26 55.05 54.88 57.67 57.61 57.58 57.53 57.45 57.35 57.20 57.02 56.79 56.54 53.51 53.21 52.89 52.55 52.21 51.84 51.48 51.18 56.22 56.08 55.99 55.91 55.82 55.73 55.65 55.56 55.47 55.35 55.23 55.10 54.95 54.80 54.63 54.43 46.91 46.73 46.58 46.46 46.35 46.20 46.00 45.78 45.52 45.23
50.15 50.95 51.75 52.55 53.35 54.17 54.99 55.83 56.63 57.42 58.22 58.97 59.68 60.36 60.95 61.44 61.82 62.14 62.36 62.48 62.56 62.64 62.74 62.80 62.79 62.69 62.52 56.90 56.66 56.39 56.11 55.83 55.56 55.29 55.02 54.77 54.58 54.45 54.39 54.38 54.38 54.34 57.08 56.99 56.84 53.89 53.69 53.46 53.20 52.92 52.63 52.33 52.01 51.69 51.41 56.48 56.37 56.30 56.26 56.21 56.16 56.12 56.07 56.00 55.91 55.82 55.72 55.59 55.45 55.28 55.11 54.90 47.34 47.21 47.09 46.96 46.81 46.62 46.37 46.10 45.77
50.83 51.61 52.40 53.19 53.99 54.79 55.59 56.40 57.20 58.00 58.73 59.42 60.09 60.69 61.21 61.67 62.01 62.24 62.39 62.45 62.50 57.19 57.26 62.68 62.65 57.17 56.98 56.74 56.45 56.16 55.84 55.53 55.24 54.95 54.68 54.41 54.19 54.03 53.96 53.95 53.97 53.98 53.96 53.90 53.83 53.69 53.52 53.34 53.14 52.90 52.65 52.39 52.12 51.85 51.59 51.40 51.30 56.54 56.52 56.52 56.53 56.52 56.48 56.44 56.40 56.32 56.24 56.14 56.01 55.85 55.68 55.50 47.89 47.76 47.64 47.52 47.35 47.14 46.90 46.59 46.24
51.46 52.24 53.01 53.78 54.57 55.36 51.39 52.10 52.82 53.50 54.14 54.74 55.29 55.78 56.22 56.56 56.83 57.01 57.05 57.04 57.03 57.06 57.09 57.10 57.04 56.93 56.73 56.47 56.15 55.81 55.46 55.12 54.81 54.51 54.24 53.96 53.71 53.53 53.44 53.45 53.49 53.53 53.55 53.54 53.48 53.40 53.30 53.15 52.98 52.81 52.61 52.40 52.18 51.95 51.73 51.55 51.45 51.41 51.41 56.76 56.80 56.82 56.82 56.81 56.77 56.73 56.67 56.59 56.47 56.34 56.17 56.03 48.38 48.25 48.13 47.99 47.81 47.58 47.31 47.01 46.61
52.06 52.84 53.60 54.35 55.11 51.13 51.84 52.54 53.22 53.87 54.49 55.05 55.56 56.01 56.40 56.70 56.93 57.05 57.06 56.99 56.93 56.90 56.88 56.83 56.74 56.60 56.39 56.09 55.73 55.36 54.98 54.62 54.28 53.98 53.67 53.39 53.14 52.94 52.84 52.86 52.93 52.99 53.05 53.07 53.07 53.03 52.95 52.87 52.76 52.64 52.50 52.32 52.15 51.98 51.82 51.67 51.56 51.51 51.53 51.58 56.97 57.03 57.06 57.07 57.06 57.04 57.00 56.93 56.83 56.71 56.59 56.47 48.78 48.67 48.54 48.37 48.17 47.93 47.63 47.29 46.89
52.65 53.41 54.14 50.21 50.88 51.57 52.26 52.94 53.61 54.23 54.82 55.34 55.82 56.24 56.58 56.85 57.03 57.10 57.05 56.94 56.83 56.74 56.64 56.54 56.40 56.21 55.95 55.61 55.23 54.84 54.43 54.04 53.68 53.34 53.03 52.74 52.49 52.29 52.20 52.22 52.30 52.39 52.46 52.51 52.55 52.56 52.53 52.50 52.46 52.39 52.30 52.20 52.08 51.96 51.83 51.73 51.64 51.59 51.59 51.65 51.73 57.12 57.18 57.22 57.25 57.26 57.23 57.18 57.09 57.00 56.92 56.83 56.73 48.99 48.85 48.67 48.45 48.17 47.86 47.48 46.69
53.20 53.93 49.99 50.63 51.29 51.97 52.65 53.33 53.97 54.58 55.13 55.63 56.10 56.49 56.79 57.01 57.15 57.18 57.09 56.91 56.73 56.57 56.41 56.23 56.02 55.75 55.44 55.07 54.67 54.25 53.82 0.00 0.00 0.00 0.00 0.00 0.00 0.00 51.51 51.55 51.64 51.74 51.83 51.91 51.96 52.01 52.04 52.06 52.07 52.06 52.03 51.99 51.94 51.86 51.79 51.73 51.68 51.65 51.65 51.69 51.76 57.16 57.23 57.31 57.35 57.38 57.39 57.35 57.30 57.25 57.18 57.11 57.01 56.88 49.07 48.88 48.63 48.33 47.98 47.22 46.75
53.72 49.77 50.40 51.03 51.68 52.34 53.00 53.67 54.30 54.90 55.44 55.93 56.38 56.75 57.03 57.23 57.31 57.31 57.15 56.90 56.64 56.39 56.15 55.89 55.60 55.26 54.87 54.46 54.02 0.00 0.00 0.00 0.00 0.00 0.00 0.00 0.00 0.00 0.00 0.00 0.00 51.05 51.16 51.25 51.35 51.42 0.00 51.55 51.61 51.66 51.70 51.71 51.71 51.71 51.68 51.68 51.67 51.67 51.69 51.72 51.79 57.19 57.26 57.34 57.41 57.46 57.49 57.49 57.46 57.43 57.38 57.31 57.20 57.05 56.86 56.62 48.71 48.38 47.64 47.21 46.73
54.22 50.21 50.82 51.43 52.05 52.70 53.35 53.98 54.61 55.21 55.75 56.25 56.69 57.05 57.32 57.49 57.54 57.47 57.27 56.94 56.59 56.23 55.87 55.52 55.14 54.71 54.24 53.78 0.00 0.00 0.00 0.00 0.00 0.00 0.00 0.00 0.00 0.00 0.00 0.00 0.00 0.00 0.00 0.00 0.00 0.00 0.00 0.00 51.10 51.20 51.29 51.37 51.43 51.48 51.52 51.56 51.61 51.64 51.69 51.74 51.80 57.22 57.30 57.38 57.47 57.54 57.57 57.58 57.58 57.55 57.51 57.43 57.30 57.11 56.89 56.63 48.32 47.97 47.55 47.09 46.58
50.08 50.70 51.31 51.92 52.52 53.12 53.73 54.34 54.94 55.54 56.10 56.60 0.00 0.00 0.00 0.00 0.00 0.00 0.00 57.01 56.56 56.09 55.61 55.15 54.66 54.14 53.60 0.00 0.00 0.00 0.00 0.00 0.00 0.00 0.00 0.00 0.00 0.00 0.00 0.00 0.00 0.00 0.00 0.00 0.00 0.00 0.00 0.00 0.00 50.69 50.83 50.97 51.09 51.18 51.28 51.37 51.46 51.54 51.61 51.69 51.79 57.22 57.31 57.40 57.49 57.56 57.60 57.61 57.61 57.58 57.53 57.44 44.58 57.08 56.81 56.51 48.19 47.81 47.37 46.86 46.32
50.68 51.32 51.93 52.52 53.10 53.67 54.23 54.80 55.35 55.91 56.48 57.00 0.00 0.00 0.00 0.00 0.00 0.00 0.00 0.00 0.00 0.00 0.00 0.00 0.00 0.00 0.00 0.00 0.00 0.00 0.00 0.00 0.00 0.00 0.00 0.00 0.00 0.00 0.00 0.00 0.00 0.00 0.00 0.00 0.00 0.00 0.00 0.00 0.00 0.00 50.32 50.50 50.68 50.82 50.97 51.11 51.24 51.35 51.46 51.57 51.70 57.13 57.24 57.34 57.43 57.50 57.55 57.57 57.55 57.51 57.44 44.60 44.47 44.28 44.04 43.77 47.95 47.55 47.08 46.55 45.98
51.38 52.01 52.62 53.20 53.77 54.31 54.84 55.36 55.86 56.38 56.91 57.37 0.00 0.00 0.00 0.00 0.00 0.00 0.00 0.00 0.00 0.00 0.00 0.00 0.00 0.00 0.00 0.00 0.00 0.00 0.00 0.00 0.00 0.00 0.00 0.00 0.00 0.00 0.00 0.00 0.00 0.00 0.00 0.00 0.00 0.00 0.00 0.00 0.00 0.00 49.76 49.98 50.20 50.39 50.58 50.77 50.94 51.09 51.24 47.71 47.84 47.97 57.07 57.19 57.28 57.35 57.40 57.42 57.39 57.33 44.52 44.41 44.25 44.04 43.79 43.50 47.61 47.18 46.68 46.14 45.55
52.13 52.75 53.34 53.92 54.47 55.00 55.51 56.00 56.47 56.95 57.37 57.73 58.03 58.19 58.19 0.00 0.00 0.00 0.00 0.00 0.00 0.00 0.00 0.00 0.00 0.00 0.00 0.00 0.00 0.00 0.00 0.00 0.00 0.00 0.00 0.00 0.00 0.00 0.00 0.00 0.00 0.00 0.00 0.00 0.00 0.00 0.00 0.00 0.00 0.00 49.15 49.41 49.66 49.90 50.13 50.36 50.57 47.11 47.28 47.44 47.59 47.74 47.84 47.95 48.03 48.09 48.13 57.14 57.12 57.04 44.26 44.11 43.94 43.71 43.44 43.13 42.78 42.37 46.19 45.62 45.01
52.88 53.50 54.09 54.64 55.17 55.70 56.20 56.69 57.17 57.55 57.85 58.09 58.25 58.33 58.28 58.12 57.85 0.00 0.00 0.00 0.00 0.00 0.00 0.00 0.00 0.00 0.00 0.00 0.00 0.00 0.00 0.00 0.00 0.00 0.00 0.00 0.00 0.00 0.00 0.00 0.00 0.00 0.00 0.00 0.00 0.00 0.00 0.00 0.00 0.00 48.50 48.79 49.07 49.34 49.62 49.88 50.13 46.71 46.91 47.09 47.26 47.41 47.53 47.63 47.72 47.77 47.79 47.79 47.76 44.02 43.91 43.75 43.54 43.29 43.00 42.67 42.29 41.86 41.37 45.00 44.38
