ASPA-UH-Flopy_REPO/Models/SWI_experiment2/Flo_py_wrkspace/Figures/GW_Head.asc
NCOLS 200
NROWS 100
XLLCENTER 515244
YLLCENTER 8410178
CELLSIZE 167.0
NODATA_value -999.0
[rows 17 to 33 of 100, columns 111 to 147 of 200]
1.180349159240722656e+01 1.212051773071289062e+01 1.237863826751708984e+01 1.260180377960205078e+01 1.274692726135253906e+01 1.284747028350830078e+01 1.289783859252929688e+01 1.295752048492431641e+01 1.298427677154541016e+01 1.295164012908935547e+01 1.293569660186767578e+01 1.284304046630859375e+01 1.271333980560302734e+01 1.257161331176757812e+01 1.239057826995849609e+01 1.207954978942871094e+01 1.153394222259521484e+01 1.069581413269042969e+01 9.397058486938476562e+00 6.886984825134277344e+00 1.000000014901161194e-01 1.000000014901161194e-01 5.074838161468505859e+00 6.448900699615478516e+00 7.996505260467529297e+00 9.015163421630859375e+00 9.829704284667968750e+00 1.020985603332519531e+01 1.031498718261718750e+01 1.030241775512695312e+01 1.012143993377685547e+01 9.628066062927246094e+00 8.705356597900390625e+00 7.113579750061035156e+00 4.453163623809814453e+00 1.000000014901161194e-01 1.000000014901161194e-01
1.213913631439208984e+01 1.235901069641113281e+01 1.257009029388427734e+01 1.277126693725585938e+01 1.290763092041015625e+01 1.304395198822021484e+01 1.312526893615722656e+01 1.320773410797119141e+01 1.326211738586425781e+01 1.330348777770996094e+01 1.333240985870361328e+01 1.328512763977050781e+01 1.324165439605712891e+01 1.318052005767822266e+01 1.309401226043701172e+01 1.291082096099853516e+01 1.253752326965332031e+01 1.193114280700683594e+01 1.106705188751220703e+01 9.672483444213867188e+00 7.918173789978027344e+00 7.809954643249511719e+00 8.821866035461425781e+00 9.668967247009277344e+00 1.040443038940429688e+01 1.103446102142333984e+01 1.150853824615478516e+01 1.167801570892333984e+01 1.173504257202148438e+01 1.167200088500976562e+01 1.145070648193359375e+01 1.095576381683349609e+01 1.016150760650634766e+01 9.070369720458984375e+00 7.632520675659179688e+00 5.789104938507080078e+00 4.916574954986572266e+00
1.220847225189208984e+01 1.235221672058105469e+01 1.250708007812500000e+01 1.266027355194091797e+01 1.278532028198242188e+01 1.292368030548095703e+01 1.306456184387207031e+01 1.318333625793457031e+01 1.324770927429199219e+01 1.335508346557617188e+01 1.341451930999755859e+01 1.347785186767578125e+01 1.354189109802246094e+01 1.358861827850341797e+01 1.360670375823974609e+01 1.354510211944580078e+01 1.336407947540283203e+01 1.302237987518310547e+01 1.256448268890380859e+01 1.190932655334472656e+01 1.127505111694335938e+01 1.118684291839599609e+01 1.146197223663330078e+01 1.182327175140380859e+01 1.221564006805419922e+01 1.257453346252441406e+01 1.282361125946044922e+01 1.290326118469238281e+01 1.291610145568847656e+01 1.280231285095214844e+01 1.253366374969482422e+01 1.202194881439208984e+01 1.133250999450683594e+01 1.046454524993896484e+01 9.464723587036132812e+00 8.422696113586425781e+00 7.644111156463623047e+00
1.200850677490234375e+01 1.208999061584472656e+01 1.219207382202148438e+01 1.229997444152832031e+01 1.240926933288574219e+01 1.254090023040771484e+01 1.268147277832031250e+01 1.283139896392822266e+01 1.294734382629394531e+01 1.312207412719726562e+01 1.326521205902099609e+01 1.344597816467285156e+01 1.363788700103759766e+01 1.379564094543457031e+01 1.395170116424560547e+01 1.398837661743164062e+01 1.397691059112548828e+01 1.390443706512451172e+01 1.376499557495117188e+01 1.354923915863037109e+01 1.331449508666992188e+01 1.325382614135742188e+01 1.328642654418945312e+01 1.339359951019287109e+01 1.355772590637207031e+01 1.373668861389160156e+01 1.385783481597900391e+01 1.390387248992919922e+01 1.386620616912841797e+01 1.368998813629150391e+01 1.332947254180908203e+01 1.281592464447021484e+01 1.219505214691162109e+01 1.147534561157226562e+01 1.065836715698242188e+01 9.860599517822265625e+00 9.132961273193359375e+00
1.156138324737548828e+01 1.157941055297851562e+01 1.163614273071289062e+01 1.168626785278320312e+01 1.176783180236816406e+01 1.187175273895263672e+01 1.202145290374755859e+01 1.221422481536865234e+01 1.236546707153320312e+01 1.259883022308349609e+01 1.286403369903564453e+01 1.319182205200195312e+01 1.349792194366455078e+01 1.380134487152099609e+01 1.406987094879150391e+01 1.426711845397949219e+01 1.442603492736816406e+01 1.454743194580078125e+01 1.461723041534423828e+01 1.463719844818115234e+01 1.459738922119140625e+01 1.457200622558593750e+01 1.456214237213134766e+01 1.457827568054199219e+01 1.461579990386962891e+01 1.466972923278808594e+01 1.470303916931152344e+01 1.469862747192382812e+01 1.458964347839355469e+01 1.435453319549560547e+01 1.394124889373779297e+01 1.343909168243408203e+01 1.279103565216064453e+01 1.212030220031738281e+01 1.142491722106933594e+01 1.069891548156738281e+01 9.936551094055175781e+00
1.084068012237548828e+01 1.072725677490234375e+01 1.067575359344482422e+01 1.067606735229492188e+01 1.073496913909912109e+01 1.084549999237060547e+01 1.102595710754394531e+01 1.126630306243896484e+01 1.150051689147949219e+01 1.178641605377197266e+01 1.216586017608642578e+01 1.262275409698486328e+01 1.311817932128906250e+01 1.360624885559082031e+01 1.404609489440917969e+01 1.440116405487060547e+01 1.469693660736083984e+01 1.495160865783691406e+01 1.515089035034179688e+01 1.529279804229736328e+01 1.542026329040527344e+01 1.548029232025146484e+01 1.546074199676513672e+01 1.546366214752197266e+01 1.541935348510742188e+01 1.538330268859863281e+01 1.533037948608398438e+01 1.524480056762695312e+01 1.507831668853759766e+01 1.479387855529785156e+01 1.434148597717285156e+01 1.381119823455810547e+01 1.318715572357177734e+01 1.252550697326660156e+01 1.186770248413085938e+01 1.112262153625488281e+01 1.036549663543701172e+01
9.641242027282714844e+00 9.217258453369140625e+00 8.986165046691894531e+00 8.909060478210449219e+00 8.953566551208496094e+00 9.112485885620117188e+00 9.401128768920898438e+00 9.856661796569824219e+00 1.025997447967529297e+01 1.063001632690429688e+01 1.109198379516601562e+01 1.166324043273925781e+01 1.237915897369384766e+01 1.312704658508300781e+01 1.380239200592041016e+01 1.435888957977294922e+01 1.480428981781005859e+01 1.516225814819335938e+01 1.545307445526123047e+01 1.566967391967773438e+01 1.584522151947021484e+01 1.596293830871582031e+01 1.600823020935058594e+01 1.600989723205566406e+01 1.592545986175537109e+01 1.583823776245117188e+01 1.573523712158203125e+01 1.557236671447753906e+01 1.534456443786621094e+01 1.501612663269042969e+01 1.454430484771728516e+01 1.399911117553710938e+01 1.337846279144287109e+01 1.271386241912841797e+01 1.202471637725830078e+01 1.129678535461425781e+01 1.051559543609619141e+01
7.646889209747314453e+00 6.422160625457763672e+00 5.977540493011474609e+00 5.824409008026123047e+00 5.859825134277343750e+00 6.036257266998291016e+00 6.464759349822998047e+00 7.599059581756591797e+00 8.324813842773437500e+00 8.823208808898925781e+00 9.340043067932128906e+00 1.005801486968994141e+01 1.112397193908691406e+01 1.227138233184814453e+01 1.328384304046630859e+01 1.409995651245117188e+01 1.472389507293701172e+01 1.519820022583007812e+01 1.555859565734863281e+01 1.584286308288574219e+01 1.606070327758789062e+01 1.620426940917968750e+01 1.628463172912597656e+01 1.628238105773925781e+01 1.620360374450683594e+01 1.608561134338378906e+01 1.593407154083251953e+01 1.571366119384765625e+01 1.543455886840820312e+01 1.506579685211181641e+01 1.458105373382568359e+01 1.402977561950683594e+01 1.340536212921142578e+01 1.273110485076904297e+01 1.200728988647460938e+01 1.122940254211425781e+01 1.039608287811279297e+01
4.404770374298095703e+00 1.000000014901161194e-01 1.000000014901161194e-01 1.000000014901161194e-01 1.000000014901161194e-01 1.000000014901161194e-01 1.000000014901161194e-01 4.078053474426269531e+00 5.218719482421875000e+00 5.752181053161621094e+00 6.222963333129882812e+00 7.109389781951904297e+00 9.074898719787597656e+00 1.098650360107421875e+01 1.249725532531738281e+01 1.362109470367431641e+01 1.444909000396728516e+01 1.505356407165527344e+01 1.549266529083251953e+01 1.580615520477294922e+01 1.606863594055175781e+01 1.626474189758300781e+01 1.637644195556640625e+01 1.639741516113281250e+01 1.630415916442871094e+01 1.614836692810058594e+01 1.594106864929199219e+01 1.567878437042236328e+01 1.535645103454589844e+01 1.495980072021484375e+01 1.447473144531250000e+01 1.390659332275390625e+01 1.325842952728271484e+01 1.256381130218505859e+01 1.179821681976318359e+01 1.095217037200927734e+01 1.001442909240722656e+01
1.000000014901161194e-01 1.000000014901161194e-01 1.000000014901161194e-01 1.000000014901161194e-01 1.000000014901161194e-01 1.000000014901161194e-01 1.000000014901161194e-01 1.000000014901161194e-01 1.000000014901161194e-01 1.000000014901161194e-01 1.000000014901161194e-01 1.000000014901161194e-01 5.572103500366210938e+00 9.217190742492675781e+00 1.147381496429443359e+01 1.298540210723876953e+01 1.403338623046875000e+01 1.475916957855224609e+01 1.527739429473876953e+01 1.564413166046142578e+01 1.594328498840332031e+01 1.617273902893066406e+01 1.631507873535156250e+01 1.636899948120117188e+01 1.623497390747070312e+01 1.604729270935058594e+01 1.579867172241210938e+01 1.548976230621337891e+01 1.512504959106445312e+01 1.469409656524658203e+01 1.418903827667236328e+01 1.360303306579589844e+01 1.292592906951904297e+01 1.219013309478759766e+01 1.136847591400146484e+01 1.043455314636230469e+01 9.349659919738769531e+00
1.000000014901161194e-01 1.000000014901161194e-01 1.000000014901161194e-01 1.000000014901161194e-01 1.000000014901161194e-01 1.000000014901161194e-01 1.000000014901161194e-01 1.000000014901161194e-01 1.000000014901161194e-01 1.000000014901161194e-01 1.000000014901161194e-01 1.000000014901161194e-01 1.000000014901161194e-01 7.392519950866699219e+00 1.049178791046142578e+01 1.230946922302246094e+01 1.352645683288574219e+01 1.436995601654052734e+01 1.496739196777343750e+01 1.538989734649658203e+01 1.572084522247314453e+01 1.596036243438720703e+01 1.608333206176757812e+01 1.612765884399414062e+01 1.599595928192138672e+01 1.579624843597412109e+01 1.551054859161376953e+01 1.515505313873291016e+01 1.473268508911132812e+01 1.424476814270019531e+01 1.369928932189941406e+01 1.309568309783935547e+01 1.238012123107910156e+01 1.160083866119384766e+01 1.069537734985351562e+01 9.650216102600097656e+00 8.397020339965820312e+00
1.000000014901161194e-01 1.000000014901161194e-01 1.000000014901161194e-01 1.000000014901161194e-01 1.000000014901161194e-01 1.000000014901161194e-01 1.000000014901161194e-01 1.000000014901161194e-01 1.000000014901161194e-01 1.000000014901161194e-01 1.000000014901161194e-01 1.000000014901161194e-01 1.000000014901161194e-01 6.586484909057617188e+00 9.784858703613281250e+00 1.171899414062500000e+01 1.301985931396484375e+01 1.392319297790527344e+01 1.458974075317382812e+01 1.506709957122802734e+01 1.539780616760253906e+01 1.561573696136474609e+01 1.573310279846191406e+01 1.573104572296142578e+01 1.560780811309814453e+01 1.538759136199951172e+01 1.507602310180664062e+01 1.467461299896240234e+01 1.416490173339843750e+01 1.358193111419677734e+01 1.295098209381103516e+01 1.228302001953125000e+01 1.158230018615722656e+01 1.075799655914306641e+01 9.773371696472167969e+00 8.609007835388183594e+00 7.153510570526123047e+00
1.000000014901161194e-01 1.000000014901161194e-01 1.000000014901161194e-01 1.000000014901161194e-01 1.000000014901161194e-01 1.000000014901161194e-01 1.000000014901161194e-01 1.000000014901161194e-01 1.000000014901161194e-01 1.000000014901161194e-01 1.000000014901161194e-01 1.000000014901161194e-01 1.000000014901161194e-01 6.215790748596191406e+00 9.215851783752441406e+00 1.117566776275634766e+01 1.249553489685058594e+01 1.344670486450195312e+01 1.415734958648681641e+01 1.467084407806396484e+01 1.501144599914550781e+01 1.521026039123535156e+01 1.528616905212402344e+01 1.523455047607421875e+01 1.507092380523681641e+01 1.480776500701904297e+01 1.443783187866210938e+01 1.396365737915039062e+01 1.338474369049072266e+01 1.269277763366699219e+01 1.197842502593994141e+01 1.124150657653808594e+01 1.049393653869628906e+01 9.623644828796386719e+00 8.592958450317382812e+00 7.261281490325927734e+00 5.506465911865234375e+00
2.626206874847412109e+00 1.608381748199462891e+00 3.674704134464263916e-01 1.000000014901161194e-01 1.000000014901161194e-01 1.000000014901161194e-01 1.000000014901161194e-01 1.000000014901161194e-01 1.000000014901161194e-01 1.000000014901161194e-01 1.000000014901161194e-01 1.000000014901161194e-01 2.118930578231811523e+00 6.112250804901123047e+00 8.765217781066894531e+00 1.060002231597900391e+01 1.188063716888427734e+01 1.284978580474853516e+01 1.361055183410644531e+01 1.415675830841064453e+01 1.449759197235107422e+01 1.467409229278564453e+01 1.470182228088378906e+01 1.459700202941894531e+01 1.437477684020996094e+01 1.405129241943359375e+01 1.363430500030517578e+01 1.305792140960693359e+01 1.234559535980224609e+01 1.152292537689208984e+01 1.069291019439697266e+01 9.862904548645019531e+00 9.059622764587402344e+00 8.160313606262207031e+00 7.082355022430419922e+00 5.554671287536621094e+00 3.170840263366699219e+00
4.557895183563232422e+00 2.732261180877685547e+00 1.000000014901161194e-01 1.000000014901161194e-01 1.000000014901161194e-01 1.000000014901161194e-01 1.000000014901161194e-01 1.000000014901161194e-01 1.000000014901161194e-01 1.000000014901161194e-01 1.000000014901161194e-01 1.000000014901161194e-01 1.000000014901161194e-01 5.527272701263427734e+00 8.209760665893554688e+00 9.976187705993652344e+00 1.120773792266845703e+01 1.215880966186523438e+01 1.293483734130859375e+01 1.350239467620849609e+01 1.384113121032714844e+01 1.397795009613037109e+01 1.395276165008544922e+01 1.379361820220947266e+01 1.351892852783203125e+01 1.310663890838623047e+01 1.254589080810546875e+01 1.182970714569091797e+01 1.088398647308349609e+01 9.771340370178222656e+00 8.795623779296875000e+00 7.956771373748779297e+00 7.205885410308837891e+00 6.325863361358642578e+00 5.210050106048583984e+00 3.440860748291015625e+00 1.000000014901161194e-01
5.835419654846191406e+00 3.461181163787841797e+00 1.000000014901161194e-01 1.000000014901161194e-01 1.000000014901161194e-01 1.000000014901161194e-01 1.000000014901161194e-01 1.000000014901161194e-01 1.000000014901161194e-01 1.000000014901161194e-01 1.000000014901161194e-01 1.000000014901161194e-01 1.000000014901161194e-01 4.974780559539794922e+00 7.605354785919189453e+00 9.287794113159179688e+00 1.048686790466308594e+01 1.140185356140136719e+01 1.214043331146240234e+01 1.268898487091064453e+01 1.302576923370361328e+01 1.312353801727294922e+01 1.304965019226074219e+01 1.285756683349609375e+01 1.250400352478027344e+01 1.197380638122558594e+01 1.124590969085693359e+01 1.030406188964843750e+01 8.904528617858886719e+00 6.875128746032714844e+00 5.710472583770751953e+00 5.083641052246093750e+00 4.766557693481445312e+00 3.901349544525146484e+00 2.995620250701904297e+00 1.757690072059631348e+00 1.000000014901161194e-01
6.925296306610107422e+00 4.225307464599609375e+00 1.000000014901161194e-01 1.000000014901161194e-01 1.000000014901161194e-01 1.000000014901161194e-01 1.000000014901161194e-01 1.000000014901161194e-01 1.000000014901161194e-01 1.000000014901161194e-01 1.000000014901161194e-01 1.000000014901161194e-01 1.676456689834594727e+00 4.725494861602783203e+00 6.946650981903076172e+00 8.519243240356445312e+00 9.662528991699218750e+00 1.053456020355224609e+01 1.122313690185546875e+01 1.172057247161865234e+01 1.201675415039062500e+01 1.207934951782226562e+01 1.195139789581298828e+01 1.169696712493896484e+01 1.127912425994873047e+01 1.065220451354980469e+01 9.793164253234863281e+00 8.544787406921386719e+00 6.261298656463623047e+00 1.000000014901161194e-01 1.000000014901161194e-01 1.000000014901161194e-01 1.633053302764892578e+00 1.000000014901161194e-01 1.000000014901161194e-01 1.000000014901161194e-01 1.000000014901161194e-01
