ASPA-UH-Flopy_REPO/Models/SWI_experiment2/Flo_py_wrkspace/Figures/GW_Head.asc
NCOLS 200
NROWS 100
XLLCENTER 515244
YLLCENTER 8410178
CELLSIZE 167.0
NODATA_value -999.0
[rows 34 to 50 of 100, columns 74 to 110 of 200]
1.000000014901161194e-01 1.000000014901161194e-01 1.000000014901161194e-01 1.000000014901161194e-01 1.000000014901161194e-01 1.000000014901161194e-01 1.000000014901161194e-01 2.085926532745361328e+00 1.000000014901161194e-01 1.000000014901161194e-01 1.000000014901161194e-01 1.000000014901161194e-01 1.000000014901161194e-01 5.537657737731933594e+00 1.017288398742675781e+01 1.333304214477539062e+01 1.554540443420410156e+01 1.723926353454589844e+01 1.845245933532714844e+01 1.940052223205566406e+01 2.013073158264160156e+01 2.061323165893554688e+01 2.088649559020996094e+01 2.094215202331542969e+01 2.078857040405273438e+01 2.045541954040527344e+01 1.997057342529296875e+01 1.935251426696777344e+01 1.865543746948242188e+01 1.789974403381347656e+01 1.705694770812988281e+01 1.609291839599609375e+01 1.503581333160400391e+01 1.385038089752197266e+01 1.262370491027832031e+01 1.130287551879882812e+01 9.764086723327636719e+00
1.000000014901161194e-01 1.000000014901161194e-01 1.000000014901161194e-01 1.000000014901161194e-01 1.000000014901161194e-01 1.000000014901161194e-01 4.505678176879882812e+00 5.372522354125976562e+00 4.887805938720703125e+00 3.756581068038940430e+00 1.000000014901161194e-01 1.000000014901161194e-01 1.000000014901161194e-01 1.000000014901161194e-01 9.760476112365722656e+00 1.375987720489501953e+01 1.617940330505371094e+01 1.787139129638671875e+01 1.907857704162597656e+01 1.997533226013183594e+01 2.063043212890625000e+01 2.106912994384765625e+01 2.132147979736328125e+01 2.135407447814941406e+01 2.121757125854492188e+01 2.092442703247070312e+01 2.049944496154785156e+01 1.992459487915039062e+01 1.927928352355957031e+01 1.857065773010253906e+01 1.773939132690429688e+01 1.679976081848144531e+01 1.577947521209716797e+01 1.462129116058349609e+01 1.339118099212646484e+01 1.202127361297607422e+01 1.045658397674560547e+01
1.000000014901161194e-01 1.000000014901161194e-01 1.000000014901161194e-01 1.000000014901161194e-01 4.573821067810058594e+00 6.194407939910888672e+00 7.541618824005126953e+00 8.001671791076660156e+00 7.796454429626464844e+00 6.811791419982910156e+00 4.437211513519287109e+00 1.000000014901161194e-01 1.000000014901161194e-01 1.000000014901161194e-01 1.063074874877929688e+01 1.465695190429687500e+01 1.696947288513183594e+01 1.854378890991210938e+01 1.966591453552246094e+01 2.045894050598144531e+01 2.103019142150878906e+01 2.141480445861816406e+01 2.161513519287109375e+01 2.162892723083496094e+01 2.148948287963867188e+01 2.122060585021972656e+01 2.082067298889160156e+01 2.029532051086425781e+01 1.969164466857910156e+01 1.899759101867675781e+01 1.818149185180664062e+01 1.725701713562011719e+01 1.623638725280761719e+01 1.508959579467773438e+01 1.382784748077392578e+01 1.240475654602050781e+01 1.080415916442871094e+01
1.000000014901161194e-01 1.000000014901161194e-01 1.000000014901161194e-01 5.252457141876220703e+00 7.776667118072509766e+00 9.090913772583007812e+00 9.872534751892089844e+00 1.018977832794189453e+01 1.011573410034179688e+01 9.368673324584960938e+00 7.301937103271484375e+00 1.000000014901161194e-01 1.000000014901161194e-01 8.456654548645019531e+00 1.311450481414794922e+01 1.594705581665039062e+01 1.783669662475585938e+01 1.918339538574218750e+01 2.013824844360351562e+01 2.081803703308105469e+01 2.130574417114257812e+01 2.163401222229003906e+01 2.179264068603515625e+01 2.178165054321289062e+01 2.162762641906738281e+01 2.137785148620605469e+01 2.098677825927734375e+01 2.050289535522460938e+01 1.993228340148925781e+01 1.926065254211425781e+01 1.846715354919433594e+01 1.755234146118164062e+01 1.652629661560058594e+01 1.537347030639648438e+01 1.407816505432128906e+01 1.257799339294433594e+01 1.087600803375244141e+01
1.000000014901161194e-01 1.000000014901161194e-01 5.189661979675292969e+00 8.301703453063964844e+00 1.015983676910400391e+01 1.124823284149169922e+01 1.184458827972412109e+01 1.213584423065185547e+01 1.222455501556396484e+01 1.196545791625976562e+01 1.121849632263183594e+01 1.004599952697753906e+01 1.065682601928710938e+01 1.309961318969726562e+01 1.539922237396240234e+01 1.724615287780761719e+01 1.866911315917968750e+01 1.974772644042968750e+01 2.052820777893066406e+01 2.108595275878906250e+01 2.149001312255859375e+01 2.174684524536132812e+01 2.185381317138671875e+01 2.180991363525390625e+01 2.163785743713378906e+01 2.137098121643066406e+01 2.100398635864257812e+01 2.054092216491699219e+01 2.000482559204101562e+01 1.935587692260742188e+01 1.858247756958007812e+01 1.767785453796386719e+01 1.666318130493164062e+01 1.547616291046142578e+01 1.413353633880615234e+01 1.256171321868896484e+01 1.070521450042724609e+01
1.000000014901161194e-01 1.000000014901161194e-01 7.821199417114257812e+00 1.063990306854248047e+01 1.216466712951660156e+01 1.306104564666748047e+01 1.359831237792968750e+01 1.398312187194824219e+01 1.420852851867675781e+01 1.426075649261474609e+01 1.418452167510986328e+01 1.412171077728271484e+01 1.472218894958496094e+01 1.589903545379638672e+01 1.719868278503417969e+01 1.838633918762207031e+01 1.938971328735351562e+01 2.020249748229980469e+01 2.082050895690917969e+01 2.124817657470703125e+01 2.155500793457031250e+01 2.174222564697265625e+01 2.180222320556640625e+01 2.171652984619140625e+01 2.152163887023925781e+01 2.124135780334472656e+01 2.086575698852539062e+01 2.039798355102539062e+01 1.986461830139160156e+01 1.923395538330078125e+01 1.849778366088867188e+01 1.760612487792968750e+01 1.660878181457519531e+01 1.541170501708984375e+01 1.402778530120849609e+01 1.235705852508544922e+01 1.032013607025146484e+01
6.350130558013916016e+00 8.420904159545898438e+00 1.106793308258056641e+01 1.277741622924804688e+01 1.390421104431152344e+01 1.465000915527343750e+01 1.520153236389160156e+01 1.565918445587158203e+01 1.594032096862792969e+01 1.613300704956054688e+01 1.630254173278808594e+01 1.652232933044433594e+01 1.697433090209960938e+01 1.772731208801269531e+01 1.849279785156250000e+01 1.924690246582031250e+01 1.993297958374023438e+01 2.049827384948730469e+01 2.095235633850097656e+01 2.128033256530761719e+01 2.150432395935058594e+01 2.162859344482421875e+01 2.165167999267578125e+01 2.150247001647949219e+01 2.126868438720703125e+01 2.096253395080566406e+01 2.059752655029296875e+01 2.012858009338378906e+01 1.959005737304687500e+01 1.895238494873046875e+01 1.820524787902832031e+01 1.732900619506835938e+01 1.632846832275390625e+01 1.512544536590576172e+01 1.374588966369628906e+01 1.202356529235839844e+01 9.858485221862792969e+00
1.070516204833984375e+01 1.215984821319580078e+01 1.355410671234130859e+01 1.465256023406982422e+01 1.545321273803710938e+01 1.605468368530273438e+01 1.657751083374023438e+01 1.707423210144042969e+01 1.731431007385253906e+01 1.754714775085449219e+01 1.775344276428222656e+01 1.802075576782226562e+01 1.836166763305664062e+01 1.882523345947265625e+01 1.930276298522949219e+01 1.979240798950195312e+01 2.022821998596191406e+01 2.062111473083496094e+01 2.094466018676757812e+01 2.118069267272949219e+01 2.132885932922363281e+01 2.138059806823730469e+01 2.132118415832519531e+01 2.115174865722656250e+01 2.087934303283691406e+01 2.058136749267578125e+01 2.019619941711425781e+01 1.972935867309570312e+01 1.918207931518554688e+01 1.853127861022949219e+01 1.775773429870605469e+01 1.686130332946777344e+01 1.582638931274414062e+01 1.461240100860595703e+01 1.322542381286621094e+01 1.155651473999023438e+01 9.581032752990722656e+00
1.354524517059326172e+01 1.450705051422119141e+01 1.543199443817138672e+01 1.619610977172851562e+01 1.678672790527343750e+01 1.724615287780761719e+01 1.764265632629394531e+01 1.800339698791503906e+01 1.829851341247558594e+01 1.854741668701171875e+01 1.874165153503417969e+01 1.896150016784667969e+01 1.919282722473144531e+01 1.946101570129394531e+01 1.973884391784667969e+01 2.003360366821289062e+01 2.032199287414550781e+01 2.058468055725097656e+01 2.079857063293457031e+01 2.094348144531250000e+01 2.101000976562500000e+01 2.098773574829101562e+01 2.087418937683105469e+01 2.066186332702636719e+01 2.038188362121582031e+01 2.005602836608886719e+01 1.966619110107421875e+01 1.919271278381347656e+01 1.862436676025390625e+01 1.795083808898925781e+01 1.716344261169433594e+01 1.624270629882812500e+01 1.515984153747558594e+01 1.393564987182617188e+01 1.252752017974853516e+01 1.094827842712402344e+01 9.125203132629394531e+00
1.549165630340576172e+01 1.614120864868164062e+01 1.679248809814453125e+01 1.734667015075683594e+01 1.781139373779296875e+01 1.815626907348632812e+01 1.845344161987304688e+01 1.873744201660156250e+01 1.901268959045410156e+01 1.920089530944824219e+01 1.936042022705078125e+01 1.950865173339843750e+01 1.963581085205078125e+01 1.976715087890625000e+01 1.990607261657714844e+01 2.006524848937988281e+01 2.022114562988281250e+01 2.035857200622558594e+01 2.047057151794433594e+01 2.052573966979980469e+01 2.051926422119140625e+01 2.044280815124511719e+01 2.028791046142578125e+01 2.005654907226562500e+01 1.975320816040039062e+01 1.940546226501464844e+01 1.900323677062988281e+01 1.851604080200195312e+01 1.792801475524902344e+01 1.723047256469726562e+01 1.641073036193847656e+01 1.544273376464843750e+01 1.431598281860351562e+01 1.303244209289550781e+01 1.160969448089599609e+01 1.007805442810058594e+01 8.356101036071777344e+00
1.680944061279296875e+01 1.729573822021484375e+01 1.774220466613769531e+01 1.813379287719726562e+01 1.847386169433593750e+01 1.876566696166992188e+01 1.900284957885742188e+01 1.921775054931640625e+01 1.942038917541503906e+01 1.958408737182617188e+01 1.968015670776367188e+01 1.975696372985839844e+01 1.979200172424316406e+01 1.981896972656250000e+01 1.985133552551269531e+01 1.988729095458984375e+01 1.991704559326171875e+01 1.992406654357910156e+01 1.993776130676269531e+01 1.989178657531738281e+01 1.981693840026855469e+01 1.969554710388183594e+01 1.950713157653808594e+01 1.926707077026367188e+01 1.894087791442871094e+01 1.858429908752441406e+01 1.817143630981445312e+01 1.767122459411621094e+01 1.706717681884765625e+01 1.634072494506835938e+01 1.547065925598144531e+01 1.443424415588378906e+01 1.323001003265380859e+01 1.184697818756103516e+01 1.035433769226074219e+01 8.865417480468750000e+00 7.147084236145019531e+00
1.776233100891113281e+01 1.809499359130859375e+01 1.839075851440429688e+01 1.865842819213867188e+01 1.891154861450195312e+01 1.913827896118164062e+01 1.932827949523925781e+01 1.949591064453125000e+01 1.963890075683593750e+01 1.974068832397460938e+01 1.977484321594238281e+01 1.977750778198242188e+01 1.973194694519042969e+01 1.966014671325683594e+01 1.958564567565917969e+01 1.950020408630371094e+01 1.939454650878906250e+01 1.926938438415527344e+01 1.914560699462890625e+01 1.901793479919433594e+01 1.886112213134765625e+01 1.869906234741210938e+01 1.847606658935546875e+01 1.823723411560058594e+01 1.792086791992187500e+01 1.757685470581054688e+01 1.715552330017089844e+01 1.664613151550292969e+01 1.600487709045410156e+01 1.524413681030273438e+01 1.429432487487792969e+01 1.319487857818603516e+01 1.188944721221923828e+01 1.031630229949951172e+01 8.569844245910644531e+00 6.995244503021240234e+00 5.223762512207031250e+00
1.842759323120117188e+01 1.863502120971679688e+01 1.882017135620117188e+01 1.900181388854980469e+01 1.917116737365722656e+01 1.932210540771484375e+01 1.945335769653320312e+01 1.957308197021484375e+01 1.966337013244628906e+01 1.970916557312011719e+01 1.967988014221191406e+01 1.958822631835937500e+01 1.945582962036132812e+01 1.929128837585449219e+01 1.911262130737304688e+01 1.890925979614257812e+01 1.866439819335937500e+01 1.839356994628906250e+01 1.811064529418945312e+01 1.784937286376953125e+01 1.760838699340820312e+01 1.741880035400390625e+01 1.718782615661621094e+01 1.696646118164062500e+01 1.668697166442871094e+01 1.635354995727539062e+01 1.593956279754638672e+01 1.541472244262695312e+01 1.474457359313964844e+01 1.392612838745117188e+01 1.290869426727294922e+01 1.170458889007568359e+01 1.023334026336669922e+01 8.264370918273925781e+00 5.757676601409912109e+00 4.239970207214355469e+00 2.599971294403076172e+00
1.885059356689453125e+01 1.896021080017089844e+01 1.905777931213378906e+01 1.914884185791015625e+01 1.920459747314453125e+01 1.927417945861816406e+01 1.935084915161132812e+01 1.943387031555175781e+01 1.948192787170410156e+01 1.950032615661621094e+01 1.941142463684082031e+01 1.921776199340820312e+01 1.899331855773925781e+01 1.872810745239257812e+01 1.843301200866699219e+01 1.809441947937011719e+01 1.770728111267089844e+01 1.727592468261718750e+01 1.680251884460449219e+01 1.634654617309570312e+01 1.599447631835937500e+01 1.582669353485107422e+01 1.564848995208740234e+01 1.542692661285400391e+01 1.521351242065429688e+01 1.490799045562744141e+01 1.451899528503417969e+01 1.400380134582519531e+01 1.330030727386474609e+01 1.242138481140136719e+01 1.132530021667480469e+01 9.971940994262695312e+00 8.269810676574707031e+00 5.587311744689941406e+00 1.000000014901161194e-01 1.000000014901161194e-01 1.000000014901161194e-01
1.904424095153808594e+01 1.907470130920410156e+01 1.909710884094238281e+01 1.909443855285644531e+01 1.903627395629882812e+01 1.905362701416015625e+01 1.909872627258300781e+01 1.918141174316406250e+01 1.919250679016113281e+01 1.913954734802246094e+01 1.893609237670898438e+01 1.864946174621582031e+01 1.832534599304199219e+01 1.796312522888183594e+01 1.754666519165039062e+01 1.705711174011230469e+01 1.651673698425292969e+01 1.586910343170166016e+01 1.513066387176513672e+01 1.436399078369140625e+01 1.373307418823242188e+01 1.371422481536865234e+01 1.370176887512207031e+01 1.361394023895263672e+01 1.347825527191162109e+01 1.325354766845703125e+01 1.289701366424560547e+01 1.237836551666259766e+01 1.163696575164794922e+01 1.064766120910644531e+01 9.412501335144042969e+00 7.931172370910644531e+00 6.224601745605468750e+00 3.788603544235229492e+00 1.000000014901161194e-01 1.000000014901161194e-01 1.000000014901161194e-01
1.902161407470703125e+01 1.898719406127929688e+01 1.894141387939453125e+01 1.886988639831542969e+01 1.879731369018554688e+01 1.880118942260742188e+01 1.881498336791992188e+01 1.885593414306640625e+01 1.880098915100097656e+01 1.862939071655273438e+01 1.830170822143554688e+01 1.790102386474609375e+01 1.747600173950195312e+01 1.699748992919921875e+01 1.645918655395507812e+01 1.580847835540771484e+01 1.505044555664062500e+01 1.411274909973144531e+01 1.293062305450439453e+01 1.155260372161865234e+01 1.002740669250488281e+01 1.085403633117675781e+01 1.130245780944824219e+01 1.147946166992187500e+01 1.147231483459472656e+01 1.135204124450683594e+01 1.105483818054199219e+01 1.051856899261474609e+01 9.717838287353515625e+00 8.548655509948730469e+00 7.013767719268798828e+00 5.070859909057617188e+00 3.615951061248779297e+00 1.940886497497558594e+00 1.000000014901161194e-01 1.000000014901161194e-01 1.000000014901161194e-01
1.879593849182128906e+01 1.869831085205078125e+01 1.856556510925292969e+01 1.841779518127441406e+01 1.841452598571777344e+01 1.842493629455566406e+01 1.838374900817871094e+01 1.823765563964843750e+01 1.813086128234863281e+01 1.787257766723632812e+01 1.749849700927734375e+01 1.697819709777832031e+01 1.643688774108886719e+01 1.583941459655761719e+01 1.515025615692138672e+01 1.433033275604248047e+01 1.331348323822021484e+01 1.199690151214599609e+01 1.019033622741699219e+01 7.667555332183837891e+00 5.952456951141357422e+00 7.585703849792480469e+00 8.615042686462402344e+00 8.982124328613281250e+00 9.124197959899902344e+00 9.131922721862792969e+00 8.937232971191406250e+00 8.380455017089843750e+00 7.440965175628662109e+00 6.089336872100830078e+00 3.829203605651855469e+00 1.000000014901161194e-01 1.000000014901161194e-01 1.000000014901161194e-01 1.000000014901161194e-01 1.000000014901161194e-01 1.000000014901161194e-01
