ASPA-UH-Flopy_REPO/Models/SWI_experiment2/Flo_py_wrkspace/Figures/GW_Head.asc
NCOLS 200
NROWS 100
XLLCENTER 515244
YLLCENTER 8410178
CELLSIZE 167.0
NODATA_value -999.0
[rows 34 to 50 of 100, columns 37 to 73 of 200]
1.000000014901161194e-01 1.000000014901161194e-01 1.000000014901161194e-01 1.000000014901161194e-01 1.000000014901161194e-01 1.000000014901161194e-01 1.000000014901161194e-01 1.000000014901161194e-01 1.000000014901161194e-01 1.000000014901161194e-01 1.000000014901161194e-01 1.000000014901161194e-01 1.000000014901161194e-01 1.000000014901161194e-01 1.000000014901161194e-01 1.000000014901161194e-01 1.000000014901161194e-01 1.000000014901161194e-01 1.000000014901161194e-01 1.000000014901161194e-01 1.000000014901161194e-01 1.000000014901161194e-01 1.000000014901161194e-01 1.000000014901161194e-01 1.000000014901161194e-01 1.000000014901161194e-01 1.000000014901161194e-01 1.000000014901161194e-01 1.000000014901161194e-01 1.000000014901161194e-01 1.000000014901161194e-01 1.000000014901161194e-01 1.000000014901161194e-01 1.000000014901161194e-01 1.000000014901161194e-01 1.000000014901161194e-01 1.000000014901161194e-01
1.000000014901161194e-01 1.000000014901161194e-01 1.000000014901161194e-01 1.000000014901161194e-01 1.000000014901161194e-01 1.000000014901161194e-01 1.000000014901161194e-01 1.000000014901161194e-01 1.000000014901161194e-01 1.000000014901161194e-01 1.000000014901161194e-01 1.000000014901161194e-01 1.000000014901161194e-01 1.000000014901161194e-01 1.000000014901161194e-01 1.000000014901161194e-01 1.000000014901161194e-01 1.000000014901161194e-01 1.000000014901161194e-01 1.000000014901161194e-01 1.000000014901161194e-01 1.000000014901161194e-01 1.000000014901161194e-01 1.000000014901161194e-01 1.000000014901161194e-01 1.000000014901161194e-01 1.000000014901161194e-01 1.000000014901161194e-01 1.000000014901161194e-01 1.000000014901161194e-01 1.000000014901161194e-01 1.000000014901161194e-01 1.000000014901161194e-01 1.000000014901161194e-01 1.000000014901161194e-01 1.000000014901161194e-01 1.000000014901161194e-01
1.000000014901161194e-01 1.000000014901161194e-01 1.000000014901161194e-01 1.000000014901161194e-01 1.000000014901161194e-01 1.000000014901161194e-01 1.000000014901161194e-01 1.000000014901161194e-01 1.000000014901161194e-01 1.000000014901161194e-01 1.000000014901161194e-01 1.000000014901161194e-01 1.000000014901161194e-01 1.000000014901161194e-01 1.000000014901161194e-01 1.000000014901161194e-01 1.000000014901161194e-01 1.000000014901161194e-01 1.000000014901161194e-01 1.000000014901161194e-01 1.000000014901161194e-01 1.000000014901161194e-01 1.000000014901161194e-01 1.000000014901161194e-01 1.000000014901161194e-01 1.000000014901161194e-01 1.000000014901161194e-01 1.000000014901161194e-01 1.000000014901161194e-01 1.000000014901161194e-01 1.000000014901161194e-01 1.000000014901161194e-01 1.000000014901161194e-01 1.000000014901161194e-01 1.000000014901161194e-01 1.000000014901161194e-01 1.000000014901161194e-01
1.000000014901161194e-01 1.000000014901161194e-01 1.000000014901161194e-01 1.000000014901161194e-01 1.000000014901161194e-01 1.000000014901161194e-01 1.000000014901161194e-01 1.000000014901161194e-01 1.000000014901161194e-01 1.000000014901161194e-01 1.000000014901161194e-01 1.000000014901161194e-01 1.000000014901161194e-01 1.000000014901161194e-01 1.000000014901161194e-01 1.000000014901161194e-01 1.000000014901161194e-01 1.000000014901161194e-01 1.000000014901161194e-01 1.000000014901161194e-01 1.000000014901161194e-01 1.000000014901161194e-01 1.000000014901161194e-01 1.000000014901161194e-01 1.000000014901161194e-01 1.000000014901161194e-01 1.000000014901161194e-01 1.000000014901161194e-01 1.000000014901161194e-01 1.000000014901161194e-01 1.000000014901161194e-01 1.000000014901161194e-01 1.000000014901161194e-01 1.000000014901161194e-01 1.000000014901161194e-01 1.000000014901161194e-01 1.000000014901161194e-01
1.000000014901161194e-01 1.000000014901161194e-01 1.000000014901161194e-01 1.000000014901161194e-01 1.000000014901161194e-01 1.000000014901161194e-01 1.000000014901161194e-01 1.000000014901161194e-01 1.000000014901161194e-01 1.000000014901161194e-01 1.765746712684631348e+00 1.000000014901161194e-01 1.000000014901161194e-01 1.000000014901161194e-01 1.000000014901161194e-01 1.000000014901161194e-01 1.000000014901161194e-01 1.000000014901161194e-01 1.000000014901161194e-01 1.000000014901161194e-01 1.000000014901161194e-01 1.000000014901161194e-01 1.000000014901161194e-01 1.000000014901161194e-01 1.720799565315246582e+00 5.802840590476989746e-01 1.000000014901161194e-01 1.000000014901161194e-01 1.000000014901161194e-01 1.000000014901161194e-01 1.000000014901161194e-01 1.000000014901161194e-01 1.000000014901161194e-01 1.000000014901161194e-01 1.000000014901161194e-01 1.000000014901161194e-01 1.000000014901161194e-01
1.000000014901161194e-01 1.450328826904296875e+00 1.000000014901161194e-01 1.000000014901161194e-01 1.000000014901161194e-01 1.000000014901161194e-01 2.368152618408203125e+00 1.000000014901161194e-01 1.000000014901161194e-01 3.981462717056274414e+00 4.293549060821533203e+00 2.948607921600341797e+00 1.000000014901161194e-01 1.000000014901161194e-01 1.000000014901161194e-01 1.000000014901161194e-01 1.000000014901161194e-01 1.000000014901161194e-01 1.000000014901161194e-01 1.000000014901161194e-01 4.646690845489501953e+00 5.658698081970214844e+00 5.773704528808593750e+00 5.299360275268554688e+00 4.128639698028564453e+00 1.000000014901161194e-01 1.000000014901161194e-01 1.000000014901161194e-01 1.000000014901161194e-01 1.000000014901161194e-01 1.000000014901161194e-01 1.000000014901161194e-01 1.000000014901161194e-01 1.000000014901161194e-01 1.000000014901161194e-01 1.000000014901161194e-01 1.000000014901161194e-01
1.000000014901161194e-01 4.024476528167724609e+00 4.083424568176269531e+00 1.000000014901161194e-01 1.000000014901161194e-01 1.000000014901161194e-01 5.737829685211181641e+00 6.527794837951660156e+00 6.960406780242919922e+00 7.383575439453125000e+00 6.810989379882812500e+00 4.999079227447509766e+00 1.000000014901161194e-01 1.000000014901161194e-01 1.000000014901161194e-01 1.000000014901161194e-01 1.000000014901161194e-01 1.000000014901161194e-01 1.000000014901161194e-01 6.062185287475585938e+00 8.216864585876464844e+00 8.946708679199218750e+00 9.035719871520996094e+00 8.467519760131835938e+00 6.818459987640380859e+00 1.000000014901161194e-01 1.000000014901161194e-01 3.337246656417846680e+00 2.874359846115112305e+00 1.000000014901161194e-01 1.000000014901161194e-01 1.000000014901161194e-01 1.000000014901161194e-01 2.736396789550781250e+00 1.000000014901161194e-01 1.000000014901161194e-01 1.000000014901161194e-01
5.721005439758300781e+00 7.571347236633300781e+00 8.060546875000000000e+00 7.753565788269042969e+00 7.964221477508544922e+00 8.510879516601562500e+00 9.636852264404296875e+00 1.017500972747802734e+01 1.031876754760742188e+01 1.012650489807128906e+01 9.267394065856933594e+00 7.235429763793945312e+00 1.000000014901161194e-01 1.000000014901161194e-01 5.004677295684814453e+00 6.825932025909423828e+00 7.619274616241455078e+00 8.173514366149902344e+00 8.836850166320800781e+00 1.022693824768066406e+01 1.117381668090820312e+01 1.158421611785888672e+01 1.158357906341552734e+01 1.118051338195800781e+01 1.027522754669189453e+01 8.647539138793945312e+00 7.652923107147216797e+00 7.108042240142822266e+00 5.472970962524414062e+00 1.000000014901161194e-01 1.000000014901161194e-01 1.000000014901161194e-01 4.972683429718017578e+00 6.885030746459960938e+00 7.369216918945312500e+00 8.017839431762695312e+00 9.068230628967285156e+00
9.746842384338378906e+00 1.067245769500732422e+01 1.115225791931152344e+01 1.138547325134277344e+01 1.172003269195556641e+01 1.213863563537597656e+01 1.258849430084228516e+01 1.289115905761718750e+01 1.293868923187255859e+01 1.265256404876708984e+01 1.193483924865722656e+01 1.058401775360107422e+01 7.782965660095214844e+00 1.000000014901161194e-01 8.571131706237792969e+00 1.064258193969726562e+01 1.154085922241210938e+01 1.213329982757568359e+01 1.261776065826416016e+01 1.321037483215332031e+01 1.365496826171875000e+01 1.384756374359130859e+01 1.380179882049560547e+01 1.349780845642089844e+01 1.295182037353515625e+01 1.207340145111083984e+01 1.118239498138427734e+01 1.013295650482177734e+01 8.569377899169921875e+00 5.676083564758300781e+00 1.000000014901161194e-01 5.532970428466796875e+00 8.511034965515136719e+00 9.994340896606445312e+00 1.091725063323974609e+01 1.170002460479736328e+01 1.253461933135986328e+01
1.256541061401367188e+01 1.317864799499511719e+01 1.366499614715576172e+01 1.401836967468261719e+01 1.434776020050048828e+01 1.466082382202148438e+01 1.492748641967773438e+01 1.512963771820068359e+01 1.517141532897949219e+01 1.495525646209716797e+01 1.454955196380615234e+01 1.385656929016113281e+01 1.286071681976318359e+01 1.187934494018554688e+01 1.308907794952392578e+01 1.391671752929687500e+01 1.449119377136230469e+01 1.494598674774169922e+01 1.522960567474365234e+01 1.551786899566650391e+01 1.570111179351806641e+01 1.575327014923095703e+01 1.569298648834228516e+01 1.542325019836425781e+01 1.501432418823242188e+01 1.441556739807128906e+01 1.363573074340820312e+01 1.263194274902343750e+01 1.124614429473876953e+01 8.780054092407226562e+00 1.000000014901161194e-01 8.622396469116210938e+00 1.118206501007080078e+01 1.246525764465332031e+01 1.332299232482910156e+01 1.404690170288085938e+01 1.474202919006347656e+01
1.462803459167480469e+01 1.519002628326416016e+01 1.568074893951416016e+01 1.606652450561523438e+01 1.637695121765136719e+01 1.665452575683593750e+01 1.687796401977539062e+01 1.706620025634765625e+01 1.712064361572265625e+01 1.700543594360351562e+01 1.684148216247558594e+01 1.657448387145996094e+01 1.621726608276367188e+01 1.593879127502441406e+01 1.620527076721191406e+01 1.652777290344238281e+01 1.683876228332519531e+01 1.709477806091308594e+01 1.724494934082031250e+01 1.736396980285644531e+01 1.739258193969726562e+01 1.734306144714355469e+01 1.725683212280273438e+01 1.700899314880371094e+01 1.665610504150390625e+01 1.619538879394531250e+01 1.557285499572753906e+01 1.477692604064941406e+01 1.381946182250976562e+01 1.265454101562500000e+01 1.144143295288085938e+01 1.253367996215820312e+01 1.368468666076660156e+01 1.454695224761962891e+01 1.518630409240722656e+01 1.574466323852539062e+01 1.627015113830566406e+01
1.626013755798339844e+01 1.681903266906738281e+01 1.730058670043945312e+01 1.769650459289550781e+01 1.802028083801269531e+01 1.829846191406250000e+01 1.853077697753906250e+01 1.870958709716796875e+01 1.878666877746582031e+01 1.879964256286621094e+01 1.880029678344726562e+01 1.873050689697265625e+01 1.859000968933105469e+01 1.844976615905761719e+01 1.846192741394042969e+01 1.855308532714843750e+01 1.868653488159179688e+01 1.878151893615722656e+01 1.883345413208007812e+01 1.882726860046386719e+01 1.877535247802734375e+01 1.865116310119628906e+01 1.849587821960449219e+01 1.827460479736328125e+01 1.797514724731445312e+01 1.761116027832031250e+01 1.714170646667480469e+01 1.649128913879394531e+01 1.585857009887695312e+01 1.525780105590820312e+01 1.489730548858642578e+01 1.522854232788085938e+01 1.570253562927246094e+01 1.619106101989746094e+01 1.662430381774902344e+01 1.701879692077636719e+01 1.739454460144042969e+01
1.756319427490234375e+01 1.813644027709960938e+01 1.862497520446777344e+01 1.903318023681640625e+01 1.939789009094238281e+01 1.967224884033203125e+01 1.992300033569335938e+01 2.010540199279785156e+01 2.024401473999023438e+01 2.035585021972656250e+01 2.042831420898437500e+01 2.042590904235839844e+01 2.032346343994140625e+01 2.024154090881347656e+01 2.015169715881347656e+01 2.012787818908691406e+01 2.014535522460937500e+01 2.012809753417968750e+01 2.007422065734863281e+01 1.997975921630859375e+01 1.986485290527343750e+01 1.969881629943847656e+01 1.949563598632812500e+01 1.926750183105468750e+01 1.899921989440917969e+01 1.868765830993652344e+01 1.830540466308593750e+01 1.780961990356445312e+01 1.736076354980468750e+01 1.701029777526855469e+01 1.686020278930664062e+01 1.703363990783691406e+01 1.720996093750000000e+01 1.743830490112304688e+01 1.770240211486816406e+01 1.795850563049316406e+01 1.820122718811035156e+01
1.864657211303710938e+01 1.919683837890625000e+01 1.968357849121093750e+01 2.011346817016601562e+01 2.050030326843261719e+01 2.083357238769531250e+01 2.110904693603515625e+01 2.130719947814941406e+01 2.149610328674316406e+01 2.164076423645019531e+01 2.170309638977050781e+01 2.170715522766113281e+01 2.164108467102050781e+01 2.155261421203613281e+01 2.144511413574218750e+01 2.135770034790039062e+01 2.129235267639160156e+01 2.117395019531250000e+01 2.104343986511230469e+01 2.087983131408691406e+01 2.071184158325195312e+01 2.051006126403808594e+01 2.028893661499023438e+01 2.004604911804199219e+01 1.978172492980957031e+01 1.949456977844238281e+01 1.917221069335937500e+01 1.878449630737304688e+01 1.843778991699218750e+01 1.819322013854980469e+01 1.807904243469238281e+01 1.813824272155761719e+01 1.820240402221679688e+01 1.832079124450683594e+01 1.848181724548339844e+01 1.860419082641601562e+01 1.873382949829101562e+01
1.953949165344238281e+01 2.006639099121093750e+01 2.055983734130859375e+01 2.100583839416503906e+01 2.142099571228027344e+01 2.177451133728027344e+01 2.205389595031738281e+01 2.230052185058593750e+01 2.250428962707519531e+01 2.264842414855957031e+01 2.270638656616210938e+01 2.270156097412109375e+01 2.264531517028808594e+01 2.255257606506347656e+01 2.242786598205566406e+01 2.228714752197265625e+01 2.214280509948730469e+01 2.196839714050292969e+01 2.178500938415527344e+01 2.156104469299316406e+01 2.133777236938476562e+01 2.111443710327148438e+01 2.087734603881835938e+01 2.062185096740722656e+01 2.034955406188964844e+01 2.006793212890625000e+01 1.977158355712890625e+01 1.943482589721679688e+01 1.914426803588867188e+01 1.894373703002929688e+01 1.883630752563476562e+01 1.881950187683105469e+01 1.881121063232421875e+01 1.885338973999023438e+01 1.893283843994140625e+01 1.897299957275390625e+01 1.900972557067871094e+01
2.024863624572753906e+01 2.077650642395019531e+01 2.127328300476074219e+01 2.172794914245605469e+01 2.214402389526367188e+01 2.252068710327148438e+01 2.282975578308105469e+01 2.309523010253906250e+01 2.329773712158203125e+01 2.344792175292968750e+01 2.350368690490722656e+01 2.346380233764648438e+01 2.339825439453125000e+01 2.329208183288574219e+01 2.315127944946289062e+01 2.297649765014648438e+01 2.276817512512207031e+01 2.253965950012207031e+01 2.229475593566894531e+01 2.202710151672363281e+01 2.176085853576660156e+01 2.150597381591796875e+01 2.124036407470703125e+01 2.096261787414550781e+01 2.067637634277343750e+01 2.038308334350585938e+01 2.008150863647460938e+01 1.977760505676269531e+01 1.951929855346679688e+01 1.932486724853515625e+01 1.918981552124023438e+01 1.910575866699218750e+01 1.907018280029296875e+01 1.905598258972167969e+01 1.906663513183593750e+01 1.906364250183105469e+01 1.904759025573730469e+01
2.082453727722167969e+01 2.135426902770996094e+01 2.184939193725585938e+01 2.229849433898925781e+01 2.271473693847656250e+01 2.310113525390625000e+01 2.343797492980957031e+01 2.370471191406250000e+01 2.391584968566894531e+01 2.406582260131835938e+01 2.408904075622558594e+01 2.404182624816894531e+01 2.395566749572753906e+01 2.382808113098144531e+01 2.366101074218750000e+01 2.344440269470214844e+01 2.319294738769531250e+01 2.290832519531250000e+01 2.260905075073242188e+01 2.228974151611328125e+01 2.197436904907226562e+01 2.167010307312011719e+01 2.136363220214843750e+01 2.105340576171875000e+01 2.075052070617675781e+01 2.041473388671875000e+01 2.010343170166015625e+01 1.982324600219726562e+01 1.957955932617187500e+01 1.936516952514648438e+01 1.917538833618164062e+01 1.905899047851562500e+01 1.899537467956542969e+01 1.896858596801757812e+01 1.895408630371093750e+01 1.892364883422851562e+01 1.887392044067382812e+01
