ASPA-UH-Flopy_REPO/Models/SWI_experiment2/Flo_py_wrkspace/Figures/GW_Head.asc
NCOLS 200
NROWS 100
XLLCENTER 515244
YLLCENTER 8410178
CELLSIZE 167.0
NODATA_value -999.0
[rows 17 to 33 of 100, columns 148 to 184 of 200]
1.000000014901161194e-01 1.000000014901161194e-01 2.560986042022705078e+00 3.439297199249267578e+00 4.152401447296142578e+00 4.341551780700683594e+00 4.392191410064697266e+00 4.340996742248535156e+00 4.171308040618896484e+00 3.799827098846435547e+00 3.294394016265869141e+00 2.595900535583496094e+00 1.437873244285583496e+00 1.000000014901161194e-01 1.723073482513427734e+00 2.412056684494018555e+00 2.440455913543701172e+00 2.131934165954589844e+00 1.789550304412841797e+00 1.263173341751098633e+00 1.000000014901161194e-01 1.000000014901161194e-01 1.000000014901161194e-01 1.000000014901161194e-01 1.000000014901161194e-01 1.000000014901161194e-01 1.719264149665832520e+00 3.054075717926025391e+00 4.013217449188232422e+00 4.705538272857666016e+00 5.182164192199707031e+00 5.481983661651611328e+00 5.701970577239990234e+00 5.821248054504394531e+00 5.777921199798583984e+00 5.585363388061523438e+00 5.250550270080566406e+00
4.582281112670898438e+00 4.626501560211181641e+00 5.124573230743408203e+00 5.392414569854736328e+00 5.491044044494628906e+00 5.506507396697998047e+00 5.451920032501220703e+00 5.329024791717529297e+00 5.151968002319335938e+00 4.831035137176513672e+00 4.394365787506103516e+00 3.778956890106201172e+00 2.678084373474121094e+00 1.000000014901161194e-01 2.611536026000976562e+00 3.382306098937988281e+00 3.608361005783081055e+00 3.531632184982299805e+00 3.324135541915893555e+00 2.868846178054809570e+00 2.098337888717651367e+00 1.331981897354125977e+00 1.000000014901161194e-01 1.000000014901161194e-01 1.000000014901161194e-01 1.000000014901161194e-01 1.445212244987487793e+00 3.153810262680053711e+00 4.236321449279785156e+00 4.930962085723876953e+00 5.388652324676513672e+00 5.676257610321044922e+00 5.876528263092041016e+00 5.960015296936035156e+00 5.924830913543701172e+00 5.706934928894042969e+00 5.352856636047363281e+00
7.115735530853271484e+00 6.761369705200195312e+00 6.633560657501220703e+00 6.541723251342773438e+00 6.436856269836425781e+00 6.317134857177734375e+00 6.145668506622314453e+00 5.976559638977050781e+00 5.793375492095947266e+00 5.511738777160644531e+00 5.155827522277832031e+00 4.752618312835693359e+00 4.274615764617919922e+00 3.787724733352661133e+00 4.083064556121826172e+00 4.363039970397949219e+00 4.487223148345947266e+00 4.456849098205566406e+00 4.298808574676513672e+00 3.962508678436279297e+00 3.473543167114257812e+00 2.705403089523315430e+00 1.431607842445373535e+00 1.000000014901161194e-01 1.000000014901161194e-01 1.000000014901161194e-01 1.000000014901161194e-01 3.195334672927856445e+00 4.499930381774902344e+00 5.159571170806884766e+00 5.543060779571533203e+00 5.783484935760498047e+00 5.939779758453369141e+00 5.999295234680175781e+00 5.947122097015380859e+00 5.743720531463623047e+00 5.379580497741699219e+00
8.474698066711425781e+00 7.929940700531005859e+00 7.563284873962402344e+00 7.263957023620605469e+00 7.019985198974609375e+00 6.789504051208496094e+00 6.548932075500488281e+00 6.324082374572753906e+00 6.081561088562011719e+00 5.844127655029296875e+00 5.592062473297119141e+00 5.373164653778076172e+00 5.204187870025634766e+00 5.028650283813476562e+00 5.018753051757812500e+00 5.082613468170166016e+00 5.119831562042236328e+00 5.118010520935058594e+00 4.992210388183593750e+00 4.724024772644042969e+00 4.328956604003906250e+00 3.714882135391235352e+00 2.493860960006713867e+00 1.000000014901161194e-01 1.000000014901161194e-01 1.887748122215270996e+00 2.782125711441040039e+00 4.075719833374023438e+00 4.906241416931152344e+00 5.353101730346679688e+00 5.626187801361083984e+00 5.806542396545410156e+00 5.924474716186523438e+00 5.958935260772705078e+00 5.891935825347900391e+00 5.690068721771240234e+00 5.320224285125732422e+00
9.231471061706542969e+00 8.604806900024414062e+00 8.078511238098144531e+00 7.635678768157958984e+00 7.260469436645507812e+00 6.938613414764404297e+00 6.622045993804931641e+00 6.353609085083007812e+00 6.117065429687500000e+00 5.899490356445312500e+00 5.743642807006835938e+00 5.623316287994384766e+00 5.562819957733154297e+00 5.494054794311523438e+00 5.482066631317138672e+00 5.510824680328369141e+00 5.529400825500488281e+00 5.524309158325195312e+00 5.442013263702392578e+00 5.260162830352783203e+00 4.992077350616455078e+00 4.600238800048828125e+00 3.989938974380493164e+00 3.202379465103149414e+00 3.082591056823730469e+00 3.632751941680908203e+00 4.149373054504394531e+00 4.741697788238525391e+00 5.187007427215576172e+00 5.457087993621826172e+00 5.631778240203857422e+00 5.754010677337646484e+00 5.823157787322998047e+00 5.815370559692382812e+00 5.725615024566650391e+00 5.521762847900390625e+00 5.162899494171142578e+00
9.626268386840820312e+00 8.924836158752441406e+00 8.286828041076660156e+00 7.720818519592285156e+00 7.223448753356933594e+00 6.770864486694335938e+00 6.342701911926269531e+00 5.979573726654052734e+00 5.710471630096435547e+00 5.550401210784912109e+00 5.501219272613525391e+00 5.524251937866210938e+00 5.562997341156005859e+00 5.615179538726806641e+00 5.644485950469970703e+00 5.717614650726318359e+00 5.749949932098388672e+00 5.770026683807373047e+00 5.738221645355224609e+00 5.633643150329589844e+00 5.467691421508789062e+00 5.231710910797119141e+00 4.909186840057373047e+00 4.597506999969482422e+00 4.479912281036376953e+00 4.649630546569824219e+00 4.855215549468994141e+00 5.095572948455810547e+00 5.321557998657226562e+00 5.445667266845703125e+00 5.543934345245361328e+00 5.603344917297363281e+00 5.611668109893798828e+00 5.549247741699218750e+00 5.409625530242919922e+00 5.181224346160888672e+00 4.830762386322021484e+00
9.717370033264160156e+00 8.917036056518554688e+00 8.155892372131347656e+00 7.473771095275878906e+00 6.856163501739501953e+00 6.267240524291992188e+00 5.673268318176269531e+00 5.150358200073242188e+00 4.832425594329833984e+00 4.738164901733398438e+00 4.845821857452392578e+00 5.014794349670410156e+00 5.201572895050048828e+00 5.370066165924072266e+00 5.539537429809570312e+00 5.691507816314697266e+00 5.807039260864257812e+00 5.882087230682373047e+00 5.908812999725341797e+00 5.874672889709472656e+00 5.782084465026855469e+00 5.640175342559814453e+00 5.461640357971191406e+00 5.305517673492431641e+00 5.152066707611083984e+00 5.138889312744140625e+00 5.133470058441162109e+00 5.174958705902099609e+00 5.249719142913818359e+00 5.290269851684570312e+00 5.319074153900146484e+00 5.320701122283935547e+00 5.262878417968750000e+00 5.139540672302246094e+00 4.949540615081787109e+00 4.687667846679687500e+00 4.325503826141357422e+00
9.490983009338378906e+00 8.535886764526367188e+00 7.602663040161132812e+00 6.814601898193359375e+00 6.089663505554199219e+00 5.343206405639648438e+00 4.438516139984130859e+00 3.467807531356811523e+00 3.106391906738281250e+00 3.127662897109985352e+00 3.641351938247680664e+00 4.045947551727294922e+00 4.421097755432128906e+00 4.840530872344970703e+00 5.210929393768310547e+00 5.506515502929687500e+00 5.713073253631591797e+00 5.863997936248779297e+00 5.947586536407470703e+00 5.972517967224121094e+00 5.940032958984375000e+00 5.843120574951171875e+00 5.709161758422851562e+00 5.571810722351074219e+00 5.395313262939453125e+00 5.266823768615722656e+00 5.128993511199951172e+00 5.038191318511962891e+00 4.982267856597900391e+00 4.952583312988281250e+00 4.918364524841308594e+00 4.870490074157714844e+00 4.747787952423095703e+00 4.547946929931640625e+00 4.302899360656738281e+00 4.033271789550781250e+00 3.706261634826660156e+00
8.949670791625976562e+00 7.745774269104003906e+00 6.526177406311035156e+00 5.640654087066650391e+00 4.814680099487304688e+00 3.871074914932250977e+00 2.342458248138427734e+00 1.000000014901161194e-01 1.000000014901161194e-01 1.000000014901161194e-01 1.747768640518188477e+00 2.488398551940917969e+00 3.036627054214477539e+00 3.967192649841308594e+00 4.665132522583007812e+00 5.171112537384033203e+00 5.495862007141113281e+00 5.735392570495605469e+00 5.856853485107421875e+00 5.926506042480468750e+00 5.939569473266601562e+00 5.852594375610351562e+00 5.716713905334472656e+00 5.561495780944824219e+00 5.371850967407226562e+00 5.130566596984863281e+00 4.881459712982177734e+00 4.658443450927734375e+00 4.494516372680664062e+00 4.404762268066406250e+00 4.328932285308837891e+00 4.227915763854980469e+00 4.017858028411865234e+00 3.712702989578247070e+00 3.428634166717529297e+00 3.187204837799072266e+00 2.879198789596557617e+00
8.061809539794921875e+00 6.444365024566650391e+00 4.552892208099365234e+00 3.608356714248657227e+00 2.830700635910034180e+00 1.871566414833068848e+00 1.000000014901161194e-01 1.000000014901161194e-01 1.000000014901161194e-01 1.000000014901161194e-01 1.000000014901161194e-01 1.000000014901161194e-01 1.000000014901161194e-01 2.756130456924438477e+00 3.945943593978881836e+00 4.702543735504150391e+00 5.168632507324218750e+00 5.472509384155273438e+00 5.651148796081542969e+00 5.719489097595214844e+00 5.730182170867919922e+00 5.677979469299316406e+00 5.523819446563720703e+00 5.336570739746093750e+00 5.075567722320556641e+00 4.735061645507812500e+00 4.329289436340332031e+00 3.936176776885986328e+00 3.697436332702636719e+00 3.615732431411743164e+00 3.560189723968505859e+00 3.400987386703491211e+00 3.004868507385253906e+00 2.379996776580810547e+00 2.086554527282714844e+00 1.901495814323425293e+00 1.659314393997192383e+00
6.835732460021972656e+00 4.532718181610107422e+00 1.000000014901161194e-01 1.000000014901161194e-01 1.000000014901161194e-01 1.000000014901161194e-01 1.000000014901161194e-01 1.000000014901161194e-01 1.000000014901161194e-01 1.000000014901161194e-01 1.000000014901161194e-01 1.000000014901161194e-01 1.000000014901161194e-01 1.685443401336669922e+00 3.121719837188720703e+00 4.120847225189208984e+00 4.738938808441162109e+00 5.117828845977783203e+00 5.316331863403320312e+00 5.386754989624023438e+00 5.395211696624755859e+00 5.309983730316162109e+00 5.152257442474365234e+00 4.959084510803222656e+00 4.593795776367187500e+00 4.090923309326171875e+00 3.408082962036132812e+00 2.664083480834960938e+00 2.370196342468261719e+00 2.541866064071655273e+00 2.581504106521606445e+00 2.318558931350708008e+00 1.519488096237182617e+00 1.000000014901161194e-01 1.000000014901161194e-01 1.000000014901161194e-01 1.000000014901161194e-01
5.281975269317626953e+00 2.746305704116821289e+00 1.000000014901161194e-01 1.000000014901161194e-01 1.000000014901161194e-01 1.000000014901161194e-01 1.000000014901161194e-01 1.000000014901161194e-01 1.000000014901161194e-01 1.000000014901161194e-01 1.000000014901161194e-01 1.000000014901161194e-01 1.000000014901161194e-01 1.000000014901161194e-01 1.857910990715026855e+00 3.340388774871826172e+00 4.193593978881835938e+00 4.662889480590820312e+00 4.873288154602050781e+00 4.940202236175537109e+00 4.920210361480712891e+00 4.806177139282226562e+00 4.598779678344726562e+00 4.299816131591796875e+00 3.817072391510009766e+00 3.092668771743774414e+00 1.904795646667480469e+00 1.000000014901161194e-01 1.000000014901161194e-01 1.105993747711181641e+00 1.338379144668579102e+00 9.765238165855407715e-01 1.000000014901161194e-01 1.000000014901161194e-01 1.000000014901161194e-01 1.000000014901161194e-01 1.000000014901161194e-01
3.099290847778320312e+00 1.000000014901161194e-01 1.000000014901161194e-01 1.000000014901161194e-01 1.000000014901161194e-01 1.000000014901161194e-01 1.000000014901161194e-01 1.000000014901161194e-01 1.000000014901161194e-01 1.000000014901161194e-01 1.000000014901161194e-01 1.000000014901161194e-01 1.000000014901161194e-01 1.000000014901161194e-01 1.000000014901161194e-01 2.480396270751953125e+00 3.617284536361694336e+00 4.151106834411621094e+00 4.357229709625244141e+00 4.416109561920166016e+00 4.341885566711425781e+00 4.160598278045654297e+00 3.865677356719970703e+00 3.434851884841918945e+00 2.864235162734985352e+00 1.822341084480285645e+00 1.000000014901161194e-01 1.000000014901161194e-01 1.000000014901161194e-01 1.000000014901161194e-01 1.000000014901161194e-01 1.000000014901161194e-01 1.000000014901161194e-01 1.000000014901161194e-01 1.000000014901161194e-01 1.000000014901161194e-01 1.000000014901161194e-01
1.000000014901161194e-01 1.000000014901161194e-01 1.000000014901161194e-01 1.000000014901161194e-01 1.000000014901161194e-01 1.000000014901161194e-01 1.000000014901161194e-01 1.000000014901161194e-01 1.000000014901161194e-01 1.000000014901161194e-01 1.000000014901161194e-01 1.000000014901161194e-01 1.000000014901161194e-01 1.000000014901161194e-01 1.000000014901161194e-01 1.980891346931457520e+00 3.032763242721557617e+00 3.539661645889282227e+00 3.771156787872314453e+00 3.816860675811767578e+00 3.679874658584594727e+00 3.408379793167114258e+00 2.922514677047729492e+00 2.140055656433105469e+00 1.498768925666809082e+00 8.038497567176818848e-01 1.000000014901161194e-01 1.000000014901161194e-01 1.000000014901161194e-01 1.000000014901161194e-01 1.000000014901161194e-01 1.000000014901161194e-01 1.000000014901161194e-01 1.000000014901161194e-01 1.000000014901161194e-01 1.000000014901161194e-01 1.000000014901161194e-01
1.000000014901161194e-01 1.000000014901161194e-01 1.000000014901161194e-01 1.000000014901161194e-01 1.000000014901161194e-01 1.000000014901161194e-01 1.000000014901161194e-01 1.000000014901161194e-01 1.000000014901161194e-01 1.000000014901161194e-01 1.000000014901161194e-01 1.000000014901161194e-01 1.000000014901161194e-01 1.000000014901161194e-01 8.528214097023010254e-01 1.848368048667907715e+00 2.541204452514648438e+00 2.948777914047241211e+00 3.135069608688354492e+00 3.114638328552246094e+00 2.892145156860351562e+00 2.508566856384277344e+00 1.752108216285705566e+00 1.000000014901161194e-01 1.000000014901161194e-01 1.000000014901161194e-01 1.000000014901161194e-01 1.000000014901161194e-01 1.000000014901161194e-01 1.000000014901161194e-01 1.000000014901161194e-01 1.000000014901161194e-01 1.000000014901161194e-01 1.000000014901161194e-01 1.000000014901161194e-01 1.000000014901161194e-01 1.000000014901161194e-01
1.000000014901161194e-01 1.000000014901161194e-01 1.000000014901161194e-01 1.000000014901161194e-01 1.000000014901161194e-01 1.000000014901161194e-01 1.000000014901161194e-01 1.000000014901161194e-01 1.000000014901161194e-01 1.000000014901161194e-01 1.000000014901161194e-01 1.000000014901161194e-01 1.000000014901161194e-01 4.497278332710266113e-01 1.018638014793395996e+00 1.577869653701782227e+00 2.024893283843994141e+00 2.297552585601806641e+00 2.377737998962402344e+00 2.219909906387329102e+00 1.787777543067932129e+00 1.446293711662292480e+00 8.252295255661010742e-01 1.000000014901161194e-01 1.000000014901161194e-01 1.000000014901161194e-01 1.000000014901161194e-01 1.000000014901161194e-01 1.000000014901161194e-01 1.000000014901161194e-01 1.000000014901161194e-01 1.000000014901161194e-01 1.000000014901161194e-01 1.000000014901161194e-01 1.000000014901161194e-01 1.000000014901161194e-01 1.000000014901161194e-01
1.000000014901161194e-01 1.000000014901161194e-01 1.000000014901161194e-01 1.000000014901161194e-01 1.000000014901161194e-01 1.000000014901161194e-01 1.000000014901161194e-01 1.000000014901161194e-01 1.000000014901161194e-01 1.000000014901161194e-01 1.000000014901161194e-01 1.000000014901161194e-01 1.000000014901161194e-01 3.688212037086486816e-01 7.604281306266784668e-01 1.145201921463012695e+00 1.389644265174865723e+00 1.360809922218322754e+00 1.242185711860656738e+00 8.658226132392883301e-01 1.000000014901161194e-01 1.000000014901161194e-01 1.000000014901161194e-01 1.000000014901161194e-01 1.000000014901161194e-01 1.000000014901161194e-01 1.000000014901161194e-01 1.000000014901161194e-01 1.000000014901161194e-01 1.000000014901161194e-01 1.000000014901161194e-01 1.000000014901161194e-01 1.000000014901161194e-01 1.000000014901161194e-01 1.000000014901161194e-01 1.000000014901161194e-01 1.000000014901161194e-01
