ASPA-UH-Flopy_REPO/Models/SWI_experiment2/Flo_py_wrkspace/Figures/topKML.asc
NCOLS 200
NROWS 100
XLLCENTER 515244
YLLCENTER 8410178
CELLSIZE 167.0
NODATA_value -999.0
[rows 16 to 31 of 100, columns 37 to 73 of 200]
-1.026603301465988352e+03 -9.586695994234781892e+02 -9.815686735912755694e+02 -9.546418505627026434e+02 -9.415651860268533255e+02 -9.211963408798764021e+02 -8.584109623375468345e+02 -8.815332798444517266e+02 -8.715569059024661556e+02 -8.471332131066335478e+02 -8.235174115213932282e+02 -7.534685452902134557e+02 -6.794041171039560822e+02 -4.977746430018383990e+02 -4.831605918908023796e+02 -4.954282886291160821e+02 -4.564189603412829683e+02 -4.087294988593878884e+02 -3.630491927641234611e+02 -3.233650968980614948e+02 -2.988120540916359573e+02 -1.648644742758843620e+02 -9.693001476084887713e+01 -9.043198866115402268e+01 -8.642389743797812685e+01 -8.289981111682445203e+01 -8.225206415227491163e+01 -7.715601432239127178e+01 -7.702016791370699877e+01 -7.745399800430153903e+01 -7.388213079113756976e+01 -6.925195443617420210e+01 -6.617591838119751912e+01 -6.131705099449967378e+01 -5.749265634679419890e+01 -5.519381877946204895e+01 -5.562708762816459540e+01
-9.743274699915294832e+02 -8.695929136286398489e+02 -8.989628040479461788e+02 -8.876167997030509014e+02 -8.633330025077224263e+02 -8.495322782812523883e+02 -8.125082757115432059e+02 -7.980060334010813676e+02 -7.975221780451471432e+02 -7.845071856349802601e+02 -7.462042471355518956e+02 -6.816598822794201169e+02 -6.245148401509671885e+02 -4.576631721089302687e+02 -4.116784785429708222e+02 -3.501619367184713951e+02 -2.512040156738189580e+02 -1.955793056519958384e+02 -1.896687809350779617e+02 -1.333795277492644971e+02 -1.112234007715848634e+02 -8.871523228756407775e+01 -8.636183298303882339e+01 -7.878196802642086993e+01 -7.309743182623446955e+01 -6.961907937838478233e+01 -7.174211518371126317e+01 -6.558543591767075043e+01 -6.487715677244554513e+01 -6.254083645650850087e+01 -5.921037355206252073e+01 -5.754763431972263987e+01 -5.439647498312436369e+01 -5.208801280513537080e+01 -5.056132836091597227e+01 -4.934378124956750611e+01 -4.727208134337643486e+01
-9.029465484065625560e+02 -8.261049730708928109e+02 -8.084491191126246576e+02 -7.801099464058809190e+02 -7.454555196417109073e+02 -7.356086792770601051e+02 -7.026803796069291366e+02 -7.094246053149722684e+02 -7.004682590315294419e+02 -6.725684726967696179e+02 -6.712327318993390008e+02 -5.992906701043317526e+02 -4.681854575311915596e+02 -3.931640885789709046e+02 -3.370548023039591499e+02 -2.133444318848512467e+02 -9.628176162750085609e+01 -9.361120741501507325e+01 -9.019215329436273976e+01 -8.904097521916811786e+01 -8.681524102707679447e+01 -8.085054802462700252e+01 -7.149196396465470116e+01 -6.872705862330815307e+01 -6.742262915772586496e+01 -6.150620559747301286e+01 -6.109679185080561581e+01 -5.783480570324868353e+01 -6.130303211604783087e+01 -5.652520312112378775e+01 -5.138561694258852697e+01 -4.978350175021629553e+01 -4.787799682616367392e+01 -4.845647642065667782e+01 -4.552942672269070101e+01 -4.460810044972534172e+01 -4.545161276323864996e+01
-8.182120294252301846e+02 -7.729451917477219922e+02 -7.088964071934659614e+02 -6.457680435666305812e+02 -5.887608373677973077e+02 -5.361937671026053067e+02 -5.195202628140817751e+02 -5.306906591794135011e+02 -5.567878693220191053e+02 -5.475674513778415076e+02 -5.645786622362066964e+02 -4.717273428724207065e+02 -3.846916708735953421e+02 -2.746917700672167371e+02 -1.584478170999690292e+02 -9.609949891364955477e+01 -8.898864182121288025e+01 -7.345922684330891173e+01 -7.135967022276429361e+01 -7.750779449853469316e+01 -7.256038806262957053e+01 -6.371350882468081522e+01 -6.023639588952105584e+01 -6.060536334235899858e+01 -6.430006538588969534e+01 -5.647036511449826435e+01 -5.226919546484261048e+01 -5.097898965982287933e+01 -5.156542872724644155e+01 -5.149782739296338718e+01 -4.790259333966337607e+01 -4.564672877853622879e+01 -4.702206194721233601e+01 -4.552058460129880046e+01 -4.535513506618924140e+01 -4.498507550052774917e+01 -4.483150354462521392e+01
-6.857045811140985734e+02 -6.288071085990337679e+02 -5.590929359712832820e+02 -4.948257897689193783e+02 -4.688265689280007678e+02 -4.562235660793081706e+02 -4.351584580137680973e+02 -4.508249008076803079e+02 -4.526317074486449883e+02 -4.342415502639910301e+02 -4.210993673038895508e+02 -3.253928302963806232e+02 -2.085794535025094660e+02 -1.072739583964116150e+02 -9.058193926931016904e+01 -7.616401918202068089e+01 -7.937512598692207177e+01 -6.469587682900785808e+01 -5.889199564527973507e+01 -5.610359929326536133e+01 -5.500690598845358892e+01 -5.627472770513123379e+01 -5.892384761506793467e+01 -6.211134657445341389e+01 -5.849551708043916420e+01 -5.500635154766990809e+01 -5.126905741590181975e+01 -4.274020173474937678e+01 -4.979332158536568187e+01 -4.864423157073898807e+01 -4.667547574766837926e+01 -4.593146960179177540e+01 -4.610006921648991352e+01 -4.567432049220446544e+01 -4.470889248138587391e+01 -3.939223161623583991e+01 -4.518911262433119447e+01
-5.916724730729172279e+02 -5.027072503372347683e+02 -5.119379848241180184e+02 -4.531346379865935887e+02 -2.871688159777386886e+02 -2.693781416896101177e+02 -2.852831021679819514e+02 -2.785825807435525689e+02 -2.772220247735982070e+02 -1.163265352850163339e+02 -1.138651062058274448e+02 -1.055702439762608265e+02 -8.970837765550673737e+01 -8.291734374178231803e+01 -7.005621197676059353e+01 -6.234275714987758477e+01 -5.835387225516132048e+01 -5.430442963152858482e+01 -5.206176288878983627e+01 -5.167000532798842016e+01 -5.262207179643731081e+01 -5.024265244990559864e+01 -5.260043802321440154e+01 -5.751095297036162179e+01 -5.637385168736390284e+01 -5.595693527656440125e+01 -5.252161041942962072e+01 -4.507618523028474300e+01 -4.952788886359343934e+01 -4.747924553131282011e+01 -4.646112296252768914e+01 -4.784908611033497294e+01 -4.708859822065948464e+01 -4.590135292750653662e+01 -4.643430473913461043e+01 -4.653460950112219052e+01 -4.722950087010568865e+01
-4.631414187993794940e+02 -4.344697143768873957e+02 -3.477286022327541559e+02 -1.973448866704847546e+02 -1.029529634709921453e+02 -9.189310801381799365e+01 -9.190571276988832494e+01 -8.958028143858213355e+01 -8.694915730079360117e+01 -8.173408987681672500e+01 -8.060314557777466860e+01 -7.457367805364069113e+01 -7.078695795063181606e+01 -5.982735360253435175e+01 -5.584603846989782028e+01 -5.257039735127740698e+01 -5.162500330664772008e+01 -4.998531844682631231e+01 -4.920915092174840311e+01 -4.802247445700627537e+01 -5.086458855627435582e+01 -4.704593212079828390e+01 -5.151164412669761816e+01 -5.318880168960168930e+01 -5.671936616368922301e+01 -5.314148544719527933e+01 -5.029655613417156701e+01 -4.978194194761874769e+01 -4.948066913756233731e+01 -4.811723613667279409e+01 -4.657476101059482687e+01 -4.871062478857619737e+01 -5.036228248919194783e+01 -4.934447956785541578e+01 -4.903389694363711726e+01 -4.948143803631956672e+01 -4.860947425799236754e+01
-2.195540373804126091e+02 -1.908300556038948059e+02 -1.434690255784440183e+02 -8.918206673234807624e+01 -8.715789279553455060e+01 -8.302205630478979970e+01 -7.859930462987695421e+01 -6.955967041889289249e+01 -6.477998729997204919e+01 -5.860976106041419342e+01 -5.746488433458573297e+01 -5.630209195634471087e+01 -5.498431268543748018e+01 -5.259156655407186065e+01 -5.186773109064484544e+01 -5.142987458737120221e+01 -4.968297483647764068e+01 -4.594326429137517920e+01 -3.528994621951143529e+01 -3.158607701867973105e+01 -4.380558963492783420e+01 -4.681003329467532836e+01 -5.105877483936705374e+01 -5.841288756234654045e+01 -5.673639944444644811e+01 -5.658171920986275438e+01 -5.106293700929578705e+01 -4.895846141254015293e+01 -4.945058942530396706e+01 -5.192083902873487489e+01 -4.859370861257103513e+01 -4.993019990411670506e+01 -5.065205748916023509e+01 -4.968121798219770113e+01 -4.965814957668922602e+01 -4.911664036833985136e+01 -4.819262996899200147e+01
-8.948424105626942548e+01 -8.652558335446320825e+01 -8.229239731128859603e+01 -7.870761490324461818e+01 -7.188031134278479328e+01 -6.556326501180969046e+01 -6.002185472042184244e+01 -5.782514190230670437e+01 -5.697018163265619961e+01 -5.636236375291422718e+01 -5.407940382663144874e+01 -5.317105288527918816e+01 -5.102470938784735921e+01 -4.990992194900180579e+01 -5.042822961592835185e+01 -4.823318823136191469e+01 -4.717277766491987734e+01 -4.609060641600004260e+01 -2.120905996040145780e+01 -4.081500064669160821e+01 -4.557236957225997998e+01 -5.040495924296807573e+01 -5.754751237086945537e+01 -6.013550857889892853e+01 -5.374424569404788343e+01 -6.222130999361718295e+01 -5.866288309454306216e+01 -5.806683967841527050e+01 -5.272442783914247855e+01 -5.420572943192587445e+01 -5.051378785739251498e+01 -4.960994398601994249e+01 -5.022691947825919812e+01 -4.743218073577107674e+01 -4.488777409960129461e+01 -4.444809345870361739e+01 -4.598285297218112078e+01
-7.664908368016061502e+01 -7.136001950630479485e+01 -6.108678195975884506e+01 -5.700219768249521479e+01 -5.606674727101159306e+01 -5.457121218403683827e+01 -5.437051170446881798e+01 -5.481416942549742544e+01 -5.104543037570338981e+01 -4.862698806526509543e+01 -4.939008169046699237e+01 -4.775327264094696034e+01 -4.282387627889220738e+01 -4.712792076819692255e+01 -4.675641038693020590e+01 -4.654144392650105289e+01 -4.361855581986947072e+01 -4.620249012146574330e+01 -4.470586822640039770e+01 -4.673601945650978706e+01 -4.863135354001575195e+01 -5.901198730389491232e+01 -6.182015703527834916e+01 -5.485946668699151019e+01 -5.865126833974183995e+01 -6.147335231235694408e+01 -6.464995622422011934e+01 -5.776471845166673091e+01 -5.710284016417941899e+01 -5.508898701295495925e+01 -5.115060324688156612e+01 -5.027554560800029293e+01 -4.733771838478249094e+01 -4.422893590788751084e+01 -3.880087115601544667e+01 -3.275029221889803210e+01 -4.195771804934753391e+01
-5.839504303979569499e+01 -5.598146706848423548e+01 -5.221755315666172947e+01 -5.156024300752781642e+01 -4.926103895577135461e+01 -4.606118274143427271e+01 -4.547569709733565446e+01 -4.554075449359171301e+01 -4.511890443625865288e+01 -4.172822732549096258e+01 -4.543542581124800961e+01 -4.601043947619684360e+01 -4.661146355822067022e+01 -4.719001539145475022e+01 -4.596727638950765993e+01 -4.591304964473663119e+01 -4.613732349611599659e+01 -4.622597461681777986e+01 -4.584136236627312400e+01 -5.056573287049685916e+01 -5.142003578093863325e+01 -5.510697042028311898e+01 -5.071209798139473435e+01 -5.313026206874660318e+01 -6.352441771593168340e+01 -6.501019259114984550e+01 -6.335503447840234514e+01 -5.835527605519648375e+01 -6.279921095268719000e+01 -6.039460355862596685e+01 -5.506223011084034624e+01 -5.068574420825490989e+01 -4.583260235307084685e+01 -4.279426488716498511e+01 -4.083613537671218552e+01 -3.852062803807272218e+01 -4.025262238885246546e+01
-5.179401096041641495e+01 -5.203342722345850291e+01 -4.897709529861416655e+01 -4.810675540727294219e+01 -4.548339841072566969e+01 -3.843558721952540935e+01 -3.903159437092072892e+01 -4.351300835299596059e+01 -4.426607748313907109e+01 -4.205080295059703133e+01 -3.933133763644814707e+01 -4.535721969761855377e+01 -4.536545207867293072e+01 -4.695272661412330706e+01 -4.664692529798457343e+01 -4.775519232704546368e+01 -5.189938951757447683e+01 -4.973191726517546130e+01 -5.278844974360342945e+01 -6.043210609018054669e+01 -5.748441989175367439e+01 -5.242604463006933457e+01 -5.231735848748046180e+01 -5.520641691148442476e+01 -5.896890225611298320e+01 -6.417440876058309129e+01 -5.645273496177048855e+01 -6.326309130987071683e+01 -6.370299464210239648e+01 -6.243918684196834334e+01 -5.636805680212835057e+01 -5.021096154789518806e+01 -4.664854995897910328e+01 -4.267313709878188632e+01 -4.160235936923273670e+01 -4.073922973794344671e+01 -3.884225106258725901e+01
-4.687780280898654439e+01 -4.772864241082373837e+01 -4.674305948227799945e+01 -4.067362444666388654e+01 -4.298969273171802996e+01 -2.965075132057704010e+01 -2.739173327259342727e+01 -4.054124316648560011e+01 -4.481421723871476814e+01 -4.564527326239861083e+01 -4.613548119018435756e+01 -4.585691300863069131e+01 -4.954199252199732939e+01 -4.903865421845143402e+01 -4.800370104949137584e+01 -4.775100193915086777e+01 -4.769261412126155619e+01 -4.755179878013737493e+01 -5.340968417229744603e+01 -5.558085884202417759e+01 -5.682139250212825488e+01 -5.656182221334124449e+01 -5.766110233594004342e+01 -5.865291881498298210e+01 -6.105048086957718567e+01 -6.482706891579584862e+01 -6.396466547771437661e+01 -6.268805426458025920e+01 -6.355701729550148826e+01 -6.262524017876985738e+01 -5.753546968261513683e+01 -4.971637616653456604e+01 -4.760003550818675677e+01 -4.614772829263489484e+01 -4.356138472279560148e+01 -4.123995570638987829e+01 -4.065558391516350412e+01
-4.684096046409503344e+01 -4.466459395684049838e+01 -4.607309136509177705e+01 -4.490105042130691970e+01 -4.403821971741189145e+01 -4.304392817429049245e+01 -4.308047903058380257e+01 -4.490172379682892512e+01 -4.539024519920457834e+01 -4.518150091638936061e+01 -4.675978369428290904e+01 -4.694123920533564842e+01 -4.653323790527134207e+01 -4.595121532293195088e+01 -4.580033627959724640e+01 -4.661267477366450152e+01 -4.774678556805300644e+01 -5.096221847257441340e+01 -5.419447069146892204e+01 -5.620464579291424201e+01 -5.827071884482162289e+01 -5.923336304087778359e+01 -5.966996205527235730e+01 -6.062256567911536109e+01 -6.474773300714993240e+01 -5.766094008401549331e+01 -5.773365731426376612e+01 -6.260714612554479430e+01 -6.158630024321718821e+01 -5.294215577646226478e+01 -5.435918683780755600e+01 -4.864696340787676831e+01 -4.938553786484251162e+01 -4.890675433478961054e+01 -4.506612251775824518e+01 -4.226546043638717265e+01 -4.023105829514194198e+01
-4.596658337729163435e+01 -4.620855695531089680e+01 -4.482827178555993441e+01 -4.496029166639749519e+01 -4.551621394918589658e+01 -4.464407003495205828e+01 -4.285200698180903345e+01 -4.549088297633431921e+01 -4.554560054122941892e+01 -4.663274649222450563e+01 -4.993182461191150878e+01 -4.924716564285094478e+01 -4.862202707148443181e+01 -5.017491001778503090e+01 -5.048679370431083413e+01 -4.877479922654801925e+01 -4.762193550421573462e+01 -4.918369300031689306e+01 -5.132859627484737786e+01 -5.595218303030824103e+01 -5.925470192798353963e+01 -5.891155677574244010e+01 -5.824801720692059348e+01 -6.205375085327077755e+01 -6.460495677142162663e+01 -6.105998140987141198e+01 -5.293383601144794426e+01 -5.399976803563689032e+01 -5.820856683497278539e+01 -4.737675638771843012e+01 -4.696189546208898236e+01 -4.856519955384631970e+01 -4.918990788074150089e+01 -5.215280169759965645e+01 -4.560530712739271308e+01 -4.249368213791248650e+01 -3.987373089442678520e+01
-4.630006728708729469e+01 -4.670094950549163570e+01 -4.585445516802955979e+01 -4.593986661633959301e+01 -4.596069699449660817e+01 -4.571530670006092834e+01 -4.628754314287549221e+01 -4.719007511132807053e+01 -4.767354291442358516e+01 -4.987717661326600904e+01 -5.156724337152476778e+01 -5.178505083628164840e+01 -5.248459645106463967e+01 -5.274925214412997576e+01 -5.282880878508174760e+01 -5.160592309580872694e+01 -5.009831365866834574e+01 -5.068391581398974211e+01 -5.374932627035315846e+01 -5.468412365801834341e+01 -5.617966309783127343e+01 -6.425548454897322870e+01 -6.450609523201875106e+01 -6.315784892556783348e+01 -6.445248232428971846e+01 -5.795523236051087679e+01 -5.065320769091862019e+01 -5.201459764350303772e+01 -5.346585554273976015e+01 -5.256927838558915766e+01 -4.655149231268001841e+01 -5.017825882210171073e+01 -5.160013552946829662e+01 -5.210303314780419015e+01 -4.677739707413400083e+01 -4.324395554772313233e+01 -3.897325888445550390e+01
