ASPA-UH-Flopy_REPO/Models/SWI_experiment2/Flo_py_wrkspace/Figures/topKML.asc
NCOLS 200
NROWS 100
XLLCENTER 515244
YLLCENTER 8410178
CELLSIZE 167.0
NODATA_value -999.0
[rows 0 to 15 of 100, columns 148 to 184 of 200]
-7.075355587599196383e+01 -6.452334640394923326e+01 -6.509999840559875395e+01 -7.146878789632424400e+01 -8.475365943306869099e+01 -8.363133891832498534e+01 -8.044176797705203796e+01 -8.410094238826994228e+01 -8.864946687888212296e+01 -8.982654586355140225e+01 -8.933062540285510522e+01 -8.074500145240111237e+01 -8.365913874188386501e+01 -7.069811646509006664e+01 -6.913452988373313701e+01 -6.658222582555103486e+01 -6.801448423422928613e+01 -6.434917870242627203e+01 -6.961106549805302279e+01 -6.978907869885701132e+01 -8.329857579153537017e+01 -6.294061022698805630e+01 -6.251666314473207819e+01 -6.642366068141114965e+01 -6.840262673154644801e+01 -6.833164671197069140e+01 -6.835117777899161240e+01 -6.742523891058147001e+01 -6.831208518302980792e+01 -6.791540128049589953e+01 -6.738397262505938556e+01 -6.865761894435020452e+01 -6.915241703049822775e+01 -6.975154269023200015e+01 -7.049868041023582066e+01 -7.229628075226976591e+01 -7.034837512538184967e+01
-6.923591521501907664e+01 -6.655059837855591809e+01 -7.845265309601508363e+01 -8.069925364075285756e+01 -8.164637997622160981e+01 -8.263941497186023355e+01 -8.230921593039880690e+01 -8.040228165200312560e+01 -8.182989408217117955e+01 -8.474609383939882434e+01 -8.714880300983519135e+01 -8.827695825588152445e+01 -8.759910393471507462e+01 -9.140776607531994102e+01 -9.118562373969992052e+01 -9.087564925452369380e+01 -9.016334111613230107e+01 -9.180320513604031873e+01 -8.918232452822125822e+01 -7.952422981753686315e+01 -9.045325682165038472e+01 -6.674017726934023642e+01 -6.195950154612283711e+01 -6.316471793974156412e+01 -6.479978516921399034e+01 -6.495263955242471354e+01 -6.011800373758671157e+01 -6.397223739212662252e+01 -6.640523179056604874e+01 -6.837765266686174925e+01 -6.798335320247167601e+01 -6.834699441077158610e+01 -6.939942688635564139e+01 -6.087836948335396414e+01 -6.375098391174311274e+01 -6.443364901854116056e+01 -6.350503913806345935e+01
-8.188529278261333388e+01 -8.352556340488193598e+01 -8.447925482922289575e+01 -8.424328132959846016e+01 -8.031622472441755178e+01 -6.902661526008269277e+01 -8.314962382234740801e+01 -8.401042861089851499e+01 -8.450470259310961296e+01 -8.338134700175714897e+01 -8.540891587859407252e+01 -8.927144730471940193e+01 -9.069225638850879534e+01 -8.988248547490901785e+01 -9.063847564285393332e+01 -9.062034735597782742e+01 -9.126248821005589207e+01 -8.976602029966748830e+01 -8.648739628327389539e+01 -9.054769760364905551e+01 -9.044588419524265532e+01 -6.219976318682975602e+01 -6.476336708053840141e+01 -6.412562423842732073e+01 -6.481428473740231766e+01 -6.141383036016648589e+01 -5.652998843587435118e+01 -5.643637328808038944e+01 -6.310848972665927192e+01 -6.774436854566117461e+01 -6.786241296060896389e+01 -7.680955074044992159e+01 -7.654365516145043102e+01 -6.104523911925050328e+01 -6.360218453641981995e+01 -6.427191115093420137e+01 -6.063993837832481404e+01
-8.354506010498327839e+01 -8.348818299865722281e+01 -8.598526155603926213e+01 -8.622457924888300340e+01 -8.480490821449200212e+01 -8.230932139897647914e+01 -8.168536344349801936e+01 -8.811638413166150485e+01 -8.815803343482579635e+01 -8.630152023447934084e+01 -7.845877216822951539e+01 -6.485409324053905777e+01 -9.086357124861231682e+01 -9.126848305911434522e+01 -9.079045935300709402e+01 -9.011318354978816103e+01 -8.945333917273349300e+01 -8.910449250535052101e+01 -8.898165618462121529e+01 -8.923421078017392460e+01 -8.971671985169966490e+01 -7.348337919849289790e+01 -6.297678004296472665e+01 -6.241148966920835051e+01 -6.312469563762235225e+01 -6.761378351651995899e+01 -6.443744808311764416e+01 -5.788778943762607554e+01 -5.994702750201892627e+01 -6.435658538219659874e+01 -5.844168453409295694e+01 -6.772306970280074268e+01 -6.815894993400532087e+01 -6.339259023159716122e+01 -6.040705498961482789e+01 -6.211459655097329602e+01 -6.242335325074540719e+01
-6.703512091080447988e+01 -7.207978308384043942e+01 -7.018647627062908612e+01 -7.232916301793973446e+01 -8.386162140675271814e+01 -8.692249783061276958e+01 -8.782072509212814282e+01 -9.165007601537347171e+01 -8.905083851662071481e+01 -5.339120604948487170e+01 -4.679299566687600986e+01 -4.877893174941736731e+01 -6.910610066561523013e+01 -8.969119299011796898e+01 -9.001970754368639405e+01 -8.961571776871672057e+01 -8.933312261443916213e+01 -8.858766198572288886e+01 -8.885567935622589175e+01 -8.856517991363072895e+01 -8.834173373537171869e+01 -8.901358147207309912e+01 -8.801137653589252352e+01 -8.360786329219330071e+01 -7.932403887852420610e+01 -6.823081275806718793e+01 -7.302449976147568123e+01 -7.819658626489510311e+01 -6.869162819949617926e+01 -6.322382746341267534e+01 -6.702914485057968363e+01 -6.831268077834288022e+01 -6.955859501709301185e+01 -8.078429307264455872e+01 -7.686368568865913176e+01 -6.999206833873549272e+01 -7.500557031001238784e+01
-6.676629163857641913e+01 -5.902204407483274196e+01 -5.943526471882005069e+01 -5.827857160626060562e+01 -7.471326395810477550e+01 -8.969234902737186133e+01 -9.071157419314191372e+01 -8.986717190316461767e+01 -8.923666534920533877e+01 -8.984930044626825918e+01 -7.924348500057470801e+01 -8.137080688219755586e+01 -8.916949104057081854e+01 -8.912884457930761073e+01 -8.912314255057032142e+01 -8.931267176190706891e+01 -8.907595578327580199e+01 -8.865252452073198697e+01 -8.805190830272535152e+01 -8.775602767103677593e+01 -8.774137405641418752e+01 -8.814419470747725427e+01 -8.777081072890710800e+01 -7.804043912465142796e+01 -7.181293233271142640e+01 -5.537885675578085909e+01 -7.803185933166514587e+01 -7.631487305588984782e+01 -6.990138712200077009e+01 -6.319573150631578073e+01 -6.547682680037733860e+01 -7.192806018541618585e+01 -7.612610644395415704e+01 -7.715214417375230482e+01 -7.794640896224377968e+01 -7.266629036121906893e+01 -6.610676335637784007e+01
-6.359618126390289206e+01 -5.528390340051065266e+01 -6.425501260179316887e+01 -7.976492735612085028e+01 -8.182104851273733459e+01 -8.855694847743065168e+01 -8.775762497694366004e+01 -8.841127026395464839e+01 -8.803928701009579072e+01 -8.923214041856952861e+01 -9.039700308398926154e+01 -9.006268033127282990e+01 -8.859163147012218076e+01 -8.783228364951045819e+01 -8.900029893138029990e+01 -8.926322877429645075e+01 -8.899607982394466887e+01 -8.772155392254084916e+01 -8.747645048861897976e+01 -8.718883104116980576e+01 -8.664668504353041101e+01 -8.796131909652677905e+01 -8.277120215099631650e+01 -8.059940753069929542e+01 -8.400398767132176658e+01 -8.253628265329776070e+01 -8.189092160762275796e+01 -7.952547158628951252e+01 -6.279533744611852342e+01 -6.325567871479800885e+01 -6.535435974415869964e+01 -6.304890156396334078e+01 -6.209643277575703735e+01 -6.304137527691381138e+01 -5.714205392656069904e+01 -5.378199033387563333e+01 -5.175942191243106549e+01
-6.943068606914316376e+01 -5.578866121707260817e+01 -5.288848563932084801e+01 -6.967004252219682314e+01 -8.613672347367736393e+01 -8.637979061183570195e+01 -8.566326897555819642e+01 -7.089446085217674920e+01 -5.903979127431379226e+01 -8.695496182406263586e+01 -8.782741548282476174e+01 -8.759472950027692661e+01 -8.750093539803998510e+01 -8.667893016307506571e+01 -8.678399932946047102e+01 -6.062089036439761003e+01 -8.072813629154184412e+01 -8.650900309329783511e+01 -8.622753084005688606e+01 -6.756381007328383248e+01 -8.471596328770972661e+01 -8.045762317021672061e+01 -7.245197167921679693e+01 -7.605164032029772159e+01 -7.672455464369450340e+01 -7.452110991806370066e+01 -7.289881781702914054e+01 -7.136868897683119428e+01 -6.509258800018233160e+01 -5.923305080609677731e+01 -5.175709080825548369e+01 -4.715997655348871831e+01 -4.574130414913224030e+01 -4.601188709136241073e+01 -4.534961927086369116e+01 -4.474986166935196508e+01 -4.352169293226035762e+01
-5.641986670427218087e+01 -4.650921646521702257e+01 -4.411476074467566377e+01 -4.851438420572817023e+01 -6.938553867204200287e+01 -8.212350010673051770e+01 -8.210588155711393199e+01 -8.309185584310299078e+01 -8.262803246796487144e+01 -5.716790051200757716e+01 -7.258733463990562029e+01 -8.623183874536327664e+01 -8.523035102084428161e+01 -8.421377781410065211e+01 -8.379071287919170175e+01 -8.540551569651738362e+01 -8.532174289222517416e+01 -8.435685980361081704e+01 -8.310238452980357238e+01 -7.484905541534637052e+01 -8.158524118252040580e+01 -8.211564391445739375e+01 -8.127097752064811687e+01 -6.637789223343342826e+01 -5.809419437736068659e+01 -5.196103640225557285e+01 -5.368024602912212373e+01 -5.732596499882848917e+01 -4.973695039659526884e+01 -4.436734537015691160e+01 -4.169000425028874446e+01 -4.085001389217678280e+01 -3.634748710062633847e+01 -4.006520500054767098e+01 -4.008921164201659337e+01 -3.950822815930761323e+01 -3.790625633630210700e+01
-4.577650410293433936e+01 -4.052935454498711465e+01 -3.883284684289583311e+01 -4.261235064218747226e+01 -5.685815717423446358e+01 -7.620634354516008102e+01 -7.773664987872423637e+01 -7.948094567241621178e+01 -8.036094882968490083e+01 -8.071773511302122017e+01 -7.050851187879212034e+01 -7.206128259878461506e+01 -4.691917561154719607e+01 -5.474093723600329753e+01 -4.596106043392573781e+01 -8.322864715610015196e+01 -7.752782754721276604e+01 -8.062611232717891596e+01 -8.006105849058985768e+01 -7.813705306144491658e+01 -7.684190423840172457e+01 -7.614359667248578489e+01 -6.125797692142295148e+01 -5.261031914599499970e+01 -5.115358708894171968e+01 -4.995475057005692321e+01 -4.667950551215658805e+01 -4.502848045846982927e+01 -4.077645504501507645e+01 -3.779743842053438385e+01 -3.516645807472787055e+01 -2.370722554592017417e+01 -2.795762219131287551e+01 -1.721726128611972939e+01 -3.182377204344495780e+01 -3.219766718964361729e+01 -2.833627288546961509e+01
-3.823172949457808301e+01 -3.129904423413204029e+01 -2.664084004704867681e+01 -3.557736403754378074e+01 -4.927440403458132323e+01 -7.007178178656245393e+01 -6.437589508237292080e+01 -7.013366037666433783e+01 -7.823557191240001885e+01 -7.805490802100035808e+01 -7.943784018868224450e+01 -8.008100777583895535e+01 -7.886109455567439852e+01 -7.794608432816329469e+01 -7.991250888877986824e+01 -7.698541884008717773e+01 -5.566955072539818872e+01 -6.441646463989197002e+01 -7.128539240311138769e+01 -6.891064309688323419e+01 -6.565464298182507719e+01 -6.503528537085018968e+01 -4.951686795924656792e+01 -4.513770806697173299e+01 -4.498982522638969783e+01 -4.399399437467121743e+01 -4.138499281503047911e+01 -3.730458929005914115e+01 -3.207026386831325482e+01 -2.352686478461411568e+01 -1.233026607742200476e+01 -1.998168919724328196e+00 -8.356513407582253805e+00 -1.182890461135583493e+01 -9.106061537205828671e+00 -1.375714865066004400e+01 -1.388581391644626173e+01
-2.857421909441260510e+01 -1.294908232178822693e+01 -2.169067912490184824e+00 -3.261255479830402493e+01 -4.632619583660980567e+01 -5.538437016343716124e+01 -5.618793058820881470e+01 -5.268791019084708438e+01 -5.112213376817410193e+01 -7.502729423910275841e+01 -7.634818390098897112e+01 -7.704127147046163770e+01 -7.744008576036604552e+01 -7.577354276445798575e+01 -7.421910582225999065e+01 -6.674811749778866954e+01 -4.451387931548173782e+01 -4.069503652428612384e+01 -4.278341529714442260e+01 -5.243409732179933513e+01 -6.219901678136860568e+01 -5.660767977463513745e+01 -4.718548447296069526e+01 -4.001822556090904470e+01 -3.852017048024738699e+01 -3.826722034133374706e+01 -3.372111422163955297e+01 -3.039116229699593319e+01 -1.123947057538759786e+01 -6.996789695081538696e+00 -2.301754026498716410e+00 7.400097188106880708e+01 3.924353272175643337e+00 -2.437405409994596983e+00 -2.632449831522899686e+00 -3.612717183038120616e+00 -2.957483225601341914e+00
-8.842226390054188201e+00 1.152009391147606721e+01 3.465784185365504300e+01 -2.503508725840813653e+01 -3.956501823572077825e+01 -4.206283018566251997e+01 -5.844939888805573247e+01 -5.531899861111989480e+01 -4.524591511946474753e+01 -6.191786972608722550e+01 -6.925992323087751856e+01 -5.315162501400129003e+01 -4.629798613769847293e+01 -6.485430936913262201e+01 -6.665240203760689042e+01 -5.887696053976140576e+01 -3.991675054225935071e+01 -3.045701195206170908e+01 -3.941032844353834008e+01 -4.066083646193693824e+01 -4.052849412350894198e+01 -4.915108160796616943e+01 -4.542103539005588431e+01 -3.943776578098128738e+01 -3.022555138270449859e+01 -1.091031517634439751e+01 -8.301016328073972161e+00 -1.922526160812691742e+01 -1.155010272003817207e+01 -2.651246063204675263e+00 4.295686750979641033e+01 1.174098250374583330e+02 5.306881631396204568e+01 7.197001884140667016e+01 5.252198413241922736e+01 2.827207299744199531e+01 1.806080721899760988e+01
-1.303771374378541292e+00 1.247427670185345860e+01 -1.041806159307249757e+01 -2.976060208692592823e+01 -4.402671190701591541e+01 -5.575376591448463159e+01 -5.740337739051063437e+01 -4.041831486117747829e+01 -3.346911719879453528e+01 -3.513526117664278559e+01 -4.422977641547284122e+01 -4.347894979631353607e+01 -4.314981358963880353e+01 -4.597955167248368014e+01 -4.655928420866553807e+01 -4.152871584078699385e+01 -3.432690466850959154e+01 -1.296074517644681379e+01 -3.368836060385222453e+01 -3.511503159391797624e+01 -3.483379162152692743e+01 -3.742080314662470641e+01 -3.888835676692125531e+01 -3.583790072713142649e+01 -2.579682252585687152e+01 -1.082187004587316359e+01 -5.597645054803109588e+00 -2.533081453900595470e+00 -3.713635368969377293e+00 4.642729198593052331e+01 7.806444355524838841e+01 1.144341437272388902e+02 9.372621284548992548e+01 1.019218833578799490e+02 9.187758838615403079e+01 6.005838225456251678e+01 7.155471616722436146e+00
-3.348557974323556063e+00 -2.258205986063589776e+01 -4.313374752604140383e+01 -4.996148103929590434e+01 -5.336791805830674207e+01 -4.435280354180694218e+01 -3.285809309614853646e+01 -1.223689218815428426e+01 -8.990264717800283023e+00 -2.438557314060759040e+01 -3.186816950602571552e+01 -3.555454533272287421e+01 -3.851107066125043588e+01 -3.754239232422666106e+01 -3.644652504939475790e+01 -3.303047413698345736e+01 -2.897044405921709753e+01 -1.568487555314855086e+01 -2.855457712763766054e+01 -1.945043189405594219e+01 -1.462951450834970579e+01 -3.314366116589318523e+01 -3.362546314401443937e+01 -3.333009764990554658e+01 -2.774025981568678390e+01 -7.638418916877400378e+00 1.102321303723467594e+01 1.817189556773215031e+01 1.564494318010493146e+01 3.022987069093835544e+01 1.128454902742981432e+02 1.049298436701652975e+02 1.349997543640958213e+02 1.011113846286432221e+02 5.836435986251974839e+01 4.050663484352671873e+01 1.185860677175537781e+01
-3.335897092255093810e+01 -4.020008424836869665e+01 -4.378535014855977181e+01 -3.719434678603127509e+01 -3.317156036326827007e+01 -2.257339669778337310e+01 -1.442449135409075467e+01 5.787724835352288011e+01 3.136822220995280297e+00 -9.441477187544091265e+00 -1.540201234028705102e+01 -8.820065183274161669e+00 -3.396872335999913872e+01 -3.096958343992795193e+01 -1.964746311145503466e+00 -1.685530319386412756e+01 -2.327287502958407828e+01 -1.218323606314364937e+01 -1.572233644662649255e+01 -1.759264593974472390e+01 -2.689904895220058378e+01 -3.052377680935270732e+01 -3.242254138044242495e+01 -3.253173820480113676e+01 -2.327008330927417035e+01 -2.379590510438529982e+00 5.944726001998545684e+01 2.287489026547608262e+01 8.693020841723462411e+01 4.393847601879034670e+01 9.916344269653644972e+01 1.321482403841776545e+02 1.397694484655220606e+02 7.926017242172420652e+01 5.060582827722384991e+01 3.467012994322190877e+01 3.421019921011763643e+01
