ASPA-UH-Flopy_REPO/Models/SWI_experiment2/Flo_py_wrkspace/Figures/topKML.asc
NCOLS 200
NROWS 100
XLLCENTER 515244
YLLCENTER 8410178
CELLSIZE 167.0
NODATA_value -999.0
[rows 32 to 47 of 100, columns 74 to 110 of 200]
-3.650997953262119466e+01 -3.533546773771581684e+01 -3.091211631446321917e+01 -2.879000809932836802e+01 -2.773592844570132598e+01 -3.060459861814375770e+01 -2.012089059306621053e+01 -3.075139466916967734e+01 -3.079048768313179707e+01 -2.990553425817275013e+01 -2.886177159189049490e+01 -2.770869324296175051e+01 -9.598354141088954350e+00 9.553881241551918890e+01 2.083374742877411450e+02 2.408198182655752078e+02 3.025842978759127959e+02 2.817650589767492875e+02 2.609177975990167511e+02 1.629444181072871061e+02 9.588144888699807211e+01 4.314540045079218089e+01 2.555469474335615487e+01 2.881543017469279988e+01 4.122379179589020737e+01 6.773546422701052450e+01 1.164866389729678957e+02 1.678812908700975584e+02 2.471158864984762999e+02 2.317890606362145718e+02 1.245624656321985810e+02 2.870920415153203820e+01 1.093844811807138129e+01 9.953173394656552375e+00 1.803942691158486511e+01 7.938444651977826538e+01 3.356872735203145197e+01
-3.615638724282634087e+01 -3.440015588569961125e+01 -3.112367897468486078e+01 -3.048541159527779243e+01 -2.514715620692091136e+01 -2.798686978609149278e+01 -1.426616907343602492e+01 -1.380486978719458158e+01 -2.844236456362571985e+01 -2.719287822667249799e+01 -2.632125087094182447e+01 -2.542098482331783771e+01 2.978902532778429091e+01 1.214811816907502049e+02 1.650914122868180414e+02 1.880790687074911318e+02 2.369129748458250901e+02 1.815180814428898373e+02 2.160353780843303184e+02 1.128479883793464040e+02 6.037159352348209040e+01 4.996874753662769564e+01 5.656943357476329481e+01 5.793322876080490857e+01 7.032203895538832228e+01 7.772115452088729626e+01 1.100036005257248348e+02 1.475798427158859454e+02 2.307574548746573555e+02 1.733746223898847916e+02 8.635953764820574463e+01 1.088519856368562557e+02 4.420012673007247628e+01 3.813906695313057327e+01 6.549117358062838434e+01 9.592886336824439297e+01 2.412075682865001980e+01
-3.547634028619259539e+01 -3.353540254595783665e+01 -3.156532113009257401e+01 -2.988093714200415363e+01 -2.847012350855953144e+01 -1.078510390448929357e+01 -1.069571712593931068e+01 3.040570782862151944e+01 -1.179134155806298700e+01 -2.569950823708715504e+01 -2.439849139739086681e+01 -2.221567491328439203e+01 -4.906933274733791706e+00 4.506157571170590614e+01 5.364211372105857834e+01 1.171032270820730616e+02 1.755953738773047519e+02 1.628496147026244500e+02 2.125245066978610566e+02 1.464637664042452059e+02 8.129754987238139563e+01 7.588810270900147259e+01 9.005823645913484654e+01 1.025908063885201074e+02 1.273330716932774749e+02 1.187191853500275300e+02 1.284589483137809225e+02 2.020258887977839208e+02 2.441484668733269245e+02 2.072231819112941764e+02 1.769050511211847549e+02 2.028220740049196991e+02 9.109662785966054344e+01 1.246983852358438583e+02 1.361328272672259061e+02 8.153554223142046453e+01 2.050384870780877478e+01
-3.404056603309432916e+01 -3.201662332811623202e+01 -3.046648315617966318e+01 -2.825612893185700614e+01 -1.277868825146584797e+01 -4.199197262840439038e+00 1.760829372020450023e+01 8.671597219417465396e+01 2.516508745613358400e+01 -1.007377437394766595e+00 -1.234097820941026136e+01 -2.125556502372432277e+01 -1.967678105593356364e+01 -3.000765993387671582e+00 2.738171719676634908e+01 5.329524570880737144e+01 7.607675183581878287e+01 9.763879050512316837e+01 1.521693512871781309e+02 1.633409650800471127e+02 1.156861156340464163e+02 1.034859661030665450e+02 8.994006899464514504e+01 1.746173355880227973e+02 1.593089271097768744e+02 1.503045227145379101e+02 1.882997976680219949e+02 2.401265534327252738e+02 2.844121994514072753e+02 2.477413052672623621e+02 2.208114738583940095e+02 2.248748018331084495e+02 1.938829209841549073e+02 2.332523175508339648e+02 1.706881522002857139e+02 1.062158567340312629e+02 9.395176119562977135e+01
-3.098589711708485339e+01 -2.937990936631173611e+01 -2.711467210054732746e+01 -1.273967873545148777e+01 3.627249993196662636e+00 7.587060983301294925e+01 1.735220292349435738e+02 1.506927830236080297e+02 1.184028352956949846e+02 8.225914826551735359e+01 3.770018702491540807e+01 -2.444361276662036619e+00 -1.559459710628527596e+01 -5.379772436694679527e+00 4.360877024992687367e+00 1.676876486907912778e+01 5.604064775674435595e+01 1.104638596629615819e+02 1.825438917248955590e+02 2.208264054267703216e+02 1.690442256590442582e+02 1.499612172927315896e+02 1.219492594864593968e+02 1.610247231124747032e+02 2.785299942424547339e+02 2.806068398604908225e+02 3.027008372961519171e+02 3.495990883602920576e+02 3.041017864439245955e+02 2.269535705545693816e+02 1.777327307530461269e+02 2.204951992342772940e+02 1.905530504415467021e+02 2.000388981985803980e+02 1.735252589720722085e+02 1.622580442961133826e+02 1.609546178989357088e+02
-2.821202738417629163e+01 -1.349445713589283358e+01 -1.379452938709770748e+01 5.294835614403228874e+01 8.925268371785571730e+01 1.525380776400167804e+02 1.976509002575357670e+02 2.451771605571717600e+02 1.746609175154273998e+02 6.699057746921189960e+01 1.487882141979818584e+01 -1.883740580654257979e+00 -5.438082345645571358e+00 4.987586022437900724e+00 3.476421905205484109e+01 2.945323484200823927e+01 6.905688391684911664e+01 1.233277633493868279e+02 2.603454440264910659e+02 3.092149248396440839e+02 2.618191421082681813e+02 2.154092638277373908e+02 1.595454466879134543e+02 1.813645157833727808e+02 3.369336214763595194e+02 3.957127453022678196e+02 3.761149785943055690e+02 2.878303523213457424e+02 2.246571688126009860e+02 1.690525558915513500e+02 1.365360450357105435e+02 1.320497865928131773e+02 1.330019433159647519e+02 1.572814256693688151e+02 1.047564482001592694e+02 9.040519348779611164e+01 8.517066138548408105e+01
-2.461549410627141299e+01 -1.350660790686715984e+01 3.765954717210809832e+01 9.325600559634187903e+01 1.308076349624856789e+02 1.993234973712840485e+02 2.780440446572984001e+02 2.210383975908271736e+02 1.318334247803458936e+02 7.518773953057244341e+01 1.006472969109644389e+01 3.831187438953031599e+00 3.532960983005768885e+00 2.270669379088489492e+01 9.731808402897824806e+01 7.981195328301700442e+01 7.769725815617819364e+01 1.350475070268910827e+02 2.478596535509674652e+02 3.274530985385197255e+02 3.050541283054174642e+02 3.082986030875856045e+02 2.234017297535744149e+02 2.326520269613009191e+02 3.484159116889275083e+02 3.664668148530774374e+02 3.074375938891989222e+02 2.196545556538435733e+02 2.003951869229393026e+02 1.948733791923348520e+02 1.044486061759041888e+02 6.180736822574848333e+01 3.833130440109823667e+01 2.990772778092686579e+01 8.825445249950094251e+01 2.551624683141423588e+01 6.975415981097010842e+01
-7.431015360659150026e+00 -1.116388961187562145e+01 -8.234895205907634130e-01 1.190957865868471259e+02 1.917623018094856207e+02 2.567660623839043410e+02 2.245724554795652637e+02 1.275735165435851570e+02 1.082233330838824799e+02 5.111531393985895022e+01 2.157745702999392989e+01 1.145679187270749466e+01 4.190258324086683217e+01 5.221354134786668055e+01 9.902707013301127859e+01 1.704029485332746390e+02 1.363498040861126412e+02 1.464920805802834991e+02 2.474453726706886130e+02 3.710981463696422793e+02 3.773243458604758302e+02 3.583028195005890666e+02 2.859855472813215442e+02 3.304030856937297926e+02 3.597364427428886415e+02 2.640389794524759850e+02 2.195782694132130359e+02 2.826771749611445443e+02 3.288905949408404581e+02 2.733611342958200794e+02 1.747885132164416575e+02 1.511139703302497992e+02 8.840597802150408313e+01 2.434704599853301232e+01 1.004618179069233364e+01 6.449335301804762999e+00 5.212729595028763541e+00
2.097936744650908025e+01 4.605713410764244453e-01 1.972477703492097945e+01 1.136655693544436190e+02 2.172508272875039097e+02 3.168386700077033424e+02 2.219370223301870908e+02 1.295755916399088221e+02 7.723277986850514765e+01 5.729677066142647135e+01 3.070957139602045061e+01 3.577797793667598114e+01 6.385808864094887838e+01 1.159035416077327625e+02 1.599176853924661259e+02 2.258542540177957108e+02 2.695973972708170550e+02 2.307742447222360624e+02 2.866326281448592113e+02 3.927043728750459763e+02 4.445259205519864167e+02 3.850133000830727497e+02 3.599611768621109604e+02 3.807176365380533412e+02 2.993067612335663057e+02 3.305785455156568560e+02 3.942838297882311736e+02 3.757487415589101829e+02 3.333015418212852410e+02 3.053511404720875362e+02 2.850260254770375923e+02 1.706938980427781303e+02 1.441911942563071989e+02 7.552931707469132050e+01 5.677674983040672885e+01 4.529493372578946264e+01 6.311820064877726288e+00
5.330591795892138407e+01 6.372836652494123655e+01 2.936848224846159994e+01 7.665672182649767308e+01 1.774327038012172011e+02 2.782559291045275813e+02 2.493421638905658710e+02 2.026032907229325133e+02 1.351443702066956973e+02 6.471325868318791663e+01 6.082944923118201075e+01 7.113853173895606119e+01 9.288186724300462060e+01 1.783915129751012785e+02 3.305927250503295340e+02 3.382067231007021064e+02 4.042492809928745032e+02 3.663799348057782481e+02 4.340275199454525250e+02 4.179562160974711560e+02 4.045081803276532355e+02 3.972676293634412445e+02 4.746426017006896245e+02 4.409865551249407076e+02 4.832448540551748124e+02 5.022550955507167032e+02 5.064238191344925326e+02 4.035621408232365184e+02 3.326117987696312639e+02 2.232455550007788645e+02 2.036044182451099971e+02 2.080597906231411116e+02 1.670272398363557897e+02 1.220156168223817872e+02 1.190551312861673523e+02 1.295272536150795304e+02 9.043226634284155807e+01
6.718026097214271886e+01 1.549156851421913643e+02 8.029371129101812699e+01 9.893465112388308569e+01 1.078669853077116443e+02 2.034516998090922471e+02 3.229250573008704350e+02 2.280631106655086455e+02 1.368552279738965751e+02 1.189308501713964574e+02 1.015885630647005797e+02 1.119221162445135889e+02 1.898873709363076898e+02 2.280848808421912111e+02 4.118276373976186733e+02 4.357544696352630922e+02 3.895971171977096787e+02 3.312272263769218057e+02 3.529468636979572693e+02 3.458623600585752342e+02 3.306279639801958297e+02 3.726589425619425811e+02 3.853119028561264940e+02 5.434352525583153692e+02 5.922316428618069040e+02 5.588171514139952478e+02 5.151190622711461629e+02 4.502652075824690883e+02 3.704286410709641473e+02 2.852955029573285515e+02 2.514819975053966346e+02 1.583064604534470732e+02 1.490296012754854473e+02 1.650542744592222562e+02 1.621897211341368745e+02 1.611526723901387470e+02 1.628137815904380261e+02
1.702103086341585083e+02 1.998424359298931847e+02 2.017056532648668963e+02 2.352398770057830859e+02 2.212707941139825039e+02 2.166547601197697190e+02 2.962884340748900627e+02 2.422421288265831549e+02 2.073487414967959523e+02 2.163534443954705182e+02 1.535088338029644319e+02 1.975624593039605372e+02 3.020496054298930630e+02 3.578121399622653485e+02 4.569759113875601884e+02 4.621006072944524590e+02 3.661912084497859610e+02 3.095304285537406486e+02 2.826936059641342354e+02 2.734744237114899761e+02 2.940604885331940750e+02 3.453958080912779565e+02 3.118388523644459838e+02 3.968153930698687191e+02 4.960948336325778882e+02 5.006670091209521729e+02 4.412674958019431415e+02 3.738777171710552807e+02 3.859644018657962192e+02 3.009861152490955760e+02 2.822748479778277897e+02 2.065828966698186093e+02 1.430721563550094970e+02 8.870555955660569225e+01 8.544618940047236322e+01 7.449420524500560248e+01 9.331442506034274231e+01
2.576130053932731698e+02 2.560457191936161507e+02 3.079729531574857901e+02 3.353176499922990956e+02 3.343846737171276118e+02 3.137008027220485360e+02 3.700084120946880830e+02 3.682069684285743847e+02 3.089467444165055099e+02 2.971123056690780118e+02 2.885438007746951712e+02 2.789594959715372511e+02 4.272580112559867871e+02 4.452913787188284687e+02 4.964623760642422781e+02 4.317445872227187351e+02 4.079489403966567238e+02 3.747200517810790643e+02 2.861768362334086078e+02 2.412225127752305696e+02 2.592507688237259345e+02 2.851875734081331757e+02 2.341925919602191470e+02 2.918749444915065396e+02 4.056717651798336988e+02 4.243753236173905066e+02 3.766433678178107129e+02 2.966666293986584719e+02 2.753342488962064181e+02 2.398992731800894660e+02 1.679296420177901723e+02 1.579631073970469117e+02 1.706424594827229555e+02 1.689549402869654102e+02 1.404652151890915661e+02 6.972273029310184711e+01 1.097540280453472583e+01
3.404514665428328044e+02 3.752175840077194948e+02 3.668819641984280793e+02 3.254696109821955474e+02 2.682196742597443517e+02 2.721413462513836521e+02 2.861772237369348773e+02 2.803650333757031490e+02 3.040588215884205852e+02 3.343829975708099482e+02 3.453127163271300901e+02 4.316772159861177443e+02 4.440792120159517253e+02 4.386047055450351309e+02 4.517129110488226047e+02 4.583124617952149151e+02 4.468089441955643224e+02 4.023651466601299944e+02 2.998062088779019518e+02 2.470118549746878216e+02 1.770524564673784198e+02 1.794243328332119347e+02 1.835422144540114857e+02 2.804682900728105324e+02 3.561727443988286836e+02 3.581690699647450629e+02 3.373934132259523153e+02 2.999760138984997297e+02 2.379638904305223264e+02 2.068780306099910149e+02 1.530225851442822318e+02 1.003889024433399442e+02 5.329704870875778511e+01 8.539425560249114255e+01 1.325905732144919114e+02 1.183938676085626724e+02 2.273638475286979954e+01
3.418258061895281230e+02 3.828242234985398795e+02 3.545891069057794311e+02 2.189027890564482561e+02 1.443916672980041938e+02 1.908683342311763340e+02 2.538054352171569121e+02 2.112680942352974967e+02 2.310609343711252563e+02 2.184471106359414705e+02 2.497283119999231360e+02 3.611356344237844382e+02 3.676061564943642566e+02 4.137180231769935403e+02 4.231291188537077801e+02 3.844840412269759327e+02 3.846278404661148898e+02 4.137153461764942222e+02 3.013898354228107905e+02 2.303853560538620684e+02 1.803295303373996035e+02 1.195865510412826751e+02 1.899439608137849973e+02 2.665725062084188153e+02 3.410704019088445307e+02 2.824911831799108199e+02 2.831263647964798906e+02 2.774395884465487825e+02 2.469389064883004039e+02 2.130870116957375728e+02 2.400399745006993157e+02 1.755444991662896541e+02 7.165218943639212057e+01 9.159143638021372880e+00 3.802395541335681628e+01 2.272955724841030190e+01 4.593724737948760151e+01
3.779091906883413117e+02 3.993971108486097705e+02 3.288609786346671058e+02 2.110736235924406117e+02 1.135297272840962819e+02 1.367230916236283349e+02 1.855025457851188833e+02 1.691090512887493560e+02 1.534653193167106338e+02 1.894528037876767428e+02 2.930485843416669240e+02 3.340704812786789830e+02 3.675740237612484975e+02 4.171395167389061953e+02 3.726532397780584915e+02 3.000176374183729990e+02 3.359363273038073316e+02 3.390679972494618823e+02 3.151636074477007696e+02 2.801050966145833172e+02 1.445455376582474116e+02 8.597657280508174438e+01 1.855718894283934048e+02 2.979385553929583352e+02 2.908779944838902338e+02 3.020589560921524708e+02 2.650247019331945921e+02 2.365584961525156018e+02 2.208416369046465491e+02 1.360880423712886511e+02 1.548394108669648404e+02 1.596481920846964044e+02 1.117884610464838175e+02 2.277022731379953768e+01 -3.900144393461203673e+00 -5.473393619371066166e+00 -3.089555610246923045e+00
