ASPA-UH-Flopy_REPO/Models/SWI_experiment2/Flo_py_wrkspace/Figures/topKML.asc
NCOLS 200
NROWS 100
XLLCENTER 515244
YLLCENTER 8410178
CELLSIZE 167.0
NODATA_value -999.0
[rows 80 to 95 of 100, columns 74 to 110 of 200]
4.180687318199824176e+01 3.572442492278637616e+01 2.435474931673388355e+01 2.193748241106387553e+01 2.031604467320227414e+01 1.749159448390610905e+01 1.372064313244861111e+01 7.021482368956827536e+00 -1.374568433316508020e+01 -7.828817314253156212e+01 -1.969833666333910855e+02 -2.185551350756502416e+02 -2.181892652095194478e+02 -2.423753261568513153e+02 -2.904658459123065199e+02 -3.623883708688500747e+02 -5.799281294648450285e+02 -6.369408458745544976e+02 -7.066591927167056610e+02 -7.322668204958540628e+02 -7.266800112112130137e+02 -7.153685426732474752e+02 -7.042594170839223580e+02 -7.586049894812322236e+02 -8.392630616059991553e+02 -8.883215168725168951e+02 -9.293024527331543823e+02 -9.602833107005509419e+02 -1.004315989364604548e+03 -1.044025870657221276e+03 -1.079720092696023812e+03 -1.120247750821738236e+03 -1.148618225626151570e+03 -1.185508483541460237e+03 -1.214395334519399057e+03 -1.244415585377882962e+03 -1.240000000000000000e+03
4.381931185140962981e+01 3.386281064759593562e+01 2.322422681953556989e+01 1.917139780737807087e+01 1.563085663563148664e+01 1.051524934734594474e+01 5.405058047585765912e+00 -2.591705747420328443e+00 -3.767681287736692042e+01 -1.864440219953981170e+02 -2.448021750753586616e+02 -2.829482732576774424e+02 -3.012211624753272758e+02 -3.509512576846825027e+02 -4.335002495786744703e+02 -5.581695122499161243e+02 -5.954553523500586607e+02 -7.056727485850593666e+02 -7.746770699311690578e+02 -8.407076809135581925e+02 -8.452697566221205534e+02 -8.111779390131626997e+02 -7.967990039044572086e+02 -8.101322144922079360e+02 -8.454910774670212277e+02 -9.268408323801390907e+02 -9.612546538774331566e+02 -9.948186403110324818e+02 -1.015197212324311636e+03 -1.060446255406270893e+03 -1.101719562791834960e+03 -1.142189855690241984e+03 -1.183198397887655119e+03 -1.218339273716153912e+03 -1.240000000000000000e+03 -1.240000000000000000e+03 -1.240000000000000000e+03
4.675463019156001110e+01 3.179337504466710129e+01 2.070098118810857812e+01 1.348418696326667643e+01 1.022727125613933374e+01 3.768981614751647946e+00 4.937247311955011431e-01 -1.182649641601301660e+01 -6.413080005557780794e+01 -2.466694774345808696e+02 -3.039581007673689896e+02 -3.407172810138511636e+02 -3.884291123257851837e+02 -4.468670398452258610e+02 -6.033468984558810462e+02 -6.309336511879727141e+02 -6.026509974441052009e+02 -7.396109317554132758e+02 -8.314026033501958182e+02 -8.891642353110845534e+02 -9.212597690312168197e+02 -8.913832091121275880e+02 -8.552951174206905307e+02 -9.066010708114531553e+02 -9.172747778839767534e+02 -9.522395347123642750e+02 -1.004986404693443319e+03 -1.021087993119506450e+03 -1.045015537512735364e+03 -1.081363586562780483e+03 -1.119480107764972900e+03 -1.153178164018283496e+03 -1.187516108947701468e+03 -1.238253545683641732e+03 -1.240000000000000000e+03 -1.240000000000000000e+03 -1.240000000000000000e+03
4.997271005315011649e+01 3.221858647785459340e+01 1.738965618338277608e+01 1.054715402872020924e+01 2.585372583734443452e+00 8.346996129092081329e-01 -1.419102401302866667e+01 -1.646610242706900706e+01 -1.071486579492290616e+02 -2.811304361242225127e+02 -3.455705563506994622e+02 -3.904576395798819135e+02 -4.251974595502585430e+02 -5.305770430414679595e+02 -6.539580105931546541e+02 -7.233061562143662968e+02 -7.758706251792528974e+02 -8.216091609393315593e+02 -8.685430400134251840e+02 -9.337927223421493181e+02 -9.726231813130764294e+02 -9.779825789391408080e+02 -9.542081331217502793e+02 -9.749487747372318154e+02 -9.914040276220185888e+02 -1.015031684650653688e+03 -1.036889094440287863e+03 -1.058008481878072871e+03 -1.087822276138451798e+03 -1.122540896903771227e+03 -1.151395673567297308e+03 -1.184093137551585414e+03 -1.204312906826969765e+03 -1.242857397517615482e+03 -1.240000000000000000e+03 -1.240000000000000000e+03 -1.240000000000000000e+03
5.010570741563395814e+01 3.575664272518067577e+01 2.035357188395708050e+01 1.139533091708028323e+01 -1.242180182154070245e+01 -1.589361249826233013e+01 -1.393594115468269123e+01 -2.906159033556544102e+01 -8.211069148628914149e+01 -3.155747591631198361e+02 -3.782297871006147716e+02 -4.124199148558417392e+02 -4.439059258245885076e+02 -6.228900863905262213e+02 -7.504568520206393032e+02 -7.878355459614321035e+02 -8.334244482679879411e+02 -8.796639776386305130e+02 -9.287414464360798547e+02 -9.643073180672041644e+02 -1.021597746204071996e+03 -1.054216258148989709e+03 -1.017577330852071213e+03 -1.027370457081281302e+03 -1.048385346759253935e+03 -1.077757370871188414e+03 -1.090370008930336326e+03 -1.109943473821639373e+03 -1.132465719449549169e+03 -1.162819758399871716e+03 -1.204412093424990417e+03 -1.233819756314952656e+03 -1.240000000000000000e+03 -1.240000000000000000e+03 -1.240000000000000000e+03 -1.240000000000000000e+03 -1.240000000000000000e+03
4.604453585597667598e+01 3.700558392177428146e+01 1.924180761405392204e+01 -1.647088204106990306e+00 -1.562513048791524994e+01 -1.921939755231192493e+01 -2.939992775298359717e+01 -5.677252704906715763e+01 -1.078349467978656406e+02 -2.932567740050128009e+02 -3.835056448018834203e+02 -4.274348062115393532e+02 -4.590594348181949726e+02 -7.549146247949470308e+02 -8.068303754461321660e+02 -8.361131717160803873e+02 -8.828503507890139872e+02 -9.262909548396156652e+02 -9.779353944637882705e+02 -1.009873429964387697e+03 -1.059428845306604671e+03 -1.122929226822667943e+03 -1.077044574567134305e+03 -1.096961864163486553e+03 -1.108938895547492848e+03 -1.139421354796692412e+03 -1.156345094359509858e+03 -1.162146446400078048e+03 -1.176672553512673403e+03 -1.208040633820543007e+03 -1.240000000000000000e+03 -1.240000000000000000e+03 -1.240000000000000000e+03 -1.240000000000000000e+03 -1.240000000000000000e+03 -1.240000000000000000e+03 -1.240000000000000000e+03
4.159507650671644541e+01 3.536479692746795678e+01 7.495726094118176697e+00 -1.529907659199951198e+01 -2.228183374374283332e+01 -3.212955101518507917e+01 -4.825572930355629353e+01 -7.188666033818189760e+01 -2.241261768138382138e+02 -3.352867916153408032e+02 -4.102235092253485504e+02 -4.373404478844502705e+02 -5.703795572259411983e+02 -7.619536384337404797e+02 -8.316660929926169956e+02 -8.828482405133714792e+02 -9.278596956445319393e+02 -9.748719961067646409e+02 -1.008403849810699171e+03 -1.050347976698760249e+03 -1.103489157648655464e+03 -1.192580389801642923e+03 -1.179766298923722616e+03 -1.140300742072067123e+03 -1.152399785169970983e+03 -1.189821730507831489e+03 -1.216028389674874234e+03 -1.215674282372064226e+03 -1.221013267889832832e+03 -1.240000000000000000e+03 -1.240000000000000000e+03 -1.240000000000000000e+03 -1.240000000000000000e+03 -1.240000000000000000e+03 -1.240000000000000000e+03 -1.240000000000000000e+03 -1.240000000000000000e+03
3.606808930622404574e+01 2.076165103455029737e+01 4.658180806541276198e+00 -1.611515129112510181e+01 -4.065481461444832689e+01 -5.349680867107378646e+01 -6.540913153401895386e+01 -7.989305506955211911e+01 -2.333157552537765866e+02 -3.837497348867931919e+02 -4.493806938840991165e+02 -5.538113983753736420e+02 -6.560037629694056704e+02 -7.656072270479617146e+02 -8.516198615006393311e+02 -9.217207970973901183e+02 -9.723653692199320631e+02 -1.019602783809062771e+03 -1.058461112078318138e+03 -1.090352507428140825e+03 -1.142162133682402327e+03 -1.214794795666146683e+03 -1.215808870370537988e+03 -1.194629381938277447e+03 -1.203132627357136244e+03 -1.225887318513272930e+03 -1.248739040067772521e+03 -1.240000000000000000e+03 -1.240000000000000000e+03 -1.240000000000000000e+03 -1.240000000000000000e+03 -1.240000000000000000e+03 -1.240000000000000000e+03 -1.240000000000000000e+03 -1.240000000000000000e+03 -1.240000000000000000e+03 -1.240000000000000000e+03
2.796943373814240275e+01 1.557075162881339025e+01 -1.362262254835912323e+01 -3.068645756985500483e+01 -6.144220795523475687e+01 -6.832439854628184150e+01 -7.043409958759279732e+01 -8.075207500529069193e+01 -1.616876447956604466e+02 -4.065218633659980583e+02 -5.534433933678371886e+02 -6.736688341454491820e+02 -7.348973165010878574e+02 -7.973286871609726632e+02 -8.774404691446638935e+02 -9.564269688054749849e+02 -1.014916671460145722e+03 -1.058267116371487646e+03 -1.108581617670979313e+03 -1.139171510332415892e+03 -1.181387444089719793e+03 -1.213932955179068358e+03 -1.224708603780647991e+03 -1.235681408642516317e+03 -1.237324291476931421e+03 -1.240000000000000000e+03 -1.240000000000000000e+03 -1.240000000000000000e+03 -1.240000000000000000e+03 -1.240000000000000000e+03 -1.240000000000000000e+03 -1.240000000000000000e+03 -1.240000000000000000e+03 -1.240000000000000000e+03 -1.240000000000000000e+03 -1.240000000000000000e+03 -1.240000000000000000e+03
-1.243698850616640428e+01 -1.408352599267848682e+01 -1.499813142652609343e+01 -5.105513640163231770e+01 -6.790313758543365452e+01 -7.496051840166406066e+01 -8.098842157482569348e+01 -8.934747080538883779e+01 -1.095179846515372475e+02 -3.006729181047444968e+02 -5.003769332522271043e+02 -6.866087483099123574e+02 -7.756571193097942114e+02 -8.323805274505987200e+02 -8.986924926555346929e+02 -9.667663144353190319e+02 -1.038568829209740443e+03 -1.087577999816166766e+03 -1.134691648638648985e+03 -1.177704547201713922e+03 -1.213028216685694360e+03 -1.230887412291634291e+03 -1.226171178063626940e+03 -1.235145848377607990e+03 -1.249576286110519959e+03 -1.240000000000000000e+03 -1.240000000000000000e+03 -1.240000000000000000e+03 -1.240000000000000000e+03 -1.240000000000000000e+03 -1.240000000000000000e+03 -1.240000000000000000e+03 -1.240000000000000000e+03 -1.240000000000000000e+03 -1.240000000000000000e+03 -1.240000000000000000e+03 -1.240000000000000000e+03
-5.007191728488705706e+01 -1.810720372511172727e+01 -3.947961975761067066e+01 -6.642343339786020806e+01 -7.191951774127008434e+01 -7.686194252009650540e+01 -8.511769949156446557e+01 -9.451060551634280671e+01 -1.166809671492984535e+02 -2.459209412115743589e+02 -5.173156691507900860e+02 -6.759998806222688472e+02 -8.133607153751291889e+02 -8.741368569521926020e+02 -9.320258087728826695e+02 -9.961632422118066188e+02 -1.063091683433924800e+03 -1.116230856291791270e+03 -1.164767764638662811e+03 -1.206256437668864010e+03 -1.240200219838878184e+03 -1.242917678788511466e+03 -1.233087155301792563e+03 -1.241893098220895581e+03 -1.240000000000000000e+03 -1.240000000000000000e+03 -1.240000000000000000e+03 -1.240000000000000000e+03 -1.240000000000000000e+03 -1.240000000000000000e+03 -1.240000000000000000e+03 -1.240000000000000000e+03 -1.240000000000000000e+03 -1.240000000000000000e+03 -1.240000000000000000e+03 -1.240000000000000000e+03 -1.240000000000000000e+03
-7.336949260129101447e+01 -3.392811352962306870e+01 -5.837547743799832745e+01 -7.507227743126634323e+01 -7.800806252814848563e+01 -8.150403320492938519e+01 -9.271192037119473639e+01 -1.139653989420443452e+02 -2.124368749766662177e+02 -4.680149007243107917e+02 -5.711870024189512378e+02 -6.715096717932839283e+02 -8.423251574685367586e+02 -9.171634820710156646e+02 -9.626513977271287104e+02 -1.026565137446443941e+03 -1.088921323270063340e+03 -1.138601437756828091e+03 -1.202689807236567503e+03 -1.233416932833217516e+03 -1.240000000000000000e+03 -1.240000000000000000e+03 -1.240000000000000000e+03 -1.240000000000000000e+03 -1.240000000000000000e+03 -1.240000000000000000e+03 -1.240000000000000000e+03 -1.240000000000000000e+03 -1.240000000000000000e+03 -1.240000000000000000e+03 -1.240000000000000000e+03 -1.240000000000000000e+03 -1.240000000000000000e+03 -1.240000000000000000e+03 -1.240000000000000000e+03 -1.240000000000000000e+03 -1.240000000000000000e+03
-2.174516145802398341e+02 -8.569722887619259666e+01 -7.633138200057612721e+01 -8.132243321941990644e+01 -8.625087635891291882e+01 -9.179346184004593567e+01 -1.327281554133202235e+02 -2.548982315046577014e+02 -3.974290631845715893e+02 -5.428092784412453966e+02 -6.494479448274120159e+02 -7.164058214392387072e+02 -8.025726139682383291e+02 -9.400099848130463442e+02 -1.005368473168909077e+03 -1.053323837080996555e+03 -1.119422814577496183e+03 -1.176912599234033905e+03 -1.228622791506270005e+03 -1.240000000000000000e+03 -1.240000000000000000e+03 -1.240000000000000000e+03 -1.240000000000000000e+03 -1.240000000000000000e+03 -1.248691307713572769e+03 -1.246466034618118329e+03 -1.243847599483766771e+03 -1.243540000380437277e+03 -1.240000000000000000e+03 -1.240000000000000000e+03 -1.240000000000000000e+03 -1.240000000000000000e+03 -1.240000000000000000e+03 -1.240000000000000000e+03 -1.240000000000000000e+03 -1.240000000000000000e+03 -1.240000000000000000e+03
-3.526085276452866992e+02 -2.476497570005278988e+02 -1.482374113972404643e+02 -9.906663148543486841e+01 -9.499478830999106549e+01 -1.102673692872965177e+02 -3.156005414465369086e+02 -5.130105441317706436e+02 -5.707367194781602393e+02 -6.242402967167348606e+02 -6.933159225547882443e+02 -7.728158329205728023e+02 -8.375555406832881999e+02 -9.261028985464364496e+02 -1.035597083848816055e+03 -1.093726446880530602e+03 -1.153845482595561862e+03 -1.205752696763550830e+03 -1.240000000000000000e+03 -1.240000000000000000e+03 -1.240000000000000000e+03 -1.240000000000000000e+03 -1.240000000000000000e+03 -1.240000000000000000e+03 -1.235510100425316978e+03 -1.216666487004979217e+03 -1.209046197902466929e+03 -1.193297847981665427e+03 -1.240000000000000000e+03 -1.240000000000000000e+03 -1.240000000000000000e+03 -1.240000000000000000e+03 -1.240000000000000000e+03 -1.240000000000000000e+03 -1.240000000000000000e+03 -1.240000000000000000e+03 -1.240000000000000000e+03
-4.437106279518685596e+02 -4.184411441167393946e+02 -3.376741493842915816e+02 -2.783185265887504443e+02 -1.730170504784746583e+02 -1.166173132012713864e+02 -4.493565605754637318e+02 -5.724137398292632497e+02 -6.316532416303832633e+02 -6.913399577167017469e+02 -7.539393639316568851e+02 -8.050596041281761472e+02 -8.896960355789517507e+02 -9.736185894920977262e+02 -1.053950594351327709e+03 -1.131689732969796296e+03 -1.186043364437116907e+03 -1.225697055480792642e+03 -1.240000000000000000e+03 -1.240000000000000000e+03 -1.240000000000000000e+03 -1.240000000000000000e+03 -1.240000000000000000e+03 -1.240000000000000000e+03 -1.222355096073226377e+03 -1.186238047641807043e+03 -1.168542373380177423e+03 -1.176414051171333540e+03 -1.240000000000000000e+03 -1.240000000000000000e+03 -1.240000000000000000e+03 -1.240000000000000000e+03 -1.240000000000000000e+03 -1.240000000000000000e+03 -1.240000000000000000e+03 -1.240000000000000000e+03 -1.240000000000000000e+03
-4.823484096911050756e+02 -4.936867769124491474e+02 -4.747324827045895290e+02 -4.242192805382956635e+02 -3.317059036470034812e+02 -2.113043462672485191e+02 -4.575953752406973649e+02 -6.000590924755532569e+02 -6.725280905477087572e+02 -7.308830679082473125e+02 -7.897963632480031038e+02 -8.767817812615262483e+02 -9.183525015738438242e+02 -9.760407494738592504e+02 -1.059859225836825772e+03 -1.159780609339631610e+03 -1.212433302201755168e+03 -1.240000000000000000e+03 -1.240000000000000000e+03 -1.240000000000000000e+03 -1.240000000000000000e+03 -1.240000000000000000e+03 -1.240000000000000000e+03 -1.240000000000000000e+03 -1.199650671122745507e+03 -1.122680254002917764e+03 -1.110154917345482090e+03 -1.193004830607300164e+03 -1.240000000000000000e+03 -1.240000000000000000e+03 -1.240000000000000000e+03 -1.240000000000000000e+03 -1.240000000000000000e+03 -1.240000000000000000e+03 -1.240000000000000000e+03 -1.240000000000000000e+03 -1.240000000000000000e+03
