ASPA-UH-SWB2_REPO/output/D8_Flow_Routing__Upslope_Contributing_Area.asc
NCOLS        350
NROWS        200
XLLCORNER     515000.000
YLLCORNER    8409000.000
CELLSIZE        100.000
NODATA_VALUE          -9999
[rows 80 to 159 of 200, columns 96 to 191 of 350]
0 0 0 0 0 0 0 0 0 0 0 0 0 0 0 0 0 0 0 0 0 0 0 0 0 0 0 0 0 0 0 0 0 0 0 0 0 0 0 0 0 0 2 1 1 0 0 0 0 0 0 0 0 0 2 1 2 6 3 1 4 8 1 1 2 3 12 10 16 57 1 2 8 1 2 2 24 1 2 1 1 2 5 4 5 1 1 10 2 3 2 1 2 3 15 19
0 0 0 0 0 0 0 0 0 0 0 0 0 0 0 0 0 0 0 0 0 0 0 0 0 0 0 0 0 0 0 0 0 0 0 0 0 0 0 0 0 0 10 1 1 4 0 0 0 0 0 0 0 0 0 1 9 4 1 1 13 1 1 1 1 2 6 9 15 55 1 1 5 2 1 1 16 7 2 1 1 4 1 2 3 1 2 9 1 2 1 1 2 11 3 3
0 0 0 0 0 0 0 0 0 0 0 0 0 0 0 0 0 0 0 0 0 0 0 0 0 0 0 0 0 0 0 0 0 0 0 0 0 0 0 0 1 6 9 4 1 1 2 8 2 0 0 0 0 0 0 12 1 5 2 2 22 8 6 3 1 1 4 8 14 2 51 1 1 3 1 12 1 2 4 1 2 1 1 1 1 1 1 4 1 1 1 3 6 2 2 2
0 0 0 0 0 0 0 0 0 0 0 0 0 0 0 0 0 0 0 0 0 0 0 0 0 0 0 0 0 0 0 0 0 0 0 0 0 0 1 8 1 5 3 1 3 1 5 2 1 3 1 0 0 0 0 47 46 45 39 34 11 9 2 1 1 3 1 6 13 1 47 2 1 2 1 5 5 1 2 1 1 1 2 1 1 1 1 1 1 1 1 1 1 1 1 1
0 0 0 0 0 0 0 0 0 0 0 0 0 0 0 0 0 0 0 0 0 0 0 0 0 0 0 0 0 0 0 0 0 0 0 0 1 1 15 2 7 4 1 1 2 1 3 1 1 1 0 0 0 0 0 60 59 7 3 2 1 1 6 3 1 2 3 2 12 1 44 2 1 1 2 2 3 1 1 1 1 1 1 4 3 1 1 1 1 2 1 1 1 1 1 1
0 0 0 0 0 0 0 0 0 0 0 0 0 0 0 0 0 0 0 0 0 0 0 0 0 0 0 0 0 0 0 0 0 0 0 0 3 1 11 1 1 6 3 1 1 1 1 1 1 1 1 0 0 0 1 9 4 51 3 2 1 1 1 1 1 1 2 1 11 1 27 15 2 1 1 1 1 1 1 1 2 3 2 5 1 5 2 3 1 1 5 3 1 1 3 1
0 0 0 0 0 0 0 0 0 1 2 2 0 0 0 0 0 0 0 0 0 0 0 0 0 0 0 0 0 0 0 0 0 0 0 1 2 1 2 8 1 3 2 1 1 1 1 2 4 6 8 19 143 27 4 3 1 3 50 46 6 4 3 2 1 1 2 10 2 3 25 12 4 2 1 1 1 1 1 2 60 67 73 6 1 7 3 4 2 1 1 10 1 1 5 2
0 0 0 0 0 2 0 0 0 3 1 1 0 0 0 0 0 0 0 0 0 0 0 0 0 0 0 0 0 0 0 0 0 0 0 0 1 1 1 4 2 2 1 1 1 2 4 5 6 9 10 3 139 26 3 2 1 2 3 29 10 4 3 2 1 1 1 6 1 2 19 5 2 1 1 1 2 2 2 58 2 2 1 75 88 99 109 114 117 3 1 1 13 1 1 11
0 0 0 1 1 1 2 20 4 1 1 0 0 0 0 0 0 0 0 0 0 0 0 0 0 0 0 0 0 0 0 0 0 0 0 0 7 6 1 1 2 1 1 1 3 1 1 1 2 1 2 137 1 3 22 2 1 1 2 1 27 5 4 3 2 1 1 4 1 1 17 3 1 1 1 3 1 3 48 4 1 1 2 5 3 4 2 2 3 124 2 2 16 2 1 12
0 0 4 20 5 1 1 19 2 1 1 0 0 0 0 0 0 0 0 0 0 0 0 0 0 0 0 0 0 0 0 0 1 0 0 3 2 1 4 3 2 1 1 2 4 5 1 2 1 1 88 48 1 2 3 18 10 2 1 1 5 20 11 3 2 1 1 2 1 2 14 1 1 1 2 4 30 40 2 2 1 1 2 2 3 1 1 5 9 10 146 153 154 19 2 1
45 1 3 14 2 1 1 17 1 1 2 4 33 0 1 2 2 2 0 0 0 0 0 0 0 1 2 2 17 2 2 38 1 2 4 63 2 1 1 2 1 1 1 2 3 16 22 28 34 70 16 46 2 1 2 2 5 7 1 1 3 4 4 7 3 1 1 1 3 6 6 1 1 1 1 15 6 7 2 1 1 1 1 1 1 1 4 3 1 9 6 2 8 165 185 191
1 43 2 12 1 1 14 1 1 1 2 27 1 1 268 1 1 1 2 0 0 0 0 0 8 2 1 1 16 1 1 35 1 1 3 60 8 7 5 2 1 1 1 2 7 1 4 1 1 35 15 31 12 1 1 1 1 3 6 1 1 3 3 2 1 1 1 1 1 1 3 2 6 11 13 4 1 2 4 1 1 1 1 1 1 2 2 1 6 1 5 1 5 2 3 4
1 40 2 1 11 1 12 1 1 2 22 2 1 264 1 2 1 1 1 0 0 0 1 1 5 2 1 1 13 1 1 2 31 1 1 15 36 2 1 1 2 1 1 2 2 2 1 1 32 2 14 15 15 11 3 2 1 2 4 1 1 1 1 1 1 1 2 1 1 1 1 1 5 2 1 2 1 1 3 3 4 6 9 2 1 1 1 1 3 2 2 2 2 1 2 3
1 36 2 1 8 1 10 1 1 2 19 1 1 259 3 2 1 1 2 0 0 0 45 4 1 1 1 1 10 1 1 2 30 1 1 2 11 33 25 5 2 1 1 1 1 1 2 3 27 1 13 14 1 14 7 3 2 1 2 1 1 1 1 1 1 2 3 2 3 1 1 1 1 3 1 1 1 2 2 2 3 6 8 19 24 26 1 1 1 1 1 1 1 1 2 1
1 35 2 1 6 1 1 8 1 2 13 1 1 257 3 2 1 1 3 0 0 87 40 38 3 2 1 1 7 1 1 2 26 1 1 1 9 3 4 18 2 2 1 1 2 3 13 25 1 1 11 12 1 4 9 3 2 1 1 1 2 4 1 1 3 3 4 7 1 1 3 1 1 1 1 1 2 1 1 1 2 1 1 1 2 4 32 1 1 1 1 1 1 1 1 1
1 32 2 1 5 1 1 6 1 10 2 1 4 9 243 2 1 1 2 2 10 86 1 1 37 2 1 1 2 3 1 1 4 17 1 2 6 2 3 2 13 4 1 1 3 9 1 10 1 1 9 10 1 3 2 6 1 1 1 1 2 22 1 1 5 4 12 1 1 2 5 2 1 1 1 1 1 3 1 1 1 1 1 1 1 1 4 39 41 2 2 2 2 2 1 1
1 28 1 1 2 1 1 4 1 7 1 2 3 1 237 3 2 1 1 5 2 72 2 1 1 33 2 1 1 1 1 1 2 12 3 1 5 1 2 1 3 3 1 1 3 2 4 3 1 5 3 6 2 2 1 3 1 1 2 4 12 1 25 28 35 17 2 2 1 1 8 6 2 2 1 1 2 2 5 2 1 2 3 1 1 1 1 1 1 43 50 51 56 3 2 3
46 1 27 13 1 1 1 2 1 5 1 2 1 2 236 5 2 1 4 1 1 71 3 2 1 2 28 25 1 1 1 1 2 3 6 2 3 1 1 1 1 1 1 1 1 1 3 2 2 2 2 3 2 1 1 1 1 1 3 6 1 1 1 1 1 55 1 4 1 2 15 1 5 2 1 1 2 3 3 8 2 1 3 4 3 1 1 1 1 1 1 1 3 64 3 5
44 1 1 12 11 2 1 1 3 1 1 1 2 226 2 1 2 1 3 1 2 3 63 2 1 1 2 1 22 2 2 1 1 2 5 1 1 1 1 1 1 1 1 1 1 1 1 1 1 1 1 1 1 1 1 1 1 1 1 1 1 3 4 5 7 73 75 5 2 19 1 9 2 1 2 2 1 4 10 15 26 2 35 36 46 48 2 2 2 1 1 1 1 1 66 0
39 3 1 10 1 8 3 1 2 1 1 5 7 10 213 2 1 1 2 1 2 5 60 4 2 1 1 1 18 15 10 9 1 1 3 1 1 1 1 3 2 3 1 2 2 1 1 1 1 1 1 1 1 1 3 2 1 1 1 1 1 1 2 3 9 1 77 6 1 22 10 2 1 1 5 1 1 2 1 1 2 29 1 2 2 4 55 5 1 3 1 1 2 3 0 0
31 1 1 8 1 2 2 1 1 1 3 1 1 1 207 3 2 1 1 1 2 1 49 1 1 1 1 1 1 1 1 4 3 1 2 1 2 4 7 4 3 5 1 1 5 2 2 2 2 2 17 14 1 10 8 1 1 3 3 1 1 2 3 5 1 1 2 86 2 36 3 1 1 1 9 1 1 1 1 1 1 1 1 1 1 2 4 66 2 5 1 1 0 1 0 0
29 1 1 2 4 1 1 1 1 1 1 2 1 1 200 6 2 1 1 3 4 5 1 41 39 35 4 2 1 1 1 1 2 1 1 1 2 3 4 16 9 3 1 1 7 3 1 7 25 22 3 1 11 2 1 1 1 6 5 1 1 1 1 1 2 5 6 1 125 1 7 4 1 1 1 10 14 2 2 1 4 2 2 1 1 1 1 2 69 77 0 0 0 0 0 0
25 2 1 1 2 1 1 2 1 3 1 1 4 6 192 3 3 1 1 1 1 3 2 1 1 2 29 23 22 3 1 2 1 1 1 1 2 3 4 1 31 1 1 1 2 11 1 36 2 1 1 1 5 2 1 1 1 1 13 2 1 2 1 1 1 1 2 9 148 11 1 1 1 1 3 1 1 18 3 1 2 9 3 2 1 1 1 1 2 0 0 0 0 0 0 0
16 7 2 1 1 1 1 2 4 1 5 1 1 182 5 1 2 1 1 2 4 216 33 27 1 1 1 4 1 17 13 2 1 3 2 1 2 3 4 9 43 2 1 2 1 14 2 38 1 1 1 8 2 1 1 1 2 4 19 4 1 3 2 2 1 1 1 2 150 1 2 1 1 2 4 1 1 2 22 1 1 2 12 7 1 1 2 1 2 0 0 0 0 0 0 0
2 12 4 1 1 2 4 6 9 15 6 2 174 6 3 1 1 1 1 1 174 1 1 4 25 2 1 1 1 1 2 8 6 1 1 1 2 1 2 3 44 2 1 3 1 65 49 7 4 2 1 9 1 1 2 2 1 1 2 25 1 4 1 5 1 2 2 153 1 1 1 1 1 4 6 1 1 2 27 2 1 1 2 22 2 1 4 1 0 0 0 0 0 0 0 0
1 10 1 2 1 2 3 9 12 15 42 171 1 1 3 2 1 1 3 5 172 6 2 2 1 22 20 17 11 2 1 1 1 1 1 3 4 3 1 1 49 3 2 4 71 2 1 1 1 1 2 13 1 2 1 6 2 1 1 4 27 5 1 7 1 4 3 154 17 8 5 3 1 1 12 2 1 2 1 30 2 1 1 1 26 6 1 0 0 0 0 0 0 0 0 0
5 3 1 1 1 2 5 2 2 2 3 126 2 1 2 1 1 5 7 159 1 2 1 1 1 1 2 4 1 8 6 2 1 1 2 3 4 9 13 15 65 4 3 77 1 2 1 1 1 19 15 1 1 3 1 1 10 1 1 2 34 6 2 1 8 10 18 173 1 7 4 2 1 1 1 15 1 1 4 6 34 1 1 3 0 0 0 0 0 0 0 0 0 0 0 0
2 1 1 1 1 2 1 1 1 1 1 1 124 1 1 1 2 1 1 1 149 1 1 1 1 1 1 1 2 1 1 3 1 1 1 1 1 1 1 1 2 70 81 3 2 1 1 1 23 3 2 1 1 2 5 1 14 1 1 1 36 7 3 1 3 1 192 2 1 1 1 1 1 1 2 19 1 2 1 1 44 1 1 0 0 0 0 0 0 0 0 0 0 0 0 0
1 1 1 2 1 2 3 1 1 1 110 117 5 2 1 1 1 1 1 83 147 61 1 3 1 2 1 1 1 1 1 1 1 1 2 2 3 1 2 2 5 71 85 2 1 1 1 1 28 1 1 1 1 1 8 1 2 17 1 1 2 40 51 1 1 5 201 2 1 1 1 1 2 2 1 1 20 2 3 2 45 1 1 0 0 0 0 0 0 0 0 0 0 0 0 0
5 2 2 3 1 1 1 4 7 109 3 3 1 1 1 1 50 62 82 4 1 1 59 28 23 20 17 16 9 5 2 1 1 3 5 8 6 2 1 4 10 72 88 3 2 1 1 3 29 2 3 1 2 1 10 1 1 21 1 1 1 1 3 56 1 1 204 1 1 2 2 2 1 6 1 1 22 1 6 1 49 1 1 0 0 0 0 0 0 0 0 0 0 0 0 0
6 12 3 3 7 2 2 4 99 1 2 1 1 1 2 46 9 1 13 1 3 1 2 27 1 1 1 2 2 2 1 1 2 1 2 1 10 9 1 2 11 161 1 9 5 3 1 1 33 6 1 1 3 12 1 1 3 24 1 2 1 1 1 2 60 2 205 1 4 0 3 3 2 10 2 1 1 23 31 2 52 1 0 0 0 0 0 0 0 0 0 0 0 0 0 0
2 3 33 49 51 68 83 86 6 2 1 1 1 2 42 4 4 1 10 1 2 1 3 4 18 4 2 1 1 1 1 1 1 3 4 7 8 11 10 11 25 163 18 8 7 3 1 1 36 9 1 1 17 3 1 1 2 30 2 4 1 1 2 3 4 63 206 1 5 0 0 0 3 11 2 1 1 2 1 32 55 0 0 0 0 0 0 0 0 0 0 0 0 0 0 0
2 17 12 1 9 1 11 2 4 1 1 1 24 36 3 3 3 2 1 6 1 1 1 3 11 1 1 1 2 1 1 1 4 1 1 1 2 9 12 1 212 23 4 3 2 3 1 1 3 49 2 1 23 2 1 1 1 2 35 7 1 1 1 1 6 64 1 207 209 0 0 0 0 0 0 0 2 1 4 0 0 0 0 0 0 0 0 0 0 0 0 0 0 0 0 0
14 5 6 4 4 3 7 1 2 1 19 21 9 2 2 2 2 1 3 1 1 1 1 1 1 9 8 6 1 1 1 2 3 5 2 2 5 15 1 13 273 5 4 3 2 1 2 1 1 5 57 25 2 1 1 1 2 3 1 43 1 1 3 1 7 65 2 1 1 0 0 0 0 0 0 0 3 2 5 0 0 0 0 0 0 0 0 0 0 0 0 0 0 0 0 0
1 4 5 3 3 2 5 1 1 18 1 7 1 1 1 1 1 1 1 1 1 2 1 1 1 1 1 1 1 2 2 1 2 4 10 13 14 15 31 33 9 8 7 2 1 1 1 1 2 1 1 87 1 1 2 2 1 1 6 44 2 2 4 0 0 0 0 0 0 0 0 0 0 0 0 0 4 3 6 0 0 0 0 0 0 0 0 0 0 0 0 0 0 0 0 0
1 3 4 2 2 1 4 8 15 2 1 5 1 2 3 1 1 1 1 2 2 5 1 2 8 5 2 1 1 6 1 1 2 5 6 7 8 9 10 15 4 3 2 4 2 1 1 1 2 3 4 92 1 2 1 3 4 1 2 7 45 3 0 0 0 0 0 0 0 0 0 0 0 0 0 6 1 4 0 0 0 0 0 0 0 0 0 0 0 0 0 0 0 0 0 0
3 2 3 1 1 3 7 3 3 1 4 1 1 1 1 4 7 1 2 1 5 1 7 12 1 1 1 1 10 2 1 1 2 4 6 7 8 1 2 22 4 3 1 1 1 1 1 2 1 1 2 95 2 3 2 1 9 1 1 3 11 60 0 0 0 1 0 0 0 0 0 0 0 0 0 2 1 5 0 0 0 0 0 0 0 0 0 0 0 0 0 0 0 0 0 0
1 2 1 2 2 2 4 2 2 2 1 1 2 3 2 1 1 8 10 13 20 2 8 13 2 1 1 13 1 1 1 1 1 1 1 2 3 12 13 37 2 1 1 1 1 1 2 4 8 1 2 3 98 1 7 1 11 1 2 2 3 64 65 0 0 0 0 0 0 0 0 0 0 0 0 2 1 0 0 0 0 0 0 0 0 0 0 0 0 0 0 0 0 0 0 0
2 1 1 1 1 1 3 1 1 1 1 1 3 10 13 15 2 1 1 1 2 23 11 16 23 22 17 2 1 2 1 2 4 1 2 3 4 5 6 45 1 1 2 2 1 2 1 1 2 11 12 1 103 1 1 9 10 12 2 0 0 0 0 0 0 0 0 0 0 0 0 0 0 0 0 3 1 0 0 0 0 0 0 0 0 0 0 0 0 0 0 0 0 0 0 0
1 2 1 1 2 1 1 2 1 1 1 2 1 1 2 3 18 2 2 1 2 1 36 41 1 1 1 1 1 1 4 1 2 5 1 2 3 4 5 6 1 2 6 1 2 4 1 1 2 3 4 17 23 128 130 131 132 143 156 159 0 0 0 0 0 0 0 0 0 0 0 0 0 0 0 1 0 0 0 0 0 0 0 0 0 0 0 0 0 0 0 0 0 0 0 0
4 1 1 1 3 7 1 1 1 1 2 4 1 1 2 3 7 19 5 6 7 10 37 44 2 1 1 1 1 2 2 5 6 3 6 7 8 1 2 3 8 9 1 1 3 5 2 1 2 3 4 5 1 1 2 3 4 554 564 567 0 0 0 0 0 0 0 0 0 0 0 0 0 0 0 1 0 0 0 0 0 0 0 0 0 0 0 0 0 0 0 0 0 0 0 0
6 2 1 1 1 1 1 2 1 2 2 9 2 1 1 2 3 11 31 32 33 34 92 2 1 1 3 1 1 2 3 3 1 8 12 1 2 9 1 2 14 10 2 2 4 6 3 1 2 24 27 28 29 30 31 32 549 9 2 4 1 0 0 0 0 0 0 0 0 0 0 0 0 0 0 0 0 0 0 0 0 0 0 0 0 0 0 0 0 0 0 0 0 0 0 0
11 1 2 3 1 1 3 3 1 2 3 31 35 37 1 1 2 3 1 1 1 1 129 1 1 2 4 2 1 3 6 10 4 1 1 13 1 3 10 1 1 15 11 16 5 1 11 1 21 2 2 3 4 8 513 516 8 1 3 5 12 1 0 0 0 0 0 0 0 0 0 0 2 2 2 0 0 0 0 0 0 0 0 0 0 0 0 0 0 0 0 0 0 0 0 0
12 2 3 5 3 2 4 1 5 9 10 8 1 1 39 41 42 1 5 7 2 3 130 1 10 7 1 3 1 1 1 1 16 18 20 21 35 2 6 18 1 2 16 1 18 6 7 19 1 1 1 2 3 504 2 6 1 2 4 3 3 3 1 0 0 0 0 0 0 0 0 0 1 1 1 0 0 0 0 0 0 0 0 0 0 0 0 0 0 0 0 0 0 0 0 0
13 3 4 10 1 1 1 5 1 2 4 3 1 1 2 1 1 43 44 45 53 3 134 1 12 1 2 4 1 2 2 2 3 4 5 6 1 36 1 1 19 2 19 1 1 20 1 1 2 3 1 2 503 1 2 3 1 3 2 2 2 2 3 0 0 0 0 0 0 0 0 0 0 0 0 0 0 0 0 0 0 0 0 0 0 0 0 0 0 0 0 0 0 0 0 0
22 1 20 2 1 2 1 7 1 1 1 1 1 1 2 3 5 2 1 2 3 54 138 1 15 1 5 5 1 2 5 8 9 10 11 1 8 2 37 2 2 20 3 21 1 1 21 2 1 1 5 6 494 1 2 1 2 1 1 1 1 1 2 0 0 0 0 0 0 0 0 0 0 0 0 0 0 0 0 0 0 0 0 0 0 0 0 0 0 0 0 0 0 0 0 0
2 24 21 1 1 3 1 9 3 1 1 1 1 2 1 3 1 6 3 1 2 4 197 1 1 16 17 11 2 1 2 3 4 5 6 18 19 9 3 38 41 3 24 49 2 1 2 22 3 2 3 493 1 1 1 2 3 4 1 1 2 3 4 5 0 0 0 0 0 0 0 0 0 0 0 0 0 0 0 0 0 0 0 0 0 0 0 0 0 0 0 0 0 0 0 0
4 46 1 2 5 1 1 11 6 1 2 1 2 4 2 4 2 7 4 1 1 3 4 202 2 4 5 23 37 38 39 40 41 1 1 1 1 20 10 4 5 42 43 44 94 3 5 30 1 5 481 6 1 1 1 1 2 3 5 2 1 2 3 4 80 0 0 0 0 0 0 0 0 0 0 0 0 0 0 0 0 0 0 0 0 0 0 0 0 0 0 0 0 0 0 0
7 49 1 8 1 2 1 19 2 1 1 4 2 3 5 3 7 8 5 1 3 1 1 1 204 205 206 207 208 209 210 211 212 42 44 46 48 282 315 318 319 325 326 327 338 434 437 440 473 475 4 1 1 2 2 2 3 4 8 14 17 18 19 34 41 1 1 2 1 1 1 1 1 1 3 8 2 1 0 0 0 0 0 0 0 0 0 0 0 0 0 0 0 0 0 0
63 1 1 10 1 3 2 24 2 1 1 3 8 11 4 6 11 9 6 1 5 2 1 2 3 4 1 1 2 3 4 5 6 219 220 221 232 2 2 2 3 4 5 10 1 2 2 2 1 3 8 9 10 1 4 7 8 9 10 11 12 13 14 1 40 0 0 0 0 0 0 0 0 1 1 1 1 0 0 0 0 0 0 0 0 0 0 0 0 0 0 0 0 0 0 0
69 2 2 11 5 1 27 3 2 1 1 1 2 5 17 5 18 10 7 1 7 3 2 1 1 1 5 2 3 4 5 6 7 8 9 10 1 1 1 1 2 3 4 1 1 1 1 1 2 7 1 2 3 14 25 29 30 31 32 33 34 35 36 37 38 0 0 0 0 0 0 0 1 1 1 0 0 0 0 0 0 0 0 0 0 0 0 0 0 0 0 0 0 0 0 0
3 75 3 17 2 1 31 1 2 1 1 1 2 2 4 22 24 11 1 9 8 1 4 3 2 2 2 6 1 1 1 1 2 1 1 1 1 1 1 1 2 1 1 1 2 1 1 1 6 2 4 6 7 10 3 1 2 3 4 5 6 7 8 21 22 23 0 0 0 0 0 1 5 3 0 0 0 0 0 0 0 0 0 0 0 0 0 0 0 0 0 0 0 0 0 0
2 5 82 106 1 33 1 7 3 1 2 1 1 1 1 2 25 61 63 10 9 1 2 5 9 12 3 6 13 2 2 4 5 3 2 2 2 3 1 2 3 3 2 2 4 3 2 4 1 1 1 1 2 1 1 1 2 3 7 9 10 11 12 1 2 0 1 0 0 1 2 1 0 0 0 0 0 0 0 0 0 0 0 0 0 0 0 0 0 0 0 0 0 0 0 0
2 1 1 108 34 2 10 2 1 1 4 1 1 1 2 3 4 1 1 64 20 2 1 3 4 5 18 1 2 16 19 85 86 92 96 99 3 6 2 1 1 5 9 12 1 5 4 1 1 1 1 1 2 3 1 1 2 3 1 1 2 3 4 5 6 0 0 1 3 1 0 0 0 0 0 0 0 0 0 0 0 0 0 0 0 0 0 0 0 0 0 0 0 0 0 0
1 2 1 1 145 11 3 2 1 1 6 1 1 2 1 3 4 6 1 3 65 21 3 2 3 1 2 21 22 23 65 1 2 3 273 275 375 379 388 1 2 1 1 1 13 2 10 1 2 2 2 2 3 1 4 2 3 4 5 6 7 8 9 10 11 18 19 1 1 0 0 0 0 0 0 0 0 0 0 0 0 0 0 0 0 0 0 0 0 0 0 0 0 0 0 0
1 1 3 3 157 4 3 2 1 1 2 9 1 3 1 1 2 11 1 1 4 66 22 4 5 9 10 11 12 41 2 3 258 269 1 3 8 9 13 402 404 408 1 2 2 16 11 1 2 3 3 3 4 4 2 5 6 7 8 9 10 11 12 13 14 17 37 0 0 0 0 0 0 0 0 0 0 0 0 0 0 0 0 0 0 0 0 0 0 0 0 0 0 0 0 0
1 2 7 4 158 9 1 2 1 1 2 14 2 5 1 1 2 14 2 1 2 5 67 23 24 25 26 27 28 1 1 254 1 9 2 2 2 3 1 3 4 5 409 2 3 19 12 1 2 3 4 4 5 10 15 18 19 20 21 22 23 24 25 1 2 0 0 0 0 0 0 0 0 0 0 0 0 0 0 0 0 0 0 0 0 0 0 0 0 0 0 0 0 0 0 0
1 3 1 170 10 1 4 1 3 1 1 2 22 2 1 1 2 19 1 4 3 6 68 1 2 3 4 5 6 11 252 7 8 1 1 1 1 1 1 1 2 3 9 419 425 443 492 502 3 4 1 5 6 7 8 9 10 11 12 13 14 15 1 27 0 0 0 0 0 0 0 0 0 0 0 0 0 0 0 0 0 0 0 0 0 0 0 0 0 0 0 0 0 0 0 0
1 1 5 177 11 13 7 6 2 1 1 2 31 2 1 1 2 3 20 2 7 10 69 1 2 1 2 3 4 240 6 4 5 6 7 8 9 10 11 12 13 14 15 16 17 17 8 1 503 4 5 2 1 2 1 2 3 4 5 6 7 8 16 1 0 0 0 0 0 0 0 0 0 0 0 0 0 0 0 0 0 0 0 0 0 0 0 0 0 0 0 0 0 0 0 0
1 1 2 180 30 5 4 3 2 1 1 1 33 2 1 1 2 3 4 21 22 8 11 70 71 3 4 238 239 5 3 3 4 5 6 7 8 9 10 11 12 13 14 15 16 7 1 2 2 504 5 6 3 1 3 1 2 3 4 5 6 0 0 0 0 0 0 0 0 0 0 0 0 0 0 0 0 0 0 0 0 0 0 0 0 0 0 0 0 0 0 0 0 0 0 0
58 1 2 3 7 6 5 4 2 1 2 1 2 36 1 1 2 5 13 1 1 23 32 44 45 117 233 2 4 2 2 2 3 4 5 1 1 1 1 1 2 3 4 5 6 1 2 1 5 1 505 6 7 4 2 4 1 1 1 1 0 0 0 0 0 0 0 0 0 0 0 0 0 0 0 0 0 0 0 0 0 0 0 0 0 0 0 0 0 0 0 0 0 0 0 0
61 1 1 11 10 9 8 6 1 4 1 1 2 41 2 1 2 1 2 16 18 20 21 22 23 115 1 1 1 1 1 1 2 3 4 10 12 14 16 18 19 20 21 22 23 24 1 4 11 2 506 1 7 8 5 3 5 0 0 0 0 0 0 0 0 0 0 0 0 0 0 0 0 0 0 0 0 0 0 0 0 0 0 0 0 0 0 0 0 0 0 0 0 0 0 0
64 70 76 92 3 2 1 1 5 2 1 1 1 42 4 1 1 3 4 5 6 13 17 90 91 1 2 3 4 5 6 7 8 9 1 2 3 4 5 6 7 8 9 10 11 12 37 38 39 53 507 1 2 8 9 0 0 0 0 0 0 0 0 0 0 0 0 0 0 0 0 0 0 0 0 0 0 0 0 0 0 0 0 0 0 0 0 0 0 0 0 0 0 0 0 0
1 4 4 88 3 2 1 1 3 1 1 1 3 47 5 1 1 1 3 5 6 3 72 3 4 5 6 7 8 9 10 11 12 1 11 1 2 3 4 5 6 7 40 95 96 100 102 103 104 105 159 667 2 3 0 0 0 0 0 0 0 0 0 0 0 0 0 0 0 0 0 0 0 0 0 0 0 0 0 0 0 0 0 0 0 0 0 0 0 0 0 0 0 0 0 0
1 2 3 4 80 1 1 5 2 2 1 1 1 4 58 60 61 1 1 1 2 71 2 1 2 10 11 12 13 14 15 16 17 13 14 26 27 28 29 30 31 32 54 2 3 1 43 45 46 47 48 49 717 3 0 0 0 0 0 0 0 0 0 0 0 0 0 0 0 0 0 0 0 0 0 0 0 0 0 0 0 0 0 0 0 0 0 0 0 0 0 0 0 0 0 0
1 1 2 3 3 75 73 11 3 2 1 2 1 2 1 1 2 64 65 69 70 1 4 6 7 3 5 7 8 9 10 11 12 30 1 1 2 1 2 3 50 53 1 1 4 42 1 1 2 13 15 16 17 718 0 0 0 0 0 0 0 0 0 0 0 0 0 0 0 0 0 0 0 0 0 0 0 0 0 0 0 0 0 0 0 0 0 0 0 0 0 0 0 0 0 0
2 1 1 2 2 1 48 12 11 10 6 3 1 1 1 1 1 2 3 1 2 3 1 1 2 1 1 1 2 3 4 5 6 7 38 40 41 44 45 46 1 1 1 2 37 3 6 9 10 1 1 2 3 21 0 0 0 0 0 0 0 0 0 0 0 0 0 0 0 0 0 0 0 0 0 0 0 0 0 0 0 0 0 0 0 0 0 0 0 0 0 0 0 0 0 0
1 1 1 1 1 2 41 4 3 2 1 2 1 1 2 2 1 1 1 2 3 4 9 10 11 1 2 3 4 5 6 7 8 9 10 11 12 13 14 15 16 17 33 36 2 2 2 2 3 4 5 6 7 11 13 0 0 0 0 0 0 0 0 0 0 0 0 0 0 0 0 0 0 0 0 0 0 0 0 0 0 0 0 0 0 0 0 0 0 0 0 0 0 0 0 0
2 2 3 2 1 1 3 37 5 4 3 1 1 1 3 9 2 1 1 2 3 4 1 2 3 12 1 1 2 3 4 5 6 7 8 9 10 11 12 13 14 15 2 1 1 1 1 1 2 1 1 2 3 1 0 0 0 0 0 0 0 0 0 0 0 0 0 0 0 0 0 0 0 0 0 0 0 0 0 0 0 0 0 0 0 0 0 0 0 0 0 0 0 0 0 0
8 5 1 1 3 1 2 2 29 20 5 3 1 1 3 13 20 1 1 2 3 1 1 1 1 4 13 2 1 1 1 1 2 48 76 81 82 86 87 88 89 1 1 1 1 1 1 1 2 3 2 1 1 0 0 0 0 0 0 0 0 0 0 0 0 0 0 0 0 0 0 0 0 0 0 0 0 0 0 0 0 0 0 0 0 0 0 0 0 0 0 0 0 0 0 0
1 1 2 4 1 1 1 1 3 5 14 2 1 1 1 1 1 1 1 1 2 6 2 4 6 12 26 27 30 32 38 44 45 27 4 2 3 1 2 3 4 90 1 3 1 2 2 2 3 3 4 3 0 0 0 0 0 0 0 0 0 0 0 0 0 0 0 0 0 0 0 0 0 0 0 0 0 0 0 0 0 0 0 0 0 0 0 0 0 0 0 0 0 0 0 0
1 2 14 11 5 4 3 2 1 2 4 11 10 3 1 1 1 2 1 1 2 3 10 11 12 1 1 2 3 4 4 25 26 3 1 1 2 3 4 5 6 5 91 2 4 2 3 3 1 4 4 5 0 0 0 0 0 0 0 0 0 0 0 0 0 0 0 0 0 0 0 0 0 0 0 0 0 0 0 0 0 0 0 0 0 0 0 0 0 0 0 0 0 0 0 0
1 17 18 17 16 5 4 3 2 1 1 3 2 6 5 1 2 3 2 1 1 1 2 3 4 17 19 1 2 3 24 1 2 1 2 3 4 5 1 2 3 7 6 94 5 3 1 4 0 0 0 0 0 0 0 0 0 0 0 0 0 0 0 0 0 0 0 0 0 0 0 0 0 0 0 0 0 0 0 0 0 0 0 0 0 0 0 0 0 0 0 0 0 0 0 0
18 19 3 2 1 10 9 8 7 6 5 2 1 1 1 1 3 6 1 1 2 2 3 4 5 6 1 21 22 23 1 2 3 4 5 6 7 1 6 1 2 6 14 21 95 6 4 0 0 0 0 0 0 0 0 0 0 0 0 0 0 0 0 0 0 0 0 0 0 0 0 0 0 0 0 0 0 0 0 0 0 0 0 0 0 0 0 0 0 0 0 0 0 0 0 0
20 4 1 2 1 13 12 11 10 8 6 2 1 2 1 1 3 15 16 2 4 7 36 38 39 40 47 48 49 1 1 1 1 1 1 1 2 8 2 7 8 1 2 17 22 96 0 0 0 0 0 0 0 0 0 0 0 0 0 0 0 0 0 0 0 0 0 0 0 0 0 0 0 0 0 0 0 0 0 0 0 0 0 0 0 0 0 0 0 0 0 0 0 0 0 0
5 2 21 18 17 3 2 1 1 1 1 5 4 1 1 1 1 2 1 20 24 28 1 1 2 11 17 22 23 73 75 77 79 81 83 85 1 3 11 1 1 12 14 1 19 0 0 0 0 0 0 0 0 0 0 0 0 0 0 0 0 0 0 0 0 0 0 0 0 0 0 0 0 0 0 0 0 0 0 0 0 0 0 0 0 0 0 0 0 0 0 0 0 0 0 0
28 25 3 2 1 1 1 2 1 1 1 2 1 1 3 1 1 1 2 3 1 2 3 6 8 5 4 2 3 4 1 2 3 4 18 19 106 4 1 12 2 1 1 1 2 0 0 0 0 0 0 0 0 0 0 0 0 0 0 0 0 0 0 0 0 0 0 0 0 0 0 0 0 0 0 0 0 0 0 0 0 0 0 0 0 0 0 0 0 0 0 0 0 0 0 0
5 4 3 2 1 2 4 2 9 7 5 1 1 2 4 3 1 1 1 1 1 2 2 1 4 3 1 3 4 5 10 11 12 13 1 2 109 5 1 2 13 1 1 2 0 0 0 0 0 0 0 0 0 0 0 0 0 0 0 0 0 0 0 0 0 0 0 0 0 0 0 0 0 0 0 0 0 0 0 0 0 0 0 0 0 0 0 0 0 0 0 0 0 0 0 0
1 1 1 1 3 28 23 22 8 5 2 1 1 8 27 10 1 1 1 1 1 1 1 1 2 2 2 2 4 5 10 11 12 13 1 1 2 110 6 2 3 14 2 2 0 0 0 0 0 0 0 0 0 0 0 0 0 0 0 0 0 0 0 0 0 0 0 0 0 0 0 0 0 0 0 0 0 0 0 0 0 0 0 0 0 0 0 0 0 0 0 0 0 0 0 0
46 44 42 41 36 5 4 1 1 2 2 1 1 4 4 4 1 1 2 3 2 1 1 1 1 1 1 1 1 2 2 2 3 4 18 20 21 3 111 7 6 15 1 0 0 0 0 0 0 0 0 0 0 0 0 0 0 0 0 0 0 0 0 0 0 0 0 0 0 0 0 0 0 0 0 0 0 0 0 0 0 0 0 0 0 0 0 0 0 0 0 0 0 0 0 0
