ASPA-UH-SWB2_REPO/output/D8_TARGET_COL_Grid.asc
NCOLS        350
NROWS        200
XLLCORNER     515000.000
YLLCORNER    8409000.000
CELLSIZE        100.000
NODATA_VALUE          -9999
[rows 135 to 179 of 200, columns 96 to 191 of 350]
98 99 99 100 101 102 102 103 104 107 108 108 109 110 112 113 114 114 115 117 118 119 120 121 122 123 124 125 126 127 128 129 130 131 132 133 134 135 136 137 138 139 140 141 142 142 143 145 146 147 148 149 150 151 152 153 154 155 156 157 158 159 160 161 162 163 163 163 166 167 167 169 170 170 171 171 174 175 176 177 178 179 180 181 182 183 184 185 185 186 187 189 190 191 191 193
98 99 100 100 100 101 102 103 104 105 108 109 109 109 110 113 114 114 116 116 117 118 119 121 122 123 124 125 126 127 128 129 130 130 132 133 133 135 136 137 138 139 140 141 141 143 143 144 145 146 148 149 150 151 152 153 154 155 156 157 158 159 160 161 162 163 164 164 165 167 168 167 169 169 172 173 173 174 175 177 178 178 180 181 182 182 183 184 185 186 188 189 189 190 191 192
98 99 100 100 101 102 102 103 104 105 108 109 109 109 110 113 114 115 116 117 118 118 119 121 122 123 124 125 126 127 128 129 130 131 132 133 134 134 136 137 138 139 140 141 142 143 144 145 146 147 148 149 150 151 152 153 154 155 156 157 158 159 160 161 162 162 164 165 164 167 167 169 169 170 172 173 174 175 176 177 178 179 180 181 181 182 184 185 185 186 187 189 190 191 192 193
96 99 100 100 101 101 102 103 104 105 108 109 109 109 110 113 114 115 116 117 118 119 120 121 122 123 124 125 126 127 128 129 130 131 132 133 134 135 136 137 138 139 140 141 142 143 144 145 146 147 148 149 150 151 152 153 154 155 156 157 158 159 160 161 162 162 164 165 165 166 168 168 169 170 172 173 174 175 175 177 178 178 179 181 182 183 184 185 185 185 186 189 190 191 192 193
97 99 100 -999 -999 101 102 103 104 105 107 109 110 110 110 113 114 115 115 117 118 119 120 121 122 123 124 125 126 127 128 129 130 131 132 133 134 135 136 137 138 139 140 141 142 143 144 145 145 147 148 149 150 151 152 153 154 155 156 157 158 159 159 161 161 162 162 164 165 166 167 168 170 170 172 173 174 175 176 177 177 178 180 181 182 183 184 185 185 186 186 189 190 191 192 192
97 99 100 -999 -999 101 102 103 104 105 106 109 110 110 111 113 114 115 116 117 118 119 120 121 122 123 124 125 126 127 128 129 130 131 132 133 134 135 136 137 138 139 140 141 142 143 144 145 145 146 147 149 150 151 152 153 154 155 156 157 158 158 159 160 161 163 164 164 164 166 168 169 170 170 171 173 173 174 175 177 177 178 179 180 181 182 183 184 185 186 187 189 190 191 192 193
97 98 99 -999 100 101 102 103 104 105 106 109 110 110 111 113 114 115 116 117 118 119 120 121 122 123 124 125 126 127 128 129 130 131 132 133 134 135 136 137 138 139 140 141 142 143 144 145 146 146 147 149 150 151 152 153 154 155 155 156 157 158 159 161 161 162 163 164 165 166 167 168 169 171 172 173 174 175 175 177 177 178 179 180 181 182 183 185 186 187 187 188 190 191 191 193
98 99 -999 -999 100 101 102 103 104 105 106 109 110 110 111 111 114 115 116 117 118 119 120 121 122 123 124 125 126 127 128 129 130 131 132 133 134 135 136 137 138 139 140 141 142 143 144 145 146 147 148 149 150 151 152 153 153 155 155 157 158 158 159 160 161 162 163 164 165 166 167 169 170 170 171 173 174 175 176 177 177 178 179 180 181 182 183 184 186 186 188 188 190 191 192 193
97 98 99 100 100 101 102 104 104 105 106 109 110 111 111 112 114 115 116 117 118 119 120 121 122 123 124 125 126 127 128 129 130 131 132 133 134 135 136 137 138 139 140 141 142 143 144 145 146 147 148 149 150 151 152 153 154 155 155 157 158 159 160 161 162 163 163 165 166 166 167 169 169 171 172 173 174 175 175 175 177 178 179 181 181 182 183 184 186 187 187 188 188 191 192 193
98 98 99 100 100 101 103 104 104 105 106 108 110 111 112 113 114 115 116 117 118 119 120 121 122 123 124 125 126 127 128 129 130 131 132 133 134 135 136 137 138 139 140 141 142 143 144 145 146 147 148 149 150 151 152 153 154 154 156 157 158 159 160 161 162 162 163 164 165 166 167 168 169 171 172 173 174 175 175 175 177 179 180 181 181 182 183 183 185 187 187 188 189 190 192 193
96 98 99 100 101 101 102 103 104 106 106 107 108 110 111 113 114 115 116 117 118 119 120 121 122 123 124 125 126 127 128 129 130 131 132 133 134 135 136 137 138 139 140 141 142 143 144 145 146 147 148 149 150 151 152 153 154 155 156 157 158 159 159 161 161 162 163 165 165 166 166 167 170 170 171 173 174 175 176 177 178 178 179 181 181 182 183 185 185 186 188 188 189 190 191 193
96 97 99 100 101 102 103 103 104 105 106 107 108 110 111 112 114 115 116 117 118 119 120 121 122 123 124 125 126 127 128 129 130 131 132 133 134 135 136 137 138 138 140 141 142 143 144 145 146 147 148 149 150 151 152 153 154 155 156 157 158 159 160 161 162 162 163 165 165 166 167 167 170 170 171 172 174 175 176 177 178 179 179 181 182 182 182 185 185 187 187 188 189 191 191 193
96 97 98 100 101 103 103 103 104 105 106 107 108 111 112 112 112 113 116 117 118 119 120 121 122 123 124 125 126 127 128 129 130 131 132 133 134 135 136 137 138 139 140 141 142 143 144 145 146 147 148 149 150 151 152 153 154 155 156 157 158 159 160 161 161 162 163 165 165 166 167 169 169 170 171 172 174 175 176 177 178 179 179 181 181 182 183 185 185 186 188 188 189 191 192 192
96 97 98 99 100 102 103 103 104 105 106 107 108 111 112 112 113 113 116 117 118 119 120 121 122 123 124 125 126 127 128 129 130 131 132 133 134 135 136 137 138 139 140 141 142 143 144 145 146 147 148 149 150 151 152 153 154 155 156 157 158 159 160 161 162 162 163 164 165 166 167 168 170 170 171 172 173 174 176 177 178 179 180 180 181 182 183 185 185 186 188 189 189 189 192 192
96 97 98 99 100 101 103 104 104 105 106 107 108 111 112 113 112 113 116 117 118 119 120 121 122 122 123 125 126 127 128 129 130 131 132 133 134 135 136 137 138 139 140 140 142 143 144 145 146 147 148 149 150 151 152 153 154 155 156 157 158 159 160 161 161 162 163 164 165 166 167 169 169 170 171 172 172 174 175 177 177 179 180 181 181 182 183 184 185 187 188 188 189 189 192 193
96 98 99 100 100 101 103 104 105 105 106 107 108 110 111 112 113 113 114 117 118 119 120 121 122 123 124 125 126 127 128 129 130 131 132 133 134 135 136 137 138 139 140 141 142 143 144 145 146 147 148 149 150 150 151 153 154 155 156 157 158 159 160 161 162 162 164 164 165 166 167 169 169 171 172 172 172 175 176 177 178 178 179 181 181 182 183 184 185 187 187 189 189 190 191 193
96 98 98 99 100 101 102 103 104 105 106 107 108 109 110 111 113 114 115 117 118 119 120 121 122 123 124 125 126 127 128 129 130 131 132 133 134 135 136 137 138 139 140 140 141 142 144 145 145 147 148 149 150 150 152 153 154 155 156 157 158 159 160 161 162 162 163 163 165 167 167 169 170 171 172 172 173 175 175 177 178 179 179 181 181 182 184 184 185 187 188 189 189 190 191 193
96 97 98 99 100 101 102 103 104 105 106 107 108 109 110 111 113 114 114 117 118 119 120 121 122 123 124 125 126 127 128 129 130 131 132 133 134 135 136 137 138 139 140 141 142 143 144 145 145 147 147 149 149 151 152 153 154 155 156 157 158 159 160 161 161 162 163 164 166 166 167 167 170 171 172 172 173 175 175 176 178 179 180 181 182 182 183 184 186 186 188 189 189 190 191 193
96 97 98 99 100 101 102 103 104 105 106 107 108 109 111 111 114 114 116 117 118 119 120 121 122 123 124 125 126 127 128 129 130 131 132 133 134 135 136 137 138 139 140 141 142 143 144 145 146 146 147 148 149 149 152 153 153 154 156 157 158 159 160 161 162 162 163 165 166 166 167 168 170 171 171 173 173 174 175 177 177 179 180 181 182 183 183 184 186 187 187 189 189 190 191 193
96 97 98 99 100 101 102 103 104 105 106 107 108 109 110 113 114 115 116 117 118 119 120 121 122 123 124 125 126 127 128 129 130 131 132 133 134 135 135 137 138 139 140 141 142 143 144 145 146 147 147 148 149 150 151 153 153 154 155 157 158 159 160 161 162 162 163 164 164 167 168 168 170 171 172 173 173 174 175 176 177 178 179 181 181 183 183 184 185 186 187 189 189 190 191 192
96 97 98 99 100 101 102 103 104 105 106 107 108 109 111 111 113 114 116 117 118 119 120 121 122 123 124 125 126 127 128 129 130 131 132 133 133 134 136 137 138 139 140 141 142 142 144 145 146 147 148 148 149 151 152 153 154 155 156 157 158 159 159 161 161 161 164 164 164 167 168 169 170 170 172 173 174 175 176 177 178 179 179 181 182 183 184 185 185 186 187 189 189 190 191 193
96 97 98 99 100 102 103 103 104 105 106 107 108 110 111 112 112 114 116 117 118 118 120 121 122 123 124 125 126 127 128 129 130 131 132 133 133 134 136 137 138 139 140 141 142 143 144 145 146 147 147 148 149 151 151 153 154 155 156 157 157 159 160 161 161 161 163 164 164 166 168 169 170 171 172 173 174 175 176 177 178 179 180 181 182 183 183 185 185 186 188 189 189 190 192 193
96 97 98 99 100 101 102 104 104 105 106 107 110 110 111 112 112 115 116 116 118 119 120 121 122 123 124 125 126 127 128 129 130 131 132 133 134 135 136 137 138 139 140 141 142 143 144 145 146 146 147 148 149 150 152 153 153 155 156 157 158 159 160 161 161 162 162 164 164 167 167 169 170 171 172 173 174 175 176 177 178 179 180 181 182 183 184 185 186 187 188 189 190 190 192 193
96 97 98 100 100 101 102 103 104 105 106 107 110 111 110 111 112 115 116 116 117 118 119 121 121 122 124 125 126 127 128 129 130 131 132 133 134 135 136 137 137 138 140 141 142 143 144 145 145 147 147 148 149 150 152 153 154 154 155 157 158 159 160 161 161 162 163 164 165 166 167 168 170 171 172 173 174 175 176 177 178 179 180 181 182 183 184 185 186 187 188 189 190 190 192 193
96 97 98 99 100 101 102 104 104 105 106 107 110 110 111 112 112 115 116 117 117 118 119 119 121 122 123 124 125 127 127 129 130 131 132 133 134 135 136 137 138 139 140 141 142 143 144 145 146 147 148 149 149 150 152 153 153 154 155 157 158 159 160 161 162 162 164 164 164 166 167 169 169 170 172 173 174 175 175 177 178 179 180 181 182 183 184 185 186 187 188 189 190 190 191 193
96 97 98 99 100 101 102 103 104 106 107 108 110 110 111 112 112 115 116 117 117 118 119 120 120 123 124 124 126 127 128 129 130 131 132 133 134 135 135 137 138 139 139 141 142 143 144 145 145 146 148 149 150 150 152 153 154 155 155 157 158 159 160 161 162 163 163 164 164 165 168 169 169 170 172 173 174 175 176 177 178 179 180 181 182 183 184 185 186 187 188 189 190 191 192 193
96 97 98 100 100 101 102 103 104 106 107 108 109 109 111 111 114 115 116 117 118 118 119 120 120 122 123 124 124 127 128 129 130 131 132 133 134 135 136 137 138 139 139 141 142 143 144 145 146 147 148 149 150 151 152 153 154 155 156 157 157 158 160 161 162 163 164 164 164 166 167 168 169 170 171 173 173 175 176 177 178 179 180 181 182 183 184 185 186 187 188 189 190 191 192 193
96 97 99 99 101 102 102 103 104 107 108 109 108 110 111 111 114 115 116 117 118 118 120 120 120 122 124 125 125 126 127 129 130 131 132 133 134 135 136 137 138 138 140 140 142 143 144 145 146 147 148 149 150 151 152 153 154 155 155 157 158 159 159 161 162 163 164 164 165 165 167 168 169 170 171 173 174 175 175 177 178 179 180 181 182 183 183 185 186 187 188 189 190 191 192 193
96 97 98 99 100 101 102 103 106 107 108 108 108 111 111 112 114 115 116 117 118 118 119 119 120 121 124 125 125 126 126 127 130 131 132 133 134 135 136 137 137 138 139 141 142 143 144 145 146 147 148 149 150 151 152 153 153 154 155 156 158 159 160 161 162 163 164 165 165 165 167 168 169 170 171 172 173 174 175 177 177 178 180 181 181 182 183 184 185 187 188 189 190 191 192 193
96 97 98 100 100 102 102 104 105 106 107 108 109 111 112 112 112 115 116 117 118 119 119 119 121 121 122 125 126 126 126 127 130 131 132 133 134 135 136 137 138 138 140 141 142 143 144 145 146 147 148 149 150 151 152 153 153 155 155 157 158 159 160 161 162 163 164 165 165 165 166 169 169 170 171 173 173 174 175 177 178 179 180 181 182 183 184 185 185 186 188 189 190 191 192 193
96 97 98 99 100 101 103 104 105 106 107 109 109 111 112 113 112 115 116 117 118 119 120 120 121 122 122 123 126 126 127 128 128 131 132 133 134 135 136 137 138 139 140 141 142 143 144 145 146 147 148 149 150 151 152 153 154 155 156 157 158 159 160 161 162 163 164 165 165 166 166 168 170 171 172 173 173 174 175 177 178 179 180 181 182 183 183 185 185 186 187 189 190 191 192 193
96 97 99 99 100 101 104 105 106 105 106 109 109 110 112 113 113 113 116 117 118 119 120 120 121 122 122 123 126 126 127 127 128 131 132 133 134 135 136 137 138 139 140 141 142 143 144 145 146 147 148 149 150 151 152 153 154 155 156 157 158 159 160 161 162 163 164 165 165 165 166 168 169 171 172 173 173 174 175 176 178 179 180 181 182 183 184 185 185 186 188 189 190 191 192 193
96 97 98 99 102 102 103 104 105 106 107 108 109 109 111 113 114 114 115 116 117 119 120 121 122 122 122 123 124 125 126 127 128 131 132 133 133 134 136 137 138 138 140 141 142 143 144 145 146 147 147 149 149 151 152 153 154 155 156 157 158 158 160 161 162 163 164 165 165 166 167 167 169 171 172 173 174 174 175 176 178 179 180 181 182 183 184 185 185 186 187 189 190 191 192 193
96 97 98 101 102 102 103 104 105 106 107 108 109 109 110 113 114 115 116 117 118 119 119 121 122 122 123 123 124 125 126 127 130 131 132 133 134 135 136 137 138 139 139 141 142 143 144 145 146 147 148 149 149 151 152 153 154 155 156 157 158 159 159 161 161 162 164 165 165 166 167 168 169 170 171 173 173 174 175 176 177 178 180 181 182 182 183 184 185 186 187 188 189 191 192 192
96 97 98 101 101 103 103 104 104 105 106 108 108 109 110 111 114 115 116 117 118 119 120 120 122 123 123 123 124 125 126 127 130 131 132 133 134 135 136 137 138 138 140 141 142 143 144 145 146 147 148 149 150 151 152 153 154 155 156 157 158 159 160 161 162 163 164 165 166 167 167 168 169 170 172 173 174 174 176 177 178 179 180 181 182 183 184 185 185 186 187 189 189 191 192 192
97 98 99 101 102 102 103 104 105 105 106 107 108 109 110 111 112 115 116 117 118 119 120 120 121 123 123 124 124 125 126 127 130 131 132 133 134 135 136 137 137 138 140 141 142 143 144 145 146 147 148 149 150 151 152 153 154 155 156 157 158 159 160 161 162 163 164 165 166 167 168 169 169 170 172 173 174 175 176 177 178 179 180 181 182 183 184 185 185 186 187 188 189 191 192 192
96 97 98 101 102 103 103 104 104 105 106 107 108 109 110 111 112 115 116 117 118 119 120 121 121 123 124 124 124 125 126 128 128 131 132 133 134 135 136 137 138 138 139 141 142 143 144 145 146 147 148 149 150 151 152 153 154 155 156 157 158 159 160 161 162 163 163 165 166 166 168 169 170 171 172 173 173 175 176 177 178 179 180 181 182 183 184 185 185 186 187 188 189 190 192 193
96 98 99 101 102 103 103 104 104 105 106 107 108 109 110 111 112 115 116 117 118 119 120 121 121 122 123 124 125 125 127 128 128 129 131 133 133 134 135 137 138 138 140 140 142 143 144 145 146 147 148 149 150 151 152 153 154 155 156 157 158 159 160 161 162 162 164 164 165 165 168 169 170 171 172 173 174 175 176 177 178 179 180 181 182 183 184 185 185 186 187 188 189 190 191 192
96 97 98 101 102 103 103 103 104 105 106 107 108 109 110 111 114 115 116 117 118 119 120 121 122 122 124 125 125 126 126 128 128 129 131 133 134 134 136 137 138 139 140 141 142 143 144 145 146 147 148 149 150 151 152 153 154 155 156 157 158 159 160 161 162 163 164 164 165 165 166 169 170 171 172 173 174 175 176 177 178 179 180 181 182 183 184 185 186 187 187 188 189 190 192 193
98 98 99 101 102 103 103 103 104 105 106 107 109 109 110 113 114 115 116 117 118 119 120 121 122 123 124 125 125 126 126 128 128 129 130 133 134 135 136 137 138 139 140 141 142 143 144 145 146 147 148 149 150 151 152 153 154 155 156 157 158 159 160 161 162 163 164 164 165 165 167 168 170 171 172 173 174 175 176 177 178 179 180 181 182 183 184 185 186 186 187 188 189 190 192 193
98 98 99 101 102 103 103 103 104 105 106 107 108 109 112 113 114 115 116 117 118 119 120 121 122 123 124 124 124 125 127 128 128 129 130 133 134 134 136 137 137 139 140 141 142 143 144 145 145 147 148 149 150 151 152 153 154 155 156 157 158 159 160 161 162 163 164 164 164 165 168 169 169 171 172 173 174 175 176 177 178 179 180 181 182 183 184 185 186 186 188 188 189 190 191 192
98 99 100 101 101 102 103 104 104 106 106 108 108 110 111 113 114 114 116 117 118 119 119 121 122 122 123 125 125 126 127 128 128 129 130 131 133 134 135 137 137 139 140 141 141 142 144 145 146 146 148 149 150 151 152 153 154 155 156 157 158 159 160 161 162 163 163 164 164 165 167 167 169 169 172 173 174 175 176 177 178 179 180 181 182 183 184 185 186 187 188 188 189 190 190 193
98 99 100 101 101 102 102 104 104 105 106 107 108 111 111 113 114 115 116 117 117 119 120 121 122 123 124 125 126 126 127 128 128 130 131 131 132 134 136 137 138 139 140 141 141 142 143 145 146 147 148 149 150 151 152 153 154 155 156 157 158 159 160 161 161 162 163 164 164 166 167 168 168 169 171 173 174 175 176 177 178 179 180 181 182 183 184 185 186 187 187 189 189 190 191 192
98 98 100 100 101 101 103 104 104 105 106 107 108 111 112 113 114 115 116 117 117 119 119 120 121 123 124 125 125 126 127 128 128 129 130 132 132 133 135 137 138 139 140 141 141 142 144 145 146 147 148 149 150 151 152 153 154 155 156 157 158 159 160 161 162 162 163 163 164 166 166 167 168 169 171 173 173 174 175 177 178 179 180 181 182 183 184 185 186 187 188 189 190 191 191 193
98 99 100 101 101 101 103 104 104 105 106 107 108 109 112 113 114 115 115 117 118 119 120 121 122 122 124 124 126 126 127 128 129 130 130 131 133 133 134 135 138 139 140 141 142 143 144 145 146 147 148 149 150 151 152 153 154 155 156 157 158 159 160 161 161 162 162 164 164 165 166 167 168 169 170 172 172 174 175 177 178 179 180 181 182 183 184 185 186 187 188 189 190 191 192 193
