ASPA-UH-SWB2_REPO/output/D8_TARGET_COL_Grid.asc
NCOLS        350
NROWS        200
XLLCORNER     515000.000
YLLCORNER    8409000.000
CELLSIZE        100.000
NODATA_VALUE          -9999
[rows 135 to 179 of 200, columns 0 to 95 of 350]
1 1 2 5 6 7 7 8 9 9 11 12 12 13 15 16 17 17 18 19 20 21 23 23 25 26 27 28 29 30 31 32 33 34 35 36 37 38 39 40 41 41 43 45 45 45 47 48 49 50 52 52 53 54 55 56 57 57 58 60 60 62 63 64 65 66 67 68 69 71 72 71 72 75 75 76 77 77 78 81 81 83 83 84 86 86 86 87 88 89 92 93 94 94 95 95
1 1 2 3 6 7 8 9 9 9 11 11 12 13 15 15 16 17 18 19 20 22 22 23 24 25 26 28 28 29 31 32 32 33 35 36 37 38 39 40 40 41 43 44 45 45 46 48 50 51 52 52 53 54 55 56 57 57 58 61 60 61 64 63 64 66 68 68 70 71 71 71 72 74 75 76 76 77 80 81 81 82 83 84 85 85 86 87 88 89 92 93 94 95 95 96
1 1 2 3 6 7 8 9 9 9 11 11 12 13 15 16 16 17 18 19 20 21 22 23 24 25 28 28 29 29 31 31 32 33 35 36 37 38 39 40 41 42 43 44 45 46 46 48 49 51 51 52 53 53 55 55 57 57 58 59 60 61 64 65 65 66 66 67 70 71 71 72 72 74 75 76 77 77 79 80 81 82 83 84 85 85 86 87 88 89 92 93 94 95 95 96
1 1 2 3 6 6 8 8 9 9 11 12 12 13 16 16 16 17 19 20 21 21 22 23 24 25 28 28 28 29 32 32 32 33 34 36 37 38 39 40 40 42 43 44 45 46 47 48 48 50 51 52 53 53 55 56 57 57 58 59 60 62 64 65 65 66 66 69 70 71 71 71 72 73 75 76 76 77 80 81 82 82 83 84 84 85 86 87 88 89 92 93 94 95 96 96
1 1 2 4 6 6 7 8 9 9 11 11 12 15 16 16 17 18 19 20 20 21 23 23 24 27 28 28 29 29 31 31 32 33 34 35 38 38 39 39 40 43 43 44 45 45 47 48 49 49 50 51 53 54 55 56 56 57 58 59 60 63 63 65 65 66 67 67 69 71 71 71 73 73 76 76 76 77 80 81 81 82 83 83 84 85 86 87 88 91 91 93 94 95 96 97
1 1 2 3 6 7 -999 7 8 9 11 12 13 14 14 15 16 18 19 19 22 22 23 24 25 26 27 28 29 29 31 31 34 34 34 35 36 39 40 40 40 43 44 44 44 46 47 49 50 50 50 51 52 53 56 56 57 57 58 60 60 61 64 64 66 66 67 67 70 70 71 71 72 73 75 76 76 78 79 80 80 82 83 83 84 85 86 87 88 91 91 92 94 95 96 97
1 1 2 3 4 6 7 8 8 9 10 11 12 13 14 15 16 17 18 19 22 23 23 24 25 26 27 27 28 29 31 31 34 34 34 35 36 39 40 40 40 43 44 44 46 46 48 48 49 50 51 51 52 53 56 57 57 57 59 60 61 61 64 64 65 66 67 68 69 69 71 72 72 73 74 75 76 77 78 79 80 81 82 83 84 85 86 87 88 90 91 92 93 94 95 97
0 1 2 4 5 6 6 8 9 10 11 11 12 14 14 16 17 18 19 20 22 23 24 25 25 26 27 28 28 30 31 32 33 34 35 35 36 39 39 40 40 43 43 44 46 46 46 49 49 50 51 51 52 53 56 56 56 57 59 59 62 62 63 65 65 66 67 68 69 69 72 72 73 73 75 75 76 77 78 80 80 81 82 83 84 85 86 87 88 90 91 91 92 94 95 97
1 1 2 4 5 6 7 8 8 9 11 11 12 13 15 16 17 18 19 20 22 23 24 25 26 26 27 29 29 30 31 32 33 34 35 36 37 38 39 40 41 42 43 43 46 46 46 48 49 49 51 51 52 53 55 56 58 58 58 59 62 63 63 64 65 66 67 68 69 70 71 72 73 73 74 75 76 77 78 80 80 81 82 83 84 85 86 87 88 90 90 91 92 93 94 95
0 1 3 4 4 6 8 8 9 10 11 12 13 13 15 16 16 17 18 19 22 23 24 25 26 27 26 29 30 31 31 32 32 33 35 36 37 38 39 40 41 42 43 44 45 45 47 48 49 50 51 52 53 54 55 56 57 58 59 60 61 62 63 64 65 66 67 67 68 70 71 72 73 74 75 75 76 77 78 79 80 81 82 83 84 85 87 87 88 89 90 91 92 94 95 96
1 3 3 3 4 5 8 9 8 9 11 11 12 14 15 16 16 17 18 19 22 23 23 24 25 26 27 28 29 31 32 31 32 33 36 37 38 38 38 39 40 41 43 44 44 45 46 48 49 50 51 51 53 53 55 56 57 58 59 59 60 61 62 64 64 65 66 67 69 69 71 72 72 73 74 75 76 77 78 79 80 81 82 83 84 86 87 87 88 89 90 91 92 93 95 95
2 3 3 3 5 5 7 8 9 9 10 12 13 14 15 16 17 17 18 20 20 21 24 25 26 26 27 28 29 30 32 32 32 34 35 36 38 38 38 39 40 41 42 43 44 47 48 48 49 49 51 51 52 53 54 55 57 57 58 59 60 61 62 63 64 65 66 68 69 69 70 71 72 73 74 75 76 77 78 79 80 81 82 83 84 85 86 87 88 90 91 91 92 93 94 95
2 3 3 3 4 5 6 7 8 9 10 11 13 13 16 16 16 17 19 20 21 22 23 24 25 26 27 28 29 29 31 32 33 34 35 36 37 37 38 39 41 42 43 44 44 47 48 48 48 49 50 51 52 53 54 57 57 57 58 59 60 61 62 63 64 65 66 67 68 69 70 71 72 73 74 75 76 77 79 79 80 81 83 83 84 85 86 87 88 90 91 91 92 93 94 95
2 2 4 4 5 5 6 7 8 9 10 11 12 13 14 16 16 17 19 20 20 22 23 24 25 26 26 28 29 29 31 32 33 34 35 36 37 38 39 40 41 42 43 44 45 46 48 48 48 49 51 51 52 53 55 57 57 57 58 59 60 61 62 63 64 65 66 67 68 69 71 71 72 73 74 75 76 77 78 79 81 81 83 83 84 86 86 88 89 90 90 91 92 93 94 95
1 1 3 4 6 6 6 7 8 9 10 11 12 13 15 15 17 18 19 20 21 22 23 24 25 26 27 28 29 30 30 31 33 33 34 35 36 37 38 39 41 42 43 44 45 46 47 48 49 50 51 52 53 53 56 57 57 58 59 60 61 61 62 63 64 65 66 67 68 69 70 71 72 73 74 75 76 77 78 79 80 81 82 83 84 86 87 88 89 89 90 91 92 93 94 95
1 1 4 4 5 6 6 7 9 9 10 12 12 13 14 15 16 17 19 20 21 22 22 23 25 25 27 28 28 30 30 31 32 33 34 36 36 37 38 39 41 41 42 43 44 45 46 47 48 49 50 51 52 53 55 55 57 57 58 59 60 61 62 63 64 65 66 67 68 69 70 71 72 73 74 75 76 77 78 79 80 81 82 83 85 86 86 88 88 89 90 91 92 93 94 95
2 3 4 5 6 6 7 9 9 9 11 11 13 13 14 15 16 17 18 19 20 21 22 23 24 25 26 27 28 29 30 31 32 33 34 35 36 37 38 39 41 41 42 44 45 45 46 47 48 49 50 51 52 53 54 55 56 57 58 59 60 61 62 63 64 65 66 67 68 69 70 71 72 73 74 75 76 77 78 79 80 81 82 84 85 86 86 88 88 89 90 91 92 93 94 95
2 2 4 5 6 6 7 7 8 10 11 11 13 14 14 16 16 17 18 19 20 21 22 23 24 26 27 28 29 29 30 31 32 33 34 35 36 37 38 39 41 41 42 43 44 45 47 48 48 49 50 51 52 53 54 55 56 57 58 59 60 61 62 63 64 65 66 67 68 69 70 71 72 73 74 75 76 77 78 79 80 81 82 84 85 85 86 87 88 89 90 91 92 93 94 95
1 3 4 5 5 7 7 8 8 9 10 12 13 14 15 16 17 18 18 19 20 21 23 24 24 26 26 28 29 30 31 31 32 33 34 35 36 37 38 39 40 41 43 44 44 45 47 47 48 50 50 51 53 53 55 55 56 58 59 60 60 61 62 64 64 66 66 67 68 69 70 71 72 73 74 75 76 77 78 79 80 81 83 84 84 85 86 87 88 89 90 92 92 93 94 95
1 2 3 4 5 6 7 8 9 9 11 13 13 14 15 16 18 18 19 20 21 21 23 24 25 25 26 27 30 30 31 32 33 33 35 36 36 37 38 39 41 41 43 44 44 45 46 47 48 49 50 51 52 53 55 55 56 59 58 59 60 61 62 63 64 65 66 67 68 69 70 71 72 73 74 75 76 77 78 79 80 82 82 83 84 85 86 87 88 89 90 91 92 93 94 96
2 3 3 4 5 5 8 9 10 10 10 12 12 15 15 16 16 17 19 20 21 21 23 24 25 25 26 28 28 29 31 32 32 34 35 36 37 37 38 39 40 41 43 43 44 46 46 47 49 49 50 51 53 54 55 56 56 58 59 59 60 61 62 63 64 66 66 67 68 69 70 71 72 73 74 75 76 77 78 79 80 81 82 83 84 85 86 87 88 89 90 91 92 93 95 96
2 2 3 4 5 6 8 9 9 10 11 12 13 14 15 16 16 17 18 19 20 21 23 23 25 26 26 27 28 29 31 32 32 35 35 36 37 38 38 40 40 41 43 44 46 46 46 47 48 50 50 51 52 55 56 56 56 57 59 60 61 61 62 63 64 65 66 67 68 69 70 71 72 73 74 75 76 77 78 79 80 81 82 83 84 85 86 87 88 89 90 91 92 94 95 95
1 2 3 4 5 7 8 9 9 10 11 12 13 14 15 17 17 17 18 19 20 21 22 23 24 27 27 28 28 29 31 32 32 33 35 37 38 38 39 39 40 41 43 44 46 46 46 47 48 50 50 51 52 55 56 56 56 57 59 61 61 61 62 63 64 65 66 67 68 69 70 71 72 73 74 75 76 77 78 79 80 81 82 83 84 85 86 87 88 89 90 91 92 93 94 95
1 2 2 5 6 7 8 9 10 10 11 11 14 14 16 17 17 18 19 20 21 21 23 24 24 25 26 27 28 29 30 31 32 33 35 35 36 38 39 40 41 41 44 44 46 46 46 47 48 49 50 52 53 53 56 56 56 57 58 59 62 62 62 63 64 65 66 67 69 69 70 71 72 73 74 75 76 77 78 79 80 81 82 83 84 85 86 87 88 91 91 92 92 93 95 96
2 2 2 3 6 7 7 9 9 11 11 12 12 15 15 16 18 18 18 21 22 22 22 24 25 26 27 27 28 29 31 32 33 33 34 35 36 37 40 40 41 41 43 43 46 46 47 47 48 49 50 51 52 53 56 56 57 57 58 59 62 62 63 64 64 65 66 67 68 69 70 71 72 73 74 75 76 77 78 79 80 81 82 83 84 85 86 87 88 90 91 91 92 94 94 95
2 3 3 4 4 5 8 9 10 10 11 12 13 14 14 15 17 18 20 20 20 21 23 24 26 27 27 28 29 30 31 32 33 34 35 36 37 37 40 40 41 41 42 44 46 47 48 48 49 49 50 51 52 53 54 55 57 57 58 59 60 63 63 64 65 65 66 67 68 69 70 71 72 73 74 75 76 77 78 79 80 81 82 83 84 85 86 87 88 91 91 91 92 93 94 95
2 3 4 3 5 6 7 8 10 11 11 12 13 13 14 15 17 19 20 20 21 21 22 24 25 27 28 29 29 29 32 32 33 34 36 36 37 38 39 40 41 42 43 44 45 46 48 48 48 49 51 51 52 53 54 55 56 57 59 59 60 61 62 64 65 66 67 67 68 69 70 71 72 73 74 75 76 77 78 79 80 81 82 83 84 85 86 87 89 90 91 91 92 93 94 95
2 3 3 3 4 5 6 9 10 11 12 12 13 13 15 16 17 19 20 20 21 21 22 24 24 27 27 27 29 30 31 32 33 34 36 37 38 38 39 40 41 42 43 44 45 46 48 48 49 49 50 51 53 53 54 55 56 57 58 60 60 61 62 63 66 66 66 67 69 69 70 71 72 73 74 75 76 77 78 79 80 81 82 83 84 85 87 89 90 90 91 91 92 93 94 95
2 2 3 4 5 6 6 8 9 10 11 12 13 14 14 15 17 18 20 20 21 21 23 24 25 26 26 28 29 29 31 32 33 34 35 36 37 38 39 40 41 42 44 44 46 46 47 48 49 50 51 51 52 53 54 55 56 57 58 59 60 61 62 64 64 66 66 67 68 69 70 72 72 73 74 75 76 77 78 79 80 81 82 84 85 85 86 89 90 91 91 91 92 93 94 95
2 3 4 4 6 6 7 7 9 11 11 12 12 15 15 15 16 18 18 21 21 23 23 23 26 26 26 27 28 29 30 32 33 34 35 36 36 38 40 41 41 43 43 44 45 47 47 49 50 50 52 52 53 54 55 55 56 57 58 59 60 61 62 63 65 65 66 67 68 69 70 71 72 73 74 75 76 77 78 79 80 81 83 84 84 86 87 88 88 90 90 91 92 93 94 95
2 3 4 5 6 7 7 7 8 9 11 13 13 15 16 16 17 18 19 21 22 23 24 24 26 26 27 27 28 29 30 31 33 34 35 36 37 38 39 40 41 42 43 44 46 47 48 49 50 51 51 52 53 54 55 56 57 58 59 60 60 61 62 63 64 65 67 67 68 69 70 71 72 73 74 75 76 77 78 79 80 81 83 84 84 85 86 87 89 89 90 91 92 93 94 95
2 3 4 5 6 6 6 9 9 9 12 13 14 14 15 16 16 17 18 19 22 23 24 25 26 26 26 27 28 29 31 32 33 34 35 36 37 38 39 40 41 42 43 44 45 45 47 48 50 51 52 53 53 53 55 56 57 58 59 60 61 61 62 64 64 65 66 68 68 69 70 72 72 73 74 75 76 77 78 79 80 82 83 83 84 85 86 87 88 90 90 92 92 93 94 95
2 3 3 4 5 7 8 8 9 9 12 12 14 15 16 15 16 17 18 19 22 23 24 25 26 26 26 27 28 30 31 32 33 34 35 36 37 38 39 40 41 42 43 44 45 45 47 48 50 50 52 52 53 53 55 56 58 58 59 60 61 62 62 63 64 65 66 68 68 69 70 71 72 73 74 75 76 77 78 79 80 82 82 84 84 86 86 88 88 90 91 91 92 94 94 96
2 3 4 3 4 7 8 9 8 9 12 13 14 15 15 16 16 18 19 19 22 22 23 24 25 26 27 28 30 30 32 32 33 34 35 36 38 39 39 40 41 42 43 44 45 45 46 47 48 50 50 51 53 54 54 55 57 57 60 60 61 62 63 64 65 65 66 68 68 69 71 71 72 73 74 75 76 77 78 79 80 81 82 83 84 85 87 88 88 90 90 92 93 94 95 96
2 3 3 4 4 7 8 8 9 9 12 13 14 14 15 16 16 17 20 20 22 23 24 25 26 26 27 28 29 30 30 32 33 34 36 37 38 39 40 40 41 42 43 44 45 45 46 47 49 50 50 51 52 53 54 55 56 57 58 61 62 63 63 64 66 66 66 67 68 69 70 71 72 74 74 75 76 77 78 79 80 81 82 83 84 85 86 87 88 90 91 91 94 94 95 96
1 3 3 4 4 6 7 8 9 9 12 13 13 13 15 16 18 18 19 21 22 23 24 25 26 26 27 28 29 30 31 31 33 34 36 37 38 39 40 40 41 42 43 44 44 45 46 48 48 49 50 52 53 53 54 55 56 57 60 61 62 62 62 65 66 66 67 67 68 69 70 71 72 73 75 76 76 77 78 79 80 81 82 83 84 85 86 88 88 90 91 92 92 94 95 95
1 2 3 4 5 6 7 8 9 10 11 12 13 14 15 16 17 18 19 20 22 23 24 25 26 26 27 28 29 30 31 32 32 33 36 36 37 38 39 40 41 42 43 44 45 45 46 48 49 50 51 52 53 53 54 55 56 58 59 60 61 61 62 63 66 67 67 68 69 70 71 71 72 73 75 76 77 77 78 79 80 81 82 84 84 85 86 87 88 89 91 93 93 94 94 95
1 2 3 4 5 6 7 8 9 10 11 12 14 14 15 16 17 18 20 20 22 22 24 25 26 26 27 28 29 30 31 32 33 34 36 37 38 38 39 40 41 42 43 43 44 45 46 49 49 50 51 51 53 53 54 55 56 57 59 60 61 61 63 64 65 66 68 68 70 70 71 72 73 74 75 75 77 78 78 79 80 81 82 83 84 85 86 88 88 89 92 93 94 94 95 95
1 2 3 4 5 5 7 8 10 10 11 12 14 14 15 16 17 19 20 20 21 21 24 25 26 26 27 28 29 30 31 32 33 34 35 37 38 38 39 40 41 42 43 44 44 45 47 48 49 50 51 52 52 53 54 55 56 57 59 60 60 61 63 63 64 65 67 68 70 70 71 72 73 74 74 77 78 78 79 79 80 81 82 83 84 85 86 87 88 89 91 93 94 95 94 95
1 2 3 4 4 5 7 8 10 10 11 12 14 15 16 17 17 19 19 20 21 21 24 25 26 26 27 28 29 30 31 32 33 34 35 36 38 38 39 40 41 42 43 44 45 45 47 48 49 50 51 51 52 53 54 55 56 57 58 60 60 62 63 63 65 65 67 68 69 70 71 72 73 73 74 76 78 79 79 80 80 81 82 83 84 85 87 87 88 89 90 92 93 94 95 95
2 2 3 3 4 5 6 8 9 11 12 13 14 15 16 16 17 18 19 20 21 22 23 24 25 26 27 28 29 30 31 32 33 34 35 36 37 38 39 40 41 42 43 44 45 46 47 48 49 49 51 51 52 53 55 55 56 57 58 59 60 61 63 64 65 65 67 68 69 70 71 72 73 74 75 75 76 77 79 80 80 81 82 83 84 85 86 88 88 89 90 91 92 93 96 96
1 2 3 4 5 6 7 8 9 10 11 12 13 14 15 16 17 18 19 20 21 22 23 24 25 26 27 28 29 30 31 32 33 34 35 36 37 38 40 40 41 41 43 44 45 46 47 48 49 49 51 52 53 54 55 56 57 57 58 60 61 62 63 64 65 66 67 68 69 70 71 72 73 74 74 76 77 78 79 80 81 82 83 84 84 86 86 88 88 90 91 92 93 94 94 97
1 1 3 3 4 5 7 8 9 10 12 13 14 15 16 16 17 19 19 21 21 21 22 25 25 26 28 28 30 30 31 32 33 34 36 36 37 38 40 40 41 41 43 44 46 46 46 47 48 49 50 51 53 54 55 55 56 57 58 60 61 63 63 64 65 65 67 68 69 70 71 72 72 74 75 76 76 77 79 80 80 81 82 83 85 85 87 87 88 90 90 91 93 93 94 97
1 2 3 4 5 6 6 7 9 10 12 13 14 14 16 16 17 18 19 20 21 22 23 24 25 26 28 28 30 30 31 32 33 34 35 37 38 38 40 40 41 42 43 43 45 46 46 47 48 49 50 52 53 54 55 56 56 57 58 61 62 62 63 64 65 65 66 68 69 71 71 72 72 74 75 75 76 78 79 80 80 81 82 84 84 85 86 87 88 90 90 92 92 93 96 97
1 2 3 3 5 6 7 8 9 9 11 12 14 14 15 16 17 18 19 20 21 22 23 24 25 26 27 28 30 30 31 33 33 34 35 37 38 38 39 40 41 41 43 44 45 46 46 47 48 49 51 51 54 54 55 56 57 57 59 60 62 62 63 64 65 65 67 68 69 70 71 72 72 74 75 75 76 78 79 79 80 81 82 84 84 85 86 87 88 89 90 91 92 93 96 97
