ASPA-UH-SWB2_REPO/output/SUM_of_RECHARGE.asc
NCOLS        350
NROWS        200
XLLCORNER     515000.000
YLLCORNER    8409000.000
CELLSIZE        100.000
NODATA_VALUE     -9999.    
[rows 140 to 167 of 200, columns 63 to 125 of 350]
-.9900E-19 -.9900E-19 -.9900E-19 -.9900E-19 -.9900E-19 -.9900E-19 -.9900E-19 -.9900E-19 -.9900E-19 -.9900E-19 -.9900E-19 -.9900E-19 -.9900E-19 -.9900E-19 -.9900E-19 -.9900E-19 92.15 11.34 84.75 101.7 100.6 75.46 82.20 69.28 70.07 70.91 71.63 83.64 76.53 76.70 93.32 214.2 215.2 217.4 218.4 235.8 211.6 215.3 101.1 98.58 95.74 102.2 103.3 103.3 104.3 122.2 98.20 99.63 98.94 97.84 98.19 98.09 114.7 98.64 99.49 99.44 93.60 91.17 94.12 90.00 87.23 85.66 87.57
-.9900E-19 -.9900E-19 -.9900E-19 -.9900E-19 -.9900E-19 -.9900E-19 -.9900E-19 -.9900E-19 -.9900E-19 -.9900E-19 -.9900E-19 -.9900E-19 -.9900E-19 -.9900E-19 -.9900E-19 -.9900E-19 -.9900E-19 58.08 56.40 96.64 80.78 83.12 73.93 70.43 69.15 69.93 207.2 198.8 196.7 204.6 177.7 209.2 216.8 216.2 209.9 210.0 236.5 209.0 99.23 96.02 96.74 99.89 110.9 99.05 96.50 120.3 119.3 89.97 126.5 118.5 95.44 87.72 54.07 98.52 102.0 94.99 91.24 90.21 91.90 87.82 87.10 88.45 86.21
-.9900E-19 -.9900E-19 -.9900E-19 -.9900E-19 -.9900E-19 -.9900E-19 -.9900E-19 -.9900E-19 -.9900E-19 -.9900E-19 -.9900E-19 -.9900E-19 -.9900E-19 -.9900E-19 -.9900E-19 -.9900E-19 -.9900E-19 -.9900E-19 56.68 98.56 79.25 71.32 70.90 68.43 68.60 230.1 207.9 217.8 172.4 219.4 221.4 103.7 104.1 113.5 53.50 108.1 62.79 99.13 101.7 98.26 98.90 98.22 92.00 92.44 96.38 93.80 117.0 125.4 96.47 117.4 119.8 115.5 117.1 119.6 93.22 93.33 89.63 90.67 87.56 85.69 85.73 87.08 86.29
-.9900E-19 -.9900E-19 -.9900E-19 -.9900E-19 -.9900E-19 -.9900E-19 -.9900E-19 -.9900E-19 -.9900E-19 -.9900E-19 -.9900E-19 -.9900E-19 -.9900E-19 -.9900E-19 -.9900E-19 -.9900E-19 -.9900E-19 -.9900E-19 52.37 96.82 92.70 96.88 80.36 59.86 67.74 214.0 100.5 79.54 76.84 73.02 91.80 85.99 75.17 87.20 81.31 85.67 91.33 112.5 90.40 88.92 87.66 96.31 89.80 95.17 96.88 97.22 108.3 98.69 124.4 120.9 122.2 108.7 115.3 116.2 85.78 89.54 88.07 89.83 88.13 84.30 86.10 82.48 81.00
-.9900E-19 -.9900E-19 -.9900E-19 -.9900E-19 -.9900E-19 -.9900E-19 -.9900E-19 -.9900E-19 -.9900E-19 -.9900E-19 -.9900E-19 -.9900E-19 -.9900E-19 -.9900E-19 -.9900E-19 -.9900E-19 -.9900E-19 74.63 94.49 71.09 76.61 73.93 92.50 101.8 49.84 95.68 80.37 74.51 78.80 76.98 86.52 70.92 82.53 79.90 82.94 87.28 81.94 115.7 88.04 86.84 94.80 86.26 96.02 95.14 82.62 93.86 94.66 96.79 96.96 96.80 96.60 113.6 82.49 84.18 91.19 87.34 85.90 86.38 94.56 99.22 86.79 95.32 93.31
-.9900E-19 -.9900E-19 -.9900E-19 -.9900E-19 -.9900E-19 -.9900E-19 -.9900E-19 -.9900E-19 -.9900E-19 -.9900E-19 -.9900E-19 -.9900E-19 -.9900E-19 -.9900E-19 -.9900E-19 -.9900E-19 -.9900E-19 71.56 96.57 77.01 75.71 66.78 101.8 92.76 97.27 52.97 93.53 94.65 76.73 74.44 84.57 85.70 76.55 77.50 78.48 80.81 88.73 101.2 87.80 75.95 84.31 84.31 94.31 92.80 93.13 92.78 93.00 94.47 89.72 96.24 83.56 104.5 89.04 88.75 90.58 94.70 85.11 87.39 114.8 115.8 98.65 72.51 70.03
-.9900E-19 -.9900E-19 -.9900E-19 -.9900E-19 -.9900E-19 -.9900E-19 -.9900E-19 -.9900E-19 -.9900E-19 -.9900E-19 -.9900E-19 -.9900E-19 -.9900E-19 -.9900E-19 -.9900E-19 -.9900E-19 69.18 67.35 92.74 73.91 77.12 90.34 68.67 68.46 79.80 101.2 78.55 78.93 91.44 97.49 77.74 84.79 75.16 77.38 80.60 77.87 80.12 98.20 83.08 85.48 85.54 86.17 95.78 100.2 100.6 91.18 91.42 93.30 93.56 93.75 80.52 112.1 90.37 86.54 85.48 93.22 84.86 83.64 115.3 86.67 100.2 74.13 70.18
-.9900E-19 -.9900E-19 -.9900E-19 -.9900E-19 -.9900E-19 -.9900E-19 -.9900E-19 -.9900E-19 -.9900E-19 -.9900E-19 -.9900E-19 -.9900E-19 -.9900E-19 -.9900E-19 -.9900E-19 -.9900E-19 69.67 72.50 87.24 72.77 89.92 52.50 72.16 74.32 72.04 74.90 94.19 72.28 74.08 87.90 95.70 94.46 77.33 83.12 70.66 80.79 72.32 106.3 80.84 80.22 85.24 85.86 73.72 74.22 90.00 89.76 89.99 91.88 92.17 92.39 92.50 107.5 90.18 78.09 75.77 82.81 82.81 83.37 114.9 72.24 74.75 96.44 69.00
-.9900E-19 -.9900E-19 -.9900E-19 -.9900E-19 -.9900E-19 -.9900E-19 -.9900E-19 -.9900E-19 -.9900E-19 -.9900E-19 -.9900E-19 -.9900E-19 -.9900E-19 -.9900E-19 -.9900E-19 -.9900E-19 61.25 60.66 72.94 88.25 68.01 53.06 91.30 74.46 72.83 75.12 76.01 74.89 72.74 77.63 89.25 100.2 98.28 93.66 81.46 85.33 81.33 104.3 83.42 81.43 80.73 80.67 80.53 72.62 73.01 88.93 89.15 89.87 82.95 90.52 90.65 97.73 86.07 87.24 82.59 73.82 81.45 85.01 106.4 77.77 71.18 94.57 97.86
-.9900E-19 -.9900E-19 -.9900E-19 -.9900E-19 -.9900E-19 -.9900E-19 -.9900E-19 -.9900E-19 -.9900E-19 -.9900E-19 -.9900E-19 -.9900E-19 -.9900E-19 -.9900E-19 -.9900E-19 -.9900E-19 70.59 72.69 64.53 90.04 89.32 98.80 89.04 98.39 73.87 76.82 77.02 76.52 74.99 69.46 80.64 83.27 78.28 92.13 102.3 73.19 77.84 56.09 80.81 74.42 80.03 77.93 78.42 78.82 79.17 87.56 87.94 88.68 97.82 83.11 90.07 96.97 87.35 75.84 84.87 81.39 84.41 108.6 97.85 72.73 76.48 103.3 89.52
-.9900E-19 -.9900E-19 -.9900E-19 -.9900E-19 -.9900E-19 -.9900E-19 -.9900E-19 -.9900E-19 -.9900E-19 -.9900E-19 -.9900E-19 -.9900E-19 -.9900E-19 -.9900E-19 -.9900E-19 -.9900E-19 67.87 71.94 63.11 75.95 99.44 73.79 74.28 86.61 87.61 95.64 73.61 73.75 74.97 69.74 69.61 81.30 73.03 75.57 70.45 97.85 96.39 103.4 95.53 103.8 79.47 77.28 77.71 86.01 78.44 78.70 79.04 87.05 87.54 79.53 80.40 102.6 86.67 88.52 85.53 85.06 84.48 52.00 97.20 99.01 49.85 66.84 66.86
-.9900E-19 -.9900E-19 -.9900E-19 -.9900E-19 -.9900E-19 -.9900E-19 -.9900E-19 -.9900E-19 -.9900E-19 -.9900E-19 -.9900E-19 -.9900E-19 -.9900E-19 -.9900E-19 -.9900E-19 -.9900E-19 -.9900E-19 70.57 61.74 86.57 87.10 74.36 73.52 85.17 71.11 73.88 68.40 73.58 72.11 75.79 74.92 72.10 80.75 78.02 80.48 110.8 84.67 79.88 78.70 95.00 92.80 91.23 77.14 77.48 70.71 80.76 80.45 77.51 87.10 78.28 79.12 93.58 79.03 83.90 78.58 81.44 84.57 95.40 95.30 71.19 74.32 72.53 71.13
-.9900E-19 -.9900E-19 -.9900E-19 -.9900E-19 -.9900E-19 -.9900E-19 -.9900E-19 -.9900E-19 -.9900E-19 -.9900E-19 -.9900E-19 -.9900E-19 -.9900E-19 -.9900E-19 -.9900E-19 -.9900E-19 -.9900E-19 59.76 93.55 73.85 74.43 86.90 64.51 62.89 93.17 69.83 73.32 72.10 69.25 72.20 76.87 82.55 71.52 78.93 90.15 99.86 76.71 73.40 73.16 77.60 70.25 91.66 103.9 96.77 97.07 106.4 97.12 105.0 93.26 93.57 103.5 95.07 77.85 81.38 80.41 79.61 94.19 90.21 99.16 45.63 78.04 82.40 79.37
-.9900E-19 -.9900E-19 -.9900E-19 -.9900E-19 -.9900E-19 -.9900E-19 -.9900E-19 -.9900E-19 -.9900E-19 -.9900E-19 -.9900E-19 -.9900E-19 -.9900E-19 -.9900E-19 -.9900E-19 -.9900E-19 -.9900E-19 67.88 60.35 95.33 73.73 87.52 65.74 74.48 45.17 86.02 75.04 73.81 70.38 74.24 74.58 74.98 70.43 77.81 89.65 65.75 81.97 82.24 83.24 92.68 85.90 78.38 80.66 78.59 81.59 87.68 71.92 93.18 92.88 72.27 81.46 97.29 94.55 100.1 90.71 90.93 98.10 101.1 66.10 74.36 81.00 71.08 67.42
-.9900E-19 -.9900E-19 -.9900E-19 -.9900E-19 -.9900E-19 -.9900E-19 -.9900E-19 -.9900E-19 -.9900E-19 -.9900E-19 -.9900E-19 -.9900E-19 -.9900E-19 -.9900E-19 -.9900E-19 -.9900E-19 -.9900E-19 -.9900E-19 101.7 83.10 69.06 71.52 89.07 76.78 65.97 88.37 66.99 74.30 82.54 70.36 81.07 70.31 70.71 73.05 101.2 83.32 89.81 71.37 72.32 82.81 84.37 79.43 78.36 76.66 76.73 76.48 77.53 47.08 68.37 75.72 84.95 77.14 77.69 80.57 78.15 74.03 74.84 73.50 95.66 97.90 93.24 90.98 98.23
-.9900E-19 -.9900E-19 -.9900E-19 -.9900E-19 -.9900E-19 -.9900E-19 -.9900E-19 -.9900E-19 -.9900E-19 -.9900E-19 -.9900E-19 -.9900E-19 -.9900E-19 -.9900E-19 -.9900E-19 -.9900E-19 -.9900E-19 -.9900E-19 -.9900E-19 71.64 69.53 62.94 85.44 97.95 75.28 64.43 90.86 72.38 69.26 79.95 69.03 75.65 88.81 99.23 66.50 76.80 81.79 70.80 81.41 81.54 82.42 81.67 82.60 72.23 72.66 73.12 75.50 109.0 84.31 83.70 77.92 79.75 79.62 80.02 87.42 83.45 76.73 72.60 84.36 82.70 82.66 76.84 75.91
-.9900E-19 -.9900E-19 -.9900E-19 -.9900E-19 -.9900E-19 -.9900E-19 -.9900E-19 -.9900E-19 -.9900E-19 -.9900E-19 -.9900E-19 -.9900E-19 -.9900E-19 -.9900E-19 -.9900E-19 -.9900E-19 -.9900E-19 -.9900E-19 68.29 70.79 68.62 69.63 94.71 87.31 65.93 73.78 87.24 64.33 81.36 72.21 72.47 74.78 101.3 84.22 79.32 75.05 70.86 70.27 80.98 80.89 81.09 80.79 81.06 71.67 72.09 72.53 95.73 82.77 82.95 75.99 63.91 64.47 72.51 63.31 82.66 82.09 75.76 75.17 74.47 80.28 69.37 69.79 68.86
-.9900E-19 -.9900E-19 -.9900E-19 -.9900E-19 -.9900E-19 -.9900E-19 -.9900E-19 -.9900E-19 -.9900E-19 -.9900E-19 -.9900E-19 -.9900E-19 -.9900E-19 -.9900E-19 -.9900E-19 -.9900E-19 -.9900E-19 -.9900E-19 -.9900E-19 60.36 67.64 85.83 97.70 72.43 73.99 76.22 93.94 93.34 73.73 72.68 72.63 88.72 74.94 76.53 70.40 69.84 69.90 69.96 70.03 70.14 70.32 80.53 70.90 71.24 71.61 73.29 95.76 72.41 82.46 81.80 81.82 82.35 82.20 82.00 61.99 89.43 80.66 72.48 74.83 82.86 81.21 70.95 71.35
-.9900E-19 -.9900E-19 -.9900E-19 -.9900E-19 -.9900E-19 -.9900E-19 -.9900E-19 -.9900E-19 -.9900E-19 -.9900E-19 -.9900E-19 -.9900E-19 -.9900E-19 -.9900E-19 -.9900E-19 -.9900E-19 -.9900E-19 -.9900E-19 -.9900E-19 66.99 77.11 86.19 75.19 72.81 69.79 86.49 87.35 85.96 71.85 66.36 67.35 96.79 78.18 74.14 69.68 69.79 69.85 69.90 80.63 69.96 86.33 70.34 70.60 79.02 72.50 74.75 112.9 80.97 81.07 70.68 81.28 82.65 82.48 82.23 81.87 80.64 59.94 77.43 72.07 73.63 71.46 67.95 70.46
-.9900E-19 -.9900E-19 -.9900E-19 -.9900E-19 -.9900E-19 -.9900E-19 -.9900E-19 -.9900E-19 -.9900E-19 -.9900E-19 -.9900E-19 -.9900E-19 -.9900E-19 -.9900E-19 -.9900E-19 -.9900E-19 -.9900E-19 -.9900E-19 58.20 79.80 86.95 65.69 63.98 73.86 86.72 69.10 69.71 61.52 86.68 78.28 90.05 75.34 71.07 78.82 88.97 80.82 77.98 80.75 80.72 80.08 80.16 71.90 72.09 80.58 72.51 72.24 86.08 71.18 78.25 80.78 80.70 82.02 81.81 81.57 81.20 79.92 79.41 58.25 77.67 70.02 67.90 67.72 69.58
-.9900E-19 -.9900E-19 -.9900E-19 -.9900E-19 -.9900E-19 -.9900E-19 -.9900E-19 -.9900E-19 -.9900E-19 -.9900E-19 -.9900E-19 -.9900E-19 -.9900E-19 -.9900E-19 -.9900E-19 -.9900E-19 -.9900E-19 -.9900E-19 60.61 88.40 65.13 68.07 94.01 102.4 69.27 66.87 66.85 80.44 87.13 85.47 88.48 66.00 69.59 81.20 80.71 69.85 90.11 73.63 77.95 69.81 69.82 69.90 62.17 62.30 62.41 95.05 80.48 79.74 79.56 80.54 80.41 81.68 81.65 81.62 81.00 79.90 79.38 77.70 77.42 69.87 69.72 64.86 67.36
-.9900E-19 -.9900E-19 -.9900E-19 -.9900E-19 -.9900E-19 -.9900E-19 -.9900E-19 -.9900E-19 -.9900E-19 -.9900E-19 -.9900E-19 -.9900E-19 -.9900E-19 -.9900E-19 -.9900E-19 -.9900E-19 -.9900E-19 -.9900E-19 59.04 86.80 87.06 90.01 74.36 63.04 67.67 66.64 66.65 91.95 88.96 96.77 86.26 70.97 68.72 69.13 69.53 69.78 69.88 80.32 77.85 79.58 71.38 69.65 69.72 61.91 71.59 71.65 94.59 79.30 79.06 79.97 79.81 81.05 80.98 80.88 80.25 79.14 86.76 76.97 76.68 68.98 69.52 75.22 73.83
-.9900E-19 -.9900E-19 -.9900E-19 -.9900E-19 -.9900E-19 -.9900E-19 -.9900E-19 -.9900E-19 -.9900E-19 -.9900E-19 -.9900E-19 -.9900E-19 -.9900E-19 -.9900E-19 -.9900E-19 -.9900E-19 -.9900E-19 -.9900E-19 -.9900E-19 59.67 83.46 89.08 78.03 75.00 66.71 61.40 67.80 94.99 101.3 93.09 88.09 62.91 69.18 68.95 69.34 69.64 80.39 79.45 69.55 69.40 69.35 69.34 69.34 69.36 77.44 69.37 92.92 62.13 79.16 79.28 79.09 80.03 79.94 67.69 67.17 65.16 78.17 76.77 76.17 75.90 64.62 73.89 73.85
-.9900E-19 -.9900E-19 -.9900E-19 -.9900E-19 -.9900E-19 -.9900E-19 -.9900E-19 -.9900E-19 -.9900E-19 -.9900E-19 -.9900E-19 -.9900E-19 -.9900E-19 -.9900E-19 -.9900E-19 -.9900E-19 -.9900E-19 -.9900E-19 -.9900E-19 -.9900E-19 -.9900E-19 -.9900E-19 83.09 84.71 85.03 85.35 84.56 92.92 77.60 99.40 87.91 69.28 68.36 68.77 69.17 80.17 80.28 79.28 87.40 69.10 78.28 78.14 78.12 78.96 68.85 68.83 96.00 68.69 78.60 78.71 78.50 79.40 79.30 79.60 66.37 78.03 85.63 75.79 62.27 74.54 73.89 62.99 66.19
-.9900E-19 -.9900E-19 -.9900E-19 -.9900E-19 -.9900E-19 -.9900E-19 -.9900E-19 -.9900E-19 -.9900E-19 -.9900E-19 -.9900E-19 -.9900E-19 -.9900E-19 -.9900E-19 -.9900E-19 -.9900E-19 -.9900E-19 -.9900E-19 -.9900E-19 -.9900E-19 -.9900E-19 -.9900E-19 -.9900E-19 -.9900E-19 -.9900E-19 82.57 60.05 82.63 70.03 74.04 69.39 71.45 68.17 68.57 68.92 78.92 87.23 77.82 77.66 77.96 77.65 67.19 78.03 78.01 78.20 78.31 77.51 94.56 78.27 78.25 77.81 78.42 78.08 78.43 -.9900E-19 -.9900E-19 -.9900E-19 -.9900E-19 74.91 60.63 62.29 62.16 61.38
-.9900E-19 -.9900E-19 -.9900E-19 -.9900E-19 -.9900E-19 -.9900E-19 -.9900E-19 -.9900E-19 -.9900E-19 -.9900E-19 -.9900E-19 -.9900E-19 -.9900E-19 -.9900E-19 -.9900E-19 -.9900E-19 -.9900E-19 -.9900E-19 -.9900E-19 -.9900E-19 -.9900E-19 -.9900E-19 -.9900E-19 -.9900E-19 -.9900E-19 -.9900E-19 65.47 59.44 77.99 66.76 76.58 79.10 67.93 76.32 79.76 78.66 78.63 85.68 77.33 77.65 77.54 77.91 77.85 77.64 77.56 77.85 77.73 93.84 85.85 77.65 77.18 77.77 77.41 77.74 -.9900E-19 -.9900E-19 -.9900E-19 -.9900E-19 -.9900E-19 66.24 65.48 60.73 59.95
-.9900E-19 -.9900E-19 -.9900E-19 -.9900E-19 -.9900E-19 -.9900E-19 -.9900E-19 -.9900E-19 -.9900E-19 -.9900E-19 -.9900E-19 -.9900E-19 -.9900E-19 -.9900E-19 -.9900E-19 -.9900E-19 -.9900E-19 -.9900E-19 -.9900E-19 -.9900E-19 -.9900E-19 -.9900E-19 -.9900E-19 -.9900E-19 -.9900E-19 -.9900E-19 -.9900E-19 -.9900E-19 56.23 68.91 58.87 59.24 59.64 69.64 86.45 77.00 76.96 77.70 77.57 78.80 78.71 87.14 87.04 78.54 78.42 77.22 77.05 91.88 76.47 77.02 76.75 77.27 -.9900E-19 -.9900E-19 -.9900E-19 -.9900E-19 -.9900E-19 -.9900E-19 -.9900E-19 63.45 66.70 87.47 93.12
-.9900E-19 -.9900E-19 -.9900E-19 -.9900E-19 -.9900E-19 -.9900E-19 -.9900E-19 -.9900E-19 -.9900E-19 -.9900E-19 -.9900E-19 -.9900E-19 -.9900E-19 -.9900E-19 -.9900E-19 -.9900E-19 -.9900E-19 -.9900E-19 -.9900E-19 -.9900E-19 -.9900E-19 -.9900E-19 -.9900E-19 -.9900E-19 -.9900E-19 -.9900E-19 -.9900E-19 -.9900E-19 -.9900E-19 56.23 56.57 56.94 78.71 77.49 77.86 76.56 76.51 77.26 77.14 -.9900E-19 -.9900E-19 67.15 78.39 78.06 77.90 76.67 76.48 91.13 75.65 84.47 76.09 76.62 -.9900E-19 -.9900E-19 -.9900E-19 -.9900E-19 -.9900E-19 -.9900E-19 -.9900E-19 -.9900E-19 -.9900E-19 70.31 69.68
