ASPA-UH-SWB2_REPO/output/SUM_of_RECHARGE.asc
NCOLS        350
NROWS        200
XLLCORNER     515000.000
YLLCORNER    8409000.000
CELLSIZE        100.000
NODATA_VALUE     -9999.    
[rows 112 to 139 of 200, columns 63 to 125 of 350]
86.88 166.2 247.6 88.18 88.96 88.29 89.02 88.97 89.57 108.1 108.5 109.4 109.8 109.3 130.8 130.8 131.0 128.4 128.4 128.5 128.5 129.0 129.1 226.6 129.8 129.9 130.0 126.8 147.8 124.8 119.8 120.7 144.1 120.7 120.1 120.1 120.0 119.8 119.5 119.2 118.8 169.2 117.8 125.5 124.7 173.9 123.0 123.6 122.0 122.0 121.8 117.0 173.4 107.4 106.7 106.6 106.5 108.7 108.4 105.6 105.1 102.9 102.2
164.7 86.90 87.73 166.9 88.53 168.7 88.50 88.50 105.9 107.5 108.0 108.8 109.2 108.8 130.2 130.3 130.6 131.3 128.1 128.2 128.3 128.8 128.9 129.6 219.8 268.4 125.2 128.5 131.0 149.0 146.0 121.4 197.3 146.0 121.2 120.5 120.8 121.3 119.7 119.4 119.0 118.5 118.0 117.4 168.6 167.5 166.8 110.2 109.5 122.1 108.5 108.8 109.3 106.7 109.4 106.5 106.2 108.5 108.1 105.2 104.6 102.2 101.3
84.69 84.73 85.51 85.15 164.8 86.02 86.65 104.9 105.5 107.0 238.3 107.6 108.1 173.4 108.2 130.3 130.6 131.6 131.9 131.7 131.8 129.0 132.4 133.3 124.6 124.8 124.9 125.1 178.2 184.5 153.6 140.7 140.3 147.8 138.6 147.3 146.6 146.3 124.6 123.3 120.2 118.4 117.9 118.6 106.2 112.3 107.9 108.8 114.6 114.6 109.3 110.5 110.3 111.2 111.0 110.6 110.2 103.5 107.9 105.2 104.4 101.7 100.7
83.96 239.1 84.75 84.38 85.04 101.5 102.2 103.9 104.5 106.0 106.5 106.6 107.1 106.8 107.3 129.2 129.6 130.7 131.0 130.8 131.0 131.5 131.7 132.6 132.7 132.8 124.4 169.1 124.9 125.2 125.5 155.2 142.5 144.7 142.2 143.6 81.59 142.1 140.6 141.0 141.9 121.1 119.9 113.6 128.8 125.6 113.3 114.2 113.8 114.4 109.1 110.2 110.0 104.2 110.6 110.1 103.3 216.2 163.2 159.6 103.5 99.45 99.50
81.49 81.72 177.0 99.25 162.5 101.9 102.6 104.7 105.2 106.0 171.1 105.9 106.3 106.2 127.2 129.0 129.4 130.8 131.2 131.6 131.9 132.6 132.9 133.4 133.6 177.9 133.1 123.1 124.1 213.9 169.4 125.8 155.0 146.7 144.2 141.0 147.5 140.2 148.9 198.7 166.2 137.7 135.8 129.5 137.8 113.9 115.8 116.4 116.1 110.8 110.4 111.1 110.8 104.9 105.3 104.6 161.0 108.3 106.9 103.3 102.2 99.79 98.49
95.82 96.16 96.99 97.88 98.62 100.5 101.1 103.2 103.7 104.5 105.0 104.3 104.8 125.0 125.5 127.3 127.7 129.2 129.7 130.2 130.6 131.4 131.7 132.3 132.6 132.0 132.2 131.4 131.6 123.5 123.8 124.8 129.5 124.7 118.4 119.9 148.1 126.4 124.7 134.0 120.7 122.7 112.4 114.3 134.7 129.8 128.0 106.1 116.6 111.7 110.0 110.6 110.9 105.0 131.7 133.1 104.9 106.6 105.9 99.10 155.7 98.46 97.09
94.20 96.04 96.87 98.75 99.46 101.3 101.9 103.5 104.0 104.2 104.8 103.2 103.6 123.4 123.9 126.1 126.6 128.0 128.5 129.5 130.0 131.6 132.0 132.7 177.4 132.2 132.4 131.0 220.0 129.6 167.1 167.4 123.3 123.6 129.8 120.5 110.3 122.0 122.5 131.9 143.7 159.0 157.0 159.5 158.9 115.4 130.3 181.1 125.0 108.6 105.9 112.4 108.9 131.8 32.57 107.9 108.5 104.4 158.3 100.3 99.01 98.32 96.83
92.43 94.24 95.06 96.94 97.63 99.44 100.0 101.5 102.1 102.3 102.8 101.3 101.7 121.2 121.7 123.9 124.5 125.9 126.5 127.5 128.1 129.8 130.3 131.1 219.5 174.9 131.0 129.6 129.9 128.4 121.4 121.7 122.0 122.2 128.5 128.1 121.6 116.3 120.2 126.4 152.7 156.4 156.0 158.5 151.6 118.1 108.3 111.3 105.7 129.4 131.5 110.2 109.8 126.9 96.81 101.5 99.07 103.2 102.2 98.88 97.57 96.75 95.26
91.16 93.19 94.02 96.48 97.18 98.90 99.46 100.4 101.0 222.2 100.6 98.55 99.05 118.8 119.3 121.5 122.0 123.7 124.3 126.1 126.7 171.6 129.3 129.4 129.9 128.8 129.2 127.7 128.0 125.2 122.5 127.3 127.5 120.1 127.9 127.4 127.4 163.9 219.9 125.6 155.4 157.4 157.0 150.2 151.8 154.0 110.1 109.1 105.3 103.5 109.7 60.07 125.2 121.3 103.1 98.74 151.9 101.2 100.2 98.12 96.74 96.60 94.96
88.82 90.85 91.71 94.12 94.83 96.54 97.11 98.05 98.57 158.1 98.24 96.29 115.9 116.2 116.8 118.9 119.5 121.2 121.9 123.7 124.4 126.4 127.1 127.3 127.8 126.8 127.3 125.9 126.4 125.2 125.5 125.8 126.0 126.3 126.4 125.9 126.0 124.7 124.6 124.4 154.0 156.0 156.4 152.6 148.5 148.0 152.6 146.3 145.4 101.8 105.2 105.6 101.7 115.9 98.66 212.5 103.4 99.74 98.65 96.51 95.09 94.89 93.21
86.38 87.97 88.85 91.83 92.54 94.65 95.23 95.10 95.64 93.76 94.29 93.16 112.4 113.2 113.8 115.2 156.1 159.3 118.8 121.7 122.5 123.4 124.2 123.1 123.8 249.3 123.3 122.9 123.4 123.3 123.8 124.6 124.9 126.0 126.1 125.7 125.7 124.1 124.1 124.6 154.0 154.9 147.7 150.4 153.6 165.9 153.7 140.3 143.8 99.85 103.2 96.81 106.5 126.0 101.6 102.3 102.1 99.24 97.56 95.82 88.83 93.68 91.92
83.57 85.12 85.96 88.89 89.63 91.72 149.6 92.25 149.5 149.1 91.53 108.7 109.3 110.1 110.8 112.2 112.9 115.2 116.0 118.9 119.7 120.8 163.2 120.6 121.4 161.5 121.1 120.8 163.4 113.2 121.8 122.7 123.1 124.2 124.5 124.1 124.2 122.6 122.6 123.1 123.0 153.3 153.0 145.0 152.0 136.9 152.1 154.1 161.9 140.7 91.20 104.7 113.4 101.4 99.21 100.8 85.39 255.9 95.77 94.01 92.55 91.83 83.78
80.75 81.40 82.20 84.91 85.69 88.24 185.4 143.3 88.80 87.19 87.76 105.5 106.1 106.7 107.4 108.3 109.0 111.9 112.7 115.6 116.4 157.1 117.8 117.0 117.8 117.2 115.8 118.3 118.8 111.5 120.4 121.0 121.4 122.7 123.0 122.6 122.8 122.2 122.3 122.6 122.6 121.9 150.6 149.7 135.5 135.0 150.5 143.9 140.1 138.2 138.6 89.50 54.48 95.72 92.77 91.71 90.52 142.2 95.00 204.9 88.16 90.89 83.63
77.50 78.10 78.90 81.56 82.33 137.4 124.8 84.96 85.59 138.2 84.70 102.0 102.7 103.4 104.1 105.0 105.9 108.7 109.6 112.5 113.4 113.9 154.4 114.1 115.0 114.5 115.4 115.8 116.5 117.7 116.3 118.7 119.2 120.6 121.0 120.6 120.9 120.3 120.5 120.9 120.8 120.2 133.9 133.7 133.4 132.9 147.3 138.7 139.3 164.8 128.5 128.1 118.3 93.81 90.80 89.01 87.77 86.91 89.77 196.7 194.5 175.7 192.9
74.33 74.34 75.09 76.91 77.68 116.9 67.45 80.84 133.9 80.96 98.41 98.98 99.75 99.58 100.4 101.0 101.8 105.5 106.4 109.3 110.2 111.5 112.5 112.0 112.9 111.9 112.8 112.7 105.7 112.3 112.9 116.5 117.1 119.2 119.6 119.7 120.0 119.8 120.0 119.7 119.7 117.7 131.6 140.6 131.7 146.0 145.5 136.3 137.0 134.9 158.9 151.9 150.1 94.47 91.42 139.4 85.65 84.75 82.82 231.4 229.3 227.0 153.4
72.04 72.10 71.75 73.50 74.24 76.94 112.5 127.9 78.17 90.97 91.80 95.32 96.12 96.02 96.91 97.58 98.49 102.1 103.1 106.0 107.6 108.9 109.3 108.9 109.9 108.9 148.7 101.8 102.8 109.6 112.0 114.0 114.6 116.7 117.2 117.4 117.8 117.7 117.9 117.6 117.6 128.4 129.1 142.8 142.5 143.7 135.0 136.8 133.2 230.5 132.7 149.2 151.4 150.8 145.4 109.6 106.3 86.04 110.2 120.1 129.6 235.9 221.8
68.44 68.64 69.32 70.26 70.97 72.39 60.18 60.72 74.80 87.24 91.28 91.55 92.38 127.0 92.81 93.76 94.76 98.57 99.59 103.1 104.1 106.2 107.4 105.8 106.8 105.2 106.3 98.59 100.7 141.7 108.9 111.7 112.4 114.9 115.4 116.3 116.8 117.2 117.4 116.3 116.4 112.9 140.3 139.6 139.3 135.8 135.3 130.5 250.9 252.7 152.8 145.8 148.0 146.0 131.0 122.1 119.1 117.3 107.4 118.0 115.9 222.8 219.8
55.86 65.55 66.18 67.13 67.77 70.12 70.81 57.74 72.47 86.65 87.50 87.84 122.1 88.27 89.26 90.27 91.37 95.17 96.24 99.66 101.4 81.91 105.4 102.6 103.7 102.1 140.3 101.3 104.1 142.7 106.1 108.8 109.6 112.1 112.6 113.7 114.1 114.6 114.9 113.9 114.0 110.6 110.6 136.9 136.6 142.1 129.4 224.5 250.0 256.5 129.1 129.5 154.5 143.8 122.8 122.6 120.3 114.5 114.6 117.3 107.2 219.5 224.5
61.73 139.4 63.02 63.64 64.29 66.32 66.99 55.06 68.85 83.58 81.36 84.57 84.50 84.73 85.76 87.05 88.20 90.83 91.93 95.48 96.58 100.6 124.5 99.68 135.9 98.51 99.54 99.69 100.7 102.2 103.0 105.4 106.2 109.0 109.7 111.5 112.0 112.5 112.9 111.2 111.3 108.1 134.6 133.5 133.2 134.7 126.5 133.1 223.5 224.1 124.3 218.8 122.8 140.4 122.1 119.9 114.9 111.8 111.9 109.3 219.0 217.6 205.9
47.62 50.97 50.97 60.74 61.37 63.33 54.10 57.24 96.02 80.05 77.77 78.37 82.13 82.43 83.52 83.87 84.99 87.60 88.71 92.22 93.34 81.03 155.3 95.84 96.93 95.45 96.53 96.65 97.66 99.16 100.0 102.6 103.3 106.1 143.6 226.6 109.2 109.7 110.1 108.5 108.7 105.6 131.6 130.6 130.4 131.9 128.6 141.7 219.3 217.9 219.7 219.3 124.7 138.2 120.0 120.6 106.9 109.9 108.7 111.5 217.2 194.2 194.1
69.09 102.7 58.53 57.85 58.44 50.44 73.58 55.46 64.20 76.00 73.95 65.69 78.79 79.69 80.83 81.88 83.01 84.74 85.85 87.82 88.93 103.7 128.0 93.52 94.60 91.74 92.82 93.26 94.27 96.45 97.38 99.21 99.96 102.5 103.3 105.7 143.5 106.7 107.1 104.9 105.1 102.8 128.4 127.8 127.7 120.9 119.3 118.9 215.1 215.0 228.3 217.2 117.9 123.4 130.8 107.2 117.0 107.3 106.2 222.0 226.2 222.2 100.0
68.88 82.75 60.07 55.30 48.47 40.85 -.9900E-19 43.27 62.81 72.88 70.74 62.45 75.78 76.71 77.90 78.97 80.13 81.84 82.95 85.82 86.94 101.8 125.6 102.8 90.95 123.1 89.90 90.39 91.37 93.49 94.42 96.27 97.12 99.58 100.4 102.8 207.5 103.9 104.4 102.2 113.7 125.3 125.4 125.0 124.9 117.9 116.4 116.0 212.2 212.8 213.4 211.1 214.8 117.4 139.7 114.0 106.5 98.80 124.6 221.0 98.40 104.5 101.2
-.9900E-19 -.9900E-19 96.88 54.72 76.11 -.9900E-19 -.9900E-19 -.9900E-19 79.46 69.52 64.65 61.44 64.39 73.64 74.81 75.86 77.02 79.18 80.30 83.76 86.18 98.26 120.4 128.6 88.01 84.87 85.94 87.49 88.43 91.44 92.37 93.90 94.72 96.56 97.46 99.64 228.5 88.59 101.2 99.12 99.48 122.1 122.3 115.0 115.0 115.6 113.4 119.8 112.6 214.1 213.3 207.7 206.1 198.2 124.3 106.2 103.4 104.6 220.5 110.8 101.4 101.1 95.67
-.9900E-19 -.9900E-19 -.9900E-19 75.46 -.9900E-19 -.9900E-19 -.9900E-19 -.9900E-19 76.54 68.26 65.44 59.23 56.64 72.43 101.1 73.30 74.43 76.56 78.34 106.3 114.2 120.4 108.9 95.62 85.28 83.11 82.54 83.84 85.71 88.64 89.56 91.00 91.88 93.74 94.64 224.1 225.0 225.8 98.51 96.50 96.90 87.71 111.7 112.0 112.7 120.4 116.8 117.1 113.3 211.9 110.3 134.0 229.7 224.6 220.1 222.9 198.7 214.7 204.4 101.4 103.6 97.82 110.8
-.9900E-19 -.9900E-19 -.9900E-19 -.9900E-19 -.9900E-19 -.9900E-19 -.9900E-19 -.9900E-19 -.9900E-19 88.27 -.9900E-19 -.9900E-19 78.32 69.12 68.93 63.02 64.25 76.84 82.51 88.89 89.57 113.8 126.5 79.83 80.14 79.16 79.18 82.71 83.62 204.7 193.7 122.4 108.1 112.4 241.7 219.8 220.7 221.6 105.6 92.66 93.10 90.82 107.1 108.0 109.5 116.0 124.0 113.5 110.5 131.1 129.5 110.6 99.06 135.9 202.1 229.4 211.9 211.9 223.2 123.6 124.0 85.30 91.61
-.9900E-19 -.9900E-19 -.9900E-19 -.9900E-19 -.9900E-19 -.9900E-19 -.9900E-19 -.9900E-19 -.9900E-19 -.9900E-19 -.9900E-19 -.9900E-19 -.9900E-19 108.0 58.86 77.89 108.2 104.9 85.48 76.44 79.74 106.6 83.52 76.83 67.25 75.73 76.69 80.23 112.4 84.22 212.2 224.3 248.3 226.8 227.8 239.3 227.7 218.3 219.7 113.5 113.4 103.6 104.0 104.4 106.5 107.3 105.3 111.0 104.4 135.7 151.9 96.07 102.5 95.84 94.16 118.6 58.14 188.3 99.12 118.2 93.07 113.6 120.9
-.9900E-19 -.9900E-19 -.9900E-19 -.9900E-19 -.9900E-19 -.9900E-19 -.9900E-19 -.9900E-19 -.9900E-19 -.9900E-19 -.9900E-19 -.9900E-19 -.9900E-19 78.61 67.72 77.57 109.2 74.29 68.35 72.99 78.52 99.94 79.42 73.57 74.48 69.56 70.51 77.72 78.57 81.25 209.1 221.1 231.8 223.4 224.5 236.1 224.2 215.7 227.5 110.2 99.94 108.1 101.1 101.4 108.3 130.3 104.5 101.8 105.2 105.6 116.5 101.6 102.9 98.31 120.9 119.2 101.0 97.10 97.95 93.61 92.04 95.78 87.36
-.9900E-19 -.9900E-19 -.9900E-19 -.9900E-19 -.9900E-19 -.9900E-19 -.9900E-19 -.9900E-19 -.9900E-19 -.9900E-19 -.9900E-19 -.9900E-19 -.9900E-19 74.07 -.9900E-19 -.9900E-19 98.44 71.52 66.74 74.65 94.72 73.33 80.80 71.63 62.72 64.64 73.24 75.49 76.27 78.87 77.77 197.6 228.4 220.6 221.6 233.0 224.7 225.6 218.8 107.5 100.6 97.66 105.9 105.6 105.8 130.2 100.6 99.90 99.79 99.56 103.4 120.9 115.1 60.51 59.58 117.2 118.0 94.62 87.50 91.96 96.01 94.37 92.18
