ASPA-UH-SWB2_REPO/output/SUM_of_RECHARGE.asc
NCOLS        350
NROWS        200
XLLCORNER     515000.000
YLLCORNER    8409000.000
CELLSIZE        100.000
NODATA_VALUE     -9999.    
[rows 84 to 111 of 200, columns 126 to 188 of 350]
-.9900E-19 -.9900E-19 -.9900E-19 -.9900E-19 -.9900E-19 -.9900E-19 68.18 91.81 92.45 93.82 93.09 94.53 92.94 75.97 78.45 79.92 146.9 86.57 91.73 97.41 -.9900E-19 -.9900E-19 -.9900E-19 -.9900E-19 -.9900E-19 134.8 128.1 188.4 97.37 112.3 111.3 111.7 108.9 109.7 127.3 128.0 121.0 130.8 133.1 133.1 133.4 133.3 129.1 128.8 125.1 186.7 125.0 121.2 123.8 121.0 121.5 120.4 119.0 117.6 115.9 114.0 111.9 109.3 106.4 103.1 99.37 95.67 81.02
-.9900E-19 -.9900E-19 -.9900E-19 -.9900E-19 -.9900E-19 -.9900E-19 93.10 94.38 95.03 96.42 95.68 138.3 95.45 96.99 80.62 82.10 87.24 88.82 92.44 30.40 108.5 -.9900E-19 -.9900E-19 -.9900E-19 129.3 178.9 94.00 115.4 116.2 101.4 101.9 113.2 110.3 111.1 110.4 129.3 131.8 132.0 134.1 134.1 134.3 134.1 129.9 129.6 125.7 121.6 121.7 121.4 124.0 121.2 121.7 120.5 119.1 117.7 116.1 114.2 112.1 109.4 106.4 103.1 99.35 97.68 82.94
-.9900E-19 -.9900E-19 -.9900E-19 -.9900E-19 -.9900E-19 95.23 95.24 96.54 95.98 97.37 95.43 96.83 97.97 80.22 86.32 87.83 92.40 94.01 98.00 97.31 112.3 61.11 59.67 112.0 109.2 108.7 109.4 98.47 100.6 116.3 102.3 115.2 113.0 113.7 110.6 129.6 130.0 188.4 132.9 132.8 132.3 132.1 128.3 127.9 124.3 123.9 126.2 125.7 122.8 121.9 180.9 179.2 118.4 117.0 116.7 97.84 96.59 135.5 109.9 105.1 101.4 100.5 93.39
-.9900E-19 -.9900E-19 -.9900E-19 -.9900E-19 -.9900E-19 -.9900E-19 95.66 99.14 98.56 142.0 97.96 99.38 81.03 82.35 88.53 90.02 94.61 96.18 99.51 112.0 109.7 63.14 103.7 167.6 97.25 98.74 111.1 112.5 100.2 101.6 115.8 116.5 191.3 114.8 111.5 130.7 130.9 130.9 133.7 133.6 133.1 132.8 129.0 124.6 124.9 124.3 126.4 125.7 122.6 183.2 119.3 118.0 117.8 175.8 115.9 113.9 170.2 111.2 112.4 106.6 124.5 106.9 102.5
-.9900E-19 -.9900E-19 -.9900E-19 -.9900E-19 -.9900E-19 -.9900E-19 98.11 141.7 99.59 101.0 99.95 81.71 86.25 87.61 93.75 95.22 98.47 85.60 104.0 116.3 91.56 85.88 92.78 183.1 110.8 112.2 112.0 113.2 113.5 114.5 115.4 116.1 192.0 114.7 110.7 129.9 130.0 129.9 132.9 132.8 132.8 132.5 132.0 119.6 128.2 127.6 125.7 124.8 118.9 117.8 116.8 115.4 116.1 114.4 114.0 112.0 111.2 108.6 87.86 110.1 85.04 102.3 48.41
-.9900E-19 -.9900E-19 97.62 -.9900E-19 -.9900E-19 100.7 100.7 102.0 99.89 101.3 102.4 83.74 88.35 89.68 95.85 97.28 100.5 102.1 105.3 119.1 235.9 96.21 97.84 111.8 187.0 113.7 113.4 114.5 114.7 115.6 194.4 117.1 115.1 115.4 111.4 130.6 130.6 130.5 133.5 133.4 256.9 133.0 128.5 127.9 119.0 118.1 179.6 122.7 118.6 114.8 113.7 112.2 115.4 113.6 113.0 110.9 110.1 162.8 106.6 127.1 153.2 99.34 103.3
97.47 140.1 100.1 101.2 102.7 146.2 104.0 105.3 103.7 105.1 104.3 87.42 91.33 92.66 97.99 234.6 103.0 104.5 230.1 119.1 120.7 171.1 99.62 113.6 188.5 114.5 112.9 113.9 111.2 111.9 111.0 111.5 110.4 110.6 110.5 126.8 128.9 131.8 195.8 192.6 133.3 129.0 120.5 119.8 118.9 117.9 116.7 115.3 114.1 112.9 114.8 113.2 112.2 110.3 111.4 109.3 108.3 105.8 103.3 100.5 96.42 142.5 90.93
99.98 143.0 102.7 103.8 105.3 106.4 106.5 107.8 106.0 107.4 106.5 107.8 91.09 94.45 304.7 101.1 104.7 106.2 108.7 87.03 135.2 113.0 101.2 114.9 114.5 115.6 114.0 114.9 190.1 112.7 127.6 112.1 110.9 127.3 127.2 127.2 129.2 129.1 132.9 132.7 129.5 184.7 120.4 119.6 181.3 182.0 113.5 177.9 113.7 112.3 114.1 112.5 111.4 109.5 108.0 108.2 107.2 104.7 102.3 99.51 146.8 92.52 88.87
101.8 102.8 104.5 105.6 107.0 108.1 108.9 110.1 109.6 110.9 109.9 111.3 91.58 92.81 100.6 101.9 106.2 107.6 109.8 96.62 112.8 114.2 99.47 115.9 113.2 114.3 109.5 110.3 107.7 124.1 125.4 125.8 127.2 127.4 130.7 130.6 131.9 131.7 130.2 129.9 121.4 120.7 120.0 119.1 118.0 114.1 117.1 113.8 115.3 113.9 114.3 112.6 110.7 108.7 107.0 104.7 102.3 102.3 154.4 96.51 92.96 90.04 135.8
104.2 105.2 106.8 107.8 109.2 110.4 155.8 112.2 111.6 112.8 111.8 113.1 114.6 94.27 99.93 101.2 107.6 108.9 184.1 112.3 174.6 115.2 115.7 116.8 114.0 115.0 110.1 110.8 124.0 124.6 125.8 126.1 127.4 127.5 130.7 130.5 131.8 131.5 129.9 129.6 121.8 121.1 120.2 119.2 114.4 116.8 114.3 113.0 114.5 113.0 113.3 111.5 109.6 107.5 164.5 103.5 101.1 98.75 95.68 93.10 89.67 86.88 83.46
105.1 106.0 152.0 108.9 109.2 110.3 109.6 110.7 110.4 158.1 112.5 113.8 115.8 95.17 99.20 100.4 175.2 107.5 110.0 111.2 113.1 114.2 113.0 114.0 109.4 110.3 107.1 123.5 125.8 126.3 129.6 129.8 131.7 131.7 133.2 133.0 132.4 195.1 130.8 130.4 120.9 120.1 119.2 118.1 116.9 111.9 116.1 114.8 114.6 113.1 111.9 110.0 108.2 106.0 104.2 101.9 99.67 97.33 94.45 91.92 88.84 86.11 82.96
107.2 108.1 109.9 110.8 111.1 112.1 111.4 158.9 112.1 113.2 161.9 115.2 117.2 96.25 100.2 101.3 105.0 106.2 110.8 111.9 113.7 190.7 113.5 190.9 109.7 250.6 107.2 123.5 125.8 126.2 129.4 129.5 131.3 131.2 132.7 132.4 131.7 131.3 130.0 129.6 127.4 118.9 117.9 116.7 115.4 110.5 114.9 113.5 113.4 111.7 110.5 108.6 106.7 104.5 102.7 100.4 98.19 95.88 93.05 90.55 87.53 84.90 83.13
107.9 108.7 109.3 110.1 108.6 109.5 108.3 109.2 111.1 112.1 115.1 116.2 118.7 97.47 98.95 99.93 101.5 161.1 104.4 105.4 108.5 109.5 107.4 108.2 106.2 106.9 123.7 124.3 127.2 127.5 192.3 129.9 132.0 194.3 132.9 132.5 132.7 132.2 132.2 131.7 128.8 190.0 123.3 122.3 113.7 108.5 114.6 113.2 113.2 111.5 109.9 108.0 106.2 104.0 101.7 99.44 96.81 94.52 91.45 88.99 86.35 83.72 183.3
109.7 110.5 111.0 111.8 110.1 111.0 109.6 102.4 104.3 105.1 108.0 108.9 111.3 112.3 113.8 114.8 116.4 117.4 163.6 105.5 106.4 169.9 168.1 123.4 121.3 122.0 123.2 123.7 126.5 126.8 129.0 129.0 131.0 130.8 131.8 193.8 131.4 130.8 130.8 130.2 127.3 126.5 121.7 120.7 119.1 112.4 112.9 111.4 111.5 109.8 108.1 106.2 104.4 102.2 99.89 97.70 95.09 92.81 89.79 87.38 84.77 82.25 84.99
111.1 111.8 109.6 110.2 108.6 109.4 104.7 105.4 110.1 110.9 112.2 113.1 114.1 115.0 116.0 117.0 118.1 119.0 119.0 119.9 118.5 119.4 118.5 121.4 121.4 122.0 123.9 124.4 126.3 126.5 128.0 128.0 130.0 129.7 131.1 192.9 132.1 131.4 131.0 130.3 125.9 245.8 120.3 119.3 117.9 114.6 110.8 109.3 165.4 107.1 105.8 103.8 216.7 99.38 154.4 95.56 94.23 91.97 89.01 86.62 83.34 80.86 78.65
112.6 113.2 110.9 111.5 109.8 102.3 105.6 106.3 110.8 111.5 112.8 113.5 114.5 115.2 116.1 116.9 118.0 118.8 118.7 119.5 118.0 118.7 117.7 118.4 120.5 121.0 122.8 123.2 125.0 125.1 126.6 126.5 128.4 128.1 190.0 128.8 130.3 129.5 129.0 128.2 123.7 181.8 118.1 117.0 113.7 112.4 111.9 110.3 106.6 104.9 103.5 101.6 99.30 97.24 95.64 93.54 145.2 91.39 78.88 84.77 81.57 80.50 78.33
113.0 160.7 110.3 110.9 112.4 104.8 111.1 111.7 115.4 116.0 116.2 116.9 117.1 117.7 119.3 120.1 121.0 121.7 119.7 120.4 118.0 118.6 117.0 117.5 117.6 118.0 123.6 123.9 125.5 125.5 125.6 125.5 126.3 126.0 127.6 127.0 128.1 127.3 126.1 125.2 120.3 119.3 115.1 114.0 111.2 109.9 109.5 107.9 103.9 102.2 101.1 99.16 96.37 94.37 92.18 90.18 89.57 89.40 80.22 80.48 93.35 90.58 -.9900E-19
114.2 114.6 111.3 111.8 113.2 105.4 111.7 112.1 115.7 116.2 116.3 116.8 116.9 117.4 118.9 119.5 120.3 120.9 118.8 177.6 116.8 117.4 115.6 175.7 116.0 116.3 119.5 122.0 123.5 123.4 123.5 123.3 124.1 123.7 125.3 124.6 125.7 124.9 183.1 122.7 176.2 116.7 112.5 111.4 108.5 107.2 106.8 105.2 104.3 99.60 98.51 96.66 93.95 92.02 89.89 87.92 87.32 85.89 89.06 28.88 -.9900E-19 -.9900E-19 -.9900E-19
114.5 114.8 111.6 111.9 115.6 107.6 113.8 114.1 116.8 117.1 117.6 118.0 118.5 118.9 119.6 120.1 118.9 177.2 116.7 117.1 114.9 115.3 113.7 114.0 115.7 115.9 118.7 118.7 120.2 122.3 123.0 122.7 123.3 122.8 123.4 122.8 123.1 122.3 177.8 119.0 113.9 112.8 109.5 108.3 105.2 103.9 103.6 102.1 101.5 99.80 95.52 93.76 91.98 90.11 87.95 86.02 84.40 82.40 103.8 -.9900E-19 -.9900E-19 -.9900E-19 -.9900E-19
112.3 115.5 112.3 112.5 107.7 107.9 114.0 114.1 116.7 116.9 117.2 117.5 117.8 118.1 118.6 119.0 117.7 118.0 115.2 115.5 113.2 113.5 111.8 112.0 113.6 113.7 116.3 116.3 117.6 117.4 120.2 119.9 120.4 119.9 120.5 119.8 120.1 119.9 173.0 116.0 110.9 109.8 106.5 103.3 102.2 100.9 100.6 99.12 98.55 96.93 92.78 91.07 89.35 87.57 85.47 83.57 82.67 81.37 101.5 -.9900E-19 -.9900E-19 -.9900E-19 -.9900E-19
111.6 114.7 113.1 104.9 111.0 111.1 115.3 115.3 116.8 116.8 117.5 117.6 117.5 215.1 115.9 116.0 113.2 225.7 168.9 112.5 110.7 110.8 110.3 110.4 112.5 112.5 113.9 113.9 115.6 115.3 116.5 118.4 118.8 118.3 118.9 121.5 120.5 100.8 114.2 112.6 107.0 105.9 103.0 99.83 99.11 97.78 97.59 96.14 95.61 94.05 92.27 87.95 86.67 84.94 84.96 82.44 82.37 82.44 -.9900E-19 -.9900E-19 -.9900E-19 -.9900E-19 -.9900E-19
112.1 115.2 113.4 105.1 111.1 111.0 115.0 115.0 116.2 116.2 116.6 214.0 213.8 116.4 114.4 169.3 111.5 111.5 110.4 110.4 108.5 164.4 107.9 107.8 109.8 109.7 111.1 110.9 112.5 112.1 113.2 112.8 113.2 114.8 117.3 121.7 121.4 114.7 110.0 109.0 103.6 102.5 99.71 96.51 95.79 94.54 94.34 92.94 92.45 90.96 89.23 85.02 83.86 68.69 73.14 104.7 100.0 -.9900E-19 -.9900E-19 -.9900E-19 -.9900E-19 -.9900E-19 -.9900E-19
110.7 158.3 116.2 107.7 114.2 113.9 115.6 115.4 115.7 115.5 170.7 212.6 211.3 168.6 110.5 110.4 108.7 108.6 108.0 219.6 161.0 106.1 106.6 106.5 107.9 107.7 108.9 108.7 109.3 108.9 109.8 109.2 109.7 109.0 95.63 117.5 97.33 109.6 103.9 203.7 149.3 98.47 95.19 94.04 92.96 91.74 91.08 89.72 89.14 87.71 135.7 81.69 81.97 79.74 -.9900E-19 -.9900E-19 -.9900E-19 -.9900E-19 -.9900E-19 -.9900E-19 -.9900E-19 -.9900E-19 -.9900E-19
110.9 110.7 107.8 107.5 113.8 113.4 115.0 114.6 114.8 114.4 253.5 308.1 209.8 166.1 108.7 108.5 106.6 106.4 105.7 159.2 103.7 103.5 103.8 103.6 104.9 104.6 105.6 105.2 105.8 105.3 106.1 105.6 105.9 105.2 93.54 115.1 167.4 105.0 100.0 99.07 95.76 94.78 91.51 90.48 89.42 88.25 87.61 86.33 85.77 84.41 128.7 78.66 81.05 -.9900E-19 -.9900E-19 -.9900E-19 -.9900E-19 -.9900E-19 -.9900E-19 -.9900E-19 -.9900E-19 -.9900E-19 -.9900E-19
111.4 102.8 108.1 110.7 115.4 114.8 115.2 114.6 113.8 252.3 251.2 250.5 151.2 109.6 106.1 105.8 104.0 103.6 103.1 102.8 102.3 102.0 101.8 101.5 101.6 101.3 102.9 102.4 102.5 102.0 101.6 101.0 144.4 90.71 88.21 142.7 136.3 100.5 96.27 94.64 93.35 92.40 89.04 87.99 85.91 84.76 84.13 82.89 68.28 82.20 80.30 75.24 99.07 -.9900E-19 -.9900E-19 -.9900E-19 -.9900E-19 -.9900E-19 -.9900E-19 -.9900E-19 -.9900E-19 -.9900E-19 -.9900E-19
167.1 102.5 107.6 110.0 114.6 113.9 114.1 113.4 153.8 250.3 238.6 248.2 299.6 147.9 104.0 103.5 101.6 101.1 101.2 100.1 99.48 99.06 98.73 98.30 98.34 97.89 99.37 98.81 98.86 98.24 97.75 97.10 86.11 113.2 123.3 137.0 112.2 57.59 57.15 145.8 101.8 105.8 107.5 85.00 82.33 81.26 80.62 65.81 64.90 78.89 77.12 72.20 94.13 -.9900E-19 -.9900E-19 -.9900E-19 -.9900E-19 -.9900E-19 -.9900E-19 -.9900E-19 -.9900E-19 -.9900E-19 -.9900E-19
105.0 104.3 109.2 111.4 114.1 113.3 135.7 153.3 249.0 247.9 246.6 233.7 137.8 129.6 100.7 100.0 97.26 96.66 113.1 99.20 98.43 97.89 96.01 95.48 94.80 94.27 96.09 95.49 96.29 91.30 82.00 92.94 79.89 70.83 115.9 130.0 124.8 129.0 98.58 -.9900E-19 118.7 51.88 118.0 234.7 79.47 77.78 76.85 65.03 61.27 51.94 59.46 93.13 -.9900E-19 -.9900E-19 -.9900E-19 -.9900E-19 -.9900E-19 -.9900E-19 -.9900E-19 -.9900E-19 -.9900E-19 -.9900E-19 -.9900E-19
104.3 103.5 108.2 107.3 112.8 111.9 121.4 248.6 246.7 245.5 244.0 233.5 153.1 105.0 148.6 97.54 94.71 94.01 118.5 160.5 90.66 94.78 92.84 140.7 91.46 90.87 92.57 106.9 120.0 88.77 77.71 89.83 89.49 124.2 55.75 58.37 106.5 94.98 105.1 -.9900E-19 -.9900E-19 -.9900E-19 91.17 110.7 120.2 83.18 85.08 77.97 102.8 47.89 22.87 -.9900E-19 -.9900E-19 -.9900E-19 -.9900E-19 -.9900E-19 -.9900E-19 -.9900E-19 -.9900E-19 -.9900E-19 -.9900E-19 -.9900E-19 -.9900E-19
