ASPA-UH-SWB2_REPO/output/SUM_of_RECHARGE.asc
NCOLS        350
NROWS        200
XLLCORNER     515000.000
YLLCORNER    8409000.000
CELLSIZE        100.000
NODATA_VALUE     -9999.    
[rows 56 to 83 of 200, columns 126 to 188 of 350]
-.9900E-19 -.9900E-19 -.9900E-19 -.9900E-19 -.9900E-19 -.9900E-19 -.9900E-19 -.9900E-19 -.9900E-19 -.9900E-19 -.9900E-19 -.9900E-19 -.9900E-19 -.9900E-19 -.9900E-19 -.9900E-19 -.9900E-19 -.9900E-19 -.9900E-19 -.9900E-19 -.9900E-19 -.9900E-19 -.9900E-19 -.9900E-19 -.9900E-19 -.9900E-19 -.9900E-19 -.9900E-19 -.9900E-19 -.9900E-19 -.9900E-19 -.9900E-19 -.9900E-19 -.9900E-19 -.9900E-19 -.9900E-19 -.9900E-19 63.33 76.01 -.9900E-19 -.9900E-19 -.9900E-19 -.9900E-19 65.92 83.65 85.38 84.72 86.36 87.97 89.52 91.49 92.80 95.27 156.2 97.37 97.97 97.54 97.11 96.80 96.84 157.5 96.46 95.59
-.9900E-19 -.9900E-19 -.9900E-19 -.9900E-19 -.9900E-19 -.9900E-19 -.9900E-19 -.9900E-19 -.9900E-19 -.9900E-19 -.9900E-19 -.9900E-19 -.9900E-19 -.9900E-19 -.9900E-19 -.9900E-19 -.9900E-19 -.9900E-19 -.9900E-19 -.9900E-19 -.9900E-19 -.9900E-19 -.9900E-19 -.9900E-19 -.9900E-19 -.9900E-19 -.9900E-19 -.9900E-19 -.9900E-19 -.9900E-19 -.9900E-19 -.9900E-19 -.9900E-19 -.9900E-19 68.62 70.31 72.87 123.8 77.70 -.9900E-19 -.9900E-19 -.9900E-19 74.61 86.56 85.19 143.3 142.7 87.76 89.35 209.0 92.76 93.97 96.32 97.19 98.18 98.68 98.15 97.70 97.41 97.49 158.4 97.08 96.09
-.9900E-19 -.9900E-19 -.9900E-19 -.9900E-19 -.9900E-19 -.9900E-19 -.9900E-19 -.9900E-19 -.9900E-19 -.9900E-19 -.9900E-19 -.9900E-19 -.9900E-19 -.9900E-19 -.9900E-19 -.9900E-19 -.9900E-19 -.9900E-19 -.9900E-19 -.9900E-19 -.9900E-19 -.9900E-19 -.9900E-19 -.9900E-19 -.9900E-19 -.9900E-19 -.9900E-19 -.9900E-19 -.9900E-19 -.9900E-19 -.9900E-19 -.9900E-19 -.9900E-19 -.9900E-19 70.31 72.01 73.86 125.4 78.03 79.75 81.09 82.83 81.29 82.99 82.47 141.0 85.37 86.91 89.13 90.55 92.41 93.48 95.09 95.82 96.06 96.41 96.20 95.74 95.44 95.57 94.77 94.64 93.16
-.9900E-19 -.9900E-19 -.9900E-19 -.9900E-19 -.9900E-19 -.9900E-19 -.9900E-19 -.9900E-19 -.9900E-19 -.9900E-19 -.9900E-19 -.9900E-19 -.9900E-19 -.9900E-19 -.9900E-19 -.9900E-19 -.9900E-19 -.9900E-19 -.9900E-19 -.9900E-19 -.9900E-19 -.9900E-19 -.9900E-19 -.9900E-19 -.9900E-19 -.9900E-19 -.9900E-19 -.9900E-19 -.9900E-19 -.9900E-19 -.9900E-19 -.9900E-19 -.9900E-19 -.9900E-19 .000 73.69 75.45 77.16 79.59 81.29 79.91 84.31 82.72 140.3 83.77 85.30 86.62 88.07 90.19 151.2 93.23 94.17 95.66 96.28 96.40 157.8 96.31 96.45 95.57 156.9 94.82 94.62 93.12
-.9900E-19 -.9900E-19 -.9900E-19 -.9900E-19 -.9900E-19 -.9900E-19 -.9900E-19 -.9900E-19 -.9900E-19 -.9900E-19 -.9900E-19 -.9900E-19 -.9900E-19 -.9900E-19 -.9900E-19 -.9900E-19 -.9900E-19 -.9900E-19 -.9900E-19 -.9900E-19 -.9900E-19 -.9900E-19 -.9900E-19 -.9900E-19 -.9900E-19 -.9900E-19 -.9900E-19 -.9900E-19 -.9900E-19 -.9900E-19 -.9900E-19 -.9900E-19 -.9900E-19 -.9900E-19 123.0 75.17 75.68 77.33 76.74 78.35 77.43 79.00 79.58 81.14 84.31 85.84 139.8 89.81 91.93 93.10 94.76 95.64 95.86 96.28 96.22 96.31 96.09 103.8 103.1 95.50 149.5 103.5 105.7
-.9900E-19 -.9900E-19 -.9900E-19 -.9900E-19 -.9900E-19 -.9900E-19 -.9900E-19 -.9900E-19 -.9900E-19 -.9900E-19 -.9900E-19 -.9900E-19 -.9900E-19 -.9900E-19 -.9900E-19 -.9900E-19 -.9900E-19 -.9900E-19 -.9900E-19 -.9900E-19 -.9900E-19 -.9900E-19 -.9900E-19 -.9900E-19 -.9900E-19 -.9900E-19 -.9900E-19 -.9900E-19 -.9900E-19 -.9900E-19 -.9900E-19 -.9900E-19 -.9900E-19 75.45 76.19 77.87 77.14 78.79 78.14 79.71 78.73 128.7 87.54 89.12 92.38 93.88 96.54 97.89 99.96 101.1 102.7 103.5 103.7 104.1 103.9 103.8 103.5 103.5 103.3 102.7 103.2 102.9 105.1
-.9900E-19 -.9900E-19 -.9900E-19 -.9900E-19 -.9900E-19 -.9900E-19 -.9900E-19 -.9900E-19 -.9900E-19 -.9900E-19 -.9900E-19 -.9900E-19 -.9900E-19 -.9900E-19 -.9900E-19 -.9900E-19 -.9900E-19 -.9900E-19 -.9900E-19 -.9900E-19 -.9900E-19 -.9900E-19 -.9900E-19 -.9900E-19 -.9900E-19 -.9900E-19 -.9900E-19 -.9900E-19 -.9900E-19 -.9900E-19 -.9900E-19 73.19 74.29 75.96 75.95 77.59 75.85 76.25 75.14 76.60 80.62 88.86 94.24 95.85 98.73 100.2 101.8 103.1 104.9 105.9 107.0 107.7 107.6 107.9 107.1 107.0 106.8 106.7 107.0 106.2 106.9 106.5 108.3
-.9900E-19 -.9900E-19 -.9900E-19 -.9900E-19 -.9900E-19 -.9900E-19 -.9900E-19 -.9900E-19 -.9900E-19 -.9900E-19 -.9900E-19 -.9900E-19 -.9900E-19 -.9900E-19 -.9900E-19 -.9900E-19 -.9900E-19 -.9900E-19 -.9900E-19 -.9900E-19 -.9900E-19 -.9900E-19 -.9900E-19 -.9900E-19 -.9900E-19 -.9900E-19 -.9900E-19 -.9900E-19 -.9900E-19 -.9900E-19 120.9 74.83 75.85 128.0 77.45 79.02 77.23 78.81 76.41 84.45 88.55 90.11 95.47 97.02 99.85 101.3 102.8 104.0 105.7 106.6 107.5 108.1 107.9 108.1 107.2 106.9 106.6 106.3 106.5 105.5 106.0 105.5 107.1
-.9900E-19 -.9900E-19 -.9900E-19 -.9900E-19 -.9900E-19 -.9900E-19 -.9900E-19 -.9900E-19 -.9900E-19 -.9900E-19 -.9900E-19 -.9900E-19 -.9900E-19 -.9900E-19 -.9900E-19 -.9900E-19 -.9900E-19 -.9900E-19 -.9900E-19 -.9900E-19 -.9900E-19 -.9900E-19 -.9900E-19 -.9900E-19 -.9900E-19 -.9900E-19 -.9900E-19 -.9900E-19 -.9900E-19 52.77 74.21 75.86 75.98 77.56 76.15 77.67 76.10 77.59 87.81 89.33 96.14 97.75 101.5 95.63 103.8 105.1 106.3 97.58 101.8 99.89 110.0 110.4 109.9 109.9 109.2 108.7 108.3 107.9 108.0 107.5 106.8 106.8 109.5
-.9900E-19 -.9900E-19 -.9900E-19 -.9900E-19 -.9900E-19 -.9900E-19 -.9900E-19 -.9900E-19 -.9900E-19 -.9900E-19 -.9900E-19 -.9900E-19 -.9900E-19 -.9900E-19 -.9900E-19 -.9900E-19 -.9900E-19 -.9900E-19 -.9900E-19 -.9900E-19 -.9900E-19 -.9900E-19 -.9900E-19 -.9900E-19 -.9900E-19 -.9900E-19 -.9900E-19 -.9900E-19 -.9900E-19 123.6 75.77 77.40 127.8 79.02 129.2 79.04 77.39 85.44 90.36 90.63 99.45 101.7 99.95 98.96 106.2 103.3 105.0 111.3 113.0 104.8 112.0 112.3 112.4 112.3 110.7 108.7 127.2 99.90 108.7 108.0 99.77 103.9 117.2
-.9900E-19 -.9900E-19 -.9900E-19 -.9900E-19 -.9900E-19 -.9900E-19 -.9900E-19 -.9900E-19 -.9900E-19 -.9900E-19 -.9900E-19 -.9900E-19 -.9900E-19 -.9900E-19 -.9900E-19 -.9900E-19 -.9900E-19 -.9900E-19 -.9900E-19 -.9900E-19 -.9900E-19 -.9900E-19 -.9900E-19 -.9900E-19 -.9900E-19 -.9900E-19 -.9900E-19 -.9900E-19 -.9900E-19 76.90 77.40 79.02 78.35 79.86 77.29 125.2 80.26 88.39 96.04 88.31 117.9 113.4 115.7 37.23 129.3 119.6 121.6 128.1 128.4 124.6 121.8 57.91 123.5 121.9 123.3 126.5 119.3 124.5 118.6 55.46 52.35 53.31 52.26
-.9900E-19 -.9900E-19 -.9900E-19 -.9900E-19 -.9900E-19 -.9900E-19 -.9900E-19 -.9900E-19 -.9900E-19 -.9900E-19 -.9900E-19 -.9900E-19 -.9900E-19 -.9900E-19 -.9900E-19 -.9900E-19 -.9900E-19 -.9900E-19 -.9900E-19 -.9900E-19 -.9900E-19 -.9900E-19 -.9900E-19 -.9900E-19 -.9900E-19 -.9900E-19 -.9900E-19 75.00 76.89 78.53 79.00 131.2 79.83 81.31 78.69 80.15 88.38 89.87 97.56 99.70 96.94 97.88 114.5 120.7 118.8 117.6 116.9 118.0 -.9900E-19 -.9900E-19 -.9900E-19 -.9900E-19 -.9900E-19 -.9900E-19 -.9900E-19 53.47 55.75 57.35 56.28 53.88 28.60 29.38 28.93
-.9900E-19 -.9900E-19 -.9900E-19 -.9900E-19 -.9900E-19 -.9900E-19 -.9900E-19 -.9900E-19 -.9900E-19 -.9900E-19 -.9900E-19 -.9900E-19 -.9900E-19 -.9900E-19 -.9900E-19 -.9900E-19 -.9900E-19 -.9900E-19 -.9900E-19 -.9900E-19 -.9900E-19 -.9900E-19 -.9900E-19 -.9900E-19 -.9900E-19 121.3 75.04 76.74 78.13 79.76 80.33 81.85 80.56 134.5 79.55 81.03 139.8 93.79 101.9 104.0 99.52 113.4 114.2 54.37 118.4 96.13 94.75 118.8 -.9900E-19 -.9900E-19 -.9900E-19 -.9900E-19 -.9900E-19 -.9900E-19 -.9900E-19 -.9900E-19 -.9900E-19 -.9900E-19 -.9900E-19 -.9900E-19 -.9900E-19 -.9900E-19 -.9900E-19
-.9900E-19 -.9900E-19 -.9900E-19 -.9900E-19 -.9900E-19 -.9900E-19 -.9900E-19 -.9900E-19 -.9900E-19 -.9900E-19 -.9900E-19 -.9900E-19 -.9900E-19 -.9900E-19 -.9900E-19 -.9900E-19 -.9900E-19 -.9900E-19 -.9900E-19 -.9900E-19 -.9900E-19 -.9900E-19 -.9900E-19 -.9900E-19 73.32 75.05 76.77 78.46 79.82 81.44 81.99 135.3 82.20 83.71 81.19 82.70 94.13 95.65 103.8 107.3 116.9 126.6 116.9 124.2 57.97 49.00 96.29 54.33 -.9900E-19 -.9900E-19 -.9900E-19 -.9900E-19 -.9900E-19 -.9900E-19 -.9900E-19 -.9900E-19 -.9900E-19 -.9900E-19 -.9900E-19 -.9900E-19 -.9900E-19 -.9900E-19 -.9900E-19
-.9900E-19 -.9900E-19 -.9900E-19 -.9900E-19 -.9900E-19 -.9900E-19 -.9900E-19 -.9900E-19 -.9900E-19 -.9900E-19 -.9900E-19 -.9900E-19 -.9900E-19 -.9900E-19 -.9900E-19 -.9900E-19 -.9900E-19 -.9900E-19 -.9900E-19 -.9900E-19 -.9900E-19 -.9900E-19 -.9900E-19 -.9900E-19 74.89 76.64 77.70 79.37 81.05 82.66 82.60 84.14 135.1 138.1 83.20 84.70 99.25 100.8 107.5 110.3 120.5 65.39 124.0 57.54 129.4 130.6 57.85 57.40 54.90 131.8 55.76 -.9900E-19 -.9900E-19 -.9900E-19 -.9900E-19 -.9900E-19 -.9900E-19 -.9900E-19 -.9900E-19 -.9900E-19 -.9900E-19 -.9900E-19 -.9900E-19
-.9900E-19 -.9900E-19 -.9900E-19 -.9900E-19 -.9900E-19 -.9900E-19 -.9900E-19 -.9900E-19 -.9900E-19 -.9900E-19 -.9900E-19 -.9900E-19 -.9900E-19 -.9900E-19 -.9900E-19 -.9900E-19 -.9900E-19 -.9900E-19 -.9900E-19 -.9900E-19 -.9900E-19 -.9900E-19 -.9900E-19 75.31 125.5 78.44 79.54 81.17 134.3 84.46 136.9 86.02 83.74 85.32 85.10 93.74 101.3 102.8 109.6 101.3 121.3 125.4 128.1 177.9 183.5 115.2 115.4 134.4 123.7 124.3 123.7 122.4 122.3 -.9900E-19 -.9900E-19 -.9900E-19 -.9900E-19 -.9900E-19 -.9900E-19 -.9900E-19 -.9900E-19 -.9900E-19 -.9900E-19
-.9900E-19 -.9900E-19 -.9900E-19 -.9900E-19 -.9900E-19 -.9900E-19 -.9900E-19 -.9900E-19 -.9900E-19 -.9900E-19 -.9900E-19 -.9900E-19 -.9900E-19 -.9900E-19 -.9900E-19 -.9900E-19 -.9900E-19 -.9900E-19 -.9900E-19 -.9900E-19 -.9900E-19 -.9900E-19 -.9900E-19 71.07 78.19 79.93 80.85 82.52 135.2 84.69 83.21 193.7 83.87 85.42 98.06 99.68 106.9 108.4 112.5 116.5 121.6 56.72 158.0 106.5 106.6 115.9 115.2 115.2 108.5 131.6 101.6 106.8 107.1 107.2 121.3 53.36 -.9900E-19 -.9900E-19 -.9900E-19 -.9900E-19 -.9900E-19 -.9900E-19 -.9900E-19
-.9900E-19 -.9900E-19 -.9900E-19 -.9900E-19 -.9900E-19 -.9900E-19 -.9900E-19 -.9900E-19 -.9900E-19 -.9900E-19 -.9900E-19 -.9900E-19 -.9900E-19 -.9900E-19 -.9900E-19 -.9900E-19 -.9900E-19 -.9900E-19 -.9900E-19 -.9900E-19 -.9900E-19 -.9900E-19 -.9900E-19 128.6 73.95 81.91 82.80 84.45 85.04 86.67 85.20 86.81 85.82 94.64 100.2 101.8 109.1 110.6 114.6 119.2 59.65 56.72 166.9 114.8 108.5 117.4 116.6 116.3 132.3 109.0 108.4 113.5 111.1 106.9 128.1 124.4 52.79 51.46 -.9900E-19 -.9900E-19 -.9900E-19 49.30 25.01
-.9900E-19 -.9900E-19 -.9900E-19 -.9900E-19 -.9900E-19 -.9900E-19 -.9900E-19 -.9900E-19 -.9900E-19 -.9900E-19 -.9900E-19 -.9900E-19 -.9900E-19 -.9900E-19 -.9900E-19 -.9900E-19 -.9900E-19 -.9900E-19 -.9900E-19 -.9900E-19 -.9900E-19 -.9900E-19 -.9900E-19 74.90 74.93 83.07 83.64 138.2 84.68 86.29 85.79 87.43 98.91 100.6 107.8 109.4 113.6 115.6 99.73 131.6 56.64 126.5 176.8 231.4 174.9 175.5 117.9 117.4 116.2 170.7 167.7 111.9 110.7 109.3 110.6 132.9 123.3 52.82 51.42 -.9900E-19 49.27 66.70 49.71
-.9900E-19 -.9900E-19 -.9900E-19 -.9900E-19 -.9900E-19 -.9900E-19 -.9900E-19 -.9900E-19 -.9900E-19 -.9900E-19 -.9900E-19 -.9900E-19 -.9900E-19 -.9900E-19 -.9900E-19 -.9900E-19 -.9900E-19 -.9900E-19 -.9900E-19 -.9900E-19 -.9900E-19 -.9900E-19 -.9900E-19 76.85 135.5 78.56 85.74 87.40 86.76 88.38 87.86 96.82 101.2 102.9 110.1 111.7 115.8 104.7 124.9 126.9 102.7 182.0 108.3 125.1 121.7 121.8 119.1 118.6 172.6 171.9 169.0 112.8 111.4 109.9 111.2 123.9 57.64 56.90 51.45 109.4 51.19 116.9 117.1
-.9900E-19 -.9900E-19 -.9900E-19 -.9900E-19 -.9900E-19 -.9900E-19 -.9900E-19 -.9900E-19 -.9900E-19 -.9900E-19 -.9900E-19 -.9900E-19 -.9900E-19 -.9900E-19 -.9900E-19 -.9900E-19 -.9900E-19 -.9900E-19 -.9900E-19 -.9900E-19 -.9900E-19 -.9900E-19 -.9900E-19 78.13 78.04 79.71 86.68 88.33 88.74 90.38 85.35 86.88 106.5 108.2 113.5 115.0 106.2 104.9 130.4 127.7 128.9 107.2 109.7 126.9 115.4 114.1 113.6 120.4 116.4 115.8 113.6 112.6 114.6 112.9 136.7 51.61 55.13 55.02 52.86 112.2 112.7 98.86 114.2
-.9900E-19 -.9900E-19 -.9900E-19 -.9900E-19 -.9900E-19 -.9900E-19 -.9900E-19 -.9900E-19 -.9900E-19 -.9900E-19 -.9900E-19 -.9900E-19 -.9900E-19 -.9900E-19 -.9900E-19 -.9900E-19 -.9900E-19 -.9900E-19 -.9900E-19 -.9900E-19 -.9900E-19 -.9900E-19 78.41 80.16 80.04 81.74 81.81 83.38 83.66 85.19 87.39 88.88 108.9 110.4 115.7 117.2 110.0 111.1 135.2 140.3 126.1 174.7 116.0 117.1 120.1 125.8 123.7 123.0 117.6 116.9 114.7 113.6 115.5 113.8 137.5 135.9 118.8 116.1 112.5 112.9 122.3 92.34 108.8
-.9900E-19 -.9900E-19 -.9900E-19 -.9900E-19 -.9900E-19 -.9900E-19 -.9900E-19 -.9900E-19 -.9900E-19 -.9900E-19 -.9900E-19 -.9900E-19 -.9900E-19 -.9900E-19 -.9900E-19 -.9900E-19 -.9900E-19 -.9900E-19 -.9900E-19 -.9900E-19 -.9900E-19 -.9900E-19 79.97 81.72 83.14 84.86 86.18 87.82 88.95 90.46 91.91 93.39 111.3 112.8 117.7 119.1 126.6 133.5 182.3 126.0 113.8 126.8 116.3 116.4 126.9 126.8 124.6 123.9 119.4 117.3 116.0 114.9 116.3 137.5 113.5 112.0 102.4 116.6 113.0 92.83 97.57 92.71 108.7
-.9900E-19 -.9900E-19 -.9900E-19 -.9900E-19 -.9900E-19 -.9900E-19 -.9900E-19 -.9900E-19 -.9900E-19 -.9900E-19 -.9900E-19 -.9900E-19 -.9900E-19 83.15 -.9900E-19 -.9900E-19 -.9900E-19 -.9900E-19 -.9900E-19 -.9900E-19 -.9900E-19 -.9900E-19 82.11 83.86 85.29 87.02 88.33 89.97 91.06 92.54 93.95 163.6 97.32 114.9 119.8 110.4 139.1 133.6 109.7 127.6 126.8 127.5 127.4 128.0 127.9 118.2 125.7 125.0 120.4 118.3 117.0 115.9 117.3 139.2 115.3 112.9 111.1 125.5 104.7 101.8 95.85 92.91 91.45
-.9900E-19 -.9900E-19 -.9900E-19 -.9900E-19 -.9900E-19 -.9900E-19 -.9900E-19 -.9900E-19 -.9900E-19 -.9900E-19 -.9900E-19 -.9900E-19 84.47 85.99 69.82 -.9900E-19 -.9900E-19 -.9900E-19 -.9900E-19 -.9900E-19 -.9900E-19 -.9900E-19 -.9900E-19 -.9900E-19 91.04 93.48 93.64 95.28 96.31 97.80 97.79 99.14 99.24 100.4 121.0 112.5 136.8 132.3 120.2 128.9 127.3 127.7 184.2 127.8 128.1 119.1 126.1 125.4 120.6 119.8 117.9 116.7 139.8 174.3 168.3 111.3 108.7 106.0 102.0 99.13 96.62 93.55 105.5
-.9900E-19 -.9900E-19 -.9900E-19 -.9900E-19 -.9900E-19 -.9900E-19 -.9900E-19 -.9900E-19 -.9900E-19 -.9900E-19 -.9900E-19 -.9900E-19 86.90 88.43 71.90 73.32 -.9900E-19 -.9900E-19 -.9900E-19 -.9900E-19 -.9900E-19 -.9900E-19 -.9900E-19 -.9900E-19 -.9900E-19 119.9 98.47 98.10 98.45 99.88 99.80 101.1 101.1 102.1 139.4 117.9 117.8 143.4 112.7 187.5 128.5 128.8 130.2 131.1 128.7 128.7 184.5 126.2 121.5 120.6 118.6 177.3 114.9 113.4 114.4 112.1 109.5 161.8 102.7 99.68 97.02 93.75 91.89
-.9900E-19 -.9900E-19 -.9900E-19 -.9900E-19 -.9900E-19 -.9900E-19 -.9900E-19 -.9900E-19 -.9900E-19 -.9900E-19 87.76 89.19 88.10 89.63 72.41 73.84 68.63 78.76 82.79 -.9900E-19 -.9900E-19 -.9900E-19 -.9900E-19 -.9900E-19 -.9900E-19 56.05 95.52 94.87 104.4 104.5 103.8 105.0 103.1 159.1 146.4 140.1 141.9 139.9 134.1 131.1 129.8 129.9 129.0 129.0 126.0 126.0 123.0 122.5 120.1 119.3 117.2 116.2 116.2 114.7 112.7 110.6 107.6 105.0 102.2 99.25 96.52 94.37 90.56
-.9900E-19 -.9900E-19 -.9900E-19 -.9900E-19 -.9900E-19 -.9900E-19 -.9900E-19 -.9900E-19 88.75 90.09 90.33 91.75 90.63 74.09 74.55 76.02 79.44 81.00 85.09 138.6 78.67 -.9900E-19 -.9900E-19 -.9900E-19 -.9900E-19 61.14 71.05 184.4 233.5 106.5 105.6 106.8 104.7 105.6 125.3 126.0 119.3 127.1 132.1 131.6 130.8 130.8 128.4 128.2 126.4 126.3 181.2 122.9 117.2 116.0 117.6 116.5 116.6 115.2 113.2 111.2 108.3 105.7 102.8 99.75 96.84 93.36 89.49
