ASPA-UH-SWB2_REPO/output/SUM_of_RECHARGE.asc
NCOLS        350
NROWS        200
XLLCORNER     515000.000
YLLCORNER    8409000.000
CELLSIZE        100.000
NODATA_VALUE     -9999.    
[rows 56 to 83 of 200, columns 252 to 314 of 350]
72.76 108.6 101.9 64.37 60.90 82.81 59.34 70.38 70.75 88.16 83.36 88.07 87.33 64.27 85.07 63.98 63.00 82.32 63.07 53.32 62.95 62.54 85.72 104.5 61.13 80.39 58.64 76.91 56.42 47.03 47.23 66.22 46.20 65.03 63.24 43.84 44.84 44.44 49.11 -.9900E-19 -.9900E-19 -.9900E-19 -.9900E-19 -.9900E-19 -.9900E-19 93.88 45.84 51.98 46.88 46.65 80.81 43.31 39.88 40.03 41.19 38.86 42.03 41.67 42.34 41.86 41.41 47.19 46.65
73.77 72.32 66.56 88.16 74.43 72.94 71.70 70.34 70.00 69.40 90.43 89.30 88.42 66.08 85.35 81.26 106.4 85.75 87.05 86.52 63.43 63.02 86.17 62.88 61.62 61.17 59.14 58.70 56.95 47.44 47.61 46.97 46.56 46.19 44.59 44.25 45.07 45.07 49.58 70.49 25.54 68.39 82.55 67.44 65.94 45.40 44.55 40.03 47.01 46.92 43.27 43.23 39.74 37.63 38.88 38.74 41.91 41.55 42.21 41.74 41.27 64.20 46.43
69.19 67.71 77.92 76.32 76.44 74.89 74.55 73.06 72.01 70.72 69.63 68.53 67.32 89.36 88.59 65.12 64.91 64.38 64.26 87.28 86.23 82.61 85.51 85.07 84.37 61.08 59.49 59.10 56.74 47.19 46.58 46.13 45.76 45.39 64.40 44.82 46.13 46.16 47.52 69.87 36.22 50.88 69.41 49.64 71.84 60.46 49.45 48.00 63.94 44.99 59.89 41.05 37.70 37.66 40.16 40.01 42.09 41.77 42.03 41.55 61.14 63.11 62.91
69.80 81.78 78.37 76.75 76.83 75.16 74.80 73.25 72.16 70.81 69.69 68.56 67.35 66.50 65.74 65.13 65.01 64.40 64.31 63.85 63.48 86.02 86.37 77.56 95.27 61.38 59.78 59.39 72.30 51.77 46.83 46.37 45.99 45.64 45.41 45.12 46.46 46.49 47.84 45.14 37.75 39.88 37.04 39.52 34.44 63.71 48.16 47.12 44.88 63.46 59.75 40.88 37.48 37.50 39.96 39.72 41.80 41.50 41.77 41.29 40.61 39.98 39.13
83.68 81.79 82.40 80.61 80.57 78.82 77.29 75.67 73.98 72.58 71.14 70.01 69.05 68.19 67.45 66.85 66.53 66.00 65.50 65.08 86.92 86.59 74.82 85.85 61.31 60.94 59.07 58.63 56.56 71.06 46.83 46.36 46.85 46.51 46.75 46.45 46.89 46.73 48.11 44.67 38.79 37.26 40.39 38.58 61.53 48.83 44.72 44.55 42.40 42.19 61.47 38.57 38.80 38.76 40.23 40.09 41.00 40.58 40.47 40.01 39.52 38.92 38.37
83.81 81.86 82.41 80.51 80.43 78.65 77.05 75.38 73.71 72.26 70.84 69.67 68.75 56.70 67.17 66.56 66.25 65.72 65.26 78.23 76.01 78.18 104.9 62.22 61.26 60.94 59.03 58.63 53.70 47.05 46.86 46.44 46.92 46.57 46.78 46.52 47.01 46.86 48.17 48.21 48.80 86.77 66.10 40.04 72.16 47.31 44.53 44.34 38.65 43.63 41.55 38.25 38.54 38.37 39.80 39.65 40.54 40.13 40.14 39.72 39.24 38.70 38.05
87.39 85.30 84.70 82.73 80.90 78.99 77.27 75.63 74.41 73.62 72.24 70.40 71.59 63.38 77.38 70.79 59.26 59.70 78.08 87.53 83.27 63.49 63.14 62.84 61.59 61.25 58.54 58.16 53.48 46.84 47.30 46.88 47.56 47.19 47.30 47.03 47.32 47.16 47.49 47.50 47.11 65.88 47.06 37.52 67.55 44.26 44.18 44.05 36.68 44.21 36.25 42.21 38.85 38.64 39.87 39.70 40.21 39.80 39.31 38.93 38.18 37.67 37.01
87.00 84.84 84.15 82.12 80.23 78.30 76.57 97.12 73.64 74.85 86.50 97.91 51.16 88.20 51.52 49.13 78.37 85.23 88.67 64.15 63.30 63.10 63.43 62.52 61.27 60.97 58.26 57.95 56.10 46.67 47.11 46.70 47.39 47.05 47.13 46.86 47.13 46.96 47.29 47.07 46.88 46.64 47.01 46.06 84.55 59.78 43.81 43.61 43.36 43.06 42.04 41.70 38.37 38.17 39.36 39.17 39.68 39.41 38.69 58.23 37.61 37.14 36.60
88.51 86.28 84.34 82.21 79.30 77.40 75.68 73.96 72.87 65.79 85.29 88.95 49.52 -.9900E-19 -.9900E-19 -.9900E-19 -.9900E-19 89.93 63.46 63.19 87.14 79.12 70.87 53.52 60.63 60.30 58.09 76.63 56.53 47.10 39.01 65.70 46.16 45.71 64.97 45.56 65.09 102.9 45.76 45.54 45.28 45.00 63.05 67.85 67.63 44.51 45.15 44.73 44.06 43.73 41.73 41.52 37.68 37.48 39.26 39.09 39.71 30.49 38.26 37.91 37.21 36.73 36.55
87.59 85.29 83.34 81.19 78.26 76.31 74.61 72.91 59.57 61.57 61.72 94.32 -.9900E-19 -.9900E-19 -.9900E-19 -.9900E-19 -.9900E-19 76.58 86.13 76.21 44.95 59.91 91.68 61.89 98.01 78.55 57.60 57.32 75.64 50.98 38.61 45.89 45.74 83.82 45.48 64.18 45.50 45.30 45.33 45.09 45.90 45.72 44.85 44.44 60.11 43.97 44.58 44.14 43.45 43.11 41.13 40.81 39.92 36.81 58.33 78.43 39.29 39.03 37.75 37.40 36.72 36.32 36.83
86.81 84.46 82.45 80.98 79.08 75.75 63.42 64.42 62.14 61.48 90.01 -.9900E-19 -.9900E-19 -.9900E-19 -.9900E-19 -.9900E-19 -.9900E-19 -.9900E-19 -.9900E-19 -.9900E-19 -.9900E-19 56.79 85.99 60.33 59.06 58.91 58.22 57.95 57.13 51.97 50.61 50.12 44.59 44.22 44.23 43.81 44.29 44.07 81.92 45.45 45.57 45.08 45.03 44.68 68.17 45.67 45.16 44.14 42.81 42.49 40.36 40.01 39.46 36.42 38.33 38.28 39.85 43.60 43.86 37.45 38.10 39.73 32.22
85.40 83.07 104.6 105.7 72.36 93.45 78.28 89.66 -.9900E-19 -.9900E-19 -.9900E-19 -.9900E-19 -.9900E-19 -.9900E-19 -.9900E-19 -.9900E-19 -.9900E-19 -.9900E-19 -.9900E-19 -.9900E-19 -.9900E-19 -.9900E-19 103.8 78.76 58.99 58.14 57.47 57.26 56.49 51.42 50.00 49.61 48.25 43.75 43.74 43.27 62.50 44.66 44.96 44.69 44.93 97.13 44.56 44.02 66.72 68.49 59.98 44.07 42.09 58.50 31.00 39.36 36.01 35.87 37.78 40.55 49.03 75.28 57.18 59.87 55.36 57.76 57.46
83.48 81.18 72.61 70.56 117.9 -.9900E-19 -.9900E-19 -.9900E-19 -.9900E-19 -.9900E-19 -.9900E-19 -.9900E-19 -.9900E-19 -.9900E-19 -.9900E-19 -.9900E-19 -.9900E-19 -.9900E-19 -.9900E-19 -.9900E-19 -.9900E-19 -.9900E-19 -.9900E-19 84.30 50.73 47.94 58.15 57.96 75.79 52.37 51.02 50.66 47.72 43.18 42.04 41.63 43.63 43.34 44.11 43.84 44.37 44.07 44.74 78.64 43.81 44.26 59.70 39.91 43.40 41.74 39.06 38.83 36.04 35.94 39.01 64.41 -.9900E-19 -.9900E-19 -.9900E-19 -.9900E-19 -.9900E-19 -.9900E-19 -.9900E-19
82.38 80.11 69.98 -.9900E-19 -.9900E-19 -.9900E-19 -.9900E-19 -.9900E-19 -.9900E-19 -.9900E-19 -.9900E-19 -.9900E-19 -.9900E-19 -.9900E-19 -.9900E-19 -.9900E-19 -.9900E-19 -.9900E-19 -.9900E-19 -.9900E-19 -.9900E-19 -.9900E-19 -.9900E-19 -.9900E-19 72.04 48.99 49.19 50.29 57.14 51.67 50.35 50.01 47.29 46.73 41.48 42.14 42.91 42.57 43.37 43.07 43.60 43.96 44.62 37.76 56.16 48.27 75.03 43.06 75.24 54.67 38.40 28.13 35.50 35.46 60.03 -.9900E-19 -.9900E-19 -.9900E-19 -.9900E-19 -.9900E-19 -.9900E-19 -.9900E-19 -.9900E-19
80.12 66.68 76.35 -.9900E-19 -.9900E-19 -.9900E-19 -.9900E-19 -.9900E-19 -.9900E-19 -.9900E-19 -.9900E-19 -.9900E-19 -.9900E-19 -.9900E-19 -.9900E-19 -.9900E-19 -.9900E-19 -.9900E-19 -.9900E-19 -.9900E-19 -.9900E-19 -.9900E-19 -.9900E-19 -.9900E-19 -.9900E-19 44.25 69.31 50.06 42.70 51.47 49.76 49.42 45.74 45.36 40.87 40.39 42.00 41.65 42.95 42.59 42.98 65.55 58.03 60.39 47.12 66.20 -.9900E-19 -.9900E-19 -.9900E-19 -.9900E-19 68.59 38.06 37.02 52.70 -.9900E-19 -.9900E-19 -.9900E-19 -.9900E-19 -.9900E-19 -.9900E-19 -.9900E-19 -.9900E-19 -.9900E-19
80.15 91.43 -.9900E-19 -.9900E-19 -.9900E-19 -.9900E-19 -.9900E-19 -.9900E-19 -.9900E-19 -.9900E-19 -.9900E-19 -.9900E-19 -.9900E-19 -.9900E-19 -.9900E-19 -.9900E-19 -.9900E-19 -.9900E-19 -.9900E-19 -.9900E-19 -.9900E-19 -.9900E-19 -.9900E-19 -.9900E-19 -.9900E-19 70.45 79.08 50.14 55.94 79.46 63.61 77.53 59.52 44.86 40.19 39.84 41.38 41.00 42.24 41.88 46.90 54.51 33.96 87.67 -.9900E-19 -.9900E-19 -.9900E-19 -.9900E-19 -.9900E-19 -.9900E-19 -.9900E-19 54.75 52.88 -.9900E-19 -.9900E-19 -.9900E-19 -.9900E-19 -.9900E-19 -.9900E-19 -.9900E-19 -.9900E-19 -.9900E-19 -.9900E-19
91.86 -.9900E-19 -.9900E-19 -.9900E-19 -.9900E-19 -.9900E-19 -.9900E-19 -.9900E-19 -.9900E-19 -.9900E-19 -.9900E-19 -.9900E-19 -.9900E-19 -.9900E-19 -.9900E-19 -.9900E-19 -.9900E-19 -.9900E-19 -.9900E-19 -.9900E-19 -.9900E-19 -.9900E-19 -.9900E-19 -.9900E-19 -.9900E-19 76.06 50.78 44.23 53.41 48.37 45.80 45.53 43.63 40.22 39.86 39.51 40.52 40.15 41.53 41.15 41.69 33.08 61.21 -.9900E-19 -.9900E-19 -.9900E-19 -.9900E-19 -.9900E-19 -.9900E-19 -.9900E-19 -.9900E-19 -.9900E-19 -.9900E-19 -.9900E-19 -.9900E-19 -.9900E-19 -.9900E-19 -.9900E-19 -.9900E-19 -.9900E-19 -.9900E-19 -.9900E-19 -.9900E-19
-.9900E-19 -.9900E-19 -.9900E-19 -.9900E-19 -.9900E-19 -.9900E-19 -.9900E-19 -.9900E-19 -.9900E-19 -.9900E-19 -.9900E-19 -.9900E-19 -.9900E-19 -.9900E-19 -.9900E-19 -.9900E-19 -.9900E-19 -.9900E-19 -.9900E-19 -.9900E-19 -.9900E-19 -.9900E-19 -.9900E-19 -.9900E-19 -.9900E-19 -.9900E-19 69.33 41.70 51.75 47.48 44.97 44.67 39.87 39.54 39.19 38.87 39.87 39.54 40.92 40.56 41.76 55.98 49.34 -.9900E-19 -.9900E-19 -.9900E-19 -.9900E-19 -.9900E-19 -.9900E-19 -.9900E-19 -.9900E-19 -.9900E-19 -.9900E-19 -.9900E-19 -.9900E-19 -.9900E-19 -.9900E-19 -.9900E-19 -.9900E-19 -.9900E-19 -.9900E-19 -.9900E-19 -.9900E-19
-.9900E-19 -.9900E-19 -.9900E-19 -.9900E-19 -.9900E-19 -.9900E-19 -.9900E-19 -.9900E-19 -.9900E-19 -.9900E-19 -.9900E-19 -.9900E-19 -.9900E-19 -.9900E-19 -.9900E-19 -.9900E-19 -.9900E-19 -.9900E-19 -.9900E-19 -.9900E-19 -.9900E-19 -.9900E-19 -.9900E-19 -.9900E-19 -.9900E-19 56.26 74.98 50.73 47.53 43.78 39.55 39.37 39.96 39.78 38.51 39.91 39.59 30.53 39.84 39.50 54.90 -.9900E-19 -.9900E-19 -.9900E-19 -.9900E-19 -.9900E-19 -.9900E-19 -.9900E-19 -.9900E-19 -.9900E-19 -.9900E-19 -.9900E-19 -.9900E-19 -.9900E-19 -.9900E-19 -.9900E-19 -.9900E-19 -.9900E-19 -.9900E-19 -.9900E-19 -.9900E-19 -.9900E-19 -.9900E-19
-.9900E-19 -.9900E-19 -.9900E-19 -.9900E-19 -.9900E-19 -.9900E-19 -.9900E-19 -.9900E-19 -.9900E-19 -.9900E-19 -.9900E-19 -.9900E-19 -.9900E-19 -.9900E-19 -.9900E-19 -.9900E-19 -.9900E-19 -.9900E-19 -.9900E-19 -.9900E-19 -.9900E-19 -.9900E-19 -.9900E-19 -.9900E-19 63.00 50.05 49.03 49.06 46.54 42.83 38.76 61.66 39.25 61.83 61.10 39.26 39.00 31.34 29.55 61.78 -.9900E-19 -.9900E-19 -.9900E-19 -.9900E-19 -.9900E-19 -.9900E-19 -.9900E-19 -.9900E-19 -.9900E-19 -.9900E-19 -.9900E-19 -.9900E-19 -.9900E-19 -.9900E-19 -.9900E-19 -.9900E-19 -.9900E-19 -.9900E-19 -.9900E-19 -.9900E-19 -.9900E-19 -.9900E-19 -.9900E-19
-.9900E-19 -.9900E-19 -.9900E-19 -.9900E-19 -.9900E-19 -.9900E-19 -.9900E-19 -.9900E-19 -.9900E-19 -.9900E-19 -.9900E-19 -.9900E-19 -.9900E-19 -.9900E-19 -.9900E-19 -.9900E-19 -.9900E-19 -.9900E-19 -.9900E-19 -.9900E-19 -.9900E-19 -.9900E-19 -.9900E-19 61.75 70.20 70.28 45.55 45.57 41.27 38.79 39.24 56.20 58.00 56.77 63.53 52.70 53.83 53.51 61.53 -.9900E-19 -.9900E-19 -.9900E-19 -.9900E-19 -.9900E-19 -.9900E-19 -.9900E-19 -.9900E-19 -.9900E-19 -.9900E-19 -.9900E-19 -.9900E-19 -.9900E-19 -.9900E-19 -.9900E-19 -.9900E-19 -.9900E-19 -.9900E-19 -.9900E-19 -.9900E-19 -.9900E-19 -.9900E-19 -.9900E-19 -.9900E-19
-.9900E-19 -.9900E-19 -.9900E-19 -.9900E-19 -.9900E-19 -.9900E-19 -.9900E-19 -.9900E-19 -.9900E-19 -.9900E-19 -.9900E-19 -.9900E-19 -.9900E-19 -.9900E-19 -.9900E-19 -.9900E-19 -.9900E-19 -.9900E-19 -.9900E-19 -.9900E-19 -.9900E-19 -.9900E-19 47.64 87.03 69.15 69.24 60.64 41.50 34.74 49.07 62.03 61.26 41.40 30.15 -.9900E-19 -.9900E-19 -.9900E-19 -.9900E-19 -.9900E-19 -.9900E-19 -.9900E-19 -.9900E-19 -.9900E-19 -.9900E-19 -.9900E-19 -.9900E-19 -.9900E-19 -.9900E-19 -.9900E-19 -.9900E-19 -.9900E-19 -.9900E-19 -.9900E-19 -.9900E-19 -.9900E-19 -.9900E-19 -.9900E-19 -.9900E-19 -.9900E-19 -.9900E-19 -.9900E-19 -.9900E-19 -.9900E-19
-.9900E-19 -.9900E-19 -.9900E-19 -.9900E-19 -.9900E-19 -.9900E-19 -.9900E-19 -.9900E-19 -.9900E-19 -.9900E-19 -.9900E-19 -.9900E-19 -.9900E-19 -.9900E-19 -.9900E-19 -.9900E-19 -.9900E-19 -.9900E-19 -.9900E-19 -.9900E-19 -.9900E-19 -.9900E-19 -.9900E-19 45.36 44.48 67.37 65.67 52.41 57.26 53.86 39.53 38.75 -.9900E-19 31.59 -.9900E-19 -.9900E-19 -.9900E-19 -.9900E-19 -.9900E-19 -.9900E-19 -.9900E-19 -.9900E-19 -.9900E-19 -.9900E-19 -.9900E-19 -.9900E-19 -.9900E-19 -.9900E-19 -.9900E-19 -.9900E-19 -.9900E-19 -.9900E-19 -.9900E-19 -.9900E-19 -.9900E-19 -.9900E-19 -.9900E-19 -.9900E-19 -.9900E-19 -.9900E-19 -.9900E-19 -.9900E-19 -.9900E-19
-.9900E-19 -.9900E-19 -.9900E-19 -.9900E-19 -.9900E-19 -.9900E-19 -.9900E-19 -.9900E-19 -.9900E-19 -.9900E-19 -.9900E-19 -.9900E-19 -.9900E-19 -.9900E-19 -.9900E-19 -.9900E-19 -.9900E-19 -.9900E-19 -.9900E-19 -.9900E-19 -.9900E-19 -.9900E-19 -.9900E-19 -.9900E-19 36.46 82.74 77.15 32.75 56.26 36.80 31.96 -.9900E-19 -.9900E-19 -.9900E-19 -.9900E-19 -.9900E-19 -.9900E-19 -.9900E-19 -.9900E-19 -.9900E-19 -.9900E-19 -.9900E-19 -.9900E-19 -.9900E-19 -.9900E-19 -.9900E-19 -.9900E-19 -.9900E-19 -.9900E-19 -.9900E-19 -.9900E-19 -.9900E-19 -.9900E-19 -.9900E-19 -.9900E-19 -.9900E-19 -.9900E-19 -.9900E-19 -.9900E-19 -.9900E-19 -.9900E-19 -.9900E-19 -.9900E-19
-.9900E-19 -.9900E-19 -.9900E-19 -.9900E-19 -.9900E-19 -.9900E-19 -.9900E-19 -.9900E-19 -.9900E-19 -.9900E-19 -.9900E-19 -.9900E-19 -.9900E-19 -.9900E-19 -.9900E-19 -.9900E-19 -.9900E-19 -.9900E-19 -.9900E-19 -.9900E-19 -.9900E-19 -.9900E-19 -.9900E-19 -.9900E-19 -.9900E-19 -.9900E-19 57.43 54.67 39.23 -.9900E-19 -.9900E-19 -.9900E-19 -.9900E-19 -.9900E-19 -.9900E-19 -.9900E-19 -.9900E-19 -.9900E-19 -.9900E-19 -.9900E-19 -.9900E-19 -.9900E-19 -.9900E-19 -.9900E-19 -.9900E-19 -.9900E-19 -.9900E-19 -.9900E-19 -.9900E-19 -.9900E-19 -.9900E-19 -.9900E-19 -.9900E-19 -.9900E-19 -.9900E-19 -.9900E-19 -.9900E-19 -.9900E-19 -.9900E-19 -.9900E-19 -.9900E-19 -.9900E-19 -.9900E-19
-.9900E-19 -.9900E-19 -.9900E-19 -.9900E-19 -.9900E-19 -.9900E-19 -.9900E-19 -.9900E-19 -.9900E-19 -.9900E-19 -.9900E-19 -.9900E-19 -.9900E-19 -.9900E-19 -.9900E-19 -.9900E-19 -.9900E-19 -.9900E-19 -.9900E-19 -.9900E-19 -.9900E-19 -.9900E-19 -.9900E-19 -.9900E-19 -.9900E-19 -.9900E-19 -.9900E-19 22.50 -.9900E-19 -.9900E-19 -.9900E-19 -.9900E-19 -.9900E-19 -.9900E-19 -.9900E-19 -.9900E-19 -.9900E-19 -.9900E-19 -.9900E-19 -.9900E-19 -.9900E-19 -.9900E-19 -.9900E-19 -.9900E-19 -.9900E-19 -.9900E-19 -.9900E-19 -.9900E-19 -.9900E-19 -.9900E-19 -.9900E-19 -.9900E-19 -.9900E-19 -.9900E-19 -.9900E-19 -.9900E-19 -.9900E-19 -.9900E-19 -.9900E-19 -.9900E-19 -.9900E-19 -.9900E-19 -.9900E-19
-.9900E-19 -.9900E-19 -.9900E-19 -.9900E-19 -.9900E-19 -.9900E-19 -.9900E-19 -.9900E-19 -.9900E-19 -.9900E-19 -.9900E-19 -.9900E-19 -.9900E-19 -.9900E-19 -.9900E-19 -.9900E-19 -.9900E-19 -.9900E-19 -.9900E-19 -.9900E-19 -.9900E-19 -.9900E-19 -.9900E-19 -.9900E-19 -.9900E-19 -.9900E-19 -.9900E-19 -.9900E-19 -.9900E-19 -.9900E-19 -.9900E-19 -.9900E-19 -.9900E-19 -.9900E-19 -.9900E-19 -.9900E-19 -.9900E-19 -.9900E-19 -.9900E-19 -.9900E-19 -.9900E-19 -.9900E-19 -.9900E-19 -.9900E-19 -.9900E-19 -.9900E-19 -.9900E-19 -.9900E-19 -.9900E-19 -.9900E-19 -.9900E-19 -.9900E-19 -.9900E-19 -.9900E-19 -.9900E-19 -.9900E-19 -.9900E-19 -.9900E-19 -.9900E-19 -.9900E-19 -.9900E-19 -.9900E-19 -.9900E-19
-.9900E-19 -.9900E-19 -.9900E-19 -.9900E-19 -.9900E-19 -.9900E-19 -.9900E-19 -.9900E-19 -.9900E-19 -.9900E-19 -.9900E-19 -.9900E-19 -.9900E-19 -.9900E-19 -.9900E-19 -.9900E-19 -.9900E-19 -.9900E-19 -.9900E-19 -.9900E-19 -.9900E-19 -.9900E-19 -.9900E-19 -.9900E-19 -.9900E-19 -.9900E-19 -.9900E-19 -.9900E-19 -.9900E-19 -.9900E-19 -.9900E-19 -.9900E-19 -.9900E-19 -.9900E-19 -.9900E-19 -.9900E-19 -.9900E-19 -.9900E-19 -.9900E-19 -.9900E-19 -.9900E-19 -.9900E-19 -.9900E-19 -.9900E-19 -.9900E-19 -.9900E-19 -.9900E-19 -.9900E-19 -.9900E-19 -.9900E-19 -.9900E-19 -.9900E-19 -.9900E-19 -.9900E-19 -.9900E-19 -.9900E-19 -.9900E-19 -.9900E-19 -.9900E-19 -.9900E-19 -.9900E-19 -.9900E-19 -.9900E-19
