ASPA-UH-SWB2_REPO/output/SUM_of_RECHARGE.asc
NCOLS        350
NROWS        200
XLLCORNER     515000.000
YLLCORNER    8409000.000
CELLSIZE        100.000
NODATA_VALUE     -9999.    
[rows 84 to 111 of 200, columns 126 to 188 of 350]
-.9900E-19 -.9900E-19 -.9900E-19 -.9900E-19 -.9900E-19 -.9900E-19 67.10 89.98 90.62 92.00 91.28 92.71 91.14 74.18 76.65 78.13 145.1 84.77 89.92 95.60 -.9900E-19 -.9900E-19 -.9900E-19 -.9900E-19 -.9900E-19 133.0 127.7 188.2 97.00 110.4 109.4 109.9 107.1 107.9 125.4 126.1 120.9 129.0 131.2 131.3 131.6 131.4 127.2 127.0 123.3 184.9 123.2 119.3 121.9 120.7 121.2 120.0 118.7 117.3 115.6 113.6 111.6 108.9 106.0 102.7 99.03 95.34 81.33
-.9900E-19 -.9900E-19 -.9900E-19 -.9900E-19 -.9900E-19 -.9900E-19 91.27 92.56 93.21 94.60 93.87 136.5 93.66 95.20 78.82 80.31 85.44 87.02 90.58 30.29 108.2 -.9900E-19 -.9900E-19 -.9900E-19 127.5 177.0 93.67 114.8 115.7 101.1 101.6 111.4 108.5 109.2 108.6 127.5 130.0 130.2 132.3 132.3 132.5 132.3 128.1 127.7 123.9 119.8 119.9 119.6 122.1 120.8 121.3 120.2 118.8 117.4 115.7 113.8 111.8 109.1 106.1 102.8 99.01 97.35 83.26
-.9900E-19 -.9900E-19 -.9900E-19 -.9900E-19 -.9900E-19 93.40 93.42 94.71 94.17 95.56 93.63 95.04 96.17 78.44 84.52 86.03 90.59 92.20 96.18 95.45 111.9 61.00 59.56 111.4 107.3 106.8 107.6 98.12 100.3 114.5 102.0 113.4 111.2 111.9 108.8 127.8 128.2 186.5 131.0 130.9 130.5 130.2 126.5 126.1 122.5 122.0 124.4 123.9 122.4 121.6 180.5 178.9 118.1 116.6 116.3 98.31 97.06 135.2 109.5 104.8 101.0 100.1 93.05
-.9900E-19 -.9900E-19 -.9900E-19 -.9900E-19 -.9900E-19 -.9900E-19 95.01 97.32 96.75 140.1 96.16 97.58 79.24 80.56 86.73 88.23 92.79 94.36 97.68 111.8 109.2 63.03 103.5 167.4 97.12 98.65 109.3 110.6 99.93 101.3 113.9 114.7 189.4 112.9 109.7 128.8 129.1 129.1 131.9 131.7 131.2 131.0 127.2 122.8 123.0 122.4 124.6 123.9 122.3 182.9 119.0 117.7 117.5 175.4 115.5 113.6 169.9 110.9 112.9 106.3 124.2 107.4 102.9
-.9900E-19 -.9900E-19 -.9900E-19 -.9900E-19 -.9900E-19 -.9900E-19 97.47 141.1 97.79 99.18 98.15 79.92 84.45 85.82 91.94 93.40 96.64 85.41 102.1 116.1 91.12 85.37 92.45 181.2 109.0 110.4 110.1 111.3 111.6 112.6 113.6 114.3 190.2 112.9 108.9 128.1 128.1 128.1 131.1 131.0 131.0 130.7 130.2 119.6 126.4 125.7 123.9 123.0 118.5 117.5 116.5 115.1 115.8 114.1 113.6 111.6 110.8 108.3 88.35 110.5 85.51 102.8 48.55
-.9900E-19 -.9900E-19 96.98 -.9900E-19 -.9900E-19 100.1 100.0 101.3 99.26 100.6 100.6 81.96 86.56 87.89 94.04 95.46 98.71 100.2 103.5 119.0 236.0 96.08 97.73 109.9 185.1 111.9 111.6 112.7 112.9 113.7 192.5 115.2 113.3 113.6 109.5 128.8 128.7 128.7 131.7 131.5 255.0 131.1 126.6 126.1 119.1 118.2 179.7 122.4 118.3 114.4 113.3 111.9 115.1 113.2 112.6 110.5 109.8 162.5 106.2 126.8 152.9 99.00 103.8
96.83 139.5 99.48 100.6 102.1 145.6 103.4 104.7 103.1 104.5 103.6 85.63 89.53 90.86 96.17 232.7 101.1 102.6 229.9 119.0 120.6 171.1 99.52 111.7 186.6 112.6 111.1 112.1 109.4 110.1 109.2 109.7 108.6 108.8 108.7 125.0 127.0 129.9 193.9 190.7 131.4 127.1 120.6 119.9 119.0 117.9 116.8 115.6 113.8 112.5 114.5 112.9 111.9 110.0 111.1 109.0 107.9 105.5 103.0 100.1 96.08 142.1 90.59
99.36 142.5 102.0 103.2 104.6 105.8 105.9 107.1 105.4 106.8 105.9 107.2 90.38 92.65 302.8 99.33 102.9 104.4 106.8 86.58 133.3 111.2 101.1 113.1 112.6 113.8 112.1 113.1 188.2 110.9 125.7 110.3 109.1 125.5 125.3 125.3 127.4 127.2 131.1 130.8 127.6 184.8 120.5 119.6 181.4 182.1 113.6 177.6 113.4 112.0 113.8 112.1 111.1 109.1 107.7 107.9 106.8 104.4 101.9 99.17 146.4 92.18 88.54
101.2 102.2 103.9 105.0 106.4 107.5 108.3 109.5 109.0 110.3 109.3 110.7 90.87 92.11 98.79 100.1 104.3 105.7 107.9 96.51 111.0 112.3 99.22 114.1 111.4 112.4 107.7 108.5 105.9 122.3 123.6 124.0 125.4 125.6 128.8 128.7 130.1 129.9 128.4 128.1 121.4 120.8 120.0 119.1 118.0 114.1 115.2 113.5 115.0 113.6 114.0 112.2 110.4 108.4 106.6 104.4 102.0 102.0 154.1 96.17 92.62 89.70 135.5
103.6 104.6 106.2 107.2 108.6 109.8 155.2 111.6 111.0 112.2 111.2 112.5 114.0 93.58 99.25 100.5 105.7 107.0 182.2 110.5 174.6 113.4 113.9 115.0 112.2 113.1 108.3 109.0 122.2 122.8 123.9 124.3 125.6 125.6 128.8 128.7 129.9 129.7 128.1 127.7 121.9 121.1 120.3 119.3 114.5 114.9 114.0 112.7 114.2 112.6 113.0 111.2 109.3 107.2 164.2 103.2 100.8 98.43 95.36 92.78 89.36 86.57 83.15
104.5 105.4 151.4 108.3 108.6 109.7 109.0 110.1 109.8 157.5 111.9 113.2 115.2 94.48 98.52 99.69 174.6 105.7 108.2 109.4 111.2 112.4 111.2 112.2 107.6 108.5 105.3 121.7 124.0 124.5 127.7 128.0 129.8 129.8 131.4 131.2 130.5 193.2 128.9 128.6 121.0 120.2 119.2 118.1 116.9 111.9 115.8 114.4 114.3 112.7 111.5 109.7 107.8 105.7 103.9 101.6 99.35 97.01 94.14 91.60 88.52 85.79 82.65
106.6 107.5 109.3 110.3 110.5 111.5 110.8 158.3 111.5 112.6 161.3 114.6 116.6 95.57 99.56 100.7 104.4 105.5 109.0 110.1 111.8 188.9 111.6 189.0 107.9 248.7 105.4 121.7 124.0 124.4 127.5 127.7 129.5 129.4 130.9 130.6 129.9 129.4 128.1 127.7 125.5 118.9 117.9 116.8 115.4 110.4 114.6 113.2 113.0 111.4 110.1 108.3 106.4 104.2 102.4 100.1 97.87 95.56 92.73 90.24 87.22 84.59 82.82
107.3 108.1 108.7 109.5 108.0 108.9 107.7 108.6 110.6 111.6 114.5 115.6 118.1 96.80 98.28 99.27 100.9 160.5 103.7 104.7 106.7 107.7 105.6 106.4 104.4 105.1 121.9 122.5 125.4 125.7 190.4 128.1 130.1 192.5 131.0 130.6 130.8 130.3 130.3 129.8 127.0 188.1 121.4 120.4 113.7 108.9 114.3 112.8 112.9 111.2 109.6 107.7 105.9 103.7 101.4 99.11 96.49 94.21 91.14 88.68 86.04 83.41 183.0
109.1 109.9 110.4 111.2 109.5 110.4 109.0 101.9 103.7 104.5 107.4 108.3 110.7 111.7 113.2 114.2 115.8 116.9 163.0 104.9 105.7 168.1 166.3 121.6 119.5 120.2 121.4 121.9 124.7 125.0 127.2 127.2 129.2 129.0 130.0 191.9 129.6 129.0 128.9 128.3 125.4 124.6 119.8 118.8 117.3 112.0 112.6 111.1 111.1 109.4 107.8 105.8 104.0 101.9 99.57 97.37 94.77 92.50 89.47 87.07 84.46 81.94 84.68
110.5 111.2 109.0 109.7 108.0 108.8 104.2 104.9 109.5 110.3 111.6 112.5 113.6 114.5 115.5 116.4 117.5 118.4 118.4 119.3 117.9 118.8 117.9 119.6 119.6 120.2 122.1 122.5 124.5 124.7 126.2 126.2 128.1 127.9 129.2 191.1 130.2 129.5 129.1 128.4 124.0 243.9 118.5 117.4 116.1 114.3 110.5 109.0 165.0 106.8 105.4 103.5 216.4 99.06 154.1 95.24 93.91 91.65 88.69 86.31 83.03 80.55 78.35
112.1 112.7 110.4 111.0 109.2 101.8 105.1 105.7 110.2 111.0 112.2 113.0 113.9 114.7 115.5 116.4 117.4 118.2 118.1 118.9 117.4 118.1 117.1 117.8 118.7 119.2 121.0 121.4 123.2 123.3 124.7 124.6 126.5 126.2 188.1 127.0 128.4 127.6 127.1 126.3 121.9 179.9 116.3 115.2 113.4 112.1 111.6 110.0 106.2 104.5 103.2 101.2 98.98 96.92 95.32 93.23 144.9 91.07 79.11 84.45 81.26 80.19 78.02
112.4 160.1 109.8 110.3 111.9 104.3 110.6 111.1 114.8 115.4 115.7 116.3 116.5 117.2 118.8 119.5 120.4 121.2 119.2 119.8 117.4 118.1 116.4 116.9 117.0 117.4 121.7 122.0 123.7 123.7 123.8 123.6 124.5 124.1 125.7 125.1 126.3 125.5 124.3 123.4 118.5 117.5 113.3 112.2 110.8 109.5 109.2 107.6 103.6 101.9 100.8 98.84 96.05 94.05 91.86 89.86 89.25 89.09 80.58 80.80 93.63 90.39 -.9900E-19
113.6 114.0 110.8 111.2 112.7 104.9 111.1 111.5 115.1 115.6 115.7 116.3 116.3 116.8 118.3 118.9 119.7 120.4 118.2 177.0 116.3 116.8 115.0 175.1 115.5 115.8 118.9 120.2 121.7 121.6 121.7 121.5 122.3 121.9 123.4 122.8 123.9 123.0 181.2 120.8 174.3 114.9 110.7 109.6 108.1 106.8 106.4 104.9 104.0 99.27 98.19 96.34 93.63 91.70 89.57 87.61 87.01 85.57 88.74 28.88 -.9900E-19 -.9900E-19 -.9900E-19
113.9 114.2 111.1 111.4 115.0 107.1 113.3 113.6 116.2 116.6 117.1 117.5 117.9 118.4 119.0 119.5 118.3 176.6 116.1 116.5 114.3 114.7 113.1 113.4 115.1 115.3 118.1 118.2 119.6 120.5 121.1 120.9 121.4 121.0 121.6 120.9 121.3 120.4 175.9 117.2 112.0 111.0 107.7 106.5 104.8 103.5 103.3 101.8 101.2 99.46 95.20 93.44 91.66 89.80 87.64 85.71 84.09 82.09 103.5 -.9900E-19 -.9900E-19 -.9900E-19 -.9900E-19
110.6 115.0 111.7 111.9 107.2 107.4 113.4 113.6 116.1 116.3 116.7 116.9 117.2 117.5 118.1 118.4 117.1 117.5 114.6 115.0 112.7 113.0 111.2 111.4 113.0 113.1 115.7 115.7 117.0 116.8 118.4 118.1 118.6 118.1 118.6 117.9 118.2 118.0 171.1 114.1 109.1 108.0 104.7 103.0 101.8 100.5 100.3 98.78 98.21 96.59 92.46 90.75 89.03 87.25 85.15 83.25 82.36 81.06 101.2 -.9900E-19 -.9900E-19 -.9900E-19 -.9900E-19
110.0 114.2 112.5 104.4 110.5 110.5 114.8 114.8 116.2 116.3 116.9 117.0 117.0 214.6 115.3 115.5 112.6 225.1 168.4 112.0 110.1 110.2 109.7 109.8 111.9 111.9 113.3 113.3 115.0 114.7 115.9 116.6 117.0 116.4 117.1 119.6 118.6 100.3 112.4 110.7 105.2 104.1 101.2 99.49 98.77 97.44 97.25 95.81 95.27 93.71 91.94 87.64 86.35 84.62 84.65 82.13 82.06 82.77 -.9900E-19 -.9900E-19 -.9900E-19 -.9900E-19 -.9900E-19
110.5 114.6 112.9 104.5 110.5 110.4 114.5 114.4 115.7 115.6 116.1 213.4 213.3 115.8 113.8 168.7 110.9 111.0 109.8 109.8 107.9 163.9 107.3 107.2 109.2 109.1 110.5 110.3 111.9 111.5 112.6 112.2 112.5 113.0 115.5 121.4 121.0 112.9 108.2 107.2 101.8 100.7 97.91 96.18 95.45 94.20 94.01 92.61 92.12 90.63 88.90 84.71 83.55 68.86 73.47 104.4 99.71 -.9900E-19 -.9900E-19 -.9900E-19 -.9900E-19 -.9900E-19 -.9900E-19
109.0 156.6 115.6 107.1 113.6 113.4 115.1 114.8 115.2 115.0 170.1 212.1 210.8 168.0 109.9 109.8 108.1 108.0 107.4 219.0 160.5 105.5 106.0 105.9 107.3 107.1 108.3 108.0 108.7 108.3 109.2 108.6 109.1 108.4 95.09 117.0 97.19 107.8 102.1 201.9 147.5 96.67 94.85 93.71 92.63 91.40 90.75 89.39 88.81 87.38 135.4 81.38 81.66 79.43 -.9900E-19 -.9900E-19 -.9900E-19 -.9900E-19 -.9900E-19 -.9900E-19 -.9900E-19 -.9900E-19 -.9900E-19
109.2 109.1 107.3 107.0 113.3 112.9 114.5 114.1 114.3 113.9 253.0 307.6 209.2 165.6 108.1 107.9 106.1 105.8 105.1 158.7 103.1 102.9 103.2 103.0 104.3 104.0 105.0 104.6 105.2 104.7 105.5 104.9 105.3 104.6 92.37 114.1 167.4 103.2 98.23 97.26 93.96 92.97 91.18 90.14 89.09 87.92 87.28 86.00 85.44 84.09 128.4 78.35 80.74 -.9900E-19 -.9900E-19 -.9900E-19 -.9900E-19 -.9900E-19 -.9900E-19 -.9900E-19 -.9900E-19 -.9900E-19 -.9900E-19
109.8 101.2 106.5 110.1 114.9 114.3 114.6 114.1 113.3 251.8 250.6 249.9 150.7 109.0 105.6 105.2 103.4 103.1 102.6 102.3 101.7 101.4 101.2 100.9 101.0 100.7 102.3 101.8 101.9 101.4 101.0 100.3 143.2 89.53 86.80 140.8 134.8 98.67 94.45 92.83 91.53 90.59 88.71 87.66 85.58 84.43 83.81 82.57 68.47 81.88 79.98 74.94 98.76 -.9900E-19 -.9900E-19 -.9900E-19 -.9900E-19 -.9900E-19 -.9900E-19 -.9900E-19 -.9900E-19 -.9900E-19 -.9900E-19
165.4 100.9 106.0 109.5 114.0 113.3 113.5 112.9 153.2 249.8 238.2 247.6 299.1 147.4 103.4 102.9 101.0 100.5 100.6 99.50 98.88 98.45 98.12 97.69 97.73 97.27 98.74 98.18 98.23 97.61 97.11 96.46 85.17 111.3 122.3 135.1 110.3 57.69 57.26 145.6 102.7 106.5 108.0 84.67 82.00 80.93 80.30 66.01 65.05 78.57 76.80 71.90 93.83 -.9900E-19 -.9900E-19 -.9900E-19 -.9900E-19 -.9900E-19 -.9900E-19 -.9900E-19 -.9900E-19 -.9900E-19 -.9900E-19
103.4 102.7 107.5 110.9 113.6 112.7 135.2 152.7 248.4 247.3 246.0 232.9 136.6 129.0 100.1 99.46 96.67 96.07 111.9 98.60 97.82 97.28 95.39 94.87 94.17 93.64 95.46 94.85 95.65 90.48 80.95 92.29 78.54 69.34 114.4 128.1 125.5 129.4 99.31 -.9900E-19 119.5 52.13 118.9 235.3 79.15 77.46 76.53 65.34 61.38 52.07 59.57 92.83 -.9900E-19 -.9900E-19 -.9900E-19 -.9900E-19 -.9900E-19 -.9900E-19 -.9900E-19 -.9900E-19 -.9900E-19 -.9900E-19 -.9900E-19
102.7 101.9 106.6 105.6 112.3 111.3 120.3 248.0 246.2 244.9 243.4 232.7 151.5 104.5 148.0 96.96 94.13 93.42 117.9 159.1 89.88 94.16 92.21 140.1 90.83 90.24 91.93 105.8 119.0 87.96 76.66 89.17 88.83 122.3 55.25 58.42 106.9 95.77 105.2 -.9900E-19 -.9900E-19 -.9900E-19 92.24 111.9 120.4 83.35 85.37 78.28 103.3 48.06 22.87 -.9900E-19 -.9900E-19 -.9900E-19 -.9900E-19 -.9900E-19 -.9900E-19 -.9900E-19 -.9900E-19 -.9900E-19 -.9900E-19 -.9900E-19 -.9900E-19
