ASPA-UH-SWB2_REPO/output/SUM_of_RECHARGE.asc
NCOLS        350
NROWS        200
XLLCORNER     515000.000
YLLCORNER    8409000.000
CELLSIZE        100.000
NODATA_VALUE     -9999.    
[rows 56 to 83 of 200, columns 189 to 251 of 350]
156.0 151.8 94.48 94.32 93.95 94.53 94.11 94.06 151.0 93.86 93.75 151.2 93.91 94.08 97.45 97.62 97.21 152.7 95.24 92.33 91.69 90.59 145.3 90.14 89.12 88.03 194.4 87.56 81.54 85.17 84.84 88.32 88.69 89.55 93.75 103.2 102.7 88.80 144.1 85.41 85.04 82.15 81.82 78.21 77.79 89.39 88.98 93.14 92.85 95.69 101.3 90.27 131.8 77.17 76.31 75.11 82.41 118.8 117.3 76.75 75.56 76.94 75.56
95.65 93.48 93.13 94.46 94.02 152.9 94.06 93.93 93.54 93.58 93.44 93.70 93.64 93.87 154.4 97.58 97.25 95.87 151.6 92.55 91.99 146.8 90.28 96.41 95.59 88.71 87.91 82.85 82.40 86.12 85.89 89.47 89.23 89.51 133.1 94.90 95.40 75.39 88.74 87.04 86.73 83.81 83.46 79.82 79.39 91.19 90.78 95.03 94.73 80.81 80.97 135.9 96.19 78.99 78.10 117.2 84.00 79.58 78.42 78.08 76.80 78.18 115.6
145.7 94.20 101.4 103.7 103.1 103.7 103.2 102.4 101.9 101.3 95.13 94.17 144.7 93.20 96.69 95.32 95.08 93.32 92.92 93.61 98.97 101.0 100.4 100.8 100.1 97.84 97.06 96.81 85.26 86.46 86.29 88.77 146.9 88.93 147.3 89.49 103.7 160.1 147.9 89.25 88.92 86.45 86.13 82.27 94.11 93.32 92.94 96.29 140.6 98.38 141.0 97.66 96.92 94.85 93.95 90.43 84.45 80.32 79.08 78.33 76.97 75.73 74.24
100.2 101.6 101.1 103.2 102.6 103.1 102.5 101.7 101.2 100.6 100.3 99.32 99.31 98.43 102.0 94.76 94.63 92.94 98.56 99.27 98.84 101.0 100.4 101.0 100.4 98.43 97.56 97.38 85.78 87.04 86.93 89.48 89.39 89.83 89.76 89.89 151.4 116.6 151.0 90.54 90.28 87.79 201.4 83.60 127.4 94.81 94.48 97.89 97.55 99.92 99.40 99.14 142.2 96.22 95.27 91.63 85.60 81.39 80.08 79.22 118.7 76.47 74.95
105.0 108.1 107.4 108.5 107.8 107.6 106.9 105.4 104.9 103.9 103.6 102.3 102.3 100.5 104.2 101.5 101.4 101.5 101.2 105.0 104.7 106.6 106.1 105.4 104.9 103.3 102.5 100.9 100.5 98.33 87.05 86.71 86.72 148.0 88.71 90.39 92.29 100.6 93.28 91.00 149.3 206.2 146.7 85.54 85.18 97.16 96.83 143.0 97.49 98.49 97.91 98.13 97.31 94.40 93.37 90.11 84.07 81.18 79.81 77.26 75.81 113.0 110.9
104.3 107.2 106.5 107.5 106.7 106.4 94.33 104.3 103.7 102.7 102.3 101.0 101.0 102.9 103.1 100.4 100.5 100.6 100.5 104.4 104.1 106.2 105.9 105.2 104.8 103.4 102.7 101.2 100.8 98.69 98.62 98.32 87.20 89.27 89.34 91.09 77.95 103.2 93.44 91.91 91.71 89.20 88.94 86.49 86.19 98.36 98.02 99.02 98.64 145.4 99.00 99.15 143.4 95.30 94.20 90.84 84.75 81.78 80.34 77.69 76.12 73.37 85.89
107.4 109.0 108.1 107.2 106.3 101.4 124.5 98.87 112.7 109.8 103.3 100.9 101.0 103.0 103.2 101.9 102.0 102.9 102.9 105.4 105.3 106.9 106.7 107.6 107.9 91.53 93.73 104.9 104.0 101.8 101.7 98.49 98.64 87.36 87.49 151.5 91.91 103.5 78.41 92.01 91.84 90.36 90.11 88.82 88.57 99.73 99.42 144.7 97.99 98.18 97.55 96.37 95.50 92.48 91.30 89.11 83.04 96.64 94.90 93.09 91.21 89.60 87.63
106.8 108.3 95.57 99.71 101.4 114.9 59.54 57.31 60.28 60.94 118.6 105.9 101.3 101.4 101.6 100.3 100.5 101.5 101.6 104.2 89.65 93.09 96.36 99.57 98.08 90.88 119.9 117.1 114.9 125.5 89.58 98.65 98.78 98.84 87.67 92.13 152.0 116.2 78.83 92.46 92.34 90.87 90.68 89.44 89.23 87.68 100.2 99.17 98.69 191.2 98.10 142.5 124.3 109.0 107.6 105.1 98.64 96.71 94.94 93.05 91.08 89.35 87.28
101.3 95.75 115.6 119.3 -.9900E-19 -.9900E-19 -.9900E-19 -.9900E-19 -.9900E-19 -.9900E-19 -.9900E-19 27.54 50.90 90.29 102.5 100.3 100.6 101.6 90.77 106.8 111.6 136.4 114.5 120.6 121.1 120.3 115.6 93.24 104.5 103.6 88.99 97.51 99.82 97.36 77.68 89.35 89.50 92.52 92.59 79.02 93.13 92.37 92.24 90.76 90.57 88.40 88.10 98.60 98.09 96.78 96.01 95.10 110.4 110.0 108.5 106.8 100.2 98.22 96.33 95.65 93.64 92.06 89.86
40.82 56.68 -.9900E-19 -.9900E-19 -.9900E-19 -.9900E-19 -.9900E-19 -.9900E-19 -.9900E-19 -.9900E-19 -.9900E-19 -.9900E-19 -.9900E-19 -.9900E-19 51.60 126.1 123.4 93.58 105.5 -.9900E-19 62.31 120.5 39.30 38.98 117.8 85.67 90.88 88.91 104.3 102.8 199.3 99.69 99.83 88.63 77.67 77.74 89.53 92.59 92.72 93.39 93.34 212.7 212.1 91.07 90.88 88.69 88.36 85.99 85.48 96.90 96.07 111.6 110.3 109.8 108.3 106.5 99.82 97.74 95.77 95.04 92.91 91.30 89.01
54.53 -.9900E-19 -.9900E-19 -.9900E-19 -.9900E-19 -.9900E-19 -.9900E-19 -.9900E-19 -.9900E-19 -.9900E-19 -.9900E-19 -.9900E-19 -.9900E-19 -.9900E-19 -.9900E-19 -.9900E-19 -.9900E-19 -.9900E-19 -.9900E-19 -.9900E-19 -.9900E-19 59.95 90.56 86.24 83.87 92.60 103.8 103.2 103.2 101.2 101.4 97.94 98.12 88.54 77.61 77.72 87.47 90.72 90.88 151.2 91.05 91.27 211.5 89.96 89.75 87.95 87.54 85.37 84.82 113.2 112.2 112.8 111.4 111.3 109.7 107.7 100.9 98.60 96.53 95.29 93.05 91.21 88.83
-.9900E-19 -.9900E-19 -.9900E-19 -.9900E-19 -.9900E-19 -.9900E-19 -.9900E-19 -.9900E-19 -.9900E-19 -.9900E-19 -.9900E-19 -.9900E-19 -.9900E-19 -.9900E-19 -.9900E-19 -.9900E-19 -.9900E-19 -.9900E-19 -.9900E-19 -.9900E-19 -.9900E-19 -.9900E-19 108.7 36.61 112.2 106.6 102.9 102.4 102.8 100.7 101.0 97.64 88.09 88.33 77.45 77.59 87.42 90.67 150.9 91.01 91.02 151.4 91.16 89.90 89.69 107.1 87.37 85.14 84.50 112.8 111.7 112.2 110.7 110.5 136.9 134.1 99.85 97.54 95.40 94.07 91.78 89.88 87.45
-.9900E-19 -.9900E-19 -.9900E-19 -.9900E-19 -.9900E-19 -.9900E-19 -.9900E-19 -.9900E-19 -.9900E-19 -.9900E-19 -.9900E-19 -.9900E-19 -.9900E-19 -.9900E-19 -.9900E-19 -.9900E-19 -.9900E-19 -.9900E-19 -.9900E-19 -.9900E-19 -.9900E-19 -.9900E-19 -.9900E-19 57.31 157.1 100.1 99.86 98.91 99.37 96.93 97.29 141.9 131.6 147.3 77.11 77.28 136.6 77.62 77.73 77.78 89.40 150.2 130.7 88.61 107.6 106.4 105.9 104.0 103.2 112.6 111.5 111.3 109.8 108.9 107.2 105.8 98.90 97.73 95.50 92.98 90.61 88.01 85.61
-.9900E-19 -.9900E-19 -.9900E-19 -.9900E-19 -.9900E-19 -.9900E-19 -.9900E-19 -.9900E-19 -.9900E-19 -.9900E-19 -.9900E-19 -.9900E-19 -.9900E-19 -.9900E-19 -.9900E-19 -.9900E-19 -.9900E-19 -.9900E-19 -.9900E-19 -.9900E-19 -.9900E-19 -.9900E-19 -.9900E-19 154.0 101.8 98.05 98.66 97.80 98.39 84.62 129.6 86.50 90.87 91.23 91.57 76.75 76.95 77.11 77.21 77.25 89.00 89.83 89.68 107.3 107.0 105.7 105.1 142.8 131.5 111.6 110.4 110.1 108.5 107.6 105.8 104.4 124.3 96.13 93.86 91.29 88.86 86.23 83.82
-.9900E-19 -.9900E-19 -.9900E-19 -.9900E-19 -.9900E-19 -.9900E-19 -.9900E-19 -.9900E-19 -.9900E-19 -.9900E-19 -.9900E-19 -.9900E-19 -.9900E-19 -.9900E-19 -.9900E-19 -.9900E-19 -.9900E-19 -.9900E-19 -.9900E-19 -.9900E-19 -.9900E-19 -.9900E-19 -.9900E-19 123.5 96.09 95.05 95.75 94.23 94.87 91.22 95.45 89.49 89.92 90.33 90.71 90.90 91.15 91.34 103.4 104.3 89.06 88.48 128.3 106.2 105.7 104.7 104.0 102.3 101.3 100.8 99.57 108.0 106.3 104.5 102.7 102.4 95.28 95.35 93.04 90.10 87.63 83.98 81.59
-.9900E-19 -.9900E-19 -.9900E-19 -.9900E-19 -.9900E-19 -.9900E-19 -.9900E-19 -.9900E-19 -.9900E-19 -.9900E-19 -.9900E-19 -.9900E-19 -.9900E-19 -.9900E-19 -.9900E-19 -.9900E-19 -.9900E-19 -.9900E-19 -.9900E-19 -.9900E-19 -.9900E-19 -.9900E-19 -.9900E-19 122.4 93.75 79.59 80.36 92.86 93.59 90.03 94.54 93.93 94.42 97.13 89.58 89.82 90.06 90.25 90.34 103.3 103.3 102.7 106.4 105.1 104.6 103.5 102.7 100.9 99.93 99.30 98.01 96.33 104.5 102.7 100.8 100.4 93.31 93.31 91.64 88.66 86.20 81.91 79.56
-.9900E-19 -.9900E-19 -.9900E-19 -.9900E-19 -.9900E-19 -.9900E-19 -.9900E-19 -.9900E-19 -.9900E-19 -.9900E-19 -.9900E-19 -.9900E-19 -.9900E-19 -.9900E-19 -.9900E-19 -.9900E-19 -.9900E-19 -.9900E-19 -.9900E-19 -.9900E-19 -.9900E-19 -.9900E-19 54.87 87.51 82.85 79.07 92.56 89.86 90.63 87.27 91.80 94.95 95.50 99.27 99.69 103.1 88.72 88.88 88.95 102.8 102.7 100.4 104.1 103.1 102.5 101.6 178.7 138.7 98.77 99.30 97.93 95.75 94.11 91.19 98.69 97.86 90.81 90.69 89.64 115.8 90.38 72.58 68.76
24.09 23.36 46.88 46.92 45.72 .000 -.9900E-19 -.9900E-19 -.9900E-19 -.9900E-19 -.9900E-19 -.9900E-19 -.9900E-19 -.9900E-19 -.9900E-19 -.9900E-19 -.9900E-19 -.9900E-19 -.9900E-19 -.9900E-19 -.9900E-19 -.9900E-19 60.68 90.10 84.65 89.87 90.78 88.19 89.00 131.9 90.29 93.48 94.03 97.79 100.2 101.6 102.0 102.2 102.3 101.3 101.2 98.88 98.64 101.4 100.9 99.91 99.00 97.94 96.84 97.34 95.92 93.67 92.01 89.08 87.26 95.54 88.47 113.3 85.90 84.98 85.93 87.50 87.48
106.9 104.2 98.58 45.93 74.99 -.9900E-19 -.9900E-19 -.9900E-19 -.9900E-19 -.9900E-19 -.9900E-19 -.9900E-19 -.9900E-19 -.9900E-19 -.9900E-19 -.9900E-19 -.9900E-19 -.9900E-19 -.9900E-19 -.9900E-19 -.9900E-19 -.9900E-19 98.75 85.84 177.6 131.0 87.39 128.5 84.89 88.68 89.40 94.86 95.26 98.38 100.9 101.8 102.1 101.6 101.6 99.33 99.18 96.29 95.95 98.81 98.19 97.79 96.85 97.72 96.54 97.75 96.25 94.49 92.79 89.23 87.36 83.58 76.79 75.08 81.14 80.07 83.10 92.38 -.9900E-19
107.1 103.4 44.98 44.95 -.9900E-19 -.9900E-19 -.9900E-19 -.9900E-19 -.9900E-19 -.9900E-19 -.9900E-19 -.9900E-19 -.9900E-19 -.9900E-19 -.9900E-19 -.9900E-19 -.9900E-19 -.9900E-19 -.9900E-19 -.9900E-19 -.9900E-19 -.9900E-19 -.9900E-19 36.36 81.07 84.52 85.47 82.24 83.04 86.84 87.57 92.94 93.33 96.45 98.97 99.83 100.1 99.63 99.69 97.38 97.18 94.32 93.93 92.93 92.29 136.3 94.60 95.42 94.22 95.28 94.46 93.38 91.63 87.48 84.95 81.19 74.44 72.72 70.68 77.60 80.71 53.23 -.9900E-19
96.28 98.96 45.33 96.87 -.9900E-19 -.9900E-19 -.9900E-19 -.9900E-19 -.9900E-19 -.9900E-19 -.9900E-19 -.9900E-19 -.9900E-19 -.9900E-19 -.9900E-19 -.9900E-19 -.9900E-19 -.9900E-19 -.9900E-19 -.9900E-19 -.9900E-19 -.9900E-19 -.9900E-19 77.66 76.88 80.62 81.51 79.38 80.20 85.71 86.46 91.22 91.81 94.55 97.05 98.44 98.72 97.40 97.42 93.92 93.72 133.1 132.5 90.84 90.16 89.03 91.66 92.93 127.1 130.0 164.0 69.12 67.99 88.79 84.88 79.58 72.84 70.07 68.72 66.16 72.33 94.15 -.9900E-19
95.44 45.98 68.09 92.17 -.9900E-19 -.9900E-19 -.9900E-19 -.9900E-19 -.9900E-19 -.9900E-19 -.9900E-19 -.9900E-19 -.9900E-19 -.9900E-19 -.9900E-19 -.9900E-19 -.9900E-19 -.9900E-19 -.9900E-19 -.9900E-19 -.9900E-19 -.9900E-19 104.4 83.64 80.59 78.63 79.54 77.42 78.25 80.02 84.43 89.13 89.69 92.33 94.81 96.80 97.03 95.07 95.06 91.61 91.41 89.66 89.23 88.46 87.74 86.59 89.13 90.34 89.11 90.73 112.0 -.9900E-19 -.9900E-19 -.9900E-19 106.5 77.74 93.25 91.24 82.50 70.24 85.50 -.9900E-19 -.9900E-19
100.5 45.85 66.16 45.44 -.9900E-19 -.9900E-19 -.9900E-19 -.9900E-19 -.9900E-19 -.9900E-19 -.9900E-19 -.9900E-19 -.9900E-19 -.9900E-19 -.9900E-19 -.9900E-19 -.9900E-19 -.9900E-19 -.9900E-19 -.9900E-19 -.9900E-19 -.9900E-19 98.50 75.24 76.17 75.45 76.38 75.63 76.42 78.32 82.68 86.58 87.09 89.93 92.33 83.45 98.30 91.36 131.3 88.29 88.04 87.59 87.10 86.17 85.44 123.4 86.26 87.24 85.97 87.89 -.9900E-19 -.9900E-19 -.9900E-19 -.9900E-19 -.9900E-19 -.9900E-19 -.9900E-19 -.9900E-19 -.9900E-19 -.9900E-19 -.9900E-19 -.9900E-19 -.9900E-19
46.09 92.28 44.78 47.93 95.64 -.9900E-19 -.9900E-19 -.9900E-19 -.9900E-19 -.9900E-19 -.9900E-19 -.9900E-19 -.9900E-19 -.9900E-19 -.9900E-19 -.9900E-19 -.9900E-19 -.9900E-19 -.9900E-19 -.9900E-19 -.9900E-19 -.9900E-19 -.9900E-19 78.57 74.12 73.43 74.31 73.59 74.34 76.19 80.48 84.26 84.78 87.72 75.85 100.4 119.6 88.84 88.83 85.78 85.50 85.04 84.50 83.55 82.80 81.18 80.19 84.44 83.84 71.19 -.9900E-19 -.9900E-19 -.9900E-19 -.9900E-19 -.9900E-19 -.9900E-19 -.9900E-19 -.9900E-19 -.9900E-19 -.9900E-19 -.9900E-19 -.9900E-19 -.9900E-19
105.4 80.97 100.0 99.04 99.01 46.25 -.9900E-19 -.9900E-19 -.9900E-19 -.9900E-19 -.9900E-19 -.9900E-19 -.9900E-19 -.9900E-19 -.9900E-19 -.9900E-19 -.9900E-19 -.9900E-19 -.9900E-19 -.9900E-19 -.9900E-19 -.9900E-19 -.9900E-19 47.80 76.92 71.32 112.6 71.77 72.53 73.86 78.04 81.44 81.92 84.93 74.46 96.98 75.91 85.15 85.08 82.43 82.13 82.08 81.51 81.25 80.48 79.05 78.04 80.91 80.33 80.28 -.9900E-19 -.9900E-19 -.9900E-19 -.9900E-19 -.9900E-19 -.9900E-19 -.9900E-19 -.9900E-19 -.9900E-19 -.9900E-19 -.9900E-19 -.9900E-19 -.9900E-19
88.74 85.67 82.65 78.70 97.08 132.3 58.99 42.19 40.37 -.9900E-19 -.9900E-19 -.9900E-19 -.9900E-19 -.9900E-19 -.9900E-19 -.9900E-19 -.9900E-19 -.9900E-19 -.9900E-19 -.9900E-19 -.9900E-19 -.9900E-19 -.9900E-19 76.64 73.59 69.28 70.05 69.67 70.38 75.15 75.78 79.06 79.49 85.08 72.53 96.95 87.19 82.54 82.44 117.0 79.48 79.35 78.80 78.50 77.72 76.29 75.29 78.09 76.86 100.3 -.9900E-19 -.9900E-19 -.9900E-19 -.9900E-19 -.9900E-19 -.9900E-19 -.9900E-19 -.9900E-19 -.9900E-19 -.9900E-19 -.9900E-19 -.9900E-19 -.9900E-19
87.28 83.54 80.49 78.33 65.95 79.85 43.91 110.3 68.12 90.21 87.24 -.9900E-19 -.9900E-19 -.9900E-19 -.9900E-19 -.9900E-19 -.9900E-19 -.9900E-19 -.9900E-19 -.9900E-19 -.9900E-19 -.9900E-19 -.9900E-19 71.19 92.67 66.64 67.35 67.20 67.84 72.98 73.55 76.37 76.77 71.73 93.17 83.22 80.58 78.21 78.08 76.96 76.57 76.76 76.15 112.5 75.40 73.84 72.86 72.02 73.92 96.47 -.9900E-19 -.9900E-19 -.9900E-19 -.9900E-19 -.9900E-19 -.9900E-19 -.9900E-19 -.9900E-19 -.9900E-19 -.9900E-19 -.9900E-19 -.9900E-19 -.9900E-19
86.37 82.67 80.37 70.97 64.93 66.91 64.65 67.88 68.71 91.39 87.66 -.9900E-19 -.9900E-19 -.9900E-19 -.9900E-19 -.9900E-19 -.9900E-19 -.9900E-19 -.9900E-19 -.9900E-19 -.9900E-19 -.9900E-19 -.9900E-19 .6670 90.20 64.81 65.41 65.17 69.11 70.72 71.21 73.94 74.98 67.52 86.87 124.5 79.94 75.57 75.45 74.31 73.91 74.04 73.44 73.45 73.41 71.19 70.22 70.07 91.89 -.9900E-19 -.9900E-19 -.9900E-19 -.9900E-19 -.9900E-19 -.9900E-19 -.9900E-19 -.9900E-19 -.9900E-19 -.9900E-19 -.9900E-19 -.9900E-19 -.9900E-19 -.9900E-19
