ASPA-UH-SWB2_REPO/output/SUM_of_RECHARGE.asc
NCOLS        350
NROWS        200
XLLCORNER     515000.000
YLLCORNER    8409000.000
CELLSIZE        100.000
NODATA_VALUE     -9999.    
[rows 112 to 139 of 200, columns 63 to 125 of 350]
94.95 166.3 239.4 96.40 97.23 96.60 97.37 97.35 97.98 107.1 107.6 108.4 108.8 108.4 126.4 126.5 126.7 118.9 119.0 119.0 119.0 119.6 119.6 236.3 120.3 120.4 120.5 121.4 142.4 126.3 121.3 122.2 147.6 124.2 123.6 123.6 123.5 123.3 123.0 122.7 122.3 170.3 121.2 127.5 126.8 173.6 125.0 125.6 124.0 124.0 123.7 120.9 177.3 105.7 105.0 104.9 104.7 108.7 108.4 105.6 105.1 102.9 102.1
164.8 95.00 95.87 167.0 96.77 168.8 96.81 96.84 104.9 106.5 107.1 107.8 108.2 107.9 125.9 125.9 126.3 126.9 118.7 118.7 118.8 119.4 119.4 120.2 219.4 277.5 119.8 123.6 125.6 150.5 147.5 122.9 196.6 147.5 122.8 122.1 124.3 124.8 123.2 122.9 122.4 121.9 121.4 120.8 169.7 168.6 167.8 109.4 108.4 124.1 108.4 108.7 109.2 105.0 109.3 104.7 104.5 108.4 108.1 105.2 104.5 102.1 101.3
92.69 92.78 93.61 93.29 165.0 94.24 94.91 104.0 104.6 106.1 239.5 106.7 107.1 173.5 107.3 126.0 126.3 127.3 127.5 127.3 127.5 119.6 128.0 128.9 119.2 119.4 119.6 119.8 170.4 177.2 148.2 142.1 141.7 149.4 140.0 148.9 148.1 147.9 126.2 126.8 123.7 121.9 121.3 122.0 105.9 111.6 107.1 108.1 112.6 112.6 109.2 110.4 110.2 111.2 111.0 110.5 110.2 102.0 107.9 105.2 104.4 101.7 100.7
91.92 231.2 92.80 92.47 93.17 100.6 101.2 102.9 103.5 105.0 105.6 105.6 106.1 105.9 106.3 125.0 125.3 126.4 126.6 126.5 126.7 127.2 127.3 128.2 128.4 128.4 119.0 168.2 119.5 119.8 120.2 150.2 143.9 146.1 143.6 145.0 81.36 143.5 142.0 142.3 143.3 122.7 121.5 117.4 128.5 125.3 111.3 112.2 111.9 112.4 109.0 110.2 109.9 102.7 110.6 110.1 101.8 218.0 164.9 161.3 103.5 98.04 99.51
89.39 89.67 167.9 98.31 162.6 100.9 101.6 103.7 104.3 105.1 171.2 104.9 105.4 105.2 123.0 124.7 125.1 126.6 126.9 127.3 127.6 128.3 128.5 129.1 129.3 178.0 128.8 118.1 118.8 217.6 168.6 120.5 149.7 148.2 145.7 142.4 149.0 141.6 151.3 198.7 165.1 139.0 137.1 126.9 136.2 112.3 113.9 114.4 114.1 110.7 110.3 111.0 110.7 103.4 103.8 103.0 161.0 108.2 106.9 103.2 102.2 99.80 98.51
94.89 95.22 96.05 96.93 97.67 99.52 100.1 102.2 102.8 103.6 104.1 103.4 103.8 120.8 121.3 123.1 123.5 125.0 125.4 126.0 126.3 127.1 127.4 128.0 128.3 127.7 127.9 127.1 127.3 118.2 118.5 119.5 124.6 119.4 120.0 121.4 150.5 128.9 127.3 135.7 122.7 125.3 110.8 112.7 133.1 127.2 126.0 104.3 115.1 111.6 109.9 110.5 110.8 103.4 130.0 131.3 103.4 106.6 105.9 97.70 157.5 98.48 97.12
93.27 95.11 95.94 97.81 98.53 100.4 101.0 102.6 103.1 103.3 103.8 102.2 102.7 119.3 119.8 122.0 122.5 123.9 124.3 125.3 125.8 127.4 127.8 128.4 177.6 127.9 128.1 126.7 224.5 125.3 166.2 166.6 118.0 118.3 125.5 122.5 111.6 124.6 125.0 134.2 146.1 159.1 157.2 159.6 159.0 113.9 127.7 180.9 123.1 106.9 104.4 112.4 107.2 130.1 32.13 106.1 108.5 104.4 160.0 100.3 99.03 98.36 96.89
91.51 93.33 94.14 96.02 96.70 98.51 99.10 100.6 101.2 101.4 101.9 100.3 100.8 117.2 117.7 119.9 120.4 121.8 122.4 123.4 124.0 125.7 126.1 126.9 224.0 175.0 126.8 125.4 125.6 124.2 116.1 116.4 116.7 117.0 124.2 123.8 124.2 117.7 122.6 122.0 151.8 156.5 156.1 158.6 150.7 116.5 106.1 109.1 103.8 127.7 129.7 108.4 108.0 125.3 95.37 99.87 97.66 103.2 102.2 98.90 97.60 96.81 95.32
90.25 92.28 93.11 95.56 96.26 97.98 98.54 99.50 100.1 223.3 99.65 97.63 98.13 114.9 115.4 117.5 118.1 119.7 120.3 122.0 122.7 171.7 125.2 125.3 125.7 124.6 125.0 123.5 123.8 120.8 117.9 123.0 123.2 115.1 123.7 123.1 123.1 156.1 217.6 121.4 155.5 157.5 157.1 149.3 150.9 153.1 107.9 106.9 103.9 101.9 107.9 59.58 123.6 119.7 101.6 97.17 152.1 101.3 100.3 98.16 96.80 96.68 95.06
87.92 89.95 90.81 93.22 93.92 95.64 96.20 97.14 97.66 158.2 97.33 95.38 112.1 112.4 112.9 115.1 115.6 117.3 117.9 119.7 120.4 122.4 123.0 123.2 123.7 122.7 123.2 121.8 122.2 121.0 121.3 121.6 121.9 122.1 122.2 121.7 121.8 120.5 120.4 120.2 154.1 156.1 156.5 152.2 147.5 147.1 152.1 145.4 145.7 100.4 103.6 104.0 100.1 114.3 97.09 214.0 103.5 99.76 98.69 96.56 95.16 94.98 93.32
85.48 87.07 87.95 90.93 91.64 93.75 94.34 94.20 94.74 92.85 93.39 92.25 108.7 109.4 110.0 111.4 156.2 159.5 114.9 117.8 118.6 119.5 120.2 119.2 119.7 257.7 119.2 118.8 119.3 119.2 119.6 120.5 120.8 121.8 122.0 121.5 121.6 120.0 119.9 120.4 154.1 155.0 146.7 150.0 153.7 166.0 153.8 139.0 144.1 98.45 101.6 95.23 104.8 124.3 99.92 102.4 102.1 99.28 97.62 95.90 87.61 93.80 92.05
82.68 84.22 85.06 88.00 88.73 90.84 149.7 91.36 149.6 149.3 90.64 105.1 105.7 106.5 107.1 108.6 109.2 111.5 112.3 115.1 115.9 116.9 163.4 116.7 117.4 161.5 117.1 116.8 163.5 108.4 117.8 118.7 119.0 120.1 120.4 120.0 120.1 118.5 118.5 119.0 118.9 153.4 153.1 144.0 152.1 135.6 152.2 152.8 163.4 141.0 89.64 104.5 111.8 99.74 97.53 100.8 83.96 260.7 95.85 94.11 92.66 91.96 82.65
79.86 80.51 81.31 84.03 84.80 87.36 185.7 143.4 87.91 86.30 86.87 102.0 102.7 103.2 103.9 104.7 105.4 108.2 109.0 111.9 112.7 157.2 114.0 113.1 113.9 113.3 111.8 114.4 114.9 106.8 116.5 117.0 117.4 118.7 119.0 118.6 118.7 118.1 118.2 118.6 118.5 117.8 150.7 149.8 134.1 133.7 150.7 142.9 140.4 138.2 138.6 87.99 54.00 94.22 91.29 90.25 89.09 142.3 95.10 205.9 86.82 91.04 82.54
76.63 77.22 78.02 80.68 81.46 137.5 124.0 84.08 84.73 138.3 83.83 98.66 99.36 99.98 100.7 101.6 102.4 105.2 106.0 108.9 109.8 110.2 154.6 110.4 111.2 110.7 111.6 112.0 112.6 113.8 112.2 114.8 115.3 116.7 117.0 116.7 116.9 116.3 116.5 116.9 116.8 116.2 132.6 132.3 132.0 131.6 147.4 139.0 139.6 164.7 128.5 128.2 116.8 92.35 89.36 87.59 86.37 85.72 88.41 197.9 195.7 176.8 194.1
73.46 73.47 74.22 76.04 76.81 116.1 66.06 79.98 134.0 80.09 95.21 95.75 96.49 96.27 97.05 97.60 98.42 102.0 102.9 105.8 106.7 107.9 108.9 108.3 109.3 108.2 109.1 109.0 100.8 108.3 108.9 112.7 113.2 115.3 115.7 115.8 116.1 115.9 116.1 115.8 115.8 113.8 130.2 140.1 130.3 146.1 145.6 136.7 137.3 135.0 158.9 151.9 150.1 93.04 90.01 139.4 84.29 83.60 81.51 234.0 231.8 229.6 155.9
71.00 71.05 70.88 72.64 73.38 76.08 111.9 128.1 77.32 87.80 88.59 92.20 92.97 92.83 93.68 94.31 95.19 98.77 99.72 102.6 104.2 105.5 105.8 105.3 106.3 105.3 148.9 97.02 97.97 105.7 108.3 110.2 110.8 112.9 113.4 113.6 113.9 113.8 114.0 113.7 113.7 124.5 127.6 142.9 142.6 143.8 133.9 137.0 133.2 233.0 132.8 149.3 151.5 150.9 145.4 108.3 105.0 84.50 110.3 120.0 129.7 238.5 224.5
67.44 67.63 68.30 69.24 69.94 71.53 59.00 59.55 73.95 84.19 88.31 88.54 89.34 127.3 89.70 90.60 91.56 95.33 96.32 99.76 100.7 102.9 104.0 102.4 103.4 101.7 102.7 93.93 96.41 141.0 105.2 108.1 108.7 111.2 111.6 112.6 113.1 113.4 113.6 112.5 112.6 109.1 140.4 139.8 139.4 135.2 134.7 130.8 253.4 255.2 152.9 145.9 148.1 146.1 130.8 122.2 119.1 117.3 107.5 117.9 115.8 225.4 222.4
55.41 64.56 65.19 66.13 66.77 69.11 69.79 57.21 71.44 83.81 84.64 84.94 122.3 85.30 86.24 87.22 88.28 92.04 93.07 96.45 98.16 78.17 102.1 99.26 100.3 98.65 140.5 97.65 100.6 142.8 102.5 105.2 106.0 108.4 108.9 110.0 110.4 110.9 111.1 110.1 110.3 106.8 106.8 137.1 136.8 141.0 128.3 227.0 252.5 258.8 129.2 129.3 154.4 143.9 122.9 122.5 120.2 114.6 114.7 117.2 107.2 222.1 227.1
60.79 140.9 62.06 62.68 63.32 65.34 66.00 54.51 67.85 80.56 78.40 81.49 81.67 81.85 82.84 84.10 85.20 87.79 88.86 92.37 93.43 97.37 121.3 96.41 136.0 95.17 96.17 96.28 97.22 98.69 99.50 101.9 102.7 105.5 106.1 107.9 108.4 108.9 109.2 107.5 107.7 104.4 134.7 133.6 133.4 134.8 125.4 134.7 226.1 226.6 124.4 221.3 122.9 140.5 122.1 119.8 115.0 111.9 112.0 109.4 221.6 220.2 208.2
46.98 50.51 50.52 59.81 60.43 62.38 53.53 56.68 97.71 77.15 74.92 75.48 79.13 79.38 80.43 81.01 82.09 84.66 85.73 89.20 90.28 77.34 155.5 92.67 93.72 92.20 93.25 93.33 94.31 95.78 96.64 99.13 99.82 102.6 143.7 234.4 105.6 106.2 106.6 104.9 105.1 102.0 131.7 130.7 130.6 132.0 130.3 143.4 221.8 220.4 222.2 221.9 124.6 138.4 120.1 120.4 107.0 110.0 108.8 111.4 219.8 196.9 196.8
68.43 102.5 57.63 56.94 57.54 49.87 72.65 54.66 63.27 73.21 71.21 63.42 75.89 76.75 77.84 78.85 79.93 81.62 82.69 84.88 85.95 103.5 127.8 90.43 91.47 88.57 89.63 90.03 91.01 93.16 94.05 95.86 96.58 99.07 99.86 102.2 143.7 103.2 103.6 101.3 101.6 99.23 128.5 128.0 127.9 119.7 119.6 119.2 217.6 217.6 230.8 219.7 118.0 123.3 130.9 107.3 116.9 107.4 106.3 224.7 228.7 224.8 100.3
68.37 83.17 59.20 54.43 47.92 40.67 -.9900E-19 43.10 61.90 70.19 68.11 60.23 72.97 73.87 75.00 76.03 77.14 78.81 79.88 82.70 83.78 101.9 125.4 102.6 87.90 123.4 86.79 87.24 88.19 90.28 91.18 93.00 93.83 96.26 97.09 99.45 214.8 100.5 101.0 98.78 110.3 125.4 125.6 125.1 125.1 116.7 116.7 116.3 214.7 215.4 215.9 213.6 217.1 117.3 139.5 113.9 106.6 98.98 124.8 223.6 98.82 104.8 101.4
-.9900E-19 -.9900E-19 97.23 53.86 75.25 -.9900E-19 -.9900E-19 -.9900E-19 78.58 66.93 62.55 59.25 62.21 70.88 72.01 73.01 74.12 76.24 77.32 80.72 83.11 98.32 120.7 132.0 84.78 81.86 82.89 84.41 85.33 88.32 89.22 90.72 91.51 93.33 94.21 96.36 239.2 84.14 97.90 95.76 96.11 122.3 122.5 113.8 113.9 114.4 113.7 121.4 112.9 216.4 215.7 210.3 208.6 200.8 124.5 106.3 103.6 104.7 223.2 111.0 101.7 101.3 95.97
-.9900E-19 -.9900E-19 -.9900E-19 74.62 -.9900E-19 -.9900E-19 -.9900E-19 -.9900E-19 75.68 65.75 63.43 56.98 54.47 69.75 100.9 70.53 71.62 73.70 75.44 106.7 114.6 120.5 109.0 95.69 82.15 79.96 79.37 80.64 82.68 85.59 86.48 87.89 88.75 90.59 91.46 234.9 235.8 236.5 95.25 93.22 93.60 83.23 110.5 110.8 111.5 120.5 118.4 118.8 113.6 214.3 110.6 134.2 232.3 227.2 222.7 225.5 201.2 217.3 206.7 101.6 103.9 98.06 112.3
-.9900E-19 -.9900E-19 -.9900E-19 -.9900E-19 -.9900E-19 -.9900E-19 -.9900E-19 -.9900E-19 -.9900E-19 85.84 -.9900E-19 -.9900E-19 76.04 66.52 66.28 60.79 61.97 74.05 80.28 89.24 89.91 114.1 129.4 76.82 77.10 76.09 76.08 79.57 80.45 212.9 202.4 123.7 104.6 108.8 254.3 232.5 233.4 234.2 107.0 88.88 89.31 87.03 108.6 109.5 111.0 115.6 125.6 115.1 110.8 131.4 129.9 110.8 99.43 138.4 204.6 233.4 214.6 214.5 225.6 123.9 124.2 85.70 91.80
-.9900E-19 -.9900E-19 -.9900E-19 -.9900E-19 -.9900E-19 -.9900E-19 -.9900E-19 -.9900E-19 -.9900E-19 -.9900E-19 -.9900E-19 -.9900E-19 -.9900E-19 108.3 56.71 78.21 108.3 105.3 85.59 76.79 80.10 106.9 80.60 73.89 64.78 72.73 73.66 77.17 112.3 81.09 223.9 235.2 259.2 237.8 238.8 252.0 240.3 230.9 232.4 113.1 113.0 105.0 105.5 105.8 108.0 108.8 106.8 112.6 104.6 137.3 152.0 96.41 102.8 96.20 94.53 119.0 58.26 191.0 99.35 118.5 93.36 113.9 122.1
-.9900E-19 -.9900E-19 -.9900E-19 -.9900E-19 -.9900E-19 -.9900E-19 -.9900E-19 -.9900E-19 -.9900E-19 -.9900E-19 -.9900E-19 -.9900E-19 -.9900E-19 76.52 65.19 77.74 109.6 74.51 68.30 72.93 78.85 100.3 76.57 70.70 71.57 67.19 68.12 74.73 75.55 78.20 220.7 232.0 242.7 234.3 235.4 248.8 236.9 228.4 240.1 109.8 101.4 107.6 102.5 102.9 107.9 131.7 106.0 103.3 106.6 105.9 116.8 101.8 103.2 98.65 121.3 119.6 101.3 97.38 98.17 93.89 92.32 97.04 87.64
-.9900E-19 -.9900E-19 -.9900E-19 -.9900E-19 -.9900E-19 -.9900E-19 -.9900E-19 -.9900E-19 -.9900E-19 -.9900E-19 -.9900E-19 -.9900E-19 -.9900E-19 71.87 -.9900E-19 -.9900E-19 98.58 71.68 66.71 74.60 94.66 73.63 81.10 68.82 60.29 62.07 70.35 72.57 73.33 75.89 74.43 205.6 239.3 231.5 232.5 245.7 235.6 236.6 231.2 107.1 102.0 99.12 105.5 105.2 105.4 129.8 102.1 101.4 101.3 101.1 103.6 121.1 115.4 60.61 59.69 117.6 118.3 94.89 87.87 92.23 97.27 95.63 93.42
