ASPA-UH-SWB2_REPO/output/SUM_of_RECHARGE.asc
NCOLS        350
NROWS        200
XLLCORNER     515000.000
YLLCORNER    8409000.000
CELLSIZE        100.000
NODATA_VALUE     -9999.    
[rows 84 to 111 of 200, columns 63 to 125 of 350]
-.9900E-19 -.9900E-19 -.9900E-19 -.9900E-19 -.9900E-19 -.9900E-19 -.9900E-19 -.9900E-19 -.9900E-19 -.9900E-19 -.9900E-19 -.9900E-19 -.9900E-19 -.9900E-19 -.9900E-19 -.9900E-19 -.9900E-19 -.9900E-19 -.9900E-19 -.9900E-19 -.9900E-19 -.9900E-19 -.9900E-19 -.9900E-19 -.9900E-19 -.9900E-19 -.9900E-19 -.9900E-19 -.9900E-19 -.9900E-19 -.9900E-19 -.9900E-19 -.9900E-19 -.9900E-19 -.9900E-19 -.9900E-19 -.9900E-19 -.9900E-19 -.9900E-19 -.9900E-19 -.9900E-19 -.9900E-19 -.9900E-19 -.9900E-19 -.9900E-19 -.9900E-19 -.9900E-19 -.9900E-19 -.9900E-19 -.9900E-19 -.9900E-19 -.9900E-19 -.9900E-19 -.9900E-19 -.9900E-19 -.9900E-19 -.9900E-19 -.9900E-19 -.9900E-19 -.9900E-19 -.9900E-19 -.9900E-19 -.9900E-19
-.9900E-19 -.9900E-19 -.9900E-19 -.9900E-19 -.9900E-19 -.9900E-19 -.9900E-19 -.9900E-19 -.9900E-19 -.9900E-19 -.9900E-19 -.9900E-19 -.9900E-19 -.9900E-19 -.9900E-19 -.9900E-19 -.9900E-19 -.9900E-19 -.9900E-19 -.9900E-19 75.48 -.9900E-19 -.9900E-19 -.9900E-19 -.9900E-19 -.9900E-19 -.9900E-19 -.9900E-19 -.9900E-19 -.9900E-19 -.9900E-19 -.9900E-19 -.9900E-19 -.9900E-19 -.9900E-19 -.9900E-19 -.9900E-19 -.9900E-19 -.9900E-19 -.9900E-19 -.9900E-19 -.9900E-19 -.9900E-19 -.9900E-19 -.9900E-19 -.9900E-19 -.9900E-19 -.9900E-19 -.9900E-19 -.9900E-19 -.9900E-19 -.9900E-19 -.9900E-19 -.9900E-19 -.9900E-19 -.9900E-19 -.9900E-19 -.9900E-19 -.9900E-19 -.9900E-19 -.9900E-19 -.9900E-19 -.9900E-19
-.9900E-19 -.9900E-19 -.9900E-19 -.9900E-19 -.9900E-19 -.9900E-19 -.9900E-19 -.9900E-19 -.9900E-19 -.9900E-19 -.9900E-19 -.9900E-19 -.9900E-19 -.9900E-19 -.9900E-19 -.9900E-19 -.9900E-19 -.9900E-19 -.9900E-19 59.31 107.6 -.9900E-19 -.9900E-19 -.9900E-19 -.9900E-19 -.9900E-19 -.9900E-19 -.9900E-19 -.9900E-19 -.9900E-19 -.9900E-19 -.9900E-19 -.9900E-19 -.9900E-19 -.9900E-19 -.9900E-19 -.9900E-19 -.9900E-19 -.9900E-19 -.9900E-19 -.9900E-19 -.9900E-19 72.00 72.20 78.00 -.9900E-19 -.9900E-19 -.9900E-19 -.9900E-19 -.9900E-19 -.9900E-19 -.9900E-19 -.9900E-19 -.9900E-19 -.9900E-19 -.9900E-19 -.9900E-19 -.9900E-19 -.9900E-19 -.9900E-19 -.9900E-19 -.9900E-19 -.9900E-19
-.9900E-19 -.9900E-19 -.9900E-19 -.9900E-19 -.9900E-19 -.9900E-19 -.9900E-19 -.9900E-19 -.9900E-19 -.9900E-19 -.9900E-19 -.9900E-19 -.9900E-19 -.9900E-19 -.9900E-19 -.9900E-19 -.9900E-19 -.9900E-19 -.9900E-19 61.40 70.62 70.31 -.9900E-19 -.9900E-19 -.9900E-19 -.9900E-19 -.9900E-19 -.9900E-19 -.9900E-19 -.9900E-19 -.9900E-19 -.9900E-19 -.9900E-19 -.9900E-19 -.9900E-19 -.9900E-19 -.9900E-19 -.9900E-19 75.53 -.9900E-19 -.9900E-19 -.9900E-19 74.24 80.41 80.37 -.9900E-19 -.9900E-19 -.9900E-19 -.9900E-19 -.9900E-19 -.9900E-19 -.9900E-19 -.9900E-19 -.9900E-19 -.9900E-19 -.9900E-19 -.9900E-19 -.9900E-19 -.9900E-19 -.9900E-19 -.9900E-19 -.9900E-19 -.9900E-19
-.9900E-19 -.9900E-19 -.9900E-19 57.08 59.98 61.01 -.9900E-19 -.9900E-19 -.9900E-19 -.9900E-19 -.9900E-19 -.9900E-19 65.95 -.9900E-19 -.9900E-19 -.9900E-19 -.9900E-19 -.9900E-19 64.83 62.67 72.10 75.13 -.9900E-19 -.9900E-19 -.9900E-19 -.9900E-19 -.9900E-19 -.9900E-19 -.9900E-19 -.9900E-19 -.9900E-19 -.9900E-19 -.9900E-19 -.9900E-19 -.9900E-19 -.9900E-19 79.10 77.49 77.49 76.49 76.48 76.67 82.75 84.72 -.9900E-19 -.9900E-19 -.9900E-19 -.9900E-19 -.9900E-19 -.9900E-19 -.9900E-19 -.9900E-19 -.9900E-19 -.9900E-19 -.9900E-19 -.9900E-19 -.9900E-19 -.9900E-19 -.9900E-19 -.9900E-19 -.9900E-19 -.9900E-19 -.9900E-19
-.9900E-19 -.9900E-19 -.9900E-19 59.20 59.93 63.30 -.9900E-19 -.9900E-19 -.9900E-19 -.9900E-19 -.9900E-19 -.9900E-19 68.37 68.64 -.9900E-19 .000 121.2 66.92 67.10 64.89 74.54 77.64 -.9900E-19 -.9900E-19 -.9900E-19 -.9900E-19 -.9900E-19 -.9900E-19 -.9900E-19 -.9900E-19 -.9900E-19 -.9900E-19 -.9900E-19 -.9900E-19 -.9900E-19 81.46 81.53 121.9 79.87 78.82 121.7 115.4 85.21 87.24 -.9900E-19 -.9900E-19 -.9900E-19 -.9900E-19 -.9900E-19 -.9900E-19 -.9900E-19 -.9900E-19 -.9900E-19 -.9900E-19 -.9900E-19 -.9900E-19 -.9900E-19 -.9900E-19 -.9900E-19 -.9900E-19 -.9900E-19 -.9900E-19 -.9900E-19
-.9900E-19 -.9900E-19 62.45 62.35 63.12 66.04 117.5 120.1 -.9900E-19 -.9900E-19 -.9900E-19 -.9900E-19 70.74 70.45 122.1 70.73 70.92 68.42 68.59 78.47 78.64 82.87 .000 -.9900E-19 -.9900E-19 -.9900E-19 -.9900E-19 -.9900E-19 -.9900E-19 84.68 -.9900E-19 -.9900E-19 85.55 85.20 85.29 83.80 83.85 82.09 82.08 81.72 163.0 89.66 89.61 91.23 91.13 116.8 -.9900E-19 90.75 90.74 89.91 127.1 -.9900E-19 -.9900E-19 -.9900E-19 -.9900E-19 -.9900E-19 -.9900E-19 -.9900E-19 94.50 94.89 123.4 96.80 97.66
-.9900E-19 -.9900E-19 64.74 64.65 65.44 68.46 121.6 71.17 71.76 72.90 60.79 72.92 73.25 72.95 73.20 73.23 73.41 70.84 70.99 81.09 81.24 85.55 85.70 -.9900E-19 -.9900E-19 -.9900E-19 87.77 86.92 87.08 87.34 75.67 88.08 88.17 87.80 87.87 86.34 86.37 84.56 84.55 84.16 84.11 92.28 92.20 93.80 130.9 94.29 94.25 131.1 93.31 92.45 92.53 131.7 -.9900E-19 -.9900E-19 -.9900E-19 -.9900E-19 -.9900E-19 134.7 93.99 97.41 98.14 138.8 100.2
64.57 120.3 67.23 67.72 68.55 68.99 72.31 72.79 73.42 73.51 73.98 73.48 73.81 74.61 74.85 129.4 75.14 73.08 73.22 85.96 86.11 90.21 90.35 -.9900E-19 -.9900E-19 -.9900E-19 90.91 89.18 89.35 89.96 135.0 90.63 90.70 90.19 90.26 88.81 88.80 133.1 87.12 126.0 93.73 95.52 95.42 96.39 96.29 97.03 134.9 95.80 95.80 95.18 95.25 97.26 -.9900E-19 -.9900E-19 -.9900E-19 99.19 99.62 98.82 96.43 99.27 99.99 141.3 101.9
66.86 68.62 124.7 70.12 70.97 71.43 74.85 75.37 76.03 76.10 76.58 76.07 76.37 77.19 77.43 134.6 77.71 75.57 86.10 88.72 88.85 93.05 93.20 80.07 -.9900E-19 139.4 93.70 91.92 92.08 92.69 92.82 93.35 93.39 92.85 92.92 91.39 91.40 89.67 89.63 89.55 96.35 98.17 98.08 99.04 98.92 99.64 99.57 98.37 98.36 97.73 97.79 99.81 -.9900E-19 -.9900E-19 -.9900E-19 101.8 102.2 98.32 98.93 98.71 102.5 144.0 104.4
68.33 70.64 128.4 72.89 73.77 74.20 77.75 77.67 78.32 77.54 78.02 77.56 77.88 79.30 79.54 79.14 79.29 79.65 90.39 94.95 95.06 97.56 92.37 97.80 97.94 96.22 143.3 94.51 94.66 95.09 95.21 95.87 95.94 95.48 95.50 93.99 94.00 92.37 92.30 92.20 139.9 100.2 100.1 101.1 100.9 102.3 102.2 101.6 101.6 100.4 100.4 101.6 -.9900E-19 -.9900E-19 103.6 103.7 104.2 100.8 101.4 100.8 104.5 104.7 105.5
70.68 73.05 132.3 75.35 76.26 76.72 80.35 138.5 80.90 80.10 80.55 139.5 80.40 81.84 82.06 81.65 178.1 93.00 93.13 97.77 97.85 100.4 100.5 148.4 100.7 98.91 99.01 97.15 97.27 97.68 97.76 146.5 98.50 98.00 146.9 145.3 96.43 191.6 94.69 94.57 150.4 102.8 143.9 103.6 103.5 145.9 145.6 104.1 104.1 102.9 102.9 144.9 145.1 146.7 106.1 106.2 106.6 144.4 103.8 103.1 106.8 148.9 150.2
72.21 74.85 75.93 137.6 78.61 78.60 79.36 82.16 82.82 81.90 82.36 82.64 82.94 84.08 84.29 84.49 84.64 99.34 99.44 102.5 102.6 103.4 103.5 102.9 102.9 100.9 101.1 99.36 99.46 99.99 100.0 100.7 199.6 100.1 100.0 98.88 98.84 97.30 97.22 96.23 195.2 103.9 103.8 105.7 105.6 107.8 107.6 106.8 106.7 146.2 104.7 105.2 105.4 107.7 108.0 108.7 106.1 105.0 105.5 146.9 105.8 108.8 109.5
74.48 77.19 78.30 80.07 81.03 81.02 84.83 84.65 85.29 84.33 84.77 146.8 85.33 86.49 86.70 86.89 98.35 102.0 102.1 105.2 105.3 106.1 156.9 156.3 105.6 154.3 103.6 101.9 101.9 102.4 102.4 103.0 103.0 152.1 102.3 101.1 101.1 99.47 99.38 98.36 105.7 106.2 148.7 108.0 107.9 110.2 110.0 193.2 109.0 106.9 106.9 107.5 107.6 110.0 152.6 111.0 108.3 107.2 107.7 107.3 107.9 110.8 111.5
76.81 78.75 142.0 81.35 82.32 81.90 85.80 85.85 86.46 86.77 87.20 87.84 88.13 151.1 89.37 104.3 104.4 107.8 107.9 108.3 108.4 107.9 107.9 107.4 107.5 105.8 105.9 104.0 104.1 104.3 104.3 105.0 105.0 104.1 104.0 102.7 153.8 100.8 100.7 99.51 107.0 108.2 108.1 110.6 110.5 112.3 197.7 153.1 110.8 108.5 108.5 109.9 110.0 113.0 113.3 153.1 111.2 109.6 110.0 109.0 109.5 109.7 113.3
79.01 80.97 82.08 83.59 84.57 146.9 88.09 88.12 152.2 153.0 89.46 90.10 90.37 91.40 103.4 106.7 106.8 110.3 110.4 110.8 110.8 162.9 110.3 109.8 162.4 108.1 108.1 106.2 106.2 106.5 106.4 107.2 107.1 106.2 106.1 104.7 104.6 102.8 102.7 101.4 109.0 110.2 110.1 112.6 112.5 114.4 114.3 155.8 112.9 110.5 110.5 111.9 112.0 115.1 158.8 199.2 113.1 154.6 111.9 110.8 111.3 111.4 115.0
82.38 82.36 83.48 83.71 84.65 152.1 89.31 90.47 91.06 92.20 92.62 92.89 93.16 107.5 107.7 112.1 112.2 113.3 113.3 112.0 165.4 111.3 111.4 111.5 111.5 110.2 110.2 108.3 108.3 161.2 108.0 108.2 108.1 107.3 107.3 105.2 158.0 103.3 103.1 156.9 112.0 114.4 114.2 115.8 115.6 116.5 116.4 114.7 114.6 112.4 112.3 115.1 115.2 118.0 118.2 159.2 115.5 113.9 114.3 113.0 113.4 113.0 116.6
84.40 84.36 85.48 85.75 86.69 90.62 91.34 92.50 158.4 94.23 160.5 94.92 160.4 163.8 109.9 114.4 114.5 115.5 169.7 114.2 114.3 113.5 113.5 113.7 113.6 112.3 112.3 163.5 110.3 164.0 110.0 110.2 110.1 109.3 109.2 107.1 107.0 105.1 112.8 114.2 113.9 116.2 116.0 117.6 117.4 118.3 118.2 160.6 116.4 114.1 114.1 116.8 116.9 119.8 116.9 117.0 117.2 115.5 115.9 114.5 159.3 114.4 114.8
152.0 85.76 86.86 86.80 87.71 92.65 93.37 95.10 95.71 163.1 97.02 97.58 110.2 113.8 113.9 117.6 117.7 117.7 117.7 115.2 115.2 113.8 113.8 114.0 113.9 113.3 113.2 112.0 112.0 111.3 111.2 111.1 111.1 165.0 110.3 107.9 107.7 116.2 116.0 119.4 119.1 121.0 120.7 121.3 121.1 120.5 120.4 161.6 117.0 116.1 116.1 120.0 120.1 122.0 119.0 118.2 118.4 116.4 116.7 160.5 115.8 115.2 160.2
88.01 87.46 88.54 88.46 92.76 94.35 161.8 96.83 97.43 98.35 165.5 167.2 112.1 115.7 115.9 119.6 119.6 119.7 119.7 117.1 117.1 115.7 115.6 115.8 115.8 115.1 115.1 113.8 113.8 113.1 168.3 113.0 112.9 112.3 112.2 109.7 109.5 118.1 117.8 121.3 121.0 122.8 122.5 123.0 122.7 122.1 167.1 118.6 118.5 117.6 117.6 121.5 121.6 123.5 165.3 164.8 119.8 117.8 118.0 116.6 207.6 116.2 116.5
86.19 86.63 87.67 89.45 92.36 94.02 98.30 99.07 99.62 100.1 168.9 114.8 115.1 118.5 118.6 121.5 121.5 121.6 121.6 173.9 118.3 115.7 115.7 115.4 115.3 115.4 115.4 170.7 114.7 113.8 113.8 113.7 113.7 113.3 113.2 112.3 112.1 121.9 121.6 124.6 124.2 125.7 125.3 125.0 124.7 167.5 167.6 118.5 118.5 120.9 120.8 124.3 124.3 121.0 121.1 119.1 164.8 117.9 118.1 117.4 117.6 116.7 116.8
87.56 87.89 88.95 90.72 91.60 93.27 94.09 96.84 101.1 101.6 114.7 116.4 116.7 120.1 176.4 123.1 123.2 179.9 123.2 119.9 176.0 117.3 117.2 173.5 116.8 117.0 173.4 116.3 116.3 171.8 106.5 115.3 115.3 114.9 114.9 113.9 122.1 123.6 123.3 126.3 125.9 127.3 126.9 126.6 126.2 123.2 122.9 119.8 165.8 122.1 122.0 125.5 125.6 167.7 122.2 166.0 166.1 118.9 164.8 118.3 164.1 117.4 163.0
89.55 91.21 92.29 94.49 95.41 96.31 97.13 96.63 97.24 97.35 114.4 117.9 118.3 120.8 121.0 123.6 123.7 180.1 123.3 120.5 120.4 118.3 118.2 117.5 117.4 117.4 117.4 117.0 107.8 110.3 111.0 109.9 116.7 117.2 117.8 117.6 118.1 126.4 126.1 128.1 127.7 128.8 128.3 173.9 126.3 122.4 122.0 121.9 121.8 125.2 170.8 172.6 172.6 121.7 121.8 120.1 120.2 119.6 119.6 118.6 118.7 116.7 116.6
90.54 92.17 93.21 95.43 96.34 168.2 97.99 97.55 98.16 98.26 115.4 117.1 288.2 120.0 122.1 124.8 124.8 124.5 182.0 178.2 121.5 119.4 119.4 118.6 118.6 118.5 118.5 109.1 110.8 117.3 121.7 125.6 125.7 119.4 119.4 120.7 119.7 127.8 127.4 129.5 129.1 130.2 129.6 128.1 127.5 123.5 123.1 122.9 122.8 126.1 126.0 127.3 124.1 122.7 122.7 120.9 121.0 120.3 120.3 119.2 119.2 117.0 117.0
93.18 95.10 96.13 97.91 98.81 99.04 99.81 98.64 99.24 98.80 116.1 117.0 174.9 119.1 119.3 177.7 120.5 119.8 121.7 120.8 120.8 120.7 120.6 120.4 120.4 119.8 119.8 110.2 228.8 187.0 120.9 120.5 120.6 120.7 113.5 121.9 129.6 130.3 129.9 131.1 130.7 129.7 129.2 126.1 125.5 124.1 123.7 126.2 126.0 127.1 127.0 126.1 122.9 168.0 121.6 121.7 121.7 121.2 121.1 119.4 119.3 115.8 115.6
93.73 95.63 96.67 98.42 99.33 99.55 100.3 99.12 99.72 99.26 116.7 117.6 117.9 119.7 177.8 121.1 121.2 120.5 120.5 119.6 119.6 119.5 121.3 121.2 178.4 120.6 111.9 112.7 116.2 138.6 128.4 130.0 114.5 137.4 114.6 130.8 130.5 131.3 130.9 132.1 131.7 130.7 130.1 127.0 126.4 124.9 124.4 126.9 126.7 221.5 127.7 173.2 123.5 122.1 122.1 168.7 122.2 121.6 121.4 119.6 177.7 161.6 115.6
95.42 96.55 97.56 170.5 99.09 98.63 99.36 172.2 165.5 99.45 107.6 108.6 118.3 118.6 118.9 176.6 176.8 118.9 118.9 119.4 119.4 177.9 119.8 120.0 119.9 121.5 121.6 115.4 183.7 125.2 122.1 131.4 164.6 138.3 175.4 132.2 132.0 132.0 131.6 131.3 130.8 177.1 128.1 119.7 118.3 126.7 126.1 126.4 126.1 125.6 125.5 168.3 121.2 121.1 121.1 121.9 214.9 121.3 121.2 118.7 106.3 102.8 102.4
95.55 96.65 169.4 98.22 99.09 171.6 99.34 98.43 99.02 107.0 107.5 108.6 108.9 109.3 119.0 118.8 168.4 119.1 119.1 119.6 119.7 120.1 120.1 178.3 120.3 119.9 119.9 115.0 142.1 123.1 122.7 126.0 123.8 147.4 123.9 123.3 172.3 172.3 132.3 131.9 121.0 121.4 120.9 120.3 126.4 127.2 126.6 126.8 126.5 126.0 125.8 121.7 121.5 117.2 117.2 117.2 180.7 226.3 167.2 106.5 106.1 102.5 101.9
