ASPA-UH-SWB2_REPO/output/SUM_of_RECHARGE.asc
NCOLS        350
NROWS        200
XLLCORNER     515000.000
YLLCORNER    8409000.000
CELLSIZE        100.000
NODATA_VALUE     -9999.    
[rows 112 to 139 of 200, columns 126 to 188 of 350]
103.5 102.6 106.4 105.3 110.0 119.1 236.7 248.4 246.3 244.9 255.8 204.2 126.6 98.11 92.42 91.58 84.64 88.97 91.73 188.4 120.8 91.44 88.54 87.86 87.40 86.72 98.71 90.13 125.8 101.6 72.82 44.38 125.8 97.25 105.3 101.6 93.44 102.4 88.96 -.9900E-19 -.9900E-19 -.9900E-19 -.9900E-19 -.9900E-19 -.9900E-19 -.9900E-19 80.27 86.05 48.62 -.9900E-19 -.9900E-19 -.9900E-19 -.9900E-19 -.9900E-19 -.9900E-19 -.9900E-19 -.9900E-19 -.9900E-19 -.9900E-19 -.9900E-19 -.9900E-19 -.9900E-19 -.9900E-19
102.5 101.4 105.0 103.9 131.4 159.8 236.4 245.9 243.7 242.8 243.8 110.4 99.39 95.70 89.98 89.05 81.54 80.37 88.92 89.45 132.4 157.5 86.81 84.71 84.16 74.23 107.7 69.90 53.54 53.12 124.3 54.33 125.7 101.3 99.44 98.90 96.57 87.00 96.02 -.9900E-19 -.9900E-19 -.9900E-19 -.9900E-19 -.9900E-19 -.9900E-19 -.9900E-19 74.57 82.50 48.69 -.9900E-19 -.9900E-19 -.9900E-19 -.9900E-19 -.9900E-19 -.9900E-19 -.9900E-19 -.9900E-19 -.9900E-19 -.9900E-19 -.9900E-19 -.9900E-19 -.9900E-19 -.9900E-19
101.3 100.2 103.5 102.2 115.3 170.5 232.9 242.5 240.2 241.2 104.8 96.73 90.70 138.6 85.06 84.10 85.03 84.13 86.65 90.46 109.9 137.3 110.3 83.51 84.42 65.18 45.77 116.2 30.48 97.05 101.5 117.6 107.2 -.9900E-19 -.9900E-19 -.9900E-19 -.9900E-19 -.9900E-19 -.9900E-19 -.9900E-19 -.9900E-19 -.9900E-19 -.9900E-19 -.9900E-19 -.9900E-19 -.9900E-19 23.68 48.23 82.12 -.9900E-19 -.9900E-19 -.9900E-19 -.9900E-19 -.9900E-19 -.9900E-19 -.9900E-19 -.9900E-19 -.9900E-19 -.9900E-19 -.9900E-19 -.9900E-19 -.9900E-19 -.9900E-19
100.0 98.76 101.9 100.6 101.4 155.3 230.7 239.8 234.6 260.7 117.1 93.01 135.7 87.18 82.63 81.61 82.47 81.54 83.91 86.29 106.3 52.79 119.6 53.81 124.4 122.6 115.6 111.4 95.07 95.91 85.07 101.6 -.9900E-19 -.9900E-19 -.9900E-19 -.9900E-19 -.9900E-19 -.9900E-19 -.9900E-19 -.9900E-19 -.9900E-19 -.9900E-19 -.9900E-19 -.9900E-19 -.9900E-19 63.96 74.06 46.66 -.9900E-19 -.9900E-19 -.9900E-19 -.9900E-19 -.9900E-19 -.9900E-19 -.9900E-19 -.9900E-19 -.9900E-19 -.9900E-19 -.9900E-19 -.9900E-19 -.9900E-19 -.9900E-19 -.9900E-19
99.32 97.96 99.86 151.2 98.82 151.9 226.5 225.3 216.4 236.2 90.30 88.36 83.92 82.78 81.00 79.94 81.32 80.30 81.71 107.0 95.51 53.07 52.60 112.9 94.65 93.06 84.78 112.1 81.71 80.29 87.33 89.77 -.9900E-19 -.9900E-19 -.9900E-19 93.46 -.9900E-19 -.9900E-19 -.9900E-19 -.9900E-19 -.9900E-19 -.9900E-19 -.9900E-19 -.9900E-19 -.9900E-19 60.48 71.14 91.78 -.9900E-19 -.9900E-19 -.9900E-19 -.9900E-19 -.9900E-19 -.9900E-19 -.9900E-19 -.9900E-19 -.9900E-19 -.9900E-19 -.9900E-19 -.9900E-19 -.9900E-19 -.9900E-19 -.9900E-19
97.82 96.37 98.13 96.61 96.87 258.0 237.3 223.5 222.9 143.9 89.99 88.71 81.62 80.43 78.65 77.56 78.83 77.83 79.16 202.1 217.7 211.3 95.02 94.12 95.18 91.52 81.09 48.57 100.9 86.37 74.86 96.66 94.07 -.9900E-19 -.9900E-19 -.9900E-19 -.9900E-19 -.9900E-19 -.9900E-19 -.9900E-19 -.9900E-19 -.9900E-19 -.9900E-19 -.9900E-19 -.9900E-19 55.22 89.40 -.9900E-19 -.9900E-19 -.9900E-19 -.9900E-19 -.9900E-19 -.9900E-19 -.9900E-19 -.9900E-19 -.9900E-19 -.9900E-19 -.9900E-19 -.9900E-19 -.9900E-19 -.9900E-19 -.9900E-19 -.9900E-19
98.09 96.50 96.66 95.05 94.11 253.9 255.6 137.2 226.8 239.1 134.8 214.6 81.82 79.91 77.89 76.74 76.22 75.87 176.1 231.3 210.3 214.1 201.4 90.81 89.83 87.04 85.62 74.69 96.06 -.9900E-19 -.9900E-19 -.9900E-19 -.9900E-19 -.9900E-19 -.9900E-19 -.9900E-19 -.9900E-19 -.9900E-19 -.9900E-19 -.9900E-19 -.9900E-19 -.9900E-19 -.9900E-19 -.9900E-19 -.9900E-19 50.86 84.45 -.9900E-19 -.9900E-19 -.9900E-19 -.9900E-19 -.9900E-19 -.9900E-19 -.9900E-19 -.9900E-19 -.9900E-19 -.9900E-19 -.9900E-19 -.9900E-19 -.9900E-19 -.9900E-19 -.9900E-19 -.9900E-19
96.37 94.77 94.81 94.46 105.9 160.9 250.4 157.1 227.9 225.2 223.2 227.4 101.1 86.07 95.11 75.85 75.29 97.08 151.4 185.4 182.9 204.1 194.5 194.9 88.04 81.31 81.09 84.71 80.19 90.75 -.9900E-19 -.9900E-19 -.9900E-19 -.9900E-19 -.9900E-19 -.9900E-19 -.9900E-19 -.9900E-19 -.9900E-19 -.9900E-19 -.9900E-19 -.9900E-19 -.9900E-19 -.9900E-19 -.9900E-19 60.23 -.9900E-19 -.9900E-19 -.9900E-19 -.9900E-19 -.9900E-19 -.9900E-19 -.9900E-19 -.9900E-19 -.9900E-19 -.9900E-19 -.9900E-19 -.9900E-19 -.9900E-19 -.9900E-19 -.9900E-19 -.9900E-19 -.9900E-19
95.86 94.14 95.33 77.87 218.8 160.0 159.3 207.3 219.6 217.7 207.7 213.8 216.4 233.5 212.5 152.0 210.9 207.1 206.6 181.2 178.7 176.3 150.1 190.4 181.9 78.67 97.22 105.3 94.07 88.08 -.9900E-19 -.9900E-19 -.9900E-19 -.9900E-19 -.9900E-19 -.9900E-19 -.9900E-19 -.9900E-19 -.9900E-19 -.9900E-19 -.9900E-19 -.9900E-19 -.9900E-19 -.9900E-19 -.9900E-19 87.91 -.9900E-19 -.9900E-19 -.9900E-19 -.9900E-19 -.9900E-19 -.9900E-19 -.9900E-19 -.9900E-19 -.9900E-19 -.9900E-19 -.9900E-19 -.9900E-19 -.9900E-19 -.9900E-19 -.9900E-19 -.9900E-19 -.9900E-19
84.25 92.25 96.74 224.6 148.1 157.1 228.3 228.7 207.4 203.2 112.4 111.3 109.0 229.4 94.75 95.98 85.35 93.16 181.7 238.2 184.8 174.2 200.0 193.5 175.9 78.94 98.11 103.1 94.34 88.39 84.51 -.9900E-19 -.9900E-19 -.9900E-19 -.9900E-19 -.9900E-19 -.9900E-19 -.9900E-19 -.9900E-19 -.9900E-19 -.9900E-19 -.9900E-19 -.9900E-19 -.9900E-19 -.9900E-19 -.9900E-19 -.9900E-19 -.9900E-19 -.9900E-19 -.9900E-19 -.9900E-19 -.9900E-19 -.9900E-19 -.9900E-19 -.9900E-19 -.9900E-19 -.9900E-19 -.9900E-19 -.9900E-19 -.9900E-19 -.9900E-19 -.9900E-19 -.9900E-19
82.18 81.63 199.6 160.3 227.4 202.8 215.2 235.4 206.4 200.2 109.7 107.8 122.7 110.7 93.14 90.72 80.95 87.13 193.7 210.8 180.1 179.1 192.3 174.3 78.62 79.25 104.1 88.27 98.71 87.04 83.13 42.29 -.9900E-19 -.9900E-19 -.9900E-19 -.9900E-19 -.9900E-19 -.9900E-19 -.9900E-19 -.9900E-19 -.9900E-19 -.9900E-19 42.39 41.15 61.35 -.9900E-19 -.9900E-19 -.9900E-19 -.9900E-19 -.9900E-19 -.9900E-19 -.9900E-19 -.9900E-19 -.9900E-19 -.9900E-19 -.9900E-19 -.9900E-19 -.9900E-19 -.9900E-19 -.9900E-19 -.9900E-19 -.9900E-19 -.9900E-19
105.6 194.0 232.8 228.3 212.8 202.6 209.3 210.3 227.0 98.74 96.64 106.1 119.9 114.4 92.38 79.94 78.07 104.7 57.33 185.0 180.0 190.1 145.4 126.0 24.96 105.7 46.29 89.26 101.1 85.95 80.71 79.52 64.84 -.9900E-19 -.9900E-19 -.9900E-19 -.9900E-19 -.9900E-19 -.9900E-19 -.9900E-19 -.9900E-19 -.9900E-19 52.90 53.89 60.37 -.9900E-19 -.9900E-19 -.9900E-19 -.9900E-19 -.9900E-19 -.9900E-19 -.9900E-19 -.9900E-19 -.9900E-19 -.9900E-19 -.9900E-19 -.9900E-19 -.9900E-19 -.9900E-19 -.9900E-19 -.9900E-19 -.9900E-19 -.9900E-19
150.7 146.2 226.0 216.2 202.2 205.7 203.2 193.0 201.0 96.01 104.5 92.59 116.5 114.1 90.75 79.28 76.01 96.34 73.63 121.6 178.1 122.2 49.50 90.04 50.19 20.42 22.65 47.09 83.68 83.10 83.91 48.22 76.30 -.9900E-19 -.9900E-19 -.9900E-19 -.9900E-19 -.9900E-19 -.9900E-19 -.9900E-19 -.9900E-19 -.9900E-19 -.9900E-19 -.9900E-19 -.9900E-19 -.9900E-19 -.9900E-19 -.9900E-19 -.9900E-19 -.9900E-19 -.9900E-19 -.9900E-19 -.9900E-19 -.9900E-19 -.9900E-19 -.9900E-19 -.9900E-19 -.9900E-19 -.9900E-19 -.9900E-19 -.9900E-19 -.9900E-19 -.9900E-19
192.2 225.1 231.8 234.4 204.1 200.9 98.33 99.06 94.00 96.34 94.29 89.39 103.8 102.0 87.64 99.68 95.72 94.50 93.40 91.02 88.73 87.90 45.97 46.21 45.72 49.29 46.86 81.56 42.71 45.66 45.96 45.60 73.73 -.9900E-19 -.9900E-19 -.9900E-19 -.9900E-19 -.9900E-19 -.9900E-19 -.9900E-19 -.9900E-19 -.9900E-19 -.9900E-19 -.9900E-19 -.9900E-19 -.9900E-19 -.9900E-19 -.9900E-19 -.9900E-19 -.9900E-19 -.9900E-19 -.9900E-19 -.9900E-19 -.9900E-19 -.9900E-19 -.9900E-19 -.9900E-19 -.9900E-19 -.9900E-19 -.9900E-19 -.9900E-19 -.9900E-19 -.9900E-19
201.9 208.1 206.3 118.1 226.7 201.4 97.47 97.01 91.91 89.77 93.27 102.7 107.2 47.05 49.99 74.48 23.98 71.43 91.24 89.58 67.77 52.12 25.80 45.58 44.43 46.67 24.72 47.85 46.11 43.06 79.63 72.29 70.00 45.55 -.9900E-19 -.9900E-19 -.9900E-19 -.9900E-19 -.9900E-19 -.9900E-19 -.9900E-19 -.9900E-19 -.9900E-19 -.9900E-19 -.9900E-19 -.9900E-19 -.9900E-19 -.9900E-19 -.9900E-19 -.9900E-19 -.9900E-19 -.9900E-19 -.9900E-19 -.9900E-19 -.9900E-19 -.9900E-19 -.9900E-19 -.9900E-19 -.9900E-19 -.9900E-19 -.9900E-19 -.9900E-19 -.9900E-19
199.2 196.8 104.8 101.7 97.99 118.5 93.31 91.04 90.60 97.06 103.8 101.2 51.29 48.57 24.47 71.01 69.23 21.37 88.64 65.46 63.28 26.67 23.21 21.46 41.25 77.13 43.03 43.30 41.60 71.41 71.62 48.44 69.10 44.03 43.86 -.9900E-19 -.9900E-19 -.9900E-19 -.9900E-19 -.9900E-19 -.9900E-19 -.9900E-19 -.9900E-19 -.9900E-19 -.9900E-19 -.9900E-19 -.9900E-19 -.9900E-19 -.9900E-19 -.9900E-19 -.9900E-19 -.9900E-19 -.9900E-19 -.9900E-19 -.9900E-19 -.9900E-19 -.9900E-19 -.9900E-19 -.9900E-19 -.9900E-19 -.9900E-19 -.9900E-19 -.9900E-19
227.3 194.8 100.9 98.93 98.60 105.3 124.3 98.90 100.6 100.3 118.8 94.36 93.31 45.96 43.94 99.65 89.57 87.61 85.94 91.08 71.57 65.97 75.77 76.66 18.52 39.02 73.51 48.71 47.50 46.32 45.22 44.31 66.35 13.96 14.37 13.45 13.22 13.01 12.81 12.64 12.50 12.36 12.26 12.15 13.99 12.02 11.97 .000 -.9900E-19 -.9900E-19 -.9900E-19 -.9900E-19 -.9900E-19 -.9900E-19 -.9900E-19 -.9900E-19 -.9900E-19 -.9900E-19 -.9900E-19 -.9900E-19 -.9900E-19 -.9900E-19 -.9900E-19
201.9 100.1 99.47 96.56 27.80 85.75 114.3 102.9 121.1 98.95 91.25 93.40 92.40 89.57 91.27 89.57 92.65 90.69 42.20 80.77 59.05 58.60 20.19 45.32 42.25 41.19 40.79 47.24 46.08 44.94 43.95 43.73 65.10 14.24 40.68 -.9900E-19 -.9900E-19 -.9900E-19 -.9900E-19 -.9900E-19 -.9900E-19 -.9900E-19 -.9900E-19 36.21 35.97 11.77 11.72 -.9900E-19 -.9900E-19 -.9900E-19 -.9900E-19 -.9900E-19 -.9900E-19 -.9900E-19 -.9900E-19 -.9900E-19 -.9900E-19 -.9900E-19 -.9900E-19 -.9900E-19 -.9900E-19 -.9900E-19 -.9900E-19
101.3 89.93 88.89 87.35 86.49 100.5 91.25 100.9 109.4 96.32 89.31 91.49 89.07 87.67 89.61 87.96 86.27 82.41 80.78 79.92 79.11 59.68 42.63 20.89 59.30 59.28 52.15 39.90 46.12 43.75 67.68 39.28 39.02 17.23 13.65 -.9900E-19 -.9900E-19 -.9900E-19 -.9900E-19 -.9900E-19 -.9900E-19 -.9900E-19 35.71 11.66 11.60 -.9900E-19 -.9900E-19 -.9900E-19 -.9900E-19 -.9900E-19 -.9900E-19 -.9900E-19 -.9900E-19 -.9900E-19 -.9900E-19 -.9900E-19 -.9900E-19 -.9900E-19 -.9900E-19 -.9900E-19 -.9900E-19 -.9900E-19 -.9900E-19
103.0 89.65 86.04 83.90 83.08 87.99 84.20 99.62 114.1 71.67 87.84 89.40 87.71 86.36 45.20 93.16 84.18 18.88 79.35 55.62 61.56 41.96 19.35 16.98 49.66 54.02 43.32 18.74 73.18 68.22 45.14 66.55 40.71 43.13 14.03 12.48 -.9900E-19 -.9900E-19 -.9900E-19 -.9900E-19 -.9900E-19 11.63 11.54 .000 -.9900E-19 -.9900E-19 -.9900E-19 -.9900E-19 -.9900E-19 -.9900E-19 -.9900E-19 -.9900E-19 -.9900E-19 -.9900E-19 -.9900E-19 -.9900E-19 -.9900E-19 -.9900E-19 -.9900E-19 -.9900E-19 -.9900E-19 -.9900E-19 -.9900E-19
98.66 95.80 92.35 89.60 90.99 88.90 83.01 46.97 100.6 88.85 87.73 85.01 87.04 85.74 44.75 66.41 59.23 57.00 79.63 76.82 76.11 75.47 71.33 51.07 47.81 50.57 71.57 48.94 23.35 49.03 39.81 63.67 62.88 42.60 13.79 -.9900E-19 12.06 -.9900E-19 -.9900E-19 35.42 11.55 11.45 -.9900E-19 -.9900E-19 -.9900E-19 -.9900E-19 -.9900E-19 -.9900E-19 -.9900E-19 -.9900E-19 -.9900E-19 -.9900E-19 -.9900E-19 -.9900E-19 -.9900E-19 -.9900E-19 -.9900E-19 -.9900E-19 -.9900E-19 -.9900E-19 -.9900E-19 -.9900E-19 -.9900E-19
101.7 101.2 90.43 97.15 94.96 75.88 98.12 99.57 93.79 71.16 69.28 65.60 88.83 42.64 43.08 82.78 81.20 81.27 78.41 80.78 51.40 50.09 91.26 68.68 46.02 70.22 69.23 44.64 44.35 67.74 66.30 63.55 39.27 37.92 37.25 -.9900E-19 -.9900E-19 11.73 11.60 11.49 -.9900E-19 -.9900E-19 -.9900E-19 -.9900E-19 -.9900E-19 -.9900E-19 -.9900E-19 -.9900E-19 -.9900E-19 -.9900E-19 -.9900E-19 -.9900E-19 -.9900E-19 -.9900E-19 -.9900E-19 -.9900E-19 -.9900E-19 -.9900E-19 -.9900E-19 -.9900E-19 -.9900E-19 -.9900E-19 -.9900E-19
116.6 91.28 87.93 110.1 117.9 99.08 109.7 110.6 94.29 70.37 67.82 21.26 20.10 19.62 82.41 57.99 57.39 56.54 54.42 51.65 15.08 37.47 39.11 68.34 67.34 66.45 42.77 66.03 63.83 36.04 13.59 62.20 38.64 37.30 36.74 36.16 13.63 11.59 35.52 -.9900E-19 -.9900E-19 -.9900E-19 -.9900E-19 -.9900E-19 -.9900E-19 -.9900E-19 -.9900E-19 -.9900E-19 -.9900E-19 -.9900E-19 -.9900E-19 -.9900E-19 -.9900E-19 -.9900E-19 -.9900E-19 -.9900E-19 -.9900E-19 -.9900E-19 -.9900E-19 -.9900E-19 -.9900E-19 -.9900E-19 -.9900E-19
94.25 92.30 109.2 85.03 84.42 75.96 75.45 71.02 69.33 87.11 73.36 70.98 62.01 41.30 57.69 56.16 54.91 76.94 74.87 73.13 71.79 70.53 70.66 47.31 44.82 65.83 65.53 37.69 13.22 11.85 38.77 12.51 37.40 36.80 11.93 11.77 46.74 -.9900E-19 -.9900E-19 -.9900E-19 -.9900E-19 -.9900E-19 -.9900E-19 -.9900E-19 -.9900E-19 -.9900E-19 -.9900E-19 -.9900E-19 -.9900E-19 -.9900E-19 -.9900E-19 -.9900E-19 -.9900E-19 -.9900E-19 -.9900E-19 -.9900E-19 -.9900E-19 -.9900E-19 -.9900E-19 -.9900E-19 -.9900E-19 -.9900E-19 -.9900E-19
98.27 109.4 85.34 83.44 82.12 79.80 72.07 70.34 85.10 64.36 65.21 64.36 61.55 81.60 61.37 59.76 17.51 63.46 40.75 50.64 47.99 69.42 46.23 45.77 67.52 66.46 15.55 14.61 39.69 12.79 12.55 12.34 12.14 11.97 11.80 -.9900E-19 -.9900E-19 -.9900E-19 -.9900E-19 -.9900E-19 -.9900E-19 -.9900E-19 -.9900E-19 -.9900E-19 -.9900E-19 -.9900E-19 -.9900E-19 -.9900E-19 -.9900E-19 -.9900E-19 -.9900E-19 -.9900E-19 -.9900E-19 -.9900E-19 -.9900E-19 -.9900E-19 -.9900E-19 -.9900E-19 -.9900E-19 -.9900E-19 -.9900E-19 -.9900E-19 -.9900E-19
105.2 108.5 76.70 75.38 81.40 72.50 70.10 92.60 88.31 105.7 86.84 65.21 70.40 82.54 94.98 85.04 67.39 62.49 73.65 49.78 69.07 53.88 78.51 76.40 52.37 42.87 45.80 43.64 12.85 38.39 37.70 12.19 40.03 35.98 -.9900E-19 -.9900E-19 -.9900E-19 -.9900E-19 -.9900E-19 -.9900E-19 -.9900E-19 -.9900E-19 -.9900E-19 -.9900E-19 -.9900E-19 -.9900E-19 -.9900E-19 -.9900E-19 -.9900E-19 -.9900E-19 -.9900E-19 -.9900E-19 -.9900E-19 -.9900E-19 -.9900E-19 -.9900E-19 -.9900E-19 -.9900E-19 -.9900E-19 -.9900E-19 -.9900E-19 -.9900E-19 -.9900E-19
108.8 76.38 110.6 104.9 97.81 92.76 93.08 92.06 64.25 62.49 85.16 93.80 84.91 45.74 19.09 54.46 52.35 50.28 50.64 70.52 70.61 72.90 66.89 42.91 41.88 40.91 43.83 12.92 38.63 12.47 12.26 43.09 42.53 35.68 -.9900E-19 -.9900E-19 -.9900E-19 -.9900E-19 -.9900E-19 -.9900E-19 -.9900E-19 -.9900E-19 -.9900E-19 -.9900E-19 -.9900E-19 -.9900E-19 -.9900E-19 -.9900E-19 -.9900E-19 -.9900E-19 -.9900E-19 -.9900E-19 -.9900E-19 -.9900E-19 -.9900E-19 -.9900E-19 -.9900E-19 -.9900E-19 -.9900E-19 -.9900E-19 -.9900E-19 -.9900E-19 -.9900E-19
107.3 83.44 113.9 116.9 99.89 75.85 87.02 89.59 63.17 60.97 61.50 88.84 41.88 40.77 38.96 82.41 74.37 50.11 17.75 38.22 38.51 48.64 43.39 42.32 13.55 40.36 39.55 12.77 12.56 44.05 43.40 -.9900E-19 -.9900E-19 -.9900E-19 -.9900E-19 -.9900E-19 -.9900E-19 -.9900E-19 -.9900E-19 -.9900E-19 -.9900E-19 -.9900E-19 -.9900E-19 -.9900E-19 -.9900E-19 -.9900E-19 -.9900E-19 -.9900E-19 -.9900E-19 -.9900E-19 -.9900E-19 -.9900E-19 -.9900E-19 -.9900E-19 -.9900E-19 -.9900E-19 -.9900E-19 -.9900E-19 -.9900E-19 -.9900E-19 -.9900E-19 -.9900E-19 -.9900E-19
