ASPA-UH-SWB2_REPO/output/SUM_of_RECHARGE.asc
NCOLS        350
NROWS        200
XLLCORNER     515000.000
YLLCORNER    8409000.000
CELLSIZE        100.000
NODATA_VALUE     -9999.    
[rows 56 to 83 of 200, columns 189 to 251 of 350]
156.2 152.0 94.66 94.49 94.12 94.70 94.29 94.23 151.2 94.03 93.93 151.4 94.08 94.26 98.65 98.82 98.42 153.8 96.44 93.52 92.89 91.78 146.4 91.34 89.99 88.90 195.1 88.43 82.46 86.09 85.76 89.24 89.60 90.47 94.08 104.0 102.4 86.12 141.4 82.73 82.37 79.50 79.17 75.59 75.18 86.75 86.33 90.46 90.17 92.98 100.9 87.63 129.1 76.90 76.06 74.99 83.24 119.8 118.3 77.55 76.35 77.74 76.36
95.83 93.65 93.30 94.64 94.19 153.1 94.24 94.11 93.72 93.75 93.62 93.88 93.82 94.04 155.5 98.79 98.46 97.07 152.7 93.75 93.19 147.9 91.48 97.62 96.79 89.59 88.78 83.77 83.32 87.04 86.80 90.39 90.14 90.43 133.7 95.25 94.38 74.63 86.05 84.37 84.05 81.15 80.81 77.20 76.77 88.54 88.13 92.35 92.05 80.09 80.26 133.2 93.48 78.71 77.82 117.1 84.85 80.39 79.22 78.88 77.60 78.99 116.6
145.9 94.38 101.6 103.8 103.3 103.9 103.3 102.5 102.1 101.5 95.30 94.35 144.9 93.38 97.89 96.52 96.27 94.52 94.12 94.81 100.2 102.3 101.6 102.0 101.3 98.70 97.92 97.67 86.17 87.38 87.21 89.68 147.7 89.85 148.2 90.41 103.4 160.0 145.2 86.57 86.23 83.78 83.47 79.63 91.45 90.67 90.29 93.61 137.9 95.68 138.2 94.95 94.22 92.16 91.26 87.76 85.30 81.14 79.89 79.14 77.77 76.53 75.02
100.4 101.8 101.3 103.4 102.8 103.3 102.7 101.9 101.4 100.8 100.5 99.49 99.48 98.60 103.2 95.95 95.83 94.14 99.76 100.5 100.0 102.2 101.7 102.2 101.6 99.65 98.42 98.24 86.69 87.96 87.85 90.40 90.30 90.74 90.67 90.81 148.7 113.9 148.3 87.86 87.59 85.13 198.7 80.96 124.7 92.16 91.83 95.21 94.87 97.22 96.69 96.44 139.5 93.53 92.57 88.95 86.46 82.22 80.90 80.03 119.7 77.27 75.74
105.2 108.2 107.6 108.7 108.0 107.7 107.1 105.6 105.0 104.1 103.8 102.5 102.5 100.7 105.5 102.7 102.6 102.7 102.4 106.2 105.9 107.8 107.4 106.6 106.1 104.5 103.4 101.7 101.4 99.19 87.97 87.63 87.64 148.8 89.63 91.31 89.59 99.85 90.58 88.32 146.6 203.5 144.0 82.89 82.54 94.50 94.17 140.3 94.81 95.80 95.23 95.44 94.62 91.73 90.70 87.46 84.92 82.00 80.62 78.06 76.60 114.0 111.8
104.5 107.4 106.6 107.6 106.9 106.6 94.38 104.5 103.8 102.9 102.5 101.2 101.2 104.2 104.3 101.6 101.7 101.8 101.7 105.6 105.4 107.4 107.1 106.5 106.1 104.7 103.6 102.1 101.7 99.55 99.48 99.18 88.12 90.19 90.26 92.00 77.19 102.9 90.75 89.22 89.02 86.53 86.27 83.84 83.55 95.69 95.36 96.34 95.97 142.7 96.31 96.46 140.7 92.62 91.53 88.19 85.60 82.61 81.16 78.49 76.91 74.15 86.78
107.6 109.2 108.3 107.4 106.5 101.4 124.5 98.93 112.8 110.0 103.5 101.1 101.1 104.2 104.4 103.1 103.2 104.1 104.1 106.6 106.5 108.1 108.0 108.8 109.2 91.37 93.69 105.8 104.9 102.6 102.6 99.35 99.50 88.28 88.41 148.8 89.23 103.3 77.65 89.32 89.16 87.69 87.44 86.16 85.91 97.06 96.75 142.0 95.32 95.51 94.88 93.71 92.83 89.83 88.66 86.48 83.88 97.60 95.84 94.02 92.13 90.51 88.53
107.0 108.5 95.63 99.71 101.4 114.9 59.55 57.33 60.30 60.96 118.7 106.1 101.5 102.6 102.8 101.6 101.8 102.8 102.9 105.5 89.49 93.02 96.30 99.51 98.01 90.67 119.8 117.8 115.7 126.4 90.21 99.51 99.65 99.70 88.59 89.45 149.3 113.5 78.07 89.78 89.66 88.19 88.00 86.77 86.57 85.03 97.51 96.50 96.03 188.5 95.44 139.8 121.7 106.3 104.9 102.5 99.60 97.66 95.88 93.98 92.00 90.26 88.18
101.3 95.82 115.6 119.3 -.9900E-19 -.9900E-19 -.9900E-19 -.9900E-19 -.9900E-19 -.9900E-19 -.9900E-19 27.54 50.91 90.11 103.7 101.5 101.8 102.8 90.72 108.0 112.8 137.6 114.2 120.2 120.9 120.2 115.4 93.17 105.4 104.5 89.62 98.57 100.7 98.23 78.53 86.69 86.84 89.83 89.90 78.26 90.45 89.69 89.56 88.09 87.90 85.74 85.44 95.94 95.43 94.13 93.36 92.46 107.8 107.3 105.9 104.2 101.2 99.18 97.28 96.60 94.57 92.99 90.77
40.84 56.70 -.9900E-19 -.9900E-19 -.9900E-19 -.9900E-19 -.9900E-19 -.9900E-19 -.9900E-19 -.9900E-19 -.9900E-19 -.9900E-19 -.9900E-19 -.9900E-19 51.63 127.3 124.6 93.51 106.7 -.9900E-19 62.25 120.1 39.19 38.92 117.6 85.30 90.71 88.74 105.2 103.7 200.1 100.6 100.7 89.48 78.52 77.36 86.87 89.91 90.03 90.70 90.65 210.0 209.4 88.40 88.21 86.04 85.71 83.35 82.84 94.25 93.42 108.9 107.7 107.2 105.6 103.9 100.8 98.70 96.72 95.98 93.85 92.22 89.92
54.55 -.9900E-19 -.9900E-19 -.9900E-19 -.9900E-19 -.9900E-19 -.9900E-19 -.9900E-19 -.9900E-19 -.9900E-19 -.9900E-19 -.9900E-19 -.9900E-19 -.9900E-19 -.9900E-19 -.9900E-19 -.9900E-19 -.9900E-19 -.9900E-19 -.9900E-19 -.9900E-19 59.88 90.18 85.86 83.49 92.42 105.0 104.4 104.1 102.1 102.3 98.80 98.99 89.38 78.46 77.33 84.83 88.05 88.21 148.5 88.38 88.60 208.8 87.30 87.09 85.30 84.89 82.74 82.19 110.6 109.6 110.1 108.8 108.6 107.0 105.0 101.8 99.57 97.48 96.23 93.99 92.14 89.74
-.9900E-19 -.9900E-19 -.9900E-19 -.9900E-19 -.9900E-19 -.9900E-19 -.9900E-19 -.9900E-19 -.9900E-19 -.9900E-19 -.9900E-19 -.9900E-19 -.9900E-19 -.9900E-19 -.9900E-19 -.9900E-19 -.9900E-19 -.9900E-19 -.9900E-19 -.9900E-19 -.9900E-19 -.9900E-19 108.3 36.49 111.8 107.8 104.1 103.7 104.0 101.6 101.9 98.50 88.93 89.18 78.30 77.20 84.78 88.00 148.2 88.35 88.35 148.7 88.49 87.24 87.03 104.4 84.72 82.50 81.87 110.2 109.1 109.5 108.1 107.8 134.2 131.4 100.8 98.50 96.35 95.01 92.71 90.79 88.36
-.9900E-19 -.9900E-19 -.9900E-19 -.9900E-19 -.9900E-19 -.9900E-19 -.9900E-19 -.9900E-19 -.9900E-19 -.9900E-19 -.9900E-19 -.9900E-19 -.9900E-19 -.9900E-19 -.9900E-19 -.9900E-19 -.9900E-19 -.9900E-19 -.9900E-19 -.9900E-19 -.9900E-19 -.9900E-19 -.9900E-19 57.24 158.2 101.3 101.1 100.1 100.6 97.80 98.16 142.8 132.4 148.1 77.96 76.89 136.4 77.22 77.33 77.39 86.75 147.5 128.0 85.95 104.9 103.8 103.2 101.4 100.5 110.0 108.8 108.7 107.1 106.2 104.5 103.2 99.86 98.69 96.45 93.92 91.54 88.91 86.50
-.9900E-19 -.9900E-19 -.9900E-19 -.9900E-19 -.9900E-19 -.9900E-19 -.9900E-19 -.9900E-19 -.9900E-19 -.9900E-19 -.9900E-19 -.9900E-19 -.9900E-19 -.9900E-19 -.9900E-19 -.9900E-19 -.9900E-19 -.9900E-19 -.9900E-19 -.9900E-19 -.9900E-19 -.9900E-19 -.9900E-19 153.8 103.0 99.28 99.89 99.03 99.62 84.47 130.4 87.35 91.73 92.10 92.44 76.34 76.55 76.71 76.81 76.85 86.35 87.17 87.02 104.7 104.3 103.1 102.4 140.2 128.8 109.0 107.7 107.5 105.9 104.9 103.1 101.7 125.3 97.08 94.80 92.21 89.77 87.12 84.70
-.9900E-19 -.9900E-19 -.9900E-19 -.9900E-19 -.9900E-19 -.9900E-19 -.9900E-19 -.9900E-19 -.9900E-19 -.9900E-19 -.9900E-19 -.9900E-19 -.9900E-19 -.9900E-19 -.9900E-19 -.9900E-19 -.9900E-19 -.9900E-19 -.9900E-19 -.9900E-19 -.9900E-19 -.9900E-19 -.9900E-19 124.8 97.32 96.27 96.97 95.45 96.09 92.43 96.37 90.34 90.78 91.20 91.58 90.50 90.75 90.93 100.7 101.6 86.40 85.83 125.6 103.5 103.1 102.1 101.4 99.62 98.68 98.14 96.91 105.3 103.7 101.9 100.1 99.70 96.23 96.30 93.98 91.02 88.53 84.86 82.45
-.9900E-19 -.9900E-19 -.9900E-19 -.9900E-19 -.9900E-19 -.9900E-19 -.9900E-19 -.9900E-19 -.9900E-19 -.9900E-19 -.9900E-19 -.9900E-19 -.9900E-19 -.9900E-19 -.9900E-19 -.9900E-19 -.9900E-19 -.9900E-19 -.9900E-19 -.9900E-19 -.9900E-19 -.9900E-19 -.9900E-19 123.7 94.97 79.37 80.14 94.08 94.81 91.24 95.74 94.85 95.34 98.05 90.45 89.40 89.64 89.83 89.92 100.6 100.6 100.0 103.7 102.4 101.9 100.8 100.1 98.25 97.27 96.64 95.35 93.67 101.9 100.0 98.15 97.73 94.24 94.24 92.57 89.57 87.10 82.77 80.42
-.9900E-19 -.9900E-19 -.9900E-19 -.9900E-19 -.9900E-19 -.9900E-19 -.9900E-19 -.9900E-19 -.9900E-19 -.9900E-19 -.9900E-19 -.9900E-19 -.9900E-19 -.9900E-19 -.9900E-19 -.9900E-19 -.9900E-19 -.9900E-19 -.9900E-19 -.9900E-19 -.9900E-19 -.9900E-19 54.78 87.20 82.61 78.84 93.78 91.07 91.84 88.47 92.99 95.87 96.42 100.2 100.6 100.4 88.29 88.45 88.51 100.1 100.0 97.76 101.4 100.4 99.88 98.96 176.1 136.1 96.10 96.62 95.25 93.09 91.44 88.54 96.05 95.22 91.73 91.61 90.55 115.7 90.49 72.67 68.83
24.11 23.38 46.89 46.94 45.74 .000 -.9900E-19 -.9900E-19 -.9900E-19 -.9900E-19 -.9900E-19 -.9900E-19 -.9900E-19 -.9900E-19 -.9900E-19 -.9900E-19 -.9900E-19 -.9900E-19 -.9900E-19 -.9900E-19 -.9900E-19 -.9900E-19 60.51 89.76 84.53 91.10 92.00 89.40 90.21 133.0 91.48 94.39 94.95 98.72 97.54 98.95 99.25 99.55 99.61 98.61 98.50 96.20 95.96 98.78 98.20 97.25 96.33 95.28 94.18 94.67 93.24 91.01 89.35 86.43 84.61 92.90 89.38 114.2 86.79 85.86 86.80 87.60 87.57
107.0 104.2 98.63 45.95 75.05 -.9900E-19 -.9900E-19 -.9900E-19 -.9900E-19 -.9900E-19 -.9900E-19 -.9900E-19 -.9900E-19 -.9900E-19 -.9900E-19 -.9900E-19 -.9900E-19 -.9900E-19 -.9900E-19 -.9900E-19 -.9900E-19 -.9900E-19 98.15 85.55 178.8 132.1 88.61 129.6 86.09 89.87 90.59 96.06 96.18 99.31 98.21 99.06 99.35 98.85 98.94 96.64 96.50 93.63 93.29 96.15 95.54 95.13 94.19 95.04 93.87 95.05 93.56 91.80 90.10 86.56 84.69 80.93 77.58 75.86 82.00 80.92 83.95 92.48 -.9900E-19
107.3 103.4 45.00 44.97 -.9900E-19 -.9900E-19 -.9900E-19 -.9900E-19 -.9900E-19 -.9900E-19 -.9900E-19 -.9900E-19 -.9900E-19 -.9900E-19 -.9900E-19 -.9900E-19 -.9900E-19 -.9900E-19 -.9900E-19 -.9900E-19 -.9900E-19 -.9900E-19 -.9900E-19 36.24 80.92 85.74 86.69 83.44 84.24 88.03 88.76 94.14 94.26 97.38 96.27 97.13 97.44 96.93 96.99 94.69 94.50 91.66 91.27 90.27 89.64 133.6 91.94 92.74 91.55 92.59 91.77 90.70 88.94 84.82 82.28 78.55 75.21 73.49 71.44 78.44 81.54 53.04 -.9900E-19
96.89 99.50 45.50 96.98 -.9900E-19 -.9900E-19 -.9900E-19 -.9900E-19 -.9900E-19 -.9900E-19 -.9900E-19 -.9900E-19 -.9900E-19 -.9900E-19 -.9900E-19 -.9900E-19 -.9900E-19 -.9900E-19 -.9900E-19 -.9900E-19 -.9900E-19 -.9900E-19 -.9900E-19 77.22 76.72 81.83 82.72 80.57 81.40 86.91 87.66 92.42 93.02 95.47 94.35 95.73 96.01 94.71 94.72 91.25 91.05 130.5 129.9 88.18 87.51 86.38 89.01 90.26 124.5 127.3 161.3 67.75 66.60 86.11 82.21 76.93 73.61 70.83 69.48 66.92 73.14 94.95 -.9900E-19
96.10 46.15 68.73 92.74 -.9900E-19 -.9900E-19 -.9900E-19 -.9900E-19 -.9900E-19 -.9900E-19 -.9900E-19 -.9900E-19 -.9900E-19 -.9900E-19 -.9900E-19 -.9900E-19 -.9900E-19 -.9900E-19 -.9900E-19 -.9900E-19 -.9900E-19 -.9900E-19 105.7 84.85 81.80 79.84 80.74 78.62 79.45 81.22 85.62 90.33 90.89 93.26 92.12 94.09 94.32 92.37 92.37 88.94 88.74 87.01 86.58 85.81 85.09 83.95 86.48 87.68 86.44 88.04 109.3 -.9900E-19 -.9900E-19 -.9900E-19 103.8 75.09 94.02 92.00 82.77 70.64 86.25 -.9900E-19 -.9900E-19
101.0 46.01 66.80 45.61 -.9900E-19 -.9900E-19 -.9900E-19 -.9900E-19 -.9900E-19 -.9900E-19 -.9900E-19 -.9900E-19 -.9900E-19 -.9900E-19 -.9900E-19 -.9900E-19 -.9900E-19 -.9900E-19 -.9900E-19 -.9900E-19 -.9900E-19 -.9900E-19 99.71 76.45 77.37 76.65 77.58 76.83 77.61 79.52 83.87 87.78 88.30 90.85 89.64 83.16 95.60 88.68 128.6 85.63 85.38 84.93 84.44 83.51 82.79 120.8 83.62 84.58 83.32 85.21 -.9900E-19 -.9900E-19 -.9900E-19 -.9900E-19 -.9900E-19 -.9900E-19 -.9900E-19 -.9900E-19 -.9900E-19 -.9900E-19 -.9900E-19 -.9900E-19 -.9900E-19
46.26 92.93 44.95 48.10 95.69 -.9900E-19 -.9900E-19 -.9900E-19 -.9900E-19 -.9900E-19 -.9900E-19 -.9900E-19 -.9900E-19 -.9900E-19 -.9900E-19 -.9900E-19 -.9900E-19 -.9900E-19 -.9900E-19 -.9900E-19 -.9900E-19 -.9900E-19 -.9900E-19 79.77 75.32 74.62 75.50 74.78 75.53 77.39 81.67 85.46 85.98 88.93 75.55 99.54 119.4 86.16 86.15 83.12 82.85 82.39 81.84 80.90 80.14 78.53 77.55 81.79 81.18 70.88 -.9900E-19 -.9900E-19 -.9900E-19 -.9900E-19 -.9900E-19 -.9900E-19 -.9900E-19 -.9900E-19 -.9900E-19 -.9900E-19 -.9900E-19 -.9900E-19 -.9900E-19
105.6 81.25 100.4 99.38 99.35 46.43 -.9900E-19 -.9900E-19 -.9900E-19 -.9900E-19 -.9900E-19 -.9900E-19 -.9900E-19 -.9900E-19 -.9900E-19 -.9900E-19 -.9900E-19 -.9900E-19 -.9900E-19 -.9900E-19 -.9900E-19 -.9900E-19 -.9900E-19 47.64 78.12 72.51 113.8 72.96 73.72 75.06 79.24 82.64 83.12 86.14 74.15 96.14 74.88 82.48 82.41 79.78 79.48 79.43 78.86 78.60 77.82 76.40 75.39 78.26 77.69 77.61 -.9900E-19 -.9900E-19 -.9900E-19 -.9900E-19 -.9900E-19 -.9900E-19 -.9900E-19 -.9900E-19 -.9900E-19 -.9900E-19 -.9900E-19 -.9900E-19 -.9900E-19
88.42 85.34 82.33 78.38 97.37 132.7 59.12 42.38 40.56 -.9900E-19 -.9900E-19 -.9900E-19 -.9900E-19 -.9900E-19 -.9900E-19 -.9900E-19 -.9900E-19 -.9900E-19 -.9900E-19 -.9900E-19 -.9900E-19 -.9900E-19 -.9900E-19 75.82 74.79 70.47 71.24 70.86 71.57 76.34 76.97 80.27 80.70 86.30 71.95 96.80 84.50 79.87 79.77 114.4 76.83 76.70 76.15 75.85 75.07 73.65 72.65 75.45 74.21 97.69 -.9900E-19 -.9900E-19 -.9900E-19 -.9900E-19 -.9900E-19 -.9900E-19 -.9900E-19 -.9900E-19 -.9900E-19 -.9900E-19 -.9900E-19 -.9900E-19 -.9900E-19
86.96 83.22 80.17 78.02 66.40 80.43 44.10 110.0 67.81 89.90 86.93 -.9900E-19 -.9900E-19 -.9900E-19 -.9900E-19 -.9900E-19 -.9900E-19 -.9900E-19 -.9900E-19 -.9900E-19 -.9900E-19 -.9900E-19 -.9900E-19 70.35 93.87 67.83 68.54 68.39 69.03 74.17 74.74 77.57 77.97 71.53 92.85 80.55 77.91 75.56 75.43 74.31 73.93 74.11 73.50 109.9 72.75 71.20 70.22 69.37 71.29 93.83 -.9900E-19 -.9900E-19 -.9900E-19 -.9900E-19 -.9900E-19 -.9900E-19 -.9900E-19 -.9900E-19 -.9900E-19 -.9900E-19 -.9900E-19 -.9900E-19 -.9900E-19
86.04 82.34 80.06 71.26 65.39 67.27 65.01 67.58 68.39 91.06 87.34 -.9900E-19 -.9900E-19 -.9900E-19 -.9900E-19 -.9900E-19 -.9900E-19 -.9900E-19 -.9900E-19 -.9900E-19 -.9900E-19 -.9900E-19 -.9900E-19 .6670 91.39 66.00 66.60 66.36 70.29 71.91 72.40 75.14 76.18 66.96 86.07 121.8 77.27 72.92 72.79 71.67 71.27 71.39 70.79 70.80 70.76 68.55 67.58 67.44 89.26 -.9900E-19 -.9900E-19 -.9900E-19 -.9900E-19 -.9900E-19 -.9900E-19 -.9900E-19 -.9900E-19 -.9900E-19 -.9900E-19 -.9900E-19 -.9900E-19 -.9900E-19 -.9900E-19
