ASPA-UH-SWB2_REPO/input/Gridded_temps/prism_tmin_tutuila_30yr_normal_04.asc
ncols         350
nrows         200
xllcorner     515000
yllcorner     8409000
cellsize      100
NODATA_value  -9999
[rows 35 to 69 of 200, columns 231 to 307 of 350]
-9999 -9999 -9999 -9999 -9999 -9999 24.96 24.96 24.96 -9999 -9999 -9999 24.96 24.96 24.96 24.96 -9999 -9999 -9999 -9999 -9999 -9999 -9999 -9999 -9999 24.97 24.97 24.97 -9999 -9999 -9999 -9999 -9999 -9999 -9999 -9999 -9999 -9999 -9999 -9999 -9999 -9999 -9999 -9999 -9999 -9999 -9999 -9999 -9999 -9999 -9999 -9999 -9999 -9999 -9999 -9999 -9999 -9999 -9999 -9999 -9999 -9999 -9999 -9999 -9999 -9999 -9999 -9999 -9999 -9999 -9999 -9999 -9999 24.97 24.97 24.97 24.97
-9999 24.96 24.96 -9999 -9999 24.96 24.96 24.96 24.96 24.96 24.96 24.96 24.96 24.96 24.96 24.96 -9999 -9999 -9999 24.96 24.96 -9999 -9999 -9999 -9999 24.97 24.97 24.97 24.97 -9999 -9999 -9999 -9999 -9999 -9999 -9999 -9999 -9999 -9999 -9999 -9999 -9999 -9999 -9999 -9999 -9999 -9999 -9999 -9999 -9999 -9999 -9999 -9999 -9999 -9999 -9999 -9999 -9999 -9999 -9999 -9999 -9999 -9999 -9999 -9999 -9999 -9999 -9999 -9999 -9999 -9999 -9999 24.97 24.97 24.97 24.97 24.97
24.96 24.96 24.96 24.96 24.96 24.96 24.96 24.96 24.96 24.96 24.96 24.96 24.96 24.96 24.96 24.96 24.96 -9999 24.96 24.96 24.96 24.96 24.96 -9999 24.97 24.97 24.97 24.97 24.97 24.97 -9999 -9999 -9999 -9999 -9999 -9999 -9999 -9999 -9999 -9999 -9999 -9999 -9999 -9999 -9999 -9999 -9999 -9999 -9999 -9999 -9999 -9999 -9999 -9999 -9999 -9999 -9999 -9999 -9999 -9999 -9999 -9999 -9999 -9999 -9999 -9999 -9999 -9999 -9999 -9999 -9999 24.97 24.97 24.97 24.97 24.97 24.97
24.96 24.96 24.96 24.96 24.96 24.96 24.96 24.96 24.96 24.96 24.96 24.96 24.96 24.96 24.96 24.96 24.96 24.96 24.96 24.96 24.96 24.96 24.96 24.97 24.97 24.97 24.97 24.97 24.97 24.97 24.97 -9999 -9999 -9999 -9999 -9999 -9999 -9999 -9999 -9999 -9999 -9999 -9999 -9999 -9999 -9999 -9999 -9999 -9999 -9999 -9999 -9999 -9999 -9999 -9999 -9999 -9999 -9999 -9999 -9999 -9999 -9999 -9999 -9999 -9999 -9999 -9999 24.97 24.97 -9999 24.97 24.97 24.97 24.97 24.97 24.97 24.97
24.96 24.96 24.96 24.96 24.96 24.96 24.96 24.96 24.96 24.96 24.96 24.96 24.96 24.96 24.96 24.96 24.96 24.96 24.96 24.96 24.96 24.96 24.96 24.96 24.97 24.97 24.97 24.97 24.97 24.97 24.97 24.97 -9999 -9999 -9999 24.97 -9999 -9999 -9999 -9999 -9999 -9999 -9999 -9999 -9999 -9999 -9999 -9999 -9999 -9999 -9999 -9999 -9999 -9999 -9999 -9999 -9999 -9999 -9999 -9999 -9999 -9999 -9999 -9999 -9999 -9999 24.97 24.97 24.97 24.97 24.97 24.97 24.97 24.97 24.96 24.93 24.95
24.96 24.96 24.96 24.96 24.96 24.96 24.95 24.93 24.95 24.96 24.96 24.96 24.96 24.94 24.94 24.96 24.96 24.96 24.96 24.96 24.96 24.96 24.96 24.96 24.96 24.97 24.97 24.97 24.97 24.97 24.97 24.97 24.97 -9999 24.97 24.97 24.97 -9999 -9999 -9999 -9999 -9999 -9999 -9999 -9999 -9999 -9999 -9999 -9999 -9999 -9999 -9999 -9999 -9999 -9999 -9999 -9999 -9999 -9999 -9999 -9999 -9999 -9999 -9999 -9999 24.97 24.97 24.97 24.97 24.97 24.97 24.97 24.97 24.97 24.9 24.76 24.84
24.96 24.96 24.96 24.96 24.96 24.96 24.93 24.88 24.91 24.95 24.96 24.95 24.93 24.85 24.85 24.93 24.96 24.96 24.96 24.95 24.95 24.96 24.96 24.96 24.95 24.93 24.93 24.96 24.97 24.97 24.97 24.97 24.97 24.97 24.97 24.97 24.97 24.97 -9999 -9999 -9999 -9999 -9999 -9999 -9999 -9999 -9999 -9999 -9999 -9999 -9999 -9999 -9999 -9999 -9999 -9999 -9999 -9999 -9999 -9999 -9999 -9999 -9999 -9999 24.97 24.97 24.97 24.97 24.97 24.97 24.97 24.97 24.97 24.95 24.84 24.61 24.66
24.96 24.94 24.93 24.95 24.96 24.96 24.92 24.81 24.81 24.9 24.9 24.91 24.86 24.68 24.68 24.86 24.95 24.96 24.94 24.86 24.85 24.93 24.96 24.95 24.9 24.81 24.85 24.93 24.97 24.97 24.97 24.97 24.97 24.97 24.97 24.97 24.97 24.97 24.97 -9999 -9999 -9999 -9999 -9999 -9999 -9999 24.97 -9999 -9999 -9999 -9999 -9999 -9999 -9999 -9999 -9999 -9999 -9999 -9999 -9999 -9999 -9999 -9999 24.97 24.97 24.97 24.97 24.97 24.97 24.97 24.97 24.96 24.92 24.84 24.68 24.43 24.47
24.95 24.9 24.85 24.89 24.94 24.96 24.93 24.76 24.65 24.71 24.7 24.74 24.72 24.54 24.54 24.77 24.91 24.94 24.85 24.63 24.64 24.83 24.93 24.94 24.85 24.77 24.84 24.93 24.97 24.97 24.97 24.97 24.97 24.97 24.97 24.97 24.97 24.97 24.97 24.97 24.97 24.97 -9999 -9999 -9999 24.97 24.97 24.97 24.97 24.97 -9999 -9999 24.97 -9999 -9999 -9999 -9999 -9999 -9999 -9999 -9999 -9999 24.97 24.97 24.97 24.97 24.97 24.97 24.97 24.97 24.97 24.94 24.79 24.61 24.49 24.33 24.36
24.94 24.87 24.76 24.84 24.93 24.96 24.93 24.74 24.48 24.38 24.36 24.44 24.46 24.38 24.43 24.63 24.78 24.81 24.67 24.46 24.53 24.77 24.92 24.94 24.91 24.89 24.93 24.96 24.96 24.97 24.97 24.97 24.97 24.97 24.97 24.97 24.97 24.97 24.97 24.97 24.97 24.97 -9999 -9999 24.97 24.97 24.97 24.97 24.97 24.97 24.97 24.97 24.97 24.97 -9999 -9999 -9999 -9999 -9999 -9999 -9999 24.97 24.97 24.97 24.97 24.97 24.96 24.94 24.95 24.96 24.96 24.91 24.67 24.45 24.42 24.33 24.29
24.94 24.89 24.8 24.87 24.94 24.96 24.91 24.69 24.28 23.99 24.03 24.11 24.13 24.17 24.29 24.47 24.63 24.7 24.6 24.56 24.67 24.85 24.94 24.96 24.95 24.95 24.96 24.96 24.96 24.97 24.97 24.97 24.97 24.97 24.96 24.94 24.96 24.97 24.97 24.97 24.97 24.97 24.97 24.97 24.97 24.97 24.97 24.97 24.97 24.97 24.97 24.97 24.97 24.97 24.97 24.97 24.97 -9999 -9999 24.97 24.97 24.97 24.97 24.97 24.97 24.97 24.94 24.87 24.86 24.92 24.92 24.88 24.73 24.46 24.38 24.32 24.26
24.95 24.92 24.8 24.76 24.9 24.92 24.83 24.53 24.05 23.7 23.75 23.8 23.85 24.04 24.29 24.52 24.7 24.79 24.79 24.81 24.87 24.93 24.96 24.96 24.96 24.96 24.96 24.96 24.96 24.96 24.97 24.97 24.97 24.96 24.91 24.85 24.91 24.96 24.97 24.97 24.97 24.97 24.97 24.97 24.97 24.97 24.97 24.97 24.97 24.97 24.97 24.97 24.97 24.97 24.97 24.97 24.97 24.97 24.97 24.97 24.97 24.97 24.97 24.97 24.97 24.97 24.91 24.79 24.78 24.83 24.77 24.76 24.71 24.5 24.36 24.28 24.21
24.95 24.89 24.62 24.63 24.84 24.84 24.65 24.29 23.84 23.57 23.58 23.63 23.8 24.15 24.46 24.72 24.86 24.91 24.93 24.93 24.95 24.96 24.96 24.96 24.96 24.96 24.96 24.96 24.96 24.96 24.96 24.96 24.95 24.91 24.79 24.73 24.87 24.96 24.97 24.97 24.97 24.97 24.97 24.97 24.97 24.97 24.96 24.97 24.97 24.97 24.97 24.97 24.97 24.97 24.97 24.97 24.97 24.97 24.97 24.97 24.97 24.97 24.97 24.97 24.97 24.94 24.82 24.69 24.73 24.72 24.57 24.54 24.61 24.47 24.32 24.21 24.14
24.93 24.81 24.36 24.56 24.77 24.67 24.4 23.97 23.7 23.65 23.7 23.84 24.09 24.41 24.67 24.86 24.93 24.95 24.96 24.96 24.96 24.96 24.96 24.96 24.96 24.96 24.96 24.96 24.96 24.95 24.91 24.88 24.87 24.81 24.67 24.68 24.86 24.95 24.95 24.96 24.96 24.97 24.97 24.97 24.97 24.96 24.94 24.94 24.95 24.96 24.97 24.97 24.97 24.97 24.97 24.97 24.97 24.97 24.97 24.97 24.97 24.97 24.97 24.97 24.96 24.91 24.75 24.62 24.64 24.64 24.5 24.41 24.45 24.43 24.29 24.15 24.1
24.87 24.44 23.97 24.47 24.65 24.44 24.14 23.91 23.88 23.96 24.11 24.27 24.51 24.72 24.85 24.93 24.95 24.96 24.96 24.96 24.96 24.96 24.96 24.96 24.96 24.96 24.96 24.96 24.95 24.88 24.75 24.66 24.66 24.65 24.58 24.65 24.82 24.88 24.85 24.89 24.91 24.92 24.95 24.97 24.97 24.95 24.89 24.83 24.84 24.91 24.96 24.96 24.96 24.97 24.97 24.97 24.97 24.97 24.97 24.97 24.97 24.97 24.97 24.97 24.97 24.91 24.76 24.59 24.53 24.54 24.47 24.34 24.27 24.33 24.31 24.1 24.04
24.67 24.17 24.07 24.46 24.47 24.18 24.01 24.05 24.17 24.26 24.43 24.64 24.8 24.88 24.93 24.94 24.96 24.96 24.96 24.96 24.96 24.96 24.96 24.96 24.96 24.95 24.95 24.95 24.89 24.71 24.46 24.43 24.47 24.5 24.52 24.64 24.78 24.76 24.74 24.81 24.81 24.79 24.88 24.95 24.97 24.94 24.82 24.73 24.69 24.79 24.88 24.9 24.93 24.96 24.97 24.97 24.97 24.97 24.97 24.97 24.97 24.97 24.97 24.97 24.97 24.91 24.76 24.56 24.39 24.36 24.34 24.26 24.17 24.19 24.28 24.08 24.04
24.42 24.3 24.41 24.45 24.3 24.02 24.01 24.24 24.47 24.59 24.73 24.85 24.91 24.93 24.94 24.94 24.93 24.92 24.93 24.94 24.96 24.96 24.96 24.95 24.92 24.88 24.87 24.87 24.76 24.46 24.24 24.27 24.33 24.38 24.45 24.59 24.7 24.66 24.69 24.73 24.66 24.64 24.8 24.93 24.95 24.87 24.7 24.61 24.57 24.65 24.71 24.72 24.83 24.91 24.94 24.95 24.96 24.97 24.97 24.96 24.97 24.97 24.97 24.97 24.97 24.91 24.74 24.51 24.28 24.18 24.16 24.13 24.06 24.07 24.21 24.07 24.03
24.18 24.26 24.31 24.3 24.14 23.97 24.12 24.39 24.61 24.77 24.87 24.91 24.91 24.9 24.9 24.87 24.8 24.76 24.76 24.83 24.92 24.94 24.92 24.84 24.75 24.63 24.61 24.65 24.51 24.24 24.08 24.14 24.23 24.33 24.45 24.57 24.63 24.59 24.58 24.59 24.53 24.53 24.69 24.88 24.94 24.84 24.63 24.48 24.43 24.48 24.5 24.55 24.7 24.83 24.84 24.85 24.9 24.9 24.9 24.92 24.96 24.97 24.97 24.97 24.97 24.94 24.81 24.58 24.35 24.17 24.06 24.03 23.97 23.95 24.09 24 23.91
23.93 24.05 24.04 24.04 23.9 23.82 24.08 24.41 24.64 24.8 24.88 24.88 24.8 24.77 24.75 24.67 24.51 24.38 24.43 24.63 24.85 24.89 24.78 24.58 24.41 24.31 24.29 24.29 24.18 24.02 23.96 24.05 24.18 24.33 24.45 24.52 24.54 24.48 24.43 24.45 24.44 24.46 24.63 24.84 24.92 24.87 24.73 24.5 24.34 24.3 24.31 24.41 24.58 24.69 24.66 24.64 24.71 24.71 24.74 24.86 24.95 24.97 24.97 24.97 24.97 24.96 24.89 24.75 24.6 24.44 24.27 24.16 23.98 23.82 23.92 23.85 23.73
23.68 23.75 23.67 23.66 23.6 23.72 24.05 24.4 24.65 24.81 24.86 24.81 24.65 24.54 24.49 24.38 24.17 24.03 24.19 24.51 24.75 24.74 24.58 24.29 24.06 23.96 23.95 23.91 23.86 23.85 23.89 24.01 24.16 24.29 24.36 24.37 24.36 24.35 24.3 24.32 24.35 24.41 24.61 24.81 24.86 24.82 24.76 24.56 24.33 24.18 24.18 24.34 24.47 24.55 24.51 24.43 24.44 24.48 24.63 24.83 24.94 24.97 24.97 24.97 24.97 24.97 24.95 24.88 24.78 24.67 24.53 24.34 24.01 23.69 23.71 23.67 23.58
23.54 23.47 23.35 23.38 23.54 23.86 24.21 24.49 24.68 24.79 24.8 24.75 24.6 24.4 24.21 24.05 23.86 23.84 24.12 24.44 24.58 24.49 24.33 24.04 23.78 23.67 23.67 23.66 23.67 23.74 23.86 23.99 24.11 24.18 24.22 24.19 24.2 24.22 24.16 24.17 24.23 24.36 24.57 24.73 24.7 24.6 24.57 24.45 24.26 24.11 24.1 24.25 24.32 24.39 24.36 24.21 24.2 24.35 24.58 24.81 24.94 24.97 24.97 24.97 24.97 24.97 24.95 24.9 24.81 24.68 24.52 24.27 23.88 23.53 23.49 23.53 23.61
23.74 23.63 23.36 23.4 23.63 23.96 24.31 24.56 24.69 24.73 24.69 24.62 24.54 24.36 24.09 23.8 23.61 23.73 24.08 24.32 24.34 24.19 24.02 23.81 23.58 23.5 23.51 23.53 23.6 23.68 23.8 23.91 23.99 24.04 24.06 24.04 24.07 24.11 24.06 24.08 24.16 24.31 24.52 24.61 24.5 24.35 24.31 24.26 24.12 23.98 23.95 24.06 24.14 24.23 24.19 24.03 24.08 24.29 24.52 24.75 24.91 24.95 24.96 24.97 24.97 24.96 24.94 24.9 24.81 24.68 24.46 24.1 23.68 23.34 23.28 23.45 23.73
24.09 23.87 23.51 23.5 23.65 23.9 24.25 24.5 24.58 24.63 24.53 24.36 24.36 24.3 24.06 23.71 23.52 23.7 24 24.1 24.02 23.84 23.67 23.57 23.51 23.52 23.56 23.6 23.7 23.73 23.79 23.87 23.94 23.98 23.98 23.99 24.06 24.12 24.12 24.18 24.2 24.25 24.39 24.47 24.4 24.29 24.23 24.17 24.05 23.88 23.77 23.84 23.96 24.06 23.99 23.91 24.04 24.26 24.46 24.66 24.83 24.92 24.95 24.95 24.95 24.95 24.92 24.83 24.72 24.62 24.43 24.06 23.59 23.26 23.3 23.55 23.8
24.13 23.86 23.54 23.52 23.64 23.8 24.06 24.22 24.3 24.45 24.38 24.08 24.03 24.1 23.95 23.62 23.45 23.58 23.74 23.72 23.63 23.5 23.45 23.49 23.59 23.69 23.77 23.8 23.9 23.91 23.92 23.99 24.07 24.12 24.1 24.12 24.19 24.26 24.28 24.35 24.33 24.26 24.29 24.35 24.33 24.28 24.23 24.14 24 23.81 23.66 23.7 23.82 23.9 23.86 23.85 23.98 24.18 24.36 24.53 24.72 24.88 24.94 24.95 24.95 24.94 24.87 24.7 24.5 24.41 24.3 24.01 23.63 23.43 23.51 23.73 23.92
23.94 23.73 23.48 23.48 23.59 23.65 23.74 23.81 23.92 24.22 24.25 23.91 23.64 23.78 23.7 23.47 23.29 23.3 23.36 23.34 23.28 23.32 23.44 23.62 23.78 23.9 24.03 24.04 24.12 24.13 24.12 24.2 24.28 24.34 24.32 24.29 24.36 24.43 24.44 24.49 24.49 24.43 24.39 24.33 24.24 24.16 24.1 24.03 23.91 23.71 23.58 23.61 23.73 23.84 23.88 23.94 23.99 24.07 24.22 24.4 24.63 24.84 24.91 24.93 24.94 24.91 24.79 24.56 24.31 24.18 24.11 23.93 23.73 23.7 23.78 23.86 24
23.65 23.51 23.39 23.41 23.49 23.49 23.51 23.53 23.65 23.94 23.93 23.65 23.4 23.54 23.44 23.26 23.11 23.07 23.1 23.1 23.14 23.37 23.6 23.81 24.01 24.14 24.25 24.3 24.35 24.38 24.35 24.4 24.44 24.52 24.54 24.5 24.54 24.61 24.61 24.63 24.63 24.56 24.44 24.32 24.21 24.12 24.03 23.89 23.69 23.52 23.56 23.66 23.8 23.9 24 24.11 24.14 24.12 24.23 24.42 24.66 24.81 24.83 24.86 24.9 24.83 24.65 24.43 24.23 24.12 24.07 23.98 23.89 23.93 24.02 24.01 24.07
23.64 23.52 23.38 23.36 23.39 23.39 23.39 23.45 23.64 23.84 23.67 23.45 23.28 23.35 23.27 23.12 23.05 23.05 23.04 23.05 23.14 23.45 23.75 23.94 24.08 24.2 24.32 24.43 24.52 24.59 24.61 24.61 24.6 24.68 24.75 24.73 24.71 24.77 24.78 24.77 24.71 24.55 24.36 24.29 24.28 24.25 24.12 23.88 23.61 23.52 23.63 23.75 23.88 24 24.12 24.23 24.31 24.34 24.44 24.59 24.69 24.65 24.63 24.74 24.81 24.68 24.45 24.27 24.22 24.19 24.19 24.14 24.07 24.07 24.17 24.18 24.21
23.85 23.69 23.51 23.38 23.32 23.3 23.29 23.37 23.59 23.71 23.55 23.32 23.23 23.26 23.25 23.22 23.26 23.3 23.23 23.27 23.37 23.59 23.84 24.02 24.08 24.16 24.27 24.41 24.54 24.65 24.75 24.77 24.77 24.83 24.89 24.89 24.87 24.9 24.88 24.79 24.63 24.5 24.48 24.49 24.5 24.39 24.24 24.02 23.74 23.6 23.64 23.74 23.83 23.96 24.09 24.16 24.29 24.47 24.54 24.55 24.5 24.46 24.54 24.64 24.62 24.47 24.29 24.23 24.31 24.34 24.34 24.28 24.15 24.13 24.27 24.34 24.38
24.03 23.91 23.77 23.52 23.29 23.18 23.1 23.15 23.38 23.49 23.43 23.39 23.4 23.41 23.36 23.36 23.46 23.58 23.58 23.6 23.74 23.89 24.01 24.19 24.23 24.21 24.27 24.4 24.55 24.69 24.78 24.84 24.87 24.91 24.94 24.95 24.94 24.95 24.87 24.66 24.49 24.58 24.74 24.78 24.7 24.56 24.38 24.14 23.87 23.64 23.6 23.69 23.77 23.87 23.95 24 24.11 24.23 24.27 24.28 24.3 24.37 24.43 24.4 24.35 24.36 24.35 24.41 24.53 24.53 24.48 24.37 24.16 24.12 24.33 24.47 24.53
24.08 23.92 23.76 23.52 23.29 23.13 22.99 22.99 23.17 23.28 23.36 23.52 23.62 23.64 23.49 23.43 23.52 23.73 23.89 23.88 23.97 24.15 24.27 24.43 24.47 24.34 24.27 24.37 24.58 24.73 24.76 24.83 24.9 24.94 24.96 24.96 24.96 24.95 24.89 24.75 24.75 24.86 24.89 24.83 24.66 24.48 24.22 24.02 23.82 23.67 23.63 23.67 23.7 23.73 23.79 23.9 23.99 24.07 24.14 24.22 24.3 24.36 24.35 24.33 24.31 24.4 24.48 24.57 24.65 24.57 24.47 24.35 24.2 24.08 24.2 24.41 24.56
23.87 23.7 23.55 23.38 23.27 23.17 23.04 22.98 23.09 23.24 23.39 23.63 23.77 23.79 23.67 23.57 23.56 23.74 24.01 24.11 24.08 24.28 24.45 24.59 24.63 24.53 24.46 24.58 24.78 24.84 24.77 24.8 24.88 24.94 24.96 24.96 24.96 24.96 24.94 24.9 24.91 24.94 24.93 24.81 24.56 24.37 24.22 24.05 23.93 23.86 23.77 23.7 23.66 23.62 23.64 23.77 23.92 24.05 24.13 24.23 24.32 24.4 24.45 24.47 24.42 24.46 24.58 24.68 24.71 24.62 24.48 24.34 24.19 24.06 24.13 24.35 24.58
23.72 23.59 23.51 23.4 23.3 23.19 23.05 23.02 23.14 23.32 23.47 23.67 23.84 23.92 23.89 23.81 23.68 23.83 24.11 24.26 24.2 24.32 24.49 24.67 24.76 24.74 24.7 24.78 24.89 24.92 24.88 24.88 24.92 24.95 24.96 24.96 24.96 24.96 24.96 24.95 24.96 24.96 24.93 24.84 24.66 24.54 24.43 24.3 24.21 24.11 23.96 23.86 23.78 23.66 23.59 23.74 23.92 24.02 24.09 24.22 24.37 24.47 24.55 24.63 24.57 24.52 24.62 24.73 24.77 24.68 24.55 24.44 24.28 24.15 24.23 24.41 24.66
23.63 23.52 23.49 23.43 23.34 23.23 23.09 23.06 23.19 23.35 23.48 23.65 23.85 24.06 24.15 24.16 23.99 23.99 24.22 24.39 24.38 24.43 24.53 24.7 24.84 24.88 24.89 24.92 24.95 24.95 24.95 24.95 24.96 24.96 24.96 24.96 24.96 24.96 24.96 24.96 24.96 24.96 24.94 24.89 24.82 24.78 24.7 24.56 24.47 24.3 24.18 24.11 24.05 23.89 23.69 23.77 23.9 23.97 24.02 24.14 24.26 24.35 24.49 24.69 24.74 24.64 24.64 24.75 24.83 24.77 24.66 24.5 24.34 24.26 24.38 24.52 24.76
23.57 23.47 23.48 23.45 23.39 23.29 23.16 23.14 23.26 23.37 23.45 23.58 23.77 24 24.15 24.36 24.38 24.19 24.24 24.41 24.53 24.6 24.65 24.76 24.89 24.94 24.95 24.95 24.96 24.96 24.96 24.96 24.96 24.96 24.96 24.96 24.96 24.96 24.96 24.96 24.96 24.96 24.96 24.94 24.94 24.92 24.87 24.78 24.69 24.52 24.44 24.37 24.28 24.07 23.77 23.74 23.85 23.97 24.08 24.19 24.3 24.39 24.54 24.75 24.86 24.82 24.78 24.83 24.91 24.88 24.81 24.6 24.46 24.48 24.58 24.73 24.9
23.49 23.47 23.51 23.48 23.4 23.3 23.19 23.21 23.3 23.35 23.41 23.47 23.56 23.72 23.92 24.3 24.55 24.4 24.29 24.34 24.48 24.65 24.75 24.8 24.89 24.95 24.96 24.96 24.96 24.96 24.96 24.96 24.96 24.96 24.96 -9999 24.96 24.96 24.96 24.96 24.96 24.96 24.96 24.96 24.96 24.96 24.94 24.91 24.83 24.73 24.65 24.56 24.43 24.16 23.83 23.69 23.83 24.05 24.22 24.33 24.44 24.53 24.68 24.83 24.91 24.93 24.92 24.93 24.95 24.95 24.91 24.77 24.68 24.76 24.8 24.88 24.95
