ASPA-UH-SWB2_REPO/input/Gridded_temps/prism_tmin_tutuila_30yr_normal_08.asc
ncols         350
nrows         200
xllcorner     515000
yllcorner     8409000
cellsize      100
NODATA_value  -9999
[rows 102 to 135 of 200, columns 0 to 77 of 350]
-9999 -9999 -9999 -9999 -9999 -9999 -9999 -9999 -9999 -9999 -9999 -9999 -9999 -9999 -9999 -9999 -9999 -9999 -9999 -9999 -9999 -9999 -9999 -9999 -9999 -9999 -9999 -9999 -9999 -9999 -9999 -9999 -9999 24 24 24 24 24 23.98 23.91 23.81 23.7 23.5 23.41 23.43 23.7 23.93 23.98 23.97 23.9 23.7 23.4 23.13 22.96 22.88 22.84 22.77 22.66 22.61 22.66 22.69 22.53 22.4 22.36 22.17 21.95 21.8 21.75 21.77 21.83 21.9 21.97 22.02 22.03 22.04 22.15 22.36 22.6
-9999 -9999 -9999 -9999 -9999 -9999 -9999 -9999 -9999 -9999 -9999 -9999 -9999 -9999 -9999 -9999 -9999 -9999 -9999 -9999 -9999 -9999 -9999 -9999 -9999 -9999 -9999 -9999 -9999 -9999 -9999 -9999 24 24 24 24 24 24 23.96 23.8 23.62 23.56 23.4 23.28 23.25 23.42 23.77 23.92 23.95 23.93 23.82 23.54 23.22 22.94 22.71 22.61 22.53 22.43 22.39 22.44 22.48 22.36 22.19 22.08 21.96 21.79 21.74 21.76 21.78 21.79 21.82 21.88 21.92 21.92 22 22.21 22.41 22.54
-9999 -9999 -9999 -9999 -9999 -9999 -9999 -9999 -9999 -9999 -9999 -9999 -9999 -9999 -9999 -9999 -9999 -9999 -9999 -9999 -9999 -9999 -9999 -9999 -9999 -9999 -9999 -9999 -9999 -9999 24 24 24 24 24 24 24 24 23.9 23.65 23.48 23.45 23.41 23.27 23.15 23.2 23.58 23.79 23.84 23.89 23.87 23.74 23.49 23.18 22.93 22.7 22.55 22.46 22.36 22.3 22.27 22.17 22.01 21.88 21.85 21.78 21.81 21.89 21.91 21.82 21.76 21.8 21.83 21.85 22 22.22 22.35 22.44
-9999 -9999 -9999 -9999 -9999 -9999 -9999 -9999 -9999 -9999 -9999 -9999 -9999 -9999 -9999 -9999 -9999 -9999 -9999 -9999 -9999 -9999 -9999 -9999 -9999 -9999 -9999 -9999 -9999 24 24 24 24 24 24 24 24 23.98 23.9 23.7 23.55 23.45 23.34 23.21 23.06 23.06 23.31 23.41 23.5 23.72 23.82 23.8 23.72 23.54 23.32 23.13 22.97 22.8 22.62 22.49 22.36 22.18 22.04 21.95 21.95 21.88 21.91 22 21.98 21.83 21.78 21.8 21.79 21.86 22.06 22.19 22.23 22.34
-9999 -9999 -9999 -9999 -9999 -9999 -9999 -9999 -9999 -9999 -9999 -9999 -9999 -9999 -9999 -9999 -9999 -9999 -9999 -9999 -9999 -9999 -9999 -9999 -9999 -9999 -9999 -9999 24 24 24 24 24 24 24 24 23.98 23.94 23.87 23.69 23.51 23.4 23.31 23.21 23.07 22.97 23.05 23.09 23.22 23.54 23.69 23.72 23.72 23.68 23.59 23.48 23.32 23.12 22.95 22.83 22.65 22.47 22.32 22.16 22.14 22.06 22.02 22.07 22.08 21.93 21.9 21.88 21.79 21.85 22.01 22.09 22.15 22.34
-9999 -9999 -9999 -9999 -9999 -9999 -9999 -9999 -9999 -9999 -9999 -9999 -9999 -9999 -9999 -9999 -9999 -9999 -9999 -9999 -9999 -9999 -9999 -9999 -9999 -9999 -9999 24 24 24 24 24 24 23.99 23.95 23.95 23.92 23.83 23.8 23.76 23.67 23.56 23.43 23.26 23.06 22.9 22.84 22.85 23.04 23.36 23.47 23.51 23.54 23.54 23.52 23.51 23.45 23.35 23.25 23.14 22.97 22.77 22.56 22.27 22.28 22.27 22.25 22.24 22.2 22.08 22.04 21.92 21.76 21.75 21.85 21.93 22.03 22.19
-9999 -9999 -9999 -9999 -9999 -9999 -9999 -9999 -9999 -9999 -9999 -9999 -9999 -9999 -9999 -9999 -9999 -9999 -9999 -9999 -9999 -9999 -9999 -9999 -9999 -9999 24 24 24 24 24 23.99 23.96 23.89 23.81 23.81 23.84 23.72 23.65 23.66 23.64 23.6 23.52 23.36 23.14 22.92 22.78 22.73 22.87 23.11 23.22 23.29 23.28 23.21 23.19 23.28 23.36 23.36 23.3 23.24 23.15 22.89 22.64 22.41 22.4 22.42 22.4 22.35 22.28 22.19 22.06 21.87 21.74 21.7 21.73 21.78 21.87 21.99
-9999 -9999 -9999 -9999 -9999 -9999 -9999 -9999 -9999 -9999 -9999 -9999 -9999 -9999 -9999 -9999 -9999 -9999 -9999 -9999 -9999 -9999 -9999 -9999 -9999 24 24 24 24 24 23.99 23.93 23.82 23.71 23.65 23.71 23.78 23.69 23.56 23.51 23.52 23.54 23.48 23.4 23.29 23.05 22.85 22.7 22.69 22.85 23 23.07 23 22.84 22.8 22.97 23.15 23.18 23.05 23.02 23.07 22.89 22.67 22.54 22.51 22.49 22.42 22.34 22.25 22.13 21.97 21.8 21.71 21.69 21.69 21.7 21.73 21.78
-9999 -9999 -9999 -9999 -9999 -9999 -9999 -9999 -9999 -9999 -9999 -9999 -9999 -9999 -9999 -9999 -9999 -9999 -9999 -9999 -9999 -9999 -9999 -9999 24 24 24 24 24 23.98 23.9 23.79 23.63 23.55 23.55 23.62 23.69 23.66 23.52 23.4 23.38 23.45 23.41 23.34 23.28 23.12 22.94 22.73 22.59 22.61 22.76 22.86 22.79 22.61 22.59 22.75 22.95 22.96 22.79 22.81 22.99 22.98 22.85 22.67 22.55 22.46 22.36 22.26 22.15 22.01 21.86 21.77 21.72 21.72 21.72 21.71 21.69 21.69
-9999 -9999 -9999 -9999 -9999 -9999 -9999 -9999 -9999 -9999 -9999 -9999 -9999 -9999 -9999 -9999 -9999 -9999 -9999 -9999 -9999 -9999 -9999 -9999 24 24 24 24 24 23.92 23.73 23.62 23.52 23.45 23.43 23.48 23.55 23.58 23.47 23.31 23.22 23.28 23.32 23.27 23.21 23.13 23.01 22.81 22.58 22.46 22.5 22.59 22.57 22.44 22.45 22.61 22.79 22.79 22.64 22.66 22.82 22.87 22.82 22.61 22.45 22.35 22.29 22.2 22.07 21.94 21.84 21.79 21.78 21.79 21.78 21.75 21.71 21.68
-9999 -9999 -9999 -9999 -9999 -9999 -9999 -9999 -9999 -9999 -9999 -9999 -9999 -9999 -9999 -9999 -9999 -9999 -9999 -9999 -9999 -9999 -9999 -9999 24 24 24 24 24 23.9 23.65 23.52 23.44 23.35 23.29 23.3 23.38 23.47 23.4 23.23 23.09 23.08 23.15 23.15 23.08 23.03 22.99 22.86 22.63 22.43 22.32 22.29 22.27 22.21 22.27 22.45 22.58 22.56 22.47 22.51 22.61 22.62 22.59 22.5 22.34 22.22 22.17 22.12 22.03 21.92 21.85 21.84 21.85 21.84 21.82 21.77 21.72 21.69
-9999 -9999 -9999 -9999 -9999 -9999 -9999 -9999 -9999 -9999 -9999 -9999 -9999 -9999 -9999 -9999 -9999 -9999 -9999 -9999 -9999 -9999 -9999 -9999 24 24 24 24 24 23.93 23.73 23.54 23.39 23.29 23.18 23.14 23.21 23.32 23.31 23.2 23.05 22.93 22.94 22.98 22.91 22.81 22.8 22.79 22.65 22.47 22.3 22.15 22.05 22.01 22.06 22.18 22.27 22.26 22.26 22.33 22.4 22.38 22.41 22.42 22.31 22.17 22.06 21.99 21.94 21.87 21.83 21.85 21.89 21.86 21.81 21.75 21.72 21.7
-9999 -9999 -9999 -9999 -9999 -9999 -9999 -9999 -9999 -9999 -9999 -9999 -9999 -9999 -9999 24.01 -9999 -9999 -9999 -9999 -9999 -9999 24 24 24 24 24 24 24 23.95 23.83 23.64 23.46 23.36 23.22 23.09 23.06 23.13 23.15 23.12 23.01 22.83 22.76 22.81 22.78 22.66 22.59 22.59 22.58 22.48 22.33 22.12 21.96 21.91 21.94 22.01 22.06 22.09 22.15 22.25 22.29 22.27 22.29 22.33 22.28 22.14 22.01 21.91 21.87 21.85 21.84 21.88 21.94 21.89 21.8 21.74 21.72 21.72
-9999 -9999 -9999 -9999 -9999 -9999 -9999 -9999 -9999 -9999 -9999 -9999 -9999 -9999 -9999 24.01 24.01 -9999 24.01 24.01 24.01 24.01 24 24 24 24 24 24 23.99 23.93 23.84 23.73 23.6 23.51 23.38 23.18 23.05 23 22.95 22.95 22.89 22.73 22.64 22.67 22.67 22.6 22.5 22.42 22.4 22.35 22.23 22.05 21.92 21.9 21.94 22.01 22.05 22.13 22.24 22.33 22.35 22.28 22.23 22.21 22.17 22.08 21.99 21.93 21.95 21.98 21.99 22.01 22.04 22.01 21.89 21.82 21.79 21.8
-9999 -9999 -9999 -9999 -9999 -9999 -9999 -9999 -9999 -9999 -9999 -9999 -9999 -9999 24.01 24.01 24.01 24.01 24.01 24.01 24.01 24 24 24 24 24 24 24 23.99 23.9 23.79 23.73 23.64 23.56 23.47 23.33 23.18 23.01 22.86 22.8 22.75 22.65 22.56 22.56 22.56 22.5 22.41 22.3 22.21 22.16 22.08 21.99 21.97 22 22.03 22.07 22.13 22.24 22.37 22.44 22.39 22.29 22.19 22.16 22.15 22.14 22.1 22.11 22.17 22.24 22.25 22.25 22.25 22.26 22.13 21.99 21.92 21.97
-9999 -9999 -9999 -9999 -9999 -9999 -9999 -9999 -9999 -9999 -9999 -9999 -9999 24.01 24.01 24.01 24.01 24.01 24.01 24.01 24.01 24 24 24 24 24 24 24 23.96 23.83 23.69 23.62 23.53 23.44 23.38 23.33 23.27 23.13 22.96 22.8 22.69 22.6 22.5 22.45 22.45 22.44 22.37 22.24 22.12 22.11 22.13 22.12 22.14 22.2 22.2 22.2 22.28 22.39 22.48 22.48 22.35 22.23 22.17 22.27 22.36 22.35 22.31 22.35 22.38 22.43 22.46 22.49 22.47 22.48 22.33 22.13 22.06 22.17
-9999 -9999 -9999 -9999 -9999 -9999 -9999 -9999 -9999 -9999 -9999 -9999 24.01 24.01 24.01 24.01 24.01 24.01 24.01 24.01 24 24 24 24 24 24 24 23.98 23.9 23.7 23.55 23.47 23.38 23.25 23.17 23.14 23.18 23.14 22.98 22.8 22.68 22.58 22.46 22.38 22.39 22.46 22.46 22.31 22.21 22.25 22.35 22.36 22.39 22.47 22.44 22.4 22.49 22.56 22.6 22.52 22.39 22.3 22.18 22.31 22.52 22.53 22.51 22.6 22.6 22.59 22.63 22.71 22.68 22.61 22.48 22.33 22.23 22.31
-9999 -9999 -9999 -9999 -9999 -9999 -9999 -9999 -9999 -9999 -9999 24.01 24.01 24.01 24.01 24.01 24.01 24.01 24.01 24.01 24 24 24 23.98 23.97 23.96 23.97 23.93 23.79 23.58 23.45 23.36 23.24 23.08 22.97 22.95 23.01 23.06 22.93 22.8 22.73 22.64 22.51 22.4 22.4 22.49 22.55 22.44 22.36 22.41 22.54 22.61 22.64 22.72 22.66 22.64 22.69 22.74 22.7 22.56 22.51 22.52 22.39 22.39 22.64 22.73 22.68 22.82 22.81 22.73 22.77 22.89 22.83 22.69 22.53 22.39 22.32 22.38
-9999 -9999 -9999 -9999 -9999 -9999 -9999 -9999 -9999 -9999 24.01 24.01 24.01 24.01 24.01 24.01 24.01 24.01 24.01 23.99 23.99 23.98 23.94 23.86 23.78 23.79 23.82 23.81 23.69 23.47 23.37 23.31 23.21 23.06 22.94 22.91 22.98 23.02 22.92 22.82 22.76 22.66 22.55 22.49 22.49 22.55 22.64 22.58 22.53 22.61 22.73 22.86 22.89 22.96 22.9 22.92 22.93 22.92 22.75 22.59 22.65 22.74 22.64 22.52 22.68 22.89 22.91 22.97 22.96 22.93 22.95 23 22.88 22.68 22.54 22.45 22.42 22.44
-9999 -9999 -9999 -9999 -9999 -9999 -9999 -9999 -9999 -9999 24.01 24.01 24.01 24.01 24.01 24.01 24.01 24 23.98 23.94 23.87 23.83 23.74 23.58 23.43 23.46 23.54 23.58 23.49 23.35 23.31 23.33 23.3 23.2 23.09 23.12 23.16 23.11 22.94 22.8 22.72 22.65 22.59 22.63 22.66 22.65 22.74 22.69 22.65 22.76 22.87 23.04 23.11 23.16 23.14 23.22 23.16 23.02 22.78 22.64 22.76 22.89 22.78 22.64 22.71 22.96 23.09 23.11 23.12 23.18 23.17 23.11 22.91 22.67 22.54 22.51 22.5 22.5
-9999 -9999 -9999 -9999 -9999 -9999 -9999 -9999 -9999 -9999 24.01 24.01 24.01 24.01 24.01 24.01 23.98 23.95 23.96 23.9 23.74 23.56 23.49 23.4 23.28 23.28 23.36 23.42 23.38 23.33 23.4 23.5 23.47 23.33 23.26 23.33 23.36 23.28 23.07 22.89 22.76 22.7 22.68 22.75 22.8 22.76 22.83 22.78 22.76 22.91 23.02 23.15 23.29 23.37 23.37 23.37 23.26 23.07 22.85 22.69 22.79 22.96 22.92 22.77 22.74 22.93 23.13 23.25 23.29 23.35 23.27 23.1 22.87 22.66 22.56 22.57 22.57 22.55
-9999 -9999 -9999 -9999 -9999 -9999 -9999 -9999 -9999 -9999 24.01 24.01 24.01 24.01 24.01 24 23.93 23.83 23.95 23.97 23.83 23.59 23.58 23.57 23.42 23.31 23.4 23.52 23.52 23.48 23.58 23.7 23.67 23.56 23.49 23.51 23.51 23.42 23.2 23.02 22.87 22.78 22.73 22.81 22.89 22.83 22.9 22.88 22.86 23 23.14 23.27 23.46 23.6 23.58 23.43 23.27 23.11 22.93 22.77 22.83 23.03 23.06 22.9 22.8 22.9 23.1 23.31 23.42 23.45 23.3 23.06 22.86 22.69 22.63 22.66 22.66 22.6
-9999 -9999 -9999 -9999 -9999 -9999 -9999 -9999 -9999 -9999 -9999 24.01 24.01 24.01 24.01 24 23.96 23.87 23.96 23.99 23.95 23.85 23.87 23.88 23.73 23.56 23.6 23.69 23.71 23.7 23.77 23.85 23.85 23.81 23.74 23.69 23.62 23.52 23.31 23.12 22.99 22.88 22.8 22.92 23.01 22.92 22.98 23 22.97 23.03 23.22 23.42 23.64 23.78 23.72 23.51 23.38 23.23 23.05 22.89 22.92 23.11 23.2 23.07 22.92 22.92 23.07 23.27 23.46 23.53 23.39 23.11 22.93 22.8 22.74 22.79 22.79 22.69
-9999 -9999 -9999 -9999 -9999 -9999 -9999 -9999 -9999 -9999 -9999 -9999 24.01 24.01 24.01 24.01 24 23.98 24 24 23.99 23.98 23.99 23.98 23.92 23.83 23.82 23.85 23.87 23.89 23.92 23.94 23.94 23.92 23.88 23.8 23.68 23.54 23.35 23.16 23.1 23 22.94 23.05 23.14 23.04 23.04 23.13 23.13 23.13 23.26 23.52 23.76 23.87 23.85 23.72 23.63 23.41 23.2 23.08 23.09 23.21 23.31 23.25 23.06 22.97 23.05 23.23 23.46 23.59 23.46 23.18 23.03 22.92 22.88 22.92 22.92 22.79
-9999 -9999 -9999 -9999 -9999 -9999 -9999 -9999 -9999 -9999 -9999 -9999 -9999 24.01 24.01 24.01 24 24 24 24 24 24 24 24 23.99 23.96 23.96 23.96 23.96 23.98 23.98 23.98 23.97 23.96 23.93 23.84 23.67 23.48 23.3 23.17 23.17 23.09 23.08 23.19 23.25 23.14 23.09 23.22 23.3 23.29 23.35 23.58 23.83 23.92 23.93 23.9 23.84 23.64 23.4 23.31 23.29 23.34 23.42 23.39 23.25 23.09 23.1 23.24 23.48 23.64 23.53 23.28 23.14 23.06 23.05 23.07 23.01 22.85
-9999 -9999 -9999 -9999 -9999 -9999 -9999 -9999 -9999 -9999 -9999 -9999 -9999 -9999 24.01 24.01 24 24 24 24 24 24 24 24 24 24 24 24 23.99 23.99 23.99 23.99 23.98 23.97 23.93 23.81 23.63 23.43 23.25 23.21 23.25 23.16 23.18 23.29 23.35 23.27 23.18 23.27 23.44 23.46 23.46 23.66 23.87 23.95 23.97 23.96 23.94 23.83 23.65 23.54 23.46 23.44 23.51 23.51 23.41 23.25 23.18 23.26 23.44 23.65 23.65 23.43 23.26 23.23 23.24 23.17 23.03 22.89
-9999 -9999 -9999 -9999 -9999 -9999 -9999 -9999 -9999 -9999 -9999 -9999 -9999 -9999 -9999 24 24 24 24 24 24 24 24 24 24 24 24 24 23.99 23.99 23.99 23.99 23.99 23.98 23.91 23.73 23.55 23.44 23.35 23.35 23.33 23.23 23.27 23.37 23.44 23.39 23.29 23.38 23.57 23.67 23.71 23.83 23.94 23.97 23.97 23.97 23.97 23.93 23.86 23.74 23.57 23.49 23.56 23.61 23.53 23.39 23.28 23.31 23.4 23.61 23.74 23.59 23.39 23.38 23.32 23.17 23.05 22.96
-9999 -9999 -9999 -9999 -9999 -9999 -9999 -9999 -9999 -9999 -9999 -9999 -9999 -9999 -9999 24 24 24 24 -9999 24 24 24 24 24 24 24 23.99 23.99 23.99 23.99 23.99 23.99 23.98 23.92 23.85 23.78 23.73 23.61 23.5 23.39 23.28 23.34 23.45 23.54 23.49 23.39 23.5 23.71 23.84 23.9 23.94 23.97 23.97 23.97 23.97 23.96 23.96 23.93 23.83 23.63 23.53 23.59 23.67 23.64 23.51 23.39 23.39 23.46 23.63 23.78 23.65 23.49 23.46 23.35 23.21 23.14 23.11
-9999 -9999 -9999 -9999 -9999 -9999 -9999 -9999 -9999 -9999 -9999 -9999 -9999 -9999 -9999 -9999 24 24 -9999 -9999 -9999 24 24 24 24 24 24 23.99 23.99 23.99 23.99 23.99 23.99 23.97 23.91 23.93 23.94 23.93 23.87 23.76 23.59 23.44 23.42 23.57 23.69 23.59 23.46 23.57 23.79 23.92 23.96 23.97 23.97 23.97 23.97 23.96 23.96 23.96 23.94 23.87 23.73 23.61 23.65 23.73 23.72 23.59 23.46 23.47 23.58 23.74 23.82 23.65 23.52 23.53 23.44 23.32 23.25 23.26
-9999 -9999 -9999 -9999 -9999 -9999 -9999 -9999 -9999 -9999 -9999 -9999 -9999 -9999 -9999 -9999 -9999 -9999 -9999 -9999 -9999 -9999 -9999 -9999 24 24 24 23.99 23.99 23.99 23.99 23.99 23.99 23.98 23.95 23.97 23.98 23.98 23.97 23.95 23.91 23.76 23.61 23.7 23.81 23.67 23.52 23.66 23.87 23.95 23.97 23.97 23.97 23.97 23.96 23.96 23.96 23.96 23.93 23.87 23.76 23.65 23.7 23.78 23.77 23.63 23.5 23.56 23.7 23.81 23.85 23.68 23.54 23.63 23.59 23.44 23.38 23.41
-9999 -9999 -9999 -9999 -9999 -9999 -9999 -9999 -9999 -9999 -9999 -9999 -9999 -9999 -9999 -9999 -9999 -9999 -9999 -9999 -9999 -9999 -9999 -9999 -9999 24 24 23.99 23.99 -9999 23.99 23.99 23.99 23.99 23.98 23.98 23.98 23.98 23.98 23.98 23.97 23.93 23.89 23.9 23.91 23.81 23.64 23.71 23.9 23.96 23.97 23.97 23.97 23.96 23.96 23.96 23.96 23.96 23.94 23.87 23.76 23.68 23.76 23.85 23.85 23.75 23.59 23.66 23.81 23.89 23.9 23.77 23.59 23.69 23.67 23.54 23.54 23.56
-9999 -9999 -9999 -9999 -9999 -9999 -9999 -9999 -9999 -9999 -9999 -9999 -9999 -9999 -9999 -9999 -9999 -9999 -9999 -9999 -9999 -9999 -9999 -9999 -9999 -9999 -9999 -9999 -9999 -9999 -9999 23.99 23.99 23.99 23.99 23.98 23.98 23.98 23.98 23.98 23.98 23.98 23.97 23.97 23.96 23.93 23.83 23.83 23.93 23.97 23.97 23.97 23.97 23.96 23.96 23.96 23.96 23.96 23.95 23.92 23.87 23.82 23.88 23.92 23.93 23.87 23.76 23.76 23.89 23.94 23.93 23.81 23.65 23.76 23.76 23.69 23.68 23.64
-9999 -9999 -9999 -9999 -9999 -9999 -9999 -9999 -9999 -9999 -9999 -9999 -9999 -9999 -9999 -9999 -9999 -9999 -9999 -9999 -9999 -9999 -9999 -9999 -9999 -9999 -9999 -9999 -9999 -9999 -9999 -9999 23.99 23.99 23.99 23.98 23.98 23.98 23.98 23.98 23.98 23.98 23.98 23.98 23.97 23.96 23.95 23.94 23.97 23.97 23.97 23.97 23.96 23.96 23.96 23.96 23.96 23.96 23.96 23.95 23.94 23.94 23.95 23.95 23.95 23.93 23.88 23.87 23.93 23.96 23.94 23.83 23.69 23.82 23.86 23.82 23.73 23.61
-9999 -9999 -9999 -9999 -9999 -9999 -9999 -9999 -9999 -9999 -9999 -9999 -9999 -9999 -9999 -9999 -9999 -9999 -9999 -9999 -9999 -9999 -9999 -9999 -9999 -9999 -9999 -9999 -9999 -9999 -9999 -9999 -9999 23.99 23.99 23.98 23.98 23.98 23.98 23.98 23.98 23.98 23.98 23.97 23.97 23.97 23.97 23.97 23.97 23.97 23.97 23.97 23.96 -9999 -9999 23.96 23.96 23.96 23.96 23.96 23.96 23.96 23.96 23.96 23.96 23.95 23.94 23.94 23.96 23.96 23.95 23.88 23.78 23.88 23.92 23.89 23.77 23.65
