ASPA-UH-SWB2_REPO/input/Gridded_temps/prism_tmax_tutuila_30yr_normal_08.asc
ncols         350
nrows         200
xllcorner     515000
yllcorner     8409000
cellsize      100
NODATA_value  -9999
[rows 105 to 139 of 200, columns 77 to 153 of 350]
27.56 27.94 28.33 28.41 28.37 28.06 27.59 27.26 27.05 26.92 26.91 26.94 26.94 26.88 26.87 26.83 26.72 26.7 26.84 26.91 26.85 26.78 26.79 26.89 27.1 27.35 27.55 27.67 27.78 27.92 27.92 27.73 27.42 27.28 27.35 27.6 27.88 28.17 28.39 28.19 27.87 27.63 27.52 27.4 27.28 27.21 27.16 27.05 26.9 26.76 26.58 26.36 26.4 26.88 27.32 27.64 27.98 28.28 28.48 28.59 28.61 28.57 28.41 28.05 27.56 27.5 27.74 27.79 27.54 27.11 26.82 26.88 27.06 27.06 27.3 27.53 27.26
27.58 27.95 28.25 28.19 28.16 28.12 27.66 27.36 27.19 27.02 26.91 26.86 26.9 26.91 26.83 26.73 26.63 26.64 26.74 26.81 26.83 26.83 26.83 26.9 27.05 27.25 27.42 27.56 27.72 27.87 27.84 27.64 27.32 27.25 27.51 27.74 27.91 28.14 28.33 28.23 27.99 27.78 27.62 27.48 27.34 27.19 27.05 26.92 26.77 26.66 26.51 26.4 26.63 27.26 27.71 27.94 28.14 28.44 28.59 28.65 28.64 28.59 28.4 28.08 27.68 27.63 27.93 27.91 27.57 27.18 27.05 27.11 27.22 27.22 27.42 27.74 27.66
27.42 27.69 27.93 27.76 27.64 27.85 27.62 27.44 27.33 27.21 27.08 26.98 26.94 26.88 26.77 26.67 26.64 26.71 26.8 26.85 26.87 26.88 26.89 26.94 27.05 27.27 27.54 27.72 27.81 27.76 27.58 27.39 27.21 27.41 27.72 27.91 28.06 28.14 28.16 28.08 28.01 27.93 27.76 27.62 27.51 27.34 27.16 26.97 26.81 26.64 26.47 26.53 27.03 27.6 27.92 28.21 28.37 28.56 28.66 28.68 28.66 28.62 28.49 28.2 27.82 27.85 28.12 27.96 27.66 27.35 27.33 27.41 27.42 27.42 27.6 27.91 27.96
27.18 27.36 27.46 27.4 27.34 27.46 27.49 27.45 27.39 27.3 27.16 27.02 26.91 26.83 26.74 26.67 26.68 26.77 26.86 26.9 26.91 26.93 26.96 27.03 27.16 27.39 27.6 27.62 27.56 27.4 27.22 27.17 27.32 27.61 27.81 27.91 27.97 27.92 27.89 27.8 27.79 27.88 27.78 27.6 27.42 27.28 27.16 26.97 26.76 26.54 26.51 26.8 27.33 27.85 28.23 28.45 28.55 28.64 28.69 28.69 28.68 28.65 28.56 28.31 28 28.02 28.25 28.21 28.02 27.67 27.71 27.77 27.66 27.53 27.72 28.06 28.18
26.94 27.03 27.11 27.14 27.15 27.24 27.34 27.36 27.34 27.27 27.14 27.01 26.88 26.78 26.72 26.67 26.7 26.77 26.86 26.91 26.94 26.96 27 27.09 27.27 27.43 27.42 27.25 27.07 26.95 26.92 27.17 27.52 27.65 27.68 27.68 27.74 27.72 27.67 27.6 27.62 27.73 27.73 27.59 27.37 27.15 26.97 26.8 26.62 26.5 26.71 27.01 27.42 27.93 28.34 28.55 28.64 28.68 28.7 28.7 28.69 28.66 28.6 28.42 28.12 28.03 28.28 28.5 28.31 27.99 28.06 28.1 27.83 27.66 27.76 28.17 28.44
26.85 26.87 26.91 26.96 27.02 27.1 27.18 27.2 27.2 27.2 27.12 27.03 26.9 26.77 26.71 26.7 26.72 26.78 26.84 26.89 26.92 26.93 26.94 26.97 27.08 27.15 27.07 26.92 26.81 26.8 26.94 27.27 27.4 27.39 27.39 27.42 27.52 27.53 27.44 27.42 27.49 27.55 27.57 27.48 27.3 27.12 26.97 26.79 26.61 26.64 27 27.35 27.6 28.02 28.4 28.6 28.68 28.7 28.71 28.71 28.69 28.62 28.5 28.24 27.88 27.74 28.03 28.49 28.53 28.34 28.34 28.26 27.88 27.87 27.93 28.27 28.62
26.85 26.86 26.89 26.93 26.97 27.01 27.03 27.03 27.08 27.16 27.14 27.04 26.91 26.8 26.75 26.74 26.75 26.79 26.83 26.85 26.85 26.84 26.82 26.82 26.85 26.83 26.79 26.75 26.74 26.78 26.91 27.03 27.04 27.01 27.03 27.14 27.32 27.34 27.25 27.31 27.43 27.46 27.46 27.4 27.29 27.16 27.02 26.81 26.64 26.76 27.18 27.51 27.89 28.28 28.52 28.66 28.7 28.71 28.71 28.7 28.67 28.54 28.25 27.88 27.42 27.22 27.58 28.25 28.62 28.63 28.55 28.29 27.97 28.1 28.19 28.41 28.73
26.88 26.9 26.94 26.95 26.95 26.93 26.92 26.94 27.03 27.12 27.11 27.03 26.94 26.88 26.82 26.78 26.77 26.78 26.78 26.77 26.76 26.74 26.73 26.73 26.73 26.73 26.73 26.73 26.74 26.75 26.78 26.77 26.76 26.76 26.8 26.93 27.11 27.2 27.22 27.33 27.47 27.45 27.43 27.38 27.26 27.08 26.94 26.85 26.78 26.84 27.19 27.56 28.07 28.48 28.63 28.7 28.71 28.71 28.71 28.69 28.63 28.45 28.01 27.52 27.01 26.72 27.13 27.93 28.49 28.7 28.66 28.4 28.25 28.36 28.46 28.54 28.8
26.89 26.95 27.04 27.07 27.04 26.94 26.92 26.94 27.02 27.11 27.14 27.09 27.03 26.96 26.87 26.8 26.77 26.75 26.72 26.7 26.68 26.65 26.64 26.65 26.65 26.67 26.69 26.7 26.71 26.71 26.7 26.7 26.73 26.76 26.8 26.86 26.98 27.21 27.35 27.47 27.58 27.54 27.5 27.42 27.26 27.08 26.98 26.98 26.91 26.84 27.2 27.63 28.16 28.52 28.66 28.71 28.71 28.71 28.7 28.66 28.51 28.23 27.84 27.19 26.81 26.76 27.15 27.88 28.46 28.73 28.75 28.62 28.53 28.59 28.69 28.71 28.85
26.93 27 27.15 27.26 27.28 27.08 27.04 27.05 27.09 27.2 27.23 27.13 27.03 26.96 26.88 26.82 26.77 26.73 26.69 26.65 26.62 26.59 26.57 26.57 26.58 26.61 26.63 26.65 26.66 26.66 26.68 26.72 26.77 26.82 26.91 27 27.13 27.35 27.52 27.65 27.72 27.7 27.62 27.45 27.27 27.17 27.12 27.1 26.93 26.83 27.27 27.7 28.24 28.54 28.67 28.71 28.71 28.71 28.69 28.58 28.23 27.82 27.48 27.07 27.05 27.34 27.67 28.1 28.56 28.77 28.81 28.78 28.73 28.76 28.82 28.84 28.88
27.03 27.11 27.22 27.38 27.48 27.35 27.3 27.29 27.33 27.46 27.38 27.17 27.05 27 26.92 26.84 26.8 26.74 26.68 26.63 26.58 26.54 26.52 26.51 26.51 26.51 26.54 26.56 26.58 26.62 26.7 26.88 27 27.01 27.03 27.11 27.28 27.45 27.6 27.77 27.84 27.83 27.76 27.57 27.36 27.29 27.22 27.08 26.93 26.92 27.24 27.56 28.02 28.42 28.65 28.7 28.71 28.71 28.66 28.47 28.05 27.76 27.52 27.36 27.4 27.75 28.23 28.5 28.69 28.8 28.83 28.83 28.83 28.84 28.87 28.88 28.89
27.24 27.37 27.46 27.53 27.63 27.68 27.62 27.59 27.62 27.76 27.63 27.41 27.25 27.18 27.03 26.89 26.82 26.76 26.69 26.63 26.56 26.5 26.47 26.45 26.42 26.39 26.37 26.38 26.44 26.56 26.77 27.09 27.32 27.38 27.35 27.29 27.27 27.37 27.56 27.81 27.91 27.9 27.85 27.7 27.53 27.39 27.24 27.09 27.06 27.15 27.46 27.72 28.06 28.45 28.65 28.7 28.71 28.7 28.65 28.49 28.28 28.08 27.85 27.76 27.6 27.81 28.25 28.61 28.77 28.82 28.83 28.84 28.85 28.87 28.88 28.89 28.9
27.48 27.62 27.72 27.76 27.78 27.87 27.89 27.87 27.86 27.98 27.92 27.68 27.51 27.35 27.12 26.98 26.87 26.79 26.72 26.65 26.55 26.47 26.43 26.41 26.36 26.31 26.23 26.18 26.33 26.62 26.9 27.1 27.37 27.55 27.58 27.56 27.5 27.57 27.74 27.89 27.96 27.94 27.83 27.62 27.44 27.28 27.19 27.18 27.25 27.4 27.7 27.99 28.26 28.55 28.67 28.7 28.7 28.7 28.67 28.61 28.55 28.38 28.2 28.14 27.89 27.9 28.12 28.66 28.79 28.82 28.83 28.85 28.86 28.87 28.88 28.89 28.9
27.65 27.8 27.91 27.95 27.89 27.94 28.08 28.11 28.03 28.13 28.05 27.76 27.67 27.5 27.28 27.07 26.91 26.85 26.79 26.71 26.57 26.45 26.44 26.5 26.41 26.32 26.23 26.25 26.56 27 27.21 27.18 27.31 27.53 27.63 27.68 27.71 27.78 27.88 27.96 27.99 27.97 27.84 27.56 27.36 27.27 27.31 27.33 27.49 27.76 27.91 28.19 28.44 28.61 28.68 28.7 28.7 28.7 28.69 28.68 28.65 28.56 28.51 28.49 28.33 28.3 28.36 28.72 28.8 28.82 28.83 28.85 28.86 28.87 28.88 28.89 28.9
27.73 27.91 28.07 28.12 28.02 27.95 28.13 28.31 28.29 28.31 28.21 27.99 27.91 27.64 27.34 27.12 27 26.98 26.95 26.85 26.7 26.58 26.44 26.45 26.45 26.42 26.35 26.48 26.85 27.26 27.42 27.38 27.37 27.51 27.62 27.69 27.77 27.85 27.92 27.99 28.02 28 27.83 27.57 27.5 27.46 27.44 27.44 27.79 28.05 28.19 28.36 28.57 28.66 28.69 28.7 28.7 28.7 28.7 28.7 28.69 28.68 28.68 28.68 28.66 28.65 28.68 28.78 28.81 28.82 28.83 28.84 28.85 28.88 28.88 28.89 28.9
27.81 27.96 28.16 28.26 28.23 28.17 28.29 28.48 28.52 28.47 28.34 28.18 28.04 27.78 27.52 27.3 27.18 27.18 27.18 27.08 26.98 26.88 26.73 26.59 26.6 26.62 26.59 26.75 27.12 27.39 27.48 27.45 27.43 27.53 27.61 27.68 27.78 27.87 27.93 27.99 28.04 28.02 27.89 27.7 27.67 27.65 27.59 27.57 27.9 28.23 28.44 28.55 28.65 28.69 28.7 28.7 28.71 28.7 28.7 28.7 28.71 28.72 28.73 28.73 28.74 28.75 28.77 28.79 28.81 28.82 28.83 28.85 28.86 28.88 28.88 28.88 28.89
27.89 27.94 28.07 28.25 28.37 28.45 28.54 28.64 28.59 28.4 28.14 28 27.95 27.84 27.63 27.46 27.36 27.37 27.37 27.31 27.29 27.22 27.12 26.92 26.86 26.85 26.89 27.07 27.31 27.43 27.41 27.32 27.38 27.56 27.65 27.71 27.81 27.9 27.97 28.03 28.08 28.07 28.02 27.91 27.85 27.83 27.69 27.65 27.9 28.24 28.52 28.66 28.7 28.71 28.71 28.71 28.71 28.71 28.7 28.71 28.72 28.73 28.74 28.74 28.76 28.77 28.78 28.79 28.8 28.82 28.83 28.84 28.85 28.87 28.88 28.88 28.88
27.95 27.93 27.98 28.14 28.34 28.55 28.68 28.66 28.46 28.18 27.99 27.9 27.82 27.74 27.67 27.56 27.49 27.51 27.52 27.5 27.56 27.51 27.35 27.12 27.04 27.1 27.15 27.23 27.36 27.4 27.26 27.13 27.35 27.59 27.69 27.77 27.86 27.96 28.03 28.09 28.12 28.11 28.09 28.04 28.02 28 27.87 27.88 28.15 28.41 28.6 28.69 28.72 28.72 28.72 28.71 28.71 28.71 28.71 28.72 28.73 28.73 28.74 28.75 28.76 28.77 28.78 28.79 28.8 28.82 28.83 28.84 28.84 28.85 28.86 28.87 28.88
28.02 27.96 27.99 28.15 28.37 28.58 28.72 28.66 28.38 28.09 27.99 27.93 27.78 27.75 27.74 27.65 27.61 27.63 27.66 27.67 27.75 27.64 27.42 27.29 27.22 27.31 27.41 27.32 27.3 27.33 27.22 27.21 27.47 27.68 27.77 27.85 27.92 27.99 28.07 28.14 28.15 28.14 28.13 28.13 28.2 28.26 28.21 28.17 28.43 28.61 28.68 28.72 28.72 28.72 28.72 28.72 28.72 28.72 28.72 28.73 28.74 28.75 28.75 28.75 28.77 28.78 28.79 28.79 28.8 28.82 28.83 28.84 28.84 28.84 28.85 28.86 28.87
28.13 28.02 28.06 28.24 28.46 28.62 28.77 28.72 28.46 28.23 28.13 28.03 27.81 27.81 27.87 27.78 27.73 27.74 27.81 27.85 27.93 27.74 27.58 27.52 27.44 27.51 27.67 27.5 27.32 27.32 27.33 27.42 27.65 27.79 27.87 27.94 27.99 28.04 28.1 28.15 28.17 28.17 28.16 28.19 28.33 28.45 28.46 28.43 28.56 28.67 28.71 28.72 28.72 28.73 28.73 28.72 28.72 28.73 28.74 28.75 28.75 28.76 28.76 28.77 28.77 28.78 28.79 28.8 28.81 28.82 28.83 28.83 28.83 28.84 28.85 28.86 28.87
28.25 28.11 28.16 28.41 28.62 28.72 28.9 28.89 28.66 28.51 28.38 28.23 27.96 27.94 28.01 27.91 27.83 27.85 27.99 28.13 28.14 27.95 27.88 27.75 27.64 27.76 27.93 27.74 27.5 27.49 27.54 27.7 27.89 27.96 28.01 28.05 28.09 28.11 28.14 28.18 28.19 28.18 28.19 28.25 28.39 28.51 28.55 28.57 28.63 28.68 28.71 28.72 28.73 28.73 28.73 28.74 28.74 28.75 28.75 28.75 28.76 28.76 28.77 28.78 28.78 28.79 28.8 28.81 28.81 28.82 28.83 28.83 28.83 28.84 28.85 28.86 28.87
28.32 28.17 28.23 28.53 28.8 28.89 29.08 29.14 28.94 28.8 28.64 28.4 28.13 28.08 28.11 28.02 27.94 27.98 28.24 28.48 28.4 28.33 28.25 28.01 27.97 28.14 28.17 27.86 27.62 27.67 27.77 27.93 28.08 28.15 28.18 28.19 28.2 28.2 28.2 28.21 28.2 28.2 28.22 28.31 28.44 28.52 28.57 28.61 28.65 28.68 28.71 28.73 28.74 28.74 28.74 28.74 28.75 28.75 28.75 28.75 28.76 28.76 28.77 28.78 28.79 28.8 28.8 28.81 28.81 28.82 28.82 28.83 28.83 28.84 28.85 28.86 28.87
28.36 28.24 28.28 28.59 28.91 29.06 29.22 29.32 29.21 29.03 28.74 28.44 28.21 28.14 28.15 28.1 28.05 28.2 28.49 28.69 28.6 28.63 28.53 28.4 28.39 28.43 28.29 27.88 27.61 27.71 27.88 28.07 28.19 28.25 28.28 28.29 28.28 28.27 28.26 28.26 28.24 28.24 28.27 28.36 28.46 28.52 28.57 28.62 28.66 28.7 28.73 28.74 28.74 28.74 28.74 28.73 28.74 28.75 28.75 28.75 28.76 28.76 28.77 28.77 28.78 28.79 28.79 28.8 28.81 28.81 28.82 28.83 28.83 28.85 28.85 28.86 28.88
28.46 28.39 28.4 28.6 28.97 29.19 29.32 29.41 29.36 29.09 28.72 28.44 28.23 28.18 28.2 28.19 28.17 28.37 28.66 28.82 28.82 28.82 28.75 28.68 28.63 28.58 28.37 27.97 27.6 27.6 27.85 28.09 28.24 28.31 28.35 28.36 28.35 28.34 28.33 28.32 28.32 28.32 28.35 28.42 28.49 28.54 28.59 28.64 28.68 28.71 28.74 28.75 28.75 28.74 28.73 28.73 28.73 28.74 28.74 28.75 28.75 28.76 28.77 28.77 28.77 28.78 28.79 28.79 28.8 28.81 28.82 28.83 28.84 28.85 28.85 28.86 28.88
28.64 28.6 28.58 28.68 29.06 29.3 29.41 29.47 29.42 29.17 28.84 28.47 28.26 28.27 28.3 28.31 28.27 28.39 28.65 28.86 28.95 28.96 28.91 28.82 28.76 28.67 28.49 28.15 27.78 27.69 27.78 28 28.2 28.33 28.39 28.41 28.42 28.41 28.4 28.38 28.38 28.39 28.43 28.49 28.54 28.59 28.63 28.66 28.7 28.73 28.75 28.76 28.75 28.74 28.74 28.74 28.74 28.74 28.74 28.75 28.75 28.76 28.77 28.77 28.77 28.78 28.79 28.79 28.8 28.81 28.81 28.83 28.84 28.84 28.85 28.86 28.87
28.81 28.8 28.78 28.76 28.97 29.24 29.4 29.5 29.45 29.2 28.86 28.58 28.46 28.45 28.36 28.26 28.23 28.33 28.54 28.81 28.99 29.05 29.02 28.92 28.86 28.76 28.58 28.27 28.04 27.89 27.84 27.94 28.09 28.29 28.43 28.47 28.47 28.46 28.45 28.43 28.42 28.44 28.49 28.54 28.59 28.64 28.67 28.7 28.73 28.75 28.76 28.76 28.76 28.75 28.75 28.75 28.75 28.74 28.74 28.75 28.76 28.76 28.77 28.78 28.78 28.78 28.79 28.79 28.79 28.8 28.81 28.83 28.83 28.84 28.84 28.86 28.87
28.99 28.98 28.94 28.92 28.91 28.98 29.31 29.5 29.51 29.32 29.04 28.74 28.59 28.58 28.48 28.39 28.38 28.4 28.47 28.73 28.96 29.08 29.1 29.03 28.95 28.81 28.54 28.27 28.16 28.07 28 28.05 28.15 28.35 28.47 28.5 28.5 28.5 28.49 28.48 28.47 28.49 28.54 28.58 28.62 28.66 28.69 28.73 28.75 28.77 28.77 28.77 28.77 28.76 28.76 28.76 28.76 28.75 28.75 28.76 28.77 28.77 28.78 28.78 28.78 28.78 28.79 28.79 28.79 28.8 28.81 28.83 28.83 28.83 28.84 28.85 28.87
29.18 29.12 29.07 29.09 28.97 28.97 29.29 29.51 29.56 29.47 29.23 28.86 28.66 28.67 28.64 28.65 28.69 28.66 28.57 28.72 28.97 29.12 29.18 29.13 29.02 28.79 28.46 28.26 28.25 28.2 28.14 28.17 28.23 28.35 28.48 28.53 28.53 28.53 28.53 28.54 28.53 28.54 28.58 28.61 28.66 28.69 28.72 28.75 28.77 28.77 28.77 28.77 28.77 28.76 28.77 28.77 28.77 28.76 28.76 28.77 28.77 28.78 28.78 28.78 28.79 28.79 28.79 28.79 28.79 28.8 28.81 28.83 28.83 28.83 28.84 28.85 28.87
29.26 29.18 29.16 29.18 29.09 29.13 29.38 29.54 29.58 29.53 29.32 28.92 28.67 28.71 28.78 28.87 28.98 28.92 28.74 28.83 29.08 29.2 29.25 29.21 29.09 28.84 28.48 28.3 28.31 28.32 28.28 28.28 28.28 28.33 28.48 28.57 28.58 28.57 28.57 28.58 28.58 28.59 28.61 28.64 28.68 28.71 28.74 28.76 28.77 28.77 28.77 28.77 28.77 28.76 28.76 28.77 28.77 28.77 28.77 28.78 28.78 28.78 28.79 28.79 28.79 28.79 28.79 28.8 28.8 28.81 28.82 28.83 28.83 28.84 28.85 28.85 28.87
29.22 29.19 29.28 29.28 29.29 29.41 29.51 29.58 29.59 29.54 29.33 28.92 28.71 28.76 28.9 29.04 29.15 29.08 28.91 29 29.19 29.27 29.29 29.25 29.14 28.87 28.53 28.34 28.34 28.39 28.39 28.38 28.33 28.34 28.51 28.61 28.63 28.61 28.62 28.61 28.61 28.62 28.64 28.66 28.69 28.73 28.75 28.76 28.76 28.77 28.76 28.76 28.75 28.75 28.75 28.76 28.77 28.77 28.77 28.78 28.78 28.79 28.8 28.8 28.8 28.8 28.8 28.8 28.81 28.81 28.82 28.83 28.84 28.85 28.85 28.86 28.87
29.28 29.33 29.43 29.41 29.48 29.56 29.59 29.6 29.57 29.46 29.18 28.87 28.77 28.84 29 29.17 29.26 29.23 29.15 29.18 29.27 29.31 29.31 29.28 29.19 28.97 28.69 28.43 28.34 28.4 28.45 28.43 28.35 28.33 28.5 28.63 28.67 28.67 28.67 28.66 28.66 28.65 28.66 28.68 28.71 28.73 28.75 28.76 28.77 28.76 28.76 28.75 28.75 28.75 28.75 28.75 28.76 28.77 28.77 28.78 28.79 28.79 28.81 28.81 28.81 28.81 28.81 28.81 28.81 28.82 28.82 28.83 28.84 28.85 28.86 28.86 28.87
29.4 29.48 29.55 29.55 29.58 29.61 29.61 29.6 29.52 29.28 28.99 28.82 28.8 28.86 29.01 29.19 29.3 29.31 29.28 29.29 29.32 29.33 29.32 29.3 29.25 29.1 28.85 28.52 28.35 28.37 28.46 28.45 28.37 28.31 28.44 28.61 28.7 28.71 28.7 28.7 28.69 28.69 28.69 28.7 28.72 28.73 28.75 28.76 28.76 28.76 28.75 28.75 28.75 28.75 28.75 28.75 28.76 28.77 28.77 28.78 28.79 28.79 28.81 28.81 28.81 28.81 28.81 28.82 28.82 28.82 28.83 28.83 28.84 28.85 28.86 28.86 28.87
29.47 29.55 29.6 29.61 29.62 29.62 29.62 29.6 29.5 29.23 28.97 28.85 28.83 28.86 28.94 29.13 29.29 29.32 29.32 29.33 29.34 29.34 29.34 29.32 29.26 29.09 28.84 28.56 28.4 28.35 28.42 28.47 28.41 28.36 28.44 28.61 28.71 28.73 28.72 28.72 28.72 28.72 28.72 28.72 28.73 28.74 28.74 28.75 28.75 28.75 28.75 28.75 28.75 28.75 28.76 28.76 28.77 28.77 28.78 28.79 28.79 28.79 28.8 28.8 28.81 28.81 28.82 28.83 28.83 28.83 28.84 28.84 28.84 28.85 28.86 28.86 28.87
29.55 29.6 29.62 29.63 29.63 29.62 29.62 29.6 29.52 29.28 29.04 28.92 28.93 28.96 28.97 29.09 29.25 29.31 29.34 29.35 29.35 29.35 29.34 29.32 29.24 29.03 28.77 28.57 28.44 28.34 28.38 28.48 28.47 28.44 28.5 28.63 28.73 28.75 28.74 28.74 28.74 28.74 28.74 28.73 28.74 28.74 28.74 28.74 28.74 28.74 28.75 28.76 28.76 28.77 28.77 28.77 28.78 28.78 28.78 28.79 28.79 28.8 28.8 28.8 28.81 28.82 28.83 28.84 28.84 28.84 28.84 28.84 28.85 28.86 28.86 28.87 28.87
29.62 29.63 29.64 29.64 29.63 29.62 29.61 29.59 29.53 29.33 29.15 29.05 29.14 29.2 29.14 29.15 29.2 29.29 29.34 29.36 29.35 29.35 29.34 29.32 29.21 28.96 28.7 28.57 28.47 28.38 28.39 28.5 28.52 28.48 28.5 28.6 28.71 28.76 28.76 28.75 28.75 28.75 28.75 28.74 28.74 28.74 28.74 28.73 28.74 28.74 28.75 28.76 28.77 28.77 28.78 28.78 28.79 28.79 28.79 28.79 28.79 28.8 28.8 28.81 28.82 28.83 28.84 28.85 28.85 28.85 28.85 28.85 28.86 28.87 28.87 28.88 28.88
