ASPA-UH-SWB2_REPO/input/Gridded_temps/prism_tmin_tutuila_30yr_normal_05.asc
ncols         350
nrows         200
xllcorner     515000
yllcorner     8409000
cellsize      100
NODATA_value  -9999
[rows 68 to 101 of 200, columns 154 to 230 of 350]
24.58 24.43 24.29 24.16 24.03 23.86 23.66 23.46 23.51 23.89 24.3 24.61 24.8 24.9 24.94 24.95 24.96 24.96 24.97 24.98 24.98 24.99 24.99 24.99 24.99 25 25 25 25 25 25 25.01 25.01 25.01 25.01 25.01 25.02 25.02 25.02 25.02 25.02 25.02 25.03 25.03 25.03 25.03 25.03 25.04 25.04 25.04 25.04 25.04 25.04 25.05 25.05 25.05 25.05 25.05 25.01 24.83 24.49 24.2 24.03 23.68 23.33 22.92 22.57 22.36 22.24 22.28 22.54 22.66 22.6 22.81 23.19 23.51 23.73
24.47 24.34 24.16 23.98 23.86 23.72 23.52 23.35 23.53 23.96 24.37 24.65 24.83 24.92 24.95 24.94 24.93 24.92 24.92 24.94 24.96 24.97 24.98 24.98 24.98 24.99 24.99 24.99 25 25 25 25 25 25.01 25.01 25.01 25.01 25.01 25.02 25.02 25.02 25.02 25.02 25.02 25.03 25.03 25.03 25.03 25.04 25.04 25.04 25.04 25.04 25.04 25.05 25.05 25.05 25.04 24.96 24.67 24.34 24.06 23.84 23.55 23.2 22.8 22.56 22.65 22.72 22.6 22.45 22.41 22.51 22.95 23.34 23.53 23.63
24.26 24.19 24.03 23.83 23.66 23.53 23.36 23.32 23.63 24.07 24.45 24.68 24.83 24.91 24.93 24.91 24.84 24.74 24.76 24.82 24.88 24.92 24.92 24.91 24.94 24.97 24.98 24.99 24.99 25 25 25 25 25 25 25.01 25.01 25.01 25.01 25.01 25.02 25.02 25.02 25.02 25.02 25.03 25.03 25.03 25.03 25.03 25.04 25.04 25.04 25.04 25.04 25.05 25.05 25.02 24.88 24.66 24.5 24.33 24.17 23.95 23.57 23.22 23.13 23.2 23.34 23.04 22.83 22.66 22.75 23.09 23.45 23.51 23.47
24.02 23.97 23.83 23.65 23.45 23.29 23.22 23.36 23.7 24.11 24.43 24.62 24.79 24.89 24.9 24.83 24.69 24.44 24.44 24.55 24.73 24.82 24.79 24.73 24.79 24.89 24.94 24.97 24.98 24.99 24.99 24.99 25 25 25 25 25 25.01 25.01 25.01 25.01 25.01 25.02 25.02 25.02 25.02 25.02 25.03 25.03 25.03 25.03 25.04 25.04 25.04 25.04 25.04 25.04 25.02 24.91 24.81 24.72 24.61 24.46 24.19 23.76 23.57 23.55 23.56 23.66 23.53 23.51 23.28 23.24 23.28 23.59 23.65 23.49
23.8 23.74 23.59 23.39 23.25 23.23 23.34 23.6 23.87 24.19 24.43 24.62 24.79 24.87 24.83 24.72 24.53 24.21 24.08 24.34 24.62 24.68 24.61 24.47 24.53 24.71 24.83 24.91 24.96 24.98 24.99 24.99 24.99 24.99 24.99 24.99 24.99 24.99 25 25.01 25.01 25.01 25.01 25.02 25.02 25.02 25.02 25.02 25.03 25.03 25.03 25.03 25.04 25.04 25.04 25.04 25.04 25.02 24.96 24.87 24.71 24.53 24.35 24.01 23.65 23.68 23.85 23.88 23.92 23.93 23.95 23.8 23.74 23.68 23.78 23.84 23.63
23.64 23.51 23.36 23.18 23.18 23.37 23.67 23.92 24.18 24.41 24.59 24.72 24.81 24.83 24.74 24.59 24.38 24.04 23.96 24.28 24.47 24.44 24.35 24.17 24.23 24.48 24.64 24.77 24.89 24.95 24.97 24.98 24.98 24.96 24.94 24.93 24.92 24.93 24.96 24.99 25.01 25.01 25.01 25.01 25.01 25.02 25.02 25.02 25.03 25.03 25.03 25.03 25.03 25.04 25.04 25.04 25.04 25.02 24.95 24.78 24.52 24.24 24.01 23.72 23.44 23.64 23.98 24.15 24.16 24.2 24.2 24.02 23.96 23.98 24 23.96 23.7
23.59 23.32 23.16 23.1 23.23 23.52 23.85 24.16 24.39 24.54 24.67 24.76 24.81 24.8 24.68 24.47 24.23 24.06 24 24.16 24.2 24.11 24.03 23.86 23.91 24.18 24.42 24.65 24.86 24.93 24.95 24.95 24.94 24.88 24.79 24.77 24.81 24.89 24.96 24.99 25 25.01 25.01 25.01 25.01 25.01 25.02 25.02 25.02 25.02 25.03 25.03 25.03 25.03 25.03 25.04 25.04 25.02 24.96 24.78 24.46 24.22 23.96 23.59 23.38 23.6 24 24.26 24.34 24.4 24.36 24.15 24.13 24.14 24.08 23.95 23.69
23.51 23.22 23.09 23.12 23.25 23.53 23.87 24.18 24.39 24.56 24.69 24.76 24.78 24.77 24.7 24.57 24.44 24.31 24.15 24.08 23.99 23.81 23.71 23.68 23.81 24.11 24.48 24.74 24.86 24.91 24.92 24.91 24.86 24.72 24.6 24.69 24.81 24.91 24.97 24.99 25 25 25 25.01 25.01 25.01 25.01 25.02 25.02 25.02 25.02 25.03 25.03 25.03 25.03 25.03 25.04 25.02 24.98 24.85 24.58 24.29 23.96 23.66 23.49 23.71 24.08 24.31 24.44 24.57 24.54 24.35 24.24 24.13 23.97 23.79 23.6
23.41 23.29 23.33 23.39 23.42 23.68 24 24.29 24.47 24.59 24.68 24.72 24.72 24.69 24.67 24.62 24.54 24.4 24.21 24.06 23.91 23.67 23.55 23.65 23.97 24.33 24.57 24.71 24.81 24.86 24.85 24.82 24.71 24.53 24.54 24.75 24.89 24.94 24.98 24.99 24.99 25 25 25 25.01 25.01 25.01 25.01 25.01 25.02 25.02 25.02 25.03 25.03 25.03 25.03 25.03 24.98 24.89 24.74 24.5 24.22 23.96 23.7 23.6 23.77 24.06 24.27 24.42 24.62 24.75 24.58 24.39 24.24 24.07 23.88 23.78
23.56 23.49 23.65 23.66 23.58 23.8 24.12 24.39 24.53 24.59 24.63 24.62 24.59 24.57 24.55 24.52 24.46 24.39 24.23 24.1 23.92 23.68 23.62 23.79 24.12 24.38 24.44 24.45 24.64 24.74 24.73 24.67 24.49 24.37 24.55 24.79 24.91 24.94 24.97 24.98 24.99 24.99 25 25 25 25.01 25.01 25.01 25.01 25.01 25.02 25.02 25.02 25.03 25.03 25.03 25.01 24.92 24.69 24.53 24.4 24.21 23.96 23.82 23.8 23.92 24.16 24.35 24.51 24.67 24.84 24.77 24.62 24.43 24.24 24.06 24.01
23.83 23.74 23.89 23.81 23.64 23.75 24.08 24.37 24.49 24.53 24.54 24.49 24.43 24.41 24.39 24.3 24.28 24.33 24.22 24.04 23.81 23.61 23.63 23.82 24.06 24.19 24.14 24.09 24.42 24.55 24.52 24.46 24.3 24.29 24.58 24.8 24.89 24.92 24.95 24.97 24.99 24.99 24.99 25 25 25 25 25.01 25.01 25.01 25.01 25.02 25.02 25.02 25.03 25.03 25.02 24.93 24.7 24.52 24.41 24.25 24.08 24.04 23.99 24.05 24.25 24.44 24.61 24.76 24.89 24.85 24.65 24.39 24.22 24.11 24.14
24.05 23.98 24.09 23.98 23.79 23.76 23.99 24.27 24.39 24.43 24.45 24.4 24.28 24.2 24.2 24.08 24.11 24.21 24.11 23.91 23.63 23.46 23.54 23.67 23.8 23.88 23.86 23.87 24.19 24.26 24.15 24.12 24.15 24.36 24.62 24.76 24.81 24.84 24.87 24.93 24.97 24.98 24.98 24.98 25 25 25 25 25.01 25.01 25.01 25.01 25.02 25.02 25.02 25.03 25.03 25 24.91 24.7 24.5 24.32 24.23 24.16 24.04 24.05 24.25 24.44 24.63 24.8 24.92 24.9 24.71 24.45 24.27 24.17 24.19
24.33 24.29 24.31 24.18 24.01 23.85 23.94 24.16 24.28 24.33 24.35 24.34 24.2 24.01 24.01 23.91 23.99 24.07 23.95 23.78 23.48 23.3 23.39 23.51 23.61 23.68 23.68 23.7 23.88 23.91 23.77 23.83 24.08 24.35 24.51 24.57 24.59 24.6 24.7 24.86 24.94 24.96 24.95 24.94 24.97 24.99 25 25 25 25.01 25.01 25.01 25.01 25.02 25.02 25.02 25.02 25.02 24.97 24.81 24.53 24.38 24.33 24.23 24.11 24.12 24.3 24.53 24.74 24.88 24.95 24.91 24.76 24.54 24.37 24.26 24.22
24.6 24.52 24.44 24.28 24.05 23.81 23.82 24.01 24.14 24.19 24.22 24.25 24.18 23.96 23.82 23.71 23.81 23.82 23.74 23.5 23.26 23.13 23.26 23.45 23.6 23.65 23.61 23.59 23.68 23.7 23.62 23.68 23.9 24.1 24.19 24.22 24.23 24.29 24.54 24.8 24.91 24.91 24.83 24.79 24.9 24.95 24.98 25 25 25 25.01 25.01 25.01 25.01 25.02 25.02 25.02 25.02 24.98 24.83 24.52 24.41 24.39 24.28 24.23 24.25 24.36 24.63 24.87 24.96 24.93 24.81 24.66 24.5 24.45 24.38 24.3
24.68 24.53 24.37 24.2 23.97 23.64 23.58 23.75 23.94 24.02 24.02 24.09 24.12 23.9 23.54 23.31 23.39 23.34 23.28 23.03 22.96 23.01 23.24 23.49 23.68 23.78 23.69 23.65 23.73 23.75 23.72 23.78 23.91 24.02 24.04 24.06 24.03 24.2 24.52 24.74 24.81 24.79 24.64 24.58 24.72 24.83 24.95 24.99 25 25 25 25.01 25.01 25.01 25.01 25.02 25.02 25.02 25 24.86 24.56 24.46 24.43 24.35 24.38 24.39 24.39 24.63 24.9 24.98 24.9 24.74 24.55 24.51 24.57 24.51 24.42
24.64 24.44 24.21 24 23.74 23.4 23.27 23.42 23.64 23.81 23.77 23.89 24.01 23.8 23.31 22.83 22.82 22.84 22.82 22.83 22.98 23.18 23.44 23.65 23.81 23.94 23.83 23.82 23.92 23.96 23.92 24.02 24.15 24.17 24.15 24.22 24.21 24.25 24.41 24.55 24.6 24.6 24.53 24.61 24.82 24.91 24.97 24.99 24.99 25 25 25 25.01 25.01 25.01 25.01 25.02 25.02 25 24.88 24.62 24.52 24.45 24.41 24.51 24.54 24.42 24.57 24.87 24.99 24.95 24.81 24.57 24.6 24.73 24.72 24.68
24.59 24.46 24.3 24.04 23.62 23.27 23.1 23.08 23.39 23.64 23.58 23.76 23.9 23.73 23.25 22.68 22.51 22.6 22.71 22.93 23.26 23.52 23.74 23.87 23.97 24.06 24.06 24.17 24.14 24.17 24.1 24.16 24.33 24.42 24.33 24.41 24.46 24.36 24.28 24.35 24.53 24.69 24.75 24.83 24.93 24.97 24.98 24.99 24.99 24.99 25 25 25 25.01 25.01 25.01 25.02 25.02 25.01 24.93 24.69 24.55 24.51 24.6 24.65 24.63 24.47 24.52 24.8 24.98 25 24.86 24.64 24.74 24.91 24.96 24.97
24.46 24.41 24.28 24.01 23.62 23.27 23.01 22.86 23.24 23.4 23.3 23.54 23.71 23.59 23.15 22.65 22.51 22.64 22.85 23.15 23.47 23.71 23.83 23.92 24.07 24.21 24.31 24.46 24.48 24.55 24.49 24.37 24.44 24.63 24.51 24.54 24.64 24.53 24.42 24.56 24.77 24.87 24.92 24.94 24.97 24.98 24.98 24.98 24.99 24.99 24.99 25 25 25 25.01 25.01 25.01 25.02 25.01 24.97 24.79 24.66 24.71 24.85 24.84 24.72 24.51 24.56 24.82 25 25.03 24.95 24.86 24.97 25.03 25.05 25.06
24.24 24.26 24.19 23.95 23.6 23.2 22.85 22.61 22.88 22.93 23.01 23.29 23.44 23.29 22.98 22.78 22.86 22.98 23.18 23.41 23.52 23.48 23.42 23.52 23.87 24.14 24.28 24.47 24.59 24.66 24.71 24.65 24.66 24.77 24.75 24.72 24.77 24.71 24.65 24.79 24.9 24.95 24.96 24.96 24.97 24.97 24.98 24.98 24.99 24.99 24.99 24.99 25 25 25 25.01 25.01 25 24.97 24.93 24.9 24.9 24.95 24.99 24.97 24.88 24.77 24.81 24.96 25.04 25.05 25.03 25.01 25.04 25.06 25.06 25.06
23.92 24.03 24.05 23.88 23.59 23.24 22.74 22.41 22.58 22.58 22.81 23.06 23.09 22.95 22.85 22.89 23.14 23.27 23.39 23.44 23.24 23.04 23.02 23.23 23.64 23.88 24 24.19 24.36 24.5 24.69 24.77 24.8 24.85 24.86 24.86 24.88 24.87 24.87 24.91 24.95 24.95 24.96 24.96 24.97 24.97 24.97 24.98 24.98 24.99 24.99 24.99 24.99 25 25 25 25 24.99 24.91 24.87 24.93 24.99 25.02 25.03 25.02 25.01 24.99 25 25.04 25.05 25.05 25.05 25.04 25.05 25.06 25.06 25.06
23.53 23.64 23.73 23.7 23.5 23.2 22.68 22.31 22.37 22.45 22.72 22.88 22.83 22.77 22.82 22.94 23.13 23.15 23.14 23.1 22.85 22.75 22.82 23.05 23.3 23.53 23.76 24.02 24.19 24.34 24.57 24.7 24.75 24.78 24.85 24.88 24.9 24.92 24.92 24.94 24.95 24.95 24.96 24.96 24.96 24.97 24.97 24.97 24.98 24.98 24.99 24.99 24.99 25 25 25 25 25 24.99 24.98 25 25.02 25.02 25.03 25.03 25.03 25.04 25.04 25.04 25.04 25.05 25.05 25.05 25.05 25.06 25.06 25.06
23.22 23.12 23.23 23.32 23.14 22.92 22.51 22.22 22.22 22.33 22.56 22.63 22.57 22.63 22.79 22.84 22.79 22.62 22.46 22.54 22.62 22.77 22.96 23.09 23.16 23.32 23.58 23.87 24.07 24.25 24.41 24.5 24.53 24.55 24.71 24.79 24.85 24.88 24.91 24.93 24.94 24.95 24.95 24.96 24.96 24.96 24.97 24.97 24.97 24.98 24.98 24.99 24.99 24.99 25 25 25 25.01 25.01 25.01 25.02 25.02 25.02 25.02 25.03 25.03 25.03 25.04 25.04 25.04 25.04 25.05 25.05 25.05 25.05 25.06 25.06
22.83 22.65 22.75 22.84 22.66 22.48 22.34 22.24 22.27 22.35 22.4 22.31 22.27 22.37 22.41 22.21 22.1 22.05 21.96 22.2 22.5 22.79 23.08 23.3 23.36 23.46 23.57 23.74 23.96 24.15 24.26 24.29 24.29 24.27 24.41 24.54 24.66 24.73 24.82 24.89 24.92 24.93 24.94 24.95 24.96 24.96 24.96 24.97 24.97 24.97 24.98 24.98 24.99 24.99 24.99 25 25 25 25.01 25.01 25.01 25.02 25.02 25.02 25.03 25.03 25.03 25.03 25.04 25.04 25.04 25.05 25.05 25.05 25.05 25.06 25.06
22.47 22.46 22.6 22.63 22.48 22.42 22.44 22.46 22.51 22.5 22.4 22.2 22.05 21.98 21.91 21.7 21.65 21.67 21.83 22.13 22.4 22.68 23.02 23.33 23.51 23.63 23.74 23.8 23.84 23.92 24.02 24.05 24.07 24.05 24.09 24.24 24.35 24.47 24.66 24.8 24.85 24.85 24.89 24.92 24.95 24.96 24.96 24.96 24.97 24.97 24.97 24.98 24.98 24.99 24.99 24.99 25 25 25 25.01 25.01 25.01 25.02 25.02 25.02 25.03 25.03 25.03 25.04 25.04 -9999 25.04 25.05 25.05 25.05 -9999 -9999
22.3 22.45 22.67 22.72 22.64 22.68 22.69 22.71 22.73 22.63 22.53 22.39 22.03 21.68 21.53 21.38 21.43 21.54 21.76 22.05 22.27 22.52 22.82 23.12 23.31 23.46 23.73 23.93 23.95 23.91 23.95 23.98 24 24 24 24.05 24.08 24.25 24.43 24.57 24.66 24.64 24.7 24.81 24.91 24.95 24.96 24.96 24.96 24.97 24.97 24.97 24.98 24.98 24.99 24.99 25 25 25 25.01 25.01 25.01 25.02 25.02 25.02 25.03 25.03 25.03 25.03 -9999 -9999 -9999 25.05 -9999 -9999 -9999 -9999
22.2 22.45 22.72 22.85 22.87 22.92 22.94 22.95 22.89 22.72 22.64 22.64 22.4 21.99 21.74 21.38 21.55 21.67 21.89 22.18 22.32 22.43 22.67 22.9 23 23.23 23.56 23.86 24.06 24.14 24.16 24.18 24.18 24.19 24.2 24.17 24.12 24.16 24.21 24.3 24.41 24.45 24.58 24.76 24.9 24.94 24.95 24.96 24.96 24.96 24.97 24.97 24.98 -9999 -9999 -9999 -9999 25 25 25.01 25.01 -9999 -9999 -9999 -9999 25.03 -9999 -9999 -9999 -9999 -9999 -9999 -9999 -9999 -9999 -9999 -9999
22.26 22.54 22.77 22.91 23.02 23.1 23.14 23.12 22.99 22.85 22.79 22.85 22.8 22.5 22.21 21.75 21.82 21.88 22.16 22.51 22.61 22.6 22.77 23.03 23.11 23.26 23.46 23.65 23.85 24.03 24.19 24.31 24.37 24.43 24.49 24.44 24.39 24.32 24.24 24.21 24.29 24.39 24.59 24.82 24.92 24.94 24.95 24.95 24.96 24.96 -9999 -9999 -9999 -9999 -9999 -9999 -9999 -9999 -9999 -9999 -9999 -9999 -9999 -9999 -9999 -9999 -9999 -9999 -9999 -9999 -9999 -9999 -9999 -9999 -9999 -9999 -9999
22.34 22.47 22.56 22.73 22.97 23.15 23.27 23.27 23.16 23.1 23.03 23.12 23.06 22.87 22.59 22.22 22.14 22.03 22.4 22.74 22.92 22.96 23.05 23.26 23.45 23.6 23.68 23.71 23.75 23.83 23.94 24.11 24.25 24.45 24.66 24.69 24.67 24.59 24.45 24.36 24.39 24.45 24.62 24.86 24.93 24.94 24.94 24.95 24.95 24.96 -9999 -9999 -9999 -9999 -9999 -9999 -9999 -9999 -9999 -9999 -9999 -9999 -9999 -9999 -9999 -9999 -9999 -9999 -9999 -9999 -9999 -9999 -9999 -9999 -9999 -9999 -9999
22.25 22.28 22.34 22.63 22.96 23.19 23.36 23.46 23.4 23.35 23.35 23.41 23.28 23.04 22.69 22.48 22.51 22.41 22.64 22.91 23.15 23.3 23.39 23.52 23.7 23.93 24.04 24.05 24.03 24.02 24.02 23.97 23.97 24.22 24.56 24.76 24.81 24.78 24.69 24.58 24.58 24.63 24.75 24.89 24.93 24.93 24.94 24.95 24.95 -9999 -9999 -9999 -9999 -9999 -9999 -9999 -9999 -9999 -9999 -9999 -9999 -9999 -9999 -9999 -9999 -9999 -9999 -9999 -9999 -9999 -9999 -9999 -9999 -9999 -9999 -9999 -9999
22.12 22.17 22.27 22.53 22.86 23.14 23.34 23.51 23.63 23.65 23.67 23.63 23.38 23.07 22.76 22.73 22.76 22.61 22.76 22.95 23.12 23.3 23.46 23.59 23.76 23.94 24.09 24.27 24.35 24.35 24.31 24.21 24.05 24.13 24.4 24.71 24.84 24.86 24.84 24.8 24.78 24.79 24.86 24.91 24.93 24.93 24.94 24.94 24.95 -9999 -9999 -9999 -9999 -9999 -9999 -9999 -9999 -9999 -9999 -9999 -9999 -9999 -9999 -9999 -9999 -9999 -9999 -9999 -9999 -9999 -9999 -9999 -9999 -9999 -9999 -9999 -9999
22.15 22.21 22.29 22.53 22.84 23.11 23.28 23.48 23.73 23.9 23.89 23.73 23.42 23.11 22.83 22.83 22.87 22.78 22.8 22.9 23.01 23.14 23.28 23.39 23.51 23.61 23.85 24.19 24.45 24.57 24.58 24.48 24.31 24.3 24.45 24.65 24.83 24.88 24.89 24.88 24.87 24.88 24.9 24.92 24.92 24.93 24.93 24.94 -9999 -9999 -9999 -9999 -9999 -9999 -9999 -9999 -9999 -9999 -9999 -9999 -9999 -9999 -9999 -9999 -9999 -9999 -9999 -9999 -9999 -9999 -9999 -9999 -9999 -9999 -9999 -9999 -9999
22.44 22.42 22.35 22.45 22.75 23.07 23.31 23.53 23.78 24 23.96 23.74 23.47 23.16 22.9 22.88 22.97 23 23.07 23.15 23.18 23.29 23.43 23.54 23.54 23.5 23.68 23.96 24.28 24.55 24.69 24.68 24.57 24.61 24.69 24.71 24.84 24.88 24.89 24.89 24.89 24.9 24.91 24.92 24.92 24.93 24.93 -9999 -9999 -9999 -9999 -9999 -9999 -9999 -9999 -9999 -9999 -9999 -9999 -9999 -9999 -9999 -9999 -9999 -9999 -9999 -9999 -9999 -9999 -9999 -9999 -9999 -9999 -9999 -9999 -9999 -9999
22.75 22.68 22.53 22.59 22.76 22.94 23.18 23.48 23.87 24.14 24.07 23.83 23.44 23.12 22.97 22.96 22.99 23.03 23.21 23.34 23.32 23.41 23.61 23.77 23.79 23.71 23.75 23.91 24.17 24.43 24.68 24.78 24.76 24.81 24.83 24.83 24.87 24.88 24.88 24.89 24.9 24.9 24.91 24.91 24.92 24.92 24.93 -9999 -9999 -9999 -9999 -9999 -9999 -9999 -9999 -9999 -9999 -9999 -9999 -9999 -9999 -9999 -9999 -9999 -9999 -9999 -9999 -9999 -9999 -9999 -9999 -9999 -9999 -9999 -9999 -9999 -9999
22.99 22.88 22.78 22.91 23.02 23.07 23.24 23.44 23.94 24.22 24.06 23.69 23.25 23.03 23.05 23.11 23.07 23.01 23.2 23.42 23.45 23.46 23.63 23.87 23.99 23.97 23.95 24.07 24.23 24.4 24.66 24.8 24.83 24.85 24.86 24.86 24.87 24.88 24.88 24.89 24.89 24.9 24.9 24.91 24.91 24.92 -9999 -9999 -9999 -9999 -9999 -9999 -9999 -9999 -9999 -9999 -9999 -9999 -9999 -9999 -9999 -9999 -9999 -9999 -9999 -9999 -9999 -9999 -9999 -9999 -9999 -9999 -9999 -9999 -9999 -9999 -9999
