ASPA-UH-SWB2_REPO/input/Gridded_temps/prism_tmin_tutuila_30yr_normal_11.asc
ncols         350
nrows         200
xllcorner     515000
yllcorner     8409000
cellsize      100
NODATA_value  -9999
[rows 105 to 139 of 200, columns 0 to 76 of 350]
-9999 -9999 -9999 -9999 -9999 -9999 -9999 -9999 -9999 -9999 -9999 -9999 -9999 -9999 -9999 -9999 -9999 -9999 -9999 -9999 -9999 -9999 -9999 -9999 -9999 -9999 -9999 -9999 -9999 24.23 24.23 24.23 24.23 24.22 24.22 24.22 24.21 24.19 24.1 23.9 23.75 23.65 23.54 23.41 23.26 23.26 23.5 23.61 23.69 23.9 24 23.98 23.9 23.72 23.5 23.31 23.13 22.97 22.8 22.67 22.53 22.35 22.21 22.12 22.12 22.05 22.07 22.16 22.15 21.99 21.94 21.97 21.95 22.02 22.23 22.36 22.4
-9999 -9999 -9999 -9999 -9999 -9999 -9999 -9999 -9999 -9999 -9999 -9999 -9999 -9999 -9999 -9999 -9999 -9999 -9999 -9999 -9999 -9999 -9999 -9999 -9999 -9999 -9999 -9999 24.23 24.23 24.23 24.23 24.22 24.22 24.22 24.21 24.19 24.15 24.07 23.89 23.71 23.6 23.51 23.41 23.26 23.16 23.24 23.28 23.41 23.72 23.87 23.9 23.9 23.86 23.77 23.65 23.49 23.29 23.13 23 22.82 22.64 22.49 22.32 22.31 22.23 22.19 22.23 22.24 22.09 22.06 22.04 21.95 22.01 22.17 22.25 22.31
-9999 -9999 -9999 -9999 -9999 -9999 -9999 -9999 -9999 -9999 -9999 -9999 -9999 -9999 -9999 -9999 -9999 -9999 -9999 -9999 -9999 -9999 -9999 -9999 -9999 -9999 -9999 24.23 24.23 24.23 24.23 24.22 24.22 24.21 24.17 24.16 24.13 24.03 24 23.96 23.87 23.76 23.63 23.46 23.26 23.09 23.02 23.03 23.23 23.54 23.65 23.69 23.72 23.71 23.69 23.68 23.62 23.51 23.41 23.3 23.13 22.93 22.71 22.43 22.44 22.43 22.41 22.39 22.35 22.23 22.19 22.07 21.92 21.91 22 22.09 22.19
-9999 -9999 -9999 -9999 -9999 -9999 -9999 -9999 -9999 -9999 -9999 -9999 -9999 -9999 -9999 -9999 -9999 -9999 -9999 -9999 -9999 -9999 -9999 -9999 -9999 -9999 24.23 24.23 24.23 24.23 24.22 24.21 24.17 24.11 24.02 24.02 24.05 23.92 23.85 23.86 23.84 23.8 23.72 23.56 23.33 23.1 22.96 22.91 23.05 23.29 23.4 23.46 23.45 23.38 23.35 23.45 23.53 23.52 23.46 23.4 23.31 23.05 22.79 22.56 22.55 22.58 22.55 22.5 22.43 22.34 22.21 22.02 21.89 21.85 21.88 21.93 22.03
-9999 -9999 -9999 -9999 -9999 -9999 -9999 -9999 -9999 -9999 -9999 -9999 -9999 -9999 -9999 -9999 -9999 -9999 -9999 -9999 -9999 -9999 -9999 -9999 -9999 24.23 24.23 24.23 24.23 24.22 24.2 24.15 24.03 23.92 23.86 23.91 23.99 23.9 23.76 23.71 23.71 23.73 23.67 23.59 23.48 23.23 23.03 22.88 22.87 23.03 23.17 23.24 23.17 23.01 22.96 23.13 23.31 23.33 23.21 23.18 23.23 23.05 22.82 22.69 22.66 22.64 22.57 22.48 22.4 22.27 22.11 21.95 21.86 21.83 21.83 21.85 21.88
-9999 -9999 -9999 -9999 -9999 -9999 -9999 -9999 -9999 -9999 -9999 -9999 -9999 -9999 -9999 -9999 -9999 -9999 -9999 -9999 -9999 -9999 -9999 -9999 24.23 24.23 24.23 24.23 24.22 24.19 24.11 24.01 23.85 23.76 23.76 23.83 23.89 23.86 23.72 23.6 23.58 23.63 23.6 23.53 23.47 23.31 23.12 22.91 22.76 22.78 22.93 23.02 22.95 22.78 22.74 22.91 23.1 23.11 22.94 22.97 23.14 23.13 23 22.81 22.69 22.61 22.51 22.4 22.29 22.15 22 21.91 21.87 21.86 21.86 21.85 21.83
-9999 -9999 -9999 -9999 -9999 -9999 -9999 -9999 -9999 -9999 -9999 -9999 -9999 -9999 -9999 -9999 -9999 -9999 -9999 -9999 -9999 -9999 -9999 -9999 24.23 24.23 24.23 24.22 24.21 24.14 23.94 23.83 23.73 23.65 23.64 23.68 23.75 23.77 23.67 23.5 23.41 23.47 23.5 23.45 23.39 23.31 23.19 22.98 22.75 22.63 22.67 22.75 22.73 22.6 22.6 22.77 22.95 22.94 22.79 22.81 22.97 23.01 22.96 22.75 22.59 22.49 22.43 22.34 22.21 22.08 21.97 21.93 21.93 21.93 21.92 21.89 21.84
-9999 -9999 -9999 -9999 -9999 -9999 -9999 -9999 -9999 -9999 -9999 -9999 -9999 -9999 -9999 -9999 -9999 -9999 -9999 -9999 -9999 -9999 -9999 -9999 24.23 24.23 24.23 24.22 24.21 24.12 23.87 23.73 23.64 23.55 23.5 23.49 23.58 23.66 23.59 23.42 23.28 23.26 23.34 23.33 23.25 23.2 23.17 23.03 22.8 22.59 22.48 22.46 22.43 22.37 22.42 22.6 22.74 22.71 22.62 22.66 22.75 22.76 22.72 22.63 22.48 22.35 22.3 22.25 22.17 22.06 21.98 21.97 21.99 21.97 21.94 21.9 21.85
-9999 -9999 -9999 -9999 -9999 -9999 -9999 -9999 -9999 -9999 -9999 -9999 -9999 -9999 -9999 -9999 -9999 -9999 -9999 -9999 -9999 -9999 -9999 -9999 24.23 24.23 24.22 24.22 24.21 24.14 23.94 23.75 23.6 23.49 23.38 23.33 23.4 23.51 23.5 23.39 23.24 23.11 23.12 23.16 23.08 22.98 22.97 22.96 22.82 22.63 22.46 22.31 22.2 22.16 22.21 22.33 22.42 22.41 22.4 22.47 22.53 22.52 22.54 22.55 22.44 22.3 22.19 22.12 22.07 22 21.95 21.98 22.02 21.98 21.93 21.88 21.84
-9999 -9999 -9999 -9999 -9999 -9999 -9999 -9999 -9999 -9999 -9999 -9999 -9999 -9999 -9999 24.25 -9999 -9999 -9999 -9999 -9999 -9999 24.23 24.23 24.23 24.22 24.22 24.22 24.21 24.16 24.03 23.85 23.66 23.56 23.42 23.28 23.26 23.32 23.33 23.3 23.19 23.01 22.94 22.99 22.95 22.83 22.76 22.75 22.74 22.64 22.48 22.27 22.11 22.06 22.09 22.15 22.2 22.23 22.29 22.39 22.43 22.41 22.43 22.46 22.41 22.27 22.13 22.03 21.99 21.97 21.96 22 22.06 22.01 21.92 21.86 21.84
-9999 -9999 -9999 -9999 -9999 -9999 -9999 -9999 -9999 -9999 -9999 -9999 -9999 -9999 -9999 24.25 24.25 -9999 24.24 24.24 24.24 24.23 24.23 24.23 24.23 24.22 24.22 24.22 24.2 24.14 24.04 23.93 23.8 23.71 23.57 23.37 23.24 23.19 23.14 23.13 23.07 22.91 22.82 22.84 22.84 22.76 22.66 22.58 22.55 22.51 22.38 22.2 22.07 22.05 22.09 22.15 22.19 22.27 22.38 22.47 22.48 22.41 22.35 22.34 22.29 22.2 22.11 22.05 22.06 22.1 22.11 22.13 22.16 22.13 22 21.94 21.91
-9999 -9999 -9999 -9999 -9999 -9999 -9999 -9999 -9999 -9999 -9999 -9999 -9999 -9999 24.25 24.25 24.24 24.24 24.24 24.24 24.23 24.23 24.23 24.23 24.22 24.22 24.22 24.21 24.2 24.11 24 23.94 23.84 23.76 23.67 23.52 23.36 23.19 23.04 22.98 22.93 22.83 22.74 22.73 22.73 22.67 22.57 22.46 22.36 22.31 22.23 22.13 22.11 22.14 22.17 22.21 22.27 22.38 22.51 22.57 22.52 22.42 22.31 22.28 22.27 22.25 22.22 22.23 22.28 22.35 22.36 22.36 22.36 22.37 22.24 22.11 22.03
-9999 -9999 -9999 -9999 -9999 -9999 -9999 -9999 -9999 -9999 -9999 -9999 -9999 24.25 24.25 24.25 24.24 24.24 24.24 24.24 24.23 24.23 24.23 24.23 24.22 24.22 24.21 24.21 24.17 24.04 23.89 23.82 23.72 23.63 23.58 23.52 23.46 23.32 23.14 22.98 22.87 22.76 22.66 22.61 22.62 22.6 22.53 22.4 22.27 22.26 22.28 22.27 22.28 22.34 22.33 22.33 22.41 22.52 22.61 22.61 22.47 22.35 22.29 22.39 22.47 22.46 22.42 22.46 22.49 22.54 22.57 22.6 22.58 22.58 22.44 22.24 22.16
-9999 -9999 -9999 -9999 -9999 -9999 -9999 -9999 -9999 -9999 -9999 -9999 24.25 24.25 24.25 24.24 24.24 24.24 24.24 24.23 24.23 24.23 24.23 24.22 24.22 24.22 24.21 24.19 24.11 23.9 23.75 23.67 23.58 23.44 23.36 23.33 23.36 23.33 23.16 22.98 22.86 22.75 22.63 22.55 22.55 22.62 22.61 22.46 22.36 22.4 22.49 22.5 22.53 22.6 22.57 22.53 22.62 22.69 22.72 22.64 22.51 22.42 22.3 22.43 22.63 22.64 22.62 22.71 22.71 22.69 22.73 22.81 22.78 22.71 22.58 22.43 22.33
-9999 -9999 -9999 -9999 -9999 -9999 -9999 -9999 -9999 -9999 -9999 24.25 24.25 24.25 24.25 24.24 24.24 24.24 24.24 24.23 24.23 24.23 24.22 24.2 24.18 24.18 24.18 24.13 24 23.78 23.65 23.56 23.44 23.27 23.15 23.13 23.2 23.23 23.11 22.98 22.91 22.81 22.67 22.56 22.56 22.65 22.71 22.6 22.5 22.55 22.68 22.75 22.77 22.85 22.79 22.76 22.81 22.87 22.82 22.68 22.63 22.64 22.5 22.5 22.74 22.84 22.78 22.92 22.91 22.83 22.87 22.99 22.93 22.79 22.63 22.49 22.42
-9999 -9999 -9999 -9999 -9999 -9999 -9999 -9999 -9999 -9999 24.25 24.25 24.25 24.25 24.25 24.24 24.24 24.24 24.23 24.22 24.21 24.2 24.16 24.08 24 24 24.03 24.01 23.89 23.67 23.56 23.5 23.4 23.25 23.13 23.09 23.16 23.19 23.09 22.99 22.93 22.83 22.71 22.65 22.65 22.7 22.79 22.73 22.67 22.75 22.86 22.99 23.03 23.09 23.03 23.04 23.05 23.04 22.87 22.7 22.77 22.85 22.74 22.62 22.78 22.99 23.01 23.07 23.06 23.03 23.04 23.09 22.98 22.78 22.63 22.54 22.52
-9999 -9999 -9999 -9999 -9999 -9999 -9999 -9999 -9999 -9999 24.25 24.25 24.25 24.25 24.24 24.24 24.24 24.23 24.21 24.17 24.09 24.05 23.96 23.8 23.65 23.67 23.75 23.78 23.69 23.55 23.51 23.52 23.49 23.38 23.27 23.3 23.34 23.28 23.12 22.97 22.89 22.81 22.75 22.79 22.81 22.8 22.89 22.84 22.8 22.9 23.01 23.17 23.24 23.29 23.26 23.34 23.28 23.13 22.89 22.74 22.87 23 22.89 22.74 22.81 23.06 23.19 23.21 23.21 23.27 23.27 23.2 23 22.76 22.63 22.6 22.6
-9999 -9999 -9999 -9999 -9999 -9999 -9999 -9999 -9999 -9999 24.25 24.25 24.25 24.25 24.24 24.24 24.21 24.18 24.19 24.13 23.97 23.78 23.71 23.62 23.5 23.49 23.57 23.62 23.58 23.53 23.59 23.69 23.66 23.52 23.44 23.51 23.53 23.46 23.24 23.05 22.92 22.86 22.84 22.91 22.95 22.91 22.98 22.93 22.9 23.05 23.15 23.28 23.42 23.5 23.49 23.49 23.37 23.18 22.96 22.8 22.89 23.07 23.02 22.87 22.84 23.03 23.22 23.34 23.39 23.44 23.36 23.19 22.96 22.75 22.65 22.66 22.67
-9999 -9999 -9999 -9999 -9999 -9999 -9999 -9999 -9999 -9999 24.25 24.25 24.25 24.24 24.24 24.23 24.16 24.06 24.17 24.19 24.05 23.8 23.79 23.78 23.63 23.52 23.61 23.72 23.72 23.68 23.77 23.89 23.86 23.75 23.67 23.69 23.68 23.6 23.37 23.19 23.03 22.94 22.89 22.97 23.04 22.97 23.04 23.01 22.99 23.13 23.27 23.39 23.59 23.72 23.7 23.55 23.38 23.22 23.03 22.88 22.93 23.13 23.16 22.99 22.89 23 23.19 23.4 23.51 23.54 23.39 23.15 22.95 22.78 22.72 22.75 22.75
-9999 -9999 -9999 -9999 -9999 -9999 -9999 -9999 -9999 -9999 -9999 24.25 24.25 24.24 24.24 24.23 24.18 24.1 24.19 24.22 24.17 24.06 24.09 24.09 23.94 23.76 23.8 23.89 23.91 23.89 23.96 24.04 24.04 23.99 23.92 23.86 23.8 23.69 23.48 23.29 23.15 23.03 22.96 23.07 23.15 23.07 23.12 23.14 23.1 23.16 23.34 23.55 23.76 23.9 23.84 23.63 23.49 23.34 23.15 22.99 23.01 23.2 23.29 23.16 23 23.01 23.16 23.36 23.55 23.62 23.47 23.2 23.02 22.88 22.83 22.87 22.88
-9999 -9999 -9999 -9999 -9999 -9999 -9999 -9999 -9999 -9999 -9999 -9999 24.25 24.24 24.24 24.24 24.23 24.21 24.22 24.22 24.21 24.19 24.2 24.19 24.12 24.03 24.02 24.05 24.07 24.09 24.11 24.13 24.13 24.11 24.06 23.98 23.85 23.71 23.52 23.33 23.25 23.15 23.09 23.2 23.28 23.18 23.18 23.26 23.26 23.25 23.38 23.64 23.88 23.99 23.96 23.84 23.74 23.51 23.3 23.17 23.18 23.3 23.4 23.34 23.15 23.06 23.14 23.32 23.55 23.68 23.54 23.26 23.11 23 22.97 23.01 23.01
-9999 -9999 -9999 -9999 -9999 -9999 -9999 -9999 -9999 -9999 -9999 -9999 -9999 24.24 24.24 24.24 24.23 24.23 24.23 24.22 24.22 24.22 24.21 24.21 24.19 24.16 24.16 24.15 24.16 24.17 24.17 24.17 24.16 24.14 24.1 24.02 23.84 23.64 23.46 23.33 23.32 23.24 23.22 23.33 23.39 23.28 23.23 23.35 23.43 23.41 23.47 23.7 23.94 24.03 24.04 24.01 23.95 23.74 23.49 23.4 23.38 23.43 23.51 23.48 23.33 23.17 23.18 23.33 23.56 23.72 23.61 23.36 23.22 23.14 23.13 23.15 23.1
-9999 -9999 -9999 -9999 -9999 -9999 -9999 -9999 -9999 -9999 -9999 -9999 -9999 -9999 24.24 24.23 24.23 24.23 24.22 24.22 24.22 24.22 24.21 24.21 24.2 24.2 24.19 24.19 24.19 24.18 24.18 24.18 24.17 24.15 24.11 23.98 23.8 23.59 23.41 23.36 23.4 23.31 23.32 23.43 23.49 23.41 23.32 23.4 23.56 23.59 23.58 23.78 23.99 24.06 24.07 24.06 24.04 23.92 23.74 23.63 23.55 23.53 23.59 23.59 23.5 23.33 23.26 23.34 23.52 23.73 23.73 23.52 23.34 23.31 23.32 23.25 23.12
-9999 -9999 -9999 -9999 -9999 -9999 -9999 -9999 -9999 -9999 -9999 -9999 -9999 -9999 -9999 24.23 24.23 24.23 24.22 24.22 24.22 24.21 24.21 24.21 24.2 24.2 24.19 24.19 24.19 24.18 24.18 24.18 24.17 24.16 24.09 23.89 23.72 23.6 23.5 23.5 23.48 23.38 23.41 23.51 23.58 23.52 23.42 23.5 23.7 23.79 23.82 23.94 24.04 24.07 24.07 24.06 24.06 24.02 23.95 23.83 23.66 23.58 23.64 23.69 23.62 23.47 23.36 23.39 23.48 23.69 23.82 23.67 23.47 23.46 23.4 23.25 23.12
-9999 -9999 -9999 -9999 -9999 -9999 -9999 -9999 -9999 -9999 -9999 -9999 -9999 -9999 -9999 24.23 24.23 24.23 24.22 -9999 24.22 24.21 24.21 24.21 24.2 24.2 24.19 24.19 24.19 24.18 24.18 24.17 24.17 24.15 24.09 24.02 23.94 23.89 23.77 23.66 23.54 23.43 23.48 23.59 23.67 23.62 23.51 23.62 23.83 23.96 24.01 24.05 24.07 24.07 24.07 24.06 24.06 24.04 24.01 23.92 23.71 23.61 23.67 23.75 23.72 23.59 23.47 23.47 23.54 23.71 23.86 23.73 23.57 23.54 23.42 23.28 23.21
-9999 -9999 -9999 -9999 -9999 -9999 -9999 -9999 -9999 -9999 -9999 -9999 -9999 -9999 -9999 -9999 24.23 24.23 -9999 -9999 -9999 24.21 24.21 24.21 24.2 24.19 24.19 24.19 24.18 24.18 24.18 24.17 24.17 24.14 24.08 24.1 24.1 24.09 24.03 23.9 23.73 23.58 23.56 23.7 23.82 23.72 23.58 23.69 23.91 24.03 24.07 24.07 24.07 24.07 24.06 24.06 24.05 24.05 24.02 23.96 23.82 23.69 23.73 23.81 23.8 23.67 23.54 23.55 23.66 23.81 23.89 23.72 23.6 23.61 23.52 23.4 23.33
-9999 -9999 -9999 -9999 -9999 -9999 -9999 -9999 -9999 -9999 -9999 -9999 -9999 -9999 -9999 -9999 -9999 -9999 -9999 -9999 -9999 -9999 -9999 -9999 24.2 24.19 24.19 24.19 24.18 24.18 24.17 24.17 24.17 24.15 24.12 24.14 24.14 24.14 24.12 24.1 24.05 23.9 23.75 23.84 23.94 23.8 23.64 23.78 23.99 24.06 24.08 24.07 24.07 24.06 24.06 24.06 24.05 24.04 24.01 23.95 23.84 23.73 23.78 23.86 23.85 23.71 23.58 23.64 23.77 23.88 23.92 23.76 23.62 23.71 23.67 23.51 23.45
-9999 -9999 -9999 -9999 -9999 -9999 -9999 -9999 -9999 -9999 -9999 -9999 -9999 -9999 -9999 -9999 -9999 -9999 -9999 -9999 -9999 -9999 -9999 -9999 -9999 24.19 24.19 24.19 24.18 -9999 24.17 24.17 24.16 24.15 24.14 24.15 24.14 24.14 24.14 24.13 24.11 24.07 24.02 24.03 24.04 23.93 23.76 23.83 24.02 24.07 24.07 24.07 24.06 24.06 24.06 24.05 24.05 24.04 24.02 23.96 23.85 23.76 23.84 23.93 23.93 23.83 23.67 23.73 23.89 23.97 23.97 23.85 23.66 23.76 23.74 23.61 23.61
-9999 -9999 -9999 -9999 -9999 -9999 -9999 -9999 -9999 -9999 -9999 -9999 -9999 -9999 -9999 -9999 -9999 -9999 -9999 -9999 -9999 -9999 -9999 -9999 -9999 -9999 -9999 -9999 -9999 -9999 -9999 24.17 24.16 24.15 24.15 24.15 24.14 24.14 24.13 24.13 24.12 24.11 24.1 24.1 24.09 24.05 23.95 23.94 24.04 24.07 24.07 24.07 24.06 24.06 24.05 24.05 24.05 24.04 24.03 24.01 23.95 23.9 23.96 24 24.01 23.95 23.84 23.84 23.96 24.02 24 23.89 23.72 23.83 23.83 23.76 23.76
-9999 -9999 -9999 -9999 -9999 -9999 -9999 -9999 -9999 -9999 -9999 -9999 -9999 -9999 -9999 -9999 -9999 -9999 -9999 -9999 -9999 -9999 -9999 -9999 -9999 -9999 -9999 -9999 -9999 -9999 -9999 -9999 24.16 24.15 24.15 24.15 24.14 24.14 24.13 24.13 24.12 24.11 24.11 24.1 24.1 24.09 24.06 24.05 24.08 24.08 24.07 24.06 24.06 24.06 24.05 24.05 24.04 24.04 24.04 24.04 24.03 24.02 24.03 24.03 24.03 24.01 23.96 23.95 24.01 24.03 24.01 23.9 23.76 23.89 23.93 23.89 23.8
-9999 -9999 -9999 -9999 -9999 -9999 -9999 -9999 -9999 -9999 -9999 -9999 -9999 -9999 -9999 -9999 -9999 -9999 -9999 -9999 -9999 -9999 -9999 -9999 -9999 -9999 -9999 -9999 -9999 -9999 -9999 -9999 -9999 24.15 24.15 24.14 24.14 24.13 24.13 24.12 24.12 24.11 24.11 24.1 24.1 24.09 24.08 24.08 24.08 24.07 24.07 24.06 24.06 -9999 -9999 24.05 24.04 24.04 24.04 24.04 24.04 24.04 24.04 24.04 24.03 24.03 24.01 24.01 24.03 24.03 24.02 23.95 23.85 23.95 23.99 23.96 23.83
-9999 -9999 -9999 -9999 -9999 -9999 -9999 -9999 -9999 -9999 -9999 -9999 -9999 -9999 -9999 -9999 -9999 -9999 -9999 -9999 -9999 -9999 -9999 -9999 -9999 -9999 -9999 -9999 -9999 -9999 -9999 -9999 -9999 -9999 24.15 24.14 -9999 24.13 24.13 24.12 24.12 24.11 24.11 24.1 24.1 24.09 24.09 24.08 24.08 24.07 24.06 -9999 -9999 -9999 -9999 -9999 -9999 24.04 24.04 24.04 24.04 24.04 24.04 24.03 24.03 24.03 24.03 24.03 24.03 24.03 24.03 24 23.96 24 24.02 23.99 23.89
-9999 -9999 -9999 -9999 -9999 -9999 -9999 -9999 -9999 -9999 -9999 -9999 -9999 -9999 -9999 -9999 -9999 -9999 -9999 -9999 -9999 -9999 -9999 -9999 -9999 -9999 -9999 -9999 -9999 -9999 -9999 -9999 -9999 -9999 -9999 -9999 -9999 -9999 -9999 -9999 -9999 24.11 24.1 24.1 24.09 24.09 24.08 24.08 24.07 24.07 -9999 -9999 -9999 -9999 -9999 -9999 -9999 -9999 24.04 24.04 24.04 24.04 24.03 24.03 24.03 24.03 24.03 24.03 24.03 24.03 24.03 24.03 24.02 24.03 24.03 24.01 23.93
-9999 -9999 -9999 -9999 -9999 -9999 -9999 -9999 -9999 -9999 -9999 -9999 -9999 -9999 -9999 -9999 -9999 -9999 -9999 -9999 -9999 -9999 -9999 -9999 -9999 -9999 -9999 -9999 -9999 -9999 -9999 -9999 -9999 -9999 -9999 -9999 -9999 -9999 -9999 -9999 -9999 -9999 24.1 24.1 24.09 24.09 24.08 24.08 24.07 24.07 -9999 -9999 -9999 -9999 -9999 -9999 -9999 -9999 -9999 24.04 24.04 24.03 24.03 24.03 24.03 24.03 24.03 24.03 24.03 24.03 24.03 24.03 24.03 24.03 24.03 24.01 23.97
-9999 -9999 -9999 -9999 -9999 -9999 -9999 -9999 -9999 -9999 -9999 -9999 -9999 -9999 -9999 -9999 -9999 -9999 -9999 -9999 -9999 -9999 -9999 -9999 -9999 -9999 -9999 -9999 -9999 -9999 -9999 -9999 -9999 -9999 -9999 -9999 -9999 -9999 -9999 -9999 -9999 -9999 -9999 -9999 -9999 -9999 24.08 24.08 24.07 -9999 -9999 -9999 -9999 -9999 -9999 -9999 -9999 -9999 -9999 24.04 24.04 24.03 24.03 24.03 24.03 24.03 24.03 24.03 24.03 24.03 24.03 24.03 24.03 24.03 24.03 24.02 24
