ASPA-UH-SWB2_REPO/input/Gridded_temps/prism_tmax_tutuila_30yr_normal_04.asc
ncols         350
nrows         200
xllcorner     515000
yllcorner     8409000
cellsize      100
NODATA_value  -9999
[rows 35 to 69 of 200, columns 231 to 307 of 350]
-9999 -9999 -9999 -9999 -9999 -9999 31.21 31.21 31.21 -9999 -9999 -9999 31.21 31.21 31.21 31.21 -9999 -9999 -9999 -9999 -9999 -9999 -9999 -9999 -9999 31.22 31.22 31.22 -9999 -9999 -9999 -9999 -9999 -9999 -9999 -9999 -9999 -9999 -9999 -9999 -9999 -9999 -9999 -9999 -9999 -9999 -9999 -9999 -9999 -9999 -9999 -9999 -9999 -9999 -9999 -9999 -9999 -9999 -9999 -9999 -9999 -9999 -9999 -9999 -9999 -9999 -9999 -9999 -9999 -9999 -9999 -9999 -9999 31.23 31.23 31.23 31.23
-9999 31.2 31.2 -9999 -9999 31.21 31.21 31.21 31.21 31.21 31.21 31.21 31.21 31.21 31.21 31.21 -9999 -9999 -9999 31.21 31.21 -9999 -9999 -9999 -9999 31.21 31.22 31.22 31.22 -9999 -9999 -9999 -9999 -9999 -9999 -9999 -9999 -9999 -9999 -9999 -9999 -9999 -9999 -9999 -9999 -9999 -9999 -9999 -9999 -9999 -9999 -9999 -9999 -9999 -9999 -9999 -9999 -9999 -9999 -9999 -9999 -9999 -9999 -9999 -9999 -9999 -9999 -9999 -9999 -9999 -9999 -9999 31.23 31.23 31.23 31.23 31.23
31.2 31.2 31.2 31.2 31.2 31.21 31.21 31.21 31.21 31.21 31.21 31.21 31.21 31.21 31.21 31.21 31.21 -9999 31.21 31.21 31.21 31.21 31.21 -9999 31.21 31.21 31.21 31.22 31.22 31.22 -9999 -9999 -9999 -9999 -9999 -9999 -9999 -9999 -9999 -9999 -9999 -9999 -9999 -9999 -9999 -9999 -9999 -9999 -9999 -9999 -9999 -9999 -9999 -9999 -9999 -9999 -9999 -9999 -9999 -9999 -9999 -9999 -9999 -9999 -9999 -9999 -9999 -9999 -9999 -9999 -9999 31.22 31.23 31.23 31.23 31.23 31.23
31.2 31.2 31.2 31.2 31.2 31.2 31.21 31.21 31.21 31.21 31.21 31.21 31.21 31.21 31.21 31.21 31.21 31.21 31.21 31.21 31.21 31.21 31.21 31.21 31.21 31.21 31.21 31.21 31.22 31.22 31.22 -9999 -9999 -9999 -9999 -9999 -9999 -9999 -9999 -9999 -9999 -9999 -9999 -9999 -9999 -9999 -9999 -9999 -9999 -9999 -9999 -9999 -9999 -9999 -9999 -9999 -9999 -9999 -9999 -9999 -9999 -9999 -9999 -9999 -9999 -9999 -9999 31.22 31.22 -9999 31.22 31.22 31.23 31.23 31.23 31.23 31.23
31.2 31.2 31.2 31.2 31.2 31.2 31.2 31.21 31.21 31.21 31.21 31.21 31.21 31.21 31.21 31.21 31.21 31.21 31.21 31.21 31.21 31.21 31.21 31.21 31.21 31.21 31.21 31.21 31.21 31.22 31.22 31.22 -9999 -9999 -9999 31.22 -9999 -9999 -9999 -9999 -9999 -9999 -9999 -9999 -9999 -9999 -9999 -9999 -9999 -9999 -9999 -9999 -9999 -9999 -9999 -9999 -9999 -9999 -9999 -9999 -9999 -9999 -9999 -9999 -9999 -9999 31.22 31.22 31.22 31.22 31.22 31.22 31.22 31.23 31.22 31.18 31.2
31.2 31.2 31.2 31.2 31.2 31.2 31.19 31.18 31.19 31.21 31.21 31.21 31.21 31.19 31.18 31.21 31.21 31.21 31.21 31.21 31.21 31.21 31.21 31.21 31.21 31.21 31.21 31.21 31.21 31.21 31.22 31.22 31.22 -9999 31.22 31.22 31.22 -9999 -9999 -9999 -9999 -9999 -9999 -9999 -9999 -9999 -9999 -9999 -9999 -9999 -9999 -9999 -9999 -9999 -9999 -9999 -9999 -9999 -9999 -9999 -9999 -9999 -9999 -9999 -9999 31.22 31.22 31.22 31.22 31.22 31.22 31.22 31.22 31.22 31.15 30.98 31.07
31.2 31.2 31.2 31.2 31.2 31.2 31.17 31.11 31.14 31.2 31.2 31.2 31.18 31.08 31.07 31.18 31.21 31.21 31.21 31.2 31.2 31.21 31.21 31.21 31.2 31.16 31.17 31.2 31.21 31.21 31.21 31.22 31.22 31.22 31.22 31.22 31.22 31.22 -9999 -9999 -9999 -9999 -9999 -9999 -9999 -9999 -9999 -9999 -9999 -9999 -9999 -9999 -9999 -9999 -9999 -9999 -9999 -9999 -9999 -9999 -9999 -9999 -9999 -9999 31.22 31.22 31.22 31.22 31.22 31.22 31.22 31.22 31.22 31.2 31.08 30.8 30.87
31.2 31.18 31.17 31.18 31.2 31.2 31.16 31.03 31.04 31.14 31.15 31.15 31.1 30.88 30.87 31.1 31.19 31.21 31.19 31.09 31.08 31.18 31.21 31.2 31.14 31.04 31.08 31.17 31.21 31.21 31.21 31.21 31.22 31.22 31.22 31.22 31.22 31.22 31.22 -9999 -9999 -9999 -9999 -9999 -9999 -9999 31.22 -9999 -9999 -9999 -9999 -9999 -9999 -9999 -9999 -9999 -9999 -9999 -9999 -9999 -9999 -9999 -9999 31.22 31.22 31.22 31.22 31.22 31.22 31.22 31.22 31.21 31.17 31.08 30.89 30.59 30.64
31.19 31.13 31.07 31.12 31.19 31.2 31.16 30.96 30.84 30.92 30.9 30.94 30.94 30.7 30.71 30.98 31.15 31.18 31.09 30.81 30.82 31.06 31.18 31.18 31.08 30.99 31.07 31.18 31.21 31.21 31.21 31.21 31.21 31.22 31.22 31.22 31.22 31.22 31.22 31.22 31.22 31.22 -9999 -9999 -9999 31.22 31.22 31.22 31.22 31.22 -9999 -9999 31.22 -9999 -9999 -9999 -9999 -9999 -9999 -9999 -9999 -9999 31.22 31.22 31.22 31.22 31.22 31.22 31.22 31.22 31.22 31.18 31 30.8 30.66 30.48 30.51
31.18 31.09 30.96 31.07 31.17 31.2 31.17 30.95 30.63 30.52 30.5 30.6 30.62 30.53 30.59 30.82 31 31.03 30.86 30.61 30.69 30.99 31.16 31.19 31.14 31.13 31.17 31.21 31.21 31.21 31.21 31.21 31.21 31.22 31.22 31.22 31.22 31.22 31.22 31.22 31.22 31.22 -9999 -9999 31.22 31.22 31.22 31.22 31.22 31.22 31.22 31.22 31.22 31.22 -9999 -9999 -9999 -9999 -9999 -9999 -9999 31.22 31.22 31.22 31.22 31.22 31.21 31.19 31.19 31.21 31.21 31.15 30.86 30.61 30.59 30.48 30.43
31.19 31.12 31.01 31.09 31.18 31.2 31.15 30.89 30.4 30.06 30.11 30.21 30.23 30.29 30.43 30.63 30.82 30.9 30.78 30.73 30.87 31.08 31.18 31.2 31.2 31.2 31.21 31.21 31.21 31.21 31.21 31.21 31.21 31.21 31.21 31.19 31.21 31.22 31.22 31.22 31.22 31.22 31.22 31.22 31.22 31.22 31.22 31.22 31.22 31.22 31.22 31.22 31.22 31.22 31.22 31.22 31.22 -9999 -9999 31.22 31.22 31.22 31.22 31.22 31.22 31.22 31.19 31.11 31.1 31.16 31.16 31.12 30.94 30.62 30.54 30.47 30.39
31.2 31.16 31.02 30.97 31.14 31.16 31.05 30.71 30.14 29.73 29.79 29.85 29.9 30.13 30.42 30.7 30.91 31.01 31.01 31.03 31.1 31.17 31.21 31.21 31.21 31.21 31.21 31.21 31.21 31.21 31.21 31.21 31.21 31.2 31.15 31.08 31.16 31.21 31.22 31.22 31.22 31.22 31.22 31.22 31.22 31.22 31.22 31.22 31.22 31.22 31.22 31.22 31.22 31.22 31.22 31.22 31.22 31.22 31.22 31.22 31.22 31.22 31.22 31.22 31.22 31.22 31.15 31.01 31 31.05 30.99 30.98 30.93 30.67 30.5 30.41 30.33
31.19 31.13 30.78 30.82 31.06 31.07 30.85 30.42 29.89 29.57 29.59 29.64 29.83 30.25 30.62 30.93 31.09 31.15 31.17 31.18 31.2 31.21 31.21 31.21 31.21 31.21 31.21 31.21 31.21 31.21 31.21 31.2 31.19 31.15 31 30.94 31.11 31.21 31.22 31.22 31.22 31.22 31.22 31.22 31.22 31.22 31.21 31.21 31.22 31.22 31.22 31.22 31.22 31.22 31.22 31.22 31.22 31.22 31.22 31.22 31.22 31.22 31.22 31.22 31.22 31.19 31.05 30.89 30.94 30.93 30.74 30.72 30.8 30.64 30.46 30.33 30.26
31.16 31.03 30.49 30.73 30.99 30.87 30.55 30.05 29.73 29.68 29.73 29.89 30.19 30.57 30.87 31.08 31.17 31.2 31.21 31.21 31.21 31.21 31.21 31.21 31.21 31.21 31.21 31.21 31.21 31.2 31.16 31.12 31.1 31.02 30.86 30.88 31.08 31.19 31.19 31.21 31.21 31.21 31.22 31.22 31.22 31.21 31.19 31.18 31.19 31.21 31.22 31.22 31.22 31.22 31.22 31.22 31.22 31.22 31.22 31.22 31.22 31.22 31.22 31.22 31.21 31.15 30.96 30.8 30.84 30.84 30.67 30.55 30.62 30.6 30.42 30.25 30.2
31.11 30.6 30.05 30.65 30.86 30.6 30.24 29.97 29.93 30.03 30.21 30.4 30.67 30.94 31.09 31.16 31.19 31.21 31.21 31.21 31.21 31.21 31.21 31.21 31.21 31.21 31.21 31.21 31.19 31.12 30.96 30.85 30.86 30.85 30.77 30.85 31.05 31.12 31.08 31.13 31.15 31.16 31.19 31.22 31.22 31.2 31.12 31.06 31.07 31.15 31.2 31.21 31.21 31.22 31.22 31.22 31.22 31.22 31.22 31.22 31.22 31.22 31.22 31.22 31.22 31.15 30.97 30.78 30.7 30.72 30.64 30.48 30.41 30.48 30.45 30.2 30.14
30.86 30.28 30.17 30.63 30.63 30.3 30.09 30.14 30.29 30.39 30.59 30.84 31.03 31.12 31.17 31.18 31.2 31.2 31.21 31.21 31.21 31.21 31.21 31.21 31.21 31.2 31.2 31.2 31.13 30.9 30.61 30.58 30.64 30.67 30.69 30.83 31 30.98 30.94 31.03 31.02 31 31.11 31.2 31.22 31.18 31.06 30.95 30.9 31.01 31.12 31.13 31.17 31.2 31.22 31.22 31.22 31.22 31.22 31.22 31.22 31.22 31.22 31.22 31.22 31.16 30.98 30.75 30.54 30.51 30.49 30.39 30.28 30.3 30.42 30.19 30.14
30.57 30.43 30.57 30.63 30.43 30.1 30.09 30.37 30.63 30.77 30.94 31.08 31.15 31.17 31.18 31.17 31.16 31.16 31.17 31.18 31.21 31.21 31.2 31.19 31.16 31.11 31.1 31.1 30.98 30.62 30.35 30.4 30.47 30.52 30.61 30.77 30.91 30.86 30.9 30.94 30.86 30.83 31.02 31.18 31.2 31.1 30.9 30.8 30.75 30.84 30.92 30.93 31.05 31.16 31.19 31.19 31.21 31.22 31.21 31.21 31.22 31.22 31.22 31.22 31.21 31.15 30.95 30.69 30.41 30.3 30.28 30.23 30.16 30.17 30.34 30.17 30.12
30.29 30.38 30.46 30.44 30.25 30.04 30.22 30.55 30.8 30.98 31.1 31.15 31.13 31.13 31.13 31.09 31.02 30.97 30.97 31.06 31.17 31.19 31.16 31.07 30.96 30.82 30.8 30.86 30.69 30.37 30.18 30.25 30.35 30.47 30.61 30.74 30.82 30.77 30.77 30.78 30.71 30.7 30.89 31.11 31.18 31.06 30.81 30.64 30.59 30.64 30.68 30.73 30.91 31.06 31.07 31.08 31.14 31.14 31.13 31.16 31.21 31.22 31.22 31.22 31.22 31.18 31.03 30.76 30.49 30.28 30.16 30.12 30.06 30.03 30.2 30.1 30
29.99 30.15 30.13 30.14 29.98 29.87 30.18 30.56 30.84 31.03 31.12 31.11 31.01 30.98 30.97 30.87 30.67 30.52 30.58 30.81 31.07 31.12 31 30.76 30.56 30.45 30.43 30.45 30.32 30.12 30.04 30.14 30.29 30.47 30.62 30.69 30.72 30.65 30.6 30.61 30.6 30.62 30.82 31.07 31.16 31.11 30.93 30.67 30.48 30.43 30.45 30.57 30.77 30.9 30.85 30.83 30.92 30.92 30.95 31.09 31.2 31.22 31.22 31.22 31.22 31.21 31.12 30.95 30.79 30.61 30.41 30.28 30.07 29.88 30 29.91 29.78
29.71 29.81 29.69 29.68 29.6 29.75 30.13 30.54 30.85 31.03 31.09 31.03 30.84 30.71 30.65 30.53 30.28 30.1 30.29 30.67 30.96 30.95 30.77 30.43 30.15 30.03 30.02 29.98 29.93 29.92 29.96 30.1 30.28 30.43 30.51 30.52 30.51 30.5 30.44 30.46 30.49 30.57 30.79 31.03 31.09 31.05 30.97 30.75 30.47 30.29 30.29 30.49 30.65 30.73 30.68 30.58 30.61 30.65 30.82 31.05 31.19 31.22 31.22 31.22 31.22 31.22 31.19 31.12 31.01 30.88 30.71 30.49 30.1 29.72 29.76 29.71 29.59
29.52 29.45 29.33 29.35 29.55 29.93 30.34 30.66 30.88 31.01 31.03 30.96 30.78 30.54 30.33 30.14 29.92 29.88 30.22 30.6 30.77 30.67 30.48 30.14 29.82 29.69 29.7 29.69 29.71 29.79 29.92 30.07 30.21 30.3 30.35 30.31 30.32 30.34 30.28 30.28 30.36 30.5 30.75 30.94 30.9 30.78 30.75 30.62 30.4 30.21 30.2 30.38 30.45 30.54 30.51 30.33 30.32 30.49 30.77 31.04 31.19 31.22 31.22 31.22 31.22 31.22 31.2 31.14 31.03 30.89 30.69 30.41 29.96 29.54 29.49 29.55 29.63
29.77 29.65 29.33 29.38 29.65 30.04 30.45 30.73 30.89 30.94 30.88 30.8 30.72 30.51 30.18 29.84 29.63 29.77 30.18 30.48 30.49 30.32 30.12 29.87 29.59 29.5 29.52 29.55 29.62 29.71 29.85 29.98 30.07 30.13 30.16 30.12 30.17 30.22 30.16 30.18 30.28 30.46 30.7 30.79 30.67 30.49 30.45 30.39 30.23 30.06 30.02 30.16 30.25 30.36 30.32 30.11 30.18 30.43 30.7 30.97 31.15 31.2 31.21 31.22 31.22 31.2 31.19 31.14 31.04 30.89 30.62 30.2 29.72 29.33 29.25 29.44 29.78
30.19 29.93 29.5 29.5 29.67 29.96 30.39 30.68 30.76 30.82 30.7 30.51 30.51 30.44 30.16 29.74 29.52 29.75 30.09 30.21 30.12 29.91 29.7 29.58 29.51 29.53 29.58 29.61 29.73 29.78 29.84 29.93 30.01 30.06 30.07 30.07 30.16 30.23 30.23 30.3 30.32 30.37 30.54 30.64 30.55 30.43 30.36 30.28 30.15 29.94 29.82 29.9 30.05 30.16 30.08 29.98 30.14 30.39 30.63 30.86 31.06 31.16 31.2 31.2 31.2 31.2 31.16 31.06 30.93 30.82 30.59 30.17 29.6 29.22 29.26 29.57 29.85
30.23 29.92 29.54 29.53 29.66 29.85 30.16 30.35 30.43 30.62 30.53 30.17 30.12 30.21 30.04 29.64 29.44 29.6 29.79 29.76 29.67 29.5 29.45 29.49 29.61 29.72 29.83 29.84 29.97 29.99 30 30.07 30.16 30.23 30.22 30.23 30.31 30.4 30.42 30.5 30.47 30.39 30.42 30.48 30.47 30.41 30.36 30.25 30.1 29.87 29.69 29.74 29.88 29.97 29.93 29.92 30.07 30.3 30.51 30.7 30.93 31.11 31.19 31.19 31.19 31.18 31.1 30.9 30.67 30.57 30.44 30.11 29.65 29.41 29.52 29.79 29.99
30.01 29.77 29.46 29.48 29.61 29.67 29.77 29.85 29.99 30.36 30.42 29.98 29.66 29.82 29.74 29.46 29.25 29.26 29.35 29.31 29.23 29.29 29.43 29.65 29.83 29.97 30.13 30.13 30.22 30.25 30.22 30.32 30.41 30.49 30.46 30.43 30.5 30.59 30.6 30.66 30.65 30.59 30.54 30.48 30.36 30.27 30.22 30.12 29.99 29.76 29.6 29.63 29.78 29.9 29.95 30.02 30.07 30.16 30.34 30.54 30.82 31.07 31.16 31.17 31.18 31.15 31.01 30.75 30.44 30.29 30.22 30.02 29.77 29.73 29.85 29.93 30.09
29.66 29.51 29.37 29.4 29.49 29.49 29.51 29.53 29.68 30.02 30 29.67 29.36 29.55 29.43 29.22 29.05 28.99 29.04 29.04 29.08 29.35 29.62 29.87 30.1 30.26 30.39 30.43 30.5 30.53 30.49 30.55 30.6 30.7 30.72 30.67 30.71 30.79 30.8 30.82 30.83 30.75 30.61 30.47 30.32 30.23 30.12 29.95 29.73 29.53 29.58 29.7 29.86 29.98 30.08 30.21 30.25 30.22 30.36 30.57 30.87 31.04 31.05 31.09 31.13 31.06 30.85 30.59 30.35 30.23 30.18 30.06 29.97 30.01 30.11 30.11 30.17
29.66 29.53 29.36 29.33 29.37 29.37 29.37 29.43 29.66 29.9 29.69 29.44 29.23 29.32 29.23 29.06 28.97 28.97 28.96 28.97 29.08 29.45 29.8 30.01 30.17 30.32 30.47 30.59 30.69 30.77 30.8 30.79 30.78 30.88 30.96 30.94 30.92 30.99 31.01 30.99 30.93 30.73 30.5 30.41 30.41 30.38 30.23 29.94 29.63 29.52 29.65 29.8 29.95 30.1 30.23 30.36 30.46 30.49 30.6 30.78 30.9 30.84 30.81 30.95 31.03 30.89 30.62 30.41 30.34 30.32 30.31 30.26 30.18 30.17 30.29 30.3 30.34
29.91 29.71 29.5 29.35 29.29 29.26 29.25 29.34 29.61 29.76 29.56 29.28 29.18 29.21 29.2 29.18 29.22 29.27 29.19 29.23 29.34 29.59 29.91 30.11 30.18 30.27 30.41 30.57 30.72 30.85 30.95 30.98 30.98 31.06 31.13 31.13 31.11 31.14 31.12 31.02 30.82 30.66 30.65 30.66 30.66 30.54 30.36 30.11 29.78 29.62 29.67 29.78 29.9 30.05 30.21 30.29 30.42 30.64 30.73 30.73 30.67 30.61 30.72 30.84 30.81 30.64 30.42 30.36 30.45 30.49 30.48 30.42 30.28 30.23 30.41 30.48 30.53
30.11 29.98 29.82 29.53 29.26 29.12 29.02 29.09 29.37 29.5 29.4 29.38 29.39 29.4 29.33 29.33 29.45 29.6 29.6 29.61 29.78 29.97 30.1 30.3 30.34 30.32 30.4 30.55 30.73 30.89 31 31.07 31.1 31.16 31.19 31.19 31.18 31.19 31.11 30.85 30.65 30.76 30.96 31 30.9 30.74 30.55 30.27 29.94 29.67 29.62 29.72 29.83 29.93 30.03 30.09 30.22 30.36 30.4 30.41 30.43 30.52 30.59 30.56 30.5 30.5 30.49 30.57 30.71 30.71 30.65 30.53 30.28 30.23 30.48 30.65 30.71
30.17 29.98 29.8 29.53 29.25 29.06 28.9 28.9 29.11 29.24 29.32 29.53 29.64 29.67 29.49 29.41 29.52 29.76 29.97 29.95 30.05 30.27 30.4 30.59 30.64 30.48 30.39 30.5 30.77 30.94 30.97 31.06 31.13 31.19 31.21 31.21 31.21 31.2 31.13 30.96 30.97 31.1 31.13 31.06 30.85 30.66 30.34 30.1 29.89 29.7 29.65 29.7 29.74 29.77 29.84 29.96 30.08 30.17 30.25 30.35 30.44 30.51 30.49 30.47 30.45 30.55 30.65 30.76 30.85 30.76 30.63 30.51 30.32 30.18 30.32 30.57 30.76
29.92 29.73 29.56 29.35 29.24 29.12 28.97 28.9 29.02 29.19 29.37 29.66 29.81 29.83 29.7 29.59 29.56 29.78 30.11 30.22 30.18 30.42 30.61 30.78 30.82 30.71 30.61 30.75 30.99 31.06 30.98 31.01 31.12 31.19 31.21 31.21 31.21 31.21 31.18 31.13 31.15 31.19 31.17 31.04 30.74 30.52 30.35 30.14 29.99 29.92 29.83 29.74 29.68 29.64 29.66 29.83 30 30.15 30.25 30.36 30.46 30.56 30.62 30.65 30.58 30.62 30.77 30.88 30.92 30.81 30.65 30.48 30.3 30.14 30.23 30.49 30.77
29.75 29.61 29.51 29.37 29.27 29.14 28.98 28.93 29.08 29.29 29.46 29.7 29.9 29.99 29.96 29.86 29.71 29.88 30.22 30.38 30.31 30.45 30.65 30.87 30.98 30.94 30.9 30.99 31.13 31.16 31.11 31.11 31.17 31.2 31.21 31.21 31.21 31.21 31.21 31.2 31.2 31.21 31.18 31.06 30.85 30.72 30.59 30.44 30.34 30.22 30.04 29.92 29.83 29.69 29.61 29.78 29.99 30.11 30.19 30.35 30.52 30.64 30.73 30.83 30.76 30.69 30.82 30.95 31 30.88 30.73 30.61 30.43 30.26 30.36 30.57 30.86
29.65 29.51 29.48 29.42 29.31 29.18 29.01 28.98 29.13 29.32 29.48 29.67 29.91 30.16 30.26 30.28 30.09 30.07 30.35 30.53 30.53 30.58 30.7 30.91 31.07 31.11 31.12 31.15 31.19 31.19 31.19 31.19 31.2 31.21 31.21 31.21 31.21 31.21 31.21 31.21 31.21 31.21 31.18 31.12 31.04 31.01 30.91 30.74 30.65 30.44 30.3 30.22 30.15 29.97 29.73 29.82 29.97 30.06 30.12 30.25 30.39 30.49 30.64 30.89 30.96 30.83 30.84 30.97 31.06 30.98 30.86 30.68 30.49 30.38 30.53 30.69 30.97
29.58 29.46 29.47 29.44 29.36 29.26 29.11 29.08 29.21 29.35 29.45 29.59 29.81 30.08 30.26 30.52 30.56 30.3 30.36 30.56 30.7 30.78 30.84 30.97 31.12 31.18 31.19 31.19 31.2 31.2 31.2 31.21 31.21 31.21 31.21 31.21 31.21 31.21 31.21 31.21 31.21 31.21 31.2 31.19 31.18 31.17 31.11 31 30.89 30.69 30.6 30.52 30.42 30.18 29.82 29.8 29.92 30.06 30.18 30.31 30.44 30.54 30.71 30.97 31.09 31.05 31 31.06 31.14 31.12 31.04 30.79 30.63 30.65 30.77 30.94 31.14
29.49 29.45 29.52 29.46 29.37 29.26 29.13 29.16 29.26 29.32 29.4 29.46 29.57 29.75 29.96 30.44 30.74 30.54 30.42 30.48 30.65 30.84 30.96 31.01 31.12 31.19 31.2 31.2 31.2 31.2 31.2 31.2 31.21 31.21 31.21 -9999 31.21 31.21 31.21 31.21 31.21 31.21 31.21 31.21 31.21 31.21 31.19 31.15 31.06 30.94 30.85 30.75 30.59 30.28 29.89 29.73 29.89 30.15 30.35 30.48 30.6 30.71 30.88 31.06 31.15 31.17 31.16 31.17 31.2 31.2 31.16 30.99 30.88 30.98 31.02 31.12 31.2
