ASPA-UH-SWB2_REPO/input/Gridded_temps/prism_tmax_tutuila_30yr_normal_11.asc
ncols         350
nrows         200
xllcorner     515000
yllcorner     8409000
cellsize      100
NODATA_value  -9999
[rows 34 to 67 of 200, columns 231 to 307 of 350]
-9999 -9999 -9999 -9999 -9999 -9999 -9999 30.76 -9999 -9999 -9999 -9999 -9999 30.76 30.76 -9999 -9999 -9999 -9999 -9999 -9999 -9999 -9999 -9999 -9999 -9999 30.77 -9999 -9999 -9999 -9999 -9999 -9999 -9999 -9999 -9999 -9999 -9999 -9999 -9999 -9999 -9999 -9999 -9999 -9999 -9999 -9999 -9999 -9999 -9999 -9999 -9999 -9999 -9999 -9999 -9999 -9999 -9999 -9999 -9999 -9999 -9999 -9999 -9999 -9999 -9999 -9999 -9999 -9999 -9999 -9999 -9999 -9999 -9999 30.78 30.78 30.78
-9999 -9999 -9999 -9999 -9999 -9999 30.76 30.76 30.76 -9999 -9999 -9999 30.76 30.76 30.76 30.76 -9999 -9999 -9999 -9999 -9999 -9999 -9999 -9999 -9999 30.77 30.77 30.77 -9999 -9999 -9999 -9999 -9999 -9999 -9999 -9999 -9999 -9999 -9999 -9999 -9999 -9999 -9999 -9999 -9999 -9999 -9999 -9999 -9999 -9999 -9999 -9999 -9999 -9999 -9999 -9999 -9999 -9999 -9999 -9999 -9999 -9999 -9999 -9999 -9999 -9999 -9999 -9999 -9999 -9999 -9999 -9999 -9999 30.78 30.78 30.78 30.78
-9999 30.76 30.76 -9999 -9999 30.76 30.76 30.76 30.76 30.76 30.76 30.76 30.76 30.76 30.76 30.76 -9999 -9999 -9999 30.76 30.76 -9999 -9999 -9999 -9999 30.77 30.77 30.77 30.77 -9999 -9999 -9999 -9999 -9999 -9999 -9999 -9999 -9999 -9999 -9999 -9999 -9999 -9999 -9999 -9999 -9999 -9999 -9999 -9999 -9999 -9999 -9999 -9999 -9999 -9999 -9999 -9999 -9999 -9999 -9999 -9999 -9999 -9999 -9999 -9999 -9999 -9999 -9999 -9999 -9999 -9999 -9999 30.78 30.78 30.78 30.78 30.78
30.75 30.76 30.76 30.76 30.76 30.76 30.76 30.76 30.76 30.76 30.76 30.76 30.76 30.76 30.76 30.76 30.76 -9999 30.76 30.76 30.76 30.76 30.76 -9999 30.77 30.77 30.77 30.77 30.77 30.77 -9999 -9999 -9999 -9999 -9999 -9999 -9999 -9999 -9999 -9999 -9999 -9999 -9999 -9999 -9999 -9999 -9999 -9999 -9999 -9999 -9999 -9999 -9999 -9999 -9999 -9999 -9999 -9999 -9999 -9999 -9999 -9999 -9999 -9999 -9999 -9999 -9999 -9999 -9999 -9999 -9999 30.78 30.78 30.78 30.78 30.78 30.78
30.75 30.75 30.76 30.76 30.76 30.76 30.76 30.76 30.76 30.76 30.76 30.76 30.76 30.76 30.76 30.76 30.76 30.76 30.76 30.76 30.76 30.76 30.76 30.76 30.76 30.77 30.77 30.77 30.77 30.77 30.77 -9999 -9999 -9999 -9999 -9999 -9999 -9999 -9999 -9999 -9999 -9999 -9999 -9999 -9999 -9999 -9999 -9999 -9999 -9999 -9999 -9999 -9999 -9999 -9999 -9999 -9999 -9999 -9999 -9999 -9999 -9999 -9999 -9999 -9999 -9999 -9999 30.77 30.77 -9999 30.78 30.78 30.78 30.78 30.78 30.78 30.78
30.75 30.75 30.75 30.76 30.76 30.76 30.76 30.76 30.76 30.76 30.76 30.76 30.76 30.76 30.76 30.76 30.76 30.76 30.76 30.76 30.76 30.76 30.76 30.76 30.76 30.77 30.77 30.77 30.77 30.77 30.77 30.77 -9999 -9999 -9999 30.77 -9999 -9999 -9999 -9999 -9999 -9999 -9999 -9999 -9999 -9999 -9999 -9999 -9999 -9999 -9999 -9999 -9999 -9999 -9999 -9999 -9999 -9999 -9999 -9999 -9999 -9999 -9999 -9999 -9999 -9999 30.77 30.77 30.77 30.78 30.78 30.78 30.78 30.78 30.77 30.73 30.75
30.75 30.75 30.75 30.75 30.75 30.76 30.75 30.73 30.74 30.76 30.76 30.76 30.76 30.74 30.73 30.76 30.76 30.76 30.76 30.76 30.76 30.76 30.76 30.76 30.76 30.76 30.76 30.77 30.77 30.77 30.77 30.77 30.77 -9999 30.77 30.77 30.77 -9999 -9999 -9999 -9999 -9999 -9999 -9999 -9999 -9999 -9999 -9999 -9999 -9999 -9999 -9999 -9999 -9999 -9999 -9999 -9999 -9999 -9999 -9999 -9999 -9999 -9999 -9999 -9999 30.77 30.77 30.77 30.77 30.77 30.78 30.78 30.78 30.78 30.7 30.53 30.62
30.75 30.75 30.75 30.75 30.75 30.75 30.72 30.67 30.69 30.75 30.75 30.75 30.73 30.63 30.62 30.73 30.76 30.76 30.76 30.75 30.75 30.76 30.76 30.76 30.75 30.71 30.72 30.76 30.77 30.77 30.77 30.77 30.77 30.77 30.77 30.77 30.77 30.77 -9999 -9999 -9999 -9999 -9999 -9999 -9999 -9999 -9999 -9999 -9999 -9999 -9999 -9999 -9999 -9999 -9999 -9999 -9999 -9999 -9999 -9999 -9999 -9999 -9999 -9999 30.77 30.77 30.77 30.77 30.77 30.77 30.78 30.78 30.78 30.75 30.63 30.35 30.42
30.75 30.73 30.72 30.74 30.75 30.75 30.72 30.58 30.59 30.69 30.7 30.7 30.65 30.44 30.42 30.65 30.74 30.76 30.74 30.64 30.63 30.73 30.76 30.75 30.69 30.59 30.63 30.73 30.77 30.77 30.77 30.77 30.77 30.77 30.77 30.77 30.77 30.77 30.77 -9999 -9999 -9999 -9999 -9999 -9999 -9999 30.77 -9999 -9999 -9999 -9999 -9999 -9999 -9999 -9999 -9999 -9999 -9999 -9999 -9999 -9999 -9999 -9999 30.77 30.77 30.77 30.77 30.77 30.77 30.77 30.77 30.77 30.73 30.63 30.44 30.14 30.19
30.74 30.69 30.62 30.67 30.74 30.75 30.72 30.51 30.4 30.47 30.45 30.49 30.49 30.26 30.26 30.54 30.7 30.73 30.64 30.36 30.37 30.61 30.73 30.73 30.63 30.54 30.62 30.73 30.76 30.77 30.77 30.77 30.77 30.77 30.77 30.77 30.77 30.77 30.77 30.77 30.77 30.77 -9999 -9999 -9999 30.77 30.77 30.77 30.77 30.77 -9999 -9999 30.77 -9999 -9999 -9999 -9999 -9999 -9999 -9999 -9999 -9999 30.77 30.77 30.77 30.77 30.77 30.77 30.77 30.77 30.77 30.73 30.55 30.35 30.21 30.03 30.06
30.73 30.64 30.51 30.62 30.72 30.75 30.72 30.5 30.19 30.08 30.05 30.15 30.17 30.08 30.14 30.37 30.55 30.59 30.42 30.16 30.24 30.54 30.71 30.74 30.7 30.68 30.72 30.76 30.76 30.76 30.77 30.77 30.77 30.77 30.77 30.77 30.77 30.77 30.77 30.77 30.77 30.77 -9999 -9999 30.77 30.77 30.77 30.77 30.77 30.77 30.77 30.77 30.77 30.77 -9999 -9999 -9999 -9999 -9999 -9999 -9999 30.77 30.77 30.77 30.77 30.77 30.76 30.74 30.74 30.76 30.76 30.7 30.41 30.16 30.14 30.03 29.98
30.74 30.67 30.56 30.64 30.73 30.75 30.7 30.44 29.95 29.62 29.67 29.77 29.79 29.84 29.98 30.19 30.38 30.45 30.34 30.29 30.42 30.63 30.73 30.76 30.75 30.75 30.76 30.76 30.76 30.76 30.76 30.77 30.77 30.77 30.76 30.74 30.76 30.77 30.77 30.77 30.77 30.77 30.77 30.77 30.77 30.77 30.77 30.77 30.77 30.77 30.77 30.77 30.77 30.77 30.77 30.77 30.77 -9999 -9999 30.77 30.77 30.77 30.77 30.77 30.77 30.77 30.74 30.66 30.65 30.71 30.71 30.67 30.49 30.17 30.09 30.02 29.94
30.75 30.71 30.57 30.52 30.69 30.71 30.61 30.26 29.69 29.28 29.34 29.4 29.46 29.69 29.97 30.25 30.46 30.56 30.56 30.58 30.65 30.72 30.76 30.76 30.76 30.76 30.76 30.76 30.76 30.76 30.76 30.76 30.77 30.76 30.7 30.63 30.71 30.76 30.77 30.77 30.77 30.77 30.77 30.77 30.77 30.77 30.77 30.77 30.77 30.77 30.77 30.77 30.77 30.77 30.77 30.77 30.77 30.77 30.77 30.77 30.77 30.77 30.77 30.77 30.77 30.77 30.7 30.56 30.55 30.6 30.54 30.53 30.48 30.22 30.05 29.96 29.88
30.74 30.68 30.33 30.37 30.62 30.62 30.4 29.97 29.44 29.12 29.14 29.19 29.38 29.81 30.18 30.48 30.64 30.7 30.72 30.73 30.75 30.76 30.76 30.76 30.76 30.76 30.76 30.76 30.76 30.76 30.76 30.75 30.75 30.71 30.55 30.49 30.66 30.76 30.77 30.77 30.77 30.77 30.77 30.77 30.77 30.77 30.76 30.77 30.77 30.77 30.77 30.77 30.77 30.77 30.77 30.77 30.77 30.77 30.77 30.77 30.77 30.77 30.77 30.77 30.77 30.74 30.6 30.44 30.49 30.48 30.29 30.27 30.35 30.19 30.01 29.88 29.81
30.72 30.58 30.05 30.28 30.54 30.42 30.11 29.6 29.28 29.23 29.28 29.44 29.74 30.12 30.42 30.63 30.73 30.75 30.76 30.76 30.76 30.76 30.76 30.76 30.76 30.76 30.76 30.76 30.76 30.75 30.71 30.67 30.65 30.57 30.41 30.43 30.64 30.74 30.74 30.76 30.76 30.76 30.77 30.77 30.77 30.76 30.74 30.73 30.74 30.76 30.77 30.77 30.77 30.77 30.77 30.77 30.77 30.77 30.77 30.77 30.77 30.77 30.77 30.77 30.76 30.7 30.51 30.35 30.39 30.39 30.22 30.1 30.17 30.16 29.97 29.8 29.75
30.67 30.15 29.6 30.2 30.41 30.15 29.79 29.53 29.49 29.59 29.76 29.96 30.23 30.49 30.64 30.71 30.75 30.76 30.76 30.76 30.76 30.76 30.76 30.76 30.76 30.76 30.76 30.76 30.74 30.67 30.51 30.4 30.41 30.4 30.32 30.4 30.6 30.67 30.63 30.68 30.7 30.71 30.74 30.77 30.77 30.75 30.67 30.61 30.62 30.7 30.75 30.76 30.76 30.77 30.77 30.77 30.77 30.77 30.77 30.77 30.77 30.77 30.77 30.77 30.77 30.7 30.52 30.33 30.25 30.27 30.19 30.03 29.96 30.03 30 29.75 29.69
30.41 29.83 29.72 30.19 30.19 29.85 29.64 29.69 29.84 29.94 30.14 30.39 30.59 30.67 30.72 30.73 30.75 30.76 30.76 30.76 30.76 30.76 30.76 30.76 30.76 30.75 30.75 30.75 30.68 30.46 30.16 30.13 30.19 30.22 30.24 30.38 30.55 30.53 30.49 30.58 30.58 30.56 30.66 30.75 30.77 30.73 30.61 30.5 30.45 30.56 30.67 30.68 30.72 30.75 30.77 30.77 30.77 30.77 30.77 30.77 30.77 30.77 30.77 30.77 30.77 30.71 30.53 30.3 30.09 30.06 30.04 29.94 29.83 29.85 29.97 29.74 29.69
30.12 29.98 30.12 30.18 29.99 29.66 29.65 29.92 30.18 30.32 30.49 30.63 30.7 30.72 30.73 30.73 30.72 30.72 30.72 30.74 30.76 30.76 30.75 30.74 30.71 30.66 30.65 30.65 30.53 30.17 29.9 29.95 30.02 30.07 30.16 30.32 30.46 30.41 30.45 30.49 30.41 30.38 30.57 30.73 30.75 30.65 30.45 30.35 30.3 30.4 30.47 30.48 30.6 30.71 30.74 30.74 30.76 30.77 30.76 30.76 30.77 30.77 30.77 30.77 30.77 30.7 30.5 30.24 29.96 29.85 29.83 29.78 29.71 29.72 29.89 29.72 29.67
29.84 29.94 30.01 29.99 29.81 29.6 29.77 30.1 30.35 30.53 30.65 30.7 30.69 30.69 30.69 30.65 30.57 30.52 30.53 30.61 30.72 30.74 30.71 30.62 30.52 30.37 30.35 30.41 30.25 29.92 29.73 29.8 29.91 30.03 30.16 30.29 30.38 30.32 30.32 30.33 30.26 30.25 30.44 30.66 30.73 30.61 30.36 30.2 30.14 30.19 30.23 30.28 30.46 30.61 30.62 30.63 30.69 30.69 30.68 30.71 30.76 30.77 30.77 30.77 30.77 30.73 30.58 30.31 30.04 29.83 29.71 29.67 29.61 29.58 29.75 29.65 29.55
29.55 29.71 29.68 29.69 29.53 29.42 29.73 30.11 30.39 30.58 30.67 30.66 30.57 30.53 30.52 30.43 30.22 30.07 30.13 30.36 30.63 30.67 30.55 30.31 30.11 30 29.98 30 29.87 29.67 29.6 29.69 29.84 30.02 30.17 30.24 30.27 30.2 30.15 30.17 30.15 30.17 30.37 30.62 30.71 30.66 30.48 30.23 30.04 29.98 30 30.12 30.32 30.45 30.4 30.38 30.47 30.47 30.5 30.64 30.75 30.77 30.77 30.77 30.77 30.76 30.67 30.5 30.34 30.16 29.96 29.83 29.62 29.44 29.55 29.46 29.33
29.26 29.36 29.24 29.24 29.15 29.3 29.69 30.09 30.4 30.58 30.64 30.58 30.39 30.26 30.21 30.09 29.84 29.65 29.85 30.23 30.51 30.51 30.32 29.98 29.7 29.58 29.57 29.53 29.48 29.47 29.51 29.65 29.83 29.98 30.06 30.07 30.06 30.05 29.99 30.01 30.04 30.12 30.34 30.58 30.64 30.6 30.52 30.3 30.03 29.85 29.84 30.04 30.2 30.28 30.23 30.13 30.16 30.2 30.37 30.61 30.74 30.77 30.77 30.77 30.77 30.77 30.74 30.67 30.56 30.43 30.27 30.04 29.65 29.27 29.31 29.26 29.14
29.07 29 28.88 28.9 29.1 29.48 29.89 30.21 30.43 30.56 30.58 30.51 30.34 30.09 29.88 29.69 29.47 29.43 29.77 30.16 30.32 30.22 30.04 29.69 29.37 29.24 29.25 29.24 29.26 29.35 29.47 29.63 29.77 29.85 29.9 29.86 29.87 29.89 29.83 29.83 29.91 30.05 30.3 30.49 30.45 30.33 30.31 30.17 29.95 29.76 29.75 29.93 30.01 30.09 30.06 29.88 29.87 30.04 30.32 30.59 30.74 30.77 30.77 30.77 30.77 30.77 30.75 30.69 30.58 30.44 30.25 29.96 29.51 29.09 29.04 29.1 29.18
29.32 29.21 28.88 28.93 29.2 29.59 30 30.28 30.44 30.49 30.44 30.36 30.27 30.06 29.73 29.4 29.18 29.32 29.73 30.03 30.05 29.87 29.67 29.42 29.14 29.05 29.07 29.1 29.17 29.27 29.4 29.54 29.63 29.68 29.72 29.67 29.72 29.77 29.71 29.73 29.83 30.01 30.25 30.35 30.22 30.04 30 29.94 29.78 29.61 29.57 29.71 29.8 29.91 29.87 29.66 29.73 29.98 30.25 30.52 30.7 30.75 30.76 30.77 30.77 30.76 30.74 30.69 30.59 30.44 30.18 29.76 29.27 28.88 28.8 28.99 29.33
29.74 29.49 29.06 29.05 29.22 29.51 29.93 30.22 30.31 30.37 30.26 30.06 30.06 30 29.72 29.3 29.07 29.3 29.64 29.76 29.68 29.46 29.25 29.14 29.07 29.09 29.13 29.17 29.29 29.33 29.39 29.48 29.56 29.61 29.62 29.62 29.71 29.78 29.78 29.85 29.87 29.92 30.09 30.19 30.1 29.98 29.91 29.83 29.7 29.49 29.37 29.45 29.6 29.71 29.63 29.53 29.69 29.94 30.18 30.41 30.61 30.72 30.75 30.76 30.75 30.75 30.71 30.61 30.48 30.37 30.14 29.72 29.15 28.77 28.81 29.12 29.4
29.78 29.48 29.1 29.08 29.21 29.4 29.71 29.89 29.98 30.18 30.08 29.72 29.67 29.76 29.6 29.2 28.99 29.15 29.34 29.31 29.22 29.05 29 29.04 29.16 29.28 29.38 29.4 29.53 29.54 29.55 29.63 29.71 29.78 29.77 29.78 29.86 29.95 29.97 30.05 30.02 29.94 29.97 30.03 30.02 29.96 29.91 29.8 29.65 29.42 29.25 29.29 29.43 29.52 29.48 29.47 29.62 29.85 30.06 30.26 30.48 30.66 30.74 30.74 30.74 30.73 30.65 30.45 30.22 30.12 29.99 29.66 29.2 28.97 29.07 29.34 29.55
29.57 29.33 29.02 29.03 29.16 29.22 29.32 29.4 29.54 29.92 29.94 29.53 29.21 29.38 29.29 29.02 28.81 28.82 28.9 28.86 28.79 28.84 28.98 29.2 29.38 29.52 29.68 29.69 29.77 29.8 29.77 29.87 29.96 30.04 30.01 29.99 30.06 30.14 30.15 30.21 30.2 30.14 30.09 30.03 29.91 29.82 29.77 29.67 29.54 29.31 29.15 29.18 29.34 29.45 29.51 29.57 29.62 29.71 29.9 30.1 30.37 30.62 30.71 30.72 30.73 30.7 30.57 30.3 30 29.85 29.77 29.57 29.32 29.28 29.4 29.48 29.64
29.21 29.07 28.92 28.96 29.04 29.04 29.06 29.08 29.23 29.58 29.55 29.23 28.94 29.1 28.98 28.78 28.6 28.55 28.59 28.59 28.63 28.9 29.18 29.42 29.66 29.81 29.94 29.98 30.05 30.08 30.04 30.1 30.15 30.25 30.27 30.22 30.26 30.34 30.35 30.37 30.38 30.3 30.16 30.02 29.87 29.78 29.67 29.5 29.28 29.08 29.13 29.25 29.41 29.53 29.63 29.76 29.8 29.77 29.91 30.13 30.42 30.59 30.6 30.64 30.68 30.61 30.4 30.15 29.91 29.78 29.73 29.61 29.52 29.56 29.66 29.66 29.72
29.21 29.08 28.91 28.88 28.92 28.92 28.93 28.99 29.21 29.45 29.25 29 28.79 28.87 28.78 28.61 28.53 28.52 28.52 28.52 28.63 29 29.35 29.57 29.73 29.88 30.02 30.14 30.24 30.33 30.36 30.35 30.33 30.43 30.51 30.49 30.47 30.54 30.56 30.54 30.48 30.28 30.05 29.96 29.96 29.93 29.78 29.5 29.18 29.07 29.2 29.35 29.5 29.65 29.78 29.91 30.01 30.04 30.15 30.33 30.45 30.39 30.36 30.5 30.58 30.44 30.17 29.96 29.9 29.87 29.86 29.81 29.73 29.72 29.84 29.85 29.89
29.46 29.27 29.05 28.9 28.84 28.81 28.8 28.89 29.16 29.31 29.11 28.84 28.74 28.76 28.75 28.73 28.77 28.83 28.74 28.78 28.89 29.14 29.46 29.66 29.74 29.82 29.96 30.12 30.27 30.4 30.51 30.53 30.53 30.61 30.68 30.68 30.66 30.69 30.67 30.57 30.37 30.21 30.2 30.21 30.22 30.09 29.92 29.66 29.34 29.18 29.22 29.33 29.45 29.6 29.76 29.84 29.97 30.19 30.28 30.28 30.22 30.16 30.27 30.39 30.36 30.19 29.97 29.91 30 30.04 30.03 29.97 29.83 29.79 29.96 30.04 30.09
29.67 29.54 29.37 29.08 28.81 28.67 28.57 28.65 28.92 29.05 28.96 28.93 28.94 28.95 28.88 28.89 29.01 29.16 29.15 29.16 29.34 29.52 29.65 29.85 29.9 29.88 29.95 30.1 30.29 30.45 30.55 30.62 30.65 30.71 30.74 30.74 30.74 30.74 30.66 30.4 30.2 30.32 30.52 30.55 30.45 30.29 30.1 29.82 29.49 29.22 29.17 29.27 29.38 29.48 29.58 29.65 29.77 29.91 29.95 29.96 29.98 30.07 30.14 30.11 30.05 30.05 30.04 30.12 30.26 30.26 30.2 30.08 29.83 29.78 30.03 30.2 30.27
29.73 29.54 29.35 29.1 28.8 28.61 28.45 28.46 28.66 28.79 28.88 29.08 29.19 29.22 29.04 28.97 29.08 29.32 29.52 29.5 29.6 29.82 29.95 30.14 30.19 30.03 29.94 30.05 30.32 30.49 30.53 30.61 30.68 30.74 30.76 30.76 30.76 30.75 30.68 30.51 30.52 30.65 30.68 30.61 30.4 30.21 29.89 29.65 29.44 29.25 29.2 29.25 29.29 29.33 29.39 29.51 29.63 29.72 29.8 29.9 29.99 30.06 30.04 30.02 30 30.1 30.2 30.31 30.4 30.31 30.18 30.06 29.87 29.73 29.87 30.12 30.31
29.48 29.28 29.11 28.9 28.79 28.67 28.52 28.45 28.57 28.74 28.92 29.21 29.36 29.39 29.25 29.14 29.11 29.33 29.66 29.77 29.73 29.97 30.17 30.33 30.37 30.26 30.17 30.31 30.54 30.62 30.54 30.56 30.67 30.74 30.76 30.76 30.76 30.76 30.73 30.68 30.7 30.74 30.72 30.59 30.29 30.07 29.9 29.69 29.55 29.48 29.38 29.29 29.23 29.19 29.21 29.38 29.55 29.7 29.8 29.91 30.01 30.11 30.17 30.2 30.13 30.17 30.32 30.43 30.47 30.36 30.2 30.03 29.85 29.69 29.78 30.04 30.32
29.3 29.16 29.06 28.93 28.82 28.69 28.53 28.48 28.63 28.84 29.01 29.25 29.45 29.55 29.51 29.41 29.26 29.43 29.77 29.94 29.86 30 30.21 30.42 30.53 30.49 30.45 30.55 30.68 30.71 30.67 30.66 30.72 30.75 30.76 30.76 30.76 30.76 30.76 30.75 30.75 30.76 30.73 30.61 30.4 30.27 30.14 29.99 29.89 29.77 29.59 29.47 29.38 29.24 29.16 29.34 29.54 29.66 29.74 29.9 30.07 30.19 30.28 30.38 30.31 30.24 30.37 30.5 30.55 30.43 30.28 30.16 29.98 29.81 29.91 30.12 30.41
29.21 29.07 29.04 28.97 28.86 28.73 28.57 28.54 28.69 28.87 29.03 29.22 29.46 29.71 29.81 29.83 29.64 29.62 29.9 30.08 30.08 30.13 30.25 30.46 30.62 30.66 30.67 30.7 30.74 30.75 30.75 30.74 30.75 30.76 30.76 30.76 30.76 30.76 30.76 30.76 30.76 30.76 30.73 30.67 30.59 30.56 30.46 30.29 30.2 29.99 29.85 29.77 29.7 29.52 29.28 29.37 29.52 29.61 29.67 29.8 29.94 30.04 30.19 30.44 30.51 30.38 30.39 30.53 30.62 30.53 30.41 30.23 30.04 29.93 30.08 30.24 30.52
