ASPA-UH-SWB2_REPO/input/Gridded_temps/prism_tmin_tutuila_30yr_normal_08.asc
ncols         350
nrows         200
xllcorner     515000
yllcorner     8409000
cellsize      100
NODATA_value  -9999
[rows 68 to 101 of 200, columns 156 to 233 of 350]
23.36 23.23 23.1 22.93 22.73 22.53 22.58 22.96 23.37 23.67 23.87 23.97 24.01 24.02 24.02 24.02 24.03 24.04 24.05 24.05 24.05 24.05 24.05 24.05 24.05 24.05 24.05 24.05 24.05 24.05 24.05 24.05 24.05 24.05 24.05 24.05 24.05 24.05 24.05 24.05 24.05 24.04 24.04 24.04 24.04 24.04 24.04 24.04 24.04 24.04 24.04 24.04 24.04 24.04 24.04 24.03 23.99 23.82 23.47 23.18 23 22.66 22.3 21.89 21.54 21.33 21.2 21.24 21.5 21.62 21.56 21.77 22.15 22.47 22.69 22.67 22.56 22.57
23.23 23.05 22.93 22.79 22.59 22.43 22.61 23.04 23.44 23.73 23.91 23.99 24.02 24.02 24.01 23.98 23.99 24.01 24.03 24.04 24.04 24.04 24.04 24.05 24.05 24.05 24.05 24.05 24.05 24.05 24.05 24.05 24.05 24.05 24.05 24.05 24.05 24.05 24.05 24.05 24.05 24.05 24.05 24.04 24.04 24.04 24.04 24.04 24.04 24.04 24.04 24.04 24.04 24.04 24.04 24.03 23.94 23.65 23.32 23.04 22.82 22.53 22.17 21.77 21.53 21.62 21.68 21.57 21.41 21.37 21.47 21.9 22.29 22.48 22.59 22.59 22.56 22.61
23.12 22.92 22.74 22.61 22.44 22.4 22.71 23.15 23.53 23.76 23.91 23.99 24.01 23.98 23.92 23.81 23.84 23.89 23.95 23.99 23.99 23.97 24 24.03 24.04 24.05 24.05 24.05 24.05 24.05 24.05 24.05 24.05 24.05 24.05 24.05 24.05 24.05 24.05 24.05 24.05 24.05 24.05 24.05 24.04 24.04 24.04 24.04 24.04 24.04 24.04 24.04 24.04 24.04 24.04 24.01 23.87 23.65 23.49 23.31 23.15 22.93 22.54 22.19 22.1 22.17 22.31 22.01 21.8 21.62 21.71 22.05 22.41 22.47 22.43 22.46 22.55 22.66
22.92 22.74 22.54 22.38 22.31 22.45 22.79 23.2 23.52 23.71 23.88 23.98 23.98 23.91 23.77 23.53 23.52 23.63 23.81 23.89 23.87 23.8 23.86 23.96 24.01 24.04 24.05 24.05 24.05 24.05 24.05 24.05 24.05 24.05 24.05 24.05 24.05 24.05 24.05 24.05 24.05 24.05 24.05 24.05 24.05 24.04 24.04 24.04 24.04 24.04 24.04 24.04 24.04 24.04 24.04 24.01 23.9 23.8 23.71 23.59 23.44 23.17 22.74 22.54 22.52 22.53 22.63 22.5 22.48 22.24 22.21 22.24 22.55 22.6 22.44 22.38 22.5 22.68
22.68 22.48 22.34 22.33 22.44 22.7 22.96 23.28 23.52 23.71 23.88 23.96 23.92 23.81 23.62 23.3 23.17 23.42 23.7 23.76 23.69 23.54 23.6 23.79 23.91 23.97 24.02 24.04 24.05 24.05 24.05 24.05 24.04 24.04 24.04 24.04 24.04 24.05 24.05 24.05 24.05 24.05 24.05 24.05 24.05 24.05 24.04 24.04 24.04 24.04 24.04 24.04 24.04 24.04 24.04 24.02 23.96 23.86 23.7 23.51 23.34 22.99 22.63 22.65 22.82 22.86 22.89 22.9 22.92 22.77 22.7 22.65 22.75 22.8 22.59 22.42 22.52 22.71
22.46 22.28 22.28 22.47 22.77 23.02 23.28 23.51 23.69 23.82 23.91 23.92 23.84 23.69 23.47 23.13 23.05 23.37 23.55 23.53 23.44 23.25 23.31 23.56 23.72 23.84 23.96 24.02 24.04 24.05 24.04 24.02 23.99 23.98 23.98 23.99 24.01 24.03 24.05 24.05 24.05 24.05 24.05 24.05 24.05 24.05 24.05 24.04 24.04 24.04 24.04 24.04 24.04 24.04 24.04 24.02 23.95 23.78 23.51 23.23 23 22.7 22.42 22.62 22.96 23.13 23.14 23.18 23.17 22.99 22.93 22.95 22.96 22.92 22.66 22.45 22.55 22.75
22.26 22.2 22.34 22.63 22.97 23.27 23.49 23.66 23.78 23.87 23.91 23.9 23.78 23.57 23.34 23.16 23.1 23.26 23.29 23.21 23.12 22.96 23 23.27 23.5 23.73 23.93 24.01 24.03 24.03 24.01 23.94 23.86 23.84 23.87 23.95 24.01 24.04 24.05 24.05 24.05 24.05 24.05 24.05 24.05 24.05 24.05 24.05 24.04 24.04 24.04 24.04 24.04 24.04 24.04 24.02 23.96 23.77 23.45 23.21 22.95 22.58 22.36 22.59 22.98 23.23 23.31 23.38 23.33 23.12 23.1 23.11 23.04 22.91 22.65 22.42 22.47 22.61
22.2 22.24 22.37 22.64 22.99 23.29 23.5 23.68 23.8 23.87 23.9 23.88 23.81 23.68 23.54 23.42 23.25 23.18 23.09 22.91 22.81 22.78 22.9 23.2 23.57 23.82 23.95 23.99 24 23.98 23.93 23.79 23.66 23.75 23.87 23.97 24.03 24.05 24.05 24.05 24.05 24.05 24.05 24.05 24.05 24.05 24.05 24.05 24.05 24.05 24.04 24.04 24.04 24.04 24.04 24.02 23.98 23.85 23.58 23.29 22.95 22.64 22.47 22.69 23.06 23.29 23.41 23.54 23.51 23.33 23.21 23.1 22.94 22.75 22.56 22.47 22.55 22.65
22.45 22.51 22.54 22.8 23.13 23.42 23.59 23.72 23.8 23.84 23.84 23.81 23.78 23.73 23.65 23.51 23.32 23.18 23.02 22.77 22.66 22.75 23.06 23.43 23.67 23.8 23.89 23.94 23.94 23.9 23.79 23.61 23.61 23.82 23.96 24.01 24.04 24.05 24.05 24.05 24.05 24.05 24.05 24.05 24.05 24.05 24.05 24.05 24.05 24.05 24.05 24.04 24.04 24.04 24.04 23.99 23.89 23.74 23.5 23.22 22.95 22.69 22.58 22.75 23.05 23.25 23.4 23.6 23.72 23.56 23.36 23.2 23.04 22.85 22.74 22.75 22.81 22.83
22.79 22.79 22.7 22.94 23.26 23.53 23.66 23.73 23.76 23.74 23.72 23.69 23.68 23.64 23.59 23.51 23.35 23.22 23.04 22.8 22.73 22.9 23.23 23.49 23.54 23.54 23.73 23.83 23.82 23.76 23.58 23.45 23.63 23.86 23.98 24.01 24.03 24.05 24.05 24.05 24.05 24.05 24.05 24.05 24.05 24.05 24.05 24.05 24.05 24.05 24.05 24.05 24.04 24.04 24.02 23.93 23.7 23.54 23.4 23.21 22.96 22.81 22.79 22.91 23.15 23.34 23.49 23.65 23.81 23.74 23.6 23.4 23.21 23.02 22.98 22.98 23.01 22.94
23.03 22.95 22.77 22.88 23.21 23.51 23.62 23.67 23.68 23.63 23.57 23.54 23.52 23.43 23.41 23.46 23.35 23.16 22.93 22.74 22.76 22.94 23.17 23.3 23.25 23.19 23.52 23.65 23.61 23.55 23.39 23.37 23.67 23.88 23.97 23.99 24.02 24.04 24.05 24.05 24.05 24.05 24.05 24.05 24.05 24.05 24.05 24.05 24.05 24.05 24.05 24.05 24.05 24.04 24.03 23.94 23.71 23.53 23.41 23.25 23.08 23.03 22.99 23.04 23.24 23.42 23.59 23.74 23.87 23.82 23.62 23.37 23.19 23.08 23.11 23.14 23.14 23.04
23.24 23.12 22.93 22.91 23.13 23.41 23.54 23.58 23.6 23.55 23.42 23.34 23.34 23.21 23.24 23.35 23.24 23.04 22.76 22.59 22.67 22.79 22.92 23 22.98 22.98 23.3 23.36 23.25 23.23 23.25 23.46 23.71 23.84 23.89 23.91 23.95 24 24.04 24.05 24.04 24.04 24.05 24.05 24.05 24.05 24.05 24.05 24.05 24.05 24.05 24.05 24.05 24.05 24.04 24.01 23.92 23.71 23.5 23.32 23.23 23.16 23.04 23.04 23.24 23.43 23.61 23.78 23.9 23.87 23.69 23.43 23.25 23.14 23.16 23.27 23.3 23.23
23.46 23.34 23.16 23.01 23.09 23.31 23.43 23.48 23.51 23.5 23.35 23.16 23.15 23.06 23.13 23.21 23.09 22.92 22.62 22.43 22.52 22.64 22.74 22.81 22.8 22.82 23 23.01 22.88 22.93 23.17 23.45 23.6 23.65 23.67 23.69 23.78 23.93 24.01 24.03 24.01 24 24.03 24.05 24.05 24.05 24.05 24.05 24.05 24.05 24.05 24.05 24.05 24.05 24.05 24.04 23.99 23.82 23.54 23.38 23.33 23.23 23.11 23.12 23.29 23.52 23.73 23.87 23.93 23.89 23.74 23.52 23.35 23.23 23.19 23.32 23.45 23.44
23.6 23.44 23.22 22.97 22.98 23.17 23.29 23.35 23.38 23.41 23.34 23.11 22.97 22.86 22.96 22.97 22.88 22.65 22.4 22.27 22.4 22.58 22.73 22.78 22.73 22.72 22.8 22.82 22.73 22.79 23 23.2 23.29 23.31 23.32 23.38 23.63 23.88 23.98 23.98 23.9 23.85 23.96 24.01 24.04 24.05 24.05 24.05 24.05 24.05 24.05 24.05 24.05 24.05 24.05 24.04 24 23.85 23.53 23.41 23.4 23.28 23.23 23.25 23.35 23.62 23.86 23.95 23.91 23.79 23.63 23.48 23.42 23.36 23.27 23.34 23.54 23.61
23.54 23.37 23.13 22.81 22.75 22.92 23.1 23.18 23.19 23.26 23.28 23.06 22.7 22.47 22.55 22.5 22.43 22.19 22.11 22.16 22.38 22.63 22.82 22.91 22.82 22.78 22.86 22.88 22.84 22.9 23.03 23.12 23.15 23.16 23.13 23.3 23.61 23.83 23.89 23.87 23.72 23.65 23.79 23.9 24.01 24.05 24.05 24.05 24.05 24.05 24.05 24.05 24.05 24.05 24.05 24.05 24.02 23.88 23.57 23.47 23.44 23.35 23.38 23.39 23.38 23.62 23.89 23.97 23.89 23.73 23.53 23.48 23.54 23.48 23.39 23.37 23.58 23.75
23.38 23.17 22.91 22.58 22.45 22.59 22.81 22.98 22.95 23.07 23.18 22.97 22.48 22 21.99 22 21.98 21.99 22.14 22.33 22.59 22.79 22.96 23.08 22.97 22.96 23.05 23.09 23.05 23.14 23.27 23.28 23.26 23.32 23.32 23.36 23.51 23.64 23.69 23.68 23.61 23.68 23.89 23.98 24.03 24.05 24.05 24.05 24.05 24.05 24.05 24.05 24.05 24.05 24.05 24.05 24.02 23.9 23.63 23.53 23.46 23.42 23.51 23.53 23.41 23.56 23.86 23.98 23.94 23.79 23.55 23.58 23.7 23.7 23.65 23.62 23.76 23.88
23.48 23.22 22.8 22.46 22.29 22.27 22.57 22.82 22.76 22.93 23.08 22.91 22.42 21.86 21.69 21.77 21.88 22.1 22.42 22.68 22.9 23.03 23.12 23.21 23.2 23.31 23.28 23.3 23.23 23.28 23.45 23.54 23.45 23.52 23.57 23.47 23.38 23.45 23.62 23.77 23.84 23.91 24 24.04 24.05 24.05 24.05 24.05 24.05 24.05 24.05 24.05 24.05 24.05 24.05 24.05 24.03 23.95 23.71 23.56 23.52 23.6 23.66 23.64 23.47 23.52 23.79 23.97 23.98 23.85 23.63 23.72 23.89 23.93 23.95 23.95 23.97 24.01
23.47 23.2 22.82 22.47 22.21 22.05 22.43 22.59 22.47 22.73 22.9 22.77 22.33 21.84 21.69 21.81 22.03 22.32 22.64 22.88 23 23.08 23.23 23.36 23.46 23.61 23.62 23.69 23.63 23.5 23.57 23.76 23.64 23.66 23.76 23.64 23.52 23.66 23.86 23.97 24.01 24.02 24.05 24.05 24.05 24.05 24.05 24.05 24.05 24.05 24.05 24.05 24.05 24.05 24.05 24.05 24.04 23.99 23.82 23.68 23.72 23.85 23.84 23.72 23.51 23.56 23.82 23.99 24.02 23.94 23.85 23.96 24.01 24.03 24.03 24.03 24.03 24.04
23.39 23.15 22.8 22.4 22.05 21.81 22.08 22.13 22.2 22.48 22.63 22.48 22.17 21.97 22.05 22.17 22.37 22.59 22.7 22.65 22.59 22.68 23.04 23.31 23.43 23.62 23.73 23.8 23.85 23.79 23.79 23.91 23.88 23.84 23.88 23.82 23.77 23.89 24 24.04 24.05 24.06 24.06 24.05 24.05 24.05 24.05 24.05 24.05 24.05 24.05 24.05 24.05 24.05 24.05 24.04 24 23.96 23.92 23.92 23.97 24 23.98 23.88 23.77 23.81 23.96 24.03 24.04 24.02 24 24.03 24.04 24.04 24.04 24.04 24.04 24.04
23.25 23.08 22.8 22.44 21.95 21.63 21.79 21.79 22.02 22.26 22.29 22.16 22.06 22.09 22.33 22.47 22.58 22.63 22.42 22.23 22.2 22.41 22.81 23.05 23.17 23.35 23.52 23.66 23.84 23.92 23.95 23.99 24 23.99 24 23.99 23.99 24.02 24.05 24.06 24.06 24.06 24.06 24.06 24.05 24.05 24.05 24.05 24.05 24.05 24.05 24.05 24.05 24.05 24.05 24.03 23.95 23.9 23.95 24.01 24.04 24.04 24.03 24.02 23.99 24 24.03 24.04 24.04 24.04 24.03 24.04 24.04 24.04 24.04 24.04 24.04 24.04
22.95 22.92 22.71 22.41 21.9 21.53 21.59 21.67 21.93 22.09 22.04 21.98 22.03 22.15 22.34 22.35 22.34 22.3 22.04 21.94 22.01 22.23 22.48 22.71 22.93 23.18 23.35 23.5 23.73 23.85 23.9 23.92 24 24.02 24.03 24.04 24.05 24.06 24.06 24.06 24.06 24.06 24.06 24.06 24.06 24.05 24.05 24.05 24.05 24.05 24.05 24.05 24.05 24.05 24.05 24.05 24.02 24.01 24.03 24.04 24.05 24.04 24.04 24.04 24.04 24.04 24.04 24.04 24.04 24.04 24.04 24.04 24.04 24.04 24.04 24.04 24.04 24.04
22.46 22.55 22.36 22.15 21.74 21.44 21.44 21.56 21.78 21.85 21.79 21.85 22 22.05 22.01 21.83 21.67 21.74 21.82 21.96 22.16 22.29 22.35 22.5 22.76 23.05 23.24 23.41 23.57 23.66 23.68 23.69 23.86 23.93 23.99 24.02 24.04 24.05 24.06 24.06 24.06 24.06 24.06 24.06 24.06 24.06 24.05 24.05 24.05 24.05 24.05 24.05 24.05 24.05 24.05 24.05 24.05 24.04 24.05 24.05 24.05 24.05 24.04 24.04 24.04 24.04 24.04 24.04 24.04 24.04 24.04 24.04 24.04 24.04 24.04 24.04 24.04 24.04
21.98 22.07 21.9 21.72 21.58 21.48 21.5 21.58 21.63 21.54 21.5 21.6 21.64 21.43 21.32 21.27 21.18 21.42 21.71 21.99 22.28 22.5 22.56 22.65 22.76 22.92 23.14 23.32 23.43 23.45 23.45 23.43 23.56 23.69 23.8 23.87 23.95 24.02 24.05 24.05 24.05 24.06 24.06 24.06 24.06 24.06 24.06 24.05 24.05 24.05 24.05 24.05 24.05 24.05 24.05 24.05 24.05 24.05 24.05 24.05 24.05 24.05 24.05 24.04 24.04 24.04 24.04 24.04 24.04 24.04 24.04 24.04 24.04 24.04 24.04 24.04 24.04 24.04
21.85 21.88 21.73 21.67 21.69 21.7 21.75 21.74 21.65 21.44 21.29 21.22 21.14 20.94 20.88 20.9 21.05 21.35 21.62 21.89 22.22 22.54 22.72 22.83 22.94 22.99 23.03 23.1 23.19 23.22 23.23 23.21 23.25 23.39 23.49 23.62 23.8 23.93 23.98 23.98 24.01 24.03 24.06 24.06 24.06 24.06 24.06 24.05 24.05 24.05 24.05 24.05 24.05 24.05 24.05 24.05 24.05 24.05 24.05 24.05 24.05 24.05 24.05 24.04 24.04 24.04 24.04 24.04 -9999 24.04 24.04 24.04 24.04 -9999 -9999 -9999 24.04 -9999
21.92 21.97 21.89 21.93 21.95 21.96 21.98 21.89 21.78 21.63 21.28 20.93 20.77 20.62 20.67 20.77 20.99 21.28 21.5 21.74 22.03 22.33 22.52 22.66 22.93 23.12 23.14 23.09 23.13 23.15 23.17 23.16 23.16 23.21 23.23 23.39 23.58 23.71 23.79 23.77 23.82 23.93 24.03 24.06 24.06 24.06 24.06 24.06 24.05 24.05 24.05 24.05 24.05 24.05 24.05 24.05 24.05 24.05 24.05 24.05 24.05 24.05 24.05 24.05 24.04 24.04 24.04 -9999 -9999 -9999 24.04 -9999 -9999 -9999 -9999 -9999 -9999 -9999
21.98 22.12 22.13 22.19 22.2 22.2 22.14 21.98 21.91 21.9 21.65 21.24 20.99 20.62 20.8 20.92 21.13 21.42 21.55 21.65 21.89 22.12 22.22 22.44 22.77 23.07 23.26 23.33 23.35 23.36 23.36 23.37 23.36 23.33 23.28 23.31 23.36 23.45 23.55 23.58 23.71 23.88 24.02 24.05 24.06 24.06 24.06 24.06 24.06 24.05 24.05 -9999 -9999 -9999 -9999 24.05 24.05 24.05 24.05 -9999 -9999 -9999 -9999 24.05 -9999 -9999 -9999 -9999 -9999 -9999 -9999 -9999 -9999 -9999 -9999 -9999 -9999 -9999
22.04 22.18 22.29 22.37 22.41 22.4 22.26 22.12 22.06 22.12 22.06 21.76 21.47 21.01 21.07 21.13 21.41 21.75 21.85 21.84 22 22.25 22.33 22.48 22.68 22.86 23.05 23.23 23.38 23.5 23.56 23.61 23.66 23.61 23.56 23.48 23.39 23.37 23.43 23.53 23.72 23.95 24.04 24.06 24.06 24.06 24.06 24.06 -9999 -9999 -9999 -9999 -9999 -9999 -9999 -9999 -9999 -9999 -9999 -9999 -9999 -9999 -9999 -9999 -9999 -9999 -9999 -9999 -9999 -9999 -9999 -9999 -9999 -9999 -9999 -9999 -9999 -9999
21.84 22.01 22.25 22.43 22.54 22.55 22.44 22.38 22.3 22.39 22.33 22.14 21.86 21.48 21.4 21.28 21.65 21.99 22.17 22.21 22.29 22.49 22.68 22.83 22.9 22.92 22.96 23.03 23.15 23.31 23.45 23.64 23.84 23.87 23.85 23.75 23.61 23.51 23.54 23.59 23.76 23.99 24.05 24.06 24.06 24.06 24.06 24.06 -9999 -9999 -9999 -9999 -9999 -9999 -9999 -9999 -9999 -9999 -9999 -9999 -9999 -9999 -9999 -9999 -9999 -9999 -9999 -9999 -9999 -9999 -9999 -9999 -9999 -9999 -9999 -9999 -9999 -9999
21.63 21.92 22.25 22.49 22.65 22.75 22.7 22.64 22.64 22.7 22.55 22.31 21.96 21.75 21.78 21.68 21.91 22.17 22.4 22.55 22.64 22.76 22.93 23.16 23.26 23.27 23.24 23.23 23.22 23.17 23.17 23.41 23.74 23.94 23.98 23.94 23.85 23.74 23.74 23.78 23.89 24.03 24.06 24.06 24.06 24.06 24.06 -9999 -9999 -9999 -9999 -9999 -9999 -9999 -9999 -9999 -9999 -9999 -9999 -9999 -9999 -9999 -9999 -9999 -9999 -9999 -9999 -9999 -9999 -9999 -9999 -9999 -9999 -9999 -9999 -9999 -9999 -9999
21.57 21.82 22.16 22.44 22.64 22.81 22.92 22.95 22.97 22.92 22.67 22.36 22.05 22 22.04 21.89 22.03 22.21 22.38 22.56 22.72 22.84 23.01 23.18 23.33 23.5 23.58 23.57 23.53 23.43 23.25 23.33 23.59 23.89 24.02 24.04 24.02 23.96 23.93 23.94 24 24.05 24.06 24.06 24.06 24.06 24.06 -9999 -9999 -9999 -9999 -9999 -9999 -9999 -9999 -9999 -9999 -9999 -9999 -9999 -9999 -9999 -9999 -9999 -9999 -9999 -9999 -9999 -9999 -9999 -9999 -9999 -9999 -9999 -9999 -9999 -9999 -9999
21.6 21.83 22.15 22.41 22.6 22.79 23.03 23.2 23.19 23.03 22.72 22.4 22.11 22.11 22.16 22.06 22.08 22.18 22.28 22.41 22.54 22.65 22.76 22.86 23.09 23.43 23.68 23.8 23.8 23.69 23.51 23.5 23.65 23.84 24.02 24.06 24.07 24.05 24.04 24.04 24.05 24.06 24.06 24.06 24.06 24.06 -9999 -9999 -9999 -9999 -9999 -9999 -9999 -9999 -9999 -9999 -9999 -9999 -9999 -9999 -9999 -9999 -9999 -9999 -9999 -9999 -9999 -9999 -9999 -9999 -9999 -9999 -9999 -9999 -9999 -9999 -9999 -9999
21.66 21.77 22.07 22.39 22.63 22.84 23.09 23.31 23.27 23.05 22.78 22.46 22.19 22.18 22.26 22.29 22.35 22.43 22.46 22.56 22.7 22.8 22.8 22.76 22.93 23.21 23.52 23.78 23.92 23.9 23.78 23.82 23.9 23.91 24.03 24.07 24.07 24.07 24.06 24.06 24.07 24.06 24.06 24.06 24.06 -9999 -9999 -9999 -9999 -9999 -9999 -9999 -9999 -9999 -9999 -9999 -9999 -9999 -9999 -9999 -9999 -9999 -9999 -9999 -9999 -9999 -9999 -9999 -9999 -9999 -9999 -9999 -9999 -9999 -9999 -9999 -9999 -9999
21.85 21.91 22.08 22.26 22.5 22.79 23.18 23.45 23.39 23.15 22.75 22.43 22.27 22.27 22.3 22.33 22.5 22.62 22.6 22.68 22.88 23.05 23.06 22.97 23 23.16 23.41 23.67 23.91 24.01 23.99 24.02 24.04 24.04 24.06 24.07 24.07 24.07 24.07 24.07 24.07 24.07 24.06 24.06 24.06 -9999 -9999 -9999 -9999 -9999 -9999 -9999 -9999 -9999 -9999 -9999 -9999 -9999 -9999 -9999 -9999 -9999 -9999 -9999 -9999 -9999 -9999 -9999 -9999 -9999 -9999 -9999 -9999 -9999 -9999 -9999 -9999 -9999
22.1 22.24 22.34 22.39 22.56 22.76 23.26 23.55 23.38 23.01 22.58 22.35 22.37 22.43 22.38 22.32 22.5 22.71 22.74 22.74 22.91 23.15 23.27 23.23 23.2 23.32 23.48 23.65 23.9 24.04 24.06 24.07 24.07 24.07 24.07 24.07 24.07 24.07 24.07 24.07 24.07 24.07 24.07 24.06 -9999 -9999 -9999 -9999 -9999 -9999 -9999 -9999 -9999 -9999 -9999 -9999 -9999 -9999 -9999 -9999 -9999 -9999 -9999 -9999 -9999 -9999 -9999 -9999 -9999 -9999 -9999 -9999 -9999 -9999 -9999 -9999 -9999 -9999
