ASPA-UH-SWB2_REPO/input/Gridded_temps/prism_tmin_tutuila_30yr_normal_11.asc
ncols         350
nrows         200
xllcorner     515000
yllcorner     8409000
cellsize      100
NODATA_value  -9999
[rows 35 to 69 of 200, columns 154 to 230 of 350]
-9999 -9999 -9999 -9999 -9999 -9999 -9999 -9999 -9999 -9999 -9999 -9999 -9999 -9999 -9999 -9999 -9999 -9999 -9999 -9999 -9999 -9999 -9999 -9999 -9999 -9999 -9999 -9999 -9999 -9999 24.36 24.36 24.36 24.36 24.36 24.36 24.36 24.36 24.35 24.35 24.35 24.35 24.35 24.35 24.29 24.13 23.69 23.42 23.69 24.03 24.26 24.34 24.35 24.35 24.35 24.35 24.35 24.35 24.35 24.35 24.35 24.35 24.35 24.35 24.35 -9999 -9999 -9999 -9999 24.34 24.34 -9999 -9999 -9999 -9999 -9999 -9999
-9999 -9999 -9999 -9999 -9999 -9999 -9999 -9999 -9999 -9999 -9999 -9999 -9999 -9999 -9999 -9999 -9999 -9999 -9999 -9999 -9999 -9999 -9999 -9999 -9999 -9999 -9999 -9999 -9999 -9999 24.36 24.36 24.36 24.36 24.36 24.36 24.36 24.36 24.36 24.35 24.36 24.35 24.35 24.3 24.12 23.78 23.59 23.52 23.82 24.16 24.32 24.35 24.35 24.35 24.35 24.35 24.35 24.35 24.35 24.35 24.35 24.35 24.35 24.35 24.35 24.35 -9999 -9999 24.35 24.34 24.34 24.34 -9999 -9999 -9999 -9999 -9999
-9999 -9999 -9999 -9999 -9999 -9999 -9999 -9999 -9999 -9999 -9999 -9999 -9999 -9999 -9999 -9999 -9999 -9999 -9999 -9999 -9999 -9999 -9999 -9999 -9999 -9999 -9999 -9999 -9999 24.36 24.36 24.36 24.36 24.36 24.36 24.36 24.36 24.35 24.32 24.32 24.34 24.31 24.28 24.2 24.07 24 23.99 24.01 24.13 24.28 24.34 24.35 24.35 24.35 24.35 24.35 24.35 24.35 24.35 24.35 24.35 24.35 24.35 24.35 24.35 24.35 -9999 24.35 24.35 24.35 24.35 24.34 24.34 -9999 -9999 -9999 -9999
-9999 -9999 -9999 -9999 -9999 -9999 -9999 -9999 -9999 -9999 -9999 -9999 -9999 -9999 -9999 -9999 -9999 -9999 -9999 -9999 -9999 -9999 -9999 -9999 -9999 24.36 24.36 -9999 24.36 24.36 24.36 24.36 24.36 24.36 24.36 24.36 24.36 24.31 24.19 24.16 24.19 24.07 23.95 23.94 24.12 24.24 24.27 24.28 24.31 24.34 24.35 24.35 24.35 24.35 24.35 24.35 24.35 24.35 24.35 24.35 24.35 24.33 24.34 24.35 24.35 24.35 24.35 24.35 24.35 24.35 24.35 24.35 24.34 24.34 -9999 -9999 24.34
-9999 -9999 -9999 -9999 -9999 -9999 -9999 -9999 -9999 -9999 -9999 -9999 -9999 -9999 -9999 -9999 -9999 -9999 -9999 -9999 -9999 -9999 -9999 -9999 24.36 24.36 24.36 24.36 24.36 24.36 24.36 24.36 24.35 24.34 24.35 24.36 24.35 24.27 24.04 23.86 23.78 23.7 23.44 23.62 24.03 24.26 24.32 24.34 24.35 24.35 24.35 24.35 24.35 24.35 24.35 24.34 24.34 24.35 24.35 24.34 24.31 24.28 24.32 24.34 24.35 24.35 24.35 24.35 24.35 24.35 24.35 24.35 24.35 24.35 24.35 24.34 24.34
-9999 -9999 -9999 -9999 -9999 -9999 -9999 -9999 -9999 -9999 -9999 -9999 -9999 -9999 -9999 -9999 -9999 -9999 -9999 -9999 -9999 -9999 -9999 24.36 24.36 24.36 24.36 24.36 24.36 24.36 24.36 24.34 24.3 24.25 24.27 24.32 24.32 24.22 23.97 23.63 23.4 23.29 23.15 23.42 23.91 24.25 24.33 24.36 24.36 24.36 24.35 24.35 24.35 24.35 24.31 24.26 24.25 24.3 24.32 24.27 24.2 24.16 24.28 24.34 24.35 24.35 24.35 24.35 24.35 24.35 24.35 24.35 24.35 24.35 24.35 24.34 24.34
-9999 -9999 -9999 -9999 -9999 -9999 -9999 -9999 -9999 -9999 -9999 -9999 -9999 -9999 -9999 -9999 -9999 -9999 -9999 -9999 -9999 -9999 24.37 24.37 24.37 24.37 24.36 24.36 24.36 24.36 24.34 24.27 24.14 24.03 24.1 24.2 24.16 24.05 23.85 23.46 23.2 23.3 23.44 23.7 24.08 24.29 24.35 24.36 24.36 24.36 24.36 24.36 24.35 24.32 24.2 24.04 24.02 24.16 24.18 24.05 23.94 24.02 24.26 24.34 24.35 24.35 24.35 24.35 24.35 24.33 24.31 24.35 24.35 24.35 24.35 24.35 24.34
-9999 -9999 -9999 -9999 -9999 -9999 -9999 -9999 -9999 -9999 -9999 -9999 -9999 -9999 -9999 -9999 -9999 24.37 24.37 24.37 24.37 24.37 24.37 24.37 24.37 24.37 24.37 24.37 24.37 24.36 24.3 24.15 23.95 23.82 23.89 24 23.87 23.64 23.5 23.29 23.27 23.6 23.9 24.1 24.26 24.33 24.35 24.36 24.36 24.36 24.36 24.35 24.32 24.22 24.01 23.78 23.81 23.95 23.87 23.71 23.7 23.94 24.24 24.34 24.35 24.35 24.35 24.35 24.33 24.27 24.22 24.32 24.35 24.35 24.35 24.35 24.35
-9999 -9999 -9999 -9999 -9999 -9999 -9999 -9999 -9999 -9999 -9999 -9999 -9999 -9999 -9999 24.37 24.37 24.37 24.37 24.37 24.37 24.37 24.37 24.37 24.37 24.37 24.37 24.37 24.37 24.36 24.31 24.15 23.87 23.67 23.69 23.82 23.63 23.21 23.05 23.16 23.37 23.72 24.03 24.23 24.32 24.34 24.35 24.36 24.36 24.36 24.36 24.33 24.21 24.02 23.78 23.55 23.58 23.67 23.52 23.43 23.58 23.93 24.22 24.33 24.35 24.35 24.34 24.32 24.29 24.2 24.19 24.32 24.35 24.35 24.35 24.35 24.35
-9999 -9999 -9999 -9999 -9999 -9999 -9999 -9999 -9999 -9999 -9999 -9999 -9999 -9999 24.37 24.37 24.37 24.37 24.37 24.37 24.37 24.37 24.37 24.37 24.37 24.35 24.31 24.35 24.37 24.37 24.35 24.25 23.99 23.65 23.53 23.62 23.51 23.21 23.17 23.39 23.64 23.86 24.06 24.25 24.33 24.34 24.34 24.35 24.35 24.35 24.34 24.28 24.05 23.79 23.56 23.34 23.31 23.34 23.26 23.29 23.57 23.94 24.21 24.33 24.35 24.33 24.25 24.17 24.15 24.17 24.27 24.34 24.35 24.35 24.35 24.35 24.35
-9999 -9999 -9999 -9999 -9999 -9999 -9999 -9999 -9999 -9999 -9999 -9999 -9999 24.37 24.37 24.37 24.37 24.37 24.37 24.37 24.37 24.37 24.37 24.37 24.36 24.29 24.12 24.24 24.34 24.37 24.37 24.33 24.12 23.69 23.4 23.41 23.4 23.41 23.55 23.68 23.77 23.84 23.97 24.22 24.3 24.29 24.29 24.31 24.33 24.34 24.33 24.26 24.04 23.82 23.57 23.26 23.07 23.03 23.05 23.25 23.62 23.96 24.19 24.31 24.34 24.28 24.1 23.91 23.97 24.18 24.32 24.35 24.35 24.35 24.35 24.35 24.35
-9999 -9999 -9999 -9999 -9999 -9999 -9999 -9999 -9999 -9999 -9999 -9999 -9999 24.38 24.38 24.38 24.38 24.38 24.37 24.37 24.37 24.36 24.34 24.34 24.32 24.2 23.93 24.04 24.26 24.35 24.37 24.33 24.12 23.67 23.29 23.23 23.29 23.43 23.57 23.6 23.59 23.63 23.86 24.17 24.22 24.16 24.2 24.24 24.27 24.32 24.33 24.28 24.15 23.96 23.68 23.3 22.95 22.78 22.85 23.22 23.62 23.92 24.09 24.24 24.31 24.23 23.98 23.77 23.92 24.22 24.34 24.35 24.35 24.35 24.35 24.35 24.35
-9999 -9999 -9999 -9999 -9999 -9999 -9999 -9999 -9999 -9999 -9999 -9999 24.38 24.38 24.38 24.38 24.38 24.36 24.31 24.3 24.31 24.28 24.18 24.17 24.19 23.93 23.74 23.78 24.04 24.26 24.31 24.28 24 23.58 23.24 23.11 23.18 23.34 23.41 23.34 23.34 23.53 23.88 24.11 24.03 23.91 24.08 24.14 24.18 24.29 24.31 24.28 24.21 24.03 23.76 23.44 23.05 22.73 22.72 23.05 23.43 23.68 23.91 24.14 24.25 24.15 23.89 23.76 23.98 24.25 24.34 24.35 24.35 24.35 24.35 24.35 24.35
-9999 -9999 -9999 -9999 -9999 -9999 -9999 -9999 -9999 -9999 -9999 24.38 24.38 24.38 24.38 24.38 24.37 24.27 23.96 23.91 23.94 23.97 23.86 23.87 23.98 23.7 23.49 23.47 23.67 23.98 24.08 24.04 23.88 23.61 23.39 23.22 23.21 23.27 23.25 23.15 23.2 23.45 23.82 24 23.75 23.71 23.97 23.98 24.04 24.22 24.27 24.23 24.18 24.05 23.86 23.56 23.12 22.71 22.62 22.83 23.09 23.45 23.79 24.07 24.18 24.07 23.8 23.69 23.93 24.23 24.33 24.35 24.35 24.35 24.35 24.35 24.35
-9999 -9999 -9999 -9999 -9999 -9999 -9999 24.38 -9999 -9999 24.38 24.38 24.38 24.38 24.38 24.38 24.38 24.29 23.9 23.58 23.58 23.69 23.72 23.71 23.79 23.57 23.28 23.25 23.3 23.56 23.68 23.57 23.56 23.55 23.4 23.23 23.17 23.16 23.1 23.01 23.07 23.3 23.69 23.76 23.47 23.54 23.83 23.8 23.89 24.12 24.19 24.13 24.08 23.99 23.83 23.61 23.21 22.78 22.56 22.65 22.93 23.37 23.78 24.01 24.04 23.9 23.65 23.65 23.98 24.26 24.34 24.35 24.35 24.33 24.32 24.31 24.31
-9999 -9999 -9999 -9999 -9999 -9999 24.38 24.38 24.38 24.38 24.38 24.38 24.38 24.38 24.38 24.38 24.38 24.29 23.88 23.5 23.41 23.47 23.54 23.54 23.57 23.41 23.15 23.1 23.11 23.29 23.37 23.21 23.18 23.22 23.15 23.09 23.04 22.98 22.9 22.85 22.96 23.22 23.54 23.49 23.23 23.34 23.6 23.62 23.71 23.96 24.05 24.02 23.94 23.83 23.55 23.35 23.07 22.7 22.42 22.48 22.81 23.31 23.73 23.85 23.81 23.6 23.42 23.62 24.01 24.28 24.35 24.35 24.34 24.27 24.16 24.1 24.13
-9999 -9999 -9999 -9999 -9999 24.39 24.39 24.39 24.39 24.39 24.39 24.39 24.39 24.39 24.39 24.38 24.34 24.14 23.66 23.4 23.3 23.29 23.32 23.36 23.39 23.28 23.03 22.98 22.99 23.07 23.14 23.01 22.93 22.98 22.97 22.95 22.89 22.78 22.67 22.69 22.89 23.13 23.34 23.19 23.05 23.16 23.3 23.4 23.52 23.7 23.8 23.87 23.76 23.63 23.26 22.93 22.73 22.49 22.3 22.42 22.72 23.21 23.56 23.55 23.48 23.25 23.22 23.56 23.99 24.28 24.35 24.35 24.33 24.22 23.97 23.79 23.84
-9999 -9999 -9999 -9999 24.39 24.39 24.39 24.39 24.39 24.39 24.39 24.39 24.39 24.39 24.39 24.39 24.31 23.86 23.42 23.27 23.19 23.12 23.1 23.17 23.24 23.17 22.96 22.86 22.88 22.91 22.98 22.87 22.73 22.76 22.83 22.82 22.75 22.61 22.5 22.63 22.85 23.05 23.11 22.94 22.84 22.93 23.02 23.15 23.24 23.33 23.42 23.65 23.52 23.21 22.92 22.64 22.47 22.28 22.26 22.45 22.65 22.86 23.07 23.08 23.03 22.94 23.14 23.58 24.01 24.27 24.34 24.35 24.33 24.24 24.04 23.81 23.64
-9999 -9999 -9999 -9999 24.39 24.39 24.39 24.39 24.39 24.39 24.39 24.39 24.39 24.39 24.39 24.37 24.27 23.67 23.24 23.16 23.1 23 22.93 22.98 23.11 23.07 22.93 22.8 22.78 22.78 22.84 22.79 22.6 22.6 22.72 22.69 22.61 22.5 22.41 22.57 22.79 22.95 22.94 22.75 22.64 22.75 22.88 22.98 22.99 22.99 23 23.3 23.23 22.79 22.59 22.5 22.37 22.2 22.23 22.38 22.49 22.6 22.59 22.54 22.57 22.87 23.32 23.72 24.06 24.28 24.34 24.34 24.33 24.24 24.06 23.81 23.49
-9999 -9999 -9999 24.39 24.39 24.39 24.39 24.39 24.39 24.39 24.38 24.38 24.39 24.39 24.38 24.32 24.12 23.57 23.12 23.03 23.01 22.93 22.86 22.84 22.95 22.96 22.87 22.76 22.68 22.65 22.66 22.66 22.51 22.47 22.62 22.61 22.48 22.38 22.33 22.51 22.7 22.82 22.78 22.62 22.52 22.66 22.78 22.81 22.78 22.7 22.69 22.94 22.91 22.57 22.35 22.31 22.29 22.14 22.15 22.23 22.33 22.4 22.32 22.31 22.56 23.03 23.48 23.82 24.1 24.27 24.32 24.33 24.31 24.25 24.09 23.81 23.38
-9999 24.4 24.4 24.4 24.4 24.39 24.38 24.35 24.36 24.35 24.3 24.34 24.39 24.39 24.36 24.17 23.8 23.46 23.09 22.96 22.93 22.86 22.81 22.73 22.81 22.84 22.76 22.68 22.6 22.49 22.45 22.51 22.41 22.32 22.48 22.52 22.38 22.24 22.25 22.43 22.57 22.64 22.61 22.52 22.42 22.54 22.61 22.59 22.57 22.44 22.46 22.66 22.68 22.43 22.18 22.15 22.18 22.04 21.98 22.03 22.15 22.21 22.13 22.23 22.61 23.13 23.55 23.86 24.09 24.22 24.29 24.3 24.24 24.15 24.02 23.76 23.31
24.4 24.4 24.4 24.4 24.4 24.39 24.32 24.2 24.2 24.26 24.18 24.26 24.35 24.35 24.3 23.9 23.49 23.27 23.04 22.91 22.86 22.78 22.74 22.67 22.7 22.73 22.64 22.57 22.52 22.38 22.3 22.39 22.34 22.19 22.3 22.35 22.18 22.07 22.15 22.3 22.38 22.44 22.44 22.39 22.27 22.36 22.45 22.41 22.39 22.28 22.3 22.41 22.44 22.3 22.08 22 22.04 21.92 21.87 21.92 21.97 21.99 21.96 22.18 22.65 23.17 23.57 23.85 24.03 24.14 24.23 24.26 24.19 24.04 23.86 23.65 23.34
24.4 24.4 24.4 24.4 24.4 24.38 24.26 24.05 23.94 24.03 24.04 24.13 24.16 24.04 23.8 23.43 23.13 23.06 22.9 22.77 22.75 22.69 22.65 22.59 22.57 22.61 22.52 22.44 22.41 22.32 22.23 22.3 22.24 22.06 22.08 22.12 21.9 21.79 21.95 22.1 22.26 22.36 22.36 22.28 22.2 22.22 22.3 22.25 22.24 22.14 22.09 22.13 22.2 22.08 21.94 21.91 21.98 21.98 22.04 22.1 21.99 21.96 21.97 22.2 22.71 23.18 23.49 23.72 23.86 23.95 24.08 24.19 24.21 24.11 23.94 23.76 23.59
24.4 24.4 24.4 24.4 24.4 24.38 24.29 24.06 23.85 23.78 23.76 23.77 23.69 23.48 23.26 22.99 22.81 22.86 22.77 22.59 22.57 22.58 22.52 22.48 22.4 22.42 22.37 22.27 22.21 22.13 22.06 22.15 22.08 21.83 21.79 21.87 21.88 21.94 22.2 22.49 22.71 22.85 22.87 22.84 22.63 22.41 22.25 22.12 22.1 22 21.88 21.87 21.94 21.91 21.96 22.19 22.38 22.46 22.51 22.62 22.51 22.3 22.2 22.23 22.65 23.04 23.27 23.43 23.52 23.62 23.83 24.04 24.17 24.15 24.04 23.9 23.72
24.41 24.41 24.41 24.41 24.4 24.37 24.27 24.02 23.79 23.59 23.44 23.38 23.29 23.09 22.92 22.76 22.63 22.67 22.67 22.48 22.4 22.42 22.34 22.31 22.22 22.19 22.16 22.04 21.93 21.82 21.79 21.88 21.83 21.57 21.77 22.08 22.33 22.51 22.86 23.19 23.38 23.47 23.47 23.5 23.32 23.11 22.85 22.65 22.51 22.19 21.88 21.79 21.88 22.04 22.21 22.65 22.98 23.08 23.09 23.23 23.19 22.99 22.64 22.45 22.56 22.74 22.9 23.03 23.15 23.35 23.65 23.91 24.09 24.09 23.91 23.76 23.57
24.41 24.41 24.41 24.41 24.38 24.27 24.11 23.91 23.71 23.51 23.3 23.14 23.01 22.83 22.69 22.65 22.58 22.56 22.52 22.38 22.3 22.32 22.33 22.27 22.13 22.03 22.01 22.01 21.98 21.96 21.9 21.8 21.69 21.82 22.2 22.64 22.93 23.14 23.39 23.62 23.78 23.87 23.85 23.85 23.74 23.62 23.48 23.34 23.16 22.86 22.38 21.98 22.07 22.3 22.54 23 23.44 23.56 23.58 23.64 23.59 23.45 23.18 23.01 22.9 22.75 22.68 22.82 23.1 23.42 23.69 23.89 24.04 24 23.73 23.48 23.28
24.41 24.41 24.39 24.35 24.32 24.17 23.95 23.78 23.6 23.41 23.19 23.01 22.85 22.77 22.84 23.02 23.15 23.07 22.83 22.58 22.66 22.89 23.06 22.94 22.65 22.38 22.34 22.33 22.35 22.38 22.34 22.17 22.09 22.36 22.71 23.08 23.46 23.64 23.77 23.96 24.08 24.14 24.15 24.13 24.06 23.97 23.86 23.74 23.58 23.38 22.98 22.56 22.42 22.77 23.05 23.31 23.67 23.85 23.91 23.91 23.85 23.74 23.59 23.47 23.35 23.18 22.98 22.92 23.12 23.36 23.54 23.76 23.96 23.98 23.73 23.39 23.17
24.41 24.4 24.31 24.17 24.11 24.03 23.85 23.64 23.44 23.25 23.09 22.99 22.94 23.11 23.44 23.57 23.61 23.56 23.43 23.17 23.24 23.48 23.61 23.55 23.21 22.95 23 22.86 22.87 22.99 22.99 22.85 22.77 23.04 23.32 23.51 23.8 23.97 24.08 24.2 24.27 24.32 24.33 24.33 24.29 24.22 24.12 24.02 23.88 23.69 23.48 23.28 23.14 23.31 23.62 23.76 23.94 24.06 24.11 24.1 24.05 23.96 23.85 23.74 23.63 23.48 23.28 23.05 22.91 23.04 23.24 23.51 23.79 23.91 23.85 23.61 23.42
24.42 24.37 24.23 24.04 23.91 23.87 23.76 23.53 23.28 23.09 23.13 23.3 23.43 23.58 23.76 23.85 23.88 23.85 23.8 23.73 23.76 23.86 23.9 23.83 23.55 23.53 23.61 23.54 23.52 23.58 23.62 23.55 23.48 23.6 23.75 23.9 24.11 24.21 24.3 24.34 24.37 24.38 24.38 24.38 24.37 24.34 24.31 24.23 24.12 24 23.88 23.78 23.72 23.76 23.95 24.06 24.16 24.23 24.25 24.24 24.19 24.1 24.01 23.91 23.79 23.62 23.4 23.14 22.65 22.55 22.87 23.25 23.54 23.77 23.83 23.78 23.64
24.4 24.31 24.15 23.99 23.83 23.72 23.63 23.46 23.18 23.11 23.37 23.66 23.78 23.85 23.97 24.04 24.08 24.08 24.09 24.09 24.09 24.11 24.12 24.08 23.97 23.96 23.96 23.94 23.95 23.97 23.98 23.96 23.96 24.01 24.07 24.19 24.3 24.35 24.38 24.39 24.4 24.4 24.39 24.39 24.39 24.39 24.38 24.35 24.31 24.24 24.17 24.1 24.06 24.06 24.17 24.25 24.3 24.32 24.32 24.31 24.26 24.16 24.08 23.96 23.79 23.61 23.33 22.94 22.2 21.84 22.34 22.89 23.3 23.6 23.67 23.71 23.68
24.36 24.24 24.09 23.94 23.78 23.59 23.45 23.34 23.13 23.22 23.6 23.86 23.98 24.04 24.13 24.18 24.23 24.25 24.27 24.28 24.28 24.28 24.28 24.27 24.24 24.23 24.21 24.21 24.21 24.21 24.21 24.22 24.23 24.25 24.28 24.34 24.38 24.4 24.4 24.4 24.4 24.4 24.4 24.4 24.39 24.39 24.39 24.39 24.38 24.37 24.34 24.31 24.29 24.29 24.32 24.35 24.36 24.35 24.35 24.33 24.27 24.15 24.04 23.86 23.64 23.45 23.23 22.7 21.84 21.57 22.1 22.68 23.19 23.41 23.42 23.5 23.5
24.24 24.12 24 23.86 23.72 23.53 23.31 23.17 23.06 23.32 23.71 23.96 24.11 24.2 24.27 24.31 24.33 24.35 24.36 24.38 24.39 24.39 24.38 24.38 24.38 24.37 24.36 24.35 24.35 24.35 24.35 24.35 24.36 24.36 24.37 24.39 24.41 24.41 24.4 24.4 24.4 24.4 24.4 24.4 24.4 24.4 24.39 24.39 24.39 24.39 24.39 24.38 24.37 24.37 24.37 24.37 24.37 24.37 24.36 24.33 24.25 24.1 23.94 23.65 23.34 23.1 22.93 22.46 21.73 21.49 22.01 22.56 22.92 23.04 23.08 23.2 23.25
24.1 23.98 23.89 23.76 23.61 23.45 23.22 23.01 22.99 23.34 23.74 24.01 24.19 24.3 24.36 24.38 24.39 24.4 24.41 24.41 24.42 24.43 24.42 24.42 24.42 24.42 24.41 24.41 24.41 24.41 24.4 24.4 24.41 24.4 24.41 24.41 24.41 24.41 24.41 24.41 24.41 24.4 24.4 24.4 24.4 24.4 24.4 24.4 24.39 24.39 24.39 24.39 24.39 24.39 24.39 24.38 24.38 24.37 24.36 24.28 24.09 23.88 23.7 23.33 23.02 22.69 22.37 21.97 21.54 21.51 21.94 22.33 22.38 22.46 22.63 22.88 23.08
24.03 23.87 23.74 23.62 23.48 23.31 23.12 22.92 22.96 23.35 23.76 24.06 24.25 24.36 24.39 24.4 24.41 24.41 24.41 24.42 24.42 24.43 24.43 24.43 24.43 24.43 24.43 24.43 24.42 24.42 24.42 24.42 24.42 24.42 24.42 24.42 24.41 24.41 24.41 24.41 24.41 24.41 24.4 24.4 24.4 24.4 24.4 24.4 24.4 24.39 24.39 24.39 24.39 24.39 24.39 24.39 24.38 24.37 24.33 24.16 23.81 23.52 23.34 23 22.63 22.22 21.88 21.67 21.54 21.58 21.83 21.95 21.88 22.1 22.47 22.79 23.01
23.93 23.8 23.62 23.44 23.32 23.18 22.98 22.82 23 23.42 23.83 24.11 24.29 24.38 24.4 24.4 24.39 24.37 24.38 24.39 24.41 24.42 24.42 24.42 24.43 24.43 24.43 24.43 24.43 24.43 24.42 24.42 24.42 24.42 24.42 24.42 24.42 24.41 24.41 24.41 24.41 24.41 24.41 24.41 24.4 24.4 24.4 24.4 24.4 24.4 24.39 24.39 24.39 24.39 24.39 24.39 24.39 24.37 24.28 24 23.66 23.38 23.16 22.86 22.51 22.1 21.87 21.96 22.02 21.9 21.74 21.7 21.8 22.23 22.62 22.81 22.91
