ASPA-UH-SWB2_REPO/input/Gridded_temps/prism_tmin_tutuila_30yr_normal_10.asc
ncols         350
nrows         200
xllcorner     515000
yllcorner     8409000
cellsize      100
NODATA_value  -9999
[rows 105 to 139 of 200, columns 0 to 76 of 350]
-9999 -9999 -9999 -9999 -9999 -9999 -9999 -9999 -9999 -9999 -9999 -9999 -9999 -9999 -9999 -9999 -9999 -9999 -9999 -9999 -9999 -9999 -9999 -9999 -9999 -9999 -9999 -9999 -9999 24.57 24.57 24.57 24.57 24.57 24.57 24.57 24.57 24.55 24.46 24.26 24.12 24.01 23.91 23.78 23.63 23.63 23.87 23.98 24.07 24.28 24.39 24.37 24.29 24.11 23.89 23.7 23.54 23.37 23.19 23.06 22.93 22.76 22.62 22.52 22.52 22.45 22.48 22.57 22.55 22.4 22.35 22.38 22.36 22.43 22.63 22.76 22.8
-9999 -9999 -9999 -9999 -9999 -9999 -9999 -9999 -9999 -9999 -9999 -9999 -9999 -9999 -9999 -9999 -9999 -9999 -9999 -9999 -9999 -9999 -9999 -9999 -9999 -9999 -9999 -9999 24.57 24.57 24.57 24.57 24.57 24.57 24.57 24.56 24.55 24.5 24.43 24.25 24.07 23.96 23.88 23.78 23.64 23.54 23.61 23.65 23.79 24.11 24.26 24.29 24.29 24.25 24.16 24.05 23.89 23.69 23.52 23.4 23.22 23.04 22.89 22.73 22.72 22.64 22.6 22.64 22.65 22.5 22.48 22.46 22.36 22.42 22.58 22.66 22.72
-9999 -9999 -9999 -9999 -9999 -9999 -9999 -9999 -9999 -9999 -9999 -9999 -9999 -9999 -9999 -9999 -9999 -9999 -9999 -9999 -9999 -9999 -9999 -9999 -9999 -9999 -9999 24.57 24.57 24.57 24.57 24.57 24.57 24.56 24.52 24.51 24.48 24.39 24.36 24.32 24.24 24.12 24 23.83 23.63 23.47 23.4 23.42 23.61 23.93 24.04 24.08 24.11 24.11 24.09 24.08 24.02 23.92 23.82 23.71 23.54 23.34 23.13 22.84 22.85 22.85 22.83 22.82 22.77 22.65 22.61 22.49 22.34 22.32 22.42 22.5 22.61
-9999 -9999 -9999 -9999 -9999 -9999 -9999 -9999 -9999 -9999 -9999 -9999 -9999 -9999 -9999 -9999 -9999 -9999 -9999 -9999 -9999 -9999 -9999 -9999 -9999 -9999 24.57 24.57 24.57 24.57 24.57 24.56 24.52 24.46 24.38 24.38 24.4 24.28 24.21 24.23 24.21 24.17 24.09 23.93 23.71 23.49 23.35 23.3 23.44 23.68 23.79 23.86 23.85 23.78 23.76 23.85 23.94 23.93 23.87 23.81 23.72 23.46 23.21 22.98 22.97 23 22.98 22.93 22.86 22.76 22.64 22.45 22.31 22.28 22.3 22.35 22.45
-9999 -9999 -9999 -9999 -9999 -9999 -9999 -9999 -9999 -9999 -9999 -9999 -9999 -9999 -9999 -9999 -9999 -9999 -9999 -9999 -9999 -9999 -9999 -9999 -9999 24.57 24.57 24.57 24.57 24.57 24.55 24.5 24.39 24.27 24.21 24.27 24.35 24.26 24.12 24.08 24.08 24.1 24.05 23.97 23.86 23.62 23.42 23.27 23.26 23.42 23.57 23.64 23.57 23.41 23.37 23.55 23.72 23.75 23.63 23.6 23.65 23.47 23.25 23.11 23.08 23.06 23 22.91 22.83 22.7 22.54 22.38 22.29 22.26 22.27 22.28 22.3
-9999 -9999 -9999 -9999 -9999 -9999 -9999 -9999 -9999 -9999 -9999 -9999 -9999 -9999 -9999 -9999 -9999 -9999 -9999 -9999 -9999 -9999 -9999 -9999 24.57 24.57 24.57 24.57 24.57 24.54 24.46 24.36 24.2 24.11 24.11 24.19 24.26 24.22 24.09 23.97 23.95 24.01 23.98 23.91 23.85 23.69 23.51 23.3 23.16 23.18 23.33 23.43 23.36 23.18 23.16 23.33 23.52 23.53 23.36 23.39 23.56 23.56 23.43 23.24 23.12 23.04 22.94 22.83 22.72 22.58 22.43 22.34 22.3 22.29 22.3 22.28 22.27
-9999 -9999 -9999 -9999 -9999 -9999 -9999 -9999 -9999 -9999 -9999 -9999 -9999 -9999 -9999 -9999 -9999 -9999 -9999 -9999 -9999 -9999 -9999 -9999 24.57 24.57 24.57 24.57 24.56 24.49 24.3 24.19 24.08 24.01 24 24.05 24.12 24.14 24.04 23.88 23.79 23.84 23.89 23.84 23.78 23.7 23.58 23.38 23.15 23.03 23.07 23.16 23.14 23.01 23.02 23.19 23.36 23.37 23.21 23.23 23.4 23.45 23.39 23.19 23.02 22.93 22.87 22.78 22.65 22.51 22.42 22.37 22.36 22.37 22.36 22.33 22.28
-9999 -9999 -9999 -9999 -9999 -9999 -9999 -9999 -9999 -9999 -9999 -9999 -9999 -9999 -9999 -9999 -9999 -9999 -9999 -9999 -9999 -9999 -9999 -9999 24.57 24.57 24.57 24.57 24.56 24.47 24.22 24.09 24 23.91 23.86 23.86 23.95 24.03 23.96 23.8 23.66 23.65 23.72 23.72 23.65 23.6 23.56 23.43 23.2 23 22.89 22.87 22.84 22.78 22.84 23.02 23.16 23.14 23.04 23.09 23.19 23.19 23.16 23.07 22.92 22.8 22.74 22.7 22.61 22.5 22.43 22.42 22.43 22.42 22.4 22.35 22.3
-9999 -9999 -9999 -9999 -9999 -9999 -9999 -9999 -9999 -9999 -9999 -9999 -9999 -9999 -9999 -9999 -9999 -9999 -9999 -9999 -9999 -9999 -9999 -9999 24.57 24.57 24.57 24.57 24.57 24.49 24.29 24.1 23.96 23.85 23.75 23.7 23.77 23.88 23.88 23.77 23.62 23.5 23.51 23.55 23.48 23.38 23.37 23.36 23.23 23.04 22.87 22.73 22.62 22.58 22.63 22.76 22.85 22.83 22.83 22.91 22.97 22.96 22.98 23 22.89 22.74 22.64 22.57 22.52 22.45 22.41 22.43 22.47 22.44 22.39 22.33 22.3
-9999 -9999 -9999 -9999 -9999 -9999 -9999 -9999 -9999 -9999 -9999 -9999 -9999 -9999 -9999 24.57 -9999 -9999 -9999 -9999 -9999 -9999 24.57 24.57 24.57 24.57 24.57 24.57 24.56 24.51 24.39 24.21 24.02 23.92 23.78 23.65 23.63 23.69 23.71 23.69 23.58 23.4 23.33 23.38 23.35 23.24 23.16 23.16 23.15 23.05 22.9 22.7 22.54 22.48 22.51 22.58 22.63 22.67 22.73 22.83 22.87 22.85 22.87 22.91 22.86 22.72 22.59 22.49 22.45 22.43 22.42 22.46 22.52 22.47 22.38 22.32 22.3
-9999 -9999 -9999 -9999 -9999 -9999 -9999 -9999 -9999 -9999 -9999 -9999 -9999 -9999 -9999 24.57 24.57 -9999 24.57 24.57 24.57 24.57 24.57 24.57 24.57 24.57 24.57 24.57 24.56 24.5 24.4 24.29 24.17 24.08 23.94 23.74 23.62 23.56 23.52 23.52 23.46 23.3 23.21 23.24 23.24 23.17 23.07 22.99 22.97 22.92 22.8 22.62 22.5 22.48 22.52 22.58 22.62 22.71 22.82 22.91 22.93 22.86 22.81 22.79 22.75 22.66 22.57 22.51 22.53 22.56 22.57 22.59 22.62 22.59 22.47 22.41 22.38
-9999 -9999 -9999 -9999 -9999 -9999 -9999 -9999 -9999 -9999 -9999 -9999 -9999 -9999 24.57 24.57 24.57 24.57 24.57 24.57 24.57 24.57 24.57 24.57 24.57 24.57 24.57 24.57 24.55 24.47 24.36 24.3 24.21 24.13 24.04 23.9 23.74 23.58 23.43 23.37 23.32 23.22 23.13 23.13 23.13 23.07 22.98 22.87 22.78 22.73 22.65 22.56 22.54 22.57 22.61 22.64 22.71 22.82 22.95 23.02 22.97 22.87 22.77 22.74 22.73 22.72 22.68 22.69 22.75 22.82 22.83 22.83 22.83 22.84 22.71 22.57 22.5
-9999 -9999 -9999 -9999 -9999 -9999 -9999 -9999 -9999 -9999 -9999 -9999 -9999 24.57 24.57 24.57 24.57 24.57 24.57 24.57 24.57 24.57 24.57 24.57 24.57 24.57 24.57 24.56 24.53 24.4 24.26 24.19 24.09 24 23.95 23.9 23.84 23.7 23.53 23.37 23.26 23.17 23.07 23.02 23.02 23.01 22.94 22.82 22.69 22.68 22.71 22.7 22.72 22.77 22.77 22.77 22.86 22.97 23.06 23.06 22.93 22.81 22.75 22.85 22.94 22.93 22.89 22.93 22.96 23.01 23.04 23.07 23.05 23.06 22.91 22.71 22.64
-9999 -9999 -9999 -9999 -9999 -9999 -9999 -9999 -9999 -9999 -9999 -9999 24.57 24.57 24.57 24.57 24.57 24.57 24.57 24.57 24.57 24.57 24.57 24.57 24.57 24.57 24.56 24.54 24.46 24.26 24.12 24.04 23.95 23.82 23.74 23.71 23.75 23.71 23.55 23.37 23.25 23.15 23.03 22.95 22.97 23.04 23.04 22.89 22.78 22.82 22.93 22.94 22.97 23.05 23.01 22.98 23.07 23.14 23.18 23.1 22.97 22.88 22.77 22.89 23.1 23.11 23.09 23.18 23.18 23.17 23.21 23.3 23.26 23.19 23.06 22.91 22.81
-9999 -9999 -9999 -9999 -9999 -9999 -9999 -9999 -9999 -9999 -9999 24.57 24.57 24.57 24.57 24.57 24.57 24.57 24.57 24.57 24.57 24.57 24.56 24.55 24.53 24.53 24.53 24.49 24.36 24.15 24.02 23.93 23.81 23.64 23.53 23.52 23.58 23.63 23.51 23.38 23.3 23.21 23.08 22.97 22.97 23.07 23.13 23.02 22.93 22.98 23.12 23.19 23.22 23.3 23.24 23.21 23.27 23.32 23.28 23.14 23.09 23.11 22.97 22.97 23.22 23.31 23.26 23.4 23.39 23.31 23.35 23.48 23.42 23.27 23.11 22.97 22.9
-9999 -9999 -9999 -9999 -9999 -9999 -9999 -9999 -9999 -9999 24.57 24.57 24.57 24.57 24.57 24.57 24.57 24.57 24.57 24.56 24.55 24.54 24.51 24.43 24.35 24.36 24.39 24.37 24.25 24.04 23.93 23.87 23.77 23.63 23.51 23.48 23.55 23.59 23.49 23.39 23.33 23.23 23.12 23.07 23.06 23.13 23.22 23.15 23.1 23.19 23.31 23.44 23.47 23.54 23.48 23.5 23.51 23.5 23.33 23.17 23.23 23.32 23.22 23.1 23.26 23.47 23.49 23.55 23.54 23.51 23.53 23.58 23.46 23.26 23.12 23.03 23
-9999 -9999 -9999 -9999 -9999 -9999 -9999 -9999 -9999 -9999 24.57 24.57 24.57 24.57 24.57 24.57 24.57 24.56 24.55 24.51 24.43 24.39 24.31 24.15 24 24.03 24.11 24.14 24.06 23.92 23.88 23.89 23.87 23.77 23.66 23.69 23.73 23.68 23.52 23.37 23.29 23.22 23.17 23.2 23.23 23.23 23.31 23.27 23.23 23.34 23.45 23.62 23.68 23.74 23.72 23.8 23.74 23.6 23.36 23.22 23.34 23.47 23.37 23.22 23.29 23.55 23.67 23.69 23.7 23.76 23.76 23.69 23.49 23.25 23.12 23.09 23.09
-9999 -9999 -9999 -9999 -9999 -9999 -9999 -9999 -9999 -9999 24.57 24.57 24.57 24.57 24.57 24.57 24.54 24.51 24.52 24.46 24.3 24.12 24.05 23.97 23.85 23.85 23.93 23.98 23.95 23.9 23.97 24.07 24.04 23.9 23.83 23.9 23.93 23.85 23.64 23.46 23.33 23.27 23.25 23.32 23.37 23.33 23.4 23.36 23.34 23.49 23.59 23.73 23.87 23.95 23.95 23.95 23.84 23.66 23.43 23.28 23.37 23.54 23.51 23.35 23.33 23.52 23.71 23.83 23.88 23.94 23.86 23.68 23.45 23.24 23.15 23.16 23.16
-9999 -9999 -9999 -9999 -9999 -9999 -9999 -9999 -9999 -9999 24.57 24.57 24.57 24.57 24.57 24.56 24.49 24.38 24.51 24.53 24.39 24.15 24.14 24.14 23.98 23.88 23.97 24.08 24.09 24.05 24.15 24.27 24.24 24.13 24.06 24.08 24.08 24 23.77 23.59 23.44 23.36 23.31 23.39 23.47 23.4 23.48 23.45 23.43 23.58 23.72 23.84 24.04 24.18 24.16 24.01 23.85 23.7 23.51 23.36 23.42 23.61 23.65 23.48 23.38 23.49 23.69 23.89 24.01 24.04 23.89 23.64 23.44 23.27 23.21 23.25 23.25
-9999 -9999 -9999 -9999 -9999 -9999 -9999 -9999 -9999 -9999 -9999 24.57 24.57 24.57 24.57 24.56 24.52 24.42 24.53 24.56 24.51 24.41 24.44 24.44 24.29 24.12 24.16 24.26 24.28 24.26 24.34 24.42 24.42 24.38 24.31 24.26 24.2 24.09 23.88 23.69 23.57 23.45 23.38 23.49 23.59 23.5 23.56 23.58 23.54 23.61 23.8 24 24.22 24.36 24.3 24.09 23.96 23.82 23.63 23.48 23.5 23.69 23.78 23.65 23.5 23.5 23.65 23.86 24.05 24.12 23.97 23.69 23.51 23.38 23.33 23.37 23.38
-9999 -9999 -9999 -9999 -9999 -9999 -9999 -9999 -9999 -9999 -9999 -9999 24.57 24.57 24.57 24.57 24.56 24.55 24.56 24.57 24.56 24.54 24.55 24.54 24.48 24.39 24.38 24.42 24.44 24.46 24.49 24.51 24.51 24.49 24.45 24.37 24.25 24.11 23.92 23.74 23.67 23.57 23.52 23.62 23.72 23.62 23.62 23.71 23.71 23.71 23.84 24.1 24.34 24.46 24.43 24.31 24.22 23.99 23.78 23.67 23.67 23.79 23.9 23.83 23.65 23.55 23.63 23.82 24.05 24.18 24.04 23.76 23.61 23.51 23.47 23.51 23.51
-9999 -9999 -9999 -9999 -9999 -9999 -9999 -9999 -9999 -9999 -9999 -9999 -9999 24.57 24.57 24.57 24.57 24.57 24.57 24.57 24.57 24.57 24.56 24.56 24.55 24.52 24.53 24.52 24.53 24.55 24.55 24.55 24.54 24.53 24.5 24.42 24.24 24.05 23.87 23.75 23.74 23.67 23.65 23.76 23.83 23.72 23.67 23.8 23.88 23.87 23.93 24.16 24.41 24.5 24.51 24.49 24.43 24.22 23.98 23.9 23.88 23.92 24 23.97 23.83 23.67 23.68 23.83 24.07 24.23 24.12 23.86 23.72 23.65 23.64 23.66 23.6
-9999 -9999 -9999 -9999 -9999 -9999 -9999 -9999 -9999 -9999 -9999 -9999 -9999 -9999 24.57 24.57 24.57 24.57 24.57 24.57 24.57 24.57 24.56 24.56 24.56 24.56 24.56 24.56 24.56 24.56 24.56 24.56 24.55 24.54 24.5 24.38 24.2 24 23.82 23.78 23.82 23.73 23.75 23.87 23.93 23.85 23.76 23.85 24.02 24.04 24.04 24.24 24.45 24.53 24.55 24.54 24.52 24.41 24.23 24.13 24.05 24.03 24.09 24.1 24 23.84 23.76 23.84 24.03 24.24 24.24 24.02 23.85 23.82 23.83 23.76 23.62
-9999 -9999 -9999 -9999 -9999 -9999 -9999 -9999 -9999 -9999 -9999 -9999 -9999 -9999 -9999 24.57 24.57 24.57 24.57 24.57 24.57 24.57 24.56 24.56 24.56 24.56 24.56 24.56 24.56 24.56 24.56 24.56 24.56 24.55 24.48 24.3 24.12 24.01 23.92 23.92 23.9 23.81 23.84 23.94 24.01 23.96 23.87 23.96 24.15 24.25 24.29 24.41 24.52 24.55 24.55 24.55 24.55 24.51 24.44 24.32 24.15 24.08 24.14 24.19 24.12 23.98 23.86 23.89 23.99 24.2 24.32 24.18 23.98 23.96 23.91 23.76 23.63
-9999 -9999 -9999 -9999 -9999 -9999 -9999 -9999 -9999 -9999 -9999 -9999 -9999 -9999 -9999 24.57 24.57 24.57 24.57 -9999 24.57 24.57 24.56 24.56 24.56 24.56 24.56 24.56 24.56 24.56 24.56 24.56 24.56 24.55 24.49 24.42 24.35 24.3 24.18 24.08 23.96 23.86 23.92 24.02 24.11 24.06 23.97 24.08 24.29 24.42 24.48 24.52 24.55 24.55 24.55 24.55 24.55 24.54 24.51 24.42 24.21 24.12 24.17 24.25 24.22 24.1 23.98 23.97 24.05 24.22 24.37 24.24 24.08 24.04 23.93 23.79 23.72
-9999 -9999 -9999 -9999 -9999 -9999 -9999 -9999 -9999 -9999 -9999 -9999 -9999 -9999 -9999 -9999 24.57 24.57 -9999 -9999 -9999 24.56 24.56 24.56 24.56 24.56 24.56 24.56 24.56 24.56 24.56 24.56 24.56 24.54 24.48 24.5 24.51 24.5 24.44 24.33 24.16 24.01 24 24.14 24.26 24.17 24.04 24.15 24.37 24.5 24.54 24.55 24.55 24.55 24.55 24.55 24.55 24.55 24.52 24.46 24.32 24.2 24.24 24.31 24.3 24.17 24.05 24.06 24.16 24.32 24.4 24.23 24.11 24.12 24.03 23.91 23.84
-9999 -9999 -9999 -9999 -9999 -9999 -9999 -9999 -9999 -9999 -9999 -9999 -9999 -9999 -9999 -9999 -9999 -9999 -9999 -9999 -9999 -9999 -9999 -9999 24.56 24.56 24.56 24.56 24.56 24.56 24.56 24.56 24.56 24.55 24.52 24.55 24.56 24.56 24.55 24.52 24.48 24.33 24.18 24.28 24.38 24.25 24.1 24.24 24.45 24.53 24.55 24.55 24.55 24.55 24.55 24.55 24.55 24.54 24.51 24.45 24.34 24.24 24.29 24.37 24.36 24.22 24.09 24.15 24.28 24.39 24.43 24.27 24.13 24.22 24.18 24.03 23.97
-9999 -9999 -9999 -9999 -9999 -9999 -9999 -9999 -9999 -9999 -9999 -9999 -9999 -9999 -9999 -9999 -9999 -9999 -9999 -9999 -9999 -9999 -9999 -9999 -9999 24.56 24.56 24.56 24.56 -9999 24.56 24.56 24.56 24.56 24.55 24.56 24.56 24.56 24.56 24.56 24.55 24.51 24.46 24.48 24.49 24.39 24.22 24.29 24.48 24.54 24.55 24.55 24.55 24.55 24.55 24.55 24.55 24.55 24.52 24.46 24.35 24.27 24.35 24.43 24.44 24.34 24.18 24.24 24.4 24.48 24.48 24.36 24.18 24.28 24.25 24.13 24.13
-9999 -9999 -9999 -9999 -9999 -9999 -9999 -9999 -9999 -9999 -9999 -9999 -9999 -9999 -9999 -9999 -9999 -9999 -9999 -9999 -9999 -9999 -9999 -9999 -9999 -9999 -9999 -9999 -9999 -9999 -9999 24.56 24.56 24.56 24.56 24.56 24.56 24.56 24.56 24.56 24.56 24.55 24.54 24.54 24.54 24.51 24.41 24.41 24.51 24.55 24.55 24.55 24.55 24.55 24.55 24.55 24.55 24.55 24.54 24.51 24.45 24.41 24.47 24.51 24.51 24.46 24.35 24.35 24.48 24.53 24.52 24.4 24.24 24.35 24.34 24.27 24.27
-9999 -9999 -9999 -9999 -9999 -9999 -9999 -9999 -9999 -9999 -9999 -9999 -9999 -9999 -9999 -9999 -9999 -9999 -9999 -9999 -9999 -9999 -9999 -9999 -9999 -9999 -9999 -9999 -9999 -9999 -9999 -9999 24.56 24.56 24.56 24.56 24.56 24.56 24.56 24.56 24.56 24.55 24.55 24.55 24.55 24.54 24.53 24.52 24.55 24.55 24.55 24.55 24.55 24.55 24.55 24.55 24.55 24.55 24.55 24.54 24.53 24.52 24.54 24.54 24.54 24.52 24.47 24.46 24.52 24.55 24.53 24.42 24.28 24.41 24.45 24.41 24.32
-9999 -9999 -9999 -9999 -9999 -9999 -9999 -9999 -9999 -9999 -9999 -9999 -9999 -9999 -9999 -9999 -9999 -9999 -9999 -9999 -9999 -9999 -9999 -9999 -9999 -9999 -9999 -9999 -9999 -9999 -9999 -9999 -9999 24.56 24.56 24.56 24.56 24.56 24.56 24.56 24.56 24.55 24.55 24.55 24.55 24.55 24.55 24.55 24.55 24.55 24.55 24.55 24.55 -9999 -9999 24.55 24.55 24.55 24.55 24.55 24.55 24.55 24.55 24.55 24.55 24.54 24.53 24.53 24.55 24.55 24.54 24.47 24.37 24.47 24.51 24.47 24.35
-9999 -9999 -9999 -9999 -9999 -9999 -9999 -9999 -9999 -9999 -9999 -9999 -9999 -9999 -9999 -9999 -9999 -9999 -9999 -9999 -9999 -9999 -9999 -9999 -9999 -9999 -9999 -9999 -9999 -9999 -9999 -9999 -9999 -9999 24.56 24.56 -9999 24.56 24.56 24.56 24.56 24.55 24.55 24.55 24.55 24.55 24.55 24.55 24.55 24.55 24.55 -9999 -9999 -9999 -9999 -9999 -9999 24.55 24.55 24.55 24.55 24.55 24.55 24.55 24.55 24.55 24.55 24.55 24.55 24.55 24.55 24.52 24.48 24.52 24.54 24.51 24.41
-9999 -9999 -9999 -9999 -9999 -9999 -9999 -9999 -9999 -9999 -9999 -9999 -9999 -9999 -9999 -9999 -9999 -9999 -9999 -9999 -9999 -9999 -9999 -9999 -9999 -9999 -9999 -9999 -9999 -9999 -9999 -9999 -9999 -9999 -9999 -9999 -9999 -9999 -9999 -9999 -9999 24.55 24.55 24.55 24.55 24.55 24.55 24.55 24.55 24.55 -9999 -9999 -9999 -9999 -9999 -9999 -9999 -9999 24.55 24.55 24.55 24.55 24.55 24.55 24.55 24.55 24.55 24.55 24.55 24.55 24.55 24.55 24.54 24.55 24.55 24.53 24.45
-9999 -9999 -9999 -9999 -9999 -9999 -9999 -9999 -9999 -9999 -9999 -9999 -9999 -9999 -9999 -9999 -9999 -9999 -9999 -9999 -9999 -9999 -9999 -9999 -9999 -9999 -9999 -9999 -9999 -9999 -9999 -9999 -9999 -9999 -9999 -9999 -9999 -9999 -9999 -9999 -9999 -9999 24.55 24.55 24.55 24.55 24.55 24.55 24.55 24.55 -9999 -9999 -9999 -9999 -9999 -9999 -9999 -9999 -9999 24.55 24.55 24.55 24.55 24.55 24.55 24.55 24.55 24.55 24.55 24.55 24.55 24.55 24.55 24.55 24.55 24.54 24.49
-9999 -9999 -9999 -9999 -9999 -9999 -9999 -9999 -9999 -9999 -9999 -9999 -9999 -9999 -9999 -9999 -9999 -9999 -9999 -9999 -9999 -9999 -9999 -9999 -9999 -9999 -9999 -9999 -9999 -9999 -9999 -9999 -9999 -9999 -9999 -9999 -9999 -9999 -9999 -9999 -9999 -9999 -9999 -9999 -9999 -9999 24.55 24.55 24.55 -9999 -9999 -9999 -9999 -9999 -9999 -9999 -9999 -9999 -9999 24.55 24.55 24.55 24.55 24.55 24.55 24.55 24.55 24.55 24.55 24.55 24.55 24.55 24.55 24.55 24.55 24.55 24.53
