ASPA-UH-SWB2_REPO/input/Gridded_temps/prism_tmax_tutuila_30yr_normal_12.asc
ncols         350
nrows         200
xllcorner     515000
yllcorner     8409000
cellsize      100
NODATA_value  -9999
[rows 68 to 101 of 200, columns 77 to 153 of 350]
-9999 -9999 -9999 -9999 -9999 -9999 -9999 -9999 -9999 -9999 -9999 -9999 -9999 -9999 -9999 -9999 -9999 -9999 -9999 -9999 -9999 -9999 -9999 -9999 -9999 -9999 -9999 -9999 -9999 -9999 -9999 -9999 -9999 -9999 -9999 -9999 -9999 -9999 -9999 -9999 -9999 -9999 -9999 -9999 -9999 -9999 -9999 -9999 -9999 -9999 -9999 -9999 -9999 -9999 -9999 -9999 -9999 -9999 -9999 -9999 -9999 -9999 -9999 -9999 -9999 -9999 -9999 31.01 31.01 31.01 31.01 31 30.99 30.92 30.71 30.67 30.69
-9999 -9999 -9999 -9999 -9999 -9999 -9999 -9999 -9999 -9999 -9999 -9999 -9999 -9999 -9999 -9999 -9999 -9999 -9999 -9999 -9999 -9999 -9999 -9999 -9999 -9999 -9999 -9999 -9999 -9999 -9999 -9999 -9999 -9999 -9999 -9999 -9999 -9999 -9999 -9999 -9999 -9999 -9999 -9999 -9999 -9999 -9999 -9999 -9999 -9999 -9999 -9999 -9999 -9999 -9999 -9999 -9999 -9999 -9999 -9999 -9999 -9999 -9999 -9999 -9999 -9999 31.01 31.01 31 31 31 30.99 30.96 30.86 30.6 30.44 30.49
-9999 -9999 -9999 -9999 -9999 -9999 -9999 -9999 -9999 -9999 -9999 -9999 -9999 -9999 -9999 -9999 -9999 -9999 -9999 -9999 -9999 -9999 -9999 -9999 -9999 -9999 -9999 -9999 -9999 -9999 -9999 -9999 -9999 -9999 -9999 -9999 -9999 -9999 -9999 -9999 -9999 -9999 -9999 -9999 -9999 -9999 -9999 -9999 -9999 -9999 -9999 -9999 -9999 -9999 -9999 -9999 -9999 -9999 -9999 -9999 -9999 -9999 -9999 -9999 -9999 31 31 31 31 31 30.98 30.94 30.82 30.72 30.53 30.24 30.18
-9999 -9999 -9999 -9999 -9999 -9999 -9999 -9999 -9999 -9999 -9999 -9999 -9999 -9999 -9999 -9999 -9999 -9999 -9999 -9999 -9999 -9999 -9999 -9999 -9999 -9999 -9999 -9999 -9999 -9999 -9999 -9999 -9999 -9999 -9999 -9999 -9999 -9999 -9999 -9999 -9999 -9999 -9999 -9999 -9999 -9999 -9999 -9999 -9999 -9999 -9999 -9999 -9999 -9999 -9999 -9999 -9999 -9999 -9999 -9999 -9999 -9999 -9999 -9999 31 31 31 31 30.99 30.99 30.98 30.91 30.61 30.49 30.45 30.16 29.92
-9999 -9999 -9999 -9999 -9999 -9999 -9999 -9999 -9999 -9999 -9999 -9999 -9999 -9999 -9999 -9999 -9999 -9999 -9999 -9999 -9999 -9999 -9999 -9999 -9999 -9999 -9999 -9999 -9999 -9999 -9999 -9999 -9999 -9999 -9999 -9999 -9999 -9999 -9999 -9999 -9999 -9999 -9999 -9999 -9999 -9999 -9999 -9999 -9999 -9999 -9999 -9999 -9999 -9999 -9999 -9999 -9999 -9999 -9999 -9999 -9999 -9999 -9999 31 31 30.99 30.99 30.99 30.99 30.98 30.97 30.9 30.55 30.32 30.3 30.13 29.79
-9999 -9999 -9999 -9999 -9999 -9999 -9999 -9999 -9999 -9999 -9999 -9999 -9999 -9999 -9999 -9999 -9999 -9999 -9999 -9999 -9999 -9999 -9999 -9999 -9999 -9999 -9999 -9999 -9999 -9999 -9999 -9999 -9999 -9999 -9999 -9999 -9999 -9999 -9999 -9999 -9999 -9999 -9999 -9999 -9999 -9999 -9999 -9999 -9999 -9999 -9999 -9999 -9999 -9999 -9999 -9999 -9999 -9999 -9999 -9999 -9999 -9999 31 30.99 30.99 30.99 30.99 30.98 30.98 30.98 30.97 30.93 30.72 30.35 30.09 30.01 29.75
-9999 -9999 -9999 -9999 -9999 -9999 -9999 -9999 -9999 -9999 -9999 -9999 -9999 -9999 -9999 -9999 -9999 -9999 -9999 -9999 -9999 -9999 -9999 -9999 -9999 -9999 -9999 -9999 -9999 -9999 -9999 -9999 -9999 -9999 -9999 -9999 -9999 -9999 -9999 -9999 -9999 -9999 -9999 -9999 -9999 -9999 -9999 -9999 -9999 -9999 -9999 -9999 -9999 -9999 -9999 -9999 -9999 -9999 -9999 -9999 -9999 30.99 30.99 30.99 30.99 30.98 30.98 30.98 30.97 30.97 30.96 30.93 30.7 30.32 29.94 29.84 29.72
-9999 -9999 -9999 -9999 -9999 -9999 -9999 -9999 -9999 -9999 -9999 -9999 -9999 -9999 -9999 -9999 -9999 -9999 -9999 -9999 -9999 -9999 -9999 -9999 -9999 -9999 -9999 -9999 -9999 -9999 -9999 -9999 -9999 -9999 -9999 -9999 -9999 -9999 -9999 -9999 -9999 -9999 -9999 -9999 -9999 -9999 -9999 -9999 -9999 -9999 -9999 -9999 -9999 -9999 -9999 -9999 -9999 -9999 -9999 31 31 30.99 30.99 30.98 30.98 30.98 30.97 30.97 30.97 30.97 30.96 30.93 30.76 30.35 29.87 29.62 29.53
-9999 -9999 -9999 -9999 -9999 -9999 -9999 -9999 -9999 -9999 -9999 -9999 -9999 -9999 -9999 -9999 -9999 -9999 -9999 -9999 -9999 -9999 -9999 -9999 -9999 -9999 -9999 -9999 -9999 -9999 -9999 -9999 -9999 -9999 -9999 -9999 -9999 -9999 -9999 -9999 -9999 -9999 -9999 -9999 -9999 -9999 -9999 -9999 -9999 -9999 -9999 -9999 -9999 -9999 -9999 -9999 -9999 31 31 30.99 30.99 30.98 30.98 30.98 30.97 30.97 30.97 30.96 30.96 30.96 30.95 30.88 30.66 30.21 29.78 29.46 29.34
-9999 -9999 -9999 -9999 -9999 -9999 -9999 -9999 -9999 -9999 -9999 -9999 -9999 -9999 -9999 -9999 -9999 -9999 -9999 -9999 -9999 -9999 -9999 -9999 -9999 -9999 -9999 -9999 -9999 -9999 -9999 -9999 -9999 -9999 -9999 -9999 -9999 -9999 -9999 -9999 -9999 -9999 -9999 -9999 -9999 -9999 -9999 -9999 -9999 -9999 -9999 -9999 -9999 -9999 -9999 31 31 31 30.99 30.98 30.98 30.98 30.97 30.96 30.97 30.96 30.96 30.96 30.95 30.95 30.92 30.79 30.5 30.15 29.88 29.66 29.55
-9999 -9999 -9999 -9999 -9999 -9999 31.27 -9999 -9999 -9999 -9999 -9999 -9999 -9999 -9999 -9999 -9999 -9999 -9999 -9999 -9999 -9999 -9999 -9999 -9999 -9999 -9999 -9999 31.16 31.16 31.15 -9999 -9999 -9999 -9999 -9999 -9999 -9999 -9999 -9999 -9999 -9999 -9999 -9999 -9999 -9999 -9999 -9999 -9999 -9999 -9999 -9999 -9999 -9999 31 31 31 30.99 30.98 30.98 30.97 30.95 30.91 30.91 30.95 30.95 30.95 30.94 30.94 30.94 30.91 30.79 30.58 30.38 30.26 30.12 29.98
-9999 -9999 -9999 -9999 -9999 31.27 31.27 31.27 31.26 31.26 -9999 -9999 -9999 -9999 -9999 -9999 -9999 -9999 -9999 -9999 -9999 -9999 -9999 -9999 -9999 -9999 -9999 31.17 31.16 31.16 31.15 31.15 -9999 -9999 -9999 -9999 -9999 -9999 -9999 -9999 -9999 -9999 -9999 -9999 -9999 -9999 -9999 -9999 -9999 -9999 -9999 -9999 -9999 31 31 31 30.99 30.98 30.98 30.97 30.96 30.9 30.76 30.78 30.89 30.94 30.94 30.93 30.93 30.93 30.92 30.87 30.79 30.68 30.6 30.45 30.22
-9999 -9999 -9999 -9999 31.28 31.27 31.27 31.27 31.27 31.26 31.26 -9999 -9999 -9999 -9999 -9999 -9999 -9999 -9999 -9999 -9999 -9999 -9999 -9999 31.19 31.19 -9999 31.17 31.17 31.16 31.15 31.15 31.14 -9999 -9999 -9999 -9999 -9999 -9999 -9999 -9999 -9999 -9999 -9999 -9999 -9999 -9999 -9999 -9999 -9999 -9999 -9999 31 31 31 30.99 30.98 30.97 30.97 30.95 30.93 30.81 30.58 30.54 30.75 30.87 30.9 30.9 30.92 30.92 30.92 30.92 30.9 30.85 30.79 30.61 30.43
-9999 -9999 -9999 31.28 31.28 31.28 31.28 31.27 31.27 31.26 31.26 31.26 -9999 -9999 -9999 -9999 -9999 -9999 -9999 -9999 -9999 -9999 31.21 31.2 31.19 31.19 31.19 31.17 31.17 31.16 31.15 31.15 31.14 31.14 -9999 -9999 -9999 -9999 -9999 -9999 -9999 -9999 -9999 -9999 -9999 -9999 -9999 -9999 -9999 -9999 -9999 31 31 31 30.99 30.98 30.97 30.96 30.94 30.88 30.79 30.53 30.23 30.24 30.42 30.6 30.67 30.75 30.87 30.9 30.91 30.91 30.91 30.9 30.86 30.77 30.68
-9999 31.29 31.29 31.29 31.29 31.28 31.28 31.28 31.28 31.27 31.27 31.26 31.26 -9999 -9999 -9999 -9999 -9999 -9999 -9999 31.22 31.22 31.21 31.2 31.2 31.19 31.19 31.17 31.17 31.16 31.15 31.15 31.14 31.14 31.13 -9999 -9999 -9999 -9999 -9999 -9999 -9999 -9999 -9999 -9999 -9999 -9999 -9999 -9999 -9999 31 31 31 30.99 30.98 30.97 30.95 30.9 30.84 30.63 30.25 29.89 29.76 29.87 30.05 30.23 30.38 30.54 30.71 30.83 30.9 30.9 30.9 30.89 30.87 30.84 30.77
31.3 31.3 31.3 31.29 31.29 31.29 31.29 31.28 31.28 31.27 31.27 31.27 31.26 31.26 -9999 31.25 -9999 -9999 31.23 31.23 31.22 31.22 31.21 31.2 31.2 31.19 31.19 31.17 31.17 31.16 31.16 31.15 31.14 31.14 31.13 31.12 31.11 -9999 -9999 -9999 -9999 -9999 -9999 -9999 31.05 31.04 -9999 31.02 31.02 31.01 31 31 30.99 30.99 30.97 30.92 30.85 30.69 30.39 30.21 30.04 29.71 29.5 29.52 29.62 29.89 30.19 30.39 30.58 30.79 30.88 30.89 30.89 30.88 30.83 30.79 30.73
31.31 31.3 31.3 31.3 31.3 31.28 31.25 31.28 31.28 31.28 31.27 31.27 31.27 31.26 31.26 31.25 31.25 31.25 31.24 31.23 31.22 31.22 31.21 31.21 31.2 31.2 31.19 31.18 31.16 31.14 31.12 31.15 31.14 31.14 31.13 31.12 31.11 31.1 -9999 -9999 -9999 -9999 -9999 31.05 31.05 31.03 31.03 31.02 31.01 31.01 31 30.99 30.99 30.97 30.92 30.77 30.61 30.51 30.23 29.94 29.72 29.48 29.24 29.23 29.46 29.96 30.34 30.59 30.76 30.85 30.88 30.88 30.87 30.79 30.61 30.62 30.63
31.31 31.31 31.31 31.3 31.28 31.17 31.11 31.23 31.28 31.28 31.28 31.27 31.27 31.27 31.26 31.26 31.25 31.25 31.24 31.23 31.23 31.22 31.22 31.21 31.2 31.19 31.18 31.16 31.07 31.01 30.99 31.11 31.14 31.14 31.13 31.12 31.11 31.1 31.09 -9999 -9999 31.07 31.06 31.05 31.04 31.03 31.02 31.02 31.01 31 31 30.99 30.97 30.94 30.84 30.64 30.41 30.27 30.07 29.75 29.42 29.21 29.13 29.24 29.67 30.1 30.39 30.64 30.79 30.84 30.86 30.86 30.82 30.67 30.39 30.35 30.39
31.32 31.32 31.31 31.31 31.25 30.96 30.78 31.05 31.23 31.29 31.29 31.28 31.28 31.27 31.27 31.26 31.26 31.25 31.25 31.24 31.23 31.22 31.21 31.19 31.14 31.14 31.15 31.06 30.83 30.81 30.92 31.1 31.14 31.14 31.13 31.12 31.11 31.1 31.09 31.08 31.07 31.07 31.06 31.05 31.04 31.03 31.02 31.01 31.01 31 30.99 30.98 30.97 30.94 30.83 30.55 30.26 30.06 29.86 29.56 29.23 29.12 29.35 29.6 29.83 30.11 30.34 30.56 30.74 30.81 30.82 30.79 30.74 30.62 30.37 30.16 30.09
31.31 31.31 31.29 31.26 31.15 30.73 30.51 30.74 31.14 31.27 31.29 31.29 31.28 31.28 31.27 31.27 31.26 31.26 31.25 31.24 31.23 31.2 31.14 31.01 30.91 30.97 30.99 30.84 30.71 30.84 31.03 31.13 31.14 31.14 31.13 31.11 31.1 31.1 31.09 31.08 31.07 31.06 31.05 31.05 31.03 31.02 31.02 31.01 31 30.99 30.98 30.97 30.96 30.95 30.87 30.52 30.15 29.87 29.61 29.31 29.06 29.25 29.65 29.92 30.04 30.23 30.42 30.55 30.69 30.76 30.73 30.66 30.57 30.48 30.3 30.05 29.8
31.26 31.25 31.12 31.02 30.76 30.41 30.46 30.77 31.13 31.28 31.29 31.29 31.29 31.28 31.27 31.25 31.27 31.26 31.25 31.23 31.19 31.11 30.96 30.67 30.65 30.74 30.7 30.68 30.77 30.97 31.1 31.14 31.14 31.13 31.1 31.08 31.08 31.09 31.09 31.08 31.07 31.06 31.05 31.03 31 30.99 31 31 30.98 30.97 30.96 30.93 30.94 30.93 30.84 30.49 30.08 29.74 29.38 29.05 28.95 29.32 29.75 30.04 30.21 30.36 30.5 30.6 30.67 30.69 30.63 30.51 30.36 30.24 30.08 29.89 29.57
31.07 31.1 30.86 30.62 30.37 30.25 30.48 30.87 31.17 31.29 31.3 31.29 31.26 31.26 31.21 31.16 31.25 31.25 31.19 31.16 31.09 30.91 30.74 30.5 30.58 30.61 30.49 30.57 30.8 31.02 31.09 31.13 31.13 31.07 30.94 30.87 30.93 31.04 31.09 31.08 31.07 31.06 31.04 30.97 30.83 30.8 30.92 30.91 30.85 30.87 30.89 30.83 30.83 30.87 30.79 30.53 30.15 29.71 29.32 28.93 28.86 29.27 29.68 29.96 30.15 30.31 30.44 30.55 30.6 30.59 30.51 30.39 30.18 29.94 29.69 29.49 29.32
30.89 30.96 30.7 30.41 30.15 30.11 30.4 30.83 31.15 31.29 31.31 31.27 31.11 31.1 31.03 31.05 31.2 31.16 30.99 30.98 30.95 30.71 30.61 30.43 30.47 30.5 30.36 30.49 30.79 30.95 30.94 31.07 31.1 30.99 30.74 30.58 30.69 30.95 31.07 31.08 31.07 31.04 30.99 30.82 30.56 30.51 30.69 30.71 30.56 30.62 30.75 30.66 30.59 30.69 30.72 30.58 30.3 29.86 29.45 29.04 28.85 29.14 29.48 29.7 29.93 30.14 30.33 30.43 30.47 30.45 30.34 30.22 30.01 29.66 29.2 28.82 28.83
30.78 30.82 30.57 30.26 30 30.07 30.39 30.79 31.12 31.29 31.31 31.26 31.01 30.82 30.78 30.9 31.09 31.02 30.79 30.79 30.79 30.58 30.49 30.33 30.33 30.37 30.24 30.4 30.74 30.79 30.8 31.02 31.07 30.94 30.65 30.46 30.6 30.91 31.06 31.07 31.05 30.98 30.87 30.63 30.35 30.28 30.4 30.43 30.28 30.31 30.56 30.51 30.3 30.36 30.53 30.52 30.38 30.12 29.72 29.29 28.97 28.95 29.13 29.43 29.77 30.05 30.25 30.24 30.3 30.27 30.11 29.99 29.88 29.54 28.86 28.19 28.19
30.59 30.69 30.47 30.13 29.99 30.26 30.59 30.87 31.14 31.29 31.31 31.26 31.02 30.68 30.57 30.72 30.95 30.94 30.71 30.69 30.66 30.45 30.36 30.2 30.15 30.22 30.15 30.31 30.61 30.6 30.72 30.99 31.05 30.93 30.6 30.42 30.59 30.87 31.04 31.07 31.01 30.84 30.71 30.56 30.26 30.07 30.12 30.17 30.01 30.01 30.33 30.38 30.12 30.05 30.27 30.27 30.23 30.13 29.95 29.59 29.12 28.82 28.93 29.35 29.73 29.97 30.07 29.91 30.09 30.09 29.89 29.66 29.6 29.28 28.57 27.82 27.81
30.43 30.58 30.37 30.05 30.1 30.49 30.82 31.06 31.21 31.29 31.29 31.23 31.02 30.68 30.48 30.65 30.88 30.85 30.6 30.57 30.53 30.29 30.22 30.06 29.96 30.04 30.01 30.18 30.39 30.41 30.63 30.87 30.97 30.92 30.61 30.36 30.43 30.67 30.95 31.04 30.95 30.6 30.47 30.49 30.26 29.96 29.83 29.83 29.74 29.69 30.02 30.11 29.94 29.76 29.87 29.82 29.79 29.76 29.75 29.62 29.24 28.87 28.94 29.3 29.54 29.77 29.73 29.59 29.88 29.86 29.66 29.26 29.05 28.85 28.22 27.6 27.54
30.29 30.46 30.23 29.92 30.12 30.59 30.99 31.18 31.26 31.28 31.24 31.14 30.89 30.59 30.41 30.61 30.71 30.72 30.57 30.47 30.41 30.18 30.03 29.94 29.82 29.88 29.89 30.04 30.14 30.23 30.48 30.64 30.83 30.87 30.55 30.25 30.26 30.47 30.83 31 30.94 30.59 30.29 30.28 30.22 29.92 29.64 29.51 29.43 29.4 29.57 29.69 29.68 29.41 29.38 29.32 29.2 29.19 29.29 29.33 29.08 28.8 28.86 29.06 29.21 29.32 29.3 29.39 29.66 29.56 29.27 28.84 28.38 28.16 27.8 27.46 27.52
30.22 30.27 30.03 29.87 30.11 30.61 31.01 31.16 31.2 31.2 31.12 30.94 30.64 30.38 30.27 30.45 30.44 30.48 30.49 30.37 30.29 30.14 29.88 29.81 29.72 29.7 29.72 29.89 29.9 30.02 30.25 30.48 30.76 30.8 30.44 30.16 30.2 30.35 30.5 30.89 30.94 30.66 30.2 30.04 30.08 29.94 29.66 29.38 29.18 29.1 29.15 29.3 29.37 29.18 29.02 28.96 28.73 28.69 28.86 28.91 28.8 28.54 28.5 28.63 28.84 28.94 28.9 29.14 29.18 29.09 28.85 28.29 27.89 27.7 27.48 27.32 27.62
29.96 29.91 29.93 30.1 30.38 30.74 31 31.06 31.04 31.07 30.91 30.69 30.33 30.08 30.13 30.31 30.23 30.28 30.37 30.22 30.08 30.07 29.94 29.78 29.59 29.51 29.57 29.67 29.63 29.8 30.16 30.59 30.79 30.67 30.26 30.01 30.06 30.15 30.24 30.68 30.93 30.76 30.24 29.88 29.8 29.78 29.71 29.5 29.22 29.03 28.91 28.97 29.05 28.9 28.71 28.63 28.49 28.45 28.54 28.61 28.53 28.33 28.28 28.35 28.43 28.49 28.49 28.56 28.53 28.46 28.25 27.81 27.62 27.58 27.5 27.42 27.56
29.65 29.71 29.99 30.35 30.7 30.94 31 30.93 30.81 30.92 30.84 30.57 30.24 29.91 30.03 30.2 30.09 30.16 30.27 30.15 29.88 29.88 29.75 29.72 29.58 29.41 29.42 29.45 29.43 29.7 30.13 30.58 30.75 30.48 30.03 29.8 29.83 29.91 30.08 30.52 30.9 30.78 30.31 29.87 29.61 29.5 29.52 29.5 29.34 29.15 28.88 28.67 28.56 28.47 28.42 28.44 28.57 28.8 28.88 28.86 28.77 28.68 28.72 28.66 28.57 28.6 28.48 28.47 28.26 27.95 27.77 27.7 27.69 27.69 27.64 27.5 27.51
29.61 29.88 30.22 30.61 30.87 30.92 30.85 30.72 30.61 30.77 30.7 30.48 30.21 29.83 29.9 30.01 29.92 30.01 30.12 29.95 29.7 29.68 29.55 29.56 29.43 29.3 29.26 29.28 29.38 29.64 29.89 30.17 30.51 30.41 29.95 29.64 29.63 29.78 30.07 30.51 30.83 30.66 30.23 29.88 29.6 29.4 29.3 29.26 29.16 29 28.82 28.56 28.31 28.18 28.27 28.61 29 29.33 29.43 29.26 29.09 28.99 29.07 29.01 28.91 29.01 28.91 28.86 28.68 28.34 28.01 27.92 27.92 27.83 27.7 27.6 27.64
29.71 30.11 30.47 30.76 30.8 30.69 30.64 30.5 30.43 30.64 30.58 30.34 30.08 29.75 29.75 29.83 29.71 29.75 29.88 29.68 29.47 29.45 29.37 29.32 29.18 29.11 29.13 29.26 29.37 29.53 29.69 29.91 30.23 30.37 29.98 29.62 29.56 29.79 30.1 30.46 30.75 30.58 30.27 29.98 29.73 29.49 29.27 29.12 28.99 28.85 28.67 28.45 28.23 28.1 28.31 28.8 29.3 29.64 29.79 29.6 29.33 29.17 29.29 29.29 29.24 29.32 29.27 29.15 28.91 28.52 28.16 28.1 28.04 27.85 27.72 27.88 28.07
29.79 30.2 30.58 30.77 30.6 30.37 30.33 30.24 30.2 30.44 30.46 30.31 30.06 29.71 29.6 29.67 29.57 29.52 29.65 29.58 29.35 29.17 29.07 29.02 29.02 29.15 29.27 29.39 29.45 29.58 29.78 29.98 30.24 30.23 29.94 29.65 29.57 29.81 30.14 30.48 30.71 30.51 30.23 30 29.79 29.55 29.34 29.19 29.03 28.84 28.59 28.33 28.15 28.08 28.38 28.88 29.33 29.74 29.98 29.88 29.51 29.38 29.52 29.54 29.53 29.59 29.47 29.18 28.84 28.46 28.27 28.19 28.05 27.85 27.77 28.07 28.36
29.8 30.23 30.57 30.71 30.52 30.18 29.98 29.91 29.94 30.13 30.14 30.05 29.94 29.66 29.47 29.46 29.45 29.38 29.46 29.49 29.29 28.98 28.74 28.85 29.09 29.38 29.56 29.65 29.7 29.76 29.91 30.11 30.25 30.03 29.8 29.55 29.5 29.81 30.25 30.56 30.61 30.39 30.15 29.8 29.58 29.45 29.33 29.19 29.05 28.88 28.63 28.36 28.2 28.11 28.38 28.88 29.36 29.84 30.07 30.03 29.72 29.67 29.82 29.81 29.82 29.8 29.54 29.13 28.78 28.5 28.42 28.23 28.09 28.03 27.97 28.22 28.52
