ASPA-UH-SWB2_REPO/input/Gridded_temps/prism_tmax_tutuila_30yr_normal_06.asc
ncols         350
nrows         200
xllcorner     515000
yllcorner     8409000
cellsize      100
NODATA_value  -9999
[rows 35 to 69 of 200, columns 154 to 230 of 350]
-9999 -9999 -9999 -9999 -9999 -9999 -9999 -9999 -9999 -9999 -9999 -9999 -9999 -9999 -9999 -9999 -9999 -9999 -9999 -9999 -9999 -9999 -9999 -9999 -9999 -9999 -9999 -9999 -9999 -9999 29.7 29.7 29.7 29.7 29.7 29.7 29.7 29.7 29.7 29.7 29.7 29.7 29.7 29.69 29.63 29.44 28.94 28.61 28.93 29.34 29.6 29.7 29.71 29.71 29.71 29.71 29.71 29.71 29.71 29.71 29.71 29.71 29.71 29.71 29.71 -9999 -9999 -9999 -9999 29.71 29.71 -9999 -9999 -9999 -9999 -9999 -9999
-9999 -9999 -9999 -9999 -9999 -9999 -9999 -9999 -9999 -9999 -9999 -9999 -9999 -9999 -9999 -9999 -9999 -9999 -9999 -9999 -9999 -9999 -9999 -9999 -9999 -9999 -9999 -9999 -9999 -9999 29.7 29.7 29.7 29.7 29.7 29.7 29.7 29.7 29.7 29.7 29.7 29.7 29.69 29.64 29.43 29.04 28.81 28.73 29.08 29.49 29.66 29.71 29.71 29.71 29.71 29.71 29.71 29.71 29.71 29.71 29.71 29.71 29.71 29.71 29.71 29.71 -9999 -9999 29.71 29.71 29.71 29.71 -9999 -9999 -9999 -9999 -9999
-9999 -9999 -9999 -9999 -9999 -9999 -9999 -9999 -9999 -9999 -9999 -9999 -9999 -9999 -9999 -9999 -9999 -9999 -9999 -9999 -9999 -9999 -9999 -9999 -9999 -9999 -9999 -9999 -9999 29.7 29.7 29.7 29.7 29.7 29.7 29.7 29.7 29.69 29.66 29.66 29.67 29.65 29.62 29.53 29.36 29.3 29.29 29.31 29.44 29.62 29.69 29.71 29.71 29.71 29.71 29.71 29.71 29.71 29.71 29.71 29.71 29.71 29.71 29.71 29.71 29.71 -9999 29.71 29.71 29.71 29.71 29.71 29.71 -9999 -9999 -9999 -9999
-9999 -9999 -9999 -9999 -9999 -9999 -9999 -9999 -9999 -9999 -9999 -9999 -9999 -9999 -9999 -9999 -9999 -9999 -9999 -9999 -9999 -9999 -9999 -9999 -9999 29.7 29.7 -9999 29.7 29.7 29.7 29.7 29.7 29.7 29.7 29.7 29.7 29.65 29.5 29.46 29.5 29.37 29.24 29.22 29.44 29.57 29.6 29.62 29.65 29.69 29.7 29.7 29.7 29.71 29.71 29.71 29.71 29.71 29.71 29.71 29.71 29.69 29.7 29.71 29.71 29.71 29.71 29.71 29.71 29.71 29.71 29.71 29.71 29.71 -9999 -9999 29.71
-9999 -9999 -9999 -9999 -9999 -9999 -9999 -9999 -9999 -9999 -9999 -9999 -9999 -9999 -9999 -9999 -9999 -9999 -9999 -9999 -9999 -9999 -9999 -9999 29.69 29.69 29.69 29.69 29.69 29.7 29.7 29.7 29.69 29.68 29.68 29.7 29.69 29.59 29.31 29.11 29.03 28.93 28.63 28.84 29.33 29.59 29.67 29.69 29.7 29.7 29.7 29.7 29.7 29.7 29.7 29.7 29.7 29.71 29.71 29.7 29.67 29.62 29.67 29.7 29.71 29.71 29.71 29.71 29.71 29.71 29.71 29.71 29.71 29.71 29.71 29.71 29.71
-9999 -9999 -9999 -9999 -9999 -9999 -9999 -9999 -9999 -9999 -9999 -9999 -9999 -9999 -9999 -9999 -9999 -9999 -9999 -9999 -9999 -9999 -9999 29.69 29.69 29.69 29.69 29.69 29.69 29.69 29.69 29.67 29.62 29.57 29.6 29.66 29.65 29.55 29.24 28.85 28.57 28.44 28.29 28.61 29.18 29.57 29.67 29.7 29.7 29.7 29.7 29.7 29.7 29.69 29.66 29.6 29.59 29.65 29.67 29.61 29.53 29.48 29.63 29.7 29.71 29.71 29.71 29.71 29.71 29.71 29.71 29.71 29.71 29.71 29.71 29.71 29.71
-9999 -9999 -9999 -9999 -9999 -9999 -9999 -9999 -9999 -9999 -9999 -9999 -9999 -9999 -9999 -9999 -9999 -9999 -9999 -9999 -9999 -9999 29.69 29.69 29.69 29.69 29.69 29.69 29.69 29.69 29.66 29.59 29.43 29.31 29.39 29.51 29.46 29.34 29.11 28.64 28.31 28.44 28.62 28.93 29.37 29.62 29.68 29.7 29.7 29.7 29.7 29.7 29.69 29.65 29.52 29.33 29.31 29.48 29.51 29.35 29.23 29.31 29.6 29.69 29.71 29.71 29.71 29.71 29.71 29.69 29.67 29.7 29.71 29.71 29.71 29.71 29.71
-9999 -9999 -9999 -9999 -9999 -9999 -9999 -9999 -9999 -9999 -9999 -9999 -9999 -9999 -9999 -9999 -9999 29.69 29.69 29.69 29.69 29.69 29.69 29.69 29.69 29.69 29.69 29.69 29.69 29.68 29.62 29.44 29.2 29.05 29.13 29.28 29.12 28.85 28.69 28.43 28.41 28.82 29.17 29.4 29.59 29.66 29.69 29.7 29.7 29.7 29.7 29.69 29.65 29.55 29.3 29.03 29.07 29.24 29.14 28.95 28.94 29.23 29.59 29.69 29.71 29.71 29.71 29.71 29.69 29.61 29.55 29.67 29.71 29.71 29.71 29.71 29.71
-9999 -9999 -9999 -9999 -9999 -9999 -9999 -9999 -9999 -9999 -9999 -9999 -9999 -9999 -9999 29.68 29.69 29.69 29.69 29.69 29.69 29.69 29.69 29.69 29.69 29.69 29.68 29.69 29.69 29.68 29.63 29.44 29.12 28.88 28.9 29.05 28.84 28.36 28.17 28.28 28.53 28.96 29.33 29.56 29.64 29.67 29.69 29.7 29.7 29.7 29.7 29.66 29.53 29.3 29.04 28.77 28.8 28.91 28.73 28.62 28.8 29.21 29.56 29.69 29.71 29.71 29.69 29.67 29.64 29.53 29.51 29.67 29.71 29.71 29.71 29.71 29.71
-9999 -9999 -9999 -9999 -9999 -9999 -9999 -9999 -9999 -9999 -9999 -9999 -9999 -9999 29.68 29.68 29.68 29.68 29.68 29.68 29.68 29.68 29.68 29.69 29.68 29.66 29.62 29.66 29.69 29.69 29.67 29.57 29.25 28.85 28.7 28.83 28.7 28.34 28.3 28.56 28.85 29.11 29.33 29.57 29.65 29.67 29.67 29.69 29.69 29.69 29.68 29.6 29.35 29.03 28.77 28.52 28.48 28.52 28.42 28.45 28.79 29.22 29.54 29.68 29.71 29.68 29.59 29.49 29.47 29.5 29.62 29.7 29.71 29.71 29.71 29.71 29.71
-9999 -9999 -9999 -9999 -9999 -9999 -9999 -9999 -9999 -9999 -9999 -9999 -9999 29.68 29.68 29.68 29.68 29.68 29.68 29.68 29.68 29.68 29.68 29.68 29.67 29.59 29.36 29.53 29.65 29.69 29.69 29.64 29.42 28.9 28.55 28.57 28.56 28.58 28.74 28.9 29.01 29.09 29.23 29.53 29.63 29.62 29.62 29.65 29.66 29.68 29.66 29.58 29.34 29.07 28.77 28.41 28.19 28.16 28.17 28.41 28.85 29.25 29.51 29.66 29.69 29.63 29.41 29.18 29.26 29.51 29.67 29.71 29.71 29.71 29.71 29.71 29.71
-9999 -9999 -9999 -9999 -9999 -9999 -9999 -9999 -9999 -9999 -9999 -9999 -9999 29.68 29.68 29.68 29.68 29.68 29.67 29.67 29.67 29.67 29.65 29.64 29.63 29.5 29.15 29.29 29.57 29.66 29.68 29.64 29.41 28.87 28.42 28.35 28.44 28.59 28.76 28.81 28.79 28.83 29.1 29.47 29.53 29.45 29.5 29.56 29.59 29.65 29.66 29.61 29.46 29.24 28.91 28.46 28.05 27.86 27.94 28.38 28.86 29.2 29.39 29.57 29.65 29.56 29.27 29.01 29.2 29.56 29.69 29.71 29.71 29.71 29.71 29.71 29.71
-9999 -9999 -9999 -9999 -9999 -9999 -9999 -9999 -9999 -9999 -9999 -9999 29.68 29.68 29.68 29.68 29.68 29.66 29.6 29.6 29.6 29.58 29.44 29.44 29.48 29.17 28.94 28.98 29.3 29.56 29.62 29.59 29.25 28.75 28.36 28.21 28.3 28.48 28.57 28.49 28.49 28.71 29.13 29.41 29.3 29.14 29.36 29.43 29.48 29.61 29.64 29.61 29.52 29.31 29 28.63 28.17 27.8 27.79 28.18 28.62 28.92 29.18 29.45 29.58 29.47 29.16 29 29.27 29.58 29.7 29.71 29.71 29.71 29.71 29.71 29.71
-9999 -9999 -9999 -9999 -9999 -9999 -9999 -9999 -9999 -9999 -9999 29.68 29.68 29.68 29.68 29.68 29.66 29.56 29.14 29.13 29.16 29.19 29.07 29.08 29.24 28.87 28.63 28.61 28.86 29.24 29.36 29.31 29.11 28.79 28.55 28.34 28.34 28.41 28.39 28.26 28.32 28.62 29.06 29.27 28.97 28.9 29.24 29.24 29.31 29.53 29.59 29.54 29.48 29.34 29.11 28.77 28.25 27.77 27.67 27.91 28.23 28.64 29.05 29.38 29.5 29.38 29.05 28.92 29.21 29.56 29.69 29.71 29.71 29.71 29.71 29.71 29.71
-9999 -9999 -9999 -9999 -9999 -9999 -9999 29.67 -9999 -9999 29.67 29.67 29.67 29.67 29.67 29.67 29.67 29.58 29.11 28.73 28.74 28.88 28.91 28.89 28.99 28.73 28.39 28.36 28.42 28.73 28.86 28.73 28.73 28.73 28.55 28.35 28.29 28.28 28.2 28.1 28.16 28.42 28.92 29 28.61 28.72 29.07 29.03 29.13 29.41 29.49 29.41 29.37 29.27 29.08 28.83 28.37 27.86 27.61 27.71 28.01 28.56 29.04 29.31 29.34 29.17 28.88 28.88 29.27 29.6 29.7 29.71 29.71 29.69 29.67 29.67 29.67
-9999 -9999 -9999 -9999 -9999 -9999 29.67 29.67 29.67 29.67 29.67 29.67 29.67 29.67 29.67 29.67 29.67 29.57 29.08 28.64 28.53 28.61 28.69 28.69 28.74 28.55 28.23 28.19 28.2 28.4 28.5 28.32 28.29 28.34 28.24 28.19 28.13 28.07 27.97 27.91 28.04 28.34 28.74 28.67 28.35 28.49 28.81 28.81 28.93 29.22 29.34 29.29 29.19 29.07 28.74 28.51 28.19 27.76 27.43 27.5 27.88 28.48 28.98 29.13 29.07 28.82 28.61 28.85 29.31 29.62 29.7 29.71 29.7 29.61 29.49 29.42 29.45
-9999 -9999 -9999 -9999 -9999 29.67 29.67 29.67 29.67 29.67 29.67 29.67 29.67 29.67 29.67 29.67 29.62 29.39 28.83 28.51 28.41 28.39 28.44 28.48 28.51 28.4 28.09 28.03 28.05 28.15 28.24 28.08 27.99 28.05 28.04 28.03 27.94 27.82 27.69 27.72 27.95 28.23 28.5 28.31 28.14 28.28 28.45 28.56 28.71 28.92 29.03 29.12 28.98 28.86 28.4 28.02 27.8 27.53 27.29 27.43 27.78 28.37 28.81 28.77 28.68 28.4 28.36 28.77 29.29 29.62 29.7 29.7 29.68 29.55 29.23 29.03 29.12
-9999 -9999 -9999 -9999 29.67 29.67 29.67 29.67 29.67 29.67 29.67 29.67 29.67 29.67 29.67 29.66 29.58 29.04 28.54 28.36 28.28 28.19 28.17 28.25 28.34 28.25 28.01 27.9 27.92 27.96 28.04 27.92 27.75 27.79 27.88 27.86 27.77 27.61 27.49 27.65 27.91 28.14 28.21 28.01 27.9 28.01 28.1 28.26 28.38 28.48 28.58 28.88 28.7 28.35 28.01 27.68 27.49 27.27 27.25 27.48 27.71 27.95 28.2 28.2 28.14 28.03 28.27 28.8 29.3 29.61 29.69 29.7 29.68 29.58 29.34 29.07 28.89
-9999 -9999 -9999 -9999 29.67 29.67 29.67 29.67 29.67 29.67 29.67 29.67 29.67 29.67 29.67 29.64 29.54 28.83 28.3 28.23 28.17 28.05 27.97 28.03 28.18 28.13 27.97 27.82 27.8 27.8 27.87 27.81 27.59 27.6 27.75 27.71 27.61 27.49 27.38 27.58 27.83 28.02 28.02 27.78 27.66 27.79 27.95 28.06 28.07 28.08 28.1 28.45 28.37 27.85 27.61 27.52 27.38 27.17 27.21 27.38 27.52 27.64 27.63 27.56 27.6 27.96 28.49 28.96 29.36 29.6 29.68 29.69 29.67 29.57 29.36 29.08 28.7
-9999 -9999 -9999 29.66 29.66 29.66 29.66 29.66 29.66 29.65 29.64 29.65 29.66 29.66 29.65 29.58 29.35 28.7 28.17 28.09 28.06 27.96 27.88 27.85 27.99 28 27.9 27.77 27.68 27.64 27.66 27.67 27.48 27.44 27.63 27.61 27.46 27.35 27.28 27.5 27.73 27.87 27.83 27.63 27.51 27.69 27.83 27.87 27.82 27.74 27.71 28.02 28 27.59 27.34 27.3 27.27 27.1 27.11 27.2 27.33 27.42 27.33 27.31 27.59 28.15 28.68 29.08 29.41 29.6 29.66 29.67 29.65 29.58 29.4 29.07 28.58
-9999 29.66 29.66 29.66 29.66 29.66 29.64 29.61 29.62 29.61 29.54 29.59 29.65 29.66 29.62 29.4 28.96 28.58 28.13 27.99 27.96 27.88 27.81 27.72 27.82 27.86 27.77 27.68 27.58 27.45 27.41 27.48 27.37 27.26 27.45 27.51 27.34 27.17 27.19 27.41 27.58 27.66 27.63 27.52 27.39 27.55 27.63 27.61 27.58 27.42 27.44 27.69 27.72 27.42 27.14 27.11 27.14 26.98 26.91 26.97 27.11 27.2 27.09 27.21 27.66 28.27 28.77 29.13 29.39 29.55 29.63 29.63 29.56 29.47 29.32 29.02 28.49
29.66 29.66 29.66 29.66 29.66 29.65 29.56 29.42 29.42 29.51 29.39 29.5 29.61 29.61 29.55 29.08 28.59 28.35 28.07 27.93 27.87 27.78 27.73 27.64 27.68 27.72 27.62 27.54 27.49 27.32 27.22 27.34 27.28 27.1 27.23 27.3 27.1 26.98 27.07 27.24 27.34 27.41 27.41 27.37 27.21 27.33 27.44 27.39 27.38 27.24 27.27 27.4 27.45 27.28 27.02 26.93 26.97 26.84 26.77 26.84 26.91 26.93 26.89 27.15 27.7 28.31 28.78 29.1 29.31 29.44 29.57 29.6 29.51 29.34 29.12 28.89 28.51
29.65 29.65 29.65 29.65 29.65 29.63 29.49 29.24 29.1 29.23 29.23 29.34 29.39 29.23 28.96 28.52 28.16 28.09 27.9 27.76 27.74 27.67 27.62 27.56 27.53 27.59 27.48 27.38 27.35 27.26 27.14 27.23 27.17 26.95 26.98 27.05 26.77 26.63 26.82 27.01 27.17 27.3 27.32 27.24 27.13 27.16 27.26 27.21 27.19 27.08 27.02 27.08 27.16 27.01 26.84 26.81 26.89 26.89 26.97 27.05 26.93 26.88 26.9 27.17 27.77 28.32 28.68 28.95 29.11 29.22 29.38 29.5 29.53 29.41 29.22 29.01 28.81
29.65 29.65 29.65 29.65 29.65 29.63 29.52 29.25 29 28.91 28.9 28.91 28.82 28.58 28.31 28 27.78 27.87 27.76 27.55 27.52 27.53 27.46 27.42 27.33 27.36 27.29 27.18 27.12 27.03 26.94 27.06 26.99 26.67 26.63 26.71 26.73 26.81 27.11 27.46 27.72 27.87 27.91 27.88 27.64 27.38 27.19 27.02 27 26.9 26.77 26.77 26.85 26.81 26.87 27.14 27.36 27.46 27.51 27.65 27.54 27.29 27.17 27.16 27.69 28.16 28.43 28.62 28.72 28.81 29.07 29.33 29.48 29.47 29.34 29.18 28.98
29.65 29.65 29.65 29.65 29.64 29.61 29.49 29.19 28.93 28.7 28.51 28.44 28.34 28.11 27.91 27.73 27.57 27.63 27.63 27.41 27.32 27.34 27.25 27.22 27.1 27.07 27.05 26.91 26.77 26.64 26.61 26.72 26.68 26.37 26.6 26.96 27.26 27.48 27.88 28.28 28.49 28.61 28.61 28.64 28.43 28.19 27.9 27.66 27.49 27.13 26.74 26.66 26.77 26.97 27.16 27.67 28.07 28.19 28.19 28.36 28.31 28.08 27.68 27.44 27.57 27.78 27.99 28.14 28.28 28.48 28.87 29.18 29.4 29.39 29.18 29.01 28.79
29.65 29.65 29.65 29.64 29.61 29.48 29.3 29.06 28.83 28.59 28.35 28.17 28.01 27.81 27.64 27.59 27.49 27.48 27.45 27.28 27.19 27.21 27.2 27.12 27 26.88 26.86 26.86 26.84 26.8 26.74 26.62 26.46 26.66 27.11 27.62 27.96 28.21 28.49 28.78 28.97 29.06 29.04 29.05 28.93 28.79 28.63 28.46 28.25 27.9 27.35 26.89 26.98 27.27 27.55 28.08 28.6 28.75 28.77 28.83 28.77 28.63 28.3 28.12 27.98 27.77 27.7 27.88 28.22 28.6 28.92 29.17 29.34 29.28 28.96 28.67 28.45
29.64 29.64 29.62 29.57 29.54 29.35 29.1 28.9 28.69 28.47 28.22 28.01 27.82 27.72 27.81 28.02 28.18 28.09 27.81 27.51 27.6 27.87 28.07 27.94 27.6 27.3 27.24 27.22 27.25 27.28 27.24 27.06 26.97 27.29 27.68 28.12 28.57 28.78 28.93 29.16 29.3 29.38 29.39 29.37 29.29 29.18 29.06 28.93 28.75 28.51 28.04 27.57 27.39 27.8 28.14 28.44 28.87 29.08 29.14 29.15 29.08 28.95 28.78 28.66 28.51 28.31 28.08 28.01 28.25 28.52 28.73 29 29.23 29.25 28.97 28.56 28.32
29.64 29.62 29.52 29.34 29.27 29.19 28.97 28.74 28.49 28.28 28.1 27.97 27.91 28.12 28.5 28.67 28.7 28.66 28.49 28.19 28.28 28.56 28.72 28.64 28.24 27.95 28 27.85 27.86 28 28.01 27.84 27.74 28.08 28.39 28.61 28.97 29.16 29.29 29.44 29.53 29.57 29.59 29.59 29.55 29.47 29.36 29.24 29.08 28.86 28.62 28.4 28.24 28.43 28.79 28.95 29.17 29.32 29.38 29.37 29.31 29.21 29.08 28.96 28.84 28.66 28.43 28.16 27.99 28.15 28.38 28.69 29.03 29.19 29.11 28.82 28.6
29.63 29.58 29.42 29.2 29.04 28.99 28.87 28.6 28.3 28.08 28.12 28.32 28.49 28.66 28.87 28.99 29.02 28.98 28.92 28.84 28.88 29 29.05 28.97 28.64 28.63 28.72 28.63 28.61 28.68 28.73 28.65 28.57 28.72 28.9 29.06 29.32 29.44 29.54 29.6 29.63 29.64 29.65 29.65 29.64 29.61 29.56 29.49 29.36 29.22 29.08 28.98 28.91 28.95 29.17 29.3 29.42 29.51 29.54 29.53 29.46 29.37 29.27 29.15 29.01 28.83 28.57 28.27 27.69 27.57 27.96 28.4 28.75 29.02 29.09 29.04 28.87
29.61 29.51 29.31 29.12 28.94 28.81 28.7 28.5 28.18 28.09 28.41 28.75 28.88 28.96 29.1 29.19 29.23 29.23 29.25 29.26 29.25 29.28 29.29 29.25 29.11 29.12 29.12 29.09 29.11 29.13 29.14 29.13 29.13 29.19 29.26 29.41 29.54 29.6 29.63 29.65 29.66 29.66 29.66 29.66 29.66 29.66 29.65 29.62 29.57 29.5 29.42 29.34 29.3 29.3 29.43 29.53 29.58 29.61 29.62 29.6 29.55 29.44 29.34 29.2 29.02 28.81 28.48 28.03 27.17 26.74 27.33 27.98 28.45 28.82 28.9 28.94 28.92
29.56 29.42 29.23 29.06 28.87 28.65 28.48 28.36 28.11 28.22 28.67 28.97 29.1 29.18 29.28 29.35 29.4 29.43 29.45 29.47 29.47 29.47 29.48 29.47 29.44 29.42 29.4 29.4 29.41 29.41 29.41 29.43 29.44 29.46 29.49 29.58 29.62 29.64 29.65 29.65 29.65 29.66 29.66 29.66 29.66 29.66 29.66 29.66 29.65 29.64 29.61 29.58 29.56 29.57 29.6 29.64 29.65 29.65 29.64 29.63 29.56 29.41 29.29 29.09 28.83 28.62 28.37 27.74 26.74 26.42 27.05 27.73 28.33 28.59 28.6 28.71 28.71
29.41 29.26 29.12 28.96 28.8 28.58 28.31 28.16 28.03 28.33 28.79 29.08 29.25 29.36 29.44 29.48 29.52 29.54 29.55 29.57 29.58 29.58 29.59 29.59 29.58 29.58 29.56 29.56 29.56 29.56 29.56 29.57 29.58 29.59 29.6 29.63 29.65 29.65 29.65 29.65 29.65 29.65 29.66 29.66 29.66 29.66 29.66 29.66 29.66 29.66 29.66 29.66 29.65 29.65 29.66 29.67 29.67 29.66 29.65 29.63 29.54 29.37 29.18 28.85 28.47 28.2 28.01 27.46 26.61 26.31 26.94 27.6 28.01 28.15 28.2 28.34 28.41
29.24 29.1 28.99 28.83 28.66 28.48 28.2 27.96 27.93 28.35 28.82 29.13 29.34 29.47 29.54 29.56 29.58 29.59 29.59 29.6 29.61 29.62 29.62 29.63 29.63 29.63 29.62 29.62 29.62 29.62 29.62 29.62 29.62 29.63 29.64 29.64 29.64 29.65 29.65 29.65 29.65 29.65 29.65 29.65 29.66 29.66 29.66 29.66 29.66 29.66 29.66 29.67 29.67 29.67 29.67 29.67 29.67 29.67 29.65 29.57 29.34 29.1 28.89 28.46 28.11 27.72 27.36 26.89 26.37 26.35 26.87 27.32 27.38 27.47 27.68 27.97 28.21
29.15 28.96 28.8 28.66 28.5 28.3 28.07 27.84 27.89 28.34 28.82 29.17 29.4 29.52 29.57 29.58 29.58 29.59 29.6 29.61 29.61 29.62 29.62 29.62 29.62 29.63 29.63 29.63 29.63 29.63 29.63 29.63 29.63 29.64 29.64 29.64 29.64 29.64 29.64 29.65 29.65 29.65 29.65 29.65 29.65 29.66 29.66 29.66 29.66 29.66 29.66 29.66 29.66 29.67 29.67 29.67 29.67 29.67 29.62 29.42 29.01 28.67 28.47 28.06 27.65 27.17 26.77 26.53 26.37 26.42 26.74 26.88 26.79 27.06 27.48 27.87 28.13
29.02 28.87 28.65 28.44 28.3 28.14 27.91 27.71 27.92 28.43 28.9 29.23 29.44 29.54 29.58 29.57 29.56 29.54 29.54 29.56 29.59 29.6 29.6 29.6 29.61 29.62 29.62 29.62 29.63 29.63 29.63 29.63 29.63 29.63 29.63 29.64 29.64 29.64 29.64 29.64 29.64 29.65 29.65 29.65 29.65 29.65 29.65 29.66 29.66 29.66 29.66 29.66 29.66 29.66 29.67 29.67 29.67 29.66 29.56 29.21 28.83 28.51 28.24 27.91 27.5 27.04 26.77 26.86 26.94 26.8 26.62 26.58 26.67 27.2 27.66 27.89 28.01
