ASPA-UH-SWB2_REPO/input/Gridded_temps/prism_tmax_tutuila_30yr_normal_10.asc
ncols         350
nrows         200
xllcorner     515000
yllcorner     8409000
cellsize      100
NODATA_value  -9999
[rows 136 to 169 of 200, columns 77 to 153 of 350]
30.48 30.56 30.63 30.63 30.66 30.68 30.69 30.67 30.6 30.36 30.07 29.9 29.88 29.94 30.09 30.27 30.37 30.38 30.35 30.36 30.39 30.4 30.39 30.37 30.31 30.16 29.9 29.57 29.4 29.42 29.5 29.49 29.4 29.34 29.47 29.64 29.72 29.72 29.71 29.7 29.69 29.68 29.68 29.68 29.7 29.71 29.72 29.72 29.73 29.71 29.71 29.7 29.7 29.69 29.69 29.69 29.7 29.7 29.71 29.71 29.72 29.72 29.73 29.74 29.74 29.74 29.74 29.74 29.74 29.74 29.75 29.76 29.76 29.77 29.78 29.78 29.79
30.55 30.63 30.68 30.69 30.7 30.7 30.69 30.67 30.58 30.31 30.05 29.92 29.9 29.94 30.02 30.2 30.36 30.4 30.4 30.4 30.41 30.41 30.4 30.38 30.32 30.15 29.89 29.62 29.45 29.4 29.46 29.51 29.45 29.39 29.47 29.63 29.73 29.75 29.73 29.72 29.72 29.72 29.71 29.7 29.71 29.72 29.72 29.71 29.71 29.71 29.71 29.71 29.7 29.7 29.7 29.7 29.7 29.71 29.71 29.72 29.72 29.72 29.73 29.73 29.73 29.74 29.75 29.75 29.75 29.75 29.76 29.76 29.76 29.77 29.78 29.78 29.79
30.63 30.68 30.7 30.71 30.71 30.7 30.7 30.67 30.6 30.36 30.12 30 30.01 30.04 30.05 30.17 30.32 30.39 30.41 30.42 30.42 30.42 30.41 30.38 30.31 30.1 29.83 29.62 29.49 29.4 29.42 29.52 29.51 29.48 29.53 29.65 29.75 29.77 29.76 29.74 29.74 29.74 29.73 29.72 29.72 29.72 29.72 29.71 29.71 29.71 29.71 29.71 29.71 29.71 29.71 29.71 29.71 29.71 29.72 29.72 29.72 29.73 29.73 29.73 29.73 29.74 29.76 29.76 29.76 29.76 29.76 29.77 29.77 29.78 29.79 29.79 29.79
30.7 30.71 30.72 30.72 30.71 30.7 30.68 30.67 30.61 30.41 30.22 30.13 30.22 30.28 30.22 30.22 30.28 30.37 30.42 30.43 30.43 30.42 30.41 30.38 30.27 30.02 29.76 29.63 29.53 29.43 29.44 29.55 29.56 29.52 29.53 29.63 29.73 29.77 29.78 29.77 29.76 29.75 29.74 29.73 29.72 29.72 29.71 29.71 29.7 29.71 29.71 29.71 29.72 29.72 29.72 29.72 29.72 29.72 29.72 29.72 29.72 29.73 29.73 29.73 29.74 29.75 29.76 29.77 29.77 29.77 29.77 29.77 29.78 29.79 29.79 29.8 29.81
30.72 30.72 30.72 30.72 30.71 30.69 30.68 30.66 30.62 30.49 30.35 30.3 30.38 30.42 30.39 30.36 30.36 30.41 30.43 30.43 30.43 30.42 30.41 30.36 30.2 29.94 29.77 29.68 29.56 29.5 29.51 29.58 29.6 29.54 29.52 29.58 29.69 29.77 29.79 29.77 29.77 29.75 29.74 29.73 29.72 29.72 29.71 29.71 29.71 29.71 29.72 29.72 29.73 29.73 29.73 29.73 29.74 29.73 29.73 29.73 29.73 29.73 29.73 29.74 29.74 29.75 29.77 29.77 29.78 29.78 29.78 29.78 29.79 29.8 29.81 29.82 29.83
30.72 30.72 30.72 30.71 30.7 30.68 30.66 30.65 30.63 30.57 30.46 30.42 30.46 30.46 30.45 30.44 30.43 30.43 30.42 30.42 30.42 30.42 30.41 30.36 30.17 29.96 29.88 29.76 29.62 29.58 29.59 29.62 29.63 29.6 29.57 29.59 29.66 29.74 29.78 29.77 29.76 29.75 29.74 29.73 29.73 29.73 29.72 29.72 29.72 29.72 29.73 29.73 29.74 29.74 29.74 29.74 29.75 29.74 29.74 29.74 29.73 29.73 29.73 29.74 29.75 29.76 29.77 29.78 29.78 29.78 29.79 29.79 29.81 29.82 29.83 29.84 29.84
30.72 30.72 30.72 30.72 30.7 30.67 30.64 30.62 30.6 30.56 30.49 30.47 30.47 30.47 30.45 30.45 30.44 30.42 30.41 30.4 30.41 30.41 30.4 30.37 30.29 30.21 30.12 29.91 29.71 29.66 29.64 29.63 29.65 29.64 29.63 29.62 29.65 29.72 29.75 29.76 29.75 29.75 29.75 29.74 29.73 29.73 29.73 29.72 29.73 29.73 29.74 29.75 29.76 29.76 29.75 29.75 29.75 29.75 29.75 29.74 29.74 29.73 29.74 29.74 29.75 29.75 29.76 29.77 29.78 29.78 29.79 29.81 29.82 29.84 29.85 29.85 29.85
30.72 30.72 30.72 30.71 30.7 30.66 30.63 30.6 30.56 30.52 30.5 30.49 30.48 30.47 30.46 30.44 30.43 30.41 30.4 30.39 30.39 30.39 30.39 30.37 30.35 30.32 30.25 30.09 29.88 29.75 29.65 29.55 29.56 29.6 29.62 29.63 29.67 29.71 29.74 29.75 29.75 29.75 29.75 29.74 29.73 29.73 29.73 29.73 29.73 29.74 29.75 29.76 29.77 29.77 29.76 29.76 29.75 29.75 29.75 29.75 29.74 29.73 29.74 29.74 29.75 29.75 29.76 29.77 29.78 29.78 29.8 29.81 29.82 29.85 29.85 29.85 29.85
30.72 30.72 30.72 30.7 30.68 30.65 30.61 30.57 30.54 30.52 30.5 30.49 30.48 30.47 30.46 30.45 30.43 30.42 30.4 30.39 30.39 30.38 30.38 30.37 30.35 30.33 30.28 30.19 30.02 29.82 29.61 29.44 29.47 29.55 29.6 29.63 29.67 29.71 29.73 29.74 29.75 29.75 29.75 29.74 29.73 29.73 29.73 29.73 29.73 29.74 29.76 29.78 29.78 29.78 29.77 29.77 29.76 29.76 29.75 29.75 29.75 29.74 29.74 29.74 29.75 29.75 29.76 29.77 29.78 29.79 29.8 29.82 29.83 29.85 29.86 29.86 29.85
30.72 30.72 30.7 30.68 30.66 30.64 30.61 30.57 30.54 30.52 30.51 30.5 30.5 30.49 30.47 30.46 30.44 30.42 30.4 30.39 30.39 30.38 30.37 30.36 30.34 30.33 30.29 30.23 30.08 29.82 29.58 29.43 29.55 29.67 29.68 29.65 29.65 29.7 29.73 29.74 29.75 29.75 29.75 29.74 29.73 29.73 29.73 29.74 29.74 29.75 29.77 29.79 29.79 29.79 29.79 29.78 29.77 29.76 29.76 29.75 29.75 29.75 29.74 29.74 29.75 29.75 29.76 29.77 29.78 29.8 29.8 29.82 29.84 29.85 29.86 29.86 29.86
30.72 30.71 30.69 30.67 30.65 30.63 30.6 30.57 30.55 30.53 30.52 30.52 30.52 30.5 30.48 30.47 30.45 30.43 30.41 30.4 30.39 30.38 30.36 30.34 30.33 30.32 30.3 30.25 30.12 29.88 29.63 29.47 29.69 29.9 29.9 29.75 29.66 29.69 29.73 29.74 29.74 29.75 29.75 29.75 29.75 29.75 29.75 29.75 29.76 29.77 29.78 29.8 29.8 29.8 29.8 29.79 29.78 29.77 29.76 29.76 29.75 29.75 29.74 29.74 29.74 29.75 29.76 29.78 29.8 29.8 29.81 29.82 29.83 29.85 29.86 29.86 29.86
30.72 30.71 30.69 30.66 30.63 30.61 30.59 30.58 30.57 30.55 30.54 30.54 30.53 30.51 30.49 30.47 30.45 30.43 30.41 30.4 30.39 30.38 30.36 30.34 30.32 30.31 30.29 30.26 30.18 30.04 29.79 29.56 29.72 29.95 29.97 29.8 29.67 29.69 29.73 29.75 29.75 29.76 29.77 29.78 29.78 29.77 29.77 29.77 29.78 29.79 29.79 29.81 29.81 29.81 29.8 29.8 29.79 29.78 29.77 29.76 29.76 29.75 29.75 29.74 29.74 29.75 29.77 29.79 29.8 29.81 29.82 29.82 29.83 29.85 29.86 29.86 29.86
30.72 30.71 30.68 30.65 30.62 30.6 30.59 30.59 30.59 30.58 30.57 30.56 30.55 30.52 30.5 30.48 30.46 30.44 30.42 30.4 30.4 30.38 30.36 30.34 30.31 30.3 30.28 30.25 30.2 30.12 29.97 29.77 29.72 29.82 29.87 29.75 29.68 29.7 29.74 29.77 29.78 29.79 29.8 29.81 29.81 29.8 29.79 29.79 29.8 29.81 29.81 29.82 29.82 29.81 29.8 29.8 29.8 29.79 29.78 29.78 29.77 29.76 29.76 29.75 29.75 29.77 29.79 29.8 29.81 29.82 29.83 29.84 29.85 29.86 29.87 29.87 29.87
30.72 30.71 30.68 30.64 30.62 30.61 30.6 30.6 30.6 30.59 30.59 30.58 30.55 30.53 30.5 30.49 30.47 30.45 30.42 30.41 30.4 30.39 30.36 30.34 30.31 30.29 30.26 30.23 30.19 30.14 30.05 29.93 29.81 29.78 29.79 29.74 29.73 29.74 29.76 29.79 29.8 29.82 29.83 29.83 29.83 29.82 29.81 29.81 29.82 29.81 29.81 29.81 29.81 29.81 29.81 29.81 29.8 29.8 29.79 29.79 29.78 29.78 29.78 29.77 29.78 29.79 29.8 29.81 29.82 29.84 29.85 29.86 29.87 29.87 29.87 29.87 29.87
30.72 30.71 30.69 30.65 30.63 30.61 30.61 30.61 30.6 30.6 30.59 30.58 30.55 30.53 30.51 30.49 30.48 30.46 30.43 30.42 30.4 30.39 30.36 30.33 30.31 30.28 30.25 30.21 30.17 30.12 30.05 29.98 29.91 29.85 29.82 29.8 29.79 29.79 29.79 29.8 29.83 29.84 29.85 29.85 29.84 29.83 29.83 29.83 29.82 29.81 29.81 29.81 29.81 29.82 29.82 29.82 29.81 29.81 29.8 29.8 29.8 29.8 29.8 29.8 29.8 29.81 29.83 29.85 29.85 29.86 29.87 29.88 29.88 29.88 29.88 29.88 29.88
30.72 30.72 30.71 30.67 30.64 30.63 30.62 30.62 30.61 30.6 30.6 30.58 30.56 30.54 30.53 30.51 30.49 30.47 30.45 30.43 30.41 30.39 30.36 30.33 30.3 30.27 30.24 30.21 30.16 30.11 30.05 29.99 29.93 29.88 29.86 29.85 29.84 29.83 29.82 29.83 29.85 29.86 29.86 29.86 29.85 29.84 29.84 29.83 29.82 29.81 29.81 29.81 29.82 29.83 29.83 29.83 29.83 29.82 29.82 29.82 29.82 29.83 29.83 29.83 29.82 29.83 29.86 29.89 29.89 29.89 29.89 29.89 29.89 29.89 29.88 29.88 29.88
30.72 30.72 30.71 30.68 30.65 30.65 30.64 30.63 30.62 30.61 30.6 30.58 30.57 30.56 30.54 30.52 30.5 30.48 30.46 30.44 30.42 30.39 30.36 30.33 30.3 30.27 30.24 30.2 30.15 30.11 30.05 29.99 29.94 29.9 29.87 29.86 29.85 29.85 29.85 29.85 29.87 29.87 29.87 29.87 29.86 29.85 29.85 29.84 29.83 29.82 29.81 29.82 29.83 29.84 29.85 29.85 29.84 29.83 29.83 29.83 29.84 29.85 29.85 29.84 29.85 29.86 29.9 29.91 29.91 29.91 29.9 29.9 29.89 29.89 29.89 29.89 -9999
30.72 30.72 30.72 30.7 30.68 30.67 30.64 30.63 30.62 30.61 30.6 30.59 30.58 30.56 30.55 30.52 30.51 30.49 30.47 30.45 30.43 30.4 30.36 30.33 30.3 30.26 30.22 30.19 30.14 30.1 30.05 30 29.94 29.9 29.88 29.86 29.84 29.85 29.84 29.85 29.86 29.87 29.87 29.87 29.86 29.86 29.85 29.85 29.84 29.83 29.83 29.84 29.85 29.86 29.87 29.87 29.86 29.85 29.84 29.84 29.85 29.86 29.86 29.86 29.87 29.89 29.92 29.93 29.92 29.91 29.91 29.9 29.9 29.9 29.89 -9999 -9999
30.72 30.72 30.72 30.72 30.7 30.69 30.66 30.64 30.62 30.61 30.6 30.59 30.58 30.57 30.55 30.53 30.52 30.51 30.49 30.47 30.43 30.4 30.36 30.33 30.3 30.27 30.23 30.2 30.15 30.1 30.04 29.99 29.96 29.92 29.88 29.83 29.82 29.82 29.82 29.82 29.84 29.85 29.85 29.85 29.86 29.86 29.85 29.85 29.85 29.85 29.85 29.85 29.86 29.88 29.89 29.88 29.87 29.86 29.85 29.85 29.86 29.87 29.87 29.87 29.89 29.92 29.93 29.93 29.93 29.92 29.91 29.91 29.9 29.9 -9999 -9999 -9999
30.72 30.72 30.72 30.72 30.72 30.7 30.66 30.64 30.62 30.61 30.59 30.59 30.59 30.58 30.56 30.55 30.53 30.52 30.5 30.47 30.44 30.4 30.37 30.34 30.32 30.29 30.25 30.21 30.15 30.09 30.03 30.01 30.01 29.98 29.9 29.81 29.76 29.75 29.74 29.74 29.76 29.8 29.8 29.81 29.83 29.84 29.84 29.85 29.86 29.86 29.86 29.86 29.87 29.88 29.9 29.9 29.89 29.88 29.87 29.87 29.88 29.89 29.9 29.91 29.93 29.95 29.95 29.94 29.93 29.93 29.92 29.91 29.91 -9999 -9999 -9999 -9999
30.72 30.72 30.72 30.72 30.72 30.69 30.66 30.64 30.62 30.61 30.59 30.59 30.59 30.58 30.57 30.56 30.54 30.52 30.5 30.48 30.45 30.41 30.38 30.35 30.32 30.29 30.25 30.2 30.15 30.09 30.04 30.04 30.06 30.02 29.92 29.8 29.75 29.71 29.69 29.64 29.64 29.67 29.69 29.72 29.76 29.79 29.81 29.83 29.84 29.86 29.86 29.86 29.88 29.89 29.92 29.92 29.92 29.91 29.91 29.91 29.91 29.92 29.94 29.95 29.97 29.96 29.95 29.95 29.94 29.93 29.93 29.92 -9999 -9999 -9999 -9999 -9999
30.72 30.72 30.72 30.72 30.71 30.69 30.66 30.64 30.62 30.61 30.6 30.59 30.59 30.59 30.58 30.57 30.55 30.54 30.52 30.49 30.45 30.42 30.39 30.35 30.32 30.27 30.21 30.16 30.11 30.06 30.02 30.05 30.05 29.99 29.87 29.77 29.79 29.84 29.85 29.78 29.68 29.63 29.6 29.62 29.67 29.72 29.76 29.78 29.81 29.83 29.85 29.86 29.88 29.91 29.93 29.94 29.94 29.94 29.94 29.94 29.95 29.96 29.97 29.98 29.98 29.97 29.96 29.95 29.95 29.94 29.93 -9999 -9999 -9999 -9999 -9999 -9999
30.72 30.72 30.72 30.72 30.71 30.68 30.66 30.64 30.63 30.62 30.61 30.6 30.6 30.6 30.59 30.58 30.56 30.55 30.52 30.49 30.45 30.41 30.39 30.34 30.29 30.22 30.15 30.08 30.03 30 29.99 30.02 30 29.89 29.75 29.73 29.85 29.99 30.08 30.05 29.94 29.83 29.69 29.61 29.65 29.72 29.74 29.76 29.77 29.81 29.83 29.86 29.89 29.92 29.95 29.96 29.96 29.96 29.97 29.98 29.99 29.99 30 30 29.99 29.98 29.97 29.96 29.96 -9999 -9999 -9999 -9999 -9999 -9999 -9999 -9999
30.71 30.71 30.71 30.71 30.7 30.68 30.66 30.64 30.63 30.62 30.61 30.61 30.61 30.61 30.6 30.59 30.57 30.54 30.51 30.47 30.42 30.38 30.35 30.31 30.24 30.16 30.1 30.05 30.04 30.04 30.03 30.02 29.95 29.8 29.7 29.79 29.96 30.1 30.18 30.18 30.15 30.07 29.91 29.75 29.74 29.78 29.79 29.77 29.78 29.81 29.83 29.86 29.9 29.93 29.97 29.99 29.99 30 30 30.02 30.02 30.02 30.02 30.01 30 29.98 29.98 29.97 29.96 -9999 -9999 -9999 -9999 -9999 -9999 -9999 -9999
30.71 30.71 30.71 30.71 30.7 30.68 30.66 30.64 30.62 30.61 30.61 30.62 30.63 30.62 30.61 30.58 30.56 30.53 30.49 30.44 30.38 30.34 30.3 30.24 30.15 30.09 30.07 30.06 30.07 30.09 30.09 30.07 29.98 29.84 29.77 29.87 30.05 30.17 30.23 30.24 30.23 30.19 30.07 29.91 29.85 29.86 29.87 29.86 29.85 29.85 29.84 29.86 29.9 29.95 29.99 30.01 30.02 30.04 30.04 30.05 30.05 30.04 30.03 30.02 30.01 30 29.98 -9999 -9999 -9999 -9999 -9999 -9999 -9999 -9999 -9999 -9999
30.71 30.71 30.71 30.71 30.71 30.69 30.68 30.65 30.63 30.62 30.62 30.63 30.63 30.62 30.6 30.57 30.54 30.51 30.46 30.41 30.36 30.31 30.24 30.14 30.05 30.02 30.01 29.98 29.99 30.04 30.08 30.08 30.04 29.95 29.87 29.91 30.06 30.18 30.24 30.27 30.27 30.23 30.12 29.96 29.89 29.88 29.92 29.95 29.93 29.88 29.85 29.86 29.9 29.95 29.99 30.02 30.03 30.06 30.07 30.07 30.06 30.05 30.04 30.03 30.02 30.01 -9999 -9999 -9999 -9999 -9999 -9999 -9999 -9999 -9999 -9999 -9999
30.71 30.71 30.71 30.71 30.71 30.71 30.69 30.68 30.65 30.64 30.64 30.64 30.64 30.62 30.59 30.56 30.53 30.49 30.45 30.4 30.34 30.27 30.16 30.03 29.95 29.92 29.89 29.85 29.82 29.86 29.99 30.05 30.06 30.03 29.96 29.92 30.03 30.16 30.23 30.28 30.3 30.24 30.1 29.97 29.89 29.87 29.94 29.99 29.98 29.91 29.86 29.86 29.9 29.95 29.99 30.02 30.05 30.08 30.09 30.08 30.07 30.06 30.05 30.04 30.03 -9999 -9999 -9999 -9999 -9999 -9999 -9999 -9999 -9999 -9999 -9999 -9999
-9999 30.71 30.71 30.71 30.71 30.71 30.71 30.7 30.69 30.68 30.67 30.67 30.66 30.63 30.59 30.56 30.52 30.48 30.44 30.39 30.32 30.23 30.1 29.94 29.83 29.82 29.83 29.82 29.76 29.75 29.85 29.95 30.01 30.06 30.04 29.95 30 30.14 30.23 30.3 30.35 30.3 30.23 30.15 30.03 29.93 29.97 30.03 30.02 29.94 29.89 29.88 29.9 29.95 30 30.04 30.08 30.11 30.11 30.1 30.08 30.07 30.05 30.05 -9999 -9999 -9999 -9999 -9999 -9999 -9999 -9999 -9999 -9999 -9999 -9999 -9999
-9999 -9999 30.71 30.71 30.71 30.71 30.71 30.71 30.71 30.7 30.7 30.69 30.69 30.66 30.62 30.57 30.52 30.46 30.41 30.35 30.26 30.13 29.96 29.8 29.74 29.78 29.82 29.84 29.82 29.76 29.71 29.79 29.88 30.01 30.09 30.02 30 30.11 30.21 30.27 30.35 30.36 30.35 30.32 30.24 30.09 30.05 30.07 30.06 30 29.93 29.9 29.91 29.96 30.02 30.08 30.11 30.13 30.12 30.1 30.09 30.07 30.06 -9999 -9999 -9999 -9999 -9999 -9999 -9999 -9999 -9999 -9999 -9999 -9999 -9999 -9999
-9999 -9999 -9999 30.71 30.71 30.71 30.71 30.71 30.7 30.7 30.7 30.7 30.7 30.69 30.64 30.59 30.54 30.48 30.42 30.34 30.21 30.02 29.82 29.73 29.79 29.83 29.84 29.86 29.9 29.92 29.9 29.8 29.82 29.93 30.07 30.13 30.14 30.2 30.25 30.26 30.34 30.38 30.38 30.36 30.32 30.21 30.13 30.12 30.1 30.03 29.96 29.93 29.94 29.98 30.06 30.12 30.15 30.14 30.13 30.11 30.1 30.08 -9999 -9999 -9999 -9999 -9999 -9999 -9999 -9999 -9999 -9999 -9999 -9999 -9999 -9999 -9999
-9999 -9999 -9999 -9999 30.71 30.7 30.7 30.7 30.7 30.7 30.7 30.7 30.7 30.69 30.68 30.64 30.6 30.55 30.48 30.37 30.17 29.94 29.82 29.99 30.2 30.27 30.28 30.27 30.28 30.3 30.31 30.18 30 29.96 30.03 30.17 30.27 30.35 30.4 30.4 30.4 30.41 30.38 30.37 30.34 30.29 30.24 30.2 30.12 30.03 29.97 29.95 29.97 30.02 30.1 30.15 30.16 30.14 30.13 30.12 30.11 -9999 -9999 -9999 -9999 -9999 -9999 -9999 -9999 -9999 -9999 -9999 -9999 -9999 -9999 -9999 -9999
-9999 -9999 -9999 -9999 -9999 30.7 30.7 30.7 30.7 30.7 30.7 30.7 30.69 30.69 30.69 30.68 30.66 30.63 30.56 30.41 30.15 29.92 30.04 30.37 30.55 30.57 30.57 30.56 30.55 30.55 30.53 30.44 30.22 30.08 30.02 30.11 30.23 30.35 30.43 30.44 30.42 30.41 30.39 30.37 30.35 30.33 30.3 30.24 30.13 30.03 29.99 29.99 30.02 30.07 30.14 30.17 30.16 30.15 30.14 30.13 30.12 -9999 -9999 -9999 -9999 -9999 -9999 -9999 -9999 -9999 -9999 -9999 -9999 -9999 -9999 -9999 -9999
-9999 -9999 -9999 -9999 -9999 -9999 30.7 30.7 30.7 30.7 30.69 30.69 30.69 30.69 30.69 30.68 30.68 30.66 30.62 30.53 30.33 30.05 30.32 30.57 30.62 30.62 30.61 30.6 30.59 30.58 30.57 30.51 30.34 30.16 30 29.99 30.08 30.23 30.35 30.42 30.42 30.41 30.39 30.37 30.35 30.34 30.32 30.27 30.16 30.06 30.02 30.03 30.06 30.12 30.17 30.18 30.17 30.16 30.15 30.14 30.13 -9999 -9999 -9999 -9999 -9999 -9999 -9999 -9999 -9999 -9999 -9999 -9999 -9999 -9999 -9999 -9999
-9999 -9999 -9999 -9999 -9999 -9999 -9999 -9999 30.7 30.69 30.69 30.69 30.69 30.69 30.68 30.68 30.67 30.67 30.66 30.64 30.6 30.35 30.54 30.62 30.63 30.62 30.61 30.6 30.59 30.58 30.57 30.52 30.37 30.19 30 29.92 29.96 30.09 30.24 30.4 30.42 30.41 30.39 30.37 30.35 30.34 30.32 30.3 30.24 30.16 30.1 30.07 30.1 30.16 30.19 30.19 30.18 30.17 30.15 30.15 -9999 -9999 -9999 -9999 -9999 -9999 -9999 -9999 -9999 -9999 -9999 -9999 -9999 -9999 -9999 -9999 -9999
