ASPA-UH-SWB2_REPO/input/Gridded_temps/prism_tmin_tutuila_30yr_normal_10.asc
ncols         350
nrows         200
xllcorner     515000
yllcorner     8409000
cellsize      100
NODATA_value  -9999
[rows 35 to 69 of 200, columns 231 to 307 of 350]
-9999 -9999 -9999 -9999 -9999 -9999 24.58 24.58 24.58 -9999 -9999 -9999 24.58 24.58 24.58 24.58 -9999 -9999 -9999 -9999 -9999 -9999 -9999 -9999 -9999 24.58 24.58 24.58 -9999 -9999 -9999 -9999 -9999 -9999 -9999 -9999 -9999 -9999 -9999 -9999 -9999 -9999 -9999 -9999 -9999 -9999 -9999 -9999 -9999 -9999 -9999 -9999 -9999 -9999 -9999 -9999 -9999 -9999 -9999 -9999 -9999 -9999 -9999 -9999 -9999 -9999 -9999 -9999 -9999 -9999 -9999 -9999 -9999 24.58 24.58 24.58 24.58
-9999 24.58 24.58 -9999 -9999 24.58 24.58 24.58 24.58 24.58 24.58 24.58 24.58 24.58 24.58 24.58 -9999 -9999 -9999 24.58 24.58 -9999 -9999 -9999 -9999 24.58 24.58 24.58 24.58 -9999 -9999 -9999 -9999 -9999 -9999 -9999 -9999 -9999 -9999 -9999 -9999 -9999 -9999 -9999 -9999 -9999 -9999 -9999 -9999 -9999 -9999 -9999 -9999 -9999 -9999 -9999 -9999 -9999 -9999 -9999 -9999 -9999 -9999 -9999 -9999 -9999 -9999 -9999 -9999 -9999 -9999 -9999 24.58 24.58 24.58 24.58 24.58
24.58 24.58 24.58 24.58 24.58 24.58 24.58 24.58 24.58 24.58 24.58 24.58 24.58 24.58 24.58 24.58 24.58 -9999 24.58 24.58 24.58 24.58 24.58 -9999 24.58 24.58 24.58 24.58 24.58 24.58 -9999 -9999 -9999 -9999 -9999 -9999 -9999 -9999 -9999 -9999 -9999 -9999 -9999 -9999 -9999 -9999 -9999 -9999 -9999 -9999 -9999 -9999 -9999 -9999 -9999 -9999 -9999 -9999 -9999 -9999 -9999 -9999 -9999 -9999 -9999 -9999 -9999 -9999 -9999 -9999 -9999 24.58 24.58 24.58 24.58 24.58 24.58
24.58 24.58 24.58 24.58 24.58 24.58 24.58 24.58 24.58 24.58 24.58 24.58 24.58 24.58 24.58 24.58 24.58 24.58 24.58 24.58 24.58 24.58 24.58 24.58 24.58 24.58 24.58 24.58 24.58 24.58 24.58 -9999 -9999 -9999 -9999 -9999 -9999 -9999 -9999 -9999 -9999 -9999 -9999 -9999 -9999 -9999 -9999 -9999 -9999 -9999 -9999 -9999 -9999 -9999 -9999 -9999 -9999 -9999 -9999 -9999 -9999 -9999 -9999 -9999 -9999 -9999 -9999 24.58 24.58 -9999 24.58 24.58 24.58 24.58 24.58 24.58 24.58
24.58 24.58 24.58 24.58 24.58 24.58 24.58 24.58 24.58 24.58 24.58 24.58 24.58 24.58 24.58 24.58 24.58 24.58 24.58 24.58 24.58 24.58 24.58 24.58 24.58 24.58 24.58 24.58 24.58 24.58 24.58 24.58 -9999 -9999 -9999 24.58 -9999 -9999 -9999 -9999 -9999 -9999 -9999 -9999 -9999 -9999 -9999 -9999 -9999 -9999 -9999 -9999 -9999 -9999 -9999 -9999 -9999 -9999 -9999 -9999 -9999 -9999 -9999 -9999 -9999 -9999 24.58 24.58 24.58 24.58 24.58 24.58 24.58 24.58 24.57 24.54 24.56
24.58 24.58 24.58 24.58 24.58 24.58 24.57 24.55 24.57 24.58 24.58 24.58 24.58 24.56 24.56 24.58 24.58 24.58 24.58 24.58 24.58 24.58 24.58 24.58 24.58 24.58 24.58 24.58 24.58 24.58 24.58 24.58 24.58 -9999 24.58 24.58 24.58 -9999 -9999 -9999 -9999 -9999 -9999 -9999 -9999 -9999 -9999 -9999 -9999 -9999 -9999 -9999 -9999 -9999 -9999 -9999 -9999 -9999 -9999 -9999 -9999 -9999 -9999 -9999 -9999 24.58 24.58 24.58 24.58 24.58 24.58 24.58 24.58 24.58 24.51 24.37 24.45
24.58 24.58 24.58 24.58 24.58 24.58 24.55 24.5 24.53 24.57 24.57 24.57 24.55 24.47 24.46 24.55 24.58 24.58 24.58 24.57 24.57 24.58 24.58 24.58 24.57 24.54 24.54 24.57 24.58 24.58 24.58 24.58 24.58 24.58 24.58 24.58 24.58 24.58 -9999 -9999 -9999 -9999 -9999 -9999 -9999 -9999 -9999 -9999 -9999 -9999 -9999 -9999 -9999 -9999 -9999 -9999 -9999 -9999 -9999 -9999 -9999 -9999 -9999 -9999 24.58 24.58 24.58 24.58 24.58 24.58 24.58 24.58 24.58 24.56 24.44 24.22 24.27
24.58 24.56 24.55 24.57 24.58 24.58 24.54 24.43 24.43 24.52 24.52 24.53 24.48 24.3 24.29 24.48 24.56 24.58 24.56 24.47 24.47 24.55 24.58 24.57 24.52 24.43 24.46 24.55 24.58 24.58 24.58 24.58 24.58 24.58 24.58 24.58 24.58 24.58 24.58 -9999 -9999 -9999 -9999 -9999 -9999 -9999 24.58 -9999 -9999 -9999 -9999 -9999 -9999 -9999 -9999 -9999 -9999 -9999 -9999 -9999 -9999 -9999 -9999 24.58 24.58 24.58 24.58 24.58 24.58 24.58 24.58 24.57 24.53 24.45 24.28 24.04 24.08
24.57 24.52 24.47 24.51 24.57 24.58 24.55 24.38 24.27 24.33 24.32 24.36 24.34 24.15 24.16 24.38 24.53 24.55 24.47 24.25 24.25 24.45 24.55 24.56 24.47 24.39 24.46 24.55 24.58 24.58 24.58 24.58 24.58 24.58 24.58 24.58 24.58 24.58 24.58 24.58 24.58 24.58 -9999 -9999 -9999 24.58 24.58 24.58 24.58 24.58 -9999 -9999 24.58 -9999 -9999 -9999 -9999 -9999 -9999 -9999 -9999 -9999 24.58 24.58 24.58 24.58 24.58 24.58 24.58 24.58 24.58 24.54 24.39 24.21 24.1 23.94 23.97
24.56 24.49 24.38 24.46 24.56 24.58 24.55 24.36 24.1 24 23.98 24.06 24.08 24 24.05 24.24 24.39 24.42 24.29 24.07 24.14 24.38 24.53 24.56 24.52 24.51 24.55 24.58 24.58 24.58 24.58 24.58 24.58 24.58 24.58 24.58 24.58 24.58 24.58 24.58 24.58 24.58 -9999 -9999 24.58 24.58 24.58 24.58 24.58 24.58 24.58 24.58 24.58 24.58 -9999 -9999 -9999 -9999 -9999 -9999 -9999 24.58 24.58 24.58 24.58 24.58 24.57 24.55 24.56 24.57 24.57 24.51 24.27 24.06 24.03 23.94 23.9
24.57 24.51 24.42 24.49 24.56 24.58 24.53 24.31 23.9 23.61 23.65 23.73 23.75 23.79 23.91 24.09 24.25 24.31 24.22 24.18 24.29 24.47 24.55 24.57 24.57 24.57 24.58 24.58 24.58 24.58 24.58 24.58 24.58 24.58 24.57 24.55 24.57 24.58 24.58 24.58 24.58 24.58 24.58 24.58 24.58 24.58 24.58 24.58 24.58 24.58 24.58 24.58 24.58 24.58 24.58 24.58 24.58 -9999 -9999 24.58 24.58 24.58 24.58 24.58 24.58 24.58 24.55 24.48 24.47 24.52 24.52 24.48 24.33 24.06 23.99 23.93 23.86
24.58 24.55 24.42 24.38 24.52 24.54 24.45 24.15 23.67 23.32 23.37 23.42 23.47 23.66 23.91 24.14 24.32 24.41 24.41 24.43 24.49 24.55 24.58 24.58 24.58 24.58 24.58 24.58 24.58 24.58 24.58 24.58 24.58 24.57 24.52 24.46 24.52 24.57 24.58 24.58 24.58 24.58 24.58 24.58 24.58 24.58 24.58 24.58 24.58 24.58 24.58 24.58 24.58 24.58 24.58 24.58 24.58 24.58 24.58 24.58 24.58 24.58 24.58 24.58 24.58 24.58 24.51 24.4 24.39 24.43 24.38 24.37 24.32 24.1 23.96 23.88 23.81
24.57 24.52 24.24 24.25 24.46 24.46 24.27 23.91 23.46 23.19 23.2 23.25 23.42 23.77 24.08 24.33 24.47 24.53 24.55 24.55 24.57 24.58 24.58 24.58 24.58 24.58 24.58 24.58 24.58 24.58 24.58 24.57 24.56 24.52 24.4 24.34 24.48 24.57 24.58 24.58 24.58 24.58 24.58 24.58 24.58 24.58 24.57 24.58 24.58 24.58 24.58 24.58 24.58 24.58 24.58 24.58 24.58 24.58 24.58 24.58 24.58 24.58 24.58 24.58 24.58 24.55 24.43 24.3 24.33 24.32 24.17 24.14 24.21 24.07 23.92 23.81 23.75
24.55 24.43 23.98 24.18 24.4 24.3 24.03 23.59 23.32 23.27 23.32 23.46 23.71 24.03 24.29 24.47 24.55 24.57 24.58 24.58 24.58 24.58 24.58 24.58 24.58 24.58 24.58 24.58 24.58 24.57 24.53 24.5 24.48 24.42 24.28 24.29 24.47 24.56 24.56 24.57 24.57 24.58 24.58 24.58 24.58 24.57 24.55 24.55 24.56 24.57 24.58 24.58 24.58 24.58 24.58 24.58 24.58 24.58 24.58 24.58 24.58 24.58 24.58 24.58 24.57 24.52 24.35 24.22 24.24 24.24 24.1 24.01 24.05 24.04 23.89 23.75 23.7
24.5 24.07 23.6 24.1 24.28 24.07 23.76 23.53 23.5 23.58 23.73 23.89 24.13 24.34 24.47 24.54 24.57 24.58 24.58 24.58 24.58 24.58 24.58 24.58 24.58 24.58 24.58 24.58 24.56 24.49 24.36 24.27 24.27 24.26 24.19 24.26 24.43 24.49 24.46 24.5 24.52 24.53 24.56 24.58 24.58 24.56 24.5 24.44 24.45 24.52 24.57 24.57 24.57 24.58 24.58 24.58 24.58 24.58 24.58 24.58 24.58 24.58 24.58 24.58 24.58 24.52 24.36 24.2 24.13 24.14 24.07 23.94 23.88 23.93 23.91 23.7 23.65
24.3 23.8 23.69 24.09 24.1 23.81 23.63 23.67 23.79 23.88 24.05 24.26 24.42 24.5 24.55 24.56 24.58 24.58 24.58 24.58 24.58 24.58 24.58 24.58 24.58 24.57 24.57 24.57 24.51 24.32 24.07 24.04 24.08 24.11 24.13 24.25 24.39 24.37 24.35 24.42 24.42 24.4 24.49 24.56 24.58 24.55 24.43 24.34 24.3 24.4 24.49 24.51 24.53 24.56 24.58 24.58 24.58 24.58 24.58 24.58 24.58 24.58 24.58 24.58 24.58 24.52 24.37 24.17 24 23.97 23.95 23.86 23.77 23.79 23.88 23.69 23.65
24.05 23.93 24.04 24.08 23.93 23.65 23.64 23.86 24.09 24.21 24.35 24.47 24.53 24.55 24.56 24.56 24.55 24.54 24.55 24.56 24.58 24.58 24.57 24.56 24.54 24.5 24.48 24.49 24.37 24.07 23.85 23.88 23.94 23.99 24.06 24.2 24.31 24.28 24.3 24.34 24.27 24.25 24.41 24.54 24.56 24.48 24.31 24.22 24.18 24.26 24.32 24.33 24.43 24.52 24.55 24.56 24.57 24.58 24.57 24.57 24.58 24.58 24.58 24.58 24.57 24.51 24.35 24.12 23.89 23.79 23.76 23.73 23.67 23.67 23.81 23.68 23.64
23.81 23.89 23.94 23.93 23.77 23.59 23.74 24.02 24.24 24.39 24.49 24.53 24.53 24.52 24.52 24.49 24.42 24.37 24.38 24.45 24.54 24.56 24.53 24.45 24.37 24.24 24.23 24.27 24.12 23.85 23.7 23.76 23.84 23.95 24.06 24.18 24.24 24.2 24.19 24.2 24.14 24.14 24.3 24.49 24.55 24.45 24.24 24.09 24.04 24.09 24.11 24.15 24.31 24.44 24.45 24.45 24.51 24.51 24.51 24.53 24.57 24.58 24.58 24.58 24.58 24.55 24.42 24.19 23.95 23.77 23.67 23.63 23.57 23.55 23.69 23.61 23.52
23.56 23.68 23.67 23.67 23.53 23.45 23.71 24.03 24.27 24.43 24.51 24.5 24.42 24.39 24.37 24.29 24.13 24 24.04 24.25 24.47 24.51 24.4 24.2 24.03 23.93 23.91 23.91 23.8 23.64 23.58 23.66 23.79 23.94 24.07 24.13 24.15 24.09 24.04 24.06 24.05 24.07 24.24 24.45 24.53 24.48 24.34 24.11 23.95 23.91 23.92 24.02 24.19 24.3 24.26 24.24 24.32 24.32 24.35 24.47 24.56 24.58 24.58 24.58 24.58 24.57 24.5 24.35 24.21 24.05 23.88 23.76 23.58 23.43 23.53 23.46 23.34
23.31 23.38 23.3 23.29 23.22 23.35 23.68 24.02 24.28 24.44 24.49 24.43 24.27 24.16 24.11 24 23.79 23.65 23.81 24.13 24.37 24.36 24.2 23.91 23.68 23.57 23.56 23.52 23.48 23.47 23.51 23.63 23.77 23.9 23.97 23.98 23.98 23.96 23.91 23.93 23.96 24.02 24.22 24.42 24.47 24.43 24.37 24.17 23.94 23.79 23.79 23.95 24.08 24.15 24.11 24.03 24.05 24.09 24.24 24.44 24.55 24.58 24.58 24.58 24.58 24.58 24.55 24.49 24.39 24.28 24.13 23.94 23.62 23.3 23.32 23.28 23.19
23.17 23.1 22.99 23.01 23.17 23.49 23.84 24.12 24.31 24.42 24.43 24.37 24.22 24.02 23.83 23.67 23.48 23.46 23.74 24.06 24.2 24.11 23.95 23.66 23.4 23.28 23.29 23.28 23.29 23.36 23.47 23.6 23.72 23.79 23.83 23.8 23.81 23.83 23.78 23.78 23.84 23.97 24.18 24.34 24.31 24.21 24.18 24.06 23.87 23.72 23.71 23.86 23.93 24 23.97 23.81 23.81 23.96 24.19 24.42 24.55 24.58 24.58 24.58 24.58 24.58 24.56 24.51 24.41 24.29 24.12 23.87 23.49 23.14 23.09 23.14 23.21
23.37 23.27 22.99 23.03 23.26 23.59 23.93 24.18 24.32 24.36 24.31 24.24 24.16 23.98 23.71 23.42 23.24 23.36 23.7 23.94 23.96 23.81 23.64 23.43 23.2 23.12 23.13 23.15 23.22 23.3 23.41 23.52 23.61 23.65 23.68 23.65 23.68 23.73 23.68 23.7 23.78 23.93 24.13 24.22 24.11 23.96 23.92 23.87 23.73 23.59 23.56 23.67 23.75 23.84 23.8 23.63 23.69 23.9 24.13 24.36 24.51 24.56 24.57 24.58 24.58 24.56 24.55 24.51 24.42 24.29 24.07 23.71 23.29 22.95 22.89 23.05 23.34
23.72 23.5 23.14 23.13 23.28 23.53 23.88 24.13 24.21 24.26 24.15 23.99 23.99 23.93 23.68 23.33 23.14 23.33 23.62 23.72 23.64 23.46 23.29 23.19 23.13 23.14 23.18 23.21 23.31 23.35 23.41 23.48 23.55 23.59 23.6 23.61 23.67 23.73 23.74 23.79 23.81 23.86 24 24.08 24.01 23.9 23.84 23.78 23.66 23.49 23.38 23.45 23.57 23.67 23.6 23.52 23.65 23.87 24.07 24.27 24.44 24.53 24.56 24.56 24.56 24.56 24.53 24.44 24.33 24.23 24.04 23.67 23.19 22.87 22.9 23.16 23.4
23.76 23.49 23.17 23.16 23.27 23.43 23.69 23.85 23.93 24.08 24.01 23.71 23.66 23.72 23.58 23.25 23.07 23.2 23.36 23.34 23.25 23.12 23.07 23.11 23.21 23.31 23.39 23.41 23.52 23.53 23.54 23.61 23.68 23.74 23.72 23.74 23.81 23.88 23.9 23.96 23.94 23.87 23.9 23.96 23.94 23.89 23.84 23.75 23.61 23.42 23.27 23.31 23.43 23.51 23.47 23.46 23.59 23.78 23.96 24.14 24.33 24.48 24.55 24.55 24.55 24.54 24.47 24.3 24.11 24.02 23.9 23.62 23.24 23.04 23.12 23.34 23.52
23.58 23.36 23.11 23.12 23.22 23.28 23.37 23.44 23.55 23.85 23.88 23.54 23.26 23.4 23.33 23.09 22.91 22.92 22.99 22.96 22.9 22.94 23.06 23.24 23.4 23.52 23.65 23.66 23.73 23.75 23.73 23.82 23.89 23.96 23.94 23.91 23.98 24.05 24.06 24.1 24.1 24.04 24 23.94 23.85 23.77 23.71 23.64 23.52 23.32 23.19 23.22 23.34 23.45 23.49 23.55 23.6 23.68 23.83 24.01 24.24 24.45 24.52 24.54 24.54 24.52 24.4 24.17 23.92 23.78 23.71 23.54 23.34 23.3 23.39 23.47 23.6
23.29 23.15 23.02 23.05 23.12 23.12 23.14 23.16 23.28 23.57 23.56 23.28 23.03 23.17 23.07 22.89 22.73 22.69 22.73 22.72 22.76 22.99 23.22 23.43 23.63 23.76 23.87 23.92 23.97 24 23.97 24.01 24.06 24.14 24.15 24.11 24.15 24.22 24.23 24.24 24.24 24.17 24.05 23.93 23.82 23.73 23.64 23.5 23.3 23.13 23.17 23.27 23.41 23.51 23.61 23.72 23.75 23.73 23.84 24.03 24.27 24.42 24.43 24.46 24.5 24.44 24.26 24.04 23.84 23.73 23.68 23.59 23.5 23.53 23.62 23.62 23.68
23.28 23.16 23.02 22.99 23.02 23.02 23.02 23.08 23.27 23.47 23.3 23.08 22.91 22.97 22.89 22.75 22.67 22.67 22.66 22.67 22.76 23.07 23.37 23.56 23.7 23.82 23.94 24.05 24.14 24.2 24.22 24.22 24.22 24.29 24.36 24.34 24.32 24.38 24.4 24.39 24.32 24.16 23.97 23.9 23.9 23.86 23.73 23.49 23.22 23.13 23.24 23.36 23.49 23.61 23.73 23.84 23.92 23.95 24.05 24.19 24.29 24.26 24.24 24.35 24.41 24.29 24.06 23.88 23.83 23.8 23.79 23.75 23.67 23.68 23.77 23.78 23.82
23.48 23.33 23.15 23.02 22.95 22.93 22.92 23 23.22 23.34 23.18 22.95 22.86 22.89 22.87 22.85 22.88 22.93 22.85 22.89 22.99 23.21 23.46 23.64 23.7 23.78 23.89 24.03 24.16 24.27 24.36 24.38 24.38 24.45 24.51 24.51 24.49 24.51 24.5 24.41 24.24 24.11 24.09 24.1 24.11 24 23.85 23.63 23.35 23.21 23.25 23.35 23.44 23.57 23.7 23.77 23.9 24.08 24.15 24.16 24.11 24.07 24.15 24.24 24.22 24.08 23.9 23.84 23.92 23.95 23.94 23.89 23.76 23.73 23.87 23.95 23.98
23.66 23.54 23.41 23.16 22.93 22.81 22.73 22.78 23.01 23.12 23.06 23.02 23.03 23.04 22.99 22.99 23.08 23.21 23.21 23.22 23.36 23.51 23.64 23.81 23.85 23.83 23.89 24.02 24.17 24.31 24.4 24.46 24.49 24.53 24.56 24.57 24.56 24.56 24.48 24.27 24.11 24.2 24.36 24.39 24.31 24.17 23.99 23.75 23.48 23.25 23.21 23.3 23.38 23.48 23.56 23.61 23.72 23.84 23.88 23.88 23.91 23.98 24.03 24.01 23.96 23.96 23.96 24.02 24.14 24.14 24.08 23.97 23.77 23.73 23.93 24.08 24.14
23.72 23.55 23.4 23.16 22.92 22.76 22.62 22.62 22.8 22.91 22.99 23.15 23.25 23.27 23.12 23.06 23.15 23.35 23.52 23.51 23.6 23.78 23.89 24.05 24.09 23.96 23.89 23.98 24.2 24.35 24.38 24.45 24.51 24.56 24.58 24.58 24.58 24.57 24.5 24.36 24.37 24.47 24.5 24.44 24.27 24.1 23.83 23.63 23.43 23.28 23.24 23.28 23.31 23.34 23.4 23.51 23.6 23.68 23.75 23.83 23.91 23.97 23.96 23.94 23.92 24.01 24.09 24.18 24.26 24.18 24.08 23.96 23.81 23.68 23.8 24.01 24.17
23.51 23.34 23.19 23.02 22.91 22.81 22.67 22.61 22.72 22.87 23.02 23.26 23.4 23.41 23.3 23.2 23.18 23.37 23.64 23.74 23.71 23.91 24.07 24.21 24.25 24.15 24.08 24.19 24.4 24.46 24.39 24.42 24.5 24.56 24.58 24.58 24.58 24.58 24.55 24.51 24.53 24.56 24.54 24.42 24.18 23.99 23.84 23.66 23.54 23.47 23.38 23.31 23.27 23.23 23.25 23.38 23.53 23.66 23.74 23.84 23.93 24.01 24.06 24.08 24.03 24.07 24.18 24.29 24.32 24.23 24.09 23.95 23.8 23.66 23.74 23.96 24.19
23.36 23.23 23.15 23.04 22.94 22.83 22.69 22.65 22.78 22.95 23.1 23.3 23.47 23.55 23.52 23.44 23.31 23.45 23.74 23.88 23.82 23.94 24.11 24.29 24.38 24.36 24.32 24.4 24.51 24.54 24.5 24.5 24.54 24.57 24.58 24.58 24.58 24.58 24.58 24.57 24.58 24.58 24.55 24.45 24.27 24.15 24.05 23.91 23.82 23.72 23.57 23.47 23.39 23.27 23.2 23.35 23.53 23.63 23.7 23.83 23.97 24.07 24.16 24.24 24.18 24.12 24.23 24.34 24.38 24.29 24.16 24.05 23.89 23.75 23.83 24.02 24.27
23.27 23.16 23.13 23.07 22.98 22.86 22.72 22.7 22.82 22.98 23.12 23.28 23.48 23.69 23.78 23.8 23.63 23.61 23.85 24.01 24.01 24.06 24.15 24.33 24.46 24.5 24.51 24.54 24.57 24.57 24.57 24.57 24.58 24.58 24.58 24.58 24.58 24.58 24.58 24.58 24.58 24.58 24.56 24.5 24.43 24.4 24.31 24.17 24.09 23.92 23.8 23.72 23.66 23.5 23.3 23.38 23.51 23.58 23.63 23.75 23.87 23.95 24.09 24.29 24.35 24.24 24.25 24.36 24.44 24.38 24.27 24.11 23.95 23.86 23.98 24.13 24.37
23.22 23.11 23.12 23.09 23.03 22.93 22.8 22.78 22.89 23 23.09 23.21 23.4 23.63 23.78 24 24.02 23.82 23.87 24.04 24.16 24.22 24.27 24.38 24.51 24.56 24.57 24.57 24.58 24.58 24.58 24.58 24.58 24.58 24.58 24.58 24.58 24.58 24.58 24.58 24.58 24.58 24.57 24.56 24.55 24.54 24.48 24.39 24.3 24.13 24.05 23.98 23.89 23.68 23.38 23.35 23.46 23.58 23.69 23.8 23.91 24 24.14 24.36 24.47 24.43 24.39 24.44 24.52 24.49 24.42 24.21 24.07 24.09 24.19 24.33 24.51
23.13 23.11 23.15 23.12 23.04 22.94 22.83 22.85 22.94 22.98 23.05 23.1 23.2 23.36 23.55 23.93 24.18 24.02 23.92 23.97 24.11 24.27 24.37 24.42 24.51 24.57 24.58 24.58 24.58 24.58 24.58 24.58 24.58 24.58 24.58 -9999 24.58 24.58 24.58 24.58 24.58 24.58 24.58 24.58 24.58 24.57 24.55 24.52 24.45 24.34 24.26 24.17 24.04 23.77 23.44 23.3 23.44 23.66 23.83 23.94 24.05 24.14 24.28 24.44 24.52 24.54 24.53 24.54 24.56 24.56 24.52 24.38 24.29 24.36 24.41 24.49 24.56
