ASPA-UH-SWB2_REPO/input/Gridded_temps/prism_tmax_tutuila_30yr_normal_01.asc
ncols         350
nrows         200
xllcorner     515000
yllcorner     8409000
cellsize      100
NODATA_value  -9999
[rows 140 to 174 of 200, columns 77 to 153 of 350]
31.88 31.88 31.88 31.88 31.87 31.86 31.84 31.83 31.79 31.66 31.52 31.46 31.55 31.59 31.56 31.53 31.53 31.57 31.59 31.59 31.58 31.58 31.57 31.51 31.35 31.09 30.91 30.81 30.7 30.63 30.64 30.7 30.71 30.65 30.62 30.68 30.78 30.85 30.86 30.84 30.82 30.81 30.78 30.76 30.75 30.74 30.73 30.72 30.71 30.71 30.71 30.71 30.7 30.7 30.7 30.7 30.7 30.69 30.68 30.68 30.68 30.68 30.68 30.68 30.68 30.69 30.71 30.71 30.71 30.71 30.71 30.72 30.73 30.74 30.74 30.75 30.76
31.88 31.88 31.88 31.88 31.87 31.85 31.83 31.81 31.8 31.74 31.63 31.59 31.62 31.63 31.62 31.6 31.59 31.59 31.58 31.58 31.58 31.57 31.57 31.51 31.32 31.11 31.02 30.89 30.75 30.71 30.72 30.74 30.75 30.71 30.67 30.68 30.75 30.83 30.85 30.84 30.82 30.81 30.78 30.77 30.75 30.75 30.74 30.72 30.72 30.72 30.72 30.72 30.72 30.72 30.71 30.71 30.71 30.7 30.69 30.69 30.68 30.68 30.68 30.68 30.69 30.7 30.71 30.71 30.72 30.72 30.72 30.73 30.74 30.75 30.76 30.77 30.78
31.88 31.88 31.88 31.88 31.87 31.84 31.81 31.79 31.77 31.72 31.66 31.64 31.64 31.63 31.62 31.61 31.6 31.58 31.57 31.56 31.56 31.56 31.55 31.52 31.44 31.35 31.27 31.06 30.85 30.79 30.76 30.75 30.76 30.74 30.73 30.71 30.74 30.8 30.83 30.83 30.81 30.8 30.79 30.78 30.76 30.76 30.75 30.73 30.73 30.73 30.73 30.74 30.74 30.73 30.72 30.72 30.71 30.71 30.7 30.7 30.69 30.68 30.68 30.68 30.69 30.69 30.7 30.71 30.72 30.72 30.73 30.74 30.75 30.77 30.78 30.79 30.79
31.88 31.88 31.88 31.88 31.86 31.83 31.79 31.76 31.73 31.69 31.66 31.66 31.65 31.64 31.62 31.61 31.6 31.58 31.57 31.55 31.55 31.55 31.54 31.53 31.5 31.47 31.4 31.24 31.01 30.88 30.77 30.68 30.68 30.71 30.72 30.73 30.75 30.79 30.82 30.82 30.81 30.8 30.8 30.78 30.76 30.76 30.75 30.74 30.73 30.74 30.74 30.75 30.75 30.75 30.74 30.73 30.72 30.71 30.71 30.7 30.69 30.68 30.68 30.69 30.69 30.69 30.7 30.71 30.72 30.72 30.73 30.75 30.76 30.78 30.79 30.79 30.79
31.88 31.88 31.88 31.87 31.85 31.82 31.78 31.74 31.71 31.68 31.67 31.66 31.65 31.64 31.63 31.62 31.6 31.59 31.57 31.56 31.55 31.54 31.53 31.52 31.5 31.48 31.43 31.34 31.16 30.96 30.73 30.56 30.6 30.66 30.7 30.73 30.76 30.79 30.82 30.82 30.81 30.81 30.8 30.78 30.77 30.76 30.75 30.74 30.74 30.75 30.75 30.77 30.77 30.77 30.75 30.74 30.73 30.72 30.71 30.71 30.7 30.69 30.69 30.69 30.69 30.7 30.7 30.71 30.72 30.73 30.74 30.75 30.77 30.79 30.79 30.79 30.79
31.88 31.88 31.87 31.85 31.83 31.81 31.77 31.73 31.71 31.69 31.68 31.67 31.66 31.65 31.64 31.63 31.61 31.59 31.57 31.56 31.55 31.54 31.52 31.51 31.49 31.48 31.44 31.37 31.21 30.96 30.71 30.55 30.67 30.78 30.79 30.75 30.75 30.79 30.81 30.82 30.82 30.81 30.8 30.79 30.77 30.76 30.76 30.76 30.76 30.76 30.77 30.78 30.78 30.78 30.77 30.75 30.74 30.73 30.72 30.71 30.7 30.7 30.69 30.69 30.69 30.7 30.7 30.71 30.72 30.73 30.74 30.76 30.77 30.79 30.8 30.79 30.79
31.88 31.88 31.86 31.83 31.81 31.79 31.76 31.73 31.72 31.7 31.69 31.69 31.68 31.67 31.65 31.63 31.61 31.59 31.58 31.56 31.55 31.54 31.52 31.5 31.48 31.47 31.45 31.39 31.26 31.02 30.76 30.6 30.82 31.02 31.01 30.85 30.75 30.78 30.81 30.82 30.82 30.81 30.81 30.8 30.79 30.78 30.78 30.77 30.77 30.78 30.79 30.79 30.79 30.79 30.78 30.77 30.75 30.74 30.73 30.72 30.71 30.7 30.69 30.69 30.69 30.69 30.7 30.72 30.73 30.74 30.75 30.76 30.77 30.79 30.8 30.8 30.8
31.88 31.87 31.85 31.82 31.8 31.77 31.76 31.74 31.73 31.72 31.71 31.71 31.7 31.68 31.66 31.64 31.62 31.6 31.58 31.57 31.55 31.54 31.52 31.5 31.48 31.46 31.44 31.4 31.32 31.18 30.92 30.69 30.84 31.06 31.07 30.9 30.77 30.78 30.82 30.83 30.83 30.83 30.83 30.83 30.82 30.81 30.8 30.79 30.79 30.8 30.8 30.81 30.8 30.8 30.79 30.78 30.76 30.74 30.73 30.72 30.72 30.71 30.7 30.69 30.69 30.7 30.71 30.74 30.74 30.75 30.76 30.76 30.77 30.79 30.8 30.8 30.8
31.88 31.87 31.85 31.82 31.79 31.77 31.76 31.76 31.75 31.74 31.74 31.73 31.72 31.69 31.67 31.65 31.63 31.6 31.58 31.57 31.56 31.54 31.52 31.5 31.47 31.45 31.43 31.39 31.35 31.26 31.1 30.89 30.83 30.94 30.98 30.85 30.78 30.79 30.83 30.85 30.86 30.86 30.87 30.86 30.85 30.84 30.83 30.82 30.82 30.82 30.82 30.82 30.81 30.8 30.79 30.78 30.77 30.75 30.74 30.74 30.73 30.72 30.71 30.7 30.71 30.72 30.73 30.75 30.76 30.76 30.77 30.78 30.79 30.8 30.81 30.8 30.8
31.88 31.87 31.85 31.81 31.79 31.77 31.77 31.77 31.76 31.76 31.76 31.75 31.72 31.7 31.67 31.65 31.63 31.61 31.59 31.57 31.56 31.55 31.52 31.49 31.46 31.44 31.41 31.38 31.34 31.28 31.19 31.06 30.94 30.9 30.9 30.85 30.83 30.83 30.85 30.87 30.88 30.89 30.89 30.88 30.88 30.86 30.85 30.84 30.84 30.83 30.82 30.82 30.82 30.8 30.8 30.79 30.78 30.77 30.76 30.75 30.74 30.74 30.73 30.73 30.73 30.74 30.75 30.76 30.77 30.78 30.79 30.8 30.81 30.81 30.82 30.81 30.81
31.88 31.88 31.86 31.82 31.79 31.78 31.78 31.78 31.77 31.77 31.76 31.75 31.72 31.7 31.68 31.66 31.64 31.62 31.59 31.58 31.57 31.55 31.52 31.49 31.46 31.43 31.4 31.36 31.32 31.26 31.19 31.11 31.04 30.97 30.93 30.9 30.89 30.88 30.88 30.88 30.9 30.91 30.91 30.9 30.89 30.87 30.86 30.85 30.84 30.83 30.82 30.81 30.81 30.81 30.81 30.8 30.79 30.78 30.78 30.77 30.77 30.77 30.76 30.76 30.76 30.76 30.78 30.8 30.8 30.81 30.82 30.82 30.83 30.82 30.82 30.82 30.82
31.88 31.88 31.87 31.83 31.81 31.79 31.79 31.79 31.78 31.77 31.76 31.75 31.73 31.71 31.69 31.67 31.65 31.63 31.61 31.59 31.57 31.54 31.52 31.49 31.46 31.43 31.39 31.36 31.3 31.25 31.18 31.12 31.06 31 30.97 30.96 30.94 30.93 30.91 30.91 30.93 30.93 30.92 30.91 30.9 30.89 30.87 30.86 30.84 30.83 30.82 30.81 30.82 30.83 30.83 30.82 30.81 30.8 30.79 30.79 30.79 30.79 30.79 30.79 30.78 30.79 30.82 30.84 30.84 30.84 30.84 30.84 30.83 30.83 30.83 30.82 30.82
31.88 31.88 31.87 31.85 31.82 31.81 31.8 31.8 31.78 31.77 31.76 31.75 31.73 31.72 31.71 31.68 31.66 31.64 31.62 31.6 31.58 31.55 31.52 31.49 31.46 31.42 31.39 31.35 31.3 31.25 31.19 31.12 31.06 31.02 30.99 30.98 30.96 30.95 30.94 30.94 30.95 30.94 30.94 30.92 30.91 30.9 30.88 30.87 30.85 30.84 30.83 30.83 30.83 30.84 30.84 30.84 30.83 30.82 30.81 30.8 30.81 30.81 30.81 30.8 30.81 30.82 30.85 30.87 30.86 30.85 30.85 30.84 30.84 30.84 30.83 30.83 -9999
31.88 31.88 31.88 31.86 31.85 31.83 31.81 31.8 31.78 31.77 31.76 31.75 31.74 31.73 31.72 31.69 31.67 31.65 31.64 31.61 31.59 31.56 31.52 31.48 31.45 31.41 31.37 31.33 31.29 31.25 31.19 31.12 31.06 31.02 31 30.97 30.95 30.95 30.94 30.94 30.94 30.94 30.94 30.93 30.92 30.91 30.89 30.88 30.87 30.86 30.85 30.85 30.85 30.86 30.86 30.85 30.84 30.83 30.82 30.82 30.82 30.82 30.82 30.82 30.83 30.85 30.88 30.88 30.87 30.87 30.86 30.85 30.85 30.84 30.84 -9999 -9999
31.88 31.88 31.88 31.88 31.87 31.85 31.83 31.81 31.79 31.78 31.77 31.76 31.75 31.74 31.72 31.7 31.69 31.67 31.65 31.63 31.59 31.56 31.52 31.48 31.45 31.42 31.38 31.34 31.29 31.23 31.17 31.12 31.09 31.05 30.99 30.94 30.92 30.92 30.91 30.9 30.92 30.92 30.92 30.92 30.91 30.9 30.89 30.89 30.88 30.87 30.87 30.87 30.87 30.88 30.88 30.87 30.86 30.85 30.84 30.83 30.84 30.84 30.84 30.84 30.86 30.88 30.9 30.89 30.88 30.87 30.86 30.86 30.85 30.85 -9999 -9999 -9999
31.88 31.88 31.88 31.88 31.88 31.86 31.83 31.81 31.79 31.78 31.76 31.76 31.75 31.74 31.73 31.71 31.7 31.68 31.66 31.63 31.6 31.56 31.53 31.5 31.47 31.44 31.4 31.35 31.29 31.23 31.16 31.14 31.13 31.1 31.02 30.92 30.87 30.85 30.83 30.82 30.85 30.87 30.87 30.88 30.88 30.89 30.89 30.89 30.89 30.89 30.88 30.88 30.88 30.89 30.9 30.9 30.88 30.87 30.86 30.86 30.86 30.86 30.87 30.88 30.9 30.91 30.91 30.9 30.89 30.88 30.88 30.87 30.86 -9999 -9999 -9999 -9999
31.88 31.88 31.88 31.88 31.88 31.86 31.83 31.81 31.79 31.77 31.76 31.75 31.75 31.75 31.74 31.72 31.71 31.69 31.66 31.64 31.61 31.57 31.54 31.51 31.48 31.44 31.4 31.34 31.29 31.22 31.17 31.17 31.18 31.14 31.03 30.91 30.85 30.81 30.78 30.73 30.73 30.75 30.76 30.78 30.81 30.84 30.86 30.87 30.88 30.89 30.88 30.88 30.89 30.9 30.92 30.92 30.91 30.9 30.9 30.89 30.89 30.9 30.91 30.93 30.93 30.93 30.92 30.91 30.9 30.89 30.89 30.87 -9999 -9999 -9999 -9999 -9999
31.88 31.88 31.88 31.88 31.88 31.85 31.82 31.81 31.79 31.78 31.76 31.75 31.75 31.75 31.74 31.74 31.72 31.7 31.68 31.65 31.61 31.58 31.55 31.51 31.47 31.42 31.36 31.3 31.25 31.19 31.16 31.17 31.17 31.11 30.99 30.89 30.89 30.94 30.94 30.86 30.77 30.71 30.67 30.68 30.73 30.78 30.81 30.82 30.84 30.86 30.87 30.88 30.9 30.92 30.94 30.94 30.94 30.93 30.93 30.93 30.93 30.94 30.95 30.96 30.94 30.93 30.93 30.92 30.91 30.9 30.89 -9999 -9999 -9999 -9999 -9999 -9999
31.88 31.88 31.88 31.88 31.87 31.85 31.82 31.81 31.79 31.78 31.77 31.76 31.77 31.76 31.75 31.74 31.73 31.71 31.68 31.65 31.61 31.57 31.54 31.5 31.44 31.37 31.3 31.23 31.18 31.14 31.13 31.15 31.12 31.01 30.87 30.85 30.95 31.09 31.18 31.14 31.02 30.91 30.76 30.68 30.71 30.77 30.79 30.8 30.81 30.84 30.86 30.88 30.91 30.94 30.95 30.96 30.96 30.96 30.96 30.97 30.97 30.97 30.98 30.97 30.96 30.94 30.94 30.93 30.92 -9999 -9999 -9999 -9999 -9999 -9999 -9999 -9999
31.88 31.88 31.88 31.88 31.87 31.85 31.83 31.81 31.79 31.78 31.77 31.77 31.78 31.77 31.76 31.75 31.73 31.71 31.67 31.63 31.58 31.53 31.51 31.46 31.39 31.31 31.24 31.2 31.18 31.17 31.16 31.15 31.08 30.92 30.82 30.9 31.06 31.2 31.28 31.27 31.23 31.15 30.98 30.82 30.8 30.84 30.84 30.81 30.82 30.84 30.86 30.88 30.92 30.95 30.98 30.99 30.99 31 31 31 31 31 31 30.99 30.97 30.96 30.94 30.94 30.93 -9999 -9999 -9999 -9999 -9999 -9999 -9999 -9999
31.88 31.88 31.88 31.88 31.87 31.85 31.83 31.81 31.79 31.78 31.78 31.78 31.79 31.78 31.77 31.74 31.72 31.69 31.65 31.6 31.54 31.49 31.46 31.39 31.3 31.24 31.21 31.2 31.21 31.23 31.23 31.19 31.11 30.97 30.89 30.98 31.15 31.27 31.32 31.33 31.31 31.26 31.14 30.98 30.92 30.92 30.92 30.91 30.89 30.89 30.88 30.89 30.92 30.96 31 31.02 31.03 31.04 31.04 31.04 31.03 31.02 31.01 31 30.99 30.97 30.95 -9999 -9999 -9999 -9999 -9999 -9999 -9999 -9999 -9999 -9999
31.88 31.88 31.88 31.88 31.88 31.86 31.85 31.82 31.79 31.78 31.78 31.79 31.79 31.78 31.76 31.73 31.7 31.67 31.62 31.57 31.51 31.46 31.39 31.29 31.2 31.16 31.15 31.12 31.13 31.18 31.21 31.21 31.16 31.07 30.98 31.02 31.17 31.28 31.33 31.35 31.36 31.31 31.19 31.03 30.96 30.95 30.98 31 30.98 30.92 30.89 30.89 30.92 30.96 31 31.03 31.04 31.06 31.07 31.06 31.05 31.04 31.02 31.01 31 30.98 -9999 -9999 -9999 -9999 -9999 -9999 -9999 -9999 -9999 -9999 -9999
31.88 31.88 31.88 31.88 31.88 31.88 31.86 31.85 31.82 31.8 31.8 31.8 31.8 31.79 31.75 31.72 31.69 31.65 31.61 31.56 31.5 31.43 31.31 31.18 31.09 31.06 31.03 30.99 30.96 31 31.12 31.17 31.18 31.15 31.07 31.03 31.14 31.26 31.33 31.37 31.39 31.32 31.18 31.04 30.96 30.94 30.99 31.04 31.02 30.95 30.9 30.89 30.92 30.97 31.01 31.03 31.06 31.09 31.09 31.08 31.06 31.05 31.03 31.02 31.01 -9999 -9999 -9999 -9999 -9999 -9999 -9999 -9999 -9999 -9999 -9999 -9999
-9999 31.87 31.87 31.87 31.87 31.87 31.87 31.86 31.85 31.84 31.84 31.83 31.83 31.8 31.76 31.72 31.68 31.64 31.59 31.54 31.48 31.38 31.25 31.09 30.98 30.96 30.97 30.95 30.9 30.89 30.98 31.08 31.13 31.18 31.15 31.06 31.11 31.24 31.33 31.39 31.43 31.38 31.31 31.23 31.1 30.99 31.02 31.08 31.06 30.98 30.93 30.91 30.93 30.97 31.02 31.05 31.09 31.12 31.11 31.09 31.07 31.06 31.05 31.03 -9999 -9999 -9999 -9999 -9999 -9999 -9999 -9999 -9999 -9999 -9999 -9999 -9999
-9999 -9999 31.87 31.87 31.87 31.87 31.87 31.87 31.87 31.87 31.87 31.86 31.85 31.82 31.78 31.73 31.68 31.62 31.57 31.51 31.41 31.28 31.11 30.95 30.89 30.92 30.97 30.98 30.96 30.9 30.84 30.92 31 31.13 31.2 31.13 31.1 31.21 31.31 31.36 31.44 31.45 31.43 31.39 31.3 31.15 31.1 31.12 31.11 31.04 30.97 30.94 30.95 30.99 31.04 31.09 31.12 31.14 31.12 31.1 31.08 31.07 31.06 -9999 -9999 -9999 -9999 -9999 -9999 -9999 -9999 -9999 -9999 -9999 -9999 -9999 -9999
-9999 -9999 -9999 31.87 31.87 31.87 31.87 31.87 31.87 31.87 31.86 31.86 31.86 31.85 31.81 31.75 31.7 31.64 31.57 31.49 31.36 31.17 30.97 30.88 30.94 30.98 30.98 31 31.04 31.05 31.03 30.93 30.94 31.05 31.19 31.25 31.25 31.3 31.35 31.35 31.43 31.47 31.46 31.44 31.39 31.27 31.19 31.18 31.15 31.07 31.01 30.97 30.97 31.01 31.08 31.13 31.16 31.15 31.13 31.12 31.1 31.08 -9999 -9999 -9999 -9999 -9999 -9999 -9999 -9999 -9999 -9999 -9999 -9999 -9999 -9999 -9999
-9999 -9999 -9999 -9999 31.87 31.87 31.87 31.87 31.86 31.86 31.86 31.86 31.86 31.86 31.84 31.8 31.75 31.7 31.63 31.53 31.33 31.09 30.97 31.14 31.35 31.42 31.42 31.41 31.41 31.44 31.44 31.31 31.12 31.08 31.15 31.28 31.38 31.45 31.5 31.49 31.49 31.49 31.46 31.44 31.41 31.35 31.29 31.25 31.17 31.08 31.01 30.99 31 31.05 31.13 31.18 31.17 31.16 31.14 31.13 31.12 -9999 -9999 -9999 -9999 -9999 -9999 -9999 -9999 -9999 -9999 -9999 -9999 -9999 -9999 -9999 -9999
-9999 -9999 -9999 -9999 -9999 31.87 31.86 31.86 31.86 31.86 31.86 31.86 31.85 31.85 31.85 31.84 31.82 31.79 31.72 31.57 31.31 31.07 31.19 31.52 31.69 31.71 31.71 31.7 31.68 31.68 31.66 31.56 31.34 31.2 31.13 31.22 31.34 31.45 31.52 31.53 31.51 31.49 31.46 31.44 31.42 31.39 31.36 31.3 31.17 31.08 31.03 31.03 31.05 31.1 31.17 31.19 31.18 31.17 31.15 31.14 31.13 -9999 -9999 -9999 -9999 -9999 -9999 -9999 -9999 -9999 -9999 -9999 -9999 -9999 -9999 -9999 -9999
-9999 -9999 -9999 -9999 -9999 -9999 31.86 31.86 31.86 31.86 31.86 31.85 31.85 31.85 31.85 31.84 31.83 31.82 31.78 31.68 31.48 31.2 31.47 31.72 31.77 31.77 31.75 31.74 31.72 31.71 31.69 31.63 31.47 31.28 31.11 31.1 31.18 31.33 31.45 31.51 31.51 31.49 31.46 31.44 31.42 31.4 31.38 31.32 31.21 31.11 31.07 31.07 31.1 31.15 31.2 31.2 31.19 31.18 31.16 31.15 31.14 -9999 -9999 -9999 -9999 -9999 -9999 -9999 -9999 -9999 -9999 -9999 -9999 -9999 -9999 -9999 -9999
-9999 -9999 -9999 -9999 -9999 -9999 -9999 -9999 31.86 31.86 31.85 31.85 31.85 31.84 31.84 31.83 31.83 31.82 31.81 31.79 31.75 31.49 31.68 31.76 31.77 31.76 31.75 31.73 31.72 31.71 31.69 31.64 31.49 31.3 31.11 31.02 31.07 31.19 31.34 31.49 31.51 31.49 31.46 31.45 31.43 31.41 31.38 31.36 31.29 31.21 31.15 31.12 31.14 31.19 31.22 31.21 31.2 31.18 31.17 31.16 -9999 -9999 -9999 -9999 -9999 -9999 -9999 -9999 -9999 -9999 -9999 -9999 -9999 -9999 -9999 -9999 -9999
-9999 -9999 -9999 -9999 -9999 -9999 -9999 -9999 -9999 -9999 -9999 31.85 31.85 31.84 31.83 31.83 31.83 31.82 31.81 31.81 31.79 31.72 31.76 31.77 31.77 31.76 31.74 31.73 31.72 31.7 31.69 31.62 31.45 31.26 31.1 31.03 31.09 31.21 31.35 31.49 31.51 31.49 31.46 31.45 31.43 31.41 31.39 31.37 31.34 31.3 31.26 31.2 31.2 31.23 31.23 31.23 31.21 31.19 31.18 31.17 -9999 -9999 -9999 -9999 -9999 -9999 -9999 -9999 -9999 -9999 -9999 -9999 -9999 -9999 -9999 -9999 -9999
-9999 -9999 -9999 -9999 -9999 -9999 -9999 -9999 -9999 -9999 -9999 -9999 -9999 -9999 31.83 31.82 31.82 31.82 31.81 31.8 31.8 31.78 31.78 31.77 31.76 31.75 31.74 31.73 31.71 31.69 31.66 31.57 31.34 31.15 31.05 31.06 31.16 31.28 31.42 31.5 31.51 31.49 31.47 31.45 31.43 31.41 31.39 31.37 31.35 31.33 31.31 31.28 31.27 31.26 31.25 31.23 31.22 31.2 31.19 -9999 -9999 -9999 -9999 -9999 -9999 -9999 -9999 -9999 -9999 -9999 -9999 -9999 -9999 -9999 -9999 -9999 -9999
-9999 -9999 -9999 -9999 -9999 -9999 -9999 -9999 -9999 -9999 -9999 -9999 -9999 -9999 -9999 31.82 31.82 31.81 31.81 31.8 31.79 31.78 31.77 31.76 31.76 31.75 31.73 31.72 31.7 31.62 31.51 31.4 31.21 31.08 31.07 31.14 31.24 31.34 31.47 31.52 31.51 31.49 31.47 31.45 -9999 31.41 31.39 31.38 31.36 31.34 31.32 31.3 31.29 31.27 31.26 31.24 31.23 -9999 -9999 -9999 -9999 -9999 -9999 -9999 -9999 -9999 -9999 -9999 -9999 -9999 -9999 -9999 -9999 -9999 -9999 -9999 -9999
-9999 -9999 -9999 -9999 -9999 -9999 -9999 -9999 -9999 -9999 -9999 -9999 -9999 -9999 -9999 -9999 -9999 31.81 31.8 31.79 31.78 31.78 31.77 31.76 31.75 31.74 31.73 31.71 31.68 31.52 31.31 31.22 31.17 31.14 31.18 31.26 31.34 31.43 31.5 31.52 31.5 31.48 31.47 31.46 -9999 -9999 -9999 31.37 31.36 31.34 31.33 31.31 31.29 31.28 31.26 31.25 -9999 -9999 -9999 -9999 -9999 -9999 -9999 -9999 -9999 -9999 -9999 -9999 -9999 -9999 -9999 -9999 -9999 -9999 -9999 -9999 -9999
-9999 -9999 -9999 -9999 -9999 -9999 -9999 -9999 -9999 -9999 -9999 -9999 -9999 -9999 -9999 -9999 -9999 -9999 31.79 31.79 31.78 31.77 31.76 31.76 31.74 31.73 31.72 31.71 31.68 31.58 31.33 31.23 31.24 31.27 31.31 31.36 31.43 31.5 31.53 31.52 31.5 31.48 31.47 31.46 -9999 -9999 -9999 -9999 31.36 31.35 31.33 31.32 31.3 31.28 31.27 -9999 -9999 -9999 -9999 -9999 -9999 -9999 -9999 -9999 -9999 -9999 -9999 -9999 -9999 -9999 -9999 -9999 -9999 -9999 -9999 -9999 -9999
