ASPA-UH-SWB2_REPO/input/Gridded_temps/prism_tmin_tutuila_30yr_normal_12.asc
ncols         350
nrows         200
xllcorner     515000
yllcorner     8409000
cellsize      100
NODATA_value  -9999
[rows 68 to 101 of 200, columns 77 to 153 of 350]
-9999 -9999 -9999 -9999 -9999 -9999 -9999 -9999 -9999 -9999 -9999 -9999 -9999 -9999 -9999 -9999 -9999 -9999 -9999 -9999 -9999 -9999 -9999 -9999 -9999 -9999 -9999 -9999 -9999 -9999 -9999 -9999 -9999 -9999 -9999 -9999 -9999 -9999 -9999 -9999 -9999 -9999 -9999 -9999 -9999 -9999 -9999 -9999 -9999 -9999 -9999 -9999 -9999 -9999 -9999 -9999 -9999 -9999 -9999 -9999 -9999 -9999 -9999 -9999 -9999 -9999 -9999 24.58 24.58 24.58 24.58 24.58 24.56 24.5 24.33 24.3 24.32
-9999 -9999 -9999 -9999 -9999 -9999 -9999 -9999 -9999 -9999 -9999 -9999 -9999 -9999 -9999 -9999 -9999 -9999 -9999 -9999 -9999 -9999 -9999 -9999 -9999 -9999 -9999 -9999 -9999 -9999 -9999 -9999 -9999 -9999 -9999 -9999 -9999 -9999 -9999 -9999 -9999 -9999 -9999 -9999 -9999 -9999 -9999 -9999 -9999 -9999 -9999 -9999 -9999 -9999 -9999 -9999 -9999 -9999 -9999 -9999 -9999 -9999 -9999 -9999 -9999 -9999 24.58 24.58 24.58 24.58 24.58 24.57 24.54 24.46 24.24 24.1 24.15
-9999 -9999 -9999 -9999 -9999 -9999 -9999 -9999 -9999 -9999 -9999 -9999 -9999 -9999 -9999 -9999 -9999 -9999 -9999 -9999 -9999 -9999 -9999 -9999 -9999 -9999 -9999 -9999 -9999 -9999 -9999 -9999 -9999 -9999 -9999 -9999 -9999 -9999 -9999 -9999 -9999 -9999 -9999 -9999 -9999 -9999 -9999 -9999 -9999 -9999 -9999 -9999 -9999 -9999 -9999 -9999 -9999 -9999 -9999 -9999 -9999 -9999 -9999 -9999 -9999 24.58 24.58 24.58 24.58 24.58 24.57 24.54 24.43 24.35 24.19 23.95 23.9
-9999 -9999 -9999 -9999 -9999 -9999 -9999 -9999 -9999 -9999 -9999 -9999 -9999 -9999 -9999 -9999 -9999 -9999 -9999 -9999 -9999 -9999 -9999 -9999 -9999 -9999 -9999 -9999 -9999 -9999 -9999 -9999 -9999 -9999 -9999 -9999 -9999 -9999 -9999 -9999 -9999 -9999 -9999 -9999 -9999 -9999 -9999 -9999 -9999 -9999 -9999 -9999 -9999 -9999 -9999 -9999 -9999 -9999 -9999 -9999 -9999 -9999 -9999 -9999 24.58 24.58 24.58 24.58 24.58 24.58 24.58 24.52 24.27 24.16 24.12 23.88 23.69
-9999 -9999 -9999 -9999 -9999 -9999 -9999 -9999 -9999 -9999 -9999 -9999 -9999 -9999 -9999 -9999 -9999 -9999 -9999 -9999 -9999 -9999 -9999 -9999 -9999 -9999 -9999 -9999 -9999 -9999 -9999 -9999 -9999 -9999 -9999 -9999 -9999 -9999 -9999 -9999 -9999 -9999 -9999 -9999 -9999 -9999 -9999 -9999 -9999 -9999 -9999 -9999 -9999 -9999 -9999 -9999 -9999 -9999 -9999 -9999 -9999 -9999 -9999 24.58 24.58 24.58 24.58 24.58 24.58 24.58 24.58 24.52 24.23 24.03 24 23.86 23.58
-9999 -9999 -9999 -9999 -9999 -9999 -9999 -9999 -9999 -9999 -9999 -9999 -9999 -9999 -9999 -9999 -9999 -9999 -9999 -9999 -9999 -9999 -9999 -9999 -9999 -9999 -9999 -9999 -9999 -9999 -9999 -9999 -9999 -9999 -9999 -9999 -9999 -9999 -9999 -9999 -9999 -9999 -9999 -9999 -9999 -9999 -9999 -9999 -9999 -9999 -9999 -9999 -9999 -9999 -9999 -9999 -9999 -9999 -9999 -9999 -9999 -9999 24.58 24.58 24.58 24.58 24.58 24.58 24.59 24.59 24.59 24.55 24.36 24.05 23.84 23.77 23.55
-9999 -9999 -9999 -9999 -9999 -9999 -9999 -9999 -9999 -9999 -9999 -9999 -9999 -9999 -9999 -9999 -9999 -9999 -9999 -9999 -9999 -9999 -9999 -9999 -9999 -9999 -9999 -9999 -9999 -9999 -9999 -9999 -9999 -9999 -9999 -9999 -9999 -9999 -9999 -9999 -9999 -9999 -9999 -9999 -9999 -9999 -9999 -9999 -9999 -9999 -9999 -9999 -9999 -9999 -9999 -9999 -9999 -9999 -9999 -9999 -9999 24.58 24.58 24.58 24.58 24.58 24.59 24.59 24.59 24.59 24.59 24.55 24.36 24.04 23.72 23.63 23.53
-9999 -9999 -9999 -9999 -9999 -9999 -9999 -9999 -9999 -9999 -9999 -9999 -9999 -9999 -9999 -9999 -9999 -9999 -9999 -9999 -9999 -9999 -9999 -9999 -9999 -9999 -9999 -9999 -9999 -9999 -9999 -9999 -9999 -9999 -9999 -9999 -9999 -9999 -9999 -9999 -9999 -9999 -9999 -9999 -9999 -9999 -9999 -9999 -9999 -9999 -9999 -9999 -9999 -9999 -9999 -9999 -9999 -9999 -9999 24.58 24.58 24.58 24.58 24.58 24.59 24.59 24.59 24.59 24.59 24.59 24.59 24.56 24.41 24.06 23.67 23.46 23.38
-9999 -9999 -9999 -9999 -9999 -9999 -9999 -9999 -9999 -9999 -9999 -9999 -9999 -9999 -9999 -9999 -9999 -9999 -9999 -9999 -9999 -9999 -9999 -9999 -9999 -9999 -9999 -9999 -9999 -9999 -9999 -9999 -9999 -9999 -9999 -9999 -9999 -9999 -9999 -9999 -9999 -9999 -9999 -9999 -9999 -9999 -9999 -9999 -9999 -9999 -9999 -9999 -9999 -9999 -9999 -9999 -9999 24.58 24.58 24.58 24.58 24.58 24.59 24.59 24.59 24.59 24.59 24.59 24.59 24.59 24.59 24.53 24.34 23.97 23.61 23.34 23.22
-9999 -9999 -9999 -9999 -9999 -9999 -9999 -9999 -9999 -9999 -9999 -9999 -9999 -9999 -9999 -9999 -9999 -9999 -9999 -9999 -9999 -9999 -9999 -9999 -9999 -9999 -9999 -9999 -9999 -9999 -9999 -9999 -9999 -9999 -9999 -9999 -9999 -9999 -9999 -9999 -9999 -9999 -9999 -9999 -9999 -9999 -9999 -9999 -9999 -9999 -9999 -9999 -9999 -9999 -9999 24.58 24.58 24.58 24.58 24.58 24.59 24.59 24.59 24.59 24.59 24.59 24.59 24.59 24.59 24.59 24.57 24.47 24.23 23.93 23.7 23.51 23.42
-9999 -9999 -9999 -9999 -9999 -9999 24.5 -9999 -9999 -9999 -9999 -9999 -9999 -9999 -9999 -9999 -9999 -9999 -9999 -9999 -9999 -9999 -9999 -9999 -9999 -9999 -9999 -9999 24.53 24.53 24.54 -9999 -9999 -9999 -9999 -9999 -9999 -9999 -9999 -9999 -9999 -9999 -9999 -9999 -9999 -9999 -9999 -9999 -9999 -9999 -9999 -9999 -9999 -9999 24.58 24.58 24.58 24.58 24.58 24.59 24.59 24.58 24.54 24.55 24.58 24.59 24.59 24.6 24.6 24.6 24.57 24.48 24.3 24.12 24.03 23.91 23.79
-9999 -9999 -9999 -9999 -9999 24.5 24.5 24.5 24.5 24.5 -9999 -9999 -9999 -9999 -9999 -9999 -9999 -9999 -9999 -9999 -9999 -9999 -9999 -9999 -9999 -9999 -9999 24.53 24.53 24.53 24.54 24.54 -9999 -9999 -9999 -9999 -9999 -9999 -9999 -9999 -9999 -9999 -9999 -9999 -9999 -9999 -9999 -9999 -9999 -9999 -9999 -9999 -9999 24.58 24.58 24.58 24.58 24.59 24.59 24.59 24.58 24.53 24.42 24.44 24.54 24.59 24.6 24.6 24.6 24.6 24.59 24.55 24.49 24.39 24.33 24.2 24.01
-9999 -9999 -9999 -9999 24.5 24.5 24.5 24.5 24.5 24.5 24.5 -9999 -9999 -9999 -9999 -9999 -9999 -9999 -9999 -9999 -9999 -9999 -9999 -9999 24.52 24.52 -9999 24.53 24.53 24.53 24.54 24.54 24.54 -9999 -9999 -9999 -9999 -9999 -9999 -9999 -9999 -9999 -9999 -9999 -9999 -9999 -9999 -9999 -9999 -9999 -9999 -9999 24.58 24.58 24.58 24.58 24.59 24.59 24.59 24.58 24.56 24.46 24.27 24.25 24.42 24.54 24.56 24.57 24.59 24.6 24.6 24.59 24.59 24.55 24.5 24.35 24.2
-9999 -9999 -9999 24.5 24.5 24.5 24.5 24.5 24.5 24.5 24.5 24.5 -9999 -9999 -9999 -9999 -9999 -9999 -9999 -9999 -9999 -9999 24.52 24.52 24.52 24.52 24.53 24.53 24.53 24.53 24.53 24.54 24.54 24.54 -9999 -9999 -9999 -9999 -9999 -9999 -9999 -9999 -9999 -9999 -9999 -9999 -9999 -9999 -9999 -9999 -9999 24.58 24.58 24.58 24.58 24.59 24.59 24.58 24.57 24.52 24.44 24.24 23.99 24 24.16 24.32 24.38 24.45 24.55 24.59 24.6 24.61 24.61 24.6 24.57 24.49 24.42
-9999 24.49 24.5 24.5 24.5 24.5 24.5 24.5 24.5 24.5 24.5 24.5 24.5 -9999 -9999 -9999 -9999 -9999 -9999 -9999 24.52 24.52 24.52 24.52 24.52 24.52 24.53 24.53 24.53 24.53 24.53 24.54 24.54 24.54 24.54 -9999 -9999 -9999 -9999 -9999 -9999 -9999 -9999 -9999 -9999 -9999 -9999 -9999 -9999 -9999 24.58 24.58 24.58 24.58 24.59 24.58 24.57 24.54 24.48 24.31 24 23.7 23.59 23.69 23.84 24 24.14 24.28 24.43 24.55 24.6 24.61 24.61 24.61 24.59 24.56 24.51
24.49 24.49 24.49 24.49 24.5 24.5 24.5 24.5 24.5 24.5 24.5 24.5 24.5 24.5 -9999 24.51 -9999 -9999 24.51 24.51 24.52 24.52 24.52 24.52 24.52 24.52 24.53 24.53 24.53 24.53 24.53 24.54 24.54 24.54 24.54 24.54 24.55 -9999 -9999 -9999 -9999 -9999 -9999 -9999 24.57 24.57 -9999 24.57 24.58 24.58 24.58 24.58 24.58 24.58 24.58 24.54 24.49 24.37 24.13 23.97 23.82 23.55 23.38 23.4 23.5 23.73 23.99 24.16 24.34 24.52 24.6 24.61 24.61 24.6 24.56 24.53 24.48
24.49 24.49 24.49 24.49 24.49 24.48 24.46 24.49 24.5 24.5 24.5 24.5 24.5 24.5 24.5 24.51 24.51 24.51 24.51 24.51 24.51 24.52 24.52 24.52 24.52 24.52 24.52 24.53 24.52 24.5 24.49 24.54 24.54 24.54 24.54 24.54 24.55 24.55 -9999 -9999 -9999 -9999 -9999 24.56 24.57 24.57 24.57 24.57 24.58 24.58 24.58 24.58 24.58 24.58 24.55 24.42 24.3 24.2 23.98 23.74 23.56 23.36 23.16 23.16 23.36 23.78 24.12 24.34 24.5 24.57 24.6 24.61 24.6 24.53 24.39 24.39 24.41
24.49 24.49 24.49 24.49 24.47 24.37 24.32 24.44 24.49 24.5 24.5 24.5 24.5 24.5 24.5 24.5 24.51 24.51 24.51 24.51 24.51 24.52 24.52 24.52 24.52 24.52 24.52 24.51 24.43 24.39 24.39 24.5 24.54 24.54 24.54 24.54 24.55 24.55 24.55 -9999 -9999 24.56 24.56 24.56 24.57 24.57 24.57 24.57 24.58 24.58 24.58 24.58 24.58 24.56 24.48 24.32 24.13 24.03 23.85 23.59 23.31 23.14 23.08 23.18 23.55 23.91 24.17 24.39 24.53 24.58 24.6 24.6 24.57 24.44 24.21 24.17 24.21
24.49 24.49 24.49 24.48 24.43 24.19 24.04 24.27 24.44 24.49 24.5 24.5 24.5 24.5 24.5 24.5 24.51 24.51 24.51 24.51 24.51 24.51 24.51 24.5 24.46 24.47 24.49 24.42 24.24 24.22 24.32 24.49 24.53 24.54 24.54 24.54 24.55 24.55 24.55 24.56 24.56 24.56 24.56 24.57 24.57 24.57 24.57 24.58 24.58 24.58 24.58 24.58 24.59 24.57 24.48 24.25 24.01 23.84 23.68 23.43 23.15 23.08 23.27 23.49 23.7 23.94 24.15 24.33 24.49 24.56 24.57 24.55 24.51 24.41 24.21 24.03 23.97
24.48 24.48 24.46 24.44 24.34 23.99 23.81 24.01 24.36 24.47 24.49 24.5 24.5 24.5 24.5 24.5 24.5 24.51 24.51 24.51 24.5 24.49 24.45 24.34 24.26 24.32 24.35 24.24 24.14 24.25 24.41 24.52 24.54 24.54 24.54 24.54 24.55 24.55 24.55 24.56 24.56 24.56 24.56 24.57 24.57 24.57 24.57 24.58 24.58 24.58 24.58 24.58 24.59 24.58 24.52 24.24 23.92 23.69 23.48 23.22 23.03 23.19 23.53 23.77 23.89 24.05 24.23 24.34 24.47 24.53 24.51 24.45 24.38 24.3 24.15 23.94 23.73
24.42 24.41 24.32 24.23 24.01 23.71 23.76 24.03 24.35 24.47 24.49 24.49 24.5 24.5 24.49 24.48 24.5 24.5 24.5 24.5 24.47 24.4 24.28 24.05 24.04 24.13 24.1 24.09 24.18 24.36 24.48 24.53 24.54 24.53 24.52 24.51 24.53 24.54 24.55 24.56 24.56 24.56 24.56 24.56 24.54 24.54 24.57 24.57 24.56 24.57 24.57 24.56 24.57 24.57 24.5 24.22 23.87 23.58 23.29 23.02 22.95 23.25 23.62 23.89 24.04 24.17 24.3 24.39 24.46 24.48 24.43 24.34 24.21 24.1 23.97 23.79 23.54
24.25 24.28 24.08 23.89 23.66 23.57 23.76 24.1 24.37 24.48 24.49 24.49 24.47 24.47 24.43 24.4 24.48 24.49 24.44 24.43 24.38 24.23 24.09 23.89 23.97 24 23.92 24 24.2 24.39 24.47 24.51 24.53 24.48 24.38 24.34 24.4 24.5 24.55 24.56 24.56 24.56 24.55 24.51 24.41 24.39 24.49 24.5 24.46 24.49 24.52 24.48 24.49 24.53 24.47 24.25 23.94 23.57 23.24 22.93 22.87 23.22 23.58 23.82 24 24.14 24.25 24.35 24.4 24.4 24.34 24.24 24.06 23.86 23.65 23.46 23.34
24.09 24.15 23.94 23.69 23.48 23.45 23.7 24.06 24.34 24.47 24.49 24.46 24.33 24.33 24.27 24.3 24.43 24.41 24.27 24.27 24.25 24.06 23.97 23.83 23.87 23.9 23.8 23.93 24.19 24.33 24.35 24.46 24.5 24.41 24.22 24.09 24.19 24.42 24.54 24.56 24.56 24.55 24.51 24.39 24.18 24.15 24.31 24.33 24.22 24.28 24.4 24.33 24.29 24.37 24.41 24.3 24.07 23.7 23.36 23.03 22.86 23.12 23.41 23.62 23.82 24.01 24.18 24.26 24.31 24.3 24.2 24.11 23.93 23.64 23.24 22.92 22.93
23.98 24.02 23.81 23.55 23.33 23.41 23.68 24.02 24.31 24.46 24.49 24.44 24.24 24.08 24.05 24.17 24.32 24.28 24.1 24.1 24.11 23.94 23.87 23.74 23.75 23.79 23.7 23.85 24.13 24.2 24.22 24.42 24.47 24.37 24.13 23.99 24.12 24.39 24.53 24.56 24.55 24.5 24.42 24.23 24 23.95 24.06 24.1 23.99 24.03 24.24 24.21 24.06 24.11 24.25 24.25 24.14 23.93 23.6 23.25 22.98 22.97 23.13 23.4 23.7 23.94 24.12 24.11 24.17 24.15 24.02 23.91 23.82 23.54 22.96 22.38 22.39
23.81 23.9 23.71 23.43 23.33 23.55 23.83 24.09 24.32 24.46 24.48 24.44 24.23 23.96 23.87 24 24.21 24.2 24.02 24 23.99 23.82 23.75 23.63 23.6 23.65 23.61 23.76 24.02 24.04 24.15 24.39 24.45 24.36 24.09 23.95 24.11 24.35 24.51 24.56 24.52 24.38 24.28 24.17 23.92 23.78 23.83 23.87 23.76 23.77 24.05 24.1 23.9 23.85 24.03 24.05 24.02 23.95 23.8 23.5 23.12 22.88 22.97 23.33 23.66 23.88 23.96 23.86 24 24 23.83 23.64 23.6 23.33 22.72 22.1 22.07
23.67 23.81 23.62 23.36 23.39 23.73 24.02 24.24 24.37 24.45 24.46 24.4 24.23 23.94 23.79 23.94 24.13 24.11 23.92 23.9 23.87 23.68 23.62 23.5 23.43 23.5 23.5 23.65 23.83 23.87 24.07 24.28 24.38 24.35 24.1 23.89 23.97 24.19 24.45 24.54 24.47 24.19 24.08 24.1 23.93 23.68 23.58 23.6 23.53 23.51 23.8 23.87 23.75 23.61 23.71 23.68 23.65 23.65 23.64 23.53 23.22 22.92 22.99 23.3 23.52 23.69 23.68 23.59 23.82 23.82 23.64 23.32 23.14 22.97 22.43 21.92 21.85
23.54 23.68 23.49 23.23 23.41 23.81 24.16 24.32 24.4 24.42 24.4 24.32 24.12 23.86 23.72 23.89 23.99 24 23.88 23.81 23.76 23.58 23.46 23.38 23.31 23.36 23.38 23.52 23.62 23.71 23.93 24.09 24.25 24.29 24.04 23.8 23.82 24.02 24.32 24.49 24.46 24.18 23.94 23.94 23.89 23.65 23.43 23.33 23.27 23.26 23.42 23.53 23.53 23.33 23.31 23.27 23.17 23.18 23.27 23.29 23.09 22.87 22.92 23.1 23.24 23.34 23.33 23.42 23.63 23.56 23.33 22.97 22.58 22.39 22.08 21.79 21.86
23.46 23.5 23.31 23.18 23.41 23.83 24.17 24.31 24.35 24.35 24.29 24.13 23.89 23.67 23.59 23.75 23.74 23.79 23.8 23.71 23.65 23.53 23.33 23.27 23.2 23.2 23.24 23.38 23.41 23.53 23.74 23.95 24.2 24.23 23.95 23.73 23.78 23.92 24.05 24.4 24.46 24.23 23.86 23.73 23.78 23.67 23.44 23.23 23.07 23.01 23.06 23.2 23.26 23.12 23 22.96 22.79 22.75 22.9 22.96 22.87 22.66 22.63 22.76 22.92 23.01 23.01 23.19 23.25 23.18 22.98 22.51 22.17 22.01 21.83 21.69 21.95
23.24 23.2 23.23 23.37 23.62 23.93 24.16 24.21 24.2 24.23 24.11 23.92 23.63 23.41 23.46 23.62 23.56 23.61 23.69 23.58 23.46 23.46 23.36 23.24 23.1 23.04 23.11 23.2 23.18 23.33 23.66 24.02 24.22 24.13 23.8 23.59 23.64 23.74 23.85 24.22 24.44 24.31 23.9 23.6 23.55 23.54 23.48 23.32 23.1 22.96 22.86 22.92 22.99 22.89 22.74 22.68 22.57 22.55 22.65 22.71 22.65 22.49 22.46 22.53 22.6 22.66 22.67 22.73 22.71 22.65 22.48 22.12 21.96 21.92 21.85 21.79 21.91
22.97 23.03 23.26 23.57 23.87 24.08 24.15 24.08 23.99 24.09 24.03 23.81 23.53 23.25 23.36 23.51 23.44 23.5 23.61 23.5 23.29 23.29 23.2 23.18 23.07 22.95 22.97 23 23.01 23.24 23.62 24 24.17 23.98 23.61 23.42 23.45 23.54 23.7 24.09 24.42 24.33 23.96 23.59 23.39 23.31 23.34 23.32 23.2 23.05 22.84 22.67 22.59 22.53 22.5 22.53 22.65 22.86 22.94 22.93 22.86 22.79 22.84 22.8 22.73 22.76 22.67 22.67 22.5 22.23 22.09 22.03 22.02 22.02 21.98 21.87 21.88
22.93 23.15 23.45 23.77 24 24.06 24.01 23.9 23.82 23.95 23.9 23.72 23.49 23.18 23.24 23.35 23.28 23.36 23.46 23.33 23.13 23.12 23.02 23.03 22.94 22.84 22.82 22.86 22.96 23.19 23.41 23.67 23.95 23.89 23.54 23.28 23.28 23.43 23.69 24.08 24.36 24.24 23.9 23.61 23.38 23.22 23.15 23.13 23.06 22.94 22.79 22.59 22.39 22.29 22.39 22.68 23.03 23.32 23.42 23.28 23.15 23.07 23.15 23.11 23.03 23.11 23.04 23 22.85 22.57 22.3 22.23 22.23 22.16 22.05 21.97 21.99
22.99 23.33 23.64 23.89 23.93 23.85 23.82 23.7 23.65 23.83 23.78 23.59 23.38 23.1 23.1 23.18 23.09 23.13 23.25 23.1 22.93 22.91 22.85 22.83 22.73 22.68 22.71 22.82 22.93 23.09 23.25 23.44 23.74 23.85 23.55 23.26 23.22 23.43 23.71 24.04 24.29 24.17 23.92 23.69 23.49 23.3 23.13 23.02 22.92 22.81 22.68 22.5 22.32 22.23 22.42 22.85 23.29 23.59 23.73 23.58 23.36 23.24 23.35 23.36 23.32 23.39 23.36 23.26 23.06 22.74 22.44 22.39 22.34 22.18 22.08 22.21 22.36
23.05 23.41 23.73 23.9 23.76 23.57 23.53 23.47 23.44 23.64 23.67 23.55 23.34 23.05 22.97 23.03 22.96 22.93 23.04 22.99 22.81 22.67 22.59 22.57 22.58 22.7 22.82 22.94 23 23.12 23.31 23.5 23.73 23.74 23.51 23.28 23.23 23.45 23.75 24.06 24.26 24.12 23.9 23.7 23.53 23.36 23.2 23.07 22.96 22.81 22.62 22.41 22.27 22.22 22.48 22.93 23.33 23.69 23.9 23.82 23.53 23.43 23.56 23.58 23.59 23.64 23.54 23.29 23 22.69 22.54 22.47 22.35 22.19 22.13 22.38 22.63
23.05 23.42 23.71 23.84 23.68 23.39 23.22 23.18 23.2 23.37 23.38 23.32 23.23 23 22.84 22.84 22.84 22.8 22.88 22.9 22.75 22.51 22.32 22.41 22.63 22.89 23.06 23.15 23.21 23.28 23.42 23.61 23.73 23.58 23.39 23.2 23.17 23.45 23.83 24.12 24.18 24.02 23.83 23.55 23.38 23.28 23.19 23.09 22.98 22.84 22.64 22.43 22.31 22.26 22.5 22.94 23.36 23.79 23.99 23.97 23.73 23.69 23.82 23.82 23.83 23.82 23.61 23.26 22.96 22.74 22.67 22.51 22.39 22.35 22.3 22.52 22.77
