ASPA-UH-SWB2_REPO/input/Gridded_temps/prism_tmax_tutuila_30yr_normal_03.asc
ncols         350
nrows         200
xllcorner     515000
yllcorner     8409000
cellsize      100
NODATA_value  -9999
[rows 68 to 101 of 200, columns 77 to 153 of 350]
-9999 -9999 -9999 -9999 -9999 -9999 -9999 -9999 -9999 -9999 -9999 -9999 -9999 -9999 -9999 -9999 -9999 -9999 -9999 -9999 -9999 -9999 -9999 -9999 -9999 -9999 -9999 -9999 -9999 -9999 -9999 -9999 -9999 -9999 -9999 -9999 -9999 -9999 -9999 -9999 -9999 -9999 -9999 -9999 -9999 -9999 -9999 -9999 -9999 -9999 -9999 -9999 -9999 -9999 -9999 -9999 -9999 -9999 -9999 -9999 -9999 -9999 -9999 -9999 -9999 -9999 -9999 31.42 31.42 31.42 31.42 31.41 31.4 31.33 31.12 31.08 31.1
-9999 -9999 -9999 -9999 -9999 -9999 -9999 -9999 -9999 -9999 -9999 -9999 -9999 -9999 -9999 -9999 -9999 -9999 -9999 -9999 -9999 -9999 -9999 -9999 -9999 -9999 -9999 -9999 -9999 -9999 -9999 -9999 -9999 -9999 -9999 -9999 -9999 -9999 -9999 -9999 -9999 -9999 -9999 -9999 -9999 -9999 -9999 -9999 -9999 -9999 -9999 -9999 -9999 -9999 -9999 -9999 -9999 -9999 -9999 -9999 -9999 -9999 -9999 -9999 -9999 -9999 31.42 31.42 31.41 31.41 31.41 31.4 31.37 31.27 31.01 30.84 30.9
-9999 -9999 -9999 -9999 -9999 -9999 -9999 -9999 -9999 -9999 -9999 -9999 -9999 -9999 -9999 -9999 -9999 -9999 -9999 -9999 -9999 -9999 -9999 -9999 -9999 -9999 -9999 -9999 -9999 -9999 -9999 -9999 -9999 -9999 -9999 -9999 -9999 -9999 -9999 -9999 -9999 -9999 -9999 -9999 -9999 -9999 -9999 -9999 -9999 -9999 -9999 -9999 -9999 -9999 -9999 -9999 -9999 -9999 -9999 -9999 -9999 -9999 -9999 -9999 -9999 31.41 31.41 31.41 31.41 31.4 31.39 31.35 31.22 31.12 30.94 30.65 30.59
-9999 -9999 -9999 -9999 -9999 -9999 -9999 -9999 -9999 -9999 -9999 -9999 -9999 -9999 -9999 -9999 -9999 -9999 -9999 -9999 -9999 -9999 -9999 -9999 -9999 -9999 -9999 -9999 -9999 -9999 -9999 -9999 -9999 -9999 -9999 -9999 -9999 -9999 -9999 -9999 -9999 -9999 -9999 -9999 -9999 -9999 -9999 -9999 -9999 -9999 -9999 -9999 -9999 -9999 -9999 -9999 -9999 -9999 -9999 -9999 -9999 -9999 -9999 -9999 31.41 31.41 31.41 31.4 31.4 31.4 31.39 31.32 31.02 30.9 30.85 30.56 30.33
-9999 -9999 -9999 -9999 -9999 -9999 -9999 -9999 -9999 -9999 -9999 -9999 -9999 -9999 -9999 -9999 -9999 -9999 -9999 -9999 -9999 -9999 -9999 -9999 -9999 -9999 -9999 -9999 -9999 -9999 -9999 -9999 -9999 -9999 -9999 -9999 -9999 -9999 -9999 -9999 -9999 -9999 -9999 -9999 -9999 -9999 -9999 -9999 -9999 -9999 -9999 -9999 -9999 -9999 -9999 -9999 -9999 -9999 -9999 -9999 -9999 -9999 -9999 31.41 31.41 31.4 31.4 31.4 31.39 31.39 31.38 31.3 30.96 30.72 30.7 30.54 30.19
-9999 -9999 -9999 -9999 -9999 -9999 -9999 -9999 -9999 -9999 -9999 -9999 -9999 -9999 -9999 -9999 -9999 -9999 -9999 -9999 -9999 -9999 -9999 -9999 -9999 -9999 -9999 -9999 -9999 -9999 -9999 -9999 -9999 -9999 -9999 -9999 -9999 -9999 -9999 -9999 -9999 -9999 -9999 -9999 -9999 -9999 -9999 -9999 -9999 -9999 -9999 -9999 -9999 -9999 -9999 -9999 -9999 -9999 -9999 -9999 -9999 -9999 31.41 31.4 31.4 31.39 31.39 31.39 31.39 31.38 31.37 31.33 31.12 30.75 30.49 30.41 30.15
-9999 -9999 -9999 -9999 -9999 -9999 -9999 -9999 -9999 -9999 -9999 -9999 -9999 -9999 -9999 -9999 -9999 -9999 -9999 -9999 -9999 -9999 -9999 -9999 -9999 -9999 -9999 -9999 -9999 -9999 -9999 -9999 -9999 -9999 -9999 -9999 -9999 -9999 -9999 -9999 -9999 -9999 -9999 -9999 -9999 -9999 -9999 -9999 -9999 -9999 -9999 -9999 -9999 -9999 -9999 -9999 -9999 -9999 -9999 -9999 -9999 31.4 31.4 31.39 31.39 31.39 31.38 31.38 31.38 31.37 31.36 31.33 31.1 30.72 30.34 30.24 30.12
-9999 -9999 -9999 -9999 -9999 -9999 -9999 -9999 -9999 -9999 -9999 -9999 -9999 -9999 -9999 -9999 -9999 -9999 -9999 -9999 -9999 -9999 -9999 -9999 -9999 -9999 -9999 -9999 -9999 -9999 -9999 -9999 -9999 -9999 -9999 -9999 -9999 -9999 -9999 -9999 -9999 -9999 -9999 -9999 -9999 -9999 -9999 -9999 -9999 -9999 -9999 -9999 -9999 -9999 -9999 -9999 -9999 -9999 -9999 31.4 31.4 31.4 31.39 31.39 31.38 31.38 31.38 31.37 31.37 31.37 31.36 31.33 31.15 30.75 30.27 30.02 29.93
-9999 -9999 -9999 -9999 -9999 -9999 -9999 -9999 -9999 -9999 -9999 -9999 -9999 -9999 -9999 -9999 -9999 -9999 -9999 -9999 -9999 -9999 -9999 -9999 -9999 -9999 -9999 -9999 -9999 -9999 -9999 -9999 -9999 -9999 -9999 -9999 -9999 -9999 -9999 -9999 -9999 -9999 -9999 -9999 -9999 -9999 -9999 -9999 -9999 -9999 -9999 -9999 -9999 -9999 -9999 -9999 -9999 31.41 31.41 31.4 31.39 31.39 31.38 31.38 31.38 31.37 31.37 31.36 31.36 31.36 31.35 31.28 31.06 30.61 30.18 29.86 29.73
-9999 -9999 -9999 -9999 -9999 -9999 -9999 -9999 -9999 -9999 -9999 -9999 -9999 -9999 -9999 -9999 -9999 -9999 -9999 -9999 -9999 -9999 -9999 -9999 -9999 -9999 -9999 -9999 -9999 -9999 -9999 -9999 -9999 -9999 -9999 -9999 -9999 -9999 -9999 -9999 -9999 -9999 -9999 -9999 -9999 -9999 -9999 -9999 -9999 -9999 -9999 -9999 -9999 -9999 -9999 31.41 31.41 31.41 31.4 31.39 31.39 31.38 31.37 31.36 31.37 31.36 31.36 31.35 31.35 31.34 31.32 31.19 30.89 30.54 30.27 30.05 29.94
-9999 -9999 -9999 -9999 -9999 -9999 31.74 -9999 -9999 -9999 -9999 -9999 -9999 -9999 -9999 -9999 -9999 -9999 -9999 -9999 -9999 -9999 -9999 -9999 -9999 -9999 -9999 -9999 31.61 31.6 31.6 -9999 -9999 -9999 -9999 -9999 -9999 -9999 -9999 -9999 -9999 -9999 -9999 -9999 -9999 -9999 -9999 -9999 -9999 -9999 -9999 -9999 -9999 -9999 31.41 31.41 31.4 31.39 31.39 31.38 31.38 31.36 31.31 31.31 31.35 31.35 31.35 31.34 31.34 31.33 31.3 31.18 30.98 30.77 30.65 30.51 30.37
-9999 -9999 -9999 -9999 -9999 31.74 31.74 31.74 31.73 31.73 -9999 -9999 -9999 -9999 -9999 -9999 -9999 -9999 -9999 -9999 -9999 -9999 -9999 -9999 -9999 -9999 -9999 31.62 31.61 31.6 31.6 31.59 -9999 -9999 -9999 -9999 -9999 -9999 -9999 -9999 -9999 -9999 -9999 -9999 -9999 -9999 -9999 -9999 -9999 -9999 -9999 -9999 -9999 31.41 31.41 31.4 31.39 31.38 31.38 31.37 31.37 31.3 31.16 31.17 31.29 31.33 31.33 31.33 31.33 31.32 31.31 31.27 31.19 31.07 30.99 30.84 30.61
-9999 -9999 -9999 -9999 31.75 31.75 31.74 31.74 31.73 31.73 31.73 -9999 -9999 -9999 -9999 -9999 -9999 -9999 -9999 -9999 -9999 -9999 -9999 -9999 31.65 31.64 -9999 31.62 31.61 31.6 31.6 31.59 31.58 -9999 -9999 -9999 -9999 -9999 -9999 -9999 -9999 -9999 -9999 -9999 -9999 -9999 -9999 -9999 -9999 -9999 -9999 -9999 31.41 31.41 31.4 31.39 31.38 31.38 31.37 31.35 31.33 31.21 30.98 30.94 31.15 31.26 31.29 31.3 31.32 31.31 31.31 31.31 31.29 31.24 31.17 31 30.82
-9999 -9999 -9999 31.76 31.75 31.75 31.75 31.74 31.74 31.73 31.73 31.73 -9999 -9999 -9999 -9999 -9999 -9999 -9999 -9999 -9999 -9999 31.66 31.66 31.65 31.64 31.64 31.62 31.61 31.61 31.6 31.59 31.58 31.58 -9999 -9999 -9999 -9999 -9999 -9999 -9999 -9999 -9999 -9999 -9999 -9999 -9999 -9999 -9999 -9999 -9999 31.41 31.41 31.4 31.4 31.38 31.38 31.36 31.34 31.28 31.19 30.93 30.63 30.64 30.82 30.99 31.06 31.14 31.26 31.29 31.3 31.3 31.3 31.29 31.24 31.16 31.07
-9999 31.77 31.77 31.76 31.76 31.76 31.75 31.75 31.75 31.74 31.73 31.73 31.73 -9999 -9999 -9999 -9999 -9999 -9999 -9999 31.68 31.67 31.66 31.66 31.65 31.64 31.64 31.62 31.61 31.61 31.6 31.59 31.58 31.58 31.57 -9999 -9999 -9999 -9999 -9999 -9999 -9999 -9999 -9999 -9999 -9999 -9999 -9999 -9999 -9999 31.41 31.41 31.41 31.4 31.38 31.37 31.36 31.3 31.24 31.03 30.65 30.29 30.16 30.27 30.44 30.62 30.77 30.93 31.1 31.22 31.28 31.29 31.28 31.28 31.25 31.22 31.16
31.78 31.77 31.77 31.77 31.77 31.76 31.76 31.76 31.75 31.74 31.74 31.74 31.73 31.73 -9999 31.72 -9999 -9999 31.69 31.69 31.68 31.67 31.67 31.66 31.65 31.65 31.64 31.62 31.62 31.61 31.6 31.59 31.58 31.58 31.57 31.56 31.54 -9999 -9999 -9999 -9999 -9999 -9999 -9999 31.47 31.46 -9999 31.43 31.43 31.42 31.41 31.41 31.4 31.39 31.37 31.32 31.25 31.09 30.79 30.61 30.43 30.1 29.9 29.91 30.01 30.28 30.57 30.77 30.96 31.17 31.26 31.28 31.27 31.26 31.21 31.17 31.11
31.78 31.78 31.78 31.77 31.77 31.75 31.73 31.75 31.76 31.75 31.75 31.74 31.74 31.73 31.73 31.72 31.72 31.71 31.7 31.69 31.68 31.68 31.67 31.66 31.66 31.65 31.64 31.62 31.61 31.59 31.56 31.59 31.58 31.58 31.57 31.56 31.54 31.53 -9999 -9999 -9999 -9999 -9999 31.47 31.47 31.45 31.44 31.43 31.43 31.42 31.41 31.4 31.39 31.37 31.32 31.17 31.01 30.91 30.62 30.34 30.12 29.88 29.63 29.61 29.85 30.34 30.72 30.98 31.15 31.23 31.26 31.27 31.25 31.17 30.99 31 31.01
31.79 31.79 31.78 31.78 31.76 31.65 31.58 31.7 31.75 31.76 31.75 31.75 31.74 31.74 31.73 31.73 31.72 31.71 31.71 31.7 31.69 31.68 31.67 31.67 31.65 31.64 31.64 31.61 31.52 31.46 31.44 31.56 31.58 31.58 31.57 31.56 31.54 31.53 31.52 -9999 -9999 31.49 31.48 31.47 31.46 31.45 31.44 31.43 31.42 31.41 31.4 31.39 31.38 31.34 31.24 31.04 30.8 30.67 30.46 30.15 29.81 29.6 29.51 29.63 30.06 30.48 30.77 31.03 31.17 31.23 31.24 31.24 31.2 31.05 30.77 30.73 30.77
31.8 31.8 31.79 31.79 31.73 31.44 31.25 31.53 31.71 31.76 31.76 31.75 31.75 31.74 31.74 31.73 31.72 31.72 31.71 31.7 31.69 31.68 31.67 31.65 31.59 31.59 31.61 31.51 31.28 31.26 31.37 31.55 31.58 31.58 31.57 31.56 31.54 31.53 31.52 31.51 31.5 31.49 31.48 31.47 31.46 31.44 31.43 31.42 31.42 31.41 31.4 31.38 31.37 31.34 31.23 30.95 30.65 30.45 30.26 29.95 29.62 29.51 29.73 29.99 30.22 30.49 30.72 30.94 31.12 31.19 31.19 31.16 31.12 30.99 30.75 30.54 30.47
31.79 31.79 31.77 31.75 31.63 31.21 30.99 31.21 31.62 31.75 31.77 31.76 31.75 31.75 31.74 31.74 31.73 31.72 31.71 31.71 31.7 31.67 31.6 31.47 31.36 31.42 31.45 31.3 31.16 31.29 31.47 31.57 31.59 31.58 31.57 31.55 31.54 31.53 31.52 31.51 31.5 31.49 31.48 31.47 31.45 31.44 31.43 31.42 31.41 31.4 31.38 31.37 31.37 31.35 31.27 30.92 30.54 30.26 30 29.7 29.45 29.63 30.03 30.31 30.43 30.61 30.81 30.93 31.07 31.14 31.11 31.03 30.95 30.85 30.68 30.43 30.17
31.74 31.73 31.61 31.51 31.24 30.89 30.94 31.25 31.61 31.76 31.77 31.77 31.76 31.75 31.74 31.72 31.73 31.73 31.71 31.7 31.65 31.57 31.42 31.13 31.1 31.2 31.15 31.13 31.22 31.42 31.54 31.59 31.59 31.57 31.53 31.52 31.52 31.52 31.52 31.51 31.5 31.48 31.47 31.45 31.41 31.4 31.41 31.4 31.38 31.38 31.36 31.34 31.34 31.33 31.23 30.89 30.47 30.13 29.76 29.44 29.34 29.71 30.13 30.42 30.6 30.74 30.88 30.98 31.05 31.07 31.01 30.89 30.74 30.61 30.45 30.26 29.94
31.56 31.59 31.35 31.11 30.85 30.73 30.96 31.35 31.65 31.77 31.78 31.77 31.73 31.74 31.68 31.63 31.71 31.71 31.66 31.63 31.55 31.37 31.2 30.95 31.03 31.06 30.94 31.03 31.25 31.47 31.54 31.57 31.57 31.51 31.37 31.31 31.37 31.47 31.51 31.5 31.49 31.48 31.45 31.39 31.24 31.21 31.33 31.32 31.26 31.27 31.29 31.23 31.23 31.26 31.18 30.92 30.54 30.1 29.7 29.31 29.25 29.65 30.06 30.34 30.53 30.69 30.81 30.92 30.97 30.96 30.89 30.77 30.55 30.31 30.06 29.85 29.69
31.38 31.45 31.19 30.9 30.64 30.6 30.89 31.31 31.63 31.77 31.79 31.75 31.58 31.58 31.51 31.52 31.67 31.63 31.46 31.45 31.41 31.18 31.07 30.89 30.93 30.96 30.81 30.94 31.24 31.4 31.39 31.52 31.54 31.43 31.18 31.01 31.12 31.38 31.5 31.5 31.49 31.46 31.41 31.24 30.97 30.92 31.1 31.11 30.97 31.02 31.15 31.06 30.99 31.08 31.11 30.97 30.69 30.24 29.84 29.42 29.23 29.52 29.85 30.08 30.31 30.52 30.7 30.8 30.84 30.82 30.71 30.6 30.39 30.03 29.57 29.19 29.19
31.26 31.31 31.05 30.74 30.49 30.56 30.87 31.27 31.61 31.77 31.79 31.74 31.49 31.29 31.25 31.37 31.56 31.49 31.26 31.26 31.26 31.05 30.95 30.79 30.79 30.83 30.7 30.85 31.19 31.24 31.24 31.47 31.51 31.38 31.09 30.9 31.04 31.34 31.49 31.5 31.47 31.4 31.29 31.05 30.76 30.69 30.81 30.84 30.68 30.72 30.96 30.91 30.7 30.75 30.92 30.91 30.77 30.5 30.11 29.68 29.35 29.33 29.51 29.8 30.15 30.43 30.62 30.61 30.67 30.64 30.48 30.36 30.24 29.91 29.23 28.55 28.55
31.08 31.18 30.95 30.62 30.48 30.75 31.07 31.36 31.63 31.78 31.79 31.74 31.5 31.16 31.05 31.19 31.42 31.41 31.18 31.16 31.13 30.91 30.82 30.66 30.61 30.67 30.6 30.77 31.07 31.05 31.17 31.44 31.49 31.37 31.04 30.86 31.03 31.31 31.47 31.5 31.44 31.26 31.13 30.98 30.67 30.48 30.53 30.58 30.41 30.41 30.73 30.77 30.51 30.44 30.66 30.66 30.61 30.52 30.34 29.97 29.5 29.2 29.31 29.72 30.1 30.34 30.44 30.28 30.46 30.46 30.26 30.02 29.97 29.64 28.93 28.18 28.17
30.92 31.07 30.86 30.54 30.58 30.97 31.31 31.55 31.7 31.78 31.78 31.71 31.5 31.16 30.96 31.12 31.35 31.32 31.07 31.04 31 30.75 30.68 30.52 30.42 30.49 30.47 30.64 30.84 30.86 31.08 31.31 31.41 31.36 31.05 30.79 30.86 31.1 31.38 31.47 31.37 31.02 30.89 30.9 30.67 30.37 30.24 30.24 30.14 30.07 30.42 30.5 30.33 30.15 30.26 30.2 30.17 30.14 30.13 30 29.62 29.25 29.31 29.67 29.91 30.14 30.1 29.93 30.24 30.23 30.02 29.63 29.42 29.21 28.58 27.96 27.9
30.79 30.95 30.72 30.41 30.61 31.08 31.48 31.67 31.75 31.77 31.73 31.62 31.37 31.07 30.89 31.09 31.18 31.19 31.04 30.94 30.88 30.65 30.5 30.4 30.28 30.34 30.34 30.5 30.59 30.68 30.93 31.08 31.27 31.31 30.98 30.68 30.69 30.9 31.25 31.42 31.37 31 30.7 30.69 30.63 30.33 30.05 29.92 29.83 29.79 29.97 30.09 30.07 29.8 29.77 29.71 29.58 29.57 29.67 29.7 29.45 29.17 29.23 29.43 29.58 29.69 29.66 29.75 30 29.93 29.63 29.2 28.74 28.52 28.16 27.82 27.88
30.71 30.75 30.52 30.36 30.6 31.11 31.5 31.66 31.69 31.69 31.61 31.42 31.13 30.86 30.75 30.93 30.91 30.95 30.96 30.84 30.76 30.61 30.34 30.27 30.18 30.16 30.18 30.35 30.35 30.47 30.7 30.93 31.21 31.24 30.88 30.6 30.63 30.78 30.92 31.32 31.36 31.08 30.62 30.45 30.49 30.35 30.07 29.79 29.58 29.5 29.54 29.69 29.76 29.56 29.41 29.34 29.11 29.07 29.24 29.29 29.18 28.92 28.87 29 29.21 29.3 29.27 29.51 29.54 29.45 29.21 28.65 28.23 28.05 27.83 27.67 27.98
30.45 30.41 30.43 30.59 30.87 31.24 31.5 31.56 31.53 31.56 31.4 31.18 30.82 30.56 30.62 30.79 30.71 30.76 30.85 30.7 30.55 30.54 30.41 30.25 30.05 29.98 30.04 30.13 30.09 30.25 30.61 31.03 31.24 31.11 30.7 30.44 30.49 30.58 30.67 31.1 31.35 31.18 30.65 30.3 30.22 30.19 30.12 29.9 29.62 29.43 29.3 29.36 29.44 29.29 29.1 29.01 28.87 28.83 28.92 28.98 28.9 28.7 28.65 28.72 28.79 28.85 28.85 28.93 28.89 28.82 28.61 28.17 27.97 27.93 27.85 27.78 27.92
30.15 30.21 30.49 30.85 31.2 31.43 31.5 31.42 31.3 31.41 31.33 31.07 30.73 30.39 30.52 30.69 30.58 30.64 30.75 30.63 30.35 30.35 30.22 30.18 30.05 29.88 29.89 29.91 29.89 30.15 30.58 31.02 31.2 30.93 30.47 30.23 30.26 30.34 30.51 30.95 31.32 31.19 30.73 30.28 30.02 29.91 29.92 29.9 29.74 29.55 29.27 29.05 28.94 28.85 28.81 28.82 28.94 29.18 29.25 29.23 29.14 29.05 29.09 29.03 28.93 28.96 28.84 28.83 28.61 28.31 28.13 28.05 28.05 28.04 27.99 27.85 27.86
30.11 30.38 30.72 31.1 31.37 31.42 31.35 31.21 31.11 31.27 31.2 30.97 30.71 30.32 30.38 30.5 30.41 30.49 30.6 30.43 30.17 30.15 30.02 30.02 29.89 29.77 29.73 29.75 29.84 30.1 30.34 30.62 30.95 30.85 30.39 30.07 30.06 30.21 30.5 30.94 31.25 31.07 30.65 30.29 30 29.81 29.7 29.66 29.56 29.39 29.21 28.95 28.7 28.56 28.65 28.98 29.37 29.7 29.8 29.63 29.46 29.35 29.43 29.38 29.27 29.37 29.26 29.22 29.03 28.7 28.36 28.27 28.28 28.18 28.05 27.95 27.98
30.21 30.62 30.97 31.26 31.3 31.19 31.14 30.99 30.93 31.14 31.07 30.83 30.57 30.24 30.23 30.32 30.2 30.23 30.36 30.16 29.94 29.93 29.84 29.8 29.65 29.58 29.59 29.72 29.82 29.99 30.14 30.36 30.68 30.81 30.42 30.06 30 30.22 30.53 30.89 31.17 30.99 30.68 30.4 30.13 29.89 29.67 29.52 29.39 29.24 29.07 28.84 28.61 28.49 28.69 29.17 29.68 30.01 30.16 29.97 29.69 29.53 29.66 29.65 29.6 29.67 29.63 29.5 29.27 28.88 28.51 28.45 28.39 28.2 28.07 28.23 28.42
30.29 30.7 31.08 31.27 31.1 30.87 30.83 30.74 30.7 30.93 30.96 30.81 30.55 30.2 30.09 30.16 30.06 30 30.13 30.06 29.83 29.65 29.55 29.5 29.49 29.62 29.73 29.85 29.91 30.03 30.22 30.42 30.69 30.68 30.38 30.08 30 30.24 30.56 30.91 31.13 30.93 30.65 30.41 30.19 29.95 29.74 29.58 29.42 29.24 28.98 28.72 28.54 28.47 28.76 29.26 29.71 30.11 30.34 30.24 29.87 29.74 29.89 29.9 29.89 29.95 29.83 29.53 29.19 28.81 28.62 28.54 28.4 28.2 28.12 28.41 28.71
30.31 30.74 31.07 31.22 31.02 30.68 30.48 30.41 30.44 30.63 30.64 30.55 30.44 30.15 29.96 29.95 29.94 29.86 29.95 29.97 29.77 29.46 29.23 29.32 29.56 29.85 30.03 30.11 30.16 30.22 30.37 30.56 30.69 30.48 30.24 29.99 29.94 30.25 30.67 30.98 31.03 30.81 30.55 30.21 29.98 29.85 29.73 29.59 29.44 29.27 29.01 28.74 28.58 28.5 28.76 29.26 29.73 30.21 30.43 30.39 30.08 30.03 30.18 30.16 30.17 30.15 29.89 29.48 29.13 28.85 28.77 28.57 28.43 28.37 28.32 28.57 28.87
