ASPA-UH-SWB2_REPO/input/Gridded_temps/prism_tmax_tutuila_30yr_normal_12.asc
ncols         350
nrows         200
xllcorner     515000
yllcorner     8409000
cellsize      100
NODATA_value  -9999
[rows 102 to 135 of 200, columns 0 to 76 of 350]
-9999 -9999 -9999 -9999 -9999 -9999 -9999 -9999 -9999 -9999 -9999 -9999 -9999 -9999 -9999 -9999 -9999 -9999 -9999 -9999 -9999 -9999 -9999 -9999 -9999 -9999 -9999 -9999 -9999 -9999 -9999 -9999 -9999 31.35 31.35 31.36 31.36 31.36 31.34 31.26 31.15 31.03 30.8 30.7 30.72 31.05 31.32 31.38 31.38 31.31 31.07 30.71 30.38 30.21 30.12 30.09 30.01 29.88 29.82 29.89 29.92 29.73 29.59 29.56 29.34 29.08 28.9 28.83 28.86 28.93 29.02 29.09 29.16 29.17 29.17 29.31 29.55
-9999 -9999 -9999 -9999 -9999 -9999 -9999 -9999 -9999 -9999 -9999 -9999 -9999 -9999 -9999 -9999 -9999 -9999 -9999 -9999 -9999 -9999 -9999 -9999 -9999 -9999 -9999 -9999 -9999 -9999 -9999 -9999 31.35 31.35 31.36 31.36 31.36 31.37 31.32 31.15 30.93 30.88 30.69 30.55 30.52 30.73 31.15 31.32 31.35 31.34 31.21 30.89 30.51 30.18 29.93 29.82 29.74 29.61 29.57 29.63 29.69 29.55 29.36 29.24 29.09 28.89 28.83 28.86 28.89 28.9 28.93 29.01 29.06 29.05 29.14 29.38 29.62
-9999 -9999 -9999 -9999 -9999 -9999 -9999 -9999 -9999 -9999 -9999 -9999 -9999 -9999 -9999 -9999 -9999 -9999 -9999 -9999 -9999 -9999 -9999 -9999 -9999 -9999 -9999 -9999 -9999 -9999 31.35 31.35 31.35 31.36 31.36 31.36 31.37 31.37 31.26 30.97 30.77 30.75 30.7 30.54 30.41 30.48 30.92 31.17 31.24 31.3 31.29 31.15 30.85 30.49 30.21 29.94 29.76 29.66 29.54 29.49 29.45 29.33 29.15 28.99 28.97 28.9 28.93 29.03 29.04 28.94 28.88 28.92 28.95 28.97 29.16 29.41 29.55
-9999 -9999 -9999 -9999 -9999 -9999 -9999 -9999 -9999 -9999 -9999 -9999 -9999 -9999 -9999 -9999 -9999 -9999 -9999 -9999 -9999 -9999 -9999 -9999 -9999 -9999 -9999 -9999 -9999 31.34 31.35 31.35 31.35 31.36 31.36 31.37 31.37 31.36 31.26 31.03 30.87 30.75 30.63 30.49 30.3 30.32 30.62 30.73 30.83 31.1 31.23 31.21 31.13 30.92 30.67 30.45 30.26 30.07 29.86 29.71 29.55 29.35 29.2 29.1 29.1 29.02 29.06 29.16 29.14 28.96 28.9 28.93 28.91 29 29.24 29.39 29.43
-9999 -9999 -9999 -9999 -9999 -9999 -9999 -9999 -9999 -9999 -9999 -9999 -9999 -9999 -9999 -9999 -9999 -9999 -9999 -9999 -9999 -9999 -9999 -9999 -9999 -9999 -9999 -9999 31.34 31.34 31.35 31.35 31.36 31.36 31.37 31.37 31.36 31.31 31.23 31.02 30.82 30.69 30.59 30.49 30.34 30.22 30.32 30.37 30.52 30.91 31.09 31.12 31.13 31.09 30.99 30.86 30.69 30.46 30.27 30.13 29.93 29.72 29.55 29.34 29.33 29.25 29.2 29.26 29.27 29.08 29.06 29.05 28.93 28.99 29.19 29.28 29.34
-9999 -9999 -9999 -9999 -9999 -9999 -9999 -9999 -9999 -9999 -9999 -9999 -9999 -9999 -9999 -9999 -9999 -9999 -9999 -9999 -9999 -9999 -9999 -9999 -9999 -9999 -9999 31.34 31.34 31.35 31.35 31.36 31.36 31.35 31.32 31.31 31.29 31.18 31.15 31.12 31.02 30.89 30.76 30.56 30.34 30.15 30.08 30.09 30.33 30.72 30.83 30.89 30.93 30.94 30.91 30.91 30.86 30.72 30.62 30.5 30.3 30.07 29.82 29.47 29.5 29.5 29.48 29.47 29.41 29.27 29.24 29.1 28.91 28.91 29.01 29.1 29.23
-9999 -9999 -9999 -9999 -9999 -9999 -9999 -9999 -9999 -9999 -9999 -9999 -9999 -9999 -9999 -9999 -9999 -9999 -9999 -9999 -9999 -9999 -9999 -9999 -9999 -9999 31.34 31.34 31.35 31.35 31.36 31.35 31.32 31.25 31.16 31.17 31.2 31.06 30.98 31.01 30.99 30.95 30.86 30.69 30.42 30.17 30.01 29.96 30.14 30.44 30.56 30.64 30.63 30.56 30.53 30.65 30.76 30.75 30.68 30.62 30.52 30.22 29.92 29.65 29.66 29.69 29.67 29.61 29.53 29.43 29.28 29.06 28.89 28.85 28.88 28.94 29.05
-9999 -9999 -9999 -9999 -9999 -9999 -9999 -9999 -9999 -9999 -9999 -9999 -9999 -9999 -9999 -9999 -9999 -9999 -9999 -9999 -9999 -9999 -9999 -9999 -9999 31.34 31.34 31.35 31.35 31.36 31.34 31.29 31.16 31.03 30.97 31.04 31.14 31.04 30.88 30.84 30.85 30.88 30.82 30.74 30.61 30.33 30.11 29.94 29.93 30.13 30.3 30.4 30.32 30.13 30.09 30.3 30.51 30.55 30.4 30.37 30.44 30.24 29.97 29.82 29.79 29.77 29.69 29.6 29.5 29.36 29.18 28.99 28.88 28.85 28.85 28.86 28.89
-9999 -9999 -9999 -9999 -9999 -9999 -9999 -9999 -9999 -9999 -9999 -9999 -9999 -9999 -9999 -9999 -9999 -9999 -9999 -9999 -9999 -9999 -9999 -9999 31.34 31.34 31.35 31.35 31.35 31.33 31.25 31.13 30.95 30.85 30.86 30.95 31.05 31.01 30.86 30.72 30.7 30.78 30.75 30.67 30.61 30.42 30.23 29.99 29.81 29.85 30.03 30.16 30.08 29.88 29.84 30.05 30.28 30.31 30.11 30.14 30.35 30.36 30.2 29.99 29.85 29.75 29.64 29.52 29.39 29.23 29.06 28.95 28.9 28.9 28.9 28.88 28.86
-9999 -9999 -9999 -9999 -9999 -9999 -9999 -9999 -9999 -9999 -9999 -9999 -9999 -9999 -9999 -9999 -9999 -9999 -9999 -9999 -9999 -9999 -9999 -9999 31.34 31.35 31.35 31.35 31.36 31.27 31.05 30.94 30.82 30.74 30.73 30.8 30.88 30.92 30.81 30.62 30.52 30.6 30.65 30.59 30.53 30.45 30.31 30.08 29.82 29.69 29.74 29.86 29.84 29.68 29.69 29.9 30.11 30.12 29.94 29.97 30.17 30.23 30.18 29.93 29.74 29.64 29.57 29.47 29.31 29.16 29.05 28.99 28.99 28.99 28.99 28.95 28.9
-9999 -9999 -9999 -9999 -9999 -9999 -9999 -9999 -9999 -9999 -9999 -9999 -9999 -9999 -9999 -9999 -9999 -9999 -9999 -9999 -9999 -9999 -9999 -9999 31.35 31.35 31.35 31.36 31.36 31.26 30.96 30.82 30.73 30.63 30.57 30.58 30.69 30.79 30.72 30.53 30.37 30.36 30.46 30.46 30.38 30.33 30.3 30.16 29.89 29.66 29.54 29.52 29.49 29.43 29.5 29.71 29.88 29.86 29.75 29.81 29.93 29.94 29.91 29.81 29.63 29.49 29.43 29.39 29.29 29.16 29.07 29.06 29.08 29.07 29.04 28.99 28.92
-9999 -9999 -9999 -9999 -9999 -9999 -9999 -9999 -9999 -9999 -9999 -9999 -9999 -9999 -9999 -9999 -9999 -9999 -9999 -9999 -9999 -9999 -9999 -9999 31.35 31.35 31.36 31.36 31.36 31.29 31.06 30.84 30.68 30.56 30.45 30.4 30.5 30.63 30.63 30.51 30.34 30.2 30.22 30.27 30.19 30.09 30.07 30.08 29.93 29.72 29.52 29.36 29.25 29.21 29.26 29.41 29.53 29.51 29.51 29.61 29.69 29.68 29.71 29.73 29.61 29.44 29.32 29.25 29.19 29.11 29.06 29.09 29.14 29.1 29.03 28.98 28.93
-9999 -9999 -9999 -9999 -9999 -9999 -9999 -9999 -9999 -9999 -9999 -9999 -9999 -9999 -9999 31.32 -9999 -9999 -9999 -9999 -9999 -9999 31.34 31.35 31.35 31.36 31.36 31.37 31.37 31.32 31.18 30.97 30.76 30.66 30.5 30.34 30.32 30.4 30.44 30.41 30.29 30.1 30.02 30.08 30.05 29.93 29.84 29.84 29.85 29.74 29.57 29.33 29.16 29.1 29.14 29.22 29.29 29.33 29.41 29.52 29.58 29.56 29.59 29.64 29.58 29.42 29.27 29.16 29.11 29.09 29.08 29.14 29.21 29.15 29.04 28.98 28.95
-9999 -9999 -9999 -9999 -9999 -9999 -9999 -9999 -9999 -9999 -9999 -9999 -9999 -9999 -9999 31.32 31.32 -9999 31.33 31.33 31.34 31.34 31.34 31.35 31.35 31.36 31.37 31.37 31.36 31.3 31.19 31.07 30.93 30.84 30.69 30.45 30.32 30.27 30.22 30.22 30.15 29.98 29.88 29.93 29.93 29.85 29.74 29.66 29.64 29.59 29.46 29.25 29.11 29.09 29.15 29.22 29.28 29.38 29.53 29.64 29.66 29.59 29.52 29.51 29.47 29.36 29.25 29.19 29.21 29.26 29.27 29.3 29.34 29.3 29.15 29.08 29.05
-9999 -9999 -9999 -9999 -9999 -9999 -9999 -9999 -9999 -9999 -9999 -9999 -9999 -9999 31.31 31.32 31.32 31.33 31.33 31.33 31.34 31.34 31.35 31.35 31.36 31.36 31.37 31.37 31.37 31.27 31.15 31.09 30.98 30.9 30.81 30.65 30.48 30.28 30.12 30.06 30 29.89 29.8 29.8 29.8 29.75 29.65 29.53 29.43 29.37 29.29 29.19 29.17 29.22 29.26 29.31 29.39 29.53 29.69 29.77 29.72 29.61 29.49 29.45 29.45 29.44 29.41 29.41 29.48 29.57 29.58 29.59 29.59 29.61 29.45 29.3 29.2
-9999 -9999 -9999 -9999 -9999 -9999 -9999 -9999 -9999 -9999 -9999 -9999 -9999 31.31 31.31 31.32 31.32 31.33 31.33 31.34 31.34 31.34 31.35 31.35 31.36 31.37 31.37 31.37 31.34 31.2 31.03 30.96 30.86 30.76 30.71 30.65 30.59 30.43 30.24 30.06 29.94 29.83 29.73 29.68 29.69 29.68 29.61 29.46 29.32 29.32 29.36 29.36 29.39 29.46 29.46 29.47 29.57 29.71 29.82 29.83 29.67 29.54 29.48 29.61 29.71 29.7 29.66 29.7 29.74 29.81 29.85 29.89 29.86 29.87 29.71 29.46 29.38
-9999 -9999 -9999 -9999 -9999 -9999 -9999 -9999 -9999 -9999 -9999 -9999 31.31 31.31 31.31 31.32 31.33 31.33 31.33 31.34 31.34 31.35 31.35 31.36 31.36 31.37 31.38 31.36 31.27 31.04 30.87 30.8 30.7 30.55 30.47 30.44 30.49 30.46 30.27 30.06 29.93 29.82 29.7 29.61 29.63 29.72 29.72 29.56 29.44 29.5 29.63 29.64 29.68 29.79 29.75 29.7 29.82 29.91 29.96 29.88 29.73 29.64 29.5 29.65 29.9 29.92 29.9 30.01 30.02 30 30.05 30.16 30.11 30.04 29.88 29.71 29.59
-9999 -9999 -9999 -9999 -9999 -9999 -9999 -9999 -9999 -9999 -9999 31.31 31.31 31.31 31.32 31.32 31.33 31.33 31.34 31.34 31.34 31.35 31.35 31.34 31.33 31.34 31.35 31.3 31.15 30.9 30.76 30.67 30.54 30.34 30.22 30.21 30.3 30.36 30.22 30.08 30 29.9 29.75 29.63 29.64 29.76 29.84 29.72 29.61 29.69 29.86 29.94 29.98 30.09 30.02 29.98 30.06 30.14 30.1 29.94 29.89 29.91 29.74 29.76 30.05 30.18 30.11 30.29 30.28 30.18 30.23 30.38 30.31 30.14 29.95 29.78 29.7
-9999 -9999 -9999 -9999 -9999 -9999 -9999 -9999 -9999 -9999 31.3 31.31 31.31 31.32 31.32 31.32 31.33 31.33 31.34 31.33 31.33 31.33 31.29 31.2 31.11 31.14 31.18 31.17 31.03 30.79 30.67 30.6 30.49 30.33 30.19 30.17 30.26 30.31 30.21 30.1 30.04 29.93 29.81 29.75 29.75 29.84 29.95 29.88 29.83 29.94 30.08 30.25 30.29 30.37 30.3 30.34 30.36 30.35 30.17 29.97 30.06 30.18 30.05 29.91 30.11 30.37 30.39 30.47 30.46 30.42 30.44 30.51 30.36 30.14 29.97 29.85 29.82
-9999 -9999 -9999 -9999 -9999 -9999 -9999 -9999 -9999 -9999 31.31 31.31 31.31 31.32 31.32 31.33 31.33 31.33 31.32 31.27 31.2 31.15 31.07 30.88 30.69 30.74 30.84 30.89 30.8 30.64 30.61 30.64 30.62 30.5 30.37 30.42 30.48 30.43 30.24 30.07 30 29.92 29.87 29.92 29.96 29.96 30.07 30.03 29.99 30.12 30.25 30.46 30.55 30.62 30.58 30.7 30.64 30.48 30.2 30.04 30.2 30.37 30.24 30.06 30.15 30.46 30.62 30.64 30.64 30.72 30.72 30.64 30.41 30.12 29.97 29.93 29.94
-9999 -9999 -9999 -9999 -9999 -9999 -9999 -9999 -9999 -9999 31.31 31.31 31.31 31.32 31.32 31.32 31.3 31.27 31.29 31.23 31.05 30.82 30.76 30.66 30.53 30.54 30.64 30.72 30.68 30.62 30.72 30.84 30.82 30.66 30.58 30.68 30.72 30.64 30.39 30.19 30.05 29.99 29.97 30.07 30.13 30.08 30.18 30.14 30.11 30.3 30.43 30.6 30.77 30.87 30.89 30.9 30.76 30.55 30.29 30.12 30.24 30.45 30.4 30.23 30.2 30.43 30.66 30.8 30.86 30.93 30.84 30.63 30.36 30.12 30 30.02 30.02
-9999 -9999 -9999 -9999 -9999 -9999 -9999 -9999 -9999 -9999 31.31 31.31 31.32 31.32 31.32 31.32 31.24 31.11 31.27 31.31 31.16 30.85 30.87 30.87 30.7 30.58 30.69 30.84 30.85 30.8 30.93 31.08 31.05 30.94 30.87 30.9 30.89 30.8 30.55 30.35 30.18 30.09 30.04 30.15 30.25 30.17 30.27 30.25 30.23 30.41 30.59 30.74 30.98 31.14 31.14 30.96 30.78 30.61 30.4 30.22 30.29 30.53 30.59 30.39 30.28 30.41 30.64 30.88 31.02 31.05 30.87 30.59 30.36 30.16 30.09 30.13 30.13
-9999 -9999 -9999 -9999 -9999 -9999 -9999 -9999 -9999 -9999 -9999 31.31 31.32 31.32 31.33 31.32 31.27 31.17 31.3 31.35 31.3 31.18 31.22 31.23 31.07 30.87 30.92 31.05 31.08 31.06 31.16 31.26 31.27 31.23 31.16 31.1 31.04 30.92 30.69 30.47 30.34 30.2 30.12 30.27 30.39 30.29 30.37 30.4 30.36 30.45 30.69 30.93 31.19 31.36 31.31 31.06 30.92 30.76 30.55 30.37 30.4 30.63 30.75 30.6 30.42 30.43 30.6 30.84 31.06 31.15 30.98 30.66 30.45 30.29 30.23 30.28 30.28
-9999 -9999 -9999 -9999 -9999 -9999 -9999 -9999 -9999 -9999 -9999 -9999 31.32 31.32 31.33 31.33 31.33 31.32 31.34 31.36 31.35 31.34 31.35 31.35 31.28 31.19 31.19 31.23 31.27 31.3 31.34 31.38 31.38 31.37 31.32 31.24 31.1 30.95 30.74 30.53 30.46 30.35 30.29 30.43 30.54 30.43 30.45 30.56 30.56 30.57 30.73 31.06 31.35 31.49 31.46 31.32 31.23 30.96 30.72 30.59 30.61 30.76 30.89 30.81 30.6 30.48 30.59 30.8 31.07 31.23 31.07 30.74 30.56 30.44 30.4 30.45 30.45
-9999 -9999 -9999 -9999 -9999 -9999 -9999 -9999 -9999 -9999 -9999 -9999 -9999 31.32 31.33 31.34 31.34 31.35 31.35 31.36 31.36 31.37 31.37 31.38 31.37 31.35 31.35 31.36 31.38 31.4 31.41 31.42 31.42 31.42 31.39 31.3 31.1 30.88 30.68 30.54 30.55 30.47 30.46 30.6 30.68 30.56 30.51 30.67 30.78 30.77 30.84 31.13 31.43 31.55 31.56 31.54 31.49 31.25 30.96 30.87 30.86 30.92 31.02 30.98 30.82 30.63 30.64 30.82 31.1 31.29 31.16 30.85 30.69 30.61 30.6 30.63 30.56
-9999 -9999 -9999 -9999 -9999 -9999 -9999 -9999 -9999 -9999 -9999 -9999 -9999 -9999 31.33 31.34 31.34 31.35 31.35 31.36 31.36 31.37 31.38 31.38 31.39 31.39 31.4 31.4 31.42 31.42 31.43 31.43 31.44 31.43 31.39 31.26 31.06 30.83 30.62 30.58 30.65 30.55 30.58 30.72 30.81 30.72 30.62 30.74 30.94 30.98 30.98 31.22 31.48 31.59 31.6 31.61 31.59 31.47 31.28 31.15 31.06 31.05 31.12 31.12 31.02 30.83 30.74 30.84 31.06 31.31 31.3 31.05 30.85 30.81 30.83 30.75 30.59
-9999 -9999 -9999 -9999 -9999 -9999 -9999 -9999 -9999 -9999 -9999 -9999 -9999 -9999 -9999 31.34 31.35 31.35 31.36 31.36 31.37 31.37 31.38 31.38 31.39 31.4 31.41 31.41 31.42 31.42 31.43 31.44 31.44 31.44 31.38 31.16 30.97 30.84 30.74 30.75 30.75 30.64 30.7 30.82 30.92 30.86 30.75 30.87 31.11 31.22 31.28 31.44 31.56 31.61 31.62 31.62 31.63 31.6 31.53 31.39 31.19 31.11 31.18 31.25 31.17 30.99 30.87 30.9 31.01 31.25 31.41 31.24 31 30.99 30.93 30.75 30.6
-9999 -9999 -9999 -9999 -9999 -9999 -9999 -9999 -9999 -9999 -9999 -9999 -9999 -9999 -9999 31.34 31.35 31.35 31.36 -9999 31.37 31.37 31.38 31.38 31.4 31.4 31.41 31.41 31.42 31.43 31.43 31.44 31.45 31.44 31.39 31.32 31.24 31.19 31.06 30.94 30.81 30.7 30.78 30.91 31.03 30.98 30.87 31 31.27 31.44 31.51 31.57 31.6 31.62 31.62 31.63 31.64 31.64 31.61 31.5 31.26 31.15 31.22 31.32 31.28 31.14 30.99 31 31.09 31.28 31.46 31.31 31.12 31.1 30.95 30.79 30.71
-9999 -9999 -9999 -9999 -9999 -9999 -9999 -9999 -9999 -9999 -9999 -9999 -9999 -9999 -9999 -9999 31.35 31.35 -9999 -9999 -9999 31.38 31.38 31.39 31.4 31.4 31.41 31.42 31.42 31.43 31.44 31.44 31.45 31.44 31.38 31.4 31.43 31.43 31.37 31.24 31.05 30.88 30.88 31.06 31.22 31.11 30.96 31.09 31.37 31.53 31.58 31.6 31.61 31.62 31.63 31.64 31.64 31.65 31.62 31.55 31.39 31.25 31.29 31.39 31.38 31.23 31.09 31.1 31.22 31.4 31.5 31.31 31.16 31.18 31.07 30.93 30.85
-9999 -9999 -9999 -9999 -9999 -9999 -9999 -9999 -9999 -9999 -9999 -9999 -9999 -9999 -9999 -9999 -9999 -9999 -9999 -9999 -9999 -9999 -9999 -9999 31.4 31.41 31.41 31.42 31.43 31.43 31.44 31.45 31.45 31.45 31.43 31.46 31.48 31.49 31.48 31.47 31.45 31.28 31.1 31.22 31.37 31.21 31.04 31.21 31.47 31.57 31.6 31.61 31.62 31.63 31.63 31.64 31.65 31.65 31.62 31.55 31.42 31.3 31.36 31.46 31.45 31.28 31.13 31.21 31.37 31.5 31.55 31.36 31.19 31.29 31.25 31.07 31
-9999 -9999 -9999 -9999 -9999 -9999 -9999 -9999 -9999 -9999 -9999 -9999 -9999 -9999 -9999 -9999 -9999 -9999 -9999 -9999 -9999 -9999 -9999 -9999 -9999 31.41 31.41 31.42 31.43 -9999 31.44 31.45 31.46 31.46 31.46 31.48 31.49 31.5 31.5 31.51 31.51 31.48 31.43 31.46 31.48 31.38 31.18 31.28 31.52 31.59 31.61 31.62 31.62 31.63 31.64 31.65 31.65 31.65 31.63 31.56 31.43 31.33 31.44 31.54 31.54 31.42 31.24 31.32 31.51 31.6 31.61 31.46 31.24 31.37 31.34 31.19 31.19
-9999 -9999 -9999 -9999 -9999 -9999 -9999 -9999 -9999 -9999 -9999 -9999 -9999 -9999 -9999 -9999 -9999 -9999 -9999 -9999 -9999 -9999 -9999 -9999 -9999 -9999 -9999 -9999 -9999 -9999 -9999 31.45 31.46 31.47 31.47 31.48 31.49 31.5 31.51 31.52 31.53 31.53 31.53 31.54 31.55 31.51 31.41 31.42 31.55 31.6 31.61 31.62 31.63 31.64 31.64 31.65 31.65 31.66 31.65 31.62 31.56 31.5 31.58 31.63 31.63 31.57 31.44 31.45 31.6 31.66 31.65 31.51 31.31 31.45 31.45 31.37 31.37
-9999 -9999 -9999 -9999 -9999 -9999 -9999 -9999 -9999 -9999 -9999 -9999 -9999 -9999 -9999 -9999 -9999 -9999 -9999 -9999 -9999 -9999 -9999 -9999 -9999 -9999 -9999 -9999 -9999 -9999 -9999 -9999 31.47 31.47 31.48 31.49 31.5 31.5 31.51 31.52 31.53 31.54 31.55 31.56 31.56 31.57 31.55 31.56 31.59 31.61 31.62 31.63 31.63 31.64 31.65 31.65 31.66 31.66 31.66 31.66 31.65 31.63 31.65 31.66 31.66 31.65 31.59 31.58 31.65 31.68 31.66 31.53 31.36 31.53 31.57 31.53 31.43
-9999 -9999 -9999 -9999 -9999 -9999 -9999 -9999 -9999 -9999 -9999 -9999 -9999 -9999 -9999 -9999 -9999 -9999 -9999 -9999 -9999 -9999 -9999 -9999 -9999 -9999 -9999 -9999 -9999 -9999 -9999 -9999 -9999 31.48 31.48 31.49 31.5 31.51 31.52 31.52 31.53 31.54 31.55 31.56 31.57 31.58 31.59 31.59 31.6 31.61 31.62 31.63 31.63 -9999 -9999 31.66 31.66 31.66 31.66 31.67 31.67 31.67 31.67 31.67 31.67 31.67 31.66 31.66 31.68 31.68 31.67 31.59 31.48 31.61 31.64 31.6 31.46
