ASPA-UH-SWB2_REPO/input/Gridded_temps/prism_tmin_tutuila_30yr_normal_05.asc
ncols         350
nrows         200
xllcorner     515000
yllcorner     8409000
cellsize      100
NODATA_value  -9999
[rows 68 to 101 of 200, columns 77 to 153 of 350]
-9999 -9999 -9999 -9999 -9999 -9999 -9999 -9999 -9999 -9999 -9999 -9999 -9999 -9999 -9999 -9999 -9999 -9999 -9999 -9999 -9999 -9999 -9999 -9999 -9999 -9999 -9999 -9999 -9999 -9999 -9999 -9999 -9999 -9999 -9999 -9999 -9999 -9999 -9999 -9999 -9999 -9999 -9999 -9999 -9999 -9999 -9999 -9999 -9999 -9999 -9999 -9999 -9999 -9999 -9999 -9999 -9999 -9999 -9999 -9999 -9999 -9999 -9999 -9999 -9999 -9999 -9999 25 25 24.99 24.99 24.99 24.97 24.91 24.74 24.71 24.72
-9999 -9999 -9999 -9999 -9999 -9999 -9999 -9999 -9999 -9999 -9999 -9999 -9999 -9999 -9999 -9999 -9999 -9999 -9999 -9999 -9999 -9999 -9999 -9999 -9999 -9999 -9999 -9999 -9999 -9999 -9999 -9999 -9999 -9999 -9999 -9999 -9999 -9999 -9999 -9999 -9999 -9999 -9999 -9999 -9999 -9999 -9999 -9999 -9999 -9999 -9999 -9999 -9999 -9999 -9999 -9999 -9999 -9999 -9999 -9999 -9999 -9999 -9999 -9999 -9999 -9999 24.99 24.99 24.99 24.99 24.99 24.98 24.95 24.87 24.65 24.51 24.55
-9999 -9999 -9999 -9999 -9999 -9999 -9999 -9999 -9999 -9999 -9999 -9999 -9999 -9999 -9999 -9999 -9999 -9999 -9999 -9999 -9999 -9999 -9999 -9999 -9999 -9999 -9999 -9999 -9999 -9999 -9999 -9999 -9999 -9999 -9999 -9999 -9999 -9999 -9999 -9999 -9999 -9999 -9999 -9999 -9999 -9999 -9999 -9999 -9999 -9999 -9999 -9999 -9999 -9999 -9999 -9999 -9999 -9999 -9999 -9999 -9999 -9999 -9999 -9999 -9999 24.99 24.99 24.99 24.99 24.98 24.97 24.94 24.83 24.75 24.59 24.34 24.29
-9999 -9999 -9999 -9999 -9999 -9999 -9999 -9999 -9999 -9999 -9999 -9999 -9999 -9999 -9999 -9999 -9999 -9999 -9999 -9999 -9999 -9999 -9999 -9999 -9999 -9999 -9999 -9999 -9999 -9999 -9999 -9999 -9999 -9999 -9999 -9999 -9999 -9999 -9999 -9999 -9999 -9999 -9999 -9999 -9999 -9999 -9999 -9999 -9999 -9999 -9999 -9999 -9999 -9999 -9999 -9999 -9999 -9999 -9999 -9999 -9999 -9999 -9999 -9999 24.99 24.99 24.99 24.98 24.98 24.98 24.97 24.91 24.66 24.55 24.51 24.27 24.07
-9999 -9999 -9999 -9999 -9999 -9999 -9999 -9999 -9999 -9999 -9999 -9999 -9999 -9999 -9999 -9999 -9999 -9999 -9999 -9999 -9999 -9999 -9999 -9999 -9999 -9999 -9999 -9999 -9999 -9999 -9999 -9999 -9999 -9999 -9999 -9999 -9999 -9999 -9999 -9999 -9999 -9999 -9999 -9999 -9999 -9999 -9999 -9999 -9999 -9999 -9999 -9999 -9999 -9999 -9999 -9999 -9999 -9999 -9999 -9999 -9999 -9999 -9999 24.99 24.98 24.98 24.98 24.98 24.98 24.98 24.96 24.9 24.61 24.41 24.38 24.23 23.95
-9999 -9999 -9999 -9999 -9999 -9999 -9999 -9999 -9999 -9999 -9999 -9999 -9999 -9999 -9999 -9999 -9999 -9999 -9999 -9999 -9999 -9999 -9999 -9999 -9999 -9999 -9999 -9999 -9999 -9999 -9999 -9999 -9999 -9999 -9999 -9999 -9999 -9999 -9999 -9999 -9999 -9999 -9999 -9999 -9999 -9999 -9999 -9999 -9999 -9999 -9999 -9999 -9999 -9999 -9999 -9999 -9999 -9999 -9999 -9999 -9999 -9999 24.99 24.98 24.98 24.98 24.98 24.97 24.97 24.97 24.97 24.92 24.73 24.43 24.22 24.14 23.92
-9999 -9999 -9999 -9999 -9999 -9999 -9999 -9999 -9999 -9999 -9999 -9999 -9999 -9999 -9999 -9999 -9999 -9999 -9999 -9999 -9999 -9999 -9999 -9999 -9999 -9999 -9999 -9999 -9999 -9999 -9999 -9999 -9999 -9999 -9999 -9999 -9999 -9999 -9999 -9999 -9999 -9999 -9999 -9999 -9999 -9999 -9999 -9999 -9999 -9999 -9999 -9999 -9999 -9999 -9999 -9999 -9999 -9999 -9999 -9999 -9999 24.98 24.98 24.98 24.98 24.97 24.97 24.97 24.97 24.97 24.96 24.93 24.73 24.41 24.08 23.99 23.89
-9999 -9999 -9999 -9999 -9999 -9999 -9999 -9999 -9999 -9999 -9999 -9999 -9999 -9999 -9999 -9999 -9999 -9999 -9999 -9999 -9999 -9999 -9999 -9999 -9999 -9999 -9999 -9999 -9999 -9999 -9999 -9999 -9999 -9999 -9999 -9999 -9999 -9999 -9999 -9999 -9999 -9999 -9999 -9999 -9999 -9999 -9999 -9999 -9999 -9999 -9999 -9999 -9999 -9999 -9999 -9999 -9999 -9999 -9999 24.98 24.98 24.98 24.98 24.97 24.97 24.97 24.97 24.96 24.96 24.96 24.95 24.93 24.77 24.42 24.02 23.81 23.73
-9999 -9999 -9999 -9999 -9999 -9999 -9999 -9999 -9999 -9999 -9999 -9999 -9999 -9999 -9999 -9999 -9999 -9999 -9999 -9999 -9999 -9999 -9999 -9999 -9999 -9999 -9999 -9999 -9999 -9999 -9999 -9999 -9999 -9999 -9999 -9999 -9999 -9999 -9999 -9999 -9999 -9999 -9999 -9999 -9999 -9999 -9999 -9999 -9999 -9999 -9999 -9999 -9999 -9999 -9999 -9999 -9999 24.99 24.99 24.98 24.98 24.97 24.97 24.97 24.97 24.96 24.96 24.96 24.96 24.95 24.94 24.89 24.69 24.32 23.96 23.68 23.57
-9999 -9999 -9999 -9999 -9999 -9999 -9999 -9999 -9999 -9999 -9999 -9999 -9999 -9999 -9999 -9999 -9999 -9999 -9999 -9999 -9999 -9999 -9999 -9999 -9999 -9999 -9999 -9999 -9999 -9999 -9999 -9999 -9999 -9999 -9999 -9999 -9999 -9999 -9999 -9999 -9999 -9999 -9999 -9999 -9999 -9999 -9999 -9999 -9999 -9999 -9999 -9999 -9999 -9999 -9999 24.99 24.99 24.98 24.98 24.98 24.97 24.97 24.96 24.96 24.96 24.96 24.96 24.95 24.95 24.95 24.93 24.81 24.56 24.27 24.04 23.85 23.75
-9999 -9999 -9999 -9999 -9999 -9999 25.19 -9999 -9999 -9999 -9999 -9999 -9999 -9999 -9999 -9999 -9999 -9999 -9999 -9999 -9999 -9999 -9999 -9999 -9999 -9999 -9999 -9999 25.11 25.11 25.11 -9999 -9999 -9999 -9999 -9999 -9999 -9999 -9999 -9999 -9999 -9999 -9999 -9999 -9999 -9999 -9999 -9999 -9999 -9999 -9999 -9999 -9999 -9999 24.99 24.99 24.98 24.98 24.97 24.97 24.97 24.95 24.91 24.92 24.95 24.95 24.95 24.94 24.94 24.94 24.92 24.81 24.63 24.46 24.36 24.24 24.11
-9999 -9999 -9999 -9999 -9999 25.2 25.19 25.19 25.19 25.19 -9999 -9999 -9999 -9999 -9999 -9999 -9999 -9999 -9999 -9999 -9999 -9999 -9999 -9999 -9999 -9999 -9999 25.12 25.11 25.11 25.11 25.1 -9999 -9999 -9999 -9999 -9999 -9999 -9999 -9999 -9999 -9999 -9999 -9999 -9999 -9999 -9999 -9999 -9999 -9999 -9999 -9999 -9999 24.99 24.99 24.98 24.98 24.97 24.97 24.96 24.96 24.9 24.79 24.8 24.9 24.94 24.94 24.94 24.94 24.93 24.92 24.88 24.81 24.72 24.65 24.52 24.32
-9999 -9999 -9999 -9999 25.2 25.2 25.2 25.19 25.19 25.19 25.19 -9999 -9999 -9999 -9999 -9999 -9999 -9999 -9999 -9999 -9999 -9999 -9999 -9999 25.14 25.13 -9999 25.12 25.11 25.11 25.11 25.1 25.1 -9999 -9999 -9999 -9999 -9999 -9999 -9999 -9999 -9999 -9999 -9999 -9999 -9999 -9999 -9999 -9999 -9999 -9999 -9999 24.99 24.99 24.98 24.98 24.97 24.97 24.96 24.95 24.93 24.82 24.63 24.61 24.77 24.87 24.9 24.91 24.93 24.93 24.93 24.92 24.9 24.86 24.81 24.66 24.51
-9999 -9999 -9999 25.21 25.2 25.2 25.2 25.2 25.19 25.19 25.19 25.19 -9999 -9999 -9999 -9999 -9999 -9999 -9999 -9999 -9999 -9999 25.15 25.14 25.14 25.13 25.13 25.12 25.12 25.11 25.11 25.1 25.1 25.09 -9999 -9999 -9999 -9999 -9999 -9999 -9999 -9999 -9999 -9999 -9999 -9999 -9999 -9999 -9999 -9999 -9999 24.99 24.99 24.98 24.98 24.97 24.97 24.96 24.94 24.88 24.8 24.59 24.34 24.35 24.5 24.65 24.71 24.79 24.88 24.91 24.92 24.92 24.91 24.91 24.87 24.79 24.72
-9999 25.21 25.21 25.21 25.21 25.21 25.2 25.2 25.2 25.19 25.19 25.19 25.19 -9999 -9999 -9999 -9999 -9999 -9999 -9999 25.16 25.15 25.15 25.14 25.14 25.13 25.13 25.12 25.12 25.11 25.11 25.1 25.1 25.09 25.09 -9999 -9999 -9999 -9999 -9999 -9999 -9999 -9999 -9999 -9999 -9999 -9999 -9999 -9999 -9999 24.99 24.99 24.98 24.98 24.97 24.96 24.95 24.91 24.84 24.67 24.35 24.04 23.93 24.03 24.17 24.33 24.46 24.6 24.75 24.86 24.91 24.91 24.91 24.9 24.88 24.85 24.8
25.22 25.22 25.21 25.21 25.21 25.21 25.21 25.2 25.2 25.2 25.19 25.19 25.19 25.19 -9999 25.18 -9999 -9999 25.17 25.16 25.16 25.15 25.15 25.14 25.14 25.14 25.13 25.12 25.12 25.11 25.11 25.1 25.1 25.09 25.09 25.08 25.07 -9999 -9999 -9999 -9999 -9999 -9999 -9999 25.03 25.02 -9999 25 25 25 24.99 24.99 24.98 24.98 24.96 24.92 24.86 24.73 24.49 24.32 24.16 23.88 23.71 23.73 23.82 24.05 24.3 24.47 24.64 24.82 24.89 24.9 24.9 24.89 24.85 24.81 24.76
25.22 25.22 25.22 25.22 25.22 25.2 25.18 25.2 25.21 25.2 25.2 25.2 25.19 25.19 25.19 25.18 25.18 25.18 25.17 25.16 25.16 25.16 25.15 25.15 25.14 25.14 25.13 25.12 25.11 25.09 25.07 25.1 25.1 25.09 25.09 25.08 25.07 25.06 -9999 -9999 -9999 -9999 -9999 25.03 25.02 25.01 25.01 25 25 24.99 24.99 24.98 24.98 24.96 24.92 24.79 24.66 24.56 24.33 24.08 23.9 23.69 23.49 23.48 23.67 24.09 24.42 24.64 24.79 24.86 24.89 24.9 24.89 24.82 24.67 24.67 24.68
25.23 25.22 25.22 25.22 25.2 25.11 25.05 25.15 25.2 25.2 25.2 25.2 25.2 25.19 25.19 25.19 25.18 25.18 25.17 25.17 25.16 25.16 25.15 25.15 25.14 25.13 25.13 25.1 25.02 24.98 24.97 25.07 25.1 25.09 25.09 25.08 25.07 25.06 25.06 -9999 -9999 25.04 25.03 25.03 25.02 25.01 25.01 25 24.99 24.99 24.98 24.98 24.97 24.94 24.85 24.68 24.49 24.37 24.19 23.92 23.64 23.46 23.4 23.5 23.86 24.21 24.46 24.69 24.82 24.86 24.88 24.87 24.84 24.71 24.48 24.44 24.48
25.23 25.23 25.23 25.22 25.17 24.92 24.78 24.99 25.16 25.21 25.21 25.2 25.2 25.2 25.19 25.19 25.19 25.18 25.18 25.17 25.16 25.16 25.15 25.13 25.09 25.09 25.1 25.02 24.83 24.81 24.91 25.06 25.09 25.09 25.09 25.08 25.07 25.06 25.06 25.05 25.04 25.04 25.03 25.02 25.02 25.01 25 25 24.99 24.99 24.98 24.97 24.97 24.94 24.84 24.61 24.36 24.18 24.01 23.76 23.47 23.39 23.58 23.79 23.99 24.23 24.43 24.62 24.77 24.83 24.84 24.81 24.77 24.66 24.46 24.28 24.22
25.22 25.22 25.21 25.18 25.08 24.72 24.54 24.73 25.08 25.2 25.21 25.21 25.2 25.2 25.2 25.19 25.19 25.18 25.18 25.17 25.16 25.14 25.09 24.98 24.89 24.94 24.96 24.84 24.74 24.84 25 25.09 25.1 25.09 25.08 25.07 25.07 25.06 25.06 25.05 25.04 25.04 25.03 25.02 25.01 25.01 25 24.99 24.99 24.98 24.97 24.96 24.96 24.95 24.88 24.59 24.27 24.03 23.8 23.54 23.34 23.49 23.83 24.07 24.18 24.34 24.5 24.62 24.74 24.79 24.77 24.7 24.63 24.55 24.4 24.19 23.98
25.17 25.17 25.06 24.97 24.76 24.46 24.5 24.76 25.07 25.2 25.21 25.21 25.21 25.2 25.19 25.18 25.19 25.19 25.17 25.16 25.13 25.06 24.92 24.7 24.67 24.75 24.72 24.7 24.77 24.94 25.06 25.1 25.1 25.08 25.05 25.04 25.05 25.05 25.05 25.05 25.04 25.03 25.03 25.01 24.98 24.97 24.99 24.98 24.96 24.97 24.95 24.93 24.94 24.93 24.85 24.56 24.21 23.91 23.6 23.33 23.25 23.55 23.91 24.17 24.32 24.45 24.57 24.66 24.72 24.74 24.69 24.58 24.45 24.34 24.2 24.04 23.78
25.02 25.05 24.84 24.64 24.42 24.32 24.51 24.84 25.1 25.21 25.22 25.21 25.18 25.18 25.14 25.1 25.17 25.17 25.12 25.11 25.05 24.89 24.75 24.54 24.6 24.63 24.54 24.61 24.8 24.98 25.05 25.09 25.09 25.03 24.92 24.87 24.92 25.01 25.05 25.05 25.04 25.03 25.02 24.96 24.84 24.81 24.91 24.91 24.86 24.88 24.9 24.84 24.85 24.88 24.81 24.59 24.26 23.89 23.55 23.23 23.17 23.51 23.86 24.1 24.27 24.41 24.52 24.61 24.65 24.65 24.58 24.48 24.3 24.09 23.88 23.7 23.56
24.86 24.92 24.71 24.46 24.24 24.21 24.45 24.81 25.08 25.21 25.22 25.19 25.05 25.05 24.99 25.01 25.13 25.1 24.96 24.95 24.92 24.73 24.63 24.48 24.52 24.54 24.42 24.54 24.79 24.92 24.93 25.04 25.06 24.97 24.76 24.62 24.71 24.94 25.04 25.04 25.04 25.02 24.97 24.84 24.61 24.56 24.72 24.73 24.61 24.67 24.78 24.7 24.64 24.72 24.74 24.62 24.39 24.01 23.67 23.32 23.16 23.4 23.68 23.88 24.08 24.26 24.43 24.51 24.54 24.53 24.43 24.33 24.16 23.86 23.46 23.14 23.14
24.76 24.8 24.59 24.32 24.1 24.17 24.44 24.78 25.06 25.21 25.23 25.18 24.97 24.81 24.77 24.88 25.03 24.98 24.79 24.79 24.78 24.61 24.53 24.39 24.39 24.43 24.32 24.46 24.74 24.8 24.8 24.99 25.03 24.92 24.68 24.52 24.63 24.9 25.03 25.04 25.02 24.97 24.87 24.67 24.43 24.36 24.47 24.5 24.37 24.41 24.61 24.57 24.41 24.45 24.58 24.58 24.46 24.23 23.9 23.53 23.26 23.24 23.4 23.65 23.94 24.18 24.35 24.35 24.4 24.38 24.24 24.13 24.03 23.75 23.17 22.59 22.6
24.6 24.68 24.49 24.21 24.1 24.32 24.6 24.85 25.08 25.21 25.23 25.18 24.97 24.69 24.6 24.73 24.92 24.9 24.72 24.69 24.67 24.49 24.42 24.28 24.24 24.29 24.24 24.38 24.63 24.63 24.73 24.97 25.01 24.91 24.64 24.48 24.63 24.87 25.01 25.04 24.99 24.84 24.73 24.61 24.35 24.2 24.24 24.26 24.14 24.15 24.41 24.46 24.24 24.18 24.35 24.36 24.33 24.24 24.09 23.78 23.39 23.14 23.23 23.58 23.9 24.11 24.19 24.06 24.22 24.22 24.05 23.85 23.8 23.53 22.92 22.29 22.27
24.47 24.6 24.41 24.15 24.18 24.52 24.8 25 25.14 25.21 25.22 25.16 24.97 24.69 24.53 24.66 24.85 24.82 24.63 24.6 24.56 24.36 24.29 24.16 24.08 24.14 24.13 24.27 24.44 24.48 24.65 24.86 24.95 24.91 24.64 24.43 24.49 24.7 24.93 25.02 24.94 24.65 24.53 24.54 24.35 24.09 23.98 23.98 23.91 23.88 24.15 24.22 24.08 23.93 24.02 23.98 23.95 23.93 23.92 23.8 23.48 23.18 23.23 23.53 23.75 23.92 23.9 23.81 24.03 24.02 23.85 23.51 23.33 23.16 22.62 22.1 22.04
24.34 24.49 24.29 24.04 24.2 24.6 24.94 25.1 25.18 25.2 25.17 25.08 24.87 24.61 24.46 24.61 24.7 24.71 24.59 24.51 24.45 24.26 24.14 24.05 23.97 24.01 24.02 24.15 24.24 24.32 24.52 24.66 24.82 24.85 24.58 24.34 24.34 24.52 24.81 24.97 24.93 24.63 24.37 24.36 24.31 24.06 23.83 23.71 23.64 23.62 23.77 23.87 23.85 23.65 23.61 23.56 23.46 23.45 23.54 23.56 23.35 23.12 23.16 23.32 23.46 23.56 23.54 23.63 23.83 23.76 23.52 23.15 22.76 22.58 22.26 21.97 22.03
24.28 24.31 24.12 23.99 24.21 24.63 24.96 25.1 25.13 25.14 25.06 24.9 24.65 24.42 24.33 24.49 24.48 24.51 24.52 24.42 24.35 24.22 24.01 23.95 23.87 23.86 23.88 24.01 24.02 24.13 24.33 24.54 24.77 24.79 24.49 24.26 24.29 24.42 24.57 24.88 24.93 24.69 24.3 24.16 24.19 24.08 23.84 23.6 23.43 23.36 23.41 23.54 23.59 23.43 23.3 23.25 23.07 23.02 23.16 23.21 23.12 22.9 22.86 22.98 23.14 23.23 23.21 23.38 23.44 23.36 23.16 22.69 22.34 22.18 21.99 21.86 22.1
24.06 24.02 24.04 24.18 24.43 24.74 24.96 25.01 24.99 25.01 24.88 24.69 24.4 24.17 24.21 24.37 24.3 24.35 24.42 24.3 24.18 24.16 24.05 23.92 23.76 23.7 23.74 23.83 23.8 23.94 24.26 24.61 24.79 24.69 24.34 24.13 24.17 24.25 24.34 24.7 24.91 24.77 24.33 24.03 23.96 23.94 23.88 23.7 23.46 23.31 23.2 23.25 23.31 23.19 23.03 22.96 22.84 22.81 22.9 22.96 22.89 22.72 22.68 22.74 22.8 22.86 22.86 22.92 22.89 22.83 22.65 22.28 22.11 22.07 22.01 21.94 22.06
23.8 23.85 24.09 24.39 24.69 24.9 24.96 24.89 24.79 24.88 24.82 24.59 24.3 24.03 24.13 24.27 24.18 24.24 24.33 24.22 24.01 23.99 23.89 23.86 23.74 23.61 23.62 23.64 23.63 23.85 24.22 24.59 24.74 24.53 24.16 23.95 23.97 24.06 24.19 24.58 24.89 24.79 24.39 24.01 23.8 23.71 23.72 23.69 23.56 23.4 23.18 23 22.9 22.82 22.79 22.8 22.91 23.12 23.18 23.17 23.09 23.01 23.05 23 22.93 22.94 22.85 22.84 22.67 22.39 22.24 22.18 22.17 22.17 22.12 22.01 22.02
23.76 23.99 24.29 24.61 24.83 24.88 24.82 24.71 24.63 24.76 24.7 24.51 24.27 23.96 24.02 24.11 24.04 24.11 24.19 24.05 23.85 23.82 23.72 23.72 23.62 23.51 23.48 23.5 23.58 23.81 24.01 24.26 24.53 24.46 24.09 23.82 23.8 23.94 24.18 24.56 24.83 24.69 24.33 24.03 23.79 23.62 23.54 23.5 23.41 23.28 23.12 22.9 22.69 22.58 22.66 22.94 23.28 23.57 23.66 23.51 23.36 23.27 23.34 23.3 23.21 23.29 23.21 23.17 23.01 22.73 22.45 22.37 22.37 22.29 22.19 22.11 22.12
23.84 24.18 24.49 24.74 24.77 24.69 24.64 24.52 24.47 24.64 24.59 24.39 24.17 23.89 23.88 23.95 23.86 23.89 23.99 23.83 23.65 23.63 23.57 23.53 23.41 23.35 23.37 23.47 23.57 23.71 23.85 24.04 24.33 24.42 24.1 23.8 23.74 23.94 24.2 24.52 24.76 24.62 24.36 24.11 23.89 23.69 23.51 23.39 23.27 23.14 23 22.8 22.62 22.52 22.69 23.11 23.54 23.83 23.96 23.8 23.57 23.44 23.54 23.54 23.5 23.56 23.52 23.41 23.21 22.89 22.58 22.52 22.47 22.31 22.2 22.33 22.48
23.91 24.26 24.58 24.75 24.61 24.42 24.37 24.3 24.27 24.46 24.48 24.36 24.15 23.85 23.76 23.81 23.73 23.69 23.8 23.74 23.55 23.39 23.31 23.27 23.28 23.38 23.48 23.58 23.64 23.75 23.91 24.09 24.32 24.31 24.06 23.82 23.75 23.96 24.24 24.54 24.73 24.57 24.33 24.12 23.94 23.75 23.57 23.43 23.3 23.14 22.93 22.71 22.56 22.5 22.75 23.18 23.57 23.92 24.11 24.03 23.73 23.62 23.74 23.75 23.75 23.8 23.7 23.44 23.14 22.83 22.67 22.6 22.48 22.32 22.25 22.5 22.74
23.92 24.28 24.57 24.71 24.53 24.25 24.07 24.02 24.04 24.2 24.21 24.14 24.04 23.8 23.64 23.63 23.63 23.57 23.64 23.65 23.49 23.23 23.04 23.12 23.33 23.57 23.73 23.81 23.86 23.91 24.03 24.21 24.32 24.15 23.95 23.74 23.7 23.96 24.32 24.6 24.64 24.46 24.26 23.96 23.78 23.66 23.56 23.44 23.32 23.17 22.96 22.73 22.59 22.53 22.75 23.19 23.6 24 24.2 24.17 23.92 23.87 23.99 23.98 23.99 23.97 23.75 23.4 23.1 22.87 22.79 22.63 22.52 22.46 22.41 22.63 22.88
