ASPA-UH-SWB2_REPO/input/Gridded_temps/prism_tmin_tutuila_30yr_normal_03.asc
ncols         350
nrows         200
xllcorner     515000
yllcorner     8409000
cellsize      100
NODATA_value  -9999
[rows 140 to 174 of 200, columns 77 to 153 of 350]
25.53 25.53 25.53 25.53 25.52 25.51 25.5 25.49 25.45 25.34 25.22 25.17 25.24 25.28 25.25 25.23 25.23 25.27 25.29 25.29 25.28 25.28 25.27 25.23 25.09 24.87 24.73 24.64 24.55 24.5 24.51 24.57 24.58 24.53 24.51 24.57 24.67 24.74 24.75 24.74 24.73 24.73 24.72 24.71 24.7 24.7 24.7 24.69 24.69 24.7 24.7 24.71 24.71 24.72 24.72 24.72 24.72 24.72 24.72 24.72 24.72 24.72 24.72 24.73 24.73 24.74 24.75 24.76 24.76 24.76 24.76 24.77 24.78 24.78 24.79 24.8 24.8
25.53 25.53 25.53 25.53 25.52 25.5 25.49 25.47 25.46 25.41 25.32 25.28 25.31 25.32 25.31 25.29 25.29 25.29 25.28 25.28 25.28 25.28 25.27 25.22 25.07 24.89 24.82 24.71 24.59 24.57 24.58 24.6 24.61 24.58 24.56 24.57 24.63 24.71 24.74 24.74 24.73 24.72 24.72 24.71 24.7 24.7 24.7 24.7 24.7 24.71 24.71 24.72 24.72 24.73 24.73 24.73 24.73 24.73 24.72 24.72 24.72 24.72 24.72 24.73 24.73 24.74 24.75 24.76 24.76 24.77 24.77 24.78 24.79 24.8 24.81 24.81 24.82
25.53 25.53 25.53 25.53 25.52 25.5 25.47 25.46 25.44 25.4 25.34 25.32 25.33 25.32 25.31 25.3 25.29 25.28 25.27 25.26 25.27 25.27 25.26 25.23 25.17 25.1 25.02 24.85 24.68 24.63 24.61 24.6 24.62 24.62 24.61 24.6 24.63 24.69 24.72 24.73 24.72 24.72 24.72 24.71 24.7 24.71 24.71 24.7 24.71 24.71 24.72 24.73 24.74 24.74 24.74 24.74 24.73 24.73 24.73 24.73 24.73 24.72 24.73 24.73 24.73 24.74 24.75 24.76 24.76 24.77 24.77 24.79 24.8 24.81 24.82 24.83 24.82
25.53 25.53 25.53 25.53 25.52 25.49 25.46 25.43 25.4 25.37 25.35 25.34 25.33 25.32 25.31 25.3 25.29 25.27 25.26 25.26 25.26 25.26 25.25 25.24 25.22 25.19 25.14 25 24.82 24.71 24.62 24.54 24.56 24.59 24.6 24.62 24.64 24.68 24.71 24.72 24.72 24.72 24.72 24.71 24.7 24.71 24.71 24.71 24.71 24.72 24.73 24.74 24.75 24.75 24.75 24.74 24.74 24.74 24.74 24.73 24.73 24.72 24.73 24.73 24.73 24.74 24.75 24.76 24.76 24.77 24.77 24.79 24.8 24.82 24.83 24.83 24.83
25.53 25.53 25.53 25.52 25.5 25.48 25.44 25.41 25.39 25.36 25.35 25.34 25.33 25.32 25.32 25.31 25.29 25.28 25.27 25.26 25.25 25.25 25.24 25.24 25.22 25.2 25.17 25.08 24.94 24.77 24.59 24.44 24.48 24.54 24.59 24.62 24.65 24.68 24.7 24.71 24.72 24.72 24.72 24.71 24.7 24.71 24.71 24.71 24.71 24.72 24.73 24.75 24.76 24.76 24.75 24.75 24.74 24.74 24.74 24.74 24.73 24.73 24.73 24.73 24.74 24.74 24.75 24.75 24.76 24.77 24.78 24.79 24.81 24.83 24.83 24.83 24.83
25.53 25.53 25.52 25.5 25.48 25.47 25.43 25.4 25.38 25.37 25.36 25.35 25.34 25.33 25.32 25.31 25.3 25.28 25.27 25.26 25.25 25.24 25.23 25.23 25.21 25.2 25.18 25.12 24.99 24.78 24.56 24.44 24.54 24.64 24.66 24.63 24.63 24.67 24.7 24.71 24.71 24.72 24.72 24.71 24.7 24.71 24.71 24.72 24.72 24.73 24.74 24.76 24.77 24.77 24.76 24.75 24.75 24.75 24.74 24.74 24.73 24.73 24.73 24.73 24.74 24.74 24.75 24.76 24.76 24.78 24.78 24.8 24.81 24.82 24.83 24.83 24.83
25.53 25.53 25.51 25.49 25.47 25.45 25.43 25.41 25.39 25.38 25.37 25.37 25.36 25.35 25.33 25.32 25.3 25.28 25.27 25.26 25.25 25.24 25.23 25.22 25.2 25.19 25.18 25.13 25.03 24.83 24.6 24.48 24.66 24.84 24.84 24.71 24.64 24.66 24.7 24.71 24.71 24.72 24.72 24.72 24.72 24.72 24.72 24.72 24.73 24.74 24.76 24.77 24.77 24.77 24.77 24.76 24.76 24.75 24.74 24.74 24.74 24.73 24.73 24.73 24.73 24.74 24.75 24.76 24.78 24.78 24.79 24.8 24.81 24.82 24.83 24.83 24.83
25.53 25.53 25.51 25.48 25.46 25.44 25.43 25.42 25.4 25.39 25.39 25.39 25.38 25.36 25.34 25.32 25.3 25.28 25.27 25.26 25.25 25.24 25.23 25.21 25.2 25.19 25.17 25.14 25.07 24.96 24.75 24.56 24.69 24.88 24.9 24.76 24.65 24.66 24.7 24.71 24.72 24.73 24.74 24.74 24.74 24.74 24.74 24.74 24.75 24.76 24.77 24.78 24.78 24.78 24.78 24.77 24.76 24.75 24.75 24.75 24.74 24.74 24.73 24.73 24.73 24.74 24.75 24.78 24.78 24.79 24.79 24.8 24.81 24.83 24.83 24.83 24.83
25.53 25.52 25.5 25.48 25.45 25.44 25.43 25.43 25.42 25.41 25.41 25.4 25.39 25.37 25.35 25.33 25.31 25.29 25.27 25.26 25.26 25.25 25.23 25.21 25.19 25.17 25.16 25.13 25.1 25.03 24.9 24.73 24.69 24.77 24.81 24.71 24.65 24.67 24.71 24.73 24.74 24.76 24.76 24.77 24.77 24.77 24.76 24.76 24.77 24.78 24.78 24.79 24.79 24.78 24.78 24.78 24.77 24.76 24.76 24.76 24.75 24.74 24.74 24.74 24.74 24.75 24.77 24.78 24.79 24.79 24.8 24.81 24.82 24.83 24.84 24.84 24.84
25.53 25.52 25.5 25.47 25.45 25.44 25.43 25.44 25.43 25.43 25.42 25.41 25.39 25.38 25.35 25.34 25.32 25.3 25.28 25.27 25.27 25.25 25.23 25.21 25.18 25.16 25.14 25.12 25.08 25.04 24.97 24.87 24.77 24.74 24.75 24.71 24.69 24.71 24.73 24.75 24.76 24.78 24.79 24.79 24.79 24.78 24.78 24.78 24.78 24.78 24.78 24.78 24.78 24.78 24.78 24.78 24.78 24.77 24.77 24.77 24.76 24.76 24.76 24.76 24.76 24.77 24.78 24.79 24.8 24.81 24.82 24.83 24.84 24.84 24.84 24.84 24.84
25.53 25.53 25.51 25.48 25.46 25.45 25.44 25.44 25.44 25.44 25.43 25.42 25.39 25.38 25.36 25.34 25.33 25.31 25.29 25.28 25.27 25.25 25.23 25.21 25.18 25.16 25.14 25.1 25.07 25.03 24.97 24.91 24.85 24.79 24.77 24.75 24.75 24.75 24.75 24.76 24.79 24.8 24.81 24.81 24.8 24.79 24.79 24.79 24.78 24.78 24.77 24.78 24.78 24.78 24.79 24.79 24.79 24.78 24.78 24.78 24.78 24.78 24.78 24.78 24.78 24.79 24.8 24.82 24.83 24.83 24.84 24.85 24.85 24.85 24.85 24.85 24.84
25.53 25.53 25.52 25.49 25.47 25.46 25.45 25.45 25.44 25.44 25.43 25.42 25.4 25.38 25.37 25.36 25.34 25.32 25.3 25.29 25.27 25.25 25.23 25.21 25.18 25.15 25.13 25.1 25.06 25.02 24.96 24.91 24.86 24.82 24.8 24.8 24.79 24.78 24.78 24.79 24.8 24.81 24.82 24.82 24.81 24.8 24.8 24.79 24.78 24.78 24.77 24.78 24.79 24.79 24.8 24.8 24.8 24.79 24.79 24.79 24.8 24.8 24.8 24.8 24.8 24.81 24.83 24.85 24.85 24.85 24.86 24.86 24.86 24.85 24.85 24.85 24.85
25.53 25.53 25.52 25.51 25.48 25.47 25.46 25.46 25.45 25.44 25.43 25.42 25.4 25.4 25.38 25.37 25.35 25.33 25.31 25.29 25.28 25.26 25.23 25.21 25.18 25.15 25.12 25.09 25.05 25.01 24.97 24.91 24.87 24.84 24.82 24.81 24.8 24.8 24.8 24.81 24.82 24.82 24.82 24.82 24.82 24.81 24.8 24.8 24.79 24.79 24.78 24.79 24.8 24.81 24.81 24.81 24.81 24.8 24.8 24.8 24.81 24.82 24.82 24.81 24.82 24.83 24.86 24.88 24.87 24.87 24.86 24.86 24.86 24.86 24.86 24.85 -9999
25.53 25.53 25.53 25.52 25.51 25.49 25.47 25.46 25.45 25.44 25.43 25.42 25.41 25.4 25.39 25.37 25.36 25.34 25.33 25.31 25.28 25.26 25.23 25.21 25.18 25.15 25.11 25.08 25.05 25.01 24.97 24.92 24.87 24.84 24.82 24.8 24.8 24.8 24.8 24.8 24.81 24.82 24.82 24.82 24.82 24.81 24.81 24.81 24.8 24.8 24.8 24.8 24.81 24.82 24.83 24.83 24.82 24.82 24.81 24.81 24.82 24.82 24.82 24.82 24.83 24.85 24.88 24.89 24.88 24.88 24.87 24.87 24.86 24.86 24.86 -9999 -9999
25.53 25.53 25.53 25.53 25.52 25.51 25.49 25.47 25.45 25.44 25.43 25.42 25.42 25.41 25.39 25.37 25.36 25.36 25.34 25.32 25.29 25.26 25.23 25.21 25.18 25.15 25.12 25.09 25.05 25.01 24.96 24.91 24.89 24.86 24.82 24.78 24.77 24.78 24.77 24.78 24.79 24.8 24.81 24.81 24.82 24.81 24.81 24.81 24.81 24.81 24.81 24.81 24.82 24.84 24.85 24.84 24.84 24.83 24.82 24.82 24.83 24.83 24.84 24.84 24.86 24.88 24.89 24.89 24.89 24.88 24.87 24.87 24.87 24.87 -9999 -9999 -9999
25.53 25.53 25.53 25.53 25.53 25.52 25.49 25.47 25.45 25.44 25.43 25.42 25.42 25.41 25.4 25.39 25.38 25.36 25.34 25.33 25.29 25.27 25.24 25.21 25.2 25.17 25.14 25.1 25.05 25 24.95 24.93 24.92 24.9 24.84 24.76 24.73 24.72 24.71 24.7 24.73 24.75 24.76 24.78 24.79 24.8 24.8 24.81 24.82 24.82 24.82 24.82 24.83 24.84 24.86 24.86 24.85 24.85 24.84 24.84 24.84 24.85 24.86 24.88 24.89 24.9 24.9 24.9 24.89 24.89 24.88 24.88 24.87 -9999 -9999 -9999 -9999
25.53 25.53 25.53 25.53 25.53 25.51 25.49 25.47 25.45 25.44 25.43 25.42 25.42 25.42 25.41 25.4 25.39 25.37 25.35 25.33 25.3 25.27 25.24 25.22 25.2 25.17 25.14 25.1 25.05 24.99 24.96 24.96 24.97 24.94 24.85 24.75 24.71 24.69 24.66 24.63 24.63 24.65 24.67 24.69 24.72 24.75 24.77 24.79 24.8 24.82 24.82 24.82 24.84 24.85 24.87 24.88 24.87 24.87 24.87 24.87 24.87 24.88 24.9 24.91 24.92 24.91 24.91 24.9 24.9 24.89 24.89 24.88 -9999 -9999 -9999 -9999 -9999
25.53 25.53 25.53 25.53 25.53 25.51 25.48 25.47 25.45 25.44 25.43 25.42 25.42 25.42 25.42 25.41 25.4 25.38 25.36 25.34 25.31 25.28 25.26 25.22 25.19 25.15 25.1 25.06 25.01 24.97 24.94 24.97 24.97 24.92 24.81 24.73 24.75 24.79 24.81 24.74 24.66 24.62 24.59 24.6 24.65 24.7 24.73 24.75 24.77 24.79 24.81 24.82 24.84 24.86 24.88 24.89 24.89 24.89 24.9 24.9 24.9 24.91 24.92 24.93 24.93 24.92 24.91 24.91 24.9 24.9 24.89 -9999 -9999 -9999 -9999 -9999 -9999
25.53 25.53 25.53 25.53 25.52 25.5 25.48 25.47 25.46 25.45 25.44 25.43 25.43 25.43 25.42 25.41 25.4 25.39 25.37 25.34 25.31 25.27 25.25 25.21 25.17 25.11 25.05 24.99 24.96 24.93 24.92 24.94 24.93 24.83 24.71 24.7 24.8 24.92 25 24.97 24.87 24.78 24.67 24.6 24.63 24.69 24.71 24.73 24.74 24.77 24.79 24.82 24.85 24.88 24.9 24.91 24.91 24.91 24.92 24.93 24.93 24.94 24.95 24.94 24.94 24.93 24.92 24.92 24.91 -9999 -9999 -9999 -9999 -9999 -9999 -9999 -9999
25.53 25.53 25.53 25.53 25.52 25.5 25.48 25.47 25.46 25.45 25.44 25.44 25.44 25.44 25.43 25.42 25.4 25.38 25.36 25.32 25.28 25.25 25.22 25.18 25.13 25.06 25.01 24.97 24.96 24.96 24.94 24.94 24.88 24.76 24.67 24.74 24.89 25.02 25.09 25.09 25.06 24.99 24.85 24.72 24.71 24.75 24.75 24.74 24.74 24.77 24.8 24.82 24.85 24.88 24.91 24.93 24.94 24.94 24.94 24.96 24.96 24.96 24.96 24.95 24.95 24.93 24.93 24.92 24.92 -9999 -9999 -9999 -9999 -9999 -9999 -9999 -9999
25.53 25.53 25.53 25.53 25.52 25.51 25.49 25.47 25.45 25.45 25.45 25.45 25.46 25.45 25.44 25.42 25.4 25.37 25.34 25.3 25.25 25.21 25.18 25.12 25.05 25 24.98 24.98 24.99 25 25 24.98 24.91 24.8 24.73 24.81 24.97 25.07 25.12 25.14 25.12 25.09 24.99 24.85 24.8 24.81 24.82 24.81 24.81 24.81 24.8 24.82 24.86 24.89 24.93 24.95 24.96 24.97 24.98 24.98 24.98 24.98 24.97 24.96 24.95 24.95 24.93 -9999 -9999 -9999 -9999 -9999 -9999 -9999 -9999 -9999 -9999
25.53 25.53 25.53 25.53 25.53 25.51 25.5 25.48 25.46 25.45 25.45 25.46 25.46 25.45 25.43 25.41 25.38 25.35 25.32 25.28 25.23 25.18 25.12 25.04 24.96 24.94 24.93 24.91 24.92 24.95 24.99 25 24.96 24.89 24.82 24.85 24.97 25.08 25.13 25.16 25.16 25.13 25.03 24.9 24.83 24.83 24.87 24.89 24.88 24.84 24.81 24.82 24.85 24.9 24.93 24.96 24.97 24.99 25 25 24.99 24.99 24.98 24.97 24.96 24.95 -9999 -9999 -9999 -9999 -9999 -9999 -9999 -9999 -9999 -9999 -9999
25.53 25.53 25.53 25.53 25.53 25.53 25.52 25.5 25.47 25.46 25.47 25.47 25.47 25.46 25.43 25.4 25.37 25.34 25.3 25.26 25.21 25.15 25.06 24.95 24.87 24.85 24.83 24.8 24.77 24.8 24.91 24.96 24.97 24.95 24.89 24.86 24.95 25.06 25.13 25.17 25.19 25.14 25.02 24.91 24.85 24.83 24.88 24.93 24.92 24.86 24.82 24.82 24.85 24.89 24.93 24.96 24.99 25.01 25.02 25.01 25 24.99 24.98 24.98 24.97 -9999 -9999 -9999 -9999 -9999 -9999 -9999 -9999 -9999 -9999 -9999 -9999
-9999 25.53 25.53 25.53 25.53 25.53 25.53 25.52 25.51 25.5 25.49 25.49 25.49 25.47 25.43 25.4 25.36 25.33 25.29 25.25 25.19 25.12 25.01 24.87 24.78 24.77 24.78 24.77 24.72 24.7 24.79 24.88 24.93 24.97 24.96 24.89 24.93 25.05 25.13 25.18 25.22 25.19 25.13 25.07 24.97 24.88 24.91 24.95 24.95 24.89 24.84 24.83 24.86 24.9 24.94 24.97 25.01 25.04 25.04 25.03 25.01 25 24.99 24.98 -9999 -9999 -9999 -9999 -9999 -9999 -9999 -9999 -9999 -9999 -9999 -9999 -9999
-9999 -9999 25.53 25.53 25.53 25.53 25.53 25.53 25.52 25.52 25.52 25.51 25.51 25.49 25.45 25.41 25.37 25.32 25.28 25.22 25.14 25.03 24.88 24.75 24.7 24.73 24.78 24.79 24.77 24.72 24.69 24.75 24.82 24.93 25 24.95 24.93 25.02 25.11 25.16 25.23 25.24 25.23 25.21 25.14 25.02 24.97 24.99 24.99 24.94 24.88 24.86 24.87 24.9 24.95 25.01 25.04 25.05 25.04 25.03 25.02 25.01 25 -9999 -9999 -9999 -9999 -9999 -9999 -9999 -9999 -9999 -9999 -9999 -9999 -9999 -9999
-9999 -9999 -9999 25.53 25.53 25.53 25.52 25.52 25.52 25.52 25.52 25.52 25.52 25.51 25.47 25.43 25.39 25.33 25.28 25.21 25.09 24.93 24.76 24.7 24.74 24.78 24.78 24.81 24.84 24.86 24.84 24.76 24.77 24.86 24.99 25.04 25.05 25.1 25.15 25.16 25.23 25.26 25.26 25.24 25.21 25.11 25.05 25.04 25.02 24.96 24.9 24.88 24.88 24.92 24.99 25.04 25.07 25.06 25.05 25.04 25.03 25.02 -9999 -9999 -9999 -9999 -9999 -9999 -9999 -9999 -9999 -9999 -9999 -9999 -9999 -9999 -9999
-9999 -9999 -9999 -9999 25.52 25.52 25.52 25.52 25.52 25.52 25.52 25.52 25.52 25.52 25.5 25.47 25.44 25.39 25.33 25.23 25.07 24.87 24.78 24.91 25.09 25.15 25.16 25.16 25.16 25.18 25.18 25.07 24.92 24.89 24.95 25.07 25.15 25.23 25.27 25.26 25.27 25.28 25.26 25.25 25.23 25.19 25.14 25.1 25.04 24.96 24.92 24.9 24.91 24.96 25.02 25.07 25.07 25.06 25.06 25.05 25.04 -9999 -9999 -9999 -9999 -9999 -9999 -9999 -9999 -9999 -9999 -9999 -9999 -9999 -9999 -9999 -9999
-9999 -9999 -9999 -9999 -9999 25.52 25.52 25.52 25.52 25.52 25.52 25.52 25.51 25.51 25.51 25.5 25.48 25.46 25.4 25.28 25.05 24.86 24.96 25.23 25.39 25.41 25.41 25.4 25.39 25.39 25.37 25.3 25.12 24.99 24.94 25.02 25.12 25.23 25.29 25.3 25.29 25.28 25.26 25.25 25.23 25.22 25.2 25.14 25.04 24.97 24.93 24.93 24.95 25 25.06 25.09 25.08 25.07 25.06 25.05 25.04 -9999 -9999 -9999 -9999 -9999 -9999 -9999 -9999 -9999 -9999 -9999 -9999 -9999 -9999 -9999 -9999
-9999 -9999 -9999 -9999 -9999 -9999 25.52 25.52 25.52 25.52 25.52 25.51 25.51 25.51 25.51 25.51 25.5 25.49 25.46 25.38 25.21 24.97 25.19 25.41 25.45 25.46 25.44 25.44 25.43 25.42 25.41 25.36 25.22 25.06 24.93 24.92 24.99 25.12 25.23 25.29 25.29 25.28 25.26 25.25 25.23 25.22 25.21 25.16 25.07 24.99 24.96 24.96 24.99 25.05 25.09 25.1 25.09 25.08 25.07 25.06 25.05 -9999 -9999 -9999 -9999 -9999 -9999 -9999 -9999 -9999 -9999 -9999 -9999 -9999 -9999 -9999 -9999
-9999 -9999 -9999 -9999 -9999 -9999 -9999 -9999 25.52 25.52 25.51 25.51 25.51 25.51 25.51 25.5 25.5 25.5 25.49 25.47 25.43 25.22 25.37 25.45 25.46 25.45 25.44 25.44 25.43 25.42 25.41 25.37 25.25 25.09 24.92 24.85 24.9 25.01 25.14 25.27 25.29 25.28 25.27 25.25 25.23 25.22 25.21 25.19 25.14 25.07 25.03 25 25.03 25.08 25.11 25.1 25.09 25.08 25.07 25.07 -9999 -9999 -9999 -9999 -9999 -9999 -9999 -9999 -9999 -9999 -9999 -9999 -9999 -9999 -9999 -9999 -9999
-9999 -9999 -9999 -9999 -9999 -9999 -9999 -9999 -9999 -9999 -9999 25.51 25.51 25.51 25.5 25.5 25.5 25.49 25.49 25.49 25.47 25.42 25.44 25.46 25.46 25.45 25.44 25.43 25.43 25.42 25.41 25.35 25.21 25.05 24.91 24.86 24.92 25.03 25.15 25.27 25.29 25.28 25.27 25.25 25.24 25.22 25.21 25.2 25.18 25.14 25.11 25.08 25.08 25.11 25.12 25.11 25.1 25.09 25.08 25.07 -9999 -9999 -9999 -9999 -9999 -9999 -9999 -9999 -9999 -9999 -9999 -9999 -9999 -9999 -9999 -9999 -9999
-9999 -9999 -9999 -9999 -9999 -9999 -9999 -9999 -9999 -9999 -9999 -9999 -9999 -9999 25.5 25.5 25.49 25.49 25.49 25.48 25.48 25.47 25.46 25.46 25.45 25.45 25.44 25.43 25.42 25.41 25.38 25.3 25.12 24.96 24.87 24.89 24.97 25.08 25.21 25.28 25.29 25.28 25.27 25.26 25.24 25.23 25.21 25.2 25.19 25.17 25.16 25.14 25.13 25.13 25.12 25.11 25.1 25.09 25.08 -9999 -9999 -9999 -9999 -9999 -9999 -9999 -9999 -9999 -9999 -9999 -9999 -9999 -9999 -9999 -9999 -9999 -9999
-9999 -9999 -9999 -9999 -9999 -9999 -9999 -9999 -9999 -9999 -9999 -9999 -9999 -9999 -9999 25.49 25.49 25.49 25.48 25.48 25.47 25.47 25.46 25.46 25.45 25.45 25.44 25.43 25.41 25.34 25.26 25.16 25.01 24.9 24.89 24.96 25.04 25.14 25.25 25.3 25.29 25.28 25.27 25.26 -9999 25.23 25.22 25.21 25.2 25.18 25.17 25.16 25.15 25.14 25.13 25.12 25.11 -9999 -9999 -9999 -9999 -9999 -9999 -9999 -9999 -9999 -9999 -9999 -9999 -9999 -9999 -9999 -9999 -9999 -9999 -9999 -9999
-9999 -9999 -9999 -9999 -9999 -9999 -9999 -9999 -9999 -9999 -9999 -9999 -9999 -9999 -9999 -9999 -9999 25.48 25.48 25.47 25.47 25.46 25.46 25.45 25.45 25.44 25.43 25.42 25.39 25.27 25.09 25.02 24.97 24.95 24.99 25.06 25.13 25.21 25.28 25.3 25.29 25.28 25.27 25.26 -9999 -9999 -9999 25.21 25.2 25.19 25.18 25.17 25.16 25.14 25.13 25.12 -9999 -9999 -9999 -9999 -9999 -9999 -9999 -9999 -9999 -9999 -9999 -9999 -9999 -9999 -9999 -9999 -9999 -9999 -9999 -9999 -9999
-9999 -9999 -9999 -9999 -9999 -9999 -9999 -9999 -9999 -9999 -9999 -9999 -9999 -9999 -9999 -9999 -9999 -9999 25.47 25.47 25.47 25.46 25.46 25.45 25.44 25.44 25.43 25.42 25.4 25.31 25.12 25.03 25.03 25.06 25.1 25.15 25.22 25.28 25.31 25.3 25.29 25.28 25.27 25.26 -9999 -9999 -9999 -9999 25.2 25.19 25.18 25.17 25.16 25.14 25.14 -9999 -9999 -9999 -9999 -9999 -9999 -9999 -9999 -9999 -9999 -9999 -9999 -9999 -9999 -9999 -9999 -9999 -9999 -9999 -9999 -9999 -9999
