ASPA-UH-SWB2_REPO/input/Gridded_temps/prism_tmin_tutuila_30yr_normal_09.asc
ncols         350
nrows         200
xllcorner     515000
yllcorner     8409000
cellsize      100
NODATA_value  -9999
[rows 102 to 135 of 200, columns 0 to 76 of 350]
-9999 -9999 -9999 -9999 -9999 -9999 -9999 -9999 -9999 -9999 -9999 -9999 -9999 -9999 -9999 -9999 -9999 -9999 -9999 -9999 -9999 -9999 -9999 -9999 -9999 -9999 -9999 -9999 -9999 -9999 -9999 -9999 -9999 24.14 24.14 24.14 24.14 24.14 24.12 24.05 23.95 23.83 23.64 23.55 23.57 23.83 24.06 24.11 24.11 24.04 23.83 23.53 23.26 23.09 23.01 22.98 22.9 22.79 22.74 22.79 22.82 22.66 22.53 22.49 22.3 22.08 21.93 21.87 21.9 21.96 22.03 22.1 22.15 22.16 22.17 22.28 22.49
-9999 -9999 -9999 -9999 -9999 -9999 -9999 -9999 -9999 -9999 -9999 -9999 -9999 -9999 -9999 -9999 -9999 -9999 -9999 -9999 -9999 -9999 -9999 -9999 -9999 -9999 -9999 -9999 -9999 -9999 -9999 -9999 24.14 24.14 24.14 24.14 24.14 24.14 24.1 23.94 23.76 23.7 23.54 23.41 23.38 23.55 23.9 24.05 24.08 24.06 23.95 23.67 23.35 23.07 22.84 22.74 22.66 22.56 22.52 22.57 22.61 22.49 22.32 22.21 22.08 21.91 21.86 21.88 21.91 21.92 21.95 22.01 22.05 22.05 22.13 22.34 22.54
-9999 -9999 -9999 -9999 -9999 -9999 -9999 -9999 -9999 -9999 -9999 -9999 -9999 -9999 -9999 -9999 -9999 -9999 -9999 -9999 -9999 -9999 -9999 -9999 -9999 -9999 -9999 -9999 -9999 -9999 24.14 24.14 24.14 24.14 24.14 24.14 24.14 24.13 24.04 23.78 23.62 23.59 23.54 23.4 23.28 23.34 23.71 23.92 23.98 24.03 24 23.87 23.62 23.31 23.06 22.83 22.68 22.59 22.49 22.43 22.4 22.3 22.14 22 21.98 21.91 21.94 22.02 22.04 21.95 21.89 21.93 21.95 21.97 22.13 22.35 22.48
-9999 -9999 -9999 -9999 -9999 -9999 -9999 -9999 -9999 -9999 -9999 -9999 -9999 -9999 -9999 -9999 -9999 -9999 -9999 -9999 -9999 -9999 -9999 -9999 -9999 -9999 -9999 -9999 -9999 24.14 24.14 24.14 24.14 24.14 24.14 24.14 24.14 24.12 24.03 23.83 23.68 23.58 23.47 23.35 23.19 23.2 23.44 23.55 23.63 23.85 23.95 23.93 23.85 23.67 23.45 23.26 23.1 22.93 22.75 22.62 22.48 22.31 22.17 22.07 22.08 22.01 22.04 22.13 22.11 21.96 21.9 21.93 21.91 21.98 22.19 22.32 22.36
-9999 -9999 -9999 -9999 -9999 -9999 -9999 -9999 -9999 -9999 -9999 -9999 -9999 -9999 -9999 -9999 -9999 -9999 -9999 -9999 -9999 -9999 -9999 -9999 -9999 -9999 -9999 -9999 24.14 24.14 24.14 24.14 24.14 24.14 24.14 24.14 24.12 24.08 24 23.82 23.64 23.53 23.44 23.34 23.2 23.1 23.18 23.22 23.35 23.67 23.82 23.85 23.85 23.81 23.72 23.6 23.45 23.24 23.08 22.96 22.78 22.6 22.45 22.28 22.27 22.19 22.15 22.2 22.21 22.06 22.03 22.01 21.91 21.97 22.14 22.22 22.27
-9999 -9999 -9999 -9999 -9999 -9999 -9999 -9999 -9999 -9999 -9999 -9999 -9999 -9999 -9999 -9999 -9999 -9999 -9999 -9999 -9999 -9999 -9999 -9999 -9999 -9999 -9999 24.14 24.14 24.14 24.14 24.14 24.14 24.13 24.09 24.08 24.05 23.96 23.93 23.89 23.8 23.69 23.57 23.39 23.2 23.04 22.97 22.98 23.17 23.49 23.6 23.64 23.67 23.67 23.65 23.64 23.58 23.47 23.38 23.27 23.1 22.9 22.68 22.39 22.4 22.4 22.38 22.37 22.32 22.2 22.16 22.04 21.89 21.88 21.98 22.06 22.16
-9999 -9999 -9999 -9999 -9999 -9999 -9999 -9999 -9999 -9999 -9999 -9999 -9999 -9999 -9999 -9999 -9999 -9999 -9999 -9999 -9999 -9999 -9999 -9999 -9999 -9999 24.14 24.14 24.14 24.14 24.14 24.13 24.09 24.03 23.95 23.95 23.97 23.85 23.78 23.8 23.78 23.73 23.65 23.5 23.27 23.05 22.91 22.86 23 23.24 23.35 23.41 23.4 23.34 23.31 23.41 23.49 23.49 23.42 23.37 23.27 23.01 22.76 22.53 22.52 22.55 22.53 22.47 22.41 22.31 22.18 22 21.86 21.83 21.85 21.9 22
-9999 -9999 -9999 -9999 -9999 -9999 -9999 -9999 -9999 -9999 -9999 -9999 -9999 -9999 -9999 -9999 -9999 -9999 -9999 -9999 -9999 -9999 -9999 -9999 -9999 24.14 24.14 24.14 24.14 24.14 24.12 24.07 23.96 23.84 23.78 23.84 23.92 23.82 23.69 23.65 23.65 23.67 23.61 23.53 23.42 23.18 22.98 22.83 22.82 22.98 23.13 23.2 23.13 22.97 22.92 23.1 23.27 23.3 23.18 23.15 23.2 23.02 22.8 22.66 22.63 22.61 22.55 22.46 22.38 22.25 22.09 21.93 21.84 21.81 21.81 21.83 21.85
-9999 -9999 -9999 -9999 -9999 -9999 -9999 -9999 -9999 -9999 -9999 -9999 -9999 -9999 -9999 -9999 -9999 -9999 -9999 -9999 -9999 -9999 -9999 -9999 24.14 24.14 24.14 24.14 24.14 24.11 24.03 23.93 23.77 23.68 23.68 23.75 23.82 23.79 23.66 23.54 23.52 23.58 23.54 23.47 23.41 23.25 23.07 22.86 22.71 22.74 22.88 22.98 22.91 22.74 22.71 22.88 23.07 23.08 22.92 22.94 23.12 23.11 22.98 22.79 22.67 22.59 22.49 22.38 22.27 22.13 21.98 21.89 21.85 21.84 21.84 21.83 21.81
-9999 -9999 -9999 -9999 -9999 -9999 -9999 -9999 -9999 -9999 -9999 -9999 -9999 -9999 -9999 -9999 -9999 -9999 -9999 -9999 -9999 -9999 -9999 -9999 24.14 24.14 24.14 24.14 24.13 24.06 23.87 23.76 23.65 23.58 23.56 23.62 23.69 23.71 23.6 23.44 23.35 23.41 23.45 23.4 23.34 23.26 23.14 22.93 22.71 22.59 22.63 22.71 22.69 22.57 22.57 22.74 22.92 22.92 22.77 22.79 22.95 22.99 22.94 22.74 22.57 22.48 22.41 22.33 22.2 22.06 21.96 21.91 21.91 21.91 21.9 21.87 21.83
-9999 -9999 -9999 -9999 -9999 -9999 -9999 -9999 -9999 -9999 -9999 -9999 -9999 -9999 -9999 -9999 -9999 -9999 -9999 -9999 -9999 -9999 -9999 -9999 24.14 24.14 24.14 24.14 24.13 24.04 23.79 23.66 23.57 23.48 23.42 23.43 23.52 23.6 23.53 23.37 23.22 23.21 23.28 23.28 23.21 23.16 23.12 22.99 22.76 22.55 22.44 22.42 22.39 22.34 22.39 22.57 22.71 22.69 22.59 22.64 22.73 22.74 22.71 22.62 22.47 22.34 22.29 22.24 22.16 22.05 21.97 21.96 21.97 21.96 21.94 21.89 21.84
-9999 -9999 -9999 -9999 -9999 -9999 -9999 -9999 -9999 -9999 -9999 -9999 -9999 -9999 -9999 -9999 -9999 -9999 -9999 -9999 -9999 -9999 -9999 -9999 24.14 24.14 24.14 24.14 24.14 24.06 23.86 23.67 23.53 23.42 23.32 23.27 23.34 23.45 23.45 23.33 23.18 23.06 23.07 23.11 23.04 22.94 22.93 22.92 22.78 22.6 22.43 22.28 22.18 22.14 22.18 22.31 22.4 22.38 22.38 22.46 22.52 22.5 22.53 22.54 22.43 22.29 22.18 22.11 22.06 22 21.95 21.97 22.01 21.98 21.93 21.87 21.84
-9999 -9999 -9999 -9999 -9999 -9999 -9999 -9999 -9999 -9999 -9999 -9999 -9999 -9999 -9999 24.15 -9999 -9999 -9999 -9999 -9999 -9999 24.14 24.14 24.14 24.14 24.14 24.14 24.13 24.08 23.96 23.78 23.59 23.49 23.35 23.22 23.19 23.26 23.28 23.25 23.14 22.96 22.89 22.94 22.91 22.79 22.72 22.71 22.71 22.61 22.45 22.25 22.09 22.04 22.06 22.13 22.18 22.21 22.28 22.38 22.42 22.39 22.42 22.45 22.4 22.26 22.13 22.03 21.99 21.97 21.96 22 22.06 22.01 21.92 21.86 21.84
-9999 -9999 -9999 -9999 -9999 -9999 -9999 -9999 -9999 -9999 -9999 -9999 -9999 -9999 -9999 24.15 24.15 -9999 24.15 24.15 24.14 24.14 24.14 24.14 24.14 24.14 24.14 24.14 24.13 24.07 23.97 23.86 23.74 23.65 23.51 23.31 23.18 23.13 23.08 23.08 23.02 22.86 22.77 22.8 22.8 22.72 22.62 22.55 22.52 22.48 22.35 22.17 22.05 22.03 22.07 22.13 22.17 22.25 22.37 22.46 22.47 22.4 22.35 22.33 22.29 22.2 22.11 22.05 22.07 22.1 22.11 22.13 22.16 22.13 22.01 21.94 21.91
-9999 -9999 -9999 -9999 -9999 -9999 -9999 -9999 -9999 -9999 -9999 -9999 -9999 -9999 24.15 24.15 24.15 24.15 24.15 24.14 24.14 24.14 24.14 24.14 24.14 24.14 24.14 24.14 24.12 24.04 23.93 23.86 23.77 23.7 23.61 23.46 23.31 23.14 22.99 22.93 22.88 22.78 22.69 22.69 22.69 22.63 22.54 22.43 22.33 22.28 22.2 22.11 22.09 22.12 22.15 22.19 22.25 22.36 22.5 22.56 22.51 22.41 22.31 22.28 22.27 22.25 22.22 22.23 22.29 22.36 22.37 22.37 22.37 22.38 22.24 22.11 22.04
-9999 -9999 -9999 -9999 -9999 -9999 -9999 -9999 -9999 -9999 -9999 -9999 -9999 24.15 24.15 24.15 24.15 24.15 24.15 24.14 24.14 24.14 24.14 24.14 24.14 24.14 24.14 24.13 24.1 23.97 23.82 23.75 23.66 23.57 23.52 23.46 23.4 23.26 23.09 22.93 22.82 22.72 22.62 22.57 22.58 22.56 22.5 22.37 22.24 22.23 22.26 22.25 22.26 22.32 22.32 22.32 22.4 22.51 22.6 22.6 22.47 22.35 22.29 22.39 22.47 22.47 22.43 22.46 22.5 22.55 22.57 22.61 22.59 22.6 22.45 22.25 22.17
-9999 -9999 -9999 -9999 -9999 -9999 -9999 -9999 -9999 -9999 -9999 -9999 24.15 24.15 24.15 24.15 24.15 24.15 24.14 24.14 24.14 24.14 24.14 24.14 24.14 24.14 24.14 24.12 24.03 23.83 23.68 23.61 23.52 23.38 23.31 23.27 23.31 23.27 23.11 22.93 22.81 22.71 22.59 22.51 22.52 22.59 22.59 22.44 22.33 22.37 22.47 22.49 22.51 22.59 22.56 22.52 22.61 22.68 22.72 22.64 22.51 22.42 22.3 22.43 22.63 22.65 22.63 22.72 22.72 22.7 22.74 22.83 22.8 22.73 22.59 22.44 22.35
-9999 -9999 -9999 -9999 -9999 -9999 -9999 -9999 -9999 -9999 -9999 24.15 24.15 24.15 24.15 24.15 24.15 24.14 24.14 24.14 24.14 24.14 24.14 24.12 24.11 24.1 24.11 24.06 23.93 23.72 23.59 23.5 23.38 23.21 23.1 23.08 23.14 23.19 23.06 22.93 22.86 22.77 22.64 22.52 22.52 22.62 22.68 22.57 22.48 22.53 22.67 22.73 22.76 22.84 22.78 22.76 22.81 22.86 22.82 22.68 22.63 22.64 22.51 22.51 22.75 22.85 22.8 22.94 22.92 22.85 22.89 23.01 22.95 22.81 22.65 22.5 22.44
-9999 -9999 -9999 -9999 -9999 -9999 -9999 -9999 -9999 -9999 24.15 24.15 24.15 24.15 24.15 24.15 24.15 24.14 24.14 24.13 24.13 24.12 24.08 24 23.92 23.93 23.96 23.94 23.82 23.6 23.5 23.44 23.34 23.19 23.07 23.04 23.11 23.15 23.05 22.95 22.89 22.79 22.68 22.62 22.62 22.68 22.77 22.7 22.65 22.73 22.85 22.98 23.02 23.08 23.02 23.04 23.05 23.04 22.87 22.7 22.77 22.86 22.75 22.63 22.79 23.01 23.03 23.09 23.08 23.05 23.06 23.11 23 22.8 22.65 22.56 22.54
-9999 -9999 -9999 -9999 -9999 -9999 -9999 -9999 -9999 -9999 24.15 24.15 24.15 24.15 24.15 24.15 24.14 24.13 24.12 24.08 24.01 23.96 23.88 23.72 23.57 23.6 23.68 23.71 23.62 23.48 23.45 23.46 23.43 23.33 23.22 23.25 23.29 23.24 23.07 22.92 22.85 22.77 22.72 22.76 22.78 22.78 22.86 22.82 22.78 22.88 22.99 23.16 23.23 23.28 23.26 23.34 23.28 23.13 22.89 22.75 22.88 23.01 22.9 22.75 22.82 23.08 23.21 23.23 23.23 23.29 23.29 23.22 23.02 22.78 22.65 22.62 22.62
-9999 -9999 -9999 -9999 -9999 -9999 -9999 -9999 -9999 -9999 24.15 24.15 24.15 24.15 24.15 24.15 24.12 24.09 24.1 24.04 23.88 23.69 23.63 23.54 23.42 23.42 23.5 23.55 23.51 23.46 23.53 23.63 23.6 23.46 23.39 23.46 23.48 23.41 23.2 23.01 22.89 22.83 22.8 22.87 22.92 22.88 22.95 22.91 22.89 23.03 23.14 23.27 23.41 23.49 23.49 23.49 23.38 23.19 22.96 22.81 22.9 23.08 23.04 22.88 22.86 23.05 23.24 23.36 23.41 23.47 23.39 23.21 22.98 22.77 22.68 22.69 22.69
-9999 -9999 -9999 -9999 -9999 -9999 -9999 -9999 -9999 -9999 24.15 24.15 24.15 24.15 24.15 24.14 24.07 23.97 24.08 24.11 23.97 23.72 23.71 23.71 23.55 23.45 23.54 23.65 23.65 23.61 23.71 23.83 23.8 23.69 23.62 23.64 23.63 23.55 23.33 23.15 22.99 22.91 22.86 22.94 23.02 22.95 23.02 23 22.98 23.12 23.26 23.39 23.58 23.72 23.7 23.55 23.39 23.23 23.05 22.89 22.95 23.14 23.18 23.01 22.91 23.02 23.22 23.42 23.54 23.57 23.42 23.17 22.97 22.8 22.74 22.78 22.78
-9999 -9999 -9999 -9999 -9999 -9999 -9999 -9999 -9999 -9999 -9999 24.15 24.15 24.15 24.15 24.14 24.09 24.01 24.1 24.13 24.09 23.98 24.01 24.01 23.86 23.69 23.73 23.83 23.84 23.83 23.9 23.98 23.98 23.94 23.87 23.82 23.75 23.65 23.44 23.25 23.12 23 22.93 23.04 23.13 23.05 23.1 23.13 23.09 23.16 23.34 23.54 23.76 23.9 23.84 23.63 23.5 23.35 23.17 23.01 23.03 23.22 23.31 23.18 23.03 23.03 23.18 23.39 23.58 23.65 23.5 23.22 23.04 22.91 22.86 22.9 22.91
-9999 -9999 -9999 -9999 -9999 -9999 -9999 -9999 -9999 -9999 -9999 -9999 24.15 24.15 24.15 24.14 24.13 24.12 24.13 24.14 24.13 24.12 24.12 24.11 24.05 23.96 23.95 23.98 24 24.03 24.06 24.08 24.08 24.06 24.01 23.93 23.81 23.67 23.48 23.29 23.22 23.12 23.07 23.17 23.26 23.16 23.17 23.25 23.25 23.25 23.38 23.64 23.88 23.99 23.97 23.84 23.75 23.52 23.31 23.2 23.2 23.32 23.43 23.36 23.18 23.08 23.16 23.35 23.58 23.71 23.57 23.29 23.14 23.03 23 23.04 23.04
-9999 -9999 -9999 -9999 -9999 -9999 -9999 -9999 -9999 -9999 -9999 -9999 -9999 24.15 24.15 24.14 24.14 24.14 24.14 24.14 24.14 24.14 24.14 24.13 24.12 24.09 24.09 24.09 24.1 24.12 24.11 24.11 24.11 24.09 24.06 23.97 23.8 23.6 23.42 23.3 23.3 23.22 23.2 23.31 23.38 23.27 23.22 23.34 23.42 23.41 23.47 23.7 23.94 24.04 24.05 24.02 23.96 23.76 23.51 23.43 23.41 23.45 23.53 23.5 23.36 23.2 23.21 23.36 23.6 23.76 23.64 23.39 23.25 23.18 23.17 23.19 23.13
-9999 -9999 -9999 -9999 -9999 -9999 -9999 -9999 -9999 -9999 -9999 -9999 -9999 -9999 24.15 24.14 24.14 24.14 24.14 24.14 24.14 24.14 24.14 24.13 24.13 24.13 24.13 24.13 24.13 24.13 24.12 24.12 24.11 24.1 24.06 23.94 23.76 23.55 23.37 23.33 23.38 23.29 23.3 23.41 23.48 23.4 23.31 23.39 23.56 23.58 23.58 23.78 23.99 24.07 24.08 24.07 24.05 23.94 23.76 23.66 23.58 23.56 23.62 23.62 23.53 23.36 23.29 23.37 23.56 23.76 23.76 23.55 23.37 23.35 23.35 23.29 23.15
-9999 -9999 -9999 -9999 -9999 -9999 -9999 -9999 -9999 -9999 -9999 -9999 -9999 -9999 -9999 24.14 24.14 24.14 24.14 24.14 24.14 24.14 24.14 24.13 24.13 24.13 24.13 24.13 24.13 24.13 24.12 24.12 24.12 24.11 24.04 23.86 23.68 23.56 23.47 23.47 23.45 23.35 23.39 23.49 23.56 23.51 23.41 23.5 23.69 23.79 23.83 23.95 24.06 24.09 24.08 24.08 24.08 24.04 23.97 23.85 23.68 23.61 23.67 23.72 23.65 23.5 23.39 23.42 23.51 23.72 23.85 23.71 23.5 23.49 23.44 23.29 23.16
-9999 -9999 -9999 -9999 -9999 -9999 -9999 -9999 -9999 -9999 -9999 -9999 -9999 -9999 -9999 24.14 24.14 24.14 24.14 -9999 24.14 24.14 24.13 24.13 24.13 24.13 24.13 24.13 24.13 24.12 24.12 24.12 24.12 24.11 24.05 23.98 23.9 23.85 23.74 23.63 23.51 23.41 23.46 23.57 23.66 23.61 23.51 23.62 23.83 23.96 24.02 24.06 24.09 24.08 24.08 24.08 24.08 24.07 24.04 23.94 23.74 23.65 23.7 23.78 23.75 23.62 23.51 23.5 23.57 23.74 23.89 23.76 23.6 23.57 23.46 23.32 23.25
-9999 -9999 -9999 -9999 -9999 -9999 -9999 -9999 -9999 -9999 -9999 -9999 -9999 -9999 -9999 -9999 24.14 24.14 -9999 -9999 -9999 24.14 24.13 24.13 24.13 24.13 24.13 24.13 24.13 24.12 24.12 24.12 24.12 24.1 24.04 24.06 24.06 24.05 24 23.88 23.71 23.56 23.55 23.69 23.81 23.71 23.58 23.69 23.91 24.03 24.08 24.09 24.08 24.08 24.08 24.08 24.08 24.08 24.05 23.99 23.85 23.73 23.76 23.84 23.83 23.7 23.58 23.59 23.69 23.85 23.93 23.76 23.63 23.65 23.56 23.44 23.37
-9999 -9999 -9999 -9999 -9999 -9999 -9999 -9999 -9999 -9999 -9999 -9999 -9999 -9999 -9999 -9999 -9999 -9999 -9999 -9999 -9999 -9999 -9999 -9999 24.13 24.13 24.13 24.13 24.12 24.12 24.12 24.12 24.12 24.11 24.08 24.1 24.11 24.11 24.1 24.07 24.03 23.88 23.73 23.82 23.93 23.8 23.64 23.78 23.99 24.06 24.09 24.08 24.08 24.08 24.08 24.08 24.08 24.07 24.04 23.98 23.87 23.77 23.82 23.9 23.89 23.74 23.61 23.67 23.81 23.92 23.96 23.8 23.66 23.74 23.7 23.55 23.49
-9999 -9999 -9999 -9999 -9999 -9999 -9999 -9999 -9999 -9999 -9999 -9999 -9999 -9999 -9999 -9999 -9999 -9999 -9999 -9999 -9999 -9999 -9999 -9999 -9999 24.13 24.13 24.13 24.12 -9999 24.12 24.12 24.12 24.11 24.1 24.11 24.11 24.11 24.11 24.11 24.09 24.06 24.01 24.02 24.03 23.93 23.76 23.83 24.02 24.08 24.09 24.08 24.08 24.08 24.08 24.08 24.08 24.08 24.05 23.99 23.88 23.8 23.88 23.96 23.96 23.86 23.7 23.77 23.92 24 24.01 23.88 23.7 23.8 23.78 23.65 23.65
-9999 -9999 -9999 -9999 -9999 -9999 -9999 -9999 -9999 -9999 -9999 -9999 -9999 -9999 -9999 -9999 -9999 -9999 -9999 -9999 -9999 -9999 -9999 -9999 -9999 -9999 -9999 -9999 -9999 -9999 -9999 24.12 24.12 24.11 24.11 24.11 24.11 24.11 24.11 24.11 24.1 24.1 24.09 24.09 24.09 24.05 23.95 23.95 24.05 24.09 24.08 24.08 24.08 24.08 24.08 24.08 24.08 24.08 24.07 24.04 23.98 23.94 23.99 24.03 24.04 23.98 23.87 23.88 24 24.06 24.04 23.92 23.76 23.87 23.87 23.8 23.79
-9999 -9999 -9999 -9999 -9999 -9999 -9999 -9999 -9999 -9999 -9999 -9999 -9999 -9999 -9999 -9999 -9999 -9999 -9999 -9999 -9999 -9999 -9999 -9999 -9999 -9999 -9999 -9999 -9999 -9999 -9999 -9999 24.12 24.11 24.11 24.11 24.11 24.11 24.11 24.1 24.1 24.1 24.1 24.1 24.1 24.08 24.07 24.06 24.09 24.09 24.08 24.08 24.08 24.08 24.08 24.08 24.08 24.07 24.07 24.07 24.06 24.05 24.06 24.06 24.06 24.05 23.99 23.99 24.04 24.07 24.05 23.94 23.8 23.93 23.97 23.93 23.84
-9999 -9999 -9999 -9999 -9999 -9999 -9999 -9999 -9999 -9999 -9999 -9999 -9999 -9999 -9999 -9999 -9999 -9999 -9999 -9999 -9999 -9999 -9999 -9999 -9999 -9999 -9999 -9999 -9999 -9999 -9999 -9999 -9999 24.11 24.11 24.11 24.11 24.11 24.11 24.1 24.1 24.1 24.1 24.1 24.09 24.09 24.09 24.09 24.09 24.09 24.08 24.08 24.08 -9999 -9999 24.08 24.07 24.07 24.07 24.07 24.07 24.07 24.07 24.07 24.07 24.07 24.05 24.05 24.07 24.07 24.06 23.99 23.9 23.99 24.03 24 23.88
