ASPA-UH-SWB2_REPO/input/Gridded_temps/prism_tmax_tutuila_30yr_normal_02.asc
ncols         350
nrows         200
xllcorner     515000
yllcorner     8409000
cellsize      100
NODATA_value  -9999
[rows 68 to 101 of 200, columns 77 to 153 of 350]
-9999 -9999 -9999 -9999 -9999 -9999 -9999 -9999 -9999 -9999 -9999 -9999 -9999 -9999 -9999 -9999 -9999 -9999 -9999 -9999 -9999 -9999 -9999 -9999 -9999 -9999 -9999 -9999 -9999 -9999 -9999 -9999 -9999 -9999 -9999 -9999 -9999 -9999 -9999 -9999 -9999 -9999 -9999 -9999 -9999 -9999 -9999 -9999 -9999 -9999 -9999 -9999 -9999 -9999 -9999 -9999 -9999 -9999 -9999 -9999 -9999 -9999 -9999 -9999 -9999 -9999 -9999 31.46 31.46 31.46 31.45 31.45 31.43 31.36 31.15 31.12 31.14
-9999 -9999 -9999 -9999 -9999 -9999 -9999 -9999 -9999 -9999 -9999 -9999 -9999 -9999 -9999 -9999 -9999 -9999 -9999 -9999 -9999 -9999 -9999 -9999 -9999 -9999 -9999 -9999 -9999 -9999 -9999 -9999 -9999 -9999 -9999 -9999 -9999 -9999 -9999 -9999 -9999 -9999 -9999 -9999 -9999 -9999 -9999 -9999 -9999 -9999 -9999 -9999 -9999 -9999 -9999 -9999 -9999 -9999 -9999 -9999 -9999 -9999 -9999 -9999 -9999 -9999 31.45 31.45 31.45 31.45 31.45 31.43 31.4 31.3 31.05 30.88 30.94
-9999 -9999 -9999 -9999 -9999 -9999 -9999 -9999 -9999 -9999 -9999 -9999 -9999 -9999 -9999 -9999 -9999 -9999 -9999 -9999 -9999 -9999 -9999 -9999 -9999 -9999 -9999 -9999 -9999 -9999 -9999 -9999 -9999 -9999 -9999 -9999 -9999 -9999 -9999 -9999 -9999 -9999 -9999 -9999 -9999 -9999 -9999 -9999 -9999 -9999 -9999 -9999 -9999 -9999 -9999 -9999 -9999 -9999 -9999 -9999 -9999 -9999 -9999 -9999 -9999 31.45 31.45 31.45 31.44 31.44 31.43 31.39 31.26 31.16 30.98 30.68 30.62
-9999 -9999 -9999 -9999 -9999 -9999 -9999 -9999 -9999 -9999 -9999 -9999 -9999 -9999 -9999 -9999 -9999 -9999 -9999 -9999 -9999 -9999 -9999 -9999 -9999 -9999 -9999 -9999 -9999 -9999 -9999 -9999 -9999 -9999 -9999 -9999 -9999 -9999 -9999 -9999 -9999 -9999 -9999 -9999 -9999 -9999 -9999 -9999 -9999 -9999 -9999 -9999 -9999 -9999 -9999 -9999 -9999 -9999 -9999 -9999 -9999 -9999 -9999 -9999 31.45 31.45 31.44 31.44 31.44 31.43 31.42 31.35 31.05 30.93 30.89 30.6 30.36
-9999 -9999 -9999 -9999 -9999 -9999 -9999 -9999 -9999 -9999 -9999 -9999 -9999 -9999 -9999 -9999 -9999 -9999 -9999 -9999 -9999 -9999 -9999 -9999 -9999 -9999 -9999 -9999 -9999 -9999 -9999 -9999 -9999 -9999 -9999 -9999 -9999 -9999 -9999 -9999 -9999 -9999 -9999 -9999 -9999 -9999 -9999 -9999 -9999 -9999 -9999 -9999 -9999 -9999 -9999 -9999 -9999 -9999 -9999 -9999 -9999 -9999 -9999 31.44 31.44 31.44 31.43 31.43 31.43 31.43 31.41 31.34 30.99 30.76 30.74 30.57 30.22
-9999 -9999 -9999 -9999 -9999 -9999 -9999 -9999 -9999 -9999 -9999 -9999 -9999 -9999 -9999 -9999 -9999 -9999 -9999 -9999 -9999 -9999 -9999 -9999 -9999 -9999 -9999 -9999 -9999 -9999 -9999 -9999 -9999 -9999 -9999 -9999 -9999 -9999 -9999 -9999 -9999 -9999 -9999 -9999 -9999 -9999 -9999 -9999 -9999 -9999 -9999 -9999 -9999 -9999 -9999 -9999 -9999 -9999 -9999 -9999 -9999 -9999 31.44 31.44 31.43 31.43 31.43 31.42 31.42 31.42 31.41 31.36 31.16 30.79 30.53 30.45 30.19
-9999 -9999 -9999 -9999 -9999 -9999 -9999 -9999 -9999 -9999 -9999 -9999 -9999 -9999 -9999 -9999 -9999 -9999 -9999 -9999 -9999 -9999 -9999 -9999 -9999 -9999 -9999 -9999 -9999 -9999 -9999 -9999 -9999 -9999 -9999 -9999 -9999 -9999 -9999 -9999 -9999 -9999 -9999 -9999 -9999 -9999 -9999 -9999 -9999 -9999 -9999 -9999 -9999 -9999 -9999 -9999 -9999 -9999 -9999 -9999 -9999 31.44 31.43 31.43 31.43 31.42 31.42 31.41 31.41 31.41 31.4 31.36 31.13 30.75 30.37 30.27 30.16
-9999 -9999 -9999 -9999 -9999 -9999 -9999 -9999 -9999 -9999 -9999 -9999 -9999 -9999 -9999 -9999 -9999 -9999 -9999 -9999 -9999 -9999 -9999 -9999 -9999 -9999 -9999 -9999 -9999 -9999 -9999 -9999 -9999 -9999 -9999 -9999 -9999 -9999 -9999 -9999 -9999 -9999 -9999 -9999 -9999 -9999 -9999 -9999 -9999 -9999 -9999 -9999 -9999 -9999 -9999 -9999 -9999 -9999 -9999 31.44 31.44 31.43 31.43 31.42 31.42 31.41 31.41 31.41 31.4 31.4 31.39 31.36 31.19 30.78 30.3 30.05 29.97
-9999 -9999 -9999 -9999 -9999 -9999 -9999 -9999 -9999 -9999 -9999 -9999 -9999 -9999 -9999 -9999 -9999 -9999 -9999 -9999 -9999 -9999 -9999 -9999 -9999 -9999 -9999 -9999 -9999 -9999 -9999 -9999 -9999 -9999 -9999 -9999 -9999 -9999 -9999 -9999 -9999 -9999 -9999 -9999 -9999 -9999 -9999 -9999 -9999 -9999 -9999 -9999 -9999 -9999 -9999 -9999 -9999 31.44 31.44 31.44 31.43 31.42 31.42 31.41 31.41 31.41 31.4 31.4 31.39 31.39 31.38 31.31 31.09 30.64 30.21 29.89 29.76
-9999 -9999 -9999 -9999 -9999 -9999 -9999 -9999 -9999 -9999 -9999 -9999 -9999 -9999 -9999 -9999 -9999 -9999 -9999 -9999 -9999 -9999 -9999 -9999 -9999 -9999 -9999 -9999 -9999 -9999 -9999 -9999 -9999 -9999 -9999 -9999 -9999 -9999 -9999 -9999 -9999 -9999 -9999 -9999 -9999 -9999 -9999 -9999 -9999 -9999 -9999 -9999 -9999 -9999 -9999 31.45 31.45 31.44 31.43 31.43 31.42 31.41 31.4 31.4 31.4 31.4 31.39 31.39 31.38 31.37 31.35 31.22 30.92 30.57 30.3 30.08 29.97
-9999 -9999 -9999 -9999 -9999 -9999 31.79 -9999 -9999 -9999 -9999 -9999 -9999 -9999 -9999 -9999 -9999 -9999 -9999 -9999 -9999 -9999 -9999 -9999 -9999 -9999 -9999 -9999 31.66 31.65 31.64 -9999 -9999 -9999 -9999 -9999 -9999 -9999 -9999 -9999 -9999 -9999 -9999 -9999 -9999 -9999 -9999 -9999 -9999 -9999 -9999 -9999 -9999 -9999 31.45 31.45 31.44 31.43 31.42 31.42 31.41 31.39 31.34 31.35 31.38 31.38 31.38 31.37 31.37 31.36 31.33 31.21 31.01 30.8 30.68 30.54 30.4
-9999 -9999 -9999 -9999 -9999 31.8 31.79 31.79 31.78 31.78 -9999 -9999 -9999 -9999 -9999 -9999 -9999 -9999 -9999 -9999 -9999 -9999 -9999 -9999 -9999 -9999 -9999 31.67 31.66 31.65 31.64 31.64 -9999 -9999 -9999 -9999 -9999 -9999 -9999 -9999 -9999 -9999 -9999 -9999 -9999 -9999 -9999 -9999 -9999 -9999 -9999 -9999 -9999 31.45 31.45 31.44 31.43 31.42 31.41 31.41 31.4 31.33 31.19 31.21 31.32 31.36 31.37 31.36 31.36 31.35 31.34 31.3 31.22 31.1 31.02 30.87 30.64
-9999 -9999 -9999 -9999 31.81 31.8 31.8 31.8 31.79 31.78 31.78 -9999 -9999 -9999 -9999 -9999 -9999 -9999 -9999 -9999 -9999 -9999 -9999 -9999 31.7 31.69 -9999 31.67 31.66 31.65 31.65 31.64 31.63 -9999 -9999 -9999 -9999 -9999 -9999 -9999 -9999 -9999 -9999 -9999 -9999 -9999 -9999 -9999 -9999 -9999 -9999 -9999 31.45 31.45 31.44 31.43 31.42 31.41 31.41 31.39 31.36 31.24 31.01 30.97 31.18 31.29 31.32 31.33 31.35 31.35 31.34 31.33 31.32 31.27 31.2 31.03 30.85
-9999 -9999 -9999 31.81 31.81 31.81 31.81 31.8 31.79 31.79 31.79 31.79 -9999 -9999 -9999 -9999 -9999 -9999 -9999 -9999 -9999 -9999 31.71 31.71 31.7 31.69 31.69 31.67 31.66 31.65 31.65 31.64 31.63 31.62 -9999 -9999 -9999 -9999 -9999 -9999 -9999 -9999 -9999 -9999 -9999 -9999 -9999 -9999 -9999 -9999 -9999 31.45 31.45 31.44 31.43 31.42 31.41 31.39 31.37 31.31 31.22 30.96 30.66 30.67 30.85 31.03 31.09 31.17 31.29 31.32 31.33 31.33 31.32 31.32 31.27 31.19 31.1
-9999 31.83 31.83 31.82 31.82 31.81 31.81 31.81 31.8 31.8 31.79 31.79 31.79 -9999 -9999 -9999 -9999 -9999 -9999 -9999 31.73 31.73 31.72 31.71 31.7 31.69 31.69 31.67 31.66 31.65 31.65 31.64 31.63 31.62 31.61 -9999 -9999 -9999 -9999 -9999 -9999 -9999 -9999 -9999 -9999 -9999 -9999 -9999 -9999 -9999 31.45 31.45 31.44 31.43 31.42 31.41 31.39 31.34 31.28 31.06 30.68 30.32 30.19 30.3 30.47 30.65 30.8 30.96 31.13 31.25 31.31 31.32 31.31 31.31 31.28 31.25 31.18
31.84 31.83 31.83 31.83 31.82 31.82 31.82 31.81 31.81 31.8 31.8 31.79 31.79 31.79 -9999 31.78 -9999 -9999 31.75 31.74 31.73 31.73 31.72 31.71 31.7 31.7 31.69 31.67 31.66 31.66 31.65 31.64 31.63 31.62 31.61 31.6 31.59 -9999 -9999 -9999 -9999 -9999 -9999 -9999 31.51 31.49 -9999 31.47 31.47 31.46 31.45 31.44 31.43 31.43 31.41 31.35 31.28 31.13 30.82 30.64 30.46 30.13 29.93 29.94 30.04 30.31 30.6 30.8 30.99 31.2 31.29 31.31 31.3 31.29 31.24 31.2 31.14
31.84 31.84 31.84 31.83 31.83 31.81 31.79 31.81 31.82 31.81 31.8 31.8 31.79 31.79 31.79 31.78 31.77 31.77 31.76 31.74 31.74 31.73 31.72 31.71 31.71 31.7 31.69 31.67 31.66 31.64 31.61 31.64 31.63 31.62 31.61 31.6 31.58 31.58 -9999 -9999 -9999 -9999 -9999 31.52 31.51 31.49 31.48 31.47 31.46 31.45 31.45 31.44 31.43 31.41 31.36 31.2 31.04 30.94 30.65 30.37 30.15 29.91 29.66 29.64 29.88 30.37 30.75 31.01 31.18 31.26 31.29 31.29 31.27 31.2 31.02 31.03 31.04
31.85 31.85 31.84 31.84 31.82 31.71 31.64 31.76 31.81 31.81 31.81 31.8 31.8 31.79 31.79 31.78 31.77 31.77 31.76 31.75 31.74 31.73 31.73 31.72 31.7 31.69 31.69 31.66 31.57 31.51 31.49 31.6 31.63 31.62 31.61 31.6 31.58 31.57 31.56 -9999 -9999 31.53 31.52 31.51 31.5 31.49 31.48 31.47 31.46 31.45 31.44 31.43 31.41 31.38 31.27 31.07 30.84 30.7 30.5 30.18 29.84 29.63 29.54 29.65 30.09 30.51 30.8 31.06 31.2 31.26 31.27 31.27 31.22 31.08 30.79 30.75 30.8
31.86 31.86 31.85 31.85 31.79 31.5 31.31 31.59 31.77 31.82 31.82 31.81 31.8 31.8 31.79 31.79 31.78 31.77 31.76 31.76 31.75 31.74 31.72 31.7 31.64 31.64 31.66 31.56 31.33 31.3 31.41 31.59 31.62 31.62 31.61 31.6 31.58 31.57 31.56 31.55 31.54 31.53 31.52 31.51 31.5 31.48 31.47 31.46 31.45 31.44 31.43 31.42 31.41 31.38 31.27 30.98 30.69 30.48 30.29 29.98 29.65 29.54 29.76 30.01 30.24 30.52 30.75 30.97 31.15 31.22 31.22 31.19 31.14 31.02 30.78 30.56 30.5
31.85 31.85 31.83 31.81 31.69 31.27 31.05 31.27 31.68 31.81 31.83 31.82 31.81 31.8 31.8 31.79 31.79 31.78 31.77 31.76 31.75 31.72 31.65 31.52 31.41 31.47 31.5 31.35 31.21 31.34 31.52 31.62 31.63 31.62 31.61 31.59 31.58 31.57 31.56 31.55 31.54 31.53 31.52 31.5 31.49 31.48 31.47 31.46 31.45 31.44 31.42 31.41 31.4 31.38 31.3 30.95 30.58 30.29 30.03 29.73 29.48 29.66 30.06 30.34 30.46 30.64 30.83 30.96 31.1 31.16 31.14 31.06 30.97 30.88 30.7 30.45 30.2
31.8 31.79 31.67 31.57 31.3 30.95 31 31.31 31.67 31.82 31.83 31.83 31.82 31.81 31.79 31.78 31.79 31.78 31.77 31.75 31.71 31.62 31.47 31.19 31.16 31.25 31.2 31.18 31.27 31.47 31.59 31.64 31.63 31.61 31.58 31.56 31.56 31.56 31.56 31.55 31.54 31.52 31.51 31.49 31.45 31.44 31.45 31.44 31.42 31.41 31.4 31.37 31.37 31.36 31.26 30.92 30.5 30.16 29.79 29.47 29.37 29.74 30.16 30.45 30.62 30.77 30.9 31.01 31.08 31.09 31.03 30.91 30.76 30.64 30.48 30.28 29.97
31.63 31.65 31.41 31.17 30.91 30.79 31.02 31.41 31.71 31.83 31.84 31.83 31.79 31.79 31.74 31.69 31.77 31.77 31.72 31.69 31.61 31.42 31.26 31.01 31.09 31.12 31 31.08 31.3 31.52 31.58 31.62 31.62 31.55 31.42 31.35 31.41 31.51 31.55 31.55 31.53 31.52 31.49 31.43 31.28 31.25 31.37 31.36 31.29 31.31 31.33 31.27 31.27 31.3 31.21 30.95 30.57 30.13 29.73 29.34 29.28 29.68 30.09 30.36 30.56 30.71 30.84 30.95 31 30.99 30.91 30.79 30.58 30.33 30.09 29.88 29.72
31.44 31.51 31.25 30.96 30.7 30.66 30.95 31.37 31.69 31.83 31.85 31.81 31.64 31.64 31.56 31.58 31.73 31.69 31.52 31.51 31.46 31.23 31.12 30.94 30.98 31.01 30.87 31 31.29 31.45 31.43 31.57 31.59 31.48 31.23 31.06 31.16 31.42 31.54 31.54 31.53 31.5 31.45 31.28 31.01 30.96 31.14 31.15 31.01 31.05 31.19 31.09 31.02 31.12 31.14 31 30.72 30.27 29.87 29.45 29.25 29.55 29.88 30.1 30.34 30.54 30.73 30.83 30.86 30.85 30.74 30.62 30.41 30.06 29.59 29.21 29.22
31.33 31.37 31.12 30.81 30.55 30.62 30.93 31.33 31.67 31.83 31.86 31.8 31.55 31.35 31.31 31.43 31.62 31.55 31.32 31.32 31.31 31.1 31 30.85 30.84 30.88 30.75 30.91 31.24 31.29 31.29 31.52 31.55 31.42 31.13 30.95 31.08 31.38 31.53 31.54 31.51 31.44 31.33 31.09 30.8 30.73 30.85 30.88 30.72 30.75 30.99 30.94 30.73 30.78 30.95 30.94 30.8 30.53 30.13 29.7 29.38 29.36 29.54 29.83 30.18 30.45 30.65 30.63 30.69 30.66 30.5 30.38 30.27 29.93 29.25 28.57 28.58
31.15 31.24 31.02 30.68 30.54 30.81 31.13 31.42 31.69 31.84 31.86 31.81 31.56 31.22 31.11 31.25 31.48 31.47 31.24 31.22 31.18 30.97 30.88 30.71 30.66 30.73 30.66 30.82 31.12 31.1 31.22 31.49 31.54 31.41 31.09 30.9 31.07 31.35 31.51 31.54 31.48 31.3 31.17 31.02 30.71 30.51 30.57 30.61 30.45 30.45 30.76 30.8 30.54 30.47 30.69 30.69 30.64 30.54 30.36 30 29.53 29.23 29.34 29.74 30.12 30.36 30.46 30.3 30.48 30.48 30.28 30.04 29.99 29.66 28.95 28.2 28.19
30.99 31.14 30.92 30.6 30.65 31.05 31.37 31.61 31.76 31.84 31.84 31.77 31.56 31.22 31.02 31.18 31.41 31.38 31.13 31.1 31.05 30.81 30.74 30.58 30.47 30.55 30.52 30.69 30.89 30.91 31.13 31.36 31.46 31.41 31.09 30.84 30.91 31.14 31.42 31.51 31.41 31.06 30.93 30.94 30.71 30.4 30.27 30.27 30.17 30.13 30.45 30.53 30.36 30.18 30.29 30.23 30.2 30.17 30.16 30.03 29.64 29.27 29.34 29.7 29.94 30.16 30.12 29.98 30.27 30.25 30.04 29.65 29.44 29.23 28.6 27.98 27.92
30.85 31.02 30.79 30.47 30.68 31.15 31.54 31.73 31.81 31.83 31.79 31.68 31.44 31.13 30.95 31.15 31.24 31.25 31.1 31 30.93 30.71 30.56 30.46 30.34 30.4 30.4 30.55 30.64 30.73 30.98 31.13 31.32 31.35 31.03 30.73 30.74 30.94 31.29 31.46 31.41 31.04 30.74 30.73 30.67 30.36 30.08 29.95 29.86 29.83 30 30.12 30.1 29.83 29.8 29.74 29.61 29.6 29.7 29.73 29.48 29.2 29.25 29.45 29.6 29.71 29.68 29.77 30.02 29.95 29.65 29.22 28.76 28.54 28.18 27.84 27.9
30.78 30.82 30.58 30.43 30.66 31.17 31.57 31.72 31.76 31.76 31.67 31.48 31.19 30.92 30.81 30.99 30.97 31.01 31.02 30.9 30.82 30.66 30.4 30.33 30.24 30.22 30.24 30.4 30.4 30.52 30.75 30.98 31.26 31.29 30.92 30.64 30.68 30.83 30.97 31.36 31.41 31.12 30.66 30.49 30.53 30.38 30.1 29.82 29.61 29.53 29.58 29.73 29.79 29.59 29.44 29.37 29.14 29.09 29.26 29.31 29.2 28.94 28.89 29.02 29.23 29.32 29.29 29.53 29.56 29.47 29.23 28.67 28.25 28.07 27.85 27.69 27.99
30.52 30.48 30.49 30.66 30.94 31.3 31.56 31.62 31.59 31.62 31.46 31.24 30.88 30.62 30.68 30.85 30.77 30.82 30.91 30.76 30.61 30.6 30.47 30.31 30.11 30.03 30.09 30.18 30.14 30.3 30.66 31.08 31.28 31.16 30.74 30.49 30.54 30.62 30.71 31.14 31.39 31.22 30.69 30.33 30.25 30.23 30.15 29.94 29.65 29.46 29.33 29.39 29.47 29.32 29.12 29.04 28.89 28.85 28.94 29.01 28.93 28.72 28.67 28.74 28.81 28.88 28.87 28.95 28.91 28.84 28.63 28.19 27.99 27.95 27.87 27.8 27.94
30.22 30.27 30.55 30.92 31.26 31.5 31.56 31.48 31.36 31.48 31.4 31.13 30.79 30.46 30.58 30.75 30.64 30.7 30.81 30.69 30.41 30.41 30.28 30.24 30.11 29.93 29.94 29.96 29.94 30.2 30.63 31.07 31.24 30.97 30.52 30.28 30.3 30.39 30.55 30.99 31.36 31.23 30.76 30.32 30.05 29.94 29.96 29.93 29.78 29.58 29.3 29.08 28.97 28.88 28.84 28.85 28.97 29.2 29.27 29.26 29.16 29.07 29.11 29.05 28.95 28.98 28.86 28.85 28.63 28.33 28.15 28.07 28.06 28.06 28.01 27.87 27.87
30.18 30.44 30.79 31.17 31.43 31.49 31.41 31.28 31.17 31.33 31.26 31.04 30.76 30.38 30.45 30.56 30.47 30.56 30.66 30.49 30.23 30.21 30.07 30.08 29.95 29.82 29.78 29.8 29.89 30.15 30.39 30.67 31 30.9 30.44 30.12 30.11 30.26 30.54 30.98 31.29 31.11 30.69 30.33 30.04 29.84 29.74 29.69 29.59 29.42 29.24 28.98 28.73 28.59 28.68 29.01 29.4 29.73 29.83 29.65 29.48 29.37 29.45 29.4 29.29 29.39 29.28 29.24 29.05 28.71 28.38 28.29 28.29 28.2 28.07 27.97 28
30.28 30.68 31.04 31.33 31.36 31.26 31.2 31.06 31 31.2 31.13 30.89 30.64 30.3 30.3 30.38 30.26 30.3 30.42 30.22 30 29.98 29.9 29.85 29.71 29.63 29.64 29.77 29.87 30.04 30.19 30.41 30.73 30.86 30.47 30.11 30.04 30.26 30.57 30.93 31.21 31.03 30.72 30.43 30.17 29.93 29.7 29.55 29.42 29.27 29.1 28.87 28.64 28.52 28.72 29.2 29.7 30.04 30.18 29.99 29.71 29.55 29.68 29.67 29.61 29.69 29.65 29.52 29.28 28.89 28.53 28.47 28.41 28.22 28.09 28.25 28.43
30.36 30.77 31.15 31.34 31.17 30.94 30.89 30.81 30.77 31 31.02 30.87 30.62 30.26 30.15 30.22 30.12 30.06 30.19 30.12 29.89 29.71 29.61 29.55 29.55 29.67 29.78 29.9 29.96 30.08 30.27 30.47 30.73 30.72 30.42 30.13 30.05 30.28 30.61 30.95 31.17 30.97 30.69 30.44 30.23 29.99 29.78 29.62 29.46 29.27 29.01 28.74 28.56 28.49 28.78 29.28 29.73 30.14 30.37 30.27 29.89 29.76 29.91 29.92 29.91 29.96 29.85 29.55 29.21 28.82 28.63 28.55 28.41 28.22 28.14 28.43 28.72
30.37 30.81 31.14 31.29 31.09 30.75 30.55 30.48 30.51 30.7 30.71 30.61 30.5 30.22 30.02 30.01 30 29.92 30.01 30.03 29.83 29.52 29.29 29.38 29.62 29.91 30.08 30.17 30.22 30.27 30.42 30.61 30.74 30.52 30.29 30.04 29.98 30.29 30.72 31.03 31.07 30.85 30.6 30.25 30.02 29.89 29.76 29.62 29.48 29.3 29.04 28.77 28.61 28.52 28.78 29.28 29.76 30.24 30.46 30.42 30.1 30.05 30.2 30.18 30.19 30.17 29.91 29.5 29.14 28.87 28.79 28.59 28.45 28.39 28.33 28.58 28.88
