ASPA-UH-SWB2_REPO/input/Gridded_temps/prism_tmax_tutuila_30yr_normal_07.asc
ncols         350
nrows         200
xllcorner     515000
yllcorner     8409000
cellsize      100
NODATA_value  -9999
[rows 140 to 174 of 200, columns 77 to 153 of 350]
29.55 29.55 29.55 29.55 29.54 29.53 29.51 29.5 29.46 29.33 29.19 29.13 29.21 29.26 29.23 29.2 29.2 29.24 29.27 29.27 29.27 29.27 29.26 29.21 29.05 28.8 28.63 28.54 28.43 28.37 28.39 28.46 28.48 28.43 28.42 28.49 28.6 28.69 28.71 28.71 28.71 28.7 28.7 28.69 28.69 28.7 28.7 28.7 28.71 28.72 28.73 28.74 28.75 28.76 28.77 28.77 28.78 28.78 28.78 28.78 28.78 28.79 28.79 28.8 28.81 28.82 28.83 28.84 28.84 28.84 28.84 28.85 28.86 28.87 28.87 28.88 28.89
29.55 29.55 29.55 29.55 29.54 29.52 29.5 29.48 29.46 29.4 29.3 29.25 29.29 29.3 29.29 29.27 29.27 29.26 29.26 29.26 29.26 29.26 29.25 29.2 29.02 28.81 28.74 28.62 28.48 28.45 28.47 28.5 28.52 28.49 28.47 28.49 28.57 28.66 28.7 28.7 28.7 28.7 28.7 28.69 28.7 28.71 28.71 28.71 28.71 28.73 28.74 28.75 28.76 28.77 28.77 28.78 28.78 28.78 28.78 28.78 28.78 28.79 28.79 28.8 28.81 28.82 28.83 28.84 28.84 28.85 28.85 28.86 28.87 28.88 28.9 28.9 28.91
29.55 29.55 29.55 29.55 29.54 29.51 29.48 29.46 29.44 29.39 29.33 29.31 29.31 29.3 29.29 29.28 29.27 29.25 29.24 29.24 29.25 29.25 29.24 29.21 29.14 29.06 28.98 28.77 28.58 28.53 28.51 28.5 28.53 28.53 28.52 28.52 28.56 28.63 28.67 28.69 28.69 28.69 28.7 28.7 28.7 28.71 28.71 28.71 28.72 28.73 28.74 28.76 28.77 28.78 28.78 28.78 28.79 28.79 28.79 28.79 28.79 28.79 28.79 28.8 28.81 28.81 28.82 28.83 28.84 28.85 28.85 28.87 28.88 28.9 28.91 28.92 28.92
29.55 29.55 29.55 29.55 29.53 29.5 29.46 29.43 29.4 29.36 29.33 29.33 29.32 29.3 29.29 29.28 29.27 29.25 29.24 29.23 29.24 29.23 29.23 29.22 29.19 29.17 29.11 28.95 28.74 28.62 28.51 28.43 28.45 28.49 28.52 28.53 28.57 28.62 28.66 28.68 28.68 28.69 28.7 28.7 28.69 28.7 28.71 28.71 28.72 28.73 28.75 28.77 28.79 28.79 28.79 28.79 28.79 28.79 28.79 28.79 28.79 28.79 28.79 28.8 28.81 28.81 28.82 28.83 28.84 28.85 28.86 28.87 28.89 28.91 28.92 28.92 28.92
29.55 29.55 29.55 29.54 29.52 29.49 29.44 29.41 29.38 29.35 29.34 29.33 29.32 29.31 29.3 29.29 29.27 29.26 29.24 29.23 29.23 29.23 29.22 29.21 29.2 29.18 29.14 29.05 28.88 28.69 28.48 28.31 28.36 28.44 28.49 28.53 28.57 28.62 28.65 28.67 28.68 28.69 28.7 28.69 28.69 28.7 28.71 28.71 28.72 28.74 28.76 28.78 28.8 28.8 28.8 28.8 28.8 28.8 28.79 28.79 28.79 28.79 28.79 28.8 28.81 28.81 28.82 28.83 28.84 28.85 28.86 28.88 28.89 28.92 28.92 28.92 28.92
29.55 29.55 29.54 29.52 29.5 29.47 29.44 29.4 29.37 29.36 29.35 29.34 29.33 29.32 29.31 29.3 29.28 29.26 29.24 29.23 29.23 29.22 29.21 29.2 29.18 29.17 29.15 29.08 28.94 28.69 28.45 28.3 28.43 28.55 28.58 28.55 28.56 28.61 28.65 28.67 28.68 28.68 28.69 28.69 28.69 28.7 28.71 28.72 28.73 28.74 28.77 28.79 28.81 28.81 28.81 28.8 28.8 28.8 28.8 28.79 28.79 28.79 28.79 28.79 28.8 28.81 28.82 28.83 28.84 28.85 28.86 28.88 28.9 28.91 28.92 28.92 28.92
29.55 29.55 29.53 29.5 29.48 29.46 29.43 29.4 29.39 29.37 29.36 29.36 29.35 29.34 29.32 29.3 29.28 29.26 29.25 29.24 29.23 29.22 29.2 29.19 29.17 29.16 29.15 29.1 28.98 28.75 28.5 28.34 28.57 28.79 28.79 28.65 28.56 28.6 28.65 28.67 28.68 28.69 28.7 28.71 28.71 28.71 28.72 28.73 28.74 28.76 28.78 28.8 28.81 28.81 28.81 28.81 28.81 28.81 28.8 28.8 28.8 28.8 28.79 28.79 28.79 28.8 28.82 28.83 28.85 28.86 28.87 28.88 28.89 28.91 28.92 28.92 28.92
29.55 29.54 29.52 29.49 29.47 29.44 29.43 29.41 29.4 29.39 29.38 29.38 29.37 29.35 29.33 29.31 29.29 29.27 29.25 29.24 29.23 29.22 29.2 29.18 29.17 29.16 29.14 29.11 29.04 28.91 28.66 28.44 28.6 28.83 28.85 28.69 28.57 28.6 28.65 28.67 28.69 28.7 28.72 28.73 28.73 28.74 28.74 28.75 28.76 28.77 28.79 28.81 28.82 28.82 28.82 28.82 28.81 28.81 28.8 28.8 28.8 28.8 28.79 28.79 28.79 28.8 28.82 28.85 28.86 28.87 28.87 28.88 28.89 28.92 28.92 28.92 28.92
29.55 29.54 29.51 29.49 29.46 29.44 29.43 29.43 29.42 29.41 29.4 29.4 29.39 29.36 29.34 29.32 29.3 29.27 29.25 29.24 29.24 29.22 29.2 29.18 29.16 29.14 29.13 29.1 29.06 28.99 28.84 28.64 28.6 28.7 28.76 28.64 28.57 28.61 28.66 28.69 28.71 28.73 28.74 28.75 28.76 28.76 28.76 28.77 28.78 28.79 28.8 28.82 28.82 28.82 28.82 28.82 28.82 28.82 28.81 28.81 28.81 28.8 28.8 28.8 28.8 28.82 28.84 28.86 28.87 28.87 28.88 28.89 28.91 28.92 28.93 28.93 28.93
29.55 29.54 29.51 29.48 29.46 29.44 29.43 29.44 29.43 29.43 29.42 29.41 29.39 29.37 29.34 29.32 29.3 29.28 29.26 29.25 29.24 29.23 29.2 29.18 29.15 29.13 29.11 29.08 29.05 29 28.92 28.8 28.69 28.66 28.68 28.63 28.62 28.64 28.68 28.71 28.73 28.76 28.77 28.78 28.78 28.78 28.78 28.79 28.79 28.79 28.8 28.81 28.82 28.82 28.82 28.83 28.82 28.82 28.82 28.82 28.82 28.82 28.82 28.82 28.83 28.84 28.86 28.87 28.88 28.89 28.9 28.92 28.93 28.93 28.93 28.93 28.93
29.55 29.55 29.53 29.49 29.46 29.45 29.44 29.44 29.44 29.44 29.43 29.42 29.39 29.37 29.35 29.33 29.31 29.29 29.27 29.25 29.24 29.23 29.2 29.18 29.15 29.13 29.1 29.07 29.03 28.98 28.92 28.85 28.79 28.73 28.7 28.69 28.69 28.69 28.7 28.72 28.75 28.78 28.79 28.79 28.8 28.79 28.79 28.79 28.79 28.79 28.8 28.81 28.82 28.82 28.83 28.83 28.83 28.83 28.83 28.83 28.84 28.84 28.85 28.85 28.85 28.86 28.88 28.9 28.91 28.92 28.93 28.94 28.94 28.94 28.94 28.94 28.93
29.55 29.55 29.54 29.5 29.48 29.46 29.46 29.45 29.44 29.44 29.43 29.42 29.39 29.38 29.36 29.34 29.32 29.3 29.28 29.26 29.25 29.23 29.2 29.18 29.15 29.12 29.1 29.07 29.02 28.97 28.91 28.86 28.81 28.76 28.74 28.74 28.73 28.73 28.73 28.75 28.77 28.79 28.8 28.8 28.81 28.8 28.8 28.8 28.79 28.79 28.79 28.8 28.82 28.83 28.84 28.84 28.84 28.84 28.84 28.85 28.86 28.87 28.87 28.87 28.87 28.88 28.91 28.93 28.94 28.94 28.95 28.95 28.94 28.94 28.94 28.94 28.94
29.55 29.55 29.54 29.52 29.49 29.48 29.47 29.47 29.45 29.44 29.43 29.42 29.4 29.39 29.38 29.35 29.33 29.31 29.3 29.28 29.26 29.23 29.2 29.18 29.15 29.12 29.09 29.06 29.01 28.97 28.92 28.86 28.81 28.78 28.77 28.76 28.75 28.76 28.76 28.77 28.79 28.79 28.8 28.8 28.81 28.81 28.81 28.81 28.8 28.8 28.8 28.81 28.83 28.84 28.85 28.86 28.86 28.85 28.85 28.85 28.87 28.88 28.88 28.88 28.89 28.91 28.95 28.96 28.96 28.96 28.95 28.95 28.95 28.95 28.94 28.94 -9999
29.55 29.55 29.55 29.53 29.52 29.5 29.48 29.47 29.45 29.44 29.43 29.42 29.41 29.4 29.39 29.36 29.34 29.32 29.31 29.29 29.27 29.24 29.2 29.17 29.14 29.11 29.08 29.04 29 28.96 28.92 28.87 28.81 28.78 28.77 28.75 28.74 28.75 28.76 28.77 28.78 28.79 28.8 28.8 28.81 28.81 28.81 28.81 28.81 28.81 28.82 28.83 28.84 28.86 28.87 28.87 28.87 28.87 28.86 28.87 28.88 28.89 28.89 28.89 28.9 28.93 28.96 28.97 28.97 28.96 28.96 28.95 28.95 28.95 28.95 -9999 -9999
29.55 29.55 29.55 29.55 29.54 29.52 29.5 29.48 29.46 29.45 29.43 29.42 29.42 29.41 29.39 29.36 29.35 29.34 29.32 29.31 29.27 29.24 29.2 29.17 29.14 29.12 29.08 29.05 29 28.96 28.9 28.86 28.83 28.8 28.76 28.72 28.71 28.72 28.73 28.73 28.76 28.77 28.78 28.79 28.8 28.81 28.81 28.81 28.82 28.82 28.83 28.84 28.85 28.87 28.89 28.89 28.88 28.88 28.87 28.88 28.89 28.9 28.91 28.91 28.93 28.95 28.98 28.98 28.97 28.97 28.96 28.96 28.96 28.95 -9999 -9999 -9999
29.55 29.55 29.55 29.55 29.55 29.53 29.5 29.48 29.46 29.45 29.43 29.42 29.42 29.41 29.4 29.38 29.37 29.35 29.33 29.31 29.28 29.24 29.21 29.18 29.17 29.14 29.1 29.06 29.01 28.96 28.89 28.88 28.88 28.85 28.78 28.7 28.66 28.65 28.65 28.65 28.68 28.72 28.73 28.75 28.77 28.78 28.8 28.81 28.82 28.83 28.83 28.84 28.86 28.88 28.9 28.91 28.9 28.9 28.89 28.9 28.91 28.92 28.93 28.95 28.97 28.99 28.99 28.98 28.98 28.97 28.97 28.96 28.96 -9999 -9999 -9999 -9999
29.55 29.55 29.55 29.55 29.55 29.53 29.5 29.48 29.46 29.44 29.43 29.42 29.42 29.42 29.41 29.39 29.38 29.36 29.34 29.32 29.29 29.25 29.22 29.2 29.17 29.14 29.1 29.06 29.01 28.95 28.9 28.91 28.93 28.89 28.8 28.69 28.64 28.61 28.59 28.56 28.56 28.6 28.62 28.65 28.7 28.74 28.77 28.79 28.81 28.82 28.83 28.84 28.86 28.88 28.91 28.92 28.92 28.92 28.92 28.93 28.93 28.95 28.97 28.98 29 29 28.99 28.99 28.98 28.98 28.97 28.97 -9999 -9999 -9999 -9999 -9999
29.55 29.55 29.55 29.55 29.55 29.52 29.49 29.48 29.46 29.45 29.43 29.42 29.42 29.42 29.41 29.41 29.39 29.38 29.36 29.33 29.3 29.26 29.24 29.2 29.16 29.12 29.06 29.01 28.97 28.92 28.89 28.92 28.92 28.87 28.76 28.66 28.68 28.74 28.76 28.69 28.6 28.56 28.53 28.55 28.61 28.67 28.71 28.74 28.77 28.8 28.82 28.85 28.87 28.9 28.93 28.94 28.95 28.95 28.95 28.96 28.96 28.98 29 29.01 29.01 29 29 28.99 28.99 28.98 28.98 -9999 -9999 -9999 -9999 -9999 -9999
29.55 29.55 29.55 29.55 29.54 29.52 29.49 29.48 29.46 29.45 29.44 29.43 29.44 29.43 29.42 29.41 29.4 29.39 29.36 29.33 29.29 29.26 29.23 29.19 29.14 29.07 29 28.94 28.89 28.87 28.86 28.89 28.88 28.77 28.64 28.62 28.74 28.89 28.99 28.96 28.85 28.75 28.62 28.55 28.59 28.66 28.69 28.71 28.73 28.78 28.8 28.84 28.88 28.91 28.94 28.96 28.97 28.97 28.98 28.99 29 29.01 29.02 29.02 29.02 29.01 29 29 29 -9999 -9999 -9999 -9999 -9999 -9999 -9999 -9999
29.55 29.55 29.55 29.55 29.54 29.52 29.49 29.47 29.46 29.45 29.44 29.44 29.45 29.45 29.43 29.42 29.4 29.38 29.35 29.31 29.26 29.22 29.19 29.15 29.09 29.01 28.95 28.91 28.9 28.9 28.9 28.89 28.83 28.68 28.59 28.68 28.86 29.01 29.09 29.09 29.06 28.99 28.84 28.68 28.68 28.72 28.74 28.72 28.74 28.77 28.8 28.83 28.88 28.92 28.96 28.98 28.99 29 29.01 29.03 29.04 29.04 29.03 29.03 29.03 29.01 29.01 29 29 -9999 -9999 -9999 -9999 -9999 -9999 -9999 -9999
29.55 29.55 29.55 29.55 29.54 29.52 29.5 29.48 29.45 29.45 29.45 29.45 29.46 29.46 29.44 29.42 29.39 29.37 29.33 29.28 29.22 29.18 29.14 29.09 29 28.94 28.92 28.92 28.93 28.96 28.96 28.94 28.86 28.72 28.65 28.76 28.95 29.07 29.13 29.15 29.14 29.11 29 28.84 28.79 28.8 28.82 28.81 28.81 28.81 28.81 28.83 28.88 28.93 28.97 29 29.02 29.04 29.05 29.05 29.06 29.05 29.05 29.04 29.03 29.03 29.01 -9999 -9999 -9999 -9999 -9999 -9999 -9999 -9999 -9999 -9999
29.55 29.55 29.55 29.55 29.55 29.53 29.52 29.49 29.46 29.45 29.45 29.46 29.47 29.46 29.44 29.41 29.38 29.34 29.3 29.25 29.2 29.15 29.08 28.99 28.9 28.87 28.86 28.84 28.85 28.91 28.95 28.95 28.91 28.83 28.75 28.8 28.95 29.08 29.14 29.17 29.19 29.15 29.04 28.89 28.82 28.82 28.87 28.9 28.89 28.85 28.82 28.83 28.88 28.93 28.98 29.01 29.03 29.06 29.07 29.07 29.07 29.06 29.05 29.05 29.04 29.03 -9999 -9999 -9999 -9999 -9999 -9999 -9999 -9999 -9999 -9999 -9999
29.55 29.55 29.55 29.55 29.55 29.55 29.53 29.51 29.49 29.47 29.47 29.47 29.48 29.46 29.43 29.4 29.37 29.33 29.29 29.24 29.19 29.12 29.01 28.88 28.8 28.77 28.75 28.7 28.68 28.72 28.86 28.92 28.93 28.91 28.85 28.81 28.93 29.06 29.14 29.19 29.22 29.16 29.03 28.9 28.83 28.81 28.88 28.94 28.93 28.87 28.83 28.84 28.87 28.93 28.98 29.01 29.04 29.08 29.09 29.09 29.08 29.07 29.06 29.05 29.05 -9999 -9999 -9999 -9999 -9999 -9999 -9999 -9999 -9999 -9999 -9999 -9999
-9999 29.55 29.55 29.55 29.55 29.55 29.54 29.54 29.52 29.51 29.51 29.5 29.5 29.47 29.43 29.4 29.36 29.32 29.28 29.23 29.16 29.07 28.95 28.79 28.68 28.67 28.68 28.67 28.62 28.61 28.72 28.82 28.89 28.94 28.93 28.84 28.89 29.04 29.13 29.21 29.26 29.22 29.15 29.09 28.97 28.87 28.91 28.98 28.97 28.9 28.85 28.85 28.88 28.93 28.98 29.02 29.06 29.1 29.11 29.1 29.08 29.07 29.07 29.06 -9999 -9999 -9999 -9999 -9999 -9999 -9999 -9999 -9999 -9999 -9999 -9999 -9999
-9999 -9999 29.54 29.54 29.54 29.54 29.54 29.54 29.54 29.54 29.54 29.53 29.53 29.5 29.46 29.41 29.36 29.3 29.25 29.19 29.1 28.97 28.8 28.64 28.59 28.63 28.68 28.7 28.68 28.62 28.58 28.66 28.75 28.89 28.97 28.9 28.89 29.01 29.11 29.18 29.26 29.28 29.27 29.25 29.18 29.03 28.99 29.02 29.01 28.95 28.9 28.88 28.89 28.94 29 29.06 29.09 29.12 29.11 29.1 29.09 29.08 29.07 -9999 -9999 -9999 -9999 -9999 -9999 -9999 -9999 -9999 -9999 -9999 -9999 -9999 -9999
-9999 -9999 -9999 29.54 29.54 29.54 29.54 29.54 29.54 29.54 29.54 29.54 29.54 29.53 29.48 29.43 29.38 29.32 29.26 29.18 29.05 28.87 28.67 28.58 28.64 28.68 28.69 28.73 28.77 28.79 28.77 28.68 28.69 28.81 28.96 29.02 29.04 29.09 29.15 29.17 29.26 29.3 29.31 29.29 29.25 29.14 29.07 29.07 29.05 28.99 28.92 28.9 28.9 28.96 29.04 29.1 29.13 29.13 29.12 29.11 29.1 29.09 -9999 -9999 -9999 -9999 -9999 -9999 -9999 -9999 -9999 -9999 -9999 -9999 -9999 -9999 -9999
-9999 -9999 -9999 -9999 29.54 29.54 29.54 29.54 29.54 29.54 29.54 29.54 29.54 29.53 29.52 29.48 29.44 29.39 29.32 29.22 29.02 28.79 28.67 28.84 29.06 29.13 29.14 29.13 29.14 29.17 29.18 29.05 28.87 28.84 28.92 29.06 29.17 29.25 29.31 29.31 29.32 29.32 29.31 29.3 29.28 29.23 29.18 29.14 29.07 28.99 28.93 28.92 28.94 28.99 29.08 29.13 29.14 29.13 29.12 29.11 29.11 -9999 -9999 -9999 -9999 -9999 -9999 -9999 -9999 -9999 -9999 -9999 -9999 -9999 -9999 -9999 -9999
-9999 -9999 -9999 -9999 -9999 29.54 29.54 29.54 29.54 29.54 29.54 29.53 29.53 29.53 29.53 29.52 29.5 29.48 29.41 29.26 29 28.77 28.89 29.22 29.4 29.42 29.43 29.42 29.41 29.41 29.4 29.32 29.1 28.96 28.9 29 29.12 29.25 29.33 29.35 29.33 29.32 29.31 29.3 29.28 29.27 29.25 29.19 29.07 28.99 28.95 28.95 28.98 29.05 29.12 29.15 29.15 29.14 29.13 29.12 29.11 -9999 -9999 -9999 -9999 -9999 -9999 -9999 -9999 -9999 -9999 -9999 -9999 -9999 -9999 -9999 -9999
-9999 -9999 -9999 -9999 -9999 -9999 29.54 29.54 29.54 29.54 29.53 29.53 29.53 29.53 29.53 29.53 29.52 29.51 29.47 29.37 29.18 28.9 29.17 29.43 29.48 29.48 29.47 29.46 29.46 29.45 29.44 29.38 29.22 29.04 28.89 28.88 28.97 29.13 29.25 29.33 29.33 29.32 29.31 29.3 29.28 29.27 29.26 29.21 29.11 29.01 28.98 28.99 29.02 29.09 29.14 29.16 29.15 29.14 29.13 29.13 29.12 -9999 -9999 -9999 -9999 -9999 -9999 -9999 -9999 -9999 -9999 -9999 -9999 -9999 -9999 -9999 -9999
-9999 -9999 -9999 -9999 -9999 -9999 -9999 -9999 29.54 29.53 29.53 29.53 29.53 29.53 29.53 29.52 29.52 29.52 29.51 29.49 29.45 29.2 29.39 29.47 29.49 29.48 29.47 29.46 29.46 29.45 29.44 29.39 29.25 29.07 28.89 28.81 28.86 28.99 29.14 29.3 29.33 29.32 29.31 29.3 29.28 29.27 29.26 29.24 29.19 29.1 29.06 29.04 29.06 29.13 29.17 29.16 29.15 29.15 29.14 29.14 -9999 -9999 -9999 -9999 -9999 -9999 -9999 -9999 -9999 -9999 -9999 -9999 -9999 -9999 -9999 -9999 -9999
-9999 -9999 -9999 -9999 -9999 -9999 -9999 -9999 -9999 -9999 -9999 29.53 29.53 29.53 29.52 29.52 29.52 29.51 29.51 29.51 29.49 29.43 29.47 29.49 29.48 29.48 29.47 29.46 29.45 29.45 29.44 29.38 29.21 29.03 28.87 28.81 28.89 29.01 29.16 29.31 29.33 29.32 29.31 29.3 29.28 29.27 29.26 29.25 29.23 29.19 29.16 29.12 29.13 29.16 29.18 29.17 29.16 29.15 29.14 29.14 -9999 -9999 -9999 -9999 -9999 -9999 -9999 -9999 -9999 -9999 -9999 -9999 -9999 -9999 -9999 -9999 -9999
-9999 -9999 -9999 -9999 -9999 -9999 -9999 -9999 -9999 -9999 -9999 -9999 -9999 -9999 29.52 29.52 29.51 29.51 29.51 29.5 29.5 29.49 29.49 29.48 29.48 29.47 29.47 29.46 29.45 29.43 29.41 29.32 29.1 28.92 28.82 28.85 28.95 29.08 29.23 29.32 29.33 29.32 29.31 29.3 29.28 29.27 29.26 29.26 29.24 29.23 29.22 29.19 29.19 29.19 29.18 29.18 29.17 29.16 29.15 -9999 -9999 -9999 -9999 -9999 -9999 -9999 -9999 -9999 -9999 -9999 -9999 -9999 -9999 -9999 -9999 -9999 -9999
-9999 -9999 -9999 -9999 -9999 -9999 -9999 -9999 -9999 -9999 -9999 -9999 -9999 -9999 -9999 29.51 29.51 29.51 29.51 29.5 29.49 29.49 29.49 29.48 29.48 29.47 29.46 29.46 29.44 29.36 29.26 29.15 28.97 28.85 28.85 28.93 29.04 29.15 29.28 29.34 29.33 29.32 29.31 29.3 -9999 29.27 29.27 29.26 29.25 29.24 29.23 29.21 29.2 29.2 29.19 29.18 29.17 -9999 -9999 -9999 -9999 -9999 -9999 -9999 -9999 -9999 -9999 -9999 -9999 -9999 -9999 -9999 -9999 -9999 -9999 -9999 -9999
-9999 -9999 -9999 -9999 -9999 -9999 -9999 -9999 -9999 -9999 -9999 -9999 -9999 -9999 -9999 -9999 -9999 29.5 29.5 29.5 29.49 29.49 29.48 29.48 29.47 29.47 29.46 29.45 29.42 29.27 29.07 28.99 28.94 28.92 28.97 29.05 29.13 29.23 29.31 29.34 29.33 29.32 29.31 29.3 -9999 -9999 -9999 29.26 29.25 29.24 29.23 29.22 29.21 29.2 29.19 29.18 -9999 -9999 -9999 -9999 -9999 -9999 -9999 -9999 -9999 -9999 -9999 -9999 -9999 -9999 -9999 -9999 -9999 -9999 -9999 -9999 -9999
-9999 -9999 -9999 -9999 -9999 -9999 -9999 -9999 -9999 -9999 -9999 -9999 -9999 -9999 -9999 -9999 -9999 -9999 29.5 29.5 29.49 29.49 29.48 29.48 29.47 29.46 29.46 29.45 29.43 29.33 29.09 29 29.01 29.04 29.1 29.16 29.23 29.31 29.34 29.34 29.33 29.32 29.31 29.3 -9999 -9999 -9999 -9999 29.25 29.24 29.23 29.22 29.22 29.2 29.19 -9999 -9999 -9999 -9999 -9999 -9999 -9999 -9999 -9999 -9999 -9999 -9999 -9999 -9999 -9999 -9999 -9999 -9999 -9999 -9999 -9999 -9999
