ASPA-UH-SWB2_REPO/input/Gridded_temps/prism_tmin_tutuila_30yr_normal_07.asc
ncols         350
nrows         200
xllcorner     515000
yllcorner     8409000
cellsize      100
NODATA_value  -9999
[rows 68 to 101 of 200, columns 154 to 230 of 350]
23.64 23.48 23.35 23.22 23.09 22.92 22.72 22.53 22.57 22.96 23.37 23.67 23.86 23.97 24 24.01 24.01 24.02 24.02 24.03 24.03 24.04 24.04 24.04 24.04 24.04 24.04 24.04 24.04 24.04 24.04 24.03 24.03 24.03 24.03 24.03 24.03 24.03 24.03 24.03 24.03 24.03 24.03 24.02 24.02 24.02 24.02 24.02 24.02 24.02 24.02 24.02 24.02 24.02 24.01 24.01 24.01 24 23.96 23.79 23.44 23.15 22.97 22.63 22.26 21.85 21.52 21.3 21.17 21.21 21.47 21.59 21.52 21.73 22.11 22.43 22.65
23.54 23.41 23.22 23.04 22.92 22.78 22.58 22.42 22.6 23.03 23.44 23.72 23.9 23.99 24.01 24.01 24 23.98 23.99 24 24.02 24.03 24.03 24.03 24.03 24.04 24.04 24.04 24.04 24.04 24.04 24.04 24.04 24.03 24.03 24.03 24.03 24.03 24.03 24.03 24.03 24.03 24.03 24.03 24.02 24.02 24.02 24.02 24.02 24.02 24.02 24.02 24.02 24.02 24.02 24.01 24.01 24 23.91 23.63 23.29 23.01 22.79 22.5 22.14 21.73 21.51 21.59 21.65 21.53 21.38 21.34 21.43 21.87 22.26 22.45 22.55
23.33 23.26 23.11 22.91 22.73 22.6 22.44 22.39 22.71 23.15 23.53 23.76 23.91 23.99 24 23.98 23.91 23.8 23.83 23.88 23.94 23.98 23.98 23.97 23.99 24.02 24.03 24.04 24.04 24.04 24.04 24.04 24.04 24.04 24.04 24.03 24.03 24.03 24.03 24.03 24.03 24.03 24.03 24.03 24.03 24.03 24.02 24.02 24.02 24.02 24.02 24.02 24.02 24.02 24.02 24.01 24.01 23.98 23.84 23.62 23.46 23.28 23.12 22.9 22.51 22.16 22.06 22.14 22.28 21.97 21.76 21.58 21.67 22.01 22.38 22.44 22.39
23.1 23.04 22.91 22.73 22.53 22.38 22.31 22.45 22.78 23.19 23.51 23.71 23.88 23.97 23.98 23.91 23.77 23.53 23.52 23.63 23.8 23.89 23.86 23.79 23.85 23.95 24 24.03 24.04 24.04 24.04 24.04 24.04 24.04 24.04 24.04 24.04 24.03 24.03 24.03 24.03 24.03 24.03 24.03 24.03 24.03 24.03 24.02 24.02 24.02 24.02 24.02 24.02 24.02 24.02 24.02 24.01 23.98 23.87 23.78 23.68 23.57 23.41 23.14 22.71 22.51 22.49 22.5 22.6 22.46 22.45 22.21 22.17 22.21 22.51 22.57 22.41
22.89 22.83 22.68 22.48 22.34 22.33 22.44 22.7 22.96 23.28 23.52 23.71 23.88 23.96 23.92 23.81 23.62 23.3 23.17 23.42 23.7 23.76 23.69 23.54 23.6 23.78 23.9 23.97 24.02 24.03 24.04 24.04 24.04 24.04 24.03 24.03 24.03 24.02 24.02 24.03 24.03 24.03 24.03 24.03 24.03 24.03 24.03 24.03 24.02 24.02 24.02 24.02 24.02 24.02 24.02 24.02 24.02 23.99 23.93 23.84 23.67 23.49 23.31 22.96 22.6 22.62 22.79 22.83 22.86 22.87 22.89 22.73 22.67 22.62 22.71 22.77 22.56
22.75 22.61 22.46 22.28 22.28 22.47 22.77 23.02 23.28 23.51 23.69 23.82 23.91 23.92 23.84 23.69 23.47 23.13 23.05 23.37 23.55 23.53 23.43 23.25 23.31 23.56 23.71 23.84 23.96 24.01 24.03 24.04 24.03 24.01 23.98 23.97 23.96 23.97 24 24.02 24.03 24.03 24.03 24.03 24.03 24.03 24.03 24.03 24.03 24.02 24.02 24.02 24.02 24.02 24.02 24.02 24.02 23.99 23.93 23.75 23.48 23.2 22.97 22.67 22.39 22.59 22.93 23.1 23.11 23.14 23.14 22.96 22.9 22.92 22.93 22.89 22.63
22.7 22.43 22.27 22.21 22.35 22.63 22.97 23.27 23.5 23.66 23.78 23.87 23.91 23.9 23.78 23.57 23.34 23.17 23.1 23.26 23.29 23.2 23.12 22.96 23 23.26 23.5 23.73 23.93 24 24.02 24.02 24 23.94 23.85 23.83 23.86 23.94 24 24.03 24.04 24.03 24.03 24.03 24.03 24.03 24.03 24.03 24.03 24.03 24.02 24.02 24.02 24.02 24.02 24.02 24.02 24 23.94 23.75 23.42 23.18 22.92 22.55 22.33 22.56 22.95 23.2 23.28 23.34 23.3 23.08 23.07 23.07 23.01 22.88 22.62
22.63 22.34 22.21 22.24 22.37 22.65 22.99 23.29 23.5 23.68 23.8 23.87 23.9 23.88 23.81 23.68 23.55 23.43 23.25 23.18 23.09 22.91 22.81 22.78 22.9 23.2 23.57 23.82 23.95 23.99 23.99 23.98 23.92 23.78 23.66 23.75 23.86 23.96 24.02 24.04 24.04 24.04 24.03 24.03 24.03 24.03 24.03 24.03 24.03 24.03 24.03 24.02 24.02 24.02 24.02 24.02 24.02 24 23.96 23.82 23.55 23.26 22.92 22.62 22.45 22.66 23.03 23.26 23.38 23.51 23.48 23.29 23.18 23.06 22.9 22.72 22.53
22.53 22.41 22.45 22.51 22.55 22.8 23.13 23.42 23.59 23.73 23.81 23.84 23.84 23.82 23.79 23.74 23.66 23.52 23.33 23.18 23.02 22.77 22.66 22.75 23.06 23.43 23.67 23.8 23.89 23.94 23.94 23.9 23.78 23.61 23.6 23.82 23.95 24 24.03 24.04 24.04 24.04 24.04 24.04 24.03 24.03 24.03 24.03 24.03 24.03 24.03 24.03 24.02 24.02 24.02 24.02 24.01 23.97 23.87 23.71 23.47 23.19 22.92 22.67 22.56 22.72 23.02 23.22 23.37 23.57 23.69 23.52 23.33 23.17 23 22.81 22.71
22.7 22.63 22.79 22.79 22.71 22.94 23.26 23.53 23.66 23.73 23.76 23.75 23.73 23.7 23.68 23.65 23.6 23.51 23.36 23.22 23.04 22.8 22.73 22.9 23.23 23.49 23.54 23.54 23.73 23.82 23.82 23.75 23.58 23.45 23.63 23.86 23.97 24.01 24.03 24.04 24.04 24.04 24.04 24.04 24.04 24.03 24.03 24.03 24.03 24.03 24.03 24.03 24.03 24.02 24.02 24.02 24 23.9 23.68 23.51 23.37 23.18 22.93 22.79 22.77 22.88 23.12 23.31 23.46 23.62 23.78 23.71 23.56 23.37 23.18 22.99 22.94
22.97 22.88 23.04 22.96 22.78 22.89 23.22 23.51 23.63 23.68 23.68 23.64 23.58 23.55 23.53 23.44 23.42 23.47 23.36 23.17 22.94 22.74 22.76 22.94 23.17 23.3 23.25 23.19 23.52 23.65 23.61 23.55 23.39 23.37 23.67 23.88 23.96 23.99 24.01 24.03 24.04 24.04 24.04 24.04 24.04 24.04 24.04 24.03 24.03 24.03 24.03 24.03 24.03 24.03 24.03 24.02 24.01 23.92 23.68 23.5 23.39 23.22 23.05 23 22.96 23.01 23.21 23.4 23.56 23.71 23.84 23.79 23.59 23.33 23.16 23.05 23.07
23.2 23.13 23.25 23.13 22.95 22.92 23.15 23.42 23.55 23.59 23.6 23.56 23.43 23.35 23.35 23.22 23.25 23.36 23.25 23.05 22.77 22.6 22.67 22.79 22.92 23 22.98 22.98 23.3 23.36 23.25 23.23 23.25 23.45 23.71 23.84 23.89 23.91 23.94 24 24.03 24.04 24.03 24.03 24.04 24.04 24.04 24.04 24.03 24.03 24.03 24.03 24.03 24.03 24.03 24.03 24.02 23.99 23.89 23.69 23.48 23.3 23.2 23.13 23.01 23.02 23.21 23.4 23.59 23.75 23.87 23.84 23.66 23.39 23.21 23.1 23.13
23.49 23.44 23.47 23.35 23.18 23.02 23.1 23.32 23.44 23.49 23.52 23.51 23.37 23.17 23.17 23.07 23.15 23.22 23.1 22.93 22.63 22.43 22.53 22.65 22.75 22.81 22.81 22.83 23 23.02 22.88 22.93 23.17 23.45 23.6 23.65 23.67 23.68 23.77 23.93 24.01 24.02 24.01 24 24.03 24.04 24.04 24.04 24.04 24.03 24.03 24.03 24.03 24.03 24.03 24.03 24.03 24.02 23.96 23.8 23.51 23.36 23.31 23.2 23.08 23.09 23.26 23.49 23.7 23.84 23.9 23.86 23.71 23.49 23.31 23.2 23.16
23.77 23.69 23.61 23.45 23.23 22.98 23 23.19 23.31 23.37 23.39 23.42 23.35 23.13 22.99 22.87 22.97 22.98 22.89 22.66 22.41 22.28 22.41 22.59 22.74 22.79 22.74 22.73 22.81 22.82 22.73 22.79 23.01 23.2 23.29 23.31 23.32 23.38 23.62 23.88 23.98 23.98 23.9 23.85 23.95 24 24.03 24.04 24.04 24.04 24.03 24.03 24.03 24.03 24.03 24.03 24.03 24.02 23.98 23.83 23.51 23.39 23.38 23.26 23.2 23.22 23.33 23.59 23.83 23.92 23.88 23.76 23.6 23.45 23.39 23.32 23.24
23.87 23.72 23.55 23.38 23.15 22.83 22.77 22.94 23.12 23.2 23.2 23.27 23.3 23.08 22.72 22.49 22.57 22.51 22.45 22.2 22.12 22.17 22.4 22.64 22.83 22.92 22.83 22.78 22.86 22.88 22.85 22.9 23.03 23.12 23.15 23.16 23.13 23.3 23.61 23.82 23.89 23.87 23.71 23.64 23.78 23.88 24 24.04 24.04 24.04 24.04 24.03 24.03 24.03 24.03 24.03 24.03 24.02 24 23.86 23.55 23.45 23.41 23.32 23.36 23.37 23.36 23.59 23.86 23.94 23.86 23.7 23.5 23.45 23.51 23.45 23.36
23.83 23.63 23.4 23.19 22.93 22.6 22.47 22.61 22.83 23 22.97 23.09 23.2 22.99 22.5 22.02 22 22.01 21.99 22 22.15 22.35 22.6 22.8 22.97 23.09 22.98 22.97 23.06 23.09 23.06 23.15 23.27 23.28 23.26 23.33 23.32 23.36 23.51 23.64 23.68 23.68 23.61 23.68 23.88 23.97 24.02 24.04 24.04 24.04 24.04 24.04 24.03 24.03 24.03 24.03 24.03 24.03 24 23.88 23.61 23.51 23.43 23.4 23.49 23.51 23.39 23.53 23.83 23.95 23.91 23.76 23.52 23.55 23.67 23.67 23.62
23.79 23.67 23.5 23.25 22.83 22.48 22.31 22.29 22.59 22.84 22.78 22.95 23.1 22.92 22.44 21.87 21.7 21.78 21.89 22.11 22.44 22.69 22.91 23.04 23.14 23.22 23.21 23.32 23.29 23.31 23.23 23.29 23.45 23.54 23.45 23.52 23.57 23.47 23.38 23.45 23.62 23.77 23.83 23.91 24 24.04 24.05 24.04 24.04 24.04 24.04 24.04 24.04 24.03 24.03 24.03 24.03 24.03 24.01 23.93 23.69 23.54 23.5 23.58 23.63 23.61 23.44 23.49 23.76 23.95 23.96 23.82 23.6 23.69 23.86 23.9 23.92
23.67 23.62 23.49 23.23 22.84 22.49 22.23 22.08 22.45 22.62 22.51 22.75 22.92 22.79 22.36 21.86 21.71 21.83 22.05 22.34 22.66 22.89 23.01 23.09 23.24 23.37 23.47 23.62 23.64 23.7 23.64 23.51 23.58 23.77 23.64 23.66 23.76 23.64 23.52 23.66 23.86 23.96 24 24.02 24.05 24.05 24.05 24.05 24.04 24.04 24.04 24.04 24.04 24.04 24.03 24.03 24.03 24.03 24.02 23.97 23.8 23.66 23.7 23.83 23.82 23.7 23.49 23.53 23.79 23.97 23.99 23.91 23.82 23.93 23.98 24 24
23.46 23.49 23.42 23.18 22.83 22.42 22.07 21.84 22.1 22.16 22.23 22.51 22.66 22.5 22.2 21.99 22.08 22.2 22.39 22.61 22.72 22.67 22.61 22.7 23.05 23.32 23.45 23.64 23.75 23.82 23.86 23.79 23.8 23.91 23.89 23.85 23.89 23.83 23.77 23.9 24.01 24.04 24.04 24.05 24.05 24.05 24.05 24.05 24.04 24.04 24.04 24.04 24.04 24.04 24.04 24.03 24.03 24.02 23.98 23.94 23.9 23.9 23.95 23.98 23.96 23.86 23.75 23.79 23.94 24.01 24.01 23.99 23.97 24 24.01 24.01 24.01
23.15 23.26 23.28 23.11 22.83 22.47 21.98 21.65 21.81 21.82 22.05 22.28 22.31 22.18 22.08 22.11 22.36 22.49 22.6 22.65 22.44 22.25 22.22 22.43 22.83 23.07 23.19 23.37 23.54 23.68 23.85 23.93 23.96 24 24.01 24 24.01 24 23.99 24.03 24.06 24.06 24.06 24.05 24.05 24.05 24.05 24.05 24.05 24.04 24.04 24.04 24.04 24.04 24.04 24.04 24.03 24.01 23.93 23.88 23.93 23.99 24.02 24.02 24.01 23.99 23.97 23.98 24.01 24.02 24.01 24.01 24 24.01 24.01 24.01 24.01
22.78 22.89 22.98 22.95 22.74 22.44 21.93 21.56 21.62 21.7 21.96 22.12 22.07 22.01 22.06 22.18 22.36 22.37 22.36 22.32 22.06 21.96 22.03 22.25 22.5 22.73 22.95 23.2 23.37 23.52 23.74 23.87 23.91 23.93 24.01 24.03 24.04 24.05 24.05 24.06 24.06 24.06 24.06 24.06 24.05 24.05 24.05 24.05 24.05 24.05 24.04 24.04 24.04 24.04 24.04 24.04 24.03 24.03 24.01 24 24.01 24.02 24.03 24.02 24.02 24.02 24.02 24.02 24.02 24.02 24.02 24.01 24.01 24.01 24.01 24.01 24.01
22.48 22.38 22.49 22.58 22.39 22.18 21.78 21.47 21.47 21.59 21.81 21.88 21.82 21.88 22.03 22.08 22.03 21.86 21.69 21.77 21.85 21.99 22.18 22.31 22.37 22.52 22.78 23.07 23.26 23.43 23.59 23.67 23.7 23.7 23.87 23.94 24 24.03 24.05 24.06 24.06 24.06 24.06 24.06 24.06 24.05 24.05 24.05 24.05 24.05 24.05 24.04 24.04 24.04 24.04 24.04 24.04 24.03 24.03 24.03 24.03 24.03 24.03 24.03 24.02 24.02 24.02 24.02 24.02 24.02 24.02 24.01 24.01 24.01 24.01 24.01 24.01
22.1 21.91 22.02 22.11 21.93 21.75 21.61 21.51 21.54 21.61 21.66 21.57 21.53 21.63 21.67 21.46 21.35 21.3 21.21 21.45 21.73 22.01 22.31 22.52 22.58 22.67 22.78 22.94 23.16 23.34 23.44 23.47 23.47 23.44 23.57 23.7 23.81 23.88 23.96 24.03 24.05 24.05 24.05 24.06 24.06 24.06 24.05 24.05 24.05 24.05 24.05 24.05 24.04 24.04 24.04 24.04 24.04 24.04 24.03 24.03 24.03 24.03 24.03 24.03 24.02 24.02 24.02 24.02 24.02 24.02 24.02 24.02 24.01 24.01 24.01 24.01 24.01
21.75 21.74 21.88 21.91 21.77 21.7 21.72 21.74 21.79 21.78 21.68 21.47 21.32 21.25 21.17 20.97 20.91 20.93 21.08 21.38 21.64 21.92 22.25 22.57 22.74 22.85 22.96 23.01 23.05 23.12 23.21 23.23 23.25 23.23 23.26 23.4 23.5 23.63 23.81 23.94 23.98 23.98 24.01 24.04 24.06 24.06 24.06 24.05 24.05 24.05 24.05 24.05 24.05 24.04 24.04 24.04 24.04 24.04 24.04 24.03 24.03 24.03 24.03 24.03 24.03 24.02 24.02 24.02 24.02 24.02 -9999 24.02 24.02 24.01 24.01 -9999 -9999
21.59 21.74 21.96 22.01 21.93 21.97 21.99 22 22.02 21.92 21.81 21.67 21.32 20.96 20.8 20.65 20.7 20.8 21.03 21.31 21.53 21.77 22.06 22.36 22.55 22.69 22.95 23.14 23.16 23.11 23.15 23.17 23.19 23.18 23.17 23.23 23.25 23.41 23.59 23.72 23.8 23.77 23.83 23.93 24.03 24.06 24.06 24.06 24.05 24.05 24.05 24.05 24.05 24.05 24.04 24.04 24.04 24.04 24.04 24.03 24.03 24.03 24.03 24.03 24.03 24.02 24.02 24.02 24.02 -9999 -9999 -9999 24.02 -9999 -9999 -9999 -9999
21.5 21.76 22.02 22.16 22.17 22.23 22.25 22.24 22.18 22.02 21.94 21.93 21.69 21.28 21.02 20.66 20.83 20.95 21.16 21.45 21.58 21.69 21.93 22.15 22.25 22.47 22.8 23.09 23.28 23.35 23.37 23.38 23.38 23.39 23.38 23.35 23.3 23.32 23.37 23.47 23.56 23.59 23.72 23.89 24.02 24.05 24.06 24.06 24.06 24.05 24.05 24.05 24.05 -9999 -9999 -9999 -9999 24.04 24.04 24.04 24.03 -9999 -9999 -9999 -9999 24.03 -9999 -9999 -9999 -9999 -9999 -9999 -9999 -9999 -9999 -9999 -9999
21.57 21.86 22.08 22.22 22.33 22.42 22.46 22.44 22.31 22.16 22.1 22.16 22.1 21.8 21.51 21.04 21.1 21.17 21.44 21.79 21.89 21.88 22.04 22.29 22.36 22.51 22.71 22.88 23.07 23.26 23.41 23.52 23.58 23.63 23.68 23.63 23.58 23.49 23.41 23.38 23.44 23.54 23.73 23.96 24.05 24.06 24.06 24.06 24.06 24.06 -9999 -9999 -9999 -9999 -9999 -9999 -9999 -9999 -9999 -9999 -9999 -9999 -9999 -9999 -9999 -9999 -9999 -9999 -9999 -9999 -9999 -9999 -9999 -9999 -9999 -9999 -9999
21.66 21.8 21.89 22.05 22.3 22.48 22.59 22.59 22.49 22.43 22.34 22.43 22.37 22.18 21.9 21.52 21.44 21.32 21.69 22.03 22.2 22.24 22.32 22.53 22.71 22.86 22.93 22.95 22.98 23.06 23.18 23.34 23.47 23.66 23.86 23.89 23.87 23.77 23.63 23.52 23.55 23.6 23.77 24 24.06 24.06 24.06 24.06 24.06 24.06 -9999 -9999 -9999 -9999 -9999 -9999 -9999 -9999 -9999 -9999 -9999 -9999 -9999 -9999 -9999 -9999 -9999 -9999 -9999 -9999 -9999 -9999 -9999 -9999 -9999 -9999 -9999
21.58 21.62 21.68 21.97 22.3 22.54 22.7 22.8 22.75 22.69 22.68 22.74 22.6 22.36 22.01 21.8 21.82 21.72 21.95 22.21 22.44 22.59 22.68 22.8 22.97 23.2 23.3 23.3 23.27 23.26 23.25 23.2 23.2 23.44 23.77 23.96 24 23.96 23.87 23.75 23.75 23.79 23.9 24.04 24.07 24.07 24.06 24.06 24.06 -9999 -9999 -9999 -9999 -9999 -9999 -9999 -9999 -9999 -9999 -9999 -9999 -9999 -9999 -9999 -9999 -9999 -9999 -9999 -9999 -9999 -9999 -9999 -9999 -9999 -9999 -9999 -9999
21.46 21.51 21.62 21.88 22.21 22.49 22.68 22.87 22.98 23 23.01 22.97 22.72 22.4 22.09 22.05 22.08 21.93 22.07 22.25 22.42 22.6 22.75 22.87 23.04 23.21 23.37 23.53 23.61 23.6 23.55 23.45 23.27 23.35 23.61 23.91 24.04 24.06 24.03 23.98 23.94 23.95 24.02 24.07 24.07 24.07 24.07 24.06 24.06 -9999 -9999 -9999 -9999 -9999 -9999 -9999 -9999 -9999 -9999 -9999 -9999 -9999 -9999 -9999 -9999 -9999 -9999 -9999 -9999 -9999 -9999 -9999 -9999 -9999 -9999 -9999 -9999
21.5 21.56 21.65 21.89 22.2 22.46 22.65 22.85 23.09 23.25 23.24 23.08 22.77 22.45 22.16 22.16 22.2 22.1 22.13 22.22 22.32 22.45 22.58 22.69 22.8 22.89 23.13 23.46 23.71 23.83 23.83 23.72 23.54 23.53 23.67 23.86 24.04 24.08 24.09 24.07 24.05 24.05 24.07 24.08 24.07 24.07 24.07 24.07 -9999 -9999 -9999 -9999 -9999 -9999 -9999 -9999 -9999 -9999 -9999 -9999 -9999 -9999 -9999 -9999 -9999 -9999 -9999 -9999 -9999 -9999 -9999 -9999 -9999 -9999 -9999 -9999 -9999
21.8 21.78 21.72 21.82 22.12 22.44 22.68 22.9 23.15 23.37 23.32 23.11 22.83 22.51 22.24 22.22 22.31 22.34 22.4 22.47 22.5 22.6 22.74 22.84 22.84 22.79 22.97 23.24 23.55 23.82 23.95 23.93 23.81 23.85 23.92 23.93 24.05 24.09 24.09 24.09 24.08 24.08 24.08 24.08 24.07 24.07 24.07 -9999 -9999 -9999 -9999 -9999 -9999 -9999 -9999 -9999 -9999 -9999 -9999 -9999 -9999 -9999 -9999 -9999 -9999 -9999 -9999 -9999 -9999 -9999 -9999 -9999 -9999 -9999 -9999 -9999 -9999
22.12 22.05 21.9 21.96 22.13 22.31 22.56 22.86 23.24 23.51 23.45 23.2 22.8 22.48 22.32 22.32 22.35 22.38 22.55 22.67 22.65 22.73 22.93 23.09 23.1 23.01 23.04 23.2 23.44 23.7 23.94 24.04 24.02 24.05 24.07 24.06 24.08 24.09 24.09 24.09 24.09 24.08 24.08 24.08 24.08 24.07 24.07 -9999 -9999 -9999 -9999 -9999 -9999 -9999 -9999 -9999 -9999 -9999 -9999 -9999 -9999 -9999 -9999 -9999 -9999 -9999 -9999 -9999 -9999 -9999 -9999 -9999 -9999 -9999 -9999 -9999 -9999
22.36 22.25 22.15 22.29 22.4 22.44 22.61 22.82 23.32 23.6 23.44 23.07 22.63 22.4 22.42 22.48 22.43 22.37 22.55 22.76 22.79 22.79 22.96 23.19 23.31 23.28 23.24 23.36 23.52 23.68 23.93 24.07 24.09 24.1 24.1 24.09 24.1 24.1 24.09 24.09 24.09 24.09 24.08 24.08 24.08 24.08 -9999 -9999 -9999 -9999 -9999 -9999 -9999 -9999 -9999 -9999 -9999 -9999 -9999 -9999 -9999 -9999 -9999 -9999 -9999 -9999 -9999 -9999 -9999 -9999 -9999 -9999 -9999 -9999 -9999 -9999 -9999
