ASPA-UH-SWB2_REPO/input/Gridded_temps/prism_tmin_tutuila_30yr_normal_08.asc
ncols         350
nrows         200
xllcorner     515000
yllcorner     8409000
cellsize      100
NODATA_value  -9999
[rows 68 to 101 of 200, columns 78 to 155 of 350]
-9999 -9999 -9999 -9999 -9999 -9999 -9999 -9999 -9999 -9999 -9999 -9999 -9999 -9999 -9999 -9999 -9999 -9999 -9999 -9999 -9999 -9999 -9999 -9999 -9999 -9999 -9999 -9999 -9999 -9999 -9999 -9999 -9999 -9999 -9999 -9999 -9999 -9999 -9999 -9999 -9999 -9999 -9999 -9999 -9999 -9999 -9999 -9999 -9999 -9999 -9999 -9999 -9999 -9999 -9999 -9999 -9999 -9999 -9999 -9999 -9999 -9999 -9999 -9999 -9999 -9999 24.05 24.05 24.05 24.05 24.05 24.03 23.97 23.8 23.77 23.79 23.65 23.49
-9999 -9999 -9999 -9999 -9999 -9999 -9999 -9999 -9999 -9999 -9999 -9999 -9999 -9999 -9999 -9999 -9999 -9999 -9999 -9999 -9999 -9999 -9999 -9999 -9999 -9999 -9999 -9999 -9999 -9999 -9999 -9999 -9999 -9999 -9999 -9999 -9999 -9999 -9999 -9999 -9999 -9999 -9999 -9999 -9999 -9999 -9999 -9999 -9999 -9999 -9999 -9999 -9999 -9999 -9999 -9999 -9999 -9999 -9999 -9999 -9999 -9999 -9999 -9999 -9999 24.05 24.05 24.05 24.05 24.05 24.04 24.01 23.93 23.71 23.57 23.62 23.54 23.41
-9999 -9999 -9999 -9999 -9999 -9999 -9999 -9999 -9999 -9999 -9999 -9999 -9999 -9999 -9999 -9999 -9999 -9999 -9999 -9999 -9999 -9999 -9999 -9999 -9999 -9999 -9999 -9999 -9999 -9999 -9999 -9999 -9999 -9999 -9999 -9999 -9999 -9999 -9999 -9999 -9999 -9999 -9999 -9999 -9999 -9999 -9999 -9999 -9999 -9999 -9999 -9999 -9999 -9999 -9999 -9999 -9999 -9999 -9999 -9999 -9999 -9999 -9999 -9999 24.05 24.05 24.05 24.05 24.05 24.04 24.01 23.9 23.82 23.66 23.42 23.37 23.34 23.27
-9999 -9999 -9999 -9999 -9999 -9999 -9999 -9999 -9999 -9999 -9999 -9999 -9999 -9999 -9999 -9999 -9999 -9999 -9999 -9999 -9999 -9999 -9999 -9999 -9999 -9999 -9999 -9999 -9999 -9999 -9999 -9999 -9999 -9999 -9999 -9999 -9999 -9999 -9999 -9999 -9999 -9999 -9999 -9999 -9999 -9999 -9999 -9999 -9999 -9999 -9999 -9999 -9999 -9999 -9999 -9999 -9999 -9999 -9999 -9999 -9999 -9999 -9999 24.05 24.05 24.05 24.05 24.05 24.05 24.04 23.98 23.74 23.63 23.59 23.35 23.16 23.11 23.05
-9999 -9999 -9999 -9999 -9999 -9999 -9999 -9999 -9999 -9999 -9999 -9999 -9999 -9999 -9999 -9999 -9999 -9999 -9999 -9999 -9999 -9999 -9999 -9999 -9999 -9999 -9999 -9999 -9999 -9999 -9999 -9999 -9999 -9999 -9999 -9999 -9999 -9999 -9999 -9999 -9999 -9999 -9999 -9999 -9999 -9999 -9999 -9999 -9999 -9999 -9999 -9999 -9999 -9999 -9999 -9999 -9999 -9999 -9999 -9999 -9999 -9999 24.05 24.05 24.05 24.05 24.05 24.05 24.05 24.04 23.98 23.7 23.5 23.47 23.32 23.04 22.9 22.83
-9999 -9999 -9999 -9999 -9999 -9999 -9999 -9999 -9999 -9999 -9999 -9999 -9999 -9999 -9999 -9999 -9999 -9999 -9999 -9999 -9999 -9999 -9999 -9999 -9999 -9999 -9999 -9999 -9999 -9999 -9999 -9999 -9999 -9999 -9999 -9999 -9999 -9999 -9999 -9999 -9999 -9999 -9999 -9999 -9999 -9999 -9999 -9999 -9999 -9999 -9999 -9999 -9999 -9999 -9999 -9999 -9999 -9999 -9999 -9999 -9999 24.05 24.05 24.05 24.05 24.05 24.05 24.05 24.05 24.06 24.02 23.83 23.52 23.31 23.23 23.01 22.74 22.61
-9999 -9999 -9999 -9999 -9999 -9999 -9999 -9999 -9999 -9999 -9999 -9999 -9999 -9999 -9999 -9999 -9999 -9999 -9999 -9999 -9999 -9999 -9999 -9999 -9999 -9999 -9999 -9999 -9999 -9999 -9999 -9999 -9999 -9999 -9999 -9999 -9999 -9999 -9999 -9999 -9999 -9999 -9999 -9999 -9999 -9999 -9999 -9999 -9999 -9999 -9999 -9999 -9999 -9999 -9999 -9999 -9999 -9999 -9999 -9999 24.05 24.05 24.05 24.05 24.05 24.05 24.06 24.06 24.06 24.06 24.02 23.83 23.51 23.18 23.09 23 22.69 22.42
-9999 -9999 -9999 -9999 -9999 -9999 -9999 -9999 -9999 -9999 -9999 -9999 -9999 -9999 -9999 -9999 -9999 -9999 -9999 -9999 -9999 -9999 -9999 -9999 -9999 -9999 -9999 -9999 -9999 -9999 -9999 -9999 -9999 -9999 -9999 -9999 -9999 -9999 -9999 -9999 -9999 -9999 -9999 -9999 -9999 -9999 -9999 -9999 -9999 -9999 -9999 -9999 -9999 -9999 -9999 -9999 -9999 -9999 24.05 24.05 24.05 24.05 24.05 24.05 24.06 24.06 24.06 24.06 24.06 24.06 24.03 23.88 23.53 23.13 22.93 22.84 22.63 22.34
-9999 -9999 -9999 -9999 -9999 -9999 -9999 -9999 -9999 -9999 -9999 -9999 -9999 -9999 -9999 -9999 -9999 -9999 -9999 -9999 -9999 -9999 -9999 -9999 -9999 -9999 -9999 -9999 -9999 -9999 -9999 -9999 -9999 -9999 -9999 -9999 -9999 -9999 -9999 -9999 -9999 -9999 -9999 -9999 -9999 -9999 -9999 -9999 -9999 -9999 -9999 -9999 -9999 -9999 -9999 -9999 24.05 24.05 24.05 24.05 24.05 24.05 24.06 24.06 24.06 24.06 24.06 24.06 24.06 24.05 24 23.81 23.43 23.07 22.8 22.69 22.53 22.41
-9999 -9999 -9999 -9999 -9999 -9999 -9999 -9999 -9999 -9999 -9999 -9999 -9999 -9999 -9999 -9999 -9999 -9999 -9999 -9999 -9999 -9999 -9999 -9999 -9999 -9999 -9999 -9999 -9999 -9999 -9999 -9999 -9999 -9999 -9999 -9999 -9999 -9999 -9999 -9999 -9999 -9999 -9999 -9999 -9999 -9999 -9999 -9999 -9999 -9999 -9999 -9999 -9999 -9999 24.05 24.05 24.05 24.05 24.05 24.05 24.05 24.05 24.06 24.06 24.06 24.06 24.06 24.06 24.06 24.04 23.93 23.69 23.4 23.17 22.97 22.88 22.69 22.62
-9999 -9999 -9999 -9999 -9999 24.02 -9999 -9999 -9999 -9999 -9999 -9999 -9999 -9999 -9999 -9999 -9999 -9999 -9999 -9999 -9999 -9999 -9999 -9999 -9999 -9999 -9999 24.03 24.03 24.03 -9999 -9999 -9999 -9999 -9999 -9999 -9999 -9999 -9999 -9999 -9999 -9999 -9999 -9999 -9999 -9999 -9999 -9999 -9999 -9999 -9999 -9999 -9999 24.05 24.05 24.05 24.05 24.05 24.06 24.06 24.04 24.01 24.02 24.05 24.06 24.06 24.06 24.06 24.06 24.04 23.94 23.76 23.59 23.49 23.37 23.25 22.96 22.87
-9999 -9999 -9999 -9999 24.01 24.02 24.02 24.02 24.02 -9999 -9999 -9999 -9999 -9999 -9999 -9999 -9999 -9999 -9999 -9999 -9999 -9999 -9999 -9999 -9999 -9999 24.03 24.03 24.03 24.03 24.03 -9999 -9999 -9999 -9999 -9999 -9999 -9999 -9999 -9999 -9999 -9999 -9999 -9999 -9999 -9999 -9999 -9999 -9999 -9999 -9999 -9999 24.05 24.05 24.05 24.05 24.05 24.06 24.06 24.05 24 23.89 23.91 24.01 24.05 24.06 24.06 24.06 24.06 24.05 24.02 23.95 23.85 23.79 23.66 23.47 23.19 23.12
-9999 -9999 -9999 24.01 24.01 24.01 24.01 24.02 24.02 24.02 -9999 -9999 -9999 -9999 -9999 -9999 -9999 -9999 -9999 -9999 -9999 -9999 -9999 24.03 24.03 -9999 24.03 24.03 24.03 24.03 24.03 24.03 -9999 -9999 -9999 -9999 -9999 -9999 -9999 -9999 -9999 -9999 -9999 -9999 -9999 -9999 -9999 -9999 -9999 -9999 -9999 24.05 24.05 24.05 24.05 24.05 24.06 24.06 24.05 24.03 23.93 23.74 23.72 23.88 24 24.02 24.04 24.06 24.06 24.06 24.06 24.05 24.01 23.95 23.81 23.66 23.48 23.43
-9999 -9999 24.01 24.01 24.01 24.01 24.01 24.02 24.02 24.02 24.02 -9999 -9999 -9999 -9999 -9999 -9999 -9999 -9999 -9999 -9999 24.02 24.02 24.03 24.03 24.03 24.03 24.03 24.03 24.03 24.03 24.03 24.03 -9999 -9999 -9999 -9999 -9999 -9999 -9999 -9999 -9999 -9999 -9999 -9999 -9999 -9999 -9999 -9999 -9999 24.05 24.05 24.05 24.05 24.05 24.06 24.05 24.04 23.99 23.91 23.7 23.45 23.46 23.62 23.78 23.84 23.92 24.02 24.05 24.06 24.06 24.06 24.06 24.03 23.95 23.88 23.75 23.68
24.01 24.01 24.01 24.01 24.01 24.01 24.01 24.01 24.01 24.02 24.02 24.02 -9999 -9999 -9999 -9999 -9999 -9999 -9999 24.02 24.02 24.02 24.02 24.02 24.03 24.03 24.03 24.03 24.03 24.03 24.03 24.03 24.03 24.03 -9999 -9999 -9999 -9999 -9999 -9999 -9999 -9999 -9999 -9999 -9999 -9999 -9999 -9999 -9999 24.05 24.05 24.05 24.05 24.05 24.05 24.04 24.01 23.95 23.78 23.47 23.16 23.05 23.15 23.3 23.46 23.6 23.74 23.89 24 24.06 24.07 24.07 24.07 24.05 24.02 23.97 23.85 23.7
24.01 24.01 24.01 24.01 24.01 24.01 24.01 24.01 24.01 24.01 24.02 24.02 24.02 -9999 24.02 -9999 -9999 24.02 24.02 24.02 24.02 24.02 24.02 24.02 24.03 24.03 24.03 24.03 24.03 24.03 24.03 24.03 24.03 24.03 24.04 24.04 -9999 -9999 -9999 -9999 -9999 -9999 -9999 24.05 24.05 -9999 24.05 24.05 24.05 24.05 24.05 24.05 24.05 24.04 24.01 23.96 23.83 23.6 23.43 23.28 23.01 22.84 22.86 22.96 23.19 23.44 23.62 23.8 23.97 24.05 24.07 24.07 24.06 24.02 23.98 23.94 23.81 23.61
24.01 24.01 24.01 24.01 24 23.98 24 24.01 24.01 24.01 24.01 24.02 24.02 24.02 24.02 24.02 24.02 24.02 24.02 24.02 24.02 24.02 24.02 24.02 24.03 24.03 24.03 24.02 24 23.99 24.03 24.03 24.03 24.03 24.04 24.04 24.04 -9999 -9999 -9999 -9999 -9999 24.04 24.05 24.05 24.05 24.05 24.05 24.05 24.05 24.05 24.05 24.04 24.01 23.89 23.77 23.67 23.44 23.2 23.02 22.82 22.62 22.62 22.82 23.24 23.57 23.8 23.95 24.03 24.06 24.07 24.06 23.99 23.85 23.85 23.86 23.77 23.65
24.01 24.01 24.01 23.99 23.89 23.84 23.96 24 24.01 24.01 24.01 24.01 24.02 24.02 24.02 24.02 24.02 24.02 24.02 24.02 24.02 24.02 24.02 24.02 24.02 24.03 24.01 23.93 23.89 23.89 24 24.03 24.03 24.03 24.04 24.04 24.04 24.04 -9999 -9999 24.04 24.04 24.04 24.05 24.05 24.05 24.05 24.05 24.05 24.05 24.05 24.05 24.03 23.95 23.79 23.6 23.49 23.31 23.05 22.77 22.6 22.54 22.64 23.01 23.37 23.62 23.85 23.99 24.04 24.06 24.05 24.02 23.9 23.66 23.62 23.66 23.65 23.6
24.01 24.01 24 23.95 23.71 23.56 23.8 23.96 24.01 24.01 24.01 24.01 24.01 24.02 24.02 24.02 24.02 24.02 24.02 24.02 24.02 24.01 24 23.96 23.97 23.99 23.92 23.74 23.72 23.82 23.99 24.03 24.03 24.03 24.04 24.04 24.04 24.04 24.04 24.04 24.04 24.04 24.05 24.05 24.05 24.05 24.05 24.05 24.05 24.05 24.05 24.06 24.04 23.95 23.72 23.47 23.3 23.14 22.89 22.61 22.54 22.73 22.95 23.15 23.39 23.6 23.79 23.95 24.01 24.02 24 23.96 23.86 23.66 23.48 23.42 23.44 23.46
24 23.98 23.96 23.86 23.51 23.33 23.52 23.87 23.99 24.01 24.01 24.01 24.01 24.01 24.02 24.02 24.02 24.02 24.02 24.01 24 23.96 23.84 23.77 23.82 23.85 23.74 23.64 23.75 23.91 24.01 24.03 24.03 24.03 24.04 24.04 24.04 24.04 24.04 24.04 24.04 24.04 24.05 24.05 24.05 24.05 24.05 24.05 24.05 24.05 24.05 24.06 24.05 23.98 23.7 23.39 23.16 22.94 22.68 22.48 22.64 22.99 23.23 23.34 23.51 23.68 23.8 23.92 23.98 23.96 23.9 23.83 23.75 23.6 23.39 23.18 23.13 23.24
23.94 23.84 23.75 23.53 23.23 23.28 23.55 23.86 23.99 24.01 24.01 24.01 24.01 24 23.99 24.02 24.02 24.01 24.01 23.97 23.91 23.79 23.56 23.54 23.63 23.6 23.59 23.68 23.86 23.98 24.03 24.03 24.02 24.01 24 24.02 24.03 24.04 24.04 24.04 24.04 24.04 24.04 24.02 24.02 24.04 24.04 24.03 24.04 24.04 24.03 24.04 24.04 23.96 23.68 23.34 23.04 22.75 22.48 22.4 22.71 23.08 23.34 23.49 23.63 23.75 23.84 23.91 23.93 23.88 23.79 23.66 23.55 23.42 23.25 22.99 22.75 22.86
23.81 23.61 23.41 23.18 23.09 23.28 23.62 23.89 24 24.01 24.01 23.98 23.98 23.95 23.92 23.99 24 23.96 23.94 23.88 23.73 23.6 23.4 23.48 23.51 23.42 23.5 23.7 23.89 23.96 24.01 24.02 23.98 23.88 23.83 23.89 23.99 24.04 24.04 24.04 24.04 24.03 23.99 23.87 23.86 23.97 23.98 23.93 23.96 23.99 23.94 23.95 23.99 23.93 23.72 23.4 23.03 22.7 22.38 22.33 22.68 23.03 23.28 23.45 23.59 23.7 23.8 23.85 23.85 23.79 23.69 23.51 23.31 23.1 22.92 22.78 22.45 22.35
23.68 23.46 23.21 23 22.97 23.22 23.58 23.86 23.99 24.01 23.98 23.85 23.84 23.79 23.81 23.94 23.92 23.78 23.78 23.76 23.57 23.48 23.34 23.38 23.41 23.3 23.43 23.69 23.83 23.84 23.96 23.99 23.91 23.71 23.58 23.68 23.91 24.02 24.04 24.04 24.03 23.99 23.87 23.65 23.62 23.78 23.8 23.69 23.75 23.87 23.8 23.76 23.84 23.87 23.76 23.53 23.16 22.82 22.48 22.32 22.57 22.86 23.07 23.27 23.46 23.63 23.71 23.75 23.74 23.65 23.56 23.38 23.08 22.69 22.36 22.37 22.06 21.88
23.55 23.34 23.07 22.86 22.93 23.2 23.54 23.83 23.98 24.01 23.96 23.76 23.6 23.57 23.68 23.84 23.8 23.61 23.61 23.62 23.45 23.38 23.24 23.26 23.3 23.2 23.35 23.63 23.7 23.71 23.91 23.97 23.86 23.63 23.48 23.61 23.88 24.02 24.04 24.03 23.98 23.9 23.7 23.47 23.42 23.53 23.57 23.46 23.49 23.7 23.68 23.52 23.57 23.71 23.71 23.6 23.38 23.06 22.7 22.43 22.43 22.59 22.85 23.15 23.39 23.56 23.56 23.62 23.6 23.47 23.36 23.26 22.99 22.41 21.82 21.83 21.71 21.7
23.43 23.24 22.96 22.86 23.07 23.35 23.61 23.84 23.98 24 23.96 23.75 23.48 23.39 23.52 23.73 23.71 23.53 23.52 23.5 23.33 23.26 23.13 23.1 23.16 23.12 23.26 23.52 23.54 23.65 23.89 23.95 23.85 23.59 23.45 23.6 23.84 24 24.04 24 23.86 23.76 23.64 23.4 23.25 23.3 23.34 23.23 23.24 23.51 23.57 23.36 23.31 23.49 23.51 23.48 23.4 23.26 22.95 22.58 22.33 22.43 22.78 23.1 23.32 23.41 23.31 23.45 23.45 23.28 23.09 23.04 22.77 22.17 21.54 21.51 21.55 21.7
23.33 23.15 22.89 22.92 23.26 23.55 23.76 23.9 23.97 23.98 23.92 23.75 23.46 23.31 23.46 23.65 23.63 23.44 23.42 23.39 23.19 23.13 23 22.93 23 23 23.15 23.33 23.37 23.56 23.78 23.88 23.85 23.59 23.39 23.46 23.68 23.93 24.02 23.95 23.67 23.56 23.58 23.4 23.16 23.05 23.06 23 22.97 23.26 23.34 23.21 23.07 23.17 23.14 23.11 23.1 23.1 22.99 22.67 22.37 22.44 22.74 22.96 23.14 23.13 23.04 23.27 23.26 23.09 22.76 22.59 22.41 21.87 21.36 21.29 21.46 21.72
23.21 23.02 22.76 22.94 23.34 23.68 23.85 23.93 23.95 23.93 23.84 23.64 23.38 23.24 23.4 23.5 23.51 23.4 23.32 23.28 23.09 22.97 22.89 22.82 22.87 22.88 23.03 23.12 23.21 23.43 23.58 23.75 23.79 23.53 23.3 23.31 23.5 23.8 23.97 23.94 23.65 23.41 23.41 23.37 23.12 22.9 22.8 22.73 22.72 22.89 22.99 22.99 22.79 22.76 22.72 22.63 22.63 22.72 22.75 22.54 22.32 22.37 22.54 22.69 22.79 22.77 22.86 23.07 23 22.77 22.41 22.02 21.83 21.52 21.23 21.29 21.53 21.82
23.03 22.84 22.71 22.94 23.36 23.7 23.84 23.88 23.88 23.81 23.65 23.41 23.19 23.11 23.27 23.26 23.3 23.32 23.23 23.17 23.05 22.84 22.78 22.71 22.71 22.74 22.88 22.91 23.03 23.24 23.45 23.7 23.73 23.44 23.22 23.26 23.4 23.54 23.88 23.94 23.71 23.33 23.21 23.25 23.14 22.91 22.69 22.53 22.47 22.53 22.67 22.72 22.58 22.46 22.41 22.24 22.2 22.35 22.41 22.32 22.11 22.08 22.2 22.37 22.46 22.45 22.63 22.69 22.62 22.42 21.95 21.6 21.45 21.27 21.13 21.38 21.61 21.75
22.73 22.76 22.9 23.15 23.46 23.69 23.74 23.73 23.75 23.63 23.44 23.15 22.93 22.98 23.14 23.08 23.13 23.21 23.1 22.98 22.98 22.88 22.75 22.61 22.55 22.61 22.7 22.68 22.83 23.16 23.52 23.71 23.62 23.29 23.08 23.13 23.23 23.34 23.71 23.93 23.79 23.37 23.08 23.03 23.01 22.96 22.79 22.56 22.42 22.33 22.38 22.45 22.34 22.2 22.14 22.03 22 22.1 22.16 22.1 21.94 21.91 21.97 22.04 22.1 22.11 22.17 22.15 22.09 21.92 21.55 21.39 21.35 21.29 21.22 21.35 21.53 21.57
22.56 22.8 23.1 23.41 23.61 23.68 23.61 23.52 23.61 23.55 23.34 23.05 22.78 22.89 23.03 22.96 23.02 23.13 23.02 22.81 22.8 22.71 22.69 22.58 22.46 22.47 22.5 22.51 22.75 23.12 23.5 23.66 23.47 23.1 22.91 22.94 23.03 23.19 23.57 23.9 23.81 23.43 23.06 22.86 22.78 22.81 22.79 22.67 22.51 22.3 22.13 22.05 21.99 21.96 21.98 22.1 22.31 22.39 22.38 22.31 22.24 22.28 22.24 22.17 22.2 22.11 22.11 21.94 21.67 21.52 21.46 21.46 21.45 21.41 21.3 21.31 21.41 21.46
22.69 22.99 23.31 23.54 23.59 23.54 23.43 23.35 23.48 23.43 23.25 23.02 22.7 22.77 22.87 22.8 22.88 22.98 22.84 22.65 22.63 22.54 22.54 22.45 22.35 22.33 22.36 22.46 22.69 22.91 23.17 23.45 23.39 23.03 22.77 22.76 22.91 23.17 23.56 23.84 23.71 23.37 23.08 22.85 22.69 22.62 22.6 22.52 22.4 22.25 22.05 21.85 21.75 21.84 22.13 22.48 22.77 22.87 22.73 22.59 22.51 22.59 22.55 22.47 22.55 22.48 22.44 22.29 22.01 21.73 21.66 21.67 21.59 21.48 21.41 21.43 21.45 21.51
22.87 23.18 23.43 23.47 23.39 23.35 23.23 23.18 23.36 23.31 23.12 22.91 22.62 22.63 22.71 22.61 22.65 22.77 22.62 22.45 22.43 22.37 22.34 22.23 22.19 22.21 22.33 22.44 22.59 22.75 22.94 23.24 23.35 23.05 22.75 22.71 22.92 23.2 23.52 23.77 23.65 23.4 23.17 22.96 22.76 22.6 22.49 22.39 22.28 22.14 21.96 21.78 21.68 21.87 22.3 22.74 23.04 23.18 23.03 22.8 22.68 22.79 22.8 22.76 22.83 22.8 22.7 22.5 22.18 21.87 21.82 21.77 21.61 21.51 21.64 21.8 21.75 21.73
22.94 23.26 23.44 23.3 23.11 23.07 23 22.98 23.17 23.2 23.08 22.87 22.58 22.5 22.56 22.48 22.45 22.57 22.51 22.33 22.19 22.11 22.08 22.1 22.22 22.32 22.44 22.51 22.63 22.81 23 23.23 23.23 23 22.77 22.72 22.94 23.23 23.54 23.74 23.6 23.37 23.17 23 22.82 22.66 22.54 22.42 22.28 22.08 21.86 21.72 21.68 21.93 22.38 22.78 23.14 23.35 23.27 22.97 22.87 23 23.02 23.02 23.08 22.98 22.73 22.44 22.13 21.97 21.9 21.78 21.62 21.56 21.81 22.06 22.07 21.99
22.96 23.25 23.38 23.22 22.93 22.76 22.71 22.73 22.9 22.92 22.85 22.76 22.53 22.37 22.37 22.37 22.32 22.4 22.43 22.27 22.03 21.84 21.92 22.15 22.4 22.57 22.66 22.72 22.78 22.92 23.11 23.23 23.07 22.88 22.69 22.66 22.94 23.32 23.6 23.66 23.5 23.3 23.03 22.85 22.75 22.66 22.55 22.44 22.3 22.1 21.89 21.76 21.71 21.95 22.39 22.81 23.23 23.44 23.41 23.17 23.13 23.26 23.26 23.27 23.26 23.04 22.69 22.39 22.17 22.1 21.94 21.82 21.78 21.73 21.95 22.2 22.31 22.2
