ASPA-UH-SWB2_REPO/input/Gridded_temps/prism_tmin_tutuila_30yr_normal_04.asc
ncols         350
nrows         200
xllcorner     515000
yllcorner     8409000
cellsize      100
NODATA_value  -9999
[rows 70 to 104 of 200, columns 77 to 153 of 350]
-9999 -9999 -9999 -9999 -9999 -9999 -9999 -9999 -9999 -9999 -9999 -9999 -9999 -9999 -9999 -9999 -9999 -9999 -9999 -9999 -9999 -9999 -9999 -9999 -9999 -9999 -9999 -9999 -9999 -9999 -9999 -9999 -9999 -9999 -9999 -9999 -9999 -9999 -9999 -9999 -9999 -9999 -9999 -9999 -9999 -9999 -9999 -9999 -9999 -9999 -9999 -9999 -9999 -9999 -9999 -9999 -9999 -9999 -9999 -9999 -9999 -9999 -9999 -9999 -9999 24.85 24.85 24.85 24.85 24.85 24.84 24.8 24.69 24.61 24.45 24.21 24.16
-9999 -9999 -9999 -9999 -9999 -9999 -9999 -9999 -9999 -9999 -9999 -9999 -9999 -9999 -9999 -9999 -9999 -9999 -9999 -9999 -9999 -9999 -9999 -9999 -9999 -9999 -9999 -9999 -9999 -9999 -9999 -9999 -9999 -9999 -9999 -9999 -9999 -9999 -9999 -9999 -9999 -9999 -9999 -9999 -9999 -9999 -9999 -9999 -9999 -9999 -9999 -9999 -9999 -9999 -9999 -9999 -9999 -9999 -9999 -9999 -9999 -9999 -9999 -9999 24.85 24.85 24.85 24.85 24.85 24.84 24.84 24.78 24.53 24.42 24.37 24.13 23.94
-9999 -9999 -9999 -9999 -9999 -9999 -9999 -9999 -9999 -9999 -9999 -9999 -9999 -9999 -9999 -9999 -9999 -9999 -9999 -9999 -9999 -9999 -9999 -9999 -9999 -9999 -9999 -9999 -9999 -9999 -9999 -9999 -9999 -9999 -9999 -9999 -9999 -9999 -9999 -9999 -9999 -9999 -9999 -9999 -9999 -9999 -9999 -9999 -9999 -9999 -9999 -9999 -9999 -9999 -9999 -9999 -9999 -9999 -9999 -9999 -9999 -9999 -9999 24.85 24.85 24.85 24.85 24.84 24.84 24.84 24.83 24.77 24.48 24.28 24.25 24.1 23.82
-9999 -9999 -9999 -9999 -9999 -9999 -9999 -9999 -9999 -9999 -9999 -9999 -9999 -9999 -9999 -9999 -9999 -9999 -9999 -9999 -9999 -9999 -9999 -9999 -9999 -9999 -9999 -9999 -9999 -9999 -9999 -9999 -9999 -9999 -9999 -9999 -9999 -9999 -9999 -9999 -9999 -9999 -9999 -9999 -9999 -9999 -9999 -9999 -9999 -9999 -9999 -9999 -9999 -9999 -9999 -9999 -9999 -9999 -9999 -9999 -9999 -9999 24.85 24.85 24.84 24.84 24.84 24.84 24.84 24.84 24.83 24.79 24.6 24.29 24.08 24 23.78
-9999 -9999 -9999 -9999 -9999 -9999 -9999 -9999 -9999 -9999 -9999 -9999 -9999 -9999 -9999 -9999 -9999 -9999 -9999 -9999 -9999 -9999 -9999 -9999 -9999 -9999 -9999 -9999 -9999 -9999 -9999 -9999 -9999 -9999 -9999 -9999 -9999 -9999 -9999 -9999 -9999 -9999 -9999 -9999 -9999 -9999 -9999 -9999 -9999 -9999 -9999 -9999 -9999 -9999 -9999 -9999 -9999 -9999 -9999 -9999 -9999 24.85 24.84 24.84 24.84 24.84 24.84 24.83 24.83 24.83 24.83 24.79 24.6 24.28 23.95 23.86 23.76
-9999 -9999 -9999 -9999 -9999 -9999 -9999 -9999 -9999 -9999 -9999 -9999 -9999 -9999 -9999 -9999 -9999 -9999 -9999 -9999 -9999 -9999 -9999 -9999 -9999 -9999 -9999 -9999 -9999 -9999 -9999 -9999 -9999 -9999 -9999 -9999 -9999 -9999 -9999 -9999 -9999 -9999 -9999 -9999 -9999 -9999 -9999 -9999 -9999 -9999 -9999 -9999 -9999 -9999 -9999 -9999 -9999 -9999 -9999 24.85 24.85 24.84 24.84 24.84 24.84 24.83 24.83 24.83 24.83 24.83 24.82 24.79 24.64 24.29 23.89 23.68 23.6
-9999 -9999 -9999 -9999 -9999 -9999 -9999 -9999 -9999 -9999 -9999 -9999 -9999 -9999 -9999 -9999 -9999 -9999 -9999 -9999 -9999 -9999 -9999 -9999 -9999 -9999 -9999 -9999 -9999 -9999 -9999 -9999 -9999 -9999 -9999 -9999 -9999 -9999 -9999 -9999 -9999 -9999 -9999 -9999 -9999 -9999 -9999 -9999 -9999 -9999 -9999 -9999 -9999 -9999 -9999 -9999 -9999 24.85 24.85 24.85 24.84 24.84 24.84 24.83 24.83 24.83 24.83 24.83 24.82 24.82 24.81 24.75 24.56 24.18 23.83 23.55 23.44
-9999 -9999 -9999 -9999 -9999 -9999 -9999 -9999 -9999 -9999 -9999 -9999 -9999 -9999 -9999 -9999 -9999 -9999 -9999 -9999 -9999 -9999 -9999 -9999 -9999 -9999 -9999 -9999 -9999 -9999 -9999 -9999 -9999 -9999 -9999 -9999 -9999 -9999 -9999 -9999 -9999 -9999 -9999 -9999 -9999 -9999 -9999 -9999 -9999 -9999 -9999 -9999 -9999 -9999 -9999 24.85 24.85 24.85 24.85 24.84 24.84 24.83 24.82 24.82 24.83 24.83 24.82 24.82 24.82 24.82 24.8 24.68 24.43 24.14 23.91 23.71 23.62
-9999 -9999 -9999 -9999 -9999 -9999 25.04 -9999 -9999 -9999 -9999 -9999 -9999 -9999 -9999 -9999 -9999 -9999 -9999 -9999 -9999 -9999 -9999 -9999 -9999 -9999 -9999 -9999 24.96 24.96 24.96 -9999 -9999 -9999 -9999 -9999 -9999 -9999 -9999 -9999 -9999 -9999 -9999 -9999 -9999 -9999 -9999 -9999 -9999 -9999 -9999 -9999 -9999 -9999 24.85 24.85 24.85 24.84 24.84 24.83 24.83 24.81 24.78 24.78 24.81 24.82 24.81 24.81 24.81 24.81 24.79 24.68 24.5 24.33 24.22 24.11 23.98
-9999 -9999 -9999 -9999 -9999 25.04 25.04 25.04 25.03 25.03 -9999 -9999 -9999 -9999 -9999 -9999 -9999 -9999 -9999 -9999 -9999 -9999 -9999 -9999 -9999 -9999 -9999 24.97 24.97 24.96 24.96 24.95 -9999 -9999 -9999 -9999 -9999 -9999 -9999 -9999 -9999 -9999 -9999 -9999 -9999 -9999 -9999 -9999 -9999 -9999 -9999 -9999 -9999 24.85 24.85 24.85 24.84 24.84 24.83 24.83 24.82 24.76 24.66 24.67 24.77 24.81 24.81 24.81 24.8 24.8 24.79 24.75 24.68 24.59 24.52 24.39 24.19
-9999 -9999 -9999 -9999 25.04 25.04 25.04 25.04 25.04 25.03 25.03 -9999 -9999 -9999 -9999 -9999 -9999 -9999 -9999 -9999 -9999 -9999 -9999 -9999 24.98 24.98 -9999 24.97 24.97 24.96 24.96 24.95 24.95 -9999 -9999 -9999 -9999 -9999 -9999 -9999 -9999 -9999 -9999 -9999 -9999 -9999 -9999 -9999 -9999 -9999 -9999 -9999 24.85 24.85 24.85 24.84 24.84 24.83 24.83 24.81 24.8 24.69 24.5 24.47 24.63 24.74 24.77 24.78 24.8 24.8 24.8 24.79 24.78 24.74 24.68 24.53 24.38
-9999 -9999 -9999 25.05 25.05 25.04 25.04 25.04 25.04 25.03 25.03 25.03 -9999 -9999 -9999 -9999 -9999 -9999 -9999 -9999 -9999 -9999 24.99 24.99 24.99 24.98 24.98 24.97 24.97 24.96 24.96 24.95 24.95 24.95 -9999 -9999 -9999 -9999 -9999 -9999 -9999 -9999 -9999 -9999 -9999 -9999 -9999 -9999 -9999 -9999 -9999 24.85 24.85 24.85 24.84 24.84 24.83 24.82 24.8 24.75 24.67 24.46 24.2 24.21 24.36 24.52 24.58 24.66 24.75 24.78 24.79 24.79 24.79 24.78 24.74 24.66 24.59
-9999 25.05 25.05 25.05 25.05 25.05 25.05 25.04 25.04 25.04 25.04 25.03 25.03 -9999 -9999 -9999 -9999 -9999 -9999 -9999 25 25 25 24.99 24.99 24.98 24.98 24.97 24.97 24.96 24.96 24.95 24.95 24.95 24.94 -9999 -9999 -9999 -9999 -9999 -9999 -9999 -9999 -9999 -9999 -9999 -9999 -9999 -9999 -9999 24.85 24.85 24.85 24.84 24.84 24.83 24.82 24.77 24.71 24.54 24.22 23.91 23.8 23.9 24.04 24.2 24.33 24.47 24.62 24.73 24.78 24.78 24.78 24.77 24.75 24.72 24.67
25.06 25.06 25.06 25.05 25.05 25.05 25.05 25.05 25.05 25.04 25.04 25.04 25.03 25.03 -9999 25.03 -9999 -9999 25.01 25.01 25 25 25 24.99 24.99 24.98 24.98 24.97 24.97 24.96 24.96 24.95 24.95 24.95 24.94 24.94 24.93 -9999 -9999 -9999 -9999 -9999 -9999 -9999 24.89 24.88 -9999 24.87 24.86 24.86 24.85 24.85 24.85 24.84 24.83 24.78 24.73 24.6 24.36 24.19 24.03 23.75 23.58 23.6 23.69 23.92 24.17 24.34 24.52 24.69 24.77 24.78 24.77 24.76 24.72 24.68 24.64
25.06 25.06 25.06 25.06 25.06 25.04 25.02 25.04 25.05 25.04 25.04 25.04 25.04 25.03 25.03 25.03 25.03 25.02 25.02 25.01 25.01 25 25 24.99 24.99 24.99 24.98 24.97 24.96 24.94 24.92 24.95 24.95 24.95 24.94 24.94 24.93 24.92 -9999 -9999 -9999 -9999 -9999 24.89 24.88 24.88 24.87 24.87 24.86 24.86 24.85 24.85 24.84 24.83 24.79 24.66 24.53 24.43 24.19 23.95 23.77 23.56 23.36 23.35 23.54 23.96 24.29 24.51 24.66 24.74 24.77 24.77 24.76 24.69 24.54 24.54 24.55
25.07 25.06 25.06 25.06 25.04 24.94 24.89 25 25.04 25.05 25.04 25.04 25.04 25.04 25.03 25.03 25.03 25.02 25.02 25.01 25.01 25 25 25 24.99 24.98 24.98 24.95 24.87 24.83 24.82 24.92 24.95 24.95 24.94 24.93 24.92 24.92 24.91 -9999 -9999 24.9 24.89 24.89 24.88 24.87 24.87 24.86 24.86 24.85 24.85 24.84 24.83 24.81 24.72 24.55 24.35 24.24 24.06 23.79 23.51 23.33 23.27 23.36 23.72 24.08 24.34 24.56 24.69 24.74 24.75 24.75 24.71 24.59 24.35 24.31 24.35
25.07 25.07 25.07 25.06 25.01 24.76 24.61 24.84 25 25.05 25.05 25.05 25.04 25.04 25.04 25.03 25.03 25.03 25.02 25.02 25.01 25.01 24.99 24.98 24.93 24.94 24.95 24.87 24.68 24.66 24.76 24.91 24.95 24.95 24.94 24.93 24.92 24.92 24.91 24.91 24.9 24.9 24.89 24.88 24.88 24.87 24.87 24.86 24.85 24.85 24.84 24.84 24.83 24.81 24.71 24.47 24.22 24.05 23.88 23.63 23.34 23.26 23.45 23.66 23.87 24.1 24.3 24.49 24.65 24.71 24.71 24.69 24.64 24.54 24.33 24.16 24.1
25.06 25.06 25.05 25.02 24.92 24.56 24.39 24.58 24.92 25.04 25.05 25.05 25.05 25.04 25.04 25.04 25.03 25.03 25.02 25.02 25.01 24.99 24.94 24.82 24.74 24.79 24.81 24.69 24.59 24.69 24.85 24.94 24.95 24.95 24.94 24.93 24.92 24.92 24.91 24.91 24.9 24.9 24.89 24.88 24.87 24.87 24.86 24.86 24.85 24.85 24.84 24.83 24.83 24.82 24.74 24.45 24.13 23.9 23.67 23.41 23.21 23.36 23.7 23.94 24.05 24.21 24.37 24.49 24.61 24.66 24.64 24.58 24.51 24.43 24.27 24.06 23.86
25.01 25.01 24.9 24.81 24.6 24.3 24.34 24.6 24.91 25.04 25.06 25.06 25.05 25.05 25.03 25.02 25.04 25.03 25.02 25.01 24.97 24.9 24.77 24.54 24.52 24.6 24.56 24.55 24.63 24.8 24.91 24.95 24.95 24.94 24.91 24.9 24.9 24.91 24.91 24.91 24.9 24.89 24.89 24.87 24.84 24.84 24.85 24.84 24.83 24.83 24.82 24.8 24.8 24.8 24.72 24.43 24.07 23.78 23.47 23.2 23.12 23.42 23.79 24.05 24.19 24.32 24.44 24.53 24.59 24.61 24.56 24.45 24.33 24.22 24.08 23.92 23.66
24.86 24.89 24.68 24.48 24.25 24.16 24.35 24.68 24.94 25.05 25.06 25.06 25.02 25.02 24.99 24.95 25.02 25.02 24.97 24.95 24.89 24.73 24.59 24.39 24.45 24.48 24.38 24.46 24.65 24.83 24.9 24.94 24.94 24.89 24.78 24.72 24.77 24.87 24.91 24.9 24.9 24.89 24.88 24.82 24.7 24.67 24.78 24.78 24.72 24.74 24.76 24.71 24.72 24.75 24.68 24.46 24.13 23.76 23.42 23.1 23.04 23.38 23.73 23.97 24.14 24.28 24.39 24.48 24.53 24.52 24.46 24.35 24.18 23.97 23.75 23.58 23.44
24.7 24.76 24.54 24.29 24.07 24.04 24.29 24.65 24.92 25.05 25.06 25.03 24.89 24.89 24.83 24.85 24.97 24.95 24.8 24.79 24.76 24.57 24.47 24.33 24.36 24.38 24.27 24.38 24.64 24.78 24.78 24.89 24.91 24.82 24.61 24.47 24.57 24.8 24.9 24.9 24.9 24.88 24.83 24.7 24.47 24.43 24.58 24.6 24.48 24.53 24.64 24.56 24.51 24.59 24.61 24.49 24.26 23.88 23.54 23.19 23.03 23.27 23.55 23.76 23.96 24.14 24.3 24.38 24.42 24.4 24.31 24.21 24.03 23.74 23.33 23.02 23.02
24.6 24.64 24.42 24.16 23.94 24.01 24.28 24.62 24.9 25.05 25.07 25.02 24.81 24.66 24.61 24.72 24.88 24.83 24.64 24.63 24.62 24.45 24.37 24.24 24.24 24.27 24.17 24.31 24.59 24.65 24.65 24.84 24.89 24.78 24.53 24.38 24.49 24.76 24.89 24.9 24.88 24.83 24.73 24.53 24.29 24.23 24.34 24.37 24.24 24.27 24.47 24.44 24.28 24.32 24.45 24.45 24.33 24.1 23.77 23.4 23.13 23.11 23.27 23.53 23.82 24.06 24.23 24.23 24.27 24.25 24.12 24.01 23.91 23.63 23.05 22.47 22.48
24.43 24.52 24.33 24.05 23.94 24.16 24.44 24.69 24.92 25.05 25.07 25.02 24.81 24.54 24.44 24.57 24.77 24.75 24.56 24.54 24.52 24.34 24.27 24.13 24.09 24.14 24.09 24.23 24.48 24.48 24.58 24.82 24.87 24.76 24.49 24.34 24.49 24.73 24.87 24.9 24.85 24.7 24.59 24.47 24.21 24.06 24.1 24.13 24.01 24.01 24.28 24.32 24.11 24.05 24.22 24.23 24.2 24.11 23.96 23.65 23.27 23.01 23.11 23.46 23.78 23.99 24.07 23.94 24.1 24.1 23.93 23.73 23.68 23.41 22.8 22.17 22.15
24.3 24.43 24.25 23.99 24.02 24.35 24.64 24.84 24.98 25.05 25.05 25 24.81 24.53 24.37 24.5 24.69 24.66 24.47 24.44 24.41 24.2 24.14 24 23.93 23.98 23.98 24.12 24.29 24.33 24.5 24.71 24.8 24.76 24.5 24.28 24.34 24.55 24.79 24.88 24.8 24.51 24.39 24.4 24.22 23.96 23.84 23.85 23.77 23.75 24.02 24.09 23.95 23.8 23.89 23.85 23.82 23.8 23.79 23.68 23.35 23.05 23.11 23.41 23.62 23.8 23.78 23.68 23.91 23.9 23.73 23.39 23.21 23.04 22.5 21.98 21.92
24.18 24.32 24.12 23.87 24.04 24.44 24.78 24.94 25.02 25.03 25 24.92 24.71 24.44 24.3 24.45 24.55 24.56 24.44 24.35 24.3 24.1 23.98 23.89 23.81 23.85 23.86 23.99 24.09 24.17 24.37 24.51 24.67 24.71 24.44 24.2 24.2 24.38 24.67 24.83 24.79 24.49 24.24 24.23 24.18 23.92 23.69 23.58 23.5 23.49 23.64 23.74 23.72 23.52 23.48 23.43 23.33 23.33 23.41 23.43 23.22 22.99 23.03 23.2 23.34 23.44 23.42 23.5 23.71 23.64 23.4 23.03 22.64 22.46 22.14 21.85 21.91
24.11 24.15 23.95 23.82 24.05 24.46 24.8 24.94 24.97 24.97 24.89 24.74 24.49 24.26 24.17 24.33 24.32 24.36 24.36 24.26 24.19 24.07 23.85 23.79 23.71 23.7 23.72 23.85 23.87 23.98 24.18 24.39 24.63 24.65 24.35 24.12 24.15 24.28 24.42 24.74 24.79 24.55 24.16 24.02 24.05 23.94 23.7 23.47 23.3 23.23 23.28 23.41 23.46 23.3 23.17 23.12 22.94 22.89 23.03 23.08 22.99 22.78 22.74 22.86 23.02 23.11 23.09 23.26 23.32 23.24 23.04 22.57 22.22 22.06 21.88 21.74 21.99
23.89 23.86 23.88 24.02 24.27 24.57 24.79 24.85 24.82 24.85 24.72 24.53 24.24 24.01 24.05 24.2 24.14 24.19 24.26 24.14 24.02 24 23.89 23.76 23.61 23.55 23.59 23.67 23.64 23.79 24.11 24.46 24.65 24.54 24.19 23.98 24.03 24.1 24.2 24.56 24.77 24.63 24.2 23.9 23.83 23.81 23.74 23.57 23.33 23.18 23.07 23.11 23.18 23.06 22.91 22.84 22.72 22.69 22.77 22.83 22.77 22.6 22.56 22.62 22.68 22.74 22.74 22.8 22.77 22.71 22.53 22.16 22 21.96 21.89 21.82 21.95
23.64 23.69 23.92 24.23 24.53 24.73 24.79 24.73 24.63 24.71 24.65 24.43 24.14 23.87 23.96 24.11 24.02 24.08 24.18 24.07 23.85 23.84 23.73 23.7 23.59 23.46 23.46 23.48 23.47 23.7 24.07 24.44 24.6 24.39 24.01 23.8 23.83 23.91 24.05 24.44 24.75 24.65 24.25 23.88 23.66 23.57 23.59 23.56 23.43 23.27 23.04 22.87 22.77 22.7 22.67 22.68 22.79 22.99 23.06 23.04 22.97 22.89 22.92 22.88 22.8 22.82 22.73 22.72 22.55 22.27 22.12 22.06 22.06 22.05 22 21.89 21.9
23.6 23.82 24.12 24.44 24.66 24.71 24.66 24.55 24.46 24.59 24.53 24.35 24.11 23.8 23.85 23.95 23.88 23.95 24.04 23.9 23.69 23.67 23.56 23.56 23.47 23.35 23.32 23.35 23.43 23.66 23.86 24.11 24.38 24.31 23.94 23.67 23.66 23.8 24.04 24.42 24.69 24.55 24.19 23.89 23.65 23.48 23.4 23.37 23.28 23.15 22.99 22.77 22.57 22.46 22.54 22.82 23.16 23.44 23.53 23.39 23.24 23.15 23.22 23.18 23.09 23.17 23.1 23.05 22.89 22.61 22.33 22.25 22.25 22.18 22.07 21.99 22
23.67 24.01 24.32 24.57 24.61 24.52 24.48 24.36 24.31 24.48 24.42 24.23 24.01 23.72 23.72 23.79 23.7 23.73 23.83 23.67 23.49 23.48 23.41 23.37 23.25 23.19 23.21 23.32 23.41 23.56 23.7 23.89 24.18 24.27 23.96 23.66 23.6 23.8 24.06 24.38 24.62 24.48 24.22 23.97 23.76 23.55 23.37 23.25 23.13 23.01 22.87 22.68 22.49 22.39 22.57 22.98 23.42 23.71 23.84 23.68 23.45 23.32 23.42 23.42 23.38 23.44 23.41 23.29 23.09 22.77 22.46 22.4 22.35 22.19 22.09 22.21 22.37
23.74 24.09 24.41 24.58 24.45 24.25 24.21 24.14 24.11 24.3 24.32 24.2 23.98 23.68 23.59 23.65 23.57 23.53 23.64 23.58 23.39 23.24 23.15 23.11 23.12 23.22 23.33 23.43 23.49 23.6 23.76 23.94 24.17 24.16 23.92 23.67 23.61 23.82 24.1 24.4 24.59 24.43 24.19 23.98 23.8 23.61 23.43 23.3 23.17 23.01 22.8 22.58 22.43 22.37 22.62 23.05 23.44 23.8 23.99 23.91 23.61 23.5 23.62 23.63 23.63 23.68 23.58 23.32 23.03 22.71 22.55 22.48 22.36 22.2 22.14 22.38 22.63
23.76 24.12 24.41 24.54 24.37 24.08 23.91 23.85 23.87 24.03 24.05 23.98 23.87 23.64 23.48 23.47 23.46 23.41 23.48 23.49 23.33 23.07 22.88 22.97 23.17 23.42 23.57 23.65 23.7 23.76 23.88 24.06 24.17 24 23.8 23.59 23.56 23.82 24.18 24.45 24.5 24.32 24.12 23.83 23.64 23.52 23.42 23.3 23.19 23.04 22.83 22.6 22.47 22.4 22.63 23.07 23.47 23.88 24.08 24.05 23.8 23.75 23.87 23.86 23.87 23.85 23.64 23.28 22.98 22.75 22.68 22.51 22.4 22.35 22.3 22.52 22.77
23.77 24.03 24.32 24.46 24.32 24.04 23.7 23.54 23.59 23.72 23.72 23.68 23.69 23.57 23.4 23.3 23.3 23.27 23.3 23.36 23.26 23.05 22.85 23.03 23.29 23.5 23.66 23.77 23.88 23.95 23.98 24.02 24 23.84 23.65 23.47 23.54 23.86 24.2 24.44 24.35 24.13 24.07 23.84 23.59 23.41 23.3 23.17 23.04 22.91 22.75 22.58 22.43 22.4 22.7 23.14 23.52 23.92 24.13 24.16 24.02 24.01 24.09 24.07 24.01 23.88 23.65 23.36 23.04 22.86 22.79 22.56 22.52 22.61 22.56 22.62 22.85
23.72 23.95 24.28 24.36 24.17 23.92 23.56 23.31 23.3 23.4 23.43 23.44 23.46 23.37 23.25 23.13 23.09 23.1 23.16 23.23 23.12 22.99 22.88 23 23.25 23.5 23.68 23.81 23.93 23.99 23.92 23.83 23.77 23.68 23.5 23.44 23.68 24.02 24.26 24.41 24.24 23.94 23.87 23.73 23.57 23.42 23.28 23.13 22.97 22.82 22.65 22.47 22.37 22.55 22.96 23.3 23.61 23.92 24.15 24.24 24.2 24.2 24.22 24.14 23.96 23.69 23.47 23.28 23.14 23.03 22.83 22.63 22.68 22.83 22.89 22.77 22.89
23.62 23.88 24.24 24.32 24.15 23.84 23.47 23.19 23.1 23.12 23.17 23.22 23.22 23.11 23.07 23 22.93 22.93 23.04 23.1 22.99 22.87 22.84 22.95 23.2 23.46 23.63 23.73 23.83 23.91 23.84 23.68 23.56 23.49 23.37 23.49 23.83 24.13 24.28 24.2 23.97 23.71 23.61 23.5 23.42 23.35 23.25 23.11 22.96 22.81 22.62 22.44 22.43 22.76 23.16 23.47 23.75 24 24.2 24.3 24.31 24.3 24.23 24.05 23.75 23.51 23.43 23.42 23.38 23.14 22.78 22.72 22.85 22.95 23.13 23.04 22.96
