ASPA-UH-SWB2_REPO/input/Gridded_temps/prism_tmax_tutuila_30yr_normal_10.asc
ncols         350
nrows         200
xllcorner     515000
yllcorner     8409000
cellsize      100
NODATA_value  -9999
[rows 102 to 135 of 200, columns 77 to 153 of 350]
28.88 29.19 29.53 29.69 29.53 29.2 28.79 28.61 28.68 28.83 28.83 28.78 28.78 28.65 28.45 28.33 28.33 28.29 28.33 28.4 28.28 28.04 27.8 28.01 28.32 28.57 28.75 28.88 29 29.09 29.12 29.16 29.15 28.95 28.73 28.52 28.59 28.97 29.38 29.66 29.54 29.29 29.22 28.94 28.66 28.44 28.31 28.16 28 27.86 27.67 27.47 27.3 27.26 27.61 28.12 28.57 29.03 29.28 29.32 29.14 29.13 29.24 29.21 29.14 28.99 28.73 28.39 28.01 27.79 27.72 27.44 27.4 27.52 27.44 27.51 27.78
28.82 29.09 29.49 29.57 29.35 29.06 28.64 28.34 28.34 28.45 28.48 28.5 28.53 28.42 28.29 28.13 28.08 28.09 28.17 28.25 28.13 27.98 27.84 27.98 28.28 28.57 28.78 28.92 29.06 29.14 29.05 28.94 28.87 28.78 28.56 28.48 28.76 29.16 29.44 29.63 29.45 29.06 28.98 28.82 28.64 28.47 28.3 28.12 27.93 27.75 27.55 27.35 27.21 27.42 27.92 28.32 28.68 29.03 29.3 29.41 29.36 29.36 29.38 29.29 29.08 28.76 28.51 28.28 28.12 28 27.76 27.52 27.59 27.77 27.86 27.68 27.83
28.7 29.01 29.43 29.53 29.33 28.97 28.54 28.21 28.1 28.13 28.18 28.23 28.25 28.11 28.06 27.99 27.9 27.9 28.03 28.11 27.98 27.82 27.79 27.92 28.22 28.53 28.71 28.83 28.95 29.05 28.96 28.77 28.62 28.55 28.41 28.55 28.95 29.3 29.46 29.37 29.11 28.79 28.68 28.55 28.45 28.38 28.26 28.09 27.92 27.74 27.52 27.3 27.29 27.69 28.15 28.51 28.84 29.13 29.35 29.48 29.49 29.47 29.4 29.18 28.84 28.55 28.45 28.45 28.41 28.13 27.69 27.62 27.78 27.9 28.13 28 27.89
28.6 28.98 29.37 29.46 29.42 29.11 28.63 28.31 28.1 27.96 27.95 27.98 27.98 27.92 27.91 27.87 27.75 27.74 27.87 27.93 27.88 27.8 27.81 27.91 28.12 28.36 28.56 28.68 28.79 28.93 28.92 28.73 28.42 28.28 28.35 28.59 28.87 29.16 29.38 29.18 28.85 28.6 28.49 28.37 28.25 28.18 28.13 28.02 27.86 27.72 27.54 27.31 27.35 27.83 28.27 28.58 28.92 29.22 29.42 29.53 29.55 29.51 29.35 28.98 28.5 28.43 28.67 28.72 28.48 28.04 27.75 27.81 27.98 27.98 28.23 28.46 28.19
28.62 28.99 29.29 29.23 29.2 29.16 28.71 28.41 28.23 28.06 27.95 27.9 27.94 27.95 27.87 27.76 27.67 27.68 27.77 27.83 27.85 27.86 27.85 27.92 28.07 28.26 28.44 28.57 28.73 28.88 28.85 28.65 28.33 28.25 28.51 28.73 28.9 29.13 29.32 29.21 28.97 28.76 28.6 28.46 28.31 28.15 28.02 27.89 27.73 27.61 27.46 27.35 27.58 28.21 28.66 28.89 29.08 29.38 29.53 29.59 29.58 29.53 29.34 29.02 28.62 28.57 28.86 28.84 28.5 28.11 27.98 28.03 28.14 28.14 28.34 28.67 28.59
28.46 28.74 28.98 28.81 28.69 28.89 28.67 28.48 28.38 28.25 28.12 28.02 27.98 27.92 27.81 27.71 27.68 27.74 27.83 27.88 27.9 27.9 27.91 27.96 28.07 28.29 28.56 28.74 28.82 28.76 28.58 28.4 28.21 28.41 28.72 28.9 29.05 29.13 29.15 29.07 29 28.91 28.73 28.59 28.48 28.31 28.12 27.94 27.77 27.6 27.42 27.48 27.98 28.54 28.86 29.15 29.31 29.5 29.59 29.62 29.6 29.56 29.43 29.14 28.75 28.78 29.05 28.89 28.59 28.28 28.26 28.34 28.34 28.35 28.53 28.84 28.88
28.23 28.41 28.51 28.45 28.38 28.5 28.54 28.5 28.44 28.34 28.2 28.06 27.95 27.87 27.78 27.71 27.72 27.81 27.89 27.93 27.94 27.95 27.98 28.05 28.18 28.41 28.62 28.64 28.57 28.41 28.23 28.17 28.33 28.61 28.8 28.9 28.96 28.91 28.87 28.79 28.77 28.86 28.76 28.57 28.39 28.25 28.12 27.93 27.72 27.49 27.47 27.75 28.28 28.8 29.17 29.39 29.49 29.57 29.62 29.63 29.62 29.59 29.49 29.24 28.93 28.95 29.18 29.14 28.95 28.6 28.63 28.7 28.59 28.46 28.65 28.99 29.11
27.99 28.08 28.16 28.19 28.2 28.29 28.39 28.41 28.39 28.32 28.19 28.05 27.92 27.82 27.76 27.71 27.74 27.81 27.89 27.94 27.97 27.99 28.03 28.11 28.3 28.46 28.44 28.27 28.08 27.96 27.93 28.18 28.52 28.65 28.68 28.68 28.74 28.7 28.65 28.58 28.6 28.71 28.7 28.56 28.34 28.11 27.93 27.76 27.58 27.45 27.66 27.96 28.37 28.87 29.28 29.49 29.58 29.62 29.64 29.64 29.62 29.59 29.53 29.35 29.05 28.96 29.21 29.43 29.24 28.91 28.98 29.03 28.76 28.59 28.69 29.09 29.37
27.91 27.93 27.96 28.01 28.07 28.15 28.23 28.25 28.25 28.25 28.17 28.07 27.94 27.82 27.76 27.74 27.76 27.81 27.88 27.93 27.95 27.96 27.97 28 28.1 28.17 28.09 27.93 27.82 27.82 27.95 28.3 28.41 28.39 28.39 28.42 28.51 28.51 28.43 28.4 28.47 28.53 28.55 28.45 28.27 28.08 27.93 27.75 27.57 27.6 27.96 28.3 28.55 28.97 29.35 29.55 29.62 29.63 29.64 29.64 29.62 29.56 29.43 29.17 28.81 28.67 28.96 29.41 29.46 29.26 29.27 29.19 28.81 28.8 28.86 29.19 29.55
27.91 27.92 27.94 27.98 28.02 28.06 28.08 28.08 28.13 28.21 28.18 28.09 27.96 27.85 27.8 27.78 27.79 27.83 27.86 27.89 27.89 27.87 27.85 27.85 27.87 27.85 27.81 27.77 27.76 27.8 27.92 28.04 28.04 28.01 28.03 28.14 28.3 28.32 28.24 28.29 28.41 28.44 28.43 28.37 28.26 28.12 27.98 27.77 27.6 27.72 28.13 28.46 28.84 29.22 29.47 29.6 29.64 29.64 29.65 29.63 29.6 29.47 29.19 28.81 28.35 28.15 28.51 29.17 29.54 29.56 29.48 29.22 28.89 29.02 29.12 29.33 29.65
27.93 27.95 27.99 28.01 28 27.98 27.98 28 28.08 28.17 28.16 28.08 27.99 27.93 27.87 27.82 27.81 27.82 27.82 27.81 27.79 27.78 27.76 27.76 27.76 27.75 27.75 27.75 27.76 27.77 27.79 27.78 27.77 27.77 27.8 27.92 28.1 28.19 28.21 28.31 28.45 28.43 28.41 28.35 28.23 28.04 27.9 27.81 27.74 27.8 28.14 28.5 29.01 29.43 29.58 29.64 29.65 29.65 29.64 29.62 29.56 29.38 28.94 28.45 27.94 27.64 28.06 28.85 29.42 29.63 29.59 29.33 29.17 29.28 29.38 29.47 29.72
27.95 28.01 28.1 28.13 28.09 27.99 27.97 28 28.07 28.16 28.19 28.14 28.08 28.01 27.92 27.85 27.82 27.79 27.76 27.74 27.71 27.69 27.68 27.68 27.68 27.7 27.72 27.72 27.72 27.72 27.72 27.71 27.73 27.76 27.8 27.86 27.98 28.2 28.34 28.46 28.56 28.52 28.47 28.39 28.23 28.04 27.94 27.94 27.87 27.8 28.15 28.57 29.11 29.47 29.6 29.64 29.65 29.65 29.64 29.59 29.44 29.16 28.77 28.12 27.74 27.69 28.08 28.8 29.38 29.66 29.67 29.55 29.46 29.52 29.61 29.63 29.77
27.99 28.06 28.21 28.32 28.34 28.13 28.1 28.11 28.15 28.25 28.29 28.19 28.08 28.01 27.93 27.86 27.82 27.78 27.73 27.69 27.66 27.62 27.61 27.6 27.61 27.63 27.66 27.67 27.67 27.67 27.69 27.73 27.78 27.83 27.91 28 28.13 28.34 28.5 28.64 28.7 28.68 28.59 28.42 28.24 28.13 28.08 28.05 27.88 27.79 28.22 28.65 29.18 29.48 29.61 29.64 29.65 29.65 29.63 29.51 29.16 28.75 28.41 27.99 27.98 28.27 28.6 29.02 29.48 29.69 29.73 29.71 29.66 29.68 29.74 29.77 29.81
28.09 28.17 28.28 28.44 28.54 28.4 28.36 28.35 28.38 28.51 28.44 28.23 28.11 28.05 27.97 27.89 27.85 27.79 27.73 27.67 27.62 27.58 27.55 27.54 27.54 27.54 27.56 27.59 27.61 27.63 27.72 27.89 28.01 28.02 28.03 28.11 28.28 28.44 28.58 28.75 28.82 28.8 28.73 28.54 28.33 28.26 28.18 28.04 27.89 27.87 28.19 28.51 28.96 29.37 29.59 29.64 29.65 29.64 29.6 29.4 28.98 28.69 28.45 28.29 28.33 28.68 29.15 29.42 29.62 29.73 29.75 29.75 29.75 29.76 29.79 29.81 29.82
28.31 28.43 28.52 28.59 28.69 28.74 28.68 28.65 28.68 28.81 28.69 28.46 28.3 28.24 28.09 27.94 27.88 27.81 27.74 27.68 27.61 27.55 27.51 27.48 27.46 27.43 27.4 27.41 27.46 27.58 27.79 28.11 28.33 28.39 28.36 28.29 28.26 28.37 28.54 28.79 28.89 28.88 28.83 28.68 28.5 28.36 28.2 28.05 28.01 28.1 28.41 28.66 29 29.39 29.59 29.64 29.64 29.63 29.58 29.42 29.21 29.01 28.78 28.69 28.53 28.74 29.18 29.54 29.7 29.74 29.76 29.77 29.77 29.79 29.81 29.82 29.82
28.55 28.69 28.78 28.82 28.84 28.93 28.95 28.93 28.92 29.04 28.98 28.74 28.57 28.4 28.18 28.03 27.92 27.84 27.77 27.69 27.6 27.51 27.47 27.45 27.4 27.34 27.26 27.21 27.36 27.64 27.92 28.12 28.38 28.56 28.59 28.56 28.5 28.56 28.73 28.87 28.94 28.92 28.8 28.59 28.41 28.25 28.16 28.14 28.21 28.36 28.65 28.94 29.2 29.49 29.61 29.64 29.64 29.64 29.6 29.54 29.48 29.31 29.13 29.07 28.82 28.83 29.04 29.59 29.71 29.75 29.76 29.77 29.78 29.79 29.81 29.82 29.82
28.71 28.87 28.98 29.01 28.96 29.01 29.14 29.17 29.09 29.19 29.11 28.82 28.73 28.56 28.34 28.12 27.96 27.9 27.84 27.76 27.62 27.5 27.48 27.54 27.45 27.35 27.26 27.28 27.58 28.02 28.23 28.2 28.32 28.54 28.64 28.68 28.71 28.78 28.87 28.95 28.98 28.95 28.81 28.53 28.33 28.23 28.27 28.29 28.45 28.72 28.86 29.14 29.39 29.55 29.62 29.63 29.64 29.64 29.63 29.61 29.58 29.48 29.44 29.42 29.26 29.23 29.29 29.64 29.72 29.74 29.76 29.77 29.78 29.8 29.81 29.81 29.82
28.8 28.97 29.13 29.19 29.09 29.02 29.19 29.38 29.36 29.37 29.27 29.05 28.97 28.7 28.4 28.18 28.05 28.03 28 27.9 27.75 27.62 27.48 27.49 27.49 27.46 27.39 27.51 27.88 28.29 28.44 28.4 28.39 28.52 28.63 28.7 28.78 28.84 28.91 28.97 29.01 28.98 28.81 28.54 28.47 28.43 28.41 28.4 28.74 29.01 29.14 29.31 29.52 29.6 29.63 29.64 29.64 29.64 29.63 29.63 29.62 29.6 29.6 29.6 29.58 29.57 29.61 29.7 29.73 29.74 29.75 29.77 29.78 29.8 29.81 29.81 29.82
28.88 29.02 29.22 29.33 29.3 29.24 29.36 29.55 29.58 29.53 29.4 29.25 29.1 28.84 28.58 28.36 28.24 28.24 28.23 28.13 28.03 27.93 27.78 27.63 27.64 27.66 27.62 27.78 28.15 28.41 28.5 28.47 28.44 28.54 28.62 28.69 28.78 28.86 28.92 28.98 29.02 29.01 28.87 28.67 28.64 28.62 28.55 28.53 28.85 29.18 29.39 29.5 29.6 29.63 29.64 29.64 29.64 29.64 29.63 29.63 29.64 29.65 29.65 29.65 29.67 29.67 29.69 29.72 29.73 29.74 29.75 29.77 29.78 29.8 29.81 29.81 29.81
28.96 29.01 29.14 29.32 29.44 29.52 29.61 29.7 29.66 29.46 29.2 29.06 29.01 28.9 28.69 28.51 28.41 28.42 28.43 28.36 28.34 28.27 28.17 27.96 27.9 27.89 27.92 28.1 28.34 28.46 28.43 28.34 28.4 28.57 28.66 28.72 28.81 28.9 28.97 29.02 29.06 29.05 29 28.89 28.82 28.8 28.66 28.61 28.86 29.19 29.47 29.6 29.64 29.65 29.65 29.64 29.64 29.64 29.64 29.64 29.65 29.65 29.66 29.67 29.68 29.7 29.71 29.72 29.72 29.74 29.75 29.76 29.77 29.79 29.8 29.8 29.8
29.02 29 29.05 29.21 29.41 29.62 29.75 29.73 29.52 29.24 29.06 28.97 28.88 28.8 28.73 28.62 28.54 28.56 28.58 28.56 28.61 28.56 28.4 28.16 28.08 28.14 28.19 28.26 28.39 28.43 28.29 28.15 28.37 28.61 28.71 28.77 28.86 28.95 29.03 29.08 29.1 29.09 29.07 29.02 28.99 28.97 28.84 28.83 29.11 29.37 29.55 29.64 29.66 29.66 29.66 29.65 29.64 29.64 29.64 29.65 29.66 29.66 29.66 29.67 29.69 29.7 29.71 29.71 29.72 29.74 29.76 29.76 29.76 29.78 29.78 29.79 29.8
29.1 29.04 29.06 29.22 29.43 29.64 29.79 29.72 29.44 29.15 29.05 29 28.85 28.81 28.8 28.71 28.67 28.69 28.72 28.73 28.81 28.69 28.47 28.34 28.27 28.35 28.45 28.36 28.34 28.35 28.25 28.23 28.49 28.7 28.79 28.86 28.92 28.98 29.06 29.13 29.14 29.13 29.12 29.11 29.18 29.23 29.17 29.13 29.39 29.57 29.64 29.66 29.66 29.66 29.66 29.66 29.65 29.65 29.65 29.66 29.67 29.68 29.68 29.68 29.69 29.7 29.71 29.71 29.73 29.75 29.76 29.76 29.76 29.77 29.77 29.78 29.79
29.2 29.09 29.13 29.31 29.53 29.69 29.84 29.79 29.53 29.3 29.2 29.1 28.88 28.87 28.93 28.84 28.79 28.8 28.87 28.9 28.98 28.79 28.63 28.57 28.48 28.56 28.71 28.54 28.36 28.35 28.35 28.45 28.67 28.81 28.89 28.95 29 29.04 29.09 29.14 29.16 29.15 29.15 29.16 29.3 29.42 29.42 29.39 29.52 29.62 29.66 29.67 29.67 29.67 29.66 29.66 29.66 29.66 29.67 29.67 29.68 29.69 29.69 29.69 29.7 29.71 29.72 29.73 29.73 29.75 29.76 29.76 29.76 29.76 29.77 29.78 29.79
29.33 29.18 29.23 29.48 29.69 29.79 29.97 29.96 29.73 29.58 29.45 29.3 29.02 29.01 29.08 28.97 28.89 28.91 29.05 29.19 29.2 29.01 28.93 28.8 28.68 28.81 28.97 28.78 28.54 28.52 28.57 28.73 28.91 28.98 29.03 29.07 29.09 29.12 29.14 29.17 29.18 29.17 29.17 29.22 29.36 29.47 29.51 29.53 29.58 29.63 29.66 29.67 29.67 29.67 29.67 29.67 29.67 29.68 29.68 29.68 29.69 29.69 29.7 29.7 29.71 29.72 29.73 29.73 29.73 29.74 29.75 29.75 29.76 29.76 29.77 29.78 29.79
29.39 29.24 29.3 29.61 29.87 29.96 30.15 30.21 30.01 29.87 29.71 29.47 29.2 29.15 29.18 29.08 29 29.04 29.3 29.53 29.46 29.39 29.3 29.06 29.01 29.19 29.22 28.9 28.66 28.71 28.8 28.96 29.1 29.17 29.19 29.21 29.2 29.2 29.2 29.2 29.19 29.19 29.21 29.29 29.41 29.48 29.53 29.56 29.6 29.63 29.66 29.68 29.68 29.68 29.68 29.68 29.68 29.68 29.68 29.68 29.69 29.69 29.7 29.7 29.71 29.72 29.73 29.73 29.73 29.74 29.74 29.75 29.76 29.76 29.77 29.78 29.8
29.44 29.32 29.35 29.67 29.98 30.13 30.29 30.39 30.28 30.1 29.81 29.51 29.28 29.21 29.22 29.16 29.12 29.26 29.55 29.74 29.66 29.69 29.59 29.46 29.44 29.48 29.33 28.92 28.65 28.74 28.92 29.1 29.22 29.28 29.3 29.31 29.29 29.27 29.27 29.25 29.24 29.22 29.26 29.34 29.43 29.49 29.54 29.58 29.61 29.65 29.67 29.69 29.68 29.68 29.68 29.67 29.67 29.68 29.68 29.68 29.69 29.69 29.69 29.69 29.7 29.71 29.72 29.72 29.73 29.74 29.74 29.75 29.76 29.77 29.78 29.78 29.8
29.54 29.47 29.48 29.67 30.05 30.26 30.39 30.48 30.43 30.16 29.79 29.51 29.3 29.25 29.27 29.26 29.24 29.43 29.72 29.89 29.88 29.88 29.81 29.73 29.68 29.62 29.41 29.01 28.64 28.64 28.89 29.13 29.27 29.33 29.37 29.37 29.36 29.34 29.33 29.32 29.31 29.3 29.33 29.4 29.46 29.51 29.56 29.6 29.63 29.66 29.69 29.69 29.69 29.68 29.67 29.67 29.67 29.67 29.67 29.68 29.68 29.69 29.69 29.69 29.69 29.7 29.71 29.72 29.72 29.73 29.74 29.76 29.76 29.77 29.78 29.78 29.8
29.71 29.68 29.66 29.76 30.13 30.37 30.48 30.54 30.49 30.24 29.91 29.54 29.33 29.35 29.38 29.38 29.34 29.46 29.71 29.92 30.01 30.02 29.97 29.87 29.81 29.72 29.54 29.19 28.82 28.73 28.82 29.03 29.23 29.35 29.41 29.43 29.42 29.42 29.4 29.38 29.37 29.37 29.41 29.46 29.52 29.56 29.6 29.63 29.66 29.68 29.7 29.7 29.69 29.68 29.67 29.67 29.67 29.67 29.67 29.68 29.68 29.69 29.69 29.69 29.7 29.7 29.71 29.72 29.72 29.73 29.74 29.75 29.76 29.76 29.77 29.78 29.8
29.88 29.88 29.85 29.84 30.04 30.31 30.48 30.57 30.52 30.27 29.93 29.65 29.53 29.52 29.43 29.33 29.3 29.39 29.61 29.88 30.05 30.11 30.08 29.98 29.92 29.82 29.63 29.32 29.08 28.93 28.88 28.98 29.12 29.32 29.45 29.48 29.48 29.47 29.45 29.43 29.41 29.43 29.47 29.52 29.57 29.61 29.63 29.67 29.69 29.71 29.71 29.71 29.7 29.69 29.68 29.68 29.68 29.68 29.68 29.68 29.69 29.69 29.7 29.7 29.7 29.71 29.71 29.71 29.72 29.72 29.74 29.75 29.76 29.76 29.77 29.78 29.79
30.06 30.05 30.01 29.99 29.99 30.06 30.39 30.58 30.58 30.39 30.12 29.82 29.67 29.65 29.55 29.46 29.44 29.46 29.54 29.79 30.02 30.15 30.16 30.09 30.01 29.87 29.6 29.32 29.21 29.11 29.04 29.08 29.18 29.37 29.49 29.51 29.51 29.51 29.5 29.48 29.47 29.48 29.52 29.56 29.61 29.64 29.67 29.69 29.71 29.72 29.72 29.72 29.71 29.7 29.7 29.69 29.69 29.69 29.68 29.69 29.69 29.7 29.7 29.7 29.71 29.71 29.71 29.71 29.72 29.72 29.73 29.75 29.76 29.76 29.77 29.78 29.79
30.25 30.19 30.14 30.17 30.05 30.04 30.37 30.58 30.63 30.54 30.31 29.94 29.74 29.74 29.71 29.72 29.76 29.73 29.64 29.79 30.03 30.18 30.24 30.19 30.08 29.84 29.51 29.31 29.29 29.24 29.18 29.2 29.27 29.38 29.5 29.55 29.54 29.54 29.54 29.54 29.53 29.54 29.57 29.6 29.63 29.66 29.69 29.71 29.73 29.73 29.72 29.72 29.71 29.71 29.71 29.71 29.7 29.69 29.69 29.7 29.7 29.7 29.71 29.71 29.71 29.71 29.71 29.72 29.72 29.72 29.73 29.75 29.76 29.76 29.77 29.78 29.79
30.34 30.25 30.24 30.26 30.17 30.21 30.45 30.62 30.65 30.6 30.4 30 29.75 29.78 29.86 29.94 30.05 29.99 29.8 29.9 30.14 30.27 30.31 30.27 30.15 29.89 29.54 29.35 29.36 29.37 29.32 29.32 29.32 29.37 29.51 29.58 29.59 29.58 29.58 29.58 29.58 29.58 29.6 29.63 29.66 29.68 29.71 29.72 29.73 29.73 29.72 29.71 29.71 29.71 29.71 29.71 29.71 29.7 29.7 29.7 29.71 29.71 29.72 29.72 29.72 29.72 29.72 29.72 29.72 29.73 29.74 29.75 29.76 29.76 29.77 29.78 29.79
30.29 30.27 30.36 30.36 30.37 30.49 30.59 30.66 30.67 30.61 30.41 30 29.79 29.84 29.98 30.11 30.22 30.15 29.98 30.07 30.26 30.34 30.36 30.31 30.19 29.92 29.59 29.39 29.39 29.43 29.43 29.42 29.37 29.38 29.54 29.63 29.64 29.63 29.62 29.62 29.61 29.61 29.63 29.65 29.67 29.7 29.71 29.73 29.73 29.72 29.72 29.71 29.7 29.7 29.7 29.7 29.7 29.7 29.7 29.71 29.71 29.72 29.73 29.73 29.73 29.73 29.73 29.73 29.73 29.74 29.74 29.76 29.76 29.77 29.77 29.78 29.79
30.35 30.41 30.51 30.49 30.56 30.64 30.67 30.67 30.65 30.54 30.26 29.94 29.85 29.91 30.08 30.25 30.33 30.3 30.22 30.25 30.34 30.38 30.38 30.34 30.25 30.03 29.75 29.48 29.39 29.45 29.49 29.47 29.39 29.37 29.53 29.65 29.69 29.68 29.68 29.67 29.66 29.65 29.65 29.67 29.69 29.71 29.72 29.73 29.73 29.72 29.71 29.7 29.7 29.69 29.69 29.69 29.7 29.7 29.7 29.71 29.72 29.72 29.74 29.74 29.74 29.74 29.73 29.73 29.74 29.74 29.74 29.76 29.76 29.77 29.78 29.78 29.79
