ASPA-UH-SWB2_REPO/input/Gridded_temps/prism_tmin_tutuila_30yr_normal_05.asc
ncols         350
nrows         200
xllcorner     515000
yllcorner     8409000
cellsize      100
NODATA_value  -9999
[rows 34 to 67 of 200, columns 231 to 307 of 350]
-9999 -9999 -9999 -9999 -9999 -9999 -9999 25.11 -9999 -9999 -9999 -9999 -9999 25.11 25.11 -9999 -9999 -9999 -9999 -9999 -9999 -9999 -9999 -9999 -9999 -9999 25.12 -9999 -9999 -9999 -9999 -9999 -9999 -9999 -9999 -9999 -9999 -9999 -9999 -9999 -9999 -9999 -9999 -9999 -9999 -9999 -9999 -9999 -9999 -9999 -9999 -9999 -9999 -9999 -9999 -9999 -9999 -9999 -9999 -9999 -9999 -9999 -9999 -9999 -9999 -9999 -9999 -9999 -9999 -9999 -9999 -9999 -9999 -9999 25.12 25.12 25.12
-9999 -9999 -9999 -9999 -9999 -9999 25.11 25.11 25.11 -9999 -9999 -9999 25.11 25.11 25.11 25.11 -9999 -9999 -9999 -9999 -9999 -9999 -9999 -9999 -9999 25.12 25.12 25.12 -9999 -9999 -9999 -9999 -9999 -9999 -9999 -9999 -9999 -9999 -9999 -9999 -9999 -9999 -9999 -9999 -9999 -9999 -9999 -9999 -9999 -9999 -9999 -9999 -9999 -9999 -9999 -9999 -9999 -9999 -9999 -9999 -9999 -9999 -9999 -9999 -9999 -9999 -9999 -9999 -9999 -9999 -9999 -9999 -9999 25.12 25.12 25.12 25.12
-9999 25.11 25.11 -9999 -9999 25.11 25.11 25.11 25.11 25.11 25.11 25.11 25.11 25.11 25.11 25.11 -9999 -9999 -9999 25.11 25.11 -9999 -9999 -9999 -9999 25.12 25.12 25.12 25.12 -9999 -9999 -9999 -9999 -9999 -9999 -9999 -9999 -9999 -9999 -9999 -9999 -9999 -9999 -9999 -9999 -9999 -9999 -9999 -9999 -9999 -9999 -9999 -9999 -9999 -9999 -9999 -9999 -9999 -9999 -9999 -9999 -9999 -9999 -9999 -9999 -9999 -9999 -9999 -9999 -9999 -9999 -9999 25.12 25.12 25.12 25.12 25.12
25.11 25.11 25.11 25.11 25.11 25.11 25.11 25.11 25.11 25.11 25.11 25.11 25.11 25.11 25.11 25.11 25.11 -9999 25.11 25.11 25.11 25.11 25.11 -9999 25.11 25.11 25.12 25.12 25.12 25.12 -9999 -9999 -9999 -9999 -9999 -9999 -9999 -9999 -9999 -9999 -9999 -9999 -9999 -9999 -9999 -9999 -9999 -9999 -9999 -9999 -9999 -9999 -9999 -9999 -9999 -9999 -9999 -9999 -9999 -9999 -9999 -9999 -9999 -9999 -9999 -9999 -9999 -9999 -9999 -9999 -9999 25.12 25.12 25.12 25.12 25.12 25.12
25.11 25.11 25.11 25.11 25.11 25.11 25.11 25.11 25.11 25.11 25.11 25.11 25.11 25.11 25.11 25.11 25.11 25.11 25.11 25.11 25.11 25.11 25.11 25.11 25.11 25.11 25.11 25.12 25.12 25.12 25.12 -9999 -9999 -9999 -9999 -9999 -9999 -9999 -9999 -9999 -9999 -9999 -9999 -9999 -9999 -9999 -9999 -9999 -9999 -9999 -9999 -9999 -9999 -9999 -9999 -9999 -9999 -9999 -9999 -9999 -9999 -9999 -9999 -9999 -9999 -9999 -9999 25.12 25.12 -9999 25.12 25.12 25.12 25.12 25.12 25.12 25.12
25.11 25.11 25.11 25.11 25.11 25.11 25.11 25.11 25.11 25.11 25.11 25.11 25.11 25.11 25.11 25.11 25.11 25.11 25.11 25.11 25.11 25.11 25.11 25.11 25.11 25.11 25.11 25.11 25.12 25.12 25.12 25.12 -9999 -9999 -9999 25.12 -9999 -9999 -9999 -9999 -9999 -9999 -9999 -9999 -9999 -9999 -9999 -9999 -9999 -9999 -9999 -9999 -9999 -9999 -9999 -9999 -9999 -9999 -9999 -9999 -9999 -9999 -9999 -9999 -9999 -9999 25.12 25.12 25.12 25.12 25.12 25.12 25.12 25.12 25.11 25.08 25.1
25.11 25.11 25.11 25.11 25.11 25.11 25.1 25.08 25.1 25.11 25.11 25.11 25.11 25.09 25.09 25.11 25.11 25.11 25.11 25.11 25.11 25.11 25.11 25.11 25.11 25.11 25.11 25.11 25.11 25.12 25.12 25.12 25.12 -9999 25.12 25.12 25.12 -9999 -9999 -9999 -9999 -9999 -9999 -9999 -9999 -9999 -9999 -9999 -9999 -9999 -9999 -9999 -9999 -9999 -9999 -9999 -9999 -9999 -9999 -9999 -9999 -9999 -9999 -9999 -9999 25.12 25.12 25.12 25.12 25.12 25.12 25.12 25.12 25.12 25.05 24.91 24.99
25.1 25.1 25.11 25.11 25.11 25.11 25.08 25.03 25.06 25.1 25.1 25.1 25.08 25 25 25.08 25.11 25.11 25.11 25.1 25.1 25.11 25.11 25.11 25.1 25.07 25.08 25.1 25.11 25.11 25.12 25.12 25.12 25.12 25.12 25.12 25.12 25.12 -9999 -9999 -9999 -9999 -9999 -9999 -9999 -9999 -9999 -9999 -9999 -9999 -9999 -9999 -9999 -9999 -9999 -9999 -9999 -9999 -9999 -9999 -9999 -9999 -9999 -9999 25.12 25.12 25.12 25.12 25.12 25.12 25.12 25.12 25.12 25.1 24.99 24.76 24.81
25.1 25.08 25.08 25.09 25.11 25.11 25.07 24.96 24.96 25.05 25.05 25.06 25.01 24.83 24.83 25.01 25.09 25.11 25.09 25.01 25 25.08 25.11 25.1 25.05 24.96 25 25.08 25.11 25.11 25.11 25.12 25.12 25.12 25.12 25.12 25.12 25.12 25.12 -9999 -9999 -9999 -9999 -9999 -9999 -9999 25.12 -9999 -9999 -9999 -9999 -9999 -9999 -9999 -9999 -9999 -9999 -9999 -9999 -9999 -9999 -9999 -9999 25.12 25.12 25.12 25.12 25.12 25.12 25.12 25.12 25.11 25.07 24.99 24.83 24.58 24.62
25.09 25.05 25 25.04 25.09 25.1 25.07 24.9 24.8 24.86 24.85 24.89 24.87 24.68 24.69 24.92 25.06 25.08 25 24.78 24.79 24.98 25.08 25.09 25 24.92 24.99 25.08 25.11 25.11 25.11 25.11 25.12 25.12 25.12 25.12 25.12 25.12 25.12 25.12 25.12 25.12 -9999 -9999 -9999 25.12 25.12 25.12 25.12 25.12 -9999 -9999 25.12 -9999 -9999 -9999 -9999 -9999 -9999 -9999 -9999 -9999 25.12 25.12 25.12 25.12 25.12 25.12 25.12 25.12 25.12 25.09 24.94 24.76 24.64 24.48 24.51
25.08 25.01 24.91 24.99 25.08 25.1 25.07 24.89 24.62 24.52 24.51 24.59 24.61 24.53 24.58 24.78 24.93 24.96 24.82 24.61 24.68 24.92 25.07 25.09 25.06 25.04 25.08 25.11 25.11 25.11 25.11 25.11 25.11 25.12 25.12 25.12 25.12 25.12 25.12 25.12 25.12 25.12 -9999 -9999 25.12 25.12 25.12 25.12 25.12 25.12 25.12 25.12 25.12 25.12 -9999 -9999 -9999 -9999 -9999 -9999 -9999 25.12 25.12 25.12 25.12 25.12 25.11 25.09 25.1 25.11 25.11 25.06 24.82 24.6 24.57 24.48 24.44
25.09 25.03 24.94 25.01 25.08 25.1 25.05 24.83 24.43 24.13 24.18 24.26 24.28 24.32 24.44 24.62 24.78 24.85 24.75 24.71 24.82 25 25.09 25.11 25.1 25.1 25.11 25.11 25.11 25.11 25.11 25.11 25.11 25.12 25.11 25.09 25.11 25.12 25.12 25.12 25.12 25.12 25.12 25.12 25.12 25.12 25.12 25.12 25.12 25.12 25.12 25.12 25.12 25.12 25.12 25.12 25.12 -9999 -9999 25.12 25.12 25.12 25.12 25.12 25.12 25.12 25.09 25.02 25.01 25.07 25.07 25.03 24.88 24.61 24.53 24.47 24.41
25.1 25.07 24.94 24.9 25.05 25.07 24.97 24.68 24.2 23.85 23.9 23.95 24 24.19 24.44 24.67 24.85 24.94 24.94 24.96 25.02 25.08 25.11 25.11 25.11 25.11 25.11 25.11 25.11 25.11 25.11 25.11 25.11 25.1 25.06 25 25.06 25.11 25.12 25.12 25.12 25.12 25.12 25.12 25.12 25.12 25.12 25.12 25.12 25.12 25.12 25.12 25.12 25.12 25.12 25.12 25.12 25.12 25.12 25.12 25.12 25.12 25.12 25.12 25.12 25.12 25.06 24.94 24.93 24.98 24.92 24.91 24.86 24.65 24.51 24.43 24.36
25.09 25.04 24.76 24.78 24.99 24.99 24.8 24.44 23.98 23.71 23.73 23.77 23.94 24.3 24.61 24.86 25 25.06 25.08 25.08 25.1 25.11 25.11 25.11 25.11 25.11 25.11 25.11 25.11 25.11 25.11 25.1 25.09 25.06 24.94 24.88 25.02 25.11 25.12 25.12 25.12 25.12 25.12 25.12 25.12 25.12 25.11 25.12 25.12 25.12 25.12 25.12 25.12 25.12 25.12 25.12 25.12 25.12 25.12 25.12 25.12 25.12 25.12 25.12 25.12 25.09 24.97 24.84 24.88 24.87 24.72 24.69 24.76 24.62 24.47 24.36 24.29
25.07 24.95 24.5 24.71 24.92 24.82 24.55 24.12 23.85 23.79 23.85 23.98 24.24 24.56 24.82 25 25.08 25.1 25.11 25.11 25.11 25.11 25.11 25.11 25.11 25.11 25.11 25.11 25.11 25.1 25.06 25.03 25.01 24.95 24.82 24.83 25 25.1 25.1 25.11 25.11 25.12 25.12 25.12 25.12 25.11 25.09 25.09 25.1 25.11 25.12 25.12 25.12 25.12 25.12 25.12 25.12 25.12 25.12 25.12 25.12 25.12 25.12 25.12 25.11 25.06 24.9 24.77 24.79 24.79 24.65 24.56 24.6 24.58 24.44 24.3 24.25
25.02 24.59 24.12 24.62 24.8 24.59 24.29 24.06 24.02 24.1 24.25 24.42 24.65 24.87 25 25.07 25.1 25.11 25.11 25.11 25.11 25.11 25.11 25.11 25.11 25.11 25.11 25.11 25.1 25.03 24.9 24.81 24.81 24.79 24.73 24.8 24.97 25.03 25 25.04 25.06 25.07 25.1 25.12 25.12 25.1 25.04 24.98 24.99 25.06 25.11 25.11 25.11 25.12 25.12 25.12 25.12 25.12 25.12 25.12 25.12 25.12 25.12 25.12 25.12 25.06 24.9 24.74 24.68 24.69 24.62 24.49 24.42 24.48 24.46 24.25 24.19
24.81 24.32 24.21 24.61 24.62 24.33 24.15 24.19 24.32 24.41 24.58 24.79 24.95 25.03 25.08 25.09 25.11 25.11 25.11 25.11 25.11 25.11 25.11 25.11 25.11 25.1 25.1 25.1 25.04 24.85 24.61 24.58 24.62 24.65 24.67 24.78 24.92 24.91 24.89 24.95 24.95 24.94 25.03 25.1 25.12 25.09 24.97 24.88 24.84 24.94 25.03 25.05 25.07 25.1 25.12 25.12 25.12 25.12 25.12 25.12 25.12 25.12 25.12 25.12 25.12 25.06 24.91 24.71 24.54 24.51 24.49 24.41 24.32 24.34 24.43 24.23 24.19
24.56 24.45 24.56 24.6 24.45 24.17 24.16 24.38 24.61 24.74 24.88 25 25.06 25.08 25.09 25.09 25.08 25.07 25.08 25.09 25.11 25.11 25.11 25.1 25.07 25.03 25.02 25.02 24.9 24.61 24.39 24.41 24.48 24.52 24.6 24.74 24.85 24.81 24.84 24.88 24.81 24.79 24.95 25.08 25.1 25.02 24.85 24.76 24.72 24.8 24.86 24.87 24.97 25.06 25.09 25.1 25.11 25.12 25.12 25.11 25.12 25.12 25.12 25.12 25.12 25.06 24.89 24.66 24.43 24.33 24.31 24.28 24.21 24.22 24.36 24.22 24.18
24.33 24.4 24.46 24.45 24.29 24.11 24.26 24.54 24.76 24.91 25.01 25.06 25.05 25.05 25.05 25.01 24.95 24.9 24.91 24.98 25.07 25.09 25.07 24.98 24.9 24.78 24.76 24.8 24.65 24.38 24.23 24.29 24.38 24.48 24.6 24.71 24.78 24.74 24.73 24.74 24.68 24.68 24.84 25.03 25.09 24.99 24.77 24.63 24.58 24.63 24.65 24.69 24.85 24.98 24.99 24.99 25.05 25.05 25.05 25.07 25.11 25.12 25.12 25.12 25.12 25.09 24.96 24.73 24.5 24.32 24.21 24.18 24.12 24.1 24.24 24.15 24.06
24.07 24.2 24.19 24.19 24.05 23.97 24.23 24.55 24.79 24.95 25.03 25.03 24.94 24.91 24.9 24.82 24.66 24.53 24.57 24.78 25 25.04 24.93 24.73 24.56 24.46 24.44 24.44 24.33 24.17 24.11 24.2 24.32 24.48 24.6 24.67 24.68 24.63 24.58 24.6 24.59 24.61 24.78 24.99 25.07 25.02 24.87 24.65 24.49 24.45 24.46 24.56 24.73 24.84 24.8 24.78 24.86 24.86 24.89 25.01 25.1 25.12 25.12 25.12 25.12 25.11 25.04 24.89 24.75 24.59 24.42 24.31 24.13 23.97 24.07 24 23.88
23.83 23.89 23.81 23.81 23.74 23.87 24.2 24.54 24.8 24.96 25.01 24.96 24.8 24.69 24.63 24.53 24.32 24.18 24.33 24.65 24.9 24.89 24.73 24.44 24.21 24.1 24.1 24.06 24.01 24 24.04 24.16 24.31 24.44 24.51 24.52 24.51 24.5 24.45 24.47 24.5 24.56 24.76 24.96 25 24.96 24.91 24.71 24.48 24.33 24.33 24.49 24.62 24.69 24.65 24.57 24.59 24.63 24.78 24.98 25.09 25.12 25.12 25.12 25.12 25.12 25.09 25.03 24.93 24.82 24.68 24.49 24.16 23.84 23.86 23.82 23.73
23.69 23.61 23.5 23.53 23.69 24.01 24.36 24.64 24.83 24.94 24.95 24.9 24.75 24.54 24.36 24.2 24.01 23.98 24.26 24.59 24.73 24.64 24.48 24.19 23.93 23.82 23.82 23.81 23.82 23.89 24.01 24.14 24.26 24.33 24.37 24.34 24.35 24.37 24.31 24.31 24.38 24.51 24.72 24.88 24.85 24.75 24.72 24.6 24.41 24.26 24.25 24.4 24.47 24.54 24.51 24.35 24.35 24.5 24.73 24.96 25.09 25.12 25.12 25.12 25.12 25.12 25.1 25.05 24.95 24.83 24.67 24.42 24.03 23.68 23.64 23.68 23.76
23.89 23.78 23.51 23.55 23.77 24.1 24.45 24.7 24.83 24.88 24.83 24.77 24.69 24.51 24.24 23.95 23.76 23.88 24.23 24.47 24.49 24.34 24.17 23.96 23.73 23.65 23.66 23.68 23.75 23.83 23.95 24.06 24.14 24.19 24.21 24.19 24.22 24.26 24.21 24.23 24.31 24.46 24.67 24.76 24.65 24.5 24.45 24.41 24.27 24.13 24.1 24.21 24.29 24.38 24.34 24.17 24.23 24.44 24.67 24.9 25.06 25.1 25.11 25.12 25.12 25.11 25.09 25.05 24.96 24.83 24.61 24.25 23.83 23.49 23.43 23.6 23.88
24.23 24.02 23.65 23.65 23.79 24.04 24.39 24.64 24.73 24.78 24.67 24.51 24.51 24.45 24.21 23.85 23.67 23.85 24.15 24.25 24.17 23.99 23.82 23.72 23.66 23.67 23.71 23.75 23.85 23.88 23.94 24.02 24.08 24.13 24.13 24.14 24.21 24.26 24.27 24.33 24.35 24.4 24.54 24.62 24.55 24.44 24.38 24.32 24.2 24.03 23.92 23.99 24.11 24.21 24.14 24.06 24.19 24.41 24.61 24.81 24.98 25.07 25.1 25.1 25.1 25.1 25.07 24.98 24.87 24.77 24.58 24.21 23.74 23.41 23.45 23.7 23.95
24.27 24 23.68 23.67 23.78 23.94 24.2 24.36 24.44 24.6 24.53 24.23 24.18 24.25 24.1 23.77 23.59 23.72 23.89 23.87 23.78 23.65 23.6 23.64 23.74 23.84 23.92 23.95 24.05 24.06 24.07 24.14 24.21 24.27 24.25 24.27 24.34 24.41 24.43 24.5 24.48 24.41 24.44 24.5 24.48 24.43 24.38 24.29 24.15 23.96 23.81 23.85 23.97 24.05 24.01 24 24.13 24.32 24.5 24.68 24.87 25.03 25.09 25.1 25.1 25.09 25.02 24.85 24.65 24.56 24.44 24.16 23.78 23.58 23.66 23.88 24.07
24.09 23.88 23.62 23.63 23.74 23.79 23.88 23.96 24.07 24.37 24.4 24.06 23.78 23.92 23.85 23.62 23.44 23.45 23.51 23.48 23.43 23.47 23.59 23.77 23.93 24.05 24.18 24.19 24.26 24.28 24.26 24.35 24.42 24.49 24.47 24.44 24.51 24.58 24.59 24.64 24.64 24.58 24.54 24.48 24.39 24.31 24.25 24.18 24.05 23.86 23.73 23.76 23.88 23.99 24.03 24.09 24.14 24.22 24.37 24.55 24.78 24.99 25.06 25.08 25.09 25.06 24.94 24.71 24.46 24.33 24.25 24.08 23.88 23.85 23.93 24.01 24.15
23.8 23.66 23.54 23.56 23.64 23.64 23.65 23.67 23.8 24.09 24.07 23.8 23.55 23.69 23.59 23.41 23.26 23.22 23.25 23.25 23.29 23.52 23.75 23.96 24.16 24.29 24.4 24.45 24.5 24.53 24.5 24.55 24.59 24.67 24.69 24.65 24.69 24.75 24.76 24.78 24.78 24.71 24.59 24.47 24.36 24.27 24.18 24.04 23.84 23.67 23.71 23.81 23.95 24.05 24.15 24.26 24.29 24.27 24.38 24.57 24.81 24.96 24.98 25.01 25.05 24.98 24.8 24.58 24.38 24.27 24.22 24.13 24.04 24.08 24.17 24.16 24.22
23.79 23.67 23.53 23.5 23.53 23.53 23.54 23.6 23.79 23.99 23.82 23.6 23.43 23.49 23.42 23.27 23.2 23.2 23.19 23.2 23.29 23.6 23.9 24.08 24.22 24.35 24.47 24.58 24.67 24.74 24.76 24.75 24.75 24.83 24.9 24.88 24.86 24.92 24.93 24.92 24.86 24.7 24.51 24.43 24.43 24.4 24.27 24.03 23.76 23.67 23.78 23.9 24.03 24.15 24.27 24.38 24.46 24.49 24.59 24.73 24.83 24.8 24.78 24.89 24.96 24.83 24.6 24.42 24.37 24.34 24.34 24.29 24.22 24.22 24.32 24.33 24.36
23.99 23.84 23.66 23.53 23.46 23.44 23.43 23.51 23.74 23.86 23.7 23.47 23.38 23.41 23.39 23.37 23.4 23.45 23.38 23.42 23.51 23.74 23.99 24.17 24.23 24.31 24.42 24.56 24.69 24.8 24.89 24.91 24.91 24.98 25.04 25.04 25.02 25.04 25.03 24.94 24.78 24.65 24.63 24.64 24.65 24.54 24.39 24.17 23.89 23.75 23.79 23.89 23.98 24.11 24.24 24.31 24.44 24.62 24.69 24.7 24.65 24.61 24.69 24.79 24.77 24.62 24.44 24.38 24.46 24.49 24.48 24.43 24.3 24.27 24.42 24.49 24.53
24.17 24.05 23.92 23.67 23.44 23.32 23.24 23.3 23.53 23.64 23.57 23.54 23.55 23.56 23.51 23.51 23.6 23.73 23.73 23.75 23.89 24.04 24.16 24.33 24.37 24.35 24.42 24.55 24.7 24.84 24.93 24.99 25.02 25.06 25.09 25.1 25.09 25.09 25.02 24.81 24.64 24.73 24.89 24.93 24.84 24.7 24.53 24.29 24.02 23.79 23.75 23.84 23.92 24.02 24.1 24.15 24.26 24.38 24.42 24.42 24.45 24.52 24.57 24.55 24.5 24.51 24.5 24.56 24.68 24.68 24.62 24.51 24.31 24.27 24.48 24.62 24.68
24.22 24.06 23.91 23.67 23.44 23.28 23.14 23.14 23.31 23.42 23.5 23.66 23.77 23.79 23.64 23.58 23.67 23.88 24.04 24.03 24.12 24.3 24.42 24.57 24.62 24.49 24.42 24.51 24.73 24.88 24.91 24.98 25.05 25.09 25.11 25.11 25.11 25.1 25.04 24.9 24.9 25.01 25.04 24.98 24.8 24.63 24.37 24.17 23.97 23.82 23.78 23.82 23.85 23.88 23.94 24.05 24.14 24.22 24.29 24.37 24.45 24.51 24.5 24.48 24.46 24.55 24.63 24.72 24.8 24.72 24.62 24.5 24.35 24.23 24.35 24.56 24.71
24.02 23.85 23.7 23.53 23.42 23.32 23.19 23.13 23.23 23.38 23.53 23.78 23.91 23.93 23.82 23.72 23.7 23.89 24.16 24.26 24.23 24.43 24.59 24.74 24.78 24.68 24.61 24.72 24.93 24.99 24.92 24.95 25.03 25.09 25.11 25.11 25.11 25.11 25.09 25.05 25.06 25.09 25.08 24.96 24.71 24.52 24.37 24.2 24.08 24.01 23.92 23.85 23.81 23.77 23.79 23.92 24.07 24.2 24.28 24.38 24.47 24.55 24.6 24.62 24.57 24.61 24.73 24.83 24.86 24.77 24.63 24.49 24.34 24.2 24.28 24.5 24.73
23.87 23.74 23.66 23.55 23.45 23.34 23.2 23.17 23.29 23.46 23.61 23.82 23.99 24.07 24.04 23.96 23.83 23.97 24.26 24.4 24.35 24.47 24.64 24.82 24.91 24.89 24.85 24.92 25.04 25.07 25.03 25.03 25.07 25.1 25.11 25.11 25.11 25.11 25.11 25.1 25.11 25.11 25.08 24.99 24.81 24.69 24.58 24.45 24.36 24.26 24.11 24.01 23.93 23.81 23.74 23.89 24.07 24.17 24.24 24.37 24.51 24.61 24.7 24.78 24.72 24.67 24.77 24.88 24.92 24.83 24.7 24.59 24.43 24.29 24.37 24.56 24.81
23.78 23.66 23.63 23.58 23.49 23.37 23.23 23.21 23.33 23.49 23.63 23.79 24 24.21 24.29 24.3 24.14 24.13 24.37 24.53 24.53 24.58 24.68 24.85 24.99 25.03 25.04 25.06 25.1 25.1 25.1 25.1 25.11 25.11 25.11 25.11 25.11 25.11 25.11 25.11 25.11 25.11 25.09 25.04 24.97 24.93 24.85 24.7 24.62 24.45 24.33 24.26 24.2 24.04 23.84 23.92 24.05 24.12 24.17 24.29 24.41 24.49 24.63 24.83 24.89 24.79 24.79 24.9 24.98 24.92 24.81 24.65 24.49 24.4 24.52 24.67 24.91
