ASPA-UH-SWB2_REPO/input/Gridded_temps/prism_tmax_tutuila_30yr_normal_01.asc
ncols         350
nrows         200
xllcorner     515000
yllcorner     8409000
cellsize      100
NODATA_value  -9999
[rows 70 to 104 of 200, columns 154 to 230 of 350]
30.28 30.21 30.02 29.8 29.58 29.43 29.24 29.17 29.55 30.08 30.51 30.78 30.95 31.05 31.07 31.04 30.96 30.84 30.88 30.94 31.01 31.06 31.06 31.05 31.08 31.12 31.13 31.14 31.14 31.15 31.15 31.15 31.15 31.16 31.16 31.16 31.16 31.17 31.17 31.17 31.18 31.18 31.18 31.18 31.19 31.19 31.19 31.2 31.2 31.2 31.2 31.21 31.21 31.21 31.21 31.22 31.22 31.19 31.03 30.76 30.59 30.38 30.2 29.94 29.5 29.1 28.98 29.07 29.24 28.89 28.64 28.43 28.53 28.95 29.38 29.44 29.39
30.01 29.94 29.78 29.58 29.34 29.16 29.08 29.23 29.61 30.11 30.48 30.71 30.9 31.02 31.03 30.95 30.79 30.5 30.5 30.63 30.84 30.94 30.91 30.83 30.91 31.02 31.08 31.12 31.13 31.14 31.14 31.15 31.15 31.15 31.15 31.16 31.16 31.16 31.17 31.17 31.17 31.18 31.18 31.18 31.18 31.19 31.19 31.19 31.2 31.2 31.2 31.2 31.21 31.21 31.21 31.21 31.22 31.19 31.07 30.95 30.85 30.71 30.54 30.22 29.73 29.5 29.48 29.48 29.62 29.46 29.44 29.16 29.13 29.17 29.54 29.61 29.4
29.75 29.67 29.5 29.26 29.1 29.08 29.21 29.51 29.82 30.2 30.48 30.7 30.9 30.99 30.95 30.83 30.6 30.22 30.05 30.38 30.71 30.78 30.7 30.51 30.6 30.81 30.95 31.04 31.1 31.12 31.14 31.14 31.14 31.14 31.14 31.14 31.14 31.14 31.15 31.16 31.17 31.17 31.17 31.18 31.18 31.18 31.18 31.19 31.19 31.2 31.2 31.2 31.2 31.21 31.21 31.21 31.21 31.19 31.12 31.02 30.83 30.62 30.43 30.01 29.58 29.63 29.83 29.87 29.92 29.93 29.95 29.77 29.71 29.64 29.75 29.83 29.58
29.56 29.41 29.23 29.02 29.02 29.24 29.59 29.88 30.19 30.45 30.66 30.82 30.93 30.94 30.84 30.67 30.42 30.02 29.92 30.31 30.53 30.5 30.4 30.17 30.24 30.56 30.73 30.88 31.02 31.1 31.12 31.13 31.12 31.11 31.08 31.07 31.06 31.08 31.1 31.14 31.16 31.17 31.17 31.17 31.18 31.18 31.18 31.18 31.19 31.19 31.19 31.2 31.2 31.2 31.21 31.21 31.21 31.18 31.11 30.91 30.61 30.27 30.02 29.65 29.31 29.59 29.99 30.18 30.19 30.24 30.24 30.02 29.97 29.99 30.01 29.97 29.67
29.49 29.17 28.99 28.92 29.09 29.43 29.81 30.17 30.43 30.62 30.76 30.86 30.91 30.9 30.77 30.51 30.24 30.05 29.97 30.17 30.21 30.11 30.02 29.81 29.87 30.17 30.47 30.73 30.97 31.07 31.09 31.09 31.07 31 30.91 30.89 30.93 31.03 31.1 31.14 31.16 31.16 31.16 31.17 31.17 31.17 31.18 31.18 31.19 31.19 31.19 31.19 31.2 31.2 31.2 31.21 31.21 31.19 31.13 30.9 30.52 30.25 29.95 29.51 29.27 29.54 30.01 30.3 30.4 30.47 30.43 30.17 30.15 30.17 30.11 29.95 29.66
29.4 29.06 28.91 28.95 29.11 29.42 29.83 30.18 30.42 30.63 30.77 30.86 30.89 30.88 30.79 30.64 30.49 30.35 30.15 30.07 29.96 29.75 29.64 29.61 29.75 30.11 30.53 30.84 30.99 31.05 31.05 31.04 30.98 30.83 30.68 30.78 30.93 31.05 31.12 31.15 31.15 31.16 31.16 31.16 31.17 31.17 31.17 31.18 31.18 31.18 31.19 31.19 31.19 31.2 31.2 31.2 31.21 31.19 31.14 31 30.68 30.36 29.94 29.6 29.4 29.66 30.1 30.37 30.52 30.67 30.64 30.42 30.29 30.15 29.97 29.75 29.53
29.28 29.13 29.19 29.26 29.29 29.6 29.98 30.32 30.51 30.67 30.77 30.81 30.81 30.79 30.76 30.7 30.61 30.45 30.23 30.05 29.87 29.59 29.45 29.56 29.94 30.37 30.66 30.81 30.92 30.98 30.98 30.94 30.81 30.61 30.6 30.87 31.02 31.09 31.12 31.14 31.15 31.15 31.16 31.16 31.16 31.17 31.17 31.17 31.18 31.18 31.18 31.19 31.19 31.19 31.2 31.2 31.2 31.15 31.04 30.87 30.57 30.25 29.95 29.65 29.52 29.72 30.08 30.32 30.49 30.73 30.88 30.68 30.45 30.28 30.08 29.86 29.74
29.46 29.37 29.58 29.58 29.47 29.75 30.12 30.44 30.59 30.67 30.7 30.69 30.66 30.63 30.62 30.58 30.52 30.43 30.24 30.09 29.89 29.61 29.53 29.74 30.13 30.43 30.5 30.5 30.73 30.84 30.83 30.77 30.56 30.41 30.63 30.91 31.04 31.09 31.11 31.13 31.14 31.14 31.15 31.15 31.16 31.16 31.16 31.17 31.17 31.17 31.18 31.18 31.19 31.19 31.19 31.2 31.18 31.06 30.8 30.62 30.46 30.24 29.94 29.78 29.77 29.91 30.19 30.41 30.59 30.79 30.99 30.9 30.74 30.5 30.28 30.06 30.02
29.76 29.65 29.86 29.76 29.54 29.66 30.06 30.41 30.54 30.59 30.6 30.54 30.47 30.45 30.43 30.33 30.3 30.36 30.24 30.02 29.76 29.53 29.55 29.78 30.05 30.2 30.14 30.08 30.48 30.62 30.58 30.53 30.33 30.31 30.67 30.91 31.02 31.06 31.08 31.11 31.13 31.14 31.14 31.15 31.15 31.16 31.16 31.16 31.17 31.17 31.17 31.18 31.18 31.19 31.19 31.19 31.18 31.09 30.81 30.6 30.48 30.29 30.09 30.04 29.99 30.06 30.3 30.51 30.71 30.89 31.04 30.99 30.76 30.46 30.26 30.13 30.17
30.02 29.93 30.08 29.94 29.72 29.69 29.96 30.29 30.43 30.48 30.49 30.43 30.29 30.2 30.21 30.05 30.09 30.23 30.1 29.87 29.55 29.34 29.44 29.59 29.74 29.83 29.82 29.82 30.21 30.28 30.15 30.13 30.15 30.41 30.72 30.87 30.93 30.95 31 31.07 31.12 31.13 31.13 31.14 31.15 31.15 31.16 31.16 31.16 31.17 31.17 31.17 31.18 31.18 31.19 31.19 31.19 31.16 31.06 30.82 30.57 30.38 30.26 30.19 30.05 30.05 30.29 30.51 30.73 30.93 31.07 31.05 30.83 30.53 30.32 30.19 30.23
30.35 30.29 30.33 30.19 29.99 29.79 29.9 30.15 30.29 30.35 30.38 30.37 30.21 29.98 30 29.87 29.96 30.05 29.92 29.72 29.37 29.14 29.26 29.41 29.53 29.6 29.6 29.63 29.84 29.87 29.71 29.77 30.08 30.4 30.58 30.64 30.67 30.68 30.8 30.98 31.08 31.1 31.09 31.09 31.12 31.14 31.15 31.15 31.16 31.16 31.17 31.17 31.17 31.18 31.18 31.19 31.19 31.18 31.13 30.94 30.61 30.43 30.38 30.26 30.12 30.14 30.35 30.62 30.86 31.03 31.1 31.07 30.9 30.64 30.43 30.3 30.26
30.66 30.57 30.48 30.3 30.03 29.74 29.76 29.98 30.13 30.2 30.22 30.26 30.18 29.92 29.76 29.63 29.75 29.77 29.69 29.39 29.1 28.96 29.11 29.32 29.5 29.57 29.52 29.5 29.6 29.63 29.52 29.59 29.86 30.09 30.2 30.23 30.25 30.31 30.6 30.92 31.04 31.04 30.96 30.89 31.04 31.09 31.14 31.15 31.15 31.16 31.16 31.17 31.17 31.17 31.18 31.18 31.19 31.18 31.14 30.97 30.61 30.46 30.46 30.32 30.26 30.3 30.42 30.74 31.02 31.13 31.09 30.94 30.77 30.58 30.52 30.45 30.35
30.76 30.59 30.4 30.21 29.94 29.54 29.48 29.68 29.89 29.98 29.99 30.07 30.11 29.86 29.43 29.17 29.26 29.19 29.13 28.83 28.74 28.81 29.08 29.38 29.6 29.72 29.61 29.56 29.66 29.69 29.65 29.71 29.87 29.99 30.02 30.04 30.01 30.22 30.61 30.85 30.93 30.91 30.73 30.65 30.82 30.94 31.09 31.14 31.15 31.15 31.16 31.16 31.17 31.17 31.17 31.18 31.18 31.18 31.16 31 30.64 30.53 30.5 30.4 30.44 30.46 30.44 30.72 31.05 31.15 31.05 30.87 30.64 30.59 30.66 30.59 30.49
30.7 30.47 30.2 29.96 29.66 29.26 29.11 29.29 29.53 29.74 29.7 29.84 29.99 29.75 29.17 28.6 28.57 28.61 28.59 28.6 28.77 29 29.31 29.56 29.75 29.9 29.78 29.76 29.88 29.93 29.88 30 30.15 30.16 30.14 30.24 30.23 30.28 30.47 30.62 30.68 30.68 30.6 30.68 30.94 31.04 31.12 31.14 31.15 31.15 31.15 31.16 31.16 31.17 31.17 31.17 31.18 31.18 31.16 31.02 30.72 30.6 30.51 30.48 30.6 30.63 30.48 30.66 31.02 31.16 31.11 30.95 30.66 30.7 30.85 30.85 30.79
30.66 30.5 30.31 30.03 29.5 29.1 28.92 28.88 29.24 29.59 29.47 29.68 29.85 29.66 29.09 28.39 28.22 28.33 28.45 28.72 29.1 29.41 29.66 29.83 29.94 30.04 30.03 30.17 30.13 30.16 30.07 30.15 30.36 30.47 30.36 30.45 30.52 30.4 30.29 30.37 30.59 30.79 30.86 30.95 31.07 31.11 31.13 31.14 31.14 31.15 31.15 31.15 31.16 31.16 31.17 31.17 31.18 31.18 31.17 31.08 30.79 30.63 30.59 30.7 30.76 30.75 30.54 30.6 30.93 31.14 31.17 31.01 30.73 30.85 31.07 31.13 31.14
30.5 30.44 30.28 29.97 29.52 29.11 28.81 28.59 29.07 29.25 29.12 29.42 29.64 29.48 28.97 28.38 28.22 28.37 28.62 28.97 29.35 29.66 29.79 29.87 30.05 30.21 30.34 30.51 30.53 30.61 30.55 30.38 30.47 30.72 30.57 30.6 30.73 30.6 30.45 30.63 30.88 31 31.05 31.08 31.11 31.12 31.13 31.13 31.14 31.14 31.15 31.15 31.15 31.16 31.16 31.17 31.17 31.18 31.17 31.12 30.92 30.76 30.82 30.99 30.97 30.83 30.59 30.64 30.95 31.17 31.2 31.11 31 31.14 31.2 31.22 31.24
30.24 30.26 30.18 29.91 29.49 29.01 28.61 28.3 28.67 28.71 28.79 29.13 29.32 29.14 28.78 28.53 28.64 28.78 29.01 29.28 29.42 29.35 29.28 29.4 29.82 30.15 30.29 30.52 30.66 30.74 30.8 30.72 30.73 30.87 30.85 30.8 30.88 30.79 30.72 30.9 31.03 31.08 31.09 31.11 31.11 31.12 31.12 31.12 31.13 31.14 31.14 31.15 31.15 31.15 31.16 31.16 31.17 31.16 31.12 31.08 31.04 31.05 31.11 31.15 31.13 31.02 30.89 30.94 31.12 31.21 31.22 31.2 31.18 31.22 31.23 31.24 31.24
29.87 30 30.02 29.82 29.49 29.08 28.47 28.07 28.32 28.27 28.57 28.86 28.89 28.74 28.62 28.66 28.96 29.13 29.26 29.32 29.08 28.84 28.8 29.06 29.54 29.84 29.96 30.18 30.39 30.56 30.78 30.87 30.91 30.96 30.98 30.98 31 30.99 30.99 31.04 31.08 31.09 31.1 31.1 31.11 31.11 31.12 31.12 31.13 31.13 31.14 31.14 31.15 31.15 31.16 31.16 31.16 31.14 31.05 31 31.08 31.14 31.18 31.19 31.19 31.17 31.15 31.17 31.2 31.22 31.22 31.22 31.22 31.23 31.23 31.24 31.24
29.4 29.54 29.65 29.62 29.38 29.03 28.41 27.99 28.06 28.14 28.46 28.65 28.6 28.52 28.59 28.74 28.94 28.97 28.96 28.91 28.61 28.48 28.57 28.84 29.14 29.41 29.67 29.98 30.19 30.36 30.63 30.79 30.84 30.88 30.96 31 31.02 31.04 31.05 31.07 31.08 31.09 31.09 31.1 31.1 31.11 31.11 31.12 31.12 31.13 31.13 31.14 31.14 31.15 31.15 31.16 31.16 31.16 31.14 31.13 31.16 31.18 31.19 31.19 31.2 31.2 31.2 31.21 31.21 31.22 31.22 31.22 31.22 31.23 31.23 31.23 31.24
29.03 28.93 29.06 29.16 28.95 28.69 28.22 27.87 27.87 28 28.28 28.36 28.28 28.36 28.55 28.63 28.55 28.35 28.16 28.25 28.35 28.52 28.75 28.9 28.97 29.15 29.47 29.82 30.05 30.25 30.44 30.55 30.59 30.6 30.8 30.9 30.97 31.01 31.04 31.06 31.07 31.08 31.09 31.09 31.1 31.1 31.11 31.11 31.12 31.12 31.13 31.13 31.14 31.14 31.15 31.15 31.16 31.16 31.16 31.17 31.18 31.18 31.19 31.19 31.19 31.2 31.2 31.2 31.21 31.21 31.22 31.22 31.22 31.23 31.23 31.23 31.24
28.59 28.37 28.49 28.59 28.38 28.15 28.01 27.9 27.93 28.02 28.09 27.98 27.94 28.07 28.1 27.86 27.74 27.69 27.57 27.86 28.2 28.54 28.89 29.14 29.22 29.33 29.46 29.65 29.92 30.14 30.26 30.3 30.31 30.28 30.45 30.6 30.74 30.83 30.94 31.02 31.05 31.06 31.07 31.09 31.09 31.1 31.1 31.11 31.11 31.12 31.12 31.13 31.14 31.14 31.14 31.15 31.15 31.16 31.16 31.17 31.17 31.18 31.18 31.19 31.19 31.2 31.2 31.2 31.21 31.21 31.21 31.22 31.22 31.22 31.23 31.23 31.24
28.16 28.15 28.32 28.35 28.17 28.08 28.13 28.16 28.21 28.2 28.09 27.85 27.68 27.6 27.51 27.28 27.2 27.24 27.42 27.77 28.09 28.42 28.82 29.2 29.41 29.53 29.66 29.73 29.77 29.86 29.98 30.02 30.04 30.03 30.07 30.25 30.37 30.52 30.75 30.91 30.97 30.97 31.01 31.05 31.08 31.09 31.1 31.1 31.11 31.11 31.12 31.12 31.13 31.14 31.14 31.15 31.15 31.16 31.16 31.16 31.17 31.17 31.18 31.18 31.19 31.19 31.2 31.2 31.2 31.21 -9999 31.22 31.22 31.22 31.23 -9999 -9999
27.96 28.14 28.4 28.46 28.36 28.41 28.43 28.44 28.47 28.35 28.23 28.06 27.66 27.25 27.07 26.86 26.96 27.08 27.33 27.67 27.94 28.23 28.58 28.94 29.16 29.31 29.64 29.88 29.9 29.85 29.9 29.93 29.96 29.95 29.95 30.03 30.05 30.25 30.48 30.64 30.75 30.71 30.79 30.92 31.04 31.09 31.09 31.1 31.1 31.11 31.11 31.12 31.12 31.13 31.14 31.14 31.15 31.15 31.16 31.16 31.17 31.17 31.18 31.18 31.19 31.19 31.2 31.2 31.2 -9999 -9999 -9999 31.22 -9999 -9999 -9999 -9999
27.85 28.15 28.46 28.61 28.63 28.69 28.72 28.72 28.65 28.46 28.37 28.36 28.07 27.6 27.31 26.88 27.09 27.23 27.47 27.83 27.99 28.11 28.41 28.67 28.75 29.05 29.44 29.8 30.04 30.12 30.15 30.17 30.17 30.19 30.19 30.17 30.1 30.14 30.21 30.33 30.45 30.49 30.65 30.86 31.03 31.08 31.09 31.09 31.1 31.1 31.11 31.12 31.12 -9999 -9999 -9999 -9999 31.15 31.16 31.16 31.16 -9999 -9999 -9999 -9999 31.19 -9999 -9999 -9999 -9999 -9999 -9999 -9999 -9999 -9999 -9999 -9999
27.92 28.25 28.51 28.68 28.8 28.89 28.95 28.93 28.77 28.6 28.53 28.61 28.56 28.2 27.86 27.33 27.4 27.47 27.8 28.22 28.34 28.31 28.52 28.82 28.9 29.08 29.32 29.54 29.77 29.99 30.19 30.33 30.4 30.47 30.53 30.49 30.43 30.33 30.24 30.21 30.31 30.42 30.67 30.94 31.05 31.07 31.08 31.09 31.1 31.1 -9999 -9999 -9999 -9999 -9999 -9999 -9999 -9999 -9999 -9999 -9999 -9999 -9999 -9999 -9999 -9999 -9999 -9999 -9999 -9999 -9999 -9999 -9999 -9999 -9999 -9999 -9999
28 28.17 28.27 28.46 28.74 28.94 29.09 29.09 28.96 28.9 28.81 28.91 28.85 28.65 28.31 27.87 27.78 27.64 28.09 28.49 28.69 28.74 28.83 29.08 29.33 29.51 29.57 29.61 29.65 29.74 29.89 30.1 30.27 30.49 30.74 30.78 30.76 30.65 30.5 30.39 30.42 30.49 30.7 30.98 31.06 31.07 31.07 31.09 31.09 31.1 -9999 -9999 -9999 -9999 -9999 -9999 -9999 -9999 -9999 -9999 -9999 -9999 -9999 -9999 -9999 -9999 -9999 -9999 -9999 -9999 -9999 -9999 -9999 -9999 -9999 -9999 -9999
27.9 27.94 28.01 28.35 28.73 29.01 29.2 29.32 29.26 29.18 29.18 29.27 29.11 28.82 28.41 28.18 28.23 28.09 28.37 28.68 28.96 29.13 29.24 29.39 29.6 29.88 30.01 30.02 29.99 29.98 29.98 29.91 29.92 30.21 30.62 30.85 30.91 30.87 30.77 30.64 30.65 30.7 30.85 31.01 31.05 31.06 31.07 31.08 31.09 -9999 -9999 -9999 -9999 -9999 -9999 -9999 -9999 -9999 -9999 -9999 -9999 -9999 -9999 -9999 -9999 -9999 -9999 -9999 -9999 -9999 -9999 -9999 -9999 -9999 -9999 -9999 -9999
27.75 27.8 27.92 28.21 28.6 28.95 29.17 29.37 29.52 29.53 29.56 29.51 29.23 28.86 28.49 28.46 28.51 28.32 28.51 28.73 28.92 29.14 29.33 29.49 29.68 29.88 30.07 30.28 30.37 30.37 30.32 30.21 30 30.11 30.43 30.79 30.94 30.97 30.95 30.89 30.87 30.89 30.98 31.04 31.05 31.06 31.06 31.07 31.08 -9999 -9999 -9999 -9999 -9999 -9999 -9999 -9999 -9999 -9999 -9999 -9999 -9999 -9999 -9999 -9999 -9999 -9999 -9999 -9999 -9999 -9999 -9999 -9999 -9999 -9999 -9999 -9999
27.78 27.84 27.95 28.22 28.59 28.9 29.1 29.33 29.63 29.83 29.81 29.62 29.27 28.9 28.56 28.57 28.63 28.52 28.55 28.66 28.79 28.94 29.1 29.23 29.37 29.48 29.78 30.18 30.48 30.63 30.63 30.51 30.31 30.3 30.49 30.71 30.93 30.99 31 30.99 30.99 30.99 31.02 31.04 31.05 31.05 31.06 31.07 -9999 -9999 -9999 -9999 -9999 -9999 -9999 -9999 -9999 -9999 -9999 -9999 -9999 -9999 -9999 -9999 -9999 -9999 -9999 -9999 -9999 -9999 -9999 -9999 -9999 -9999 -9999 -9999 -9999
28.12 28.09 28 28.12 28.48 28.85 29.14 29.39 29.68 29.94 29.88 29.63 29.33 28.96 28.65 28.63 28.74 28.78 28.86 28.94 28.99 29.11 29.28 29.41 29.41 29.36 29.57 29.9 30.28 30.6 30.76 30.75 30.61 30.67 30.78 30.78 30.93 30.99 31 31.01 31.01 31.02 31.03 31.04 31.04 31.05 31.06 -9999 -9999 -9999 -9999 -9999 -9999 -9999 -9999 -9999 -9999 -9999 -9999 -9999 -9999 -9999 -9999 -9999 -9999 -9999 -9999 -9999 -9999 -9999 -9999 -9999 -9999 -9999 -9999 -9999 -9999
28.48 28.4 28.22 28.28 28.47 28.69 28.96 29.32 29.78 30.09 30.02 29.74 29.27 28.9 28.73 28.73 28.77 28.81 29.02 29.16 29.14 29.25 29.49 29.69 29.7 29.6 29.65 29.84 30.14 30.45 30.74 30.86 30.85 30.89 30.93 30.93 30.97 30.98 30.99 31 31.01 31.02 31.03 31.03 31.04 31.05 31.05 -9999 -9999 -9999 -9999 -9999 -9999 -9999 -9999 -9999 -9999 -9999 -9999 -9999 -9999 -9999 -9999 -9999 -9999 -9999 -9999 -9999 -9999 -9999 -9999 -9999 -9999 -9999 -9999 -9999 -9999
28.76 28.63 28.51 28.67 28.79 28.83 29.02 29.27 29.86 30.2 30.01 29.58 29.05 28.8 28.83 28.9 28.85 28.78 29.01 29.27 29.3 29.3 29.51 29.8 29.94 29.9 29.88 30.02 30.21 30.41 30.72 30.9 30.93 30.95 30.96 30.96 30.97 30.98 30.99 31 31 31.01 31.02 31.03 31.03 31.04 -9999 -9999 -9999 -9999 -9999 -9999 -9999 -9999 -9999 -9999 -9999 -9999 -9999 -9999 -9999 -9999 -9999 -9999 -9999 -9999 -9999 -9999 -9999 -9999 -9999 -9999 -9999 -9999 -9999 -9999 -9999
28.95 28.92 28.85 29.02 29.22 29.23 29.4 29.56 30.03 30.32 30.09 29.69 29.15 28.8 28.87 28.98 28.92 28.81 29 29.32 29.49 29.45 29.51 29.79 30.06 30.18 30.14 30.23 30.39 30.49 30.72 30.9 30.94 30.94 30.96 30.96 30.97 30.98 30.98 30.99 31 31 31.01 31.02 -9999 -9999 -9999 -9999 -9999 -9999 -9999 -9999 -9999 -9999 -9999 -9999 -9999 -9999 -9999 -9999 -9999 -9999 -9999 -9999 -9999 -9999 -9999 -9999 -9999 -9999 -9999 -9999 -9999 -9999 -9999 -9999 -9999
29.08 29.31 29.3 29.33 29.55 29.68 29.79 30.06 30.31 30.47 30.32 29.99 29.44 28.9 28.85 29 29.02 28.89 29.06 29.38 29.63 29.69 29.64 29.8 30.08 30.35 30.42 30.38 30.51 30.67 30.8 30.9 30.93 30.94 30.94 30.95 30.96 30.97 30.98 30.99 30.99 31 31.01 -9999 -9999 -9999 -9999 -9999 -9999 -9999 -9999 -9999 -9999 -9999 -9999 -9999 -9999 -9999 -9999 -9999 -9999 -9999 -9999 -9999 -9999 -9999 -9999 -9999 -9999 -9999 -9999 -9999 -9999 -9999 -9999 -9999 -9999
29.12 29.55 29.71 29.7 29.8 30.03 30.17 30.45 30.52 30.5 30.37 30.11 29.57 29.05 28.96 29.09 29.23 29.07 29.2 29.51 29.8 29.95 29.83 29.89 30.14 30.43 30.63 30.63 30.66 30.81 30.88 30.91 30.92 30.93 30.94 30.95 30.96 30.96 -9999 -9999 30.99 -9999 -9999 -9999 -9999 -9999 -9999 -9999 -9999 -9999 -9999 -9999 -9999 -9999 -9999 -9999 -9999 -9999 -9999 -9999 -9999 -9999 -9999 -9999 -9999 -9999 -9999 -9999 -9999 -9999 -9999 -9999 -9999 -9999 -9999 -9999 -9999
