ASPA-UH-SWB2_REPO/input/Gridded_temps/prism_tmax_tutuila_30yr_normal_11.asc
ncols         350
nrows         200
xllcorner     515000
yllcorner     8409000
cellsize      100
NODATA_value  -9999
[rows 136 to 169 of 200, columns 77 to 153 of 350]
31.06 31.14 31.21 31.2 31.24 31.26 31.26 31.25 31.18 30.94 30.65 30.48 30.45 30.51 30.66 30.84 30.95 30.96 30.93 30.93 30.96 30.97 30.96 30.94 30.87 30.72 30.46 30.13 29.95 29.97 30.04 30.03 29.94 29.88 30 30.16 30.23 30.24 30.22 30.21 30.19 30.17 30.17 30.17 30.18 30.19 30.2 30.19 30.19 30.18 30.17 30.16 30.14 30.13 30.13 30.13 30.13 30.14 30.14 30.15 30.15 30.15 30.16 30.16 30.16 30.16 30.16 30.16 30.17 30.17 30.17 30.18 30.19 30.19 30.2 30.21 30.21
31.13 31.21 31.26 31.26 31.28 31.28 31.27 31.25 31.16 30.88 30.62 30.5 30.48 30.51 30.59 30.78 30.93 30.97 30.97 30.97 30.98 30.98 30.97 30.95 30.89 30.71 30.45 30.17 30 29.95 30 30.05 29.99 29.92 30 30.16 30.25 30.26 30.25 30.23 30.22 30.21 30.2 30.2 30.19 30.2 30.2 30.19 30.18 30.17 30.16 30.16 30.15 30.15 30.14 30.14 30.14 30.14 30.15 30.15 30.15 30.15 30.16 30.16 30.16 30.17 30.17 30.17 30.18 30.18 30.18 30.18 30.19 30.19 30.2 30.21 30.21
31.21 31.26 31.28 31.29 31.29 31.28 31.27 31.25 31.18 30.94 30.69 30.58 30.59 30.61 30.62 30.74 30.89 30.96 30.98 30.99 30.99 30.99 30.98 30.95 30.87 30.66 30.39 30.18 30.04 29.95 29.97 30.07 30.05 30.02 30.06 30.18 30.27 30.28 30.27 30.25 30.24 30.24 30.22 30.21 30.2 30.2 30.19 30.18 30.17 30.17 30.17 30.16 30.16 30.15 30.15 30.15 30.15 30.15 30.15 30.15 30.15 30.15 30.16 30.16 30.16 30.17 30.18 30.18 30.19 30.19 30.19 30.19 30.2 30.2 30.21 30.21 30.21
31.27 31.29 31.29 31.29 31.29 31.28 31.26 31.24 31.19 30.99 30.8 30.71 30.79 30.85 30.79 30.8 30.85 30.94 30.99 31 31 30.99 30.98 30.95 30.84 30.58 30.32 30.18 30.08 29.98 29.99 30.09 30.1 30.06 30.07 30.16 30.25 30.29 30.29 30.27 30.26 30.25 30.23 30.22 30.2 30.2 30.19 30.18 30.17 30.17 30.17 30.17 30.17 30.17 30.16 30.16 30.16 30.16 30.16 30.16 30.16 30.16 30.16 30.16 30.17 30.18 30.19 30.2 30.2 30.19 30.19 30.2 30.21 30.22 30.22 30.22 30.23
31.29 31.29 31.29 31.29 31.28 31.27 31.25 31.24 31.2 31.07 30.93 30.87 30.96 31 30.97 30.94 30.94 30.98 31 31 31 30.99 30.98 30.93 30.76 30.5 30.33 30.23 30.12 30.06 30.07 30.13 30.14 30.08 30.05 30.11 30.22 30.29 30.3 30.28 30.27 30.25 30.24 30.22 30.2 30.2 30.19 30.18 30.18 30.18 30.18 30.18 30.18 30.18 30.18 30.18 30.18 30.17 30.17 30.16 30.16 30.16 30.16 30.17 30.17 30.18 30.19 30.2 30.2 30.2 30.2 30.21 30.22 30.22 30.23 30.24 30.25
31.29 31.29 31.29 31.29 31.28 31.26 31.24 31.22 31.21 31.15 31.04 31 31.04 31.04 31.03 31.01 31.01 31 30.99 31 31 30.99 30.98 30.92 30.74 30.52 30.44 30.31 30.17 30.13 30.14 30.17 30.18 30.14 30.11 30.12 30.18 30.26 30.29 30.28 30.27 30.26 30.24 30.23 30.21 30.21 30.2 30.19 30.19 30.19 30.19 30.19 30.19 30.19 30.19 30.19 30.19 30.18 30.17 30.17 30.17 30.16 30.16 30.17 30.17 30.18 30.19 30.2 30.2 30.21 30.21 30.22 30.23 30.24 30.25 30.26 30.27
31.29 31.29 31.29 31.29 31.28 31.25 31.22 31.2 31.18 31.13 31.07 31.05 31.05 31.04 31.03 31.02 31.01 30.99 30.98 30.98 30.98 30.98 30.97 30.93 30.86 30.77 30.69 30.48 30.27 30.22 30.19 30.17 30.19 30.18 30.17 30.15 30.18 30.24 30.27 30.27 30.26 30.25 30.25 30.23 30.21 30.21 30.21 30.2 30.2 30.2 30.2 30.2 30.21 30.21 30.2 30.2 30.19 30.19 30.18 30.18 30.17 30.17 30.17 30.17 30.17 30.18 30.19 30.2 30.21 30.21 30.21 30.23 30.24 30.26 30.27 30.28 30.27
31.29 31.29 31.29 31.29 31.27 31.24 31.2 31.17 31.14 31.1 31.07 31.07 31.06 31.05 31.03 31.02 31.01 30.99 30.98 30.97 30.97 30.97 30.96 30.94 30.91 30.88 30.82 30.66 30.43 30.31 30.19 30.1 30.11 30.15 30.16 30.17 30.19 30.23 30.26 30.26 30.26 30.25 30.25 30.23 30.21 30.21 30.21 30.2 30.2 30.21 30.21 30.22 30.23 30.23 30.21 30.21 30.2 30.19 30.19 30.19 30.18 30.17 30.17 30.17 30.18 30.18 30.19 30.2 30.2 30.21 30.22 30.24 30.25 30.27 30.28 30.28 30.28
31.29 31.29 31.29 31.28 31.26 31.23 31.19 31.15 31.12 31.09 31.08 31.07 31.06 31.05 31.04 31.03 31.01 31 30.98 30.97 30.96 30.96 30.95 30.94 30.92 30.9 30.85 30.76 30.58 30.38 30.16 29.99 30.02 30.09 30.14 30.17 30.2 30.23 30.26 30.26 30.26 30.25 30.25 30.23 30.22 30.21 30.21 30.21 30.21 30.21 30.22 30.24 30.24 30.24 30.22 30.22 30.21 30.2 30.19 30.19 30.18 30.18 30.17 30.17 30.18 30.18 30.19 30.2 30.21 30.21 30.23 30.24 30.25 30.28 30.28 30.28 30.28
31.29 31.29 31.28 31.26 31.24 31.22 31.18 31.14 31.12 31.1 31.09 31.08 31.07 31.06 31.05 31.04 31.02 31 30.98 30.97 30.96 30.95 30.94 30.92 30.91 30.89 30.86 30.79 30.63 30.38 30.13 29.98 30.1 30.21 30.22 30.19 30.19 30.23 30.25 30.26 30.26 30.25 30.25 30.24 30.23 30.22 30.22 30.22 30.22 30.22 30.23 30.25 30.25 30.25 30.24 30.23 30.22 30.21 30.2 30.19 30.19 30.18 30.17 30.17 30.18 30.18 30.19 30.2 30.21 30.22 30.23 30.25 30.26 30.28 30.28 30.28 30.28
31.29 31.29 31.27 31.24 31.22 31.2 31.17 31.15 31.13 31.11 31.1 31.1 31.09 31.08 31.06 31.04 31.02 31 30.99 30.98 30.96 30.95 30.93 30.91 30.9 30.88 30.86 30.81 30.68 30.44 30.18 30.02 30.24 30.44 30.44 30.29 30.19 30.22 30.25 30.26 30.26 30.25 30.26 30.25 30.24 30.24 30.23 30.23 30.24 30.24 30.25 30.26 30.26 30.26 30.25 30.24 30.23 30.22 30.21 30.2 30.19 30.19 30.17 30.17 30.17 30.18 30.19 30.2 30.22 30.23 30.24 30.25 30.26 30.28 30.28 30.28 30.28
31.29 31.29 31.26 31.24 31.21 31.19 31.17 31.16 31.14 31.13 31.12 31.12 31.11 31.09 31.07 31.05 31.03 31.01 30.99 30.98 30.96 30.95 30.93 30.91 30.89 30.87 30.85 30.82 30.74 30.6 30.34 30.11 30.27 30.49 30.51 30.33 30.2 30.22 30.26 30.27 30.27 30.27 30.28 30.28 30.27 30.27 30.26 30.25 30.26 30.26 30.27 30.28 30.27 30.27 30.26 30.25 30.24 30.22 30.21 30.2 30.2 30.19 30.18 30.17 30.17 30.18 30.2 30.22 30.23 30.24 30.24 30.25 30.26 30.28 30.29 30.29 30.29
31.29 31.28 31.26 31.23 31.2 31.18 31.17 31.17 31.16 31.15 31.15 31.14 31.13 31.1 31.08 31.06 31.04 31.01 30.99 30.98 30.97 30.96 30.93 30.91 30.88 30.86 30.84 30.81 30.77 30.68 30.53 30.32 30.26 30.37 30.41 30.28 30.21 30.23 30.27 30.29 30.3 30.3 30.31 30.31 30.3 30.29 30.28 30.28 30.28 30.28 30.28 30.29 30.28 30.27 30.26 30.26 30.25 30.23 30.22 30.22 30.21 30.2 30.19 30.19 30.19 30.2 30.22 30.23 30.24 30.25 30.26 30.27 30.28 30.29 30.29 30.29 30.29
31.29 31.28 31.26 31.22 31.2 31.18 31.18 31.18 31.17 31.17 31.17 31.16 31.13 31.11 31.08 31.06 31.05 31.02 31 30.98 30.98 30.96 30.93 30.91 30.88 30.85 30.83 30.79 30.75 30.7 30.61 30.49 30.37 30.33 30.33 30.28 30.26 30.27 30.29 30.31 30.32 30.34 30.34 30.33 30.33 30.31 30.3 30.3 30.3 30.29 30.28 30.28 30.28 30.27 30.27 30.27 30.26 30.25 30.24 30.23 30.22 30.22 30.22 30.21 30.22 30.23 30.24 30.25 30.25 30.27 30.28 30.29 30.29 30.3 30.3 30.3 30.3
31.29 31.29 31.27 31.23 31.21 31.19 31.19 31.19 31.18 31.18 31.17 31.16 31.13 31.11 31.09 31.07 31.06 31.03 31.01 30.99 30.98 30.96 30.93 30.9 30.88 30.85 30.82 30.78 30.73 30.68 30.61 30.54 30.46 30.39 30.36 30.34 30.33 30.32 30.31 30.32 30.35 30.36 30.36 30.35 30.34 30.33 30.32 30.31 30.3 30.29 30.28 30.28 30.28 30.28 30.28 30.28 30.27 30.26 30.25 30.25 30.24 30.24 30.24 30.24 30.24 30.25 30.27 30.28 30.28 30.29 30.3 30.31 30.31 30.31 30.31 30.31 30.3
31.29 31.29 31.28 31.24 31.22 31.21 31.2 31.2 31.19 31.18 31.17 31.16 31.14 31.12 31.11 31.09 31.07 31.04 31.02 31 30.98 30.96 30.93 30.9 30.87 30.84 30.81 30.77 30.72 30.67 30.6 30.54 30.48 30.43 30.4 30.39 30.37 30.36 30.35 30.35 30.37 30.37 30.37 30.36 30.35 30.34 30.33 30.32 30.3 30.29 30.28 30.28 30.29 30.29 30.29 30.29 30.28 30.27 30.26 30.26 30.27 30.27 30.27 30.27 30.26 30.27 30.3 30.32 30.32 30.32 30.32 30.32 30.32 30.32 30.31 30.31 30.31
31.29 31.29 31.28 31.26 31.23 31.22 31.21 31.21 31.2 31.18 31.17 31.16 31.14 31.14 31.12 31.1 31.08 31.05 31.04 31.01 30.99 30.96 30.93 30.9 30.87 30.84 30.8 30.76 30.71 30.67 30.61 30.54 30.49 30.44 30.42 30.41 30.39 30.38 30.37 30.38 30.39 30.38 30.38 30.37 30.36 30.35 30.34 30.33 30.31 30.3 30.29 30.29 30.3 30.31 30.31 30.31 30.3 30.29 30.28 30.28 30.29 30.29 30.29 30.28 30.29 30.3 30.33 30.35 30.34 30.34 30.33 30.33 30.32 30.32 30.32 30.32 -9999
31.29 31.29 31.29 31.27 31.26 31.24 31.22 31.21 31.2 31.19 31.18 31.16 31.16 31.14 31.13 31.1 31.08 31.06 31.05 31.03 31 30.97 30.93 30.9 30.87 30.83 30.79 30.75 30.71 30.67 30.61 30.55 30.49 30.45 30.42 30.4 30.38 30.38 30.37 30.37 30.38 30.38 30.38 30.38 30.37 30.36 30.35 30.33 30.32 30.32 30.31 30.31 30.32 30.33 30.33 30.32 30.31 30.3 30.29 30.29 30.3 30.3 30.3 30.3 30.31 30.33 30.36 30.36 30.36 30.35 30.34 30.33 30.33 30.33 30.32 -9999 -9999
31.29 31.29 31.29 31.29 31.28 31.26 31.24 31.22 31.2 31.19 31.18 31.17 31.16 31.15 31.13 31.11 31.1 31.08 31.06 31.04 31.01 30.97 30.93 30.9 30.87 30.84 30.8 30.76 30.71 30.66 30.59 30.54 30.51 30.47 30.42 30.37 30.35 30.35 30.34 30.34 30.36 30.36 30.36 30.36 30.36 30.36 30.35 30.34 30.34 30.33 30.33 30.33 30.33 30.35 30.35 30.34 30.33 30.32 30.31 30.31 30.31 30.31 30.32 30.32 30.34 30.36 30.37 30.37 30.36 30.36 30.35 30.34 30.34 30.33 -9999 -9999 -9999
31.29 31.29 31.29 31.29 31.29 31.27 31.24 31.22 31.2 31.19 31.17 31.17 31.17 31.16 31.14 31.12 31.11 31.09 31.07 31.05 31.01 30.98 30.94 30.91 30.89 30.86 30.82 30.77 30.71 30.65 30.58 30.56 30.55 30.52 30.44 30.35 30.3 30.28 30.27 30.26 30.28 30.31 30.31 30.32 30.33 30.34 30.34 30.34 30.35 30.34 30.34 30.34 30.35 30.36 30.37 30.37 30.35 30.34 30.33 30.33 30.33 30.33 30.35 30.36 30.37 30.39 30.39 30.38 30.37 30.36 30.36 30.35 30.34 -9999 -9999 -9999 -9999
31.29 31.29 31.29 31.29 31.29 31.27 31.24 31.22 31.2 31.18 31.17 31.17 31.17 31.16 31.15 31.14 31.12 31.1 31.08 31.05 31.02 30.98 30.95 30.92 30.89 30.86 30.82 30.76 30.71 30.65 30.59 30.59 30.61 30.57 30.46 30.34 30.28 30.24 30.22 30.17 30.17 30.19 30.2 30.23 30.26 30.29 30.31 30.32 30.33 30.34 30.34 30.34 30.35 30.36 30.39 30.39 30.38 30.37 30.37 30.36 30.36 30.37 30.39 30.4 30.41 30.4 30.4 30.39 30.38 30.37 30.37 30.36 -9999 -9999 -9999 -9999 -9999
31.29 31.29 31.29 31.29 31.29 31.26 31.23 31.22 31.2 31.19 31.18 31.17 31.17 31.16 31.16 31.15 31.13 31.11 31.09 31.06 31.03 30.99 30.96 30.92 30.88 30.83 30.78 30.72 30.67 30.62 30.58 30.6 30.6 30.54 30.41 30.31 30.33 30.37 30.38 30.3 30.21 30.15 30.12 30.13 30.18 30.23 30.26 30.28 30.3 30.32 30.33 30.34 30.36 30.38 30.4 30.41 30.41 30.4 30.4 30.4 30.4 30.41 30.42 30.43 30.42 30.41 30.4 30.4 30.39 30.38 30.37 -9999 -9999 -9999 -9999 -9999 -9999
31.29 31.29 31.29 31.29 31.28 31.26 31.23 31.22 31.2 31.19 31.18 31.17 31.18 31.18 31.16 31.15 31.14 31.13 31.1 31.07 31.03 30.99 30.96 30.91 30.86 30.79 30.72 30.65 30.6 30.56 30.55 30.57 30.55 30.44 30.3 30.27 30.38 30.53 30.61 30.57 30.46 30.35 30.21 30.12 30.16 30.22 30.24 30.25 30.27 30.3 30.32 30.34 30.37 30.4 30.42 30.43 30.43 30.43 30.43 30.44 30.44 30.45 30.45 30.45 30.44 30.42 30.41 30.4 30.4 -9999 -9999 -9999 -9999 -9999 -9999 -9999 -9999
31.29 31.29 31.29 31.29 31.28 31.26 31.24 31.22 31.2 31.19 31.19 31.18 31.19 31.19 31.17 31.16 31.14 31.12 31.09 31.05 30.99 30.95 30.92 30.88 30.81 30.72 30.66 30.62 30.6 30.59 30.59 30.57 30.5 30.35 30.25 30.33 30.5 30.64 30.71 30.71 30.67 30.59 30.42 30.26 30.24 30.28 30.29 30.26 30.27 30.3 30.32 30.34 30.38 30.41 30.44 30.46 30.46 30.46 30.46 30.47 30.48 30.48 30.47 30.46 30.45 30.43 30.42 30.41 30.41 -9999 -9999 -9999 -9999 -9999 -9999 -9999 -9999
31.29 31.29 31.29 31.29 31.28 31.26 31.24 31.22 31.2 31.19 31.19 31.19 31.2 31.2 31.18 31.16 31.13 31.1 31.06 31.01 30.96 30.91 30.87 30.81 30.72 30.66 30.63 30.62 30.63 30.65 30.65 30.62 30.53 30.39 30.32 30.41 30.59 30.7 30.76 30.77 30.75 30.7 30.58 30.42 30.36 30.36 30.37 30.36 30.34 30.34 30.33 30.34 30.38 30.42 30.46 30.48 30.49 30.5 30.5 30.51 30.5 30.49 30.48 30.47 30.46 30.45 30.43 -9999 -9999 -9999 -9999 -9999 -9999 -9999 -9999 -9999 -9999
31.29 31.29 31.29 31.29 31.29 31.27 31.26 31.23 31.21 31.19 31.19 31.2 31.21 31.2 31.18 31.15 31.12 31.08 31.03 30.99 30.93 30.88 30.81 30.71 30.62 30.58 30.57 30.54 30.55 30.6 30.63 30.64 30.59 30.5 30.41 30.45 30.6 30.71 30.77 30.79 30.8 30.75 30.63 30.47 30.4 30.39 30.43 30.45 30.43 30.38 30.34 30.35 30.38 30.42 30.46 30.49 30.5 30.53 30.54 30.53 30.52 30.51 30.49 30.48 30.47 30.46 -9999 -9999 -9999 -9999 -9999 -9999 -9999 -9999 -9999 -9999 -9999
31.29 31.29 31.29 31.29 31.29 31.29 31.27 31.26 31.23 31.21 31.21 31.21 31.21 31.2 31.17 31.14 31.1 31.06 31.02 30.97 30.91 30.84 30.73 30.6 30.51 30.48 30.45 30.41 30.38 30.42 30.54 30.6 30.61 30.58 30.5 30.46 30.57 30.7 30.77 30.81 30.83 30.76 30.62 30.48 30.41 30.38 30.44 30.49 30.47 30.41 30.35 30.35 30.38 30.43 30.47 30.49 30.52 30.55 30.56 30.54 30.53 30.52 30.5 30.49 30.48 -9999 -9999 -9999 -9999 -9999 -9999 -9999 -9999 -9999 -9999 -9999 -9999
-9999 31.29 31.29 31.29 31.29 31.29 31.29 31.28 31.26 31.25 31.25 31.24 31.24 31.21 31.17 31.13 31.09 31.05 31.01 30.96 30.89 30.8 30.67 30.51 30.4 30.38 30.39 30.37 30.32 30.31 30.4 30.5 30.56 30.6 30.58 30.49 30.54 30.67 30.76 30.83 30.87 30.82 30.75 30.67 30.55 30.43 30.47 30.53 30.51 30.44 30.38 30.37 30.39 30.43 30.48 30.51 30.55 30.58 30.57 30.56 30.54 30.53 30.52 30.5 -9999 -9999 -9999 -9999 -9999 -9999 -9999 -9999 -9999 -9999 -9999 -9999 -9999
-9999 -9999 31.28 31.28 31.28 31.28 31.28 31.28 31.28 31.28 31.28 31.27 31.26 31.24 31.2 31.15 31.1 31.04 30.98 30.92 30.83 30.69 30.52 30.36 30.3 30.34 30.39 30.4 30.38 30.32 30.27 30.34 30.42 30.55 30.63 30.56 30.53 30.64 30.74 30.8 30.87 30.89 30.87 30.84 30.75 30.6 30.55 30.57 30.56 30.49 30.42 30.39 30.4 30.45 30.5 30.55 30.59 30.6 30.59 30.57 30.55 30.54 30.53 -9999 -9999 -9999 -9999 -9999 -9999 -9999 -9999 -9999 -9999 -9999 -9999 -9999 -9999
-9999 -9999 -9999 31.28 31.28 31.28 31.28 31.28 31.28 31.28 31.28 31.28 31.27 31.26 31.22 31.17 31.12 31.06 30.99 30.91 30.78 30.59 30.39 30.3 30.35 30.39 30.4 30.42 30.46 30.48 30.45 30.35 30.36 30.47 30.62 30.68 30.68 30.73 30.78 30.79 30.87 30.91 30.9 30.88 30.83 30.72 30.64 30.63 30.6 30.53 30.46 30.42 30.42 30.47 30.54 30.6 30.62 30.61 30.6 30.58 30.57 30.55 -9999 -9999 -9999 -9999 -9999 -9999 -9999 -9999 -9999 -9999 -9999 -9999 -9999 -9999 -9999
-9999 -9999 -9999 -9999 31.28 31.28 31.28 31.28 31.28 31.28 31.27 31.27 31.27 31.27 31.25 31.21 31.17 31.12 31.05 30.94 30.74 30.5 30.39 30.55 30.77 30.84 30.84 30.83 30.83 30.86 30.86 30.73 30.54 30.51 30.58 30.71 30.81 30.88 30.93 30.92 30.93 30.93 30.9 30.88 30.85 30.8 30.74 30.7 30.62 30.53 30.47 30.44 30.46 30.51 30.59 30.64 30.63 30.62 30.61 30.59 30.58 -9999 -9999 -9999 -9999 -9999 -9999 -9999 -9999 -9999 -9999 -9999 -9999 -9999 -9999 -9999 -9999
-9999 -9999 -9999 -9999 -9999 31.28 31.28 31.28 31.27 31.27 31.27 31.27 31.27 31.27 31.26 31.25 31.23 31.2 31.13 30.98 30.72 30.49 30.61 30.94 31.11 31.13 31.13 31.12 31.1 31.1 31.08 30.99 30.77 30.63 30.56 30.65 30.77 30.88 30.96 30.96 30.95 30.93 30.9 30.88 30.86 30.84 30.81 30.75 30.62 30.53 30.48 30.48 30.51 30.56 30.63 30.65 30.64 30.63 30.62 30.6 30.59 -9999 -9999 -9999 -9999 -9999 -9999 -9999 -9999 -9999 -9999 -9999 -9999 -9999 -9999 -9999 -9999
-9999 -9999 -9999 -9999 -9999 -9999 31.27 31.27 31.27 31.27 31.27 31.27 31.26 31.26 31.26 31.26 31.25 31.24 31.19 31.1 30.9 30.62 30.88 31.14 31.18 31.19 31.17 31.16 31.15 31.13 31.12 31.06 30.89 30.71 30.54 30.53 30.61 30.76 30.88 30.95 30.95 30.93 30.9 30.89 30.87 30.85 30.83 30.77 30.66 30.56 30.52 30.52 30.55 30.61 30.66 30.66 30.65 30.64 30.62 30.61 30.6 -9999 -9999 -9999 -9999 -9999 -9999 -9999 -9999 -9999 -9999 -9999 -9999 -9999 -9999 -9999 -9999
-9999 -9999 -9999 -9999 -9999 -9999 -9999 -9999 31.27 31.27 31.27 31.26 31.26 31.26 31.26 31.25 31.24 31.24 31.23 31.21 31.17 30.91 31.1 31.18 31.19 31.18 31.17 31.16 31.14 31.13 31.12 31.07 30.92 30.73 30.54 30.45 30.5 30.63 30.77 30.93 30.95 30.93 30.9 30.89 30.87 30.85 30.83 30.81 30.74 30.66 30.6 30.57 30.59 30.65 30.68 30.67 30.66 30.64 30.63 30.62 -9999 -9999 -9999 -9999 -9999 -9999 -9999 -9999 -9999 -9999 -9999 -9999 -9999 -9999 -9999 -9999 -9999
