ASPA-UH-SWB2_REPO/input/Gridded_temps/prism_tmax_tutuila_30yr_normal_02.asc
ncols         350
nrows         200
xllcorner     515000
yllcorner     8409000
cellsize      100
NODATA_value  -9999
[rows 68 to 101 of 200, columns 154 to 230 of 350]
30.98 30.79 30.62 30.48 30.33 30.13 29.9 29.66 29.71 30.16 30.65 31 31.22 31.35 31.39 31.4 31.41 31.41 31.42 31.43 31.45 31.45 31.45 31.45 31.46 31.46 31.46 31.46 31.47 31.47 31.47 31.48 31.48 31.48 31.48 31.49 31.49 31.5 31.5 31.5 31.5 31.51 31.51 31.51 31.52 31.52 31.52 31.53 31.53 31.53 31.54 31.54 31.54 31.54 31.55 31.55 31.56 31.56 31.51 31.31 30.9 30.57 30.36 29.96 29.55 29.07 28.67 28.43 28.27 28.33 28.64 28.78 28.7 28.97 29.39 29.78 30.05
30.85 30.69 30.47 30.26 30.12 29.96 29.73 29.53 29.74 30.24 30.72 31.05 31.26 31.36 31.39 31.39 31.38 31.36 31.36 31.38 31.41 31.43 31.43 31.43 31.44 31.45 31.45 31.46 31.46 31.46 31.47 31.47 31.47 31.48 31.48 31.48 31.48 31.49 31.49 31.5 31.5 31.5 31.51 31.51 31.51 31.51 31.52 31.52 31.53 31.53 31.53 31.54 31.54 31.54 31.54 31.55 31.55 31.54 31.44 31.09 30.72 30.4 30.13 29.81 29.4 28.93 28.66 28.76 28.84 28.7 28.53 28.45 28.58 29.11 29.57 29.79 29.92
30.59 30.51 30.33 30.1 29.89 29.74 29.54 29.48 29.86 30.38 30.82 31.08 31.26 31.35 31.37 31.34 31.27 31.14 31.18 31.24 31.32 31.37 31.36 31.35 31.39 31.43 31.44 31.45 31.45 31.46 31.46 31.46 31.47 31.47 31.47 31.48 31.48 31.48 31.49 31.49 31.49 31.5 31.5 31.5 31.51 31.51 31.51 31.52 31.52 31.53 31.53 31.53 31.53 31.54 31.54 31.55 31.55 31.52 31.36 31.09 30.92 30.71 30.53 30.27 29.83 29.43 29.31 29.41 29.57 29.22 28.98 28.75 28.87 29.28 29.72 29.78 29.72
30.31 30.24 30.08 29.88 29.64 29.46 29.38 29.54 29.92 30.41 30.79 31.01 31.2 31.32 31.33 31.25 31.09 30.8 30.81 30.94 31.14 31.25 31.21 31.14 31.22 31.33 31.39 31.43 31.44 31.45 31.45 31.46 31.46 31.46 31.47 31.47 31.47 31.47 31.48 31.49 31.49 31.49 31.5 31.5 31.5 31.51 31.51 31.51 31.52 31.52 31.52 31.53 31.53 31.53 31.54 31.54 31.54 31.51 31.39 31.27 31.18 31.04 30.87 30.55 30.06 29.83 29.81 29.81 29.95 29.79 29.77 29.49 29.46 29.51 29.88 29.95 29.74
30.05 29.98 29.8 29.56 29.4 29.38 29.51 29.81 30.12 30.5 30.78 31 31.2 31.29 31.25 31.13 30.9 30.52 30.35 30.68 31.01 31.09 31.01 30.81 30.9 31.12 31.26 31.35 31.41 31.43 31.45 31.45 31.45 31.45 31.45 31.46 31.45 31.46 31.46 31.48 31.48 31.49 31.49 31.49 31.5 31.5 31.5 31.51 31.51 31.52 31.52 31.52 31.53 31.53 31.53 31.54 31.54 31.51 31.45 31.35 31.16 30.95 30.76 30.34 29.91 29.96 30.16 30.2 30.25 30.26 30.29 30.1 30.05 29.98 30.08 30.17 29.91
29.86 29.71 29.53 29.32 29.32 29.54 29.89 30.18 30.49 30.75 30.96 31.12 31.23 31.24 31.14 30.97 30.72 30.32 30.22 30.62 30.84 30.81 30.7 30.47 30.55 30.87 31.04 31.19 31.32 31.4 31.42 31.44 31.43 31.42 31.39 31.38 31.37 31.39 31.42 31.46 31.48 31.48 31.49 31.49 31.49 31.5 31.5 31.5 31.51 31.51 31.52 31.52 31.52 31.53 31.53 31.53 31.54 31.51 31.44 31.24 30.94 30.6 30.34 29.98 29.64 29.92 30.32 30.51 30.52 30.57 30.58 30.35 30.3 30.32 30.34 30.3 30
29.79 29.47 29.29 29.22 29.39 29.72 30.11 30.47 30.73 30.91 31.06 31.16 31.21 31.2 31.07 30.81 30.54 30.35 30.27 30.47 30.51 30.41 30.32 30.12 30.17 30.48 30.78 31.04 31.28 31.37 31.4 31.4 31.38 31.31 31.22 31.2 31.24 31.34 31.42 31.45 31.47 31.48 31.48 31.48 31.49 31.49 31.49 31.5 31.5 31.51 31.51 31.52 31.52 31.52 31.53 31.53 31.53 31.52 31.45 31.23 30.83 30.58 30.28 29.84 29.6 29.87 30.34 30.63 30.73 30.8 30.76 30.5 30.49 30.5 30.44 30.28 29.99
29.7 29.36 29.2 29.25 29.4 29.72 30.13 30.47 30.72 30.92 31.07 31.16 31.19 31.18 31.09 30.94 30.79 30.65 30.45 30.37 30.26 30.05 29.94 29.91 30.05 30.41 30.83 31.14 31.3 31.35 31.36 31.35 31.29 31.14 30.98 31.09 31.23 31.36 31.43 31.46 31.47 31.47 31.47 31.48 31.48 31.49 31.49 31.49 31.5 31.5 31.51 31.51 31.51 31.52 31.52 31.53 31.53 31.51 31.46 31.32 31.01 30.69 30.27 29.93 29.73 29.99 30.43 30.7 30.85 31 30.97 30.75 30.62 30.48 30.3 30.08 29.86
29.58 29.43 29.49 29.56 29.59 29.9 30.28 30.61 30.81 30.96 31.07 31.11 31.11 31.09 31.05 30.99 30.91 30.74 30.53 30.35 30.17 29.88 29.75 29.86 30.24 30.67 30.96 31.11 31.22 31.28 31.28 31.24 31.11 30.91 30.9 31.18 31.33 31.4 31.43 31.45 31.46 31.47 31.47 31.47 31.48 31.48 31.48 31.49 31.49 31.5 31.5 31.51 31.51 31.51 31.52 31.52 31.52 31.47 31.36 31.19 30.9 30.57 30.28 29.98 29.85 30.05 30.41 30.65 30.82 31.06 31.21 31.01 30.78 30.61 30.42 30.2 30.08
29.75 29.66 29.87 29.88 29.77 30.04 30.41 30.73 30.88 30.96 31 30.98 30.96 30.93 30.91 30.87 30.81 30.72 30.54 30.39 30.19 29.91 29.83 30.04 30.42 30.73 30.8 30.8 31.03 31.14 31.13 31.07 30.86 30.71 30.93 31.21 31.35 31.4 31.42 31.44 31.45 31.46 31.46 31.47 31.47 31.48 31.48 31.48 31.49 31.49 31.5 31.5 31.51 31.51 31.51 31.52 31.5 31.39 31.13 30.94 30.78 30.57 30.27 30.11 30.09 30.23 30.52 30.74 30.92 31.12 31.32 31.23 31.07 30.84 30.62 30.4 30.36
30.05 29.94 30.15 30.05 29.83 29.95 30.36 30.7 30.83 30.88 30.89 30.83 30.77 30.74 30.72 30.62 30.59 30.66 30.53 30.32 30.05 29.82 29.85 30.07 30.35 30.5 30.44 30.38 30.78 30.93 30.89 30.83 30.63 30.61 30.97 31.22 31.33 31.36 31.39 31.42 31.44 31.45 31.45 31.46 31.47 31.47 31.47 31.48 31.48 31.49 31.49 31.5 31.5 31.51 31.51 31.51 31.5 31.41 31.14 30.93 30.8 30.61 30.41 30.37 30.31 30.38 30.63 30.84 31.04 31.22 31.37 31.32 31.09 30.79 30.59 30.46 30.5
30.31 30.22 30.37 30.23 30.01 29.97 30.25 30.58 30.72 30.77 30.78 30.72 30.58 30.49 30.51 30.34 30.38 30.52 30.39 30.16 29.84 29.63 29.73 29.88 30.03 30.13 30.11 30.11 30.51 30.59 30.45 30.43 30.45 30.71 31.02 31.17 31.23 31.26 31.3 31.38 31.42 31.44 31.44 31.45 31.46 31.46 31.47 31.47 31.48 31.48 31.49 31.49 31.49 31.5 31.51 31.51 31.51 31.49 31.38 31.14 30.9 30.7 30.59 30.51 30.38 30.38 30.62 30.84 31.06 31.26 31.4 31.38 31.16 30.86 30.66 30.53 30.56
30.64 30.58 30.62 30.47 30.27 30.08 30.18 30.44 30.58 30.64 30.67 30.66 30.49 30.26 30.28 30.16 30.25 30.34 30.21 30.01 29.66 29.43 29.55 29.7 29.82 29.89 29.9 29.92 30.14 30.17 30.01 30.07 30.38 30.7 30.88 30.94 30.97 30.99 31.1 31.29 31.39 31.41 31.4 31.4 31.43 31.45 31.46 31.47 31.47 31.48 31.48 31.49 31.49 31.49 31.5 31.51 31.51 31.5 31.45 31.26 30.93 30.76 30.7 30.58 30.45 30.47 30.68 30.95 31.19 31.36 31.43 31.4 31.23 30.97 30.77 30.64 30.59
30.95 30.86 30.77 30.58 30.31 30.03 30.04 30.27 30.41 30.48 30.51 30.55 30.47 30.2 30.05 29.91 30.07 30.06 29.98 29.68 29.39 29.25 29.4 29.61 29.79 29.86 29.81 29.79 29.9 29.92 29.82 29.89 30.16 30.39 30.5 30.53 30.55 30.61 30.9 31.22 31.35 31.35 31.26 31.2 31.35 31.4 31.45 31.46 31.47 31.47 31.48 31.48 31.48 31.49 31.49 31.5 31.51 31.5 31.46 31.29 30.93 30.79 30.78 30.65 30.58 30.62 30.74 31.06 31.35 31.46 31.41 31.27 31.1 30.91 30.85 30.78 30.68
31.05 30.88 30.69 30.49 30.22 29.83 29.77 29.96 30.17 30.27 30.27 30.36 30.39 30.14 29.72 29.45 29.55 29.48 29.42 29.12 29.03 29.09 29.36 29.66 29.89 30.01 29.9 29.85 29.95 29.98 29.95 30.01 30.17 30.29 30.32 30.34 30.31 30.52 30.91 31.15 31.24 31.21 31.04 30.96 31.12 31.25 31.4 31.45 31.46 31.47 31.47 31.48 31.48 31.49 31.49 31.5 31.5 31.5 31.48 31.33 30.96 30.85 30.82 30.72 30.77 30.78 30.77 31.05 31.38 31.48 31.38 31.2 30.97 30.92 30.99 30.92 30.82
30.99 30.75 30.48 30.24 29.94 29.54 29.39 29.57 29.81 30.03 29.98 30.12 30.27 30.03 29.45 28.88 28.85 28.89 28.87 28.89 29.06 29.29 29.6 29.84 30.03 30.19 30.07 30.06 30.18 30.22 30.18 30.29 30.45 30.46 30.44 30.54 30.53 30.58 30.77 30.92 30.98 30.98 30.91 30.99 31.25 31.35 31.43 31.45 31.46 31.46 31.47 31.47 31.48 31.48 31.49 31.49 31.5 31.5 31.48 31.34 31.04 30.92 30.83 30.8 30.92 30.95 30.81 30.99 31.35 31.49 31.44 31.28 30.99 31.03 31.18 31.18 31.12
30.94 30.78 30.59 30.31 29.78 29.38 29.2 29.16 29.51 29.84 29.75 29.96 30.13 29.94 29.37 28.67 28.5 28.61 28.73 29 29.39 29.69 29.94 30.11 30.22 30.33 30.32 30.46 30.42 30.45 30.37 30.44 30.65 30.76 30.65 30.75 30.82 30.7 30.59 30.67 30.89 31.09 31.17 31.26 31.38 31.42 31.44 31.45 31.45 31.46 31.46 31.47 31.47 31.48 31.48 31.49 31.49 31.5 31.49 31.4 31.12 30.95 30.91 31.02 31.09 31.07 30.86 30.93 31.26 31.47 31.49 31.34 31.06 31.18 31.4 31.46 31.47
30.78 30.72 30.56 30.25 29.8 29.38 29.09 28.87 29.35 29.53 29.4 29.7 29.91 29.76 29.25 28.66 28.5 28.65 28.9 29.25 29.63 29.94 30.07 30.16 30.34 30.5 30.62 30.8 30.82 30.9 30.84 30.68 30.77 31.01 30.86 30.9 31.03 30.9 30.75 30.93 31.18 31.3 31.35 31.38 31.42 31.43 31.43 31.44 31.45 31.45 31.46 31.46 31.47 31.47 31.48 31.48 31.49 31.5 31.49 31.44 31.24 31.08 31.14 31.31 31.3 31.16 30.92 30.96 31.28 31.49 31.53 31.44 31.33 31.47 31.53 31.55 31.57
30.51 30.54 30.46 30.18 29.77 29.29 28.88 28.58 28.94 28.98 29.06 29.41 29.6 29.41 29.05 28.81 28.91 29.06 29.29 29.56 29.7 29.63 29.56 29.68 30.1 30.44 30.58 30.8 30.95 31.03 31.09 31.01 31.02 31.16 31.14 31.1 31.17 31.09 31.04 31.2 31.33 31.38 31.39 31.41 31.42 31.42 31.43 31.43 31.44 31.45 31.45 31.46 31.46 31.47 31.47 31.48 31.48 31.48 31.44 31.39 31.36 31.37 31.43 31.47 31.45 31.34 31.22 31.27 31.44 31.53 31.55 31.53 31.51 31.55 31.56 31.57 31.57
30.14 30.27 30.29 30.09 29.76 29.35 28.75 28.34 28.59 28.54 28.84 29.14 29.17 29.01 28.89 28.94 29.23 29.4 29.53 29.6 29.36 29.12 29.08 29.34 29.82 30.12 30.25 30.46 30.68 30.84 31.07 31.16 31.2 31.25 31.27 31.27 31.29 31.29 31.29 31.34 31.38 31.39 31.4 31.4 31.41 31.41 31.42 31.43 31.43 31.44 31.45 31.45 31.46 31.46 31.47 31.47 31.48 31.46 31.37 31.32 31.39 31.46 31.5 31.51 31.51 31.49 31.48 31.49 31.53 31.54 31.55 31.55 31.55 31.56 31.56 31.57 31.57
29.67 29.81 29.93 29.89 29.65 29.3 28.68 28.26 28.33 28.41 28.73 28.92 28.87 28.79 28.86 29.01 29.22 29.24 29.24 29.19 28.88 28.76 28.85 29.12 29.42 29.69 29.95 30.26 30.47 30.65 30.92 31.08 31.13 31.17 31.25 31.29 31.32 31.34 31.35 31.37 31.37 31.38 31.39 31.4 31.4 31.41 31.41 31.42 31.43 31.43 31.44 31.45 31.45 31.46 31.46 31.47 31.48 31.48 31.46 31.45 31.47 31.5 31.51 31.51 31.52 31.52 31.53 31.53 31.54 31.54 31.54 31.55 31.55 31.56 31.56 31.56 31.57
29.3 29.2 29.33 29.43 29.21 28.96 28.49 28.13 28.13 28.27 28.55 28.63 28.55 28.63 28.82 28.9 28.82 28.62 28.44 28.53 28.62 28.8 29.03 29.18 29.25 29.43 29.75 30.1 30.33 30.53 30.73 30.84 30.87 30.89 31.09 31.19 31.26 31.3 31.33 31.36 31.36 31.37 31.39 31.39 31.4 31.4 31.41 31.41 31.42 31.43 31.44 31.44 31.45 31.45 31.46 31.46 31.47 31.48 31.48 31.49 31.49 31.5 31.5 31.51 31.51 31.52 31.52 31.53 31.53 31.54 31.54 31.55 31.55 31.55 31.56 31.56 31.56
28.85 28.63 28.75 28.85 28.64 28.41 28.28 28.16 28.19 28.29 28.36 28.24 28.2 28.33 28.37 28.13 28.01 27.96 27.85 28.13 28.48 28.82 29.17 29.42 29.5 29.61 29.73 29.93 30.2 30.42 30.55 30.58 30.59 30.56 30.73 30.89 31.03 31.12 31.23 31.31 31.34 31.35 31.37 31.39 31.39 31.4 31.4 31.41 31.42 31.42 31.43 31.43 31.44 31.45 31.46 31.46 31.47 31.47 31.48 31.48 31.49 31.5 31.5 31.51 31.51 31.52 31.52 31.52 31.53 31.54 31.54 31.54 31.55 31.55 31.56 31.56 31.56
28.42 28.41 28.58 28.61 28.43 28.35 28.4 28.42 28.47 28.47 28.36 28.11 27.94 27.87 27.78 27.55 27.47 27.51 27.69 28.04 28.36 28.69 29.09 29.47 29.68 29.8 29.94 30.01 30.05 30.14 30.26 30.3 30.33 30.31 30.35 30.53 30.66 30.81 31.04 31.2 31.26 31.27 31.31 31.35 31.38 31.39 31.4 31.4 31.41 31.42 31.42 31.43 31.44 31.45 31.45 31.46 31.46 31.47 31.47 31.48 31.48 31.49 31.5 31.5 31.51 31.51 31.52 31.52 31.53 31.53 -9999 31.54 31.55 31.55 31.55 -9999 -9999
28.22 28.4 28.66 28.72 28.62 28.67 28.69 28.71 28.73 28.61 28.5 28.33 27.92 27.51 27.34 27.16 27.22 27.34 27.6 27.94 28.21 28.5 28.85 29.21 29.43 29.59 29.92 30.15 30.18 30.13 30.18 30.21 30.25 30.24 30.24 30.31 30.34 30.54 30.77 30.93 31.04 31.01 31.09 31.22 31.34 31.38 31.39 31.4 31.41 31.41 31.42 31.42 31.43 31.44 31.45 31.45 31.46 31.46 31.47 31.48 31.48 31.49 31.49 31.5 31.5 31.51 31.52 31.52 31.52 -9999 -9999 -9999 31.54 -9999 -9999 -9999 -9999
28.11 28.41 28.72 28.87 28.89 28.95 28.98 28.98 28.91 28.72 28.63 28.62 28.33 27.87 27.57 27.15 27.35 27.49 27.73 28.1 28.25 28.38 28.67 28.94 29.02 29.32 29.72 30.08 30.32 30.4 30.43 30.45 30.45 30.47 30.47 30.45 30.39 30.43 30.5 30.62 30.74 30.79 30.94 31.15 31.32 31.37 31.39 31.39 31.4 31.41 31.42 31.42 31.43 -9999 -9999 -9999 -9999 31.46 31.47 31.48 31.48 -9999 -9999 -9999 -9999 31.51 -9999 -9999 -9999 -9999 -9999 -9999 -9999 -9999 -9999 -9999 -9999
28.17 28.51 28.77 28.93 29.05 29.15 29.21 29.19 29.03 28.86 28.79 28.88 28.82 28.46 28.12 27.59 27.66 27.73 28.06 28.48 28.6 28.58 28.79 29.09 29.17 29.35 29.59 29.81 30.05 30.27 30.46 30.61 30.68 30.75 30.81 30.77 30.72 30.62 30.53 30.5 30.59 30.71 30.96 31.23 31.34 31.37 31.38 31.39 31.4 31.4 -9999 -9999 -9999 -9999 -9999 -9999 -9999 -9999 -9999 -9999 -9999 -9999 -9999 -9999 -9999 -9999 -9999 -9999 -9999 -9999 -9999 -9999 -9999 -9999 -9999 -9999 -9999
28.26 28.43 28.52 28.71 29 29.2 29.34 29.35 29.22 29.16 29.07 29.17 29.1 28.91 28.57 28.13 28.04 27.9 28.35 28.75 28.95 29 29.09 29.34 29.6 29.77 29.84 29.88 29.92 30.02 30.16 30.38 30.54 30.77 31.02 31.06 31.04 30.93 30.78 30.67 30.71 30.78 30.99 31.27 31.35 31.36 31.37 31.38 31.39 31.4 -9999 -9999 -9999 -9999 -9999 -9999 -9999 -9999 -9999 -9999 -9999 -9999 -9999 -9999 -9999 -9999 -9999 -9999 -9999 -9999 -9999 -9999 -9999 -9999 -9999 -9999 -9999
28.15 28.19 28.26 28.6 28.98 29.27 29.45 29.57 29.51 29.43 29.43 29.53 29.36 29.08 28.67 28.44 28.49 28.35 28.63 28.95 29.22 29.4 29.51 29.66 29.87 30.15 30.27 30.29 30.26 30.25 30.25 30.19 30.19 30.49 30.9 31.13 31.19 31.15 31.05 30.92 30.94 30.99 31.14 31.3 31.35 31.35 31.36 31.38 31.38 -9999 -9999 -9999 -9999 -9999 -9999 -9999 -9999 -9999 -9999 -9999 -9999 -9999 -9999 -9999 -9999 -9999 -9999 -9999 -9999 -9999 -9999 -9999 -9999 -9999 -9999 -9999 -9999
28 28.05 28.18 28.46 28.85 29.2 29.42 29.63 29.76 29.78 29.81 29.76 29.48 29.11 28.75 28.72 28.77 28.57 28.77 28.98 29.18 29.4 29.6 29.75 29.94 30.15 30.34 30.55 30.64 30.64 30.59 30.48 30.28 30.38 30.71 31.07 31.22 31.26 31.24 31.18 31.16 31.18 31.26 31.33 31.34 31.35 31.36 31.37 31.38 -9999 -9999 -9999 -9999 -9999 -9999 -9999 -9999 -9999 -9999 -9999 -9999 -9999 -9999 -9999 -9999 -9999 -9999 -9999 -9999 -9999 -9999 -9999 -9999 -9999 -9999 -9999 -9999
28.03 28.09 28.2 28.47 28.84 29.15 29.35 29.58 29.87 30.08 30.06 29.87 29.52 29.15 28.81 28.82 28.89 28.77 28.8 28.92 29.05 29.2 29.36 29.49 29.64 29.74 30.04 30.45 30.75 30.9 30.9 30.78 30.59 30.57 30.76 30.99 31.21 31.27 31.28 31.27 31.27 31.27 31.31 31.33 31.34 31.35 31.35 31.36 -9999 -9999 -9999 -9999 -9999 -9999 -9999 -9999 -9999 -9999 -9999 -9999 -9999 -9999 -9999 -9999 -9999 -9999 -9999 -9999 -9999 -9999 -9999 -9999 -9999 -9999 -9999 -9999 -9999
28.36 28.34 28.25 28.37 28.73 29.12 29.39 29.64 29.93 30.19 30.13 29.88 29.58 29.21 28.9 28.88 29 29.03 29.11 29.2 29.25 29.37 29.54 29.67 29.67 29.62 29.83 30.17 30.55 30.87 31.03 31.02 30.88 30.95 31.05 31.05 31.21 31.27 31.28 31.29 31.29 31.3 31.32 31.32 31.33 31.34 31.35 -9999 -9999 -9999 -9999 -9999 -9999 -9999 -9999 -9999 -9999 -9999 -9999 -9999 -9999 -9999 -9999 -9999 -9999 -9999 -9999 -9999 -9999 -9999 -9999 -9999 -9999 -9999 -9999 -9999 -9999
28.73 28.64 28.46 28.53 28.72 28.93 29.21 29.56 30.03 30.34 30.27 29.99 29.52 29.15 28.98 28.98 29.02 29.06 29.27 29.42 29.4 29.5 29.74 29.95 29.96 29.86 29.91 30.1 30.4 30.71 31.01 31.13 31.12 31.17 31.2 31.2 31.24 31.26 31.27 31.28 31.29 31.3 31.31 31.32 31.33 31.33 31.34 -9999 -9999 -9999 -9999 -9999 -9999 -9999 -9999 -9999 -9999 -9999 -9999 -9999 -9999 -9999 -9999 -9999 -9999 -9999 -9999 -9999 -9999 -9999 -9999 -9999 -9999 -9999 -9999 -9999 -9999
29 28.87 28.75 28.91 29.04 29.08 29.27 29.51 30.11 30.44 30.25 29.82 29.29 29.04 29.08 29.15 29.1 29.03 29.26 29.52 29.55 29.56 29.76 30.05 30.2 30.16 30.14 30.28 30.47 30.68 30.99 31.16 31.2 31.22 31.23 31.23 31.24 31.26 31.27 31.27 31.28 31.29 31.31 31.31 31.32 31.33 -9999 -9999 -9999 -9999 -9999 -9999 -9999 -9999 -9999 -9999 -9999 -9999 -9999 -9999 -9999 -9999 -9999 -9999 -9999 -9999 -9999 -9999 -9999 -9999 -9999 -9999 -9999 -9999 -9999 -9999 -9999
