ASPA-UH-SWB2_REPO/input/Gridded_temps/prism_tmax_tutuila_30yr_normal_07.asc
ncols         350
nrows         200
xllcorner     515000
yllcorner     8409000
cellsize      100
NODATA_value  -9999
[rows 105 to 139 of 200, columns 0 to 76 of 350]
-9999 -9999 -9999 -9999 -9999 -9999 -9999 -9999 -9999 -9999 -9999 -9999 -9999 -9999 -9999 -9999 -9999 -9999 -9999 -9999 -9999 -9999 -9999 -9999 -9999 -9999 -9999 -9999 -9999 29.33 29.33 29.34 29.34 29.34 29.34 29.35 29.35 29.33 29.23 29 28.84 28.72 28.6 28.46 28.27 28.28 28.58 28.69 28.79 29.06 29.18 29.17 29.08 28.87 28.62 28.4 28.21 28.02 27.8 27.65 27.5 27.3 27.14 27.04 27.04 26.96 27 27.1 27.08 26.9 26.84 26.87 26.85 26.93 27.18 27.33 27.37
-9999 -9999 -9999 -9999 -9999 -9999 -9999 -9999 -9999 -9999 -9999 -9999 -9999 -9999 -9999 -9999 -9999 -9999 -9999 -9999 -9999 -9999 -9999 -9999 -9999 -9999 -9999 -9999 29.33 29.33 29.34 29.34 29.34 29.35 29.35 29.35 29.33 29.29 29.2 28.99 28.79 28.66 28.56 28.45 28.3 28.18 28.28 28.33 28.48 28.86 29.04 29.07 29.08 29.04 28.94 28.81 28.63 28.4 28.21 28.07 27.87 27.65 27.47 27.28 27.27 27.18 27.13 27.19 27.21 27.02 27 26.98 26.86 26.93 27.12 27.21 27.28
-9999 -9999 -9999 -9999 -9999 -9999 -9999 -9999 -9999 -9999 -9999 -9999 -9999 -9999 -9999 -9999 -9999 -9999 -9999 -9999 -9999 -9999 -9999 -9999 -9999 -9999 -9999 29.33 29.33 29.34 29.34 29.34 29.34 29.34 29.3 29.29 29.26 29.15 29.12 29.09 28.99 28.86 28.73 28.52 28.3 28.11 28.04 28.04 28.28 28.67 28.78 28.84 28.88 28.88 28.86 28.85 28.8 28.66 28.56 28.44 28.24 28 27.78 27.41 27.43 27.43 27.41 27.4 27.34 27.2 27.17 27.03 26.84 26.84 26.94 27.03 27.16
-9999 -9999 -9999 -9999 -9999 -9999 -9999 -9999 -9999 -9999 -9999 -9999 -9999 -9999 -9999 -9999 -9999 -9999 -9999 -9999 -9999 -9999 -9999 -9999 -9999 -9999 29.33 29.33 29.33 29.34 29.34 29.33 29.3 29.23 29.13 29.14 29.18 29.03 28.94 28.98 28.95 28.91 28.83 28.65 28.38 28.12 27.96 27.91 28.09 28.39 28.51 28.59 28.58 28.5 28.47 28.59 28.7 28.69 28.62 28.56 28.46 28.16 27.86 27.58 27.59 27.62 27.6 27.54 27.45 27.35 27.2 26.98 26.82 26.78 26.81 26.86 26.98
-9999 -9999 -9999 -9999 -9999 -9999 -9999 -9999 -9999 -9999 -9999 -9999 -9999 -9999 -9999 -9999 -9999 -9999 -9999 -9999 -9999 -9999 -9999 -9999 -9999 29.33 29.33 29.33 29.34 29.34 29.32 29.27 29.14 29.01 28.95 29.02 29.11 29.01 28.84 28.8 28.82 28.84 28.78 28.69 28.57 28.29 28.06 27.89 27.88 28.08 28.25 28.34 28.26 28.07 28.01 28.24 28.44 28.48 28.33 28.3 28.37 28.17 27.9 27.75 27.72 27.7 27.62 27.52 27.42 27.28 27.1 26.91 26.8 26.78 26.77 26.78 26.82
-9999 -9999 -9999 -9999 -9999 -9999 -9999 -9999 -9999 -9999 -9999 -9999 -9999 -9999 -9999 -9999 -9999 -9999 -9999 -9999 -9999 -9999 -9999 -9999 29.33 29.33 29.33 29.34 29.34 29.31 29.23 29.11 28.92 28.83 28.83 28.93 29.02 28.98 28.82 28.68 28.66 28.74 28.71 28.63 28.56 28.38 28.18 27.93 27.75 27.79 27.98 28.1 28.02 27.81 27.78 27.99 28.22 28.24 28.03 28.07 28.28 28.28 28.13 27.91 27.77 27.67 27.57 27.44 27.31 27.15 26.98 26.87 26.82 26.82 26.81 26.8 26.78
-9999 -9999 -9999 -9999 -9999 -9999 -9999 -9999 -9999 -9999 -9999 -9999 -9999 -9999 -9999 -9999 -9999 -9999 -9999 -9999 -9999 -9999 -9999 -9999 29.33 29.33 29.34 29.34 29.34 29.25 29.02 28.91 28.8 28.71 28.7 28.77 28.85 28.89 28.77 28.58 28.48 28.55 28.6 28.54 28.48 28.39 28.26 28.02 27.76 27.63 27.68 27.8 27.77 27.62 27.63 27.83 28.04 28.05 27.86 27.9 28.09 28.15 28.09 27.85 27.66 27.56 27.48 27.38 27.23 27.08 26.96 26.91 26.9 26.91 26.9 26.86 26.81
-9999 -9999 -9999 -9999 -9999 -9999 -9999 -9999 -9999 -9999 -9999 -9999 -9999 -9999 -9999 -9999 -9999 -9999 -9999 -9999 -9999 -9999 -9999 -9999 29.33 29.34 29.34 29.34 29.34 29.24 28.94 28.79 28.7 28.6 28.54 28.55 28.66 28.76 28.68 28.49 28.33 28.32 28.42 28.42 28.33 28.27 28.25 28.1 27.83 27.6 27.47 27.45 27.43 27.36 27.43 27.64 27.81 27.79 27.67 27.73 27.85 27.86 27.82 27.72 27.55 27.41 27.34 27.3 27.2 27.07 26.99 26.97 26.99 26.98 26.95 26.9 26.83
-9999 -9999 -9999 -9999 -9999 -9999 -9999 -9999 -9999 -9999 -9999 -9999 -9999 -9999 -9999 -9999 -9999 -9999 -9999 -9999 -9999 -9999 -9999 -9999 29.34 29.34 29.34 29.34 29.34 29.27 29.04 28.82 28.66 28.53 28.42 28.36 28.46 28.59 28.59 28.46 28.29 28.15 28.17 28.22 28.14 28.03 28.02 28.02 27.87 27.66 27.46 27.29 27.18 27.13 27.19 27.34 27.45 27.43 27.43 27.53 27.61 27.59 27.63 27.64 27.52 27.35 27.23 27.16 27.1 27.02 26.97 26.99 27.05 27.01 26.94 26.88 26.83
-9999 -9999 -9999 -9999 -9999 -9999 -9999 -9999 -9999 -9999 -9999 -9999 -9999 -9999 -9999 29.31 -9999 -9999 -9999 -9999 -9999 -9999 29.33 29.34 29.34 29.34 29.34 29.35 29.34 29.29 29.16 28.95 28.73 28.63 28.47 28.3 28.28 28.36 28.4 28.37 28.25 28.05 27.97 28.03 27.99 27.87 27.78 27.78 27.78 27.68 27.5 27.26 27.08 27.02 27.06 27.14 27.21 27.25 27.32 27.44 27.5 27.47 27.5 27.54 27.49 27.33 27.18 27.07 27.02 26.99 26.98 27.03 27.11 27.05 26.95 26.87 26.85
-9999 -9999 -9999 -9999 -9999 -9999 -9999 -9999 -9999 -9999 -9999 -9999 -9999 -9999 -9999 29.31 29.32 -9999 29.32 29.33 29.33 29.33 29.33 29.33 29.34 29.34 29.35 29.35 29.34 29.28 29.17 29.04 28.9 28.81 28.65 28.41 28.28 28.23 28.17 28.18 28.1 27.93 27.83 27.87 27.87 27.79 27.68 27.59 27.57 27.52 27.38 27.17 27.03 27.01 27.07 27.14 27.2 27.3 27.44 27.55 27.57 27.49 27.43 27.41 27.37 27.26 27.15 27.09 27.11 27.15 27.17 27.19 27.24 27.19 27.05 26.98 26.94
-9999 -9999 -9999 -9999 -9999 -9999 -9999 -9999 -9999 -9999 -9999 -9999 -9999 -9999 29.31 29.32 29.32 29.32 29.32 29.33 29.33 29.33 29.33 29.34 29.34 29.35 29.35 29.35 29.34 29.24 29.12 29.06 28.95 28.87 28.77 28.61 28.43 28.23 28.07 28.01 27.95 27.84 27.75 27.74 27.74 27.68 27.58 27.46 27.36 27.3 27.21 27.11 27.09 27.14 27.17 27.22 27.3 27.44 27.6 27.68 27.63 27.51 27.39 27.35 27.35 27.34 27.31 27.31 27.38 27.47 27.48 27.48 27.48 27.5 27.34 27.19 27.09
-9999 -9999 -9999 -9999 -9999 -9999 -9999 -9999 -9999 -9999 -9999 -9999 -9999 29.31 29.31 29.32 29.32 29.32 29.32 29.33 29.33 29.33 29.34 29.34 29.34 29.35 29.35 29.35 29.31 29.17 29 28.93 28.82 28.72 28.67 28.6 28.55 28.38 28.19 28.01 27.89 27.78 27.67 27.62 27.63 27.61 27.54 27.39 27.25 27.24 27.28 27.28 27.31 27.38 27.38 27.38 27.48 27.62 27.73 27.73 27.58 27.44 27.38 27.51 27.61 27.6 27.55 27.59 27.63 27.7 27.74 27.78 27.74 27.75 27.59 27.35 27.26
-9999 -9999 -9999 -9999 -9999 -9999 -9999 -9999 -9999 -9999 -9999 -9999 29.31 29.31 29.31 29.32 29.32 29.32 29.33 29.33 29.33 29.33 29.34 29.34 29.34 29.35 29.35 29.33 29.24 29.01 28.84 28.76 28.66 28.52 28.42 28.39 28.44 28.41 28.22 28.01 27.88 27.77 27.64 27.55 27.56 27.65 27.65 27.48 27.36 27.42 27.54 27.56 27.6 27.7 27.66 27.61 27.73 27.82 27.87 27.79 27.64 27.54 27.39 27.55 27.8 27.82 27.8 27.91 27.91 27.89 27.94 28.05 28 27.92 27.77 27.59 27.47
-9999 -9999 -9999 -9999 -9999 -9999 -9999 -9999 -9999 -9999 -9999 29.31 29.31 29.31 29.32 29.32 29.32 29.32 29.33 29.33 29.33 29.34 29.33 29.32 29.31 29.31 29.32 29.27 29.12 28.87 28.73 28.64 28.5 28.3 28.18 28.16 28.25 28.31 28.17 28.02 27.94 27.84 27.69 27.57 27.57 27.69 27.77 27.65 27.53 27.61 27.77 27.85 27.89 28 27.93 27.89 27.97 28.04 28 27.84 27.78 27.81 27.64 27.65 27.94 28.07 28 28.17 28.16 28.06 28.11 28.26 28.19 28.03 27.83 27.66 27.58
-9999 -9999 -9999 -9999 -9999 -9999 -9999 -9999 -9999 -9999 29.31 29.31 29.31 29.31 29.32 29.32 29.32 29.33 29.33 29.32 29.32 29.31 29.27 29.18 29.09 29.11 29.15 29.14 29 28.76 28.64 28.57 28.46 28.29 28.15 28.12 28.21 28.26 28.16 28.05 27.98 27.87 27.74 27.69 27.69 27.76 27.87 27.8 27.75 27.85 28 28.16 28.19 28.28 28.21 28.25 28.26 28.25 28.06 27.86 27.96 28.07 27.94 27.8 28 28.25 28.27 28.35 28.34 28.3 28.32 28.39 28.24 28.02 27.85 27.74 27.71
-9999 -9999 -9999 -9999 -9999 -9999 -9999 -9999 -9999 -9999 29.31 29.31 29.31 29.32 29.32 29.32 29.32 29.32 29.31 29.26 29.18 29.14 29.05 28.86 28.67 28.72 28.82 28.87 28.77 28.61 28.57 28.6 28.58 28.46 28.33 28.37 28.43 28.37 28.18 28.02 27.94 27.85 27.8 27.85 27.89 27.89 27.99 27.95 27.9 28.04 28.17 28.37 28.45 28.52 28.49 28.6 28.54 28.38 28.09 27.93 28.09 28.25 28.12 27.94 28.03 28.34 28.5 28.52 28.52 28.6 28.59 28.52 28.29 28 27.85 27.81 27.82
-9999 -9999 -9999 -9999 -9999 -9999 -9999 -9999 -9999 -9999 29.31 29.31 29.31 29.32 29.32 29.32 29.29 29.26 29.28 29.22 29.03 28.8 28.74 28.64 28.51 28.51 28.61 28.69 28.65 28.59 28.68 28.8 28.78 28.62 28.53 28.63 28.67 28.58 28.34 28.13 27.99 27.93 27.91 27.99 28.05 28 28.1 28.05 28.03 28.22 28.34 28.51 28.67 28.77 28.79 28.79 28.66 28.45 28.18 28.01 28.12 28.33 28.29 28.11 28.08 28.31 28.54 28.68 28.74 28.81 28.72 28.51 28.24 28 27.88 27.9 27.9
-9999 -9999 -9999 -9999 -9999 -9999 -9999 -9999 -9999 -9999 29.31 29.31 29.32 29.32 29.32 29.31 29.23 29.1 29.26 29.3 29.14 28.83 28.85 28.85 28.67 28.55 28.67 28.81 28.82 28.76 28.89 29.04 29.01 28.89 28.82 28.85 28.84 28.74 28.49 28.29 28.12 28.02 27.97 28.07 28.17 28.09 28.19 28.17 28.15 28.33 28.5 28.64 28.88 29.04 29.04 28.85 28.67 28.5 28.29 28.11 28.18 28.41 28.46 28.26 28.15 28.28 28.52 28.76 28.89 28.93 28.75 28.46 28.23 28.04 27.96 28.01 28
-9999 -9999 -9999 -9999 -9999 -9999 -9999 -9999 -9999 -9999 -9999 29.31 29.32 29.32 29.32 29.32 29.26 29.15 29.28 29.33 29.28 29.16 29.2 29.21 29.04 28.84 28.89 29.01 29.04 29.02 29.12 29.21 29.22 29.18 29.11 29.05 28.98 28.86 28.63 28.41 28.27 28.13 28.05 28.2 28.31 28.21 28.29 28.32 28.28 28.36 28.59 28.83 29.09 29.26 29.2 28.95 28.81 28.64 28.43 28.25 28.29 28.51 28.62 28.47 28.29 28.3 28.47 28.71 28.94 29.03 28.85 28.53 28.32 28.17 28.1 28.15 28.16
-9999 -9999 -9999 -9999 -9999 -9999 -9999 -9999 -9999 -9999 -9999 -9999 29.32 29.32 29.32 29.33 29.32 29.31 29.33 29.34 29.33 29.32 29.33 29.33 29.26 29.16 29.16 29.19 29.23 29.26 29.3 29.33 29.34 29.32 29.27 29.19 29.05 28.89 28.68 28.46 28.39 28.28 28.22 28.36 28.47 28.35 28.36 28.47 28.47 28.47 28.64 28.95 29.24 29.38 29.35 29.21 29.12 28.85 28.6 28.47 28.49 28.64 28.76 28.69 28.47 28.35 28.46 28.67 28.95 29.1 28.94 28.61 28.43 28.31 28.27 28.32 28.32
-9999 -9999 -9999 -9999 -9999 -9999 -9999 -9999 -9999 -9999 -9999 -9999 -9999 29.32 29.32 29.33 29.33 29.33 29.34 29.34 29.34 29.35 29.35 29.35 29.34 29.32 29.32 29.32 29.34 29.37 29.37 29.37 29.37 29.36 29.33 29.24 29.04 28.82 28.62 28.47 28.48 28.4 28.39 28.52 28.6 28.48 28.42 28.58 28.69 28.67 28.74 29.03 29.32 29.44 29.45 29.42 29.37 29.13 28.84 28.75 28.74 28.79 28.89 28.85 28.69 28.5 28.51 28.69 28.97 29.16 29.03 28.72 28.56 28.48 28.47 28.49 28.43
-9999 -9999 -9999 -9999 -9999 -9999 -9999 -9999 -9999 -9999 -9999 -9999 -9999 -9999 29.32 29.33 29.33 29.34 29.34 29.34 29.35 29.35 29.35 29.36 29.36 29.36 29.37 29.36 29.38 29.38 29.38 29.39 29.39 29.38 29.33 29.2 29 28.77 28.56 28.52 28.58 28.48 28.5 28.64 28.72 28.63 28.53 28.65 28.84 28.88 28.88 29.12 29.37 29.47 29.49 29.49 29.47 29.35 29.15 29.03 28.94 28.92 28.99 28.99 28.89 28.7 28.61 28.71 28.93 29.18 29.17 28.92 28.72 28.68 28.69 28.61 28.46
-9999 -9999 -9999 -9999 -9999 -9999 -9999 -9999 -9999 -9999 -9999 -9999 -9999 -9999 -9999 29.33 29.33 29.34 29.34 29.34 29.35 29.35 29.35 29.36 29.36 29.37 29.37 29.37 29.38 29.38 29.39 29.39 29.39 29.39 29.32 29.1 28.9 28.77 28.68 28.68 28.68 28.56 28.62 28.74 28.84 28.77 28.66 28.78 29.01 29.12 29.18 29.33 29.45 29.49 29.5 29.51 29.51 29.47 29.4 29.27 29.06 28.98 29.05 29.12 29.04 28.86 28.74 28.77 28.88 29.12 29.28 29.11 28.87 28.86 28.79 28.61 28.46
-9999 -9999 -9999 -9999 -9999 -9999 -9999 -9999 -9999 -9999 -9999 -9999 -9999 -9999 -9999 29.33 29.33 29.34 29.34 -9999 29.35 29.35 29.35 29.36 29.36 29.37 29.37 29.38 29.38 29.38 29.39 29.39 29.4 29.39 29.33 29.26 29.18 29.13 28.99 28.86 28.74 28.63 28.7 28.83 28.94 28.89 28.78 28.91 29.17 29.33 29.41 29.46 29.49 29.5 29.51 29.51 29.51 29.51 29.48 29.37 29.13 29.02 29.09 29.19 29.15 29.01 28.86 28.86 28.95 29.15 29.32 29.17 28.98 28.96 28.81 28.66 28.58
-9999 -9999 -9999 -9999 -9999 -9999 -9999 -9999 -9999 -9999 -9999 -9999 -9999 -9999 -9999 -9999 29.34 29.34 -9999 -9999 -9999 29.35 29.36 29.36 29.37 29.37 29.37 29.38 29.38 29.39 29.39 29.39 29.4 29.38 29.32 29.34 29.37 29.36 29.3 29.17 28.97 28.8 28.8 28.98 29.13 29.02 28.87 29 29.27 29.42 29.47 29.49 29.5 29.51 29.51 29.51 29.52 29.52 29.49 29.42 29.26 29.12 29.16 29.26 29.25 29.1 28.95 28.97 29.09 29.27 29.37 29.17 29.03 29.05 28.94 28.8 28.71
-9999 -9999 -9999 -9999 -9999 -9999 -9999 -9999 -9999 -9999 -9999 -9999 -9999 -9999 -9999 -9999 -9999 -9999 -9999 -9999 -9999 -9999 -9999 -9999 29.37 29.37 29.38 29.38 29.38 29.39 29.39 29.4 29.4 29.39 29.37 29.4 29.42 29.42 29.41 29.39 29.37 29.2 29.01 29.14 29.28 29.12 28.94 29.11 29.37 29.46 29.49 29.5 29.5 29.51 29.51 29.52 29.52 29.52 29.49 29.42 29.29 29.17 29.23 29.33 29.32 29.15 28.99 29.07 29.23 29.37 29.41 29.22 29.06 29.16 29.11 28.93 28.86
-9999 -9999 -9999 -9999 -9999 -9999 -9999 -9999 -9999 -9999 -9999 -9999 -9999 -9999 -9999 -9999 -9999 -9999 -9999 -9999 -9999 -9999 -9999 -9999 -9999 29.37 29.38 29.38 29.38 -9999 29.39 29.4 29.4 29.4 29.4 29.42 29.42 29.43 29.43 29.44 29.43 29.4 29.35 29.37 29.39 29.28 29.08 29.17 29.41 29.48 29.5 29.5 29.51 29.51 29.52 29.52 29.52 29.53 29.49 29.42 29.3 29.2 29.3 29.4 29.41 29.29 29.1 29.19 29.37 29.46 29.47 29.32 29.11 29.24 29.2 29.05 29.05
-9999 -9999 -9999 -9999 -9999 -9999 -9999 -9999 -9999 -9999 -9999 -9999 -9999 -9999 -9999 -9999 -9999 -9999 -9999 -9999 -9999 -9999 -9999 -9999 -9999 -9999 -9999 -9999 -9999 -9999 -9999 29.4 29.41 29.41 29.41 29.42 29.43 29.43 29.43 29.44 29.45 29.45 29.44 29.45 29.46 29.42 29.31 29.31 29.44 29.49 29.5 29.5 29.51 29.51 29.52 29.52 29.53 29.53 29.52 29.49 29.42 29.37 29.44 29.5 29.5 29.43 29.31 29.31 29.46 29.52 29.51 29.37 29.17 29.31 29.31 29.23 29.23
-9999 -9999 -9999 -9999 -9999 -9999 -9999 -9999 -9999 -9999 -9999 -9999 -9999 -9999 -9999 -9999 -9999 -9999 -9999 -9999 -9999 -9999 -9999 -9999 -9999 -9999 -9999 -9999 -9999 -9999 -9999 -9999 29.41 29.41 29.42 29.42 29.43 29.43 29.44 29.44 29.45 29.46 29.46 29.46 29.47 29.47 29.45 29.46 29.48 29.5 29.5 29.51 29.51 29.52 29.52 29.53 29.53 29.53 29.53 29.52 29.51 29.5 29.52 29.53 29.53 29.51 29.45 29.44 29.51 29.54 29.52 29.39 29.22 29.38 29.43 29.39 29.29
-9999 -9999 -9999 -9999 -9999 -9999 -9999 -9999 -9999 -9999 -9999 -9999 -9999 -9999 -9999 -9999 -9999 -9999 -9999 -9999 -9999 -9999 -9999 -9999 -9999 -9999 -9999 -9999 -9999 -9999 -9999 -9999 -9999 29.41 29.42 29.42 29.43 29.43 29.44 29.44 29.45 29.46 29.46 29.47 29.47 29.48 29.48 29.49 29.49 29.5 29.51 29.51 29.51 -9999 -9999 29.53 29.53 29.53 29.53 29.53 29.53 29.53 29.54 29.54 29.54 29.53 29.52 29.52 29.54 29.54 29.53 29.45 29.34 29.46 29.5 29.46 29.32
-9999 -9999 -9999 -9999 -9999 -9999 -9999 -9999 -9999 -9999 -9999 -9999 -9999 -9999 -9999 -9999 -9999 -9999 -9999 -9999 -9999 -9999 -9999 -9999 -9999 -9999 -9999 -9999 -9999 -9999 -9999 -9999 -9999 -9999 29.42 29.43 -9999 29.44 29.44 29.45 29.45 29.46 29.46 29.47 29.47 29.48 29.49 29.49 29.5 29.5 29.51 -9999 -9999 -9999 -9999 -9999 -9999 29.53 29.53 29.53 29.53 29.54 29.54 29.54 29.54 29.54 29.54 29.54 29.54 29.54 29.54 29.52 29.47 29.52 29.54 29.51 29.39
-9999 -9999 -9999 -9999 -9999 -9999 -9999 -9999 -9999 -9999 -9999 -9999 -9999 -9999 -9999 -9999 -9999 -9999 -9999 -9999 -9999 -9999 -9999 -9999 -9999 -9999 -9999 -9999 -9999 -9999 -9999 -9999 -9999 -9999 -9999 -9999 -9999 -9999 -9999 -9999 -9999 29.46 29.47 29.47 29.48 29.48 29.49 29.49 29.5 29.5 -9999 -9999 -9999 -9999 -9999 -9999 -9999 -9999 29.53 29.53 29.54 29.54 29.54 29.54 29.54 29.54 29.54 29.54 29.54 29.54 29.55 29.55 29.54 29.55 29.55 29.53 29.43
-9999 -9999 -9999 -9999 -9999 -9999 -9999 -9999 -9999 -9999 -9999 -9999 -9999 -9999 -9999 -9999 -9999 -9999 -9999 -9999 -9999 -9999 -9999 -9999 -9999 -9999 -9999 -9999 -9999 -9999 -9999 -9999 -9999 -9999 -9999 -9999 -9999 -9999 -9999 -9999 -9999 -9999 29.47 29.47 29.48 29.48 29.49 29.49 29.5 29.5 -9999 -9999 -9999 -9999 -9999 -9999 -9999 -9999 -9999 29.54 29.54 29.54 29.54 29.54 29.54 29.54 29.54 29.54 29.54 29.55 29.55 29.55 29.55 29.55 29.55 29.54 29.48
-9999 -9999 -9999 -9999 -9999 -9999 -9999 -9999 -9999 -9999 -9999 -9999 -9999 -9999 -9999 -9999 -9999 -9999 -9999 -9999 -9999 -9999 -9999 -9999 -9999 -9999 -9999 -9999 -9999 -9999 -9999 -9999 -9999 -9999 -9999 -9999 -9999 -9999 -9999 -9999 -9999 -9999 -9999 -9999 -9999 -9999 29.49 29.5 29.5 -9999 -9999 -9999 -9999 -9999 -9999 -9999 -9999 -9999 -9999 29.54 29.54 29.54 29.54 29.54 29.54 29.54 29.54 29.54 29.55 29.55 29.55 29.55 29.55 29.55 29.55 29.55 29.53
