ASPA-UH-SWB2_REPO/input/Gridded_temps/prism_tmax_tutuila_30yr_normal_06.asc
ncols         350
nrows         200
xllcorner     515000
yllcorner     8409000
cellsize      100
NODATA_value  -9999
[rows 105 to 139 of 200, columns 77 to 153 of 350]
27.99 28.36 28.75 28.84 28.8 28.49 28.02 27.69 27.48 27.35 27.34 27.38 27.38 27.32 27.31 27.27 27.15 27.14 27.28 27.34 27.29 27.22 27.23 27.33 27.55 27.79 28 28.12 28.23 28.37 28.36 28.17 27.87 27.73 27.81 28.05 28.34 28.63 28.85 28.65 28.33 28.09 27.98 27.87 27.75 27.68 27.63 27.52 27.37 27.23 27.05 26.83 26.87 27.36 27.8 28.12 28.45 28.76 28.96 29.07 29.09 29.05 28.89 28.53 28.05 27.99 28.22 28.28 28.03 27.59 27.31 27.37 27.54 27.54 27.79 28.02 27.74
28.01 28.37 28.68 28.62 28.59 28.55 28.09 27.79 27.62 27.45 27.34 27.3 27.34 27.34 27.26 27.16 27.07 27.08 27.18 27.24 27.26 27.27 27.27 27.34 27.49 27.69 27.87 28 28.17 28.32 28.29 28.09 27.77 27.7 27.97 28.19 28.37 28.6 28.79 28.69 28.45 28.24 28.08 27.95 27.81 27.66 27.52 27.39 27.24 27.13 26.98 26.87 27.1 27.74 28.19 28.42 28.62 28.92 29.07 29.13 29.13 29.07 28.88 28.57 28.17 28.12 28.41 28.4 28.06 27.67 27.54 27.59 27.7 27.7 27.9 28.23 28.15
27.84 28.12 28.36 28.19 28.07 28.27 28.05 27.86 27.76 27.64 27.51 27.41 27.37 27.31 27.2 27.1 27.08 27.15 27.24 27.28 27.31 27.31 27.33 27.37 27.48 27.71 27.98 28.16 28.25 28.2 28.02 27.83 27.66 27.86 28.17 28.37 28.52 28.59 28.62 28.54 28.47 28.39 28.22 28.08 27.97 27.81 27.62 27.44 27.29 27.11 26.94 27.01 27.5 28.07 28.4 28.69 28.85 29.04 29.14 29.16 29.14 29.1 28.97 28.69 28.31 28.34 28.61 28.45 28.15 27.84 27.82 27.9 27.9 27.91 28.09 28.4 28.45
27.61 27.78 27.89 27.83 27.76 27.88 27.92 27.88 27.82 27.73 27.59 27.45 27.34 27.26 27.17 27.1 27.11 27.2 27.29 27.33 27.35 27.36 27.4 27.47 27.6 27.83 28.04 28.06 28 27.84 27.66 27.62 27.78 28.06 28.26 28.36 28.43 28.38 28.34 28.26 28.25 28.34 28.24 28.06 27.88 27.75 27.63 27.44 27.24 27.01 26.99 27.27 27.81 28.32 28.7 28.92 29.03 29.12 29.17 29.17 29.16 29.13 29.04 28.8 28.48 28.5 28.73 28.7 28.5 28.16 28.19 28.25 28.15 28.02 28.21 28.55 28.67
27.37 27.46 27.54 27.57 27.57 27.66 27.76 27.79 27.77 27.7 27.57 27.43 27.31 27.21 27.15 27.1 27.13 27.2 27.29 27.35 27.37 27.4 27.44 27.53 27.71 27.87 27.86 27.69 27.51 27.39 27.36 27.62 27.97 28.1 28.13 28.13 28.2 28.17 28.12 28.06 28.08 28.19 28.19 28.06 27.84 27.62 27.43 27.27 27.09 26.97 27.18 27.48 27.89 28.4 28.82 29.03 29.12 29.16 29.18 29.18 29.17 29.14 29.08 28.91 28.6 28.51 28.77 28.98 28.8 28.47 28.54 28.59 28.32 28.15 28.25 28.65 28.93
27.28 27.3 27.33 27.39 27.44 27.53 27.61 27.62 27.62 27.62 27.55 27.45 27.33 27.2 27.14 27.13 27.15 27.21 27.28 27.33 27.35 27.37 27.38 27.41 27.51 27.58 27.51 27.36 27.25 27.25 27.38 27.74 27.85 27.84 27.84 27.87 27.97 27.98 27.9 27.88 27.95 28.01 28.04 27.95 27.77 27.59 27.44 27.25 27.08 27.11 27.48 27.82 28.08 28.5 28.88 29.08 29.16 29.18 29.19 29.19 29.17 29.11 28.98 28.72 28.36 28.23 28.52 28.97 29.02 28.82 28.83 28.75 28.37 28.36 28.42 28.75 29.11
27.28 27.29 27.31 27.35 27.39 27.43 27.45 27.45 27.5 27.58 27.56 27.47 27.34 27.23 27.18 27.17 27.18 27.22 27.26 27.28 27.29 27.28 27.26 27.26 27.28 27.26 27.23 27.19 27.19 27.23 27.35 27.48 27.48 27.46 27.48 27.6 27.77 27.79 27.71 27.77 27.89 27.92 27.92 27.87 27.76 27.62 27.49 27.28 27.12 27.24 27.65 27.99 28.37 28.75 29 29.14 29.18 29.19 29.19 29.18 29.15 29.02 28.74 28.36 27.9 27.7 28.07 28.73 29.1 29.12 29.04 28.78 28.46 28.58 28.68 28.9 29.21
27.3 27.32 27.36 27.38 27.37 27.35 27.34 27.36 27.45 27.55 27.53 27.45 27.37 27.31 27.25 27.21 27.2 27.2 27.21 27.2 27.19 27.18 27.17 27.16 27.17 27.16 27.16 27.16 27.18 27.2 27.22 27.21 27.21 27.21 27.25 27.38 27.56 27.65 27.68 27.79 27.93 27.91 27.89 27.85 27.73 27.55 27.41 27.32 27.26 27.32 27.66 28.03 28.54 28.96 29.11 29.18 29.19 29.19 29.19 29.17 29.11 28.93 28.5 28 27.5 27.2 27.62 28.41 28.98 29.19 29.15 28.89 28.74 28.84 28.95 29.03 29.29
27.31 27.37 27.47 27.5 27.46 27.36 27.34 27.36 27.44 27.53 27.56 27.51 27.45 27.39 27.3 27.23 27.2 27.17 27.15 27.13 27.11 27.09 27.07 27.08 27.09 27.11 27.13 27.14 27.15 27.15 27.15 27.15 27.17 27.2 27.25 27.31 27.44 27.66 27.81 27.93 28.04 28 27.96 27.88 27.73 27.54 27.45 27.45 27.38 27.32 27.67 28.1 28.64 29 29.14 29.19 29.19 29.19 29.19 29.14 28.99 28.72 28.32 27.67 27.3 27.25 27.64 28.36 28.94 29.22 29.23 29.11 29.02 29.08 29.18 29.19 29.34
27.35 27.42 27.57 27.68 27.7 27.5 27.46 27.48 27.52 27.62 27.65 27.56 27.46 27.38 27.3 27.24 27.2 27.16 27.12 27.08 27.05 27.02 27 27 27.02 27.04 27.07 27.09 27.1 27.1 27.12 27.16 27.22 27.27 27.36 27.46 27.59 27.8 27.97 28.11 28.18 28.16 28.08 27.91 27.73 27.63 27.59 27.57 27.4 27.31 27.74 28.18 28.71 29.02 29.15 29.19 29.19 29.19 29.18 29.06 28.71 28.3 27.96 27.55 27.53 27.83 28.16 28.58 29.04 29.25 29.29 29.27 29.22 29.24 29.31 29.33 29.37
27.45 27.53 27.64 27.8 27.9 27.77 27.72 27.71 27.75 27.88 27.8 27.6 27.48 27.42 27.34 27.26 27.22 27.17 27.11 27.06 27.01 26.97 26.95 26.94 26.94 26.95 26.97 27 27.02 27.06 27.14 27.32 27.45 27.46 27.48 27.56 27.74 27.91 28.05 28.22 28.29 28.29 28.22 28.03 27.83 27.76 27.69 27.55 27.41 27.39 27.72 28.04 28.5 28.9 29.13 29.18 29.19 29.19 29.15 28.95 28.53 28.25 28.01 27.85 27.88 28.24 28.71 28.99 29.18 29.29 29.32 29.32 29.31 29.33 29.36 29.37 29.38
27.66 27.79 27.88 27.95 28.05 28.1 28.04 28.01 28.04 28.18 28.06 27.83 27.67 27.6 27.46 27.32 27.25 27.19 27.12 27.06 26.99 26.94 26.91 26.88 26.85 26.83 26.81 26.82 26.88 27 27.21 27.54 27.77 27.83 27.8 27.74 27.72 27.83 28.01 28.26 28.37 28.36 28.31 28.17 27.99 27.86 27.71 27.56 27.53 27.62 27.93 28.19 28.53 28.93 29.13 29.18 29.19 29.18 29.13 28.98 28.76 28.56 28.34 28.25 28.09 28.3 28.74 29.1 29.26 29.31 29.32 29.33 29.34 29.36 29.37 29.38 29.39
27.9 28.04 28.14 28.17 28.2 28.29 28.31 28.29 28.28 28.4 28.34 28.1 27.94 27.77 27.55 27.4 27.29 27.22 27.15 27.08 26.98 26.9 26.86 26.84 26.79 26.75 26.66 26.62 26.77 27.06 27.34 27.54 27.81 27.99 28.03 28.01 27.95 28.02 28.19 28.34 28.42 28.4 28.29 28.09 27.91 27.75 27.66 27.65 27.72 27.88 28.17 28.47 28.74 29.03 29.15 29.18 29.19 29.19 29.15 29.1 29.04 28.87 28.69 28.63 28.38 28.39 28.6 29.15 29.28 29.31 29.32 29.34 29.35 29.36 29.37 29.38 29.39
28.07 28.22 28.33 28.36 28.31 28.36 28.5 28.53 28.45 28.55 28.47 28.18 28.09 27.93 27.71 27.49 27.33 27.27 27.22 27.14 27 26.88 26.87 26.93 26.84 26.75 26.66 26.69 27 27.44 27.65 27.63 27.75 27.98 28.08 28.13 28.16 28.23 28.33 28.42 28.45 28.43 28.3 28.02 27.82 27.74 27.78 27.8 27.97 28.24 28.38 28.67 28.92 29.09 29.16 29.18 29.18 29.19 29.18 29.17 29.13 29.04 29 28.98 28.82 28.79 28.85 29.2 29.29 29.31 29.32 29.34 29.35 29.36 29.37 29.38 29.39
28.15 28.32 28.49 28.54 28.44 28.37 28.55 28.73 28.71 28.73 28.63 28.41 28.33 28.07 27.76 27.54 27.42 27.4 27.37 27.27 27.12 27 26.87 26.88 26.88 26.86 26.79 26.92 27.29 27.7 27.86 27.82 27.82 27.96 28.07 28.14 28.22 28.3 28.37 28.44 28.48 28.46 28.29 28.04 27.97 27.93 27.91 27.91 28.26 28.53 28.66 28.84 29.05 29.14 29.17 29.18 29.18 29.19 29.19 29.19 29.18 29.16 29.16 29.17 29.15 29.13 29.17 29.26 29.29 29.31 29.32 29.33 29.34 29.37 29.37 29.38 29.39
28.23 28.37 28.57 28.68 28.65 28.59 28.71 28.9 28.94 28.89 28.76 28.6 28.46 28.2 27.94 27.73 27.6 27.6 27.6 27.5 27.4 27.31 27.16 27.02 27.03 27.06 27.02 27.18 27.56 27.82 27.92 27.89 27.87 27.98 28.06 28.13 28.23 28.32 28.39 28.45 28.5 28.48 28.35 28.16 28.13 28.12 28.06 28.04 28.37 28.7 28.91 29.03 29.13 29.17 29.18 29.18 29.19 29.19 29.19 29.19 29.2 29.21 29.21 29.22 29.23 29.24 29.26 29.28 29.29 29.3 29.32 29.33 29.34 29.36 29.37 29.37 29.38
28.31 28.35 28.49 28.67 28.79 28.87 28.96 29.05 29.01 28.82 28.56 28.42 28.36 28.26 28.05 27.88 27.78 27.79 27.8 27.73 27.72 27.65 27.55 27.35 27.29 27.28 27.32 27.5 27.74 27.87 27.85 27.76 27.83 28 28.09 28.16 28.26 28.36 28.43 28.49 28.54 28.53 28.48 28.38 28.31 28.3 28.16 28.12 28.38 28.71 29 29.13 29.17 29.19 29.19 29.19 29.19 29.19 29.19 29.19 29.21 29.21 29.22 29.23 29.25 29.26 29.27 29.28 29.29 29.31 29.32 29.33 29.34 29.35 29.36 29.36 29.37
28.36 28.34 28.4 28.56 28.76 28.97 29.1 29.08 28.87 28.6 28.41 28.32 28.23 28.16 28.09 27.98 27.91 27.93 27.95 27.92 27.98 27.94 27.78 27.55 27.47 27.52 27.58 27.66 27.79 27.84 27.7 27.57 27.79 28.04 28.14 28.22 28.31 28.41 28.48 28.54 28.58 28.57 28.56 28.51 28.48 28.47 28.34 28.35 28.62 28.89 29.08 29.17 29.2 29.2 29.2 29.19 29.19 29.19 29.2 29.21 29.22 29.22 29.22 29.23 29.25 29.26 29.27 29.28 29.29 29.31 29.32 29.33 29.33 29.34 29.35 29.36 29.36
28.44 28.38 28.4 28.57 28.78 28.99 29.14 29.07 28.79 28.51 28.4 28.35 28.2 28.17 28.16 28.07 28.03 28.05 28.08 28.09 28.17 28.07 27.85 27.71 27.65 27.74 27.84 27.75 27.74 27.76 27.66 27.65 27.91 28.12 28.21 28.29 28.36 28.44 28.52 28.59 28.61 28.6 28.6 28.6 28.67 28.73 28.68 28.64 28.91 29.09 29.16 29.2 29.2 29.2 29.2 29.2 29.2 29.2 29.21 29.22 29.23 29.24 29.24 29.24 29.25 29.27 29.28 29.28 29.29 29.31 29.32 29.33 29.33 29.33 29.34 29.35 29.36
28.55 28.44 28.47 28.66 28.88 29.04 29.19 29.14 28.88 28.65 28.55 28.45 28.23 28.23 28.29 28.2 28.15 28.16 28.22 28.27 28.35 28.17 28 27.95 27.86 27.94 28.1 27.94 27.76 27.76 27.76 27.86 28.09 28.24 28.32 28.39 28.44 28.49 28.55 28.6 28.63 28.63 28.62 28.65 28.79 28.92 28.93 28.91 29.03 29.14 29.18 29.2 29.2 29.21 29.21 29.21 29.21 29.21 29.23 29.23 29.24 29.25 29.25 29.25 29.26 29.27 29.28 29.29 29.3 29.31 29.32 29.32 29.32 29.33 29.34 29.35 29.36
28.67 28.52 28.58 28.83 29.04 29.14 29.31 29.3 29.07 28.93 28.8 28.65 28.37 28.36 28.43 28.33 28.25 28.26 28.41 28.55 28.57 28.38 28.3 28.17 28.06 28.19 28.36 28.18 27.94 27.93 27.97 28.14 28.33 28.41 28.46 28.5 28.54 28.56 28.59 28.63 28.64 28.64 28.65 28.71 28.85 28.97 29.01 29.04 29.1 29.15 29.18 29.2 29.21 29.21 29.21 29.22 29.22 29.23 29.23 29.24 29.25 29.25 29.26 29.26 29.27 29.28 29.29 29.3 29.3 29.31 29.32 29.32 29.32 29.33 29.34 29.35 29.36
28.74 28.58 28.64 28.95 29.21 29.3 29.5 29.55 29.35 29.21 29.05 28.81 28.54 28.5 28.53 28.44 28.35 28.39 28.65 28.9 28.82 28.75 28.67 28.44 28.39 28.56 28.6 28.29 28.06 28.11 28.2 28.37 28.52 28.58 28.62 28.64 28.64 28.65 28.65 28.66 28.65 28.66 28.68 28.77 28.9 28.98 29.04 29.08 29.12 29.15 29.19 29.21 29.22 29.22 29.22 29.22 29.23 29.23 29.23 29.24 29.25 29.25 29.26 29.27 29.27 29.28 29.29 29.3 29.3 29.31 29.31 29.32 29.32 29.33 29.34 29.35 29.36
28.78 28.66 28.69 29.01 29.32 29.48 29.63 29.73 29.62 29.44 29.15 28.85 28.62 28.56 28.57 28.51 28.47 28.62 28.91 29.11 29.02 29.05 28.95 28.83 28.81 28.86 28.72 28.31 28.04 28.14 28.32 28.51 28.63 28.69 28.73 28.74 28.73 28.72 28.71 28.71 28.7 28.7 28.73 28.82 28.92 28.98 29.04 29.09 29.13 29.17 29.2 29.22 29.22 29.22 29.22 29.22 29.22 29.23 29.23 29.24 29.25 29.25 29.25 29.26 29.26 29.27 29.28 29.29 29.3 29.3 29.31 29.32 29.32 29.34 29.34 29.35 29.36
28.87 28.81 28.82 29.01 29.39 29.61 29.73 29.82 29.77 29.5 29.14 28.86 28.64 28.6 28.62 28.61 28.59 28.78 29.08 29.24 29.23 29.24 29.18 29.1 29.06 29 28.79 28.39 28.03 28.03 28.29 28.53 28.68 28.75 28.79 28.8 28.8 28.79 28.78 28.78 28.77 28.77 28.81 28.88 28.95 29.01 29.06 29.11 29.15 29.18 29.21 29.22 29.22 29.22 29.22 29.21 29.22 29.22 29.23 29.24 29.24 29.25 29.25 29.25 29.26 29.27 29.28 29.28 29.29 29.3 29.31 29.32 29.33 29.34 29.34 29.35 29.36
29.05 29.02 29 29.09 29.47 29.71 29.82 29.88 29.83 29.58 29.25 28.89 28.67 28.69 28.72 28.73 28.69 28.81 29.07 29.28 29.37 29.38 29.33 29.24 29.18 29.09 28.91 28.58 28.21 28.12 28.21 28.43 28.64 28.77 28.83 28.85 28.86 28.85 28.85 28.84 28.83 28.84 28.88 28.95 29 29.05 29.1 29.13 29.17 29.2 29.22 29.23 29.23 29.22 29.22 29.22 29.22 29.22 29.23 29.24 29.24 29.25 29.25 29.26 29.26 29.27 29.28 29.28 29.29 29.3 29.3 29.32 29.33 29.33 29.34 29.35 29.36
29.22 29.21 29.19 29.18 29.38 29.65 29.82 29.91 29.86 29.61 29.27 29 28.87 28.86 28.77 28.67 28.64 28.74 28.95 29.23 29.41 29.47 29.44 29.34 29.29 29.19 29 28.7 28.47 28.32 28.27 28.37 28.52 28.73 28.87 28.91 28.91 28.91 28.89 28.88 28.87 28.9 28.95 29 29.06 29.1 29.14 29.17 29.2 29.22 29.24 29.24 29.23 29.23 29.23 29.23 29.23 29.23 29.23 29.24 29.25 29.25 29.26 29.26 29.27 29.27 29.28 29.28 29.28 29.29 29.3 29.32 29.32 29.33 29.33 29.35 29.36
29.4 29.39 29.35 29.33 29.33 29.4 29.73 29.91 29.92 29.73 29.46 29.16 29.01 28.99 28.89 28.8 28.79 28.81 28.89 29.14 29.38 29.5 29.52 29.45 29.38 29.24 28.97 28.7 28.59 28.5 28.43 28.48 28.58 28.78 28.9 28.94 28.94 28.95 28.94 28.93 28.93 28.95 28.99 29.04 29.09 29.13 29.16 29.2 29.22 29.24 29.24 29.24 29.24 29.24 29.24 29.24 29.24 29.24 29.24 29.24 29.25 29.26 29.26 29.27 29.27 29.27 29.28 29.28 29.28 29.29 29.3 29.32 29.32 29.32 29.33 29.34 29.36
29.59 29.53 29.48 29.5 29.38 29.38 29.71 29.92 29.97 29.88 29.64 29.28 29.08 29.08 29.05 29.06 29.1 29.08 28.99 29.14 29.38 29.53 29.59 29.55 29.44 29.21 28.88 28.69 28.67 28.63 28.57 28.6 28.67 28.79 28.92 28.97 28.97 28.98 28.98 28.99 28.98 29 29.03 29.07 29.12 29.15 29.18 29.22 29.23 29.24 29.24 29.24 29.24 29.24 29.25 29.25 29.25 29.25 29.25 29.25 29.26 29.26 29.27 29.27 29.27 29.28 29.28 29.28 29.28 29.29 29.3 29.32 29.32 29.32 29.33 29.34 29.36
29.67 29.59 29.58 29.59 29.5 29.54 29.79 29.96 29.99 29.94 29.74 29.34 29.09 29.12 29.2 29.28 29.39 29.33 29.15 29.25 29.49 29.62 29.67 29.63 29.51 29.26 28.91 28.73 28.74 28.75 28.71 28.72 28.72 28.77 28.92 29.01 29.02 29.01 29.02 29.03 29.03 29.04 29.07 29.1 29.14 29.17 29.2 29.23 29.24 29.24 29.24 29.24 29.24 29.24 29.24 29.25 29.25 29.25 29.25 29.26 29.26 29.27 29.28 29.28 29.28 29.28 29.28 29.28 29.29 29.3 29.31 29.32 29.32 29.33 29.34 29.34 29.36
29.63 29.61 29.7 29.7 29.71 29.82 29.93 29.99 30 29.95 29.74 29.33 29.12 29.17 29.31 29.45 29.56 29.49 29.33 29.42 29.61 29.69 29.71 29.67 29.56 29.29 28.95 28.76 28.77 28.82 28.82 28.81 28.76 28.78 28.95 29.05 29.07 29.06 29.06 29.06 29.06 29.07 29.09 29.12 29.15 29.19 29.21 29.23 29.24 29.24 29.24 29.23 29.23 29.23 29.23 29.24 29.25 29.25 29.25 29.26 29.27 29.28 29.29 29.29 29.29 29.29 29.29 29.29 29.3 29.3 29.31 29.32 29.33 29.34 29.34 29.35 29.36
29.69 29.74 29.84 29.82 29.9 29.98 30 30.01 29.99 29.88 29.59 29.28 29.18 29.25 29.41 29.58 29.68 29.65 29.56 29.6 29.68 29.73 29.73 29.7 29.61 29.39 29.11 28.85 28.77 28.83 28.88 28.86 28.78 28.77 28.94 29.07 29.11 29.11 29.11 29.11 29.11 29.1 29.12 29.14 29.16 29.19 29.22 29.23 29.24 29.24 29.23 29.23 29.22 29.23 29.23 29.24 29.24 29.25 29.26 29.27 29.27 29.28 29.3 29.3 29.3 29.3 29.3 29.3 29.3 29.31 29.31 29.32 29.33 29.34 29.34 29.35 29.36
29.81 29.9 29.96 29.96 30 30.02 30.02 30.01 29.94 29.7 29.4 29.24 29.21 29.28 29.42 29.6 29.71 29.72 29.69 29.7 29.73 29.74 29.74 29.72 29.67 29.52 29.27 28.94 28.77 28.8 28.88 28.88 28.8 28.74 28.87 29.05 29.14 29.15 29.15 29.15 29.14 29.14 29.14 29.15 29.17 29.2 29.22 29.22 29.23 29.23 29.23 29.23 29.23 29.23 29.23 29.24 29.24 29.25 29.26 29.27 29.28 29.28 29.29 29.3 29.3 29.3 29.3 29.31 29.31 29.31 29.32 29.32 29.33 29.34 29.34 29.35 29.36
29.89 29.96 30.02 30.02 30.03 30.03 30.03 30.01 29.92 29.64 29.38 29.26 29.24 29.27 29.35 29.54 29.7 29.74 29.74 29.74 29.75 29.76 29.75 29.73 29.68 29.51 29.26 28.99 28.82 28.77 28.84 28.9 28.84 28.79 28.87 29.04 29.15 29.17 29.17 29.17 29.17 29.17 29.17 29.17 29.18 29.2 29.21 29.21 29.22 29.22 29.22 29.23 29.23 29.23 29.23 29.24 29.25 29.26 29.26 29.27 29.28 29.28 29.29 29.29 29.29 29.3 29.31 29.32 29.32 29.32 29.32 29.32 29.33 29.34 29.35 29.35 29.36
29.96 30.01 30.03 30.04 30.04 30.04 30.03 30.01 29.93 29.69 29.45 29.33 29.35 29.37 29.38 29.51 29.66 29.73 29.75 29.76 29.76 29.76 29.75 29.73 29.66 29.45 29.19 28.99 28.86 28.76 28.8 28.9 28.9 28.87 28.93 29.06 29.16 29.19 29.19 29.18 29.19 29.19 29.19 29.19 29.19 29.2 29.2 29.2 29.21 29.21 29.22 29.23 29.24 29.24 29.24 29.25 29.26 29.26 29.27 29.27 29.28 29.28 29.29 29.29 29.29 29.3 29.32 29.33 29.33 29.33 29.33 29.33 29.34 29.35 29.35 29.36 29.36
30.03 30.04 30.05 30.05 30.04 30.04 30.02 30 29.95 29.75 29.56 29.46 29.55 29.61 29.55 29.56 29.62 29.71 29.76 29.77 29.77 29.76 29.76 29.73 29.63 29.38 29.12 28.99 28.89 28.8 28.82 28.93 28.95 28.91 28.93 29.04 29.15 29.2 29.21 29.2 29.2 29.2 29.2 29.19 29.19 29.2 29.2 29.2 29.2 29.21 29.22 29.23 29.24 29.25 29.25 29.26 29.27 29.27 29.27 29.28 29.28 29.28 29.29 29.29 29.3 29.31 29.33 29.34 29.34 29.33 29.33 29.34 29.35 29.36 29.36 29.37 29.37
