ASPA-UH-SWB2_REPO/input/Gridded_temps/prism_tmax_tutuila_30yr_normal_09.asc
ncols         350
nrows         200
xllcorner     515000
yllcorner     8409000
cellsize      100
NODATA_value  -9999
[rows 102 to 135 of 200, columns 77 to 153 of 350]
28.61 28.92 29.26 29.42 29.27 28.93 28.52 28.34 28.41 28.56 28.56 28.51 28.51 28.38 28.19 28.07 28.07 28.03 28.07 28.14 28.02 27.78 27.54 27.75 28.06 28.31 28.5 28.63 28.75 28.84 28.87 28.91 28.9 28.7 28.48 28.27 28.35 28.73 29.14 29.42 29.3 29.05 28.98 28.71 28.43 28.21 28.08 27.93 27.77 27.63 27.44 27.24 27.08 27.04 27.38 27.89 28.34 28.81 29.06 29.1 28.92 28.91 29.02 28.99 28.93 28.77 28.51 28.17 27.8 27.57 27.51 27.23 27.18 27.3 27.22 27.29 27.57
28.55 28.82 29.22 29.3 29.08 28.79 28.37 28.07 28.07 28.18 28.21 28.23 28.26 28.15 28.02 27.86 27.82 27.83 27.9 27.99 27.87 27.71 27.58 27.72 28.02 28.32 28.53 28.67 28.81 28.88 28.8 28.69 28.62 28.53 28.31 28.23 28.51 28.92 29.2 29.39 29.21 28.82 28.75 28.59 28.41 28.24 28.07 27.89 27.7 27.52 27.32 27.13 27 27.21 27.7 28.09 28.45 28.81 29.08 29.19 29.14 29.14 29.16 29.07 28.86 28.54 28.29 28.06 27.9 27.78 27.55 27.31 27.37 27.56 27.64 27.46 27.62
28.43 28.74 29.16 29.25 29.06 28.7 28.27 27.94 27.83 27.86 27.91 27.97 27.98 27.84 27.79 27.72 27.64 27.64 27.77 27.85 27.71 27.56 27.53 27.66 27.96 28.27 28.46 28.57 28.7 28.8 28.71 28.52 28.37 28.3 28.16 28.3 28.71 29.05 29.22 29.13 28.87 28.55 28.45 28.32 28.22 28.14 28.03 27.86 27.69 27.51 27.29 27.08 27.06 27.47 27.93 28.28 28.62 28.91 29.13 29.26 29.27 29.25 29.18 28.96 28.62 28.33 28.23 28.23 28.19 27.92 27.48 27.41 27.56 27.68 27.91 27.78 27.68
28.33 28.71 29.1 29.19 29.15 28.83 28.36 28.04 27.83 27.69 27.68 27.71 27.71 27.65 27.64 27.6 27.49 27.47 27.61 27.67 27.61 27.54 27.55 27.65 27.86 28.1 28.31 28.43 28.54 28.68 28.67 28.48 28.17 28.03 28.1 28.35 28.63 28.92 29.14 28.94 28.61 28.36 28.25 28.14 28.02 27.94 27.89 27.79 27.63 27.49 27.31 27.08 27.12 27.6 28.04 28.36 28.7 29 29.2 29.31 29.33 29.29 29.13 28.76 28.28 28.22 28.46 28.51 28.26 27.82 27.54 27.6 27.77 27.77 28.02 28.25 27.97
28.35 28.72 29.02 28.96 28.93 28.89 28.44 28.14 27.96 27.79 27.68 27.63 27.67 27.68 27.6 27.49 27.4 27.41 27.51 27.57 27.59 27.59 27.59 27.66 27.81 28 28.18 28.31 28.48 28.63 28.6 28.4 28.08 28 28.26 28.49 28.66 28.89 29.07 28.97 28.73 28.52 28.36 28.22 28.08 27.92 27.79 27.66 27.5 27.39 27.24 27.12 27.35 27.99 28.44 28.66 28.86 29.16 29.31 29.37 29.36 29.31 29.12 28.8 28.4 28.35 28.64 28.63 28.29 27.9 27.77 27.82 27.93 27.93 28.13 28.46 28.38
28.19 28.46 28.71 28.53 28.41 28.62 28.4 28.21 28.1 27.98 27.85 27.75 27.71 27.65 27.54 27.44 27.41 27.48 27.57 27.61 27.63 27.64 27.65 27.7 27.81 28.03 28.3 28.48 28.56 28.51 28.33 28.14 27.96 28.16 28.47 28.66 28.81 28.88 28.9 28.83 28.76 28.67 28.49 28.35 28.24 28.07 27.89 27.7 27.54 27.37 27.19 27.26 27.75 28.32 28.64 28.93 29.09 29.28 29.37 29.4 29.38 29.34 29.21 28.92 28.54 28.57 28.84 28.68 28.38 28.06 28.04 28.12 28.13 28.14 28.32 28.62 28.67
27.96 28.13 28.23 28.17 28.11 28.23 28.27 28.23 28.17 28.07 27.93 27.79 27.68 27.6 27.51 27.44 27.45 27.54 27.62 27.66 27.68 27.69 27.72 27.79 27.92 28.15 28.36 28.38 28.31 28.15 27.97 27.92 28.07 28.36 28.55 28.65 28.72 28.67 28.63 28.55 28.53 28.62 28.52 28.33 28.15 28.01 27.89 27.7 27.49 27.26 27.24 27.52 28.06 28.57 28.95 29.17 29.27 29.36 29.41 29.41 29.4 29.37 29.27 29.03 28.71 28.73 28.96 28.93 28.73 28.39 28.42 28.48 28.37 28.25 28.44 28.78 28.9
27.72 27.81 27.89 27.92 27.92 28.01 28.11 28.14 28.11 28.04 27.92 27.78 27.65 27.55 27.49 27.44 27.47 27.54 27.62 27.68 27.7 27.73 27.76 27.85 28.03 28.19 28.18 28.01 27.83 27.7 27.67 27.93 28.27 28.4 28.43 28.43 28.49 28.46 28.41 28.34 28.36 28.47 28.47 28.33 28.11 27.88 27.7 27.53 27.35 27.22 27.43 27.73 28.14 28.65 29.06 29.27 29.36 29.4 29.42 29.42 29.4 29.37 29.31 29.14 28.83 28.74 29 29.21 29.03 28.7 28.77 28.81 28.54 28.37 28.48 28.88 29.16
27.63 27.65 27.69 27.74 27.79 27.88 27.96 27.97 27.97 27.97 27.9 27.8 27.67 27.55 27.49 27.47 27.49 27.54 27.61 27.66 27.68 27.7 27.7 27.74 27.84 27.91 27.83 27.68 27.57 27.56 27.69 28.04 28.15 28.14 28.14 28.17 28.26 28.27 28.18 28.16 28.23 28.29 28.31 28.22 28.04 27.85 27.7 27.52 27.34 27.37 27.73 28.07 28.32 28.74 29.13 29.33 29.4 29.42 29.43 29.42 29.4 29.34 29.21 28.95 28.59 28.46 28.75 29.2 29.24 29.05 29.05 28.97 28.59 28.59 28.65 28.98 29.34
27.63 27.64 27.66 27.71 27.74 27.78 27.8 27.8 27.85 27.93 27.91 27.81 27.69 27.58 27.53 27.51 27.52 27.56 27.59 27.62 27.62 27.61 27.59 27.59 27.61 27.59 27.55 27.51 27.5 27.54 27.66 27.79 27.79 27.76 27.78 27.89 28.06 28.08 27.99 28.05 28.17 28.2 28.19 28.14 28.03 27.89 27.75 27.54 27.37 27.49 27.9 28.24 28.62 29 29.25 29.38 29.42 29.43 29.43 29.42 29.38 29.25 28.97 28.59 28.13 27.93 28.29 28.96 29.33 29.34 29.26 29 28.68 28.81 28.9 29.12 29.44
27.65 27.67 27.71 27.73 27.72 27.7 27.7 27.72 27.8 27.9 27.89 27.8 27.72 27.66 27.6 27.55 27.54 27.55 27.55 27.54 27.53 27.51 27.5 27.49 27.5 27.49 27.49 27.49 27.5 27.51 27.53 27.52 27.52 27.52 27.55 27.67 27.85 27.94 27.96 28.07 28.21 28.19 28.17 28.12 27.99 27.81 27.67 27.58 27.51 27.57 27.91 28.28 28.79 29.21 29.36 29.42 29.43 29.43 29.42 29.41 29.34 29.16 28.73 28.23 27.73 27.43 27.84 28.64 29.2 29.41 29.37 29.11 28.96 29.07 29.17 29.25 29.51
27.67 27.73 27.82 27.85 27.81 27.71 27.69 27.72 27.8 27.89 27.92 27.87 27.81 27.73 27.64 27.58 27.55 27.52 27.49 27.47 27.44 27.42 27.41 27.41 27.42 27.44 27.46 27.46 27.46 27.46 27.46 27.46 27.48 27.51 27.55 27.61 27.73 27.95 28.09 28.22 28.32 28.28 28.24 28.15 27.99 27.81 27.71 27.71 27.64 27.57 27.92 28.35 28.89 29.24 29.38 29.43 29.43 29.43 29.42 29.37 29.22 28.95 28.55 27.9 27.52 27.48 27.87 28.59 29.17 29.45 29.46 29.33 29.24 29.31 29.4 29.42 29.56
27.71 27.78 27.93 28.04 28.06 27.85 27.82 27.83 27.87 27.98 28.01 27.91 27.81 27.73 27.65 27.59 27.55 27.51 27.46 27.42 27.39 27.36 27.34 27.34 27.35 27.37 27.4 27.41 27.41 27.42 27.43 27.48 27.53 27.57 27.66 27.75 27.88 28.09 28.26 28.4 28.46 28.44 28.36 28.19 28 27.9 27.85 27.83 27.66 27.56 27.99 28.43 28.96 29.26 29.39 29.43 29.43 29.43 29.41 29.3 28.95 28.53 28.19 27.78 27.76 28.06 28.39 28.81 29.27 29.48 29.52 29.49 29.45 29.47 29.53 29.56 29.59
27.81 27.89 28 28.16 28.26 28.12 28.08 28.07 28.11 28.23 28.16 27.95 27.83 27.77 27.69 27.61 27.57 27.51 27.45 27.4 27.35 27.31 27.28 27.27 27.27 27.28 27.3 27.33 27.34 27.38 27.46 27.63 27.76 27.77 27.78 27.86 28.03 28.2 28.34 28.51 28.58 28.57 28.5 28.31 28.1 28.03 27.95 27.81 27.66 27.64 27.97 28.29 28.74 29.14 29.37 29.42 29.43 29.42 29.38 29.19 28.77 28.48 28.23 28.08 28.11 28.46 28.94 29.21 29.41 29.52 29.54 29.54 29.54 29.55 29.58 29.6 29.61
28.02 28.15 28.24 28.31 28.41 28.46 28.4 28.37 28.4 28.53 28.41 28.19 28.03 27.96 27.81 27.66 27.6 27.53 27.46 27.4 27.33 27.27 27.24 27.21 27.19 27.16 27.13 27.14 27.2 27.32 27.53 27.85 28.08 28.13 28.1 28.04 28.01 28.12 28.3 28.55 28.65 28.64 28.59 28.44 28.26 28.12 27.97 27.82 27.79 27.87 28.18 28.44 28.78 29.17 29.37 29.42 29.42 29.42 29.37 29.21 28.99 28.79 28.56 28.47 28.32 28.53 28.97 29.33 29.49 29.53 29.54 29.55 29.56 29.58 29.59 29.6 29.61
28.26 28.41 28.5 28.54 28.56 28.65 28.67 28.65 28.64 28.76 28.7 28.46 28.29 28.12 27.9 27.75 27.64 27.56 27.5 27.42 27.33 27.24 27.2 27.18 27.13 27.08 26.99 26.95 27.09 27.38 27.66 27.86 28.13 28.3 28.34 28.31 28.25 28.31 28.48 28.63 28.7 28.68 28.57 28.36 28.18 28.02 27.93 27.91 27.98 28.13 28.42 28.72 28.98 29.27 29.39 29.42 29.42 29.42 29.39 29.33 29.26 29.09 28.92 28.85 28.61 28.61 28.83 29.38 29.5 29.53 29.54 29.56 29.57 29.58 29.6 29.6 29.61
28.43 28.59 28.7 28.73 28.67 28.72 28.86 28.89 28.81 28.91 28.83 28.54 28.45 28.28 28.06 27.84 27.68 27.62 27.57 27.48 27.34 27.23 27.21 27.27 27.18 27.08 26.99 27.02 27.32 27.76 27.97 27.94 28.07 28.29 28.39 28.43 28.46 28.53 28.62 28.7 28.73 28.71 28.58 28.3 28.1 28 28.04 28.06 28.22 28.49 28.63 28.92 29.17 29.33 29.4 29.41 29.42 29.42 29.41 29.4 29.36 29.27 29.22 29.21 29.05 29.01 29.07 29.43 29.51 29.53 29.54 29.56 29.57 29.59 29.6 29.6 29.61
28.52 28.69 28.85 28.9 28.8 28.73 28.91 29.1 29.07 29.09 28.99 28.77 28.69 28.42 28.12 27.9 27.78 27.76 27.72 27.62 27.47 27.35 27.21 27.22 27.22 27.19 27.12 27.24 27.61 28.03 28.18 28.14 28.13 28.26 28.37 28.45 28.53 28.6 28.66 28.73 28.76 28.74 28.57 28.31 28.24 28.19 28.17 28.17 28.52 28.78 28.91 29.08 29.29 29.38 29.41 29.42 29.42 29.42 29.42 29.42 29.41 29.39 29.39 29.39 29.37 29.36 29.39 29.49 29.52 29.53 29.54 29.55 29.56 29.59 29.6 29.6 29.61
28.6 28.74 28.94 29.05 29.02 28.96 29.08 29.26 29.3 29.25 29.12 28.96 28.82 28.56 28.3 28.08 27.96 27.96 27.96 27.85 27.75 27.66 27.51 27.36 27.37 27.39 27.36 27.52 27.89 28.15 28.24 28.21 28.19 28.29 28.37 28.44 28.53 28.62 28.68 28.74 28.78 28.76 28.63 28.43 28.4 28.39 28.32 28.3 28.63 28.96 29.16 29.27 29.37 29.41 29.42 29.42 29.42 29.42 29.42 29.42 29.42 29.44 29.44 29.44 29.45 29.46 29.48 29.51 29.52 29.53 29.54 29.56 29.57 29.59 29.59 29.59 29.6
28.68 28.72 28.86 29.03 29.16 29.24 29.33 29.42 29.37 29.18 28.92 28.78 28.73 28.62 28.41 28.24 28.14 28.15 28.15 28.08 28.07 28 27.9 27.69 27.63 27.62 27.66 27.84 28.08 28.19 28.17 28.08 28.14 28.31 28.4 28.47 28.56 28.65 28.72 28.78 28.82 28.81 28.76 28.65 28.58 28.56 28.42 28.38 28.63 28.97 29.25 29.38 29.42 29.43 29.43 29.42 29.42 29.42 29.42 29.42 29.43 29.44 29.45 29.45 29.47 29.48 29.5 29.51 29.51 29.53 29.54 29.55 29.56 29.58 29.59 29.59 29.59
28.73 28.71 28.77 28.93 29.13 29.34 29.47 29.45 29.24 28.96 28.77 28.68 28.6 28.52 28.45 28.34 28.26 28.28 28.3 28.28 28.33 28.29 28.13 27.89 27.81 27.87 27.92 28 28.12 28.17 28.03 27.89 28.11 28.35 28.45 28.52 28.61 28.7 28.78 28.83 28.86 28.85 28.83 28.78 28.75 28.73 28.6 28.6 28.88 29.14 29.33 29.42 29.44 29.44 29.44 29.43 29.43 29.43 29.43 29.44 29.44 29.44 29.45 29.46 29.47 29.48 29.5 29.5 29.51 29.53 29.55 29.55 29.55 29.57 29.57 29.58 29.59
28.81 28.75 28.77 28.94 29.15 29.36 29.5 29.44 29.16 28.87 28.77 28.72 28.56 28.53 28.52 28.43 28.39 28.41 28.44 28.45 28.53 28.42 28.2 28.06 28 28.08 28.18 28.09 28.07 28.09 27.98 27.97 28.23 28.44 28.53 28.6 28.67 28.73 28.81 28.88 28.89 28.89 28.88 28.87 28.94 29 28.94 28.9 29.16 29.34 29.41 29.44 29.44 29.44 29.44 29.44 29.43 29.43 29.44 29.45 29.46 29.46 29.47 29.47 29.48 29.49 29.5 29.5 29.52 29.54 29.55 29.55 29.55 29.56 29.56 29.57 29.58
28.92 28.81 28.84 29.03 29.25 29.41 29.56 29.51 29.25 29.02 28.92 28.82 28.59 28.59 28.65 28.56 28.51 28.52 28.59 28.63 28.7 28.52 28.35 28.29 28.21 28.29 28.44 28.27 28.09 28.09 28.09 28.18 28.41 28.55 28.63 28.7 28.75 28.79 28.84 28.89 28.91 28.91 28.9 28.93 29.06 29.19 29.19 29.16 29.29 29.39 29.43 29.44 29.45 29.45 29.44 29.44 29.44 29.44 29.46 29.46 29.47 29.48 29.48 29.48 29.49 29.5 29.5 29.51 29.52 29.54 29.55 29.55 29.55 29.55 29.56 29.57 29.58
29.04 28.9 28.95 29.2 29.41 29.51 29.68 29.67 29.44 29.3 29.17 29.02 28.74 28.73 28.79 28.69 28.61 28.63 28.77 28.91 28.92 28.73 28.66 28.53 28.41 28.54 28.7 28.51 28.27 28.26 28.3 28.46 28.65 28.72 28.77 28.81 28.84 28.87 28.89 28.92 28.93 28.92 28.93 28.98 29.12 29.24 29.28 29.3 29.36 29.4 29.43 29.45 29.45 29.45 29.45 29.46 29.46 29.46 29.46 29.47 29.47 29.48 29.49 29.49 29.5 29.51 29.52 29.52 29.52 29.53 29.54 29.54 29.55 29.55 29.56 29.57 29.58
29.11 28.96 29.01 29.32 29.59 29.68 29.87 29.92 29.72 29.58 29.42 29.18 28.91 28.87 28.89 28.8 28.72 28.76 29.02 29.26 29.18 29.11 29.03 28.79 28.74 28.91 28.94 28.63 28.39 28.44 28.53 28.69 28.84 28.91 28.94 28.95 28.95 28.95 28.95 28.95 28.94 28.94 28.96 29.05 29.17 29.25 29.3 29.33 29.38 29.41 29.44 29.45 29.46 29.46 29.46 29.46 29.46 29.47 29.46 29.47 29.47 29.48 29.48 29.49 29.5 29.51 29.51 29.52 29.52 29.53 29.53 29.54 29.55 29.55 29.56 29.57 29.58
29.15 29.03 29.06 29.38 29.7 29.85 30.01 30.1 30 29.81 29.52 29.22 28.99 28.93 28.94 28.88 28.83 28.98 29.27 29.47 29.38 29.41 29.31 29.18 29.16 29.21 29.06 28.65 28.38 28.47 28.65 28.83 28.96 29.02 29.04 29.05 29.04 29.02 29.02 29 28.99 28.98 29.02 29.1 29.19 29.25 29.31 29.35 29.39 29.42 29.45 29.47 29.46 29.46 29.46 29.45 29.46 29.46 29.46 29.46 29.47 29.48 29.48 29.48 29.49 29.5 29.51 29.51 29.52 29.52 29.53 29.54 29.55 29.56 29.57 29.57 29.59
29.25 29.18 29.19 29.38 29.76 29.98 30.11 30.19 30.14 29.88 29.51 29.23 29.01 28.97 28.99 28.98 28.95 29.15 29.44 29.61 29.6 29.6 29.53 29.46 29.41 29.35 29.14 28.74 28.37 28.37 28.62 28.86 29 29.07 29.11 29.12 29.11 29.09 29.08 29.07 29.06 29.06 29.09 29.16 29.22 29.28 29.33 29.37 29.4 29.43 29.46 29.47 29.47 29.46 29.45 29.45 29.45 29.45 29.46 29.46 29.47 29.47 29.48 29.48 29.48 29.49 29.5 29.5 29.51 29.52 29.53 29.55 29.55 29.56 29.57 29.57 29.59
29.42 29.39 29.37 29.47 29.84 30.08 30.19 30.26 30.2 29.96 29.63 29.26 29.05 29.06 29.09 29.09 29.05 29.18 29.43 29.64 29.73 29.75 29.69 29.6 29.53 29.44 29.27 28.92 28.55 28.46 28.55 28.76 28.97 29.08 29.15 29.17 29.17 29.16 29.15 29.13 29.12 29.13 29.17 29.22 29.28 29.32 29.37 29.4 29.43 29.46 29.47 29.48 29.47 29.46 29.46 29.45 29.45 29.45 29.46 29.46 29.47 29.47 29.48 29.48 29.48 29.49 29.5 29.5 29.51 29.52 29.53 29.54 29.55 29.55 29.56 29.57 29.58
29.6 29.59 29.57 29.55 29.76 30.02 30.19 30.29 30.24 29.99 29.65 29.37 29.25 29.24 29.15 29.04 29.01 29.11 29.32 29.59 29.77 29.83 29.8 29.7 29.64 29.54 29.36 29.05 28.81 28.66 28.61 28.71 28.85 29.05 29.19 29.22 29.22 29.22 29.2 29.18 29.17 29.19 29.23 29.28 29.33 29.37 29.4 29.43 29.46 29.48 29.49 29.49 29.48 29.47 29.46 29.46 29.46 29.46 29.46 29.47 29.47 29.47 29.48 29.49 29.49 29.49 29.5 29.5 29.5 29.51 29.52 29.54 29.55 29.55 29.56 29.57 29.58
29.78 29.77 29.72 29.71 29.7 29.77 30.1 30.29 30.29 30.1 29.83 29.53 29.38 29.36 29.26 29.17 29.16 29.18 29.26 29.51 29.74 29.86 29.88 29.81 29.73 29.59 29.32 29.05 28.94 28.84 28.77 28.81 28.91 29.11 29.23 29.26 29.26 29.25 29.24 29.23 29.22 29.24 29.28 29.32 29.36 29.4 29.43 29.46 29.48 29.49 29.49 29.49 29.49 29.48 29.48 29.48 29.47 29.47 29.47 29.47 29.48 29.48 29.49 29.49 29.49 29.5 29.5 29.5 29.5 29.51 29.52 29.54 29.55 29.55 29.56 29.57 29.58
29.96 29.9 29.85 29.88 29.76 29.75 30.08 30.3 30.34 30.25 30.02 29.65 29.45 29.45 29.42 29.43 29.47 29.45 29.36 29.51 29.75 29.9 29.96 29.91 29.8 29.57 29.23 29.03 29.02 28.97 28.91 28.93 29 29.12 29.24 29.29 29.29 29.29 29.29 29.29 29.28 29.29 29.32 29.35 29.4 29.43 29.45 29.48 29.5 29.5 29.49 29.49 29.49 29.49 29.49 29.49 29.49 29.48 29.48 29.48 29.49 29.49 29.5 29.5 29.5 29.5 29.5 29.5 29.51 29.51 29.52 29.54 29.55 29.55 29.56 29.57 29.58
30.05 29.96 29.95 29.97 29.88 29.92 30.17 30.33 30.37 30.31 30.11 29.71 29.46 29.49 29.57 29.66 29.76 29.7 29.52 29.62 29.86 29.99 30.03 29.99 29.87 29.61 29.26 29.07 29.09 29.1 29.05 29.05 29.05 29.1 29.25 29.33 29.33 29.32 29.33 29.33 29.33 29.33 29.36 29.39 29.42 29.45 29.47 29.49 29.5 29.5 29.5 29.49 29.49 29.49 29.49 29.49 29.49 29.48 29.48 29.49 29.49 29.5 29.5 29.5 29.51 29.51 29.51 29.51 29.51 29.52 29.53 29.54 29.55 29.55 29.56 29.57 29.58
30.01 29.98 30.07 30.07 30.08 30.2 30.3 30.37 30.38 30.32 30.12 29.71 29.5 29.55 29.69 29.83 29.94 29.86 29.7 29.79 29.98 30.06 30.07 30.03 29.91 29.64 29.31 29.11 29.12 29.16 29.16 29.15 29.1 29.11 29.28 29.37 29.38 29.37 29.37 29.36 29.36 29.37 29.38 29.41 29.43 29.46 29.48 29.49 29.5 29.5 29.49 29.48 29.48 29.48 29.48 29.48 29.49 29.49 29.49 29.49 29.5 29.51 29.51 29.52 29.52 29.51 29.51 29.51 29.52 29.53 29.53 29.55 29.55 29.56 29.56 29.57 29.58
30.06 30.12 30.22 30.2 30.27 30.35 30.38 30.39 30.36 30.25 29.97 29.65 29.56 29.63 29.79 29.96 30.05 30.02 29.93 29.97 30.05 30.1 30.09 30.06 29.97 29.75 29.47 29.2 29.12 29.18 29.22 29.2 29.12 29.1 29.27 29.39 29.43 29.43 29.42 29.41 29.41 29.4 29.41 29.42 29.45 29.47 29.49 29.49 29.5 29.49 29.48 29.48 29.47 29.47 29.47 29.47 29.48 29.49 29.49 29.5 29.5 29.51 29.52 29.52 29.52 29.52 29.52 29.52 29.53 29.53 29.53 29.55 29.55 29.56 29.57 29.57 29.58
