ASPA-UH-SWB2_REPO/input/Gridded_temps/prism_tmin_tutuila_30yr_normal_02.asc
ncols         350
nrows         200
xllcorner     515000
yllcorner     8409000
cellsize      100
NODATA_value  -9999
[rows 68 to 101 of 200, columns 77 to 153 of 350]
-9999 -9999 -9999 -9999 -9999 -9999 -9999 -9999 -9999 -9999 -9999 -9999 -9999 -9999 -9999 -9999 -9999 -9999 -9999 -9999 -9999 -9999 -9999 -9999 -9999 -9999 -9999 -9999 -9999 -9999 -9999 -9999 -9999 -9999 -9999 -9999 -9999 -9999 -9999 -9999 -9999 -9999 -9999 -9999 -9999 -9999 -9999 -9999 -9999 -9999 -9999 -9999 -9999 -9999 -9999 -9999 -9999 -9999 -9999 -9999 -9999 -9999 -9999 -9999 -9999 -9999 -9999 24.76 24.76 24.76 24.76 24.76 24.74 24.68 24.51 24.48 24.5
-9999 -9999 -9999 -9999 -9999 -9999 -9999 -9999 -9999 -9999 -9999 -9999 -9999 -9999 -9999 -9999 -9999 -9999 -9999 -9999 -9999 -9999 -9999 -9999 -9999 -9999 -9999 -9999 -9999 -9999 -9999 -9999 -9999 -9999 -9999 -9999 -9999 -9999 -9999 -9999 -9999 -9999 -9999 -9999 -9999 -9999 -9999 -9999 -9999 -9999 -9999 -9999 -9999 -9999 -9999 -9999 -9999 -9999 -9999 -9999 -9999 -9999 -9999 -9999 -9999 -9999 24.76 24.76 24.76 24.76 24.76 24.75 24.72 24.64 24.42 24.28 24.33
-9999 -9999 -9999 -9999 -9999 -9999 -9999 -9999 -9999 -9999 -9999 -9999 -9999 -9999 -9999 -9999 -9999 -9999 -9999 -9999 -9999 -9999 -9999 -9999 -9999 -9999 -9999 -9999 -9999 -9999 -9999 -9999 -9999 -9999 -9999 -9999 -9999 -9999 -9999 -9999 -9999 -9999 -9999 -9999 -9999 -9999 -9999 -9999 -9999 -9999 -9999 -9999 -9999 -9999 -9999 -9999 -9999 -9999 -9999 -9999 -9999 -9999 -9999 -9999 -9999 24.76 24.76 24.76 24.76 24.76 24.75 24.72 24.61 24.52 24.37 24.13 24.08
-9999 -9999 -9999 -9999 -9999 -9999 -9999 -9999 -9999 -9999 -9999 -9999 -9999 -9999 -9999 -9999 -9999 -9999 -9999 -9999 -9999 -9999 -9999 -9999 -9999 -9999 -9999 -9999 -9999 -9999 -9999 -9999 -9999 -9999 -9999 -9999 -9999 -9999 -9999 -9999 -9999 -9999 -9999 -9999 -9999 -9999 -9999 -9999 -9999 -9999 -9999 -9999 -9999 -9999 -9999 -9999 -9999 -9999 -9999 -9999 -9999 -9999 -9999 -9999 24.76 24.76 24.76 24.76 24.76 24.76 24.75 24.69 24.45 24.34 24.3 24.06 23.86
-9999 -9999 -9999 -9999 -9999 -9999 -9999 -9999 -9999 -9999 -9999 -9999 -9999 -9999 -9999 -9999 -9999 -9999 -9999 -9999 -9999 -9999 -9999 -9999 -9999 -9999 -9999 -9999 -9999 -9999 -9999 -9999 -9999 -9999 -9999 -9999 -9999 -9999 -9999 -9999 -9999 -9999 -9999 -9999 -9999 -9999 -9999 -9999 -9999 -9999 -9999 -9999 -9999 -9999 -9999 -9999 -9999 -9999 -9999 -9999 -9999 -9999 -9999 24.76 24.76 24.76 24.76 24.76 24.76 24.76 24.75 24.69 24.4 24.2 24.17 24.03 23.75
-9999 -9999 -9999 -9999 -9999 -9999 -9999 -9999 -9999 -9999 -9999 -9999 -9999 -9999 -9999 -9999 -9999 -9999 -9999 -9999 -9999 -9999 -9999 -9999 -9999 -9999 -9999 -9999 -9999 -9999 -9999 -9999 -9999 -9999 -9999 -9999 -9999 -9999 -9999 -9999 -9999 -9999 -9999 -9999 -9999 -9999 -9999 -9999 -9999 -9999 -9999 -9999 -9999 -9999 -9999 -9999 -9999 -9999 -9999 -9999 -9999 -9999 24.76 24.76 24.76 24.76 24.76 24.76 24.76 24.76 24.76 24.72 24.53 24.22 24.01 23.93 23.72
-9999 -9999 -9999 -9999 -9999 -9999 -9999 -9999 -9999 -9999 -9999 -9999 -9999 -9999 -9999 -9999 -9999 -9999 -9999 -9999 -9999 -9999 -9999 -9999 -9999 -9999 -9999 -9999 -9999 -9999 -9999 -9999 -9999 -9999 -9999 -9999 -9999 -9999 -9999 -9999 -9999 -9999 -9999 -9999 -9999 -9999 -9999 -9999 -9999 -9999 -9999 -9999 -9999 -9999 -9999 -9999 -9999 -9999 -9999 -9999 -9999 24.76 24.76 24.76 24.76 24.76 24.76 24.76 24.76 24.76 24.76 24.72 24.53 24.21 23.88 23.79 23.7
-9999 -9999 -9999 -9999 -9999 -9999 -9999 -9999 -9999 -9999 -9999 -9999 -9999 -9999 -9999 -9999 -9999 -9999 -9999 -9999 -9999 -9999 -9999 -9999 -9999 -9999 -9999 -9999 -9999 -9999 -9999 -9999 -9999 -9999 -9999 -9999 -9999 -9999 -9999 -9999 -9999 -9999 -9999 -9999 -9999 -9999 -9999 -9999 -9999 -9999 -9999 -9999 -9999 -9999 -9999 -9999 -9999 -9999 -9999 24.76 24.76 24.76 24.76 24.76 24.76 24.76 24.76 24.76 24.76 24.76 24.76 24.73 24.57 24.23 23.83 23.63 23.54
-9999 -9999 -9999 -9999 -9999 -9999 -9999 -9999 -9999 -9999 -9999 -9999 -9999 -9999 -9999 -9999 -9999 -9999 -9999 -9999 -9999 -9999 -9999 -9999 -9999 -9999 -9999 -9999 -9999 -9999 -9999 -9999 -9999 -9999 -9999 -9999 -9999 -9999 -9999 -9999 -9999 -9999 -9999 -9999 -9999 -9999 -9999 -9999 -9999 -9999 -9999 -9999 -9999 -9999 -9999 -9999 -9999 24.76 24.76 24.76 24.76 24.76 24.76 24.76 24.76 24.76 24.76 24.76 24.76 24.76 24.75 24.69 24.5 24.13 23.77 23.5 23.38
-9999 -9999 -9999 -9999 -9999 -9999 -9999 -9999 -9999 -9999 -9999 -9999 -9999 -9999 -9999 -9999 -9999 -9999 -9999 -9999 -9999 -9999 -9999 -9999 -9999 -9999 -9999 -9999 -9999 -9999 -9999 -9999 -9999 -9999 -9999 -9999 -9999 -9999 -9999 -9999 -9999 -9999 -9999 -9999 -9999 -9999 -9999 -9999 -9999 -9999 -9999 -9999 -9999 -9999 -9999 24.76 24.76 24.76 24.76 24.76 24.76 24.76 24.75 24.76 24.76 24.76 24.76 24.76 24.76 24.76 24.74 24.63 24.38 24.09 23.86 23.67 23.57
-9999 -9999 -9999 -9999 -9999 -9999 24.78 -9999 -9999 -9999 -9999 -9999 -9999 -9999 -9999 -9999 -9999 -9999 -9999 -9999 -9999 -9999 -9999 -9999 -9999 -9999 -9999 -9999 24.78 24.77 24.77 -9999 -9999 -9999 -9999 -9999 -9999 -9999 -9999 -9999 -9999 -9999 -9999 -9999 -9999 -9999 -9999 -9999 -9999 -9999 -9999 -9999 -9999 -9999 24.76 24.76 24.76 24.76 24.76 24.76 24.76 24.74 24.71 24.72 24.75 24.76 24.76 24.76 24.76 24.76 24.73 24.63 24.45 24.28 24.18 24.06 23.94
-9999 -9999 -9999 -9999 -9999 24.78 24.78 24.78 24.78 24.78 -9999 -9999 -9999 -9999 -9999 -9999 -9999 -9999 -9999 -9999 -9999 -9999 -9999 -9999 -9999 -9999 -9999 24.78 24.78 24.77 24.77 24.77 -9999 -9999 -9999 -9999 -9999 -9999 -9999 -9999 -9999 -9999 -9999 -9999 -9999 -9999 -9999 -9999 -9999 -9999 -9999 -9999 -9999 24.76 24.76 24.76 24.76 24.76 24.76 24.76 24.75 24.7 24.59 24.6 24.7 24.75 24.76 24.76 24.75 24.75 24.75 24.71 24.64 24.54 24.48 24.35 24.16
-9999 -9999 -9999 -9999 24.79 24.79 24.79 24.78 24.78 24.78 24.78 -9999 -9999 -9999 -9999 -9999 -9999 -9999 -9999 -9999 -9999 -9999 -9999 -9999 24.78 24.78 -9999 24.78 24.78 24.78 24.77 24.77 24.77 -9999 -9999 -9999 -9999 -9999 -9999 -9999 -9999 -9999 -9999 -9999 -9999 -9999 -9999 -9999 -9999 -9999 -9999 -9999 24.76 24.76 24.76 24.76 24.76 24.76 24.76 24.75 24.73 24.63 24.44 24.41 24.58 24.69 24.72 24.73 24.75 24.75 24.75 24.75 24.74 24.7 24.64 24.49 24.35
-9999 -9999 -9999 24.79 24.79 24.79 24.79 24.79 24.78 24.78 24.78 24.78 -9999 -9999 -9999 -9999 -9999 -9999 -9999 -9999 -9999 -9999 24.78 24.78 24.78 24.78 24.78 24.78 24.78 24.78 24.77 24.77 24.77 24.77 -9999 -9999 -9999 -9999 -9999 -9999 -9999 -9999 -9999 -9999 -9999 -9999 -9999 -9999 -9999 -9999 -9999 24.76 24.76 24.76 24.76 24.76 24.76 24.75 24.74 24.68 24.61 24.4 24.15 24.16 24.31 24.47 24.53 24.61 24.71 24.74 24.75 24.75 24.75 24.75 24.71 24.64 24.57
-9999 24.79 24.79 24.79 24.79 24.79 24.79 24.79 24.79 24.78 24.78 24.78 24.78 -9999 -9999 -9999 -9999 -9999 -9999 -9999 24.78 24.78 24.78 24.78 24.78 24.78 24.78 24.78 24.78 24.78 24.77 24.77 24.77 24.77 24.77 -9999 -9999 -9999 -9999 -9999 -9999 -9999 -9999 -9999 -9999 -9999 -9999 -9999 -9999 -9999 24.76 24.76 24.76 24.76 24.76 24.75 24.74 24.71 24.65 24.47 24.16 23.86 23.75 23.85 23.99 24.15 24.29 24.43 24.58 24.69 24.74 24.75 24.75 24.75 24.73 24.7 24.65
24.79 24.79 24.79 24.79 24.79 24.79 24.79 24.79 24.79 24.79 24.78 24.78 24.78 24.78 -9999 24.78 -9999 -9999 24.78 24.78 24.78 24.78 24.78 24.78 24.78 24.78 24.78 24.78 24.78 24.78 24.77 24.77 24.77 24.77 24.77 24.77 24.77 -9999 -9999 -9999 -9999 -9999 -9999 -9999 24.77 24.76 -9999 24.76 24.76 24.76 24.76 24.76 24.76 24.76 24.75 24.71 24.66 24.53 24.3 24.13 23.98 23.7 23.53 23.55 23.65 23.88 24.13 24.3 24.48 24.66 24.74 24.75 24.75 24.74 24.7 24.66 24.62
24.79 24.79 24.79 24.79 24.79 24.77 24.76 24.78 24.79 24.79 24.79 24.78 24.78 24.78 24.78 24.78 24.78 24.78 24.78 24.78 24.78 24.78 24.78 24.78 24.78 24.78 24.78 24.78 24.77 24.75 24.73 24.77 24.77 24.77 24.77 24.77 24.77 24.77 -9999 -9999 -9999 -9999 -9999 24.77 24.76 24.76 24.76 24.76 24.76 24.76 24.76 24.76 24.76 24.75 24.72 24.59 24.47 24.37 24.14 23.9 23.72 23.51 23.31 23.31 23.53 23.93 24.26 24.48 24.64 24.71 24.74 24.75 24.74 24.67 24.53 24.53 24.54
24.79 24.79 24.79 24.79 24.77 24.67 24.62 24.74 24.78 24.79 24.79 24.79 24.78 24.78 24.78 24.78 24.78 24.78 24.78 24.78 24.78 24.78 24.78 24.78 24.78 24.78 24.78 24.76 24.68 24.64 24.63 24.74 24.77 24.77 24.77 24.77 24.77 24.77 24.77 -9999 -9999 24.77 24.77 24.77 24.76 24.76 24.76 24.76 24.76 24.76 24.76 24.76 24.76 24.73 24.65 24.49 24.3 24.19 24 23.75 23.47 23.29 23.23 23.33 23.69 24.05 24.31 24.54 24.67 24.72 24.74 24.73 24.7 24.58 24.34 24.3 24.34
24.79 24.79 24.79 24.78 24.73 24.49 24.34 24.58 24.74 24.79 24.79 24.79 24.79 24.79 24.78 24.78 24.78 24.78 24.78 24.78 24.78 24.78 24.77 24.76 24.72 24.73 24.74 24.67 24.49 24.47 24.57 24.73 24.77 24.77 24.77 24.77 24.77 24.77 24.77 24.77 24.77 24.77 24.77 24.77 24.76 24.76 24.76 24.76 24.76 24.76 24.76 24.76 24.76 24.74 24.65 24.42 24.17 24 23.84 23.59 23.3 23.23 23.41 23.63 23.84 24.07 24.28 24.48 24.63 24.69 24.7 24.68 24.64 24.54 24.33 24.16 24.1
24.78 24.78 24.77 24.74 24.64 24.29 24.11 24.3 24.65 24.77 24.79 24.79 24.79 24.79 24.79 24.78 24.78 24.78 24.78 24.78 24.77 24.76 24.71 24.6 24.52 24.58 24.6 24.49 24.39 24.5 24.66 24.76 24.77 24.77 24.77 24.77 24.77 24.77 24.77 24.77 24.77 24.77 24.77 24.76 24.76 24.76 24.76 24.76 24.76 24.76 24.76 24.75 24.76 24.75 24.68 24.4 24.08 23.85 23.63 23.37 23.17 23.33 23.67 23.91 24.03 24.19 24.36 24.48 24.6 24.66 24.64 24.58 24.51 24.42 24.27 24.07 23.86
24.72 24.72 24.62 24.53 24.31 24.01 24.06 24.33 24.64 24.77 24.79 24.79 24.79 24.79 24.78 24.76 24.78 24.78 24.77 24.77 24.74 24.67 24.54 24.32 24.3 24.39 24.35 24.34 24.43 24.6 24.72 24.77 24.77 24.76 24.75 24.74 24.75 24.76 24.77 24.77 24.77 24.77 24.77 24.75 24.73 24.73 24.75 24.75 24.74 24.74 24.74 24.73 24.74 24.74 24.66 24.37 24.03 23.73 23.43 23.16 23.09 23.4 23.76 24.02 24.18 24.31 24.43 24.52 24.59 24.61 24.56 24.46 24.33 24.22 24.09 23.93 23.66
24.56 24.59 24.39 24.19 23.96 23.87 24.06 24.4 24.67 24.78 24.79 24.79 24.76 24.76 24.72 24.69 24.76 24.77 24.72 24.71 24.65 24.5 24.36 24.16 24.23 24.26 24.17 24.25 24.45 24.64 24.71 24.75 24.76 24.72 24.61 24.56 24.62 24.72 24.77 24.77 24.77 24.77 24.76 24.71 24.59 24.57 24.68 24.68 24.64 24.66 24.69 24.64 24.65 24.69 24.62 24.41 24.09 23.72 23.38 23.07 23.01 23.36 23.71 23.96 24.13 24.27 24.38 24.48 24.53 24.53 24.46 24.36 24.18 23.98 23.77 23.59 23.45
24.4 24.46 24.25 24 23.78 23.75 24 24.36 24.64 24.77 24.79 24.76 24.63 24.62 24.56 24.59 24.71 24.69 24.55 24.55 24.52 24.33 24.24 24.1 24.14 24.16 24.05 24.18 24.44 24.58 24.59 24.7 24.74 24.65 24.45 24.32 24.41 24.64 24.75 24.77 24.77 24.75 24.71 24.58 24.37 24.33 24.49 24.51 24.4 24.45 24.57 24.5 24.45 24.53 24.56 24.45 24.22 23.85 23.51 23.17 23 23.25 23.54 23.75 23.95 24.13 24.3 24.38 24.43 24.41 24.32 24.23 24.05 23.75 23.35 23.03 23.04
24.29 24.34 24.13 23.86 23.65 23.71 23.99 24.33 24.62 24.76 24.79 24.74 24.54 24.38 24.34 24.46 24.61 24.57 24.38 24.38 24.38 24.21 24.14 24.01 24.01 24.05 23.96 24.1 24.39 24.45 24.46 24.66 24.71 24.6 24.36 24.22 24.34 24.61 24.75 24.77 24.75 24.71 24.62 24.42 24.19 24.13 24.25 24.28 24.16 24.2 24.4 24.37 24.22 24.26 24.4 24.4 24.29 24.07 23.75 23.38 23.11 23.11 23.27 23.53 23.82 24.06 24.24 24.23 24.29 24.27 24.13 24.03 23.93 23.65 23.07 22.49 22.5
24.13 24.22 24.03 23.75 23.65 23.86 24.14 24.4 24.63 24.76 24.78 24.74 24.53 24.26 24.17 24.3 24.5 24.49 24.31 24.28 24.27 24.09 24.02 23.9 23.86 23.92 23.88 24.02 24.27 24.28 24.39 24.63 24.69 24.59 24.32 24.18 24.33 24.57 24.73 24.77 24.72 24.58 24.48 24.36 24.11 23.96 24.01 24.05 23.94 23.94 24.21 24.26 24.05 24 24.18 24.2 24.17 24.09 23.94 23.63 23.26 23.01 23.11 23.46 23.78 24 24.08 23.97 24.11 24.11 23.94 23.75 23.71 23.44 22.83 22.2 22.18
23.99 24.12 23.94 23.68 23.71 24.05 24.33 24.55 24.68 24.76 24.76 24.71 24.53 24.24 24.09 24.23 24.43 24.4 24.21 24.18 24.15 23.96 23.89 23.77 23.69 23.76 23.76 23.91 24.08 24.12 24.31 24.52 24.62 24.59 24.33 24.12 24.19 24.41 24.66 24.75 24.67 24.39 24.28 24.29 24.12 23.87 23.76 23.77 23.7 23.68 23.96 24.03 23.9 23.76 23.86 23.82 23.79 23.78 23.78 23.67 23.35 23.05 23.11 23.42 23.63 23.81 23.79 23.7 23.93 23.92 23.75 23.42 23.25 23.07 22.53 22.02 21.96
23.86 24.01 23.81 23.56 23.73 24.13 24.47 24.64 24.71 24.74 24.71 24.63 24.42 24.16 24.02 24.18 24.28 24.29 24.17 24.1 24.05 23.86 23.74 23.65 23.58 23.63 23.65 23.78 23.87 23.96 24.18 24.33 24.49 24.53 24.27 24.03 24.05 24.23 24.53 24.7 24.66 24.37 24.13 24.13 24.08 23.83 23.6 23.5 23.43 23.42 23.58 23.69 23.68 23.48 23.45 23.41 23.31 23.31 23.4 23.42 23.22 22.99 23.04 23.22 23.36 23.46 23.44 23.52 23.73 23.66 23.43 23.07 22.68 22.49 22.18 21.89 21.95
23.79 23.83 23.63 23.51 23.73 24.15 24.49 24.63 24.66 24.67 24.6 24.44 24.19 23.97 23.89 24.05 24.04 24.08 24.1 24 23.94 23.82 23.61 23.55 23.48 23.47 23.5 23.64 23.66 23.78 23.98 24.2 24.44 24.47 24.18 23.96 23.99 24.13 24.26 24.61 24.67 24.43 24.05 23.92 23.96 23.85 23.62 23.4 23.23 23.17 23.22 23.36 23.41 23.27 23.14 23.1 22.92 22.88 23.03 23.08 22.99 22.78 22.75 22.87 23.04 23.13 23.12 23.29 23.35 23.28 23.08 22.61 22.26 22.11 21.92 21.79 22.04
23.56 23.53 23.55 23.69 23.94 24.25 24.48 24.53 24.51 24.54 24.42 24.23 23.94 23.71 23.76 23.92 23.86 23.91 23.98 23.87 23.75 23.75 23.64 23.52 23.37 23.31 23.37 23.46 23.43 23.58 23.91 24.27 24.46 24.36 24.03 23.82 23.87 23.96 24.06 24.43 24.65 24.51 24.09 23.79 23.73 23.72 23.66 23.49 23.27 23.12 23.02 23.07 23.14 23.03 22.88 22.82 22.71 22.68 22.77 22.83 22.77 22.61 22.58 22.64 22.71 22.77 22.78 22.84 22.81 22.75 22.57 22.21 22.05 22.01 21.95 21.88 22
23.31 23.36 23.59 23.9 24.2 24.41 24.47 24.41 24.31 24.41 24.35 24.13 23.84 23.57 23.67 23.82 23.74 23.8 23.9 23.79 23.58 23.58 23.48 23.46 23.35 23.22 23.23 23.26 23.26 23.5 23.87 24.25 24.41 24.21 23.84 23.64 23.67 23.76 23.91 24.3 24.62 24.53 24.15 23.78 23.57 23.49 23.51 23.49 23.37 23.21 22.99 22.82 22.73 22.67 22.64 22.66 22.78 22.99 23.06 23.05 22.98 22.91 22.95 22.91 22.84 22.86 22.77 22.77 22.6 22.32 22.18 22.12 22.11 22.11 22.06 21.95 21.96
23.26 23.49 23.79 24.11 24.33 24.38 24.33 24.23 24.14 24.28 24.23 24.04 23.8 23.49 23.55 23.66 23.59 23.66 23.76 23.62 23.42 23.4 23.31 23.31 23.22 23.12 23.09 23.12 23.22 23.45 23.66 23.92 24.2 24.13 23.77 23.51 23.5 23.64 23.9 24.29 24.57 24.43 24.09 23.79 23.56 23.4 23.33 23.3 23.22 23.09 22.94 22.74 22.54 22.43 22.52 22.81 23.16 23.44 23.54 23.4 23.26 23.17 23.25 23.21 23.13 23.21 23.14 23.1 22.95 22.66 22.39 22.32 22.32 22.24 22.13 22.06 22.07
23.33 23.67 23.98 24.23 24.27 24.19 24.15 24.03 23.98 24.15 24.1 23.91 23.69 23.41 23.42 23.5 23.4 23.44 23.55 23.4 23.22 23.21 23.15 23.11 23 22.96 22.98 23.09 23.19 23.35 23.5 23.69 23.99 24.09 23.78 23.49 23.45 23.65 23.92 24.25 24.5 24.37 24.11 23.88 23.67 23.47 23.3 23.19 23.08 22.97 22.83 22.64 22.47 22.37 22.56 22.98 23.42 23.72 23.85 23.7 23.47 23.35 23.45 23.46 23.42 23.49 23.46 23.35 23.15 22.83 22.52 22.47 22.42 22.26 22.16 22.28 22.44
23.39 23.75 24.07 24.24 24.1 23.91 23.87 23.81 23.78 23.97 23.99 23.87 23.66 23.37 23.29 23.35 23.27 23.23 23.35 23.29 23.11 22.97 22.89 22.85 22.87 22.98 23.09 23.2 23.27 23.39 23.56 23.75 23.98 23.98 23.74 23.51 23.45 23.67 23.96 24.26 24.47 24.32 24.09 23.88 23.71 23.53 23.36 23.24 23.11 22.97 22.76 22.55 22.41 22.36 22.61 23.06 23.45 23.81 24.02 23.94 23.64 23.53 23.66 23.68 23.68 23.73 23.63 23.38 23.09 22.78 22.62 22.55 22.43 22.27 22.21 22.45 22.7
23.4 23.76 24.06 24.19 24.02 23.73 23.56 23.51 23.53 23.7 23.72 23.65 23.55 23.32 23.17 23.16 23.16 23.11 23.19 23.21 23.05 22.8 22.61 22.7 22.92 23.17 23.33 23.42 23.48 23.54 23.68 23.86 23.98 23.81 23.62 23.43 23.4 23.67 24.04 24.32 24.38 24.22 24.01 23.74 23.56 23.45 23.36 23.25 23.13 22.99 22.79 22.57 22.45 22.39 22.63 23.07 23.48 23.9 24.11 24.08 23.84 23.79 23.92 23.91 23.93 23.91 23.69 23.34 23.04 22.82 22.75 22.58 22.47 22.43 22.38 22.59 22.85
