ASPA-UH-SWB2_REPO/input/Gridded_temps/prism_tmin_tutuila_30yr_normal_12.asc
ncols         350
nrows         200
xllcorner     515000
yllcorner     8409000
cellsize      100
NODATA_value  -9999
[rows 102 to 135 of 200, columns 77 to 153 of 350]
23.06 23.32 23.62 23.76 23.63 23.34 23.01 22.86 22.92 23.05 23.05 23.02 23.03 22.92 22.76 22.67 22.68 22.65 22.69 22.76 22.67 22.48 22.28 22.47 22.74 22.96 23.14 23.26 23.38 23.47 23.51 23.56 23.56 23.41 23.23 23.07 23.15 23.49 23.85 24.11 24.02 23.83 23.78 23.56 23.33 23.16 23.07 22.96 22.83 22.72 22.57 22.41 22.28 22.26 22.57 23.02 23.42 23.83 24.05 24.09 23.96 23.96 24.05 24.03 23.97 23.85 23.63 23.33 23.03 22.85 22.79 22.56 22.52 22.62 22.56 22.62 22.86
23 23.23 23.57 23.65 23.46 23.21 22.86 22.61 22.62 22.71 22.74 22.77 22.8 22.71 22.6 22.48 22.45 22.47 22.54 22.62 22.53 22.41 22.3 22.43 22.71 22.97 23.15 23.29 23.43 23.5 23.45 23.37 23.32 23.25 23.09 23.04 23.3 23.65 23.9 24.07 23.92 23.64 23.58 23.46 23.32 23.18 23.06 22.91 22.77 22.63 22.48 22.32 22.22 22.42 22.84 23.2 23.52 23.84 24.07 24.18 24.15 24.16 24.18 24.1 23.92 23.66 23.46 23.26 23.13 23.03 22.83 22.63 22.69 22.84 22.9 22.79 22.91
22.89 23.15 23.51 23.6 23.43 23.12 22.77 22.49 22.4 22.42 22.47 22.53 22.54 22.44 22.4 22.35 22.28 22.29 22.42 22.49 22.39 22.27 22.25 22.38 22.65 22.92 23.09 23.21 23.33 23.42 23.37 23.22 23.11 23.05 22.96 23.09 23.44 23.76 23.93 23.86 23.65 23.4 23.33 23.23 23.16 23.11 23.03 22.9 22.77 22.63 22.46 22.28 22.29 22.64 23.05 23.36 23.66 23.93 24.13 24.24 24.26 24.26 24.19 24.01 23.72 23.49 23.42 23.42 23.37 23.14 22.79 22.72 22.85 22.96 23.14 23.05 22.97
22.79 23.11 23.45 23.53 23.49 23.23 22.83 22.55 22.39 22.28 22.27 22.31 22.31 22.27 22.27 22.23 22.15 22.14 22.27 22.33 22.3 22.24 22.26 22.36 22.56 22.77 22.96 23.08 23.19 23.32 23.33 23.17 22.93 22.83 22.91 23.12 23.39 23.66 23.85 23.7 23.44 23.25 23.16 23.08 22.99 22.95 22.91 22.83 22.72 22.61 22.47 22.3 22.35 22.77 23.17 23.45 23.74 24.01 24.19 24.29 24.31 24.29 24.16 23.85 23.48 23.41 23.59 23.65 23.44 23.08 22.84 22.89 23.03 23.05 23.26 23.45 23.22
22.79 23.11 23.37 23.32 23.3 23.26 22.89 22.64 22.48 22.35 22.27 22.23 22.27 22.27 22.21 22.13 22.06 22.08 22.17 22.24 22.27 22.28 22.29 22.36 22.5 22.68 22.84 22.98 23.14 23.26 23.25 23.09 22.84 22.8 23.03 23.24 23.41 23.62 23.79 23.72 23.54 23.37 23.25 23.14 23.04 22.93 22.83 22.73 22.61 22.53 22.42 22.33 22.54 23.1 23.49 23.71 23.89 24.15 24.29 24.35 24.35 24.31 24.15 23.89 23.55 23.52 23.77 23.75 23.47 23.14 23.03 23.09 23.18 23.18 23.36 23.63 23.57
22.65 22.88 23.1 22.96 22.85 23.02 22.84 22.69 22.6 22.5 22.39 22.31 22.28 22.25 22.16 22.08 22.06 22.13 22.22 22.26 22.3 22.31 22.33 22.39 22.49 22.7 22.94 23.11 23.19 23.16 23.02 22.87 22.75 22.93 23.21 23.39 23.53 23.62 23.65 23.6 23.55 23.5 23.37 23.26 23.17 23.05 22.91 22.78 22.65 22.52 22.39 22.46 22.89 23.38 23.68 23.94 24.09 24.26 24.35 24.38 24.38 24.34 24.24 24 23.68 23.7 23.94 23.81 23.56 23.3 23.28 23.34 23.36 23.36 23.52 23.77 23.82
22.44 22.59 22.68 22.63 22.58 22.68 22.72 22.69 22.64 22.57 22.45 22.34 22.25 22.19 22.13 22.07 22.09 22.17 22.25 22.3 22.33 22.35 22.39 22.45 22.58 22.79 22.98 23 22.96 22.85 22.71 22.69 22.84 23.09 23.28 23.39 23.45 23.43 23.42 23.36 23.36 23.46 23.39 23.25 23.11 23.01 22.91 22.77 22.61 22.43 22.43 22.68 23.16 23.61 23.94 24.14 24.25 24.33 24.38 24.39 24.39 24.37 24.29 24.09 23.84 23.85 24.05 24.02 23.85 23.59 23.61 23.65 23.56 23.46 23.63 23.91 24.01
22.23 22.3 22.37 22.4 22.41 22.49 22.58 22.6 22.58 22.54 22.43 22.32 22.21 22.14 22.09 22.06 22.09 22.16 22.25 22.3 22.33 22.36 22.41 22.5 22.67 22.82 22.82 22.69 22.56 22.46 22.45 22.68 22.98 23.12 23.16 23.19 23.26 23.24 23.22 23.18 23.22 23.32 23.35 23.24 23.07 22.9 22.76 22.63 22.49 22.4 22.59 22.86 23.24 23.68 24.04 24.24 24.33 24.37 24.39 24.4 24.4 24.38 24.32 24.18 23.93 23.86 24.08 24.26 24.12 23.87 23.9 23.94 23.71 23.57 23.67 24 24.23
22.14 22.16 22.19 22.24 22.28 22.36 22.44 22.46 22.46 22.46 22.4 22.32 22.22 22.12 22.08 22.07 22.1 22.16 22.23 22.28 22.31 22.33 22.35 22.39 22.49 22.57 22.52 22.4 22.32 22.33 22.47 22.76 22.88 22.9 22.91 22.96 23.06 23.08 23.03 23.03 23.1 23.17 23.22 23.15 23.02 22.88 22.76 22.62 22.49 22.53 22.85 23.15 23.39 23.77 24.11 24.29 24.36 24.39 24.4 24.41 24.4 24.36 24.25 24.03 23.73 23.62 23.87 24.26 24.3 24.15 24.15 24.08 23.77 23.75 23.81 24.09 24.4
22.13 22.13 22.16 22.2 22.23 22.27 22.29 22.3 22.34 22.42 22.4 22.32 22.22 22.14 22.1 22.1 22.12 22.16 22.2 22.23 22.25 22.24 22.24 22.26 22.29 22.29 22.27 22.25 22.25 22.31 22.43 22.56 22.57 22.57 22.6 22.72 22.88 22.91 22.87 22.93 23.05 23.09 23.11 23.08 23.01 22.91 22.8 22.65 22.53 22.64 23 23.3 23.65 23.99 24.21 24.34 24.39 24.4 24.41 24.41 24.39 24.29 24.05 23.73 23.35 23.18 23.49 24.07 24.38 24.39 24.33 24.11 23.86 23.95 24.03 24.22 24.49
22.14 22.16 22.19 22.21 22.2 22.19 22.19 22.22 22.29 22.38 22.37 22.3 22.24 22.2 22.15 22.12 22.12 22.14 22.15 22.16 22.16 22.15 22.15 22.16 22.18 22.18 22.2 22.22 22.24 22.28 22.31 22.32 22.33 22.35 22.4 22.53 22.7 22.8 22.84 22.95 23.08 23.08 23.09 23.07 22.98 22.85 22.74 22.68 22.64 22.71 23.02 23.35 23.8 24.17 24.31 24.37 24.4 24.41 24.42 24.41 24.36 24.21 23.84 23.43 23.01 22.75 23.11 23.8 24.28 24.46 24.43 24.22 24.08 24.17 24.26 24.34 24.55
22.14 22.19 22.27 22.3 22.27 22.19 22.18 22.2 22.27 22.35 22.39 22.35 22.3 22.25 22.18 22.14 22.12 22.1 22.09 22.09 22.08 22.07 22.07 22.08 22.11 22.13 22.16 22.19 22.21 22.23 22.24 22.25 22.29 22.34 22.4 22.47 22.6 22.8 22.95 23.07 23.17 23.16 23.15 23.09 22.98 22.84 22.78 22.79 22.75 22.72 23.03 23.41 23.88 24.2 24.34 24.38 24.4 24.41 24.42 24.38 24.26 24.03 23.7 23.17 22.85 22.8 23.13 23.76 24.24 24.49 24.51 24.4 24.32 24.38 24.46 24.48 24.6
22.16 22.22 22.35 22.45 22.47 22.3 22.28 22.29 22.33 22.42 22.45 22.38 22.3 22.24 22.18 22.14 22.11 22.08 22.06 22.04 22.02 22 22 22.01 22.03 22.07 22.11 22.14 22.15 22.18 22.21 22.26 22.33 22.39 22.49 22.59 22.72 22.92 23.08 23.22 23.3 23.29 23.25 23.13 22.99 22.92 22.9 22.89 22.77 22.7 23.08 23.48 23.95 24.22 24.35 24.39 24.4 24.42 24.41 24.32 24.03 23.69 23.4 23.07 23.04 23.3 23.58 23.95 24.34 24.52 24.56 24.54 24.5 24.52 24.58 24.6 24.63
22.24 22.31 22.4 22.54 22.63 22.52 22.49 22.48 22.52 22.63 22.57 22.41 22.3 22.27 22.21 22.15 22.11 22.07 22.04 22.01 21.98 21.95 21.94 21.95 21.96 21.98 22.01 22.06 22.09 22.13 22.23 22.39 22.51 22.55 22.59 22.68 22.84 23.01 23.15 23.31 23.4 23.4 23.36 23.23 23.07 23.03 22.98 22.88 22.77 22.78 23.08 23.38 23.77 24.13 24.33 24.39 24.41 24.42 24.39 24.23 23.88 23.64 23.44 23.31 23.34 23.64 24.06 24.28 24.46 24.56 24.58 24.58 24.58 24.59 24.62 24.63 24.64
22.41 22.52 22.6 22.66 22.75 22.79 22.75 22.72 22.76 22.87 22.78 22.59 22.46 22.41 22.29 22.18 22.13 22.08 22.04 21.99 21.95 21.91 21.9 21.88 21.88 21.87 21.87 21.89 21.96 22.08 22.28 22.56 22.78 22.85 22.85 22.83 22.83 22.94 23.11 23.34 23.45 23.47 23.44 23.33 23.2 23.11 23 22.89 22.87 22.98 23.25 23.5 23.8 24.15 24.34 24.39 24.41 24.41 24.37 24.26 24.08 23.91 23.72 23.64 23.53 23.71 24.09 24.39 24.53 24.57 24.58 24.59 24.6 24.62 24.64 24.64 24.65
22.6 22.73 22.81 22.85 22.87 22.95 22.98 22.96 22.96 23.06 23.01 22.81 22.67 22.55 22.37 22.24 22.16 22.1 22.05 22 21.93 21.87 21.85 21.85 21.83 21.79 21.74 21.72 21.86 22.14 22.39 22.57 22.82 22.99 23.04 23.04 23.01 23.09 23.27 23.41 23.5 23.5 23.43 23.27 23.14 23.02 22.97 22.97 23.05 23.2 23.46 23.73 23.98 24.24 24.36 24.39 24.41 24.42 24.4 24.36 24.31 24.17 24.03 23.97 23.78 23.78 23.97 24.43 24.55 24.58 24.59 24.6 24.61 24.63 24.64 24.64 24.65
22.74 22.88 22.97 23 22.96 23 23.13 23.15 23.09 23.17 23.12 22.89 22.81 22.67 22.49 22.31 22.19 22.14 22.11 22.04 21.94 21.85 21.84 21.9 21.85 21.79 21.73 21.77 22.04 22.43 22.63 22.64 22.77 22.97 23.08 23.14 23.2 23.28 23.37 23.47 23.52 23.53 23.43 23.22 23.07 23.01 23.05 23.1 23.26 23.5 23.65 23.91 24.14 24.3 24.37 24.4 24.41 24.42 24.42 24.42 24.4 24.33 24.29 24.28 24.15 24.12 24.21 24.48 24.56 24.58 24.59 24.6 24.61 24.63 24.64 24.64 24.65
22.81 22.96 23.1 23.15 23.07 23.01 23.16 23.32 23.31 23.33 23.25 23.07 22.99 22.78 22.54 22.35 22.25 22.24 22.22 22.14 22.03 21.94 21.85 21.86 21.87 21.87 21.82 21.94 22.28 22.65 22.8 22.79 22.81 22.94 23.06 23.15 23.24 23.33 23.41 23.49 23.54 23.55 23.42 23.23 23.19 23.17 23.18 23.19 23.5 23.75 23.89 24.06 24.25 24.34 24.38 24.4 24.41 24.42 24.43 24.44 24.44 24.44 24.44 24.44 24.43 24.42 24.45 24.54 24.57 24.58 24.59 24.6 24.61 24.63 24.64 24.64 24.65
22.88 23 23.16 23.26 23.24 23.2 23.3 23.46 23.5 23.46 23.34 23.22 23.1 22.89 22.67 22.49 22.4 22.4 22.41 22.34 22.26 22.2 22.08 21.97 22 22.03 22.02 22.17 22.5 22.75 22.85 22.84 22.85 22.96 23.05 23.14 23.24 23.33 23.41 23.49 23.55 23.56 23.47 23.33 23.33 23.34 23.3 23.31 23.6 23.9 24.1 24.22 24.32 24.37 24.39 24.4 24.42 24.43 24.43 24.44 24.45 24.47 24.48 24.49 24.5 24.51 24.53 24.56 24.57 24.58 24.59 24.61 24.61 24.63 24.64 24.64 24.64
22.94 22.98 23.09 23.24 23.35 23.43 23.5 23.58 23.54 23.38 23.17 23.06 23.02 22.92 22.76 22.61 22.54 22.55 22.57 22.53 22.52 22.48 22.4 22.24 22.2 22.22 22.26 22.43 22.66 22.79 22.78 22.73 22.81 22.98 23.08 23.15 23.26 23.37 23.45 23.52 23.58 23.6 23.57 23.51 23.48 23.48 23.39 23.38 23.61 23.91 24.18 24.31 24.36 24.38 24.4 24.41 24.42 24.43 24.44 24.45 24.47 24.48 24.49 24.5 24.52 24.53 24.55 24.56 24.56 24.58 24.59 24.6 24.61 24.62 24.63 24.63 24.64
22.98 22.97 23.01 23.15 23.32 23.51 23.62 23.6 23.43 23.2 23.04 22.97 22.89 22.84 22.78 22.69 22.64 22.67 22.69 22.69 22.74 22.72 22.59 22.41 22.35 22.41 22.48 22.56 22.69 22.75 22.65 22.57 22.77 23 23.11 23.19 23.29 23.4 23.49 23.56 23.61 23.63 23.64 23.62 23.62 23.63 23.54 23.57 23.82 24.07 24.24 24.34 24.38 24.39 24.41 24.42 24.43 24.43 24.44 24.46 24.48 24.48 24.49 24.5 24.52 24.53 24.55 24.55 24.56 24.58 24.6 24.6 24.6 24.61 24.62 24.63 24.63
23.03 22.99 23.01 23.16 23.33 23.51 23.64 23.59 23.35 23.11 23.03 22.98 22.86 22.83 22.84 22.77 22.74 22.77 22.8 22.82 22.9 22.82 22.64 22.55 22.5 22.59 22.69 22.64 22.63 22.68 22.61 22.62 22.86 23.06 23.17 23.26 23.34 23.42 23.51 23.59 23.64 23.65 23.67 23.69 23.78 23.85 23.82 23.81 24.05 24.23 24.32 24.36 24.38 24.4 24.41 24.42 24.43 24.44 24.46 24.48 24.49 24.5 24.51 24.51 24.53 24.54 24.55 24.55 24.57 24.59 24.6 24.6 24.6 24.6 24.61 24.62 24.63
23.12 23.03 23.06 23.23 23.41 23.55 23.68 23.64 23.43 23.23 23.14 23.06 22.88 22.88 22.94 22.87 22.83 22.86 22.92 22.97 23.03 22.9 22.77 22.73 22.68 22.76 22.9 22.79 22.65 22.67 22.69 22.79 23.01 23.16 23.25 23.33 23.4 23.46 23.53 23.6 23.65 23.67 23.69 23.74 23.88 24.01 24.04 24.04 24.17 24.28 24.34 24.37 24.38 24.4 24.41 24.43 24.44 24.45 24.47 24.49 24.5 24.51 24.52 24.52 24.54 24.55 24.56 24.57 24.57 24.59 24.6 24.6 24.6 24.6 24.61 24.62 24.63
23.22 23.1 23.15 23.36 23.54 23.63 23.79 23.77 23.59 23.46 23.35 23.22 23 22.99 23.05 22.98 22.91 22.93 23.06 23.19 23.21 23.08 23.02 22.92 22.85 22.97 23.12 22.98 22.8 22.8 22.86 23.02 23.21 23.3 23.36 23.42 23.47 23.52 23.57 23.62 23.65 23.68 23.71 23.78 23.93 24.05 24.11 24.15 24.22 24.28 24.33 24.37 24.39 24.4 24.42 24.44 24.45 24.47 24.48 24.49 24.5 24.51 24.53 24.53 24.54 24.56 24.57 24.57 24.57 24.58 24.59 24.59 24.6 24.6 24.61 24.62 24.63
23.28 23.15 23.2 23.46 23.68 23.77 23.93 23.98 23.82 23.7 23.56 23.36 23.14 23.1 23.13 23.06 23 23.05 23.27 23.47 23.43 23.38 23.32 23.14 23.12 23.27 23.31 23.07 22.89 22.94 23.05 23.21 23.36 23.44 23.49 23.53 23.56 23.58 23.61 23.64 23.66 23.69 23.74 23.84 23.97 24.06 24.12 24.18 24.24 24.29 24.33 24.37 24.39 24.41 24.43 24.44 24.46 24.47 24.48 24.49 24.5 24.51 24.53 24.54 24.55 24.56 24.57 24.57 24.57 24.58 24.58 24.59 24.6 24.6 24.61 24.62 24.63
23.32 23.21 23.24 23.51 23.78 23.92 24.05 24.13 24.05 23.88 23.64 23.39 23.2 23.15 23.16 23.12 23.09 23.22 23.48 23.65 23.6 23.62 23.56 23.46 23.46 23.51 23.4 23.08 22.87 22.96 23.14 23.32 23.45 23.52 23.57 23.61 23.62 23.64 23.66 23.68 23.69 23.72 23.77 23.87 23.98 24.06 24.13 24.19 24.25 24.3 24.34 24.38 24.39 24.41 24.42 24.44 24.45 24.47 24.48 24.49 24.5 24.51 24.53 24.53 24.54 24.55 24.56 24.57 24.57 24.58 24.58 24.59 24.6 24.61 24.61 24.62 24.63
23.39 23.34 23.34 23.51 23.83 24.02 24.13 24.21 24.16 23.94 23.63 23.39 23.22 23.18 23.2 23.2 23.19 23.36 23.61 23.77 23.77 23.79 23.74 23.69 23.66 23.63 23.46 23.15 22.86 22.87 23.1 23.33 23.48 23.56 23.62 23.65 23.67 23.69 23.71 23.73 23.75 23.78 23.83 23.92 24 24.08 24.14 24.2 24.26 24.3 24.35 24.38 24.39 24.41 24.42 24.43 24.45 24.46 24.47 24.49 24.5 24.51 24.53 24.53 24.53 24.54 24.55 24.56 24.57 24.57 24.58 24.6 24.6 24.61 24.61 24.62 24.63
23.54 23.51 23.49 23.58 23.89 24.1 24.2 24.26 24.21 24.01 23.72 23.41 23.24 23.25 23.28 23.28 23.26 23.37 23.6 23.79 23.88 23.9 23.86 23.81 23.76 23.7 23.56 23.29 23.01 22.94 23.04 23.24 23.44 23.57 23.65 23.69 23.72 23.74 23.76 23.78 23.79 23.84 23.9 23.97 24.05 24.12 24.17 24.22 24.27 24.32 24.36 24.38 24.39 24.41 24.42 24.43 24.45 24.46 24.47 24.49 24.5 24.51 24.53 24.53 24.53 24.54 24.55 24.56 24.57 24.57 24.58 24.59 24.6 24.6 24.61 24.62 24.63
23.69 23.68 23.66 23.64 23.82 24.04 24.2 24.28 24.24 24.03 23.75 23.5 23.4 23.39 23.32 23.24 23.23 23.31 23.5 23.74 23.9 23.97 23.95 23.88 23.84 23.77 23.63 23.39 23.2 23.09 23.08 23.18 23.33 23.53 23.67 23.73 23.76 23.78 23.8 23.81 23.82 23.87 23.94 24.01 24.08 24.14 24.2 24.24 24.3 24.34 24.37 24.39 24.4 24.42 24.43 24.45 24.46 24.47 24.48 24.49 24.5 24.51 24.53 24.53 24.54 24.55 24.55 24.55 24.56 24.57 24.58 24.59 24.6 24.6 24.61 24.62 24.63
23.83 23.83 23.79 23.78 23.77 23.83 24.11 24.28 24.28 24.12 23.89 23.63 23.51 23.49 23.42 23.35 23.35 23.37 23.44 23.66 23.87 23.99 24.01 23.97 23.92 23.81 23.59 23.38 23.3 23.24 23.21 23.27 23.38 23.57 23.7 23.75 23.78 23.81 23.83 23.84 23.87 23.91 23.97 24.04 24.1 24.16 24.22 24.27 24.31 24.35 24.37 24.39 24.4 24.42 24.43 24.45 24.46 24.47 24.48 24.5 24.51 24.52 24.53 24.54 24.55 24.55 24.55 24.55 24.56 24.57 24.57 24.59 24.6 24.6 24.6 24.61 24.63
23.99 23.94 23.89 23.91 23.82 23.82 24.1 24.28 24.32 24.25 24.04 23.74 23.57 23.57 23.55 23.56 23.61 23.58 23.52 23.66 23.87 24.01 24.07 24.05 23.96 23.78 23.52 23.37 23.37 23.35 23.32 23.37 23.45 23.57 23.7 23.77 23.8 23.82 23.85 23.88 23.91 23.94 24 24.06 24.12 24.18 24.23 24.28 24.32 24.34 24.36 24.39 24.41 24.42 24.44 24.46 24.47 24.48 24.49 24.5 24.51 24.52 24.54 24.55 24.55 24.55 24.55 24.56 24.56 24.57 24.57 24.59 24.6 24.6 24.6 24.61 24.63
24.07 23.99 23.98 24 23.92 23.96 24.17 24.31 24.34 24.29 24.12 23.78 23.57 23.6 23.67 23.75 23.85 23.8 23.65 23.74 23.96 24.08 24.13 24.11 24.01 23.81 23.53 23.39 23.42 23.45 23.43 23.45 23.47 23.55 23.69 23.79 23.83 23.84 23.88 23.91 23.94 23.98 24.03 24.08 24.14 24.19 24.24 24.29 24.32 24.34 24.36 24.38 24.4 24.42 24.44 24.45 24.47 24.48 24.49 24.51 24.52 24.53 24.54 24.55 24.55 24.55 24.56 24.56 24.57 24.57 24.58 24.59 24.6 24.6 24.61 24.61 24.63
24.03 24.01 24.08 24.08 24.09 24.19 24.27 24.34 24.35 24.3 24.12 23.78 23.6 23.65 23.77 23.89 23.99 23.94 23.8 23.88 24.05 24.14 24.15 24.14 24.04 23.83 23.56 23.41 23.43 23.5 23.52 23.53 23.51 23.54 23.71 23.82 23.87 23.88 23.91 23.94 23.97 24 24.04 24.09 24.15 24.2 24.24 24.28 24.31 24.33 24.35 24.37 24.39 24.4 24.43 24.44 24.46 24.48 24.49 24.51 24.52 24.54 24.55 24.56 24.56 24.56 24.57 24.57 24.57 24.58 24.58 24.6 24.6 24.61 24.61 24.62 24.63
24.08 24.12 24.21 24.19 24.25 24.32 24.34 24.35 24.33 24.23 23.99 23.73 23.65 23.71 23.85 24 24.08 24.06 23.99 24.02 24.11 24.16 24.16 24.16 24.09 23.91 23.69 23.48 23.43 23.5 23.56 23.56 23.52 23.53 23.7 23.83 23.9 23.92 23.94 23.97 23.99 24.02 24.06 24.1 24.15 24.2 24.24 24.27 24.31 24.33 24.35 24.36 24.38 24.4 24.42 24.44 24.45 24.47 24.49 24.5 24.52 24.54 24.56 24.56 24.57 24.57 24.57 24.57 24.58 24.58 24.58 24.6 24.6 24.61 24.61 24.62 24.63
