ASPA-UH-SWB2_REPO/input/Gridded_temps/prism_tmax_tutuila_30yr_normal_08.asc
ncols         350
nrows         200
xllcorner     515000
yllcorner     8409000
cellsize      100
NODATA_value  -9999
[rows 105 to 139 of 200, columns 0 to 76 of 350]
-9999 -9999 -9999 -9999 -9999 -9999 -9999 -9999 -9999 -9999 -9999 -9999 -9999 -9999 -9999 -9999 -9999 -9999 -9999 -9999 -9999 -9999 -9999 -9999 -9999 -9999 -9999 -9999 -9999 29.4 29.4 29.4 29.4 29.41 29.41 29.41 29.41 29.4 29.3 29.06 28.9 28.78 28.67 28.52 28.33 28.35 28.65 28.76 28.86 29.13 29.25 29.24 29.15 28.94 28.69 28.47 28.28 28.09 27.87 27.72 27.57 27.37 27.21 27.11 27.11 27.03 27.07 27.17 27.15 26.97 26.91 26.94 26.92 27.01 27.25 27.4 27.44
-9999 -9999 -9999 -9999 -9999 -9999 -9999 -9999 -9999 -9999 -9999 -9999 -9999 -9999 -9999 -9999 -9999 -9999 -9999 -9999 -9999 -9999 -9999 -9999 -9999 -9999 -9999 -9999 29.4 29.4 29.4 29.4 29.4 29.41 29.41 29.41 29.4 29.35 29.27 29.06 28.86 28.72 28.62 28.52 28.37 28.25 28.34 28.39 28.55 28.93 29.11 29.14 29.15 29.11 29.01 28.88 28.7 28.47 28.28 28.14 27.94 27.73 27.56 27.35 27.34 27.26 27.21 27.26 27.28 27.09 27.07 27.06 26.93 27 27.2 27.29 27.35
-9999 -9999 -9999 -9999 -9999 -9999 -9999 -9999 -9999 -9999 -9999 -9999 -9999 -9999 -9999 -9999 -9999 -9999 -9999 -9999 -9999 -9999 -9999 -9999 -9999 -9999 -9999 29.39 29.4 29.4 29.4 29.4 29.41 29.4 29.36 29.35 29.33 29.22 29.19 29.16 29.06 28.93 28.79 28.59 28.37 28.18 28.1 28.11 28.35 28.74 28.85 28.91 28.95 28.96 28.93 28.92 28.87 28.74 28.63 28.51 28.31 28.07 27.83 27.48 27.5 27.5 27.48 27.48 27.42 27.28 27.25 27.11 26.91 26.91 27.02 27.11 27.24
-9999 -9999 -9999 -9999 -9999 -9999 -9999 -9999 -9999 -9999 -9999 -9999 -9999 -9999 -9999 -9999 -9999 -9999 -9999 -9999 -9999 -9999 -9999 -9999 -9999 -9999 29.39 29.39 29.4 29.4 29.4 29.4 29.36 29.3 29.2 29.21 29.24 29.1 29.01 29.05 29.02 28.98 28.89 28.72 28.45 28.19 28.03 27.98 28.16 28.46 28.58 28.66 28.65 28.57 28.55 28.66 28.77 28.76 28.69 28.63 28.53 28.22 27.93 27.65 27.66 27.69 27.67 27.61 27.53 27.42 27.28 27.06 26.89 26.85 26.88 26.94 27.05
-9999 -9999 -9999 -9999 -9999 -9999 -9999 -9999 -9999 -9999 -9999 -9999 -9999 -9999 -9999 -9999 -9999 -9999 -9999 -9999 -9999 -9999 -9999 -9999 -9999 29.39 29.39 29.4 29.4 29.4 29.39 29.34 29.2 29.07 29.01 29.08 29.18 29.07 28.91 28.87 28.89 28.91 28.85 28.76 28.64 28.36 28.13 27.96 27.95 28.15 28.32 28.41 28.33 28.14 28.1 28.31 28.51 28.56 28.41 28.37 28.44 28.22 27.97 27.82 27.79 27.77 27.7 27.6 27.5 27.36 27.17 26.99 26.87 26.85 26.85 26.86 26.89
-9999 -9999 -9999 -9999 -9999 -9999 -9999 -9999 -9999 -9999 -9999 -9999 -9999 -9999 -9999 -9999 -9999 -9999 -9999 -9999 -9999 -9999 -9999 -9999 29.39 29.39 29.4 29.4 29.4 29.38 29.29 29.18 28.99 28.89 28.9 28.99 29.08 29.04 28.89 28.75 28.73 28.81 28.78 28.7 28.63 28.45 28.25 28 27.82 27.86 28.05 28.17 28.09 27.89 27.85 28.06 28.29 28.31 28.11 28.14 28.35 28.36 28.2 27.99 27.84 27.75 27.64 27.52 27.39 27.23 27.05 26.95 26.9 26.89 26.89 26.88 26.86
-9999 -9999 -9999 -9999 -9999 -9999 -9999 -9999 -9999 -9999 -9999 -9999 -9999 -9999 -9999 -9999 -9999 -9999 -9999 -9999 -9999 -9999 -9999 -9999 29.39 29.4 29.4 29.4 29.4 29.32 29.09 28.98 28.86 28.78 28.77 28.83 28.92 28.95 28.84 28.65 28.55 28.62 28.67 28.61 28.55 28.47 28.33 28.09 27.83 27.7 27.75 27.87 27.84 27.69 27.7 27.9 28.11 28.12 27.94 27.97 28.17 28.23 28.17 27.92 27.74 27.64 27.56 27.46 27.31 27.16 27.04 26.98 26.98 26.98 26.98 26.94 26.89
-9999 -9999 -9999 -9999 -9999 -9999 -9999 -9999 -9999 -9999 -9999 -9999 -9999 -9999 -9999 -9999 -9999 -9999 -9999 -9999 -9999 -9999 -9999 -9999 29.4 29.4 29.4 29.41 29.4 29.3 29 28.86 28.77 28.67 28.61 28.62 28.72 28.83 28.75 28.56 28.4 28.38 28.48 28.49 28.4 28.35 28.32 28.17 27.9 27.67 27.54 27.52 27.5 27.44 27.5 27.71 27.88 27.86 27.75 27.81 27.93 27.94 27.9 27.8 27.63 27.48 27.42 27.37 27.28 27.15 27.06 27.04 27.07 27.06 27.03 26.98 26.91
-9999 -9999 -9999 -9999 -9999 -9999 -9999 -9999 -9999 -9999 -9999 -9999 -9999 -9999 -9999 -9999 -9999 -9999 -9999 -9999 -9999 -9999 -9999 -9999 29.4 29.4 29.41 29.41 29.41 29.33 29.1 28.88 28.72 28.6 28.48 28.43 28.53 28.65 28.65 28.53 28.36 28.22 28.24 28.3 28.21 28.1 28.09 28.09 27.94 27.73 27.53 27.36 27.25 27.21 27.26 27.41 27.53 27.51 27.51 27.61 27.68 27.67 27.71 27.72 27.6 27.43 27.3 27.23 27.17 27.1 27.05 27.07 27.12 27.09 27.02 26.96 26.91
-9999 -9999 -9999 -9999 -9999 -9999 -9999 -9999 -9999 -9999 -9999 -9999 -9999 -9999 -9999 29.37 -9999 -9999 -9999 -9999 -9999 -9999 29.39 29.4 29.4 29.4 29.41 29.41 29.41 29.36 29.22 29.01 28.8 28.69 28.53 28.37 28.35 28.43 28.47 28.44 28.32 28.12 28.04 28.1 28.06 27.94 27.85 27.85 27.85 27.75 27.57 27.33 27.16 27.1 27.13 27.22 27.28 27.32 27.4 27.51 27.57 27.55 27.58 27.62 27.57 27.4 27.26 27.14 27.09 27.07 27.06 27.11 27.19 27.13 27.03 26.95 26.93
-9999 -9999 -9999 -9999 -9999 -9999 -9999 -9999 -9999 -9999 -9999 -9999 -9999 -9999 -9999 29.37 29.38 -9999 29.38 29.39 29.39 29.39 29.39 29.4 29.4 29.41 29.41 29.41 29.4 29.34 29.23 29.11 28.97 28.87 28.72 28.48 28.35 28.3 28.24 28.25 28.17 28 27.9 27.94 27.95 27.86 27.75 27.67 27.65 27.59 27.46 27.25 27.11 27.09 27.15 27.22 27.27 27.37 27.51 27.63 27.65 27.57 27.51 27.49 27.45 27.34 27.23 27.17 27.19 27.23 27.25 27.27 27.32 27.28 27.13 27.06 27.03
-9999 -9999 -9999 -9999 -9999 -9999 -9999 -9999 -9999 -9999 -9999 -9999 -9999 -9999 29.37 29.38 29.38 29.38 29.38 29.39 29.39 29.39 29.4 29.4 29.41 29.41 29.41 29.42 29.41 29.31 29.19 29.13 29.02 28.93 28.84 28.68 28.5 28.3 28.14 28.08 28.02 27.91 27.82 27.81 27.82 27.76 27.66 27.53 27.43 27.37 27.29 27.19 27.17 27.21 27.25 27.3 27.38 27.51 27.67 27.76 27.71 27.59 27.47 27.43 27.43 27.42 27.39 27.39 27.46 27.55 27.56 27.56 27.56 27.59 27.43 27.27 27.17
-9999 -9999 -9999 -9999 -9999 -9999 -9999 -9999 -9999 -9999 -9999 -9999 -9999 29.37 29.37 29.38 29.38 29.38 29.39 29.39 29.39 29.39 29.4 29.4 29.41 29.41 29.41 29.42 29.38 29.23 29.07 29 28.89 28.79 28.74 28.67 28.62 28.45 28.26 28.08 27.96 27.85 27.74 27.69 27.7 27.69 27.62 27.47 27.33 27.32 27.36 27.35 27.38 27.46 27.45 27.46 27.56 27.7 27.81 27.81 27.66 27.52 27.46 27.59 27.69 27.68 27.63 27.67 27.71 27.78 27.82 27.86 27.82 27.84 27.68 27.43 27.35
-9999 -9999 -9999 -9999 -9999 -9999 -9999 -9999 -9999 -9999 -9999 -9999 29.37 29.37 29.37 29.38 29.38 29.38 29.39 29.39 29.39 29.4 29.4 29.4 29.41 29.41 29.42 29.4 29.31 29.08 28.91 28.83 28.73 28.58 28.49 28.46 28.51 28.48 28.29 28.08 27.95 27.84 27.71 27.62 27.64 27.72 27.73 27.56 27.44 27.5 27.62 27.64 27.67 27.78 27.74 27.69 27.81 27.9 27.95 27.87 27.72 27.62 27.47 27.63 27.88 27.9 27.88 27.99 27.99 27.97 28.02 28.13 28.08 28 27.85 27.67 27.55
-9999 -9999 -9999 -9999 -9999 -9999 -9999 -9999 -9999 -9999 -9999 29.37 29.37 29.37 29.38 29.38 29.38 29.39 29.39 29.39 29.4 29.4 29.4 29.38 29.37 29.38 29.39 29.34 29.19 28.94 28.79 28.7 28.57 28.37 28.25 28.23 28.32 28.38 28.24 28.09 28.01 27.91 27.76 27.64 27.64 27.76 27.84 27.72 27.61 27.69 27.85 27.93 27.97 28.08 28 27.97 28.05 28.12 28.08 27.92 27.86 27.89 27.72 27.73 28.02 28.15 28.08 28.26 28.24 28.14 28.19 28.34 28.27 28.11 27.91 27.74 27.66
-9999 -9999 -9999 -9999 -9999 -9999 -9999 -9999 -9999 -9999 29.37 29.37 29.37 29.37 29.38 29.38 29.38 29.39 29.39 29.38 29.38 29.37 29.33 29.25 29.16 29.18 29.22 29.21 29.07 28.83 28.7 28.63 28.52 28.36 28.22 28.19 28.28 28.33 28.23 28.12 28.05 27.94 27.82 27.76 27.76 27.84 27.95 27.88 27.83 27.93 28.07 28.24 28.27 28.36 28.29 28.32 28.34 28.33 28.14 27.94 28.04 28.16 28.03 27.88 28.08 28.34 28.35 28.43 28.42 28.38 28.4 28.47 28.32 28.1 27.93 27.82 27.79
-9999 -9999 -9999 -9999 -9999 -9999 -9999 -9999 -9999 -9999 29.37 29.37 29.37 29.38 29.38 29.38 29.38 29.38 29.37 29.32 29.25 29.2 29.11 28.92 28.74 28.79 28.88 28.93 28.84 28.68 28.64 28.67 28.65 28.53 28.4 28.44 28.5 28.45 28.26 28.09 28.01 27.93 27.87 27.92 27.96 27.97 28.07 28.03 27.98 28.11 28.24 28.45 28.53 28.6 28.57 28.68 28.62 28.46 28.17 28.01 28.17 28.33 28.2 28.02 28.11 28.42 28.58 28.6 28.6 28.68 28.68 28.6 28.37 28.08 27.93 27.9 27.9
-9999 -9999 -9999 -9999 -9999 -9999 -9999 -9999 -9999 -9999 29.37 29.37 29.37 29.38 29.38 29.38 29.35 29.33 29.34 29.28 29.1 28.87 28.8 28.71 28.58 28.58 28.68 28.75 28.72 28.66 28.75 28.87 28.85 28.69 28.6 28.7 28.74 28.65 28.41 28.2 28.06 28 27.98 28.07 28.13 28.08 28.18 28.13 28.1 28.29 28.41 28.58 28.75 28.85 28.87 28.87 28.74 28.53 28.26 28.09 28.2 28.41 28.37 28.19 28.16 28.39 28.62 28.76 28.82 28.89 28.8 28.59 28.32 28.08 27.96 27.98 27.98
-9999 -9999 -9999 -9999 -9999 -9999 -9999 -9999 -9999 -9999 29.37 29.37 29.38 29.38 29.38 29.37 29.3 29.17 29.32 29.36 29.21 28.89 28.91 28.91 28.74 28.62 28.73 28.87 28.89 28.83 28.96 29.11 29.08 28.96 28.89 28.92 28.91 28.81 28.56 28.36 28.19 28.09 28.04 28.15 28.25 28.17 28.27 28.24 28.22 28.4 28.57 28.72 28.96 29.12 29.12 28.93 28.75 28.58 28.37 28.19 28.26 28.5 28.55 28.35 28.24 28.37 28.6 28.84 28.97 29.01 28.83 28.54 28.32 28.12 28.04 28.09 28.09
-9999 -9999 -9999 -9999 -9999 -9999 -9999 -9999 -9999 -9999 -9999 29.37 29.38 29.38 29.38 29.38 29.33 29.22 29.35 29.39 29.34 29.22 29.26 29.28 29.11 28.9 28.96 29.08 29.11 29.09 29.19 29.28 29.29 29.25 29.18 29.12 29.06 28.93 28.7 28.48 28.34 28.21 28.12 28.27 28.39 28.29 28.37 28.39 28.35 28.44 28.67 28.91 29.17 29.34 29.28 29.03 28.89 28.73 28.52 28.34 28.37 28.6 28.71 28.56 28.38 28.39 28.56 28.8 29.02 29.11 28.94 28.61 28.41 28.25 28.19 28.23 28.24
-9999 -9999 -9999 -9999 -9999 -9999 -9999 -9999 -9999 -9999 -9999 -9999 29.38 29.38 29.38 29.39 29.38 29.37 29.39 29.4 29.39 29.38 29.4 29.39 29.32 29.23 29.23 29.26 29.3 29.33 29.37 29.4 29.41 29.39 29.34 29.26 29.12 28.96 28.75 28.54 28.46 28.35 28.29 28.43 28.54 28.43 28.44 28.55 28.55 28.55 28.71 29.04 29.33 29.46 29.43 29.29 29.2 28.93 28.69 28.56 28.57 28.72 28.85 28.77 28.55 28.44 28.54 28.75 29.03 29.19 29.03 28.69 28.52 28.4 28.36 28.4 28.4
-9999 -9999 -9999 -9999 -9999 -9999 -9999 -9999 -9999 -9999 -9999 -9999 -9999 29.38 29.38 29.39 29.39 29.4 29.4 29.4 29.41 29.41 29.41 29.42 29.41 29.39 29.39 29.39 29.41 29.43 29.44 29.44 29.44 29.43 29.4 29.32 29.11 28.89 28.69 28.55 28.56 28.47 28.46 28.6 28.68 28.56 28.5 28.66 28.77 28.75 28.82 29.11 29.4 29.52 29.53 29.51 29.46 29.22 28.93 28.84 28.82 28.88 28.98 28.94 28.78 28.59 28.6 28.77 29.06 29.25 29.11 28.81 28.65 28.57 28.56 28.58 28.51
-9999 -9999 -9999 -9999 -9999 -9999 -9999 -9999 -9999 -9999 -9999 -9999 -9999 -9999 29.39 29.39 29.4 29.4 29.4 29.41 29.41 29.41 29.42 29.42 29.42 29.43 29.43 29.43 29.44 29.45 29.45 29.46 29.46 29.45 29.4 29.28 29.07 28.84 28.63 28.59 28.66 28.55 28.58 28.72 28.8 28.71 28.61 28.73 28.92 28.96 28.96 29.2 29.45 29.56 29.57 29.57 29.56 29.44 29.24 29.11 29.02 29 29.07 29.08 28.98 28.78 28.7 28.8 29.02 29.26 29.26 29.01 28.8 28.77 28.78 28.7 28.54
-9999 -9999 -9999 -9999 -9999 -9999 -9999 -9999 -9999 -9999 -9999 -9999 -9999 -9999 -9999 29.39 29.4 29.4 29.4 29.41 29.41 29.41 29.42 29.42 29.43 29.43 29.44 29.44 29.45 29.45 29.46 29.46 29.46 29.46 29.4 29.17 28.98 28.85 28.75 28.76 28.75 28.64 28.69 28.81 28.91 28.85 28.74 28.86 29.09 29.2 29.26 29.41 29.53 29.58 29.59 29.59 29.59 29.56 29.49 29.35 29.15 29.06 29.14 29.2 29.12 28.94 28.82 28.85 28.96 29.21 29.37 29.2 28.95 28.94 28.88 28.7 28.55
-9999 -9999 -9999 -9999 -9999 -9999 -9999 -9999 -9999 -9999 -9999 -9999 -9999 -9999 -9999 29.39 29.4 29.4 29.4 -9999 29.41 29.42 29.42 29.42 29.43 29.44 29.44 29.44 29.45 29.45 29.46 29.46 29.47 29.46 29.4 29.33 29.25 29.2 29.07 28.94 28.81 28.7 28.78 28.9 29.02 28.97 28.85 28.99 29.25 29.41 29.49 29.54 29.57 29.58 29.59 29.59 29.6 29.6 29.57 29.46 29.22 29.1 29.18 29.28 29.24 29.1 28.95 28.95 29.04 29.24 29.41 29.26 29.07 29.05 28.9 28.75 28.66
-9999 -9999 -9999 -9999 -9999 -9999 -9999 -9999 -9999 -9999 -9999 -9999 -9999 -9999 -9999 -9999 29.4 29.4 -9999 -9999 -9999 29.42 29.42 29.42 29.43 29.44 29.44 29.45 29.45 29.45 29.46 29.46 29.47 29.45 29.39 29.41 29.44 29.44 29.38 29.24 29.04 28.87 28.87 29.05 29.2 29.1 28.94 29.08 29.35 29.5 29.56 29.58 29.58 29.59 29.59 29.6 29.6 29.6 29.58 29.51 29.35 29.21 29.24 29.34 29.34 29.19 29.04 29.05 29.17 29.36 29.46 29.26 29.11 29.13 29.02 28.88 28.8
-9999 -9999 -9999 -9999 -9999 -9999 -9999 -9999 -9999 -9999 -9999 -9999 -9999 -9999 -9999 -9999 -9999 -9999 -9999 -9999 -9999 -9999 -9999 -9999 29.43 29.44 29.44 29.45 29.45 29.46 29.46 29.47 29.47 29.46 29.44 29.47 29.49 29.49 29.49 29.47 29.45 29.27 29.09 29.21 29.35 29.19 29.02 29.19 29.45 29.54 29.57 29.58 29.59 29.59 29.6 29.6 29.61 29.6 29.57 29.51 29.38 29.26 29.31 29.41 29.4 29.23 29.08 29.16 29.32 29.46 29.5 29.31 29.14 29.24 29.2 29.02 28.95
-9999 -9999 -9999 -9999 -9999 -9999 -9999 -9999 -9999 -9999 -9999 -9999 -9999 -9999 -9999 -9999 -9999 -9999 -9999 -9999 -9999 -9999 -9999 -9999 -9999 29.44 29.44 29.45 29.45 -9999 29.46 29.47 29.47 29.47 29.47 29.49 29.5 29.5 29.51 29.51 29.51 29.47 29.42 29.45 29.47 29.36 29.16 29.25 29.49 29.56 29.58 29.59 29.59 29.6 29.6 29.61 29.61 29.61 29.58 29.51 29.39 29.29 29.39 29.49 29.49 29.37 29.19 29.27 29.46 29.55 29.56 29.41 29.19 29.32 29.29 29.14 29.14
-9999 -9999 -9999 -9999 -9999 -9999 -9999 -9999 -9999 -9999 -9999 -9999 -9999 -9999 -9999 -9999 -9999 -9999 -9999 -9999 -9999 -9999 -9999 -9999 -9999 -9999 -9999 -9999 -9999 -9999 -9999 29.47 29.48 29.48 29.48 29.49 29.5 29.5 29.51 29.52 29.52 29.52 29.52 29.53 29.54 29.5 29.39 29.39 29.52 29.57 29.58 29.59 29.59 29.6 29.6 29.61 29.61 29.61 29.61 29.58 29.51 29.46 29.53 29.58 29.58 29.52 29.39 29.4 29.55 29.61 29.6 29.46 29.26 29.4 29.39 29.31 29.32
-9999 -9999 -9999 -9999 -9999 -9999 -9999 -9999 -9999 -9999 -9999 -9999 -9999 -9999 -9999 -9999 -9999 -9999 -9999 -9999 -9999 -9999 -9999 -9999 -9999 -9999 -9999 -9999 -9999 -9999 -9999 -9999 29.48 29.49 29.49 29.5 29.5 29.51 29.51 29.52 29.52 29.53 29.54 29.54 29.55 29.55 29.53 29.54 29.56 29.58 29.59 29.59 29.6 29.6 29.61 29.61 29.61 29.62 29.62 29.61 29.6 29.59 29.61 29.61 29.62 29.6 29.54 29.53 29.6 29.63 29.6 29.47 29.31 29.47 29.52 29.48 29.37
-9999 -9999 -9999 -9999 -9999 -9999 -9999 -9999 -9999 -9999 -9999 -9999 -9999 -9999 -9999 -9999 -9999 -9999 -9999 -9999 -9999 -9999 -9999 -9999 -9999 -9999 -9999 -9999 -9999 -9999 -9999 -9999 -9999 29.49 29.49 29.5 29.5 29.51 29.51 29.52 29.53 29.53 29.54 29.55 29.55 29.56 29.56 29.57 29.57 29.58 29.59 29.59 29.6 -9999 -9999 29.61 29.62 29.62 29.62 29.62 29.62 29.62 29.62 29.62 29.63 29.62 29.61 29.61 29.63 29.63 29.61 29.54 29.43 29.55 29.59 29.55 29.41
-9999 -9999 -9999 -9999 -9999 -9999 -9999 -9999 -9999 -9999 -9999 -9999 -9999 -9999 -9999 -9999 -9999 -9999 -9999 -9999 -9999 -9999 -9999 -9999 -9999 -9999 -9999 -9999 -9999 -9999 -9999 -9999 -9999 -9999 29.5 29.5 -9999 29.51 29.52 29.52 29.53 29.54 29.54 29.55 29.55 29.56 29.57 29.57 29.58 29.58 29.59 -9999 -9999 -9999 -9999 -9999 -9999 29.62 29.62 29.62 29.62 29.62 29.62 29.63 29.63 29.63 29.63 29.63 29.63 29.63 29.63 29.6 29.56 29.61 29.62 29.6 29.48
-9999 -9999 -9999 -9999 -9999 -9999 -9999 -9999 -9999 -9999 -9999 -9999 -9999 -9999 -9999 -9999 -9999 -9999 -9999 -9999 -9999 -9999 -9999 -9999 -9999 -9999 -9999 -9999 -9999 -9999 -9999 -9999 -9999 -9999 -9999 -9999 -9999 -9999 -9999 -9999 -9999 29.54 29.54 29.55 29.56 29.56 29.57 29.57 29.58 29.58 -9999 -9999 -9999 -9999 -9999 -9999 -9999 -9999 29.62 29.62 29.62 29.62 29.63 29.63 29.63 29.63 29.63 29.63 29.63 29.63 29.63 29.63 29.62 29.64 29.64 29.62 29.52
-9999 -9999 -9999 -9999 -9999 -9999 -9999 -9999 -9999 -9999 -9999 -9999 -9999 -9999 -9999 -9999 -9999 -9999 -9999 -9999 -9999 -9999 -9999 -9999 -9999 -9999 -9999 -9999 -9999 -9999 -9999 -9999 -9999 -9999 -9999 -9999 -9999 -9999 -9999 -9999 -9999 -9999 29.55 29.55 29.56 29.56 29.57 29.58 29.58 29.58 -9999 -9999 -9999 -9999 -9999 -9999 -9999 -9999 -9999 29.62 29.62 29.63 29.63 29.63 29.63 29.63 29.63 29.63 29.63 29.63 29.63 29.64 29.64 29.64 29.64 29.63 29.57
-9999 -9999 -9999 -9999 -9999 -9999 -9999 -9999 -9999 -9999 -9999 -9999 -9999 -9999 -9999 -9999 -9999 -9999 -9999 -9999 -9999 -9999 -9999 -9999 -9999 -9999 -9999 -9999 -9999 -9999 -9999 -9999 -9999 -9999 -9999 -9999 -9999 -9999 -9999 -9999 -9999 -9999 -9999 -9999 -9999 -9999 29.57 29.58 29.58 -9999 -9999 -9999 -9999 -9999 -9999 -9999 -9999 -9999 -9999 29.62 29.63 29.63 29.63 29.63 29.63 29.63 29.63 29.63 29.63 29.63 29.64 29.64 29.64 29.64 29.64 29.64 29.62
