ASPA-UH-SWB2_REPO/input/Gridded_temps/prism_tmin_tutuila_30yr_normal_11.asc
ncols         350
nrows         200
xllcorner     515000
yllcorner     8409000
cellsize      100
NODATA_value  -9999
[rows 105 to 139 of 200, columns 77 to 153 of 350]
22.5 22.82 23.16 23.24 23.21 22.95 22.55 22.27 22.11 22 22 22.03 22.04 22 22 21.96 21.88 21.89 22.02 22.08 22.05 22 22.02 22.12 22.32 22.54 22.73 22.86 22.97 23.11 23.12 22.96 22.73 22.63 22.72 22.94 23.21 23.48 23.67 23.54 23.28 23.09 23.02 22.93 22.85 22.81 22.78 22.71 22.6 22.49 22.36 22.19 22.24 22.67 23.08 23.36 23.65 23.92 24.11 24.22 24.24 24.22 24.09 23.78 23.4 23.34 23.53 23.59 23.38 23.02 22.78 22.83 22.97 22.99 23.2 23.39 23.17
22.5 22.82 23.08 23.03 23.01 22.97 22.6 22.35 22.2 22.07 21.99 21.95 22 22 21.94 21.86 21.8 21.82 21.91 21.99 22.01 22.03 22.04 22.12 22.26 22.45 22.61 22.75 22.91 23.05 23.04 22.89 22.64 22.6 22.84 23.05 23.23 23.44 23.62 23.56 23.38 23.22 23.1 23 22.91 22.8 22.7 22.61 22.5 22.41 22.31 22.23 22.45 23 23.4 23.62 23.81 24.07 24.21 24.27 24.28 24.24 24.09 23.83 23.49 23.45 23.71 23.69 23.41 23.08 22.98 23.03 23.12 23.13 23.3 23.57 23.51
22.35 22.58 22.8 22.67 22.56 22.73 22.55 22.4 22.31 22.21 22.1 22.03 22.01 21.97 21.88 21.8 21.8 21.86 21.95 22 22.04 22.06 22.08 22.14 22.25 22.46 22.7 22.88 22.96 22.94 22.81 22.66 22.55 22.73 23.02 23.2 23.35 23.44 23.48 23.43 23.39 23.34 23.22 23.12 23.03 22.92 22.78 22.66 22.53 22.4 22.28 22.35 22.79 23.29 23.59 23.85 24 24.18 24.27 24.3 24.3 24.27 24.17 23.93 23.62 23.64 23.88 23.75 23.5 23.24 23.22 23.28 23.3 23.3 23.46 23.72 23.77
22.14 22.29 22.39 22.34 22.28 22.39 22.43 22.4 22.36 22.28 22.16 22.05 21.97 21.91 21.85 21.79 21.82 21.9 21.99 22.04 22.07 22.09 22.14 22.2 22.34 22.55 22.74 22.77 22.73 22.63 22.5 22.48 22.63 22.89 23.08 23.19 23.27 23.25 23.24 23.19 23.2 23.3 23.24 23.11 22.97 22.87 22.78 22.65 22.49 22.32 22.32 22.58 23.06 23.52 23.85 24.06 24.17 24.25 24.3 24.32 24.32 24.3 24.23 24.03 23.78 23.79 23.99 23.96 23.8 23.53 23.55 23.6 23.51 23.41 23.57 23.86 23.96
21.92 22 22.07 22.1 22.11 22.19 22.28 22.31 22.29 22.25 22.14 22.03 21.93 21.86 21.81 21.78 21.82 21.89 21.98 22.03 22.07 22.1 22.15 22.25 22.42 22.57 22.58 22.46 22.33 22.24 22.24 22.47 22.78 22.92 22.97 23 23.07 23.06 23.04 23.01 23.06 23.17 23.2 23.1 22.93 22.77 22.63 22.51 22.37 22.29 22.49 22.76 23.14 23.59 23.95 24.15 24.25 24.29 24.32 24.33 24.33 24.31 24.26 24.12 23.87 23.8 24.02 24.21 24.06 23.81 23.85 23.88 23.66 23.52 23.62 23.95 24.18
21.83 21.85 21.88 21.93 21.98 22.06 22.14 22.16 22.17 22.17 22.11 22.03 21.93 21.84 21.8 21.79 21.82 21.88 21.95 22.01 22.05 22.07 22.09 22.14 22.24 22.32 22.28 22.17 22.09 22.1 22.25 22.54 22.68 22.69 22.71 22.77 22.87 22.9 22.85 22.86 22.94 23.02 23.07 23.01 22.88 22.75 22.63 22.5 22.37 22.42 22.74 23.06 23.3 23.68 24.02 24.21 24.28 24.31 24.33 24.34 24.33 24.29 24.19 23.97 23.67 23.56 23.82 24.21 24.25 24.1 24.1 24.03 23.72 23.7 23.76 24.04 24.35
21.82 21.83 21.85 21.89 21.92 21.97 21.99 22 22.04 22.12 22.11 22.03 21.93 21.85 21.82 21.81 21.84 21.88 21.92 21.96 21.98 21.98 21.98 22 22.04 22.04 22.03 22.01 22.02 22.08 22.21 22.34 22.36 22.36 22.4 22.52 22.69 22.73 22.69 22.76 22.89 22.94 22.96 22.94 22.87 22.77 22.68 22.53 22.41 22.53 22.89 23.21 23.56 23.9 24.13 24.26 24.31 24.32 24.34 24.35 24.32 24.23 23.99 23.67 23.29 23.12 23.44 24.01 24.33 24.34 24.28 24.06 23.81 23.9 23.98 24.17 24.44
21.83 21.85 21.88 21.9 21.89 21.88 21.88 21.91 21.99 22.08 22.07 22.01 21.94 21.9 21.86 21.83 21.84 21.85 21.87 21.88 21.89 21.89 21.89 21.9 21.92 21.94 21.96 21.98 22.01 22.05 22.09 22.11 22.12 22.15 22.2 22.33 22.51 22.61 22.66 22.78 22.92 22.93 22.94 22.92 22.84 22.72 22.62 22.56 22.52 22.6 22.92 23.25 23.7 24.08 24.23 24.29 24.32 24.33 24.34 24.34 24.29 24.15 23.78 23.37 22.95 22.7 23.06 23.74 24.23 24.41 24.38 24.17 24.03 24.12 24.21 24.29 24.51
21.83 21.87 21.96 21.99 21.95 21.88 21.87 21.89 21.96 22.05 22.08 22.05 22 21.95 21.89 21.85 21.83 21.82 21.81 21.81 21.8 21.8 21.8 21.82 21.85 21.88 21.92 21.95 21.97 22 22.02 22.04 22.08 22.13 22.19 22.27 22.41 22.61 22.77 22.9 23.01 23.01 23 22.95 22.84 22.71 22.65 22.68 22.63 22.61 22.92 23.32 23.79 24.12 24.26 24.3 24.32 24.34 24.35 24.31 24.19 23.97 23.64 23.11 22.79 22.74 23.08 23.7 24.19 24.44 24.46 24.35 24.27 24.33 24.41 24.43 24.55
21.84 21.9 22.03 22.13 22.15 21.99 21.96 21.98 22.02 22.11 22.14 22.07 21.99 21.94 21.88 21.85 21.82 21.79 21.77 21.75 21.74 21.73 21.73 21.74 21.77 21.82 21.86 21.89 21.92 21.95 21.99 22.04 22.12 22.18 22.28 22.39 22.53 22.73 22.9 23.05 23.13 23.14 23.1 22.99 22.85 22.79 22.77 22.77 22.66 22.6 22.98 23.38 23.86 24.14 24.26 24.31 24.33 24.34 24.34 24.25 23.97 23.63 23.34 23.02 22.99 23.24 23.53 23.9 24.29 24.48 24.51 24.49 24.45 24.47 24.53 24.55 24.58
21.92 21.99 22.08 22.22 22.31 22.2 22.17 22.16 22.2 22.31 22.26 22.1 21.99 21.96 21.9 21.85 21.82 21.78 21.75 21.72 21.69 21.67 21.67 21.68 21.7 21.72 21.77 21.81 21.85 21.9 22 22.17 22.3 22.34 22.38 22.47 22.65 22.82 22.97 23.14 23.23 23.25 23.22 23.08 22.93 22.9 22.86 22.77 22.66 22.67 22.98 23.29 23.68 24.04 24.25 24.31 24.33 24.35 24.32 24.16 23.82 23.58 23.38 23.26 23.29 23.59 24 24.23 24.41 24.51 24.53 24.54 24.54 24.54 24.57 24.59 24.6
22.08 22.19 22.27 22.34 22.43 22.47 22.43 22.4 22.44 22.55 22.47 22.28 22.15 22.1 21.98 21.88 21.83 21.79 21.75 21.7 21.66 21.63 21.62 21.61 21.61 21.61 21.61 21.64 21.72 21.85 22.04 22.34 22.56 22.64 22.64 22.62 22.64 22.75 22.93 23.17 23.28 23.31 23.29 23.19 23.06 22.97 22.88 22.78 22.76 22.87 23.16 23.41 23.71 24.07 24.26 24.31 24.34 24.35 24.31 24.19 24.02 23.85 23.67 23.59 23.47 23.66 24.04 24.34 24.48 24.52 24.54 24.55 24.56 24.57 24.59 24.6 24.6
22.27 22.4 22.48 22.52 22.55 22.62 22.65 22.63 22.64 22.74 22.7 22.5 22.36 22.24 22.06 21.93 21.85 21.8 21.76 21.7 21.64 21.58 21.57 21.58 21.56 21.53 21.48 21.47 21.61 21.89 22.15 22.35 22.6 22.77 22.83 22.83 22.82 22.9 23.08 23.24 23.33 23.34 23.27 23.12 23 22.9 22.85 22.86 22.94 23.1 23.36 23.64 23.89 24.16 24.28 24.32 24.34 24.35 24.33 24.29 24.25 24.11 23.97 23.92 23.72 23.73 23.92 24.38 24.5 24.53 24.54 24.56 24.57 24.58 24.59 24.6 24.6
22.41 22.55 22.64 22.67 22.63 22.67 22.8 22.82 22.77 22.85 22.8 22.57 22.49 22.36 22.18 22 21.88 21.84 21.8 21.74 21.65 21.56 21.56 21.62 21.58 21.52 21.47 21.52 21.79 22.19 22.4 22.41 22.54 22.76 22.88 22.94 23 23.09 23.2 23.3 23.35 23.37 23.27 23.07 22.94 22.88 22.93 22.98 23.15 23.4 23.55 23.82 24.05 24.21 24.29 24.32 24.34 24.35 24.36 24.36 24.34 24.27 24.23 24.23 24.1 24.07 24.16 24.44 24.51 24.53 24.54 24.56 24.57 24.58 24.59 24.6 24.61
22.48 22.63 22.77 22.82 22.73 22.68 22.83 22.99 22.98 23 22.93 22.75 22.67 22.46 22.23 22.04 21.95 21.94 21.92 21.85 21.74 21.65 21.56 21.58 21.6 21.6 21.56 21.69 22.03 22.4 22.56 22.56 22.59 22.72 22.84 22.94 23.04 23.14 23.23 23.31 23.37 23.38 23.27 23.08 23.05 23.04 23.06 23.08 23.39 23.65 23.79 23.96 24.16 24.26 24.3 24.33 24.34 24.35 24.37 24.38 24.38 24.38 24.38 24.39 24.38 24.37 24.4 24.49 24.52 24.53 24.54 24.56 24.57 24.59 24.59 24.6 24.6
22.54 22.66 22.83 22.93 22.9 22.86 22.97 23.13 23.17 23.13 23.02 22.89 22.78 22.57 22.35 22.18 22.09 22.1 22.11 22.03 21.97 21.9 21.79 21.69 21.72 21.75 21.75 21.91 22.24 22.51 22.61 22.61 22.62 22.74 22.84 22.93 23.04 23.14 23.23 23.32 23.39 23.4 23.31 23.19 23.19 23.2 23.17 23.19 23.49 23.8 24 24.12 24.23 24.29 24.31 24.33 24.35 24.36 24.37 24.38 24.39 24.41 24.43 24.44 24.45 24.46 24.48 24.51 24.52 24.53 24.54 24.56 24.57 24.59 24.59 24.59 24.6
22.6 22.64 22.75 22.91 23.01 23.09 23.17 23.25 23.21 23.05 22.85 22.73 22.69 22.6 22.44 22.3 22.23 22.24 22.26 22.22 22.22 22.18 22.11 21.95 21.92 21.94 21.99 22.17 22.4 22.53 22.54 22.49 22.58 22.75 22.86 22.94 23.06 23.17 23.26 23.35 23.41 23.43 23.42 23.36 23.34 23.35 23.27 23.26 23.5 23.81 24.08 24.22 24.27 24.3 24.32 24.34 24.35 24.36 24.37 24.39 24.41 24.42 24.44 24.45 24.47 24.48 24.5 24.51 24.52 24.53 24.55 24.56 24.57 24.58 24.59 24.59 24.59
22.64 22.63 22.67 22.82 22.99 23.17 23.28 23.27 23.1 22.87 22.71 22.64 22.57 22.52 22.46 22.38 22.32 22.35 22.38 22.38 22.43 22.41 22.3 22.12 22.07 22.13 22.2 22.3 22.43 22.49 22.41 22.33 22.54 22.77 22.89 22.98 23.1 23.21 23.31 23.39 23.44 23.46 23.48 23.47 23.48 23.5 23.42 23.45 23.71 23.96 24.14 24.25 24.29 24.31 24.33 24.34 24.36 24.37 24.38 24.4 24.42 24.43 24.44 24.45 24.47 24.49 24.5 24.51 24.52 24.54 24.55 24.56 24.56 24.57 24.58 24.58 24.59
22.69 22.65 22.67 22.82 22.99 23.17 23.3 23.26 23.02 22.78 22.7 22.65 22.53 22.51 22.51 22.45 22.42 22.45 22.48 22.51 22.59 22.52 22.35 22.25 22.22 22.31 22.41 22.36 22.37 22.42 22.36 22.38 22.63 22.84 22.95 23.04 23.13 23.22 23.33 23.41 23.46 23.49 23.51 23.54 23.64 23.72 23.7 23.7 23.94 24.13 24.22 24.27 24.29 24.31 24.33 24.35 24.36 24.38 24.4 24.42 24.43 24.44 24.46 24.46 24.48 24.49 24.5 24.51 24.52 24.54 24.55 24.56 24.56 24.56 24.57 24.58 24.58
22.78 22.69 22.72 22.89 23.07 23.21 23.34 23.3 23.09 22.89 22.81 22.73 22.55 22.55 22.61 22.54 22.51 22.53 22.6 22.65 22.72 22.6 22.47 22.44 22.38 22.47 22.62 22.51 22.39 22.41 22.43 22.55 22.77 22.92 23.02 23.11 23.19 23.26 23.34 23.42 23.47 23.51 23.53 23.58 23.74 23.87 23.91 23.92 24.06 24.18 24.24 24.28 24.3 24.32 24.34 24.36 24.37 24.39 24.41 24.43 24.44 24.46 24.47 24.47 24.49 24.5 24.51 24.52 24.53 24.54 24.55 24.55 24.55 24.56 24.56 24.57 24.58
22.88 22.76 22.81 23.02 23.2 23.29 23.44 23.43 23.25 23.12 23.02 22.89 22.67 22.66 22.72 22.65 22.59 22.61 22.74 22.88 22.9 22.77 22.71 22.62 22.55 22.68 22.83 22.7 22.52 22.54 22.6 22.77 22.96 23.06 23.13 23.2 23.26 23.32 23.37 23.43 23.48 23.51 23.55 23.63 23.79 23.92 23.98 24.04 24.11 24.18 24.24 24.28 24.3 24.33 24.35 24.36 24.38 24.41 24.42 24.43 24.45 24.46 24.48 24.48 24.5 24.51 24.52 24.53 24.53 24.54 24.55 24.55 24.55 24.56 24.56 24.57 24.58
22.93 22.81 22.85 23.12 23.34 23.43 23.59 23.64 23.47 23.36 23.22 23.02 22.8 22.77 22.8 22.73 22.67 22.72 22.95 23.15 23.11 23.06 23.01 22.84 22.82 22.98 23.02 22.79 22.62 22.68 22.79 22.95 23.12 23.21 23.26 23.31 23.34 23.38 23.41 23.45 23.49 23.52 23.58 23.68 23.82 23.92 23.99 24.06 24.13 24.18 24.24 24.28 24.31 24.33 24.35 24.37 24.39 24.41 24.42 24.43 24.45 24.46 24.48 24.49 24.5 24.51 24.52 24.53 24.53 24.54 24.54 24.55 24.55 24.56 24.57 24.58 24.59
22.97 22.86 22.89 23.16 23.43 23.57 23.71 23.79 23.7 23.54 23.3 23.05 22.86 22.81 22.83 22.79 22.76 22.89 23.15 23.32 23.27 23.31 23.25 23.15 23.16 23.21 23.11 22.8 22.59 22.69 22.88 23.07 23.2 23.28 23.34 23.38 23.41 23.43 23.46 23.49 23.51 23.54 23.61 23.71 23.83 23.92 23.99 24.07 24.14 24.19 24.25 24.28 24.31 24.33 24.35 24.37 24.38 24.4 24.42 24.43 24.45 24.46 24.48 24.48 24.49 24.5 24.51 24.52 24.53 24.53 24.54 24.55 24.55 24.56 24.57 24.58 24.59
23.04 22.99 22.99 23.16 23.48 23.67 23.79 23.86 23.82 23.59 23.29 23.05 22.87 22.84 22.87 22.86 22.85 23.03 23.28 23.44 23.45 23.47 23.42 23.38 23.35 23.33 23.17 22.86 22.58 22.59 22.83 23.07 23.23 23.32 23.38 23.43 23.46 23.48 23.51 23.53 23.56 23.6 23.66 23.76 23.85 23.93 24.01 24.08 24.15 24.2 24.25 24.29 24.31 24.33 24.35 24.36 24.38 24.4 24.41 24.43 24.45 24.46 24.48 24.48 24.49 24.5 24.51 24.51 24.52 24.53 24.54 24.55 24.56 24.56 24.57 24.58 24.59
23.19 23.16 23.14 23.23 23.54 23.76 23.85 23.91 23.87 23.66 23.37 23.07 22.9 22.91 22.94 22.94 22.92 23.04 23.27 23.46 23.55 23.58 23.55 23.49 23.46 23.4 23.26 22.99 22.72 22.65 22.77 22.98 23.18 23.32 23.41 23.46 23.5 23.53 23.55 23.58 23.61 23.66 23.73 23.81 23.89 23.97 24.04 24.1 24.16 24.21 24.26 24.29 24.31 24.33 24.35 24.36 24.38 24.4 24.41 24.43 24.45 24.46 24.48 24.48 24.49 24.5 24.51 24.51 24.52 24.53 24.53 24.55 24.56 24.56 24.57 24.58 24.59
23.33 23.33 23.31 23.29 23.47 23.69 23.85 23.93 23.89 23.68 23.4 23.15 23.05 23.05 22.98 22.9 22.89 22.97 23.17 23.41 23.57 23.65 23.63 23.57 23.53 23.47 23.33 23.09 22.91 22.81 22.81 22.92 23.08 23.28 23.43 23.49 23.54 23.56 23.59 23.61 23.64 23.69 23.76 23.85 23.93 24 24.07 24.12 24.18 24.22 24.27 24.3 24.31 24.33 24.35 24.37 24.39 24.4 24.41 24.43 24.45 24.46 24.48 24.48 24.49 24.5 24.51 24.51 24.52 24.52 24.53 24.55 24.55 24.55 24.56 24.57 24.58
23.48 23.48 23.44 23.43 23.42 23.48 23.76 23.93 23.93 23.77 23.54 23.28 23.17 23.15 23.07 23.01 23.01 23.03 23.11 23.33 23.54 23.66 23.69 23.65 23.6 23.49 23.29 23.08 23.01 22.96 22.93 23 23.12 23.32 23.45 23.51 23.55 23.59 23.62 23.64 23.68 23.73 23.8 23.88 23.95 24.02 24.08 24.14 24.2 24.23 24.27 24.3 24.32 24.34 24.36 24.38 24.4 24.41 24.42 24.44 24.45 24.47 24.48 24.49 24.5 24.5 24.51 24.51 24.52 24.52 24.53 24.55 24.55 24.55 24.56 24.57 24.58
23.64 23.59 23.54 23.56 23.47 23.47 23.75 23.93 23.97 23.9 23.69 23.39 23.22 23.22 23.21 23.21 23.26 23.25 23.19 23.32 23.54 23.68 23.75 23.72 23.64 23.46 23.21 23.07 23.07 23.06 23.04 23.09 23.18 23.32 23.45 23.52 23.57 23.6 23.64 23.68 23.72 23.76 23.83 23.9 23.97 24.04 24.1 24.15 24.2 24.23 24.26 24.29 24.32 24.34 24.36 24.39 24.4 24.41 24.43 24.45 24.46 24.47 24.49 24.5 24.5 24.51 24.51 24.51 24.52 24.52 24.53 24.55 24.55 24.55 24.56 24.57 24.58
23.71 23.64 23.63 23.65 23.57 23.61 23.82 23.96 23.99 23.94 23.77 23.43 23.22 23.25 23.33 23.41 23.5 23.45 23.31 23.41 23.62 23.75 23.8 23.78 23.69 23.5 23.23 23.09 23.12 23.15 23.15 23.17 23.21 23.29 23.44 23.55 23.59 23.62 23.66 23.7 23.75 23.79 23.85 23.91 23.98 24.05 24.11 24.15 24.2 24.23 24.26 24.28 24.31 24.33 24.35 24.38 24.4 24.42 24.43 24.45 24.46 24.48 24.49 24.5 24.51 24.51 24.51 24.51 24.52 24.53 24.54 24.55 24.55 24.56 24.56 24.57 24.58
23.68 23.65 23.73 23.73 23.74 23.84 23.92 23.98 24 23.95 23.77 23.43 23.25 23.3 23.42 23.55 23.65 23.59 23.46 23.54 23.72 23.8 23.82 23.81 23.72 23.52 23.25 23.11 23.13 23.21 23.24 23.25 23.24 23.29 23.46 23.58 23.63 23.66 23.69 23.73 23.77 23.81 23.86 23.92 23.99 24.05 24.1 24.15 24.19 24.22 24.25 24.27 24.29 24.32 24.34 24.37 24.39 24.41 24.43 24.45 24.46 24.48 24.5 24.51 24.51 24.52 24.52 24.52 24.53 24.53 24.54 24.55 24.56 24.56 24.56 24.57 24.58
23.72 23.77 23.85 23.84 23.89 23.96 23.99 24 23.98 23.88 23.64 23.38 23.3 23.36 23.5 23.65 23.74 23.72 23.65 23.69 23.78 23.82 23.83 23.83 23.76 23.6 23.37 23.17 23.13 23.2 23.27 23.28 23.24 23.27 23.44 23.59 23.65 23.69 23.72 23.76 23.79 23.83 23.88 23.93 23.99 24.05 24.1 24.14 24.18 24.21 24.23 24.26 24.28 24.31 24.33 24.36 24.38 24.41 24.43 24.44 24.46 24.48 24.5 24.51 24.52 24.52 24.52 24.53 24.53 24.54 24.54 24.55 24.56 24.56 24.57 24.58 24.58
23.83 23.9 23.95 23.94 23.98 24 24 23.99 23.93 23.73 23.49 23.34 23.32 23.37 23.5 23.67 23.76 23.78 23.76 23.77 23.81 23.83 23.84 23.84 23.81 23.69 23.49 23.24 23.13 23.17 23.27 23.29 23.25 23.24 23.38 23.56 23.66 23.71 23.74 23.78 23.81 23.85 23.89 23.93 23.99 24.04 24.09 24.13 24.16 24.2 24.22 24.25 24.28 24.3 24.33 24.35 24.38 24.4 24.42 24.44 24.46 24.48 24.49 24.5 24.51 24.52 24.52 24.53 24.54 24.54 24.54 24.55 24.56 24.56 24.57 24.58 24.58
23.89 23.95 24 24 24.01 24.01 24.01 23.99 23.91 23.68 23.46 23.35 23.34 23.36 23.44 23.61 23.75 23.78 23.79 23.8 23.82 23.83 23.84 23.84 23.81 23.68 23.48 23.27 23.15 23.14 23.22 23.29 23.28 23.26 23.37 23.54 23.67 23.73 23.75 23.79 23.83 23.86 23.9 23.94 23.99 24.04 24.08 24.11 24.15 24.19 24.21 24.25 24.27 24.3 24.32 24.35 24.38 24.4 24.42 24.44 24.46 24.47 24.49 24.5 24.51 24.52 24.53 24.54 24.54 24.54 24.55 24.55 24.56 24.56 24.57 24.58 24.58
23.95 23.99 24.01 24.02 24.02 24.01 24.01 23.99 23.92 23.72 23.52 23.41 23.43 23.45 23.46 23.58 23.71 23.77 23.8 23.81 23.82 23.83 23.84 23.84 23.78 23.62 23.42 23.27 23.18 23.12 23.18 23.29 23.32 23.32 23.41 23.55 23.67 23.74 23.76 23.8 23.84 23.87 23.91 23.94 23.99 24.03 24.06 24.1 24.13 24.17 24.2 24.24 24.27 24.3 24.32 24.35 24.38 24.4 24.42 24.44 24.46 24.47 24.49 24.49 24.51 24.52 24.54 24.54 24.55 24.55 24.55 24.56 24.56 24.57 24.58 24.58 24.58
24 24.02 24.02 24.02 24.02 24.01 24 23.98 23.93 23.77 23.61 23.53 23.6 23.65 23.61 23.62 23.68 23.75 23.8 23.82 23.82 23.83 23.83 23.83 23.75 23.55 23.36 23.26 23.2 23.15 23.18 23.3 23.35 23.35 23.4 23.52 23.65 23.73 23.77 23.8 23.84 23.88 23.91 23.94 23.98 24.01 24.05 24.09 24.12 24.16 24.2 24.23 24.27 24.3 24.33 24.36 24.38 24.4 24.42 24.44 24.45 24.47 24.48 24.49 24.51 24.52 24.54 24.55 24.55 24.55 24.55 24.56 24.57 24.58 24.58 24.59 24.59
