ASPA-UH-SWB2_REPO/input/Gridded_temps/prism_tmax_tutuila_30yr_normal_12.asc
ncols         350
nrows         200
xllcorner     515000
yllcorner     8409000
cellsize      100
NODATA_value  -9999
[rows 68 to 101 of 200, columns 154 to 230 of 350]
30.53 30.34 30.18 30.04 29.88 29.68 29.46 29.21 29.27 29.72 30.2 30.55 30.78 30.9 30.94 30.96 30.96 30.97 30.98 30.99 31 31 31 31.01 31.01 31.01 31.01 31.01 31.02 31.02 31.02 31.02 31.03 31.03 31.03 31.03 31.04 31.04 31.04 31.04 31.05 31.05 31.05 31.05 31.05 31.06 31.06 31.06 31.07 31.07 31.07 31.07 31.07 31.08 31.08 31.08 31.08 31.08 31.03 30.84 30.43 30.09 29.89 29.48 29.07 28.59 28.19 27.95 27.79 27.85 28.16 28.3 28.22 28.48 28.91 29.3 29.56
30.4 30.25 30.03 29.82 29.68 29.52 29.29 29.09 29.3 29.8 30.28 30.61 30.82 30.92 30.95 30.95 30.94 30.92 30.92 30.94 30.97 30.98 30.99 30.99 31 31 31.01 31.01 31.01 31.02 31.02 31.02 31.02 31.02 31.03 31.03 31.03 31.03 31.04 31.04 31.04 31.04 31.05 31.05 31.05 31.05 31.06 31.06 31.06 31.06 31.07 31.07 31.07 31.07 31.08 31.08 31.08 31.07 30.97 30.62 30.25 29.92 29.66 29.33 28.92 28.46 28.19 28.28 28.36 28.23 28.05 27.97 28.09 28.63 29.09 29.31 29.43
30.15 30.07 29.89 29.67 29.45 29.3 29.1 29.04 29.42 29.94 30.38 30.64 30.82 30.91 30.93 30.9 30.83 30.7 30.74 30.8 30.88 30.92 30.92 30.91 30.95 30.98 30.99 31 31.01 31.01 31.01 31.01 31.02 31.02 31.02 31.02 31.03 31.03 31.03 31.04 31.04 31.04 31.04 31.04 31.05 31.05 31.05 31.06 31.06 31.06 31.06 31.07 31.07 31.07 31.07 31.08 31.08 31.05 30.89 30.62 30.44 30.24 30.06 29.8 29.35 28.95 28.83 28.93 29.1 28.75 28.5 28.28 28.39 28.8 29.24 29.3 29.24
29.87 29.8 29.65 29.45 29.21 29.02 28.94 29.1 29.48 29.97 30.35 30.57 30.76 30.88 30.89 30.81 30.65 30.36 30.37 30.5 30.7 30.81 30.77 30.7 30.77 30.89 30.95 30.98 31 31.01 31.01 31.01 31.01 31.01 31.02 31.02 31.02 31.02 31.03 31.03 31.03 31.04 31.04 31.04 31.04 31.05 31.05 31.05 31.06 31.06 31.06 31.06 31.07 31.07 31.07 31.07 31.07 31.04 30.92 30.8 30.71 30.57 30.4 30.08 29.58 29.35 29.34 29.33 29.47 29.31 29.29 29.01 28.98 29.03 29.4 29.46 29.26
29.61 29.54 29.36 29.12 28.97 28.94 29.07 29.38 29.68 30.06 30.35 30.57 30.77 30.86 30.82 30.7 30.47 30.09 29.91 30.24 30.57 30.65 30.57 30.37 30.46 30.68 30.82 30.9 30.96 30.99 31 31 31 31 31 31.01 31 31 31.01 31.03 31.03 31.03 31.03 31.04 31.04 31.04 31.04 31.05 31.05 31.06 31.06 31.06 31.06 31.07 31.07 31.07 31.07 31.04 30.98 30.88 30.69 30.47 30.29 29.86 29.44 29.49 29.69 29.73 29.78 29.78 29.81 29.62 29.57 29.5 29.6 29.69 29.43
29.42 29.27 29.1 28.88 28.88 29.11 29.46 29.75 30.06 30.32 30.53 30.68 30.79 30.81 30.71 30.54 30.29 29.88 29.78 30.18 30.4 30.37 30.26 30.03 30.11 30.43 30.6 30.75 30.88 30.96 30.98 30.99 30.99 30.97 30.94 30.93 30.93 30.94 30.97 31.01 31.03 31.03 31.03 31.03 31.04 31.04 31.04 31.04 31.05 31.05 31.05 31.06 31.06 31.06 31.06 31.07 31.07 31.04 30.97 30.77 30.47 30.13 29.87 29.51 29.16 29.44 29.85 30.04 30.05 30.1 30.1 29.87 29.82 29.84 29.86 29.82 29.52
29.36 29.04 28.86 28.79 28.96 29.29 29.68 30.04 30.3 30.48 30.63 30.73 30.78 30.77 30.64 30.38 30.11 29.92 29.83 30.03 30.07 29.97 29.89 29.68 29.73 30.04 30.34 30.6 30.84 30.93 30.96 30.96 30.93 30.87 30.77 30.76 30.8 30.9 30.97 31 31.02 31.02 31.03 31.03 31.03 31.03 31.04 31.04 31.05 31.05 31.05 31.05 31.06 31.06 31.06 31.06 31.07 31.05 30.98 30.76 30.36 30.11 29.81 29.36 29.12 29.39 29.86 30.16 30.25 30.33 30.29 30.02 30.01 30.03 29.96 29.8 29.51
29.27 28.93 28.77 28.82 28.97 29.29 29.7 30.05 30.29 30.49 30.64 30.73 30.76 30.75 30.66 30.51 30.36 30.22 30.02 29.93 29.83 29.62 29.51 29.48 29.61 29.98 30.4 30.7 30.86 30.91 30.92 30.91 30.85 30.7 30.54 30.65 30.79 30.91 30.98 31.01 31.02 31.02 31.02 31.03 31.03 31.03 31.03 31.04 31.04 31.05 31.05 31.05 31.05 31.06 31.06 31.06 31.06 31.05 31 30.86 30.54 30.22 29.8 29.45 29.26 29.52 29.96 30.22 30.37 30.53 30.5 30.27 30.14 30 29.82 29.6 29.38
29.15 29 29.06 29.13 29.16 29.47 29.85 30.19 30.38 30.54 30.64 30.68 30.68 30.66 30.62 30.56 30.48 30.32 30.1 29.92 29.74 29.45 29.31 29.43 29.81 30.24 30.52 30.67 30.79 30.84 30.84 30.8 30.68 30.47 30.46 30.73 30.88 30.95 30.99 31 31.01 31.02 31.02 31.02 31.02 31.03 31.03 31.03 31.04 31.04 31.04 31.05 31.05 31.05 31.06 31.06 31.05 31 30.9 30.72 30.43 30.1 29.81 29.51 29.38 29.58 29.94 30.18 30.34 30.58 30.74 30.54 30.3 30.13 29.94 29.72 29.6
29.33 29.24 29.45 29.45 29.34 29.62 29.99 30.3 30.46 30.54 30.57 30.56 30.53 30.5 30.48 30.44 30.39 30.3 30.11 29.96 29.76 29.48 29.4 29.61 29.99 30.3 30.36 30.37 30.59 30.7 30.7 30.63 30.43 30.27 30.49 30.77 30.9 30.95 30.98 30.99 31 31.01 31.01 31.02 31.02 31.02 31.03 31.03 31.03 31.04 31.04 31.04 31.05 31.05 31.05 31.06 31.04 30.92 30.66 30.47 30.31 30.1 29.8 29.64 29.63 29.77 30.05 30.27 30.45 30.64 30.84 30.76 30.59 30.36 30.14 29.92 29.88
29.63 29.52 29.73 29.63 29.41 29.53 29.93 30.27 30.41 30.46 30.47 30.41 30.34 30.32 30.3 30.19 30.17 30.23 30.1 29.89 29.62 29.4 29.42 29.65 29.92 30.07 30.01 29.95 30.35 30.5 30.45 30.4 30.2 30.17 30.53 30.78 30.88 30.92 30.95 30.98 31 31 31.01 31.01 31.02 31.02 31.02 31.03 31.03 31.03 31.03 31.04 31.04 31.05 31.05 31.05 31.04 30.95 30.67 30.46 30.33 30.14 29.94 29.9 29.85 29.91 30.16 30.37 30.57 30.75 30.89 30.85 30.62 30.32 30.12 29.99 30.03
29.89 29.8 29.95 29.81 29.6 29.56 29.83 30.16 30.3 30.35 30.36 30.3 30.16 30.07 30.08 29.92 29.96 30.1 29.97 29.74 29.41 29.21 29.31 29.46 29.61 29.7 29.68 29.69 30.08 30.16 30.01 29.99 30.02 30.28 30.59 30.73 30.79 30.82 30.86 30.93 30.98 30.99 31 31 31.01 31.01 31.02 31.02 31.02 31.03 31.03 31.03 31.04 31.04 31.05 31.05 31.05 31.02 30.92 30.68 30.43 30.24 30.12 30.04 29.91 29.91 30.15 30.37 30.59 30.79 30.93 30.91 30.69 30.39 30.18 30.05 30.09
30.22 30.17 30.2 30.06 29.86 29.66 29.77 30.02 30.17 30.22 30.25 30.24 30.08 29.85 29.87 29.74 29.83 29.92 29.79 29.59 29.24 29.01 29.13 29.28 29.4 29.47 29.47 29.5 29.71 29.73 29.58 29.64 29.94 30.27 30.45 30.51 30.53 30.55 30.66 30.85 30.95 30.97 30.95 30.95 30.99 31.01 31.01 31.02 31.02 31.02 31.03 31.03 31.03 31.04 31.04 31.05 31.05 31.04 30.99 30.8 30.47 30.29 30.24 30.11 29.98 30 30.21 30.48 30.72 30.89 30.96 30.93 30.76 30.5 30.29 30.16 30.11
30.53 30.44 30.36 30.17 29.9 29.61 29.63 29.85 30 30.07 30.09 30.13 30.05 29.79 29.63 29.5 29.62 29.64 29.56 29.27 28.97 28.83 28.98 29.19 29.37 29.44 29.39 29.37 29.47 29.49 29.39 29.46 29.73 29.96 30.06 30.1 30.11 30.17 30.46 30.78 30.9 30.9 30.82 30.76 30.9 30.95 31 31.01 31.02 31.02 31.02 31.03 31.03 31.03 31.04 31.04 31.05 31.04 31 30.83 30.46 30.32 30.32 30.18 30.12 30.15 30.27 30.59 30.88 30.99 30.94 30.8 30.63 30.44 30.38 30.31 30.2
30.63 30.47 30.28 30.08 29.81 29.41 29.36 29.55 29.77 29.86 29.86 29.94 29.98 29.73 29.3 29.04 29.13 29.06 29 28.7 28.61 28.68 28.95 29.25 29.47 29.59 29.48 29.43 29.53 29.56 29.52 29.58 29.74 29.86 29.89 29.91 29.88 30.09 30.47 30.71 30.8 30.77 30.59 30.51 30.68 30.8 30.95 31 31.01 31.02 31.02 31.02 31.03 31.03 31.03 31.04 31.04 31.04 31.02 30.86 30.5 30.39 30.36 30.26 30.3 30.31 30.3 30.58 30.91 31.01 30.9 30.72 30.5 30.45 30.52 30.45 30.34
30.58 30.34 30.07 29.83 29.53 29.13 28.99 29.16 29.41 29.62 29.57 29.71 29.86 29.62 29.04 28.47 28.44 28.48 28.46 28.47 28.64 28.87 29.18 29.43 29.62 29.77 29.65 29.63 29.75 29.8 29.75 29.87 30.02 30.03 30.01 30.1 30.1 30.15 30.34 30.49 30.54 30.54 30.46 30.54 30.81 30.91 30.98 31 31.01 31.01 31.02 31.02 31.02 31.03 31.03 31.03 31.04 31.04 31.02 30.88 30.58 30.46 30.37 30.33 30.45 30.48 30.34 30.52 30.88 31.02 30.97 30.8 30.52 30.55 30.71 30.7 30.65
30.53 30.38 30.19 29.89 29.37 28.98 28.79 28.75 29.11 29.43 29.34 29.55 29.73 29.54 28.96 28.26 28.09 28.2 28.32 28.59 28.98 29.28 29.53 29.7 29.81 29.92 29.9 30.04 30 30.03 29.94 30.02 30.22 30.34 30.22 30.32 30.39 30.27 30.16 30.24 30.46 30.65 30.73 30.82 30.94 30.98 30.99 31 31.01 31.01 31.01 31.02 31.02 31.02 31.03 31.03 31.04 31.04 31.03 30.94 30.65 30.49 30.45 30.55 30.62 30.6 30.4 30.46 30.79 31 31.02 30.87 30.59 30.71 30.92 30.98 31
30.37 30.32 30.16 29.85 29.4 28.98 28.69 28.47 28.95 29.13 29 29.3 29.51 29.36 28.85 28.26 28.09 28.24 28.5 28.84 29.22 29.53 29.66 29.75 29.93 30.08 30.21 30.39 30.4 30.48 30.42 30.25 30.34 30.59 30.43 30.47 30.6 30.47 30.32 30.49 30.74 30.87 30.91 30.94 30.98 30.99 30.99 30.99 31 31.01 31.01 31.01 31.02 31.02 31.02 31.03 31.03 31.04 31.03 30.98 30.78 30.62 30.68 30.85 30.83 30.69 30.45 30.5 30.81 31.02 31.06 30.97 30.86 31 31.06 31.08 31.09
30.11 30.14 30.06 29.78 29.37 28.89 28.48 28.18 28.54 28.58 28.66 29.01 29.2 29.01 28.65 28.4 28.51 28.65 28.88 29.16 29.29 29.22 29.15 29.27 29.69 30.02 30.16 30.39 30.53 30.61 30.67 30.59 30.6 30.74 30.72 30.67 30.74 30.66 30.61 30.77 30.89 30.94 30.96 30.97 30.98 30.98 30.99 30.99 31 31 31.01 31.01 31.01 31.02 31.02 31.02 31.03 31.03 30.99 30.94 30.9 30.91 30.97 31.01 30.99 30.88 30.75 30.8 30.98 31.07 31.08 31.06 31.04 31.07 31.09 31.1 31.1
29.74 29.87 29.89 29.69 29.36 28.95 28.35 27.94 28.19 28.15 28.45 28.74 28.77 28.61 28.49 28.53 28.83 29 29.13 29.2 28.95 28.71 28.67 28.93 29.42 29.71 29.84 30.05 30.26 30.43 30.65 30.74 30.78 30.83 30.85 30.85 30.87 30.86 30.86 30.91 30.94 30.96 30.96 30.97 30.97 30.98 30.98 30.99 30.99 31 31 31.01 31.01 31.01 31.02 31.02 31.02 31.01 30.92 30.87 30.94 31 31.04 31.05 31.05 31.03 31.01 31.03 31.06 31.08 31.08 31.08 31.08 31.08 31.09 31.09 31.1
29.28 29.42 29.53 29.49 29.26 28.9 28.29 27.86 27.94 28.02 28.34 28.52 28.47 28.39 28.46 28.61 28.82 28.84 28.84 28.79 28.48 28.36 28.44 28.72 29.02 29.28 29.55 29.85 30.06 30.24 30.51 30.66 30.71 30.75 30.83 30.87 30.89 30.91 30.92 30.94 30.95 30.95 30.96 30.96 30.97 30.97 30.98 30.98 30.99 30.99 31 31 31.01 31.01 31.01 31.02 31.02 31.02 31 30.99 31.02 31.04 31.05 31.05 31.05 31.06 31.06 31.07 31.07 31.07 31.08 31.08 31.08 31.08 31.09 31.09 31.09
28.91 28.81 28.93 29.04 28.82 28.57 28.1 27.74 27.74 27.88 28.15 28.23 28.16 28.24 28.42 28.5 28.43 28.23 28.04 28.13 28.22 28.4 28.63 28.78 28.85 29.02 29.35 29.69 29.92 30.12 30.32 30.42 30.46 30.47 30.67 30.77 30.84 30.88 30.91 30.93 30.94 30.95 30.95 30.96 30.96 30.97 30.97 30.98 30.98 30.99 30.99 31 31 31.01 31.01 31.02 31.02 31.02 31.03 31.03 31.04 31.04 31.05 31.05 31.05 31.06 31.06 31.06 31.07 31.07 31.07 31.08 31.08 31.08 31.09 31.09 31.09
28.47 28.24 28.36 28.47 28.25 28.02 27.89 27.77 27.81 27.9 27.96 27.85 27.81 27.94 27.98 27.74 27.61 27.57 27.45 27.74 28.08 28.42 28.77 29.02 29.09 29.2 29.33 29.53 29.79 30.02 30.14 30.17 30.18 30.15 30.32 30.47 30.61 30.7 30.8 30.89 30.92 30.93 30.94 30.95 30.96 30.96 30.97 30.97 30.98 30.98 30.99 30.99 31 31 31.01 31.01 31.02 31.02 31.03 31.03 31.04 31.04 31.04 31.05 31.05 31.05 31.06 31.06 31.06 31.07 31.07 31.08 31.08 31.08 31.09 31.09 31.09
28.04 28.02 28.2 28.23 28.05 27.96 28.01 28.03 28.09 28.08 27.97 27.73 27.55 27.48 27.39 27.16 27.08 27.12 27.3 27.65 27.97 28.29 28.69 29.08 29.28 29.4 29.53 29.6 29.65 29.73 29.85 29.89 29.92 29.9 29.94 30.12 30.24 30.39 30.62 30.78 30.84 30.84 30.88 30.92 30.95 30.96 30.96 30.97 30.97 30.98 30.98 30.99 30.99 31 31 31.01 31.01 31.02 31.02 31.03 31.03 31.03 31.04 31.04 31.05 31.05 31.06 31.06 31.06 31.07 -9999 31.07 31.08 31.08 31.08 -9999 -9999
27.84 28.02 28.28 28.34 28.24 28.29 28.31 28.32 28.35 28.23 28.11 27.94 27.54 27.13 26.95 26.73 26.84 26.95 27.21 27.55 27.81 28.1 28.45 28.81 29.03 29.19 29.52 29.75 29.78 29.72 29.77 29.81 29.84 29.83 29.82 29.9 29.92 30.13 30.35 30.51 30.62 30.58 30.66 30.79 30.91 30.95 30.96 30.96 30.97 30.97 30.98 30.98 30.99 31 31 31.01 31.01 31.02 31.02 31.02 31.03 31.03 31.04 31.04 31.05 31.05 31.06 31.06 31.06 -9999 -9999 -9999 31.08 -9999 -9999 -9999 -9999
27.73 28.03 28.34 28.49 28.51 28.57 28.6 28.6 28.53 28.34 28.25 28.24 27.95 27.48 27.19 26.76 26.97 27.11 27.35 27.71 27.87 27.99 28.28 28.54 28.62 28.93 29.32 29.68 29.92 30 30.02 30.04 30.05 30.07 30.06 30.04 29.97 30.01 30.08 30.2 30.32 30.36 30.52 30.73 30.9 30.94 30.96 30.96 30.97 30.97 30.98 30.98 30.99 -9999 -9999 -9999 -9999 31.02 31.02 31.02 31.02 -9999 -9999 -9999 -9999 31.05 -9999 -9999 -9999 -9999 -9999 -9999 -9999 -9999 -9999 -9999 -9999
27.8 28.13 28.39 28.56 28.68 28.77 28.83 28.81 28.65 28.48 28.41 28.49 28.44 28.08 27.74 27.21 27.28 27.35 27.68 28.1 28.22 28.19 28.4 28.7 28.78 28.96 29.2 29.42 29.65 29.87 30.06 30.2 30.28 30.35 30.4 30.36 30.3 30.2 30.11 30.09 30.18 30.29 30.54 30.81 30.92 30.94 30.95 30.96 30.96 30.97 -9999 -9999 -9999 -9999 -9999 -9999 -9999 -9999 -9999 -9999 -9999 -9999 -9999 -9999 -9999 -9999 -9999 -9999 -9999 -9999 -9999 -9999 -9999 -9999 -9999 -9999 -9999
27.88 28.05 28.15 28.34 28.63 28.83 28.97 28.97 28.84 28.78 28.69 28.79 28.73 28.53 28.19 27.75 27.66 27.52 27.97 28.37 28.57 28.62 28.71 28.95 29.21 29.38 29.45 29.48 29.52 29.62 29.76 29.97 30.14 30.36 30.61 30.66 30.63 30.52 30.37 30.26 30.29 30.36 30.57 30.85 30.93 30.94 30.94 30.95 30.96 30.96 -9999 -9999 -9999 -9999 -9999 -9999 -9999 -9999 -9999 -9999 -9999 -9999 -9999 -9999 -9999 -9999 -9999 -9999 -9999 -9999 -9999 -9999 -9999 -9999 -9999 -9999 -9999
27.78 27.82 27.89 28.23 28.61 28.9 29.08 29.2 29.14 29.06 29.06 29.16 28.99 28.7 28.29 28.06 28.11 27.97 28.25 28.56 28.84 29.01 29.12 29.27 29.48 29.76 29.88 29.89 29.86 29.86 29.85 29.79 29.79 30.09 30.49 30.73 30.79 30.75 30.64 30.51 30.52 30.57 30.72 30.88 30.92 30.93 30.94 30.95 30.95 -9999 -9999 -9999 -9999 -9999 -9999 -9999 -9999 -9999 -9999 -9999 -9999 -9999 -9999 -9999 -9999 -9999 -9999 -9999 -9999 -9999 -9999 -9999 -9999 -9999 -9999 -9999 -9999
27.63 27.69 27.81 28.09 28.48 28.83 29.05 29.26 29.4 29.42 29.45 29.39 29.11 28.74 28.38 28.34 28.39 28.2 28.39 28.61 28.8 29.02 29.21 29.37 29.56 29.76 29.95 30.16 30.25 30.25 30.2 30.08 29.88 29.98 30.31 30.66 30.81 30.85 30.83 30.77 30.74 30.76 30.85 30.91 30.92 30.93 30.93 30.94 30.95 -9999 -9999 -9999 -9999 -9999 -9999 -9999 -9999 -9999 -9999 -9999 -9999 -9999 -9999 -9999 -9999 -9999 -9999 -9999 -9999 -9999 -9999 -9999 -9999 -9999 -9999 -9999 -9999
27.66 27.73 27.83 28.1 28.47 28.78 28.99 29.22 29.51 29.71 29.69 29.5 29.15 28.79 28.44 28.45 28.52 28.4 28.43 28.54 28.67 28.82 28.98 29.11 29.25 29.36 29.65 30.06 30.36 30.51 30.51 30.38 30.19 30.17 30.36 30.59 30.8 30.86 30.87 30.86 30.86 30.86 30.89 30.91 30.92 30.92 30.93 30.93 -9999 -9999 -9999 -9999 -9999 -9999 -9999 -9999 -9999 -9999 -9999 -9999 -9999 -9999 -9999 -9999 -9999 -9999 -9999 -9999 -9999 -9999 -9999 -9999 -9999 -9999 -9999 -9999 -9999
28 27.98 27.89 28.01 28.37 28.75 29.03 29.28 29.56 29.82 29.77 29.51 29.21 28.84 28.53 28.51 28.63 28.66 28.74 28.83 28.87 28.99 29.16 29.29 29.29 29.24 29.45 29.78 30.16 30.48 30.64 30.63 30.49 30.55 30.65 30.65 30.81 30.86 30.87 30.88 30.88 30.89 30.9 30.91 30.91 30.92 30.93 -9999 -9999 -9999 -9999 -9999 -9999 -9999 -9999 -9999 -9999 -9999 -9999 -9999 -9999 -9999 -9999 -9999 -9999 -9999 -9999 -9999 -9999 -9999 -9999 -9999 -9999 -9999 -9999 -9999 -9999
28.37 28.28 28.1 28.17 28.36 28.57 28.85 29.2 29.66 29.98 29.91 29.63 29.16 28.79 28.61 28.61 28.65 28.69 28.9 29.05 29.03 29.13 29.37 29.57 29.58 29.48 29.53 29.72 30.02 30.33 30.62 30.73 30.72 30.77 30.81 30.81 30.84 30.86 30.87 30.87 30.88 30.89 30.9 30.9 30.91 30.92 30.92 -9999 -9999 -9999 -9999 -9999 -9999 -9999 -9999 -9999 -9999 -9999 -9999 -9999 -9999 -9999 -9999 -9999 -9999 -9999 -9999 -9999 -9999 -9999 -9999 -9999 -9999 -9999 -9999 -9999 -9999
28.65 28.51 28.39 28.55 28.68 28.72 28.91 29.15 29.75 30.08 29.89 29.46 28.93 28.68 28.72 28.78 28.73 28.66 28.89 29.15 29.19 29.19 29.39 29.68 29.82 29.78 29.76 29.9 30.09 30.29 30.6 30.77 30.81 30.83 30.84 30.84 30.84 30.86 30.86 30.87 30.88 30.88 30.89 30.9 30.9 30.91 -9999 -9999 -9999 -9999 -9999 -9999 -9999 -9999 -9999 -9999 -9999 -9999 -9999 -9999 -9999 -9999 -9999 -9999 -9999 -9999 -9999 -9999 -9999 -9999 -9999 -9999 -9999 -9999 -9999 -9999 -9999
