ASPA-UH-SWB2_REPO/input/Gridded_temps/prism_tmin_tutuila_30yr_normal_03.asc
ncols         350
nrows         200
xllcorner     515000
yllcorner     8409000
cellsize      100
NODATA_value  -9999
[rows 105 to 139 of 200, columns 0 to 76 of 350]
-9999 -9999 -9999 -9999 -9999 -9999 -9999 -9999 -9999 -9999 -9999 -9999 -9999 -9999 -9999 -9999 -9999 -9999 -9999 -9999 -9999 -9999 -9999 -9999 -9999 -9999 -9999 -9999 -9999 25.29 25.29 25.29 25.3 25.3 25.3 25.31 25.31 25.3 25.21 25.01 24.87 24.77 24.67 24.55 24.4 24.4 24.65 24.76 24.85 25.07 25.18 25.16 25.08 24.9 24.69 24.51 24.34 24.18 24 23.87 23.74 23.57 23.44 23.34 23.34 23.28 23.3 23.39 23.38 23.23 23.18 23.2 23.19 23.26 23.46 23.59 23.62
-9999 -9999 -9999 -9999 -9999 -9999 -9999 -9999 -9999 -9999 -9999 -9999 -9999 -9999 -9999 -9999 -9999 -9999 -9999 -9999 -9999 -9999 -9999 -9999 -9999 -9999 -9999 -9999 25.29 25.29 25.29 25.3 25.3 25.3 25.3 25.31 25.29 25.25 25.18 25 24.83 24.72 24.64 24.55 24.41 24.31 24.39 24.44 24.58 24.9 25.05 25.08 25.09 25.05 24.97 24.85 24.7 24.5 24.34 24.22 24.05 23.87 23.72 23.56 23.55 23.47 23.43 23.48 23.49 23.33 23.31 23.29 23.19 23.25 23.42 23.5 23.55
-9999 -9999 -9999 -9999 -9999 -9999 -9999 -9999 -9999 -9999 -9999 -9999 -9999 -9999 -9999 -9999 -9999 -9999 -9999 -9999 -9999 -9999 -9999 -9999 -9999 -9999 -9999 25.29 25.29 25.29 25.3 25.3 25.3 25.29 25.26 25.26 25.23 25.15 25.12 25.08 25 24.89 24.78 24.61 24.41 24.25 24.19 24.2 24.4 24.73 24.84 24.88 24.92 24.92 24.9 24.89 24.84 24.74 24.64 24.53 24.37 24.17 23.96 23.67 23.68 23.68 23.66 23.66 23.61 23.49 23.45 23.33 23.18 23.17 23.27 23.34 23.45
-9999 -9999 -9999 -9999 -9999 -9999 -9999 -9999 -9999 -9999 -9999 -9999 -9999 -9999 -9999 -9999 -9999 -9999 -9999 -9999 -9999 -9999 -9999 -9999 -9999 -9999 25.29 25.29 25.29 25.3 25.3 25.29 25.26 25.2 25.12 25.13 25.15 25.04 24.97 24.99 24.98 24.94 24.87 24.71 24.49 24.27 24.14 24.09 24.24 24.49 24.6 24.66 24.66 24.6 24.57 24.67 24.76 24.76 24.69 24.64 24.55 24.3 24.05 23.82 23.81 23.84 23.82 23.77 23.7 23.61 23.49 23.3 23.16 23.13 23.15 23.2 23.29
-9999 -9999 -9999 -9999 -9999 -9999 -9999 -9999 -9999 -9999 -9999 -9999 -9999 -9999 -9999 -9999 -9999 -9999 -9999 -9999 -9999 -9999 -9999 -9999 -9999 25.29 25.29 25.29 25.3 25.3 25.29 25.24 25.13 25.02 24.97 25.03 25.11 25.02 24.89 24.85 24.86 24.88 24.83 24.75 24.65 24.41 24.21 24.07 24.07 24.23 24.38 24.46 24.39 24.23 24.2 24.37 24.55 24.59 24.46 24.43 24.49 24.31 24.09 23.96 23.94 23.92 23.86 23.77 23.68 23.56 23.4 23.24 23.14 23.13 23.13 23.14 23.16
-9999 -9999 -9999 -9999 -9999 -9999 -9999 -9999 -9999 -9999 -9999 -9999 -9999 -9999 -9999 -9999 -9999 -9999 -9999 -9999 -9999 -9999 -9999 -9999 25.29 25.29 25.29 25.29 25.3 25.28 25.21 25.1 24.94 24.86 24.87 24.95 25.02 24.99 24.86 24.75 24.73 24.8 24.77 24.7 24.65 24.49 24.32 24.11 23.96 23.99 24.14 24.25 24.18 24.01 23.99 24.16 24.35 24.37 24.21 24.24 24.41 24.4 24.28 24.1 23.98 23.9 23.8 23.7 23.58 23.44 23.3 23.21 23.17 23.16 23.16 23.15 23.13
-9999 -9999 -9999 -9999 -9999 -9999 -9999 -9999 -9999 -9999 -9999 -9999 -9999 -9999 -9999 -9999 -9999 -9999 -9999 -9999 -9999 -9999 -9999 -9999 25.29 25.29 25.29 25.3 25.3 25.23 25.04 24.93 24.84 24.77 24.76 24.81 24.89 24.92 24.81 24.66 24.57 24.63 24.68 24.63 24.58 24.5 24.38 24.18 23.96 23.85 23.9 23.99 23.97 23.84 23.85 24.03 24.2 24.21 24.06 24.09 24.25 24.3 24.25 24.05 23.89 23.8 23.73 23.65 23.52 23.39 23.29 23.24 23.24 23.24 23.23 23.2 23.16
-9999 -9999 -9999 -9999 -9999 -9999 -9999 -9999 -9999 -9999 -9999 -9999 -9999 -9999 -9999 -9999 -9999 -9999 -9999 -9999 -9999 -9999 -9999 -9999 25.29 25.29 25.3 25.3 25.3 25.21 24.96 24.83 24.76 24.67 24.62 24.63 24.72 24.81 24.74 24.58 24.44 24.44 24.51 24.52 24.45 24.4 24.37 24.25 24.02 23.82 23.72 23.7 23.68 23.63 23.68 23.87 24 23.99 23.9 23.95 24.05 24.06 24.02 23.93 23.79 23.67 23.62 23.58 23.49 23.38 23.31 23.29 23.32 23.3 23.28 23.23 23.18
-9999 -9999 -9999 -9999 -9999 -9999 -9999 -9999 -9999 -9999 -9999 -9999 -9999 -9999 -9999 -9999 -9999 -9999 -9999 -9999 -9999 -9999 -9999 -9999 25.29 25.3 25.3 25.3 25.3 25.24 25.04 24.86 24.72 24.61 24.51 24.47 24.55 24.66 24.66 24.55 24.41 24.3 24.31 24.35 24.28 24.19 24.18 24.18 24.05 23.87 23.7 23.56 23.47 23.43 23.48 23.61 23.7 23.69 23.69 23.78 23.84 23.84 23.86 23.87 23.77 23.62 23.52 23.46 23.41 23.34 23.3 23.32 23.36 23.33 23.27 23.22 23.18
-9999 -9999 -9999 -9999 -9999 -9999 -9999 -9999 -9999 -9999 -9999 -9999 -9999 -9999 -9999 25.27 -9999 -9999 -9999 -9999 -9999 -9999 25.29 25.29 25.29 25.3 25.3 25.31 25.31 25.26 25.14 24.96 24.79 24.69 24.55 24.42 24.41 24.47 24.5 24.48 24.37 24.21 24.14 24.19 24.16 24.05 23.98 23.99 23.98 23.89 23.74 23.54 23.39 23.33 23.37 23.44 23.49 23.53 23.6 23.7 23.75 23.73 23.75 23.79 23.74 23.6 23.47 23.38 23.34 23.32 23.31 23.36 23.42 23.37 23.28 23.22 23.2
-9999 -9999 -9999 -9999 -9999 -9999 -9999 -9999 -9999 -9999 -9999 -9999 -9999 -9999 -9999 25.27 25.27 -9999 25.28 25.28 25.29 25.29 25.29 25.29 25.3 25.3 25.31 25.31 25.3 25.25 25.16 25.05 24.93 24.85 24.72 24.52 24.4 24.35 24.31 24.31 24.25 24.11 24.02 24.06 24.06 23.99 23.89 23.82 23.8 23.76 23.64 23.46 23.35 23.33 23.38 23.44 23.49 23.58 23.7 23.79 23.81 23.75 23.7 23.68 23.64 23.55 23.46 23.41 23.42 23.46 23.48 23.5 23.53 23.49 23.37 23.31 23.28
-9999 -9999 -9999 -9999 -9999 -9999 -9999 -9999 -9999 -9999 -9999 -9999 -9999 -9999 25.27 25.27 25.27 25.28 25.28 25.28 25.29 25.29 25.29 25.29 25.3 25.3 25.31 25.31 25.3 25.22 25.12 25.06 24.97 24.9 24.82 24.68 24.53 24.36 24.23 24.17 24.13 24.03 23.95 23.95 23.95 23.89 23.81 23.71 23.63 23.58 23.5 23.42 23.4 23.43 23.47 23.51 23.58 23.69 23.83 23.9 23.86 23.76 23.66 23.63 23.64 23.62 23.59 23.6 23.66 23.73 23.74 23.74 23.75 23.75 23.62 23.49 23.42
-9999 -9999 -9999 -9999 -9999 -9999 -9999 -9999 -9999 -9999 -9999 -9999 -9999 25.27 25.27 25.27 25.28 25.28 25.28 25.28 25.29 25.29 25.29 25.3 25.3 25.31 25.31 25.31 25.28 25.15 25.02 24.95 24.86 24.78 24.73 24.68 24.63 24.49 24.32 24.17 24.07 23.98 23.88 23.84 23.85 23.84 23.78 23.65 23.53 23.53 23.56 23.56 23.58 23.64 23.64 23.65 23.74 23.85 23.95 23.95 23.83 23.71 23.65 23.76 23.85 23.84 23.8 23.84 23.88 23.93 23.96 24 23.98 23.98 23.84 23.63 23.56
-9999 -9999 -9999 -9999 -9999 -9999 -9999 -9999 -9999 -9999 -9999 -9999 25.26 25.27 25.27 25.27 25.28 25.28 25.28 25.29 25.29 25.29 25.29 25.3 25.3 25.31 25.31 25.3 25.22 25.02 24.88 24.81 24.72 24.6 24.52 24.5 24.54 24.51 24.35 24.18 24.06 23.97 23.85 23.77 23.79 23.87 23.87 23.73 23.63 23.68 23.78 23.8 23.83 23.91 23.89 23.86 23.95 24.03 24.07 24 23.87 23.79 23.67 23.8 24.01 24.03 24.01 24.11 24.11 24.09 24.14 24.23 24.19 24.12 23.99 23.84 23.74
-9999 -9999 -9999 -9999 -9999 -9999 -9999 -9999 -9999 -9999 -9999 25.26 25.26 25.27 25.27 25.28 25.28 25.28 25.28 25.29 25.29 25.29 25.3 25.28 25.27 25.27 25.28 25.24 25.11 24.91 24.78 24.7 24.58 24.42 24.32 24.31 24.38 24.43 24.31 24.18 24.12 24.03 23.91 23.8 23.8 23.91 23.97 23.87 23.78 23.84 23.98 24.05 24.09 24.18 24.12 24.1 24.15 24.21 24.18 24.05 24 24.02 23.88 23.89 24.14 24.24 24.19 24.33 24.32 24.24 24.28 24.41 24.35 24.21 24.05 23.9 23.84
-9999 -9999 -9999 -9999 -9999 -9999 -9999 -9999 -9999 -9999 25.26 25.26 25.27 25.27 25.27 25.28 25.28 25.28 25.28 25.28 25.28 25.27 25.24 25.16 25.09 25.11 25.14 25.12 25.01 24.8 24.71 24.65 24.55 24.41 24.3 24.27 24.35 24.39 24.3 24.2 24.15 24.06 23.95 23.9 23.9 23.97 24.07 24.01 23.96 24.05 24.17 24.31 24.35 24.42 24.37 24.4 24.41 24.4 24.23 24.07 24.14 24.24 24.14 24.02 24.19 24.41 24.43 24.49 24.48 24.45 24.47 24.52 24.4 24.2 24.06 23.97 23.94
-9999 -9999 -9999 -9999 -9999 -9999 -9999 -9999 -9999 -9999 25.26 25.26 25.27 25.27 25.27 25.28 25.28 25.27 25.26 25.23 25.16 25.12 25.04 24.89 24.74 24.78 24.86 24.9 24.82 24.68 24.65 24.67 24.66 24.55 24.45 24.48 24.53 24.48 24.33 24.19 24.12 24.05 24 24.04 24.07 24.07 24.17 24.13 24.09 24.21 24.32 24.5 24.57 24.63 24.61 24.7 24.65 24.51 24.27 24.13 24.26 24.41 24.3 24.15 24.22 24.48 24.61 24.63 24.64 24.7 24.7 24.64 24.43 24.19 24.06 24.04 24.03
-9999 -9999 -9999 -9999 -9999 -9999 -9999 -9999 -9999 -9999 25.26 25.27 25.27 25.27 25.28 25.28 25.25 25.23 25.25 25.19 25.03 24.86 24.79 24.71 24.59 24.6 24.68 24.74 24.71 24.67 24.74 24.85 24.83 24.69 24.62 24.7 24.74 24.66 24.46 24.28 24.16 24.1 24.09 24.16 24.22 24.18 24.26 24.22 24.2 24.36 24.47 24.61 24.76 24.85 24.86 24.86 24.75 24.57 24.35 24.2 24.3 24.48 24.44 24.29 24.27 24.46 24.65 24.78 24.82 24.89 24.81 24.63 24.4 24.19 24.09 24.1 24.11
-9999 -9999 -9999 -9999 -9999 -9999 -9999 -9999 -9999 -9999 25.27 25.27 25.27 25.27 25.28 25.27 25.21 25.09 25.23 25.26 25.12 24.89 24.88 24.88 24.73 24.63 24.72 24.84 24.86 24.82 24.93 25.05 25.03 24.93 24.86 24.89 24.89 24.81 24.59 24.42 24.27 24.19 24.15 24.23 24.32 24.25 24.34 24.32 24.3 24.46 24.61 24.73 24.93 25.08 25.07 24.92 24.77 24.62 24.44 24.28 24.35 24.55 24.59 24.42 24.33 24.44 24.64 24.84 24.96 24.99 24.84 24.6 24.4 24.23 24.16 24.2 24.2
-9999 -9999 -9999 -9999 -9999 -9999 -9999 -9999 -9999 -9999 -9999 25.27 25.27 25.27 25.28 25.27 25.23 25.14 25.25 25.29 25.25 25.15 25.18 25.19 25.04 24.88 24.92 25.02 25.05 25.04 25.12 25.2 25.21 25.17 25.11 25.07 25 24.9 24.71 24.52 24.4 24.29 24.22 24.34 24.44 24.36 24.42 24.45 24.42 24.5 24.69 24.9 25.12 25.27 25.22 25.02 24.89 24.75 24.56 24.41 24.44 24.64 24.73 24.6 24.45 24.46 24.61 24.81 25 25.07 24.93 24.65 24.47 24.34 24.29 24.33 24.33
-9999 -9999 -9999 -9999 -9999 -9999 -9999 -9999 -9999 -9999 -9999 -9999 25.27 25.28 25.28 25.28 25.28 25.27 25.28 25.3 25.29 25.29 25.29 25.29 25.23 25.15 25.15 25.18 25.21 25.24 25.27 25.3 25.31 25.29 25.25 25.18 25.06 24.92 24.74 24.57 24.5 24.41 24.36 24.48 24.58 24.48 24.49 24.58 24.59 24.59 24.73 25.01 25.25 25.37 25.35 25.23 25.15 24.92 24.71 24.6 24.61 24.75 24.85 24.78 24.6 24.51 24.59 24.78 25.01 25.14 25 24.72 24.57 24.47 24.43 24.47 24.47
-9999 -9999 -9999 -9999 -9999 -9999 -9999 -9999 -9999 -9999 -9999 -9999 -9999 25.28 25.28 25.28 25.29 25.29 25.3 25.3 25.3 25.31 25.31 25.31 25.3 25.29 25.29 25.29 25.31 25.33 25.33 25.34 25.34 25.33 25.3 25.23 25.05 24.87 24.7 24.58 24.59 24.51 24.51 24.62 24.69 24.59 24.54 24.68 24.77 24.76 24.82 25.07 25.32 25.42 25.43 25.41 25.36 25.16 24.92 24.84 24.83 24.88 24.96 24.93 24.79 24.63 24.64 24.79 25.03 25.19 25.08 24.82 24.68 24.61 24.6 24.62 24.56
-9999 -9999 -9999 -9999 -9999 -9999 -9999 -9999 -9999 -9999 -9999 -9999 -9999 -9999 25.28 25.29 25.29 25.29 25.3 25.3 25.3 25.31 25.31 25.32 25.32 25.32 25.33 25.33 25.34 25.34 25.35 25.35 25.36 25.35 25.31 25.2 25.02 24.83 24.66 24.62 24.67 24.58 24.61 24.73 24.79 24.73 24.64 24.74 24.91 24.94 24.94 25.15 25.36 25.45 25.47 25.47 25.46 25.35 25.18 25.08 25 24.98 25.05 25.05 24.96 24.8 24.72 24.81 24.99 25.2 25.2 24.99 24.81 24.79 24.8 24.73 24.59
-9999 -9999 -9999 -9999 -9999 -9999 -9999 -9999 -9999 -9999 -9999 -9999 -9999 -9999 -9999 25.29 25.29 25.29 25.3 25.3 25.31 25.31 25.31 25.32 25.32 25.33 25.33 25.34 25.34 25.35 25.35 25.35 25.36 25.35 25.3 25.12 24.95 24.84 24.76 24.76 24.75 24.66 24.71 24.81 24.89 24.84 24.75 24.84 25.04 25.15 25.19 25.32 25.43 25.47 25.48 25.48 25.49 25.46 25.39 25.28 25.11 25.04 25.1 25.15 25.08 24.94 24.83 24.86 24.95 25.16 25.29 25.15 24.94 24.94 24.88 24.73 24.6
-9999 -9999 -9999 -9999 -9999 -9999 -9999 -9999 -9999 -9999 -9999 -9999 -9999 -9999 -9999 25.29 25.29 25.3 25.3 -9999 25.31 25.31 25.31 25.32 25.33 25.33 25.33 25.34 25.34 25.35 25.35 25.36 25.36 25.36 25.31 25.25 25.18 25.13 25.02 24.92 24.81 24.71 24.78 24.89 24.99 24.94 24.85 24.96 25.19 25.33 25.39 25.44 25.47 25.48 25.48 25.49 25.49 25.5 25.47 25.37 25.17 25.08 25.13 25.22 25.19 25.06 24.95 24.94 25.01 25.19 25.34 25.21 25.05 25.02 24.91 24.76 24.69
-9999 -9999 -9999 -9999 -9999 -9999 -9999 -9999 -9999 -9999 -9999 -9999 -9999 -9999 -9999 -9999 25.29 25.3 -9999 -9999 -9999 25.31 25.32 25.32 25.33 25.33 25.34 25.34 25.34 25.35 25.35 25.36 25.37 25.35 25.3 25.32 25.34 25.33 25.28 25.18 25.02 24.87 24.87 25.02 25.14 25.05 24.92 25.04 25.27 25.4 25.45 25.47 25.48 25.48 25.49 25.49 25.5 25.5 25.48 25.42 25.28 25.16 25.2 25.28 25.27 25.14 25.01 25.03 25.13 25.29 25.37 25.2 25.08 25.1 25 24.89 24.81
-9999 -9999 -9999 -9999 -9999 -9999 -9999 -9999 -9999 -9999 -9999 -9999 -9999 -9999 -9999 -9999 -9999 -9999 -9999 -9999 -9999 -9999 -9999 -9999 25.33 25.33 25.34 25.34 25.35 25.35 25.36 25.36 25.37 25.36 25.34 25.37 25.38 25.39 25.38 25.37 25.34 25.2 25.06 25.16 25.27 25.14 24.99 25.14 25.36 25.44 25.47 25.48 25.48 25.49 25.49 25.5 25.5 25.5 25.47 25.41 25.3 25.2 25.25 25.33 25.33 25.19 25.06 25.12 25.26 25.37 25.41 25.25 25.11 25.19 25.15 25 24.94
-9999 -9999 -9999 -9999 -9999 -9999 -9999 -9999 -9999 -9999 -9999 -9999 -9999 -9999 -9999 -9999 -9999 -9999 -9999 -9999 -9999 -9999 -9999 -9999 -9999 25.33 25.34 25.34 25.35 -9999 25.36 25.36 25.37 25.37 25.37 25.38 25.39 25.4 25.4 25.41 25.4 25.37 25.33 25.36 25.38 25.28 25.11 25.19 25.39 25.46 25.47 25.48 25.48 25.49 25.49 25.5 25.5 25.51 25.48 25.42 25.31 25.23 25.31 25.4 25.41 25.31 25.15 25.22 25.37 25.45 25.46 25.34 25.15 25.25 25.23 25.1 25.1
-9999 -9999 -9999 -9999 -9999 -9999 -9999 -9999 -9999 -9999 -9999 -9999 -9999 -9999 -9999 -9999 -9999 -9999 -9999 -9999 -9999 -9999 -9999 -9999 -9999 -9999 -9999 -9999 -9999 -9999 -9999 25.36 25.37 25.38 25.38 25.39 25.39 25.4 25.4 25.41 25.42 25.42 25.42 25.43 25.43 25.4 25.31 25.31 25.43 25.47 25.48 25.48 25.49 25.49 25.5 25.5 25.51 25.51 25.5 25.48 25.42 25.38 25.44 25.48 25.48 25.43 25.32 25.33 25.45 25.51 25.49 25.38 25.21 25.32 25.32 25.25 25.25
-9999 -9999 -9999 -9999 -9999 -9999 -9999 -9999 -9999 -9999 -9999 -9999 -9999 -9999 -9999 -9999 -9999 -9999 -9999 -9999 -9999 -9999 -9999 -9999 -9999 -9999 -9999 -9999 -9999 -9999 -9999 -9999 25.38 25.38 25.39 25.39 25.4 25.4 25.41 25.41 25.42 25.43 25.43 25.44 25.44 25.44 25.43 25.44 25.46 25.47 25.48 25.49 25.49 25.5 25.5 25.51 25.51 25.51 25.51 25.51 25.5 25.49 25.51 25.51 25.51 25.49 25.44 25.44 25.49 25.52 25.5 25.4 25.26 25.39 25.43 25.39 25.3
-9999 -9999 -9999 -9999 -9999 -9999 -9999 -9999 -9999 -9999 -9999 -9999 -9999 -9999 -9999 -9999 -9999 -9999 -9999 -9999 -9999 -9999 -9999 -9999 -9999 -9999 -9999 -9999 -9999 -9999 -9999 -9999 -9999 25.38 25.39 25.39 25.4 25.4 25.41 25.41 25.42 25.43 25.43 25.44 25.45 25.45 25.46 25.46 25.47 25.47 25.48 25.49 25.49 -9999 -9999 25.51 25.51 25.51 25.51 25.51 25.51 25.51 25.52 25.52 25.52 25.51 25.5 25.5 25.52 25.52 25.51 25.45 25.35 25.45 25.49 25.46 25.34
-9999 -9999 -9999 -9999 -9999 -9999 -9999 -9999 -9999 -9999 -9999 -9999 -9999 -9999 -9999 -9999 -9999 -9999 -9999 -9999 -9999 -9999 -9999 -9999 -9999 -9999 -9999 -9999 -9999 -9999 -9999 -9999 -9999 -9999 25.39 25.39 -9999 25.41 25.41 25.42 25.42 25.43 25.44 25.44 25.45 25.46 25.46 25.47 25.47 25.48 25.49 -9999 -9999 -9999 -9999 -9999 -9999 25.51 25.51 25.51 25.52 25.52 25.52 25.52 25.52 25.52 25.52 25.52 25.53 25.53 25.53 25.5 25.46 25.5 25.52 25.49 25.39
-9999 -9999 -9999 -9999 -9999 -9999 -9999 -9999 -9999 -9999 -9999 -9999 -9999 -9999 -9999 -9999 -9999 -9999 -9999 -9999 -9999 -9999 -9999 -9999 -9999 -9999 -9999 -9999 -9999 -9999 -9999 -9999 -9999 -9999 -9999 -9999 -9999 -9999 -9999 -9999 -9999 25.43 25.44 25.44 25.45 25.46 25.46 25.47 25.47 25.48 -9999 -9999 -9999 -9999 -9999 -9999 -9999 -9999 25.51 25.52 25.52 25.52 25.52 25.52 25.52 25.52 25.52 25.53 25.53 25.53 25.53 25.53 25.52 25.53 25.53 25.51 25.43
-9999 -9999 -9999 -9999 -9999 -9999 -9999 -9999 -9999 -9999 -9999 -9999 -9999 -9999 -9999 -9999 -9999 -9999 -9999 -9999 -9999 -9999 -9999 -9999 -9999 -9999 -9999 -9999 -9999 -9999 -9999 -9999 -9999 -9999 -9999 -9999 -9999 -9999 -9999 -9999 -9999 -9999 25.44 25.45 25.45 25.46 25.46 25.47 25.48 25.48 -9999 -9999 -9999 -9999 -9999 -9999 -9999 -9999 -9999 25.52 25.52 25.52 25.52 25.52 25.52 25.52 25.53 25.53 25.53 25.53 25.53 25.53 25.53 25.53 25.53 25.52 25.48
-9999 -9999 -9999 -9999 -9999 -9999 -9999 -9999 -9999 -9999 -9999 -9999 -9999 -9999 -9999 -9999 -9999 -9999 -9999 -9999 -9999 -9999 -9999 -9999 -9999 -9999 -9999 -9999 -9999 -9999 -9999 -9999 -9999 -9999 -9999 -9999 -9999 -9999 -9999 -9999 -9999 -9999 -9999 -9999 -9999 -9999 25.47 25.47 25.48 -9999 -9999 -9999 -9999 -9999 -9999 -9999 -9999 -9999 -9999 25.52 25.52 25.52 25.52 25.52 25.52 25.53 25.53 25.53 25.53 25.53 25.53 25.53 25.53 25.53 25.53 25.53 25.51
