ASPA-UH-SWB2_REPO/input/Gridded_temps/prism_tmax_tutuila_30yr_normal_01.asc
ncols         350
nrows         200
xllcorner     515000
yllcorner     8409000
cellsize      100
NODATA_value  -9999
[rows 105 to 139 of 200, columns 77 to 153 of 350]
29.72 30.1 30.49 30.57 30.53 30.22 29.74 29.42 29.21 29.07 29.06 29.09 29.09 29.03 29.01 28.96 28.85 28.83 28.97 29.03 28.96 28.89 28.9 28.99 29.2 29.44 29.64 29.75 29.86 29.99 29.98 29.78 29.47 29.33 29.4 29.64 29.91 30.2 30.41 30.2 29.86 29.62 29.51 29.38 29.26 29.18 29.12 29.01 28.85 28.7 28.52 28.29 28.32 28.8 29.24 29.55 29.88 30.18 30.38 30.49 30.51 30.46 30.3 29.93 29.45 29.38 29.62 29.67 29.42 28.99 28.7 28.76 28.93 28.93 29.17 29.4 29.13
29.74 30.11 30.41 30.35 30.32 30.28 29.82 29.52 29.34 29.17 29.06 29.01 29.05 29.05 28.97 28.86 28.76 28.77 28.86 28.93 28.94 28.94 28.94 29 29.14 29.34 29.51 29.64 29.8 29.94 29.91 29.7 29.38 29.3 29.56 29.77 29.94 30.16 30.34 30.24 29.99 29.78 29.61 29.46 29.32 29.16 29.01 28.88 28.71 28.6 28.45 28.33 28.55 29.18 29.63 29.85 30.05 30.34 30.49 30.54 30.54 30.48 30.29 29.97 29.57 29.51 29.81 29.79 29.45 29.06 28.93 28.98 29.09 29.08 29.28 29.61 29.53
29.58 29.86 30.1 29.93 29.8 30.01 29.78 29.6 29.49 29.37 29.23 29.13 29.09 29.03 28.91 28.81 28.78 28.85 28.93 28.97 28.99 28.99 29 29.04 29.15 29.36 29.63 29.81 29.89 29.83 29.64 29.45 29.26 29.46 29.76 29.94 30.09 30.16 30.17 30.09 30.02 29.93 29.74 29.6 29.48 29.31 29.11 28.93 28.76 28.58 28.4 28.46 28.95 29.51 29.83 30.12 30.27 30.46 30.55 30.57 30.55 30.51 30.38 30.09 29.7 29.73 30 29.84 29.54 29.22 29.2 29.28 29.28 29.29 29.47 29.78 29.82
29.36 29.53 29.63 29.57 29.5 29.62 29.66 29.62 29.56 29.46 29.31 29.18 29.06 28.98 28.89 28.82 28.82 28.91 28.99 29.03 29.04 29.05 29.07 29.14 29.26 29.49 29.7 29.71 29.64 29.48 29.29 29.23 29.38 29.66 29.85 29.94 30 29.94 29.9 29.81 29.79 29.88 29.77 29.58 29.39 29.25 29.11 28.92 28.71 28.48 28.45 28.72 29.26 29.77 30.14 30.36 30.46 30.53 30.58 30.58 30.57 30.54 30.44 30.19 29.88 29.9 30.12 30.09 29.89 29.54 29.57 29.64 29.53 29.4 29.59 29.93 30.05
29.12 29.21 29.29 29.32 29.32 29.41 29.51 29.53 29.5 29.44 29.3 29.16 29.03 28.94 28.87 28.82 28.84 28.91 28.99 29.04 29.07 29.08 29.11 29.2 29.38 29.54 29.52 29.35 29.16 29.02 28.99 29.23 29.57 29.7 29.72 29.72 29.78 29.74 29.68 29.61 29.63 29.72 29.71 29.57 29.34 29.11 28.92 28.75 28.56 28.44 28.63 28.93 29.34 29.84 30.25 30.46 30.54 30.57 30.59 30.59 30.57 30.54 30.47 30.3 29.99 29.9 30.16 30.37 30.18 29.86 29.92 29.97 29.7 29.52 29.63 30.03 30.31
29.03 29.05 29.09 29.14 29.19 29.28 29.36 29.37 29.37 29.37 29.29 29.19 29.06 28.94 28.87 28.85 28.87 28.92 28.98 29.03 29.05 29.06 29.06 29.09 29.19 29.25 29.17 29.01 28.9 28.88 29.01 29.34 29.46 29.44 29.43 29.46 29.54 29.55 29.45 29.43 29.49 29.54 29.56 29.46 29.28 29.08 28.92 28.74 28.55 28.58 28.93 29.27 29.52 29.94 30.31 30.51 30.57 30.59 30.6 30.59 30.57 30.5 30.37 30.11 29.75 29.61 29.91 30.36 30.4 30.21 30.21 30.13 29.75 29.74 29.8 30.13 30.49
29.04 29.05 29.07 29.11 29.15 29.19 29.2 29.2 29.25 29.33 29.3 29.21 29.08 28.97 28.91 28.89 28.91 28.94 28.97 28.99 28.99 28.98 28.95 28.94 28.96 28.93 28.89 28.85 28.83 28.87 28.99 29.11 29.1 29.07 29.08 29.18 29.34 29.36 29.27 29.32 29.43 29.45 29.44 29.38 29.26 29.12 28.98 28.76 28.59 28.7 29.1 29.43 29.81 30.19 30.43 30.56 30.6 30.6 30.6 30.59 30.55 30.42 30.13 29.75 29.29 29.09 29.45 30.12 30.49 30.5 30.42 30.15 29.83 29.96 30.05 30.27 30.59
29.06 29.08 29.12 29.14 29.13 29.11 29.11 29.13 29.21 29.3 29.29 29.2 29.11 29.05 28.99 28.94 28.93 28.93 28.92 28.91 28.9 28.88 28.86 28.85 28.85 28.83 28.83 28.82 28.83 28.84 28.86 28.84 28.83 28.82 28.85 28.97 29.14 29.22 29.24 29.34 29.46 29.44 29.42 29.36 29.23 29.04 28.9 28.8 28.73 28.78 29.11 29.47 29.98 30.4 30.54 30.59 30.6 30.6 30.59 30.58 30.51 30.33 29.89 29.39 28.88 28.59 29 29.79 30.36 30.57 30.52 30.26 30.11 30.22 30.32 30.4 30.66
29.09 29.14 29.24 29.27 29.23 29.12 29.1 29.13 29.2 29.29 29.32 29.27 29.21 29.13 29.04 28.97 28.93 28.9 28.88 28.85 28.82 28.79 28.78 28.77 28.77 28.79 28.8 28.8 28.8 28.8 28.78 28.77 28.79 28.82 28.85 28.9 29.02 29.23 29.37 29.49 29.58 29.54 29.49 29.39 29.23 29.04 28.93 28.93 28.86 28.78 29.12 29.55 30.08 30.43 30.57 30.6 30.6 30.6 30.59 30.54 30.39 30.11 29.71 29.06 28.68 28.63 29.02 29.74 30.32 30.6 30.61 30.48 30.39 30.46 30.55 30.57 30.71
29.13 29.19 29.35 29.46 29.48 29.26 29.23 29.25 29.29 29.39 29.41 29.32 29.21 29.13 29.05 28.99 28.94 28.9 28.85 28.81 28.77 28.73 28.71 28.7 28.7 28.72 28.74 28.75 28.76 28.75 28.76 28.8 28.85 28.88 28.97 29.05 29.17 29.37 29.54 29.67 29.73 29.7 29.61 29.43 29.24 29.12 29.07 29.04 28.87 28.76 29.19 29.62 30.15 30.45 30.58 30.6 30.6 30.6 30.58 30.46 30.11 29.69 29.35 28.94 28.92 29.21 29.54 29.96 30.42 30.63 30.67 30.64 30.6 30.62 30.68 30.7 30.74
29.23 29.31 29.42 29.58 29.68 29.54 29.5 29.48 29.52 29.65 29.57 29.36 29.24 29.18 29.1 29.02 28.97 28.91 28.85 28.79 28.74 28.69 28.66 28.64 28.63 28.63 28.65 28.67 28.69 28.71 28.79 28.96 29.07 29.08 29.08 29.16 29.33 29.48 29.62 29.78 29.84 29.82 29.75 29.55 29.33 29.25 29.17 29.03 28.87 28.85 29.17 29.48 29.93 30.33 30.55 30.6 30.6 30.59 30.55 30.35 29.93 29.64 29.39 29.23 29.27 29.62 30.09 30.36 30.56 30.67 30.69 30.69 30.69 30.7 30.73 30.74 30.75
29.45 29.58 29.66 29.73 29.84 29.89 29.82 29.78 29.81 29.95 29.83 29.6 29.44 29.37 29.22 29.07 29 28.93 28.86 28.79 28.72 28.66 28.62 28.58 28.56 28.52 28.49 28.5 28.55 28.67 28.86 29.18 29.4 29.45 29.41 29.34 29.31 29.4 29.58 29.82 29.92 29.9 29.84 29.69 29.5 29.35 29.19 29.04 29 29.08 29.38 29.63 29.97 30.36 30.55 30.6 30.59 30.59 30.53 30.37 30.15 29.95 29.72 29.63 29.47 29.68 30.12 30.48 30.63 30.68 30.69 30.7 30.71 30.73 30.74 30.75 30.76
29.69 29.83 29.93 29.96 29.99 30.08 30.09 30.07 30.06 30.18 30.12 29.87 29.7 29.54 29.31 29.16 29.05 28.96 28.89 28.81 28.72 28.62 28.58 28.55 28.5 28.44 28.35 28.3 28.44 28.72 28.99 29.19 29.45 29.62 29.65 29.61 29.54 29.6 29.76 29.9 29.96 29.94 29.82 29.6 29.42 29.25 29.15 29.13 29.2 29.34 29.62 29.91 30.17 30.45 30.57 30.59 30.59 30.59 30.55 30.49 30.42 30.25 30.07 30.01 29.76 29.77 29.98 30.53 30.65 30.68 30.69 30.71 30.72 30.73 30.74 30.75 30.76
29.86 30.02 30.13 30.16 30.1 30.15 30.29 30.32 30.23 30.33 30.25 29.96 29.87 29.7 29.48 29.25 29.09 29.03 28.96 28.88 28.74 28.61 28.59 28.65 28.55 28.45 28.36 28.37 28.67 29.1 29.31 29.27 29.39 29.61 29.7 29.74 29.76 29.82 29.9 29.98 30 29.97 29.82 29.54 29.33 29.23 29.26 29.28 29.43 29.69 29.83 30.11 30.36 30.51 30.58 30.59 30.59 30.58 30.58 30.56 30.52 30.43 30.38 30.36 30.2 30.16 30.22 30.58 30.66 30.68 30.69 30.7 30.71 30.73 30.74 30.75 30.76
29.95 30.12 30.28 30.33 30.23 30.16 30.34 30.52 30.5 30.52 30.41 30.19 30.11 29.84 29.54 29.31 29.19 29.16 29.12 29.02 28.87 28.74 28.6 28.6 28.59 28.56 28.49 28.6 28.97 29.37 29.52 29.47 29.46 29.58 29.68 29.76 29.82 29.89 29.95 30 30.03 30 29.82 29.55 29.48 29.42 29.4 29.39 29.73 29.99 30.11 30.27 30.48 30.56 30.59 30.59 30.59 30.59 30.58 30.58 30.56 30.54 30.54 30.54 30.52 30.51 30.54 30.64 30.67 30.68 30.69 30.7 30.71 30.73 30.74 30.75 30.75
30.03 30.17 30.38 30.48 30.45 30.39 30.51 30.7 30.73 30.68 30.54 30.39 30.24 29.98 29.72 29.5 29.37 29.37 29.36 29.25 29.15 29.05 28.9 28.74 28.75 28.77 28.72 28.88 29.24 29.5 29.58 29.54 29.52 29.61 29.68 29.75 29.83 29.91 29.96 30.01 30.05 30.02 29.88 29.68 29.64 29.62 29.54 29.52 29.84 30.16 30.36 30.47 30.56 30.59 30.6 30.59 30.59 30.59 30.58 30.58 30.58 30.59 30.59 30.59 30.6 30.61 30.63 30.65 30.66 30.67 30.69 30.7 30.71 30.73 30.74 30.74 30.74
30.11 30.16 30.29 30.47 30.59 30.67 30.76 30.85 30.81 30.61 30.35 30.21 30.15 30.04 29.83 29.65 29.55 29.56 29.56 29.49 29.47 29.4 29.29 29.07 29.01 29 29.03 29.21 29.44 29.55 29.52 29.42 29.48 29.64 29.72 29.77 29.86 29.95 30.01 30.05 30.09 30.07 30.01 29.9 29.82 29.79 29.65 29.6 29.84 30.17 30.45 30.57 30.61 30.61 30.61 30.6 30.59 30.59 30.58 30.58 30.59 30.59 30.6 30.61 30.62 30.63 30.64 30.65 30.66 30.68 30.69 30.7 30.71 30.72 30.73 30.73 30.74
30.17 30.15 30.21 30.36 30.56 30.77 30.9 30.88 30.67 30.39 30.2 30.11 30.02 29.95 29.87 29.76 29.68 29.7 29.72 29.69 29.74 29.69 29.52 29.28 29.2 29.25 29.29 29.37 29.49 29.52 29.38 29.24 29.45 29.68 29.77 29.83 29.91 30 30.07 30.11 30.13 30.12 30.09 30.03 29.99 29.96 29.83 29.82 30.09 30.35 30.53 30.61 30.62 30.62 30.61 30.6 30.6 30.59 30.59 30.59 30.6 30.6 30.6 30.61 30.62 30.63 30.64 30.65 30.66 30.68 30.69 30.7 30.7 30.71 30.72 30.72 30.73
30.25 30.19 30.21 30.37 30.59 30.8 30.94 30.88 30.59 30.3 30.2 30.15 30 29.96 29.95 29.86 29.81 29.83 29.86 29.86 29.94 29.82 29.59 29.46 29.39 29.47 29.55 29.46 29.43 29.45 29.34 29.31 29.57 29.77 29.85 29.92 29.98 30.03 30.11 30.16 30.17 30.15 30.13 30.11 30.18 30.23 30.16 30.11 30.37 30.55 30.61 30.63 30.63 30.62 30.62 30.61 30.6 30.6 30.6 30.6 30.61 30.62 30.62 30.62 30.63 30.64 30.65 30.65 30.66 30.68 30.69 30.69 30.69 30.7 30.71 30.72 30.72
30.36 30.25 30.28 30.47 30.69 30.85 31 30.95 30.69 30.45 30.35 30.25 30.03 30.02 30.08 29.98 29.93 29.94 30 30.04 30.11 29.92 29.75 29.69 29.6 29.67 29.82 29.65 29.46 29.45 29.44 29.54 29.76 29.89 29.95 30.01 30.05 30.09 30.14 30.18 30.19 30.18 30.17 30.17 30.3 30.42 30.42 30.38 30.5 30.6 30.63 30.64 30.63 30.63 30.62 30.62 30.61 30.61 30.61 30.62 30.62 30.63 30.63 30.63 30.63 30.64 30.65 30.66 30.67 30.68 30.69 30.69 30.69 30.7 30.7 30.71 30.72
30.48 30.34 30.39 30.64 30.85 30.95 31.12 31.11 30.88 30.73 30.6 30.45 30.17 30.16 30.23 30.12 30.03 30.05 30.19 30.33 30.34 30.14 30.06 29.93 29.8 29.92 30.08 29.89 29.65 29.63 29.67 29.82 30 30.06 30.09 30.13 30.15 30.17 30.19 30.21 30.2 30.19 30.19 30.24 30.37 30.47 30.5 30.52 30.57 30.61 30.63 30.64 30.64 30.63 30.63 30.63 30.63 30.63 30.62 30.62 30.63 30.63 30.64 30.64 30.64 30.65 30.66 30.67 30.67 30.68 30.68 30.68 30.69 30.7 30.7 30.72 30.73
30.55 30.4 30.46 30.76 31.03 31.12 31.31 31.36 31.16 31.02 30.86 30.62 30.35 30.3 30.33 30.23 30.14 30.18 30.44 30.67 30.6 30.52 30.44 30.18 30.14 30.3 30.33 30.02 29.77 29.81 29.9 30.05 30.18 30.24 30.26 30.27 30.26 30.25 30.24 30.24 30.22 30.21 30.23 30.31 30.42 30.48 30.52 30.56 30.59 30.61 30.64 30.65 30.64 30.63 30.63 30.63 30.63 30.63 30.63 30.62 30.63 30.63 30.64 30.64 30.65 30.66 30.66 30.66 30.67 30.68 30.68 30.68 30.69 30.7 30.71 30.72 30.73
30.6 30.47 30.51 30.82 31.14 31.29 31.45 31.54 31.44 31.25 30.96 30.66 30.43 30.37 30.37 30.31 30.26 30.41 30.7 30.88 30.8 30.82 30.72 30.58 30.56 30.61 30.45 30.04 29.76 29.84 30.01 30.19 30.3 30.36 30.37 30.37 30.35 30.33 30.31 30.29 30.27 30.26 30.27 30.35 30.43 30.49 30.54 30.57 30.6 30.63 30.65 30.66 30.65 30.64 30.63 30.62 30.62 30.62 30.62 30.62 30.63 30.63 30.63 30.63 30.64 30.65 30.65 30.66 30.66 30.67 30.68 30.68 30.69 30.7 30.71 30.72 30.73
30.7 30.62 30.64 30.83 31.21 31.42 31.55 31.64 31.59 31.32 30.95 30.67 30.46 30.41 30.42 30.41 30.39 30.58 30.87 31.03 31.02 31.02 30.94 30.87 30.81 30.75 30.54 30.13 29.75 29.74 29.99 30.22 30.36 30.41 30.44 30.44 30.43 30.4 30.38 30.36 30.35 30.34 30.36 30.41 30.47 30.51 30.56 30.59 30.62 30.64 30.66 30.67 30.66 30.64 30.63 30.62 30.61 30.62 30.62 30.62 30.62 30.63 30.63 30.63 30.63 30.64 30.65 30.65 30.66 30.66 30.67 30.69 30.7 30.7 30.71 30.72 30.73
30.87 30.84 30.82 30.92 31.29 31.53 31.64 31.7 31.65 31.4 31.07 30.7 30.49 30.5 30.53 30.53 30.49 30.61 30.86 31.07 31.15 31.16 31.11 31.01 30.94 30.85 30.66 30.31 29.94 29.83 29.92 30.13 30.32 30.43 30.49 30.5 30.49 30.48 30.45 30.43 30.41 30.41 30.44 30.48 30.53 30.56 30.6 30.62 30.64 30.66 30.68 30.68 30.66 30.64 30.63 30.63 30.62 30.62 30.62 30.62 30.62 30.63 30.63 30.63 30.63 30.64 30.65 30.65 30.66 30.66 30.67 30.69 30.7 30.7 30.71 30.72 30.73
31.05 31.04 31.02 31 31.2 31.47 31.64 31.73 31.68 31.43 31.09 30.81 30.69 30.68 30.59 30.48 30.45 30.55 30.75 31.02 31.2 31.26 31.22 31.12 31.05 30.95 30.76 30.45 30.2 30.04 29.98 30.08 30.2 30.4 30.53 30.55 30.54 30.53 30.5 30.47 30.45 30.46 30.5 30.55 30.59 30.61 30.63 30.66 30.68 30.69 30.69 30.68 30.67 30.65 30.64 30.64 30.63 30.62 30.62 30.62 30.63 30.63 30.63 30.64 30.64 30.64 30.65 30.65 30.65 30.66 30.67 30.68 30.69 30.69 30.7 30.71 30.73
31.22 31.21 31.17 31.16 31.15 31.22 31.55 31.74 31.74 31.55 31.28 30.98 30.83 30.8 30.71 30.61 30.6 30.62 30.69 30.94 31.17 31.29 31.3 31.23 31.15 31 30.73 30.44 30.33 30.22 30.15 30.19 30.27 30.46 30.57 30.59 30.58 30.57 30.56 30.53 30.51 30.52 30.55 30.59 30.62 30.65 30.67 30.69 30.7 30.71 30.7 30.69 30.68 30.67 30.65 30.65 30.64 30.63 30.63 30.63 30.64 30.64 30.64 30.64 30.64 30.64 30.65 30.65 30.65 30.66 30.66 30.68 30.69 30.69 30.7 30.71 30.73
31.41 31.36 31.3 31.33 31.21 31.2 31.53 31.75 31.8 31.71 31.47 31.1 30.9 30.9 30.87 30.87 30.91 30.89 30.79 30.94 31.18 31.33 31.38 31.34 31.22 30.98 30.64 30.44 30.41 30.36 30.29 30.31 30.37 30.47 30.59 30.63 30.61 30.6 30.6 30.59 30.57 30.57 30.59 30.62 30.65 30.68 30.69 30.71 30.71 30.71 30.7 30.69 30.69 30.67 30.66 30.66 30.65 30.64 30.64 30.64 30.64 30.64 30.65 30.65 30.65 30.65 30.65 30.65 30.65 30.66 30.67 30.68 30.69 30.69 30.7 30.71 30.73
31.5 31.42 31.4 31.42 31.33 31.37 31.62 31.78 31.82 31.76 31.56 31.16 30.91 30.94 31.02 31.1 31.21 31.15 30.96 31.05 31.29 31.42 31.46 31.42 31.29 31.03 30.67 30.47 30.48 30.48 30.43 30.43 30.42 30.46 30.6 30.66 30.66 30.64 30.63 30.63 30.62 30.62 30.63 30.65 30.68 30.7 30.71 30.72 30.72 30.71 30.7 30.69 30.68 30.67 30.66 30.66 30.66 30.65 30.65 30.65 30.65 30.65 30.66 30.66 30.65 30.65 30.65 30.65 30.66 30.66 30.67 30.68 30.69 30.7 30.7 30.71 30.73
31.46 31.44 31.52 31.53 31.54 31.65 31.75 31.82 31.83 31.78 31.57 31.16 30.95 31 31.14 31.27 31.38 31.31 31.14 31.22 31.41 31.49 31.51 31.46 31.33 31.06 30.72 30.52 30.51 30.56 30.55 30.53 30.47 30.47 30.62 30.71 30.72 30.7 30.68 30.67 30.66 30.65 30.66 30.67 30.69 30.71 30.72 30.72 30.72 30.71 30.7 30.68 30.67 30.66 30.66 30.66 30.66 30.65 30.65 30.65 30.66 30.66 30.66 30.67 30.66 30.66 30.66 30.66 30.66 30.67 30.68 30.69 30.7 30.7 30.7 30.71 30.73
31.52 31.57 31.67 31.65 31.73 31.81 31.83 31.84 31.82 31.7 31.42 31.1 31.01 31.08 31.24 31.41 31.49 31.46 31.37 31.41 31.49 31.53 31.53 31.49 31.39 31.17 30.88 30.61 30.52 30.57 30.61 30.58 30.5 30.47 30.62 30.74 30.77 30.75 30.74 30.72 30.71 30.69 30.68 30.69 30.71 30.72 30.72 30.72 30.72 30.71 30.69 30.68 30.67 30.66 30.65 30.65 30.65 30.65 30.65 30.66 30.66 30.66 30.67 30.67 30.67 30.67 30.67 30.67 30.67 30.68 30.68 30.69 30.7 30.7 30.71 30.72 30.73
31.64 31.73 31.8 31.79 31.83 31.85 31.85 31.84 31.77 31.53 31.23 31.06 31.04 31.1 31.25 31.43 31.53 31.54 31.51 31.51 31.54 31.55 31.54 31.52 31.45 31.3 31.04 30.71 30.53 30.55 30.62 30.61 30.51 30.45 30.57 30.73 30.79 30.79 30.78 30.76 30.74 30.72 30.72 30.72 30.72 30.73 30.73 30.73 30.72 30.71 30.69 30.68 30.67 30.66 30.65 30.65 30.65 30.65 30.66 30.66 30.66 30.66 30.67 30.68 30.68 30.67 30.67 30.68 30.68 30.68 30.68 30.69 30.7 30.7 30.71 30.72 30.73
31.72 31.8 31.85 31.85 31.86 31.87 31.86 31.84 31.75 31.47 31.21 31.09 31.07 31.1 31.18 31.36 31.52 31.56 31.56 31.56 31.56 31.57 31.55 31.53 31.47 31.29 31.03 30.75 30.58 30.53 30.58 30.62 30.56 30.49 30.57 30.72 30.81 30.82 30.8 30.79 30.78 30.76 30.75 30.74 30.73 30.73 30.73 30.72 30.71 30.7 30.69 30.68 30.68 30.67 30.67 30.66 30.66 30.66 30.66 30.66 30.67 30.67 30.67 30.67 30.67 30.68 30.68 30.69 30.69 30.69 30.69 30.69 30.7 30.7 30.71 30.72 30.73
31.8 31.84 31.87 31.87 31.87 31.87 31.86 31.84 31.77 31.53 31.28 31.16 31.18 31.2 31.21 31.33 31.48 31.55 31.57 31.58 31.58 31.57 31.56 31.53 31.46 31.24 30.97 30.76 30.62 30.52 30.54 30.64 30.62 30.58 30.63 30.75 30.83 30.84 30.83 30.81 30.8 30.79 30.77 30.75 30.74 30.73 30.72 30.71 30.71 30.7 30.69 30.69 30.69 30.68 30.68 30.67 30.67 30.67 30.67 30.67 30.67 30.67 30.67 30.67 30.67 30.68 30.69 30.7 30.7 30.7 30.7 30.7 30.71 30.71 30.72 30.73 30.73
31.86 31.88 31.88 31.88 31.87 31.87 31.85 31.83 31.78 31.58 31.39 31.29 31.38 31.44 31.38 31.39 31.44 31.53 31.58 31.59 31.58 31.57 31.56 31.54 31.42 31.16 30.9 30.76 30.66 30.55 30.56 30.66 30.67 30.62 30.63 30.72 30.81 30.85 30.85 30.83 30.82 30.8 30.78 30.76 30.74 30.73 30.73 30.71 30.71 30.7 30.7 30.7 30.69 30.69 30.69 30.69 30.68 30.68 30.68 30.67 30.67 30.67 30.67 30.67 30.68 30.69 30.7 30.71 30.71 30.71 30.71 30.71 30.72 30.73 30.73 30.73 30.74
