ASPA-UH-SWB2_REPO/input/Gridded_temps/prism_tmin_tutuila_30yr_normal_12.asc
ncols         350
nrows         200
xllcorner     515000
yllcorner     8409000
cellsize      100
NODATA_value  -9999
[rows 34 to 67 of 200, columns 231 to 307 of 350]
-9999 -9999 -9999 -9999 -9999 -9999 -9999 24.53 -9999 -9999 -9999 -9999 -9999 24.53 24.53 -9999 -9999 -9999 -9999 -9999 -9999 -9999 -9999 -9999 -9999 -9999 24.53 -9999 -9999 -9999 -9999 -9999 -9999 -9999 -9999 -9999 -9999 -9999 -9999 -9999 -9999 -9999 -9999 -9999 -9999 -9999 -9999 -9999 -9999 -9999 -9999 -9999 -9999 -9999 -9999 -9999 -9999 -9999 -9999 -9999 -9999 -9999 -9999 -9999 -9999 -9999 -9999 -9999 -9999 -9999 -9999 -9999 -9999 -9999 24.53 24.53 24.53
-9999 -9999 -9999 -9999 -9999 -9999 24.53 24.53 24.53 -9999 -9999 -9999 24.53 24.53 24.53 24.53 -9999 -9999 -9999 -9999 -9999 -9999 -9999 -9999 -9999 24.53 24.53 24.53 -9999 -9999 -9999 -9999 -9999 -9999 -9999 -9999 -9999 -9999 -9999 -9999 -9999 -9999 -9999 -9999 -9999 -9999 -9999 -9999 -9999 -9999 -9999 -9999 -9999 -9999 -9999 -9999 -9999 -9999 -9999 -9999 -9999 -9999 -9999 -9999 -9999 -9999 -9999 -9999 -9999 -9999 -9999 -9999 -9999 24.53 24.53 24.53 24.53
-9999 24.53 24.53 -9999 -9999 24.53 24.53 24.53 24.53 24.53 24.53 24.53 24.53 24.53 24.53 24.53 -9999 -9999 -9999 24.53 24.53 -9999 -9999 -9999 -9999 24.53 24.53 24.53 24.53 -9999 -9999 -9999 -9999 -9999 -9999 -9999 -9999 -9999 -9999 -9999 -9999 -9999 -9999 -9999 -9999 -9999 -9999 -9999 -9999 -9999 -9999 -9999 -9999 -9999 -9999 -9999 -9999 -9999 -9999 -9999 -9999 -9999 -9999 -9999 -9999 -9999 -9999 -9999 -9999 -9999 -9999 -9999 24.53 24.53 24.53 24.53 24.53
24.53 24.53 24.53 24.53 24.53 24.53 24.53 24.53 24.53 24.53 24.53 24.53 24.53 24.53 24.53 24.53 24.53 -9999 24.53 24.53 24.53 24.53 24.53 -9999 24.53 24.53 24.53 24.53 24.53 24.53 -9999 -9999 -9999 -9999 -9999 -9999 -9999 -9999 -9999 -9999 -9999 -9999 -9999 -9999 -9999 -9999 -9999 -9999 -9999 -9999 -9999 -9999 -9999 -9999 -9999 -9999 -9999 -9999 -9999 -9999 -9999 -9999 -9999 -9999 -9999 -9999 -9999 -9999 -9999 -9999 -9999 24.53 24.53 24.53 24.53 24.53 24.53
24.53 24.53 24.53 24.53 24.53 24.53 24.53 24.53 24.53 24.53 24.53 24.53 24.53 24.53 24.53 24.53 24.53 24.53 24.53 24.53 24.53 24.53 24.53 24.53 24.53 24.53 24.53 24.53 24.53 24.53 24.53 -9999 -9999 -9999 -9999 -9999 -9999 -9999 -9999 -9999 -9999 -9999 -9999 -9999 -9999 -9999 -9999 -9999 -9999 -9999 -9999 -9999 -9999 -9999 -9999 -9999 -9999 -9999 -9999 -9999 -9999 -9999 -9999 -9999 -9999 -9999 -9999 24.53 24.53 -9999 24.53 24.53 24.53 24.53 24.53 24.53 24.53
24.54 24.53 24.53 24.53 24.53 24.53 24.53 24.53 24.53 24.53 24.53 24.53 24.53 24.53 24.53 24.53 24.53 24.53 24.53 24.53 24.53 24.53 24.53 24.53 24.53 24.53 24.53 24.53 24.53 24.53 24.53 24.53 -9999 -9999 -9999 24.53 -9999 -9999 -9999 -9999 -9999 -9999 -9999 -9999 -9999 -9999 -9999 -9999 -9999 -9999 -9999 -9999 -9999 -9999 -9999 -9999 -9999 -9999 -9999 -9999 -9999 -9999 -9999 -9999 -9999 -9999 24.53 24.53 24.53 24.53 24.53 24.53 24.53 24.53 24.52 24.49 24.51
24.54 24.54 24.53 24.53 24.53 24.53 24.52 24.51 24.52 24.53 24.53 24.53 24.53 24.51 24.51 24.53 24.53 24.53 24.53 24.53 24.53 24.53 24.53 24.53 24.53 24.53 24.53 24.53 24.53 24.53 24.53 24.53 24.53 -9999 24.53 24.53 24.53 -9999 -9999 -9999 -9999 -9999 -9999 -9999 -9999 -9999 -9999 -9999 -9999 -9999 -9999 -9999 -9999 -9999 -9999 -9999 -9999 -9999 -9999 -9999 -9999 -9999 -9999 -9999 -9999 24.53 24.53 24.53 24.53 24.53 24.53 24.53 24.53 24.53 24.46 24.32 24.4
24.54 24.54 24.54 24.53 24.53 24.53 24.5 24.46 24.48 24.52 24.53 24.52 24.5 24.42 24.42 24.5 24.53 24.53 24.53 24.52 24.52 24.53 24.53 24.53 24.52 24.49 24.5 24.52 24.53 24.53 24.53 24.53 24.53 24.53 24.53 24.53 24.53 24.53 -9999 -9999 -9999 -9999 -9999 -9999 -9999 -9999 -9999 -9999 -9999 -9999 -9999 -9999 -9999 -9999 -9999 -9999 -9999 -9999 -9999 -9999 -9999 -9999 -9999 -9999 24.53 24.53 24.53 24.53 24.53 24.53 24.53 24.53 24.53 24.51 24.39 24.17 24.22
24.54 24.52 24.51 24.52 24.54 24.53 24.5 24.39 24.39 24.48 24.47 24.48 24.44 24.26 24.25 24.43 24.52 24.53 24.51 24.43 24.42 24.5 24.53 24.52 24.47 24.38 24.42 24.5 24.53 24.53 24.53 24.53 24.53 24.53 24.53 24.53 24.53 24.53 24.53 -9999 -9999 -9999 -9999 -9999 -9999 -9999 24.53 -9999 -9999 -9999 -9999 -9999 -9999 -9999 -9999 -9999 -9999 -9999 -9999 -9999 -9999 -9999 -9999 24.53 24.53 24.53 24.53 24.53 24.53 24.53 24.53 24.52 24.48 24.4 24.23 23.99 24.03
24.53 24.48 24.43 24.47 24.52 24.54 24.5 24.33 24.23 24.29 24.27 24.31 24.3 24.11 24.11 24.34 24.48 24.51 24.43 24.2 24.21 24.4 24.5 24.51 24.42 24.34 24.41 24.5 24.53 24.53 24.53 24.53 24.53 24.53 24.53 24.53 24.53 24.53 24.53 24.53 24.53 24.53 -9999 -9999 -9999 24.53 24.53 24.53 24.53 24.53 -9999 -9999 24.53 -9999 -9999 -9999 -9999 -9999 -9999 -9999 -9999 -9999 24.53 24.53 24.53 24.53 24.53 24.53 24.53 24.53 24.53 24.49 24.34 24.16 24.05 23.89 23.92
24.52 24.45 24.34 24.42 24.51 24.54 24.5 24.32 24.05 23.95 23.93 24.01 24.03 23.96 24 24.2 24.35 24.38 24.24 24.03 24.1 24.34 24.49 24.51 24.48 24.46 24.5 24.53 24.53 24.53 24.53 24.53 24.53 24.53 24.53 24.53 24.53 24.53 24.53 24.53 24.53 24.53 -9999 -9999 24.53 24.53 24.53 24.53 24.53 24.53 24.53 24.53 24.53 24.53 -9999 -9999 -9999 -9999 -9999 -9999 -9999 24.53 24.53 24.53 24.53 24.53 24.52 24.5 24.51 24.52 24.52 24.46 24.22 24.01 23.98 23.89 23.85
24.53 24.47 24.38 24.45 24.52 24.54 24.49 24.26 23.85 23.56 23.6 23.69 23.71 23.75 23.87 24.05 24.21 24.27 24.18 24.14 24.24 24.42 24.51 24.53 24.52 24.52 24.53 24.53 24.53 24.53 24.53 24.53 24.53 24.53 24.52 24.5 24.52 24.53 24.53 24.53 24.53 24.53 24.53 24.53 24.53 24.53 24.53 24.53 24.53 24.53 24.53 24.53 24.53 24.53 24.53 24.53 24.53 -9999 -9999 24.53 24.53 24.53 24.53 24.53 24.53 24.53 24.5 24.43 24.42 24.48 24.47 24.43 24.28 24.01 23.94 23.88 23.81
24.54 24.51 24.38 24.34 24.48 24.5 24.41 24.11 23.63 23.28 23.32 23.38 23.43 23.62 23.86 24.1 24.28 24.36 24.36 24.38 24.44 24.5 24.53 24.53 24.53 24.53 24.53 24.53 24.53 24.53 24.53 24.53 24.53 24.52 24.47 24.41 24.48 24.53 24.53 24.53 24.53 24.53 24.53 24.53 24.53 24.53 24.53 24.53 24.53 24.53 24.53 24.53 24.53 24.53 24.53 24.53 24.53 24.53 24.53 24.53 24.53 24.53 24.53 24.53 24.53 24.53 24.47 24.35 24.34 24.38 24.33 24.32 24.27 24.05 23.91 23.83 23.76
24.53 24.48 24.2 24.21 24.42 24.42 24.23 23.87 23.42 23.14 23.15 23.2 23.37 23.72 24.04 24.29 24.43 24.48 24.5 24.5 24.52 24.53 24.53 24.53 24.53 24.53 24.53 24.53 24.53 24.53 24.53 24.52 24.51 24.47 24.35 24.29 24.43 24.52 24.53 24.53 24.53 24.53 24.53 24.53 24.53 24.53 24.52 24.53 24.53 24.53 24.53 24.53 24.53 24.53 24.53 24.53 24.53 24.53 24.53 24.53 24.53 24.53 24.53 24.53 24.53 24.5 24.38 24.25 24.28 24.27 24.12 24.09 24.16 24.02 23.87 23.76 23.7
24.51 24.39 23.94 24.14 24.36 24.26 23.98 23.55 23.28 23.23 23.28 23.41 23.67 23.98 24.25 24.43 24.5 24.52 24.53 24.53 24.53 24.53 24.53 24.53 24.53 24.53 24.53 24.53 24.53 24.52 24.48 24.45 24.43 24.37 24.23 24.24 24.42 24.51 24.51 24.52 24.52 24.53 24.53 24.53 24.53 24.52 24.5 24.5 24.51 24.52 24.53 24.53 24.53 24.53 24.53 24.53 24.53 24.53 24.53 24.53 24.53 24.53 24.53 24.53 24.52 24.47 24.3 24.17 24.19 24.19 24.06 23.96 24 23.99 23.84 23.7 23.65
24.46 24.03 23.56 24.06 24.24 24.03 23.72 23.49 23.46 23.54 23.69 23.85 24.08 24.29 24.43 24.5 24.52 24.53 24.53 24.53 24.53 24.53 24.53 24.53 24.53 24.53 24.53 24.53 24.52 24.45 24.32 24.23 24.23 24.21 24.15 24.22 24.39 24.45 24.42 24.46 24.48 24.48 24.51 24.53 24.53 24.51 24.45 24.39 24.4 24.47 24.52 24.52 24.52 24.53 24.53 24.53 24.53 24.53 24.53 24.53 24.53 24.53 24.53 24.53 24.53 24.47 24.31 24.15 24.08 24.09 24.03 23.9 23.83 23.88 23.86 23.65 23.6
24.25 23.76 23.65 24.05 24.06 23.76 23.59 23.63 23.75 23.84 24.01 24.22 24.38 24.46 24.51 24.52 24.53 24.53 24.53 24.53 24.53 24.53 24.53 24.53 24.53 24.52 24.52 24.52 24.46 24.27 24.03 24 24.04 24.06 24.08 24.2 24.34 24.32 24.3 24.37 24.37 24.36 24.44 24.52 24.53 24.5 24.38 24.29 24.26 24.35 24.44 24.46 24.49 24.52 24.53 24.53 24.53 24.53 24.53 24.53 24.53 24.53 24.53 24.53 24.53 24.47 24.32 24.12 23.95 23.92 23.9 23.82 23.72 23.74 23.83 23.64 23.6
24 23.89 24 24.04 23.88 23.6 23.59 23.82 24.05 24.17 24.31 24.43 24.49 24.51 24.52 24.51 24.51 24.5 24.5 24.51 24.53 24.53 24.53 24.52 24.49 24.45 24.44 24.44 24.32 24.03 23.81 23.83 23.9 23.94 24.02 24.15 24.27 24.23 24.26 24.29 24.22 24.2 24.36 24.49 24.51 24.43 24.26 24.17 24.13 24.21 24.27 24.28 24.39 24.47 24.5 24.51 24.52 24.53 24.53 24.52 24.53 24.53 24.53 24.53 24.53 24.47 24.3 24.07 23.84 23.74 23.72 23.69 23.62 23.63 23.76 23.63 23.59
23.77 23.84 23.9 23.89 23.72 23.55 23.7 23.98 24.2 24.35 24.45 24.49 24.49 24.48 24.47 24.44 24.38 24.33 24.33 24.41 24.5 24.52 24.49 24.41 24.32 24.2 24.18 24.22 24.07 23.8 23.65 23.71 23.8 23.9 24.02 24.13 24.19 24.15 24.15 24.15 24.1 24.09 24.25 24.44 24.5 24.4 24.19 24.04 23.99 24.04 24.06 24.11 24.26 24.39 24.4 24.41 24.46 24.46 24.46 24.48 24.52 24.53 24.53 24.53 24.53 24.5 24.37 24.14 23.9 23.73 23.62 23.59 23.53 23.5 23.64 23.56 23.47
23.52 23.64 23.63 23.63 23.49 23.4 23.67 23.99 24.23 24.39 24.46 24.46 24.38 24.35 24.33 24.25 24.09 23.96 24 24.2 24.42 24.46 24.36 24.15 23.98 23.88 23.86 23.86 23.75 23.59 23.53 23.62 23.74 23.9 24.02 24.09 24.1 24.04 24 24.01 24 24.02 24.19 24.41 24.49 24.44 24.29 24.06 23.9 23.86 23.87 23.98 24.14 24.25 24.22 24.2 24.27 24.27 24.3 24.42 24.51 24.53 24.53 24.53 24.53 24.52 24.45 24.3 24.16 24 23.83 23.72 23.54 23.38 23.48 23.41 23.29
23.27 23.34 23.25 23.25 23.18 23.31 23.64 23.98 24.23 24.39 24.44 24.39 24.23 24.12 24.07 23.96 23.75 23.6 23.76 24.08 24.32 24.31 24.15 23.87 23.63 23.53 23.52 23.48 23.43 23.42 23.46 23.58 23.73 23.86 23.93 23.94 23.93 23.91 23.87 23.88 23.91 23.97 24.17 24.37 24.42 24.38 24.32 24.12 23.89 23.74 23.74 23.9 24.03 24.11 24.07 23.99 24 24.04 24.19 24.39 24.5 24.53 24.53 24.53 24.53 24.53 24.5 24.44 24.34 24.23 24.09 23.89 23.57 23.25 23.27 23.23 23.14
23.13 23.06 22.94 22.97 23.13 23.45 23.8 24.08 24.27 24.38 24.39 24.33 24.18 23.98 23.79 23.63 23.44 23.41 23.69 24.02 24.16 24.07 23.9 23.62 23.35 23.24 23.24 23.23 23.25 23.31 23.43 23.56 23.68 23.75 23.79 23.76 23.76 23.79 23.73 23.73 23.8 23.92 24.13 24.29 24.27 24.16 24.13 24.01 23.82 23.67 23.66 23.81 23.88 23.95 23.92 23.77 23.76 23.91 24.14 24.37 24.5 24.53 24.53 24.53 24.53 24.53 24.51 24.46 24.36 24.24 24.08 23.82 23.44 23.09 23.05 23.09 23.16
23.33 23.23 22.95 22.99 23.22 23.54 23.89 24.14 24.27 24.32 24.27 24.2 24.12 23.94 23.67 23.38 23.19 23.31 23.66 23.9 23.92 23.77 23.6 23.38 23.16 23.07 23.09 23.11 23.18 23.25 23.37 23.48 23.56 23.61 23.63 23.6 23.64 23.68 23.63 23.65 23.73 23.88 24.08 24.17 24.06 23.91 23.87 23.82 23.69 23.54 23.51 23.62 23.7 23.79 23.75 23.59 23.64 23.85 24.08 24.31 24.47 24.51 24.52 24.53 24.53 24.52 24.5 24.46 24.37 24.24 24.02 23.66 23.24 22.9 22.84 23 23.29
23.68 23.46 23.1 23.09 23.24 23.48 23.83 24.08 24.16 24.21 24.11 23.95 23.94 23.88 23.64 23.29 23.1 23.28 23.58 23.68 23.6 23.42 23.25 23.15 23.09 23.1 23.14 23.17 23.27 23.31 23.36 23.44 23.5 23.55 23.55 23.56 23.63 23.68 23.69 23.75 23.76 23.81 23.95 24.03 23.96 23.86 23.79 23.73 23.61 23.44 23.33 23.4 23.52 23.62 23.55 23.47 23.6 23.82 24.02 24.22 24.39 24.48 24.51 24.51 24.51 24.51 24.48 24.39 24.28 24.18 23.99 23.62 23.14 22.82 22.85 23.11 23.35
23.72 23.45 23.13 23.12 23.23 23.39 23.64 23.8 23.88 24.04 23.96 23.67 23.61 23.68 23.53 23.2 23.03 23.16 23.32 23.3 23.21 23.08 23.03 23.07 23.17 23.27 23.35 23.37 23.47 23.49 23.49 23.56 23.63 23.69 23.67 23.69 23.76 23.83 23.85 23.92 23.89 23.83 23.86 23.91 23.89 23.84 23.79 23.7 23.57 23.38 23.23 23.26 23.38 23.46 23.42 23.41 23.54 23.74 23.92 24.09 24.28 24.44 24.5 24.51 24.51 24.5 24.43 24.26 24.06 23.97 23.85 23.57 23.19 22.99 23.07 23.29 23.47
23.54 23.32 23.07 23.08 23.18 23.24 23.33 23.4 23.51 23.81 23.84 23.49 23.22 23.36 23.28 23.05 22.87 22.88 22.94 22.92 22.86 22.9 23.02 23.19 23.35 23.48 23.61 23.62 23.69 23.71 23.69 23.78 23.84 23.91 23.89 23.86 23.93 24 24.01 24.05 24.05 24 23.96 23.9 23.8 23.72 23.67 23.59 23.47 23.28 23.14 23.18 23.3 23.4 23.44 23.5 23.55 23.63 23.78 23.96 24.19 24.4 24.47 24.49 24.5 24.47 24.35 24.12 23.87 23.74 23.66 23.49 23.29 23.26 23.34 23.42 23.55
23.25 23.11 22.98 23.01 23.08 23.08 23.1 23.12 23.24 23.53 23.51 23.24 22.99 23.12 23.03 22.84 22.69 22.65 22.68 22.68 22.72 22.95 23.18 23.39 23.58 23.72 23.83 23.87 23.92 23.95 23.93 23.97 24.01 24.09 24.11 24.07 24.11 24.17 24.18 24.2 24.2 24.13 24.01 23.89 23.77 23.69 23.59 23.45 23.26 23.09 23.12 23.23 23.36 23.47 23.56 23.67 23.7 23.68 23.79 23.98 24.22 24.37 24.39 24.42 24.46 24.39 24.21 23.99 23.79 23.68 23.63 23.54 23.45 23.49 23.57 23.57 23.63
23.24 23.12 22.98 22.95 22.98 22.98 22.98 23.04 23.23 23.43 23.26 23.04 22.87 22.93 22.85 22.7 22.63 22.63 22.62 22.63 22.72 23.03 23.33 23.51 23.65 23.78 23.9 24 24.09 24.16 24.18 24.18 24.17 24.25 24.32 24.3 24.28 24.34 24.35 24.34 24.28 24.12 23.93 23.85 23.85 23.81 23.68 23.45 23.18 23.08 23.19 23.31 23.44 23.57 23.68 23.79 23.87 23.9 24 24.15 24.25 24.21 24.19 24.3 24.37 24.24 24.01 23.83 23.78 23.75 23.75 23.7 23.63 23.63 23.72 23.73 23.77
23.45 23.29 23.11 22.98 22.91 22.89 22.88 22.96 23.18 23.3 23.14 22.91 22.82 22.85 22.83 22.81 22.84 22.89 22.81 22.85 22.95 23.17 23.42 23.6 23.66 23.74 23.85 23.98 24.11 24.23 24.32 24.34 24.34 24.4 24.46 24.46 24.44 24.46 24.45 24.36 24.2 24.07 24.05 24.06 24.06 23.95 23.8 23.59 23.31 23.17 23.21 23.3 23.4 23.53 23.66 23.72 23.85 24.03 24.1 24.11 24.06 24.02 24.1 24.2 24.18 24.03 23.85 23.79 23.87 23.9 23.89 23.84 23.71 23.68 23.82 23.9 23.94
23.63 23.51 23.37 23.12 22.89 22.77 22.69 22.74 22.97 23.08 23.01 22.98 22.99 23 22.94 22.94 23.04 23.16 23.16 23.18 23.32 23.47 23.59 23.76 23.8 23.78 23.84 23.97 24.13 24.27 24.35 24.42 24.45 24.49 24.52 24.52 24.51 24.51 24.44 24.23 24.06 24.15 24.31 24.35 24.26 24.12 23.95 23.71 23.43 23.21 23.17 23.25 23.33 23.43 23.52 23.57 23.67 23.79 23.83 23.84 23.86 23.93 23.99 23.96 23.91 23.92 23.91 23.97 24.09 24.09 24.03 23.92 23.72 23.68 23.88 24.03 24.09
23.68 23.52 23.36 23.12 22.88 22.72 22.58 22.58 22.76 22.87 22.94 23.1 23.21 23.23 23.08 23.02 23.1 23.31 23.48 23.47 23.55 23.73 23.85 24 24.04 23.92 23.84 23.94 24.16 24.3 24.34 24.41 24.47 24.51 24.53 24.53 24.53 24.52 24.46 24.32 24.32 24.43 24.46 24.4 24.22 24.05 23.79 23.58 23.39 23.24 23.2 23.23 23.26 23.29 23.35 23.46 23.55 23.63 23.7 23.78 23.86 23.92 23.91 23.89 23.87 23.96 24.04 24.13 24.21 24.13 24.03 23.91 23.76 23.64 23.76 23.97 24.12
23.47 23.3 23.15 22.98 22.87 22.77 22.63 22.57 22.68 22.83 22.98 23.22 23.36 23.37 23.25 23.16 23.14 23.32 23.6 23.69 23.66 23.86 24.03 24.17 24.21 24.11 24.03 24.15 24.35 24.41 24.35 24.37 24.45 24.51 24.53 24.53 24.53 24.53 24.51 24.47 24.48 24.51 24.49 24.38 24.13 23.94 23.79 23.62 23.5 23.43 23.34 23.26 23.22 23.18 23.2 23.34 23.49 23.61 23.69 23.79 23.88 23.96 24.01 24.03 23.98 24.02 24.14 24.24 24.27 24.18 24.04 23.9 23.75 23.61 23.69 23.91 24.14
23.32 23.19 23.11 23 22.9 22.79 22.65 22.61 22.74 22.91 23.06 23.26 23.43 23.51 23.48 23.39 23.27 23.41 23.7 23.84 23.78 23.9 24.07 24.25 24.34 24.32 24.27 24.35 24.47 24.49 24.45 24.45 24.5 24.52 24.53 24.53 24.53 24.53 24.53 24.52 24.53 24.53 24.5 24.4 24.22 24.11 24 23.87 23.78 23.68 23.53 23.43 23.35 23.22 23.16 23.3 23.48 23.58 23.65 23.79 23.93 24.03 24.11 24.19 24.13 24.08 24.18 24.29 24.33 24.24 24.11 24 23.84 23.7 23.78 23.97 24.22
23.24 23.12 23.09 23.03 22.94 22.83 22.69 22.66 22.78 22.94 23.08 23.24 23.44 23.65 23.73 23.74 23.58 23.57 23.81 23.97 23.97 24.02 24.11 24.28 24.42 24.46 24.47 24.49 24.52 24.52 24.52 24.52 24.53 24.53 24.53 24.53 24.53 24.53 24.53 24.53 24.53 24.53 24.51 24.45 24.39 24.35 24.27 24.12 24.04 23.87 23.75 23.68 23.62 23.46 23.26 23.33 23.46 23.53 23.59 23.7 23.82 23.91 24.05 24.25 24.3 24.2 24.2 24.31 24.39 24.33 24.22 24.06 23.9 23.81 23.93 24.08 24.32
