ASPA-UH-SWB2_REPO/input/Gridded_temps/prism_tmax_tutuila_30yr_normal_06.asc
ncols         350
nrows         200
xllcorner     515000
yllcorner     8409000
cellsize      100
NODATA_value  -9999
[rows 35 to 69 of 200, columns 231 to 307 of 350]
-9999 -9999 -9999 -9999 -9999 -9999 29.72 29.72 29.72 -9999 -9999 -9999 29.72 29.72 29.72 29.72 -9999 -9999 -9999 -9999 -9999 -9999 -9999 -9999 -9999 29.72 29.72 29.72 -9999 -9999 -9999 -9999 -9999 -9999 -9999 -9999 -9999 -9999 -9999 -9999 -9999 -9999 -9999 -9999 -9999 -9999 -9999 -9999 -9999 -9999 -9999 -9999 -9999 -9999 -9999 -9999 -9999 -9999 -9999 -9999 -9999 -9999 -9999 -9999 -9999 -9999 -9999 -9999 -9999 -9999 -9999 -9999 -9999 29.73 29.73 29.73 29.73
-9999 29.72 29.72 -9999 -9999 29.72 29.72 29.72 29.72 29.72 29.72 29.72 29.72 29.72 29.72 29.72 -9999 -9999 -9999 29.72 29.72 -9999 -9999 -9999 -9999 29.72 29.72 29.72 29.72 -9999 -9999 -9999 -9999 -9999 -9999 -9999 -9999 -9999 -9999 -9999 -9999 -9999 -9999 -9999 -9999 -9999 -9999 -9999 -9999 -9999 -9999 -9999 -9999 -9999 -9999 -9999 -9999 -9999 -9999 -9999 -9999 -9999 -9999 -9999 -9999 -9999 -9999 -9999 -9999 -9999 -9999 -9999 29.73 29.73 29.73 29.73 29.73
29.71 29.72 29.72 29.72 29.72 29.72 29.72 29.72 29.72 29.72 29.72 29.72 29.72 29.72 29.72 29.72 29.72 -9999 29.72 29.72 29.72 29.72 29.72 -9999 29.72 29.72 29.72 29.72 29.72 29.72 -9999 -9999 -9999 -9999 -9999 -9999 -9999 -9999 -9999 -9999 -9999 -9999 -9999 -9999 -9999 -9999 -9999 -9999 -9999 -9999 -9999 -9999 -9999 -9999 -9999 -9999 -9999 -9999 -9999 -9999 -9999 -9999 -9999 -9999 -9999 -9999 -9999 -9999 -9999 -9999 -9999 29.73 29.73 29.73 29.73 29.73 29.73
29.71 29.71 29.72 29.72 29.72 29.72 29.72 29.72 29.72 29.72 29.72 29.72 29.72 29.72 29.72 29.72 29.72 29.72 29.72 29.72 29.72 29.72 29.72 29.72 29.72 29.72 29.72 29.72 29.72 29.72 29.72 -9999 -9999 -9999 -9999 -9999 -9999 -9999 -9999 -9999 -9999 -9999 -9999 -9999 -9999 -9999 -9999 -9999 -9999 -9999 -9999 -9999 -9999 -9999 -9999 -9999 -9999 -9999 -9999 -9999 -9999 -9999 -9999 -9999 -9999 -9999 -9999 29.73 29.73 -9999 29.73 29.73 29.73 29.73 29.73 29.73 29.73
29.71 29.71 29.71 29.72 29.72 29.72 29.72 29.72 29.72 29.72 29.72 29.72 29.72 29.72 29.72 29.72 29.72 29.72 29.72 29.72 29.72 29.72 29.72 29.72 29.72 29.72 29.72 29.72 29.72 29.72 29.72 29.72 -9999 -9999 -9999 29.72 -9999 -9999 -9999 -9999 -9999 -9999 -9999 -9999 -9999 -9999 -9999 -9999 -9999 -9999 -9999 -9999 -9999 -9999 -9999 -9999 -9999 -9999 -9999 -9999 -9999 -9999 -9999 -9999 -9999 -9999 29.73 29.73 29.73 29.73 29.73 29.73 29.73 29.73 29.72 29.68 29.7
29.71 29.71 29.71 29.71 29.71 29.72 29.71 29.69 29.7 29.72 29.72 29.72 29.72 29.7 29.69 29.72 29.72 29.72 29.72 29.72 29.72 29.72 29.72 29.72 29.72 29.72 29.72 29.72 29.72 29.72 29.72 29.72 29.72 -9999 29.72 29.72 29.72 -9999 -9999 -9999 -9999 -9999 -9999 -9999 -9999 -9999 -9999 -9999 -9999 -9999 -9999 -9999 -9999 -9999 -9999 -9999 -9999 -9999 -9999 -9999 -9999 -9999 -9999 -9999 -9999 29.73 29.73 29.73 29.73 29.73 29.73 29.73 29.73 29.73 29.65 29.48 29.57
29.71 29.71 29.71 29.71 29.71 29.71 29.68 29.63 29.65 29.71 29.71 29.71 29.69 29.59 29.58 29.69 29.72 29.72 29.72 29.71 29.71 29.72 29.72 29.72 29.71 29.67 29.67 29.71 29.72 29.72 29.72 29.72 29.72 29.72 29.72 29.72 29.72 29.72 -9999 -9999 -9999 -9999 -9999 -9999 -9999 -9999 -9999 -9999 -9999 -9999 -9999 -9999 -9999 -9999 -9999 -9999 -9999 -9999 -9999 -9999 -9999 -9999 -9999 -9999 29.73 29.73 29.73 29.73 29.73 29.73 29.73 29.73 29.73 29.7 29.58 29.3 29.37
29.71 29.69 29.68 29.7 29.71 29.71 29.68 29.54 29.55 29.65 29.66 29.66 29.61 29.39 29.38 29.61 29.7 29.72 29.7 29.6 29.59 29.69 29.72 29.71 29.64 29.54 29.58 29.68 29.72 29.72 29.72 29.72 29.72 29.72 29.72 29.72 29.72 29.72 29.72 -9999 -9999 -9999 -9999 -9999 -9999 -9999 29.72 -9999 -9999 -9999 -9999 -9999 -9999 -9999 -9999 -9999 -9999 -9999 -9999 -9999 -9999 -9999 -9999 29.73 29.73 29.73 29.73 29.73 29.73 29.73 29.73 29.72 29.68 29.58 29.39 29.09 29.14
29.7 29.65 29.58 29.63 29.7 29.71 29.68 29.47 29.36 29.43 29.41 29.45 29.45 29.21 29.22 29.49 29.66 29.69 29.6 29.32 29.33 29.57 29.69 29.69 29.59 29.5 29.58 29.69 29.72 29.72 29.72 29.72 29.72 29.72 29.72 29.72 29.72 29.72 29.72 29.72 29.72 29.72 -9999 -9999 -9999 29.72 29.72 29.72 29.72 29.72 -9999 -9999 29.73 -9999 -9999 -9999 -9999 -9999 -9999 -9999 -9999 -9999 29.73 29.73 29.73 29.73 29.73 29.73 29.73 29.73 29.73 29.69 29.5 29.3 29.16 28.98 29.01
29.69 29.6 29.47 29.58 29.68 29.71 29.68 29.46 29.15 29.04 29.01 29.11 29.13 29.04 29.1 29.33 29.51 29.54 29.37 29.12 29.2 29.49 29.67 29.7 29.65 29.64 29.68 29.72 29.72 29.72 29.72 29.72 29.72 29.72 29.72 29.72 29.72 29.72 29.72 29.72 29.72 29.72 -9999 -9999 29.72 29.72 29.72 29.72 29.72 29.72 29.72 29.73 29.73 29.73 -9999 -9999 -9999 -9999 -9999 -9999 -9999 29.73 29.73 29.73 29.73 29.73 29.72 29.7 29.7 29.72 29.72 29.65 29.36 29.11 29.1 28.98 28.94
29.7 29.63 29.53 29.6 29.69 29.71 29.66 29.4 28.92 28.58 28.63 28.73 28.75 28.8 28.94 29.14 29.33 29.41 29.29 29.24 29.38 29.59 29.69 29.71 29.71 29.71 29.72 29.72 29.72 29.72 29.72 29.72 29.72 29.72 29.71 29.69 29.71 29.72 29.72 29.72 29.72 29.72 29.72 29.72 29.72 29.72 29.72 29.72 29.72 29.72 29.72 29.73 29.73 29.73 29.73 29.73 29.73 -9999 -9999 29.73 29.73 29.73 29.73 29.73 29.73 29.73 29.7 29.62 29.6 29.67 29.66 29.62 29.44 29.12 29.05 28.97 28.9
29.71 29.67 29.54 29.48 29.65 29.67 29.57 29.22 28.66 28.24 28.3 28.36 28.42 28.65 28.93 29.21 29.42 29.52 29.52 29.54 29.61 29.68 29.72 29.72 29.72 29.72 29.72 29.72 29.72 29.72 29.72 29.72 29.72 29.71 29.66 29.59 29.66 29.71 29.72 29.72 29.72 29.72 29.72 29.72 29.72 29.72 29.72 29.72 29.72 29.72 29.72 29.72 29.73 29.73 29.73 29.73 29.73 29.73 29.73 29.73 29.73 29.73 29.73 29.73 29.73 29.72 29.65 29.52 29.5 29.56 29.49 29.48 29.43 29.18 29.01 28.91 28.83
29.7 29.64 29.3 29.33 29.58 29.58 29.36 28.93 28.41 28.08 28.1 28.15 28.34 28.77 29.14 29.44 29.6 29.66 29.68 29.69 29.71 29.72 29.72 29.72 29.72 29.72 29.72 29.72 29.72 29.72 29.72 29.71 29.7 29.66 29.51 29.45 29.61 29.71 29.72 29.72 29.72 29.72 29.72 29.72 29.72 29.72 29.71 29.72 29.72 29.72 29.72 29.72 29.72 29.73 29.73 29.73 29.73 29.73 29.73 29.73 29.73 29.73 29.73 29.73 29.73 29.69 29.55 29.39 29.44 29.43 29.25 29.22 29.3 29.14 28.96 28.83 28.76
29.68 29.54 29.01 29.24 29.5 29.39 29.07 28.56 28.25 28.19 28.24 28.4 28.7 29.08 29.38 29.59 29.69 29.71 29.72 29.72 29.72 29.72 29.72 29.72 29.72 29.72 29.72 29.72 29.72 29.71 29.67 29.63 29.61 29.53 29.37 29.39 29.59 29.7 29.7 29.71 29.71 29.72 29.72 29.72 29.72 29.71 29.69 29.68 29.69 29.71 29.72 29.72 29.72 29.73 29.73 29.73 29.73 29.73 29.73 29.73 29.73 29.73 29.73 29.73 29.72 29.66 29.46 29.3 29.34 29.34 29.17 29.05 29.12 29.11 28.92 28.76 28.71
29.63 29.12 28.56 29.17 29.38 29.11 28.75 28.49 28.45 28.55 28.72 28.92 29.19 29.45 29.6 29.67 29.71 29.72 29.72 29.72 29.72 29.72 29.72 29.72 29.72 29.72 29.72 29.72 29.7 29.62 29.47 29.36 29.37 29.36 29.28 29.35 29.56 29.63 29.58 29.63 29.66 29.67 29.7 29.72 29.72 29.7 29.63 29.57 29.58 29.66 29.7 29.71 29.71 29.72 29.73 29.73 29.73 29.73 29.73 29.73 29.73 29.73 29.73 29.73 29.73 29.66 29.47 29.28 29.2 29.22 29.14 28.98 28.91 28.98 28.96 28.7 28.64
29.38 28.79 28.68 29.15 29.15 28.81 28.6 28.65 28.8 28.9 29.1 29.35 29.55 29.63 29.68 29.69 29.71 29.72 29.72 29.72 29.72 29.72 29.72 29.72 29.72 29.71 29.71 29.71 29.64 29.41 29.12 29.09 29.15 29.17 29.19 29.34 29.5 29.49 29.44 29.54 29.53 29.51 29.62 29.7 29.72 29.68 29.56 29.45 29.4 29.51 29.62 29.64 29.67 29.7 29.72 29.73 29.73 29.73 29.73 29.73 29.73 29.73 29.73 29.73 29.73 29.66 29.48 29.25 29.04 29.02 28.99 28.89 28.78 28.8 28.93 28.69 28.64
29.09 28.94 29.09 29.14 28.95 28.62 28.61 28.88 29.15 29.28 29.45 29.59 29.66 29.68 29.69 29.69 29.68 29.68 29.68 29.7 29.72 29.72 29.71 29.7 29.67 29.62 29.61 29.61 29.49 29.13 28.86 28.9 28.98 29.03 29.12 29.28 29.42 29.37 29.4 29.44 29.37 29.34 29.53 29.68 29.7 29.6 29.4 29.31 29.26 29.35 29.42 29.43 29.55 29.66 29.7 29.7 29.72 29.73 29.72 29.72 29.73 29.73 29.73 29.73 29.72 29.66 29.45 29.2 28.92 28.8 28.78 28.73 28.67 28.67 28.85 28.68 28.62
28.81 28.9 28.98 28.95 28.77 28.56 28.74 29.06 29.32 29.49 29.61 29.66 29.65 29.65 29.65 29.61 29.53 29.48 29.49 29.57 29.68 29.7 29.67 29.58 29.47 29.33 29.31 29.37 29.2 28.88 28.69 28.76 28.86 28.98 29.12 29.25 29.33 29.28 29.28 29.29 29.22 29.21 29.4 29.62 29.69 29.57 29.31 29.15 29.09 29.15 29.19 29.24 29.41 29.56 29.58 29.58 29.65 29.65 29.64 29.67 29.72 29.73 29.73 29.73 29.73 29.69 29.54 29.27 29 28.78 28.66 28.62 28.56 28.53 28.7 28.6 28.5
28.51 28.67 28.65 28.65 28.49 28.38 28.7 29.08 29.35 29.54 29.63 29.62 29.53 29.49 29.48 29.39 29.18 29.03 29.09 29.32 29.59 29.63 29.51 29.27 29.07 28.96 28.94 28.96 28.82 28.63 28.55 28.65 28.8 28.98 29.13 29.2 29.22 29.16 29.11 29.12 29.11 29.12 29.33 29.57 29.66 29.61 29.44 29.18 28.99 28.93 28.95 29.08 29.27 29.41 29.36 29.33 29.43 29.42 29.45 29.59 29.71 29.73 29.73 29.73 29.73 29.71 29.62 29.46 29.29 29.11 28.91 28.78 28.58 28.39 28.5 28.42 28.28
28.23 28.32 28.2 28.2 28.12 28.27 28.65 29.05 29.36 29.54 29.6 29.54 29.35 29.22 29.17 29.05 28.8 28.61 28.81 29.18 29.47 29.47 29.28 28.94 28.66 28.54 28.53 28.49 28.44 28.43 28.47 28.61 28.79 28.93 29.01 29.02 29.02 29.01 28.95 28.97 29 29.07 29.3 29.53 29.59 29.55 29.47 29.25 28.98 28.8 28.8 29 29.15 29.23 29.19 29.09 29.11 29.16 29.32 29.56 29.7 29.73 29.73 29.73 29.73 29.73 29.7 29.62 29.51 29.38 29.22 29 28.61 28.22 28.26 28.21 28.09
28.05 27.97 27.84 27.87 28.07 28.44 28.85 29.17 29.4 29.52 29.54 29.47 29.3 29.06 28.84 28.65 28.43 28.39 28.73 29.11 29.28 29.18 29 28.65 28.33 28.2 28.21 28.2 28.22 28.3 28.43 28.58 28.72 28.81 28.85 28.82 28.82 28.85 28.79 28.79 28.86 29.01 29.26 29.44 29.41 29.29 29.26 29.13 28.91 28.72 28.71 28.89 28.96 29.05 29.02 28.83 28.82 28.99 29.27 29.54 29.69 29.73 29.73 29.73 29.73 29.72 29.7 29.64 29.53 29.39 29.2 28.91 28.46 28.04 27.99 28.05 28.13
28.31 28.17 27.84 27.89 28.17 28.55 28.96 29.25 29.4 29.46 29.4 29.32 29.23 29.02 28.69 28.36 28.14 28.28 28.69 28.99 29.01 28.83 28.63 28.38 28.1 28.01 28.03 28.06 28.13 28.22 28.36 28.49 28.58 28.64 28.67 28.63 28.68 28.73 28.67 28.69 28.78 28.96 29.2 29.3 29.17 28.99 28.95 28.89 28.74 28.56 28.53 28.66 28.76 28.87 28.82 28.62 28.68 28.93 29.2 29.47 29.65 29.71 29.72 29.73 29.73 29.71 29.7 29.65 29.54 29.39 29.13 28.71 28.22 27.83 27.75 27.94 28.28
28.71 28.45 28.02 28.01 28.19 28.48 28.91 29.2 29.28 29.33 29.22 29.02 29.03 28.96 28.68 28.26 28.03 28.26 28.6 28.72 28.64 28.42 28.21 28.1 28.02 28.04 28.09 28.13 28.24 28.29 28.35 28.44 28.52 28.57 28.58 28.58 28.67 28.74 28.74 28.81 28.83 28.88 29.05 29.15 29.06 28.93 28.86 28.79 28.65 28.45 28.33 28.41 28.56 28.67 28.59 28.49 28.64 28.9 29.13 29.36 29.56 29.67 29.71 29.71 29.71 29.7 29.67 29.57 29.43 29.32 29.1 28.67 28.11 27.72 27.76 28.07 28.35
28.75 28.44 28.06 28.05 28.18 28.37 28.68 28.86 28.94 29.14 29.05 28.68 28.63 28.72 28.56 28.16 27.95 28.11 28.3 28.27 28.18 28.01 27.96 28 28.12 28.23 28.34 28.36 28.48 28.5 28.51 28.58 28.67 28.74 28.72 28.74 28.82 28.91 28.93 29.01 28.98 28.9 28.93 28.99 28.97 28.92 28.86 28.76 28.6 28.38 28.2 28.24 28.39 28.48 28.44 28.42 28.57 28.8 29.01 29.21 29.43 29.62 29.69 29.7 29.7 29.69 29.6 29.41 29.18 29.07 28.94 28.61 28.16 27.92 28.02 28.29 28.5
28.53 28.29 27.98 28 28.13 28.19 28.29 28.37 28.51 28.88 28.94 28.49 28.18 28.34 28.25 27.98 27.77 27.78 27.87 27.82 27.75 27.8 27.94 28.16 28.34 28.48 28.64 28.65 28.73 28.76 28.73 28.83 28.91 28.99 28.96 28.94 29.01 29.1 29.11 29.16 29.16 29.1 29.05 28.98 28.87 28.77 28.72 28.63 28.49 28.26 28.1 28.13 28.29 28.41 28.46 28.53 28.58 28.67 28.85 29.05 29.32 29.58 29.66 29.68 29.69 29.65 29.52 29.25 28.95 28.8 28.73 28.52 28.28 28.23 28.35 28.43 28.59
28.18 28.03 27.89 27.92 28.01 28.01 28.03 28.04 28.17 28.53 28.52 28.19 27.88 28.06 27.95 27.74 27.56 27.51 27.55 27.55 27.59 27.86 28.14 28.38 28.62 28.77 28.9 28.94 29.01 29.04 29 29.06 29.11 29.21 29.22 29.18 29.22 29.3 29.31 29.33 29.34 29.26 29.11 28.97 28.83 28.73 28.62 28.46 28.23 28.04 28.08 28.2 28.36 28.49 28.58 28.71 28.76 28.73 28.86 29.08 29.37 29.54 29.56 29.59 29.64 29.56 29.35 29.1 28.86 28.73 28.68 28.56 28.47 28.51 28.62 28.61 28.68
28.18 28.05 27.88 27.85 27.89 27.89 27.89 27.95 28.17 28.42 28.21 27.96 27.75 27.84 27.75 27.57 27.49 27.48 27.48 27.48 27.59 27.96 28.31 28.53 28.69 28.84 28.98 29.1 29.2 29.28 29.31 29.3 29.29 29.39 29.47 29.45 29.42 29.49 29.51 29.5 29.44 29.24 29.01 28.92 28.92 28.89 28.73 28.45 28.14 28.03 28.16 28.31 28.45 28.6 28.73 28.86 28.97 28.99 29.11 29.28 29.4 29.35 29.32 29.46 29.54 29.39 29.12 28.91 28.85 28.82 28.81 28.76 28.68 28.68 28.8 28.8 28.84
28.43 28.23 28.02 27.87 27.81 27.78 27.77 27.86 28.13 28.28 28.08 27.8 27.7 27.73 27.71 27.69 27.73 27.79 27.7 27.74 27.85 28.1 28.42 28.62 28.7 28.78 28.92 29.08 29.23 29.36 29.46 29.49 29.49 29.56 29.64 29.64 29.61 29.64 29.63 29.53 29.33 29.17 29.16 29.17 29.17 29.04 28.87 28.62 28.29 28.13 28.18 28.29 28.4 28.55 28.71 28.79 28.92 29.14 29.23 29.24 29.18 29.12 29.23 29.34 29.31 29.15 28.93 28.86 28.96 28.99 28.98 28.93 28.78 28.74 28.91 28.99 29.04
28.64 28.51 28.34 28.05 27.78 27.64 27.54 27.61 27.89 28.02 27.92 27.89 27.9 27.91 27.85 27.85 27.97 28.12 28.11 28.12 28.3 28.48 28.61 28.81 28.86 28.84 28.91 29.06 29.24 29.4 29.51 29.58 29.61 29.67 29.7 29.7 29.69 29.7 29.62 29.36 29.16 29.27 29.47 29.51 29.41 29.25 29.06 28.77 28.44 28.17 28.13 28.23 28.33 28.43 28.54 28.6 28.73 28.86 28.91 28.91 28.94 29.03 29.1 29.06 29.01 29.01 29 29.07 29.22 29.21 29.15 29.03 28.78 28.73 28.99 29.15 29.22
28.7 28.51 28.32 28.05 27.77 27.58 27.42 27.42 27.63 27.76 27.84 28.04 28.16 28.18 28 27.93 28.04 28.28 28.48 28.46 28.57 28.78 28.91 29.1 29.15 28.99 28.9 29.01 29.28 29.45 29.48 29.57 29.64 29.7 29.72 29.72 29.72 29.71 29.64 29.47 29.48 29.6 29.63 29.57 29.36 29.17 28.85 28.6 28.39 28.21 28.16 28.2 28.24 28.28 28.35 28.47 28.58 28.67 28.76 28.86 28.95 29.02 28.99 28.98 28.96 29.05 29.16 29.26 29.35 29.26 29.13 29.01 28.83 28.68 28.82 29.07 29.26
28.45 28.25 28.08 27.87 27.76 27.64 27.49 27.42 27.53 27.71 27.89 28.18 28.33 28.35 28.21 28.1 28.07 28.3 28.62 28.73 28.69 28.93 29.13 29.29 29.33 29.22 29.13 29.27 29.5 29.57 29.49 29.52 29.63 29.7 29.72 29.72 29.72 29.72 29.69 29.64 29.66 29.7 29.68 29.54 29.25 29.03 28.85 28.64 28.5 28.43 28.33 28.25 28.19 28.14 28.17 28.33 28.51 28.65 28.75 28.86 28.96 29.06 29.12 29.15 29.08 29.12 29.27 29.39 29.43 29.32 29.16 28.99 28.81 28.65 28.74 29 29.27
28.27 28.13 28.03 27.9 27.79 27.66 27.5 27.45 27.6 27.81 27.98 28.22 28.42 28.51 28.48 28.38 28.22 28.39 28.73 28.9 28.82 28.97 29.17 29.38 29.49 29.45 29.41 29.51 29.64 29.67 29.63 29.62 29.68 29.71 29.72 29.72 29.72 29.72 29.72 29.71 29.71 29.72 29.69 29.57 29.36 29.23 29.1 28.95 28.85 28.72 28.54 28.43 28.34 28.19 28.11 28.29 28.5 28.62 28.69 28.86 29.03 29.15 29.24 29.34 29.27 29.19 29.32 29.45 29.5 29.39 29.23 29.11 28.93 28.77 28.86 29.07 29.36
28.18 28.04 28.01 27.94 27.83 27.7 27.54 27.5 27.65 27.84 28 28.19 28.43 28.67 28.77 28.8 28.6 28.58 28.86 29.05 29.04 29.1 29.21 29.42 29.58 29.62 29.63 29.66 29.7 29.71 29.71 29.7 29.71 29.72 29.72 29.72 29.72 29.72 29.72 29.72 29.72 29.72 29.69 29.63 29.55 29.52 29.42 29.25 29.16 28.95 28.81 28.73 28.65 28.47 28.23 28.32 28.48 28.56 28.62 28.75 28.9 28.99 29.15 29.4 29.47 29.33 29.34 29.48 29.57 29.49 29.36 29.18 28.99 28.89 29.03 29.19 29.47
28.11 27.99 28 27.96 27.89 27.78 27.63 27.6 27.73 27.87 27.97 28.11 28.33 28.6 28.77 29.04 29.07 28.81 28.88 29.07 29.22 29.3 29.35 29.48 29.63 29.69 29.7 29.7 29.71 29.72 29.72 29.72 29.72 29.72 29.72 29.72 29.72 29.72 29.72 29.72 29.72 29.72 29.71 29.7 29.69 29.67 29.61 29.51 29.4 29.2 29.11 29.02 28.93 28.68 28.32 28.3 28.42 28.57 28.69 28.81 28.94 29.05 29.22 29.47 29.6 29.55 29.5 29.57 29.65 29.63 29.54 29.29 29.13 29.16 29.27 29.44 29.64
28.01 27.98 28.04 27.99 27.9 27.79 27.65 27.68 27.78 27.84 27.92 27.98 28.09 28.26 28.48 28.96 29.25 29.05 28.93 28.99 29.16 29.35 29.47 29.52 29.64 29.7 29.71 29.71 29.71 29.72 29.72 29.72 29.72 29.72 29.72 -9999 29.72 29.72 29.72 29.72 29.72 29.72 29.72 29.72 29.72 29.71 29.69 29.65 29.57 29.45 29.35 29.25 29.1 28.79 28.39 28.23 28.39 28.66 28.85 28.98 29.11 29.22 29.38 29.56 29.66 29.67 29.66 29.67 29.71 29.7 29.66 29.49 29.38 29.49 29.53 29.62 29.7
