ASPA-UH-SWB2_REPO/input/Gridded_temps/prism_tmax_tutuila_30yr_normal_03.asc
ncols         350
nrows         200
xllcorner     515000
yllcorner     8409000
cellsize      100
NODATA_value  -9999
[rows 34 to 67 of 200, columns 231 to 307 of 350]
-9999 -9999 -9999 -9999 -9999 -9999 -9999 31.6 -9999 -9999 -9999 -9999 -9999 31.61 31.61 -9999 -9999 -9999 -9999 -9999 -9999 -9999 -9999 -9999 -9999 -9999 31.61 -9999 -9999 -9999 -9999 -9999 -9999 -9999 -9999 -9999 -9999 -9999 -9999 -9999 -9999 -9999 -9999 -9999 -9999 -9999 -9999 -9999 -9999 -9999 -9999 -9999 -9999 -9999 -9999 -9999 -9999 -9999 -9999 -9999 -9999 -9999 -9999 -9999 -9999 -9999 -9999 -9999 -9999 -9999 -9999 -9999 -9999 -9999 31.62 31.62 31.62
-9999 -9999 -9999 -9999 -9999 -9999 31.6 31.6 31.6 -9999 -9999 -9999 31.61 31.61 31.61 31.61 -9999 -9999 -9999 -9999 -9999 -9999 -9999 -9999 -9999 31.61 31.61 31.61 -9999 -9999 -9999 -9999 -9999 -9999 -9999 -9999 -9999 -9999 -9999 -9999 -9999 -9999 -9999 -9999 -9999 -9999 -9999 -9999 -9999 -9999 -9999 -9999 -9999 -9999 -9999 -9999 -9999 -9999 -9999 -9999 -9999 -9999 -9999 -9999 -9999 -9999 -9999 -9999 -9999 -9999 -9999 -9999 -9999 31.62 31.62 31.62 31.62
-9999 31.6 31.6 -9999 -9999 31.6 31.6 31.6 31.6 31.6 31.61 31.61 31.61 31.61 31.61 31.61 -9999 -9999 -9999 31.61 31.61 -9999 -9999 -9999 -9999 31.61 31.61 31.61 31.61 -9999 -9999 -9999 -9999 -9999 -9999 -9999 -9999 -9999 -9999 -9999 -9999 -9999 -9999 -9999 -9999 -9999 -9999 -9999 -9999 -9999 -9999 -9999 -9999 -9999 -9999 -9999 -9999 -9999 -9999 -9999 -9999 -9999 -9999 -9999 -9999 -9999 -9999 -9999 -9999 -9999 -9999 -9999 31.62 31.62 31.62 31.62 31.62
31.6 31.6 31.6 31.6 31.6 31.6 31.6 31.6 31.6 31.6 31.6 31.61 31.61 31.61 31.61 31.61 31.61 -9999 31.61 31.61 31.61 31.61 31.61 -9999 31.61 31.61 31.61 31.61 31.61 31.61 -9999 -9999 -9999 -9999 -9999 -9999 -9999 -9999 -9999 -9999 -9999 -9999 -9999 -9999 -9999 -9999 -9999 -9999 -9999 -9999 -9999 -9999 -9999 -9999 -9999 -9999 -9999 -9999 -9999 -9999 -9999 -9999 -9999 -9999 -9999 -9999 -9999 -9999 -9999 -9999 -9999 31.62 31.62 31.62 31.62 31.62 31.62
31.6 31.6 31.6 31.6 31.6 31.6 31.6 31.6 31.6 31.6 31.6 31.6 31.61 31.61 31.61 31.61 31.61 31.61 31.61 31.61 31.61 31.61 31.61 31.61 31.61 31.61 31.61 31.61 31.61 31.61 31.61 -9999 -9999 -9999 -9999 -9999 -9999 -9999 -9999 -9999 -9999 -9999 -9999 -9999 -9999 -9999 -9999 -9999 -9999 -9999 -9999 -9999 -9999 -9999 -9999 -9999 -9999 -9999 -9999 -9999 -9999 -9999 -9999 -9999 -9999 -9999 -9999 31.62 31.62 -9999 31.62 31.62 31.62 31.62 31.62 31.62 31.62
31.6 31.6 31.6 31.6 31.6 31.6 31.6 31.6 31.6 31.6 31.6 31.6 31.6 31.61 31.61 31.61 31.61 31.61 31.61 31.61 31.61 31.61 31.61 31.61 31.61 31.61 31.61 31.61 31.61 31.61 31.61 31.61 -9999 -9999 -9999 31.62 -9999 -9999 -9999 -9999 -9999 -9999 -9999 -9999 -9999 -9999 -9999 -9999 -9999 -9999 -9999 -9999 -9999 -9999 -9999 -9999 -9999 -9999 -9999 -9999 -9999 -9999 -9999 -9999 -9999 -9999 31.62 31.62 31.62 31.62 31.62 31.62 31.62 31.62 31.61 31.57 31.59
31.6 31.6 31.6 31.6 31.6 31.6 31.59 31.57 31.59 31.6 31.6 31.6 31.6 31.58 31.58 31.61 31.61 31.61 31.61 31.61 31.61 31.61 31.61 31.61 31.61 31.61 31.61 31.61 31.61 31.61 31.61 31.61 31.61 -9999 31.61 31.61 31.61 -9999 -9999 -9999 -9999 -9999 -9999 -9999 -9999 -9999 -9999 -9999 -9999 -9999 -9999 -9999 -9999 -9999 -9999 -9999 -9999 -9999 -9999 -9999 -9999 -9999 -9999 -9999 -9999 31.62 31.62 31.62 31.62 31.62 31.62 31.62 31.62 31.62 31.55 31.38 31.47
31.6 31.6 31.6 31.6 31.6 31.6 31.57 31.51 31.54 31.59 31.59 31.59 31.57 31.47 31.47 31.57 31.6 31.61 31.61 31.6 31.6 31.61 31.61 31.61 31.6 31.56 31.56 31.6 31.61 31.61 31.61 31.61 31.61 31.61 31.61 31.61 31.61 31.62 -9999 -9999 -9999 -9999 -9999 -9999 -9999 -9999 -9999 -9999 -9999 -9999 -9999 -9999 -9999 -9999 -9999 -9999 -9999 -9999 -9999 -9999 -9999 -9999 -9999 -9999 31.62 31.62 31.62 31.62 31.62 31.62 31.62 31.62 31.62 31.6 31.48 31.2 31.26
31.59 31.58 31.57 31.58 31.6 31.6 31.56 31.42 31.43 31.53 31.54 31.54 31.5 31.28 31.27 31.49 31.59 31.61 31.59 31.49 31.48 31.58 31.61 31.6 31.53 31.43 31.47 31.57 31.61 31.61 31.61 31.61 31.61 31.61 31.61 31.61 31.61 31.62 31.62 -9999 -9999 -9999 -9999 -9999 -9999 -9999 31.62 -9999 -9999 -9999 -9999 -9999 -9999 -9999 -9999 -9999 -9999 -9999 -9999 -9999 -9999 -9999 -9999 31.62 31.62 31.62 31.62 31.62 31.62 31.62 31.62 31.61 31.57 31.48 31.29 30.99 31.04
31.58 31.53 31.47 31.51 31.58 31.6 31.56 31.36 31.24 31.32 31.29 31.34 31.34 31.1 31.11 31.38 31.55 31.58 31.49 31.21 31.22 31.46 31.57 31.58 31.48 31.39 31.47 31.58 31.61 31.61 31.61 31.61 31.61 31.61 31.61 31.61 31.61 31.61 31.62 31.62 31.62 31.62 -9999 -9999 -9999 31.62 31.62 31.62 31.62 31.62 -9999 -9999 31.62 -9999 -9999 -9999 -9999 -9999 -9999 -9999 -9999 -9999 31.62 31.62 31.62 31.62 31.62 31.62 31.62 31.62 31.62 31.58 31.4 31.2 31.06 30.88 30.91
31.57 31.48 31.35 31.46 31.57 31.6 31.57 31.35 31.03 30.92 30.89 31 31.02 30.93 30.99 31.22 31.4 31.43 31.26 31.01 31.09 31.38 31.55 31.58 31.54 31.53 31.57 31.61 31.61 31.61 31.61 31.61 31.61 31.61 31.61 31.61 31.61 31.61 31.61 31.62 31.62 31.62 -9999 -9999 31.62 31.62 31.62 31.62 31.62 31.62 31.62 31.62 31.62 31.62 -9999 -9999 -9999 -9999 -9999 -9999 -9999 31.62 31.62 31.62 31.62 31.62 31.61 31.59 31.59 31.61 31.61 31.55 31.26 31.01 30.99 30.88 30.83
31.58 31.51 31.41 31.48 31.57 31.59 31.54 31.28 30.8 30.46 30.51 30.61 30.63 30.68 30.82 31.03 31.22 31.29 31.18 31.13 31.27 31.48 31.58 31.6 31.6 31.6 31.61 31.61 31.61 31.61 31.61 31.61 31.61 31.61 31.6 31.58 31.6 31.61 31.61 31.61 31.62 31.62 31.62 31.62 31.62 31.62 31.62 31.62 31.62 31.62 31.62 31.62 31.62 31.62 31.62 31.62 31.62 -9999 -9999 31.62 31.62 31.62 31.62 31.62 31.62 31.62 31.59 31.51 31.5 31.56 31.56 31.52 31.34 31.02 30.94 30.86 30.79
31.59 31.55 31.42 31.36 31.53 31.55 31.45 31.1 30.54 30.12 30.18 30.24 30.3 30.53 30.82 31.09 31.3 31.4 31.41 31.43 31.5 31.57 31.61 31.61 31.61 31.61 31.61 31.61 31.61 31.61 31.61 31.61 31.61 31.6 31.55 31.48 31.55 31.61 31.61 31.61 31.61 31.62 31.62 31.62 31.62 31.62 31.62 31.62 31.62 31.62 31.62 31.62 31.62 31.62 31.62 31.62 31.62 31.62 31.62 31.62 31.62 31.62 31.62 31.62 31.62 31.62 31.55 31.41 31.4 31.45 31.39 31.38 31.33 31.07 30.9 30.81 30.73
31.58 31.52 31.18 31.21 31.46 31.46 31.24 30.82 30.28 29.96 29.98 30.03 30.22 30.65 31.02 31.32 31.48 31.55 31.57 31.57 31.59 31.61 31.61 31.61 31.61 31.61 31.61 31.61 31.61 31.61 31.61 31.6 31.59 31.55 31.4 31.34 31.5 31.6 31.61 31.61 31.61 31.62 31.62 31.62 31.62 31.62 31.61 31.61 31.62 31.62 31.62 31.62 31.62 31.62 31.62 31.62 31.62 31.62 31.62 31.62 31.62 31.62 31.62 31.62 31.62 31.59 31.45 31.29 31.34 31.33 31.14 31.12 31.2 31.04 30.86 30.73 30.66
31.56 31.42 30.89 31.12 31.38 31.27 30.95 30.44 30.12 30.06 30.12 30.28 30.58 30.96 31.26 31.47 31.57 31.59 31.6 31.6 31.6 31.6 31.61 31.61 31.61 31.61 31.61 31.61 31.61 31.6 31.56 31.52 31.5 31.42 31.26 31.28 31.48 31.59 31.59 31.6 31.6 31.61 31.62 31.62 31.62 31.61 31.59 31.58 31.59 31.61 31.62 31.62 31.62 31.62 31.62 31.62 31.62 31.62 31.62 31.62 31.62 31.62 31.62 31.62 31.61 31.55 31.36 31.2 31.24 31.23 31.07 30.95 31.02 31 30.82 30.65 30.6
31.51 30.99 30.44 31.05 31.26 30.99 30.63 30.37 30.33 30.43 30.61 30.8 31.07 31.33 31.48 31.55 31.59 31.6 31.6 31.6 31.6 31.6 31.6 31.61 31.61 31.61 31.61 31.61 31.59 31.51 31.36 31.25 31.26 31.24 31.17 31.25 31.45 31.52 31.47 31.52 31.55 31.56 31.59 31.62 31.62 31.6 31.52 31.46 31.47 31.55 31.6 31.61 31.61 31.62 31.62 31.62 31.62 31.62 31.62 31.62 31.62 31.62 31.62 31.62 31.62 31.55 31.37 31.18 31.1 31.11 31.04 30.88 30.81 30.88 30.85 30.6 30.54
31.25 30.67 30.56 31.03 31.03 30.69 30.48 30.53 30.68 30.78 30.98 31.24 31.43 31.52 31.57 31.58 31.6 31.6 31.6 31.6 31.6 31.6 31.6 31.6 31.61 31.6 31.6 31.59 31.53 31.3 31.01 30.98 31.03 31.06 31.08 31.23 31.4 31.38 31.33 31.43 31.42 31.4 31.51 31.59 31.62 31.58 31.46 31.34 31.29 31.41 31.52 31.53 31.57 31.6 31.62 31.62 31.62 31.62 31.62 31.62 31.62 31.62 31.62 31.62 31.62 31.56 31.38 31.15 30.94 30.91 30.89 30.79 30.68 30.7 30.82 30.59 30.54
30.96 30.82 30.96 31.02 30.83 30.5 30.49 30.76 31.03 31.16 31.34 31.48 31.54 31.57 31.58 31.57 31.56 31.56 31.56 31.58 31.6 31.6 31.6 31.59 31.55 31.51 31.5 31.5 31.37 31.02 30.75 30.79 30.87 30.92 31.01 31.17 31.31 31.26 31.29 31.34 31.26 31.23 31.42 31.57 31.59 31.5 31.3 31.2 31.15 31.24 31.31 31.32 31.45 31.55 31.59 31.59 31.61 31.62 31.61 31.61 31.62 31.62 31.62 31.62 31.61 31.55 31.35 31.09 30.81 30.7 30.68 30.63 30.56 30.57 30.74 30.57 30.52
30.68 30.78 30.85 30.83 30.65 30.44 30.62 30.94 31.2 31.37 31.49 31.54 31.53 31.53 31.53 31.49 31.42 31.36 31.37 31.45 31.56 31.58 31.56 31.46 31.36 31.21 31.2 31.26 31.09 30.77 30.57 30.65 30.75 30.87 31.01 31.14 31.22 31.17 31.17 31.18 31.11 31.1 31.29 31.51 31.58 31.46 31.21 31.04 30.99 31.04 31.08 31.13 31.3 31.45 31.47 31.48 31.54 31.54 31.53 31.56 31.61 31.62 31.62 31.62 31.62 31.58 31.43 31.16 30.89 30.68 30.55 30.52 30.46 30.43 30.6 30.49 30.39
30.39 30.55 30.52 30.53 30.37 30.26 30.58 30.96 31.23 31.42 31.51 31.5 31.41 31.38 31.36 31.27 31.07 30.92 30.98 31.2 31.47 31.51 31.4 31.15 30.96 30.85 30.83 30.84 30.71 30.51 30.44 30.54 30.69 30.87 31.02 31.09 31.11 31.05 31 31.01 31 31.01 31.22 31.47 31.56 31.5 31.33 31.07 30.88 30.83 30.85 30.97 31.16 31.3 31.25 31.23 31.32 31.31 31.35 31.49 31.6 31.62 31.62 31.62 31.62 31.61 31.52 31.35 31.19 31.01 30.8 30.67 30.47 30.28 30.4 30.31 30.17
30.1 30.2 30.08 30.08 30 30.15 30.53 30.93 31.24 31.42 31.48 31.42 31.24 31.1 31.05 30.93 30.68 30.5 30.69 31.07 31.36 31.35 31.17 30.82 30.54 30.42 30.42 30.38 30.33 30.31 30.36 30.5 30.67 30.82 30.9 30.91 30.91 30.9 30.84 30.86 30.89 30.96 31.19 31.43 31.49 31.44 31.37 31.14 30.87 30.69 30.69 30.89 31.04 31.12 31.08 30.98 31 31.05 31.22 31.45 31.59 31.62 31.62 31.62 31.62 31.62 31.59 31.52 31.41 31.27 31.11 30.89 30.5 30.12 30.16 30.11 29.99
29.92 29.85 29.72 29.75 29.94 30.32 30.73 31.05 31.27 31.4 31.42 31.35 31.18 30.94 30.72 30.54 30.31 30.27 30.61 31 31.16 31.06 30.88 30.53 30.22 30.09 30.1 30.09 30.11 30.19 30.32 30.47 30.61 30.7 30.74 30.71 30.71 30.74 30.68 30.68 30.75 30.9 31.15 31.34 31.3 31.18 31.15 31.02 30.8 30.61 30.6 30.78 30.85 30.94 30.91 30.73 30.72 30.89 31.16 31.44 31.59 31.62 31.62 31.62 31.62 31.62 31.6 31.54 31.43 31.28 31.09 30.81 30.35 29.94 29.89 29.95 30.02
30.18 30.05 29.72 29.77 30.04 30.43 30.84 31.13 31.28 31.33 31.28 31.2 31.11 30.9 30.58 30.24 30.02 30.16 30.58 30.88 30.89 30.71 30.52 30.26 29.99 29.9 29.92 29.94 30.02 30.11 30.25 30.38 30.47 30.53 30.56 30.52 30.57 30.62 30.56 30.58 30.67 30.86 31.1 31.19 31.06 30.89 30.85 30.78 30.63 30.45 30.42 30.56 30.65 30.76 30.72 30.51 30.57 30.82 31.09 31.37 31.55 31.6 31.61 31.62 31.62 31.6 31.59 31.54 31.44 31.29 31.02 30.6 30.11 29.72 29.65 29.84 30.18
30.58 30.33 29.9 29.89 30.06 30.35 30.77 31.07 31.16 31.21 31.1 30.9 30.91 30.84 30.56 30.14 29.91 30.14 30.49 30.61 30.52 30.3 30.1 29.98 29.91 29.93 29.97 30.01 30.13 30.17 30.24 30.33 30.41 30.46 30.47 30.47 30.56 30.63 30.63 30.7 30.72 30.77 30.94 31.04 30.95 30.83 30.76 30.68 30.54 30.34 30.22 30.3 30.45 30.56 30.48 30.38 30.53 30.79 31.02 31.25 31.45 31.56 31.6 31.6 31.6 31.6 31.56 31.46 31.33 31.22 30.99 30.57 30 29.62 29.66 29.97 30.25
30.62 30.32 29.94 29.92 30.05 30.24 30.55 30.74 30.82 31.02 30.93 30.56 30.51 30.6 30.44 30.04 29.84 30 30.19 30.16 30.06 29.9 29.84 29.88 30 30.12 30.22 30.24 30.37 30.38 30.4 30.47 30.56 30.63 30.61 30.63 30.71 30.8 30.82 30.9 30.87 30.79 30.82 30.88 30.86 30.81 30.75 30.65 30.5 30.27 30.09 30.13 30.28 30.37 30.33 30.32 30.46 30.69 30.9 31.1 31.32 31.51 31.59 31.59 31.59 31.58 31.5 31.3 31.07 30.96 30.84 30.51 30.05 29.81 29.92 30.19 30.39
30.41 30.17 29.86 29.87 30 30.06 30.17 30.25 30.38 30.76 30.82 30.37 30.05 30.22 30.13 29.86 29.65 29.66 29.75 29.7 29.63 29.69 29.83 30.04 30.23 30.37 30.53 30.53 30.62 30.64 30.62 30.72 30.8 30.88 30.85 30.83 30.9 30.99 31 31.05 31.05 30.99 30.94 30.87 30.76 30.66 30.61 30.52 30.39 30.15 29.99 30.02 30.18 30.3 30.35 30.42 30.47 30.56 30.74 30.94 31.22 31.47 31.56 31.57 31.58 31.55 31.41 31.15 30.84 30.69 30.62 30.41 30.17 30.13 30.25 30.33 30.48
30.05 29.91 29.76 29.8 29.88 29.88 29.91 29.93 30.05 30.41 30.4 30.07 29.78 29.94 29.83 29.62 29.44 29.39 29.44 29.43 29.48 29.75 30.02 30.26 30.5 30.65 30.78 30.83 30.9 30.93 30.89 30.95 30.99 31.09 31.11 31.07 31.11 31.19 31.2 31.22 31.23 31.14 31.01 30.86 30.72 30.62 30.51 30.35 30.13 29.93 29.97 30.09 30.25 30.38 30.48 30.61 30.65 30.62 30.75 30.97 31.27 31.44 31.45 31.49 31.53 31.46 31.25 30.99 30.75 30.62 30.58 30.46 30.36 30.4 30.51 30.5 30.57
30.05 29.92 29.75 29.72 29.76 29.76 29.77 29.83 30.05 30.29 30.09 29.84 29.63 29.71 29.63 29.46 29.37 29.37 29.36 29.36 29.47 29.84 30.2 30.41 30.57 30.72 30.86 30.99 31.09 31.17 31.2 31.19 31.17 31.27 31.35 31.33 31.31 31.38 31.4 31.39 31.33 31.13 30.9 30.81 30.81 30.78 30.62 30.34 30.03 29.92 30.05 30.2 30.34 30.5 30.63 30.76 30.86 30.89 31 31.17 31.3 31.24 31.21 31.35 31.43 31.29 31.01 30.81 30.74 30.71 30.7 30.66 30.57 30.57 30.69 30.7 30.74
30.3 30.11 29.89 29.74 29.68 29.65 29.64 29.73 30 30.15 29.95 29.68 29.58 29.61 29.6 29.58 29.61 29.67 29.58 29.62 29.74 29.99 30.31 30.51 30.58 30.67 30.8 30.96 31.11 31.24 31.35 31.38 31.38 31.45 31.52 31.53 31.5 31.53 31.51 31.42 31.22 31.06 31.05 31.06 31.06 30.93 30.76 30.51 30.18 30.02 30.07 30.18 30.3 30.45 30.6 30.68 30.81 31.04 31.12 31.13 31.07 31.01 31.12 31.23 31.21 31.04 30.82 30.76 30.85 30.88 30.87 30.82 30.67 30.63 30.81 30.88 30.93
30.51 30.38 30.21 29.92 29.65 29.51 29.42 29.49 29.77 29.89 29.8 29.77 29.78 29.79 29.73 29.73 29.85 30 29.99 30 30.18 30.36 30.5 30.69 30.74 30.72 30.79 30.95 31.13 31.29 31.39 31.47 31.5 31.55 31.58 31.59 31.58 31.59 31.51 31.25 31.05 31.16 31.36 31.4 31.3 31.14 30.95 30.66 30.33 30.06 30.02 30.12 30.22 30.33 30.43 30.49 30.62 30.76 30.8 30.81 30.83 30.92 30.99 30.95 30.9 30.9 30.89 30.97 31.11 31.11 31.05 30.92 30.68 30.63 30.88 31.05 31.11
30.57 30.38 30.19 29.92 29.64 29.45 29.29 29.3 29.5 29.63 29.72 29.92 30.03 30.06 29.88 29.81 29.92 30.16 30.36 30.34 30.45 30.66 30.79 30.98 31.03 30.88 30.79 30.9 31.16 31.33 31.37 31.45 31.53 31.59 31.61 31.61 31.61 31.6 31.53 31.36 31.37 31.49 31.52 31.46 31.25 31.06 30.74 30.49 30.28 30.1 30.05 30.09 30.13 30.17 30.24 30.36 30.47 30.56 30.65 30.75 30.84 30.91 30.89 30.87 30.85 30.95 31.05 31.16 31.25 31.16 31.03 30.91 30.72 30.58 30.72 30.97 31.16
30.31 30.12 29.95 29.74 29.63 29.51 29.36 29.29 29.41 29.58 29.76 30.05 30.2 30.23 30.09 29.98 29.95 30.18 30.5 30.61 30.58 30.81 31.01 31.17 31.22 31.11 31.01 31.15 31.39 31.46 31.38 31.41 31.51 31.58 31.6 31.61 31.61 31.61 31.58 31.53 31.55 31.59 31.56 31.43 31.14 30.92 30.74 30.54 30.39 30.32 30.22 30.14 30.08 30.04 30.06 30.22 30.4 30.55 30.64 30.76 30.86 30.96 31.02 31.05 30.98 31.02 31.16 31.28 31.32 31.21 31.05 30.88 30.7 30.54 30.63 30.89 31.17
30.14 30 29.9 29.77 29.66 29.53 29.37 29.32 29.47 29.68 29.85 30.09 30.29 30.39 30.35 30.25 30.1 30.27 30.61 30.78 30.71 30.85 31.05 31.27 31.37 31.34 31.29 31.39 31.53 31.55 31.51 31.51 31.56 31.59 31.6 31.61 31.61 31.61 31.6 31.6 31.6 31.61 31.57 31.45 31.25 31.12 30.99 30.84 30.74 30.62 30.44 30.32 30.23 30.08 30.01 30.18 30.39 30.51 30.59 30.75 30.92 31.04 31.13 31.23 31.16 31.08 31.21 31.34 31.39 31.28 31.13 31 30.82 30.66 30.75 30.96 31.26
30.04 29.9 29.87 29.81 29.7 29.57 29.41 29.38 29.53 29.71 29.87 30.06 30.3 30.55 30.65 30.67 30.48 30.46 30.74 30.93 30.92 30.98 31.09 31.3 31.46 31.51 31.52 31.55 31.59 31.59 31.59 31.59 31.6 31.6 31.6 31.6 31.61 31.61 31.61 31.61 31.61 31.61 31.58 31.52 31.44 31.41 31.31 31.14 31.05 30.84 30.7 30.62 30.55 30.36 30.12 30.21 30.37 30.46 30.52 30.65 30.79 30.89 31.04 31.29 31.36 31.23 31.24 31.37 31.46 31.38 31.26 31.08 30.88 30.78 30.92 31.09 31.37
