ASPA-UH-SWB2_REPO/input/Gridded_temps/prism_tmax_tutuila_30yr_normal_04.asc
ncols         350
nrows         200
xllcorner     515000
yllcorner     8409000
cellsize      100
NODATA_value  -9999
[rows 70 to 104 of 200, columns 77 to 153 of 350]
-9999 -9999 -9999 -9999 -9999 -9999 -9999 -9999 -9999 -9999 -9999 -9999 -9999 -9999 -9999 -9999 -9999 -9999 -9999 -9999 -9999 -9999 -9999 -9999 -9999 -9999 -9999 -9999 -9999 -9999 -9999 -9999 -9999 -9999 -9999 -9999 -9999 -9999 -9999 -9999 -9999 -9999 -9999 -9999 -9999 -9999 -9999 -9999 -9999 -9999 -9999 -9999 -9999 -9999 -9999 -9999 -9999 -9999 -9999 -9999 -9999 -9999 -9999 -9999 -9999 31.04 31.04 31.04 31.04 31.03 31.02 30.98 30.85 30.75 30.57 30.28 30.22
-9999 -9999 -9999 -9999 -9999 -9999 -9999 -9999 -9999 -9999 -9999 -9999 -9999 -9999 -9999 -9999 -9999 -9999 -9999 -9999 -9999 -9999 -9999 -9999 -9999 -9999 -9999 -9999 -9999 -9999 -9999 -9999 -9999 -9999 -9999 -9999 -9999 -9999 -9999 -9999 -9999 -9999 -9999 -9999 -9999 -9999 -9999 -9999 -9999 -9999 -9999 -9999 -9999 -9999 -9999 -9999 -9999 -9999 -9999 -9999 -9999 -9999 -9999 -9999 31.04 31.04 31.03 31.03 31.03 31.03 31.01 30.94 30.65 30.53 30.48 30.19 29.96
-9999 -9999 -9999 -9999 -9999 -9999 -9999 -9999 -9999 -9999 -9999 -9999 -9999 -9999 -9999 -9999 -9999 -9999 -9999 -9999 -9999 -9999 -9999 -9999 -9999 -9999 -9999 -9999 -9999 -9999 -9999 -9999 -9999 -9999 -9999 -9999 -9999 -9999 -9999 -9999 -9999 -9999 -9999 -9999 -9999 -9999 -9999 -9999 -9999 -9999 -9999 -9999 -9999 -9999 -9999 -9999 -9999 -9999 -9999 -9999 -9999 -9999 -9999 31.04 31.03 31.03 31.03 31.02 31.02 31.02 31.01 30.93 30.59 30.36 30.33 30.17 29.82
-9999 -9999 -9999 -9999 -9999 -9999 -9999 -9999 -9999 -9999 -9999 -9999 -9999 -9999 -9999 -9999 -9999 -9999 -9999 -9999 -9999 -9999 -9999 -9999 -9999 -9999 -9999 -9999 -9999 -9999 -9999 -9999 -9999 -9999 -9999 -9999 -9999 -9999 -9999 -9999 -9999 -9999 -9999 -9999 -9999 -9999 -9999 -9999 -9999 -9999 -9999 -9999 -9999 -9999 -9999 -9999 -9999 -9999 -9999 -9999 -9999 -9999 31.03 31.03 31.03 31.02 31.02 31.02 31.02 31.01 31 30.96 30.75 30.39 30.12 30.05 29.79
-9999 -9999 -9999 -9999 -9999 -9999 -9999 -9999 -9999 -9999 -9999 -9999 -9999 -9999 -9999 -9999 -9999 -9999 -9999 -9999 -9999 -9999 -9999 -9999 -9999 -9999 -9999 -9999 -9999 -9999 -9999 -9999 -9999 -9999 -9999 -9999 -9999 -9999 -9999 -9999 -9999 -9999 -9999 -9999 -9999 -9999 -9999 -9999 -9999 -9999 -9999 -9999 -9999 -9999 -9999 -9999 -9999 -9999 -9999 -9999 -9999 31.03 31.03 31.02 31.02 31.02 31.01 31.01 31.01 31.01 31 30.96 30.73 30.35 29.97 29.87 29.76
-9999 -9999 -9999 -9999 -9999 -9999 -9999 -9999 -9999 -9999 -9999 -9999 -9999 -9999 -9999 -9999 -9999 -9999 -9999 -9999 -9999 -9999 -9999 -9999 -9999 -9999 -9999 -9999 -9999 -9999 -9999 -9999 -9999 -9999 -9999 -9999 -9999 -9999 -9999 -9999 -9999 -9999 -9999 -9999 -9999 -9999 -9999 -9999 -9999 -9999 -9999 -9999 -9999 -9999 -9999 -9999 -9999 -9999 -9999 31.03 31.03 31.02 31.02 31.02 31.01 31.01 31.01 31 31 31 30.99 30.96 30.79 30.38 29.9 29.66 29.57
-9999 -9999 -9999 -9999 -9999 -9999 -9999 -9999 -9999 -9999 -9999 -9999 -9999 -9999 -9999 -9999 -9999 -9999 -9999 -9999 -9999 -9999 -9999 -9999 -9999 -9999 -9999 -9999 -9999 -9999 -9999 -9999 -9999 -9999 -9999 -9999 -9999 -9999 -9999 -9999 -9999 -9999 -9999 -9999 -9999 -9999 -9999 -9999 -9999 -9999 -9999 -9999 -9999 -9999 -9999 -9999 -9999 31.03 31.03 31.03 31.02 31.02 31.01 31.01 31.01 31 31 31 30.99 30.99 30.98 30.91 30.69 30.24 29.81 29.5 29.37
-9999 -9999 -9999 -9999 -9999 -9999 -9999 -9999 -9999 -9999 -9999 -9999 -9999 -9999 -9999 -9999 -9999 -9999 -9999 -9999 -9999 -9999 -9999 -9999 -9999 -9999 -9999 -9999 -9999 -9999 -9999 -9999 -9999 -9999 -9999 -9999 -9999 -9999 -9999 -9999 -9999 -9999 -9999 -9999 -9999 -9999 -9999 -9999 -9999 -9999 -9999 -9999 -9999 -9999 -9999 31.04 31.04 31.03 31.03 31.02 31.02 31.01 31 30.99 31 31 30.99 30.99 30.98 30.98 30.95 30.82 30.53 30.18 29.91 29.69 29.58
-9999 -9999 -9999 -9999 -9999 -9999 31.32 -9999 -9999 -9999 -9999 -9999 -9999 -9999 -9999 -9999 -9999 -9999 -9999 -9999 -9999 -9999 -9999 -9999 -9999 -9999 -9999 -9999 31.21 31.21 31.2 -9999 -9999 -9999 -9999 -9999 -9999 -9999 -9999 -9999 -9999 -9999 -9999 -9999 -9999 -9999 -9999 -9999 -9999 -9999 -9999 -9999 -9999 -9999 31.04 31.04 31.03 31.02 31.02 31.01 31.01 30.99 30.94 30.94 30.98 30.98 30.98 30.98 30.97 30.97 30.94 30.82 30.61 30.41 30.29 30.15 30.01
-9999 -9999 -9999 -9999 -9999 31.33 31.32 31.32 31.32 31.32 -9999 -9999 -9999 -9999 -9999 -9999 -9999 -9999 -9999 -9999 -9999 -9999 -9999 -9999 -9999 -9999 -9999 31.22 31.21 31.21 31.2 31.2 -9999 -9999 -9999 -9999 -9999 -9999 -9999 -9999 -9999 -9999 -9999 -9999 -9999 -9999 -9999 -9999 -9999 -9999 -9999 -9999 -9999 31.04 31.04 31.03 31.02 31.02 31.01 31.01 31 30.93 30.8 30.81 30.92 30.97 30.97 30.97 30.96 30.96 30.95 30.9 30.82 30.71 30.63 30.48 30.25
-9999 -9999 -9999 -9999 31.33 31.33 31.33 31.33 31.32 31.32 31.32 -9999 -9999 -9999 -9999 -9999 -9999 -9999 -9999 -9999 -9999 -9999 -9999 -9999 31.24 31.24 -9999 31.22 31.21 31.21 31.2 31.2 31.19 -9999 -9999 -9999 -9999 -9999 -9999 -9999 -9999 -9999 -9999 -9999 -9999 -9999 -9999 -9999 -9999 -9999 -9999 -9999 31.04 31.04 31.03 31.02 31.01 31.01 31 30.99 30.96 30.84 30.61 30.57 30.78 30.9 30.93 30.94 30.95 30.95 30.95 30.95 30.93 30.88 30.81 30.64 30.46
-9999 -9999 -9999 31.34 31.34 31.34 31.33 31.33 31.32 31.32 31.32 31.32 -9999 -9999 -9999 -9999 -9999 -9999 -9999 -9999 -9999 -9999 31.26 31.25 31.25 31.24 31.24 31.22 31.22 31.21 31.2 31.2 31.19 31.18 -9999 -9999 -9999 -9999 -9999 -9999 -9999 -9999 -9999 -9999 -9999 -9999 -9999 -9999 -9999 -9999 -9999 31.04 31.04 31.03 31.03 31.01 31.01 30.99 30.97 30.91 30.82 30.56 30.27 30.27 30.45 30.63 30.7 30.78 30.9 30.93 30.94 30.94 30.94 30.93 30.89 30.8 30.71
-9999 31.35 31.35 31.35 31.34 31.34 31.34 31.34 31.33 31.33 31.32 31.32 31.32 -9999 -9999 -9999 -9999 -9999 -9999 -9999 31.27 31.27 31.26 31.25 31.25 31.24 31.24 31.22 31.22 31.21 31.2 31.2 31.19 31.18 31.17 -9999 -9999 -9999 -9999 -9999 -9999 -9999 -9999 -9999 -9999 -9999 -9999 -9999 -9999 -9999 31.04 31.04 31.03 31.03 31.01 31 30.99 30.94 30.88 30.66 30.28 29.92 29.79 29.9 30.08 30.26 30.41 30.57 30.74 30.86 30.92 30.93 30.93 30.92 30.9 30.86 30.8
31.36 31.36 31.35 31.35 31.35 31.35 31.34 31.34 31.34 31.33 31.33 31.32 31.32 31.32 -9999 31.31 -9999 -9999 31.28 31.28 31.27 31.27 31.26 31.26 31.25 31.24 31.24 31.22 31.22 31.21 31.2 31.2 31.19 31.18 31.17 31.17 31.15 -9999 -9999 -9999 -9999 -9999 -9999 -9999 31.09 31.08 -9999 31.06 31.06 31.05 31.04 31.03 31.03 31.02 31 30.95 30.88 30.73 30.42 30.25 30.07 29.74 29.53 29.55 29.65 29.92 30.22 30.42 30.61 30.82 30.91 30.92 30.92 30.9 30.85 30.81 30.75
31.37 31.36 31.36 31.36 31.35 31.34 31.31 31.34 31.34 31.34 31.33 31.33 31.32 31.32 31.32 31.31 31.31 31.3 31.29 31.28 31.28 31.27 31.27 31.26 31.25 31.25 31.24 31.23 31.21 31.19 31.16 31.2 31.19 31.18 31.17 31.17 31.15 31.14 -9999 -9999 -9999 -9999 -9999 31.09 31.09 31.07 31.07 31.06 31.05 31.04 31.04 31.03 31.02 31 30.95 30.8 30.64 30.54 30.26 29.97 29.76 29.52 29.27 29.26 29.49 29.98 30.36 30.62 30.79 30.87 30.91 30.91 30.89 30.82 30.64 30.64 30.66
31.37 31.37 31.37 31.36 31.34 31.23 31.17 31.29 31.34 31.34 31.34 31.33 31.33 31.32 31.32 31.31 31.31 31.3 31.3 31.29 31.28 31.27 31.27 31.26 31.25 31.24 31.23 31.21 31.12 31.06 31.04 31.16 31.19 31.18 31.17 31.17 31.15 31.14 31.13 -9999 -9999 31.11 31.1 31.09 31.08 31.07 31.06 31.05 31.05 31.04 31.03 31.02 31.01 30.98 30.87 30.67 30.44 30.31 30.1 29.78 29.45 29.24 29.16 29.27 29.7 30.12 30.41 30.67 30.82 30.87 30.89 30.88 30.84 30.7 30.41 30.38 30.42
31.38 31.38 31.37 31.37 31.31 31.02 30.84 31.11 31.29 31.35 31.35 31.34 31.33 31.33 31.32 31.32 31.31 31.31 31.3 31.29 31.28 31.28 31.26 31.24 31.19 31.19 31.2 31.11 30.88 30.86 30.97 31.15 31.18 31.18 31.17 31.17 31.15 31.14 31.13 31.12 31.12 31.11 31.1 31.09 31.08 31.07 31.06 31.05 31.04 31.03 31.03 31.02 31.01 30.98 30.87 30.58 30.29 30.09 29.89 29.59 29.26 29.15 29.38 29.63 29.86 30.13 30.37 30.58 30.77 30.84 30.84 30.81 30.76 30.64 30.4 30.19 30.12
31.37 31.37 31.35 31.33 31.21 30.79 30.57 30.79 31.2 31.33 31.35 31.35 31.34 31.33 31.33 31.32 31.32 31.31 31.3 31.3 31.29 31.26 31.19 31.07 30.96 31.02 31.04 30.89 30.76 30.89 31.08 31.18 31.19 31.18 31.17 31.16 31.15 31.14 31.13 31.12 31.11 31.11 31.09 31.09 31.07 31.06 31.05 31.05 31.04 31.03 31.01 31 31 30.98 30.9 30.56 30.18 29.9 29.64 29.34 29.09 29.27 29.68 29.95 30.07 30.25 30.45 30.58 30.72 30.79 30.76 30.68 30.6 30.5 30.33 30.08 29.83
31.32 31.31 31.19 31.09 30.82 30.47 30.52 30.83 31.19 31.34 31.35 31.35 31.34 31.34 31.32 31.31 31.32 31.32 31.3 31.29 31.24 31.16 31.01 30.73 30.7 30.8 30.75 30.73 30.82 31.02 31.15 31.19 31.19 31.17 31.14 31.13 31.13 31.13 31.13 31.12 31.11 31.1 31.09 31.07 31.04 31.03 31.04 31.03 31.01 31 30.99 30.97 30.97 30.96 30.87 30.53 30.11 29.77 29.4 29.08 28.98 29.35 29.78 30.07 30.24 30.38 30.52 30.63 30.7 30.72 30.66 30.54 30.39 30.26 30.11 29.91 29.6
31.13 31.16 30.92 30.68 30.43 30.31 30.54 30.93 31.23 31.35 31.36 31.35 31.32 31.32 31.27 31.22 31.3 31.3 31.25 31.22 31.14 30.96 30.8 30.55 30.63 30.66 30.54 30.62 30.85 31.07 31.14 31.18 31.17 31.11 30.98 30.92 30.98 31.08 31.13 31.12 31.11 31.1 31.08 31.01 30.87 30.83 30.96 30.95 30.88 30.9 30.92 30.86 30.87 30.9 30.82 30.56 30.18 29.74 29.34 28.96 28.89 29.3 29.71 29.98 30.18 30.33 30.46 30.57 30.62 30.61 30.54 30.42 30.21 29.96 29.72 29.51 29.35
30.95 31.02 30.76 30.47 30.21 30.17 30.46 30.89 31.21 31.35 31.36 31.33 31.17 31.16 31.09 31.11 31.26 31.22 31.05 31.04 31 30.77 30.66 30.48 30.52 30.55 30.41 30.54 30.84 31 30.99 31.12 31.14 31.04 30.79 30.62 30.73 31 31.11 31.12 31.11 31.08 31.03 30.86 30.6 30.55 30.73 30.74 30.6 30.65 30.79 30.69 30.62 30.72 30.75 30.61 30.33 29.88 29.48 29.07 28.87 29.17 29.5 29.72 29.96 30.16 30.35 30.45 30.49 30.47 30.37 30.25 30.04 29.69 29.22 28.85 28.85
30.84 30.88 30.63 30.32 30.06 30.13 30.45 30.85 31.18 31.35 31.37 31.32 31.07 30.88 30.84 30.96 31.15 31.08 30.85 30.85 30.85 30.64 30.54 30.39 30.38 30.42 30.29 30.45 30.79 30.84 30.85 31.07 31.11 30.98 30.69 30.51 30.65 30.96 31.11 31.12 31.09 31.02 30.91 30.67 30.38 30.32 30.44 30.47 30.31 30.35 30.59 30.54 30.34 30.39 30.56 30.55 30.41 30.15 29.75 29.32 28.99 28.98 29.16 29.45 29.8 30.08 30.27 30.26 30.32 30.29 30.13 30.01 29.9 29.56 28.89 28.21 28.21
30.66 30.75 30.53 30.19 30.05 30.32 30.65 30.93 31.2 31.36 31.37 31.32 31.08 30.74 30.63 30.78 31.01 31 30.77 30.75 30.71 30.5 30.41 30.25 30.2 30.27 30.2 30.36 30.66 30.65 30.77 31.04 31.1 30.97 30.65 30.47 30.64 30.92 31.08 31.11 31.06 30.88 30.75 30.6 30.3 30.1 30.16 30.21 30.04 30.05 30.36 30.41 30.15 30.08 30.3 30.3 30.25 30.16 29.98 29.62 29.15 28.85 28.96 29.37 29.75 29.99 30.09 29.93 30.11 30.11 29.91 29.68 29.62 29.3 28.59 27.84 27.83
30.49 30.65 30.43 30.11 30.16 30.56 30.88 31.12 31.27 31.36 31.35 31.29 31.08 30.74 30.54 30.71 30.93 30.9 30.66 30.63 30.59 30.34 30.27 30.11 30.01 30.09 30.07 30.24 30.44 30.46 30.68 30.92 31.02 30.97 30.66 30.4 30.47 30.71 30.99 31.09 30.99 30.64 30.51 30.53 30.3 29.99 29.86 29.87 29.77 29.73 30.05 30.14 29.97 29.79 29.9 29.85 29.81 29.79 29.78 29.65 29.27 28.9 28.97 29.33 29.57 29.79 29.75 29.59 29.9 29.88 29.68 29.28 29.07 28.87 28.24 27.62 27.56
30.36 30.53 30.3 29.98 30.18 30.66 31.05 31.24 31.32 31.34 31.3 31.2 30.95 30.65 30.47 30.67 30.76 30.77 30.63 30.53 30.46 30.24 30.09 29.99 29.88 29.94 29.94 30.09 30.19 30.28 30.53 30.69 30.87 30.91 30.59 30.29 30.3 30.51 30.87 31.04 30.99 30.62 30.32 30.32 30.26 29.95 29.68 29.55 29.46 29.43 29.6 29.72 29.71 29.44 29.41 29.35 29.22 29.22 29.32 29.35 29.1 28.82 28.88 29.08 29.23 29.34 29.32 29.41 29.68 29.58 29.29 28.86 28.4 28.18 27.82 27.48 27.54
30.28 30.34 30.09 29.93 30.17 30.68 31.08 31.23 31.27 31.27 31.18 31 30.71 30.44 30.33 30.51 30.5 30.53 30.55 30.43 30.35 30.19 29.93 29.86 29.77 29.76 29.78 29.94 29.95 30.07 30.3 30.53 30.81 30.85 30.48 30.21 30.25 30.4 30.54 30.94 30.98 30.7 30.24 30.08 30.12 29.98 29.7 29.42 29.21 29.13 29.18 29.33 29.4 29.2 29.05 28.99 28.76 28.71 28.88 28.94 28.83 28.57 28.52 28.66 28.86 28.96 28.93 29.17 29.2 29.11 28.87 28.31 27.9 27.72 27.5 27.34 27.64
30.02 29.98 29.99 30.16 30.44 30.81 31.07 31.13 31.1 31.13 30.97 30.75 30.39 30.14 30.2 30.37 30.29 30.34 30.43 30.28 30.13 30.13 30 29.84 29.64 29.57 29.63 29.72 29.68 29.85 30.21 30.63 30.84 30.72 30.3 30.05 30.1 30.19 30.28 30.72 30.97 30.8 30.27 29.92 29.84 29.82 29.75 29.53 29.25 29.06 28.94 29 29.08 28.93 28.74 28.66 28.51 28.48 28.57 28.63 28.55 28.35 28.3 28.37 28.45 28.51 28.51 28.59 28.55 28.48 28.27 27.83 27.64 27.6 27.52 27.44 27.58
29.72 29.77 30.05 30.42 30.77 31 31.07 30.99 30.87 30.99 30.91 30.64 30.31 29.97 30.1 30.26 30.15 30.22 30.33 30.21 29.94 29.93 29.81 29.77 29.64 29.47 29.48 29.5 29.48 29.75 30.18 30.62 30.8 30.53 30.08 29.84 29.87 29.96 30.12 30.56 30.94 30.82 30.35 29.9 29.65 29.54 29.56 29.53 29.38 29.18 28.91 28.69 28.58 28.5 28.45 28.47 28.59 28.83 28.9 28.88 28.79 28.7 28.74 28.68 28.59 28.62 28.5 28.49 28.28 27.97 27.79 27.72 27.71 27.71 27.66 27.52 27.52
29.68 29.94 30.29 30.67 30.93 30.99 30.91 30.78 30.68 30.84 30.77 30.55 30.27 29.9 29.96 30.07 29.98 30.07 30.18 30.01 29.76 29.73 29.6 29.61 29.48 29.36 29.32 29.34 29.43 29.7 29.94 30.22 30.55 30.45 30 29.68 29.67 29.82 30.11 30.55 30.87 30.7 30.27 29.92 29.63 29.44 29.34 29.29 29.19 29.03 28.85 28.59 28.34 28.21 28.3 28.63 29.02 29.36 29.46 29.28 29.11 29.01 29.09 29.03 28.93 29.03 28.93 28.88 28.7 28.36 28.03 27.94 27.94 27.85 27.72 27.62 27.65
29.78 30.18 30.53 30.83 30.86 30.76 30.7 30.56 30.5 30.71 30.64 30.4 30.15 29.82 29.81 29.9 29.78 29.81 29.94 29.74 29.52 29.51 29.43 29.38 29.24 29.17 29.18 29.31 29.42 29.58 29.74 29.96 30.28 30.41 30.03 29.67 29.61 29.83 30.14 30.5 30.79 30.61 30.3 30.02 29.76 29.52 29.3 29.15 29.02 28.88 28.7 28.48 28.26 28.13 28.34 28.82 29.33 29.67 29.81 29.62 29.35 29.19 29.32 29.31 29.26 29.34 29.29 29.17 28.93 28.54 28.18 28.12 28.06 27.87 27.74 27.9 28.09
29.85 30.27 30.64 30.84 30.67 30.44 30.39 30.31 30.27 30.5 30.53 30.38 30.13 29.77 29.66 29.73 29.63 29.58 29.71 29.64 29.41 29.23 29.13 29.08 29.08 29.21 29.32 29.44 29.5 29.63 29.82 30.02 30.29 30.28 29.98 29.69 29.61 29.85 30.18 30.53 30.75 30.55 30.27 30.03 29.82 29.58 29.38 29.22 29.06 28.88 28.62 28.36 28.18 28.11 28.4 28.9 29.36 29.77 30 29.9 29.53 29.4 29.55 29.56 29.55 29.61 29.49 29.2 28.86 28.47 28.28 28.2 28.06 27.87 27.79 28.08 28.38
29.87 30.3 30.63 30.78 30.59 30.25 30.04 29.98 30 30.2 30.21 30.12 30 29.72 29.53 29.52 29.51 29.44 29.52 29.55 29.35 29.04 28.8 28.9 29.15 29.44 29.62 29.7 29.76 29.81 29.97 30.16 30.3 30.08 29.85 29.6 29.55 29.86 30.29 30.6 30.65 30.43 30.19 29.84 29.61 29.48 29.36 29.23 29.08 28.91 28.66 28.39 28.23 28.14 28.4 28.91 29.38 29.87 30.09 30.05 29.74 29.69 29.84 29.83 29.84 29.82 29.55 29.15 28.79 28.52 28.44 28.24 28.1 28.04 27.98 28.24 28.54
29.89 30.2 30.54 30.7 30.54 30.21 29.79 29.62 29.68 29.83 29.83 29.78 29.78 29.65 29.44 29.32 29.32 29.28 29.32 29.38 29.26 29.02 28.78 28.98 29.29 29.54 29.72 29.85 29.96 30.05 30.08 30.11 30.09 29.89 29.67 29.46 29.53 29.9 30.31 30.59 30.46 30.21 30.13 29.85 29.56 29.34 29.21 29.06 28.9 28.75 28.56 28.36 28.18 28.14 28.48 28.99 29.44 29.9 30.14 30.18 30 29.99 30.1 30.07 30 29.84 29.58 29.24 28.86 28.64 28.57 28.29 28.24 28.36 28.28 28.35 28.63
29.84 30.11 30.5 30.58 30.36 30.07 29.64 29.34 29.34 29.46 29.49 29.5 29.53 29.41 29.28 29.12 29.08 29.09 29.16 29.24 29.11 28.96 28.82 28.96 29.25 29.54 29.75 29.89 30.02 30.09 30 29.89 29.82 29.72 29.5 29.42 29.69 30.09 30.37 30.55 30.37 29.98 29.89 29.73 29.55 29.37 29.2 29.02 28.82 28.64 28.44 28.23 28.1 28.31 28.8 29.19 29.54 29.9 30.16 30.27 30.22 30.22 30.24 30.15 29.93 29.61 29.36 29.13 28.96 28.85 28.61 28.37 28.43 28.62 28.7 28.52 28.68
29.72 30.03 30.45 30.54 30.34 29.98 29.55 29.21 29.11 29.14 29.19 29.24 29.25 29.1 29.05 28.98 28.9 28.89 29.03 29.1 28.96 28.8 28.77 28.9 29.19 29.5 29.68 29.79 29.92 30 29.91 29.72 29.57 29.49 29.35 29.48 29.88 30.23 30.39 30.29 30.03 29.71 29.59 29.46 29.36 29.28 29.16 28.99 28.81 28.63 28.41 28.18 28.17 28.56 29.03 29.37 29.7 30 30.21 30.33 30.34 30.33 30.25 30.03 29.69 29.4 29.3 29.3 29.25 28.98 28.54 28.47 28.62 28.74 28.97 28.84 28.74
