ASPA-UH-SWB2_REPO/input/Gridded_temps/prism_tmin_tutuila_30yr_normal_10.asc
ncols         350
nrows         200
xllcorner     515000
yllcorner     8409000
cellsize      100
NODATA_value  -9999
[rows 140 to 174 of 200, columns 77 to 153 of 350]
24.55 24.55 24.55 24.55 24.54 24.53 24.51 24.5 24.46 24.36 24.24 24.19 24.26 24.3 24.27 24.25 24.25 24.29 24.32 24.32 24.33 24.33 24.33 24.3 24.17 23.96 23.83 23.75 23.67 23.63 23.66 23.74 23.77 23.74 23.74 23.82 23.94 24.03 24.07 24.08 24.1 24.12 24.13 24.15 24.17 24.19 24.21 24.23 24.25 24.28 24.3 24.33 24.35 24.37 24.39 24.41 24.42 24.43 24.44 24.45 24.46 24.47 24.48 24.49 24.5 24.51 24.53 24.54 24.54 24.54 24.54 24.55 24.56 24.57 24.57 24.58 24.59
24.55 24.55 24.55 24.54 24.53 24.52 24.5 24.49 24.47 24.42 24.33 24.29 24.33 24.33 24.32 24.31 24.3 24.31 24.31 24.31 24.32 24.32 24.32 24.28 24.14 23.97 23.9 23.82 23.71 23.7 23.73 23.77 23.8 23.79 23.79 23.82 23.91 24 24.06 24.08 24.09 24.11 24.13 24.14 24.16 24.19 24.21 24.23 24.25 24.28 24.3 24.33 24.35 24.37 24.39 24.41 24.42 24.43 24.44 24.45 24.46 24.47 24.48 24.49 24.5 24.51 24.52 24.53 24.54 24.54 24.55 24.56 24.57 24.58 24.59 24.6 24.61
24.55 24.55 24.55 24.55 24.53 24.51 24.48 24.47 24.45 24.41 24.35 24.34 24.34 24.33 24.32 24.32 24.31 24.3 24.29 24.3 24.3 24.31 24.31 24.28 24.23 24.17 24.11 23.95 23.79 23.76 23.76 23.76 23.8 23.81 23.82 23.84 23.9 23.97 24.02 24.06 24.08 24.1 24.12 24.14 24.16 24.19 24.21 24.23 24.25 24.28 24.31 24.34 24.36 24.38 24.4 24.41 24.42 24.43 24.44 24.45 24.45 24.46 24.48 24.48 24.49 24.5 24.52 24.53 24.54 24.54 24.55 24.57 24.58 24.6 24.6 24.61 24.61
24.55 24.55 24.55 24.54 24.53 24.5 24.47 24.44 24.42 24.38 24.36 24.35 24.35 24.34 24.33 24.32 24.31 24.29 24.29 24.29 24.29 24.3 24.3 24.29 24.28 24.26 24.22 24.09 23.92 23.83 23.76 23.7 23.73 23.78 23.82 23.86 23.9 23.97 24.01 24.05 24.07 24.09 24.12 24.13 24.15 24.18 24.2 24.23 24.25 24.28 24.31 24.34 24.37 24.39 24.4 24.41 24.42 24.43 24.44 24.45 24.45 24.45 24.47 24.48 24.49 24.5 24.51 24.52 24.53 24.54 24.55 24.57 24.58 24.6 24.61 24.61 24.61
24.55 24.55 24.55 24.54 24.52 24.49 24.46 24.43 24.4 24.38 24.36 24.36 24.35 24.34 24.33 24.32 24.31 24.3 24.29 24.28 24.28 24.28 24.28 24.28 24.28 24.27 24.25 24.18 24.04 23.89 23.72 23.59 23.65 23.73 23.79 23.85 23.9 23.96 24 24.04 24.06 24.09 24.11 24.13 24.15 24.17 24.2 24.22 24.25 24.28 24.31 24.34 24.37 24.39 24.41 24.41 24.42 24.43 24.44 24.45 24.45 24.45 24.47 24.48 24.49 24.5 24.51 24.52 24.53 24.54 24.55 24.57 24.58 24.61 24.61 24.61 24.61
24.55 24.55 24.54 24.52 24.5 24.48 24.45 24.42 24.4 24.38 24.37 24.36 24.36 24.35 24.34 24.33 24.32 24.3 24.29 24.28 24.28 24.28 24.27 24.27 24.27 24.26 24.25 24.21 24.09 23.89 23.69 23.59 23.71 23.83 23.86 23.86 23.88 23.94 23.99 24.03 24.06 24.08 24.11 24.13 24.14 24.17 24.19 24.23 24.25 24.28 24.31 24.34 24.37 24.39 24.41 24.42 24.42 24.43 24.43 24.44 24.45 24.45 24.46 24.47 24.48 24.5 24.51 24.52 24.53 24.54 24.55 24.57 24.58 24.6 24.61 24.61 24.61
24.55 24.55 24.53 24.5 24.49 24.47 24.44 24.42 24.41 24.39 24.38 24.38 24.37 24.36 24.35 24.33 24.32 24.3 24.29 24.29 24.28 24.28 24.27 24.26 24.26 24.26 24.25 24.22 24.12 23.94 23.73 23.62 23.83 24.02 24.04 23.93 23.88 23.93 23.98 24.02 24.05 24.08 24.11 24.13 24.15 24.17 24.2 24.23 24.25 24.28 24.32 24.35 24.37 24.39 24.4 24.41 24.42 24.43 24.43 24.44 24.45 24.45 24.46 24.46 24.46 24.49 24.5 24.52 24.53 24.54 24.55 24.57 24.58 24.6 24.61 24.61 24.61
24.55 24.54 24.52 24.49 24.47 24.45 24.44 24.43 24.42 24.41 24.4 24.4 24.39 24.37 24.36 24.34 24.32 24.3 24.29 24.29 24.28 24.28 24.27 24.26 24.25 24.25 24.25 24.23 24.17 24.06 23.87 23.7 23.85 24.06 24.1 23.97 23.89 23.92 23.98 24.02 24.05 24.08 24.11 24.15 24.17 24.19 24.21 24.23 24.26 24.29 24.32 24.35 24.37 24.39 24.4 24.41 24.42 24.43 24.43 24.44 24.45 24.45 24.45 24.45 24.46 24.48 24.5 24.52 24.54 24.55 24.55 24.57 24.58 24.6 24.61 24.61 24.61
24.55 24.54 24.52 24.49 24.46 24.45 24.44 24.44 24.43 24.43 24.42 24.42 24.41 24.38 24.37 24.35 24.33 24.31 24.29 24.29 24.29 24.28 24.27 24.25 24.24 24.23 24.23 24.22 24.19 24.14 24.02 23.87 23.85 23.95 24.01 23.93 23.89 23.93 23.99 24.04 24.06 24.1 24.13 24.16 24.19 24.21 24.22 24.24 24.28 24.3 24.33 24.35 24.37 24.38 24.4 24.41 24.42 24.42 24.43 24.44 24.45 24.45 24.45 24.46 24.47 24.49 24.51 24.53 24.54 24.55 24.56 24.57 24.59 24.6 24.61 24.61 24.61
24.55 24.54 24.52 24.48 24.46 24.45 24.45 24.45 24.44 24.44 24.44 24.43 24.41 24.39 24.37 24.35 24.33 24.32 24.3 24.29 24.29 24.28 24.27 24.25 24.24 24.23 24.22 24.2 24.18 24.15 24.09 24 23.92 23.91 23.94 23.92 23.93 23.96 24 24.05 24.09 24.12 24.15 24.18 24.2 24.22 24.23 24.25 24.28 24.3 24.32 24.34 24.36 24.37 24.39 24.41 24.42 24.43 24.43 24.44 24.45 24.46 24.47 24.47 24.49 24.5 24.52 24.54 24.55 24.56 24.57 24.59 24.6 24.61 24.61 24.61 24.61
24.55 24.54 24.52 24.49 24.47 24.46 24.46 24.46 24.45 24.45 24.44 24.43 24.41 24.39 24.38 24.36 24.35 24.33 24.31 24.3 24.29 24.28 24.27 24.25 24.23 24.22 24.21 24.19 24.16 24.14 24.09 24.04 24 23.97 23.96 23.97 23.98 24 24.02 24.06 24.1 24.13 24.16 24.19 24.2 24.22 24.24 24.26 24.27 24.29 24.31 24.33 24.35 24.37 24.39 24.41 24.42 24.43 24.44 24.45 24.46 24.47 24.48 24.49 24.5 24.52 24.54 24.55 24.57 24.58 24.59 24.6 24.61 24.61 24.61 24.61 24.61
24.55 24.55 24.54 24.5 24.48 24.47 24.47 24.47 24.46 24.45 24.44 24.43 24.41 24.4 24.39 24.37 24.36 24.34 24.32 24.31 24.3 24.28 24.26 24.25 24.23 24.22 24.2 24.19 24.16 24.12 24.08 24.05 24.02 23.99 23.99 24 24.01 24.02 24.04 24.08 24.11 24.14 24.17 24.19 24.21 24.23 24.24 24.26 24.27 24.28 24.3 24.32 24.35 24.37 24.39 24.41 24.42 24.43 24.44 24.45 24.47 24.49 24.5 24.5 24.52 24.53 24.56 24.58 24.59 24.6 24.6 24.61 24.61 24.61 24.61 24.61 24.61
24.55 24.55 24.54 24.52 24.49 24.49 24.48 24.47 24.46 24.45 24.44 24.43 24.42 24.41 24.4 24.38 24.36 24.34 24.33 24.32 24.31 24.29 24.27 24.25 24.23 24.21 24.2 24.18 24.15 24.12 24.09 24.06 24.02 24.01 24 24.01 24.03 24.04 24.06 24.09 24.12 24.14 24.17 24.19 24.21 24.23 24.24 24.26 24.27 24.28 24.29 24.32 24.35 24.38 24.4 24.42 24.43 24.43 24.44 24.46 24.48 24.49 24.5 24.51 24.52 24.55 24.58 24.6 24.6 24.6 24.6 24.61 24.61 24.61 24.61 24.61 -9999
24.55 24.55 24.55 24.53 24.52 24.5 24.49 24.48 24.46 24.45 24.44 24.44 24.43 24.42 24.41 24.39 24.37 24.36 24.35 24.33 24.31 24.29 24.27 24.25 24.23 24.21 24.19 24.17 24.14 24.11 24.09 24.05 24.03 24.01 24.01 24.01 24.02 24.04 24.06 24.08 24.11 24.14 24.17 24.19 24.21 24.23 24.24 24.26 24.27 24.28 24.3 24.33 24.36 24.38 24.4 24.43 24.43 24.44 24.44 24.46 24.48 24.49 24.51 24.52 24.53 24.56 24.59 24.6 24.6 24.6 24.6 24.6 24.6 24.61 24.61 -9999 -9999
24.55 24.55 24.55 24.55 24.54 24.52 24.5 24.48 24.47 24.46 24.45 24.44 24.43 24.42 24.41 24.39 24.38 24.38 24.36 24.35 24.32 24.3 24.27 24.25 24.23 24.21 24.19 24.17 24.14 24.1 24.08 24.05 24.04 24.03 24.01 23.98 23.99 24.01 24.03 24.05 24.09 24.12 24.15 24.17 24.2 24.22 24.24 24.26 24.28 24.29 24.31 24.34 24.36 24.39 24.41 24.44 24.44 24.44 24.45 24.47 24.48 24.49 24.51 24.52 24.54 24.57 24.6 24.6 24.6 24.6 24.6 24.6 24.6 24.6 -9999 -9999 -9999
24.55 24.55 24.55 24.55 24.55 24.53 24.5 24.48 24.46 24.45 24.44 24.44 24.44 24.43 24.42 24.41 24.4 24.39 24.37 24.35 24.33 24.3 24.28 24.26 24.25 24.23 24.21 24.18 24.15 24.11 24.07 24.07 24.08 24.07 24.03 23.97 23.95 23.95 23.96 23.98 24.02 24.07 24.1 24.14 24.17 24.19 24.22 24.25 24.28 24.29 24.31 24.34 24.36 24.39 24.42 24.44 24.45 24.45 24.46 24.47 24.49 24.5 24.52 24.55 24.57 24.59 24.6 24.6 24.6 24.6 24.6 24.6 24.6 -9999 -9999 -9999 -9999
24.55 24.55 24.55 24.55 24.55 24.53 24.5 24.48 24.46 24.45 24.44 24.44 24.44 24.43 24.43 24.42 24.41 24.39 24.38 24.36 24.34 24.31 24.29 24.27 24.26 24.24 24.21 24.18 24.14 24.1 24.08 24.1 24.12 24.11 24.04 23.95 23.93 23.91 23.91 23.9 23.92 23.96 24 24.05 24.1 24.15 24.18 24.22 24.25 24.29 24.3 24.33 24.36 24.39 24.42 24.45 24.46 24.47 24.48 24.49 24.51 24.53 24.55 24.58 24.6 24.6 24.6 24.6 24.6 24.6 24.6 24.6 -9999 -9999 -9999 -9999 -9999
24.55 24.55 24.55 24.55 24.55 24.52 24.5 24.48 24.47 24.46 24.45 24.44 24.44 24.44 24.44 24.43 24.42 24.41 24.39 24.37 24.35 24.32 24.3 24.28 24.25 24.22 24.18 24.14 24.11 24.08 24.06 24.1 24.12 24.08 23.99 23.93 23.96 24.02 24.05 24.01 23.95 23.92 23.92 23.95 24.02 24.09 24.13 24.18 24.22 24.26 24.29 24.32 24.36 24.39 24.43 24.46 24.47 24.48 24.5 24.51 24.53 24.56 24.58 24.6 24.6 24.6 24.6 24.6 24.6 24.6 24.6 -9999 -9999 -9999 -9999 -9999 -9999
24.55 24.55 24.55 24.55 24.54 24.52 24.5 24.49 24.47 24.46 24.46 24.45 24.45 24.45 24.44 24.43 24.43 24.42 24.4 24.37 24.35 24.31 24.3 24.27 24.23 24.18 24.13 24.08 24.05 24.04 24.04 24.08 24.07 24 23.89 23.9 24.01 24.15 24.25 24.23 24.16 24.09 24 23.95 24 24.08 24.12 24.14 24.18 24.23 24.27 24.31 24.36 24.4 24.44 24.47 24.49 24.5 24.52 24.54 24.55 24.58 24.59 24.6 24.6 24.6 24.6 24.6 24.6 -9999 -9999 -9999 -9999 -9999 -9999 -9999 -9999
24.55 24.55 24.55 24.55 24.54 24.52 24.5 24.48 24.47 24.46 24.46 24.46 24.46 24.46 24.45 24.44 24.43 24.41 24.39 24.36 24.32 24.29 24.27 24.24 24.19 24.12 24.09 24.06 24.06 24.07 24.07 24.08 24.03 23.92 23.85 23.94 24.11 24.25 24.33 24.35 24.34 24.29 24.17 24.07 24.07 24.12 24.15 24.16 24.18 24.22 24.26 24.31 24.36 24.4 24.45 24.48 24.5 24.52 24.54 24.56 24.57 24.59 24.6 24.6 24.6 24.6 24.6 24.6 24.6 -9999 -9999 -9999 -9999 -9999 -9999 -9999 -9999
24.55 24.55 24.55 24.55 24.54 24.52 24.5 24.48 24.46 24.46 24.46 24.47 24.47 24.47 24.46 24.44 24.43 24.4 24.37 24.33 24.28 24.25 24.23 24.18 24.11 24.07 24.06 24.06 24.08 24.12 24.13 24.12 24.06 23.96 23.91 24.01 24.18 24.3 24.37 24.4 24.41 24.39 24.31 24.19 24.16 24.19 24.21 24.23 24.24 24.25 24.27 24.3 24.35 24.4 24.45 24.48 24.51 24.54 24.56 24.58 24.59 24.59 24.6 24.6 24.6 24.6 24.6 -9999 -9999 -9999 -9999 -9999 -9999 -9999 -9999 -9999 -9999
24.55 24.55 24.55 24.55 24.55 24.53 24.52 24.5 24.47 24.47 24.47 24.47 24.48 24.47 24.46 24.44 24.41 24.38 24.35 24.31 24.27 24.23 24.17 24.1 24.03 24.01 24.01 24 24.01 24.07 24.12 24.14 24.11 24.05 23.99 24.05 24.19 24.31 24.37 24.42 24.44 24.43 24.35 24.24 24.19 24.21 24.26 24.3 24.3 24.28 24.27 24.29 24.34 24.4 24.45 24.48 24.52 24.56 24.58 24.59 24.59 24.59 24.59 24.6 24.6 24.6 -9999 -9999 -9999 -9999 -9999 -9999 -9999 -9999 -9999 -9999 -9999
24.55 24.55 24.55 24.55 24.55 24.55 24.53 24.52 24.49 24.48 24.48 24.48 24.49 24.48 24.45 24.43 24.4 24.37 24.34 24.31 24.26 24.2 24.11 24.01 23.95 23.93 23.92 23.89 23.87 23.92 24.04 24.11 24.13 24.12 24.07 24.06 24.17 24.3 24.37 24.43 24.47 24.44 24.34 24.24 24.19 24.19 24.27 24.33 24.34 24.29 24.27 24.29 24.34 24.4 24.45 24.48 24.52 24.57 24.59 24.59 24.59 24.59 24.59 24.59 24.6 -9999 -9999 -9999 -9999 -9999 -9999 -9999 -9999 -9999 -9999 -9999 -9999
-9999 24.55 24.55 24.55 24.55 24.55 24.55 24.54 24.53 24.52 24.52 24.51 24.51 24.49 24.45 24.42 24.4 24.36 24.33 24.29 24.24 24.17 24.07 23.93 23.85 23.85 23.87 23.86 23.83 23.82 23.92 24.03 24.09 24.14 24.14 24.09 24.14 24.28 24.37 24.45 24.5 24.49 24.44 24.4 24.31 24.24 24.29 24.36 24.36 24.32 24.29 24.3 24.33 24.39 24.45 24.49 24.54 24.58 24.59 24.59 24.59 24.59 24.59 24.59 -9999 -9999 -9999 -9999 -9999 -9999 -9999 -9999 -9999 -9999 -9999 -9999 -9999
-9999 -9999 24.55 24.55 24.55 24.55 24.55 24.55 24.55 24.55 24.55 24.54 24.54 24.52 24.48 24.44 24.4 24.36 24.32 24.26 24.19 24.08 23.94 23.81 23.78 23.81 23.86 23.89 23.88 23.84 23.82 23.89 23.98 24.1 24.18 24.14 24.14 24.25 24.35 24.42 24.51 24.54 24.54 24.54 24.49 24.37 24.35 24.39 24.4 24.36 24.32 24.31 24.34 24.39 24.45 24.52 24.56 24.59 24.59 24.59 24.59 24.59 24.59 -9999 -9999 -9999 -9999 -9999 -9999 -9999 -9999 -9999 -9999 -9999 -9999 -9999 -9999
-9999 -9999 -9999 24.55 24.55 24.55 24.55 24.55 24.55 24.55 24.55 24.55 24.55 24.54 24.5 24.47 24.42 24.37 24.32 24.26 24.14 23.99 23.83 23.77 23.82 23.87 23.88 23.91 23.96 23.98 23.97 23.91 23.93 24.04 24.17 24.24 24.27 24.33 24.39 24.42 24.5 24.55 24.57 24.57 24.55 24.46 24.42 24.43 24.43 24.38 24.34 24.33 24.34 24.4 24.48 24.55 24.59 24.59 24.59 24.59 24.59 24.59 -9999 -9999 -9999 -9999 -9999 -9999 -9999 -9999 -9999 -9999 -9999 -9999 -9999 -9999 -9999
-9999 -9999 -9999 -9999 24.55 24.55 24.55 24.55 24.55 24.55 24.55 24.55 24.55 24.55 24.54 24.51 24.48 24.43 24.38 24.28 24.13 23.93 23.84 23.99 24.17 24.24 24.26 24.26 24.27 24.31 24.32 24.22 24.09 24.07 24.14 24.27 24.37 24.46 24.52 24.53 24.55 24.57 24.57 24.57 24.56 24.53 24.51 24.48 24.44 24.38 24.35 24.34 24.37 24.43 24.51 24.57 24.59 24.59 24.59 24.59 24.59 -9999 -9999 -9999 -9999 -9999 -9999 -9999 -9999 -9999 -9999 -9999 -9999 -9999 -9999 -9999 -9999
-9999 -9999 -9999 -9999 -9999 24.55 24.55 24.55 24.55 24.55 24.55 24.55 24.55 24.55 24.55 24.54 24.53 24.51 24.45 24.33 24.11 23.93 24.03 24.31 24.47 24.5 24.51 24.51 24.51 24.52 24.52 24.45 24.28 24.17 24.13 24.22 24.34 24.46 24.54 24.57 24.57 24.57 24.57 24.57 24.57 24.56 24.55 24.52 24.44 24.38 24.35 24.36 24.4 24.47 24.54 24.58 24.59 24.59 24.59 24.59 24.59 -9999 -9999 -9999 -9999 -9999 -9999 -9999 -9999 -9999 -9999 -9999 -9999 -9999 -9999 -9999 -9999
-9999 -9999 -9999 -9999 -9999 -9999 24.55 24.55 24.55 24.55 24.55 24.55 24.55 24.55 24.55 24.55 24.55 24.54 24.51 24.43 24.27 24.04 24.27 24.49 24.54 24.55 24.55 24.55 24.55 24.56 24.55 24.51 24.38 24.25 24.12 24.12 24.22 24.36 24.48 24.55 24.57 24.57 24.57 24.57 24.57 24.57 24.57 24.54 24.46 24.4 24.38 24.4 24.44 24.51 24.56 24.58 24.59 24.59 24.59 24.59 24.59 -9999 -9999 -9999 -9999 -9999 -9999 -9999 -9999 -9999 -9999 -9999 -9999 -9999 -9999 -9999 -9999
-9999 -9999 -9999 -9999 -9999 -9999 -9999 -9999 24.55 24.55 24.55 24.55 24.55 24.55 24.55 24.55 24.55 24.55 24.55 24.53 24.49 24.29 24.45 24.53 24.55 24.55 24.55 24.55 24.55 24.56 24.56 24.53 24.41 24.27 24.12 24.06 24.12 24.24 24.38 24.53 24.57 24.57 24.57 24.57 24.57 24.57 24.57 24.57 24.53 24.47 24.44 24.43 24.47 24.53 24.57 24.58 24.58 24.59 24.59 24.59 -9999 -9999 -9999 -9999 -9999 -9999 -9999 -9999 -9999 -9999 -9999 -9999 -9999 -9999 -9999 -9999 -9999
-9999 -9999 -9999 -9999 -9999 -9999 -9999 -9999 -9999 -9999 -9999 24.55 24.55 24.55 24.55 24.55 24.55 24.55 24.55 24.55 24.54 24.49 24.53 24.55 24.55 24.55 24.55 24.55 24.55 24.56 24.56 24.52 24.39 24.24 24.11 24.07 24.14 24.26 24.4 24.54 24.57 24.57 24.57 24.57 24.57 24.57 24.57 24.58 24.57 24.55 24.52 24.5 24.52 24.55 24.58 24.58 24.58 24.59 24.59 24.59 -9999 -9999 -9999 -9999 -9999 -9999 -9999 -9999 -9999 -9999 -9999 -9999 -9999 -9999 -9999 -9999 -9999
-9999 -9999 -9999 -9999 -9999 -9999 -9999 -9999 -9999 -9999 -9999 -9999 -9999 -9999 24.55 24.55 24.55 24.55 24.55 24.55 24.55 24.54 24.55 24.55 24.55 24.55 24.55 24.55 24.55 24.55 24.54 24.47 24.29 24.15 24.08 24.1 24.2 24.32 24.46 24.56 24.57 24.57 24.57 24.57 24.57 24.57 24.57 24.57 24.58 24.57 24.57 24.56 24.56 24.58 24.58 24.58 24.58 24.58 24.59 -9999 -9999 -9999 -9999 -9999 -9999 -9999 -9999 -9999 -9999 -9999 -9999 -9999 -9999 -9999 -9999 -9999 -9999
-9999 -9999 -9999 -9999 -9999 -9999 -9999 -9999 -9999 -9999 -9999 -9999 -9999 -9999 -9999 24.55 24.55 24.55 24.55 24.55 24.55 24.55 24.55 24.55 24.55 24.55 24.55 24.55 24.54 24.49 24.41 24.33 24.19 24.09 24.09 24.18 24.28 24.38 24.5 24.57 24.57 24.57 24.57 24.57 -9999 24.57 24.57 24.57 24.58 24.58 24.58 24.58 24.58 24.58 24.58 24.58 24.58 -9999 -9999 -9999 -9999 -9999 -9999 -9999 -9999 -9999 -9999 -9999 -9999 -9999 -9999 -9999 -9999 -9999 -9999 -9999 -9999
-9999 -9999 -9999 -9999 -9999 -9999 -9999 -9999 -9999 -9999 -9999 -9999 -9999 -9999 -9999 -9999 -9999 24.55 24.55 24.55 24.55 24.55 24.55 24.55 24.55 24.55 24.55 24.55 24.53 24.42 24.26 24.19 24.16 24.15 24.2 24.27 24.36 24.46 24.54 24.57 24.57 24.57 24.57 24.57 -9999 -9999 -9999 24.57 24.58 24.58 24.58 24.58 24.58 24.58 24.58 24.58 -9999 -9999 -9999 -9999 -9999 -9999 -9999 -9999 -9999 -9999 -9999 -9999 -9999 -9999 -9999 -9999 -9999 -9999 -9999 -9999 -9999
-9999 -9999 -9999 -9999 -9999 -9999 -9999 -9999 -9999 -9999 -9999 -9999 -9999 -9999 -9999 -9999 -9999 -9999 24.55 24.55 24.55 24.55 24.55 24.55 24.55 24.55 24.55 24.56 24.55 24.46 24.28 24.2 24.22 24.26 24.31 24.37 24.45 24.52 24.56 24.57 24.57 24.57 24.57 24.57 -9999 -9999 -9999 -9999 24.58 24.58 24.58 24.58 24.58 24.58 24.58 -9999 -9999 -9999 -9999 -9999 -9999 -9999 -9999 -9999 -9999 -9999 -9999 -9999 -9999 -9999 -9999 -9999 -9999 -9999 -9999 -9999 -9999
