ASPA-UH-SWB2_REPO/input/Gridded_temps/prism_tmax_tutuila_30yr_normal_05.asc
ncols         350
nrows         200
xllcorner     515000
yllcorner     8409000
cellsize      100
NODATA_value  -9999
[rows 35 to 69 of 200, columns 231 to 307 of 350]
-9999 -9999 -9999 -9999 -9999 -9999 30.41 30.41 30.41 -9999 -9999 -9999 30.41 30.41 30.41 30.41 -9999 -9999 -9999 -9999 -9999 -9999 -9999 -9999 -9999 30.42 30.42 30.42 -9999 -9999 -9999 -9999 -9999 -9999 -9999 -9999 -9999 -9999 -9999 -9999 -9999 -9999 -9999 -9999 -9999 -9999 -9999 -9999 -9999 -9999 -9999 -9999 -9999 -9999 -9999 -9999 -9999 -9999 -9999 -9999 -9999 -9999 -9999 -9999 -9999 -9999 -9999 -9999 -9999 -9999 -9999 -9999 -9999 30.43 30.43 30.43 30.43
-9999 30.41 30.41 -9999 -9999 30.41 30.41 30.41 30.41 30.41 30.41 30.41 30.41 30.41 30.41 30.41 -9999 -9999 -9999 30.42 30.42 -9999 -9999 -9999 -9999 30.42 30.42 30.42 30.42 -9999 -9999 -9999 -9999 -9999 -9999 -9999 -9999 -9999 -9999 -9999 -9999 -9999 -9999 -9999 -9999 -9999 -9999 -9999 -9999 -9999 -9999 -9999 -9999 -9999 -9999 -9999 -9999 -9999 -9999 -9999 -9999 -9999 -9999 -9999 -9999 -9999 -9999 -9999 -9999 -9999 -9999 -9999 30.43 30.43 30.43 30.43 30.43
30.41 30.41 30.41 30.41 30.41 30.41 30.41 30.41 30.41 30.41 30.41 30.41 30.41 30.41 30.41 30.41 30.41 -9999 30.41 30.41 30.42 30.42 30.42 -9999 30.42 30.42 30.42 30.42 30.42 30.42 -9999 -9999 -9999 -9999 -9999 -9999 -9999 -9999 -9999 -9999 -9999 -9999 -9999 -9999 -9999 -9999 -9999 -9999 -9999 -9999 -9999 -9999 -9999 -9999 -9999 -9999 -9999 -9999 -9999 -9999 -9999 -9999 -9999 -9999 -9999 -9999 -9999 -9999 -9999 -9999 -9999 30.43 30.43 30.43 30.43 30.43 30.43
30.41 30.41 30.41 30.41 30.41 30.41 30.41 30.41 30.41 30.41 30.41 30.41 30.41 30.41 30.41 30.41 30.41 30.41 30.41 30.41 30.41 30.42 30.42 30.42 30.42 30.42 30.42 30.42 30.42 30.42 30.42 -9999 -9999 -9999 -9999 -9999 -9999 -9999 -9999 -9999 -9999 -9999 -9999 -9999 -9999 -9999 -9999 -9999 -9999 -9999 -9999 -9999 -9999 -9999 -9999 -9999 -9999 -9999 -9999 -9999 -9999 -9999 -9999 -9999 -9999 -9999 -9999 30.43 30.43 -9999 30.43 30.43 30.43 30.43 30.43 30.43 30.43
30.41 30.41 30.41 30.41 30.41 30.41 30.41 30.41 30.41 30.41 30.41 30.41 30.41 30.41 30.41 30.41 30.41 30.41 30.41 30.41 30.41 30.41 30.42 30.42 30.42 30.42 30.42 30.42 30.42 30.42 30.42 30.42 -9999 -9999 -9999 30.42 -9999 -9999 -9999 -9999 -9999 -9999 -9999 -9999 -9999 -9999 -9999 -9999 -9999 -9999 -9999 -9999 -9999 -9999 -9999 -9999 -9999 -9999 -9999 -9999 -9999 -9999 -9999 -9999 -9999 -9999 30.43 30.43 30.43 30.43 30.43 30.43 30.43 30.43 30.42 30.38 30.4
30.41 30.41 30.41 30.41 30.41 30.41 30.4 30.38 30.39 30.41 30.41 30.41 30.41 30.39 30.38 30.41 30.41 30.41 30.41 30.41 30.41 30.41 30.41 30.42 30.42 30.42 30.42 30.42 30.42 30.42 30.42 30.42 30.42 -9999 30.42 30.42 30.42 -9999 -9999 -9999 -9999 -9999 -9999 -9999 -9999 -9999 -9999 -9999 -9999 -9999 -9999 -9999 -9999 -9999 -9999 -9999 -9999 -9999 -9999 -9999 -9999 -9999 -9999 -9999 -9999 30.42 30.43 30.43 30.43 30.43 30.43 30.43 30.43 30.43 30.35 30.18 30.27
30.4 30.4 30.4 30.41 30.41 30.41 30.38 30.32 30.35 30.4 30.4 30.4 30.38 30.28 30.27 30.38 30.41 30.41 30.41 30.4 30.4 30.41 30.41 30.41 30.4 30.37 30.37 30.41 30.42 30.42 30.42 30.42 30.42 30.42 30.42 30.42 30.42 30.42 -9999 -9999 -9999 -9999 -9999 -9999 -9999 -9999 -9999 -9999 -9999 -9999 -9999 -9999 -9999 -9999 -9999 -9999 -9999 -9999 -9999 -9999 -9999 -9999 -9999 -9999 30.42 30.42 30.42 30.43 30.43 30.43 30.43 30.43 30.43 30.4 30.28 30 30.07
30.4 30.38 30.37 30.39 30.41 30.41 30.37 30.23 30.24 30.34 30.35 30.35 30.3 30.09 30.07 30.3 30.39 30.41 30.39 30.3 30.29 30.38 30.41 30.4 30.34 30.24 30.28 30.38 30.42 30.42 30.42 30.42 30.42 30.42 30.42 30.42 30.42 30.42 30.42 -9999 -9999 -9999 -9999 -9999 -9999 -9999 30.42 -9999 -9999 -9999 -9999 -9999 -9999 -9999 -9999 -9999 -9999 -9999 -9999 -9999 -9999 -9999 -9999 30.42 30.42 30.42 30.42 30.42 30.43 30.43 30.43 30.42 30.38 30.28 30.09 29.79 29.84
30.39 30.34 30.27 30.32 30.39 30.41 30.37 30.17 30.05 30.13 30.1 30.14 30.14 29.91 29.92 30.19 30.36 30.38 30.29 30.02 30.03 30.26 30.38 30.38 30.28 30.19 30.27 30.38 30.42 30.42 30.42 30.42 30.42 30.42 30.42 30.42 30.42 30.42 30.42 30.42 30.42 30.42 -9999 -9999 -9999 30.42 30.42 30.42 30.42 30.42 -9999 -9999 30.42 -9999 -9999 -9999 -9999 -9999 -9999 -9999 -9999 -9999 30.42 30.42 30.42 30.42 30.42 30.42 30.43 30.43 30.43 30.39 30.2 30 29.86 29.68 29.71
30.38 30.29 30.16 30.27 30.38 30.4 30.37 30.16 29.84 29.73 29.7 29.8 29.83 29.73 29.79 30.02 30.2 30.24 30.07 29.81 29.89 30.19 30.36 30.39 30.35 30.33 30.37 30.41 30.42 30.42 30.42 30.42 30.42 30.42 30.42 30.42 30.42 30.42 30.42 30.42 30.42 30.42 -9999 -9999 30.42 30.42 30.42 30.42 30.42 30.42 30.42 30.42 30.42 30.42 -9999 -9999 -9999 -9999 -9999 -9999 -9999 30.42 30.42 30.42 30.42 30.42 30.41 30.39 30.4 30.42 30.42 30.35 30.06 29.81 29.79 29.68 29.63
30.39 30.32 30.22 30.29 30.38 30.4 30.35 30.09 29.61 29.27 29.32 29.42 29.44 29.49 29.63 29.84 30.03 30.1 29.99 29.94 30.07 30.28 30.39 30.41 30.4 30.4 30.41 30.41 30.42 30.42 30.42 30.42 30.42 30.42 30.41 30.39 30.41 30.42 30.42 30.42 30.42 30.42 30.42 30.42 30.42 30.42 30.42 30.42 30.42 30.42 30.42 30.42 30.42 30.42 30.42 30.42 30.42 -9999 -9999 30.42 30.42 30.42 30.42 30.42 30.42 30.42 30.39 30.31 30.3 30.36 30.36 30.32 30.14 29.82 29.74 29.67 29.59
30.4 30.36 30.23 30.17 30.34 30.36 30.26 29.91 29.35 28.93 28.99 29.05 29.11 29.34 29.62 29.9 30.11 30.21 30.21 30.23 30.3 30.37 30.41 30.41 30.41 30.41 30.41 30.41 30.41 30.42 30.42 30.42 30.42 30.41 30.35 30.28 30.36 30.41 30.42 30.42 30.42 30.42 30.42 30.42 30.42 30.42 30.42 30.42 30.42 30.42 30.42 30.42 30.42 30.42 30.42 30.42 30.42 30.42 30.42 30.42 30.42 30.42 30.42 30.42 30.42 30.42 30.35 30.21 30.2 30.25 30.19 30.18 30.13 29.87 29.7 29.61 29.53
30.39 30.33 29.99 30.02 30.27 30.27 30.05 29.63 29.1 28.77 28.79 28.84 29.03 29.46 29.83 30.13 30.29 30.35 30.37 30.38 30.4 30.41 30.41 30.41 30.41 30.41 30.41 30.41 30.41 30.41 30.41 30.41 30.4 30.36 30.21 30.14 30.31 30.41 30.42 30.42 30.42 30.42 30.42 30.42 30.42 30.42 30.41 30.42 30.42 30.42 30.42 30.42 30.42 30.42 30.42 30.42 30.42 30.42 30.42 30.42 30.42 30.42 30.42 30.42 30.42 30.39 30.25 30.09 30.14 30.13 29.94 29.92 30 29.84 29.66 29.53 29.46
30.37 30.23 29.7 29.93 30.19 30.08 29.76 29.25 28.94 28.88 28.93 29.09 29.39 29.77 30.07 30.28 30.38 30.4 30.41 30.41 30.41 30.41 30.41 30.41 30.41 30.41 30.41 30.41 30.41 30.4 30.36 30.33 30.3 30.23 30.06 30.08 30.29 30.39 30.4 30.41 30.41 30.41 30.42 30.42 30.42 30.41 30.39 30.38 30.39 30.41 30.42 30.42 30.42 30.42 30.42 30.42 30.42 30.42 30.42 30.42 30.42 30.42 30.42 30.42 30.41 30.35 30.16 30 30.04 30.04 29.87 29.75 29.82 29.81 29.62 29.46 29.4
30.32 29.8 29.25 29.86 30.07 29.8 29.44 29.18 29.14 29.24 29.42 29.61 29.88 30.14 30.29 30.36 30.4 30.41 30.41 30.41 30.41 30.41 30.41 30.41 30.41 30.41 30.41 30.41 30.4 30.32 30.16 30.05 30.06 30.05 29.97 30.05 30.25 30.32 30.28 30.33 30.35 30.36 30.39 30.42 30.42 30.4 30.33 30.26 30.27 30.35 30.4 30.41 30.41 30.42 30.42 30.42 30.42 30.42 30.42 30.42 30.42 30.42 30.42 30.42 30.42 30.35 30.17 29.98 29.9 29.92 29.84 29.68 29.61 29.68 29.65 29.4 29.34
30.06 29.48 29.37 29.84 29.84 29.5 29.29 29.34 29.49 29.59 29.79 30.04 30.24 30.33 30.38 30.39 30.4 30.41 30.41 30.41 30.41 30.41 30.41 30.41 30.41 30.4 30.4 30.4 30.34 30.11 29.81 29.78 29.84 29.87 29.89 30.03 30.2 30.18 30.14 30.24 30.23 30.21 30.31 30.4 30.42 30.38 30.26 30.15 30.1 30.21 30.32 30.34 30.37 30.4 30.42 30.42 30.42 30.42 30.42 30.42 30.42 30.42 30.42 30.42 30.42 30.36 30.18 29.95 29.74 29.71 29.69 29.59 29.48 29.5 29.62 29.39 29.34
29.77 29.63 29.77 29.83 29.64 29.31 29.3 29.57 29.84 29.97 30.14 30.28 30.35 30.37 30.38 30.38 30.37 30.37 30.37 30.39 30.41 30.41 30.4 30.39 30.36 30.32 30.31 30.31 30.18 29.82 29.55 29.6 29.67 29.73 29.82 29.97 30.11 30.06 30.1 30.14 30.06 30.03 30.22 30.38 30.4 30.3 30.1 30 29.95 30.05 30.12 30.13 30.25 30.36 30.39 30.39 30.41 30.42 30.41 30.41 30.42 30.42 30.42 30.42 30.42 30.35 30.15 29.89 29.61 29.5 29.48 29.43 29.36 29.37 29.54 29.37 29.32
29.5 29.59 29.66 29.64 29.46 29.25 29.43 29.75 30.01 30.18 30.3 30.35 30.34 30.34 30.34 30.3 30.23 30.17 30.18 30.26 30.37 30.39 30.36 30.27 30.17 30.02 30 30.06 29.9 29.57 29.38 29.45 29.56 29.68 29.81 29.95 30.03 29.97 29.98 29.98 29.91 29.9 30.09 30.31 30.38 30.26 30.01 29.85 29.79 29.84 29.88 29.93 30.11 30.26 30.27 30.28 30.34 30.34 30.34 30.37 30.41 30.42 30.42 30.42 30.42 30.38 30.23 29.97 29.69 29.48 29.36 29.32 29.26 29.23 29.4 29.3 29.2
29.2 29.36 29.34 29.34 29.18 29.07 29.39 29.77 30.04 30.23 30.32 30.31 30.22 30.19 30.17 30.08 29.88 29.72 29.78 30.01 30.28 30.32 30.2 29.96 29.76 29.65 29.63 29.65 29.52 29.32 29.25 29.34 29.49 29.67 29.82 29.9 29.92 29.85 29.8 29.82 29.8 29.82 30.02 30.27 30.36 30.31 30.14 29.88 29.69 29.63 29.65 29.77 29.97 30.1 30.05 30.03 30.12 30.12 30.15 30.29 30.4 30.42 30.42 30.42 30.42 30.41 30.32 30.16 29.99 29.81 29.61 29.48 29.28 29.09 29.2 29.12 28.98
28.9 29.01 28.89 28.89 28.81 28.96 29.34 29.74 30.05 30.23 30.29 30.23 30.04 29.91 29.86 29.74 29.49 29.3 29.5 29.88 30.16 30.16 29.97 29.63 29.35 29.23 29.22 29.18 29.13 29.12 29.16 29.3 29.48 29.63 29.71 29.72 29.71 29.71 29.64 29.66 29.69 29.77 29.99 30.23 30.29 30.25 30.17 29.95 29.68 29.5 29.5 29.69 29.85 29.93 29.88 29.78 29.81 29.85 30.02 30.26 30.39 30.42 30.42 30.42 30.42 30.42 30.39 30.32 30.21 30.08 29.92 29.69 29.31 28.92 28.96 28.91 28.79
28.71 28.66 28.53 28.56 28.75 29.13 29.54 29.86 30.09 30.21 30.23 30.16 29.99 29.75 29.53 29.34 29.12 29.08 29.42 29.81 29.97 29.87 29.69 29.34 29.02 28.89 28.91 28.89 28.91 29 29.12 29.28 29.42 29.5 29.55 29.51 29.52 29.55 29.48 29.48 29.56 29.7 29.95 30.14 30.11 29.98 29.96 29.82 29.6 29.42 29.4 29.58 29.66 29.74 29.71 29.53 29.52 29.69 29.97 30.24 30.39 30.42 30.42 30.42 30.42 30.42 30.4 30.34 30.23 30.09 29.9 29.61 29.16 28.74 28.69 28.75 28.83
28.99 28.86 28.53 28.58 28.86 29.24 29.65 29.94 30.09 30.15 30.09 30.01 29.92 29.71 29.38 29.05 28.83 28.97 29.38 29.68 29.7 29.52 29.32 29.07 28.79 28.71 28.72 28.75 28.82 28.92 29.05 29.19 29.28 29.33 29.37 29.32 29.37 29.42 29.37 29.38 29.48 29.66 29.9 30 29.87 29.69 29.65 29.59 29.43 29.26 29.22 29.36 29.46 29.57 29.52 29.31 29.38 29.63 29.9 30.17 30.35 30.4 30.41 30.42 30.42 30.41 30.39 30.34 30.24 30.09 29.83 29.41 28.92 28.53 28.45 28.64 28.98
29.39 29.14 28.71 28.7 28.87 29.17 29.58 29.88 29.97 30.02 29.91 29.71 29.72 29.65 29.37 28.95 28.72 28.95 29.29 29.41 29.33 29.11 28.9 28.79 28.72 28.74 28.78 28.82 28.94 28.98 29.04 29.14 29.22 29.27 29.27 29.27 29.36 29.43 29.44 29.5 29.52 29.57 29.74 29.84 29.75 29.63 29.56 29.48 29.35 29.14 29.02 29.1 29.25 29.36 29.28 29.18 29.34 29.59 29.83 30.06 30.26 30.37 30.4 30.41 30.4 30.4 30.36 30.26 30.13 30.02 29.8 29.37 28.8 28.42 28.46 28.77 29.05
29.44 29.13 28.75 28.73 28.86 29.06 29.36 29.55 29.63 29.83 29.74 29.37 29.32 29.41 29.25 28.85 28.64 28.81 28.99 28.96 28.87 28.71 28.65 28.69 28.81 28.93 29.03 29.05 29.18 29.19 29.2 29.28 29.37 29.44 29.42 29.43 29.52 29.6 29.63 29.7 29.67 29.59 29.62 29.69 29.67 29.61 29.56 29.45 29.3 29.07 28.9 28.94 29.09 29.18 29.14 29.12 29.27 29.5 29.71 29.91 30.13 30.31 30.39 30.39 30.39 30.38 30.3 30.1 29.87 29.77 29.64 29.31 28.86 28.62 28.72 28.99 29.2
29.22 28.98 28.67 28.68 28.81 28.88 28.98 29.05 29.2 29.57 29.63 29.18 28.86 29.03 28.94 28.67 28.46 28.47 28.56 28.51 28.44 28.49 28.64 28.85 29.03 29.17 29.33 29.34 29.43 29.45 29.43 29.53 29.61 29.69 29.66 29.64 29.71 29.8 29.81 29.86 29.85 29.79 29.74 29.68 29.57 29.47 29.42 29.32 29.19 28.96 28.8 28.83 28.99 29.1 29.16 29.22 29.27 29.36 29.55 29.75 30.02 30.27 30.36 30.37 30.38 30.35 30.22 29.95 29.65 29.5 29.42 29.22 28.97 28.93 29.05 29.13 29.29
28.86 28.72 28.57 28.61 28.7 28.7 28.72 28.73 28.86 29.22 29.21 28.88 28.59 28.75 28.64 28.43 28.25 28.2 28.25 28.24 28.29 28.56 28.83 29.07 29.31 29.46 29.59 29.64 29.71 29.73 29.7 29.76 29.8 29.9 29.92 29.88 29.91 30 30.01 30.02 30.03 29.95 29.81 29.67 29.53 29.43 29.32 29.15 28.93 28.73 28.78 28.9 29.06 29.18 29.28 29.41 29.45 29.42 29.56 29.78 30.07 30.24 30.25 30.29 30.34 30.26 30.05 29.8 29.56 29.43 29.38 29.26 29.17 29.21 29.31 29.31 29.37
28.86 28.73 28.56 28.54 28.57 28.57 28.58 28.64 28.86 29.11 28.9 28.65 28.45 28.53 28.44 28.27 28.18 28.17 28.17 28.17 28.28 28.65 29 29.22 29.38 29.53 29.67 29.79 29.9 29.98 30.01 30 29.98 30.08 30.16 30.14 30.12 30.19 30.21 30.19 30.13 29.93 29.71 29.61 29.61 29.58 29.43 29.15 28.84 28.72 28.85 29 29.15 29.3 29.43 29.56 29.66 29.69 29.8 29.98 30.1 30.05 30.02 30.15 30.24 30.09 29.82 29.61 29.55 29.52 29.51 29.46 29.38 29.38 29.49 29.5 29.54
29.11 28.92 28.7 28.56 28.49 28.47 28.46 28.55 28.81 28.97 28.76 28.49 28.39 28.42 28.41 28.39 28.42 28.48 28.39 28.43 28.55 28.79 29.11 29.31 29.39 29.48 29.61 29.77 29.92 30.05 30.16 30.19 30.19 30.26 30.33 30.33 30.31 30.34 30.32 30.22 30.02 29.86 29.85 29.86 29.87 29.74 29.57 29.31 28.99 28.83 28.87 28.98 29.1 29.25 29.41 29.49 29.62 29.84 29.93 29.94 29.87 29.81 29.92 30.04 30.01 29.84 29.62 29.56 29.65 29.69 29.68 29.62 29.48 29.44 29.61 29.69 29.74
29.32 29.19 29.02 28.74 28.46 28.33 28.23 28.3 28.58 28.7 28.61 28.58 28.59 28.6 28.54 28.54 28.66 28.81 28.8 28.81 28.99 29.17 29.3 29.5 29.55 29.53 29.6 29.75 29.94 30.1 30.2 30.28 30.31 30.36 30.39 30.4 30.39 30.39 30.31 30.05 29.85 29.97 30.17 30.2 30.1 29.94 29.75 29.47 29.14 28.87 28.82 28.92 29.03 29.13 29.23 29.3 29.42 29.56 29.6 29.61 29.63 29.72 29.79 29.76 29.7 29.7 29.69 29.77 29.92 29.91 29.85 29.73 29.48 29.43 29.68 29.85 29.92
29.38 29.19 29.01 28.76 28.46 28.27 28.11 28.11 28.31 28.45 28.53 28.73 28.85 28.87 28.69 28.62 28.73 28.97 29.17 29.15 29.26 29.47 29.6 29.79 29.84 29.69 29.59 29.71 29.97 30.14 30.18 30.26 30.33 30.39 30.41 30.41 30.41 30.4 30.33 30.16 30.17 30.3 30.33 30.26 30.05 29.86 29.55 29.3 29.09 28.9 28.85 28.9 28.94 28.98 29.05 29.16 29.28 29.37 29.45 29.55 29.64 29.71 29.69 29.67 29.65 29.75 29.85 29.96 30.05 29.96 29.83 29.71 29.53 29.38 29.52 29.77 29.96
29.13 28.93 28.77 28.56 28.45 28.32 28.17 28.11 28.22 28.4 28.57 28.87 29.02 29.04 28.9 28.79 28.76 28.99 29.31 29.42 29.38 29.62 29.82 29.98 30.03 29.91 29.82 29.96 30.19 30.27 30.19 30.22 30.32 30.39 30.41 30.41 30.41 30.41 30.39 30.33 30.35 30.39 30.37 30.24 29.94 29.72 29.55 29.34 29.2 29.13 29.03 28.94 28.89 28.84 28.87 29.03 29.2 29.35 29.45 29.56 29.66 29.76 29.82 29.85 29.78 29.82 29.97 30.08 30.12 30.01 29.85 29.69 29.5 29.34 29.43 29.69 29.97
28.96 28.82 28.71 28.58 28.47 28.34 28.18 28.14 28.28 28.49 28.66 28.9 29.11 29.2 29.16 29.06 28.91 29.08 29.42 29.59 29.51 29.66 29.86 30.08 30.18 30.14 30.1 30.2 30.33 30.36 30.32 30.31 30.37 30.4 30.41 30.41 30.41 30.41 30.41 30.4 30.4 30.41 30.38 30.26 30.05 29.92 29.79 29.64 29.54 29.42 29.24 29.12 29.03 28.89 28.81 28.99 29.19 29.31 29.39 29.56 29.73 29.84 29.93 30.03 29.96 29.89 30.02 30.15 30.2 30.08 29.93 29.81 29.63 29.46 29.56 29.77 30.06
28.86 28.72 28.69 28.63 28.52 28.39 28.22 28.19 28.34 28.53 28.68 28.87 29.11 29.36 29.46 29.48 29.29 29.27 29.55 29.74 29.73 29.79 29.9 30.11 30.27 30.32 30.33 30.36 30.4 30.4 30.4 30.39 30.4 30.41 30.41 30.41 30.41 30.41 30.41 30.41 30.41 30.41 30.38 30.32 30.24 30.21 30.11 29.94 29.85 29.64 29.5 29.43 29.35 29.17 28.93 29.02 29.17 29.26 29.32 29.45 29.59 29.69 29.84 30.09 30.16 30.03 30.04 30.18 30.27 30.18 30.06 29.88 29.69 29.58 29.73 29.89 30.17
28.79 28.67 28.68 28.65 28.57 28.47 28.32 28.29 28.42 28.56 28.65 28.79 29.01 29.29 29.46 29.72 29.76 29.5 29.57 29.76 29.91 29.99 30.04 30.18 30.32 30.38 30.4 30.4 30.41 30.41 30.41 30.41 30.41 30.41 30.41 30.41 30.41 30.41 30.41 30.41 30.41 30.41 30.4 30.39 30.38 30.37 30.31 30.2 30.09 29.89 29.8 29.72 29.62 29.38 29.02 29 29.12 29.26 29.38 29.51 29.64 29.74 29.91 30.17 30.29 30.25 30.2 30.27 30.35 30.32 30.24 29.99 29.83 29.86 29.97 30.14 30.34
28.7 28.66 28.73 28.67 28.58 28.47 28.34 28.37 28.47 28.53 28.6 28.67 28.78 28.95 29.17 29.64 29.94 29.74 29.62 29.68 29.85 30.04 30.16 30.21 30.33 30.39 30.41 30.41 30.41 30.41 30.41 30.41 30.41 30.41 30.41 -9999 30.41 30.41 30.41 30.41 30.41 30.41 30.41 30.41 30.41 30.41 30.39 30.35 30.27 30.14 30.05 29.95 29.8 29.49 29.09 28.93 29.09 29.35 29.55 29.68 29.81 29.92 30.08 30.26 30.36 30.37 30.36 30.37 30.4 30.4 30.36 30.19 30.08 30.19 30.22 30.32 30.4
