ASPA-UH-SWB2_REPO/input/Gridded_temps/prism_tmax_tutuila_30yr_normal_11.asc
ncols         350
nrows         200
xllcorner     515000
yllcorner     8409000
cellsize      100
NODATA_value  -9999
[rows 68 to 101 of 200, columns 77 to 153 of 350]
-9999 -9999 -9999 -9999 -9999 -9999 -9999 -9999 -9999 -9999 -9999 -9999 -9999 -9999 -9999 -9999 -9999 -9999 -9999 -9999 -9999 -9999 -9999 -9999 -9999 -9999 -9999 -9999 -9999 -9999 -9999 -9999 -9999 -9999 -9999 -9999 -9999 -9999 -9999 -9999 -9999 -9999 -9999 -9999 -9999 -9999 -9999 -9999 -9999 -9999 -9999 -9999 -9999 -9999 -9999 -9999 -9999 -9999 -9999 -9999 -9999 -9999 -9999 -9999 -9999 -9999 -9999 30.61 30.61 30.61 30.61 30.6 30.59 30.52 30.31 30.27 30.29
-9999 -9999 -9999 -9999 -9999 -9999 -9999 -9999 -9999 -9999 -9999 -9999 -9999 -9999 -9999 -9999 -9999 -9999 -9999 -9999 -9999 -9999 -9999 -9999 -9999 -9999 -9999 -9999 -9999 -9999 -9999 -9999 -9999 -9999 -9999 -9999 -9999 -9999 -9999 -9999 -9999 -9999 -9999 -9999 -9999 -9999 -9999 -9999 -9999 -9999 -9999 -9999 -9999 -9999 -9999 -9999 -9999 -9999 -9999 -9999 -9999 -9999 -9999 -9999 -9999 -9999 30.61 30.61 30.6 30.6 30.6 30.59 30.56 30.46 30.2 30.04 30.09
-9999 -9999 -9999 -9999 -9999 -9999 -9999 -9999 -9999 -9999 -9999 -9999 -9999 -9999 -9999 -9999 -9999 -9999 -9999 -9999 -9999 -9999 -9999 -9999 -9999 -9999 -9999 -9999 -9999 -9999 -9999 -9999 -9999 -9999 -9999 -9999 -9999 -9999 -9999 -9999 -9999 -9999 -9999 -9999 -9999 -9999 -9999 -9999 -9999 -9999 -9999 -9999 -9999 -9999 -9999 -9999 -9999 -9999 -9999 -9999 -9999 -9999 -9999 -9999 -9999 30.6 30.6 30.6 30.6 30.6 30.58 30.54 30.42 30.32 30.13 29.84 29.78
-9999 -9999 -9999 -9999 -9999 -9999 -9999 -9999 -9999 -9999 -9999 -9999 -9999 -9999 -9999 -9999 -9999 -9999 -9999 -9999 -9999 -9999 -9999 -9999 -9999 -9999 -9999 -9999 -9999 -9999 -9999 -9999 -9999 -9999 -9999 -9999 -9999 -9999 -9999 -9999 -9999 -9999 -9999 -9999 -9999 -9999 -9999 -9999 -9999 -9999 -9999 -9999 -9999 -9999 -9999 -9999 -9999 -9999 -9999 -9999 -9999 -9999 -9999 -9999 30.6 30.6 30.6 30.6 30.59 30.59 30.58 30.51 30.21 30.09 30.05 29.76 29.52
-9999 -9999 -9999 -9999 -9999 -9999 -9999 -9999 -9999 -9999 -9999 -9999 -9999 -9999 -9999 -9999 -9999 -9999 -9999 -9999 -9999 -9999 -9999 -9999 -9999 -9999 -9999 -9999 -9999 -9999 -9999 -9999 -9999 -9999 -9999 -9999 -9999 -9999 -9999 -9999 -9999 -9999 -9999 -9999 -9999 -9999 -9999 -9999 -9999 -9999 -9999 -9999 -9999 -9999 -9999 -9999 -9999 -9999 -9999 -9999 -9999 -9999 -9999 30.6 30.6 30.59 30.59 30.59 30.59 30.58 30.57 30.5 30.15 29.92 29.9 29.73 29.39
-9999 -9999 -9999 -9999 -9999 -9999 -9999 -9999 -9999 -9999 -9999 -9999 -9999 -9999 -9999 -9999 -9999 -9999 -9999 -9999 -9999 -9999 -9999 -9999 -9999 -9999 -9999 -9999 -9999 -9999 -9999 -9999 -9999 -9999 -9999 -9999 -9999 -9999 -9999 -9999 -9999 -9999 -9999 -9999 -9999 -9999 -9999 -9999 -9999 -9999 -9999 -9999 -9999 -9999 -9999 -9999 -9999 -9999 -9999 -9999 -9999 -9999 30.6 30.59 30.59 30.59 30.59 30.58 30.58 30.58 30.57 30.53 30.32 29.95 29.69 29.61 29.35
-9999 -9999 -9999 -9999 -9999 -9999 -9999 -9999 -9999 -9999 -9999 -9999 -9999 -9999 -9999 -9999 -9999 -9999 -9999 -9999 -9999 -9999 -9999 -9999 -9999 -9999 -9999 -9999 -9999 -9999 -9999 -9999 -9999 -9999 -9999 -9999 -9999 -9999 -9999 -9999 -9999 -9999 -9999 -9999 -9999 -9999 -9999 -9999 -9999 -9999 -9999 -9999 -9999 -9999 -9999 -9999 -9999 -9999 -9999 -9999 -9999 30.59 30.59 30.59 30.59 30.58 30.58 30.58 30.57 30.57 30.56 30.53 30.3 29.92 29.54 29.44 29.32
-9999 -9999 -9999 -9999 -9999 -9999 -9999 -9999 -9999 -9999 -9999 -9999 -9999 -9999 -9999 -9999 -9999 -9999 -9999 -9999 -9999 -9999 -9999 -9999 -9999 -9999 -9999 -9999 -9999 -9999 -9999 -9999 -9999 -9999 -9999 -9999 -9999 -9999 -9999 -9999 -9999 -9999 -9999 -9999 -9999 -9999 -9999 -9999 -9999 -9999 -9999 -9999 -9999 -9999 -9999 -9999 -9999 -9999 -9999 30.6 30.6 30.59 30.59 30.58 30.58 30.58 30.57 30.57 30.57 30.57 30.56 30.53 30.36 29.95 29.47 29.22 29.13
-9999 -9999 -9999 -9999 -9999 -9999 -9999 -9999 -9999 -9999 -9999 -9999 -9999 -9999 -9999 -9999 -9999 -9999 -9999 -9999 -9999 -9999 -9999 -9999 -9999 -9999 -9999 -9999 -9999 -9999 -9999 -9999 -9999 -9999 -9999 -9999 -9999 -9999 -9999 -9999 -9999 -9999 -9999 -9999 -9999 -9999 -9999 -9999 -9999 -9999 -9999 -9999 -9999 -9999 -9999 -9999 -9999 30.6 30.6 30.59 30.59 30.58 30.58 30.58 30.57 30.57 30.57 30.56 30.56 30.56 30.55 30.48 30.26 29.81 29.38 29.06 28.94
-9999 -9999 -9999 -9999 -9999 -9999 -9999 -9999 -9999 -9999 -9999 -9999 -9999 -9999 -9999 -9999 -9999 -9999 -9999 -9999 -9999 -9999 -9999 -9999 -9999 -9999 -9999 -9999 -9999 -9999 -9999 -9999 -9999 -9999 -9999 -9999 -9999 -9999 -9999 -9999 -9999 -9999 -9999 -9999 -9999 -9999 -9999 -9999 -9999 -9999 -9999 -9999 -9999 -9999 -9999 30.6 30.6 30.6 30.59 30.58 30.58 30.58 30.57 30.56 30.57 30.56 30.56 30.56 30.55 30.55 30.52 30.39 30.1 29.75 29.48 29.26 29.15
-9999 -9999 -9999 -9999 -9999 -9999 30.87 -9999 -9999 -9999 -9999 -9999 -9999 -9999 -9999 -9999 -9999 -9999 -9999 -9999 -9999 -9999 -9999 -9999 -9999 -9999 -9999 -9999 30.76 30.76 30.75 -9999 -9999 -9999 -9999 -9999 -9999 -9999 -9999 -9999 -9999 -9999 -9999 -9999 -9999 -9999 -9999 -9999 -9999 -9999 -9999 -9999 -9999 -9999 30.6 30.6 30.6 30.59 30.58 30.58 30.57 30.55 30.51 30.51 30.55 30.55 30.55 30.54 30.54 30.54 30.51 30.39 30.18 29.98 29.86 29.72 29.58
-9999 -9999 -9999 -9999 -9999 30.87 30.87 30.87 30.86 30.86 -9999 -9999 -9999 -9999 -9999 -9999 -9999 -9999 -9999 -9999 -9999 -9999 -9999 -9999 -9999 -9999 -9999 30.77 30.76 30.76 30.75 30.75 -9999 -9999 -9999 -9999 -9999 -9999 -9999 -9999 -9999 -9999 -9999 -9999 -9999 -9999 -9999 -9999 -9999 -9999 -9999 -9999 -9999 30.6 30.6 30.6 30.59 30.58 30.58 30.57 30.56 30.5 30.36 30.38 30.49 30.54 30.54 30.53 30.53 30.53 30.52 30.47 30.39 30.28 30.2 30.05 29.82
-9999 -9999 -9999 -9999 30.88 30.87 30.87 30.87 30.87 30.86 30.86 -9999 -9999 -9999 -9999 -9999 -9999 -9999 -9999 -9999 -9999 -9999 -9999 -9999 30.79 30.79 -9999 30.77 30.77 30.76 30.75 30.75 30.74 -9999 -9999 -9999 -9999 -9999 -9999 -9999 -9999 -9999 -9999 -9999 -9999 -9999 -9999 -9999 -9999 -9999 -9999 -9999 30.6 30.6 30.6 30.59 30.58 30.57 30.57 30.55 30.53 30.41 30.18 30.14 30.35 30.47 30.5 30.5 30.52 30.52 30.52 30.52 30.5 30.45 30.39 30.21 30.03
-9999 -9999 -9999 30.88 30.88 30.88 30.88 30.87 30.87 30.86 30.86 30.86 -9999 -9999 -9999 -9999 -9999 -9999 -9999 -9999 -9999 -9999 30.81 30.8 30.79 30.79 30.79 30.77 30.77 30.76 30.75 30.75 30.74 30.74 -9999 -9999 -9999 -9999 -9999 -9999 -9999 -9999 -9999 -9999 -9999 -9999 -9999 -9999 -9999 -9999 -9999 30.6 30.6 30.6 30.59 30.58 30.57 30.56 30.54 30.48 30.39 30.13 29.83 29.84 30.02 30.2 30.27 30.35 30.47 30.5 30.51 30.51 30.51 30.5 30.46 30.37 30.28
-9999 30.89 30.89 30.89 30.89 30.88 30.88 30.88 30.88 30.87 30.87 30.86 30.86 -9999 -9999 -9999 -9999 -9999 -9999 -9999 30.82 30.82 30.81 30.8 30.8 30.79 30.79 30.77 30.77 30.76 30.75 30.75 30.74 30.74 30.73 -9999 -9999 -9999 -9999 -9999 -9999 -9999 -9999 -9999 -9999 -9999 -9999 -9999 -9999 -9999 30.6 30.6 30.6 30.59 30.58 30.57 30.55 30.5 30.44 30.23 29.85 29.49 29.36 29.47 29.65 29.83 29.98 30.14 30.31 30.43 30.5 30.5 30.5 30.49 30.47 30.44 30.37
30.9 30.9 30.9 30.89 30.89 30.89 30.89 30.88 30.88 30.87 30.87 30.87 30.86 30.86 -9999 30.85 -9999 -9999 30.83 30.83 30.82 30.82 30.81 30.8 30.8 30.79 30.79 30.77 30.77 30.76 30.76 30.75 30.74 30.74 30.73 30.72 30.71 -9999 -9999 -9999 -9999 -9999 -9999 -9999 30.65 30.64 -9999 30.62 30.62 30.61 30.6 30.6 30.59 30.59 30.57 30.52 30.45 30.29 29.99 29.81 29.64 29.31 29.1 29.12 29.22 29.49 29.79 29.99 30.18 30.39 30.48 30.49 30.49 30.48 30.43 30.39 30.33
30.91 30.9 30.9 30.9 30.9 30.88 30.85 30.88 30.88 30.88 30.87 30.87 30.87 30.86 30.86 30.85 30.85 30.85 30.84 30.83 30.82 30.82 30.81 30.81 30.8 30.8 30.79 30.78 30.76 30.74 30.72 30.75 30.74 30.74 30.73 30.72 30.71 30.7 -9999 -9999 -9999 -9999 -9999 30.65 30.65 30.63 30.63 30.62 30.61 30.61 30.6 30.59 30.59 30.57 30.52 30.37 30.21 30.11 29.83 29.54 29.32 29.08 28.84 28.83 29.06 29.56 29.94 30.19 30.36 30.45 30.48 30.48 30.47 30.39 30.21 30.22 30.23
30.91 30.91 30.91 30.9 30.88 30.77 30.71 30.83 30.88 30.88 30.88 30.87 30.87 30.87 30.86 30.86 30.85 30.85 30.84 30.83 30.83 30.82 30.82 30.81 30.8 30.79 30.78 30.76 30.67 30.61 30.59 30.71 30.74 30.74 30.73 30.72 30.71 30.7 30.69 -9999 -9999 30.67 30.66 30.65 30.64 30.63 30.62 30.62 30.61 30.6 30.6 30.59 30.57 30.54 30.44 30.24 30.01 29.87 29.67 29.35 29.02 28.81 28.73 28.84 29.27 29.7 29.99 30.24 30.39 30.44 30.46 30.46 30.42 30.27 29.99 29.95 29.99
30.92 30.92 30.91 30.91 30.85 30.56 30.38 30.65 30.83 30.89 30.89 30.88 30.88 30.87 30.87 30.86 30.86 30.85 30.85 30.84 30.83 30.82 30.81 30.79 30.74 30.74 30.75 30.66 30.43 30.41 30.52 30.7 30.74 30.74 30.73 30.72 30.71 30.7 30.69 30.68 30.67 30.67 30.66 30.65 30.64 30.63 30.62 30.61 30.61 30.6 30.59 30.58 30.57 30.54 30.43 30.15 29.86 29.66 29.46 29.16 28.83 28.72 28.95 29.2 29.43 29.71 29.94 30.16 30.34 30.41 30.42 30.39 30.34 30.22 29.97 29.76 29.69
30.91 30.91 30.89 30.86 30.75 30.33 30.11 30.34 30.74 30.87 30.89 30.89 30.88 30.88 30.87 30.87 30.86 30.86 30.85 30.84 30.83 30.8 30.74 30.61 30.51 30.57 30.59 30.44 30.31 30.44 30.63 30.73 30.74 30.74 30.73 30.71 30.7 30.7 30.69 30.68 30.67 30.66 30.65 30.65 30.63 30.62 30.62 30.61 30.6 30.59 30.58 30.57 30.56 30.55 30.47 30.12 29.75 29.47 29.21 28.91 28.66 28.85 29.25 29.52 29.64 29.83 30.02 30.15 30.29 30.36 30.33 30.26 30.17 30.08 29.9 29.65 29.4
30.86 30.85 30.72 30.62 30.36 30.01 30.06 30.37 30.73 30.88 30.89 30.89 30.89 30.88 30.87 30.85 30.87 30.86 30.85 30.83 30.79 30.71 30.56 30.27 30.25 30.34 30.3 30.28 30.37 30.57 30.7 30.74 30.74 30.73 30.7 30.68 30.68 30.69 30.69 30.68 30.67 30.66 30.65 30.63 30.6 30.59 30.6 30.6 30.58 30.57 30.56 30.53 30.54 30.53 30.44 30.09 29.68 29.34 28.98 28.65 28.55 28.92 29.35 29.64 29.81 29.96 30.1 30.2 30.27 30.29 30.23 30.11 29.96 29.84 29.68 29.49 29.17
30.67 30.7 30.46 30.22 29.97 29.85 30.08 30.47 30.77 30.89 30.9 30.89 30.86 30.86 30.81 30.76 30.85 30.85 30.79 30.76 30.69 30.51 30.34 30.1 30.18 30.21 30.09 30.17 30.4 30.62 30.69 30.73 30.73 30.67 30.54 30.47 30.53 30.64 30.69 30.68 30.67 30.66 30.64 30.57 30.43 30.4 30.52 30.51 30.45 30.47 30.49 30.43 30.43 30.47 30.39 30.13 29.75 29.31 28.92 28.53 28.46 28.87 29.28 29.56 29.75 29.91 30.04 30.15 30.2 30.19 30.11 29.99 29.78 29.54 29.29 29.09 28.92
30.49 30.56 30.3 30.01 29.75 29.71 30 30.43 30.75 30.89 30.91 30.87 30.71 30.7 30.63 30.65 30.8 30.76 30.59 30.58 30.55 30.31 30.21 30.03 30.07 30.1 29.96 30.09 30.39 30.55 30.54 30.67 30.7 30.59 30.34 30.18 30.29 30.55 30.67 30.68 30.67 30.64 30.59 30.42 30.16 30.11 30.29 30.31 30.16 30.22 30.35 30.26 30.19 30.29 30.32 30.18 29.9 29.46 29.05 28.64 28.45 28.74 29.08 29.3 29.53 29.74 29.93 30.03 30.07 30.05 29.94 29.82 29.61 29.26 28.8 28.42 28.43
30.38 30.42 30.17 29.86 29.6 29.67 29.99 30.39 30.72 30.89 30.91 30.86 30.61 30.42 30.38 30.5 30.69 30.62 30.39 30.39 30.39 30.18 30.09 29.93 29.93 29.97 29.84 30 30.34 30.39 30.4 30.62 30.67 30.54 30.25 30.06 30.2 30.51 30.66 30.67 30.65 30.58 30.47 30.23 29.95 29.88 30 30.03 29.88 29.91 30.16 30.11 29.9 29.96 30.13 30.12 29.98 29.72 29.32 28.89 28.57 28.55 28.73 29.03 29.37 29.65 29.85 29.84 29.9 29.87 29.71 29.59 29.48 29.14 28.46 27.79 27.79
30.19 30.29 30.07 29.73 29.59 29.86 30.19 30.47 30.74 30.89 30.91 30.86 30.62 30.28 30.17 30.32 30.55 30.54 30.31 30.29 30.26 30.05 29.96 29.8 29.75 29.82 29.75 29.91 30.21 30.2 30.32 30.59 30.65 30.53 30.2 30.02 30.19 30.47 30.64 30.67 30.61 30.44 30.31 30.16 29.86 29.67 29.72 29.77 29.61 29.61 29.93 29.98 29.72 29.65 29.87 29.87 29.83 29.73 29.55 29.19 28.72 28.42 28.53 28.95 29.33 29.57 29.67 29.51 29.69 29.69 29.49 29.26 29.2 28.88 28.17 27.42 27.41
30.03 30.18 29.97 29.65 29.7 30.09 30.42 30.66 30.81 30.89 30.89 30.83 30.62 30.28 30.08 30.25 30.48 30.45 30.2 30.17 30.13 29.89 29.82 29.66 29.56 29.64 29.61 29.78 29.99 30.01 30.23 30.47 30.57 30.52 30.21 29.96 30.03 30.27 30.55 30.64 30.55 30.2 30.07 30.09 29.86 29.56 29.43 29.43 29.34 29.29 29.62 29.71 29.54 29.36 29.47 29.42 29.39 29.36 29.35 29.22 28.84 28.47 28.54 28.9 29.14 29.37 29.33 29.19 29.48 29.46 29.26 28.86 28.65 28.45 27.82 27.2 27.14
29.89 30.06 29.83 29.52 29.72 30.19 30.59 30.78 30.86 30.88 30.84 30.74 30.49 30.19 30.01 30.21 30.31 30.32 30.17 30.07 30.01 29.78 29.63 29.54 29.42 29.48 29.49 29.64 29.74 29.83 30.08 30.24 30.43 30.47 30.15 29.85 29.86 30.07 30.43 30.6 30.54 30.19 29.89 29.88 29.82 29.52 29.24 29.11 29.03 29 29.17 29.29 29.28 29.01 28.98 28.92 28.8 28.79 28.89 28.93 28.68 28.4 28.46 28.66 28.81 28.92 28.9 28.99 29.26 29.16 28.87 28.44 27.98 27.76 27.4 27.06 27.12
29.82 29.87 29.63 29.47 29.71 30.21 30.61 30.76 30.8 30.8 30.72 30.54 30.24 29.98 29.87 30.05 30.04 30.08 30.09 29.97 29.89 29.74 29.48 29.41 29.32 29.3 29.32 29.49 29.5 29.62 29.85 30.08 30.36 30.4 30.04 29.76 29.8 29.95 30.1 30.49 30.54 30.26 29.8 29.64 29.68 29.54 29.26 28.98 28.78 28.7 28.75 28.9 28.97 28.78 28.62 28.56 28.33 28.29 28.46 28.51 28.4 28.14 28.1 28.23 28.44 28.54 28.5 28.74 28.78 28.69 28.45 27.89 27.49 27.3 27.08 26.92 27.22
29.56 29.51 29.53 29.7 29.98 30.34 30.6 30.66 30.64 30.67 30.51 30.29 29.93 29.68 29.73 29.91 29.83 29.88 29.97 29.82 29.68 29.67 29.54 29.38 29.19 29.11 29.17 29.27 29.23 29.4 29.76 30.19 30.39 30.27 29.86 29.61 29.66 29.75 29.84 30.28 30.53 30.36 29.84 29.48 29.4 29.38 29.31 29.1 28.82 28.63 28.51 28.57 28.65 28.5 28.31 28.23 28.09 28.05 28.14 28.21 28.13 27.93 27.88 27.95 28.03 28.09 28.09 28.16 28.13 28.06 27.85 27.41 27.22 27.18 27.1 27.02 27.16
29.25 29.31 29.59 29.95 30.3 30.54 30.6 30.53 30.41 30.52 30.44 30.17 29.84 29.51 29.63 29.8 29.69 29.76 29.87 29.75 29.48 29.48 29.35 29.32 29.18 29.01 29.02 29.05 29.03 29.3 29.73 30.18 30.35 30.08 29.63 29.4 29.43 29.51 29.68 30.12 30.5 30.38 29.91 29.47 29.21 29.1 29.12 29.1 28.94 28.75 28.48 28.27 28.16 28.07 28.02 28.04 28.17 28.4 28.48 28.46 28.37 28.28 28.32 28.26 28.17 28.2 28.08 28.07 27.86 27.55 27.37 27.3 27.29 27.29 27.24 27.1 27.11
29.21 29.48 29.82 30.21 30.47 30.52 30.45 30.32 30.21 30.37 30.3 30.08 29.81 29.43 29.5 29.61 29.52 29.61 29.72 29.55 29.3 29.28 29.15 29.16 29.03 28.9 28.86 28.88 28.98 29.24 29.49 29.77 30.11 30.01 29.55 29.24 29.23 29.38 29.67 30.11 30.43 30.26 29.83 29.48 29.2 29 28.9 28.86 28.76 28.6 28.42 28.16 27.91 27.78 27.87 28.21 28.6 28.93 29.03 28.86 28.69 28.59 28.67 28.61 28.51 28.61 28.51 28.46 28.28 27.94 27.61 27.52 27.52 27.43 27.3 27.2 27.24
29.31 29.71 30.07 30.36 30.4 30.29 30.24 30.1 30.03 30.24 30.18 29.94 29.68 29.35 29.35 29.43 29.31 29.35 29.48 29.28 29.07 29.05 28.97 28.92 28.78 28.71 28.73 28.86 28.97 29.13 29.29 29.51 29.83 29.97 29.58 29.22 29.16 29.39 29.7 30.06 30.35 30.18 29.87 29.58 29.33 29.09 28.87 28.72 28.59 28.45 28.27 28.05 27.83 27.7 27.91 28.4 28.9 29.24 29.39 29.2 28.93 28.77 28.89 28.89 28.84 28.92 28.87 28.75 28.51 28.12 27.76 27.7 27.64 27.45 27.32 27.48 27.67
29.39 29.8 30.18 30.37 30.2 29.97 29.93 29.84 29.8 30.04 30.06 29.91 29.66 29.31 29.2 29.27 29.17 29.12 29.25 29.18 28.95 28.77 28.67 28.62 28.62 28.75 28.87 28.99 29.05 29.18 29.38 29.58 29.84 29.83 29.54 29.25 29.17 29.41 29.74 30.08 30.31 30.11 29.83 29.6 29.39 29.15 28.94 28.79 28.63 28.44 28.19 27.93 27.75 27.68 27.98 28.48 28.93 29.34 29.58 29.48 29.11 28.98 29.12 29.14 29.13 29.19 29.07 28.78 28.44 28.06 27.87 27.79 27.65 27.45 27.37 27.67 27.96
29.4 29.83 30.17 30.31 30.12 29.78 29.58 29.51 29.54 29.73 29.74 29.65 29.54 29.26 29.07 29.06 29.05 28.98 29.06 29.09 28.89 28.58 28.34 28.45 28.69 28.98 29.16 29.25 29.3 29.36 29.51 29.71 29.85 29.63 29.4 29.15 29.1 29.41 29.85 30.16 30.21 29.99 29.75 29.4 29.18 29.05 28.93 28.79 28.65 28.48 28.23 27.96 27.8 27.71 27.98 28.48 28.96 29.44 29.67 29.63 29.32 29.27 29.42 29.41 29.42 29.4 29.14 28.73 28.38 28.1 28.02 27.83 27.69 27.63 27.57 27.82 28.12
