ASPA-UH-SWB2_REPO/input/Gridded_temps/prism_tmin_tutuila_30yr_normal_09.asc
ncols         350
nrows         200
xllcorner     515000
yllcorner     8409000
cellsize      100
NODATA_value  -9999
[rows 136 to 169 of 200, columns 77 to 153 of 350]
23.87 23.94 24 23.99 24.03 24.05 24.05 24.04 23.97 23.77 23.53 23.38 23.36 23.41 23.54 23.7 23.8 23.81 23.79 23.8 23.83 23.85 23.86 23.85 23.81 23.7 23.49 23.23 23.1 23.14 23.23 23.25 23.19 23.17 23.31 23.47 23.57 23.6 23.62 23.64 23.66 23.69 23.71 23.75 23.79 23.84 23.87 23.9 23.92 23.95 23.96 23.98 24 24.01 24.03 24.05 24.07 24.09 24.1 24.12 24.13 24.15 24.16 24.17 24.17 24.18 24.18 24.19 24.2 24.2 24.2 24.21 24.21 24.22 24.23 24.23 24.24
23.93 24 24.04 24.05 24.06 24.06 24.05 24.03 23.95 23.72 23.5 23.39 23.38 23.41 23.48 23.64 23.78 23.82 23.82 23.83 23.84 23.86 23.86 23.86 23.82 23.68 23.48 23.26 23.13 23.11 23.19 23.25 23.22 23.2 23.29 23.46 23.57 23.62 23.63 23.66 23.68 23.71 23.73 23.76 23.79 23.83 23.86 23.89 23.91 23.94 23.95 23.98 24 24.01 24.03 24.05 24.07 24.09 24.1 24.12 24.13 24.14 24.16 24.17 24.17 24.18 24.19 24.2 24.2 24.2 24.21 24.21 24.21 24.22 24.23 24.23 24.24
24 24.04 24.06 24.06 24.06 24.06 24.05 24.03 23.97 23.76 23.56 23.45 23.47 23.5 23.5 23.61 23.74 23.81 23.83 23.84 23.85 23.86 23.86 23.85 23.79 23.63 23.41 23.26 23.16 23.1 23.14 23.25 23.27 23.26 23.34 23.47 23.58 23.63 23.65 23.67 23.7 23.72 23.74 23.77 23.8 23.83 23.85 23.87 23.9 23.93 23.95 23.97 24 24.02 24.03 24.05 24.07 24.09 24.1 24.12 24.13 24.14 24.15 24.16 24.17 24.18 24.2 24.2 24.21 24.21 24.21 24.21 24.22 24.23 24.23 24.24 24.24
24.05 24.07 24.07 24.07 24.06 24.06 24.04 24.03 23.98 23.81 23.65 23.57 23.64 23.7 23.65 23.66 23.71 23.79 23.84 23.85 23.85 23.86 23.86 23.84 23.76 23.56 23.36 23.26 23.19 23.13 23.15 23.26 23.3 23.29 23.33 23.44 23.55 23.63 23.66 23.68 23.7 23.72 23.74 23.76 23.79 23.82 23.84 23.86 23.89 23.92 23.94 23.97 24 24.02 24.04 24.06 24.08 24.09 24.1 24.12 24.13 24.14 24.15 24.16 24.17 24.19 24.2 24.21 24.21 24.21 24.21 24.22 24.23 24.24 24.24 24.24 24.25
24.07 24.07 24.07 24.07 24.06 24.05 24.04 24.02 23.99 23.88 23.76 23.71 23.78 23.82 23.79 23.78 23.77 23.82 23.84 23.85 23.85 23.85 23.86 23.83 23.7 23.49 23.37 23.29 23.21 23.18 23.21 23.29 23.33 23.3 23.31 23.39 23.51 23.61 23.66 23.67 23.69 23.72 23.74 23.76 23.78 23.81 23.84 23.86 23.89 23.91 23.94 23.97 24 24.02 24.04 24.06 24.08 24.09 24.1 24.11 24.13 24.14 24.15 24.16 24.17 24.19 24.2 24.21 24.21 24.22 24.22 24.23 24.24 24.24 24.25 24.26 24.27
24.07 24.07 24.07 24.07 24.06 24.04 24.02 24.01 23.99 23.94 23.86 23.82 23.85 23.85 23.85 23.84 23.83 23.84 23.83 23.84 23.84 23.85 23.85 23.81 23.67 23.5 23.44 23.36 23.25 23.24 23.28 23.32 23.36 23.35 23.35 23.39 23.48 23.58 23.64 23.66 23.68 23.7 23.73 23.75 23.78 23.81 23.84 23.86 23.88 23.91 23.95 23.98 24 24.02 24.04 24.07 24.08 24.09 24.1 24.11 24.12 24.14 24.15 24.16 24.17 24.18 24.2 24.21 24.21 24.22 24.22 24.23 24.25 24.26 24.27 24.28 24.28
24.07 24.07 24.07 24.07 24.06 24.03 24 23.99 23.97 23.93 23.87 23.86 23.86 23.86 23.85 23.84 23.84 23.82 23.82 23.82 23.83 23.84 23.84 23.82 23.76 23.7 23.64 23.49 23.33 23.3 23.31 23.32 23.35 23.37 23.39 23.41 23.47 23.55 23.61 23.65 23.67 23.7 23.73 23.75 23.77 23.8 23.83 23.85 23.88 23.91 23.95 23.98 24.01 24.03 24.05 24.07 24.08 24.09 24.1 24.12 24.12 24.13 24.15 24.15 24.17 24.18 24.19 24.2 24.21 24.22 24.22 24.24 24.25 24.27 24.28 24.28 24.29
24.07 24.07 24.07 24.07 24.05 24.02 23.99 23.96 23.94 23.9 23.88 23.88 23.87 23.86 23.85 23.84 23.83 23.82 23.81 23.81 23.82 23.82 23.82 23.82 23.81 23.79 23.75 23.63 23.46 23.37 23.31 23.25 23.28 23.34 23.38 23.42 23.47 23.54 23.59 23.63 23.66 23.69 23.72 23.74 23.76 23.79 23.82 23.85 23.88 23.91 23.95 23.98 24.01 24.04 24.05 24.07 24.08 24.09 24.1 24.11 24.12 24.12 24.14 24.15 24.16 24.17 24.18 24.2 24.21 24.22 24.23 24.24 24.26 24.28 24.28 24.28 24.28
24.07 24.07 24.07 24.06 24.04 24.01 23.98 23.95 23.92 23.9 23.88 23.88 23.87 23.86 23.85 23.84 23.83 23.82 23.81 23.81 23.81 23.81 23.81 23.81 23.81 23.8 23.78 23.72 23.58 23.43 23.27 23.14 23.2 23.29 23.35 23.41 23.47 23.53 23.58 23.62 23.65 23.68 23.71 23.73 23.76 23.78 23.81 23.85 23.87 23.91 23.95 23.98 24.02 24.04 24.05 24.07 24.08 24.09 24.1 24.11 24.12 24.12 24.13 24.15 24.16 24.17 24.18 24.19 24.2 24.21 24.23 24.25 24.26 24.28 24.28 24.28 24.28
24.07 24.07 24.06 24.04 24.02 24 23.97 23.94 23.92 23.9 23.89 23.88 23.88 23.87 23.86 23.85 23.84 23.83 23.81 23.81 23.81 23.8 23.8 23.8 23.8 23.8 23.79 23.74 23.63 23.44 23.24 23.14 23.26 23.38 23.42 23.43 23.45 23.51 23.57 23.61 23.64 23.67 23.7 23.73 23.75 23.78 23.81 23.85 23.88 23.91 23.95 23.98 24.01 24.03 24.05 24.07 24.08 24.09 24.09 24.1 24.11 24.12 24.13 24.14 24.15 24.17 24.18 24.19 24.2 24.21 24.22 24.24 24.26 24.27 24.28 24.28 24.28
24.07 24.07 24.05 24.03 24.01 23.99 23.97 23.94 23.93 23.91 23.9 23.9 23.89 23.88 23.87 23.86 23.85 23.83 23.82 23.81 23.81 23.8 23.79 23.79 23.79 23.79 23.78 23.75 23.66 23.48 23.28 23.17 23.38 23.58 23.6 23.5 23.45 23.5 23.56 23.61 23.64 23.67 23.7 23.73 23.76 23.78 23.81 23.85 23.88 23.91 23.95 23.98 24.01 24.03 24.05 24.07 24.08 24.09 24.09 24.1 24.11 24.12 24.12 24.13 24.13 24.16 24.17 24.19 24.2 24.22 24.22 24.24 24.25 24.27 24.28 24.28 24.28
24.07 24.06 24.04 24.02 23.99 23.98 23.96 23.95 23.94 23.93 23.92 23.92 23.91 23.89 23.88 23.86 23.85 23.83 23.82 23.81 23.81 23.8 23.79 23.79 23.78 23.78 23.78 23.76 23.71 23.6 23.42 23.25 23.4 23.62 23.66 23.54 23.46 23.5 23.56 23.61 23.64 23.67 23.71 23.75 23.77 23.8 23.82 23.85 23.88 23.92 23.95 23.99 24.01 24.03 24.05 24.06 24.07 24.08 24.09 24.1 24.11 24.11 24.12 24.12 24.13 24.15 24.17 24.19 24.21 24.22 24.23 24.24 24.25 24.27 24.28 24.28 24.28
24.07 24.06 24.04 24.01 23.99 23.97 23.96 23.96 23.96 23.95 23.94 23.94 23.93 23.9 23.89 23.87 23.85 23.83 23.82 23.81 23.81 23.81 23.79 23.78 23.77 23.77 23.77 23.76 23.73 23.68 23.57 23.41 23.4 23.51 23.57 23.49 23.46 23.5 23.56 23.61 23.65 23.69 23.73 23.76 23.79 23.81 23.84 23.86 23.9 23.92 23.96 23.98 24.01 24.02 24.04 24.06 24.07 24.08 24.09 24.1 24.1 24.11 24.12 24.12 24.13 24.15 24.18 24.2 24.21 24.22 24.23 24.24 24.26 24.27 24.28 24.28 24.28
24.07 24.06 24.04 24.01 23.99 23.97 23.97 23.97 23.97 23.96 23.96 23.95 23.93 23.91 23.89 23.88 23.86 23.84 23.83 23.82 23.82 23.81 23.8 23.78 23.77 23.76 23.75 23.74 23.72 23.69 23.63 23.55 23.47 23.47 23.5 23.48 23.49 23.53 23.58 23.63 23.67 23.71 23.74 23.77 23.8 23.82 23.85 23.87 23.9 23.92 23.95 23.97 24 24.01 24.03 24.05 24.06 24.08 24.09 24.1 24.11 24.12 24.13 24.13 24.15 24.16 24.19 24.21 24.22 24.23 24.24 24.26 24.27 24.28 24.28 24.28 24.28
24.07 24.07 24.05 24.02 23.99 23.98 23.98 23.98 23.97 23.97 23.96 23.95 23.93 23.91 23.9 23.88 23.87 23.85 23.84 23.83 23.82 23.81 23.79 23.78 23.77 23.76 23.74 23.73 23.7 23.68 23.63 23.59 23.55 23.52 23.52 23.53 23.54 23.57 23.59 23.64 23.68 23.72 23.75 23.78 23.8 23.82 23.85 23.87 23.89 23.91 23.93 23.96 23.98 24.01 24.03 24.05 24.06 24.08 24.09 24.1 24.12 24.13 24.14 24.15 24.16 24.18 24.2 24.22 24.24 24.25 24.26 24.27 24.28 24.28 24.28 24.28 24.28
24.07 24.07 24.06 24.03 24 23.99 23.99 23.99 23.98 23.97 23.97 23.95 23.93 23.92 23.91 23.9 23.88 23.86 23.85 23.84 23.83 23.81 23.79 23.78 23.76 23.75 23.74 23.72 23.7 23.67 23.63 23.6 23.57 23.55 23.55 23.56 23.58 23.59 23.62 23.65 23.69 23.73 23.76 23.79 23.81 23.83 23.85 23.87 23.88 23.9 23.92 23.95 23.98 24.01 24.03 24.05 24.07 24.08 24.09 24.1 24.12 24.14 24.15 24.16 24.18 24.19 24.23 24.25 24.26 24.26 24.27 24.28 24.28 24.28 24.28 24.28 24.28
24.07 24.07 24.06 24.04 24.02 24.01 24 24 23.98 23.97 23.97 23.95 23.94 23.93 23.92 23.9 23.89 23.87 23.86 23.84 23.83 23.81 23.79 23.78 23.76 23.74 23.73 23.71 23.69 23.66 23.63 23.6 23.57 23.56 23.56 23.57 23.59 23.61 23.64 23.67 23.7 23.73 23.76 23.79 23.81 23.83 23.85 23.87 23.88 23.9 23.92 23.95 23.98 24.01 24.03 24.06 24.07 24.08 24.09 24.11 24.13 24.14 24.16 24.17 24.18 24.21 24.24 24.26 24.27 24.27 24.27 24.27 24.27 24.28 24.28 24.28 -9999
24.07 24.07 24.07 24.05 24.04 24.03 24.01 24 23.98 23.98 23.97 23.96 23.95 23.94 23.93 23.91 23.9 23.88 23.87 23.86 23.84 23.82 23.79 23.78 23.76 23.74 23.72 23.7 23.68 23.66 23.63 23.6 23.58 23.56 23.56 23.57 23.58 23.61 23.63 23.66 23.69 23.73 23.75 23.78 23.81 23.83 23.85 23.87 23.88 23.9 23.93 23.96 23.99 24.02 24.04 24.06 24.07 24.08 24.09 24.11 24.13 24.14 24.16 24.18 24.19 24.22 24.25 24.27 24.27 24.27 24.27 24.27 24.27 24.27 24.27 -9999 -9999
24.07 24.07 24.07 24.07 24.06 24.05 24.02 24.01 23.99 23.98 23.97 23.96 23.95 23.94 23.93 23.91 23.9 23.9 23.88 23.87 23.85 23.82 23.8 23.78 23.76 23.75 23.73 23.71 23.68 23.65 23.62 23.59 23.59 23.58 23.56 23.54 23.55 23.58 23.61 23.63 23.67 23.71 23.74 23.76 23.8 23.82 23.84 23.87 23.89 23.91 23.93 23.96 23.99 24.02 24.05 24.07 24.08 24.09 24.1 24.12 24.13 24.15 24.17 24.18 24.2 24.23 24.26 24.26 24.27 24.27 24.27 24.27 24.27 24.27 -9999 -9999 -9999
24.07 24.07 24.07 24.07 24.07 24.05 24.02 24.01 23.99 23.98 23.96 23.96 23.96 23.95 23.94 23.93 23.92 23.91 23.89 23.87 23.85 23.83 23.8 23.79 23.78 23.77 23.75 23.72 23.69 23.65 23.61 23.62 23.63 23.62 23.58 23.52 23.51 23.52 23.54 23.56 23.6 23.65 23.69 23.73 23.76 23.8 23.82 23.85 23.89 23.91 23.93 23.96 23.98 24.02 24.05 24.08 24.09 24.1 24.1 24.12 24.14 24.16 24.18 24.21 24.23 24.25 24.26 24.26 24.26 24.27 24.27 24.27 24.27 -9999 -9999 -9999 -9999
24.07 24.07 24.07 24.07 24.07 24.05 24.02 24.01 23.99 23.97 23.96 23.96 23.96 23.95 23.95 23.94 23.93 23.91 23.9 23.88 23.86 23.84 23.82 23.8 23.79 23.77 23.74 23.72 23.68 23.64 23.62 23.65 23.67 23.66 23.59 23.51 23.49 23.48 23.48 23.48 23.5 23.54 23.59 23.64 23.7 23.74 23.79 23.83 23.87 23.9 23.92 23.95 23.98 24.02 24.06 24.09 24.1 24.11 24.12 24.14 24.15 24.18 24.21 24.23 24.25 24.26 24.26 24.26 24.26 24.26 24.27 24.27 -9999 -9999 -9999 -9999 -9999
24.07 24.07 24.07 24.07 24.07 24.04 24.02 24.01 23.99 23.98 23.97 23.96 23.96 23.96 23.96 23.95 23.94 23.93 23.92 23.9 23.87 23.85 23.83 23.81 23.78 23.75 23.71 23.68 23.65 23.62 23.61 23.65 23.67 23.63 23.55 23.49 23.52 23.59 23.62 23.58 23.53 23.51 23.51 23.54 23.61 23.68 23.74 23.79 23.83 23.87 23.91 23.94 23.98 24.02 24.06 24.09 24.11 24.12 24.14 24.16 24.18 24.2 24.23 24.25 24.25 24.26 24.26 24.26 24.26 24.26 24.27 -9999 -9999 -9999 -9999 -9999 -9999
24.07 24.07 24.07 24.07 24.06 24.04 24.02 24.01 23.99 23.98 23.98 23.97 23.97 23.97 23.96 23.96 23.95 23.94 23.92 23.9 23.87 23.84 23.83 23.8 23.76 23.72 23.66 23.62 23.59 23.58 23.59 23.62 23.62 23.55 23.45 23.46 23.58 23.72 23.82 23.81 23.74 23.67 23.58 23.54 23.59 23.67 23.72 23.75 23.79 23.84 23.89 23.93 23.98 24.02 24.06 24.1 24.12 24.14 24.16 24.18 24.2 24.22 24.24 24.25 24.25 24.25 24.26 24.26 24.26 -9999 -9999 -9999 -9999 -9999 -9999 -9999 -9999
24.07 24.07 24.07 24.07 24.06 24.04 24.02 24.01 23.99 23.98 23.98 23.98 23.98 23.99 23.97 23.96 23.95 23.94 23.92 23.88 23.84 23.82 23.8 23.77 23.72 23.66 23.62 23.6 23.6 23.61 23.61 23.63 23.58 23.47 23.41 23.5 23.67 23.82 23.91 23.93 23.92 23.87 23.76 23.65 23.66 23.72 23.75 23.76 23.79 23.83 23.88 23.92 23.98 24.03 24.07 24.11 24.13 24.15 24.17 24.2 24.22 24.23 24.24 24.25 24.25 24.25 24.25 24.26 24.26 -9999 -9999 -9999 -9999 -9999 -9999 -9999 -9999
24.07 24.07 24.07 24.07 24.06 24.04 24.02 24.01 23.99 23.98 23.98 23.99 24 24 23.98 23.97 23.95 23.92 23.89 23.86 23.81 23.78 23.76 23.71 23.65 23.61 23.6 23.6 23.62 23.66 23.67 23.66 23.61 23.51 23.47 23.57 23.75 23.87 23.94 23.98 23.99 23.97 23.9 23.78 23.76 23.78 23.81 23.83 23.84 23.86 23.88 23.92 23.97 24.03 24.08 24.11 24.14 24.17 24.19 24.21 24.23 24.24 24.24 24.24 24.25 24.25 24.25 -9999 -9999 -9999 -9999 -9999 -9999 -9999 -9999 -9999 -9999
24.07 24.07 24.07 24.07 24.07 24.05 24.04 24.02 24 23.99 23.99 24 24 24 23.98 23.96 23.94 23.91 23.87 23.84 23.8 23.76 23.7 23.63 23.56 23.55 23.55 23.54 23.55 23.61 23.66 23.68 23.66 23.6 23.55 23.61 23.75 23.87 23.94 24 24.02 24.01 23.93 23.82 23.78 23.8 23.86 23.9 23.9 23.89 23.88 23.91 23.96 24.02 24.07 24.11 24.15 24.19 24.21 24.23 24.23 24.24 24.24 24.24 24.24 24.25 -9999 -9999 -9999 -9999 -9999 -9999 -9999 -9999 -9999 -9999 -9999
24.07 24.07 24.07 24.07 24.07 24.07 24.06 24.04 24.02 24 24.01 24.01 24.01 24 23.98 23.96 23.93 23.9 23.86 23.83 23.79 23.73 23.64 23.54 23.48 23.46 23.45 23.42 23.41 23.46 23.58 23.65 23.67 23.67 23.63 23.62 23.73 23.86 23.94 24.01 24.05 24.01 23.92 23.83 23.79 23.79 23.86 23.93 23.94 23.9 23.88 23.9 23.95 24.01 24.07 24.11 24.15 24.2 24.22 24.23 24.23 24.23 24.24 24.24 24.24 -9999 -9999 -9999 -9999 -9999 -9999 -9999 -9999 -9999 -9999 -9999 -9999
-9999 24.07 24.07 24.07 24.07 24.07 24.07 24.06 24.05 24.04 24.04 24.04 24.03 24.01 23.98 23.95 23.93 23.89 23.86 23.82 23.77 23.7 23.6 23.46 23.38 23.38 23.4 23.4 23.37 23.37 23.47 23.57 23.64 23.7 23.7 23.65 23.7 23.84 23.94 24.02 24.08 24.07 24.02 23.98 23.91 23.84 23.88 23.95 23.96 23.92 23.9 23.91 23.95 24.01 24.07 24.11 24.16 24.21 24.22 24.22 24.23 24.23 24.23 24.24 -9999 -9999 -9999 -9999 -9999 -9999 -9999 -9999 -9999 -9999 -9999 -9999 -9999
-9999 -9999 24.07 24.07 24.07 24.07 24.07 24.07 24.07 24.07 24.07 24.07 24.06 24.04 24.01 23.97 23.93 23.89 23.85 23.79 23.72 23.62 23.48 23.35 23.31 23.35 23.4 23.43 23.42 23.38 23.37 23.44 23.53 23.66 23.74 23.7 23.7 23.82 23.92 23.99 24.09 24.12 24.12 24.12 24.07 23.97 23.95 23.99 24 23.97 23.93 23.92 23.95 24.01 24.07 24.14 24.18 24.22 24.22 24.22 24.22 24.23 24.23 -9999 -9999 -9999 -9999 -9999 -9999 -9999 -9999 -9999 -9999 -9999 -9999 -9999 -9999
-9999 -9999 -9999 24.07 24.07 24.07 24.07 24.07 24.07 24.07 24.07 24.07 24.07 24.06 24.03 23.99 23.95 23.9 23.85 23.78 23.67 23.52 23.36 23.3 23.36 23.4 23.42 23.45 23.5 23.53 23.52 23.46 23.48 23.59 23.73 23.8 23.83 23.89 23.96 23.99 24.08 24.13 24.15 24.15 24.14 24.06 24.02 24.03 24.03 23.98 23.95 23.94 23.96 24.02 24.1 24.17 24.21 24.21 24.22 24.22 24.22 24.23 -9999 -9999 -9999 -9999 -9999 -9999 -9999 -9999 -9999 -9999 -9999 -9999 -9999 -9999 -9999
-9999 -9999 -9999 -9999 24.07 24.07 24.07 24.07 24.07 24.07 24.07 24.07 24.07 24.07 24.06 24.04 24.01 23.96 23.91 23.81 23.66 23.46 23.38 23.52 23.71 23.78 23.8 23.8 23.81 23.86 23.87 23.77 23.64 23.62 23.7 23.83 23.93 24.02 24.09 24.1 24.13 24.15 24.15 24.15 24.15 24.12 24.1 24.08 24.04 23.98 23.95 23.95 23.98 24.05 24.13 24.19 24.21 24.21 24.21 24.22 24.22 -9999 -9999 -9999 -9999 -9999 -9999 -9999 -9999 -9999 -9999 -9999 -9999 -9999 -9999 -9999 -9999
-9999 -9999 -9999 -9999 -9999 24.07 24.07 24.07 24.07 24.07 24.07 24.07 24.07 24.07 24.07 24.07 24.06 24.04 23.98 23.86 23.64 23.46 23.56 23.84 24.01 24.04 24.05 24.05 24.06 24.06 24.06 24 23.83 23.72 23.69 23.78 23.9 24.02 24.11 24.14 24.14 24.15 24.15 24.15 24.16 24.15 24.15 24.12 24.04 23.98 23.96 23.97 24.02 24.09 24.15 24.19 24.21 24.21 24.21 24.22 24.22 -9999 -9999 -9999 -9999 -9999 -9999 -9999 -9999 -9999 -9999 -9999 -9999 -9999 -9999 -9999 -9999
-9999 -9999 -9999 -9999 -9999 -9999 24.07 24.07 24.07 24.07 24.07 24.07 24.07 24.07 24.08 24.08 24.08 24.07 24.04 23.96 23.8 23.58 23.8 24.02 24.08 24.09 24.09 24.1 24.1 24.1 24.1 24.06 23.94 23.8 23.68 23.68 23.78 23.92 24.04 24.12 24.14 24.15 24.15 24.15 24.16 24.16 24.16 24.14 24.06 24 23.98 24 24.05 24.12 24.17 24.2 24.21 24.21 24.21 24.21 24.22 -9999 -9999 -9999 -9999 -9999 -9999 -9999 -9999 -9999 -9999 -9999 -9999 -9999 -9999 -9999 -9999
-9999 -9999 -9999 -9999 -9999 -9999 -9999 -9999 24.07 24.07 24.07 24.07 24.07 24.08 24.08 24.08 24.08 24.08 24.08 24.06 24.02 23.83 23.99 24.07 24.09 24.09 24.1 24.1 24.1 24.1 24.1 24.08 23.97 23.82 23.68 23.62 23.68 23.81 23.95 24.1 24.14 24.15 24.15 24.15 24.16 24.16 24.17 24.16 24.13 24.07 24.05 24.04 24.08 24.14 24.19 24.2 24.2 24.21 24.21 24.21 -9999 -9999 -9999 -9999 -9999 -9999 -9999 -9999 -9999 -9999 -9999 -9999 -9999 -9999 -9999 -9999 -9999
