ASPA-UH-SWB2_REPO/input/Gridded_temps/prism_tmax_tutuila_30yr_normal_08.asc
ncols         350
nrows         200
xllcorner     515000
yllcorner     8409000
cellsize      100
NODATA_value  -9999
[rows 70 to 104 of 200, columns 154 to 230 of 350]
28.31 28.23 28.05 27.83 27.61 27.46 27.26 27.2 27.58 28.1 28.54 28.81 28.98 29.07 29.09 29.06 28.99 28.86 28.9 28.96 29.03 29.08 29.08 29.07 29.1 29.14 29.15 29.16 29.16 29.16 29.16 29.17 29.17 29.17 29.17 29.17 29.17 29.17 29.18 29.18 29.18 29.18 29.18 29.19 29.19 29.19 29.19 29.19 29.2 29.2 29.2 29.2 29.2 29.2 29.21 29.21 29.21 29.18 29.02 28.75 28.57 28.37 28.18 27.92 27.48 27.08 26.96 27.05 27.22 26.87 26.62 26.4 26.51 26.92 27.36 27.42 27.36
28.03 27.96 27.81 27.61 27.37 27.18 27.1 27.26 27.64 28.14 28.51 28.74 28.93 29.04 29.05 28.97 28.81 28.52 28.53 28.66 28.86 28.97 28.93 28.86 28.93 29.04 29.1 29.14 29.15 29.16 29.16 29.16 29.16 29.16 29.17 29.17 29.17 29.17 29.17 29.18 29.18 29.18 29.18 29.18 29.19 29.19 29.19 29.19 29.19 29.2 29.2 29.2 29.2 29.2 29.2 29.21 29.21 29.18 29.06 28.93 28.84 28.7 28.52 28.21 27.71 27.48 27.46 27.46 27.6 27.43 27.42 27.14 27.1 27.15 27.52 27.58 27.38
27.78 27.7 27.53 27.29 27.13 27.11 27.24 27.54 27.85 28.23 28.51 28.73 28.93 29.02 28.98 28.86 28.63 28.25 28.08 28.4 28.74 28.81 28.73 28.53 28.62 28.84 28.98 29.06 29.12 29.14 29.16 29.16 29.16 29.15 29.15 29.16 29.15 29.15 29.16 29.17 29.18 29.18 29.18 29.18 29.18 29.18 29.19 29.19 29.19 29.19 29.2 29.2 29.2 29.2 29.2 29.2 29.2 29.18 29.11 29.01 28.82 28.6 28.41 27.99 27.57 27.61 27.81 27.85 27.9 27.9 27.93 27.75 27.69 27.62 27.72 27.81 27.55
27.59 27.44 27.26 27.05 27.05 27.28 27.63 27.92 28.23 28.49 28.7 28.85 28.96 28.98 28.87 28.7 28.45 28.05 27.95 28.34 28.56 28.53 28.42 28.19 28.27 28.59 28.76 28.91 29.04 29.11 29.14 29.15 29.14 29.12 29.09 29.08 29.08 29.09 29.12 29.15 29.17 29.17 29.18 29.18 29.18 29.18 29.18 29.19 29.19 29.19 29.19 29.19 29.2 29.2 29.2 29.2 29.2 29.18 29.11 28.9 28.6 28.26 28 27.64 27.29 27.57 27.97 28.16 28.17 28.22 28.22 28 27.94 27.96 27.98 27.94 27.64
27.53 27.21 27.03 26.96 27.13 27.46 27.85 28.21 28.47 28.65 28.8 28.9 28.95 28.94 28.8 28.55 28.25 28.08 28 28.2 28.24 28.14 28.05 27.84 27.89 28.2 28.5 28.76 29 29.09 29.12 29.12 29.09 29.02 28.93 28.91 28.95 29.05 29.12 29.15 29.17 29.17 29.17 29.18 29.18 29.18 29.18 29.18 29.19 29.19 29.19 29.19 29.19 29.2 29.2 29.2 29.2 29.18 29.12 28.89 28.49 28.24 27.94 27.49 27.25 27.52 27.99 28.29 28.38 28.45 28.41 28.15 28.13 28.15 28.09 27.93 27.63
27.44 27.1 26.94 26.99 27.15 27.47 27.87 28.22 28.47 28.66 28.81 28.9 28.93 28.92 28.83 28.68 28.53 28.39 28.19 28.1 28 27.79 27.67 27.64 27.78 28.14 28.56 28.87 29.02 29.07 29.08 29.07 29.01 28.85 28.7 28.8 28.94 29.07 29.14 29.16 29.17 29.17 29.17 29.17 29.17 29.18 29.18 29.18 29.18 29.19 29.19 29.19 29.19 29.19 29.2 29.2 29.2 29.18 29.13 28.99 28.67 28.35 27.93 27.58 27.39 27.65 28.09 28.35 28.5 28.65 28.62 28.39 28.26 28.13 27.94 27.72 27.5
27.32 27.18 27.23 27.31 27.34 27.65 28.02 28.36 28.56 28.71 28.81 28.85 28.85 28.83 28.8 28.74 28.65 28.49 28.27 28.09 27.91 27.62 27.48 27.6 27.97 28.4 28.69 28.84 28.95 29 29.01 28.96 28.84 28.63 28.62 28.89 29.04 29.11 29.14 29.16 29.16 29.17 29.17 29.17 29.17 29.17 29.18 29.18 29.18 29.18 29.19 29.19 29.19 29.19 29.19 29.2 29.19 29.14 29.03 28.86 28.56 28.24 27.94 27.64 27.51 27.71 28.07 28.3 28.47 28.71 28.86 28.66 28.43 28.26 28.06 27.84 27.72
27.51 27.42 27.63 27.63 27.52 27.8 28.17 28.48 28.64 28.71 28.75 28.74 28.7 28.68 28.66 28.62 28.56 28.47 28.28 28.13 27.93 27.65 27.57 27.77 28.16 28.47 28.53 28.53 28.76 28.86 28.86 28.8 28.59 28.43 28.65 28.93 29.06 29.11 29.13 29.15 29.16 29.16 29.16 29.17 29.17 29.17 29.17 29.18 29.18 29.18 29.18 29.19 29.19 29.19 29.19 29.19 29.17 29.06 28.8 28.61 28.45 28.23 27.93 27.77 27.76 27.9 28.18 28.4 28.57 28.77 28.97 28.88 28.72 28.48 28.26 28.04 28
27.81 27.7 27.9 27.81 27.59 27.71 28.11 28.45 28.59 28.64 28.65 28.59 28.52 28.5 28.47 28.37 28.35 28.4 28.28 28.06 27.8 27.57 27.59 27.82 28.09 28.24 28.17 28.12 28.52 28.67 28.62 28.56 28.36 28.33 28.69 28.94 29.04 29.08 29.1 29.14 29.15 29.16 29.16 29.16 29.17 29.17 29.17 29.17 29.17 29.18 29.18 29.18 29.19 29.19 29.19 29.19 29.18 29.08 28.81 28.6 28.47 28.28 28.08 28.03 27.98 28.04 28.29 28.5 28.7 28.87 29.02 28.98 28.74 28.44 28.24 28.11 28.15
28.07 27.97 28.13 27.99 27.78 27.74 28.01 28.34 28.48 28.53 28.55 28.49 28.34 28.25 28.26 28.1 28.14 28.27 28.15 27.92 27.59 27.39 27.48 27.63 27.78 27.87 27.85 27.86 28.25 28.33 28.18 28.16 28.19 28.44 28.75 28.89 28.95 28.97 29.02 29.09 29.13 29.15 29.15 29.15 29.16 29.17 29.17 29.17 29.17 29.17 29.18 29.18 29.18 29.19 29.19 29.19 29.19 29.16 29.05 28.81 28.57 28.37 28.25 28.18 28.04 28.04 28.28 28.5 28.72 28.92 29.05 29.03 28.81 28.51 28.3 28.17 28.21
28.4 28.35 28.38 28.24 28.04 27.85 27.95 28.21 28.35 28.4 28.43 28.42 28.26 28.03 28.05 27.92 28.01 28.1 27.97 27.77 27.42 27.19 27.31 27.45 27.57 27.65 27.64 27.67 27.88 27.9 27.74 27.81 28.11 28.43 28.61 28.67 28.7 28.71 28.82 29.01 29.1 29.12 29.11 29.11 29.14 29.16 29.16 29.17 29.17 29.17 29.17 29.18 29.18 29.18 29.19 29.19 29.19 29.18 29.12 28.93 28.61 28.43 28.37 28.25 28.11 28.13 28.34 28.61 28.85 29.02 29.09 29.05 28.88 28.62 28.41 28.28 28.24
28.72 28.63 28.54 28.36 28.09 27.8 27.81 28.04 28.18 28.25 28.28 28.32 28.24 27.97 27.82 27.68 27.81 27.82 27.74 27.45 27.15 27.01 27.16 27.37 27.54 27.62 27.56 27.54 27.64 27.66 27.56 27.63 27.9 28.12 28.23 28.26 28.28 28.33 28.62 28.94 29.06 29.06 28.98 28.91 29.06 29.11 29.15 29.16 29.17 29.17 29.17 29.17 29.18 29.18 29.18 29.19 29.19 29.18 29.14 28.97 28.6 28.46 28.45 28.31 28.25 28.28 28.4 28.72 29.01 29.11 29.07 28.92 28.75 28.56 28.5 28.43 28.33
28.82 28.65 28.46 28.27 28 27.6 27.54 27.74 27.95 28.05 28.05 28.13 28.17 27.92 27.49 27.22 27.32 27.25 27.19 26.89 26.8 26.86 27.13 27.43 27.65 27.77 27.66 27.61 27.7 27.73 27.69 27.75 27.91 28.03 28.06 28.07 28.04 28.25 28.64 28.88 28.96 28.93 28.75 28.67 28.84 28.96 29.11 29.15 29.16 29.17 29.17 29.17 29.17 29.18 29.18 29.18 29.19 29.19 29.16 29 28.64 28.53 28.49 28.39 28.44 28.45 28.43 28.71 29.04 29.13 29.03 28.85 28.62 28.58 28.64 28.57 28.46
28.77 28.54 28.26 28.02 27.72 27.32 27.18 27.35 27.6 27.81 27.76 27.9 28.05 27.81 27.23 26.66 26.63 26.67 26.65 26.66 26.83 27.06 27.37 27.61 27.8 27.95 27.83 27.81 27.93 27.98 27.93 28.04 28.19 28.2 28.18 28.27 28.27 28.31 28.5 28.65 28.71 28.71 28.62 28.7 28.96 29.06 29.14 29.16 29.16 29.16 29.17 29.17 29.17 29.17 29.18 29.18 29.18 29.18 29.16 29.01 28.71 28.6 28.5 28.47 28.59 28.62 28.47 28.65 29.01 29.14 29.1 28.93 28.64 28.68 28.83 28.83 28.77
28.73 28.57 28.38 28.1 27.57 27.17 26.99 26.95 27.3 27.62 27.54 27.75 27.92 27.73 27.15 26.46 26.29 26.39 26.51 26.78 27.16 27.47 27.72 27.88 27.99 28.1 28.08 28.22 28.18 28.21 28.12 28.19 28.4 28.51 28.4 28.49 28.56 28.44 28.32 28.4 28.62 28.82 28.89 28.98 29.09 29.13 29.15 29.16 29.16 29.16 29.16 29.17 29.17 29.17 29.17 29.18 29.18 29.18 29.17 29.08 28.79 28.62 28.58 28.69 28.76 28.74 28.53 28.59 28.92 29.13 29.15 28.99 28.71 28.84 29.05 29.11 29.12
28.57 28.51 28.36 28.05 27.59 27.18 26.88 26.66 27.15 27.32 27.19 27.49 27.71 27.55 27.04 26.45 26.29 26.43 26.69 27.04 27.42 27.72 27.85 27.93 28.11 28.27 28.39 28.57 28.58 28.66 28.6 28.43 28.52 28.76 28.61 28.64 28.77 28.64 28.49 28.66 28.91 29.03 29.08 29.1 29.14 29.14 29.15 29.15 29.16 29.16 29.16 29.16 29.17 29.17 29.17 29.17 29.18 29.18 29.17 29.12 28.92 28.75 28.82 28.98 28.97 28.83 28.59 28.63 28.94 29.15 29.19 29.1 28.99 29.12 29.19 29.21 29.22
28.31 28.34 28.26 27.98 27.57 27.09 26.68 26.38 26.74 26.78 26.86 27.2 27.4 27.21 26.85 26.6 26.71 26.85 27.08 27.35 27.48 27.42 27.34 27.46 27.88 28.21 28.35 28.57 28.71 28.79 28.85 28.77 28.78 28.92 28.9 28.85 28.92 28.83 28.76 28.94 29.06 29.11 29.12 29.13 29.14 29.14 29.14 29.15 29.15 29.16 29.16 29.16 29.16 29.17 29.17 29.17 29.17 29.17 29.13 29.08 29.04 29.06 29.11 29.14 29.12 29.01 28.88 28.93 29.11 29.2 29.21 29.19 29.17 29.2 29.22 29.22 29.22
27.95 28.07 28.09 27.9 27.57 27.16 26.55 26.15 26.38 26.35 26.65 26.94 26.97 26.81 26.69 26.73 27.03 27.2 27.33 27.39 27.15 26.91 26.86 27.12 27.61 27.9 28.02 28.23 28.45 28.61 28.83 28.93 28.96 29.01 29.02 29.02 29.04 29.03 29.03 29.08 29.11 29.12 29.13 29.13 29.14 29.14 29.14 29.14 29.15 29.15 29.16 29.16 29.16 29.16 29.17 29.17 29.17 29.15 29.06 29.01 29.08 29.15 29.18 29.19 29.18 29.17 29.15 29.16 29.19 29.21 29.21 29.21 29.21 29.21 29.22 29.22 29.22
27.48 27.63 27.73 27.7 27.47 27.11 26.49 26.07 26.14 26.23 26.54 26.73 26.67 26.6 26.66 26.81 27.02 27.04 27.03 26.98 26.68 26.55 26.64 26.91 27.21 27.47 27.74 28.04 28.25 28.42 28.69 28.85 28.89 28.93 29.01 29.05 29.07 29.08 29.1 29.11 29.12 29.12 29.13 29.13 29.13 29.14 29.14 29.14 29.14 29.15 29.15 29.16 29.16 29.16 29.16 29.17 29.17 29.17 29.15 29.14 29.16 29.18 29.19 29.19 29.19 29.2 29.2 29.2 29.2 29.21 29.21 29.21 29.21 29.21 29.22 29.22 29.22
27.12 27.01 27.14 27.25 27.03 26.78 26.31 25.95 25.95 26.09 26.36 26.44 26.37 26.44 26.63 26.71 26.63 26.43 26.24 26.33 26.42 26.6 26.82 26.98 27.04 27.22 27.54 27.88 28.11 28.31 28.5 28.61 28.64 28.65 28.85 28.95 29.02 29.05 29.08 29.1 29.11 29.12 29.12 29.13 29.13 29.13 29.14 29.14 29.14 29.15 29.15 29.15 29.16 29.16 29.16 29.17 29.17 29.17 29.17 29.17 29.18 29.18 29.19 29.19 29.19 29.19 29.2 29.2 29.2 29.2 29.21 29.21 29.21 29.21 29.22 29.22 29.22
26.68 26.46 26.58 26.68 26.46 26.24 26.1 25.99 26.02 26.11 26.18 26.07 26.02 26.15 26.19 25.95 25.82 25.77 25.66 25.94 26.28 26.62 26.97 27.22 27.29 27.4 27.52 27.72 27.99 28.21 28.33 28.36 28.37 28.33 28.5 28.65 28.79 28.88 28.98 29.06 29.09 29.1 29.11 29.12 29.13 29.13 29.13 29.14 29.14 29.14 29.15 29.15 29.15 29.16 29.16 29.16 29.17 29.17 29.17 29.18 29.18 29.18 29.18 29.19 29.19 29.19 29.2 29.2 29.2 29.2 29.21 29.21 29.21 29.21 29.21 29.22 29.22
26.25 26.24 26.41 26.45 26.27 26.17 26.22 26.25 26.3 26.3 26.18 25.94 25.76 25.69 25.6 25.37 25.29 25.32 25.5 25.85 26.17 26.5 26.9 27.28 27.48 27.6 27.73 27.8 27.84 27.93 28.05 28.08 28.1 28.08 28.12 28.3 28.42 28.57 28.8 28.96 29.01 29.01 29.06 29.09 29.12 29.13 29.13 29.13 29.14 29.14 29.14 29.15 29.15 29.16 29.16 29.16 29.16 29.17 29.17 29.17 29.18 29.18 29.18 29.19 29.19 29.19 29.19 29.2 29.2 29.2 -9999 29.21 29.21 29.21 29.21 -9999 -9999
26.05 26.23 26.49 26.56 26.46 26.5 26.53 26.54 26.57 26.45 26.33 26.16 25.75 25.34 25.17 24.94 25.05 25.16 25.42 25.76 26.02 26.31 26.66 27.02 27.24 27.39 27.72 27.95 27.97 27.92 27.97 28 28.02 28.01 28.01 28.09 28.11 28.31 28.53 28.69 28.8 28.76 28.84 28.96 29.08 29.12 29.13 29.13 29.13 29.14 29.14 29.14 29.15 29.15 29.16 29.16 29.16 29.17 29.17 29.17 29.17 29.18 29.18 29.18 29.19 29.19 29.19 29.2 29.2 -9999 -9999 -9999 29.21 -9999 -9999 -9999 -9999
25.95 26.24 26.56 26.71 26.73 26.8 26.82 26.82 26.75 26.56 26.47 26.46 26.17 25.7 25.4 24.97 25.19 25.32 25.56 25.92 26.08 26.2 26.49 26.75 26.83 27.13 27.52 27.88 28.11 28.2 28.22 28.24 28.24 28.26 28.25 28.23 28.16 28.2 28.26 28.38 28.5 28.54 28.7 28.9 29.07 29.11 29.12 29.13 29.13 29.13 29.14 29.14 29.14 -9999 -9999 -9999 -9999 29.17 29.17 29.17 29.17 -9999 -9999 -9999 -9999 29.19 -9999 -9999 -9999 -9999 -9999 -9999 -9999 -9999 -9999 -9999 -9999
26.02 26.35 26.62 26.78 26.9 27 27.06 27.04 26.88 26.71 26.64 26.72 26.66 26.3 25.96 25.42 25.49 25.56 25.89 26.31 26.43 26.4 26.61 26.91 26.98 27.17 27.4 27.62 27.85 28.07 28.26 28.4 28.47 28.54 28.59 28.55 28.49 28.39 28.29 28.27 28.36 28.47 28.72 28.99 29.09 29.11 29.12 29.12 29.13 29.13 -9999 -9999 -9999 -9999 -9999 -9999 -9999 -9999 -9999 -9999 -9999 -9999 -9999 -9999 -9999 -9999 -9999 -9999 -9999 -9999 -9999 -9999 -9999 -9999 -9999 -9999 -9999
26.11 26.28 26.38 26.57 26.85 27.05 27.2 27.2 27.07 27.01 26.92 27.02 26.95 26.75 26.41 25.97 25.88 25.74 26.19 26.59 26.78 26.83 26.92 27.16 27.42 27.59 27.66 27.69 27.73 27.82 27.96 28.17 28.34 28.56 28.81 28.85 28.82 28.71 28.56 28.44 28.48 28.54 28.75 29.03 29.1 29.11 29.11 29.12 29.13 29.13 -9999 -9999 -9999 -9999 -9999 -9999 -9999 -9999 -9999 -9999 -9999 -9999 -9999 -9999 -9999 -9999 -9999 -9999 -9999 -9999 -9999 -9999 -9999 -9999 -9999 -9999 -9999
26.01 26.05 26.12 26.46 26.84 27.13 27.31 27.43 27.37 27.29 27.29 27.38 27.22 26.93 26.52 26.28 26.34 26.19 26.47 26.78 27.06 27.23 27.34 27.49 27.69 27.97 28.09 28.1 28.07 28.06 28.06 27.99 27.99 28.28 28.69 28.92 28.98 28.94 28.83 28.7 28.71 28.76 28.9 29.06 29.1 29.1 29.11 29.12 29.12 -9999 -9999 -9999 -9999 -9999 -9999 -9999 -9999 -9999 -9999 -9999 -9999 -9999 -9999 -9999 -9999 -9999 -9999 -9999 -9999 -9999 -9999 -9999 -9999 -9999 -9999 -9999 -9999
25.86 25.92 26.04 26.34 26.73 27.06 27.28 27.49 27.63 27.65 27.68 27.62 27.34 26.97 26.6 26.57 26.62 26.42 26.61 26.83 27.02 27.24 27.43 27.58 27.77 27.98 28.16 28.37 28.46 28.45 28.4 28.29 28.08 28.18 28.5 28.86 29.01 29.04 29.02 28.95 28.93 28.95 29.03 29.09 29.1 29.1 29.11 29.11 29.12 -9999 -9999 -9999 -9999 -9999 -9999 -9999 -9999 -9999 -9999 -9999 -9999 -9999 -9999 -9999 -9999 -9999 -9999 -9999 -9999 -9999 -9999 -9999 -9999 -9999 -9999 -9999 -9999
25.89 25.96 26.07 26.34 26.71 27.02 27.22 27.45 27.74 27.95 27.93 27.74 27.38 27.02 26.67 26.68 26.74 26.62 26.65 26.77 26.9 27.04 27.2 27.33 27.47 27.57 27.87 28.27 28.57 28.72 28.72 28.59 28.39 28.37 28.56 28.79 29 29.06 29.07 29.05 29.05 29.05 29.08 29.09 29.1 29.1 29.11 29.11 -9999 -9999 -9999 -9999 -9999 -9999 -9999 -9999 -9999 -9999 -9999 -9999 -9999 -9999 -9999 -9999 -9999 -9999 -9999 -9999 -9999 -9999 -9999 -9999 -9999 -9999 -9999 -9999 -9999
26.24 26.21 26.13 26.25 26.61 26.99 27.27 27.51 27.8 28.06 28 27.75 27.44 27.07 26.76 26.75 26.86 26.89 26.97 27.06 27.1 27.22 27.39 27.51 27.51 27.46 27.66 27.99 28.37 28.69 28.85 28.83 28.69 28.75 28.85 28.85 29 29.06 29.07 29.07 29.07 29.08 29.09 29.09 29.09 29.1 29.1 -9999 -9999 -9999 -9999 -9999 -9999 -9999 -9999 -9999 -9999 -9999 -9999 -9999 -9999 -9999 -9999 -9999 -9999 -9999 -9999 -9999 -9999 -9999 -9999 -9999 -9999 -9999 -9999 -9999 -9999
26.61 26.52 26.34 26.41 26.6 26.81 27.09 27.44 27.91 28.22 28.14 27.87 27.4 27.03 26.85 26.85 26.88 26.92 27.13 27.28 27.25 27.36 27.6 27.8 27.81 27.7 27.75 27.94 28.23 28.54 28.83 28.95 28.93 28.98 29.01 29.01 29.04 29.05 29.06 29.07 29.07 29.08 29.08 29.09 29.09 29.1 29.1 -9999 -9999 -9999 -9999 -9999 -9999 -9999 -9999 -9999 -9999 -9999 -9999 -9999 -9999 -9999 -9999 -9999 -9999 -9999 -9999 -9999 -9999 -9999 -9999 -9999 -9999 -9999 -9999 -9999 -9999
26.89 26.75 26.63 26.8 26.92 26.96 27.15 27.4 27.99 28.33 28.14 27.71 27.17 26.92 26.96 27.02 26.97 26.9 27.12 27.38 27.42 27.42 27.62 27.91 28.05 28.01 27.98 28.12 28.31 28.51 28.81 28.98 29.01 29.03 29.04 29.04 29.05 29.05 29.06 29.06 29.07 29.07 29.08 29.08 29.09 29.09 -9999 -9999 -9999 -9999 -9999 -9999 -9999 -9999 -9999 -9999 -9999 -9999 -9999 -9999 -9999 -9999 -9999 -9999 -9999 -9999 -9999 -9999 -9999 -9999 -9999 -9999 -9999 -9999 -9999 -9999 -9999
27.08 27.05 26.98 27.15 27.35 27.35 27.53 27.69 28.16 28.45 28.22 27.82 27.28 26.92 27 27.11 27.05 26.93 27.13 27.44 27.61 27.57 27.62 27.9 28.17 28.29 28.25 28.33 28.49 28.59 28.82 28.99 29.03 29.03 29.04 29.04 29.05 29.05 29.06 29.06 29.07 29.07 29.07 29.08 -9999 -9999 -9999 -9999 -9999 -9999 -9999 -9999 -9999 -9999 -9999 -9999 -9999 -9999 -9999 -9999 -9999 -9999 -9999 -9999 -9999 -9999 -9999 -9999 -9999 -9999 -9999 -9999 -9999 -9999 -9999 -9999 -9999
27.21 27.44 27.43 27.46 27.68 27.81 27.92 28.19 28.44 28.6 28.45 28.12 27.57 27.03 26.98 27.13 27.15 27.02 27.18 27.5 27.75 27.81 27.75 27.92 28.19 28.46 28.53 28.49 28.61 28.77 28.9 29 29.02 29.03 29.03 29.03 29.04 29.05 29.06 29.06 29.06 29.07 29.07 -9999 -9999 -9999 -9999 -9999 -9999 -9999 -9999 -9999 -9999 -9999 -9999 -9999 -9999 -9999 -9999 -9999 -9999 -9999 -9999 -9999 -9999 -9999 -9999 -9999 -9999 -9999 -9999 -9999 -9999 -9999 -9999 -9999 -9999
27.25 27.68 27.84 27.83 27.93 28.16 28.3 28.58 28.65 28.63 28.5 28.24 27.7 27.18 27.09 27.22 27.36 27.2 27.33 27.63 27.92 28.07 27.95 28 28.25 28.54 28.74 28.74 28.76 28.91 28.98 29.01 29.02 29.02 29.03 29.03 29.04 29.04 -9999 -9999 29.06 -9999 -9999 -9999 -9999 -9999 -9999 -9999 -9999 -9999 -9999 -9999 -9999 -9999 -9999 -9999 -9999 -9999 -9999 -9999 -9999 -9999 -9999 -9999 -9999 -9999 -9999 -9999 -9999 -9999 -9999 -9999 -9999 -9999 -9999 -9999 -9999
