ASPA-UH-SWB2_REPO/input/Gridded_temps/prism_tmin_tutuila_30yr_normal_03.asc
ncols         350
nrows         200
xllcorner     515000
yllcorner     8409000
cellsize      100
NODATA_value  -9999
[rows 35 to 69 of 200, columns 154 to 230 of 350]
-9999 -9999 -9999 -9999 -9999 -9999 -9999 -9999 -9999 -9999 -9999 -9999 -9999 -9999 -9999 -9999 -9999 -9999 -9999 -9999 -9999 -9999 -9999 -9999 -9999 -9999 -9999 -9999 -9999 -9999 25.14 25.14 25.14 25.14 25.14 25.14 25.14 25.14 25.14 25.14 25.15 25.15 25.15 25.14 25.08 24.93 24.49 24.21 24.48 24.83 25.06 25.14 25.15 25.15 25.15 25.15 25.15 25.15 25.15 25.15 25.15 25.15 25.15 25.15 25.15 -9999 -9999 -9999 -9999 25.16 25.16 -9999 -9999 -9999 -9999 -9999 -9999
-9999 -9999 -9999 -9999 -9999 -9999 -9999 -9999 -9999 -9999 -9999 -9999 -9999 -9999 -9999 -9999 -9999 -9999 -9999 -9999 -9999 -9999 -9999 -9999 -9999 -9999 -9999 -9999 -9999 -9999 25.14 25.14 25.14 25.14 25.14 25.14 25.14 25.14 25.14 25.14 25.14 25.14 25.14 25.1 24.91 24.57 24.39 24.32 24.62 24.96 25.12 25.15 25.15 25.15 25.15 25.15 25.15 25.15 25.15 25.15 25.15 25.15 25.15 25.15 25.15 25.15 -9999 -9999 25.16 25.16 25.16 25.16 -9999 -9999 -9999 -9999 -9999
-9999 -9999 -9999 -9999 -9999 -9999 -9999 -9999 -9999 -9999 -9999 -9999 -9999 -9999 -9999 -9999 -9999 -9999 -9999 -9999 -9999 -9999 -9999 -9999 -9999 -9999 -9999 -9999 -9999 25.14 25.14 25.14 25.14 25.14 25.14 25.14 25.14 25.13 25.11 25.1 25.12 25.1 25.07 24.99 24.86 24.79 24.78 24.8 24.92 25.08 25.14 25.15 25.15 25.15 25.15 25.15 25.15 25.15 25.15 25.15 25.15 25.15 25.15 25.15 25.15 25.15 -9999 25.15 25.16 25.16 25.16 25.16 25.16 -9999 -9999 -9999 -9999
-9999 -9999 -9999 -9999 -9999 -9999 -9999 -9999 -9999 -9999 -9999 -9999 -9999 -9999 -9999 -9999 -9999 -9999 -9999 -9999 -9999 -9999 -9999 -9999 -9999 25.14 25.14 -9999 25.14 25.14 25.14 25.14 25.14 25.14 25.14 25.14 25.14 25.09 24.98 24.94 24.97 24.86 24.74 24.73 24.91 25.03 25.06 25.07 25.1 25.14 25.15 25.15 25.15 25.15 25.15 25.15 25.15 25.15 25.15 25.15 25.15 25.14 25.14 25.15 25.15 25.15 25.15 25.15 25.15 25.15 25.16 25.16 25.16 25.16 -9999 -9999 25.16
-9999 -9999 -9999 -9999 -9999 -9999 -9999 -9999 -9999 -9999 -9999 -9999 -9999 -9999 -9999 -9999 -9999 -9999 -9999 -9999 -9999 -9999 -9999 -9999 25.13 25.14 25.14 25.14 25.14 25.14 25.14 25.14 25.13 25.12 25.13 25.14 25.13 25.05 24.82 24.64 24.56 24.48 24.22 24.4 24.82 25.04 25.11 25.13 25.14 25.15 25.15 25.15 25.15 25.15 25.15 25.14 25.14 25.15 25.15 25.14 25.11 25.08 25.12 25.14 25.15 25.15 25.15 25.15 25.15 25.15 25.15 25.16 25.16 25.16 25.16 25.16 25.16
-9999 -9999 -9999 -9999 -9999 -9999 -9999 -9999 -9999 -9999 -9999 -9999 -9999 -9999 -9999 -9999 -9999 -9999 -9999 -9999 -9999 -9999 -9999 25.13 25.13 25.13 25.13 25.13 25.13 25.13 25.13 25.12 25.07 25.02 25.05 25.1 25.09 25 24.75 24.41 24.18 24.07 23.93 24.2 24.7 25.03 25.12 25.14 25.14 25.14 25.14 25.15 25.15 25.14 25.11 25.06 25.04 25.1 25.11 25.07 25 24.96 25.08 25.14 25.15 25.15 25.15 25.15 25.15 25.15 25.15 25.15 25.15 25.16 25.16 25.16 25.16
-9999 -9999 -9999 -9999 -9999 -9999 -9999 -9999 -9999 -9999 -9999 -9999 -9999 -9999 -9999 -9999 -9999 -9999 -9999 -9999 -9999 -9999 25.13 25.13 25.13 25.13 25.13 25.13 25.13 25.13 25.1 25.04 24.91 24.81 24.87 24.97 24.93 24.82 24.63 24.23 23.98 24.07 24.21 24.48 24.86 25.07 25.13 25.14 25.14 25.14 25.14 25.14 25.13 25.11 24.99 24.83 24.81 24.95 24.98 24.85 24.74 24.81 25.06 25.14 25.15 25.15 25.15 25.15 25.15 25.13 25.11 25.15 25.15 25.15 25.16 25.16 25.16
-9999 -9999 -9999 -9999 -9999 -9999 -9999 -9999 -9999 -9999 -9999 -9999 -9999 -9999 -9999 -9999 -9999 25.13 25.13 25.13 25.13 25.13 25.13 25.13 25.13 25.13 25.13 25.13 25.13 25.12 25.07 24.92 24.72 24.58 24.66 24.77 24.64 24.41 24.27 24.06 24.04 24.38 24.67 24.88 25.04 25.11 25.13 25.14 25.14 25.14 25.14 25.13 25.1 25.01 24.8 24.57 24.6 24.74 24.67 24.5 24.5 24.74 25.04 25.14 25.15 25.15 25.15 25.15 25.13 25.07 25.02 25.12 25.15 25.15 25.15 25.16 25.16
-9999 -9999 -9999 -9999 -9999 -9999 -9999 -9999 -9999 -9999 -9999 -9999 -9999 -9999 -9999 25.12 25.13 25.13 25.13 25.13 25.13 25.13 25.13 25.13 25.13 25.13 25.13 25.13 25.13 25.13 25.08 24.92 24.64 24.43 24.46 24.58 24.4 23.98 23.82 23.93 24.14 24.5 24.8 25.01 25.09 25.12 25.13 25.14 25.14 25.14 25.14 25.11 24.99 24.8 24.57 24.34 24.37 24.46 24.32 24.22 24.37 24.72 25.02 25.13 25.15 25.15 25.14 25.12 25.09 25 24.99 25.12 25.15 25.15 25.15 25.15 25.15
-9999 -9999 -9999 -9999 -9999 -9999 -9999 -9999 -9999 -9999 -9999 -9999 -9999 -9999 25.12 25.12 25.12 25.12 25.12 25.12 25.12 25.12 25.12 25.13 25.12 25.11 25.07 25.1 25.13 25.13 25.11 25.02 24.75 24.41 24.29 24.38 24.27 23.97 23.94 24.16 24.41 24.63 24.83 25.02 25.1 25.11 25.11 25.13 25.13 25.13 25.12 25.06 24.84 24.57 24.35 24.13 24.09 24.13 24.05 24.08 24.36 24.73 25 25.12 25.15 25.13 25.05 24.97 24.95 24.97 25.07 25.14 25.15 25.15 25.15 25.15 25.15
-9999 -9999 -9999 -9999 -9999 -9999 -9999 -9999 -9999 -9999 -9999 -9999 -9999 25.12 25.12 25.12 25.12 25.12 25.12 25.12 25.12 25.12 25.12 25.12 25.11 25.05 24.87 24.99 25.1 25.13 25.13 25.09 24.88 24.45 24.16 24.17 24.16 24.17 24.32 24.45 24.54 24.61 24.74 24.99 25.08 25.06 25.07 25.09 25.1 25.12 25.11 25.04 24.83 24.6 24.35 24.04 23.85 23.82 23.84 24.04 24.41 24.75 24.98 25.1 25.13 25.08 24.9 24.71 24.77 24.98 25.12 25.15 25.15 25.15 25.15 25.15 25.15
-9999 -9999 -9999 -9999 -9999 -9999 -9999 -9999 -9999 -9999 -9999 -9999 -9999 25.12 25.12 25.12 25.12 25.12 25.11 25.11 25.11 25.11 25.09 25.09 25.07 24.95 24.69 24.79 25.02 25.1 25.12 25.09 24.88 24.43 24.05 23.99 24.06 24.19 24.33 24.37 24.36 24.4 24.63 24.94 24.99 24.93 24.97 25.02 25.04 25.1 25.1 25.06 24.93 24.74 24.46 24.08 23.74 23.57 23.64 24.01 24.41 24.71 24.88 25.04 25.1 25.02 24.78 24.56 24.72 25.02 25.14 25.15 25.15 25.15 25.15 25.15 25.15
-9999 -9999 -9999 -9999 -9999 -9999 -9999 -9999 -9999 -9999 -9999 -9999 25.12 25.12 25.12 25.12 25.12 25.1 25.05 25.04 25.05 25.02 24.92 24.91 24.94 24.68 24.49 24.53 24.79 25.01 25.06 25.04 24.75 24.33 23.99 23.87 23.94 24.1 24.17 24.11 24.11 24.3 24.65 24.88 24.8 24.67 24.85 24.9 24.95 25.06 25.09 25.06 24.99 24.81 24.54 24.22 23.83 23.51 23.51 23.84 24.22 24.47 24.7 24.93 25.04 24.94 24.68 24.55 24.77 25.05 25.14 25.15 25.15 25.15 25.15 25.15 25.15
-9999 -9999 -9999 -9999 -9999 -9999 -9999 -9999 -9999 -9999 -9999 25.11 25.11 25.11 25.11 25.12 25.11 25.01 24.7 24.65 24.68 24.71 24.6 24.61 24.72 24.44 24.23 24.21 24.42 24.73 24.83 24.78 24.62 24.36 24.14 23.97 23.97 24.03 24.01 23.91 23.96 24.21 24.59 24.76 24.51 24.48 24.73 24.74 24.81 24.99 25.04 25 24.95 24.83 24.63 24.34 23.9 23.49 23.41 23.61 23.88 24.24 24.58 24.86 24.97 24.87 24.59 24.49 24.72 25.03 25.13 25.15 25.15 25.15 25.15 25.15 25.15
-9999 -9999 -9999 -9999 -9999 -9999 -9999 25.11 -9999 -9999 25.11 25.11 25.11 25.11 25.11 25.11 25.11 25.02 24.64 24.32 24.32 24.43 24.46 24.44 24.52 24.3 24.02 23.99 24.04 24.3 24.42 24.31 24.3 24.29 24.15 23.98 23.93 23.92 23.85 23.77 23.82 24.05 24.45 24.52 24.22 24.3 24.59 24.56 24.65 24.89 24.96 24.9 24.85 24.77 24.6 24.39 24 23.56 23.34 23.43 23.71 24.15 24.57 24.8 24.83 24.69 24.44 24.44 24.77 25.06 25.14 25.15 25.15 25.13 25.12 25.11 25.11
-9999 -9999 -9999 -9999 -9999 -9999 25.11 25.11 25.11 25.11 25.11 25.11 25.11 25.11 25.11 25.11 25.11 25.02 24.61 24.23 24.14 24.2 24.27 24.27 24.3 24.14 23.88 23.84 23.85 24.03 24.11 23.95 23.92 23.97 23.89 23.83 23.78 23.73 23.65 23.59 23.71 23.97 24.3 24.25 23.98 24.1 24.36 24.38 24.47 24.72 24.82 24.79 24.71 24.6 24.32 24.12 23.84 23.47 23.2 23.26 23.58 24.1 24.52 24.64 24.6 24.39 24.21 24.41 24.8 25.07 25.15 25.15 25.14 25.07 24.96 24.9 24.93
-9999 -9999 -9999 -9999 -9999 25.11 25.11 25.11 25.11 25.11 25.11 25.11 25.11 25.11 25.11 25.11 25.06 24.87 24.38 24.12 24.03 24.02 24.05 24.09 24.12 24.01 23.76 23.71 23.72 23.81 23.88 23.75 23.67 23.72 23.71 23.69 23.63 23.52 23.41 23.44 23.64 23.88 24.09 23.95 23.8 23.92 24.06 24.16 24.28 24.46 24.57 24.64 24.53 24.39 24.03 23.7 23.5 23.27 23.08 23.2 23.5 23.99 24.34 24.34 24.26 24.04 24 24.35 24.78 25.07 25.15 25.15 25.13 25.02 24.76 24.59 24.64
-9999 -9999 -9999 -9999 25.11 25.11 25.11 25.11 25.11 25.11 25.11 25.11 25.11 25.11 25.11 25.1 25.02 24.57 24.14 23.99 23.92 23.84 23.82 23.89 23.96 23.89 23.68 23.59 23.61 23.64 23.71 23.61 23.46 23.5 23.57 23.56 23.48 23.35 23.25 23.38 23.6 23.8 23.85 23.69 23.59 23.68 23.77 23.91 24 24.09 24.18 24.41 24.28 23.98 23.69 23.41 23.24 23.06 23.04 23.23 23.43 23.64 23.86 23.86 23.81 23.72 23.92 24.37 24.8 25.06 25.14 25.15 25.13 25.04 24.83 24.6 24.44
-9999 -9999 -9999 -9999 25.1 25.1 25.1 25.1 25.1 25.1 25.1 25.1 25.1 25.1 25.1 25.08 24.99 24.38 23.95 23.87 23.82 23.72 23.65 23.7 23.83 23.79 23.65 23.53 23.51 23.5 23.56 23.52 23.33 23.34 23.46 23.43 23.34 23.24 23.15 23.32 23.53 23.7 23.68 23.5 23.39 23.5 23.64 23.74 23.74 23.75 23.76 24.06 23.99 23.55 23.36 23.27 23.14 22.97 23 23.15 23.27 23.37 23.36 23.32 23.35 23.65 24.1 24.5 24.85 25.06 25.13 25.14 25.12 25.03 24.85 24.61 24.29
-9999 -9999 -9999 25.1 25.1 25.1 25.1 25.1 25.1 25.09 25.08 25.09 25.1 25.1 25.09 25.03 24.83 24.28 23.83 23.75 23.72 23.64 23.57 23.56 23.67 23.68 23.59 23.47 23.4 23.36 23.38 23.39 23.23 23.2 23.35 23.34 23.22 23.12 23.07 23.25 23.44 23.56 23.52 23.37 23.26 23.41 23.53 23.57 23.53 23.46 23.45 23.7 23.67 23.33 23.12 23.08 23.05 22.91 22.92 23 23.11 23.18 23.1 23.1 23.34 23.81 24.26 24.6 24.89 25.05 25.11 25.12 25.1 25.04 24.88 24.6 24.18
-9999 25.1 25.1 25.1 25.1 25.1 25.08 25.06 25.07 25.05 24.99 25.04 25.09 25.1 25.06 24.88 24.5 24.16 23.79 23.66 23.63 23.57 23.51 23.44 23.52 23.55 23.47 23.4 23.31 23.2 23.17 23.23 23.13 23.04 23.2 23.25 23.11 22.97 22.99 23.17 23.31 23.38 23.35 23.27 23.16 23.29 23.36 23.34 23.32 23.19 23.21 23.41 23.44 23.19 22.94 22.92 22.94 22.81 22.75 22.8 22.92 22.99 22.91 23.01 23.39 23.91 24.33 24.64 24.87 25.01 25.08 25.08 25.03 24.94 24.81 24.55 24.11
25.09 25.09 25.09 25.09 25.09 25.08 25.01 24.89 24.9 24.96 24.87 24.96 25.05 25.05 25 24.6 24.18 23.97 23.73 23.61 23.56 23.48 23.44 23.37 23.4 23.44 23.35 23.28 23.24 23.09 23.01 23.1 23.06 22.9 23.02 23.07 22.9 22.8 22.88 23.03 23.12 23.18 23.18 23.14 23.01 23.1 23.2 23.16 23.15 23.03 23.05 23.17 23.2 23.05 22.84 22.76 22.8 22.69 22.63 22.69 22.74 22.77 22.74 22.96 23.42 23.95 24.35 24.63 24.81 24.92 25.02 25.05 24.98 24.83 24.65 24.44 24.13
25.09 25.09 25.09 25.09 25.09 25.07 24.95 24.73 24.62 24.72 24.73 24.82 24.85 24.73 24.5 24.12 23.82 23.75 23.59 23.47 23.44 23.39 23.35 23.3 23.27 23.31 23.22 23.14 23.11 23.03 22.94 23.01 22.96 22.77 22.8 22.84 22.62 22.51 22.67 22.83 22.99 23.09 23.1 23.05 22.94 22.96 23.05 23 22.98 22.89 22.84 22.89 22.96 22.83 22.69 22.67 22.74 22.74 22.8 22.87 22.76 22.73 22.75 22.97 23.48 23.96 24.27 24.5 24.64 24.73 24.87 24.97 24.99 24.9 24.73 24.55 24.38
25.09 25.09 25.09 25.09 25.09 25.07 24.97 24.74 24.54 24.46 24.44 24.45 24.37 24.16 23.94 23.68 23.5 23.55 23.46 23.29 23.26 23.27 23.21 23.18 23.1 23.12 23.07 22.97 22.92 22.84 22.77 22.86 22.79 22.54 22.51 22.58 22.59 22.66 22.92 23.21 23.44 23.57 23.6 23.58 23.37 23.15 22.98 22.86 22.84 22.74 22.63 22.63 22.69 22.66 22.71 22.94 23.14 23.22 23.27 23.38 23.28 23.07 22.97 23 23.42 23.82 24.05 24.21 24.3 24.4 24.61 24.82 24.95 24.94 24.83 24.69 24.52
25.08 25.08 25.08 25.08 25.08 25.05 24.95 24.7 24.47 24.26 24.11 24.05 23.96 23.77 23.6 23.44 23.31 23.35 23.35 23.16 23.08 23.11 23.03 23 22.91 22.88 22.86 22.74 22.63 22.52 22.49 22.58 22.54 22.28 22.47 22.79 23.04 23.23 23.57 23.91 24.1 24.19 24.2 24.23 24.05 23.84 23.59 23.39 23.25 22.93 22.62 22.54 22.63 22.79 22.96 23.4 23.74 23.84 23.84 23.99 23.95 23.75 23.41 23.22 23.33 23.51 23.68 23.8 23.93 24.13 24.43 24.69 24.88 24.87 24.7 24.55 24.36
25.08 25.08 25.08 25.08 25.05 24.94 24.78 24.58 24.38 24.18 23.97 23.81 23.68 23.5 23.36 23.32 23.25 23.24 23.2 23.06 22.98 23 23.01 22.96 22.82 22.72 22.7 22.7 22.68 22.65 22.59 22.5 22.39 22.52 22.91 23.35 23.64 23.85 24.09 24.34 24.5 24.58 24.57 24.57 24.47 24.35 24.21 24.07 23.89 23.6 23.12 22.73 22.82 23.05 23.29 23.74 24.19 24.31 24.33 24.39 24.35 24.21 23.94 23.78 23.66 23.52 23.45 23.59 23.87 24.2 24.47 24.67 24.83 24.78 24.52 24.27 24.06
25.08 25.08 25.05 25.01 24.98 24.83 24.61 24.44 24.27 24.07 23.86 23.68 23.52 23.44 23.5 23.68 23.82 23.74 23.51 23.25 23.33 23.56 23.73 23.62 23.33 23.06 23.02 23.02 23.03 23.06 23.03 22.87 22.79 23.06 23.4 23.78 24.17 24.35 24.47 24.66 24.79 24.85 24.86 24.85 24.78 24.69 24.59 24.47 24.31 24.11 23.72 23.3 23.16 23.51 23.8 24.06 24.42 24.6 24.66 24.66 24.61 24.5 24.35 24.23 24.11 23.95 23.75 23.69 23.9 24.13 24.31 24.54 24.74 24.76 24.52 24.17 23.96
25.07 25.05 24.97 24.83 24.76 24.69 24.5 24.3 24.08 23.9 23.75 23.65 23.61 23.78 24.1 24.23 24.27 24.22 24.09 23.84 23.91 24.15 24.27 24.21 23.88 23.63 23.67 23.54 23.55 23.67 23.68 23.53 23.45 23.73 24.01 24.2 24.5 24.67 24.78 24.9 24.98 25.03 25.04 25.04 25 24.93 24.85 24.74 24.6 24.42 24.21 24.02 23.87 24.05 24.36 24.5 24.68 24.8 24.86 24.85 24.8 24.72 24.61 24.5 24.39 24.24 24.05 23.82 23.68 23.81 24.01 24.28 24.56 24.69 24.63 24.4 24.2
25.06 25.02 24.89 24.7 24.56 24.52 24.41 24.18 23.92 23.74 23.78 23.95 24.08 24.23 24.41 24.5 24.53 24.51 24.46 24.39 24.42 24.52 24.56 24.5 24.22 24.2 24.28 24.21 24.2 24.25 24.3 24.23 24.16 24.29 24.44 24.58 24.8 24.9 24.99 25.04 25.07 25.08 25.09 25.09 25.08 25.06 25.02 24.95 24.84 24.72 24.6 24.51 24.44 24.49 24.68 24.8 24.9 24.97 25 24.99 24.94 24.86 24.77 24.67 24.54 24.38 24.16 23.91 23.42 23.32 23.64 24.03 24.32 24.55 24.61 24.56 24.43
25.05 24.96 24.79 24.63 24.48 24.36 24.26 24.09 23.82 23.74 24.01 24.3 24.42 24.49 24.61 24.69 24.72 24.72 24.74 24.74 24.74 24.77 24.77 24.74 24.63 24.62 24.62 24.61 24.62 24.64 24.65 24.63 24.64 24.69 24.74 24.87 24.99 25.04 25.07 25.09 25.09 25.1 25.1 25.1 25.1 25.1 25.09 25.06 25.02 24.96 24.89 24.83 24.79 24.79 24.91 24.99 25.04 25.06 25.07 25.05 25.01 24.91 24.83 24.71 24.55 24.37 24.09 23.71 22.97 22.61 23.11 23.67 24.07 24.38 24.45 24.49 24.46
25 24.88 24.72 24.57 24.41 24.22 24.08 23.97 23.76 23.86 24.23 24.49 24.61 24.68 24.76 24.83 24.86 24.89 24.91 24.93 24.93 24.93 24.93 24.92 24.9 24.88 24.87 24.87 24.88 24.88 24.88 24.89 24.9 24.92 24.95 25.02 25.06 25.08 25.09 25.09 25.09 25.09 25.1 25.1 25.1 25.1 25.1 25.1 25.09 25.08 25.06 25.03 25.01 25.02 25.05 25.08 25.09 25.09 25.09 25.07 25.02 24.9 24.79 24.61 24.39 24.21 23.99 23.46 22.6 22.34 22.87 23.45 23.96 24.18 24.2 24.28 24.29
24.87 24.75 24.62 24.49 24.35 24.16 23.94 23.79 23.69 23.94 24.34 24.59 24.73 24.83 24.9 24.94 24.96 24.98 25 25.01 25.02 25.03 25.03 25.02 25.02 25.02 25.01 25 25 25 25.01 25.01 25.02 25.03 25.04 25.07 25.08 25.08 25.09 25.09 25.09 25.09 25.09 25.09 25.1 25.1 25.1 25.1 25.1 25.1 25.1 25.09 25.09 25.1 25.1 25.11 25.11 25.1 25.09 25.07 25 24.85 24.69 24.4 24.09 23.85 23.68 23.22 22.5 22.26 22.78 23.33 23.69 23.81 23.86 23.97 24.04
24.72 24.61 24.51 24.37 24.23 24.08 23.84 23.63 23.62 23.96 24.36 24.63 24.81 24.92 24.98 25 25.01 25.02 25.03 25.04 25.05 25.06 25.06 25.06 25.06 25.06 25.06 25.05 25.05 25.05 25.06 25.06 25.06 25.06 25.07 25.08 25.08 25.08 25.08 25.08 25.09 25.09 25.09 25.09 25.09 25.09 25.1 25.1 25.1 25.1 25.1 25.1 25.1 25.11 25.11 25.11 25.11 25.11 25.09 25.02 24.83 24.62 24.44 24.08 23.77 23.44 23.13 22.73 22.3 22.27 22.71 23.1 23.15 23.23 23.41 23.66 23.86
24.65 24.49 24.35 24.23 24.1 23.93 23.73 23.53 23.57 23.95 24.37 24.67 24.86 24.97 25 25.02 25.02 25.02 25.03 25.04 25.05 25.05 25.06 25.06 25.06 25.06 25.06 25.06 25.06 25.06 25.07 25.07 25.07 25.07 25.07 25.07 25.08 25.08 25.08 25.08 25.08 25.08 25.09 25.09 25.09 25.09 25.09 25.09 25.1 25.1 25.1 25.1 25.1 25.1 25.11 25.11 25.11 25.11 25.06 24.89 24.55 24.26 24.08 23.74 23.38 22.97 22.64 22.43 22.3 22.34 22.6 22.72 22.65 22.87 23.25 23.57 23.79
24.53 24.4 24.22 24.05 23.92 23.78 23.58 23.42 23.6 24.02 24.43 24.72 24.9 24.98 25.01 25.01 25 24.98 24.99 25 25.03 25.04 25.04 25.05 25.05 25.05 25.06 25.06 25.06 25.06 25.06 25.06 25.07 25.07 25.07 25.07 25.07 25.07 25.08 25.08 25.08 25.08 25.08 25.08 25.09 25.09 25.09 25.09 25.09 25.1 25.1 25.1 25.1 25.1 25.1 25.11 25.11 25.1 25.01 24.72 24.4 24.12 23.9 23.61 23.26 22.85 22.63 22.71 22.77 22.66 22.5 22.47 22.56 23 23.39 23.58 23.69
