ASPA-UH-SWB2_REPO/input/Gridded_temps/prism_tmin_tutuila_30yr_normal_03.asc
ncols         350
nrows         200
xllcorner     515000
yllcorner     8409000
cellsize      100
NODATA_value  -9999
[rows 35 to 69 of 200, columns 231 to 307 of 350]
-9999 -9999 -9999 -9999 -9999 -9999 25.16 25.16 25.16 -9999 -9999 -9999 25.16 25.16 25.16 25.16 -9999 -9999 -9999 -9999 -9999 -9999 -9999 -9999 -9999 25.17 25.17 25.17 -9999 -9999 -9999 -9999 -9999 -9999 -9999 -9999 -9999 -9999 -9999 -9999 -9999 -9999 -9999 -9999 -9999 -9999 -9999 -9999 -9999 -9999 -9999 -9999 -9999 -9999 -9999 -9999 -9999 -9999 -9999 -9999 -9999 -9999 -9999 -9999 -9999 -9999 -9999 -9999 -9999 -9999 -9999 -9999 -9999 25.17 25.17 25.17 25.17
-9999 25.16 25.16 -9999 -9999 25.16 25.16 25.16 25.16 25.16 25.16 25.16 25.16 25.16 25.16 25.16 -9999 -9999 -9999 25.16 25.16 -9999 -9999 -9999 -9999 25.17 25.17 25.17 25.17 -9999 -9999 -9999 -9999 -9999 -9999 -9999 -9999 -9999 -9999 -9999 -9999 -9999 -9999 -9999 -9999 -9999 -9999 -9999 -9999 -9999 -9999 -9999 -9999 -9999 -9999 -9999 -9999 -9999 -9999 -9999 -9999 -9999 -9999 -9999 -9999 -9999 -9999 -9999 -9999 -9999 -9999 -9999 25.17 25.17 25.17 25.17 25.17
25.16 25.16 25.16 25.16 25.16 25.16 25.16 25.16 25.16 25.16 25.16 25.16 25.16 25.16 25.16 25.16 25.16 -9999 25.16 25.16 25.16 25.16 25.16 -9999 25.17 25.17 25.17 25.17 25.17 25.17 -9999 -9999 -9999 -9999 -9999 -9999 -9999 -9999 -9999 -9999 -9999 -9999 -9999 -9999 -9999 -9999 -9999 -9999 -9999 -9999 -9999 -9999 -9999 -9999 -9999 -9999 -9999 -9999 -9999 -9999 -9999 -9999 -9999 -9999 -9999 -9999 -9999 -9999 -9999 -9999 -9999 25.17 25.17 25.17 25.17 25.17 25.17
25.16 25.16 25.16 25.16 25.16 25.16 25.16 25.16 25.16 25.16 25.16 25.16 25.16 25.16 25.16 25.16 25.16 25.16 25.16 25.16 25.16 25.16 25.16 25.17 25.17 25.17 25.17 25.17 25.17 25.17 25.17 -9999 -9999 -9999 -9999 -9999 -9999 -9999 -9999 -9999 -9999 -9999 -9999 -9999 -9999 -9999 -9999 -9999 -9999 -9999 -9999 -9999 -9999 -9999 -9999 -9999 -9999 -9999 -9999 -9999 -9999 -9999 -9999 -9999 -9999 -9999 -9999 25.17 25.17 -9999 25.17 25.17 25.17 25.17 25.17 25.17 25.17
25.16 25.16 25.16 25.16 25.16 25.16 25.16 25.16 25.16 25.16 25.16 25.16 25.16 25.16 25.16 25.16 25.16 25.16 25.16 25.16 25.16 25.16 25.16 25.16 25.17 25.17 25.17 25.17 25.17 25.17 25.17 25.17 -9999 -9999 -9999 25.17 -9999 -9999 -9999 -9999 -9999 -9999 -9999 -9999 -9999 -9999 -9999 -9999 -9999 -9999 -9999 -9999 -9999 -9999 -9999 -9999 -9999 -9999 -9999 -9999 -9999 -9999 -9999 -9999 -9999 -9999 25.17 25.17 25.17 25.17 25.17 25.17 25.17 25.17 25.16 25.13 25.15
25.16 25.16 25.16 25.16 25.16 25.16 25.15 25.13 25.15 25.16 25.16 25.16 25.16 25.14 25.14 25.16 25.16 25.16 25.16 25.16 25.16 25.16 25.16 25.16 25.16 25.17 25.17 25.17 25.17 25.17 25.17 25.17 25.17 -9999 25.17 25.17 25.17 -9999 -9999 -9999 -9999 -9999 -9999 -9999 -9999 -9999 -9999 -9999 -9999 -9999 -9999 -9999 -9999 -9999 -9999 -9999 -9999 -9999 -9999 -9999 -9999 -9999 -9999 -9999 -9999 25.17 25.17 25.17 25.17 25.17 25.17 25.17 25.17 25.17 25.1 24.96 25.04
25.16 25.16 25.16 25.16 25.16 25.16 25.13 25.08 25.11 25.15 25.16 25.15 25.13 25.05 25.05 25.13 25.16 25.16 25.16 25.15 25.15 25.16 25.16 25.16 25.15 25.13 25.13 25.16 25.17 25.17 25.17 25.17 25.17 25.17 25.17 25.17 25.17 25.17 -9999 -9999 -9999 -9999 -9999 -9999 -9999 -9999 -9999 -9999 -9999 -9999 -9999 -9999 -9999 -9999 -9999 -9999 -9999 -9999 -9999 -9999 -9999 -9999 -9999 -9999 25.17 25.17 25.17 25.17 25.17 25.17 25.17 25.17 25.17 25.15 25.04 24.81 24.86
25.16 25.14 25.13 25.15 25.16 25.16 25.12 25.01 25.01 25.1 25.1 25.11 25.06 24.88 24.88 25.06 25.15 25.16 25.14 25.06 25.05 25.13 25.16 25.15 25.1 25.01 25.05 25.13 25.17 25.17 25.17 25.17 25.17 25.17 25.17 25.17 25.17 25.17 25.17 -9999 -9999 -9999 -9999 -9999 -9999 -9999 25.17 -9999 -9999 -9999 -9999 -9999 -9999 -9999 -9999 -9999 -9999 -9999 -9999 -9999 -9999 -9999 -9999 25.17 25.17 25.17 25.17 25.17 25.17 25.17 25.17 25.16 25.12 25.04 24.88 24.63 24.67
25.15 25.1 25.05 25.09 25.14 25.16 25.13 24.96 24.85 24.91 24.9 24.94 24.92 24.74 24.74 24.97 25.11 25.14 25.05 24.83 24.84 25.03 25.13 25.14 25.05 24.97 25.04 25.13 25.17 25.17 25.17 25.17 25.17 25.17 25.17 25.17 25.17 25.17 25.17 25.17 25.17 25.17 -9999 -9999 -9999 25.17 25.17 25.17 25.17 25.17 -9999 -9999 25.17 -9999 -9999 -9999 -9999 -9999 -9999 -9999 -9999 -9999 25.17 25.17 25.17 25.17 25.17 25.17 25.17 25.17 25.17 25.14 24.99 24.81 24.69 24.53 24.56
25.14 25.07 24.96 25.04 25.13 25.16 25.13 24.94 24.68 24.58 24.56 24.64 24.66 24.58 24.63 24.83 24.98 25.01 24.87 24.66 24.73 24.97 25.12 25.14 25.11 25.09 25.13 25.16 25.16 25.17 25.17 25.17 25.17 25.17 25.17 25.17 25.17 25.17 25.17 25.17 25.17 25.17 -9999 -9999 25.17 25.17 25.17 25.17 25.17 25.17 25.17 25.17 25.17 25.17 -9999 -9999 -9999 -9999 -9999 -9999 -9999 25.17 25.17 25.17 25.17 25.17 25.16 25.14 25.15 25.16 25.16 25.11 24.87 24.65 24.62 24.53 24.49
25.14 25.09 25 25.07 25.14 25.16 25.11 24.89 24.48 24.19 24.23 24.31 24.33 24.37 24.49 24.67 24.83 24.9 24.8 24.76 24.87 25.05 25.14 25.16 25.15 25.15 25.16 25.16 25.16 25.17 25.17 25.17 25.17 25.17 25.16 25.14 25.16 25.17 25.17 25.17 25.17 25.17 25.17 25.17 25.17 25.17 25.17 25.17 25.17 25.17 25.17 25.17 25.17 25.17 25.17 25.17 25.17 -9999 -9999 25.17 25.17 25.17 25.17 25.17 25.17 25.17 25.14 25.07 25.06 25.12 25.12 25.08 24.93 24.66 24.58 24.52 24.46
25.15 25.12 25 24.96 25.1 25.12 25.03 24.73 24.25 23.9 23.95 24 24.05 24.24 24.49 24.72 24.9 24.99 24.99 25.01 25.07 25.13 25.16 25.16 25.16 25.16 25.16 25.16 25.16 25.16 25.17 25.17 25.17 25.16 25.11 25.05 25.11 25.16 25.17 25.17 25.17 25.17 25.17 25.17 25.17 25.17 25.17 25.17 25.17 25.17 25.17 25.17 25.17 25.17 25.17 25.17 25.17 25.17 25.17 25.17 25.17 25.17 25.17 25.17 25.17 25.17 25.11 24.99 24.98 25.03 24.97 24.96 24.91 24.7 24.56 24.48 24.41
25.15 25.09 24.82 24.83 25.04 25.04 24.85 24.49 24.04 23.77 23.78 23.83 24 24.35 24.66 24.92 25.06 25.11 25.13 25.13 25.15 25.16 25.16 25.16 25.16 25.16 25.16 25.16 25.16 25.16 25.16 25.16 25.15 25.11 24.99 24.93 25.07 25.16 25.17 25.17 25.17 25.17 25.17 25.17 25.17 25.17 25.16 25.17 25.17 25.17 25.17 25.17 25.17 25.17 25.17 25.17 25.17 25.17 25.17 25.17 25.17 25.17 25.17 25.17 25.17 25.14 25.02 24.89 24.93 24.92 24.77 24.74 24.81 24.67 24.52 24.41 24.34
25.13 25.01 24.56 24.76 24.97 24.87 24.6 24.17 23.9 23.85 23.9 24.04 24.29 24.61 24.87 25.06 25.13 25.15 25.16 25.16 25.16 25.16 25.16 25.16 25.16 25.16 25.16 25.16 25.16 25.15 25.11 25.08 25.07 25.01 24.87 24.88 25.06 25.15 25.15 25.16 25.16 25.17 25.17 25.17 25.17 25.16 25.14 25.14 25.15 25.16 25.17 25.17 25.17 25.17 25.17 25.17 25.17 25.17 25.17 25.17 25.17 25.17 25.17 25.17 25.16 25.11 24.95 24.82 24.84 24.84 24.7 24.61 24.65 24.63 24.49 24.35 24.3
25.07 24.64 24.17 24.67 24.85 24.64 24.34 24.11 24.08 24.16 24.31 24.47 24.71 24.92 25.05 25.13 25.15 25.16 25.16 25.16 25.16 25.16 25.16 25.16 25.16 25.16 25.16 25.16 25.15 25.08 24.95 24.86 24.86 24.85 24.78 24.85 25.02 25.08 25.05 25.09 25.11 25.12 25.15 25.17 25.17 25.15 25.09 25.03 25.04 25.11 25.16 25.16 25.16 25.17 25.17 25.17 25.17 25.17 25.17 25.17 25.17 25.17 25.17 25.17 25.17 25.11 24.96 24.79 24.73 24.74 24.67 24.54 24.47 24.53 24.51 24.3 24.24
24.87 24.37 24.27 24.66 24.67 24.38 24.21 24.25 24.37 24.46 24.63 24.84 25 25.08 25.13 25.14 25.16 25.16 25.16 25.16 25.16 25.16 25.16 25.16 25.16 25.15 25.15 25.15 25.09 24.91 24.66 24.63 24.67 24.7 24.72 24.84 24.98 24.96 24.94 25.01 25.01 24.99 25.08 25.15 25.17 25.14 25.02 24.93 24.89 24.99 25.08 25.1 25.13 25.16 25.17 25.17 25.17 25.17 25.17 25.17 25.17 25.17 25.17 25.17 25.17 25.11 24.96 24.76 24.59 24.56 24.54 24.46 24.37 24.39 24.48 24.28 24.24
24.62 24.5 24.61 24.65 24.5 24.22 24.21 24.44 24.67 24.79 24.93 25.05 25.11 25.13 25.14 25.14 25.13 25.12 25.13 25.14 25.16 25.16 25.16 25.15 25.12 25.08 25.07 25.07 24.96 24.66 24.44 24.47 24.53 24.58 24.65 24.79 24.9 24.86 24.89 24.93 24.86 24.84 25 25.13 25.15 25.07 24.9 24.81 24.77 24.85 24.91 24.92 25.03 25.11 25.14 25.15 25.16 25.17 25.17 25.16 25.17 25.17 25.17 25.17 25.17 25.11 24.94 24.71 24.48 24.38 24.36 24.33 24.26 24.27 24.41 24.27 24.23
24.38 24.46 24.51 24.5 24.34 24.17 24.32 24.59 24.81 24.97 25.07 25.11 25.11 25.1 25.1 25.07 25 24.96 24.96 25.03 25.12 25.14 25.12 25.04 24.95 24.83 24.81 24.85 24.71 24.44 24.28 24.34 24.43 24.53 24.65 24.77 24.83 24.79 24.78 24.79 24.73 24.73 24.89 25.08 25.14 25.04 24.83 24.68 24.63 24.68 24.7 24.75 24.9 25.03 25.04 25.05 25.1 25.1 25.1 25.12 25.16 25.17 25.17 25.17 25.17 25.14 25.01 24.78 24.55 24.37 24.26 24.23 24.17 24.15 24.29 24.2 24.11
24.13 24.25 24.24 24.24 24.1 24.02 24.28 24.61 24.84 25 25.08 25.08 25 24.97 24.95 24.87 24.71 24.58 24.63 24.83 25.05 25.09 24.98 24.78 24.61 24.51 24.49 24.49 24.38 24.22 24.16 24.25 24.38 24.53 24.65 24.72 24.74 24.68 24.63 24.65 24.64 24.66 24.83 25.04 25.12 25.07 24.93 24.7 24.54 24.5 24.51 24.61 24.78 24.89 24.86 24.84 24.91 24.91 24.94 25.06 25.15 25.17 25.17 25.17 25.17 25.16 25.09 24.95 24.8 24.64 24.47 24.36 24.18 24.02 24.12 24.05 23.93
23.88 23.95 23.87 23.86 23.8 23.92 24.25 24.6 24.85 25.01 25.06 25.01 24.85 24.74 24.69 24.58 24.37 24.23 24.39 24.71 24.95 24.94 24.78 24.49 24.26 24.16 24.15 24.11 24.06 24.05 24.09 24.21 24.36 24.49 24.56 24.57 24.56 24.55 24.5 24.52 24.55 24.61 24.81 25.01 25.06 25.02 24.96 24.76 24.53 24.38 24.38 24.54 24.67 24.75 24.71 24.63 24.64 24.68 24.83 25.03 25.14 25.17 25.17 25.17 25.17 25.17 25.15 25.08 24.98 24.87 24.73 24.54 24.21 23.89 23.91 23.87 23.78
23.74 23.67 23.55 23.58 23.74 24.06 24.41 24.69 24.88 24.99 25 24.95 24.8 24.6 24.41 24.25 24.06 24.04 24.32 24.64 24.78 24.69 24.53 24.24 23.98 23.87 23.87 23.86 23.87 23.94 24.06 24.19 24.31 24.38 24.42 24.39 24.4 24.42 24.36 24.37 24.43 24.56 24.77 24.93 24.9 24.8 24.77 24.65 24.46 24.31 24.3 24.45 24.52 24.59 24.56 24.41 24.4 24.55 24.78 25.01 25.14 25.17 25.17 25.17 25.17 25.17 25.15 25.1 25.01 24.88 24.72 24.47 24.08 23.73 23.69 23.73 23.81
23.94 23.83 23.56 23.6 23.83 24.16 24.51 24.76 24.89 24.93 24.89 24.82 24.74 24.56 24.29 24 23.81 23.93 24.28 24.52 24.54 24.39 24.22 24.01 23.78 23.7 23.71 23.73 23.8 23.88 24 24.11 24.19 24.24 24.26 24.24 24.27 24.31 24.26 24.28 24.36 24.51 24.72 24.81 24.7 24.55 24.51 24.46 24.32 24.18 24.15 24.26 24.34 24.43 24.39 24.23 24.28 24.49 24.72 24.95 25.11 25.15 25.16 25.17 25.17 25.16 25.14 25.1 25.01 24.88 24.66 24.3 23.88 23.54 23.48 23.65 23.93
24.29 24.07 23.71 23.7 23.85 24.1 24.45 24.7 24.78 24.83 24.73 24.56 24.56 24.5 24.26 23.91 23.72 23.9 24.2 24.3 24.22 24.04 23.87 23.77 23.71 23.72 23.76 23.8 23.9 23.93 23.99 24.07 24.14 24.18 24.18 24.19 24.26 24.32 24.32 24.38 24.4 24.45 24.59 24.67 24.6 24.49 24.43 24.37 24.25 24.08 23.97 24.04 24.16 24.26 24.19 24.11 24.24 24.46 24.66 24.86 25.03 25.12 25.15 25.15 25.15 25.15 25.12 25.03 24.92 24.82 24.63 24.26 23.79 23.46 23.5 23.75 24
24.33 24.06 23.74 23.72 23.84 24 24.26 24.42 24.5 24.65 24.58 24.28 24.23 24.3 24.15 23.82 23.65 23.78 23.94 23.92 23.83 23.7 23.65 23.69 23.79 23.89 23.97 24 24.1 24.11 24.12 24.19 24.27 24.32 24.3 24.32 24.39 24.46 24.48 24.55 24.53 24.46 24.49 24.55 24.53 24.48 24.43 24.34 24.2 24.01 23.86 23.9 24.02 24.1 24.06 24.05 24.18 24.38 24.56 24.73 24.92 25.08 25.14 25.15 25.15 25.14 25.07 24.9 24.7 24.61 24.5 24.21 23.83 23.63 23.71 23.93 24.12
24.14 23.93 23.68 23.68 23.79 23.85 23.94 24.01 24.12 24.42 24.45 24.11 23.84 23.98 23.9 23.67 23.49 23.5 23.56 23.54 23.48 23.52 23.64 23.82 23.98 24.1 24.23 24.24 24.32 24.33 24.32 24.4 24.48 24.54 24.52 24.49 24.56 24.63 24.64 24.69 24.69 24.63 24.59 24.53 24.44 24.36 24.3 24.23 24.11 23.91 23.78 23.81 23.93 24.04 24.08 24.14 24.19 24.27 24.42 24.6 24.83 25.04 25.11 25.13 25.14 25.11 24.99 24.76 24.51 24.38 24.31 24.13 23.93 23.9 23.98 24.06 24.2
23.85 23.71 23.59 23.61 23.69 23.69 23.71 23.73 23.85 24.14 24.13 23.85 23.6 23.74 23.64 23.46 23.31 23.27 23.3 23.3 23.34 23.57 23.8 24.01 24.21 24.34 24.45 24.5 24.55 24.58 24.55 24.6 24.64 24.72 24.74 24.7 24.74 24.81 24.81 24.83 24.83 24.76 24.64 24.52 24.41 24.32 24.23 24.09 23.89 23.72 23.76 23.86 24 24.1 24.2 24.31 24.34 24.32 24.43 24.62 24.86 25.01 25.03 25.06 25.1 25.03 24.85 24.63 24.43 24.32 24.27 24.18 24.09 24.13 24.22 24.21 24.27
23.84 23.72 23.58 23.56 23.59 23.59 23.59 23.65 23.84 24.04 23.87 23.65 23.48 23.55 23.47 23.32 23.25 23.25 23.24 23.25 23.34 23.65 23.95 24.14 24.28 24.4 24.52 24.63 24.72 24.79 24.81 24.81 24.8 24.88 24.95 24.93 24.91 24.97 24.98 24.97 24.91 24.75 24.56 24.49 24.48 24.45 24.32 24.08 23.81 23.72 23.83 23.95 24.08 24.2 24.32 24.43 24.51 24.54 24.64 24.79 24.89 24.85 24.83 24.94 25.01 24.88 24.65 24.47 24.42 24.39 24.39 24.34 24.27 24.27 24.37 24.38 24.41
24.05 23.89 23.71 23.58 23.52 23.5 23.49 23.57 23.79 23.91 23.75 23.52 23.43 23.46 23.45 23.42 23.46 23.5 23.43 23.47 23.57 23.79 24.04 24.22 24.28 24.36 24.47 24.61 24.74 24.85 24.95 24.97 24.97 25.03 25.09 25.09 25.07 25.1 25.08 24.99 24.83 24.7 24.68 24.69 24.7 24.59 24.44 24.22 23.94 23.8 23.84 23.94 24.03 24.16 24.29 24.36 24.49 24.67 24.74 24.75 24.7 24.66 24.74 24.84 24.82 24.67 24.49 24.43 24.51 24.54 24.54 24.48 24.35 24.33 24.47 24.54 24.58
24.23 24.11 23.97 23.72 23.49 23.38 23.3 23.35 23.58 23.69 23.63 23.59 23.6 23.61 23.56 23.56 23.66 23.78 23.78 23.8 23.94 24.09 24.21 24.39 24.43 24.41 24.47 24.6 24.75 24.89 24.98 25.04 25.07 25.11 25.14 25.15 25.14 25.15 25.07 24.86 24.69 24.78 24.94 24.98 24.9 24.76 24.58 24.34 24.07 23.84 23.8 23.89 23.97 24.07 24.15 24.2 24.31 24.43 24.47 24.48 24.5 24.57 24.63 24.6 24.55 24.56 24.55 24.61 24.73 24.73 24.68 24.57 24.36 24.32 24.53 24.67 24.73
24.28 24.12 23.96 23.72 23.49 23.33 23.19 23.19 23.37 23.48 23.56 23.72 23.82 23.84 23.69 23.63 23.72 23.93 24.09 24.08 24.17 24.35 24.47 24.63 24.67 24.54 24.47 24.57 24.78 24.93 24.96 25.03 25.1 25.14 25.16 25.16 25.16 25.15 25.09 24.95 24.95 25.06 25.09 25.03 24.86 24.68 24.42 24.22 24.02 23.87 23.83 23.87 23.9 23.93 23.99 24.1 24.19 24.27 24.34 24.42 24.5 24.56 24.55 24.53 24.51 24.6 24.68 24.77 24.85 24.77 24.67 24.55 24.4 24.28 24.4 24.61 24.76
24.07 23.9 23.75 23.58 23.47 23.37 23.24 23.18 23.29 23.44 23.59 23.83 23.97 23.99 23.87 23.77 23.76 23.94 24.21 24.31 24.28 24.48 24.65 24.79 24.83 24.73 24.66 24.78 24.98 25.04 24.97 25 25.08 25.14 25.16 25.16 25.16 25.16 25.14 25.1 25.11 25.14 25.13 25.01 24.76 24.57 24.42 24.25 24.13 24.06 23.97 23.9 23.86 23.82 23.84 23.97 24.12 24.25 24.33 24.43 24.52 24.6 24.65 24.67 24.62 24.66 24.78 24.88 24.91 24.82 24.68 24.54 24.39 24.26 24.33 24.55 24.78
23.92 23.79 23.71 23.6 23.5 23.39 23.25 23.22 23.34 23.52 23.67 23.87 24.04 24.12 24.09 24.01 23.88 24.03 24.31 24.46 24.4 24.52 24.69 24.87 24.96 24.94 24.9 24.98 25.09 25.12 25.08 25.08 25.12 25.15 25.16 25.16 25.16 25.16 25.16 25.15 25.16 25.16 25.13 25.04 24.86 24.74 24.63 24.5 24.41 24.31 24.16 24.06 23.98 23.86 23.79 23.94 24.12 24.22 24.29 24.42 24.57 24.67 24.75 24.83 24.77 24.72 24.82 24.93 24.97 24.88 24.75 24.64 24.48 24.35 24.43 24.61 24.86
23.83 23.72 23.69 23.63 23.54 23.43 23.29 23.26 23.39 23.55 23.68 23.85 24.05 24.26 24.35 24.36 24.19 24.19 24.42 24.59 24.58 24.63 24.73 24.9 25.04 25.08 25.09 25.12 25.15 25.15 25.15 25.15 25.16 25.16 25.16 25.16 25.16 25.16 25.16 25.16 25.16 25.16 25.14 25.09 25.02 24.98 24.9 24.76 24.67 24.5 24.38 24.31 24.25 24.09 23.89 23.97 24.1 24.17 24.22 24.34 24.46 24.55 24.69 24.89 24.94 24.84 24.84 24.95 25.03 24.97 24.86 24.7 24.54 24.46 24.58 24.72 24.96
23.77 23.67 23.68 23.65 23.59 23.49 23.36 23.34 23.46 23.57 23.65 23.78 23.97 24.2 24.35 24.56 24.58 24.39 24.44 24.61 24.73 24.8 24.85 24.96 25.09 25.14 25.15 25.15 25.16 25.16 25.16 25.16 25.16 25.16 25.16 25.16 25.16 25.16 25.16 25.16 25.16 25.16 25.16 25.14 25.14 25.12 25.07 24.98 24.89 24.72 24.64 24.57 24.48 24.27 23.97 23.94 24.05 24.17 24.28 24.39 24.5 24.59 24.74 24.95 25.06 25.02 24.98 25.03 25.11 25.08 25.01 24.8 24.66 24.68 24.78 24.93 25.1
23.69 23.67 23.71 23.68 23.6 23.5 23.39 23.41 23.5 23.55 23.61 23.67 23.76 23.92 24.12 24.5 24.75 24.6 24.49 24.54 24.68 24.85 24.95 25 25.09 25.15 25.16 25.16 25.16 25.16 25.16 25.16 25.16 25.16 25.16 -9999 25.16 25.16 25.16 25.16 25.16 25.16 25.16 25.16 25.16 25.16 25.14 25.11 25.03 24.93 24.85 24.76 24.63 24.36 24.03 23.89 24.03 24.25 24.42 24.53 24.64 24.73 24.88 25.03 25.11 25.13 25.12 25.13 25.15 25.15 25.11 24.97 24.88 24.96 25 25.08 25.15
