ASPA-UH-SWB2_REPO/input/Gridded_temps/prism_tmin_tutuila_30yr_normal_05.asc
ncols         350
nrows         200
xllcorner     515000
yllcorner     8409000
cellsize      100
NODATA_value  -9999
[rows 34 to 67 of 200, columns 154 to 230 of 350]
-9999 -9999 -9999 -9999 -9999 -9999 -9999 -9999 -9999 -9999 -9999 -9999 -9999 -9999 -9999 -9999 -9999 -9999 -9999 -9999 -9999 -9999 -9999 -9999 -9999 -9999 -9999 -9999 -9999 -9999 -9999 -9999 25.09 25.09 25.09 25.09 25.09 25.09 25.09 25.09 25.09 25.09 25.09 25.09 25.09 25.05 24.94 24.6 24.36 24.51 24.86 25.06 25.1 25.1 25.1 25.1 25.1 25.1 25.1 25.1 25.1 25.1 25.1 25.1 -9999 -9999 -9999 -9999 -9999 -9999 -9999 -9999 -9999 -9999 -9999 -9999 -9999
-9999 -9999 -9999 -9999 -9999 -9999 -9999 -9999 -9999 -9999 -9999 -9999 -9999 -9999 -9999 -9999 -9999 -9999 -9999 -9999 -9999 -9999 -9999 -9999 -9999 -9999 -9999 -9999 -9999 -9999 25.09 25.09 25.09 25.09 25.09 25.09 25.09 25.09 25.09 25.09 25.09 25.09 25.09 25.08 25.03 24.87 24.43 24.16 24.43 24.77 25 25.09 25.1 25.1 25.1 25.1 25.1 25.1 25.1 25.1 25.1 25.1 25.1 25.1 25.1 -9999 -9999 -9999 -9999 25.1 25.1 -9999 -9999 -9999 -9999 -9999 -9999
-9999 -9999 -9999 -9999 -9999 -9999 -9999 -9999 -9999 -9999 -9999 -9999 -9999 -9999 -9999 -9999 -9999 -9999 -9999 -9999 -9999 -9999 -9999 -9999 -9999 -9999 -9999 -9999 -9999 -9999 25.09 25.09 25.09 25.09 25.09 25.09 25.09 25.09 25.09 25.09 25.09 25.09 25.08 25.04 24.86 24.52 24.33 24.26 24.56 24.91 25.06 25.1 25.1 25.1 25.1 25.1 25.1 25.1 25.1 25.1 25.1 25.1 25.1 25.1 25.1 25.1 -9999 -9999 25.1 25.1 25.1 25.1 -9999 -9999 -9999 -9999 -9999
-9999 -9999 -9999 -9999 -9999 -9999 -9999 -9999 -9999 -9999 -9999 -9999 -9999 -9999 -9999 -9999 -9999 -9999 -9999 -9999 -9999 -9999 -9999 -9999 -9999 -9999 -9999 -9999 -9999 25.08 25.09 25.09 25.09 25.09 25.09 25.09 25.09 25.08 25.05 25.05 25.07 25.04 25.01 24.94 24.8 24.74 24.72 24.75 24.87 25.02 25.08 25.09 25.09 25.1 25.1 25.1 25.1 25.1 25.1 25.1 25.1 25.1 25.1 25.1 25.1 25.1 -9999 25.1 25.1 25.1 25.1 25.1 25.1 -9999 -9999 -9999 -9999
-9999 -9999 -9999 -9999 -9999 -9999 -9999 -9999 -9999 -9999 -9999 -9999 -9999 -9999 -9999 -9999 -9999 -9999 -9999 -9999 -9999 -9999 -9999 -9999 -9999 25.08 25.08 -9999 25.08 25.08 25.08 25.08 25.08 25.08 25.09 25.09 25.09 25.04 24.93 24.89 24.92 24.81 24.69 24.68 24.85 24.98 25 25.02 25.04 25.08 25.09 25.09 25.09 25.09 25.09 25.1 25.1 25.1 25.1 25.1 25.1 25.08 25.09 25.1 25.1 25.1 25.1 25.1 25.1 25.1 25.1 25.1 25.1 25.1 -9999 -9999 25.11
-9999 -9999 -9999 -9999 -9999 -9999 -9999 -9999 -9999 -9999 -9999 -9999 -9999 -9999 -9999 -9999 -9999 -9999 -9999 -9999 -9999 -9999 -9999 -9999 25.08 25.08 25.08 25.08 25.08 25.08 25.08 25.08 25.07 25.06 25.07 25.08 25.07 25 24.76 24.59 24.51 24.43 24.17 24.35 24.76 24.99 25.06 25.08 25.09 25.09 25.09 25.09 25.09 25.09 25.09 25.08 25.08 25.09 25.1 25.09 25.06 25.03 25.07 25.09 25.1 25.1 25.1 25.1 25.1 25.1 25.1 25.1 25.1 25.1 25.1 25.1 25.11
-9999 -9999 -9999 -9999 -9999 -9999 -9999 -9999 -9999 -9999 -9999 -9999 -9999 -9999 -9999 -9999 -9999 -9999 -9999 -9999 -9999 -9999 -9999 25.08 25.08 25.08 25.08 25.08 25.08 25.08 25.08 25.06 25.02 24.97 24.99 25.04 25.04 24.95 24.69 24.35 24.12 24.02 23.88 24.15 24.64 24.98 25.06 25.09 25.09 25.09 25.09 25.09 25.09 25.09 25.05 25 24.99 25.05 25.06 25.01 24.94 24.9 25.03 25.09 25.1 25.1 25.1 25.1 25.1 25.1 25.1 25.1 25.1 25.1 25.1 25.1 25.1
-9999 -9999 -9999 -9999 -9999 -9999 -9999 -9999 -9999 -9999 -9999 -9999 -9999 -9999 -9999 -9999 -9999 -9999 -9999 -9999 -9999 -9999 25.08 25.08 25.08 25.08 25.08 25.08 25.08 25.08 25.05 24.99 24.86 24.75 24.82 24.92 24.88 24.77 24.57 24.18 23.92 24.02 24.16 24.43 24.8 25.02 25.08 25.09 25.09 25.09 25.09 25.09 25.08 25.06 24.94 24.78 24.76 24.9 24.92 24.79 24.69 24.76 25 25.09 25.1 25.1 25.1 25.1 25.1 25.08 25.06 25.1 25.1 25.1 25.1 25.1 25.1
-9999 -9999 -9999 -9999 -9999 -9999 -9999 -9999 -9999 -9999 -9999 -9999 -9999 -9999 -9999 -9999 -9999 25.07 25.07 25.07 25.07 25.07 25.07 25.07 25.08 25.08 25.08 25.08 25.08 25.07 25.01 24.86 24.66 24.53 24.6 24.72 24.59 24.36 24.22 24.01 23.99 24.32 24.62 24.82 24.98 25.06 25.08 25.09 25.09 25.09 25.09 25.08 25.05 24.96 24.75 24.52 24.55 24.69 24.61 24.45 24.44 24.68 24.98 25.08 25.1 25.1 25.1 25.1 25.08 25.02 24.97 25.07 25.1 25.1 25.1 25.1 25.1
-9999 -9999 -9999 -9999 -9999 -9999 -9999 -9999 -9999 -9999 -9999 -9999 -9999 -9999 -9999 25.07 25.07 25.07 25.07 25.07 25.07 25.07 25.07 25.07 25.07 25.07 25.07 25.07 25.07 25.07 25.02 24.86 24.58 24.38 24.41 24.53 24.35 23.93 23.77 23.88 24.09 24.44 24.75 24.96 25.04 25.06 25.08 25.09 25.09 25.09 25.09 25.06 24.94 24.75 24.52 24.29 24.32 24.41 24.26 24.17 24.32 24.67 24.96 25.08 25.1 25.1 25.08 25.07 25.04 24.95 24.94 25.07 25.1 25.1 25.1 25.1 25.1
-9999 -9999 -9999 -9999 -9999 -9999 -9999 -9999 -9999 -9999 -9999 -9999 -9999 -9999 25.07 25.07 25.07 25.07 25.07 25.07 25.07 25.07 25.07 25.07 25.07 25.05 25.01 25.05 25.07 25.07 25.05 24.96 24.7 24.36 24.23 24.33 24.22 23.92 23.88 24.11 24.35 24.58 24.78 24.96 25.04 25.06 25.06 25.07 25.08 25.08 25.07 25.01 24.78 24.52 24.29 24.08 24.04 24.08 24 24.03 24.31 24.68 24.95 25.07 25.09 25.07 24.99 24.91 24.9 24.92 25.02 25.09 25.1 25.1 25.1 25.1 25.1
-9999 -9999 -9999 -9999 -9999 -9999 -9999 -9999 -9999 -9999 -9999 -9999 -9999 25.06 25.07 25.07 25.07 25.07 25.07 25.07 25.07 25.07 25.07 25.07 25.06 24.99 24.82 24.94 25.04 25.07 25.07 25.03 24.83 24.4 24.1 24.11 24.11 24.12 24.26 24.39 24.48 24.56 24.68 24.93 25.02 25.01 25.01 25.04 25.05 25.07 25.06 24.98 24.77 24.55 24.3 23.99 23.8 23.76 23.78 23.99 24.36 24.7 24.93 25.05 25.08 25.02 24.84 24.65 24.72 24.93 25.07 25.1 25.1 25.1 25.1 25.1 25.1
-9999 -9999 -9999 -9999 -9999 -9999 -9999 -9999 -9999 -9999 -9999 -9999 -9999 25.06 25.06 25.06 25.06 25.06 25.06 25.06 25.06 25.05 25.04 25.04 25.02 24.89 24.63 24.73 24.96 25.04 25.06 25.03 24.83 24.38 23.99 23.93 24 24.14 24.28 24.31 24.3 24.34 24.58 24.88 24.94 24.87 24.92 24.96 24.99 25.04 25.05 25.01 24.87 24.69 24.41 24.03 23.69 23.52 23.59 23.96 24.36 24.65 24.82 24.98 25.05 24.97 24.72 24.51 24.66 24.96 25.09 25.1 25.1 25.1 25.1 25.1 25.1
-9999 -9999 -9999 -9999 -9999 -9999 -9999 -9999 -9999 -9999 -9999 -9999 25.06 25.06 25.06 25.06 25.06 25.04 24.99 24.99 24.99 24.97 24.86 24.86 24.88 24.62 24.43 24.47 24.73 24.95 25.01 24.98 24.7 24.28 23.94 23.81 23.89 24.04 24.12 24.05 24.05 24.24 24.59 24.82 24.74 24.62 24.79 24.85 24.9 25.01 25.03 25.01 24.93 24.75 24.48 24.16 23.78 23.46 23.45 23.78 24.16 24.42 24.64 24.88 24.99 24.89 24.63 24.5 24.72 24.99 25.09 25.1 25.1 25.1 25.1 25.1 25.1
-9999 -9999 -9999 -9999 -9999 -9999 -9999 -9999 -9999 -9999 -9999 25.06 25.06 25.06 25.06 25.06 25.05 24.95 24.64 24.59 24.62 24.65 24.54 24.56 24.66 24.38 24.17 24.16 24.36 24.67 24.78 24.73 24.57 24.3 24.09 23.92 23.91 23.97 23.95 23.85 23.9 24.16 24.53 24.7 24.47 24.42 24.68 24.69 24.75 24.94 24.99 24.95 24.9 24.77 24.58 24.29 23.84 23.43 23.35 23.56 23.83 24.19 24.53 24.81 24.91 24.81 24.53 24.43 24.67 24.98 25.08 25.1 25.1 25.1 25.1 25.1 25.1
-9999 -9999 -9999 -9999 -9999 -9999 -9999 25.06 -9999 -9999 25.06 25.06 25.06 25.06 25.06 25.06 25.05 24.97 24.58 24.26 24.26 24.37 24.4 24.39 24.47 24.25 23.96 23.93 23.99 24.25 24.37 24.25 24.24 24.24 24.09 23.92 23.87 23.86 23.79 23.71 23.77 24 24.4 24.47 24.17 24.25 24.54 24.51 24.6 24.83 24.91 24.84 24.8 24.71 24.55 24.33 23.94 23.51 23.29 23.38 23.66 24.1 24.51 24.75 24.78 24.63 24.39 24.39 24.72 25 25.09 25.1 25.1 25.08 25.07 25.06 25.06
-9999 -9999 -9999 -9999 -9999 -9999 25.05 25.05 25.05 25.05 25.05 25.05 25.05 25.05 25.05 25.05 25.05 24.96 24.55 24.17 24.08 24.15 24.21 24.21 24.25 24.09 23.82 23.78 23.79 23.97 24.05 23.9 23.87 23.91 23.84 23.78 23.73 23.68 23.6 23.54 23.66 23.92 24.24 24.2 23.93 24.05 24.3 24.32 24.42 24.67 24.77 24.73 24.65 24.54 24.27 24.06 23.79 23.42 23.15 23.21 23.53 24.04 24.46 24.59 24.55 24.33 24.15 24.36 24.75 25.02 25.09 25.09 25.08 25.02 24.91 24.85 24.87
-9999 -9999 -9999 -9999 -9999 25.05 25.05 25.05 25.05 25.05 25.05 25.05 25.05 25.05 25.05 25.05 25 24.81 24.32 24.06 23.97 23.96 23.99 24.03 24.06 23.96 23.7 23.65 23.67 23.75 23.82 23.69 23.61 23.66 23.65 23.64 23.58 23.47 23.36 23.38 23.58 23.83 24.03 23.89 23.75 23.87 24.01 24.1 24.23 24.41 24.51 24.58 24.47 24.34 23.97 23.64 23.45 23.22 23.03 23.15 23.45 23.94 24.29 24.28 24.21 23.99 23.96 24.29 24.73 25.01 25.09 25.09 25.07 24.96 24.71 24.54 24.59
-9999 -9999 -9999 -9999 25.05 25.05 25.05 25.05 25.05 25.05 25.05 25.05 25.05 25.05 25.05 25.05 24.97 24.51 24.08 23.93 23.86 23.79 23.76 23.83 23.91 23.84 23.63 23.53 23.55 23.58 23.65 23.55 23.41 23.44 23.51 23.5 23.43 23.29 23.19 23.32 23.54 23.74 23.8 23.64 23.53 23.63 23.72 23.86 23.95 24.04 24.13 24.35 24.23 23.92 23.63 23.36 23.19 23.01 22.99 23.17 23.38 23.58 23.8 23.8 23.76 23.67 23.87 24.31 24.74 25.01 25.08 25.09 25.08 24.99 24.78 24.55 24.39
-9999 -9999 -9999 -9999 25.05 25.04 25.04 25.04 25.04 25.04 25.04 25.04 25.04 25.04 25.05 25.03 24.93 24.32 23.9 23.81 23.76 23.66 23.59 23.65 23.77 23.73 23.59 23.47 23.45 23.45 23.51 23.46 23.27 23.28 23.4 23.37 23.29 23.18 23.1 23.26 23.47 23.64 23.63 23.44 23.33 23.44 23.58 23.68 23.69 23.7 23.71 24.01 23.94 23.5 23.3 23.21 23.09 22.92 22.95 23.1 23.21 23.32 23.31 23.26 23.3 23.6 24.05 24.45 24.8 25.01 25.07 25.08 25.06 24.98 24.8 24.55 24.24
-9999 -9999 -9999 25.04 25.04 25.04 25.04 25.04 25.04 25.03 25.02 25.03 25.04 25.04 25.03 24.97 24.77 24.22 23.78 23.69 23.66 23.58 23.51 23.5 23.61 23.62 23.53 23.41 23.35 23.31 23.33 23.33 23.18 23.14 23.3 23.28 23.16 23.06 23.01 23.19 23.39 23.51 23.47 23.31 23.21 23.36 23.48 23.51 23.47 23.4 23.39 23.65 23.62 23.27 23.06 23.03 23 22.86 22.86 22.95 23.05 23.12 23.05 23.04 23.28 23.76 24.21 24.55 24.83 25 25.05 25.06 25.04 24.98 24.83 24.55 24.13
-9999 25.04 25.04 25.04 25.04 25.04 25.03 25 25.01 24.99 24.93 24.98 25.03 25.04 25 24.82 24.44 24.1 23.74 23.6 23.57 23.51 23.45 23.38 23.46 23.49 23.41 23.34 23.26 23.15 23.11 23.17 23.08 22.98 23.15 23.19 23.05 22.91 22.93 23.11 23.25 23.33 23.3 23.21 23.11 23.23 23.31 23.29 23.26 23.13 23.15 23.36 23.38 23.13 22.89 22.86 22.89 22.75 22.69 22.75 22.87 22.93 22.85 22.95 23.34 23.86 24.28 24.59 24.82 24.95 25.03 25.03 24.98 24.89 24.76 24.5 24.06
25.03 25.03 25.03 25.03 25.03 25.02 24.96 24.83 24.84 24.9 24.81 24.9 24.99 24.99 24.94 24.54 24.12 23.92 23.67 23.55 23.5 23.42 23.38 23.31 23.35 23.38 23.29 23.22 23.18 23.04 22.95 23.05 23 22.85 22.96 23.01 22.85 22.74 22.82 22.97 23.06 23.12 23.12 23.08 22.95 23.05 23.14 23.1 23.09 22.97 22.99 23.11 23.14 23 22.79 22.71 22.75 22.63 22.58 22.64 22.69 22.71 22.68 22.9 23.37 23.89 24.3 24.58 24.76 24.87 24.97 25 24.93 24.78 24.6 24.39 24.08
25.03 25.03 25.03 25.03 25.03 25.01 24.89 24.67 24.56 24.66 24.67 24.76 24.79 24.67 24.44 24.06 23.76 23.69 23.53 23.41 23.39 23.33 23.29 23.24 23.21 23.26 23.16 23.08 23.06 22.97 22.88 22.96 22.9 22.72 22.74 22.78 22.56 22.45 22.61 22.77 22.93 23.04 23.04 22.97 22.88 22.9 22.99 22.94 22.92 22.83 22.78 22.83 22.9 22.78 22.64 22.61 22.69 22.69 22.75 22.81 22.71 22.67 22.69 22.92 23.43 23.9 24.21 24.44 24.58 24.67 24.81 24.92 24.94 24.84 24.68 24.5 24.32
25.03 25.03 25.03 25.03 25.03 25.01 24.91 24.68 24.48 24.4 24.38 24.39 24.31 24.1 23.88 23.62 23.44 23.49 23.4 23.23 23.2 23.21 23.16 23.12 23.04 23.06 23.01 22.91 22.86 22.78 22.71 22.8 22.74 22.48 22.45 22.52 22.54 22.6 22.86 23.15 23.38 23.52 23.55 23.52 23.31 23.09 22.93 22.8 22.78 22.68 22.57 22.57 22.63 22.61 22.66 22.89 23.08 23.16 23.21 23.32 23.23 23.02 22.92 22.94 23.37 23.76 23.99 24.15 24.24 24.34 24.56 24.77 24.9 24.88 24.77 24.63 24.46
25.02 25.02 25.02 25.02 25.02 24.99 24.89 24.64 24.41 24.2 24.05 23.99 23.9 23.71 23.54 23.38 23.25 23.29 23.29 23.11 23.03 23.05 22.97 22.94 22.85 22.82 22.8 22.68 22.57 22.46 22.43 22.52 22.48 22.22 22.42 22.74 22.98 23.17 23.51 23.85 24.04 24.13 24.14 24.17 23.99 23.78 23.53 23.33 23.19 22.88 22.57 22.48 22.58 22.73 22.91 23.34 23.68 23.78 23.79 23.93 23.89 23.7 23.35 23.16 23.28 23.46 23.62 23.75 23.87 24.07 24.38 24.64 24.82 24.82 24.65 24.5 24.31
25.02 25.02 25.02 25.02 24.99 24.88 24.72 24.52 24.32 24.12 23.91 23.75 23.62 23.44 23.3 23.26 23.19 23.17 23.14 23 22.92 22.94 22.95 22.9 22.76 22.66 22.64 22.64 22.62 22.59 22.53 22.44 22.33 22.47 22.85 23.29 23.58 23.79 24.04 24.28 24.44 24.53 24.51 24.51 24.41 24.29 24.15 24.01 23.84 23.54 23.07 22.67 22.77 22.99 23.24 23.69 24.13 24.25 24.28 24.34 24.29 24.16 23.88 23.72 23.61 23.46 23.4 23.54 23.82 24.14 24.42 24.62 24.77 24.73 24.46 24.21 24.01
25.02 25.02 24.99 24.95 24.92 24.77 24.55 24.38 24.21 24.01 23.8 23.62 23.46 23.38 23.44 23.62 23.76 23.68 23.45 23.19 23.27 23.5 23.67 23.55 23.27 23 22.96 22.96 22.97 23 22.97 22.81 22.73 23 23.35 23.72 24.11 24.29 24.42 24.61 24.73 24.79 24.8 24.79 24.73 24.63 24.53 24.41 24.25 24.05 23.66 23.25 23.1 23.45 23.74 24 24.36 24.55 24.61 24.61 24.55 24.44 24.29 24.18 24.06 23.89 23.7 23.64 23.84 24.08 24.26 24.49 24.69 24.71 24.46 24.12 23.91
25.01 24.99 24.91 24.77 24.7 24.63 24.44 24.24 24.02 23.84 23.69 23.59 23.55 23.72 24.04 24.17 24.21 24.15 24.03 23.77 23.85 24.09 24.21 24.15 23.82 23.57 23.61 23.48 23.49 23.61 23.62 23.47 23.39 23.67 23.95 24.14 24.44 24.61 24.72 24.85 24.92 24.97 24.98 24.98 24.94 24.88 24.79 24.69 24.55 24.36 24.15 23.96 23.82 23.99 24.3 24.44 24.62 24.75 24.81 24.8 24.74 24.66 24.55 24.45 24.34 24.19 23.99 23.77 23.62 23.76 23.96 24.23 24.51 24.64 24.57 24.34 24.15
25 24.95 24.82 24.63 24.5 24.46 24.35 24.12 23.86 23.68 23.72 23.89 24.02 24.17 24.35 24.44 24.47 24.44 24.39 24.32 24.36 24.46 24.5 24.44 24.16 24.14 24.22 24.15 24.14 24.19 24.24 24.17 24.1 24.23 24.38 24.52 24.74 24.84 24.93 24.98 25.01 25.03 25.03 25.03 25.02 25 24.96 24.89 24.78 24.66 24.54 24.45 24.39 24.44 24.63 24.74 24.84 24.91 24.94 24.93 24.88 24.8 24.71 24.61 24.49 24.33 24.11 23.85 23.36 23.26 23.59 23.97 24.26 24.5 24.56 24.51 24.37
24.98 24.89 24.73 24.57 24.41 24.3 24.2 24.03 23.76 23.68 23.95 24.24 24.36 24.43 24.55 24.63 24.66 24.66 24.68 24.68 24.68 24.7 24.71 24.68 24.57 24.56 24.56 24.55 24.56 24.58 24.59 24.57 24.58 24.63 24.68 24.81 24.93 24.98 25.01 25.03 25.03 25.04 25.04 25.04 25.04 25.04 25.03 25.01 24.96 24.9 24.83 24.77 24.74 24.74 24.85 24.93 24.98 25 25.01 25 24.95 24.85 24.77 24.65 24.5 24.32 24.04 23.65 22.91 22.55 23.06 23.61 24.02 24.33 24.4 24.44 24.4
24.94 24.82 24.66 24.51 24.35 24.16 24.02 23.91 23.7 23.8 24.17 24.43 24.55 24.62 24.7 24.77 24.8 24.82 24.85 24.86 24.86 24.87 24.87 24.86 24.84 24.82 24.81 24.81 24.81 24.82 24.82 24.83 24.84 24.86 24.89 24.96 25 25.02 25.03 25.03 25.03 25.03 25.04 25.04 25.04 25.04 25.04 25.04 25.03 25.02 25.01 24.97 24.96 24.96 25 25.02 25.04 25.04 25.03 25.02 24.96 24.84 24.73 24.56 24.34 24.15 23.94 23.4 22.55 22.28 22.81 23.4 23.91 24.13 24.15 24.23 24.23
24.81 24.69 24.56 24.42 24.28 24.1 23.88 23.73 23.63 23.88 24.27 24.53 24.67 24.76 24.83 24.87 24.9 24.92 24.94 24.95 24.96 24.96 24.96 24.96 24.96 24.95 24.94 24.94 24.94 24.94 24.94 24.95 24.96 24.97 24.98 25.01 25.02 25.02 25.03 25.03 25.03 25.03 25.03 25.04 25.04 25.04 25.04 25.04 25.04 25.04 25.04 25.04 25.04 25.04 25.05 25.05 25.05 25.05 25.04 25.01 24.94 24.79 24.63 24.34 24.03 23.8 23.63 23.17 22.44 22.2 22.72 23.28 23.64 23.76 23.8 23.92 23.98
24.66 24.54 24.44 24.31 24.16 24.01 23.77 23.57 23.55 23.9 24.3 24.57 24.75 24.86 24.91 24.94 24.95 24.96 24.97 24.98 24.99 24.99 24.99 25 25 25 24.99 24.99 24.99 24.99 24.99 25 25 25 25.01 25.02 25.02 25.02 25.02 25.02 25.03 25.03 25.03 25.03 25.03 25.04 25.04 25.04 25.04 25.04 25.04 25.04 25.05 25.05 25.05 25.05 25.05 25.05 25.04 24.96 24.77 24.56 24.39 24.02 23.72 23.38 23.07 22.67 22.24 22.21 22.65 23.04 23.1 23.18 23.35 23.6 23.8
