ASPA-UH-SWB2_REPO/input/Gridded_temps/prism_tmax_tutuila_30yr_normal_12.asc
ncols         350
nrows         200
xllcorner     515000
yllcorner     8409000
cellsize      100
NODATA_value  -9999
[rows 34 to 67 of 200, columns 154 to 230 of 350]
-9999 -9999 -9999 -9999 -9999 -9999 -9999 -9999 -9999 -9999 -9999 -9999 -9999 -9999 -9999 -9999 -9999 -9999 -9999 -9999 -9999 -9999 -9999 -9999 -9999 -9999 -9999 -9999 -9999 -9999 -9999 -9999 31.13 31.13 31.13 31.13 31.13 31.14 31.14 31.14 31.14 31.14 31.14 31.14 31.13 31.09 30.96 30.55 30.26 30.46 30.87 31.09 31.14 31.14 31.14 31.15 31.15 31.15 31.15 31.15 31.15 31.15 31.15 31.15 -9999 -9999 -9999 -9999 -9999 -9999 -9999 -9999 -9999 -9999 -9999 -9999 -9999
-9999 -9999 -9999 -9999 -9999 -9999 -9999 -9999 -9999 -9999 -9999 -9999 -9999 -9999 -9999 -9999 -9999 -9999 -9999 -9999 -9999 -9999 -9999 -9999 -9999 -9999 -9999 -9999 -9999 -9999 31.13 31.13 31.13 31.13 31.13 31.13 31.13 31.13 31.13 31.14 31.14 31.14 31.14 31.13 31.07 30.88 30.37 30.05 30.36 30.77 31.03 31.13 31.14 31.14 31.14 31.14 31.14 31.15 31.15 31.15 31.15 31.15 31.15 31.15 31.15 -9999 -9999 -9999 -9999 31.15 31.15 -9999 -9999 -9999 -9999 -9999 -9999
-9999 -9999 -9999 -9999 -9999 -9999 -9999 -9999 -9999 -9999 -9999 -9999 -9999 -9999 -9999 -9999 -9999 -9999 -9999 -9999 -9999 -9999 -9999 -9999 -9999 -9999 -9999 -9999 -9999 -9999 31.13 31.13 31.13 31.13 31.13 31.13 31.13 31.13 31.13 31.13 31.13 31.13 31.13 31.08 30.87 30.47 30.25 30.16 30.51 30.92 31.1 31.14 31.14 31.14 31.14 31.14 31.14 31.14 31.14 31.15 31.15 31.15 31.15 31.15 31.15 31.15 -9999 -9999 31.15 31.15 31.15 31.15 -9999 -9999 -9999 -9999 -9999
-9999 -9999 -9999 -9999 -9999 -9999 -9999 -9999 -9999 -9999 -9999 -9999 -9999 -9999 -9999 -9999 -9999 -9999 -9999 -9999 -9999 -9999 -9999 -9999 -9999 -9999 -9999 -9999 -9999 31.13 31.13 31.13 31.13 31.13 31.13 31.13 31.13 31.12 31.09 31.09 31.1 31.08 31.05 30.96 30.79 30.73 30.72 30.74 30.87 31.05 31.13 31.14 31.14 31.14 31.14 31.14 31.14 31.14 31.14 31.14 31.15 31.15 31.15 31.15 31.15 31.15 -9999 31.15 31.15 31.15 31.15 31.15 31.15 -9999 -9999 -9999 -9999
-9999 -9999 -9999 -9999 -9999 -9999 -9999 -9999 -9999 -9999 -9999 -9999 -9999 -9999 -9999 -9999 -9999 -9999 -9999 -9999 -9999 -9999 -9999 -9999 -9999 31.12 31.12 -9999 31.12 31.12 31.13 31.13 31.13 31.13 31.13 31.13 31.13 31.08 30.93 30.89 30.94 30.8 30.67 30.65 30.87 31 31.03 31.05 31.08 31.13 31.14 31.14 31.14 31.14 31.14 31.14 31.14 31.14 31.14 31.14 31.14 31.13 31.14 31.15 31.15 31.15 31.15 31.15 31.15 31.15 31.15 31.15 31.15 31.15 -9999 -9999 31.15
-9999 -9999 -9999 -9999 -9999 -9999 -9999 -9999 -9999 -9999 -9999 -9999 -9999 -9999 -9999 -9999 -9999 -9999 -9999 -9999 -9999 -9999 -9999 -9999 31.12 31.12 31.12 31.12 31.12 31.12 31.12 31.12 31.11 31.11 31.11 31.13 31.12 31.02 30.74 30.54 30.46 30.36 30.06 30.27 30.76 31.02 31.1 31.12 31.13 31.14 31.14 31.14 31.14 31.14 31.14 31.13 31.13 31.14 31.14 31.13 31.1 31.06 31.11 31.14 31.15 31.15 31.15 31.15 31.15 31.15 31.15 31.15 31.15 31.15 31.15 31.15 31.15
-9999 -9999 -9999 -9999 -9999 -9999 -9999 -9999 -9999 -9999 -9999 -9999 -9999 -9999 -9999 -9999 -9999 -9999 -9999 -9999 -9999 -9999 -9999 31.12 31.12 31.12 31.12 31.12 31.12 31.12 31.12 31.1 31.05 31 31.03 31.08 31.08 30.97 30.67 30.27 30 29.87 29.72 30.04 30.61 31 31.1 31.13 31.13 31.13 31.13 31.14 31.14 31.13 31.09 31.03 31.02 31.08 31.1 31.04 30.96 30.91 31.06 31.13 31.14 31.15 31.15 31.15 31.15 31.15 31.15 31.15 31.15 31.15 31.15 31.15 31.15
-9999 -9999 -9999 -9999 -9999 -9999 -9999 -9999 -9999 -9999 -9999 -9999 -9999 -9999 -9999 -9999 -9999 -9999 -9999 -9999 -9999 -9999 31.12 31.12 31.12 31.12 31.12 31.12 31.12 31.12 31.09 31.01 30.86 30.74 30.82 30.93 30.89 30.76 30.53 30.07 29.74 29.87 30.05 30.36 30.8 31.05 31.11 31.13 31.13 31.13 31.13 31.13 31.12 31.09 30.96 30.76 30.74 30.92 30.94 30.78 30.67 30.74 31.04 31.13 31.14 31.14 31.14 31.15 31.15 31.13 31.11 31.14 31.15 31.15 31.15 31.15 31.15
-9999 -9999 -9999 -9999 -9999 -9999 -9999 -9999 -9999 -9999 -9999 -9999 -9999 -9999 -9999 -9999 -9999 31.11 31.11 31.11 31.11 31.11 31.11 31.11 31.11 31.11 31.12 31.12 31.12 31.11 31.05 30.87 30.63 30.47 30.56 30.7 30.55 30.28 30.12 29.86 29.84 30.25 30.59 30.83 31.02 31.09 31.12 31.13 31.13 31.13 31.13 31.12 31.08 30.98 30.73 30.46 30.5 30.68 30.58 30.38 30.37 30.66 31.02 31.12 31.14 31.14 31.14 31.14 31.13 31.05 30.99 31.11 31.15 31.15 31.15 31.15 31.15
-9999 -9999 -9999 -9999 -9999 -9999 -9999 -9999 -9999 -9999 -9999 -9999 -9999 -9999 -9999 31.11 31.11 31.11 31.11 31.11 31.11 31.11 31.11 31.11 31.11 31.11 31.1 31.11 31.11 31.11 31.05 30.86 30.54 30.3 30.33 30.48 30.27 29.78 29.6 29.71 29.96 30.39 30.74 30.98 31.07 31.1 31.12 31.13 31.13 31.13 31.13 31.09 30.96 30.73 30.47 30.2 30.23 30.35 30.17 30.06 30.23 30.65 30.99 31.12 31.14 31.14 31.13 31.11 31.07 30.96 30.95 31.11 31.15 31.15 31.15 31.15 31.15
-9999 -9999 -9999 -9999 -9999 -9999 -9999 -9999 -9999 -9999 -9999 -9999 -9999 -9999 31.1 31.1 31.1 31.1 31.1 31.11 31.11 31.11 31.11 31.11 31.1 31.09 31.04 31.08 31.11 31.11 31.09 30.99 30.68 30.27 30.13 30.25 30.12 29.76 29.72 29.99 30.28 30.54 30.76 30.99 31.08 31.09 31.1 31.11 31.12 31.12 31.11 31.03 30.78 30.46 30.2 29.95 29.91 29.95 29.86 29.89 30.22 30.66 30.97 31.11 31.14 31.12 31.03 30.93 30.91 30.93 31.05 31.13 31.15 31.15 31.15 31.15 31.15
-9999 -9999 -9999 -9999 -9999 -9999 -9999 -9999 -9999 -9999 -9999 -9999 -9999 31.1 31.1 31.1 31.1 31.1 31.1 31.1 31.1 31.1 31.1 31.1 31.09 31.01 30.79 30.95 31.07 31.11 31.11 31.06 30.84 30.32 29.97 29.99 29.98 30 30.17 30.33 30.43 30.51 30.66 30.95 31.06 31.04 31.04 31.07 31.09 31.1 31.09 31.01 30.77 30.5 30.2 29.84 29.62 29.59 29.61 29.85 30.29 30.68 30.94 31.09 31.12 31.06 30.85 30.62 30.69 30.94 31.11 31.14 31.15 31.15 31.15 31.15 31.15
-9999 -9999 -9999 -9999 -9999 -9999 -9999 -9999 -9999 -9999 -9999 -9999 -9999 31.1 31.1 31.1 31.1 31.1 31.09 31.09 31.09 31.09 31.07 31.06 31.05 30.92 30.58 30.71 30.99 31.08 31.1 31.06 30.83 30.3 29.85 29.78 29.86 30.02 30.19 30.23 30.21 30.25 30.53 30.89 30.96 30.87 30.92 30.98 31.02 31.08 31.09 31.04 30.89 30.67 30.34 29.89 29.48 29.29 29.37 29.81 30.3 30.63 30.82 31 31.08 31 30.71 30.45 30.64 30.99 31.13 31.14 31.14 31.15 31.15 31.15 31.15
-9999 -9999 -9999 -9999 -9999 -9999 -9999 -9999 -9999 -9999 -9999 -9999 31.09 31.1 31.1 31.1 31.1 31.08 31.02 31.02 31.02 31 30.86 30.86 30.9 30.59 30.36 30.4 30.72 30.98 31.04 31.01 30.67 30.18 29.79 29.63 29.72 29.91 30 29.91 29.91 30.13 30.56 30.83 30.73 30.56 30.79 30.85 30.91 31.04 31.07 31.04 30.95 30.74 30.43 30.05 29.6 29.23 29.22 29.61 30.06 30.35 30.61 30.88 31.01 30.9 30.59 30.44 30.7 31.01 31.13 31.14 31.14 31.14 31.14 31.15 31.15
-9999 -9999 -9999 -9999 -9999 -9999 -9999 -9999 -9999 -9999 -9999 31.09 31.09 31.09 31.09 31.09 31.08 30.97 30.55 30.54 30.58 30.61 30.49 30.5 30.64 30.29 30.05 30.03 30.28 30.66 30.78 30.73 30.53 30.21 29.97 29.76 29.76 29.83 29.81 29.68 29.74 30.04 30.48 30.69 30.39 30.33 30.66 30.66 30.74 30.96 31.02 30.97 30.91 30.77 30.54 30.2 29.68 29.2 29.1 29.34 29.66 30.07 30.48 30.81 30.93 30.81 30.49 30.36 30.64 31 31.12 31.14 31.14 31.14 31.14 31.14 31.14
-9999 -9999 -9999 -9999 -9999 -9999 -9999 31.09 -9999 -9999 31.09 31.09 31.09 31.09 31.09 31.09 31.09 30.99 30.53 30.14 30.15 30.3 30.33 30.31 30.41 30.15 29.81 29.78 29.84 30.15 30.28 30.15 30.15 30.15 29.97 29.77 29.71 29.7 29.62 29.52 29.59 29.85 30.34 30.42 30.04 30.14 30.49 30.45 30.56 30.84 30.92 30.84 30.8 30.7 30.51 30.26 29.8 29.29 29.04 29.14 29.44 29.99 30.47 30.74 30.77 30.6 30.31 30.31 30.7 31.03 31.13 31.14 31.14 31.13 31.11 31.1 31.1
-9999 -9999 -9999 -9999 -9999 -9999 31.09 31.09 31.09 31.09 31.09 31.09 31.09 31.09 31.09 31.09 31.08 30.98 30.5 30.05 29.95 30.03 30.1 30.11 30.16 29.97 29.64 29.61 29.61 29.82 29.92 29.74 29.7 29.76 29.65 29.6 29.55 29.49 29.39 29.33 29.46 29.76 30.16 30.09 29.77 29.92 30.23 30.23 30.36 30.65 30.76 30.71 30.62 30.5 30.17 29.94 29.62 29.19 28.86 28.93 29.31 29.91 30.41 30.56 30.5 30.25 30.04 30.28 30.74 31.06 31.14 31.14 31.13 31.05 30.93 30.86 30.88
-9999 -9999 -9999 -9999 -9999 31.08 31.08 31.08 31.08 31.08 31.08 31.08 31.08 31.08 31.08 31.08 31.03 30.8 30.24 29.93 29.82 29.8 29.85 29.9 29.93 29.81 29.5 29.45 29.47 29.57 29.65 29.5 29.4 29.46 29.45 29.44 29.36 29.24 29.11 29.14 29.37 29.65 29.92 29.73 29.56 29.71 29.87 29.98 30.14 30.34 30.46 30.55 30.41 30.29 29.83 29.44 29.23 28.96 28.72 28.86 29.21 29.8 30.24 30.21 30.11 29.84 29.8 30.2 30.72 31.05 31.14 31.14 31.12 30.99 30.67 30.46 30.56
-9999 -9999 -9999 -9999 31.08 31.08 31.08 31.08 31.08 31.08 31.08 31.08 31.08 31.08 31.08 31.07 30.99 30.46 29.95 29.78 29.69 29.6 29.58 29.66 29.75 29.67 29.42 29.31 29.34 29.37 29.46 29.33 29.16 29.2 29.29 29.27 29.19 29.03 28.91 29.07 29.33 29.56 29.63 29.44 29.32 29.43 29.52 29.69 29.8 29.9 30.01 30.31 30.13 29.77 29.43 29.1 28.91 28.7 28.68 28.91 29.14 29.38 29.63 29.63 29.57 29.46 29.7 30.23 30.73 31.04 31.13 31.13 31.11 31.01 30.78 30.5 30.32
-9999 -9999 -9999 -9999 31.08 31.07 31.07 31.07 31.07 31.07 31.07 31.07 31.07 31.08 31.08 31.05 30.95 30.24 29.71 29.64 29.58 29.46 29.38 29.44 29.59 29.55 29.39 29.23 29.22 29.21 29.28 29.23 29.01 29.01 29.16 29.12 29.03 28.91 28.8 29 29.24 29.44 29.43 29.2 29.08 29.21 29.37 29.49 29.5 29.5 29.52 29.87 29.79 29.27 29.04 28.94 28.81 28.59 28.63 28.81 28.95 29.07 29.06 28.98 29.03 29.39 29.92 30.39 30.79 31.04 31.11 31.12 31.1 31.01 30.8 30.52 30.13
-9999 -9999 -9999 31.07 31.07 31.07 31.07 31.07 31.07 31.06 31.05 31.06 31.07 31.07 31.06 30.99 30.76 30.11 29.58 29.49 29.46 29.37 29.29 29.26 29.4 29.41 29.31 29.18 29.09 29.05 29.07 29.08 28.9 28.85 29.04 29.02 28.87 28.76 28.7 28.92 29.15 29.28 29.24 29.05 28.93 29.11 29.25 29.29 29.25 29.16 29.14 29.44 29.42 29.01 28.76 28.73 28.69 28.53 28.53 28.63 28.76 28.85 28.76 28.74 29.02 29.58 30.11 30.51 30.84 31.03 31.09 31.1 31.08 31.01 30.84 30.51 30.01
-9999 31.06 31.06 31.06 31.06 31.06 31.05 31.02 31.02 31.01 30.95 31 31.06 31.06 31.03 30.81 30.37 29.97 29.54 29.39 29.37 29.28 29.21 29.13 29.22 29.26 29.17 29.09 28.99 28.86 28.82 28.89 28.78 28.67 28.86 28.92 28.75 28.59 28.6 28.82 28.99 29.07 29.04 28.94 28.81 28.97 29.05 29.03 29 28.84 28.87 29.12 29.15 28.85 28.57 28.53 28.57 28.4 28.33 28.4 28.54 28.63 28.52 28.64 29.09 29.7 30.2 30.56 30.82 30.98 31.06 31.06 30.99 30.9 30.75 30.45 29.93
31.06 31.06 31.06 31.06 31.06 31.05 30.97 30.82 30.83 30.91 30.79 30.9 31.01 31.01 30.95 30.48 30 29.75 29.48 29.34 29.27 29.18 29.13 29.05 29.09 29.13 29.02 28.95 28.9 28.73 28.63 28.75 28.69 28.51 28.65 28.71 28.52 28.39 28.48 28.66 28.76 28.83 28.83 28.78 28.63 28.75 28.86 28.81 28.8 28.66 28.69 28.83 28.87 28.7 28.45 28.35 28.4 28.26 28.19 28.27 28.34 28.36 28.32 28.58 29.12 29.73 30.21 30.53 30.74 30.87 31 31.03 30.94 30.77 30.56 30.32 29.94
31.06 31.06 31.06 31.06 31.06 31.03 30.89 30.64 30.5 30.63 30.63 30.75 30.79 30.63 30.37 29.93 29.56 29.5 29.3 29.17 29.14 29.07 29.02 28.96 28.94 28.99 28.89 28.78 28.76 28.66 28.55 28.64 28.58 28.36 28.4 28.46 28.18 28.04 28.23 28.42 28.59 28.71 28.74 28.65 28.54 28.58 28.68 28.63 28.61 28.5 28.44 28.5 28.58 28.43 28.27 28.24 28.32 28.32 28.39 28.47 28.36 28.3 28.33 28.6 29.2 29.75 30.11 30.38 30.54 30.65 30.81 30.94 30.96 30.84 30.65 30.45 30.24
31.05 31.05 31.05 31.05 31.05 31.03 30.92 30.65 30.4 30.31 30.3 30.31 30.22 29.98 29.71 29.41 29.18 29.27 29.16 28.95 28.92 28.94 28.87 28.82 28.73 28.76 28.7 28.58 28.52 28.44 28.35 28.47 28.4 28.08 28.04 28.12 28.14 28.22 28.52 28.87 29.13 29.29 29.32 29.29 29.05 28.8 28.61 28.44 28.41 28.32 28.19 28.19 28.27 28.23 28.29 28.57 28.78 28.88 28.94 29.07 28.96 28.71 28.6 28.59 29.12 29.58 29.86 30.05 30.15 30.24 30.5 30.76 30.91 30.9 30.77 30.61 30.41
31.05 31.05 31.05 31.05 31.04 31.01 30.89 30.59 30.33 30.1 29.91 29.84 29.74 29.51 29.31 29.13 28.97 29.03 29.03 28.81 28.72 28.75 28.65 28.62 28.51 28.48 28.46 28.32 28.18 28.05 28.02 28.13 28.09 27.78 28.01 28.37 28.67 28.89 29.29 29.69 29.9 30.02 30.02 30.05 29.84 29.6 29.31 29.08 28.91 28.55 28.16 28.08 28.19 28.39 28.58 29.09 29.49 29.61 29.61 29.78 29.74 29.51 29.11 28.87 28.99 29.2 29.42 29.57 29.71 29.91 30.3 30.61 30.83 30.82 30.61 30.44 30.23
31.04 31.04 31.04 31.04 31.01 30.88 30.7 30.46 30.22 29.99 29.75 29.56 29.4 29.2 29.04 28.99 28.89 28.88 28.85 28.68 28.59 28.61 28.6 28.52 28.4 28.28 28.26 28.26 28.24 28.2 28.14 28.03 27.87 28.06 28.52 29.02 29.37 29.62 29.9 30.19 30.38 30.47 30.45 30.46 30.34 30.21 30.04 29.87 29.67 29.32 28.77 28.31 28.4 28.69 28.97 29.5 30.02 30.17 30.19 30.26 30.2 30.05 29.73 29.54 29.41 29.23 29.14 29.31 29.65 30.03 30.35 30.59 30.77 30.71 30.39 30.1 29.88
31.04 31.04 31.01 30.96 30.94 30.75 30.5 30.29 30.08 29.87 29.62 29.41 29.21 29.12 29.2 29.41 29.58 29.49 29.21 28.91 29 29.27 29.47 29.34 29 28.69 28.64 28.62 28.66 28.69 28.65 28.47 28.37 28.69 29.09 29.53 29.98 30.19 30.34 30.57 30.71 30.79 30.8 30.79 30.7 30.59 30.47 30.34 30.16 29.92 29.46 28.98 28.81 29.22 29.56 29.86 30.29 30.5 30.56 30.57 30.5 30.37 30.21 30.08 29.94 29.74 29.51 29.43 29.7 29.96 30.16 30.43 30.66 30.68 30.4 29.99 29.75
31.03 31.01 30.92 30.74 30.67 30.58 30.36 30.13 29.88 29.67 29.49 29.36 29.3 29.51 29.89 30.06 30.1 30.05 29.88 29.59 29.67 29.96 30.12 30.04 29.64 29.34 29.4 29.25 29.25 29.4 29.41 29.24 29.14 29.48 29.8 30.02 30.37 30.56 30.7 30.84 30.93 30.98 31 31 30.96 30.88 30.77 30.66 30.5 30.28 30.03 29.81 29.65 29.84 30.21 30.37 30.59 30.74 30.8 30.79 30.73 30.63 30.51 30.38 30.26 30.09 29.86 29.59 29.42 29.57 29.81 30.12 30.46 30.61 30.54 30.25 30.03
31.02 30.97 30.81 30.59 30.43 30.38 30.25 29.99 29.69 29.47 29.51 29.71 29.88 30.05 30.27 30.38 30.41 30.37 30.31 30.23 30.28 30.39 30.44 30.37 30.04 30.02 30.11 30.03 30.01 30.08 30.13 30.05 29.97 30.12 30.31 30.46 30.72 30.85 30.95 31 31.04 31.05 31.06 31.06 31.05 31.02 30.97 30.9 30.77 30.63 30.5 30.4 30.32 30.36 30.59 30.72 30.84 30.93 30.96 30.95 30.88 30.79 30.69 30.57 30.44 30.25 29.99 29.69 29.12 29 29.38 29.83 30.17 30.45 30.52 30.47 30.3
31 30.9 30.7 30.51 30.33 30.19 30.09 29.89 29.57 29.48 29.8 30.14 30.27 30.35 30.49 30.58 30.62 30.62 30.64 30.65 30.64 30.67 30.69 30.64 30.51 30.51 30.51 30.49 30.51 30.53 30.54 30.52 30.53 30.59 30.66 30.8 30.94 31 31.04 31.05 31.06 31.06 31.07 31.07 31.07 31.07 31.06 31.03 30.98 30.91 30.83 30.75 30.72 30.71 30.85 30.95 31 31.03 31.04 31.02 30.97 30.86 30.76 30.62 30.45 30.24 29.9 29.45 28.59 28.17 28.76 29.41 29.88 30.25 30.32 30.37 30.35
30.95 30.81 30.62 30.44 30.26 30.04 29.87 29.75 29.5 29.61 30.05 30.36 30.49 30.57 30.67 30.74 30.79 30.81 30.84 30.86 30.86 30.86 30.86 30.85 30.83 30.81 30.79 30.8 30.81 30.8 30.8 30.82 30.84 30.86 30.89 30.97 31.02 31.04 31.05 31.06 31.06 31.06 31.06 31.07 31.07 31.07 31.07 31.07 31.06 31.05 31.03 30.99 30.97 30.98 31.02 31.05 31.06 31.07 31.06 31.05 30.98 30.83 30.71 30.52 30.26 30.05 29.79 29.16 28.17 27.84 28.48 29.16 29.76 30.02 30.03 30.13 30.14
30.79 30.65 30.5 30.34 30.18 29.96 29.7 29.55 29.41 29.71 30.17 30.46 30.63 30.74 30.82 30.86 30.9 30.93 30.94 30.96 30.97 30.97 30.97 30.98 30.97 30.97 30.95 30.95 30.95 30.95 30.95 30.96 30.97 30.98 30.99 31.03 31.04 31.05 31.05 31.05 31.05 31.06 31.06 31.06 31.06 31.07 31.07 31.07 31.07 31.07 31.07 31.07 31.06 31.07 31.08 31.08 31.08 31.08 31.07 31.04 30.96 30.78 30.6 30.27 29.89 29.62 29.43 28.89 28.04 27.73 28.37 29.02 29.44 29.58 29.62 29.77 29.84
30.62 30.48 30.37 30.21 30.04 29.86 29.59 29.34 29.31 29.73 30.2 30.51 30.72 30.85 30.92 30.94 30.96 30.97 30.98 30.99 31 31.01 31.01 31.01 31.01 31.02 31.01 31.01 31.01 31.01 31.01 31.01 31.02 31.02 31.03 31.04 31.04 31.04 31.04 31.05 31.05 31.05 31.05 31.06 31.06 31.06 31.06 31.07 31.07 31.07 31.07 31.07 31.08 31.08 31.08 31.09 31.09 31.08 31.06 30.99 30.76 30.51 30.31 29.88 29.53 29.14 28.78 28.31 27.79 27.77 28.29 28.74 28.81 28.9 29.11 29.39 29.64
