ASPA-UH-SWB2_REPO/input/Gridded_temps/prism_tmin_tutuila_30yr_normal_07.asc
ncols         350
nrows         200
xllcorner     515000
yllcorner     8409000
cellsize      100
NODATA_value  -9999
[rows 102 to 135 of 200, columns 77 to 153 of 350]
22.49 22.75 23.05 23.19 23.06 22.77 22.44 22.29 22.35 22.48 22.49 22.45 22.46 22.35 22.19 22.1 22.11 22.08 22.13 22.2 22.11 21.91 21.72 21.91 22.19 22.41 22.59 22.71 22.83 22.91 22.95 23.01 23.01 22.86 22.69 22.53 22.61 22.95 23.31 23.57 23.49 23.29 23.24 23.02 22.8 22.63 22.54 22.42 22.3 22.19 22.04 21.88 21.75 21.74 22.05 22.5 22.9 23.3 23.52 23.56 23.44 23.44 23.53 23.51 23.46 23.34 23.11 22.82 22.51 22.33 22.27 22.04 22 22.1 22.05 22.11 22.34
22.43 22.66 23 23.08 22.89 22.64 22.29 22.04 22.05 22.15 22.18 22.2 22.23 22.14 22.03 21.91 21.88 21.9 21.97 22.05 21.96 21.84 21.74 21.87 22.15 22.41 22.6 22.74 22.87 22.95 22.9 22.82 22.77 22.7 22.54 22.49 22.75 23.11 23.36 23.53 23.39 23.1 23.04 22.92 22.78 22.65 22.52 22.38 22.24 22.1 21.95 21.79 21.7 21.89 22.32 22.68 23 23.32 23.55 23.66 23.63 23.64 23.66 23.58 23.41 23.15 22.94 22.75 22.61 22.51 22.31 22.11 22.17 22.32 22.39 22.27 22.39
22.32 22.58 22.94 23.03 22.86 22.55 22.2 21.92 21.83 21.86 21.91 21.97 21.97 21.87 21.83 21.78 21.72 21.72 21.85 21.92 21.82 21.71 21.69 21.82 22.09 22.36 22.54 22.65 22.77 22.87 22.82 22.67 22.56 22.5 22.41 22.54 22.9 23.22 23.38 23.32 23.11 22.86 22.79 22.69 22.62 22.57 22.49 22.36 22.24 22.1 21.93 21.76 21.77 22.12 22.53 22.84 23.14 23.41 23.61 23.72 23.74 23.74 23.68 23.49 23.21 22.98 22.9 22.9 22.85 22.62 22.27 22.21 22.34 22.44 22.63 22.54 22.46
22.22 22.54 22.88 22.96 22.92 22.66 22.26 21.98 21.82 21.71 21.71 21.74 21.74 21.7 21.7 21.66 21.58 21.58 21.71 21.77 21.73 21.68 21.7 21.8 22 22.22 22.41 22.53 22.64 22.77 22.77 22.62 22.38 22.28 22.36 22.58 22.84 23.11 23.3 23.16 22.9 22.71 22.63 22.54 22.46 22.41 22.38 22.3 22.19 22.08 21.94 21.77 21.82 22.24 22.65 22.93 23.22 23.49 23.67 23.77 23.8 23.77 23.64 23.33 22.95 22.89 23.08 23.13 22.92 22.57 22.33 22.38 22.52 22.53 22.74 22.94 22.7
22.22 22.53 22.79 22.75 22.73 22.69 22.32 22.06 21.91 21.78 21.7 21.66 21.7 21.7 21.65 21.56 21.49 21.51 21.61 21.68 21.7 21.72 21.73 21.8 21.94 22.12 22.29 22.42 22.58 22.71 22.7 22.54 22.29 22.25 22.49 22.7 22.86 23.07 23.25 23.18 23 22.83 22.71 22.61 22.51 22.4 22.3 22.2 22.08 22 21.89 21.8 22.02 22.57 22.97 23.19 23.37 23.63 23.77 23.83 23.83 23.79 23.64 23.38 23.04 23 23.26 23.23 22.96 22.63 22.52 22.57 22.66 22.67 22.84 23.11 23.05
22.07 22.3 22.52 22.39 22.27 22.45 22.27 22.12 22.03 21.93 21.82 21.74 21.71 21.68 21.59 21.51 21.5 21.56 21.65 21.7 21.73 21.75 21.76 21.83 21.93 22.14 22.38 22.55 22.63 22.6 22.47 22.32 22.2 22.38 22.66 22.84 22.99 23.07 23.11 23.06 23.01 22.96 22.83 22.73 22.64 22.52 22.38 22.25 22.12 21.99 21.86 21.93 22.37 22.86 23.16 23.42 23.57 23.74 23.83 23.86 23.86 23.83 23.72 23.48 23.17 23.19 23.42 23.29 23.04 22.79 22.77 22.82 22.84 22.84 23 23.26 23.31
21.87 22.01 22.11 22.06 22 22.11 22.15 22.12 22.07 22 21.88 21.77 21.68 21.62 21.56 21.5 21.52 21.6 21.68 21.73 21.76 21.79 21.82 21.89 22.02 22.23 22.42 22.45 22.41 22.3 22.16 22.14 22.28 22.54 22.73 22.84 22.9 22.88 22.87 22.82 22.82 22.92 22.85 22.71 22.58 22.48 22.38 22.24 22.08 21.91 21.9 22.16 22.64 23.09 23.42 23.62 23.73 23.81 23.86 23.87 23.87 23.85 23.78 23.58 23.33 23.34 23.53 23.51 23.35 23.07 23.09 23.14 23.05 22.95 23.11 23.4 23.5
21.65 21.72 21.79 21.83 21.84 21.92 22.01 22.03 22.01 21.96 21.86 21.75 21.64 21.57 21.52 21.49 21.52 21.6 21.68 21.73 21.77 21.8 21.84 21.94 22.11 22.26 22.26 22.14 22 21.9 21.9 22.13 22.43 22.57 22.61 22.64 22.71 22.7 22.67 22.64 22.68 22.78 22.81 22.7 22.53 22.37 22.23 22.1 21.96 21.88 22.07 22.34 22.72 23.16 23.52 23.72 23.81 23.85 23.88 23.89 23.88 23.86 23.81 23.67 23.42 23.35 23.56 23.75 23.6 23.35 23.39 23.43 23.2 23.06 23.16 23.49 23.72
21.56 21.58 21.61 21.66 21.71 21.79 21.86 21.88 21.89 21.89 21.82 21.75 21.65 21.55 21.51 21.5 21.53 21.59 21.66 21.71 21.75 21.77 21.78 21.83 21.93 22.01 21.96 21.85 21.77 21.77 21.91 22.2 22.33 22.35 22.36 22.41 22.51 22.54 22.49 22.49 22.56 22.63 22.68 22.62 22.49 22.35 22.23 22.1 21.96 22 22.32 22.63 22.87 23.25 23.58 23.77 23.84 23.87 23.89 23.89 23.88 23.84 23.74 23.52 23.21 23.11 23.36 23.75 23.79 23.64 23.64 23.57 23.26 23.24 23.3 23.58 23.89
21.55 21.56 21.58 21.62 21.65 21.69 21.71 21.72 21.77 21.84 21.82 21.75 21.65 21.57 21.53 21.53 21.55 21.59 21.63 21.67 21.68 21.68 21.68 21.69 21.72 21.73 21.71 21.69 21.7 21.75 21.87 22 22.02 22.02 22.05 22.17 22.33 22.37 22.32 22.39 22.51 22.56 22.57 22.55 22.47 22.37 22.26 22.12 22 22.11 22.47 22.78 23.13 23.47 23.69 23.82 23.87 23.88 23.89 23.9 23.87 23.77 23.53 23.22 22.83 22.66 22.98 23.55 23.87 23.88 23.82 23.6 23.35 23.44 23.52 23.7 23.97
21.56 21.58 21.61 21.63 21.62 21.61 21.62 21.64 21.72 21.8 21.8 21.73 21.67 21.62 21.58 21.55 21.55 21.57 21.58 21.59 21.59 21.59 21.59 21.6 21.61 21.62 21.64 21.66 21.69 21.72 21.76 21.77 21.78 21.8 21.85 21.98 22.15 22.25 22.29 22.41 22.54 22.55 22.55 22.53 22.45 22.31 22.2 22.15 22.11 22.18 22.49 22.82 23.27 23.64 23.79 23.85 23.88 23.89 23.9 23.89 23.84 23.69 23.33 22.91 22.49 22.24 22.6 23.28 23.77 23.95 23.91 23.7 23.57 23.66 23.75 23.83 24.04
21.56 21.61 21.69 21.72 21.69 21.61 21.6 21.63 21.69 21.78 21.81 21.78 21.73 21.68 21.61 21.56 21.55 21.53 21.52 21.52 21.51 21.5 21.5 21.52 21.54 21.57 21.6 21.63 21.65 21.67 21.69 21.7 21.74 21.79 21.85 21.92 22.05 22.25 22.4 22.53 22.63 22.62 22.61 22.55 22.44 22.31 22.24 22.26 22.22 22.19 22.5 22.89 23.36 23.68 23.82 23.86 23.88 23.89 23.9 23.86 23.74 23.51 23.18 22.65 22.33 22.28 22.62 23.24 23.73 23.98 23.99 23.89 23.81 23.87 23.95 23.97 24.09
21.58 21.64 21.77 21.87 21.89 21.72 21.7 21.71 21.75 21.85 21.88 21.8 21.72 21.67 21.61 21.57 21.54 21.51 21.49 21.47 21.45 21.43 21.43 21.44 21.47 21.51 21.54 21.58 21.6 21.62 21.66 21.71 21.78 21.84 21.94 22.04 22.17 22.37 22.54 22.68 22.76 22.75 22.71 22.59 22.45 22.39 22.36 22.36 22.24 22.18 22.55 22.96 23.42 23.7 23.83 23.87 23.88 23.9 23.89 23.8 23.51 23.17 22.89 22.56 22.53 22.78 23.07 23.43 23.82 24.01 24.05 24.02 23.99 24.01 24.06 24.09 24.12
21.66 21.73 21.82 21.96 22.05 21.94 21.91 21.9 21.94 22.05 22 21.83 21.73 21.69 21.63 21.57 21.54 21.5 21.47 21.44 21.41 21.38 21.37 21.38 21.39 21.42 21.45 21.5 21.53 21.57 21.67 21.84 21.96 22 22.03 22.13 22.29 22.46 22.6 22.77 22.86 22.86 22.83 22.69 22.54 22.5 22.45 22.36 22.24 22.25 22.55 22.86 23.24 23.6 23.81 23.87 23.89 23.9 23.87 23.71 23.36 23.13 22.92 22.8 22.83 23.13 23.54 23.78 23.95 24.05 24.07 24.07 24.07 24.08 24.11 24.12 24.13
21.83 21.94 22.01 22.08 22.17 22.21 22.17 22.14 22.18 22.29 22.2 22.01 21.89 21.83 21.71 21.6 21.55 21.51 21.47 21.42 21.38 21.34 21.33 21.32 21.31 21.31 21.3 21.33 21.4 21.52 21.72 22.01 22.23 22.3 22.3 22.28 22.28 22.39 22.56 22.8 22.91 22.93 22.9 22.79 22.66 22.57 22.47 22.37 22.35 22.45 22.73 22.98 23.28 23.63 23.82 23.87 23.89 23.9 23.86 23.74 23.56 23.39 23.21 23.13 23.01 23.2 23.57 23.88 24.02 24.06 24.07 24.08 24.09 24.11 24.12 24.13 24.14
22.02 22.15 22.23 22.27 22.29 22.37 22.4 22.37 22.38 22.48 22.43 22.23 22.09 21.97 21.79 21.66 21.58 21.52 21.48 21.42 21.36 21.3 21.28 21.28 21.26 21.23 21.17 21.15 21.3 21.58 21.83 22.02 22.26 22.44 22.49 22.49 22.46 22.55 22.72 22.87 22.95 22.96 22.89 22.73 22.6 22.49 22.44 22.44 22.53 22.68 22.94 23.21 23.45 23.72 23.84 23.88 23.89 23.9 23.88 23.84 23.79 23.66 23.52 23.46 23.26 23.27 23.46 23.92 24.03 24.07 24.08 24.09 24.1 24.11 24.13 24.13 24.14
22.16 22.3 22.39 22.42 22.38 22.42 22.54 22.57 22.51 22.59 22.54 22.31 22.23 22.09 21.91 21.73 21.61 21.57 21.53 21.46 21.36 21.27 21.27 21.33 21.28 21.22 21.16 21.21 21.48 21.87 22.07 22.08 22.21 22.42 22.53 22.59 22.65 22.73 22.83 22.93 22.98 22.98 22.88 22.68 22.54 22.48 22.52 22.57 22.73 22.97 23.13 23.39 23.62 23.78 23.85 23.88 23.89 23.9 23.9 23.9 23.88 23.82 23.78 23.76 23.64 23.61 23.69 23.97 24.04 24.06 24.08 24.09 24.1 24.12 24.13 24.13 24.14
22.23 22.38 22.52 22.56 22.48 22.43 22.58 22.74 22.73 22.75 22.67 22.49 22.41 22.2 21.96 21.77 21.68 21.67 21.65 21.57 21.46 21.37 21.28 21.29 21.3 21.3 21.26 21.38 21.72 22.09 22.24 22.23 22.26 22.39 22.51 22.6 22.69 22.78 22.86 22.95 23 23 22.88 22.69 22.65 22.63 22.64 22.66 22.97 23.23 23.36 23.53 23.72 23.82 23.86 23.88 23.89 23.9 23.91 23.92 23.93 23.92 23.92 23.93 23.91 23.91 23.94 24.02 24.05 24.07 24.08 24.09 24.1 24.12 24.13 24.13 24.14
22.29 22.41 22.58 22.68 22.65 22.62 22.72 22.88 22.91 22.87 22.76 22.63 22.52 22.31 22.09 21.91 21.82 21.83 21.84 21.76 21.69 21.62 21.51 21.4 21.43 21.46 21.45 21.61 21.94 22.19 22.29 22.28 22.29 22.4 22.5 22.59 22.69 22.78 22.86 22.95 23.01 23.02 22.93 22.8 22.79 22.8 22.77 22.78 23.07 23.38 23.57 23.69 23.8 23.85 23.87 23.89 23.9 23.91 23.91 23.93 23.94 23.96 23.97 23.98 23.99 24 24.02 24.04 24.06 24.07 24.08 24.09 24.1 24.12 24.13 24.13 24.13
22.35 22.39 22.5 22.66 22.76 22.84 22.92 23 22.96 22.8 22.59 22.48 22.44 22.34 22.18 22.03 21.96 21.98 21.99 21.95 21.95 21.91 21.83 21.67 21.63 21.65 21.7 21.87 22.09 22.22 22.22 22.16 22.25 22.42 22.52 22.6 22.71 22.82 22.9 22.98 23.04 23.06 23.03 22.97 22.94 22.95 22.86 22.85 23.08 23.39 23.65 23.79 23.84 23.86 23.88 23.89 23.9 23.91 23.92 23.93 23.95 23.97 23.98 23.99 24.01 24.02 24.03 24.04 24.05 24.07 24.08 24.09 24.1 24.11 24.12 24.12 24.12
22.39 22.38 22.42 22.57 22.74 22.92 23.03 23.02 22.85 22.62 22.46 22.39 22.31 22.26 22.2 22.11 22.06 22.09 22.12 22.11 22.16 22.14 22.02 21.84 21.78 21.84 21.91 22 22.13 22.18 22.09 22.01 22.21 22.44 22.55 22.64 22.74 22.85 22.95 23.02 23.07 23.09 23.1 23.08 23.08 23.1 23.01 23.04 23.29 23.54 23.72 23.82 23.85 23.87 23.89 23.9 23.91 23.92 23.93 23.95 23.96 23.97 23.98 23.99 24.01 24.02 24.03 24.04 24.05 24.07 24.08 24.09 24.09 24.1 24.11 24.12 24.12
22.45 22.4 22.42 22.57 22.75 22.93 23.05 23.01 22.77 22.53 22.45 22.4 22.28 22.25 22.26 22.19 22.16 22.19 22.22 22.24 22.32 22.24 22.07 21.97 21.93 22.02 22.12 22.07 22.07 22.11 22.05 22.06 22.3 22.5 22.61 22.7 22.78 22.87 22.97 23.05 23.09 23.11 23.13 23.15 23.24 23.32 23.29 23.29 23.52 23.71 23.8 23.84 23.86 23.88 23.89 23.9 23.91 23.93 23.94 23.96 23.97 23.99 24 24 24.02 24.03 24.04 24.04 24.06 24.07 24.09 24.09 24.09 24.09 24.1 24.11 24.12
22.54 22.45 22.47 22.64 22.82 22.96 23.1 23.06 22.84 22.64 22.56 22.48 22.3 22.3 22.36 22.29 22.25 22.27 22.34 22.39 22.46 22.32 22.2 22.16 22.1 22.19 22.33 22.22 22.08 22.1 22.12 22.23 22.45 22.6 22.69 22.77 22.84 22.91 22.99 23.06 23.11 23.13 23.15 23.2 23.34 23.48 23.51 23.51 23.64 23.76 23.82 23.84 23.86 23.88 23.9 23.91 23.92 23.93 23.96 23.97 23.98 24 24.01 24.01 24.02 24.03 24.04 24.05 24.06 24.08 24.09 24.09 24.09 24.09 24.1 24.11 24.12
22.63 22.52 22.56 22.78 22.96 23.05 23.2 23.19 23 22.88 22.77 22.64 22.42 22.41 22.47 22.39 22.33 22.35 22.48 22.61 22.64 22.5 22.44 22.34 22.27 22.39 22.54 22.41 22.23 22.24 22.3 22.46 22.65 22.74 22.8 22.86 22.92 22.97 23.02 23.07 23.11 23.14 23.17 23.25 23.4 23.52 23.58 23.63 23.7 23.76 23.81 23.84 23.86 23.89 23.91 23.92 23.93 23.95 23.97 23.98 23.99 24 24.02 24.02 24.03 24.04 24.05 24.06 24.06 24.07 24.08 24.08 24.09 24.09 24.1 24.11 24.12
22.69 22.57 22.61 22.88 23.09 23.19 23.35 23.39 23.23 23.12 22.98 22.78 22.56 22.52 22.55 22.48 22.42 22.47 22.69 22.89 22.85 22.8 22.74 22.56 22.55 22.7 22.74 22.5 22.32 22.38 22.49 22.64 22.8 22.88 22.93 22.97 23 23.03 23.06 23.09 23.12 23.15 23.2 23.3 23.43 23.53 23.59 23.65 23.71 23.76 23.81 23.85 23.87 23.89 23.91 23.92 23.94 23.96 23.97 23.98 23.99 24 24.02 24.03 24.04 24.05 24.05 24.06 24.06 24.07 24.07 24.08 24.09 24.09 24.1 24.11 24.12
22.73 22.62 22.65 22.92 23.19 23.33 23.46 23.54 23.46 23.3 23.06 22.8 22.61 22.56 22.58 22.54 22.51 22.64 22.9 23.07 23.02 23.05 22.98 22.88 22.89 22.94 22.83 22.51 22.3 22.39 22.57 22.76 22.89 22.97 23.02 23.05 23.07 23.08 23.11 23.13 23.15 23.17 23.23 23.33 23.44 23.52 23.59 23.66 23.72 23.77 23.82 23.85 23.87 23.89 23.91 23.92 23.94 23.95 23.96 23.98 23.99 24 24.01 24.02 24.03 24.04 24.05 24.05 24.06 24.07 24.07 24.08 24.09 24.1 24.1 24.11 24.12
22.8 22.75 22.76 22.93 23.24 23.43 23.54 23.62 23.57 23.35 23.04 22.8 22.63 22.59 22.62 22.61 22.6 22.78 23.03 23.18 23.19 23.21 23.16 23.11 23.08 23.05 22.89 22.58 22.29 22.3 22.54 22.77 22.92 23 23.06 23.1 23.12 23.14 23.16 23.18 23.2 23.24 23.29 23.38 23.46 23.54 23.61 23.67 23.73 23.78 23.82 23.86 23.87 23.89 23.9 23.92 23.93 23.94 23.96 23.97 23.99 24 24.01 24.02 24.02 24.03 24.04 24.05 24.06 24.06 24.07 24.09 24.09 24.1 24.1 24.11 24.12
22.95 22.92 22.91 22.99 23.3 23.52 23.61 23.67 23.62 23.42 23.13 22.83 22.66 22.66 22.69 22.7 22.67 22.79 23.02 23.21 23.29 23.32 23.28 23.23 23.18 23.12 22.99 22.71 22.43 22.36 22.47 22.68 22.88 23.01 23.09 23.13 23.17 23.19 23.21 23.23 23.25 23.29 23.36 23.43 23.51 23.58 23.64 23.69 23.75 23.79 23.84 23.86 23.87 23.89 23.91 23.92 23.93 23.94 23.96 23.97 23.99 24 24.01 24.02 24.02 24.03 24.04 24.05 24.06 24.06 24.07 24.08 24.09 24.09 24.1 24.11 24.12
23.1 23.09 23.07 23.05 23.23 23.45 23.61 23.69 23.65 23.44 23.16 22.91 22.81 22.8 22.73 22.66 22.64 22.73 22.92 23.16 23.32 23.39 23.37 23.31 23.27 23.2 23.05 22.82 22.63 22.52 22.51 22.61 22.77 22.97 23.11 23.17 23.2 23.23 23.25 23.26 23.28 23.33 23.39 23.47 23.54 23.61 23.67 23.71 23.77 23.81 23.84 23.86 23.88 23.9 23.91 23.93 23.94 23.95 23.96 23.97 23.99 24 24.02 24.02 24.03 24.04 24.04 24.04 24.05 24.06 24.07 24.08 24.09 24.09 24.1 24.11 24.12
23.25 23.24 23.2 23.19 23.18 23.25 23.52 23.69 23.69 23.54 23.31 23.05 22.92 22.9 22.83 22.76 22.76 22.78 22.86 23.08 23.29 23.41 23.43 23.39 23.34 23.23 23.02 22.81 22.73 22.67 22.64 22.7 22.81 23.01 23.14 23.19 23.22 23.25 23.28 23.29 23.33 23.36 23.43 23.5 23.57 23.63 23.68 23.73 23.78 23.82 23.84 23.87 23.88 23.9 23.91 23.93 23.95 23.96 23.96 23.98 23.99 24.01 24.02 24.03 24.03 24.04 24.04 24.04 24.05 24.06 24.06 24.08 24.09 24.09 24.09 24.1 24.12
23.4 23.35 23.3 23.32 23.23 23.23 23.51 23.69 23.73 23.66 23.46 23.15 22.99 22.98 22.97 22.97 23.02 23 22.94 23.07 23.29 23.43 23.49 23.46 23.38 23.2 22.94 22.79 22.79 22.77 22.75 22.8 22.88 23.01 23.14 23.21 23.24 23.27 23.3 23.33 23.36 23.4 23.45 23.52 23.58 23.64 23.7 23.75 23.79 23.82 23.84 23.87 23.88 23.9 23.92 23.94 23.95 23.96 23.97 23.99 24 24.01 24.02 24.03 24.03 24.04 24.04 24.05 24.05 24.06 24.06 24.08 24.09 24.09 24.09 24.1 24.12
23.48 23.4 23.39 23.41 23.33 23.37 23.58 23.72 23.75 23.7 23.53 23.19 22.99 23.02 23.09 23.17 23.26 23.21 23.07 23.16 23.37 23.5 23.54 23.52 23.43 23.23 22.95 22.81 22.84 22.87 22.86 22.88 22.91 22.98 23.13 23.23 23.27 23.29 23.32 23.36 23.39 23.43 23.48 23.54 23.6 23.66 23.71 23.75 23.79 23.81 23.84 23.86 23.88 23.89 23.91 23.93 23.96 23.97 23.98 23.99 24 24.02 24.03 24.04 24.04 24.04 24.05 24.05 24.06 24.06 24.07 24.08 24.09 24.09 24.1 24.1 24.12
23.44 23.42 23.49 23.49 23.5 23.6 23.69 23.75 23.76 23.71 23.53 23.19 23.02 23.07 23.18 23.31 23.4 23.35 23.22 23.3 23.47 23.56 23.57 23.55 23.46 23.25 22.98 22.83 22.85 22.93 22.95 22.96 22.94 22.98 23.15 23.26 23.31 23.33 23.36 23.39 23.42 23.45 23.5 23.55 23.61 23.66 23.71 23.75 23.78 23.8 23.83 23.84 23.86 23.88 23.9 23.92 23.94 23.96 23.97 23.99 24 24.02 24.04 24.04 24.05 24.05 24.05 24.05 24.06 24.07 24.07 24.09 24.09 24.1 24.1 24.11 24.12
23.49 23.53 23.62 23.61 23.66 23.73 23.76 23.76 23.74 23.64 23.41 23.14 23.06 23.12 23.26 23.41 23.5 23.48 23.41 23.44 23.53 23.58 23.58 23.57 23.5 23.33 23.11 22.91 22.85 22.93 22.98 22.99 22.95 22.96 23.13 23.27 23.34 23.37 23.39 23.42 23.44 23.47 23.51 23.56 23.61 23.66 23.7 23.74 23.77 23.8 23.82 23.84 23.85 23.87 23.89 23.92 23.94 23.96 23.97 23.99 24 24.02 24.04 24.05 24.06 24.06 24.06 24.06 24.07 24.07 24.07 24.09 24.09 24.1 24.1 24.11 24.12
