ASPA-UH-SWB2_REPO/input/Gridded_temps/prism_tmax_tutuila_30yr_normal_03.asc
ncols         350
nrows         200
xllcorner     515000
yllcorner     8409000
cellsize      100
NODATA_value  -9999
[rows 34 to 67 of 200, columns 154 to 230 of 350]
-9999 -9999 -9999 -9999 -9999 -9999 -9999 -9999 -9999 -9999 -9999 -9999 -9999 -9999 -9999 -9999 -9999 -9999 -9999 -9999 -9999 -9999 -9999 -9999 -9999 -9999 -9999 -9999 -9999 -9999 -9999 -9999 31.57 31.57 31.57 31.57 31.57 31.57 31.58 31.58 31.58 31.58 31.58 31.58 31.57 31.53 31.4 31 30.7 30.9 31.31 31.53 31.58 31.59 31.59 31.59 31.59 31.59 31.59 31.59 31.59 31.59 31.59 31.59 -9999 -9999 -9999 -9999 -9999 -9999 -9999 -9999 -9999 -9999 -9999 -9999 -9999
-9999 -9999 -9999 -9999 -9999 -9999 -9999 -9999 -9999 -9999 -9999 -9999 -9999 -9999 -9999 -9999 -9999 -9999 -9999 -9999 -9999 -9999 -9999 -9999 -9999 -9999 -9999 -9999 -9999 -9999 31.57 31.57 31.57 31.57 31.57 31.57 31.57 31.57 31.57 31.57 31.58 31.58 31.58 31.57 31.51 31.32 30.81 30.49 30.8 31.21 31.47 31.57 31.58 31.58 31.58 31.59 31.59 31.59 31.59 31.59 31.59 31.59 31.59 31.59 31.59 -9999 -9999 -9999 -9999 31.6 31.6 -9999 -9999 -9999 -9999 -9999 -9999
-9999 -9999 -9999 -9999 -9999 -9999 -9999 -9999 -9999 -9999 -9999 -9999 -9999 -9999 -9999 -9999 -9999 -9999 -9999 -9999 -9999 -9999 -9999 -9999 -9999 -9999 -9999 -9999 -9999 -9999 31.57 31.57 31.57 31.57 31.57 31.57 31.57 31.57 31.57 31.57 31.57 31.57 31.56 31.52 31.31 30.91 30.69 30.61 30.96 31.36 31.54 31.58 31.58 31.58 31.58 31.58 31.58 31.59 31.59 31.59 31.59 31.59 31.59 31.59 31.59 31.59 -9999 -9999 31.59 31.59 31.59 31.59 -9999 -9999 -9999 -9999 -9999
-9999 -9999 -9999 -9999 -9999 -9999 -9999 -9999 -9999 -9999 -9999 -9999 -9999 -9999 -9999 -9999 -9999 -9999 -9999 -9999 -9999 -9999 -9999 -9999 -9999 -9999 -9999 -9999 -9999 31.56 31.57 31.57 31.57 31.57 31.57 31.57 31.57 31.56 31.53 31.53 31.54 31.52 31.49 31.4 31.23 31.17 31.16 31.19 31.31 31.49 31.57 31.58 31.58 31.58 31.58 31.58 31.58 31.58 31.59 31.59 31.59 31.59 31.59 31.59 31.59 31.59 -9999 31.59 31.59 31.59 31.59 31.59 31.59 -9999 -9999 -9999 -9999
-9999 -9999 -9999 -9999 -9999 -9999 -9999 -9999 -9999 -9999 -9999 -9999 -9999 -9999 -9999 -9999 -9999 -9999 -9999 -9999 -9999 -9999 -9999 -9999 -9999 31.56 31.56 -9999 31.56 31.56 31.56 31.56 31.56 31.56 31.57 31.57 31.57 31.52 31.37 31.33 31.37 31.24 31.11 31.09 31.31 31.44 31.47 31.49 31.52 31.57 31.58 31.58 31.58 31.58 31.58 31.58 31.58 31.58 31.58 31.58 31.58 31.57 31.58 31.59 31.59 31.59 31.59 31.59 31.59 31.59 31.59 31.59 31.59 31.59 -9999 -9999 31.6
-9999 -9999 -9999 -9999 -9999 -9999 -9999 -9999 -9999 -9999 -9999 -9999 -9999 -9999 -9999 -9999 -9999 -9999 -9999 -9999 -9999 -9999 -9999 -9999 31.56 31.56 31.56 31.56 31.56 31.56 31.56 31.56 31.55 31.54 31.55 31.56 31.55 31.46 31.18 30.98 30.89 30.79 30.5 30.71 31.2 31.46 31.54 31.56 31.57 31.58 31.58 31.58 31.58 31.58 31.58 31.57 31.57 31.58 31.58 31.57 31.54 31.5 31.55 31.58 31.59 31.59 31.59 31.59 31.59 31.59 31.59 31.59 31.59 31.59 31.59 31.6 31.6
-9999 -9999 -9999 -9999 -9999 -9999 -9999 -9999 -9999 -9999 -9999 -9999 -9999 -9999 -9999 -9999 -9999 -9999 -9999 -9999 -9999 -9999 -9999 31.55 31.55 31.56 31.56 31.56 31.56 31.56 31.56 31.54 31.49 31.43 31.46 31.52 31.51 31.41 31.11 30.71 30.43 30.3 30.15 30.47 31.05 31.44 31.54 31.57 31.57 31.57 31.57 31.58 31.58 31.57 31.53 31.47 31.46 31.52 31.54 31.48 31.41 31.35 31.51 31.57 31.59 31.59 31.59 31.59 31.59 31.59 31.59 31.59 31.59 31.59 31.59 31.59 31.6
-9999 -9999 -9999 -9999 -9999 -9999 -9999 -9999 -9999 -9999 -9999 -9999 -9999 -9999 -9999 -9999 -9999 -9999 -9999 -9999 -9999 -9999 31.55 31.55 31.55 31.55 31.55 31.55 31.55 31.55 31.53 31.45 31.3 31.17 31.25 31.37 31.32 31.2 30.97 30.51 30.18 30.31 30.49 30.8 31.24 31.49 31.55 31.57 31.57 31.57 31.57 31.57 31.56 31.53 31.4 31.2 31.18 31.36 31.38 31.22 31.11 31.18 31.48 31.57 31.58 31.59 31.59 31.59 31.59 31.57 31.55 31.58 31.59 31.59 31.59 31.59 31.59
-9999 -9999 -9999 -9999 -9999 -9999 -9999 -9999 -9999 -9999 -9999 -9999 -9999 -9999 -9999 -9999 -9999 31.55 31.55 31.55 31.55 31.55 31.55 31.55 31.55 31.55 31.55 31.55 31.55 31.54 31.48 31.3 31.06 30.91 31 31.14 30.98 30.72 30.56 30.29 30.28 30.69 31.03 31.27 31.46 31.53 31.56 31.57 31.57 31.57 31.57 31.56 31.52 31.42 31.17 30.9 30.94 31.12 31.02 30.82 30.81 31.1 31.46 31.56 31.58 31.58 31.59 31.59 31.57 31.49 31.43 31.55 31.59 31.59 31.59 31.59 31.59
-9999 -9999 -9999 -9999 -9999 -9999 -9999 -9999 -9999 -9999 -9999 -9999 -9999 -9999 -9999 31.54 31.54 31.54 31.54 31.54 31.54 31.54 31.54 31.54 31.54 31.54 31.54 31.55 31.55 31.54 31.49 31.3 30.98 30.74 30.77 30.91 30.71 30.22 30.03 30.14 30.39 30.83 31.18 31.42 31.51 31.54 31.56 31.57 31.57 31.57 31.57 31.53 31.4 31.17 30.91 30.64 30.67 30.79 30.61 30.5 30.67 31.09 31.43 31.56 31.58 31.58 31.57 31.55 31.51 31.4 31.39 31.55 31.59 31.59 31.59 31.59 31.59
-9999 -9999 -9999 -9999 -9999 -9999 -9999 -9999 -9999 -9999 -9999 -9999 -9999 -9999 31.54 31.54 31.54 31.54 31.54 31.54 31.54 31.54 31.54 31.54 31.54 31.52 31.48 31.52 31.54 31.54 31.52 31.43 31.11 30.71 30.56 30.69 30.56 30.2 30.16 30.43 30.71 30.97 31.2 31.43 31.51 31.53 31.54 31.55 31.55 31.56 31.55 31.47 31.22 30.9 30.64 30.39 30.35 30.39 30.3 30.32 30.66 31.1 31.41 31.55 31.58 31.56 31.47 31.37 31.35 31.37 31.49 31.58 31.59 31.59 31.59 31.59 31.59
-9999 -9999 -9999 -9999 -9999 -9999 -9999 -9999 -9999 -9999 -9999 -9999 -9999 31.53 31.53 31.53 31.53 31.53 31.53 31.53 31.54 31.54 31.54 31.54 31.53 31.45 31.22 31.38 31.51 31.54 31.54 31.5 31.28 30.76 30.41 30.42 30.42 30.44 30.6 30.76 30.87 30.95 31.09 31.39 31.49 31.48 31.48 31.51 31.52 31.54 31.53 31.45 31.2 30.93 30.64 30.28 30.06 30.03 30.05 30.28 30.72 31.12 31.38 31.53 31.56 31.5 31.29 31.06 31.13 31.38 31.55 31.59 31.59 31.59 31.59 31.59 31.59
-9999 -9999 -9999 -9999 -9999 -9999 -9999 -9999 -9999 -9999 -9999 -9999 -9999 31.53 31.53 31.53 31.53 31.53 31.52 31.52 31.52 31.52 31.5 31.5 31.48 31.35 31 31.13 31.43 31.51 31.53 31.5 31.27 30.73 30.28 30.21 30.3 30.45 30.62 30.67 30.65 30.69 30.96 31.33 31.39 31.31 31.36 31.42 31.45 31.51 31.52 31.48 31.32 31.1 30.78 30.33 29.92 29.73 29.81 30.25 30.74 31.07 31.26 31.44 31.52 31.44 31.15 30.89 31.08 31.43 31.57 31.58 31.59 31.59 31.59 31.59 31.59
-9999 -9999 -9999 -9999 -9999 -9999 -9999 -9999 -9999 -9999 -9999 -9999 31.53 31.53 31.53 31.53 31.53 31.51 31.45 31.45 31.45 31.43 31.29 31.29 31.33 31.02 30.79 30.83 31.15 31.41 31.47 31.44 31.1 30.61 30.22 30.06 30.16 30.34 30.43 30.35 30.34 30.57 30.99 31.27 31.16 31 31.22 31.29 31.34 31.47 31.5 31.47 31.38 31.17 30.86 30.49 30.04 29.66 29.66 30.05 30.5 30.79 31.05 31.32 31.45 31.34 31.03 30.88 31.14 31.46 31.57 31.58 31.58 31.58 31.59 31.59 31.59
-9999 -9999 -9999 -9999 -9999 -9999 -9999 -9999 -9999 -9999 -9999 31.52 31.52 31.52 31.52 31.52 31.51 31.4 30.98 30.97 31.01 31.04 30.92 30.93 31.07 30.72 30.48 30.46 30.71 31.09 31.21 31.16 30.96 30.64 30.4 30.19 30.19 30.26 30.24 30.12 30.18 30.48 30.92 31.13 30.82 30.76 31.1 31.1 31.17 31.39 31.45 31.4 31.34 31.21 30.98 30.64 30.12 29.64 29.54 29.78 30.1 30.51 30.92 31.25 31.37 31.25 30.93 30.8 31.08 31.44 31.56 31.58 31.58 31.58 31.59 31.59 31.59
-9999 -9999 -9999 -9999 -9999 -9999 -9999 31.52 -9999 -9999 31.52 31.52 31.52 31.52 31.52 31.52 31.52 31.42 30.96 30.57 30.58 30.73 30.76 30.74 30.84 30.58 30.24 30.21 30.27 30.58 30.71 30.58 30.59 30.58 30.41 30.21 30.14 30.13 30.06 29.96 30.02 30.28 30.77 30.85 30.47 30.58 30.93 30.89 30.99 31.27 31.35 31.28 31.23 31.13 30.94 30.69 30.23 29.72 29.47 29.58 29.88 30.42 30.91 31.18 31.21 31.04 30.75 30.75 31.14 31.47 31.57 31.58 31.58 31.57 31.55 31.55 31.54
-9999 -9999 -9999 -9999 -9999 -9999 31.51 31.51 31.51 31.51 31.51 31.51 31.51 31.51 31.51 31.51 31.51 31.41 30.93 30.48 30.38 30.46 30.53 30.54 30.59 30.4 30.07 30.04 30.04 30.25 30.35 30.17 30.13 30.19 30.09 30.04 29.98 29.92 29.83 29.76 29.9 30.2 30.6 30.53 30.21 30.35 30.66 30.66 30.79 31.08 31.2 31.15 31.06 30.93 30.6 30.37 30.05 29.63 29.3 29.37 29.75 30.35 30.85 31 30.94 30.69 30.48 30.72 31.18 31.5 31.58 31.58 31.57 31.49 31.37 31.3 31.32
-9999 -9999 -9999 -9999 -9999 31.51 31.51 31.51 31.51 31.51 31.51 31.51 31.51 31.51 31.51 31.51 31.46 31.23 30.67 30.35 30.25 30.23 30.28 30.32 30.35 30.24 29.93 29.88 29.9 30 30.08 29.93 29.83 29.89 29.88 29.87 29.79 29.67 29.54 29.57 29.81 30.09 30.36 30.16 29.99 30.14 30.31 30.42 30.57 30.78 30.89 30.98 30.84 30.72 30.26 29.88 29.67 29.39 29.16 29.29 29.64 30.24 30.68 30.64 30.55 30.27 30.23 30.64 31.16 31.49 31.58 31.58 31.56 31.43 31.11 30.91 31
-9999 -9999 -9999 -9999 31.51 31.51 31.51 31.5 31.5 31.5 31.5 31.5 31.51 31.51 31.51 31.5 31.42 30.88 30.38 30.2 30.12 30.03 30 30.09 30.18 30.09 29.85 29.74 29.77 29.8 29.88 29.76 29.59 29.63 29.72 29.7 29.62 29.46 29.34 29.5 29.76 29.99 30.06 29.87 29.75 29.86 29.96 30.12 30.24 30.34 30.44 30.74 30.56 30.21 29.87 29.54 29.35 29.13 29.12 29.34 29.57 29.82 30.07 30.06 30.01 29.9 30.14 30.67 31.17 31.48 31.57 31.57 31.55 31.45 31.22 30.95 30.76
-9999 -9999 -9999 -9999 31.5 31.5 31.5 31.5 31.5 31.5 31.5 31.5 31.5 31.5 31.5 31.48 31.38 30.66 30.14 30.07 30 29.89 29.8 29.87 30.02 29.97 29.81 29.66 29.64 29.64 29.71 29.65 29.44 29.44 29.59 29.55 29.46 29.34 29.23 29.43 29.67 29.87 29.87 29.63 29.51 29.64 29.81 29.92 29.93 29.94 29.95 30.31 30.23 29.7 29.48 29.38 29.24 29.03 29.07 29.25 29.38 29.51 29.49 29.42 29.47 29.83 30.36 30.83 31.23 31.47 31.55 31.56 31.54 31.45 31.24 30.96 30.57
-9999 -9999 -9999 31.5 31.5 31.5 31.5 31.49 31.5 31.49 31.48 31.49 31.5 31.5 31.49 31.41 31.18 30.54 30 29.92 29.89 29.8 29.72 29.69 29.83 29.84 29.73 29.6 29.52 29.48 29.5 29.51 29.33 29.28 29.47 29.45 29.3 29.19 29.13 29.35 29.58 29.71 29.68 29.48 29.36 29.54 29.68 29.73 29.68 29.6 29.57 29.88 29.86 29.44 29.2 29.16 29.13 28.97 28.97 29.06 29.19 29.28 29.19 29.17 29.46 30.02 30.55 30.94 31.27 31.47 31.53 31.54 31.52 31.45 31.28 30.95 30.45
-9999 31.49 31.49 31.49 31.49 31.49 31.47 31.44 31.45 31.44 31.37 31.42 31.48 31.49 31.45 31.23 30.79 30.41 29.96 29.82 29.79 29.71 29.64 29.56 29.65 29.69 29.6 29.51 29.41 29.28 29.24 29.32 29.21 29.1 29.29 29.35 29.18 29.02 29.03 29.25 29.42 29.5 29.48 29.37 29.24 29.4 29.48 29.47 29.44 29.28 29.3 29.55 29.58 29.28 29 28.97 29 28.84 28.77 28.83 28.98 29.06 28.95 29.07 29.52 30.14 30.63 30.99 31.26 31.42 31.5 31.5 31.43 31.34 31.19 30.89 30.37
31.48 31.48 31.48 31.48 31.48 31.47 31.39 31.24 31.25 31.33 31.21 31.32 31.43 31.43 31.37 30.91 30.42 30.18 29.9 29.76 29.69 29.61 29.56 29.47 29.52 29.56 29.45 29.37 29.33 29.16 29.06 29.18 29.12 28.93 29.07 29.14 28.95 28.82 28.91 29.09 29.19 29.26 29.26 29.22 29.06 29.18 29.29 29.25 29.23 29.09 29.12 29.26 29.3 29.13 28.88 28.79 28.83 28.7 28.63 28.7 28.77 28.79 28.75 29.02 29.56 30.17 30.65 30.97 31.18 31.31 31.44 31.47 31.38 31.21 31 30.76 30.38
31.48 31.48 31.48 31.48 31.48 31.45 31.32 31.06 30.92 31.05 31.05 31.17 31.21 31.05 30.79 30.35 29.99 29.92 29.72 29.59 29.56 29.5 29.45 29.38 29.36 29.42 29.31 29.21 29.19 29.09 28.97 29.06 29 28.78 28.82 28.89 28.61 28.47 28.66 28.85 29.02 29.14 29.17 29.08 28.97 29.01 29.11 29.06 29.04 28.93 28.87 28.93 29.01 28.86 28.7 28.67 28.75 28.75 28.83 28.91 28.8 28.74 28.77 29.03 29.64 30.18 30.55 30.82 30.98 31.09 31.24 31.37 31.4 31.28 31.09 30.88 30.68
31.47 31.47 31.47 31.47 31.47 31.45 31.34 31.07 30.82 30.73 30.72 30.73 30.64 30.4 30.14 29.83 29.6 29.69 29.58 29.37 29.34 29.36 29.29 29.25 29.15 29.19 29.12 29.01 28.95 28.86 28.78 28.89 28.82 28.5 28.46 28.53 28.57 28.65 28.95 29.3 29.56 29.71 29.75 29.72 29.48 29.23 29.04 28.87 28.84 28.76 28.62 28.62 28.7 28.66 28.73 29 29.22 29.31 29.37 29.51 29.4 29.15 29.03 29.02 29.56 30.02 30.29 30.49 30.59 30.68 30.94 31.2 31.35 31.34 31.21 31.05 30.85
31.47 31.47 31.47 31.47 31.46 31.43 31.31 31.01 30.75 30.51 30.33 30.26 30.16 29.93 29.73 29.55 29.39 29.45 29.45 29.23 29.14 29.17 29.07 29.04 28.93 28.9 28.88 28.74 28.6 28.47 28.44 28.56 28.51 28.21 28.44 28.8 29.09 29.32 29.71 30.11 30.33 30.45 30.45 30.48 30.27 30.03 29.74 29.51 29.34 28.98 28.59 28.51 28.62 28.82 29.01 29.52 29.92 30.04 30.05 30.21 30.17 29.94 29.54 29.31 29.43 29.64 29.85 30 30.15 30.35 30.73 31.04 31.26 31.26 31.05 30.88 30.67
31.46 31.46 31.46 31.46 31.43 31.3 31.12 30.88 30.64 30.41 30.16 29.98 29.82 29.62 29.46 29.41 29.31 29.3 29.27 29.1 29.01 29.03 29.02 28.94 28.82 28.7 28.68 28.68 28.66 28.62 28.56 28.45 28.29 28.49 28.94 29.45 29.8 30.05 30.32 30.62 30.8 30.9 30.88 30.89 30.77 30.63 30.47 30.3 30.1 29.75 29.2 28.74 28.83 29.12 29.4 29.93 30.45 30.6 30.62 30.69 30.63 30.49 30.16 29.98 29.84 29.63 29.56 29.75 30.09 30.46 30.79 31.03 31.21 31.15 30.83 30.54 30.32
31.46 31.46 31.43 31.38 31.35 31.17 30.92 30.71 30.5 30.29 30.03 29.82 29.63 29.53 29.62 29.83 30 29.9 29.62 29.33 29.41 29.69 29.89 29.76 29.42 29.11 29.06 29.04 29.08 29.11 29.07 28.89 28.79 29.12 29.51 29.95 30.4 30.61 30.76 31 31.14 31.21 31.22 31.21 31.13 31.02 30.9 30.77 30.59 30.35 29.89 29.41 29.24 29.65 29.99 30.29 30.72 30.94 31 31 30.94 30.81 30.64 30.52 30.37 30.17 29.94 29.87 30.11 30.39 30.6 30.87 31.1 31.12 30.84 30.42 30.18
31.45 31.43 31.33 31.15 31.08 31 30.78 30.55 30.3 30.09 29.91 29.78 29.72 29.93 30.31 30.48 30.51 30.47 30.3 30 30.09 30.38 30.53 30.45 30.06 29.76 29.82 29.67 29.67 29.82 29.83 29.66 29.57 29.9 30.22 30.44 30.8 30.99 31.12 31.27 31.36 31.41 31.43 31.43 31.38 31.31 31.2 31.09 30.93 30.71 30.46 30.24 30.08 30.27 30.64 30.8 31.02 31.17 31.23 31.23 31.17 31.07 30.94 30.82 30.69 30.52 30.3 30.03 29.86 30.01 30.25 30.56 30.9 31.05 30.97 30.69 30.47
31.43 31.39 31.23 31 30.84 30.8 30.67 30.41 30.1 29.88 29.93 30.13 30.29 30.46 30.68 30.79 30.82 30.79 30.73 30.65 30.69 30.81 30.86 30.78 30.45 30.44 30.53 30.45 30.43 30.5 30.55 30.47 30.39 30.54 30.73 30.89 31.14 31.27 31.37 31.43 31.46 31.48 31.48 31.48 31.48 31.45 31.4 31.33 31.2 31.06 30.93 30.82 30.75 30.79 31.02 31.15 31.27 31.36 31.39 31.38 31.32 31.22 31.13 31.01 30.87 30.68 30.43 30.13 29.56 29.44 29.82 30.27 30.61 30.88 30.95 30.91 30.74
31.41 31.31 31.12 30.92 30.74 30.61 30.5 30.3 29.98 29.89 30.21 30.55 30.68 30.76 30.9 30.99 31.03 31.04 31.05 31.06 31.06 31.08 31.1 31.06 30.92 30.93 30.93 30.91 30.93 30.94 30.96 30.94 30.95 31.01 31.08 31.22 31.36 31.42 31.46 31.48 31.48 31.49 31.49 31.49 31.49 31.49 31.49 31.46 31.41 31.34 31.26 31.18 31.15 31.14 31.28 31.38 31.43 31.46 31.47 31.45 31.4 31.29 31.2 31.06 30.88 30.67 30.34 29.89 29.03 28.61 29.19 29.85 30.32 30.68 30.76 30.81 30.78
31.36 31.22 31.03 30.85 30.67 30.45 30.28 30.16 29.91 30.02 30.47 30.77 30.9 30.98 31.08 31.15 31.2 31.22 31.25 31.27 31.28 31.28 31.28 31.27 31.24 31.22 31.21 31.21 31.22 31.22 31.22 31.24 31.26 31.27 31.31 31.39 31.44 31.47 31.47 31.48 31.48 31.48 31.49 31.49 31.49 31.49 31.5 31.5 31.49 31.47 31.45 31.42 31.4 31.41 31.45 31.48 31.49 31.5 31.49 31.48 31.42 31.27 31.15 30.95 30.69 30.48 30.23 29.6 28.6 28.28 28.92 29.59 30.2 30.45 30.47 30.57 30.57
31.2 31.06 30.91 30.75 30.59 30.37 30.11 29.96 29.82 30.12 30.58 30.87 31.04 31.15 31.23 31.28 31.31 31.34 31.35 31.37 31.38 31.39 31.39 31.39 31.38 31.38 31.37 31.36 31.37 31.37 31.37 31.38 31.39 31.4 31.41 31.45 31.46 31.47 31.47 31.47 31.48 31.48 31.48 31.49 31.49 31.49 31.49 31.5 31.5 31.5 31.5 31.49 31.49 31.5 31.51 31.51 31.51 31.51 31.5 31.47 31.39 31.22 31.04 30.7 30.33 30.06 29.86 29.32 28.47 28.17 28.81 29.46 29.88 30.01 30.06 30.2 30.28
31.03 30.89 30.78 30.62 30.45 30.27 29.99 29.75 29.72 30.14 30.61 30.92 31.13 31.26 31.33 31.35 31.37 31.38 31.39 31.4 31.41 31.42 31.42 31.42 31.42 31.43 31.42 31.42 31.42 31.42 31.43 31.43 31.43 31.44 31.45 31.45 31.46 31.46 31.46 31.47 31.47 31.47 31.47 31.48 31.48 31.48 31.49 31.49 31.49 31.5 31.5 31.5 31.5 31.51 31.51 31.51 31.52 31.51 31.49 31.42 31.19 30.95 30.75 30.31 29.96 29.58 29.21 28.75 28.23 28.21 28.73 29.18 29.25 29.33 29.54 29.83 30.07
