ASPA-UH-SWB2_REPO/input/Gridded_temps/prism_tmin_tutuila_30yr_normal_04.asc
ncols         350
nrows         200
xllcorner     515000
yllcorner     8409000
cellsize      100
NODATA_value  -9999
[rows 105 to 139 of 200, columns 77 to 153 of 350]
23.53 23.85 24.18 24.26 24.22 23.95 23.56 23.27 23.09 22.98 22.98 23 23 22.95 22.94 22.9 22.8 22.79 22.9 22.96 22.91 22.85 22.86 22.94 23.12 23.33 23.5 23.61 23.7 23.81 23.81 23.64 23.38 23.26 23.33 23.53 23.78 24.02 24.2 24.04 23.76 23.55 23.45 23.35 23.25 23.19 23.14 23.04 22.91 22.79 22.63 22.44 22.47 22.88 23.27 23.54 23.83 24.08 24.25 24.35 24.36 24.33 24.19 23.87 23.49 23.41 23.6 23.65 23.44 23.07 22.83 22.88 23.02 23.03 23.24 23.43 23.21
23.54 23.85 24.11 24.06 24.04 23.99 23.62 23.36 23.21 23.07 22.97 22.93 22.97 22.96 22.9 22.81 22.73 22.73 22.82 22.87 22.89 22.89 22.89 22.95 23.08 23.25 23.4 23.51 23.65 23.76 23.75 23.57 23.29 23.24 23.46 23.65 23.8 24 24.14 24.06 23.85 23.67 23.54 23.42 23.3 23.17 23.05 22.93 22.8 22.7 22.57 22.47 22.67 23.21 23.58 23.79 23.97 24.22 24.35 24.39 24.39 24.34 24.18 23.91 23.57 23.52 23.77 23.75 23.47 23.13 23.02 23.07 23.16 23.16 23.33 23.6 23.54
23.4 23.64 23.85 23.71 23.6 23.76 23.58 23.43 23.33 23.23 23.11 23.03 22.99 22.95 22.85 22.76 22.74 22.8 22.87 22.91 22.93 22.93 22.93 22.97 23.07 23.27 23.49 23.64 23.71 23.67 23.52 23.35 23.21 23.37 23.63 23.79 23.92 23.99 24.01 23.94 23.87 23.8 23.65 23.53 23.43 23.29 23.13 22.97 22.83 22.69 22.54 22.6 23.01 23.49 23.78 24.02 24.16 24.32 24.4 24.42 24.41 24.37 24.26 24.01 23.69 23.71 23.93 23.8 23.54 23.28 23.26 23.32 23.34 23.34 23.49 23.75 23.79
23.21 23.36 23.45 23.4 23.34 23.44 23.47 23.44 23.39 23.3 23.18 23.07 22.97 22.9 22.83 22.76 22.77 22.84 22.92 22.95 22.97 22.97 23 23.05 23.17 23.37 23.54 23.55 23.49 23.37 23.21 23.18 23.3 23.54 23.71 23.79 23.85 23.8 23.78 23.7 23.69 23.76 23.67 23.51 23.36 23.24 23.13 22.97 22.79 22.6 22.58 22.82 23.28 23.71 24.03 24.22 24.31 24.39 24.43 24.43 24.42 24.39 24.31 24.1 23.84 23.85 24.04 24.01 23.84 23.57 23.58 23.63 23.54 23.44 23.6 23.88 23.98
23.01 23.08 23.15 23.18 23.18 23.26 23.34 23.36 23.34 23.28 23.17 23.05 22.94 22.86 22.8 22.76 22.78 22.84 22.91 22.96 22.99 23 23.03 23.11 23.27 23.4 23.39 23.25 23.09 22.98 22.96 23.17 23.45 23.57 23.59 23.6 23.65 23.63 23.58 23.52 23.54 23.63 23.63 23.51 23.31 23.12 22.97 22.83 22.67 22.56 22.73 22.99 23.35 23.77 24.12 24.31 24.39 24.42 24.44 24.44 24.43 24.4 24.34 24.19 23.93 23.85 24.07 24.25 24.1 23.85 23.88 23.91 23.69 23.54 23.64 23.97 24.2
22.93 22.95 22.98 23.03 23.07 23.14 23.21 23.23 23.23 23.22 23.16 23.07 22.96 22.85 22.8 22.79 22.81 22.85 22.91 22.95 22.97 22.98 22.98 23.01 23.1 23.16 23.1 22.96 22.87 22.86 22.98 23.25 23.36 23.35 23.35 23.38 23.46 23.47 23.39 23.37 23.42 23.48 23.5 23.42 23.26 23.1 22.97 22.82 22.66 22.69 22.99 23.28 23.5 23.86 24.18 24.35 24.42 24.44 24.44 24.44 24.42 24.37 24.26 24.03 23.72 23.61 23.86 24.24 24.28 24.13 24.12 24.05 23.74 23.72 23.78 24.06 24.36
22.93 22.94 22.96 23 23.03 23.05 23.08 23.08 23.12 23.19 23.16 23.09 22.98 22.88 22.84 22.82 22.84 22.86 22.89 22.91 22.92 22.91 22.89 22.89 22.91 22.89 22.86 22.82 22.81 22.85 22.95 23.05 23.05 23.03 23.05 23.14 23.28 23.3 23.23 23.27 23.37 23.39 23.4 23.35 23.25 23.13 23.01 22.84 22.69 22.79 23.13 23.43 23.76 24.08 24.29 24.4 24.44 24.44 24.44 24.44 24.4 24.29 24.05 23.73 23.34 23.16 23.47 24.04 24.36 24.37 24.3 24.08 23.82 23.91 24 24.18 24.45
22.95 22.97 23.01 23.02 23.01 22.99 22.99 23.01 23.08 23.16 23.15 23.08 23 22.95 22.9 22.86 22.85 22.85 22.85 22.85 22.84 22.82 22.81 22.8 22.8 22.8 22.8 22.8 22.81 22.82 22.84 22.83 22.82 22.82 22.85 22.96 23.11 23.18 23.2 23.29 23.41 23.39 23.37 23.33 23.22 23.07 22.94 22.87 22.81 22.86 23.15 23.47 23.9 24.25 24.38 24.44 24.45 24.45 24.44 24.43 24.37 24.21 23.84 23.42 22.99 22.73 23.09 23.77 24.25 24.43 24.39 24.18 24.05 24.14 24.22 24.3 24.51
22.97 23.01 23.1 23.12 23.09 23 22.98 23 23.07 23.15 23.17 23.13 23.08 23.02 22.94 22.88 22.85 22.83 22.81 22.79 22.77 22.75 22.74 22.74 22.74 22.75 22.77 22.77 22.78 22.78 22.77 22.77 22.79 22.81 22.85 22.9 23.01 23.19 23.32 23.42 23.5 23.47 23.43 23.36 23.22 23.06 22.98 22.98 22.91 22.86 23.16 23.53 23.98 24.28 24.41 24.44 24.45 24.45 24.44 24.4 24.27 24.03 23.69 23.15 22.83 22.77 23.11 23.73 24.21 24.46 24.47 24.36 24.29 24.34 24.42 24.44 24.55
23 23.06 23.19 23.28 23.29 23.12 23.09 23.1 23.14 23.23 23.25 23.17 23.09 23.02 22.95 22.89 22.86 22.82 22.78 22.75 22.72 22.69 22.68 22.67 22.68 22.7 22.72 22.73 22.73 22.74 22.75 22.79 22.83 22.87 22.94 23.02 23.13 23.31 23.45 23.57 23.63 23.6 23.54 23.4 23.23 23.13 23.1 23.07 22.93 22.85 23.21 23.59 24.04 24.3 24.42 24.44 24.45 24.45 24.43 24.32 24.03 23.69 23.39 23.06 23.03 23.27 23.55 23.91 24.3 24.49 24.52 24.5 24.46 24.48 24.53 24.56 24.58
23.09 23.15 23.25 23.38 23.48 23.36 23.32 23.31 23.34 23.44 23.38 23.21 23.1 23.05 22.99 22.91 22.87 22.82 22.77 22.73 22.69 22.65 22.63 22.62 22.62 22.62 22.64 22.66 22.67 22.7 22.78 22.92 23.03 23.04 23.05 23.11 23.26 23.4 23.52 23.66 23.73 23.72 23.65 23.49 23.31 23.25 23.18 23.06 22.93 22.92 23.21 23.49 23.86 24.2 24.4 24.45 24.45 24.44 24.41 24.23 23.88 23.64 23.43 23.29 23.32 23.62 24.02 24.25 24.42 24.52 24.54 24.54 24.54 24.55 24.57 24.59 24.6
23.27 23.38 23.45 23.51 23.6 23.63 23.59 23.56 23.59 23.7 23.6 23.41 23.27 23.21 23.08 22.96 22.9 22.84 22.79 22.73 22.67 22.62 22.59 22.57 22.55 22.52 22.5 22.51 22.56 22.66 22.83 23.1 23.3 23.35 23.32 23.27 23.25 23.34 23.5 23.7 23.79 23.78 23.73 23.6 23.45 23.33 23.2 23.08 23.03 23.12 23.38 23.61 23.89 24.23 24.4 24.44 24.44 24.44 24.39 24.26 24.07 23.9 23.7 23.62 23.5 23.68 24.05 24.35 24.49 24.53 24.54 24.55 24.56 24.57 24.59 24.59 24.6
23.47 23.6 23.67 23.71 23.73 23.81 23.83 23.81 23.8 23.9 23.84 23.64 23.49 23.35 23.17 23.03 22.94 22.87 22.82 22.75 22.67 22.59 22.56 22.55 22.5 22.46 22.38 22.35 22.47 22.72 22.95 23.11 23.35 23.49 23.52 23.5 23.45 23.5 23.64 23.78 23.83 23.81 23.71 23.54 23.38 23.25 23.17 23.15 23.21 23.34 23.59 23.84 24.07 24.31 24.41 24.44 24.44 24.44 24.41 24.36 24.3 24.16 24.01 23.94 23.75 23.75 23.93 24.39 24.5 24.53 24.54 24.55 24.56 24.58 24.59 24.59 24.6
23.61 23.75 23.84 23.87 23.82 23.87 23.99 24.01 23.95 24.02 23.96 23.72 23.63 23.49 23.3 23.11 22.98 22.93 22.88 22.8 22.69 22.59 22.57 22.61 22.53 22.46 22.38 22.41 22.66 23.03 23.21 23.19 23.3 23.48 23.57 23.61 23.64 23.69 23.77 23.84 23.86 23.85 23.72 23.49 23.31 23.24 23.25 23.27 23.42 23.64 23.78 24.01 24.22 24.36 24.42 24.43 24.44 24.44 24.43 24.42 24.39 24.31 24.27 24.25 24.12 24.08 24.17 24.44 24.51 24.53 24.54 24.55 24.56 24.58 24.59 24.59 24.6
23.69 23.84 23.98 24.02 23.94 23.88 24.03 24.19 24.17 24.18 24.09 23.91 23.83 23.61 23.36 23.16 23.06 23.03 23.01 22.92 22.8 22.69 22.58 22.58 22.58 22.55 22.49 22.59 22.91 23.25 23.39 23.35 23.35 23.46 23.55 23.62 23.68 23.74 23.8 23.86 23.89 23.86 23.72 23.5 23.43 23.39 23.37 23.38 23.66 23.89 24 24.16 24.33 24.41 24.44 24.44 24.44 24.44 24.44 24.44 24.43 24.41 24.41 24.41 24.39 24.38 24.41 24.49 24.52 24.53 24.54 24.55 24.56 24.58 24.59 24.59 24.6
23.77 23.88 24.05 24.15 24.12 24.07 24.18 24.34 24.36 24.32 24.2 24.07 23.94 23.73 23.5 23.32 23.22 23.21 23.21 23.12 23.03 22.95 22.82 22.7 22.71 22.72 22.69 22.83 23.13 23.37 23.44 23.42 23.4 23.48 23.55 23.61 23.69 23.76 23.81 23.86 23.9 23.89 23.77 23.6 23.58 23.56 23.49 23.49 23.76 24.04 24.22 24.32 24.4 24.43 24.44 24.44 24.44 24.44 24.44 24.43 24.44 24.45 24.46 24.46 24.47 24.47 24.49 24.51 24.52 24.53 24.54 24.56 24.56 24.58 24.59 24.59 24.59
23.83 23.87 23.98 24.13 24.24 24.31 24.38 24.46 24.42 24.26 24.04 23.92 23.87 23.77 23.6 23.45 23.37 23.37 23.37 23.32 23.3 23.24 23.15 22.97 22.92 22.92 22.95 23.1 23.3 23.4 23.38 23.31 23.36 23.51 23.58 23.63 23.72 23.8 23.85 23.9 23.94 23.93 23.88 23.79 23.73 23.71 23.59 23.56 23.77 24.05 24.3 24.4 24.44 24.45 24.45 24.44 24.44 24.44 24.44 24.44 24.45 24.45 24.46 24.47 24.48 24.49 24.5 24.51 24.51 24.53 24.54 24.55 24.56 24.57 24.58 24.58 24.58
23.88 23.86 23.91 24.05 24.22 24.4 24.5 24.48 24.31 24.08 23.91 23.84 23.76 23.7 23.63 23.54 23.48 23.49 23.51 23.49 23.53 23.49 23.35 23.15 23.08 23.13 23.17 23.24 23.35 23.38 23.26 23.16 23.34 23.54 23.62 23.68 23.76 23.84 23.9 23.95 23.97 23.96 23.94 23.9 23.87 23.86 23.75 23.75 23.98 24.21 24.36 24.44 24.46 24.46 24.45 24.45 24.45 24.44 24.44 24.45 24.46 24.46 24.46 24.47 24.48 24.49 24.5 24.51 24.51 24.53 24.54 24.55 24.55 24.56 24.57 24.57 24.58
23.94 23.89 23.92 24.06 24.23 24.42 24.54 24.48 24.24 24 23.91 23.86 23.73 23.7 23.7 23.62 23.58 23.6 23.62 23.63 23.7 23.61 23.42 23.3 23.25 23.32 23.39 23.32 23.3 23.32 23.23 23.22 23.44 23.61 23.69 23.75 23.81 23.86 23.93 23.99 24 23.99 23.98 23.97 24.03 24.08 24.03 24 24.21 24.36 24.43 24.46 24.46 24.46 24.46 24.46 24.45 24.45 24.45 24.46 24.47 24.47 24.47 24.48 24.49 24.5 24.5 24.51 24.52 24.53 24.54 24.55 24.55 24.55 24.56 24.57 24.57
24.03 23.94 23.97 24.13 24.31 24.45 24.58 24.54 24.32 24.12 24.04 23.95 23.76 23.76 23.81 23.73 23.68 23.7 23.75 23.79 23.84 23.7 23.55 23.5 23.43 23.49 23.62 23.48 23.32 23.32 23.32 23.41 23.6 23.72 23.78 23.83 23.87 23.91 23.96 24 24.01 24.01 24.01 24.03 24.14 24.24 24.24 24.23 24.33 24.42 24.45 24.46 24.46 24.46 24.46 24.46 24.46 24.46 24.47 24.47 24.48 24.48 24.48 24.48 24.49 24.5 24.51 24.52 24.52 24.53 24.54 24.54 24.54 24.55 24.56 24.56 24.57
24.14 24.02 24.06 24.27 24.45 24.54 24.69 24.68 24.49 24.36 24.25 24.12 23.89 23.87 23.93 23.84 23.77 23.79 23.91 24.02 24.03 23.88 23.81 23.7 23.6 23.71 23.84 23.68 23.48 23.46 23.5 23.64 23.8 23.86 23.9 23.93 23.96 23.98 24 24.02 24.03 24.03 24.03 24.08 24.2 24.29 24.32 24.35 24.39 24.43 24.45 24.47 24.47 24.47 24.47 24.47 24.47 24.48 24.48 24.48 24.48 24.48 24.49 24.5 24.5 24.51 24.52 24.52 24.52 24.53 24.54 24.54 24.54 24.55 24.56 24.57 24.58
24.2 24.07 24.12 24.38 24.6 24.68 24.85 24.9 24.73 24.61 24.47 24.26 24.04 23.99 24.01 23.94 23.87 23.91 24.12 24.31 24.26 24.19 24.12 23.93 23.89 24.02 24.04 23.79 23.58 23.62 23.69 23.83 23.96 24.02 24.04 24.05 24.05 24.05 24.05 24.05 24.04 24.04 24.06 24.13 24.24 24.3 24.34 24.37 24.41 24.43 24.46 24.47 24.48 24.47 24.47 24.47 24.47 24.48 24.48 24.48 24.48 24.48 24.49 24.5 24.5 24.51 24.52 24.52 24.52 24.53 24.53 24.54 24.54 24.55 24.56 24.57 24.58
24.24 24.13 24.17 24.43 24.7 24.83 24.97 25.05 24.96 24.8 24.55 24.3 24.1 24.05 24.05 24.01 23.97 24.09 24.34 24.49 24.43 24.45 24.37 24.25 24.24 24.28 24.15 23.8 23.57 23.64 23.8 23.95 24.05 24.11 24.13 24.14 24.12 24.11 24.1 24.1 24.08 24.07 24.1 24.17 24.25 24.3 24.35 24.38 24.42 24.44 24.47 24.48 24.48 24.47 24.47 24.47 24.47 24.47 24.48 24.48 24.48 24.48 24.49 24.49 24.5 24.5 24.51 24.52 24.52 24.53 24.53 24.54 24.54 24.56 24.56 24.57 24.58
24.32 24.26 24.27 24.44 24.76 24.95 25.05 25.13 25.08 24.85 24.54 24.3 24.12 24.08 24.1 24.09 24.07 24.23 24.48 24.62 24.62 24.63 24.56 24.49 24.46 24.4 24.22 23.88 23.57 23.57 23.77 23.98 24.1 24.16 24.19 24.19 24.18 24.17 24.16 24.15 24.14 24.14 24.17 24.22 24.28 24.32 24.37 24.4 24.43 24.46 24.47 24.48 24.48 24.47 24.47 24.46 24.46 24.47 24.47 24.48 24.48 24.48 24.49 24.49 24.49 24.49 24.5 24.51 24.51 24.52 24.53 24.54 24.55 24.56 24.56 24.57 24.58
24.47 24.44 24.42 24.51 24.82 25.03 25.12 25.18 25.14 24.93 24.64 24.33 24.16 24.16 24.18 24.18 24.15 24.26 24.47 24.66 24.73 24.74 24.7 24.62 24.57 24.49 24.33 24.03 23.72 23.64 23.71 23.9 24.06 24.17 24.23 24.24 24.24 24.23 24.22 24.21 24.2 24.2 24.24 24.28 24.33 24.37 24.4 24.43 24.45 24.47 24.49 24.49 24.48 24.47 24.47 24.47 24.47 24.47 24.47 24.48 24.48 24.48 24.49 24.49 24.49 24.49 24.5 24.51 24.51 24.52 24.53 24.54 24.55 24.55 24.56 24.57 24.58
24.62 24.61 24.59 24.58 24.76 24.98 25.13 25.21 25.17 24.96 24.67 24.42 24.32 24.31 24.23 24.15 24.13 24.21 24.38 24.61 24.76 24.82 24.79 24.7 24.65 24.57 24.4 24.14 23.94 23.81 23.77 23.85 23.97 24.14 24.26 24.29 24.29 24.28 24.26 24.25 24.23 24.25 24.28 24.33 24.37 24.4 24.43 24.46 24.48 24.49 24.5 24.5 24.49 24.48 24.48 24.48 24.48 24.47 24.47 24.48 24.48 24.48 24.49 24.49 24.5 24.5 24.5 24.5 24.51 24.51 24.52 24.54 24.54 24.55 24.55 24.56 24.57
24.78 24.76 24.73 24.72 24.71 24.77 25.05 25.21 25.21 25.06 24.82 24.56 24.44 24.42 24.33 24.25 24.25 24.27 24.34 24.54 24.74 24.85 24.86 24.8 24.73 24.61 24.38 24.15 24.05 23.96 23.9 23.94 24.03 24.19 24.29 24.32 24.32 24.31 24.3 24.29 24.28 24.3 24.33 24.37 24.4 24.43 24.46 24.48 24.5 24.51 24.5 24.5 24.5 24.49 24.49 24.49 24.48 24.48 24.48 24.48 24.49 24.49 24.5 24.5 24.5 24.5 24.5 24.5 24.51 24.51 24.52 24.54 24.54 24.54 24.55 24.56 24.57
24.93 24.88 24.83 24.85 24.76 24.76 25.04 25.22 25.26 25.19 24.98 24.67 24.5 24.5 24.48 24.47 24.51 24.49 24.42 24.55 24.75 24.88 24.93 24.89 24.78 24.59 24.31 24.14 24.12 24.08 24.03 24.05 24.1 24.2 24.3 24.34 24.35 24.34 24.34 24.33 24.33 24.34 24.36 24.4 24.42 24.45 24.48 24.5 24.51 24.51 24.5 24.5 24.5 24.5 24.5 24.5 24.49 24.49 24.49 24.49 24.5 24.5 24.5 24.5 24.5 24.5 24.51 24.51 24.51 24.51 24.52 24.54 24.54 24.54 24.55 24.56 24.57
25.01 24.94 24.92 24.94 24.87 24.9 25.11 25.25 25.28 25.23 25.06 24.72 24.51 24.53 24.6 24.67 24.76 24.71 24.56 24.64 24.84 24.95 24.99 24.95 24.85 24.63 24.33 24.17 24.18 24.19 24.15 24.14 24.14 24.19 24.31 24.37 24.38 24.37 24.37 24.37 24.37 24.38 24.39 24.42 24.45 24.47 24.49 24.5 24.51 24.51 24.51 24.5 24.5 24.5 24.5 24.5 24.5 24.49 24.49 24.5 24.5 24.5 24.51 24.51 24.51 24.51 24.51 24.51 24.51 24.52 24.53 24.54 24.54 24.55 24.56 24.56 24.57
24.98 24.95 25.03 25.03 25.04 25.13 25.22 25.28 25.29 25.24 25.06 24.72 24.54 24.59 24.7 24.81 24.91 24.85 24.71 24.78 24.94 25.01 25.03 24.99 24.89 24.66 24.37 24.2 24.2 24.24 24.24 24.22 24.18 24.19 24.33 24.41 24.43 24.42 24.41 24.4 24.4 24.41 24.42 24.44 24.46 24.48 24.5 24.51 24.51 24.51 24.5 24.49 24.49 24.49 24.49 24.49 24.5 24.49 24.5 24.5 24.5 24.51 24.52 24.52 24.52 24.52 24.52 24.52 24.52 24.53 24.53 24.54 24.55 24.56 24.56 24.56 24.57
25.02 25.07 25.16 25.14 25.2 25.27 25.29 25.3 25.28 25.17 24.94 24.67 24.59 24.65 24.78 24.93 25.01 24.98 24.91 24.93 25.01 25.04 25.04 25.02 24.93 24.75 24.5 24.28 24.21 24.25 24.29 24.27 24.2 24.19 24.32 24.43 24.46 24.46 24.45 24.44 24.44 24.44 24.44 24.45 24.47 24.49 24.5 24.51 24.51 24.51 24.5 24.49 24.49 24.48 24.48 24.48 24.49 24.49 24.5 24.5 24.51 24.51 24.53 24.53 24.53 24.53 24.52 24.52 24.53 24.53 24.53 24.54 24.55 24.56 24.56 24.57 24.57
25.13 25.2 25.26 25.25 25.29 25.31 25.31 25.3 25.23 25.03 24.79 24.63 24.61 24.67 24.79 24.95 25.04 25.05 25.02 25.02 25.05 25.06 25.05 25.04 24.99 24.86 24.64 24.36 24.22 24.23 24.29 24.29 24.21 24.17 24.28 24.42 24.49 24.49 24.48 24.48 24.47 24.46 24.46 24.46 24.48 24.49 24.51 24.51 24.51 24.5 24.49 24.49 24.49 24.48 24.48 24.48 24.49 24.49 24.5 24.51 24.51 24.51 24.52 24.53 24.53 24.53 24.53 24.53 24.53 24.53 24.54 24.54 24.55 24.56 24.56 24.57 24.57
25.2 25.26 25.31 25.31 25.32 25.32 25.32 25.3 25.22 24.98 24.76 24.65 24.63 24.66 24.74 24.89 25.03 25.06 25.06 25.06 25.07 25.07 25.07 25.05 25 24.85 24.63 24.4 24.25 24.21 24.26 24.31 24.25 24.2 24.28 24.41 24.5 24.51 24.51 24.5 24.49 24.49 24.49 24.48 24.49 24.5 24.5 24.5 24.5 24.49 24.49 24.49 24.49 24.49 24.49 24.49 24.5 24.5 24.5 24.51 24.51 24.51 24.52 24.52 24.52 24.53 24.54 24.54 24.54 24.54 24.54 24.55 24.55 24.56 24.57 24.57 24.57
25.26 25.3 25.32 25.33 25.33 25.32 25.32 25.3 25.23 25.03 24.82 24.71 24.73 24.75 24.76 24.87 25 25.05 25.07 25.08 25.08 25.08 25.07 25.05 24.98 24.8 24.58 24.41 24.29 24.2 24.23 24.31 24.31 24.28 24.33 24.44 24.51 24.53 24.53 24.52 24.51 24.51 24.5 24.5 24.5 24.5 24.5 24.49 24.49 24.49 24.49 24.5 24.5 24.5 24.5 24.5 24.5 24.5 24.51 24.51 24.51 24.52 24.52 24.52 24.52 24.53 24.54 24.55 24.55 24.55 24.55 24.55 24.56 24.57 24.57 24.57 24.57
25.31 25.33 25.33 25.33 25.33 25.32 25.31 25.29 25.24 25.08 24.91 24.83 24.9 24.95 24.91 24.91 24.96 25.03 25.08 25.09 25.08 25.08 25.07 25.05 24.96 24.74 24.52 24.41 24.32 24.24 24.25 24.33 24.35 24.31 24.33 24.41 24.5 24.54 24.54 24.53 24.53 24.53 24.51 24.5 24.5 24.5 24.49 24.49 24.49 24.49 24.49 24.5 24.5 24.5 24.51 24.51 24.51 24.51 24.51 24.51 24.51 24.52 24.52 24.52 24.53 24.54 24.55 24.56 24.56 24.55 24.55 24.56 24.57 24.57 24.57 24.58 24.58
