ASPA-UH-SWB2_REPO/input/Gridded_temps/prism_tmax_tutuila_30yr_normal_05.asc
ncols         350
nrows         200
xllcorner     515000
yllcorner     8409000
cellsize      100
NODATA_value  -9999
[rows 35 to 69 of 200, columns 154 to 230 of 350]
-9999 -9999 -9999 -9999 -9999 -9999 -9999 -9999 -9999 -9999 -9999 -9999 -9999 -9999 -9999 -9999 -9999 -9999 -9999 -9999 -9999 -9999 -9999 -9999 -9999 -9999 -9999 -9999 -9999 -9999 30.38 30.38 30.39 30.39 30.39 30.39 30.39 30.39 30.39 30.39 30.39 30.39 30.39 30.38 30.32 30.13 29.63 29.3 29.61 30.02 30.28 30.38 30.4 30.4 30.4 30.4 30.4 30.4 30.4 30.4 30.4 30.4 30.4 30.4 30.4 -9999 -9999 -9999 -9999 30.4 30.4 -9999 -9999 -9999 -9999 -9999 -9999
-9999 -9999 -9999 -9999 -9999 -9999 -9999 -9999 -9999 -9999 -9999 -9999 -9999 -9999 -9999 -9999 -9999 -9999 -9999 -9999 -9999 -9999 -9999 -9999 -9999 -9999 -9999 -9999 -9999 -9999 30.38 30.38 30.38 30.38 30.38 30.39 30.39 30.39 30.39 30.39 30.39 30.39 30.38 30.33 30.12 29.72 29.5 29.42 29.77 30.18 30.35 30.39 30.39 30.39 30.4 30.4 30.4 30.4 30.4 30.4 30.4 30.4 30.4 30.4 30.4 30.4 -9999 -9999 30.4 30.4 30.4 30.4 -9999 -9999 -9999 -9999 -9999
-9999 -9999 -9999 -9999 -9999 -9999 -9999 -9999 -9999 -9999 -9999 -9999 -9999 -9999 -9999 -9999 -9999 -9999 -9999 -9999 -9999 -9999 -9999 -9999 -9999 -9999 -9999 -9999 -9999 30.38 30.38 30.38 30.38 30.38 30.38 30.38 30.38 30.37 30.34 30.34 30.36 30.34 30.31 30.22 30.04 29.98 29.97 30 30.13 30.31 30.38 30.39 30.39 30.39 30.39 30.39 30.4 30.4 30.4 30.4 30.4 30.4 30.4 30.4 30.4 30.4 -9999 30.4 30.4 30.4 30.4 30.4 30.4 -9999 -9999 -9999 -9999
-9999 -9999 -9999 -9999 -9999 -9999 -9999 -9999 -9999 -9999 -9999 -9999 -9999 -9999 -9999 -9999 -9999 -9999 -9999 -9999 -9999 -9999 -9999 -9999 -9999 30.38 30.38 -9999 30.38 30.38 30.38 30.38 30.38 30.38 30.38 30.38 30.38 30.33 30.19 30.15 30.19 30.04 29.92 29.9 30.12 30.25 30.29 30.31 30.34 30.38 30.39 30.39 30.39 30.39 30.39 30.39 30.39 30.4 30.4 30.4 30.4 30.38 30.39 30.4 30.4 30.4 30.4 30.4 30.4 30.4 30.4 30.4 30.4 30.4 -9999 -9999 30.41
-9999 -9999 -9999 -9999 -9999 -9999 -9999 -9999 -9999 -9999 -9999 -9999 -9999 -9999 -9999 -9999 -9999 -9999 -9999 -9999 -9999 -9999 -9999 -9999 30.38 30.38 30.38 30.38 30.38 30.38 30.38 30.38 30.37 30.36 30.37 30.38 30.37 30.28 30 29.8 29.71 29.61 29.32 29.52 30.02 30.27 30.35 30.38 30.39 30.39 30.39 30.39 30.39 30.39 30.39 30.38 30.38 30.39 30.39 30.38 30.36 30.31 30.36 30.39 30.4 30.4 30.4 30.4 30.4 30.4 30.4 30.4 30.4 30.4 30.4 30.4 30.41
-9999 -9999 -9999 -9999 -9999 -9999 -9999 -9999 -9999 -9999 -9999 -9999 -9999 -9999 -9999 -9999 -9999 -9999 -9999 -9999 -9999 -9999 -9999 30.37 30.37 30.37 30.37 30.37 30.38 30.38 30.37 30.36 30.31 30.25 30.28 30.34 30.33 30.23 29.93 29.53 29.25 29.12 28.97 29.29 29.87 30.25 30.36 30.38 30.39 30.39 30.39 30.39 30.39 30.38 30.35 30.28 30.27 30.33 30.35 30.3 30.22 30.17 30.32 30.39 30.4 30.4 30.4 30.4 30.4 30.4 30.4 30.4 30.4 30.4 30.4 30.4 30.4
-9999 -9999 -9999 -9999 -9999 -9999 -9999 -9999 -9999 -9999 -9999 -9999 -9999 -9999 -9999 -9999 -9999 -9999 -9999 -9999 -9999 -9999 30.37 30.37 30.37 30.37 30.37 30.37 30.37 30.37 30.34 30.27 30.12 29.99 30.07 30.19 30.14 30.02 29.79 29.33 29 29.12 29.31 29.61 30.05 30.3 30.37 30.38 30.39 30.39 30.39 30.39 30.38 30.34 30.21 30.02 30 30.17 30.19 30.03 29.92 30 30.29 30.38 30.4 30.4 30.4 30.4 30.4 30.38 30.36 30.39 30.4 30.4 30.4 30.4 30.4
-9999 -9999 -9999 -9999 -9999 -9999 -9999 -9999 -9999 -9999 -9999 -9999 -9999 -9999 -9999 -9999 -9999 30.37 30.37 30.37 30.37 30.37 30.37 30.37 30.37 30.37 30.37 30.37 30.37 30.36 30.3 30.12 29.88 29.73 29.81 29.96 29.8 29.54 29.38 29.11 29.09 29.5 29.86 30.08 30.27 30.34 30.37 30.38 30.38 30.38 30.39 30.38 30.34 30.24 29.98 29.72 29.75 29.93 29.83 29.63 29.62 29.91 30.27 30.38 30.4 30.4 30.4 30.4 30.38 30.3 30.24 30.36 30.4 30.4 30.4 30.4 30.4
-9999 -9999 -9999 -9999 -9999 -9999 -9999 -9999 -9999 -9999 -9999 -9999 -9999 -9999 -9999 30.36 30.36 30.36 30.36 30.36 30.36 30.36 30.36 30.36 30.37 30.37 30.36 30.37 30.37 30.36 30.31 30.12 29.8 29.56 29.58 29.73 29.52 29.04 28.85 28.96 29.21 29.64 30.01 30.24 30.32 30.35 30.37 30.38 30.38 30.38 30.38 30.35 30.22 29.99 29.72 29.45 29.49 29.6 29.42 29.31 29.48 29.9 30.24 30.37 30.39 30.39 30.38 30.36 30.32 30.21 30.2 30.36 30.4 30.4 30.4 30.4 30.4
-9999 -9999 -9999 -9999 -9999 -9999 -9999 -9999 -9999 -9999 -9999 -9999 -9999 -9999 30.36 30.36 30.36 30.36 30.36 30.36 30.36 30.36 30.36 30.36 30.36 30.34 30.3 30.34 30.37 30.37 30.35 30.25 29.93 29.53 29.38 29.5 29.37 29.02 28.98 29.25 29.53 29.79 30.02 30.25 30.33 30.35 30.35 30.37 30.37 30.37 30.36 30.29 30.04 29.72 29.45 29.2 29.16 29.21 29.11 29.14 29.47 29.91 30.22 30.36 30.39 30.37 30.28 30.18 30.16 30.18 30.3 30.39 30.4 30.4 30.4 30.4 30.4
-9999 -9999 -9999 -9999 -9999 -9999 -9999 -9999 -9999 -9999 -9999 -9999 -9999 30.36 30.36 30.36 30.36 30.36 30.36 30.36 30.36 30.36 30.36 30.36 30.35 30.27 30.04 30.2 30.33 30.36 30.36 30.32 30.1 29.58 29.23 29.24 29.24 29.26 29.42 29.58 29.69 29.77 29.91 30.21 30.31 30.3 30.3 30.33 30.34 30.36 30.35 30.26 30.02 29.75 29.46 29.1 28.88 28.84 28.86 29.1 29.54 29.93 30.2 30.34 30.37 30.32 30.1 29.87 29.95 30.2 30.36 30.4 30.4 30.4 30.4 30.4 30.4
-9999 -9999 -9999 -9999 -9999 -9999 -9999 -9999 -9999 -9999 -9999 -9999 -9999 30.35 30.35 30.35 30.35 30.36 30.35 30.35 30.35 30.35 30.33 30.32 30.31 30.17 29.82 29.96 30.25 30.33 30.36 30.32 30.09 29.55 29.1 29.03 29.12 29.27 29.44 29.49 29.47 29.51 29.78 30.15 30.21 30.13 30.18 30.24 30.27 30.33 30.34 30.29 30.14 29.92 29.6 29.14 28.73 28.55 28.62 29.06 29.55 29.88 30.08 30.26 30.34 30.25 29.96 29.7 29.89 30.25 30.38 30.4 30.4 30.4 30.4 30.4 30.4
-9999 -9999 -9999 -9999 -9999 -9999 -9999 -9999 -9999 -9999 -9999 -9999 30.35 30.35 30.35 30.35 30.35 30.33 30.28 30.28 30.28 30.25 30.12 30.12 30.15 29.84 29.62 29.65 29.98 30.24 30.29 30.26 29.93 29.42 29.04 28.88 28.98 29.16 29.25 29.17 29.16 29.39 29.81 30.09 29.98 29.82 30.04 30.11 30.16 30.29 30.32 30.29 30.2 29.99 29.68 29.31 28.86 28.48 28.47 28.86 29.31 29.6 29.87 30.14 30.27 30.16 29.85 29.69 29.95 30.27 30.38 30.4 30.4 30.4 30.4 30.4 30.4
-9999 -9999 -9999 -9999 -9999 -9999 -9999 -9999 -9999 -9999 -9999 30.35 30.35 30.35 30.35 30.35 30.34 30.23 29.81 29.8 29.84 29.87 29.74 29.76 29.91 29.54 29.31 29.29 29.54 29.92 30.04 29.98 29.79 29.47 29.23 29.02 29.01 29.09 29.07 28.94 29 29.3 29.74 29.95 29.65 29.58 29.92 29.92 29.99 30.21 30.27 30.22 30.16 30.02 29.79 29.46 28.93 28.45 28.35 28.6 28.91 29.32 29.73 30.06 30.19 30.07 29.74 29.61 29.89 30.25 30.37 30.39 30.39 30.4 30.4 30.4 30.4
-9999 -9999 -9999 -9999 -9999 -9999 -9999 30.35 -9999 -9999 30.35 30.35 30.35 30.35 30.35 30.35 30.34 30.25 29.78 29.4 29.41 29.56 29.59 29.56 29.66 29.4 29.07 29.03 29.09 29.4 29.53 29.4 29.41 29.4 29.23 29.03 28.96 28.95 28.88 28.78 28.84 29.1 29.59 29.7 29.29 29.4 29.75 29.71 29.81 30.09 30.17 30.1 30.05 29.95 29.76 29.51 29.05 28.54 28.29 28.4 28.7 29.24 29.72 29.99 30.02 29.86 29.57 29.57 29.96 30.28 30.38 30.39 30.39 30.38 30.36 30.36 30.35
-9999 -9999 -9999 -9999 -9999 -9999 30.34 30.34 30.34 30.34 30.34 30.34 30.34 30.34 30.34 30.34 30.34 30.24 29.76 29.31 29.21 29.29 29.36 29.36 29.41 29.22 28.9 28.86 28.87 29.08 29.18 28.97 28.95 29.02 28.91 28.86 28.8 28.74 28.65 28.58 28.72 29.02 29.42 29.35 29.03 29.17 29.49 29.49 29.61 29.9 30.02 29.97 29.87 29.75 29.42 29.19 28.87 28.45 28.11 28.19 28.57 29.17 29.67 29.81 29.75 29.5 29.3 29.54 29.99 30.31 30.39 30.39 30.38 30.3 30.18 30.11 30.13
-9999 -9999 -9999 -9999 -9999 30.34 30.34 30.34 30.34 30.34 30.34 30.34 30.34 30.34 30.34 30.34 30.29 30.06 29.5 29.18 29.08 29.06 29.11 29.15 29.18 29.07 28.76 28.71 28.73 28.83 28.91 28.76 28.66 28.72 28.71 28.7 28.62 28.5 28.37 28.39 28.63 28.91 29.18 28.98 28.81 28.96 29.13 29.24 29.39 29.6 29.71 29.8 29.66 29.54 29.08 28.7 28.49 28.21 27.97 28.11 28.46 29.05 29.49 29.46 29.36 29.09 29.05 29.46 29.97 30.3 30.39 30.39 30.37 30.24 29.92 29.72 29.81
-9999 -9999 -9999 -9999 30.34 30.34 30.34 30.34 30.34 30.34 30.34 30.34 30.34 30.34 30.34 30.33 30.25 29.71 29.21 29.03 28.95 28.86 28.83 28.92 29.01 28.92 28.68 28.57 28.6 28.63 28.71 28.59 28.42 28.46 28.55 28.53 28.44 28.29 28.16 28.32 28.59 28.82 28.88 28.69 28.57 28.68 28.78 28.94 29.06 29.16 29.26 29.56 29.38 29.03 28.69 28.36 28.17 27.95 27.93 28.16 28.39 28.63 28.88 28.88 28.82 28.71 28.95 29.48 29.98 30.3 30.38 30.39 30.37 30.27 30.03 29.76 29.57
-9999 -9999 -9999 -9999 30.33 30.33 30.33 30.33 30.33 30.33 30.33 30.33 30.33 30.33 30.33 30.31 30.21 29.5 28.97 28.9 28.84 28.72 28.63 28.7 28.85 28.8 28.64 28.49 28.47 28.47 28.54 28.48 28.26 28.27 28.42 28.38 28.28 28.17 28.05 28.25 28.5 28.7 28.69 28.46 28.34 28.47 28.63 28.74 28.75 28.76 28.77 29.13 29.05 28.52 28.3 28.2 28.06 27.85 27.89 28.07 28.2 28.32 28.31 28.24 28.28 28.64 29.18 29.65 30.05 30.29 30.36 30.38 30.36 30.26 30.05 29.77 29.38
-9999 -9999 -9999 30.33 30.33 30.33 30.33 30.33 30.33 30.32 30.31 30.32 30.33 30.33 30.32 30.25 30.02 29.37 28.84 28.75 28.72 28.63 28.55 28.52 28.66 28.67 28.57 28.44 28.35 28.31 28.33 28.34 28.15 28.11 28.3 28.28 28.13 28.02 27.96 28.17 28.4 28.54 28.5 28.31 28.19 28.36 28.51 28.55 28.5 28.42 28.39 28.7 28.68 28.26 28.02 27.98 27.95 27.78 27.79 27.88 28.01 28.1 28.01 27.99 28.27 28.84 29.36 29.76 30.09 30.28 30.34 30.36 30.33 30.26 30.09 29.76 29.26
-9999 30.32 30.32 30.32 30.32 30.32 30.31 30.28 30.28 30.27 30.21 30.26 30.32 30.32 30.29 30.07 29.63 29.23 28.8 28.65 28.63 28.54 28.47 28.39 28.48 28.52 28.43 28.35 28.25 28.11 28.08 28.15 28.04 27.93 28.12 28.18 28.01 27.85 27.86 28.08 28.25 28.33 28.3 28.19 28.07 28.22 28.31 28.29 28.26 28.1 28.12 28.37 28.4 28.1 27.82 27.79 27.82 27.66 27.59 27.65 27.8 27.88 27.77 27.89 28.34 28.96 29.45 29.81 30.07 30.23 30.31 30.32 30.24 30.15 30.01 29.71 29.18
30.32 30.32 30.32 30.32 30.32 30.31 30.23 30.08 30.09 30.17 30.05 30.16 30.27 30.27 30.21 29.74 29.26 29.01 28.74 28.6 28.53 28.44 28.39 28.31 28.35 28.39 28.28 28.21 28.16 27.99 27.89 28.01 27.95 27.77 27.9 27.97 27.78 27.65 27.74 27.92 28.02 28.09 28.08 28.04 27.89 28.01 28.12 28.07 28.06 27.91 27.95 28.08 28.13 27.96 27.7 27.61 27.65 27.52 27.45 27.52 27.59 27.61 27.57 27.83 28.38 28.99 29.47 29.79 30 30.13 30.25 30.28 30.2 30.02 29.81 29.57 29.19
30.32 30.32 30.32 30.32 30.31 30.29 30.15 29.9 29.76 29.89 29.89 30.01 30.05 29.89 29.63 29.19 28.82 28.76 28.56 28.43 28.4 28.33 28.28 28.22 28.2 28.25 28.15 28.04 28.02 27.92 27.8 27.9 27.84 27.61 27.65 27.72 27.44 27.3 27.49 27.68 27.84 27.97 27.99 27.91 27.8 27.82 27.93 27.88 27.86 27.75 27.69 27.76 27.84 27.69 27.52 27.49 27.57 27.57 27.65 27.73 27.61 27.56 27.58 27.85 28.45 29 29.37 29.64 29.8 29.91 30.06 30.19 30.22 30.1 29.91 29.7 29.5
30.31 30.31 30.31 30.31 30.31 30.29 30.18 29.91 29.66 29.57 29.56 29.57 29.48 29.24 28.97 28.67 28.44 28.53 28.42 28.21 28.18 28.2 28.13 28.08 27.99 28.02 27.96 27.84 27.78 27.7 27.61 27.73 27.65 27.33 27.3 27.38 27.4 27.48 27.78 28.13 28.39 28.54 28.58 28.55 28.31 28.05 27.86 27.69 27.67 27.58 27.45 27.45 27.53 27.49 27.55 27.82 28.04 28.13 28.19 28.33 28.22 27.97 27.85 27.84 28.37 28.84 29.11 29.31 29.4 29.5 29.75 30.02 30.16 30.15 30.02 29.86 29.66
30.31 30.31 30.31 30.31 30.3 30.27 30.15 29.85 29.59 29.36 29.17 29.1 29 28.77 28.57 28.39 28.23 28.29 28.29 28.07 27.98 28.01 27.91 27.88 27.77 27.73 27.72 27.58 27.44 27.31 27.27 27.39 27.34 27.04 27.27 27.63 27.93 28.15 28.55 28.95 29.16 29.28 29.28 29.31 29.1 28.86 28.57 28.33 28.17 27.81 27.41 27.33 27.45 27.64 27.83 28.34 28.75 28.87 28.87 29.04 28.99 28.76 28.36 28.12 28.25 28.46 28.67 28.82 28.96 29.16 29.55 29.86 30.08 30.07 29.87 29.69 29.48
30.3 30.3 30.3 30.3 30.27 30.14 29.96 29.72 29.48 29.25 29.01 28.83 28.67 28.47 28.3 28.25 28.15 28.14 28.11 27.94 27.85 27.87 27.86 27.78 27.66 27.54 27.52 27.52 27.5 27.46 27.4 27.29 27.13 27.32 27.78 28.28 28.63 28.88 29.16 29.45 29.63 29.73 29.71 29.72 29.6 29.46 29.3 29.13 28.92 28.57 28.02 27.56 27.66 27.94 28.22 28.75 29.27 29.42 29.44 29.51 29.45 29.31 28.98 28.8 28.66 28.45 28.38 28.57 28.9 29.28 29.61 29.85 30.02 29.96 29.64 29.35 29.13
30.3 30.3 30.27 30.22 30.2 30.01 29.76 29.56 29.35 29.13 28.88 28.67 28.47 28.38 28.47 28.67 28.84 28.75 28.47 28.17 28.26 28.53 28.73 28.6 28.26 27.95 27.9 27.88 27.91 27.94 27.91 27.73 27.63 27.95 28.35 28.79 29.24 29.45 29.59 29.83 29.97 30.04 30.05 30.04 29.96 29.85 29.73 29.6 29.42 29.18 28.72 28.24 28.07 28.48 28.82 29.11 29.54 29.76 29.82 29.83 29.76 29.63 29.46 29.34 29.19 28.99 28.76 28.69 28.93 29.21 29.42 29.68 29.91 29.94 29.66 29.24 29
30.3 30.27 30.18 30 29.93 29.84 29.62 29.39 29.14 28.93 28.75 28.63 28.56 28.77 29.16 29.32 29.36 29.31 29.14 28.85 28.93 29.22 29.38 29.3 28.9 28.6 28.66 28.51 28.51 28.66 28.67 28.5 28.4 28.74 29.06 29.28 29.63 29.82 29.96 30.1 30.19 30.24 30.26 30.26 30.22 30.14 30.03 29.91 29.75 29.54 29.29 29.07 28.91 29.1 29.47 29.63 29.84 29.99 30.05 30.05 29.99 29.89 29.76 29.64 29.51 29.34 29.11 28.84 28.67 28.83 29.07 29.38 29.72 29.87 29.79 29.5 29.28
30.28 30.23 30.07 29.85 29.69 29.64 29.52 29.25 28.95 28.73 28.77 28.98 29.14 29.31 29.53 29.64 29.67 29.63 29.57 29.49 29.54 29.66 29.71 29.63 29.3 29.28 29.38 29.29 29.27 29.34 29.39 29.31 29.23 29.38 29.57 29.72 29.98 30.11 30.21 30.26 30.3 30.31 30.32 30.32 30.31 30.28 30.23 30.16 30.03 29.89 29.76 29.65 29.58 29.62 29.85 29.98 30.1 30.18 30.21 30.2 30.14 30.05 29.95 29.83 29.69 29.5 29.24 28.94 28.37 28.25 28.64 29.09 29.43 29.7 29.77 29.72 29.55
30.26 30.16 29.96 29.77 29.59 29.46 29.35 29.15 28.83 28.74 29.06 29.4 29.53 29.61 29.75 29.84 29.88 29.88 29.9 29.91 29.9 29.93 29.95 29.9 29.77 29.77 29.78 29.75 29.77 29.79 29.8 29.78 29.79 29.85 29.92 30.06 30.2 30.26 30.3 30.31 30.32 30.32 30.32 30.33 30.33 30.33 30.32 30.29 30.24 30.17 30.09 30.01 29.97 29.97 30.11 30.21 30.26 30.29 30.29 30.28 30.22 30.12 30.02 29.88 29.7 29.49 29.16 28.71 27.85 27.43 28.01 28.67 29.14 29.5 29.58 29.62 29.6
30.21 30.07 29.88 29.71 29.52 29.3 29.13 29.01 28.76 28.87 29.32 29.62 29.75 29.83 29.93 30 30.05 30.07 30.1 30.12 30.12 30.13 30.13 30.12 30.09 30.07 30.06 30.06 30.07 30.07 30.06 30.08 30.1 30.12 30.15 30.23 30.28 30.3 30.31 30.32 30.32 30.32 30.32 30.32 30.33 30.33 30.33 30.33 30.32 30.31 30.28 30.25 30.23 30.24 30.28 30.31 30.32 30.32 30.32 30.3 30.24 30.09 29.97 29.77 29.51 29.3 29.05 28.42 27.42 27.1 27.73 28.41 29.01 29.27 29.28 29.39 29.39
30.05 29.91 29.77 29.61 29.45 29.23 28.96 28.81 28.67 28.97 29.44 29.73 29.89 30 30.08 30.13 30.16 30.19 30.2 30.22 30.23 30.24 30.24 30.24 30.23 30.23 30.22 30.21 30.22 30.22 30.21 30.22 30.23 30.24 30.26 30.29 30.3 30.31 30.31 30.31 30.31 30.32 30.32 30.32 30.32 30.33 30.33 30.33 30.33 30.33 30.33 30.33 30.32 30.32 30.34 30.34 30.34 30.34 30.32 30.3 30.21 30.04 29.86 29.53 29.15 28.88 28.69 28.14 27.29 26.99 27.62 28.28 28.69 28.83 28.88 29.02 29.1
29.88 29.75 29.64 29.48 29.31 29.13 28.85 28.6 28.57 28.99 29.46 29.77 29.98 30.11 30.18 30.2 30.22 30.23 30.24 30.25 30.26 30.27 30.27 30.27 30.28 30.28 30.27 30.27 30.27 30.27 30.27 30.27 30.28 30.28 30.29 30.3 30.3 30.3 30.31 30.31 30.31 30.31 30.31 30.32 30.32 30.32 30.32 30.33 30.33 30.33 30.33 30.33 30.33 30.34 30.34 30.34 30.34 30.34 30.32 30.24 30.02 29.77 29.57 29.14 28.78 28.4 28.03 27.57 27.05 27.03 27.55 28 28.06 28.15 28.36 28.65 28.89
29.8 29.61 29.45 29.31 29.15 28.95 28.72 28.48 28.53 28.98 29.47 29.82 30.04 30.17 30.21 30.22 30.23 30.23 30.24 30.25 30.26 30.27 30.27 30.27 30.27 30.27 30.28 30.28 30.28 30.28 30.28 30.29 30.29 30.29 30.29 30.29 30.3 30.3 30.3 30.3 30.31 30.31 30.31 30.31 30.31 30.32 30.32 30.32 30.32 30.33 30.33 30.33 30.33 30.33 30.34 30.34 30.34 30.34 30.29 30.09 29.68 29.35 29.14 28.74 28.33 27.85 27.44 27.2 27.05 27.1 27.42 27.56 27.47 27.74 28.17 28.56 28.82
29.67 29.51 29.29 29.08 28.95 28.79 28.55 28.35 28.56 29.07 29.54 29.88 30.09 30.19 30.22 30.21 30.2 30.18 30.19 30.21 30.23 30.25 30.25 30.25 30.26 30.27 30.27 30.27 30.28 30.28 30.28 30.28 30.28 30.29 30.29 30.29 30.29 30.3 30.3 30.3 30.3 30.3 30.31 30.31 30.31 30.31 30.32 30.32 30.32 30.32 30.33 30.33 30.33 30.33 30.33 30.34 30.34 30.33 30.23 29.88 29.5 29.18 28.91 28.59 28.18 27.71 27.44 27.54 27.61 27.48 27.3 27.26 27.35 27.88 28.34 28.57 28.69
