ASPA-UH-SWB2_REPO/input/Gridded_temps/prism_tmax_tutuila_30yr_normal_02.asc
ncols         350
nrows         200
xllcorner     515000
yllcorner     8409000
cellsize      100
NODATA_value  -9999
[rows 102 to 135 of 200, columns 77 to 153 of 350]
30.4 30.71 31.05 31.21 31.05 30.72 30.3 30.12 30.19 30.33 30.33 30.27 30.28 30.14 29.93 29.82 29.82 29.77 29.81 29.87 29.75 29.5 29.25 29.46 29.76 30.01 30.18 30.31 30.42 30.51 30.53 30.56 30.54 30.34 30.11 29.89 29.96 30.33 30.73 31.01 30.89 30.63 30.55 30.27 29.97 29.75 29.62 29.46 29.29 29.14 28.95 28.74 28.57 28.52 28.86 29.36 29.8 30.26 30.51 30.54 30.36 30.35 30.45 30.42 30.35 30.19 29.93 29.59 29.21 28.99 28.92 28.63 28.59 28.71 28.63 28.7 28.97
30.35 30.62 31.01 31.09 30.87 30.58 30.15 29.85 29.85 29.96 29.99 30 30.03 29.91 29.77 29.62 29.57 29.58 29.64 29.72 29.59 29.44 29.29 29.44 29.73 30.01 30.21 30.35 30.48 30.55 30.46 30.34 30.27 30.17 29.94 29.85 30.13 30.52 30.79 30.97 30.79 30.4 30.31 30.15 29.96 29.77 29.6 29.41 29.21 29.03 28.83 28.62 28.48 28.69 29.17 29.56 29.91 30.26 30.53 30.63 30.58 30.57 30.59 30.5 30.28 29.96 29.71 29.48 29.31 29.2 28.96 28.71 28.78 28.96 29.05 28.87 29.02
30.23 30.54 30.96 31.05 30.86 30.49 30.06 29.72 29.62 29.64 29.69 29.74 29.75 29.6 29.55 29.48 29.39 29.38 29.51 29.59 29.45 29.29 29.25 29.38 29.67 29.97 30.15 30.26 30.38 30.46 30.37 30.17 30.02 29.94 29.79 29.92 30.31 30.65 30.82 30.72 30.45 30.12 30.01 29.87 29.77 29.68 29.55 29.38 29.21 29.02 28.79 28.57 28.55 28.94 29.4 29.74 30.07 30.36 30.58 30.69 30.7 30.68 30.6 30.38 30.04 29.75 29.65 29.65 29.6 29.33 28.88 28.81 28.97 29.08 29.31 29.18 29.08
30.14 30.51 30.9 30.99 30.95 30.63 30.15 29.83 29.62 29.48 29.47 29.49 29.49 29.43 29.41 29.36 29.25 29.23 29.36 29.42 29.35 29.27 29.28 29.37 29.57 29.81 30.01 30.12 30.23 30.35 30.34 30.14 29.82 29.67 29.74 29.98 30.25 30.52 30.73 30.53 30.18 29.93 29.82 29.69 29.56 29.48 29.42 29.3 29.15 28.99 28.8 28.57 28.6 29.08 29.52 29.82 30.15 30.45 30.64 30.75 30.76 30.72 30.55 30.18 29.7 29.63 29.87 29.91 29.67 29.23 28.94 29 29.17 29.17 29.41 29.64 29.37
30.16 30.53 30.83 30.76 30.73 30.69 30.24 29.93 29.75 29.58 29.47 29.42 29.46 29.46 29.38 29.27 29.16 29.17 29.26 29.32 29.33 29.33 29.33 29.39 29.52 29.71 29.88 30.01 30.16 30.3 30.27 30.06 29.73 29.64 29.9 30.11 30.27 30.5 30.67 30.56 30.31 30.09 29.92 29.77 29.62 29.46 29.31 29.17 29 28.88 28.73 28.61 28.83 29.45 29.9 30.12 30.32 30.6 30.75 30.8 30.79 30.73 30.54 30.22 29.82 29.76 30.05 30.03 29.69 29.3 29.17 29.22 29.33 29.33 29.53 29.85 29.77
30.01 30.28 30.52 30.35 30.22 30.43 30.2 30.01 29.91 29.78 29.64 29.54 29.49 29.44 29.32 29.22 29.19 29.25 29.33 29.37 29.38 29.38 29.39 29.42 29.53 29.74 30 30.18 30.25 30.19 30 29.81 29.62 29.81 30.11 30.29 30.43 30.49 30.5 30.41 30.34 30.24 30.06 29.91 29.78 29.61 29.41 29.22 29.05 28.87 28.68 28.74 29.22 29.78 30.11 30.39 30.53 30.72 30.81 30.83 30.81 30.76 30.63 30.34 29.95 29.98 30.25 30.08 29.78 29.46 29.44 29.52 29.53 29.53 29.71 30.02 30.06
29.78 29.95 30.05 29.99 29.93 30.04 30.08 30.03 29.97 29.87 29.73 29.59 29.47 29.39 29.3 29.22 29.22 29.31 29.39 29.42 29.43 29.44 29.46 29.52 29.65 29.87 30.07 30.08 30 29.84 29.65 29.59 29.73 30.01 30.2 30.28 30.33 30.27 30.23 30.14 30.11 30.19 30.08 29.88 29.69 29.54 29.41 29.22 29 28.76 28.73 29 29.53 30.04 30.4 30.62 30.72 30.79 30.84 30.84 30.82 30.79 30.69 30.44 30.12 30.14 30.37 30.33 30.13 29.78 29.82 29.88 29.77 29.64 29.83 30.17 30.29
29.55 29.63 29.71 29.74 29.75 29.83 29.93 29.95 29.92 29.86 29.72 29.58 29.45 29.35 29.28 29.23 29.25 29.32 29.39 29.44 29.46 29.47 29.5 29.59 29.76 29.92 29.9 29.72 29.53 29.39 29.35 29.59 29.93 30.05 30.07 30.06 30.11 30.07 30.01 29.93 29.94 30.04 30.03 29.88 29.64 29.41 29.21 29.04 28.85 28.72 28.91 29.2 29.61 30.11 30.51 30.72 30.8 30.83 30.85 30.85 30.83 30.8 30.72 30.54 30.24 30.14 30.4 30.61 30.43 30.1 30.16 30.2 29.94 29.76 29.87 30.27 30.54
29.47 29.48 29.52 29.57 29.62 29.7 29.78 29.8 29.8 29.79 29.7 29.61 29.47 29.35 29.29 29.26 29.28 29.33 29.39 29.43 29.45 29.45 29.45 29.48 29.57 29.63 29.55 29.39 29.27 29.25 29.37 29.7 29.82 29.79 29.78 29.81 29.89 29.88 29.78 29.75 29.81 29.86 29.87 29.77 29.58 29.38 29.22 29.03 28.84 28.86 29.21 29.55 29.79 30.2 30.58 30.77 30.84 30.85 30.85 30.84 30.82 30.75 30.62 30.36 30 29.86 30.15 30.6 30.64 30.45 30.45 30.37 29.98 29.98 30.04 30.37 30.72
29.47 29.48 29.5 29.54 29.58 29.61 29.63 29.63 29.68 29.76 29.73 29.63 29.49 29.38 29.33 29.31 29.32 29.35 29.37 29.39 29.39 29.38 29.35 29.34 29.35 29.32 29.28 29.23 29.21 29.24 29.35 29.47 29.46 29.42 29.43 29.53 29.68 29.7 29.6 29.64 29.75 29.77 29.75 29.69 29.56 29.42 29.27 29.05 28.87 28.98 29.38 29.71 30.09 30.46 30.69 30.82 30.86 30.86 30.85 30.83 30.79 30.67 30.38 30 29.54 29.33 29.69 30.36 30.73 30.73 30.65 30.39 30.07 30.19 30.29 30.51 30.83
29.5 29.52 29.56 29.57 29.56 29.54 29.54 29.56 29.64 29.73 29.71 29.62 29.53 29.47 29.41 29.36 29.34 29.34 29.33 29.32 29.3 29.28 29.26 29.25 29.24 29.22 29.21 29.2 29.21 29.22 29.22 29.21 29.19 29.18 29.2 29.31 29.48 29.56 29.57 29.66 29.79 29.76 29.73 29.67 29.53 29.34 29.19 29.08 29.01 29.06 29.39 29.75 30.26 30.66 30.8 30.85 30.86 30.86 30.85 30.82 30.75 30.57 30.13 29.64 29.13 28.83 29.24 30.03 30.59 30.8 30.76 30.5 30.35 30.45 30.56 30.64 30.9
29.52 29.58 29.67 29.7 29.66 29.55 29.54 29.56 29.63 29.72 29.75 29.7 29.63 29.55 29.46 29.39 29.35 29.32 29.29 29.26 29.23 29.2 29.18 29.17 29.17 29.18 29.19 29.19 29.18 29.17 29.15 29.14 29.15 29.17 29.2 29.25 29.36 29.57 29.7 29.81 29.91 29.85 29.8 29.7 29.53 29.34 29.23 29.22 29.14 29.06 29.4 29.82 30.35 30.7 30.83 30.86 30.86 30.85 30.84 30.79 30.63 30.36 29.96 29.3 28.92 28.88 29.26 29.98 30.56 30.83 30.85 30.72 30.63 30.69 30.78 30.8 30.94
29.56 29.63 29.78 29.9 29.91 29.7 29.67 29.68 29.72 29.82 29.84 29.75 29.64 29.56 29.48 29.41 29.37 29.31 29.26 29.22 29.18 29.14 29.11 29.1 29.1 29.12 29.13 29.14 29.13 29.13 29.13 29.16 29.21 29.24 29.32 29.4 29.51 29.71 29.87 29.99 30.05 30.01 29.92 29.74 29.54 29.42 29.36 29.33 29.15 29.04 29.46 29.89 30.42 30.71 30.84 30.86 30.86 30.85 30.83 30.71 30.36 29.94 29.6 29.18 29.16 29.45 29.78 30.2 30.66 30.87 30.91 30.88 30.83 30.85 30.91 30.94 30.98
29.68 29.75 29.86 30.02 30.13 29.98 29.94 29.92 29.95 30.08 30 29.79 29.67 29.61 29.52 29.44 29.39 29.33 29.26 29.2 29.15 29.1 29.06 29.04 29.03 29.03 29.04 29.06 29.06 29.09 29.16 29.33 29.44 29.44 29.44 29.5 29.67 29.82 29.95 30.11 30.16 30.14 30.06 29.86 29.63 29.55 29.47 29.31 29.16 29.13 29.45 29.76 30.2 30.59 30.81 30.86 30.85 30.84 30.8 30.6 30.17 29.88 29.63 29.47 29.51 29.86 30.33 30.6 30.8 30.9 30.93 30.93 30.92 30.93 30.96 30.98 30.99
29.9 30.02 30.1 30.18 30.28 30.33 30.26 30.22 30.25 30.38 30.26 30.03 29.87 29.8 29.64 29.49 29.42 29.35 29.28 29.21 29.13 29.07 29.02 28.98 28.96 28.92 28.89 28.89 28.94 29.04 29.23 29.55 29.77 29.81 29.76 29.69 29.65 29.75 29.91 30.15 30.24 30.22 30.15 30 29.8 29.65 29.49 29.32 29.28 29.36 29.66 29.91 30.24 30.62 30.82 30.85 30.85 30.84 30.78 30.62 30.4 30.2 29.96 29.87 29.71 29.92 30.36 30.71 30.87 30.92 30.93 30.94 30.95 30.96 30.98 30.99 30.99
30.14 30.28 30.38 30.41 30.43 30.52 30.54 30.51 30.5 30.62 30.56 30.31 30.14 29.97 29.74 29.58 29.48 29.39 29.32 29.24 29.13 29.04 28.99 28.96 28.9 28.84 28.75 28.69 28.83 29.11 29.37 29.56 29.82 29.98 30 29.96 29.89 29.94 30.1 30.24 30.29 30.26 30.13 29.9 29.72 29.55 29.45 29.42 29.48 29.62 29.89 30.18 30.44 30.71 30.83 30.85 30.85 30.84 30.8 30.74 30.67 30.5 30.31 30.25 30 30 30.22 30.76 30.88 30.92 30.93 30.94 30.95 30.96 30.98 30.98 30.99
30.31 30.46 30.57 30.6 30.55 30.6 30.73 30.76 30.68 30.78 30.69 30.4 30.3 30.13 29.91 29.68 29.52 29.46 29.39 29.3 29.16 29.03 29.01 29.06 28.95 28.85 28.76 28.77 29.06 29.48 29.68 29.65 29.76 29.97 30.06 30.09 30.11 30.16 30.24 30.31 30.33 30.29 30.14 29.84 29.63 29.53 29.55 29.57 29.71 29.97 30.11 30.38 30.62 30.77 30.84 30.85 30.84 30.84 30.82 30.8 30.76 30.67 30.62 30.6 30.44 30.4 30.46 30.81 30.89 30.91 30.93 30.94 30.95 30.97 30.98 30.98 30.99
30.4 30.57 30.73 30.78 30.68 30.61 30.79 30.97 30.94 30.96 30.85 30.63 30.55 30.28 29.97 29.75 29.62 29.59 29.55 29.44 29.29 29.16 29.01 29.01 29 28.97 28.89 29 29.36 29.76 29.9 29.85 29.83 29.95 30.04 30.11 30.17 30.23 30.28 30.33 30.36 30.32 30.14 29.86 29.78 29.72 29.69 29.67 30.01 30.26 30.39 30.55 30.75 30.82 30.85 30.84 30.84 30.84 30.83 30.82 30.8 30.78 30.78 30.78 30.76 30.74 30.78 30.87 30.9 30.91 30.92 30.94 30.95 30.97 30.97 30.98 30.99
30.49 30.62 30.83 30.93 30.9 30.84 30.96 31.14 31.17 31.12 30.99 30.83 30.68 30.42 30.15 29.93 29.81 29.8 29.79 29.68 29.58 29.47 29.31 29.15 29.17 29.18 29.12 29.27 29.63 29.89 29.96 29.92 29.89 29.97 30.04 30.1 30.18 30.25 30.3 30.34 30.37 30.35 30.2 29.99 29.94 29.92 29.83 29.81 30.12 30.44 30.64 30.74 30.83 30.86 30.85 30.85 30.84 30.83 30.83 30.83 30.83 30.83 30.83 30.83 30.84 30.85 30.87 30.89 30.9 30.91 30.92 30.94 30.95 30.97 30.97 30.97 30.98
30.57 30.62 30.75 30.92 31.04 31.12 31.21 31.3 31.25 31.06 30.8 30.65 30.59 30.48 30.27 30.09 29.99 29.99 29.99 29.92 29.89 29.82 29.72 29.49 29.42 29.41 29.43 29.61 29.83 29.94 29.9 29.8 29.85 30.01 30.08 30.13 30.22 30.3 30.35 30.39 30.42 30.39 30.33 30.21 30.13 30.09 29.95 29.89 30.12 30.45 30.72 30.84 30.87 30.87 30.86 30.85 30.84 30.84 30.83 30.83 30.83 30.83 30.84 30.84 30.86 30.87 30.88 30.89 30.89 30.91 30.92 30.93 30.94 30.96 30.97 30.97 30.97
30.63 30.61 30.66 30.82 31.01 31.23 31.35 31.33 31.12 30.84 30.65 30.56 30.47 30.39 30.31 30.2 30.12 30.14 30.15 30.12 30.16 30.11 29.94 29.7 29.61 29.66 29.7 29.77 29.88 29.91 29.76 29.62 29.83 30.05 30.14 30.19 30.27 30.34 30.41 30.45 30.46 30.44 30.4 30.34 30.3 30.27 30.12 30.11 30.37 30.62 30.8 30.88 30.89 30.88 30.87 30.86 30.85 30.84 30.84 30.84 30.84 30.84 30.84 30.85 30.86 30.87 30.88 30.88 30.89 30.91 30.93 30.93 30.93 30.94 30.95 30.96 30.97
30.71 30.64 30.67 30.83 31.04 31.25 31.4 31.33 31.04 30.75 30.65 30.6 30.45 30.4 30.39 30.3 30.25 30.27 30.29 30.29 30.37 30.25 30.02 29.88 29.8 29.88 29.96 29.86 29.83 29.84 29.73 29.7 29.96 30.14 30.22 30.28 30.33 30.38 30.45 30.49 30.5 30.48 30.45 30.43 30.49 30.53 30.46 30.4 30.65 30.82 30.88 30.9 30.9 30.88 30.88 30.87 30.85 30.85 30.85 30.85 30.85 30.85 30.85 30.85 30.86 30.87 30.88 30.88 30.9 30.92 30.93 30.93 30.93 30.93 30.94 30.95 30.96
30.82 30.71 30.74 30.93 31.15 31.3 31.45 31.4 31.14 30.9 30.8 30.7 30.48 30.47 30.53 30.43 30.37 30.38 30.44 30.48 30.54 30.35 30.18 30.11 30.02 30.09 30.23 30.05 29.86 29.85 29.84 29.93 30.14 30.26 30.32 30.37 30.41 30.44 30.48 30.52 30.52 30.51 30.49 30.49 30.61 30.72 30.71 30.67 30.78 30.88 30.91 30.91 30.9 30.89 30.88 30.87 30.87 30.85 30.86 30.86 30.86 30.87 30.87 30.86 30.87 30.88 30.89 30.9 30.9 30.91 30.92 30.92 30.92 30.93 30.94 30.95 30.96
30.94 30.8 30.85 31.1 31.31 31.41 31.58 31.57 31.34 31.19 31.06 30.91 30.63 30.61 30.67 30.57 30.48 30.49 30.63 30.76 30.77 30.57 30.49 30.35 30.22 30.34 30.5 30.3 30.05 30.02 30.06 30.21 30.38 30.44 30.46 30.49 30.51 30.52 30.54 30.55 30.53 30.52 30.51 30.55 30.68 30.78 30.8 30.81 30.85 30.89 30.91 30.91 30.9 30.89 30.88 30.88 30.88 30.87 30.87 30.87 30.87 30.87 30.88 30.88 30.88 30.89 30.9 30.9 30.9 30.91 30.92 30.92 30.92 30.93 30.94 30.95 30.96
31.01 30.86 30.92 31.22 31.49 31.58 31.76 31.82 31.62 31.48 31.32 31.07 30.8 30.75 30.78 30.68 30.59 30.62 30.89 31.12 31.03 30.95 30.87 30.6 30.56 30.72 30.75 30.42 30.17 30.21 30.29 30.44 30.57 30.62 30.64 30.64 30.62 30.61 30.59 30.58 30.56 30.54 30.55 30.62 30.73 30.79 30.82 30.84 30.87 30.89 30.91 30.92 30.91 30.9 30.89 30.88 30.88 30.88 30.87 30.87 30.87 30.87 30.87 30.88 30.88 30.89 30.89 30.9 30.9 30.91 30.91 30.92 30.92 30.93 30.94 30.95 30.96
31.06 30.93 30.97 31.28 31.6 31.75 31.91 32 31.9 31.71 31.42 31.11 30.88 30.82 30.83 30.76 30.71 30.86 31.15 31.33 31.24 31.26 31.16 31.01 30.99 31.03 30.87 30.45 30.17 30.24 30.41 30.58 30.69 30.74 30.75 30.74 30.72 30.68 30.66 30.64 30.61 30.59 30.6 30.67 30.74 30.79 30.83 30.86 30.88 30.91 30.92 30.92 30.92 30.9 30.89 30.88 30.87 30.87 30.87 30.87 30.87 30.87 30.87 30.87 30.87 30.88 30.89 30.89 30.9 30.9 30.91 30.92 30.92 30.94 30.95 30.95 30.97
31.16 31.08 31.1 31.29 31.67 31.88 32.01 32.1 32.05 31.78 31.41 31.13 30.91 30.86 30.88 30.87 30.84 31.03 31.31 31.47 31.46 31.46 31.38 31.3 31.24 31.18 30.96 30.54 30.16 30.15 30.39 30.61 30.74 30.8 30.82 30.81 30.79 30.76 30.73 30.7 30.68 30.67 30.68 30.73 30.78 30.82 30.86 30.88 30.91 30.92 30.94 30.93 30.92 30.9 30.89 30.87 30.87 30.86 30.86 30.86 30.86 30.87 30.87 30.86 30.87 30.87 30.88 30.88 30.89 30.9 30.91 30.92 30.93 30.94 30.95 30.95 30.97
31.33 31.3 31.28 31.38 31.75 31.99 32.1 32.16 32.11 31.86 31.53 31.16 30.95 30.95 30.98 30.98 30.94 31.06 31.31 31.51 31.6 31.6 31.54 31.44 31.37 31.27 31.08 30.73 30.35 30.24 30.32 30.52 30.71 30.82 30.87 30.87 30.85 30.83 30.8 30.77 30.74 30.74 30.76 30.8 30.84 30.87 30.89 30.91 30.93 30.95 30.95 30.94 30.93 30.91 30.89 30.88 30.87 30.86 30.86 30.86 30.87 30.87 30.87 30.87 30.87 30.87 30.88 30.88 30.89 30.9 30.9 30.92 30.93 30.93 30.94 30.95 30.96
31.51 31.5 31.48 31.46 31.67 31.93 32.1 32.19 32.14 31.89 31.55 31.27 31.15 31.14 31.04 30.93 30.9 31 31.2 31.47 31.64 31.7 31.66 31.55 31.49 31.38 31.18 30.87 30.62 30.44 30.39 30.47 30.59 30.78 30.91 30.92 30.91 30.89 30.86 30.82 30.8 30.79 30.82 30.86 30.9 30.92 30.94 30.95 30.97 30.97 30.97 30.95 30.93 30.91 30.9 30.89 30.88 30.87 30.87 30.87 30.87 30.87 30.87 30.87 30.87 30.88 30.88 30.88 30.88 30.89 30.9 30.92 30.92 30.93 30.94 30.95 30.96
31.69 31.68 31.64 31.62 31.61 31.68 32.01 32.2 32.2 32.02 31.74 31.44 31.29 31.26 31.17 31.07 31.06 31.07 31.14 31.39 31.62 31.73 31.74 31.67 31.58 31.43 31.15 30.86 30.74 30.63 30.55 30.58 30.67 30.85 30.95 30.97 30.95 30.93 30.91 30.88 30.85 30.86 30.87 30.91 30.93 30.95 30.97 30.98 30.99 30.99 30.98 30.96 30.94 30.93 30.91 30.9 30.89 30.88 30.87 30.87 30.88 30.88 30.88 30.88 30.88 30.88 30.88 30.88 30.88 30.89 30.9 30.92 30.92 30.92 30.93 30.95 30.96
31.88 31.82 31.77 31.79 31.67 31.67 31.99 32.21 32.26 32.17 31.93 31.56 31.36 31.36 31.33 31.33 31.37 31.34 31.24 31.39 31.63 31.77 31.82 31.78 31.65 31.41 31.07 30.86 30.83 30.78 30.7 30.71 30.76 30.87 30.97 31 30.98 30.97 30.96 30.94 30.92 30.91 30.92 30.94 30.96 30.98 30.99 31 31 30.99 30.98 30.97 30.95 30.93 30.92 30.92 30.91 30.89 30.88 30.88 30.89 30.88 30.88 30.88 30.88 30.88 30.88 30.88 30.89 30.89 30.9 30.92 30.92 30.92 30.93 30.95 30.96
31.97 31.88 31.87 31.89 31.8 31.84 32.08 32.25 32.28 32.23 32.02 31.62 31.37 31.4 31.48 31.56 31.67 31.6 31.41 31.51 31.75 31.87 31.9 31.86 31.73 31.47 31.1 30.9 30.9 30.9 30.85 30.83 30.82 30.85 30.98 31.05 31.04 31.01 30.99 30.98 30.97 30.96 30.96 30.97 30.99 31 31.01 31.01 31.01 31 30.98 30.96 30.95 30.93 30.92 30.92 30.91 30.9 30.89 30.89 30.89 30.89 30.89 30.89 30.89 30.89 30.89 30.89 30.89 30.9 30.91 30.92 30.92 30.93 30.94 30.95 30.96
31.92 31.9 31.99 31.99 32 32.12 32.22 32.28 32.29 32.24 32.03 31.62 31.41 31.46 31.6 31.73 31.84 31.77 31.6 31.68 31.86 31.94 31.95 31.9 31.77 31.5 31.15 30.95 30.94 30.98 30.96 30.93 30.87 30.87 31.01 31.09 31.1 31.07 31.04 31.03 31.01 31 30.99 31 31.01 31.02 31.02 31.02 31.01 31 30.98 30.96 30.94 30.92 30.92 30.91 30.91 30.9 30.9 30.9 30.9 30.9 30.9 30.9 30.9 30.9 30.9 30.9 30.9 30.91 30.91 30.92 30.93 30.94 30.94 30.95 30.96
31.98 32.04 32.14 32.12 32.19 32.27 32.3 32.31 32.28 32.17 31.89 31.57 31.47 31.54 31.7 31.87 31.95 31.92 31.83 31.86 31.95 31.98 31.98 31.93 31.83 31.61 31.32 31.04 30.94 30.99 31.02 30.99 30.9 30.86 31.01 31.12 31.14 31.12 31.1 31.08 31.05 31.03 31.02 31.02 31.03 31.03 31.03 31.03 31.01 31 30.98 30.95 30.93 30.92 30.91 30.91 30.9 30.9 30.9 30.9 30.9 30.91 30.91 30.91 30.91 30.91 30.9 30.9 30.91 30.91 30.91 30.92 30.93 30.94 30.95 30.95 30.96
