ASPA-UH-SWB2_REPO/input/Gridded_temps/prism_tmin_tutuila_30yr_normal_02.asc
ncols         350
nrows         200
xllcorner     515000
yllcorner     8409000
cellsize      100
NODATA_value  -9999
[rows 68 to 101 of 200, columns 154 to 230 of 350]
24.36 24.2 24.07 23.94 23.81 23.64 23.44 23.24 23.28 23.67 24.08 24.38 24.57 24.68 24.71 24.73 24.73 24.73 24.74 24.75 24.76 24.76 24.76 24.76 24.76 24.76 24.76 24.76 24.76 24.76 24.76 24.76 24.76 24.76 24.76 24.76 24.76 24.76 24.76 24.76 24.76 24.77 24.77 24.77 24.77 24.77 24.77 24.77 24.77 24.77 24.77 24.77 24.77 24.77 24.77 24.77 24.77 24.76 24.72 24.54 24.2 23.91 23.73 23.39 23.03 22.62 22.28 22.07 21.94 21.98 22.24 22.36 22.29 22.51 22.88 23.2 23.42
24.25 24.12 23.94 23.76 23.64 23.5 23.3 23.13 23.31 23.74 24.15 24.43 24.61 24.7 24.72 24.72 24.71 24.69 24.7 24.72 24.74 24.75 24.75 24.75 24.75 24.76 24.76 24.76 24.76 24.76 24.76 24.76 24.76 24.76 24.76 24.76 24.76 24.76 24.76 24.76 24.76 24.76 24.76 24.77 24.77 24.77 24.77 24.77 24.77 24.77 24.77 24.77 24.77 24.77 24.77 24.77 24.77 24.76 24.67 24.38 24.05 23.77 23.55 23.26 22.9 22.5 22.27 22.36 22.42 22.3 22.14 22.11 22.2 22.64 23.03 23.22 23.32
24.04 23.97 23.82 23.62 23.44 23.31 23.15 23.1 23.42 23.86 24.24 24.46 24.61 24.7 24.71 24.69 24.63 24.52 24.54 24.6 24.66 24.7 24.69 24.68 24.71 24.74 24.75 24.76 24.76 24.76 24.76 24.76 24.76 24.76 24.76 24.76 24.76 24.76 24.76 24.76 24.76 24.76 24.76 24.76 24.77 24.77 24.77 24.77 24.77 24.77 24.77 24.77 24.77 24.77 24.77 24.77 24.77 24.74 24.6 24.38 24.22 24.04 23.88 23.66 23.27 22.93 22.83 22.9 23.04 22.74 22.53 22.35 22.44 22.78 23.15 23.21 23.17
23.81 23.75 23.62 23.44 23.24 23.09 23.02 23.15 23.49 23.9 24.22 24.41 24.58 24.68 24.68 24.62 24.48 24.23 24.23 24.34 24.52 24.6 24.58 24.51 24.57 24.67 24.72 24.74 24.75 24.76 24.76 24.76 24.76 24.76 24.76 24.76 24.76 24.76 24.76 24.76 24.76 24.76 24.76 24.76 24.76 24.76 24.77 24.77 24.77 24.77 24.77 24.77 24.77 24.77 24.77 24.77 24.77 24.74 24.63 24.53 24.44 24.32 24.17 23.9 23.47 23.28 23.26 23.26 23.36 23.23 23.21 22.97 22.94 22.98 23.28 23.34 23.18
23.6 23.53 23.38 23.18 23.04 23.03 23.14 23.4 23.66 23.98 24.22 24.41 24.58 24.66 24.63 24.52 24.32 24 23.87 24.13 24.41 24.47 24.4 24.25 24.31 24.49 24.61 24.68 24.73 24.75 24.76 24.76 24.76 24.76 24.75 24.75 24.75 24.75 24.75 24.76 24.76 24.76 24.76 24.76 24.76 24.76 24.76 24.77 24.77 24.77 24.77 24.77 24.77 24.77 24.77 24.77 24.77 24.74 24.68 24.59 24.43 24.24 24.06 23.72 23.36 23.39 23.55 23.59 23.63 23.63 23.66 23.5 23.44 23.38 23.48 23.54 23.33
23.44 23.31 23.16 22.97 22.98 23.17 23.47 23.72 23.98 24.21 24.39 24.52 24.61 24.63 24.54 24.39 24.17 23.83 23.75 24.07 24.26 24.23 24.14 23.96 24.02 24.27 24.43 24.55 24.67 24.73 24.75 24.75 24.75 24.73 24.7 24.7 24.69 24.7 24.72 24.74 24.76 24.76 24.76 24.76 24.76 24.76 24.76 24.76 24.77 24.77 24.77 24.77 24.77 24.77 24.77 24.77 24.77 24.74 24.68 24.5 24.24 23.96 23.73 23.43 23.15 23.35 23.69 23.86 23.87 23.91 23.9 23.72 23.66 23.68 23.7 23.66 23.4
23.39 23.12 22.96 22.9 23.04 23.33 23.66 23.97 24.19 24.35 24.48 24.56 24.61 24.6 24.48 24.27 24.04 23.86 23.8 23.96 23.99 23.91 23.83 23.66 23.71 23.97 24.21 24.43 24.64 24.71 24.73 24.73 24.71 24.65 24.56 24.55 24.58 24.66 24.72 24.75 24.76 24.76 24.76 24.76 24.76 24.76 24.76 24.76 24.76 24.77 24.77 24.77 24.77 24.77 24.77 24.77 24.77 24.75 24.69 24.5 24.18 23.93 23.67 23.31 23.09 23.31 23.71 23.96 24.04 24.11 24.06 23.85 23.83 23.84 23.78 23.65 23.39
23.32 23.03 22.9 22.94 23.06 23.34 23.68 23.99 24.2 24.37 24.5 24.57 24.59 24.58 24.51 24.37 24.24 24.12 23.95 23.88 23.79 23.61 23.51 23.48 23.6 23.91 24.27 24.52 24.65 24.7 24.7 24.69 24.64 24.5 24.37 24.46 24.58 24.68 24.74 24.76 24.76 24.76 24.76 24.76 24.76 24.76 24.76 24.76 24.76 24.76 24.77 24.77 24.77 24.77 24.77 24.77 24.77 24.75 24.71 24.58 24.3 24.01 23.67 23.37 23.2 23.42 23.79 24.02 24.15 24.27 24.25 24.06 23.94 23.83 23.67 23.48 23.29
23.22 23.1 23.14 23.2 23.24 23.49 23.82 24.11 24.29 24.41 24.5 24.53 24.53 24.51 24.48 24.43 24.35 24.21 24.02 23.87 23.72 23.47 23.36 23.45 23.76 24.13 24.37 24.5 24.6 24.65 24.64 24.61 24.5 24.32 24.31 24.53 24.66 24.72 24.74 24.76 24.76 24.76 24.76 24.76 24.76 24.76 24.76 24.76 24.76 24.76 24.76 24.77 24.77 24.77 24.77 24.77 24.76 24.72 24.62 24.46 24.22 23.94 23.68 23.42 23.31 23.48 23.78 23.98 24.13 24.33 24.46 24.29 24.09 23.94 23.77 23.58 23.48
23.38 23.32 23.48 23.48 23.4 23.62 23.95 24.22 24.35 24.42 24.45 24.43 24.41 24.39 24.37 24.34 24.29 24.21 24.05 23.91 23.73 23.5 23.43 23.6 23.92 24.18 24.24 24.24 24.43 24.53 24.52 24.46 24.29 24.15 24.34 24.57 24.68 24.72 24.74 24.75 24.76 24.76 24.76 24.76 24.76 24.76 24.76 24.76 24.76 24.76 24.76 24.76 24.77 24.77 24.77 24.77 24.75 24.65 24.43 24.26 24.12 23.93 23.68 23.54 23.52 23.64 23.87 24.07 24.22 24.38 24.55 24.48 24.33 24.13 23.94 23.76 23.71
23.65 23.56 23.72 23.64 23.46 23.57 23.91 24.2 24.32 24.36 24.37 24.32 24.26 24.23 24.21 24.12 24.11 24.15 24.04 23.86 23.63 23.43 23.45 23.63 23.86 23.99 23.95 23.89 24.23 24.35 24.31 24.26 24.1 24.07 24.37 24.58 24.67 24.7 24.72 24.74 24.76 24.76 24.76 24.76 24.76 24.76 24.76 24.76 24.76 24.76 24.76 24.76 24.76 24.76 24.77 24.77 24.76 24.67 24.43 24.25 24.14 23.97 23.8 23.76 23.71 23.76 23.97 24.15 24.32 24.47 24.6 24.56 24.35 24.1 23.92 23.81 23.84
23.88 23.81 23.92 23.81 23.62 23.6 23.82 24.1 24.22 24.27 24.29 24.24 24.11 24.03 24.03 23.9 23.93 24.04 23.93 23.73 23.45 23.28 23.36 23.48 23.61 23.69 23.67 23.68 24 24.06 23.95 23.93 23.95 24.16 24.42 24.55 24.59 24.62 24.65 24.71 24.75 24.75 24.75 24.75 24.76 24.76 24.76 24.76 24.76 24.76 24.76 24.76 24.76 24.76 24.76 24.77 24.77 24.74 24.64 24.43 24.23 24.05 23.95 23.88 23.76 23.77 23.97 24.16 24.34 24.51 24.63 24.6 24.42 24.16 23.98 23.87 23.89
24.17 24.12 24.14 24.02 23.85 23.7 23.78 23.99 24.12 24.17 24.19 24.18 24.04 23.85 23.84 23.75 23.82 23.9 23.78 23.61 23.31 23.12 23.22 23.34 23.43 23.5 23.5 23.52 23.69 23.71 23.58 23.63 23.88 24.15 24.3 24.36 24.38 24.39 24.49 24.64 24.72 24.74 24.72 24.71 24.74 24.76 24.76 24.76 24.76 24.76 24.76 24.76 24.76 24.76 24.76 24.76 24.76 24.76 24.71 24.54 24.26 24.1 24.06 23.95 23.83 23.85 24.02 24.25 24.46 24.6 24.66 24.62 24.47 24.25 24.08 23.96 23.92
24.44 24.36 24.28 24.12 23.9 23.66 23.67 23.86 23.98 24.04 24.06 24.09 24.02 23.8 23.66 23.55 23.65 23.66 23.57 23.33 23.09 22.96 23.09 23.28 23.42 23.48 23.43 23.41 23.49 23.51 23.43 23.49 23.7 23.9 23.99 24.02 24.03 24.09 24.33 24.59 24.69 24.69 24.61 24.56 24.67 24.72 24.75 24.76 24.76 24.76 24.76 24.76 24.76 24.76 24.76 24.76 24.76 24.76 24.72 24.57 24.26 24.13 24.12 24.01 23.95 23.98 24.08 24.34 24.59 24.68 24.64 24.52 24.36 24.21 24.15 24.09 24
24.53 24.39 24.22 24.05 23.81 23.49 23.44 23.6 23.79 23.87 23.87 23.94 23.97 23.75 23.39 23.16 23.24 23.18 23.12 22.87 22.79 22.84 23.07 23.32 23.51 23.61 23.51 23.47 23.55 23.57 23.54 23.59 23.72 23.82 23.84 23.86 23.83 24 24.32 24.53 24.6 24.58 24.43 24.36 24.5 24.6 24.72 24.76 24.76 24.76 24.76 24.76 24.76 24.76 24.76 24.76 24.76 24.76 24.74 24.6 24.29 24.19 24.16 24.07 24.11 24.12 24.11 24.34 24.62 24.7 24.61 24.46 24.26 24.22 24.27 24.21 24.12
24.49 24.29 24.07 23.85 23.59 23.26 23.13 23.27 23.5 23.66 23.63 23.75 23.86 23.65 23.16 22.68 22.67 22.68 22.66 22.68 22.82 23.02 23.28 23.48 23.65 23.77 23.66 23.65 23.75 23.78 23.74 23.84 23.96 23.98 23.95 24.02 24.02 24.06 24.22 24.34 24.39 24.39 24.32 24.39 24.6 24.68 24.74 24.76 24.76 24.76 24.76 24.76 24.76 24.76 24.76 24.76 24.76 24.76 24.74 24.62 24.36 24.25 24.18 24.14 24.24 24.26 24.14 24.29 24.59 24.71 24.66 24.52 24.28 24.31 24.44 24.43 24.38
24.45 24.33 24.16 23.9 23.48 23.14 22.96 22.95 23.25 23.5 23.44 23.61 23.76 23.59 23.11 22.54 22.37 22.45 22.56 22.78 23.11 23.36 23.58 23.72 23.81 23.9 23.89 24 23.97 23.99 23.92 23.97 24.14 24.23 24.14 24.22 24.27 24.17 24.08 24.15 24.33 24.48 24.54 24.62 24.71 24.75 24.76 24.76 24.76 24.76 24.76 24.76 24.76 24.76 24.76 24.76 24.76 24.76 24.75 24.67 24.43 24.28 24.24 24.33 24.38 24.36 24.19 24.24 24.52 24.7 24.71 24.58 24.35 24.45 24.62 24.66 24.68
24.33 24.28 24.15 23.88 23.49 23.14 22.88 22.73 23.11 23.27 23.16 23.4 23.58 23.45 23.01 22.52 22.37 22.49 22.71 23 23.32 23.56 23.68 23.76 23.91 24.05 24.15 24.3 24.31 24.38 24.32 24.19 24.26 24.45 24.33 24.36 24.45 24.34 24.22 24.36 24.56 24.67 24.71 24.73 24.76 24.76 24.76 24.76 24.76 24.76 24.76 24.76 24.76 24.76 24.76 24.76 24.76 24.76 24.75 24.71 24.54 24.4 24.44 24.58 24.57 24.45 24.24 24.28 24.54 24.72 24.75 24.67 24.57 24.69 24.74 24.76 24.76
24.11 24.14 24.07 23.83 23.48 23.07 22.72 22.49 22.76 22.8 22.88 23.16 23.31 23.16 22.85 22.65 22.73 22.85 23.05 23.27 23.38 23.33 23.27 23.37 23.72 23.99 24.12 24.31 24.42 24.49 24.54 24.48 24.48 24.6 24.57 24.54 24.58 24.52 24.46 24.59 24.7 24.75 24.75 24.76 24.76 24.76 24.76 24.76 24.76 24.76 24.76 24.76 24.76 24.76 24.76 24.76 24.76 24.75 24.72 24.68 24.64 24.64 24.69 24.72 24.7 24.61 24.5 24.54 24.69 24.76 24.77 24.75 24.73 24.76 24.77 24.77 24.77
23.8 23.91 23.92 23.76 23.48 23.12 22.62 22.3 22.46 22.46 22.69 22.93 22.96 22.83 22.73 22.76 23.01 23.14 23.26 23.31 23.1 22.91 22.88 23.09 23.5 23.73 23.85 24.04 24.21 24.35 24.53 24.61 24.64 24.68 24.69 24.68 24.7 24.69 24.68 24.72 24.75 24.76 24.76 24.76 24.76 24.76 24.76 24.76 24.76 24.76 24.76 24.76 24.76 24.76 24.76 24.76 24.76 24.74 24.66 24.62 24.67 24.73 24.76 24.76 24.76 24.74 24.72 24.73 24.76 24.77 24.77 24.77 24.76 24.77 24.77 24.77 24.77
23.42 23.53 23.62 23.59 23.38 23.08 22.57 22.2 22.26 22.34 22.6 22.76 22.71 22.65 22.7 22.82 23.01 23.02 23.01 22.97 22.72 22.61 22.69 22.91 23.16 23.39 23.61 23.86 24.03 24.19 24.41 24.54 24.58 24.61 24.69 24.71 24.72 24.73 24.74 24.76 24.76 24.76 24.76 24.76 24.76 24.76 24.76 24.76 24.76 24.76 24.76 24.76 24.76 24.76 24.76 24.76 24.76 24.76 24.74 24.73 24.74 24.76 24.77 24.77 24.77 24.77 24.77 24.77 24.77 24.77 24.77 24.77 24.77 24.77 24.77 24.77 24.77
23.12 23.02 23.13 23.22 23.03 22.82 22.41 22.11 22.11 22.23 22.45 22.52 22.46 22.52 22.67 22.72 22.68 22.5 22.34 22.42 22.5 22.64 22.83 22.96 23.03 23.18 23.44 23.73 23.92 24.1 24.26 24.34 24.37 24.38 24.55 24.62 24.68 24.71 24.73 24.75 24.76 24.76 24.76 24.76 24.76 24.76 24.76 24.76 24.76 24.76 24.76 24.76 24.76 24.76 24.76 24.76 24.76 24.76 24.76 24.76 24.76 24.76 24.76 24.77 24.77 24.77 24.77 24.77 24.77 24.77 24.77 24.77 24.77 24.77 24.77 24.77 24.77
22.73 22.55 22.65 22.74 22.56 22.38 22.24 22.15 22.17 22.25 22.29 22.2 22.17 22.27 22.31 22.1 21.99 21.94 21.85 22.09 22.38 22.66 22.96 23.17 23.24 23.33 23.44 23.6 23.82 24 24.11 24.14 24.14 24.11 24.25 24.37 24.49 24.56 24.65 24.72 24.74 24.75 24.75 24.76 24.76 24.76 24.76 24.76 24.76 24.76 24.76 24.76 24.76 24.76 24.76 24.76 24.76 24.76 24.76 24.76 24.76 24.76 24.76 24.76 24.77 24.77 24.77 24.77 24.77 24.77 24.77 24.77 24.77 24.77 24.77 24.77 24.77
22.38 22.36 22.51 22.54 22.39 22.33 22.35 22.37 22.42 22.41 22.31 22.1 21.95 21.88 21.81 21.6 21.55 21.57 21.72 22.02 22.29 22.56 22.9 23.21 23.39 23.5 23.61 23.67 23.71 23.78 23.87 23.9 23.91 23.89 23.93 24.08 24.18 24.3 24.49 24.63 24.67 24.67 24.7 24.73 24.76 24.76 24.76 24.76 24.76 24.76 24.76 24.76 24.76 24.76 24.76 24.76 24.76 24.76 24.76 24.76 24.76 24.76 24.76 24.76 24.77 24.77 24.77 24.77 24.77 24.77 -9999 24.77 24.77 24.77 24.77 -9999 -9999
22.21 22.36 22.58 22.63 22.55 22.59 22.61 22.62 22.64 22.55 22.44 22.29 21.94 21.59 21.43 21.28 21.34 21.44 21.66 21.94 22.16 22.41 22.71 23 23.19 23.34 23.6 23.79 23.82 23.77 23.81 23.84 23.85 23.84 23.84 23.9 23.92 24.08 24.27 24.4 24.49 24.46 24.52 24.62 24.73 24.76 24.76 24.76 24.76 24.76 24.76 24.76 24.76 24.76 24.76 24.76 24.76 24.76 24.76 24.76 24.76 24.76 24.76 24.76 24.76 24.77 24.77 24.77 24.77 -9999 -9999 -9999 24.77 -9999 -9999 -9999 -9999
22.12 22.37 22.65 22.77 22.79 22.85 22.86 22.86 22.8 22.64 22.57 22.56 22.31 21.9 21.65 21.29 21.46 21.58 21.79 22.09 22.21 22.32 22.56 22.79 22.89 23.12 23.45 23.74 23.94 24.01 24.03 24.04 24.04 24.05 24.05 24.02 23.97 23.99 24.05 24.14 24.24 24.28 24.4 24.58 24.72 24.75 24.76 24.76 24.76 24.76 24.76 24.76 24.76 -9999 -9999 -9999 -9999 24.76 24.76 24.76 24.76 -9999 -9999 -9999 -9999 24.77 -9999 -9999 -9999 -9999 -9999 -9999 -9999 -9999 -9999 -9999 -9999
22.18 22.47 22.69 22.83 22.95 23.03 23.07 23.05 22.92 22.78 22.71 22.77 22.72 22.42 22.13 21.67 21.73 21.79 22.07 22.42 22.52 22.51 22.67 22.92 23 23.15 23.35 23.53 23.73 23.91 24.06 24.18 24.24 24.29 24.34 24.3 24.25 24.16 24.08 24.05 24.12 24.22 24.42 24.64 24.74 24.76 24.76 24.76 24.76 24.76 -9999 -9999 -9999 -9999 -9999 -9999 -9999 -9999 -9999 -9999 -9999 -9999 -9999 -9999 -9999 -9999 -9999 -9999 -9999 -9999 -9999 -9999 -9999 -9999 -9999 -9999 -9999
22.27 22.41 22.5 22.66 22.91 23.08 23.2 23.2 23.1 23.04 22.96 23.05 22.99 22.8 22.52 22.14 22.06 21.94 22.32 22.65 22.83 22.87 22.96 23.16 23.35 23.5 23.57 23.59 23.63 23.71 23.82 23.99 24.12 24.31 24.52 24.55 24.53 24.43 24.29 24.2 24.23 24.28 24.45 24.68 24.75 24.76 24.76 24.76 24.76 24.76 -9999 -9999 -9999 -9999 -9999 -9999 -9999 -9999 -9999 -9999 -9999 -9999 -9999 -9999 -9999 -9999 -9999 -9999 -9999 -9999 -9999 -9999 -9999 -9999 -9999 -9999 -9999
22.18 22.22 22.28 22.57 22.9 23.14 23.3 23.4 23.35 23.29 23.29 23.35 23.21 22.97 22.62 22.41 22.44 22.34 22.57 22.83 23.06 23.21 23.31 23.43 23.6 23.83 23.93 23.94 23.92 23.91 23.9 23.85 23.85 24.09 24.42 24.62 24.67 24.63 24.54 24.43 24.43 24.47 24.58 24.72 24.75 24.75 24.76 24.76 24.76 -9999 -9999 -9999 -9999 -9999 -9999 -9999 -9999 -9999 -9999 -9999 -9999 -9999 -9999 -9999 -9999 -9999 -9999 -9999 -9999 -9999 -9999 -9999 -9999 -9999 -9999 -9999 -9999
22.06 22.11 22.22 22.47 22.81 23.09 23.29 23.46 23.57 23.6 23.62 23.57 23.32 23.01 22.7 22.66 22.7 22.54 22.69 22.87 23.04 23.22 23.38 23.5 23.67 23.84 24 24.16 24.25 24.24 24.2 24.1 23.92 24 24.27 24.57 24.7 24.72 24.7 24.64 24.62 24.63 24.69 24.74 24.75 24.75 24.75 24.76 24.76 -9999 -9999 -9999 -9999 -9999 -9999 -9999 -9999 -9999 -9999 -9999 -9999 -9999 -9999 -9999 -9999 -9999 -9999 -9999 -9999 -9999 -9999 -9999 -9999 -9999 -9999 -9999 -9999
22.1 22.16 22.25 22.48 22.8 23.06 23.24 23.44 23.68 23.85 23.84 23.68 23.37 23.05 22.76 22.77 22.81 22.71 22.74 22.83 22.94 23.07 23.2 23.31 23.42 23.52 23.76 24.09 24.34 24.47 24.47 24.36 24.19 24.18 24.32 24.52 24.69 24.74 24.75 24.73 24.72 24.72 24.74 24.75 24.75 24.75 24.75 24.75 -9999 -9999 -9999 -9999 -9999 -9999 -9999 -9999 -9999 -9999 -9999 -9999 -9999 -9999 -9999 -9999 -9999 -9999 -9999 -9999 -9999 -9999 -9999 -9999 -9999 -9999 -9999 -9999 -9999
22.4 22.38 22.31 22.41 22.71 23.03 23.27 23.49 23.74 23.96 23.92 23.7 23.43 23.11 22.84 22.83 22.91 22.94 23.01 23.08 23.11 23.22 23.35 23.46 23.46 23.42 23.59 23.87 24.19 24.45 24.58 24.57 24.45 24.49 24.57 24.58 24.7 24.74 24.75 24.75 24.74 24.75 24.75 24.75 24.75 24.75 24.75 -9999 -9999 -9999 -9999 -9999 -9999 -9999 -9999 -9999 -9999 -9999 -9999 -9999 -9999 -9999 -9999 -9999 -9999 -9999 -9999 -9999 -9999 -9999 -9999 -9999 -9999 -9999 -9999 -9999 -9999
22.72 22.64 22.49 22.55 22.72 22.9 23.14 23.43 23.83 24.1 24.03 23.79 23.4 23.08 22.92 22.91 22.95 22.98 23.16 23.28 23.26 23.34 23.54 23.7 23.72 23.63 23.66 23.83 24.07 24.33 24.57 24.67 24.65 24.69 24.72 24.71 24.74 24.75 24.75 24.75 24.75 24.75 24.75 24.75 24.75 24.75 24.75 -9999 -9999 -9999 -9999 -9999 -9999 -9999 -9999 -9999 -9999 -9999 -9999 -9999 -9999 -9999 -9999 -9999 -9999 -9999 -9999 -9999 -9999 -9999 -9999 -9999 -9999 -9999 -9999 -9999 -9999
22.95 22.84 22.74 22.88 22.99 23.03 23.2 23.4 23.91 24.19 24.02 23.65 23.22 23 23.02 23.07 23.03 22.97 23.15 23.36 23.39 23.4 23.57 23.8 23.93 23.89 23.86 23.99 24.14 24.31 24.57 24.71 24.73 24.74 24.75 24.74 24.75 24.75 24.75 24.75 24.75 24.75 24.75 24.75 24.75 24.75 -9999 -9999 -9999 -9999 -9999 -9999 -9999 -9999 -9999 -9999 -9999 -9999 -9999 -9999 -9999 -9999 -9999 -9999 -9999 -9999 -9999 -9999 -9999 -9999 -9999 -9999 -9999 -9999 -9999 -9999 -9999
