ASPA-UH-SWB2_REPO/input/Gridded_temps/prism_tmax_tutuila_30yr_normal_07.asc
ncols         350
nrows         200
xllcorner     515000
yllcorner     8409000
cellsize      100
NODATA_value  -9999
[rows 35 to 69 of 200, columns 231 to 307 of 350]
-9999 -9999 -9999 -9999 -9999 -9999 29.22 29.22 29.22 -9999 -9999 -9999 29.22 29.22 29.22 29.22 -9999 -9999 -9999 -9999 -9999 -9999 -9999 -9999 -9999 29.22 29.22 29.22 -9999 -9999 -9999 -9999 -9999 -9999 -9999 -9999 -9999 -9999 -9999 -9999 -9999 -9999 -9999 -9999 -9999 -9999 -9999 -9999 -9999 -9999 -9999 -9999 -9999 -9999 -9999 -9999 -9999 -9999 -9999 -9999 -9999 -9999 -9999 -9999 -9999 -9999 -9999 -9999 -9999 -9999 -9999 -9999 -9999 29.23 29.23 29.23 29.23
-9999 29.22 29.22 -9999 -9999 29.22 29.22 29.22 29.22 29.22 29.22 29.22 29.22 29.22 29.22 29.22 -9999 -9999 -9999 29.22 29.22 -9999 -9999 -9999 -9999 29.22 29.22 29.22 29.22 -9999 -9999 -9999 -9999 -9999 -9999 -9999 -9999 -9999 -9999 -9999 -9999 -9999 -9999 -9999 -9999 -9999 -9999 -9999 -9999 -9999 -9999 -9999 -9999 -9999 -9999 -9999 -9999 -9999 -9999 -9999 -9999 -9999 -9999 -9999 -9999 -9999 -9999 -9999 -9999 -9999 -9999 -9999 29.23 29.23 29.23 29.23 29.23
29.21 29.22 29.22 29.22 29.22 29.22 29.22 29.22 29.22 29.22 29.22 29.22 29.22 29.22 29.22 29.22 29.22 -9999 29.22 29.22 29.22 29.22 29.22 -9999 29.22 29.22 29.22 29.22 29.22 29.22 -9999 -9999 -9999 -9999 -9999 -9999 -9999 -9999 -9999 -9999 -9999 -9999 -9999 -9999 -9999 -9999 -9999 -9999 -9999 -9999 -9999 -9999 -9999 -9999 -9999 -9999 -9999 -9999 -9999 -9999 -9999 -9999 -9999 -9999 -9999 -9999 -9999 -9999 -9999 -9999 -9999 29.23 29.23 29.23 29.23 29.23 29.23
29.21 29.21 29.22 29.22 29.22 29.22 29.22 29.22 29.22 29.22 29.22 29.22 29.22 29.22 29.22 29.22 29.22 29.22 29.22 29.22 29.22 29.22 29.22 29.22 29.22 29.22 29.22 29.22 29.22 29.22 29.22 -9999 -9999 -9999 -9999 -9999 -9999 -9999 -9999 -9999 -9999 -9999 -9999 -9999 -9999 -9999 -9999 -9999 -9999 -9999 -9999 -9999 -9999 -9999 -9999 -9999 -9999 -9999 -9999 -9999 -9999 -9999 -9999 -9999 -9999 -9999 -9999 29.23 29.23 -9999 29.23 29.23 29.23 29.23 29.23 29.23 29.23
29.21 29.21 29.21 29.22 29.22 29.22 29.22 29.22 29.22 29.22 29.22 29.22 29.22 29.22 29.22 29.22 29.22 29.22 29.22 29.22 29.22 29.22 29.22 29.22 29.22 29.22 29.22 29.22 29.22 29.22 29.22 29.22 -9999 -9999 -9999 29.22 -9999 -9999 -9999 -9999 -9999 -9999 -9999 -9999 -9999 -9999 -9999 -9999 -9999 -9999 -9999 -9999 -9999 -9999 -9999 -9999 -9999 -9999 -9999 -9999 -9999 -9999 -9999 -9999 -9999 -9999 29.23 29.23 29.23 29.23 29.23 29.23 29.23 29.23 29.22 29.18 29.2
29.21 29.21 29.21 29.21 29.21 29.22 29.21 29.19 29.2 29.22 29.22 29.22 29.22 29.2 29.19 29.22 29.22 29.22 29.22 29.22 29.22 29.22 29.22 29.22 29.22 29.22 29.22 29.22 29.22 29.22 29.22 29.22 29.22 -9999 29.22 29.22 29.22 -9999 -9999 -9999 -9999 -9999 -9999 -9999 -9999 -9999 -9999 -9999 -9999 -9999 -9999 -9999 -9999 -9999 -9999 -9999 -9999 -9999 -9999 -9999 -9999 -9999 -9999 -9999 -9999 29.23 29.23 29.23 29.23 29.23 29.23 29.23 29.23 29.23 29.15 28.98 29.07
29.21 29.21 29.21 29.21 29.21 29.21 29.18 29.13 29.15 29.21 29.21 29.21 29.19 29.09 29.08 29.19 29.22 29.22 29.22 29.21 29.21 29.22 29.22 29.22 29.21 29.17 29.17 29.21 29.22 29.22 29.22 29.22 29.22 29.22 29.22 29.22 29.22 29.22 -9999 -9999 -9999 -9999 -9999 -9999 -9999 -9999 -9999 -9999 -9999 -9999 -9999 -9999 -9999 -9999 -9999 -9999 -9999 -9999 -9999 -9999 -9999 -9999 -9999 -9999 29.23 29.23 29.23 29.23 29.23 29.23 29.23 29.23 29.23 29.2 29.08 28.8 28.87
29.21 29.19 29.18 29.2 29.21 29.21 29.18 29.04 29.05 29.15 29.16 29.16 29.11 28.89 28.88 29.11 29.2 29.22 29.2 29.1 29.09 29.19 29.22 29.21 29.14 29.04 29.08 29.18 29.22 29.22 29.22 29.22 29.22 29.22 29.22 29.22 29.22 29.22 29.22 -9999 -9999 -9999 -9999 -9999 -9999 -9999 29.22 -9999 -9999 -9999 -9999 -9999 -9999 -9999 -9999 -9999 -9999 -9999 -9999 -9999 -9999 -9999 -9999 29.23 29.23 29.23 29.23 29.23 29.23 29.23 29.23 29.22 29.18 29.08 28.89 28.59 28.64
29.2 29.15 29.08 29.13 29.2 29.21 29.18 28.97 28.86 28.93 28.91 28.95 28.95 28.71 28.72 28.99 29.16 29.19 29.1 28.82 28.83 29.07 29.19 29.19 29.09 29 29.08 29.19 29.22 29.22 29.22 29.22 29.22 29.22 29.22 29.22 29.22 29.22 29.22 29.22 29.22 29.22 -9999 -9999 -9999 29.22 29.22 29.22 29.22 29.22 -9999 -9999 29.23 -9999 -9999 -9999 -9999 -9999 -9999 -9999 -9999 -9999 29.23 29.23 29.23 29.23 29.23 29.23 29.23 29.23 29.23 29.19 29 28.8 28.66 28.48 28.51
29.19 29.1 28.97 29.08 29.18 29.21 29.18 28.96 28.65 28.54 28.51 28.61 28.63 28.54 28.6 28.83 29.01 29.04 28.87 28.62 28.7 28.99 29.17 29.2 29.15 29.14 29.18 29.22 29.22 29.22 29.22 29.22 29.22 29.22 29.22 29.22 29.22 29.22 29.22 29.22 29.22 29.22 -9999 -9999 29.22 29.22 29.22 29.22 29.22 29.22 29.22 29.23 29.23 29.23 -9999 -9999 -9999 -9999 -9999 -9999 -9999 29.23 29.23 29.23 29.23 29.23 29.22 29.2 29.2 29.22 29.22 29.15 28.86 28.61 28.6 28.48 28.44
29.2 29.13 29.03 29.1 29.19 29.21 29.16 28.9 28.42 28.08 28.13 28.23 28.25 28.3 28.44 28.64 28.83 28.91 28.79 28.74 28.88 29.09 29.19 29.21 29.21 29.21 29.22 29.22 29.22 29.22 29.22 29.22 29.22 29.22 29.21 29.19 29.21 29.22 29.22 29.22 29.22 29.22 29.22 29.22 29.22 29.22 29.22 29.22 29.22 29.22 29.22 29.23 29.23 29.23 29.23 29.23 29.23 -9999 -9999 29.23 29.23 29.23 29.23 29.23 29.23 29.23 29.2 29.12 29.1 29.17 29.16 29.12 28.94 28.62 28.55 28.47 28.4
29.21 29.17 29.04 28.98 29.15 29.17 29.07 28.72 28.16 27.74 27.8 27.86 27.92 28.15 28.43 28.71 28.92 29.02 29.02 29.04 29.11 29.18 29.22 29.22 29.22 29.22 29.22 29.22 29.22 29.22 29.22 29.22 29.22 29.21 29.16 29.09 29.16 29.21 29.22 29.22 29.22 29.22 29.22 29.22 29.22 29.22 29.22 29.22 29.22 29.22 29.22 29.22 29.23 29.23 29.23 29.23 29.23 29.23 29.23 29.23 29.23 29.23 29.23 29.23 29.23 29.22 29.15 29.02 29 29.06 28.99 28.98 28.93 28.68 28.51 28.41 28.33
29.2 29.14 28.8 28.83 29.08 29.08 28.86 28.43 27.91 27.58 27.6 27.65 27.84 28.27 28.64 28.94 29.1 29.16 29.18 29.19 29.21 29.22 29.22 29.22 29.22 29.22 29.22 29.22 29.22 29.22 29.22 29.21 29.2 29.16 29.01 28.95 29.11 29.21 29.22 29.22 29.22 29.22 29.22 29.22 29.22 29.22 29.21 29.22 29.22 29.22 29.22 29.22 29.22 29.23 29.23 29.23 29.23 29.23 29.23 29.23 29.23 29.23 29.23 29.23 29.23 29.19 29.05 28.89 28.94 28.93 28.75 28.72 28.8 28.64 28.46 28.33 28.26
29.18 29.04 28.51 28.74 29 28.89 28.57 28.06 27.75 27.69 27.74 27.9 28.2 28.58 28.88 29.09 29.19 29.21 29.22 29.22 29.22 29.22 29.22 29.22 29.22 29.22 29.22 29.22 29.22 29.21 29.17 29.13 29.11 29.03 28.87 28.89 29.09 29.2 29.2 29.21 29.21 29.22 29.22 29.22 29.22 29.21 29.19 29.18 29.19 29.21 29.22 29.22 29.22 29.23 29.23 29.23 29.23 29.23 29.23 29.23 29.23 29.23 29.23 29.23 29.22 29.16 28.96 28.8 28.84 28.84 28.67 28.55 28.62 28.61 28.42 28.26 28.21
29.13 28.62 28.06 28.67 28.88 28.61 28.25 27.99 27.95 28.05 28.22 28.42 28.69 28.95 29.1 29.17 29.21 29.22 29.22 29.22 29.22 29.22 29.22 29.22 29.22 29.22 29.22 29.22 29.2 29.12 28.97 28.86 28.87 28.86 28.78 28.85 29.06 29.13 29.08 29.13 29.16 29.17 29.2 29.22 29.22 29.2 29.13 29.07 29.08 29.16 29.2 29.21 29.21 29.22 29.23 29.23 29.23 29.23 29.23 29.23 29.23 29.23 29.23 29.23 29.23 29.16 28.97 28.78 28.7 28.72 28.64 28.48 28.41 28.48 28.46 28.2 28.14
28.88 28.29 28.18 28.65 28.65 28.31 28.1 28.15 28.3 28.4 28.6 28.85 29.05 29.13 29.18 29.19 29.21 29.22 29.22 29.22 29.22 29.22 29.22 29.22 29.22 29.21 29.21 29.21 29.14 28.91 28.62 28.59 28.65 28.67 28.69 28.84 29 28.99 28.94 29.04 29.03 29.01 29.12 29.2 29.22 29.18 29.06 28.95 28.9 29.01 29.12 29.14 29.17 29.2 29.22 29.23 29.23 29.23 29.23 29.23 29.23 29.23 29.23 29.23 29.23 29.16 28.98 28.75 28.54 28.52 28.49 28.39 28.28 28.3 28.43 28.19 28.14
28.59 28.44 28.59 28.64 28.45 28.12 28.11 28.38 28.65 28.78 28.95 29.09 29.16 29.18 29.19 29.19 29.18 29.18 29.18 29.2 29.22 29.22 29.21 29.2 29.17 29.12 29.11 29.11 28.99 28.63 28.36 28.4 28.48 28.53 28.62 28.78 28.92 28.87 28.9 28.94 28.87 28.84 29.03 29.18 29.2 29.1 28.9 28.81 28.76 28.85 28.92 28.93 29.05 29.16 29.2 29.2 29.22 29.23 29.22 29.22 29.23 29.23 29.23 29.23 29.22 29.16 28.95 28.7 28.42 28.3 28.28 28.23 28.17 28.17 28.35 28.18 28.12
28.31 28.4 28.48 28.45 28.27 28.06 28.24 28.56 28.82 28.99 29.11 29.16 29.15 29.15 29.15 29.11 29.03 28.98 28.99 29.07 29.18 29.2 29.17 29.08 28.97 28.83 28.81 28.87 28.7 28.38 28.19 28.26 28.36 28.48 28.62 28.75 28.83 28.78 28.78 28.79 28.72 28.71 28.9 29.12 29.19 29.07 28.81 28.65 28.59 28.65 28.69 28.74 28.91 29.06 29.08 29.08 29.15 29.15 29.14 29.17 29.22 29.23 29.23 29.23 29.23 29.19 29.04 28.77 28.5 28.28 28.16 28.12 28.06 28.03 28.2 28.1 28
28.01 28.17 28.15 28.15 27.99 27.88 28.2 28.58 28.85 29.04 29.13 29.12 29.03 28.99 28.98 28.89 28.68 28.53 28.59 28.82 29.09 29.13 29.01 28.77 28.57 28.46 28.44 28.46 28.32 28.13 28.05 28.15 28.3 28.48 28.63 28.7 28.72 28.66 28.61 28.62 28.61 28.62 28.83 29.07 29.16 29.11 28.94 28.68 28.49 28.43 28.45 28.58 28.77 28.91 28.86 28.83 28.93 28.92 28.95 29.09 29.21 29.23 29.23 29.23 29.23 29.21 29.12 28.96 28.79 28.61 28.41 28.28 28.08 27.89 28 27.92 27.78
27.73 27.82 27.7 27.7 27.62 27.77 28.15 28.55 28.86 29.04 29.1 29.04 28.85 28.72 28.67 28.55 28.3 28.11 28.31 28.68 28.97 28.97 28.78 28.44 28.16 28.04 28.03 27.99 27.94 27.93 27.97 28.11 28.29 28.43 28.51 28.52 28.52 28.51 28.45 28.47 28.5 28.57 28.8 29.03 29.09 29.05 28.97 28.75 28.48 28.3 28.3 28.5 28.65 28.73 28.69 28.59 28.61 28.66 28.82 29.06 29.2 29.23 29.23 29.23 29.23 29.23 29.2 29.12 29.01 28.88 28.72 28.5 28.11 27.72 27.76 27.71 27.59
27.55 27.47 27.34 27.37 27.57 27.94 28.35 28.67 28.9 29.02 29.04 28.97 28.8 28.56 28.34 28.15 27.93 27.89 28.23 28.61 28.78 28.68 28.5 28.15 27.83 27.7 27.71 27.7 27.72 27.8 27.93 28.08 28.22 28.31 28.35 28.32 28.32 28.35 28.29 28.29 28.36 28.51 28.76 28.94 28.91 28.79 28.76 28.63 28.41 28.22 28.21 28.39 28.46 28.55 28.52 28.33 28.32 28.49 28.77 29.04 29.19 29.23 29.23 29.23 29.23 29.22 29.2 29.14 29.03 28.89 28.7 28.41 27.96 27.54 27.49 27.55 27.63
27.81 27.67 27.34 27.39 27.67 28.05 28.46 28.75 28.9 28.96 28.9 28.82 28.73 28.52 28.19 27.86 27.64 27.78 28.19 28.49 28.51 28.33 28.13 27.88 27.6 27.51 27.53 27.56 27.63 27.72 27.86 27.99 28.08 28.14 28.17 28.13 28.18 28.23 28.17 28.19 28.28 28.46 28.7 28.8 28.67 28.49 28.45 28.39 28.24 28.06 28.03 28.16 28.26 28.37 28.32 28.12 28.18 28.43 28.7 28.97 29.15 29.21 29.22 29.23 29.23 29.21 29.2 29.15 29.04 28.89 28.63 28.21 27.72 27.33 27.25 27.44 27.78
28.21 27.95 27.52 27.51 27.69 27.98 28.41 28.7 28.78 28.83 28.72 28.52 28.53 28.46 28.18 27.76 27.53 27.76 28.1 28.22 28.14 27.92 27.71 27.6 27.52 27.54 27.59 27.63 27.74 27.79 27.85 27.94 28.02 28.07 28.08 28.08 28.17 28.24 28.24 28.31 28.33 28.38 28.55 28.65 28.56 28.43 28.36 28.29 28.15 27.95 27.83 27.91 28.06 28.17 28.09 27.99 28.14 28.4 28.63 28.86 29.06 29.17 29.21 29.21 29.21 29.2 29.17 29.07 28.93 28.82 28.6 28.17 27.61 27.22 27.26 27.57 27.85
28.25 27.94 27.56 27.55 27.68 27.87 28.18 28.36 28.44 28.64 28.55 28.18 28.13 28.22 28.06 27.66 27.45 27.61 27.8 27.77 27.68 27.51 27.46 27.5 27.62 27.73 27.84 27.86 27.98 28 28.01 28.08 28.17 28.24 28.22 28.24 28.32 28.41 28.43 28.51 28.48 28.4 28.43 28.49 28.47 28.42 28.36 28.26 28.1 27.88 27.7 27.74 27.89 27.98 27.94 27.92 28.07 28.3 28.51 28.71 28.93 29.12 29.19 29.2 29.2 29.19 29.1 28.91 28.68 28.57 28.44 28.11 27.66 27.42 27.52 27.79 28
28.03 27.79 27.48 27.5 27.63 27.69 27.79 27.87 28.01 28.38 28.44 27.99 27.68 27.84 27.75 27.48 27.27 27.28 27.37 27.32 27.25 27.3 27.44 27.66 27.84 27.98 28.14 28.15 28.23 28.26 28.23 28.33 28.41 28.49 28.46 28.44 28.51 28.6 28.61 28.66 28.66 28.6 28.55 28.48 28.37 28.27 28.22 28.13 27.99 27.76 27.6 27.63 27.79 27.91 27.96 28.03 28.08 28.17 28.35 28.55 28.82 29.08 29.16 29.18 29.19 29.15 29.02 28.75 28.45 28.3 28.23 28.02 27.78 27.73 27.85 27.93 28.09
27.68 27.53 27.39 27.42 27.51 27.51 27.53 27.54 27.67 28.03 28.02 27.69 27.38 27.56 27.45 27.24 27.06 27.01 27.05 27.05 27.09 27.36 27.64 27.88 28.12 28.27 28.4 28.44 28.51 28.54 28.5 28.56 28.61 28.71 28.72 28.68 28.72 28.8 28.81 28.83 28.84 28.76 28.61 28.47 28.33 28.23 28.12 27.96 27.73 27.54 27.58 27.7 27.86 27.99 28.08 28.21 28.26 28.23 28.36 28.58 28.87 29.04 29.06 29.09 29.14 29.06 28.85 28.6 28.36 28.23 28.18 28.06 27.97 28.01 28.12 28.11 28.18
27.68 27.55 27.38 27.35 27.39 27.39 27.39 27.45 27.67 27.92 27.71 27.46 27.25 27.34 27.25 27.07 26.99 26.98 26.98 26.98 27.09 27.46 27.81 28.03 28.19 28.34 28.48 28.6 28.7 28.78 28.81 28.8 28.79 28.89 28.97 28.95 28.92 28.99 29.01 29 28.94 28.74 28.51 28.42 28.42 28.39 28.23 27.95 27.64 27.53 27.66 27.81 27.95 28.1 28.23 28.36 28.47 28.49 28.61 28.78 28.9 28.85 28.82 28.96 29.04 28.89 28.62 28.41 28.35 28.32 28.31 28.26 28.18 28.18 28.3 28.3 28.34
27.93 27.73 27.52 27.37 27.31 27.28 27.27 27.36 27.63 27.78 27.58 27.3 27.2 27.23 27.21 27.19 27.23 27.29 27.2 27.24 27.35 27.6 27.92 28.12 28.2 28.28 28.42 28.58 28.73 28.86 28.96 28.99 28.99 29.06 29.14 29.14 29.11 29.14 29.13 29.03 28.83 28.67 28.66 28.67 28.67 28.54 28.37 28.12 27.79 27.63 27.68 27.79 27.9 28.05 28.21 28.29 28.42 28.64 28.73 28.74 28.68 28.62 28.73 28.84 28.81 28.65 28.43 28.36 28.46 28.49 28.48 28.43 28.28 28.24 28.41 28.49 28.54
28.14 28.01 27.84 27.55 27.28 27.14 27.04 27.11 27.39 27.52 27.42 27.39 27.4 27.41 27.35 27.35 27.47 27.62 27.61 27.62 27.8 27.98 28.11 28.31 28.36 28.34 28.41 28.56 28.74 28.9 29.01 29.08 29.11 29.17 29.2 29.2 29.19 29.2 29.12 28.86 28.66 28.77 28.97 29.01 28.91 28.75 28.56 28.27 27.94 27.67 27.63 27.73 27.83 27.93 28.04 28.1 28.23 28.36 28.41 28.41 28.44 28.53 28.6 28.56 28.51 28.51 28.5 28.57 28.72 28.71 28.65 28.53 28.28 28.23 28.49 28.65 28.72
28.2 28.01 27.82 27.55 27.27 27.08 26.92 26.92 27.13 27.26 27.34 27.54 27.66 27.68 27.5 27.43 27.54 27.78 27.98 27.96 28.07 28.28 28.41 28.6 28.65 28.49 28.4 28.51 28.78 28.95 28.98 29.07 29.14 29.2 29.22 29.22 29.22 29.21 29.14 28.97 28.98 29.1 29.13 29.07 28.86 28.67 28.35 28.1 27.89 27.71 27.66 27.7 27.74 27.78 27.85 27.97 28.08 28.17 28.26 28.36 28.45 28.52 28.49 28.48 28.46 28.55 28.66 28.76 28.85 28.76 28.63 28.51 28.33 28.18 28.32 28.57 28.76
27.95 27.75 27.58 27.37 27.26 27.14 26.99 26.92 27.03 27.21 27.39 27.68 27.83 27.85 27.71 27.6 27.57 27.8 28.12 28.23 28.19 28.43 28.63 28.79 28.83 28.72 28.63 28.77 29 29.07 28.99 29.02 29.13 29.2 29.22 29.22 29.22 29.22 29.19 29.14 29.16 29.2 29.18 29.04 28.75 28.53 28.35 28.14 28 27.93 27.83 27.75 27.69 27.64 27.67 27.83 28.01 28.15 28.25 28.36 28.46 28.56 28.62 28.65 28.58 28.62 28.77 28.89 28.93 28.82 28.66 28.49 28.31 28.15 28.24 28.5 28.77
27.77 27.63 27.53 27.4 27.29 27.16 27 26.95 27.1 27.31 27.48 27.72 27.92 28.01 27.98 27.88 27.72 27.89 28.23 28.4 28.32 28.47 28.67 28.88 28.99 28.95 28.91 29.01 29.14 29.17 29.13 29.12 29.18 29.21 29.22 29.22 29.22 29.22 29.22 29.21 29.21 29.22 29.19 29.07 28.86 28.73 28.6 28.45 28.35 28.22 28.04 27.93 27.84 27.69 27.61 27.79 28 28.12 28.19 28.36 28.53 28.65 28.74 28.84 28.77 28.69 28.82 28.95 29 28.89 28.73 28.61 28.43 28.27 28.36 28.57 28.86
27.68 27.54 27.51 27.44 27.33 27.2 27.04 27 27.15 27.34 27.5 27.69 27.93 28.17 28.27 28.3 28.1 28.08 28.36 28.55 28.54 28.6 28.71 28.92 29.08 29.12 29.13 29.16 29.2 29.21 29.21 29.2 29.21 29.22 29.22 29.22 29.22 29.22 29.22 29.22 29.22 29.22 29.19 29.13 29.05 29.02 28.92 28.75 28.66 28.45 28.31 28.23 28.15 27.97 27.73 27.82 27.98 28.06 28.12 28.25 28.4 28.49 28.65 28.9 28.97 28.83 28.84 28.98 29.07 28.99 28.86 28.68 28.49 28.39 28.53 28.69 28.97
27.61 27.49 27.5 27.46 27.39 27.28 27.13 27.1 27.23 27.37 27.47 27.61 27.83 28.1 28.27 28.54 28.57 28.31 28.38 28.57 28.72 28.8 28.85 28.98 29.13 29.19 29.2 29.2 29.21 29.22 29.22 29.22 29.22 29.22 29.22 29.22 29.22 29.22 29.22 29.22 29.22 29.22 29.21 29.2 29.19 29.17 29.11 29.01 28.9 28.7 28.61 28.52 28.43 28.18 27.82 27.8 27.92 28.07 28.19 28.31 28.44 28.55 28.72 28.97 29.1 29.05 29 29.07 29.15 29.13 29.04 28.79 28.63 28.66 28.77 28.94 29.14
27.51 27.48 27.54 27.49 27.4 27.29 27.15 27.18 27.28 27.34 27.42 27.48 27.59 27.76 27.98 28.46 28.75 28.55 28.43 28.49 28.66 28.85 28.97 29.02 29.14 29.2 29.21 29.21 29.21 29.22 29.22 29.22 29.22 29.22 29.22 -9999 29.22 29.22 29.22 29.22 29.22 29.22 29.22 29.22 29.22 29.21 29.19 29.15 29.07 28.95 28.85 28.75 28.6 28.29 27.89 27.73 27.89 28.16 28.35 28.48 28.61 28.72 28.88 29.06 29.16 29.17 29.16 29.17 29.21 29.2 29.16 28.99 28.88 28.99 29.03 29.12 29.2
