ASPA-UH-SWB2_REPO/input/Gridded_temps/prism_tmax_tutuila_30yr_normal_03.asc
ncols         350
nrows         200
xllcorner     515000
yllcorner     8409000
cellsize      100
NODATA_value  -9999
[rows 102 to 135 of 200, columns 0 to 76 of 350]
-9999 -9999 -9999 -9999 -9999 -9999 -9999 -9999 -9999 -9999 -9999 -9999 -9999 -9999 -9999 -9999 -9999 -9999 -9999 -9999 -9999 -9999 -9999 -9999 -9999 -9999 -9999 -9999 -9999 -9999 -9999 -9999 -9999 31.84 31.84 31.84 31.85 31.85 31.83 31.75 31.65 31.52 31.29 31.2 31.22 31.55 31.82 31.88 31.88 31.81 31.57 31.21 30.88 30.71 30.63 30.59 30.52 30.38 30.32 30.39 30.43 30.24 30.1 30.07 29.85 29.59 29.41 29.35 29.37 29.44 29.53 29.61 29.67 29.68 29.68 29.82 30.06
-9999 -9999 -9999 -9999 -9999 -9999 -9999 -9999 -9999 -9999 -9999 -9999 -9999 -9999 -9999 -9999 -9999 -9999 -9999 -9999 -9999 -9999 -9999 -9999 -9999 -9999 -9999 -9999 -9999 -9999 -9999 -9999 31.84 31.84 31.85 31.85 31.85 31.86 31.81 31.64 31.42 31.37 31.19 31.05 31.02 31.23 31.65 31.82 31.85 31.84 31.72 31.39 31.02 30.69 30.41 30.32 30.24 30.12 30.08 30.14 30.2 30.06 29.87 29.75 29.6 29.4 29.35 29.37 29.4 29.41 29.45 29.53 29.57 29.57 29.65 29.89 30.13
-9999 -9999 -9999 -9999 -9999 -9999 -9999 -9999 -9999 -9999 -9999 -9999 -9999 -9999 -9999 -9999 -9999 -9999 -9999 -9999 -9999 -9999 -9999 -9999 -9999 -9999 -9999 -9999 -9999 -9999 31.83 31.84 31.84 31.85 31.85 31.86 31.86 31.86 31.75 31.46 31.27 31.24 31.2 31.04 30.91 30.98 31.42 31.67 31.74 31.81 31.79 31.65 31.36 31 30.71 30.45 30.27 30.17 30.05 30 29.96 29.85 29.66 29.5 29.49 29.41 29.45 29.55 29.56 29.46 29.39 29.44 29.47 29.49 29.67 29.93 30.07
-9999 -9999 -9999 -9999 -9999 -9999 -9999 -9999 -9999 -9999 -9999 -9999 -9999 -9999 -9999 -9999 -9999 -9999 -9999 -9999 -9999 -9999 -9999 -9999 -9999 -9999 -9999 -9999 -9999 31.83 31.83 31.84 31.84 31.85 31.86 31.86 31.87 31.85 31.75 31.52 31.36 31.24 31.13 30.99 30.8 30.82 31.12 31.23 31.33 31.61 31.73 31.72 31.64 31.43 31.18 30.96 30.77 30.58 30.37 30.22 30.07 29.87 29.71 29.61 29.62 29.54 29.58 29.68 29.66 29.48 29.42 29.45 29.43 29.51 29.76 29.91 29.94
-9999 -9999 -9999 -9999 -9999 -9999 -9999 -9999 -9999 -9999 -9999 -9999 -9999 -9999 -9999 -9999 -9999 -9999 -9999 -9999 -9999 -9999 -9999 -9999 -9999 -9999 -9999 -9999 31.83 31.83 31.84 31.84 31.85 31.86 31.86 31.86 31.85 31.81 31.72 31.52 31.32 31.19 31.09 30.99 30.84 30.73 30.82 30.87 31.03 31.41 31.59 31.63 31.64 31.6 31.51 31.38 31.2 30.97 30.78 30.64 30.44 30.23 30.05 29.86 29.85 29.77 29.72 29.78 29.79 29.6 29.58 29.57 29.45 29.51 29.71 29.8 29.86
-9999 -9999 -9999 -9999 -9999 -9999 -9999 -9999 -9999 -9999 -9999 -9999 -9999 -9999 -9999 -9999 -9999 -9999 -9999 -9999 -9999 -9999 -9999 -9999 -9999 -9999 -9999 31.83 31.83 31.84 31.84 31.85 31.85 31.85 31.81 31.8 31.78 31.68 31.65 31.62 31.52 31.39 31.26 31.06 30.84 30.66 30.59 30.59 30.84 31.23 31.34 31.4 31.44 31.45 31.43 31.42 31.37 31.24 31.13 31.02 30.82 30.58 30.36 30 30.02 30.02 30 29.99 29.94 29.8 29.77 29.63 29.43 29.43 29.53 29.63 29.75
-9999 -9999 -9999 -9999 -9999 -9999 -9999 -9999 -9999 -9999 -9999 -9999 -9999 -9999 -9999 -9999 -9999 -9999 -9999 -9999 -9999 -9999 -9999 -9999 -9999 -9999 31.83 31.83 31.84 31.84 31.85 31.84 31.81 31.75 31.65 31.66 31.7 31.56 31.48 31.52 31.49 31.45 31.37 31.19 30.92 30.67 30.51 30.47 30.65 30.95 31.07 31.15 31.14 31.07 31.05 31.17 31.28 31.27 31.2 31.14 31.04 30.74 30.44 30.17 30.18 30.21 30.19 30.13 30.05 29.95 29.8 29.58 29.42 29.38 29.41 29.46 29.57
-9999 -9999 -9999 -9999 -9999 -9999 -9999 -9999 -9999 -9999 -9999 -9999 -9999 -9999 -9999 -9999 -9999 -9999 -9999 -9999 -9999 -9999 -9999 -9999 -9999 31.83 31.83 31.84 31.84 31.85 31.83 31.78 31.65 31.52 31.47 31.54 31.64 31.54 31.37 31.34 31.36 31.39 31.33 31.24 31.12 30.84 30.62 30.45 30.45 30.64 30.82 30.91 30.83 30.64 30.61 30.82 31.02 31.07 30.92 30.89 30.96 30.76 30.5 30.34 30.32 30.3 30.22 30.13 30.03 29.89 29.7 29.52 29.4 29.38 29.38 29.39 29.42
-9999 -9999 -9999 -9999 -9999 -9999 -9999 -9999 -9999 -9999 -9999 -9999 -9999 -9999 -9999 -9999 -9999 -9999 -9999 -9999 -9999 -9999 -9999 -9999 31.83 31.83 31.83 31.84 31.84 31.82 31.74 31.62 31.44 31.35 31.36 31.45 31.55 31.51 31.36 31.22 31.21 31.29 31.25 31.18 31.12 30.93 30.74 30.5 30.32 30.36 30.55 30.67 30.59 30.39 30.36 30.57 30.8 30.83 30.63 30.66 30.88 30.88 30.73 30.51 30.37 30.28 30.17 30.05 29.92 29.76 29.59 29.48 29.43 29.43 29.43 29.41 29.39
-9999 -9999 -9999 -9999 -9999 -9999 -9999 -9999 -9999 -9999 -9999 -9999 -9999 -9999 -9999 -9999 -9999 -9999 -9999 -9999 -9999 -9999 -9999 -9999 31.83 31.83 31.84 31.84 31.85 31.76 31.54 31.43 31.32 31.24 31.23 31.3 31.39 31.42 31.31 31.12 31.02 31.1 31.15 31.1 31.04 30.96 30.82 30.59 30.33 30.2 30.25 30.37 30.35 30.2 30.21 30.42 30.63 30.64 30.46 30.49 30.69 30.76 30.71 30.46 30.27 30.17 30.1 30 29.85 29.69 29.58 29.53 29.52 29.52 29.52 29.48 29.43
-9999 -9999 -9999 -9999 -9999 -9999 -9999 -9999 -9999 -9999 -9999 -9999 -9999 -9999 -9999 -9999 -9999 -9999 -9999 -9999 -9999 -9999 -9999 -9999 31.83 31.84 31.84 31.85 31.85 31.75 31.45 31.31 31.23 31.13 31.07 31.08 31.19 31.3 31.23 31.04 30.88 30.86 30.97 30.97 30.89 30.84 30.82 30.68 30.4 30.18 30.05 30.03 30.01 29.95 30.02 30.24 30.41 30.39 30.28 30.34 30.46 30.47 30.44 30.34 30.16 30.02 29.96 29.92 29.82 29.69 29.61 29.59 29.61 29.6 29.57 29.52 29.46
-9999 -9999 -9999 -9999 -9999 -9999 -9999 -9999 -9999 -9999 -9999 -9999 -9999 -9999 -9999 -9999 -9999 -9999 -9999 -9999 -9999 -9999 -9999 -9999 31.84 31.84 31.85 31.86 31.85 31.78 31.56 31.34 31.18 31.06 30.95 30.9 31 31.13 31.13 31.01 30.84 30.71 30.73 30.78 30.7 30.6 30.59 30.6 30.45 30.24 30.04 29.88 29.77 29.73 29.78 29.94 30.06 30.04 30.04 30.14 30.22 30.21 30.24 30.26 30.14 29.97 29.85 29.78 29.72 29.65 29.6 29.62 29.68 29.64 29.57 29.51 29.47
-9999 -9999 -9999 -9999 -9999 -9999 -9999 -9999 -9999 -9999 -9999 -9999 -9999 -9999 -9999 31.8 -9999 -9999 -9999 -9999 -9999 -9999 31.83 31.84 31.84 31.85 31.85 31.86 31.86 31.81 31.68 31.47 31.26 31.16 31 30.84 30.83 30.91 30.95 30.92 30.8 30.61 30.53 30.59 30.56 30.44 30.36 30.36 30.37 30.26 30.09 29.86 29.68 29.62 29.66 29.75 29.82 29.86 29.94 30.05 30.12 30.09 30.12 30.17 30.11 29.95 29.81 29.7 29.65 29.63 29.62 29.68 29.75 29.69 29.58 29.52 29.49
-9999 -9999 -9999 -9999 -9999 -9999 -9999 -9999 -9999 -9999 -9999 -9999 -9999 -9999 -9999 31.8 31.8 -9999 31.81 31.82 31.82 31.83 31.83 31.84 31.84 31.85 31.86 31.86 31.86 31.8 31.69 31.57 31.43 31.34 31.19 30.95 30.82 30.77 30.72 30.73 30.66 30.49 30.39 30.44 30.45 30.37 30.26 30.18 30.16 30.11 29.98 29.78 29.64 29.62 29.68 29.75 29.81 29.91 30.06 30.17 30.2 30.12 30.06 30.05 30 29.89 29.79 29.73 29.75 29.8 29.81 29.84 29.88 29.84 29.69 29.63 29.59
-9999 -9999 -9999 -9999 -9999 -9999 -9999 -9999 -9999 -9999 -9999 -9999 -9999 -9999 31.79 31.8 31.8 31.81 31.81 31.82 31.82 31.83 31.83 31.84 31.85 31.86 31.86 31.87 31.86 31.77 31.65 31.59 31.48 31.41 31.31 31.15 30.98 30.78 30.62 30.57 30.51 30.4 30.31 30.31 30.32 30.26 30.17 30.05 29.95 29.89 29.81 29.72 29.7 29.74 29.78 29.84 29.92 30.06 30.22 30.3 30.26 30.15 30.02 29.99 29.99 29.98 29.95 29.96 30.02 30.12 30.12 30.13 30.13 30.15 30 29.84 29.74
-9999 -9999 -9999 -9999 -9999 -9999 -9999 -9999 -9999 -9999 -9999 -9999 -9999 31.79 31.79 31.8 31.81 31.81 31.82 31.82 31.83 31.83 31.84 31.84 31.85 31.86 31.87 31.87 31.83 31.69 31.53 31.46 31.36 31.26 31.21 31.15 31.1 30.94 30.75 30.57 30.45 30.34 30.24 30.2 30.21 30.2 30.13 29.99 29.85 29.84 29.88 29.88 29.91 29.99 29.99 30 30.1 30.24 30.36 30.36 30.21 30.08 30.02 30.15 30.26 30.25 30.2 30.24 30.28 30.35 30.39 30.44 30.4 30.41 30.25 30.01 29.92
-9999 -9999 -9999 -9999 -9999 -9999 -9999 -9999 -9999 -9999 -9999 -9999 31.79 31.79 31.79 31.8 31.81 31.81 31.82 31.82 31.83 31.83 31.84 31.85 31.85 31.86 31.87 31.86 31.77 31.54 31.37 31.3 31.2 31.06 30.97 30.94 30.99 30.97 30.78 30.58 30.45 30.34 30.22 30.13 30.15 30.24 30.24 30.08 29.96 30.03 30.16 30.17 30.21 30.32 30.28 30.24 30.36 30.45 30.5 30.42 30.27 30.18 30.04 30.2 30.45 30.47 30.45 30.56 30.56 30.55 30.6 30.71 30.66 30.58 30.43 30.25 30.13
-9999 -9999 -9999 -9999 -9999 -9999 -9999 -9999 -9999 -9999 -9999 31.78 31.79 31.79 31.8 31.81 31.81 31.82 31.82 31.83 31.83 31.84 31.84 31.83 31.82 31.83 31.84 31.8 31.65 31.4 31.26 31.17 31.04 30.84 30.73 30.72 30.81 30.87 30.73 30.59 30.51 30.42 30.27 30.15 30.16 30.28 30.36 30.24 30.14 30.22 30.39 30.47 30.51 30.63 30.55 30.52 30.6 30.67 30.64 30.48 30.43 30.46 30.29 30.3 30.6 30.72 30.65 30.84 30.83 30.73 30.78 30.93 30.86 30.69 30.5 30.33 30.25
-9999 -9999 -9999 -9999 -9999 -9999 -9999 -9999 -9999 -9999 31.78 31.78 31.79 31.8 31.8 31.81 31.81 31.82 31.82 31.82 31.82 31.82 31.78 31.69 31.6 31.63 31.67 31.66 31.53 31.29 31.17 31.11 31 30.84 30.7 30.68 30.77 30.82 30.72 30.62 30.56 30.45 30.32 30.27 30.28 30.36 30.47 30.41 30.36 30.47 30.61 30.78 30.82 30.91 30.84 30.87 30.9 30.89 30.71 30.51 30.61 30.73 30.6 30.46 30.66 30.92 30.94 31.02 31.01 30.97 30.99 31.06 30.91 30.69 30.52 30.41 30.38
-9999 -9999 -9999 -9999 -9999 -9999 -9999 -9999 -9999 -9999 31.78 31.79 31.79 31.8 31.8 31.81 31.81 31.81 31.8 31.76 31.69 31.64 31.56 31.37 31.18 31.24 31.34 31.39 31.3 31.14 31.11 31.14 31.13 31.01 30.88 30.93 30.99 30.94 30.75 30.59 30.51 30.43 30.39 30.44 30.48 30.49 30.59 30.56 30.52 30.66 30.79 31 31.08 31.15 31.12 31.24 31.18 31.02 30.74 30.58 30.74 30.91 30.78 30.61 30.7 31.01 31.17 31.19 31.19 31.27 31.27 31.19 30.96 30.67 30.52 30.49 30.49
-9999 -9999 -9999 -9999 -9999 -9999 -9999 -9999 -9999 -9999 31.79 31.79 31.79 31.8 31.8 31.81 31.78 31.76 31.78 31.72 31.54 31.31 31.25 31.16 31.03 31.03 31.14 31.22 31.18 31.12 31.22 31.35 31.33 31.17 31.09 31.19 31.23 31.15 30.91 30.7 30.56 30.51 30.49 30.59 30.65 30.6 30.71 30.67 30.65 30.84 30.96 31.13 31.31 31.41 31.42 31.44 31.3 31.1 30.84 30.67 30.78 31 30.95 30.78 30.75 30.98 31.21 31.36 31.41 31.48 31.39 31.19 30.92 30.68 30.56 30.57 30.57
-9999 -9999 -9999 -9999 -9999 -9999 -9999 -9999 -9999 -9999 31.79 31.79 31.8 31.8 31.81 31.8 31.73 31.6 31.76 31.8 31.65 31.34 31.36 31.36 31.19 31.07 31.19 31.34 31.35 31.3 31.43 31.59 31.56 31.45 31.38 31.41 31.41 31.32 31.07 30.87 30.7 30.61 30.56 30.67 30.77 30.7 30.8 30.78 30.76 30.95 31.12 31.27 31.51 31.68 31.68 31.5 31.32 31.15 30.94 30.77 30.84 31.09 31.14 30.94 30.83 30.96 31.19 31.44 31.57 31.61 31.43 31.14 30.91 30.72 30.64 30.69 30.68
-9999 -9999 -9999 -9999 -9999 -9999 -9999 -9999 -9999 -9999 -9999 31.79 31.8 31.8 31.81 31.81 31.76 31.65 31.78 31.84 31.79 31.67 31.71 31.73 31.56 31.36 31.42 31.55 31.58 31.56 31.66 31.77 31.78 31.74 31.67 31.61 31.56 31.44 31.21 30.99 30.86 30.72 30.65 30.8 30.91 30.82 30.9 30.94 30.9 30.99 31.22 31.47 31.73 31.9 31.85 31.61 31.47 31.31 31.1 30.92 30.95 31.19 31.3 31.15 30.97 30.98 31.16 31.4 31.62 31.71 31.54 31.21 31 30.85 30.79 30.83 30.84
-9999 -9999 -9999 -9999 -9999 -9999 -9999 -9999 -9999 -9999 -9999 -9999 31.8 31.81 31.81 31.82 31.82 31.81 31.83 31.84 31.84 31.83 31.85 31.85 31.78 31.69 31.69 31.73 31.77 31.81 31.85 31.88 31.89 31.88 31.83 31.75 31.62 31.47 31.26 31.05 30.98 30.88 30.82 30.96 31.07 30.96 30.98 31.09 31.1 31.1 31.27 31.6 31.89 32.03 32 31.87 31.78 31.51 31.27 31.15 31.16 31.32 31.44 31.37 31.15 31.04 31.14 31.35 31.63 31.79 31.63 31.29 31.12 31 30.96 31 31.01
-9999 -9999 -9999 -9999 -9999 -9999 -9999 -9999 -9999 -9999 -9999 -9999 -9999 31.81 31.81 31.82 31.83 31.84 31.84 31.85 31.85 31.86 31.87 31.87 31.87 31.85 31.85 31.86 31.88 31.91 31.92 31.93 31.93 31.93 31.9 31.81 31.61 31.4 31.2 31.06 31.07 30.99 30.99 31.13 31.21 31.09 31.04 31.2 31.32 31.31 31.38 31.67 31.97 32.09 32.11 32.09 32.04 31.8 31.51 31.43 31.42 31.47 31.57 31.54 31.38 31.19 31.2 31.37 31.66 31.85 31.71 31.41 31.25 31.17 31.16 31.19 31.12
-9999 -9999 -9999 -9999 -9999 -9999 -9999 -9999 -9999 -9999 -9999 -9999 -9999 -9999 31.81 31.82 31.83 31.84 31.84 31.85 31.86 31.86 31.87 31.88 31.88 31.89 31.9 31.9 31.92 31.93 31.93 31.94 31.95 31.94 31.9 31.77 31.58 31.35 31.15 31.11 31.17 31.08 31.11 31.25 31.34 31.25 31.15 31.27 31.47 31.52 31.52 31.76 32.03 32.13 32.15 32.16 32.15 32.03 31.83 31.71 31.62 31.6 31.67 31.68 31.58 31.39 31.3 31.4 31.62 31.87 31.86 31.61 31.41 31.37 31.39 31.31 31.15
-9999 -9999 -9999 -9999 -9999 -9999 -9999 -9999 -9999 -9999 -9999 -9999 -9999 -9999 -9999 31.83 31.83 31.84 31.85 31.85 31.86 31.86 31.87 31.88 31.89 31.9 31.91 31.91 31.92 31.93 31.94 31.95 31.95 31.95 31.89 31.67 31.48 31.36 31.26 31.27 31.27 31.16 31.22 31.35 31.45 31.4 31.29 31.41 31.64 31.76 31.82 31.98 32.11 32.15 32.17 32.17 32.18 32.15 32.08 31.95 31.75 31.67 31.74 31.81 31.73 31.55 31.43 31.46 31.57 31.81 31.97 31.8 31.56 31.55 31.49 31.31 31.16
-9999 -9999 -9999 -9999 -9999 -9999 -9999 -9999 -9999 -9999 -9999 -9999 -9999 -9999 -9999 31.83 31.84 31.84 31.85 -9999 31.86 31.87 31.87 31.88 31.9 31.9 31.91 31.92 31.92 31.93 31.94 31.95 31.96 31.95 31.9 31.84 31.76 31.71 31.58 31.46 31.34 31.23 31.31 31.44 31.56 31.52 31.41 31.54 31.81 31.98 32.06 32.12 32.15 32.17 32.17 32.18 32.19 32.2 32.17 32.06 31.82 31.71 31.78 31.88 31.84 31.7 31.55 31.56 31.65 31.84 32.02 31.87 31.68 31.66 31.51 31.36 31.28
-9999 -9999 -9999 -9999 -9999 -9999 -9999 -9999 -9999 -9999 -9999 -9999 -9999 -9999 -9999 -9999 31.84 31.84 -9999 -9999 -9999 31.87 31.88 31.88 31.9 31.91 31.91 31.92 31.93 31.94 31.94 31.95 31.96 31.95 31.89 31.92 31.95 31.95 31.89 31.77 31.57 31.4 31.41 31.6 31.75 31.64 31.5 31.63 31.91 32.07 32.13 32.15 32.16 32.17 32.18 32.19 32.2 32.2 32.18 32.11 31.95 31.81 31.85 31.95 31.94 31.79 31.65 31.66 31.78 31.97 32.06 31.87 31.73 31.75 31.64 31.5 31.42
-9999 -9999 -9999 -9999 -9999 -9999 -9999 -9999 -9999 -9999 -9999 -9999 -9999 -9999 -9999 -9999 -9999 -9999 -9999 -9999 -9999 -9999 -9999 -9999 31.9 31.91 31.92 31.92 31.93 31.94 31.95 31.96 31.97 31.97 31.95 31.98 32 32.01 32.01 31.99 31.97 31.81 31.63 31.76 31.9 31.75 31.58 31.75 32.02 32.11 32.14 32.16 32.17 32.18 32.19 32.2 32.2 32.2 32.17 32.11 31.98 31.86 31.92 32.02 32.01 31.84 31.69 31.77 31.93 32.07 32.11 31.92 31.76 31.86 31.81 31.64 31.57
-9999 -9999 -9999 -9999 -9999 -9999 -9999 -9999 -9999 -9999 -9999 -9999 -9999 -9999 -9999 -9999 -9999 -9999 -9999 -9999 -9999 -9999 -9999 -9999 -9999 31.91 31.92 31.93 31.93 -9999 31.95 31.96 31.97 31.98 31.98 32 32.01 32.02 32.03 32.04 32.04 32.01 31.96 32 32.02 31.91 31.71 31.82 32.06 32.13 32.16 32.17 32.17 32.18 32.19 32.2 32.21 32.21 32.18 32.11 31.99 31.89 32 32.1 32.1 31.98 31.8 31.88 32.07 32.16 32.17 32.02 31.81 31.94 31.9 31.75 31.75
-9999 -9999 -9999 -9999 -9999 -9999 -9999 -9999 -9999 -9999 -9999 -9999 -9999 -9999 -9999 -9999 -9999 -9999 -9999 -9999 -9999 -9999 -9999 -9999 -9999 -9999 -9999 -9999 -9999 -9999 -9999 31.96 31.98 31.99 31.99 32 32.01 32.02 32.03 32.04 32.05 32.06 32.06 32.08 32.09 32.05 31.95 31.96 32.09 32.14 32.16 32.17 32.18 32.19 32.2 32.21 32.21 32.21 32.21 32.18 32.12 32.06 32.14 32.19 32.19 32.13 32 32.01 32.16 32.22 32.21 32.08 31.88 32.01 32.01 31.93 31.93
-9999 -9999 -9999 -9999 -9999 -9999 -9999 -9999 -9999 -9999 -9999 -9999 -9999 -9999 -9999 -9999 -9999 -9999 -9999 -9999 -9999 -9999 -9999 -9999 -9999 -9999 -9999 -9999 -9999 -9999 -9999 -9999 31.98 31.99 32 32.01 32.02 32.03 32.04 32.05 32.06 32.07 32.08 32.09 32.1 32.1 32.09 32.11 32.13 32.15 32.17 32.18 32.19 32.2 32.2 32.21 32.22 32.22 32.22 32.22 32.21 32.19 32.21 32.22 32.23 32.21 32.15 32.14 32.21 32.24 32.22 32.09 31.92 32.09 32.13 32.09 31.99
-9999 -9999 -9999 -9999 -9999 -9999 -9999 -9999 -9999 -9999 -9999 -9999 -9999 -9999 -9999 -9999 -9999 -9999 -9999 -9999 -9999 -9999 -9999 -9999 -9999 -9999 -9999 -9999 -9999 -9999 -9999 -9999 -9999 31.99 32 32.01 32.02 32.03 32.04 32.05 32.06 32.08 32.09 32.1 32.11 32.11 32.13 32.14 32.15 32.16 32.17 32.18 32.19 -9999 -9999 32.21 32.22 32.22 32.22 32.23 32.23 32.23 32.23 32.23 32.24 32.23 32.22 32.22 32.24 32.25 32.23 32.16 32.04 32.17 32.21 32.17 32.02
