ASPA-UH-SWB2_REPO/input/Gridded_temps/prism_tmax_tutuila_30yr_normal_02.asc
ncols         350
nrows         200
xllcorner     515000
yllcorner     8409000
cellsize      100
NODATA_value  -9999
[rows 136 to 169 of 200, columns 77 to 153 of 350]
32.11 32.19 32.26 32.26 32.29 32.31 32.32 32.31 32.23 31.99 31.7 31.53 31.51 31.56 31.71 31.89 31.99 32 31.97 31.97 32 32.01 31.99 31.96 31.9 31.74 31.48 31.14 30.96 30.97 31.03 31.02 30.92 30.85 30.96 31.11 31.17 31.16 31.14 31.12 31.09 31.07 31.05 31.04 31.04 31.04 31.04 31.03 31.01 30.99 30.98 30.95 30.94 30.93 30.92 30.91 30.91 30.9 30.9 30.9 30.91 30.91 30.91 30.91 30.91 30.91 30.91 30.91 30.91 30.91 30.92 30.92 30.93 30.94 30.95 30.95 30.96
32.18 32.26 32.31 32.32 32.33 32.33 32.33 32.31 32.21 31.94 31.68 31.55 31.53 31.56 31.64 31.83 31.98 32.02 32.02 32.01 32.02 32.02 32 31.98 31.91 31.74 31.47 31.19 31.01 30.95 31 31.04 30.97 30.89 30.96 31.11 31.19 31.2 31.17 31.15 31.13 31.1 31.08 31.07 31.06 31.05 31.04 31.03 31.01 30.99 30.98 30.96 30.95 30.94 30.93 30.92 30.92 30.91 30.91 30.91 30.91 30.91 30.91 30.91 30.91 30.91 30.92 30.92 30.92 30.92 30.93 30.93 30.93 30.94 30.95 30.95 30.96
32.26 32.31 32.33 32.34 32.34 32.33 32.33 32.31 32.23 31.99 31.75 31.63 31.64 31.66 31.67 31.79 31.94 32.01 32.03 32.03 32.03 32.03 32.01 31.98 31.9 31.68 31.41 31.2 31.05 30.95 30.97 31.05 31.04 30.98 31.02 31.13 31.22 31.22 31.2 31.17 31.15 31.13 31.11 31.09 31.07 31.06 31.04 31.02 31.01 30.99 30.98 30.97 30.96 30.95 30.94 30.93 30.93 30.92 30.92 30.91 30.91 30.91 30.91 30.91 30.91 30.92 30.93 30.93 30.93 30.93 30.93 30.94 30.94 30.95 30.95 30.96 30.96
32.33 32.34 32.35 32.35 32.34 32.33 32.32 32.3 32.24 32.04 31.86 31.76 31.85 31.9 31.85 31.85 31.9 31.99 32.04 32.05 32.04 32.03 32.02 31.98 31.87 31.61 31.34 31.2 31.09 30.98 30.99 31.07 31.08 31.02 31.03 31.12 31.2 31.23 31.22 31.19 31.17 31.15 31.12 31.1 31.08 31.06 31.03 31.02 31 31 30.99 30.98 30.97 30.96 30.95 30.95 30.94 30.94 30.93 30.92 30.92 30.92 30.91 30.91 30.92 30.93 30.94 30.94 30.94 30.94 30.94 30.94 30.95 30.96 30.96 30.97 30.97
32.35 32.35 32.35 32.35 32.34 32.32 32.31 32.29 32.25 32.13 31.99 31.93 32.01 32.05 32.02 31.99 31.99 32.03 32.05 32.05 32.04 32.04 32.02 31.97 31.8 31.53 31.36 31.25 31.13 31.06 31.06 31.12 31.12 31.05 31.02 31.08 31.16 31.23 31.23 31.2 31.18 31.16 31.13 31.1 31.08 31.06 31.04 31.02 31.02 31.01 31 30.99 30.98 30.97 30.97 30.96 30.96 30.95 30.94 30.93 30.93 30.92 30.92 30.92 30.92 30.93 30.94 30.95 30.95 30.95 30.95 30.95 30.96 30.97 30.98 30.99 31
32.35 32.35 32.35 32.34 32.33 32.32 32.3 32.28 32.26 32.2 32.1 32.05 32.09 32.09 32.08 32.07 32.06 32.05 32.04 32.04 32.04 32.03 32.02 31.96 31.77 31.55 31.46 31.33 31.19 31.14 31.14 31.16 31.17 31.12 31.07 31.08 31.13 31.21 31.22 31.2 31.18 31.16 31.13 31.11 31.09 31.07 31.05 31.03 31.03 31.02 31.02 31.01 31 30.99 30.98 30.98 30.97 30.96 30.95 30.94 30.93 30.92 30.92 30.92 30.93 30.93 30.94 30.95 30.95 30.96 30.96 30.96 30.98 30.99 31 31.01 31.01
32.35 32.35 32.35 32.35 32.33 32.31 32.28 32.26 32.24 32.19 32.13 32.11 32.11 32.1 32.09 32.08 32.06 32.04 32.03 32.02 32.02 32.02 32.01 31.97 31.89 31.8 31.71 31.5 31.28 31.23 31.19 31.17 31.17 31.15 31.13 31.11 31.13 31.18 31.21 31.2 31.18 31.16 31.14 31.12 31.09 31.08 31.06 31.05 31.04 31.03 31.03 31.03 31.02 31.01 31 30.99 30.98 30.97 30.96 30.95 30.94 30.93 30.93 30.93 30.93 30.93 30.94 30.95 30.96 30.96 30.96 30.98 30.99 31.01 31.02 31.02 31.02
32.35 32.35 32.35 32.34 32.33 32.3 32.26 32.23 32.2 32.16 32.13 32.12 32.12 32.1 32.09 32.07 32.06 32.04 32.03 32.02 32.01 32.01 32 31.98 31.95 31.92 31.84 31.68 31.45 31.32 31.2 31.1 31.1 31.12 31.13 31.13 31.15 31.18 31.2 31.19 31.18 31.16 31.14 31.12 31.1 31.08 31.07 31.05 31.04 31.04 31.04 31.04 31.04 31.03 31.01 31 30.98 30.98 30.97 30.96 30.95 30.94 30.93 30.93 30.93 30.93 30.94 30.95 30.96 30.96 30.97 30.99 31 31.02 31.03 31.02 31.02
32.35 32.35 32.35 32.34 32.32 32.29 32.24 32.21 32.18 32.15 32.13 32.13 32.12 32.11 32.09 32.08 32.06 32.05 32.03 32.02 32.01 32 31.99 31.98 31.96 31.93 31.88 31.78 31.6 31.39 31.16 30.99 31.02 31.08 31.11 31.13 31.15 31.18 31.19 31.19 31.18 31.17 31.15 31.13 31.1 31.09 31.07 31.06 31.05 31.05 31.05 31.06 31.06 31.04 31.03 31.01 31 30.99 30.97 30.96 30.95 30.95 30.94 30.94 30.94 30.94 30.95 30.95 30.96 30.96 30.98 30.99 31 31.03 31.03 31.03 31.03
32.35 32.35 32.34 32.32 32.3 32.27 32.24 32.2 32.17 32.15 32.14 32.13 32.13 32.12 32.1 32.09 32.07 32.05 32.03 32.02 32.01 32 31.98 31.96 31.95 31.93 31.89 31.81 31.65 31.39 31.14 30.98 31.09 31.19 31.2 31.16 31.15 31.18 31.19 31.19 31.18 31.17 31.15 31.13 31.11 31.1 31.08 31.08 31.07 31.07 31.07 31.07 31.07 31.06 31.04 31.03 31.01 31 30.98 30.97 30.96 30.95 30.94 30.94 30.94 30.94 30.95 30.95 30.96 30.97 30.98 31 31.01 31.03 31.03 31.03 31.03
32.35 32.35 32.33 32.3 32.28 32.26 32.23 32.2 32.19 32.17 32.16 32.15 32.15 32.13 32.12 32.1 32.08 32.06 32.04 32.03 32.01 32 31.98 31.96 31.94 31.92 31.89 31.83 31.7 31.46 31.19 31.02 31.23 31.43 31.42 31.26 31.15 31.17 31.19 31.19 31.18 31.17 31.16 31.15 31.13 31.12 31.1 31.09 31.09 31.09 31.09 31.09 31.08 31.07 31.06 31.04 31.02 31.01 30.99 30.98 30.97 30.96 30.94 30.93 30.93 30.94 30.95 30.96 30.97 30.98 30.99 31 31.01 31.03 31.03 31.03 31.03
32.35 32.34 32.32 32.29 32.26 32.24 32.23 32.21 32.2 32.19 32.18 32.18 32.17 32.15 32.13 32.1 32.08 32.06 32.04 32.03 32.01 32 31.98 31.96 31.93 31.91 31.89 31.84 31.76 31.61 31.35 31.11 31.27 31.48 31.48 31.31 31.16 31.17 31.2 31.2 31.2 31.19 31.19 31.18 31.16 31.15 31.13 31.11 31.11 31.11 31.11 31.11 31.1 31.08 31.07 31.06 31.04 31.01 31 30.99 30.98 30.97 30.95 30.94 30.94 30.95 30.96 30.98 30.99 30.99 31 31 31.01 31.03 31.04 31.04 31.04
32.35 32.34 32.31 32.28 32.25 32.24 32.23 32.23 32.22 32.21 32.2 32.2 32.19 32.16 32.14 32.11 32.09 32.06 32.04 32.03 32.02 32 31.98 31.95 31.92 31.9 31.87 31.84 31.79 31.7 31.53 31.32 31.26 31.35 31.39 31.26 31.17 31.18 31.21 31.23 31.23 31.22 31.22 31.21 31.2 31.18 31.16 31.14 31.14 31.13 31.12 31.12 31.11 31.09 31.07 31.06 31.05 31.02 31.01 31 30.99 30.98 30.97 30.96 30.96 30.97 30.98 31 31 31 31.01 31.02 31.03 31.04 31.05 31.04 31.04
32.35 32.34 32.31 32.28 32.25 32.24 32.23 32.24 32.23 32.22 32.22 32.21 32.19 32.17 32.14 32.12 32.1 32.07 32.05 32.03 32.02 32.01 31.98 31.95 31.92 31.89 31.86 31.82 31.78 31.71 31.62 31.49 31.36 31.31 31.31 31.26 31.23 31.22 31.24 31.25 31.25 31.26 31.25 31.24 31.22 31.2 31.18 31.16 31.16 31.14 31.13 31.12 31.11 31.09 31.08 31.07 31.06 31.04 31.03 31.02 31.01 31 30.99 30.99 30.99 30.99 31 31.01 31.02 31.02 31.03 31.04 31.05 31.05 31.06 31.05 31.05
32.35 32.34 32.32 32.29 32.26 32.25 32.24 32.24 32.24 32.24 32.23 32.21 32.19 32.17 32.15 32.13 32.11 32.08 32.06 32.04 32.03 32.01 31.98 31.94 31.91 31.88 31.85 31.81 31.76 31.69 31.62 31.54 31.46 31.39 31.34 31.31 31.29 31.28 31.27 31.27 31.28 31.28 31.27 31.26 31.24 31.21 31.19 31.18 31.16 31.14 31.13 31.12 31.11 31.1 31.1 31.09 31.07 31.06 31.05 31.04 31.03 31.03 31.02 31.02 31.02 31.02 31.03 31.05 31.05 31.05 31.06 31.06 31.07 31.07 31.06 31.06 31.06
32.35 32.35 32.34 32.3 32.27 32.26 32.25 32.25 32.24 32.24 32.23 32.21 32.19 32.18 32.16 32.14 32.12 32.1 32.07 32.05 32.03 32 31.98 31.94 31.91 31.88 31.84 31.8 31.75 31.68 31.61 31.54 31.48 31.42 31.38 31.36 31.34 31.32 31.3 31.3 31.31 31.3 31.28 31.27 31.25 31.23 31.21 31.19 31.17 31.15 31.14 31.13 31.13 31.12 31.12 31.11 31.09 31.07 31.06 31.06 31.06 31.06 31.05 31.04 31.04 31.04 31.07 31.09 31.09 31.08 31.08 31.08 31.08 31.07 31.07 31.07 31.07
32.35 32.35 32.34 32.32 32.29 32.28 32.27 32.26 32.25 32.24 32.23 32.21 32.2 32.19 32.17 32.15 32.13 32.11 32.09 32.06 32.04 32.01 31.97 31.94 31.91 31.87 31.84 31.8 31.74 31.68 31.62 31.55 31.49 31.44 31.41 31.38 31.36 31.34 31.33 31.32 31.33 31.31 31.3 31.28 31.27 31.25 31.22 31.2 31.18 31.16 31.15 31.14 31.14 31.14 31.14 31.13 31.11 31.1 31.08 31.08 31.08 31.08 31.07 31.06 31.06 31.07 31.1 31.12 31.11 31.1 31.1 31.09 31.09 31.08 31.08 31.07 -9999
32.35 32.35 32.35 32.33 32.32 32.3 32.28 32.27 32.25 32.24 32.23 32.22 32.21 32.2 32.18 32.15 32.14 32.12 32.1 32.08 32.05 32.01 31.98 31.94 31.91 31.86 31.82 31.78 31.72 31.68 31.62 31.55 31.49 31.44 31.41 31.37 31.35 31.34 31.33 31.32 31.33 31.32 31.3 31.29 31.27 31.26 31.23 31.21 31.2 31.18 31.17 31.16 31.16 31.16 31.16 31.15 31.13 31.11 31.1 31.09 31.1 31.09 31.09 31.08 31.09 31.11 31.13 31.13 31.13 31.12 31.11 31.1 31.09 31.09 31.09 -9999 -9999
32.35 32.35 32.35 32.35 32.34 32.32 32.29 32.27 32.26 32.24 32.23 32.22 32.21 32.2 32.18 32.16 32.15 32.13 32.11 32.09 32.06 32.02 31.98 31.94 31.91 31.87 31.83 31.79 31.73 31.67 31.61 31.55 31.5 31.46 31.4 31.35 31.32 31.32 31.3 31.3 31.3 31.3 31.29 31.28 31.27 31.26 31.23 31.22 31.21 31.2 31.19 31.18 31.18 31.18 31.18 31.17 31.15 31.13 31.12 31.11 31.11 31.11 31.11 31.1 31.12 31.14 31.15 31.15 31.14 31.13 31.11 31.11 31.1 31.1 -9999 -9999 -9999
32.35 32.35 32.35 32.35 32.35 32.33 32.3 32.28 32.26 32.24 32.23 32.22 32.22 32.21 32.19 32.18 32.16 32.14 32.12 32.1 32.06 32.02 31.98 31.95 31.92 31.89 31.85 31.8 31.74 31.67 31.59 31.57 31.55 31.52 31.43 31.33 31.28 31.25 31.23 31.21 31.23 31.24 31.24 31.24 31.24 31.24 31.23 31.23 31.22 31.22 31.2 31.19 31.19 31.2 31.2 31.2 31.18 31.16 31.14 31.13 31.13 31.13 31.14 31.15 31.16 31.17 31.17 31.16 31.15 31.14 31.13 31.12 31.11 -9999 -9999 -9999 -9999
32.35 32.35 32.35 32.35 32.35 32.33 32.3 32.28 32.25 32.24 32.23 32.22 32.22 32.21 32.2 32.19 32.17 32.15 32.13 32.1 32.07 32.03 32 31.96 31.93 31.89 31.85 31.79 31.73 31.66 31.6 31.6 31.61 31.56 31.45 31.32 31.26 31.21 31.17 31.12 31.11 31.12 31.13 31.15 31.17 31.19 31.2 31.21 31.21 31.22 31.21 31.2 31.2 31.21 31.22 31.22 31.21 31.19 31.18 31.17 31.17 31.17 31.18 31.19 31.2 31.19 31.18 31.17 31.16 31.15 31.14 31.13 -9999 -9999 -9999 -9999 -9999
32.35 32.35 32.35 32.35 32.35 32.32 32.29 32.27 32.26 32.24 32.23 32.22 32.22 32.22 32.21 32.2 32.18 32.16 32.14 32.11 32.07 32.04 32.01 31.96 31.92 31.87 31.81 31.75 31.69 31.63 31.59 31.6 31.6 31.54 31.4 31.3 31.3 31.34 31.34 31.25 31.15 31.09 31.05 31.04 31.09 31.13 31.16 31.17 31.18 31.19 31.2 31.2 31.21 31.23 31.24 31.25 31.24 31.23 31.22 31.21 31.21 31.21 31.22 31.23 31.22 31.2 31.19 31.18 31.17 31.16 31.14 -9999 -9999 -9999 -9999 -9999 -9999
32.35 32.35 32.35 32.35 32.34 32.31 32.29 32.28 32.26 32.25 32.24 32.23 32.23 32.23 32.22 32.2 32.19 32.18 32.15 32.11 32.07 32.03 32 31.95 31.89 31.82 31.74 31.68 31.62 31.58 31.56 31.58 31.55 31.43 31.29 31.26 31.36 31.5 31.58 31.53 31.4 31.29 31.14 31.05 31.08 31.13 31.14 31.14 31.15 31.17 31.19 31.2 31.22 31.25 31.26 31.27 31.26 31.25 31.25 31.25 31.25 31.25 31.25 31.25 31.24 31.21 31.2 31.19 31.18 -9999 -9999 -9999 -9999 -9999 -9999 -9999 -9999
32.35 32.35 32.35 32.35 32.34 32.31 32.29 32.27 32.26 32.25 32.24 32.24 32.24 32.24 32.23 32.21 32.19 32.17 32.14 32.09 32.04 31.99 31.96 31.92 31.84 31.76 31.69 31.65 31.62 31.61 31.6 31.58 31.5 31.34 31.23 31.31 31.47 31.6 31.67 31.67 31.62 31.53 31.36 31.19 31.16 31.19 31.18 31.16 31.16 31.17 31.19 31.21 31.24 31.27 31.29 31.29 31.3 31.29 31.29 31.29 31.29 31.28 31.27 31.26 31.25 31.23 31.22 31.2 31.19 -9999 -9999 -9999 -9999 -9999 -9999 -9999 -9999
32.34 32.34 32.34 32.34 32.34 32.31 32.29 32.27 32.25 32.24 32.24 32.25 32.25 32.25 32.23 32.21 32.18 32.15 32.11 32.06 32 31.95 31.91 31.84 31.76 31.69 31.66 31.64 31.65 31.67 31.66 31.62 31.53 31.39 31.3 31.39 31.56 31.67 31.72 31.73 31.7 31.64 31.52 31.35 31.28 31.27 31.27 31.25 31.23 31.22 31.21 31.21 31.25 31.28 31.31 31.32 31.33 31.33 31.33 31.33 31.32 31.31 31.29 31.27 31.26 31.25 31.23 -9999 -9999 -9999 -9999 -9999 -9999 -9999 -9999 -9999 -9999
32.34 32.34 32.34 32.34 32.34 32.32 32.31 32.28 32.26 32.25 32.25 32.25 32.26 32.25 32.23 32.2 32.17 32.13 32.08 32.03 31.97 31.92 31.85 31.74 31.65 31.61 31.6 31.57 31.56 31.61 31.64 31.64 31.59 31.49 31.4 31.43 31.57 31.68 31.73 31.75 31.74 31.69 31.56 31.4 31.32 31.31 31.33 31.34 31.32 31.26 31.22 31.22 31.25 31.29 31.32 31.33 31.35 31.37 31.37 31.36 31.34 31.32 31.31 31.29 31.27 31.26 -9999 -9999 -9999 -9999 -9999 -9999 -9999 -9999 -9999 -9999 -9999
32.34 32.34 32.34 32.34 32.34 32.34 32.32 32.31 32.28 32.27 32.26 32.26 32.26 32.25 32.22 32.19 32.15 32.11 32.07 32.02 31.96 31.88 31.77 31.63 31.54 31.51 31.48 31.43 31.39 31.43 31.55 31.6 31.6 31.57 31.49 31.45 31.54 31.66 31.73 31.76 31.77 31.7 31.55 31.41 31.33 31.3 31.35 31.4 31.37 31.29 31.23 31.22 31.25 31.29 31.33 31.35 31.37 31.39 31.39 31.38 31.36 31.34 31.32 31.31 31.29 -9999 -9999 -9999 -9999 -9999 -9999 -9999 -9999 -9999 -9999 -9999 -9999
-9999 32.34 32.34 32.34 32.34 32.34 32.34 32.33 32.32 32.31 32.3 32.29 32.29 32.26 32.22 32.18 32.14 32.1 32.05 32 31.93 31.84 31.7 31.54 31.43 31.41 31.42 31.39 31.33 31.32 31.41 31.51 31.55 31.6 31.57 31.47 31.51 31.64 31.72 31.78 31.82 31.76 31.68 31.6 31.47 31.35 31.38 31.43 31.41 31.32 31.26 31.24 31.26 31.3 31.34 31.36 31.4 31.42 31.41 31.39 31.37 31.36 31.34 31.32 -9999 -9999 -9999 -9999 -9999 -9999 -9999 -9999 -9999 -9999 -9999 -9999 -9999
-9999 -9999 32.34 32.34 32.34 32.34 32.34 32.34 32.33 32.33 32.33 32.32 32.31 32.29 32.24 32.19 32.14 32.08 32.03 31.96 31.87 31.73 31.56 31.4 31.33 31.37 31.41 31.42 31.39 31.33 31.27 31.34 31.42 31.55 31.62 31.54 31.51 31.61 31.7 31.75 31.82 31.83 31.8 31.76 31.67 31.52 31.46 31.47 31.45 31.38 31.31 31.27 31.28 31.31 31.36 31.41 31.43 31.45 31.43 31.4 31.38 31.37 31.35 -9999 -9999 -9999 -9999 -9999 -9999 -9999 -9999 -9999 -9999 -9999 -9999 -9999 -9999
-9999 -9999 -9999 32.33 32.33 32.33 32.33 32.33 32.33 32.33 32.33 32.33 32.32 32.31 32.27 32.21 32.16 32.1 32.03 31.95 31.81 31.62 31.42 31.33 31.38 31.42 31.42 31.44 31.47 31.49 31.46 31.35 31.36 31.47 31.61 31.65 31.65 31.7 31.75 31.74 31.82 31.85 31.84 31.8 31.75 31.63 31.55 31.53 31.5 31.42 31.34 31.3 31.3 31.33 31.4 31.45 31.48 31.46 31.44 31.42 31.4 31.38 -9999 -9999 -9999 -9999 -9999 -9999 -9999 -9999 -9999 -9999 -9999 -9999 -9999 -9999 -9999
-9999 -9999 -9999 -9999 32.33 32.33 32.33 32.33 32.33 32.33 32.32 32.32 32.32 32.32 32.3 32.26 32.21 32.16 32.09 31.98 31.78 31.54 31.42 31.58 31.79 31.86 31.86 31.84 31.84 31.87 31.87 31.73 31.54 31.49 31.56 31.69 31.78 31.85 31.89 31.88 31.88 31.87 31.84 31.81 31.78 31.71 31.65 31.61 31.52 31.42 31.35 31.33 31.33 31.38 31.45 31.5 31.49 31.47 31.45 31.43 31.42 -9999 -9999 -9999 -9999 -9999 -9999 -9999 -9999 -9999 -9999 -9999 -9999 -9999 -9999 -9999 -9999
-9999 -9999 -9999 -9999 -9999 32.33 32.33 32.33 32.32 32.32 32.32 32.32 32.31 32.31 32.31 32.29 32.28 32.24 32.17 32.02 31.76 31.52 31.64 31.96 32.13 32.15 32.15 32.13 32.12 32.11 32.09 31.99 31.77 31.61 31.54 31.62 31.74 31.85 31.92 31.92 31.9 31.87 31.84 31.82 31.79 31.76 31.72 31.65 31.52 31.42 31.37 31.36 31.38 31.43 31.49 31.51 31.5 31.48 31.46 31.45 31.43 -9999 -9999 -9999 -9999 -9999 -9999 -9999 -9999 -9999 -9999 -9999 -9999 -9999 -9999 -9999 -9999
-9999 -9999 -9999 -9999 -9999 -9999 32.32 32.32 32.32 32.32 32.32 32.31 32.31 32.31 32.3 32.3 32.29 32.28 32.23 32.13 31.93 31.65 31.92 32.17 32.21 32.2 32.19 32.18 32.16 32.14 32.12 32.05 31.88 31.7 31.53 31.51 31.59 31.73 31.84 31.91 31.9 31.87 31.84 31.82 31.79 31.77 31.74 31.68 31.56 31.45 31.41 31.4 31.43 31.48 31.53 31.53 31.51 31.49 31.48 31.46 31.44 -9999 -9999 -9999 -9999 -9999 -9999 -9999 -9999 -9999 -9999 -9999 -9999 -9999 -9999 -9999 -9999
-9999 -9999 -9999 -9999 -9999 -9999 -9999 -9999 32.32 32.32 32.31 32.31 32.31 32.3 32.3 32.29 32.28 32.28 32.27 32.25 32.2 31.94 32.13 32.21 32.21 32.2 32.18 32.17 32.15 32.14 32.12 32.06 31.91 31.72 31.52 31.43 31.47 31.59 31.73 31.88 31.89 31.87 31.84 31.82 31.79 31.77 31.74 31.72 31.65 31.55 31.49 31.46 31.48 31.53 31.55 31.55 31.52 31.5 31.49 31.47 -9999 -9999 -9999 -9999 -9999 -9999 -9999 -9999 -9999 -9999 -9999 -9999 -9999 -9999 -9999 -9999 -9999
