ASPA-UH-SWB2_REPO/input/Gridded_temps/prism_tmax_tutuila_30yr_normal_09.asc
ncols         350
nrows         200
xllcorner     515000
yllcorner     8409000
cellsize      100
NODATA_value  -9999
[rows 68 to 101 of 200, columns 154 to 230 of 350]
29.42 29.23 29.07 28.93 28.77 28.57 28.35 28.11 28.16 28.61 29.1 29.45 29.67 29.8 29.84 29.85 29.85 29.86 29.87 29.88 29.89 29.89 29.89 29.9 29.9 29.9 29.9 29.9 29.9 29.91 29.91 29.91 29.91 29.91 29.91 29.92 29.92 29.92 29.92 29.92 29.93 29.93 29.93 29.93 29.93 29.94 29.94 29.94 29.94 29.94 29.95 29.95 29.95 29.95 29.95 29.96 29.96 29.95 29.9 29.71 29.3 28.96 28.76 28.35 27.94 27.46 27.06 26.82 26.66 26.71 27.03 27.17 27.08 27.35 27.78 28.16 28.43
29.29 29.14 28.92 28.71 28.58 28.41 28.18 27.98 28.19 28.7 29.17 29.5 29.71 29.82 29.85 29.84 29.83 29.81 29.82 29.84 29.86 29.87 29.88 29.88 29.89 29.89 29.9 29.9 29.9 29.9 29.9 29.91 29.91 29.91 29.91 29.91 29.91 29.92 29.92 29.92 29.92 29.93 29.93 29.93 29.93 29.93 29.94 29.94 29.94 29.94 29.94 29.94 29.95 29.95 29.95 29.95 29.95 29.94 29.84 29.49 29.12 28.79 28.53 28.2 27.79 27.32 27.05 27.15 27.23 27.09 26.91 26.87 26.96 27.49 27.95 28.18 28.3
29.04 28.96 28.78 28.56 28.34 28.19 28 27.94 28.31 28.84 29.27 29.54 29.71 29.8 29.83 29.8 29.72 29.6 29.64 29.7 29.77 29.82 29.81 29.8 29.84 29.87 29.88 29.89 29.9 29.9 29.9 29.9 29.9 29.91 29.91 29.91 29.91 29.91 29.92 29.92 29.92 29.92 29.92 29.93 29.93 29.93 29.93 29.94 29.94 29.94 29.94 29.94 29.94 29.95 29.95 29.95 29.95 29.92 29.76 29.49 29.32 29.11 28.93 28.66 28.22 27.82 27.7 27.8 27.96 27.61 27.36 27.15 27.25 27.67 28.1 28.16 28.11
28.77 28.7 28.54 28.34 28.1 27.92 27.84 28 28.38 28.87 29.24 29.47 29.66 29.78 29.79 29.71 29.55 29.26 29.26 29.39 29.6 29.7 29.66 29.59 29.67 29.78 29.84 29.87 29.89 29.9 29.9 29.9 29.9 29.9 29.9 29.91 29.91 29.91 29.91 29.92 29.92 29.92 29.92 29.92 29.92 29.93 29.93 29.93 29.93 29.94 29.94 29.94 29.94 29.94 29.95 29.95 29.95 29.92 29.8 29.67 29.58 29.44 29.27 28.95 28.45 28.22 28.21 28.2 28.34 28.18 28.16 27.88 27.85 27.89 28.26 28.33 28.12
28.51 28.44 28.26 28.02 27.87 27.84 27.97 28.27 28.58 28.96 29.24 29.46 29.67 29.76 29.72 29.59 29.36 28.98 28.81 29.14 29.47 29.54 29.46 29.29 29.35 29.57 29.71 29.79 29.85 29.88 29.89 29.89 29.9 29.89 29.89 29.89 29.89 29.89 29.89 29.91 29.91 29.92 29.92 29.92 29.92 29.92 29.93 29.93 29.93 29.93 29.94 29.94 29.94 29.94 29.94 29.95 29.95 29.92 29.85 29.75 29.56 29.35 29.16 28.74 28.31 28.36 28.56 28.59 28.64 28.65 28.68 28.49 28.43 28.36 28.47 28.55 28.3
28.32 28.17 28 27.78 27.78 28.01 28.36 28.65 28.96 29.22 29.43 29.58 29.69 29.71 29.61 29.44 29.19 28.78 28.68 29.08 29.3 29.27 29.16 28.93 29 29.32 29.49 29.64 29.78 29.85 29.87 29.89 29.88 29.86 29.83 29.82 29.82 29.83 29.85 29.89 29.91 29.91 29.91 29.92 29.92 29.92 29.92 29.93 29.93 29.93 29.93 29.94 29.94 29.94 29.94 29.94 29.95 29.92 29.85 29.65 29.34 29 28.74 28.38 28.03 28.31 28.71 28.9 28.92 28.97 28.97 28.74 28.69 28.71 28.73 28.69 28.39
28.26 27.94 27.76 27.69 27.86 28.2 28.58 28.94 29.2 29.39 29.53 29.63 29.68 29.67 29.54 29.28 29.01 28.82 28.73 28.93 28.97 28.87 28.79 28.58 28.63 28.94 29.23 29.49 29.74 29.83 29.85 29.85 29.83 29.76 29.66 29.65 29.69 29.78 29.85 29.89 29.91 29.91 29.91 29.91 29.92 29.92 29.92 29.92 29.93 29.93 29.93 29.93 29.93 29.94 29.94 29.94 29.94 29.93 29.86 29.64 29.23 28.98 28.68 28.24 28 28.26 28.73 29.03 29.12 29.2 29.15 28.89 28.87 28.89 28.83 28.67 28.38
28.17 27.83 27.68 27.73 27.88 28.2 28.6 28.95 29.2 29.4 29.54 29.63 29.66 29.65 29.56 29.41 29.26 29.12 28.92 28.84 28.73 28.52 28.41 28.37 28.51 28.88 29.29 29.6 29.76 29.81 29.81 29.8 29.74 29.59 29.43 29.54 29.68 29.81 29.87 29.9 29.9 29.91 29.91 29.91 29.91 29.92 29.92 29.92 29.92 29.93 29.93 29.93 29.93 29.93 29.94 29.94 29.94 29.92 29.87 29.73 29.41 29.09 28.67 28.33 28.13 28.39 28.83 29.09 29.24 29.4 29.36 29.14 29.01 28.87 28.69 28.47 28.25
28.06 27.91 27.97 28.04 28.07 28.38 28.75 29.09 29.29 29.44 29.54 29.58 29.58 29.56 29.53 29.47 29.38 29.22 29 28.82 28.64 28.36 28.21 28.33 28.71 29.14 29.42 29.57 29.68 29.74 29.74 29.7 29.57 29.37 29.36 29.63 29.78 29.84 29.88 29.9 29.9 29.9 29.91 29.91 29.91 29.91 29.91 29.92 29.92 29.92 29.93 29.93 29.93 29.93 29.93 29.94 29.93 29.88 29.77 29.6 29.31 28.98 28.68 28.38 28.25 28.45 28.81 29.05 29.21 29.45 29.61 29.41 29.17 29 28.81 28.59 28.47
28.23 28.15 28.36 28.36 28.25 28.53 28.9 29.21 29.37 29.44 29.48 29.47 29.43 29.41 29.39 29.35 29.29 29.2 29.01 28.87 28.66 28.38 28.3 28.51 28.9 29.2 29.26 29.27 29.49 29.6 29.6 29.53 29.32 29.17 29.39 29.66 29.8 29.84 29.87 29.89 29.9 29.9 29.9 29.9 29.91 29.91 29.91 29.91 29.92 29.92 29.92 29.93 29.93 29.93 29.93 29.93 29.91 29.8 29.54 29.35 29.19 28.97 28.67 28.51 28.5 28.64 28.92 29.14 29.32 29.51 29.71 29.63 29.46 29.23 29.01 28.79 28.74
28.53 28.43 28.63 28.54 28.32 28.44 28.84 29.18 29.32 29.37 29.38 29.32 29.25 29.23 29.21 29.1 29.08 29.14 29.01 28.8 28.53 28.3 28.32 28.55 28.82 28.97 28.91 28.85 29.24 29.39 29.35 29.3 29.1 29.07 29.43 29.67 29.78 29.82 29.84 29.87 29.89 29.89 29.9 29.9 29.9 29.91 29.91 29.91 29.91 29.92 29.92 29.92 29.93 29.93 29.93 29.93 29.92 29.82 29.55 29.34 29.21 29.02 28.82 28.77 28.72 28.79 29.03 29.24 29.44 29.62 29.76 29.72 29.48 29.18 28.98 28.85 28.89
28.8 28.71 28.86 28.72 28.51 28.47 28.74 29.07 29.21 29.26 29.28 29.22 29.07 28.98 28.99 28.83 28.87 29.01 28.88 28.65 28.32 28.12 28.21 28.36 28.51 28.6 28.59 28.59 28.98 29.05 28.92 28.89 28.92 29.18 29.48 29.63 29.69 29.71 29.76 29.83 29.87 29.88 29.89 29.89 29.9 29.9 29.91 29.91 29.91 29.91 29.92 29.92 29.92 29.92 29.93 29.93 29.93 29.9 29.79 29.55 29.31 29.11 28.99 28.92 28.78 28.79 29.02 29.24 29.46 29.66 29.8 29.78 29.56 29.25 29.05 28.92 28.95
29.13 29.08 29.11 28.97 28.77 28.58 28.68 28.94 29.08 29.13 29.16 29.15 28.99 28.76 28.78 28.65 28.74 28.83 28.7 28.5 28.15 27.92 28.04 28.18 28.3 28.38 28.37 28.4 28.61 28.64 28.48 28.54 28.85 29.17 29.34 29.4 29.43 29.45 29.56 29.74 29.84 29.86 29.84 29.84 29.88 29.9 29.9 29.9 29.91 29.91 29.91 29.91 29.92 29.92 29.92 29.93 29.93 29.92 29.86 29.67 29.35 29.17 29.11 28.99 28.85 28.87 29.09 29.35 29.59 29.76 29.83 29.8 29.63 29.36 29.16 29.03 28.98
29.45 29.36 29.27 29.08 28.81 28.53 28.54 28.77 28.91 28.98 29.01 29.05 28.97 28.7 28.55 28.41 28.54 28.55 28.47 28.18 27.88 27.74 27.89 28.1 28.28 28.35 28.29 28.28 28.38 28.4 28.29 28.36 28.63 28.86 28.96 28.99 29.01 29.07 29.36 29.68 29.8 29.8 29.72 29.65 29.8 29.85 29.89 29.9 29.9 29.91 29.91 29.91 29.91 29.92 29.92 29.92 29.93 29.92 29.88 29.71 29.34 29.2 29.19 29.06 28.99 29.03 29.15 29.47 29.75 29.86 29.81 29.67 29.5 29.31 29.25 29.18 29.07
29.55 29.38 29.19 28.99 28.73 28.33 28.27 28.47 28.68 28.77 28.78 28.86 28.9 28.64 28.22 27.95 28.04 27.98 27.92 27.62 27.53 27.59 27.86 28.16 28.38 28.5 28.39 28.34 28.44 28.46 28.42 28.49 28.64 28.76 28.79 28.81 28.78 28.99 29.37 29.61 29.69 29.67 29.49 29.41 29.57 29.7 29.84 29.89 29.9 29.9 29.91 29.91 29.91 29.91 29.92 29.92 29.93 29.93 29.9 29.74 29.38 29.27 29.23 29.14 29.18 29.19 29.17 29.45 29.78 29.88 29.78 29.6 29.37 29.32 29.39 29.32 29.21
29.49 29.26 28.99 28.75 28.45 28.05 27.9 28.08 28.33 28.54 28.49 28.63 28.78 28.54 27.96 27.39 27.35 27.4 27.38 27.39 27.56 27.79 28.1 28.34 28.53 28.68 28.56 28.54 28.66 28.71 28.66 28.77 28.92 28.94 28.91 29.01 29 29.04 29.24 29.39 29.44 29.44 29.36 29.44 29.7 29.8 29.87 29.89 29.9 29.9 29.9 29.91 29.91 29.91 29.92 29.92 29.92 29.92 29.9 29.75 29.45 29.34 29.25 29.21 29.33 29.36 29.21 29.39 29.75 29.89 29.84 29.68 29.39 29.42 29.58 29.57 29.51
29.45 29.3 29.11 28.82 28.3 27.9 27.71 27.67 28.03 28.35 28.27 28.47 28.65 28.46 27.88 27.18 27.01 27.12 27.24 27.51 27.89 28.2 28.45 28.61 28.72 28.83 28.81 28.95 28.91 28.94 28.85 28.92 29.13 29.24 29.13 29.22 29.29 29.17 29.06 29.14 29.36 29.55 29.62 29.71 29.83 29.87 29.88 29.89 29.9 29.9 29.9 29.9 29.91 29.91 29.91 29.92 29.92 29.92 29.91 29.82 29.53 29.36 29.32 29.43 29.5 29.48 29.27 29.33 29.66 29.87 29.9 29.74 29.46 29.58 29.79 29.85 29.86
29.3 29.24 29.08 28.77 28.32 27.9 27.61 27.39 27.87 28.05 27.92 28.22 28.43 28.28 27.77 27.18 27.01 27.16 27.41 27.76 28.14 28.45 28.58 28.66 28.84 28.99 29.12 29.3 29.31 29.39 29.33 29.16 29.25 29.5 29.34 29.38 29.5 29.37 29.22 29.39 29.64 29.77 29.81 29.84 29.87 29.88 29.88 29.89 29.89 29.9 29.9 29.9 29.9 29.91 29.91 29.91 29.92 29.92 29.91 29.86 29.66 29.49 29.56 29.73 29.71 29.57 29.33 29.37 29.69 29.9 29.93 29.84 29.73 29.87 29.93 29.95 29.96
29.04 29.06 28.98 28.7 28.29 27.81 27.41 27.1 27.47 27.51 27.59 27.93 28.12 27.93 27.57 27.33 27.43 27.57 27.8 28.08 28.21 28.14 28.07 28.19 28.61 28.93 29.08 29.3 29.44 29.52 29.58 29.5 29.51 29.65 29.63 29.58 29.65 29.56 29.49 29.67 29.79 29.84 29.86 29.87 29.87 29.88 29.88 29.88 29.89 29.89 29.9 29.9 29.9 29.9 29.91 29.91 29.91 29.91 29.87 29.82 29.78 29.8 29.85 29.89 29.87 29.76 29.63 29.68 29.85 29.94 29.95 29.93 29.91 29.95 29.96 29.96 29.97
28.67 28.8 28.82 28.62 28.29 27.88 27.28 26.87 27.12 27.08 27.37 27.67 27.69 27.54 27.42 27.46 27.75 27.92 28.05 28.12 27.88 27.63 27.59 27.85 28.34 28.63 28.75 28.96 29.18 29.34 29.56 29.66 29.69 29.74 29.75 29.75 29.77 29.77 29.77 29.81 29.84 29.86 29.86 29.87 29.87 29.87 29.88 29.88 29.88 29.89 29.89 29.9 29.9 29.9 29.9 29.91 29.91 29.89 29.8 29.75 29.82 29.89 29.92 29.93 29.93 29.91 29.89 29.9 29.94 29.95 29.95 29.95 29.95 29.96 29.96 29.96 29.97
28.2 28.35 28.46 28.42 28.19 27.83 27.22 26.79 26.87 26.95 27.26 27.45 27.4 27.32 27.39 27.54 27.74 27.76 27.76 27.71 27.41 27.28 27.36 27.64 27.94 28.2 28.46 28.77 28.97 29.15 29.42 29.58 29.62 29.66 29.74 29.78 29.8 29.82 29.83 29.84 29.85 29.86 29.86 29.86 29.87 29.87 29.87 29.88 29.88 29.88 29.89 29.89 29.9 29.9 29.9 29.91 29.91 29.91 29.89 29.88 29.9 29.92 29.93 29.93 29.93 29.94 29.94 29.94 29.95 29.95 29.95 29.95 29.95 29.96 29.96 29.96 29.96
27.84 27.74 27.87 27.97 27.76 27.5 27.03 26.68 26.68 26.81 27.08 27.16 27.09 27.17 27.35 27.43 27.35 27.15 26.97 27.06 27.15 27.32 27.55 27.7 27.76 27.94 28.26 28.61 28.84 29.04 29.23 29.34 29.37 29.38 29.58 29.68 29.75 29.79 29.81 29.84 29.84 29.85 29.86 29.86 29.86 29.87 29.87 29.87 29.88 29.88 29.89 29.89 29.89 29.9 29.9 29.9 29.91 29.91 29.91 29.91 29.92 29.92 29.93 29.93 29.93 29.94 29.94 29.94 29.94 29.95 29.95 29.95 29.95 29.96 29.96 29.96 29.96
27.4 27.18 27.3 27.4 27.19 26.96 26.82 26.71 26.74 26.84 26.9 26.79 26.75 26.88 26.91 26.67 26.54 26.5 26.38 26.66 27 27.34 27.69 27.94 28.02 28.12 28.25 28.45 28.71 28.93 29.05 29.09 29.09 29.06 29.23 29.38 29.52 29.61 29.71 29.79 29.82 29.83 29.84 29.86 29.86 29.86 29.87 29.87 29.87 29.88 29.88 29.88 29.89 29.89 29.9 29.9 29.9 29.91 29.91 29.91 29.92 29.92 29.92 29.93 29.93 29.93 29.94 29.94 29.94 29.95 29.95 29.95 29.95 29.95 29.96 29.96 29.96
26.97 26.96 27.14 27.17 26.99 26.9 26.94 26.97 27.02 27.02 26.91 26.66 26.49 26.41 26.32 26.09 26.01 26.05 26.23 26.58 26.9 27.22 27.62 28 28.21 28.33 28.46 28.52 28.57 28.66 28.77 28.81 28.83 28.81 28.85 29.03 29.15 29.3 29.53 29.69 29.74 29.75 29.79 29.82 29.85 29.86 29.86 29.87 29.87 29.87 29.88 29.88 29.89 29.89 29.89 29.9 29.9 29.91 29.91 29.91 29.91 29.92 29.92 29.93 29.93 29.93 29.93 29.94 29.94 29.94 -9999 29.95 29.95 29.95 29.96 -9999 -9999
26.77 26.95 27.21 27.28 27.18 27.23 27.25 27.26 27.29 27.17 27.05 26.88 26.47 26.06 25.89 25.71 25.77 25.89 26.14 26.49 26.74 27.03 27.38 27.74 27.96 28.12 28.44 28.68 28.7 28.65 28.7 28.73 28.75 28.74 28.74 28.82 28.84 29.04 29.26 29.42 29.53 29.49 29.57 29.69 29.81 29.86 29.86 29.86 29.87 29.87 29.88 29.88 29.88 29.89 29.89 29.9 29.9 29.9 29.91 29.91 29.91 29.92 29.92 29.92 29.93 29.93 29.93 29.94 29.94 -9999 -9999 -9999 29.95 -9999 -9999 -9999 -9999
26.67 26.96 27.28 27.43 27.45 27.52 27.54 27.54 27.47 27.28 27.19 27.18 26.89 26.42 26.13 25.7 25.91 26.04 26.28 26.65 26.8 26.92 27.21 27.47 27.55 27.86 28.24 28.61 28.84 28.92 28.95 28.97 28.97 28.99 28.98 28.96 28.89 28.93 28.99 29.11 29.23 29.27 29.43 29.63 29.8 29.85 29.86 29.86 29.86 29.87 29.88 29.88 29.88 -9999 -9999 -9999 -9999 29.9 29.91 29.91 29.91 -9999 -9999 -9999 -9999 29.93 -9999 -9999 -9999 -9999 -9999 -9999 -9999 -9999 -9999 -9999 -9999
26.74 27.07 27.34 27.5 27.62 27.72 27.78 27.76 27.6 27.43 27.35 27.43 27.38 27.02 26.68 26.14 26.21 26.28 26.61 27.03 27.15 27.12 27.33 27.63 27.71 27.89 28.13 28.34 28.57 28.79 28.99 29.13 29.2 29.27 29.32 29.28 29.22 29.12 29.02 29 29.09 29.2 29.45 29.72 29.82 29.85 29.85 29.86 29.86 29.87 -9999 -9999 -9999 -9999 -9999 -9999 -9999 -9999 -9999 -9999 -9999 -9999 -9999 -9999 -9999 -9999 -9999 -9999 -9999 -9999 -9999 -9999 -9999 -9999 -9999 -9999 -9999
26.83 27 27.09 27.28 27.57 27.77 27.91 27.92 27.79 27.73 27.63 27.74 27.67 27.47 27.13 26.69 26.6 26.46 26.91 27.31 27.5 27.55 27.64 27.89 28.15 28.31 28.38 28.41 28.45 28.55 28.69 28.9 29.06 29.29 29.53 29.58 29.55 29.44 29.29 29.17 29.2 29.27 29.48 29.76 29.83 29.84 29.85 29.85 29.86 29.86 -9999 -9999 -9999 -9999 -9999 -9999 -9999 -9999 -9999 -9999 -9999 -9999 -9999 -9999 -9999 -9999 -9999 -9999 -9999 -9999 -9999 -9999 -9999 -9999 -9999 -9999 -9999
26.73 26.77 26.83 27.17 27.56 27.84 28.03 28.15 28.08 28 28 28.1 27.93 27.65 27.24 27 27.06 26.91 27.19 27.5 27.78 27.95 28.06 28.21 28.41 28.69 28.81 28.82 28.79 28.78 28.78 28.71 28.71 29.01 29.41 29.65 29.71 29.67 29.56 29.42 29.43 29.48 29.63 29.79 29.83 29.84 29.84 29.85 29.86 -9999 -9999 -9999 -9999 -9999 -9999 -9999 -9999 -9999 -9999 -9999 -9999 -9999 -9999 -9999 -9999 -9999 -9999 -9999 -9999 -9999 -9999 -9999 -9999 -9999 -9999 -9999 -9999
26.58 26.64 26.76 27.04 27.44 27.78 28 28.21 28.35 28.36 28.39 28.34 28.06 27.69 27.32 27.29 27.34 27.14 27.33 27.55 27.74 27.96 28.15 28.3 28.49 28.7 28.88 29.09 29.18 29.18 29.13 29.02 28.81 28.91 29.23 29.58 29.73 29.77 29.74 29.68 29.65 29.67 29.76 29.82 29.83 29.83 29.84 29.85 29.85 -9999 -9999 -9999 -9999 -9999 -9999 -9999 -9999 -9999 -9999 -9999 -9999 -9999 -9999 -9999 -9999 -9999 -9999 -9999 -9999 -9999 -9999 -9999 -9999 -9999 -9999 -9999 -9999
26.61 26.68 26.78 27.06 27.43 27.74 27.94 28.17 28.46 28.66 28.65 28.46 28.1 27.73 27.39 27.4 27.46 27.34 27.37 27.49 27.62 27.76 27.92 28.05 28.19 28.29 28.59 28.99 29.29 29.44 29.44 29.31 29.12 29.1 29.28 29.51 29.73 29.78 29.79 29.78 29.77 29.77 29.81 29.82 29.83 29.83 29.84 29.84 -9999 -9999 -9999 -9999 -9999 -9999 -9999 -9999 -9999 -9999 -9999 -9999 -9999 -9999 -9999 -9999 -9999 -9999 -9999 -9999 -9999 -9999 -9999 -9999 -9999 -9999 -9999 -9999 -9999
26.96 26.93 26.84 26.96 27.32 27.69 27.98 28.23 28.52 28.78 28.72 28.46 28.16 27.79 27.48 27.46 27.58 27.61 27.69 27.77 27.82 27.94 28.11 28.23 28.23 28.18 28.39 28.71 29.09 29.41 29.57 29.56 29.42 29.48 29.58 29.58 29.73 29.78 29.79 29.8 29.79 29.81 29.82 29.82 29.82 29.83 29.83 -9999 -9999 -9999 -9999 -9999 -9999 -9999 -9999 -9999 -9999 -9999 -9999 -9999 -9999 -9999 -9999 -9999 -9999 -9999 -9999 -9999 -9999 -9999 -9999 -9999 -9999 -9999 -9999 -9999 -9999
27.32 27.23 27.05 27.12 27.31 27.53 27.8 28.16 28.62 28.93 28.86 28.58 28.11 27.74 27.57 27.56 27.6 27.64 27.85 27.99 27.97 28.08 28.32 28.52 28.53 28.42 28.47 28.66 28.95 29.26 29.55 29.67 29.65 29.7 29.73 29.74 29.77 29.78 29.79 29.79 29.8 29.81 29.81 29.82 29.82 29.83 29.83 -9999 -9999 -9999 -9999 -9999 -9999 -9999 -9999 -9999 -9999 -9999 -9999 -9999 -9999 -9999 -9999 -9999 -9999 -9999 -9999 -9999 -9999 -9999 -9999 -9999 -9999 -9999 -9999 -9999 -9999
27.6 27.47 27.35 27.51 27.63 27.67 27.86 28.11 28.71 29.04 28.85 28.42 27.89 27.64 27.67 27.74 27.69 27.61 27.84 28.1 28.13 28.13 28.34 28.63 28.76 28.73 28.7 28.84 29.03 29.23 29.54 29.71 29.74 29.75 29.76 29.77 29.77 29.78 29.79 29.79 29.8 29.8 29.81 29.81 29.82 29.82 -9999 -9999 -9999 -9999 -9999 -9999 -9999 -9999 -9999 -9999 -9999 -9999 -9999 -9999 -9999 -9999 -9999 -9999 -9999 -9999 -9999 -9999 -9999 -9999 -9999 -9999 -9999 -9999 -9999 -9999 -9999
