ASPA-UH-SWB2_REPO/input/Gridded_temps/prism_tmin_tutuila_30yr_normal_11.asc
ncols         350
nrows         200
xllcorner     515000
yllcorner     8409000
cellsize      100
NODATA_value  -9999
[rows 35 to 69 of 200, columns 231 to 307 of 350]
-9999 -9999 -9999 -9999 -9999 -9999 24.34 24.34 24.34 -9999 -9999 -9999 24.34 24.34 24.34 24.34 -9999 -9999 -9999 -9999 -9999 -9999 -9999 -9999 -9999 24.34 24.34 24.34 -9999 -9999 -9999 -9999 -9999 -9999 -9999 -9999 -9999 -9999 -9999 -9999 -9999 -9999 -9999 -9999 -9999 -9999 -9999 -9999 -9999 -9999 -9999 -9999 -9999 -9999 -9999 -9999 -9999 -9999 -9999 -9999 -9999 -9999 -9999 -9999 -9999 -9999 -9999 -9999 -9999 -9999 -9999 -9999 -9999 24.33 24.33 24.33 24.33
-9999 24.34 24.34 -9999 -9999 24.34 24.34 24.34 24.34 24.34 24.34 24.34 24.34 24.34 24.34 24.34 -9999 -9999 -9999 24.34 24.34 -9999 -9999 -9999 -9999 24.34 24.34 24.34 24.34 -9999 -9999 -9999 -9999 -9999 -9999 -9999 -9999 -9999 -9999 -9999 -9999 -9999 -9999 -9999 -9999 -9999 -9999 -9999 -9999 -9999 -9999 -9999 -9999 -9999 -9999 -9999 -9999 -9999 -9999 -9999 -9999 -9999 -9999 -9999 -9999 -9999 -9999 -9999 -9999 -9999 -9999 -9999 24.33 24.33 24.33 24.33 24.33
24.34 24.34 24.34 24.34 24.34 24.34 24.34 24.34 24.34 24.34 24.34 24.34 24.34 24.34 24.34 24.34 24.34 -9999 24.34 24.34 24.34 24.34 24.34 -9999 24.34 24.34 24.34 24.34 24.34 24.34 -9999 -9999 -9999 -9999 -9999 -9999 -9999 -9999 -9999 -9999 -9999 -9999 -9999 -9999 -9999 -9999 -9999 -9999 -9999 -9999 -9999 -9999 -9999 -9999 -9999 -9999 -9999 -9999 -9999 -9999 -9999 -9999 -9999 -9999 -9999 -9999 -9999 -9999 -9999 -9999 -9999 24.33 24.33 24.33 24.33 24.33 24.33
24.34 24.34 24.34 24.34 24.34 24.34 24.34 24.34 24.34 24.34 24.34 24.34 24.34 24.34 24.34 24.34 24.34 24.34 24.34 24.34 24.34 24.34 24.34 24.34 24.34 24.34 24.34 24.34 24.34 24.34 24.34 -9999 -9999 -9999 -9999 -9999 -9999 -9999 -9999 -9999 -9999 -9999 -9999 -9999 -9999 -9999 -9999 -9999 -9999 -9999 -9999 -9999 -9999 -9999 -9999 -9999 -9999 -9999 -9999 -9999 -9999 -9999 -9999 -9999 -9999 -9999 -9999 24.33 24.33 -9999 24.33 24.33 24.33 24.33 24.33 24.33 24.33
24.34 24.34 24.34 24.34 24.34 24.34 24.34 24.34 24.34 24.34 24.34 24.34 24.34 24.34 24.34 24.34 24.34 24.34 24.34 24.34 24.34 24.34 24.34 24.34 24.34 24.34 24.34 24.34 24.34 24.34 24.34 24.34 -9999 -9999 -9999 24.33 -9999 -9999 -9999 -9999 -9999 -9999 -9999 -9999 -9999 -9999 -9999 -9999 -9999 -9999 -9999 -9999 -9999 -9999 -9999 -9999 -9999 -9999 -9999 -9999 -9999 -9999 -9999 -9999 -9999 -9999 24.33 24.33 24.33 24.33 24.33 24.33 24.33 24.33 24.32 24.29 24.31
24.34 24.34 24.34 24.34 24.34 24.34 24.33 24.32 24.33 24.34 24.34 24.34 24.34 24.32 24.32 24.34 24.34 24.34 24.34 24.34 24.34 24.34 24.34 24.34 24.34 24.34 24.34 24.34 24.34 24.34 24.34 24.34 24.34 -9999 24.34 24.33 24.33 -9999 -9999 -9999 -9999 -9999 -9999 -9999 -9999 -9999 -9999 -9999 -9999 -9999 -9999 -9999 -9999 -9999 -9999 -9999 -9999 -9999 -9999 -9999 -9999 -9999 -9999 -9999 -9999 24.33 24.33 24.33 24.33 24.33 24.33 24.33 24.33 24.33 24.26 24.12 24.2
24.34 24.34 24.34 24.34 24.34 24.34 24.31 24.26 24.29 24.33 24.34 24.33 24.31 24.23 24.23 24.31 24.34 24.34 24.34 24.33 24.33 24.34 24.34 24.34 24.33 24.3 24.3 24.33 24.34 24.34 24.34 24.34 24.34 24.34 24.34 24.34 24.33 24.33 -9999 -9999 -9999 -9999 -9999 -9999 -9999 -9999 -9999 -9999 -9999 -9999 -9999 -9999 -9999 -9999 -9999 -9999 -9999 -9999 -9999 -9999 -9999 -9999 -9999 -9999 24.33 24.33 24.33 24.33 24.33 24.33 24.33 24.33 24.33 24.31 24.19 23.97 24.02
24.34 24.32 24.32 24.33 24.34 24.34 24.31 24.19 24.19 24.28 24.28 24.29 24.24 24.06 24.06 24.24 24.32 24.34 24.32 24.23 24.23 24.31 24.34 24.33 24.28 24.19 24.22 24.31 24.34 24.34 24.34 24.34 24.34 24.34 24.34 24.34 24.34 24.33 24.33 -9999 -9999 -9999 -9999 -9999 -9999 -9999 24.33 -9999 -9999 -9999 -9999 -9999 -9999 -9999 -9999 -9999 -9999 -9999 -9999 -9999 -9999 -9999 -9999 24.33 24.33 24.33 24.33 24.33 24.33 24.33 24.33 24.32 24.28 24.2 24.03 23.79 23.83
24.34 24.29 24.24 24.27 24.33 24.34 24.31 24.14 24.03 24.1 24.08 24.12 24.11 23.92 23.92 24.15 24.29 24.31 24.23 24.01 24.01 24.21 24.31 24.32 24.23 24.15 24.22 24.31 24.34 24.34 24.34 24.34 24.34 24.34 24.34 24.34 24.34 24.34 24.33 24.33 24.33 24.33 -9999 -9999 -9999 24.33 24.33 24.33 24.33 24.33 -9999 -9999 24.33 -9999 -9999 -9999 -9999 -9999 -9999 -9999 -9999 -9999 24.33 24.33 24.33 24.33 24.33 24.33 24.33 24.33 24.33 24.29 24.15 23.97 23.85 23.69 23.72
24.33 24.26 24.15 24.23 24.32 24.34 24.31 24.12 23.86 23.76 23.74 23.82 23.84 23.76 23.81 24.01 24.16 24.19 24.05 23.84 23.91 24.14 24.29 24.32 24.28 24.27 24.31 24.34 24.34 24.34 24.34 24.34 24.34 24.34 24.34 24.34 24.34 24.34 24.34 24.33 24.33 24.33 -9999 -9999 24.33 24.33 24.33 24.33 24.33 24.33 24.33 24.33 24.33 24.33 -9999 -9999 -9999 -9999 -9999 -9999 -9999 24.33 24.33 24.33 24.33 24.33 24.32 24.3 24.31 24.32 24.32 24.26 24.03 23.81 23.78 23.69 23.65
24.34 24.28 24.19 24.25 24.32 24.34 24.29 24.07 23.66 23.37 23.41 23.49 23.51 23.56 23.67 23.85 24.01 24.08 23.98 23.94 24.05 24.23 24.31 24.33 24.33 24.33 24.34 24.34 24.34 24.34 24.34 24.34 24.34 24.34 24.33 24.31 24.33 24.34 24.34 24.34 24.33 24.33 24.33 24.33 24.33 24.33 24.33 24.33 24.33 24.33 24.33 24.33 24.33 24.33 24.33 24.33 24.33 -9999 -9999 24.33 24.33 24.33 24.33 24.33 24.33 24.33 24.3 24.23 24.22 24.28 24.28 24.24 24.09 23.82 23.74 23.68 23.62
24.35 24.32 24.19 24.15 24.29 24.31 24.21 23.92 23.44 23.08 23.13 23.19 23.23 23.43 23.67 23.9 24.08 24.17 24.17 24.19 24.25 24.31 24.34 24.34 24.34 24.34 24.34 24.34 24.34 24.34 24.34 24.34 24.34 24.33 24.28 24.22 24.28 24.33 24.34 24.34 24.33 24.33 24.33 24.33 24.33 24.33 24.33 24.33 24.33 24.33 24.33 24.33 24.33 24.33 24.33 24.33 24.33 24.33 24.33 24.33 24.33 24.33 24.33 24.33 24.33 24.33 24.27 24.15 24.14 24.19 24.13 24.12 24.07 23.86 23.71 23.63 23.56
24.34 24.29 24.01 24.02 24.23 24.23 24.04 23.68 23.22 22.95 22.96 23.01 23.18 23.53 23.84 24.1 24.24 24.29 24.31 24.31 24.33 24.34 24.34 24.34 24.34 24.34 24.34 24.34 24.34 24.34 24.34 24.33 24.32 24.28 24.16 24.1 24.24 24.33 24.34 24.34 24.34 24.33 24.33 24.33 24.33 24.33 24.32 24.33 24.33 24.33 24.33 24.33 24.33 24.33 24.33 24.33 24.33 24.33 24.33 24.33 24.33 24.33 24.33 24.33 24.33 24.3 24.18 24.05 24.09 24.08 23.93 23.9 23.96 23.83 23.67 23.57 23.5
24.32 24.2 23.75 23.95 24.17 24.07 23.79 23.36 23.09 23.03 23.09 23.22 23.48 23.79 24.05 24.24 24.31 24.33 24.34 24.34 24.34 24.34 24.34 24.34 24.34 24.34 24.34 24.34 24.34 24.33 24.29 24.26 24.24 24.18 24.04 24.05 24.23 24.32 24.32 24.33 24.33 24.33 24.33 24.33 24.33 24.32 24.3 24.3 24.31 24.32 24.33 24.33 24.33 24.33 24.33 24.33 24.33 24.33 24.33 24.33 24.33 24.33 24.33 24.33 24.32 24.27 24.11 23.98 24 24 23.86 23.77 23.81 23.79 23.64 23.5 23.45
24.27 23.84 23.37 23.87 24.05 23.84 23.53 23.3 23.26 23.34 23.49 23.66 23.89 24.1 24.23 24.31 24.33 24.34 24.34 24.34 24.34 24.34 24.34 24.34 24.34 24.34 24.34 24.34 24.32 24.25 24.12 24.03 24.03 24.02 23.95 24.02 24.19 24.25 24.22 24.26 24.28 24.28 24.31 24.33 24.33 24.31 24.25 24.2 24.21 24.28 24.32 24.32 24.32 24.33 24.33 24.33 24.33 24.33 24.33 24.33 24.33 24.33 24.33 24.33 24.33 24.27 24.12 23.95 23.89 23.9 23.83 23.7 23.63 23.69 23.66 23.45 23.4
24.06 23.57 23.46 23.86 23.87 23.57 23.4 23.44 23.56 23.65 23.82 24.03 24.19 24.27 24.31 24.32 24.34 24.34 24.34 24.34 24.34 24.34 24.34 24.34 24.34 24.33 24.33 24.33 24.27 24.08 23.83 23.8 23.84 23.87 23.89 24.01 24.15 24.13 24.11 24.17 24.17 24.16 24.25 24.32 24.33 24.3 24.19 24.1 24.06 24.16 24.25 24.26 24.29 24.32 24.33 24.33 24.33 24.33 24.33 24.33 24.33 24.33 24.33 24.33 24.33 24.27 24.12 23.92 23.75 23.72 23.7 23.62 23.53 23.55 23.63 23.44 23.4
23.81 23.7 23.81 23.85 23.69 23.41 23.4 23.63 23.86 23.98 24.12 24.24 24.3 24.32 24.32 24.32 24.31 24.31 24.31 24.32 24.34 24.34 24.34 24.33 24.3 24.26 24.25 24.25 24.13 23.83 23.61 23.64 23.7 23.75 23.82 23.96 24.07 24.03 24.06 24.1 24.03 24.01 24.17 24.29 24.32 24.23 24.06 23.97 23.93 24.01 24.07 24.09 24.19 24.27 24.31 24.31 24.33 24.33 24.33 24.32 24.33 24.33 24.33 24.33 24.33 24.27 24.1 23.87 23.64 23.54 23.52 23.49 23.42 23.43 23.57 23.43 23.39
23.58 23.66 23.71 23.7 23.53 23.36 23.51 23.79 24.01 24.16 24.26 24.3 24.29 24.29 24.28 24.25 24.18 24.14 24.14 24.22 24.31 24.33 24.3 24.21 24.13 24.01 23.99 24.03 23.88 23.61 23.46 23.52 23.6 23.71 23.82 23.94 24 23.96 23.95 23.96 23.9 23.9 24.06 24.25 24.31 24.21 23.99 23.85 23.8 23.84 23.87 23.91 24.06 24.19 24.2 24.21 24.26 24.27 24.26 24.29 24.32 24.33 24.33 24.33 24.33 24.3 24.17 23.94 23.71 23.53 23.42 23.39 23.33 23.31 23.45 23.36 23.27
23.33 23.45 23.44 23.44 23.3 23.21 23.48 23.8 24.04 24.2 24.27 24.27 24.18 24.15 24.14 24.06 23.89 23.76 23.81 24.01 24.23 24.27 24.16 23.96 23.79 23.69 23.67 23.67 23.56 23.4 23.34 23.42 23.55 23.7 23.83 23.89 23.91 23.85 23.8 23.82 23.81 23.83 24 24.21 24.29 24.24 24.09 23.87 23.71 23.66 23.67 23.78 23.95 24.06 24.02 24 24.07 24.07 24.1 24.22 24.31 24.33 24.33 24.33 24.33 24.32 24.25 24.11 23.96 23.8 23.63 23.52 23.34 23.18 23.28 23.21 23.09
23.09 23.15 23.07 23.06 22.99 23.12 23.45 23.79 24.05 24.2 24.25 24.2 24.04 23.93 23.87 23.77 23.56 23.42 23.57 23.89 24.13 24.12 23.96 23.67 23.44 23.33 23.33 23.29 23.24 23.23 23.27 23.39 23.53 23.66 23.73 23.74 23.74 23.72 23.67 23.69 23.72 23.78 23.98 24.18 24.22 24.18 24.13 23.93 23.69 23.54 23.54 23.71 23.84 23.91 23.87 23.79 23.8 23.85 23.99 24.19 24.3 24.33 24.33 24.33 24.33 24.33 24.31 24.24 24.14 24.03 23.89 23.7 23.37 23.05 23.07 23.03 22.94
22.94 22.87 22.76 22.78 22.94 23.26 23.61 23.89 24.08 24.19 24.2 24.14 23.99 23.78 23.6 23.44 23.25 23.22 23.5 23.83 23.96 23.87 23.71 23.42 23.16 23.05 23.05 23.04 23.05 23.12 23.23 23.36 23.48 23.55 23.59 23.56 23.57 23.59 23.53 23.54 23.6 23.73 23.94 24.1 24.07 23.97 23.94 23.82 23.63 23.47 23.46 23.61 23.68 23.75 23.73 23.57 23.56 23.71 23.94 24.17 24.3 24.33 24.33 24.33 24.33 24.33 24.31 24.26 24.17 24.04 23.88 23.63 23.24 22.89 22.85 22.89 22.96
23.15 23.04 22.76 22.8 23.03 23.36 23.7 23.95 24.08 24.13 24.08 24.01 23.93 23.75 23.48 23.19 23 23.12 23.47 23.71 23.73 23.57 23.4 23.19 22.96 22.88 22.89 22.91 22.98 23.06 23.17 23.29 23.37 23.41 23.44 23.41 23.44 23.49 23.44 23.45 23.53 23.68 23.89 23.98 23.87 23.72 23.67 23.63 23.49 23.35 23.31 23.42 23.51 23.6 23.56 23.39 23.44 23.65 23.88 24.12 24.27 24.32 24.33 24.33 24.33 24.32 24.31 24.26 24.17 24.04 23.82 23.46 23.04 22.7 22.64 22.81 23.09
23.49 23.28 22.91 22.9 23.05 23.3 23.65 23.9 23.98 24.02 23.92 23.76 23.75 23.69 23.45 23.09 22.91 23.09 23.39 23.49 23.41 23.23 23.05 22.95 22.9 22.91 22.94 22.98 23.08 23.11 23.17 23.25 23.31 23.35 23.36 23.37 23.43 23.49 23.5 23.55 23.57 23.62 23.76 23.84 23.77 23.66 23.6 23.54 23.42 23.25 23.14 23.21 23.33 23.43 23.36 23.28 23.4 23.62 23.82 24.02 24.19 24.28 24.32 24.32 24.32 24.31 24.28 24.19 24.08 23.98 23.79 23.42 22.95 22.62 22.65 22.91 23.16
23.53 23.27 22.94 22.93 23.04 23.2 23.46 23.62 23.7 23.85 23.77 23.48 23.42 23.49 23.34 23.01 22.84 22.97 23.13 23.11 23.02 22.88 22.84 22.87 22.97 23.07 23.15 23.18 23.28 23.29 23.3 23.37 23.44 23.5 23.48 23.5 23.57 23.64 23.66 23.72 23.7 23.63 23.66 23.72 23.7 23.65 23.6 23.51 23.37 23.18 23.03 23.07 23.19 23.27 23.23 23.22 23.34 23.54 23.72 23.89 24.08 24.24 24.3 24.31 24.31 24.3 24.23 24.06 23.86 23.77 23.66 23.37 22.99 22.79 22.87 23.09 23.28
23.35 23.14 22.88 22.89 22.99 23.05 23.14 23.21 23.32 23.62 23.65 23.3 23.03 23.17 23.09 22.86 22.68 22.69 22.75 22.72 22.67 22.7 22.83 23 23.16 23.28 23.41 23.42 23.49 23.51 23.49 23.58 23.65 23.72 23.7 23.67 23.74 23.81 23.82 23.86 23.86 23.8 23.76 23.7 23.61 23.53 23.47 23.4 23.27 23.08 22.95 22.98 23.1 23.21 23.25 23.31 23.35 23.43 23.59 23.76 24 24.21 24.27 24.29 24.3 24.27 24.15 23.92 23.67 23.54 23.47 23.29 23.09 23.06 23.14 23.22 23.36
23.06 22.92 22.8 22.82 22.9 22.9 22.91 22.93 23.05 23.34 23.32 23.05 22.8 22.93 22.84 22.65 22.5 22.46 22.49 22.49 22.53 22.76 22.99 23.2 23.39 23.52 23.64 23.68 23.73 23.76 23.73 23.78 23.82 23.9 23.91 23.87 23.91 23.98 23.99 24 24 23.93 23.81 23.69 23.58 23.49 23.4 23.26 23.06 22.89 22.93 23.03 23.17 23.27 23.36 23.47 23.5 23.49 23.6 23.79 24.03 24.18 24.19 24.22 24.26 24.19 24.01 23.79 23.59 23.48 23.43 23.34 23.25 23.29 23.38 23.37 23.43
23.05 22.93 22.79 22.77 22.79 22.79 22.79 22.85 23.04 23.24 23.07 22.85 22.68 22.74 22.66 22.51 22.44 22.44 22.43 22.44 22.53 22.84 23.14 23.32 23.46 23.58 23.71 23.81 23.9 23.97 23.99 23.98 23.98 24.05 24.12 24.1 24.08 24.14 24.16 24.15 24.08 23.92 23.73 23.66 23.65 23.62 23.49 23.25 22.98 22.89 23 23.12 23.24 23.37 23.48 23.6 23.67 23.71 23.8 23.95 24.05 24.02 24 24.1 24.17 24.04 23.81 23.64 23.58 23.55 23.55 23.5 23.43 23.43 23.53 23.54 23.57
23.26 23.1 22.92 22.79 22.73 22.7 22.69 22.77 22.99 23.11 22.95 22.72 22.63 22.66 22.64 22.62 22.65 22.7 22.62 22.66 22.75 22.98 23.23 23.41 23.47 23.55 23.66 23.79 23.92 24.03 24.12 24.14 24.14 24.21 24.27 24.27 24.25 24.27 24.26 24.17 24 23.87 23.85 23.86 23.87 23.76 23.61 23.39 23.11 22.97 23.01 23.1 23.2 23.33 23.46 23.53 23.65 23.83 23.9 23.91 23.86 23.82 23.9 24 23.98 23.84 23.66 23.6 23.68 23.7 23.7 23.64 23.51 23.49 23.63 23.7 23.74
23.44 23.32 23.18 22.93 22.7 22.59 22.5 22.55 22.78 22.89 22.83 22.79 22.8 22.81 22.75 22.75 22.85 22.97 22.97 22.99 23.13 23.28 23.4 23.57 23.61 23.59 23.65 23.78 23.94 24.07 24.16 24.22 24.25 24.29 24.32 24.33 24.32 24.32 24.24 24.03 23.87 23.96 24.12 24.15 24.07 23.93 23.75 23.51 23.24 23.01 22.97 23.06 23.14 23.24 23.32 23.37 23.48 23.59 23.63 23.64 23.66 23.74 23.79 23.76 23.71 23.72 23.71 23.78 23.89 23.89 23.84 23.73 23.52 23.48 23.69 23.83 23.89
23.5 23.33 23.17 22.93 22.7 22.54 22.39 22.39 22.57 22.68 22.76 22.92 23.02 23.04 22.89 22.83 22.91 23.12 23.29 23.28 23.36 23.54 23.66 23.81 23.85 23.72 23.65 23.75 23.97 24.11 24.14 24.21 24.28 24.32 24.34 24.34 24.34 24.33 24.26 24.12 24.13 24.23 24.26 24.2 24.03 23.85 23.59 23.39 23.19 23.04 23 23.04 23.07 23.1 23.16 23.26 23.35 23.43 23.5 23.58 23.66 23.73 23.72 23.69 23.67 23.76 23.84 23.93 24.01 23.93 23.83 23.71 23.56 23.44 23.56 23.77 23.92
23.29 23.12 22.97 22.79 22.69 22.58 22.44 22.38 22.49 22.64 22.79 23.03 23.17 23.18 23.06 22.97 22.95 23.13 23.41 23.5 23.47 23.67 23.83 23.98 24.02 23.92 23.84 23.96 24.16 24.22 24.16 24.18 24.26 24.32 24.34 24.34 24.34 24.34 24.31 24.27 24.29 24.32 24.3 24.18 23.93 23.74 23.59 23.42 23.3 23.23 23.14 23.07 23.03 22.99 23.01 23.14 23.29 23.42 23.5 23.59 23.69 23.77 23.82 23.84 23.79 23.82 23.94 24.04 24.07 23.98 23.84 23.7 23.55 23.42 23.49 23.71 23.94
23.14 23.01 22.93 22.81 22.71 22.6 22.46 22.42 22.55 22.72 22.87 23.07 23.24 23.32 23.29 23.21 23.08 23.22 23.51 23.65 23.59 23.71 23.88 24.06 24.15 24.13 24.08 24.16 24.28 24.3 24.26 24.26 24.3 24.33 24.34 24.34 24.34 24.34 24.34 24.33 24.34 24.34 24.31 24.21 24.03 23.91 23.8 23.67 23.58 23.48 23.33 23.23 23.15 23.03 22.96 23.1 23.28 23.39 23.45 23.59 23.73 23.83 23.92 23.99 23.93 23.88 23.98 24.09 24.13 24.04 23.91 23.8 23.64 23.51 23.59 23.77 24.02
23.05 22.94 22.91 22.85 22.76 22.64 22.5 22.47 22.59 22.75 22.89 23.05 23.25 23.46 23.55 23.55 23.39 23.38 23.62 23.78 23.78 23.83 23.92 24.09 24.23 24.27 24.28 24.3 24.33 24.33 24.33 24.33 24.34 24.34 24.34 24.34 24.34 24.34 24.34 24.34 24.34 24.34 24.32 24.26 24.19 24.15 24.07 23.93 23.84 23.67 23.55 23.48 23.42 23.26 23.06 23.13 23.27 23.34 23.39 23.51 23.63 23.71 23.85 24.05 24.1 24 24 24.12 24.2 24.13 24.02 23.87 23.7 23.62 23.74 23.88 24.12
23 22.89 22.9 22.87 22.8 22.71 22.58 22.55 22.66 22.78 22.86 22.98 23.17 23.4 23.55 23.76 23.78 23.59 23.64 23.8 23.92 23.99 24.04 24.15 24.28 24.33 24.33 24.34 24.34 24.34 24.34 24.34 24.34 24.34 24.34 24.34 24.34 24.34 24.34 24.34 24.34 24.34 24.33 24.32 24.31 24.29 24.24 24.15 24.06 23.89 23.8 23.74 23.65 23.44 23.14 23.11 23.22 23.34 23.45 23.55 23.66 23.76 23.9 24.12 24.22 24.18 24.14 24.19 24.27 24.24 24.17 23.97 23.82 23.84 23.94 24.09 24.26
22.92 22.89 22.93 22.89 22.82 22.72 22.6 22.62 22.71 22.76 22.82 22.87 22.97 23.13 23.32 23.7 23.95 23.79 23.68 23.74 23.88 24.04 24.14 24.19 24.28 24.33 24.34 24.34 24.34 24.34 24.34 24.34 24.34 24.34 24.34 -9999 24.34 24.34 24.34 24.34 24.34 24.34 24.34 24.34 24.34 24.33 24.31 24.28 24.2 24.1 24.02 23.93 23.8 23.53 23.2 23.06 23.19 23.41 23.58 23.7 23.8 23.9 24.04 24.19 24.28 24.29 24.28 24.29 24.31 24.31 24.27 24.13 24.05 24.12 24.16 24.24 24.31
