ASPA-UH-SWB2_REPO/input/Gridded_temps/prism_tmin_tutuila_30yr_normal_09.asc
ncols         350
nrows         200
xllcorner     515000
yllcorner     8409000
cellsize      100
NODATA_value  -9999
[rows 102 to 135 of 200, columns 77 to 153 of 350]
22.73 22.99 23.29 23.43 23.3 23.01 22.67 22.53 22.58 22.71 22.72 22.68 22.69 22.58 22.42 22.33 22.34 22.31 22.36 22.42 22.33 22.14 21.94 22.12 22.4 22.62 22.8 22.92 23.04 23.12 23.16 23.21 23.21 23.06 22.88 22.72 22.8 23.14 23.49 23.75 23.66 23.47 23.42 23.2 22.97 22.8 22.71 22.59 22.46 22.35 22.2 22.04 21.91 21.89 22.2 22.65 23.04 23.45 23.67 23.7 23.58 23.58 23.67 23.65 23.59 23.47 23.25 22.95 22.65 22.46 22.4 22.17 22.13 22.23 22.18 22.24 22.47
22.67 22.9 23.24 23.32 23.13 22.88 22.53 22.28 22.28 22.38 22.41 22.43 22.46 22.37 22.26 22.14 22.11 22.13 22.2 22.28 22.19 22.07 21.96 22.09 22.36 22.62 22.81 22.95 23.08 23.16 23.1 23.02 22.97 22.9 22.74 22.69 22.94 23.3 23.55 23.72 23.56 23.28 23.22 23.09 22.95 22.82 22.69 22.55 22.4 22.26 22.1 21.94 21.85 22.04 22.47 22.82 23.14 23.46 23.69 23.8 23.76 23.77 23.79 23.72 23.54 23.28 23.07 22.88 22.75 22.64 22.44 22.24 22.3 22.45 22.52 22.4 22.52
22.57 22.83 23.19 23.27 23.1 22.79 22.44 22.16 22.07 22.09 22.14 22.2 22.21 22.1 22.06 22.01 21.95 21.95 22.08 22.15 22.05 21.93 21.91 22.04 22.31 22.58 22.75 22.86 22.98 23.07 23.02 22.87 22.76 22.7 22.61 22.73 23.08 23.41 23.57 23.51 23.29 23.04 22.96 22.87 22.8 22.74 22.66 22.53 22.4 22.26 22.08 21.91 21.92 22.27 22.68 22.99 23.28 23.55 23.75 23.86 23.87 23.87 23.81 23.63 23.34 23.11 23.03 23.03 22.99 22.75 22.4 22.34 22.47 22.57 22.76 22.67 22.59
22.47 22.78 23.12 23.2 23.16 22.9 22.51 22.22 22.06 21.95 21.94 21.98 21.98 21.94 21.93 21.9 21.81 21.81 21.94 22 21.96 21.9 21.92 22.02 22.22 22.43 22.62 22.73 22.84 22.97 22.98 22.82 22.58 22.48 22.55 22.77 23.03 23.3 23.49 23.35 23.08 22.88 22.8 22.72 22.63 22.58 22.54 22.46 22.35 22.24 22.1 21.92 21.97 22.39 22.8 23.07 23.36 23.63 23.81 23.91 23.93 23.91 23.78 23.47 23.1 23.03 23.21 23.26 23.05 22.7 22.46 22.5 22.64 22.66 22.87 23.06 22.84
22.47 22.78 23.04 22.99 22.97 22.93 22.56 22.31 22.16 22.02 21.94 21.9 21.94 21.94 21.88 21.8 21.73 21.75 21.84 21.9 21.93 21.94 21.95 22.02 22.16 22.34 22.5 22.63 22.79 22.92 22.91 22.74 22.49 22.45 22.68 22.89 23.05 23.26 23.43 23.36 23.18 23.01 22.89 22.78 22.68 22.56 22.46 22.36 22.24 22.16 22.04 21.96 22.17 22.72 23.11 23.33 23.52 23.77 23.91 23.96 23.97 23.93 23.77 23.51 23.17 23.14 23.39 23.36 23.09 22.76 22.65 22.7 22.79 22.8 22.97 23.24 23.18
22.32 22.55 22.77 22.63 22.52 22.7 22.51 22.36 22.27 22.17 22.06 21.98 21.95 21.92 21.83 21.75 21.73 21.79 21.88 21.93 21.96 21.97 21.99 22.05 22.15 22.36 22.59 22.76 22.84 22.82 22.68 22.52 22.4 22.58 22.85 23.03 23.18 23.26 23.29 23.24 23.19 23.14 23.01 22.9 22.81 22.69 22.54 22.41 22.28 22.15 22.02 22.08 22.51 23.01 23.31 23.57 23.71 23.88 23.97 23.99 23.99 23.96 23.85 23.61 23.3 23.32 23.55 23.42 23.17 22.91 22.89 22.95 22.97 22.97 23.13 23.39 23.43
22.11 22.26 22.36 22.31 22.25 22.36 22.39 22.36 22.32 22.24 22.12 22.01 21.93 21.86 21.8 21.74 21.75 21.84 21.92 21.96 21.99 22.01 22.05 22.11 22.24 22.45 22.64 22.66 22.62 22.51 22.37 22.34 22.49 22.74 22.92 23.03 23.09 23.07 23.06 23 23 23.09 23.03 22.89 22.75 22.64 22.54 22.4 22.24 22.06 22.06 22.31 22.79 23.23 23.56 23.76 23.87 23.95 24 24.01 24.01 23.99 23.91 23.71 23.46 23.47 23.66 23.63 23.47 23.2 23.22 23.27 23.18 23.08 23.24 23.53 23.63
21.9 21.97 22.04 22.08 22.08 22.16 22.25 22.28 22.26 22.21 22.1 21.99 21.89 21.81 21.76 21.73 21.76 21.83 21.91 21.97 22 22.03 22.07 22.16 22.33 22.48 22.48 22.35 22.22 22.12 22.11 22.33 22.64 22.77 22.81 22.83 22.9 22.89 22.86 22.82 22.86 22.96 22.98 22.88 22.7 22.53 22.39 22.26 22.11 22.03 22.22 22.49 22.86 23.3 23.67 23.86 23.95 23.99 24.01 24.02 24.02 24 23.94 23.8 23.55 23.48 23.69 23.88 23.73 23.48 23.51 23.55 23.33 23.19 23.28 23.62 23.85
21.81 21.84 21.86 21.91 21.96 22.04 22.11 22.13 22.14 22.14 22.07 22 21.89 21.8 21.75 21.74 21.77 21.83 21.9 21.95 21.98 22 22.01 22.06 22.15 22.23 22.18 22.06 21.98 21.98 22.12 22.41 22.53 22.55 22.56 22.61 22.7 22.72 22.67 22.67 22.74 22.81 22.85 22.79 22.65 22.51 22.39 22.25 22.11 22.16 22.47 22.78 23.01 23.39 23.73 23.91 23.98 24.01 24.02 24.03 24.02 23.98 23.87 23.65 23.34 23.23 23.49 23.88 23.92 23.77 23.76 23.69 23.38 23.37 23.43 23.7 24.01
21.81 21.81 21.83 21.87 21.91 21.94 21.96 21.97 22.02 22.09 22.07 22 21.89 21.81 21.77 21.77 21.79 21.83 21.87 21.9 21.91 21.91 21.91 21.92 21.95 21.95 21.93 21.91 21.91 21.96 22.08 22.21 22.22 22.22 22.25 22.37 22.52 22.56 22.51 22.57 22.69 22.73 22.75 22.71 22.64 22.54 22.43 22.27 22.15 22.27 22.62 22.93 23.27 23.61 23.83 23.96 24.01 24.02 24.03 24.03 24 23.91 23.67 23.35 22.96 22.79 23.11 23.68 24 24.01 23.95 23.73 23.47 23.56 23.65 23.83 24.1
21.82 21.84 21.87 21.89 21.88 21.86 21.87 21.89 21.97 22.05 22.05 21.98 21.91 21.87 21.82 21.79 21.79 21.81 21.82 21.82 21.82 21.82 21.82 21.83 21.84 21.85 21.86 21.88 21.9 21.93 21.97 21.98 21.98 22 22.05 22.18 22.35 22.44 22.48 22.59 22.72 22.72 22.73 22.7 22.61 22.48 22.37 22.3 22.26 22.34 22.64 22.97 23.42 23.79 23.93 23.99 24.02 24.03 24.03 24.02 23.97 23.82 23.46 23.04 22.62 22.37 22.73 23.41 23.89 24.08 24.04 23.83 23.69 23.78 23.88 23.95 24.17
21.82 21.87 21.95 21.98 21.95 21.86 21.85 21.88 21.94 22.03 22.07 22.03 21.98 21.93 21.86 21.81 21.79 21.77 21.76 21.75 21.74 21.73 21.74 21.75 21.77 21.8 21.83 21.85 21.87 21.88 21.9 21.91 21.95 21.99 22.05 22.12 22.24 22.44 22.59 22.71 22.82 22.8 22.78 22.72 22.61 22.47 22.41 22.42 22.37 22.34 22.65 23.04 23.51 23.83 23.96 24 24.02 24.03 24.03 24 23.87 23.64 23.31 22.78 22.46 22.41 22.75 23.37 23.86 24.1 24.12 24.01 23.93 23.99 24.07 24.09 24.21
21.84 21.9 22.03 22.13 22.15 21.98 21.95 21.96 22.01 22.1 22.13 22.05 21.97 21.92 21.86 21.81 21.78 21.75 21.73 21.71 21.69 21.67 21.67 21.68 21.7 21.74 21.77 21.8 21.81 21.84 21.87 21.92 21.99 22.05 22.14 22.24 22.37 22.56 22.73 22.86 22.94 22.93 22.89 22.76 22.62 22.55 22.53 22.52 22.4 22.33 22.7 23.11 23.57 23.85 23.97 24.01 24.02 24.03 24.03 23.94 23.64 23.3 23.02 22.69 22.66 22.91 23.19 23.56 23.95 24.14 24.17 24.15 24.11 24.13 24.19 24.21 24.24
21.92 21.99 22.08 22.22 22.31 22.2 22.17 22.15 22.19 22.3 22.25 22.08 21.98 21.94 21.88 21.82 21.79 21.75 21.71 21.68 21.65 21.62 21.61 21.61 21.62 21.65 21.68 21.72 21.75 21.79 21.88 22.05 22.17 22.21 22.24 22.33 22.49 22.65 22.79 22.96 23.04 23.04 23 22.86 22.7 22.66 22.61 22.51 22.4 22.4 22.7 23 23.39 23.75 23.95 24.01 24.03 24.03 24.01 23.85 23.49 23.26 23.05 22.93 22.96 23.26 23.67 23.9 24.07 24.17 24.19 24.2 24.2 24.2 24.23 24.24 24.26
22.09 22.2 22.28 22.34 22.43 22.47 22.43 22.4 22.44 22.55 22.46 22.27 22.14 22.08 21.96 21.86 21.8 21.76 21.71 21.66 21.62 21.58 21.56 21.55 21.54 21.54 21.53 21.56 21.62 21.74 21.94 22.22 22.44 22.51 22.5 22.48 22.48 22.58 22.75 22.99 23.09 23.11 23.08 22.96 22.83 22.74 22.63 22.52 22.5 22.61 22.88 23.12 23.42 23.77 23.96 24.01 24.03 24.03 23.99 23.87 23.69 23.52 23.34 23.26 23.14 23.32 23.7 24 24.14 24.18 24.2 24.21 24.22 24.23 24.25 24.26 24.26
22.28 22.41 22.49 22.53 22.55 22.63 22.66 22.64 22.64 22.74 22.69 22.49 22.35 22.22 22.04 21.91 21.83 21.77 21.72 21.67 21.6 21.54 21.52 21.52 21.49 21.46 21.4 21.38 21.52 21.8 22.05 22.23 22.48 22.65 22.7 22.69 22.66 22.74 22.91 23.06 23.14 23.14 23.06 22.91 22.77 22.66 22.6 22.6 22.68 22.83 23.09 23.35 23.6 23.86 23.98 24.01 24.03 24.04 24.01 23.97 23.92 23.79 23.64 23.58 23.39 23.4 23.58 24.04 24.16 24.19 24.2 24.21 24.23 24.24 24.25 24.26 24.26
22.42 22.56 22.65 22.69 22.64 22.68 22.81 22.83 22.78 22.86 22.8 22.57 22.49 22.35 22.17 21.98 21.86 21.82 21.78 21.71 21.61 21.52 21.51 21.57 21.52 21.46 21.39 21.44 21.71 22.1 22.29 22.3 22.43 22.63 22.74 22.8 22.85 22.93 23.02 23.12 23.16 23.17 23.07 22.86 22.71 22.64 22.68 22.73 22.88 23.13 23.28 23.53 23.76 23.92 23.99 24.01 24.03 24.04 24.04 24.03 24.01 23.94 23.9 23.89 23.77 23.73 23.82 24.1 24.17 24.19 24.2 24.22 24.23 24.24 24.25 24.26 24.26
22.49 22.64 22.78 22.83 22.75 22.69 22.84 23 22.99 23.01 22.93 22.75 22.67 22.46 22.22 22.03 21.93 21.92 21.9 21.82 21.71 21.61 21.52 21.53 21.55 21.54 21.49 21.61 21.94 22.31 22.46 22.45 22.47 22.6 22.71 22.8 22.89 22.97 23.05 23.13 23.18 23.19 23.06 22.87 22.82 22.8 22.81 22.82 23.13 23.38 23.51 23.68 23.87 23.96 24 24.02 24.03 24.04 24.05 24.05 24.05 24.05 24.05 24.05 24.04 24.03 24.06 24.15 24.18 24.19 24.2 24.21 24.22 24.24 24.25 24.26 24.26
22.56 22.68 22.85 22.95 22.92 22.88 22.98 23.14 23.18 23.14 23.02 22.9 22.78 22.57 22.35 22.17 22.08 22.08 22.09 22.01 21.94 21.87 21.75 21.64 21.67 21.7 21.68 21.84 22.17 22.42 22.51 22.5 22.51 22.62 22.7 22.79 22.89 22.98 23.06 23.14 23.2 23.2 23.11 22.97 22.96 22.97 22.93 22.94 23.23 23.53 23.72 23.84 23.94 23.99 24.01 24.02 24.03 24.04 24.05 24.06 24.07 24.08 24.1 24.1 24.11 24.13 24.14 24.17 24.18 24.19 24.2 24.22 24.23 24.24 24.25 24.25 24.25
22.62 22.66 22.77 22.93 23.03 23.11 23.19 23.27 23.23 23.07 22.86 22.75 22.7 22.6 22.44 22.29 22.22 22.23 22.25 22.2 22.2 22.16 22.07 21.91 21.87 21.89 21.93 22.1 22.32 22.45 22.45 22.39 22.46 22.63 22.73 22.8 22.91 23.02 23.09 23.17 23.23 23.24 23.21 23.14 23.11 23.11 23.02 23.01 23.23 23.54 23.8 23.93 23.98 24 24.02 24.03 24.04 24.04 24.05 24.06 24.08 24.09 24.1 24.11 24.13 24.15 24.16 24.17 24.17 24.19 24.2 24.21 24.22 24.24 24.24 24.24 24.25
22.66 22.65 22.69 22.84 23.01 23.19 23.3 23.29 23.11 22.88 22.72 22.65 22.58 22.52 22.46 22.37 22.32 22.35 22.37 22.36 22.41 22.39 22.26 22.08 22.02 22.08 22.14 22.23 22.36 22.41 22.32 22.23 22.43 22.65 22.76 22.85 22.95 23.05 23.14 23.21 23.25 23.27 23.28 23.25 23.25 23.26 23.17 23.2 23.44 23.69 23.87 23.96 24 24.01 24.03 24.03 24.04 24.05 24.06 24.08 24.09 24.1 24.11 24.12 24.13 24.15 24.16 24.17 24.18 24.19 24.21 24.21 24.21 24.23 24.23 24.24 24.24
22.72 22.67 22.69 22.84 23.02 23.2 23.32 23.28 23.04 22.8 22.71 22.67 22.55 22.52 22.52 22.45 22.42 22.45 22.48 22.5 22.57 22.5 22.32 22.22 22.17 22.26 22.35 22.3 22.3 22.34 22.27 22.29 22.52 22.72 22.82 22.91 22.99 23.07 23.16 23.24 23.28 23.29 23.31 23.32 23.41 23.48 23.45 23.44 23.68 23.86 23.94 23.98 24 24.02 24.03 24.04 24.05 24.06 24.07 24.09 24.1 24.11 24.12 24.13 24.14 24.15 24.16 24.17 24.18 24.2 24.21 24.21 24.21 24.22 24.22 24.23 24.24
22.81 22.72 22.74 22.91 23.09 23.23 23.37 23.33 23.11 22.91 22.83 22.74 22.56 22.56 22.62 22.55 22.51 22.54 22.6 22.65 22.71 22.58 22.45 22.4 22.35 22.43 22.57 22.45 22.32 22.33 22.35 22.46 22.67 22.82 22.9 22.98 23.05 23.11 23.18 23.25 23.29 23.31 23.33 23.37 23.51 23.64 23.67 23.67 23.8 23.9 23.96 23.99 24 24.02 24.03 24.05 24.06 24.07 24.09 24.1 24.11 24.13 24.13 24.14 24.15 24.16 24.17 24.18 24.19 24.2 24.21 24.21 24.21 24.21 24.22 24.23 24.24
22.91 22.79 22.83 23.05 23.23 23.32 23.47 23.46 23.27 23.15 23.04 22.91 22.68 22.67 22.74 22.66 22.59 22.61 22.74 22.87 22.89 22.75 22.69 22.59 22.52 22.64 22.79 22.65 22.46 22.47 22.53 22.69 22.87 22.96 23.01 23.08 23.13 23.17 23.22 23.26 23.3 23.32 23.35 23.42 23.57 23.69 23.74 23.78 23.85 23.91 23.96 23.99 24.01 24.02 24.04 24.05 24.06 24.09 24.1 24.11 24.12 24.13 24.14 24.15 24.16 24.17 24.18 24.18 24.19 24.2 24.2 24.2 24.21 24.21 24.22 24.23 24.24
22.97 22.84 22.88 23.15 23.37 23.46 23.62 23.67 23.5 23.39 23.25 23.05 22.83 22.78 22.82 22.74 22.68 22.73 22.95 23.15 23.11 23.06 23 22.82 22.8 22.94 22.98 22.74 22.56 22.61 22.72 22.87 23.02 23.1 23.15 23.18 23.21 23.23 23.26 23.28 23.31 23.33 23.38 23.47 23.6 23.69 23.75 23.81 23.87 23.91 23.96 23.99 24.01 24.03 24.04 24.06 24.07 24.09 24.1 24.11 24.12 24.13 24.14 24.15 24.16 24.17 24.18 24.18 24.19 24.2 24.2 24.2 24.21 24.21 24.22 24.23 24.24
23 22.89 22.93 23.19 23.47 23.6 23.74 23.82 23.73 23.57 23.33 23.07 22.88 22.83 22.84 22.8 22.77 22.9 23.16 23.33 23.28 23.3 23.24 23.13 23.14 23.19 23.08 22.75 22.54 22.63 22.81 22.99 23.11 23.19 23.23 23.27 23.28 23.29 23.31 23.32 23.34 23.36 23.41 23.51 23.62 23.69 23.76 23.82 23.88 23.92 23.97 24 24.02 24.03 24.04 24.06 24.07 24.08 24.09 24.11 24.12 24.13 24.14 24.14 24.15 24.16 24.17 24.18 24.18 24.19 24.2 24.2 24.21 24.22 24.23 24.23 24.24
23.08 23.02 23.03 23.2 23.52 23.71 23.82 23.89 23.85 23.62 23.31 23.07 22.9 22.86 22.89 22.88 22.87 23.04 23.29 23.45 23.45 23.47 23.42 23.36 23.34 23.3 23.14 22.82 22.53 22.54 22.77 23 23.14 23.22 23.28 23.31 23.33 23.35 23.36 23.38 23.39 23.42 23.47 23.56 23.64 23.71 23.77 23.83 23.89 23.93 23.97 24 24.02 24.03 24.04 24.05 24.07 24.08 24.09 24.1 24.11 24.12 24.14 24.14 24.15 24.15 24.17 24.17 24.18 24.18 24.19 24.21 24.21 24.22 24.23 24.23 24.24
23.23 23.2 23.18 23.27 23.58 23.79 23.88 23.94 23.9 23.69 23.4 23.1 22.93 22.94 22.97 22.97 22.94 23.05 23.28 23.47 23.56 23.58 23.54 23.48 23.44 23.38 23.24 22.96 22.68 22.61 22.7 22.91 23.11 23.23 23.31 23.35 23.38 23.39 23.41 23.43 23.44 23.48 23.54 23.61 23.68 23.75 23.8 23.85 23.9 23.95 23.98 24 24.01 24.03 24.04 24.05 24.07 24.08 24.09 24.1 24.11 24.12 24.14 24.15 24.15 24.16 24.17 24.17 24.18 24.18 24.19 24.21 24.21 24.21 24.22 24.23 24.24
23.37 23.37 23.35 23.33 23.51 23.73 23.89 23.97 23.93 23.72 23.44 23.19 23.09 23.08 23 22.93 22.91 22.99 23.18 23.42 23.58 23.65 23.63 23.56 23.52 23.45 23.3 23.06 22.87 22.76 22.75 22.85 23 23.2 23.33 23.39 23.41 23.43 23.45 23.46 23.47 23.52 23.58 23.66 23.72 23.78 23.83 23.88 23.93 23.96 23.99 24.01 24.02 24.04 24.05 24.06 24.07 24.08 24.09 24.1 24.11 24.12 24.14 24.15 24.15 24.16 24.17 24.17 24.17 24.18 24.19 24.2 24.21 24.21 24.22 24.23 24.24
23.52 23.51 23.48 23.47 23.46 23.52 23.8 23.97 23.97 23.81 23.58 23.32 23.2 23.18 23.1 23.03 23.03 23.05 23.13 23.34 23.55 23.67 23.69 23.65 23.59 23.48 23.27 23.05 22.97 22.91 22.88 22.93 23.05 23.23 23.36 23.41 23.43 23.46 23.48 23.49 23.52 23.55 23.61 23.68 23.75 23.8 23.85 23.9 23.94 23.97 23.99 24.02 24.03 24.05 24.06 24.07 24.08 24.09 24.1 24.11 24.12 24.13 24.14 24.15 24.16 24.16 24.17 24.17 24.17 24.18 24.18 24.2 24.21 24.21 24.22 24.23 24.24
23.67 23.62 23.58 23.6 23.51 23.51 23.79 23.97 24.01 23.94 23.73 23.43 23.26 23.26 23.24 23.24 23.29 23.27 23.21 23.34 23.55 23.69 23.76 23.73 23.64 23.46 23.19 23.04 23.04 23.02 22.99 23.03 23.11 23.24 23.37 23.43 23.46 23.48 23.51 23.53 23.56 23.59 23.64 23.7 23.76 23.81 23.87 23.92 23.95 23.97 23.99 24.02 24.03 24.04 24.06 24.08 24.09 24.1 24.1 24.12 24.13 24.14 24.15 24.16 24.16 24.16 24.17 24.17 24.17 24.18 24.19 24.2 24.21 24.21 24.22 24.23 24.24
23.75 23.68 23.67 23.69 23.61 23.65 23.86 23.99 24.02 23.98 23.81 23.47 23.26 23.29 23.36 23.44 23.53 23.48 23.34 23.43 23.64 23.76 23.81 23.79 23.69 23.49 23.21 23.06 23.09 23.12 23.1 23.12 23.14 23.21 23.36 23.45 23.49 23.5 23.53 23.56 23.59 23.62 23.67 23.72 23.78 23.83 23.88 23.92 23.95 23.97 23.99 24.01 24.02 24.04 24.05 24.07 24.09 24.1 24.11 24.12 24.13 24.14 24.16 24.16 24.16 24.17 24.17 24.17 24.18 24.18 24.19 24.2 24.21 24.21 24.22 24.23 24.24
23.72 23.7 23.77 23.77 23.78 23.88 23.96 24.03 24.04 23.99 23.81 23.47 23.29 23.34 23.46 23.58 23.68 23.62 23.49 23.57 23.74 23.82 23.84 23.82 23.72 23.51 23.24 23.08 23.1 23.17 23.19 23.19 23.17 23.21 23.38 23.48 23.52 23.54 23.56 23.59 23.61 23.65 23.69 23.73 23.79 23.84 23.88 23.91 23.94 23.96 23.98 24 24.01 24.02 24.04 24.06 24.08 24.1 24.11 24.12 24.13 24.15 24.16 24.17 24.17 24.18 24.18 24.18 24.18 24.19 24.2 24.21 24.21 24.22 24.22 24.23 24.24
23.77 23.81 23.9 23.88 23.94 24.01 24.03 24.04 24.02 23.92 23.68 23.42 23.33 23.4 23.54 23.69 23.77 23.75 23.68 23.71 23.8 23.84 23.85 23.84 23.77 23.59 23.36 23.16 23.1 23.17 23.23 23.23 23.19 23.19 23.36 23.49 23.55 23.58 23.6 23.62 23.64 23.67 23.7 23.74 23.79 23.84 23.87 23.91 23.94 23.96 23.97 23.99 24 24.02 24.04 24.05 24.07 24.09 24.11 24.12 24.13 24.15 24.17 24.17 24.18 24.18 24.18 24.18 24.19 24.2 24.2 24.21 24.21 24.22 24.23 24.23 24.24
