ASPA-UH-SWB2_REPO/input/Gridded_temps/prism_tmax_tutuila_30yr_normal_10.asc
ncols         350
nrows         200
xllcorner     515000
yllcorner     8409000
cellsize      100
NODATA_value  -9999
[rows 102 to 135 of 200, columns 0 to 76 of 350]
-9999 -9999 -9999 -9999 -9999 -9999 -9999 -9999 -9999 -9999 -9999 -9999 -9999 -9999 -9999 -9999 -9999 -9999 -9999 -9999 -9999 -9999 -9999 -9999 -9999 -9999 -9999 -9999 -9999 -9999 -9999 -9999 -9999 30.42 30.42 30.43 30.43 30.44 30.41 30.33 30.23 30.1 29.87 29.77 29.79 30.12 30.39 30.45 30.45 30.37 30.13 29.77 29.44 29.27 29.19 29.15 29.07 28.94 28.88 28.95 28.99 28.8 28.65 28.62 28.39 28.13 27.96 27.89 27.92 27.99 28.08 28.15 28.22 28.23 28.23 28.37 28.61
-9999 -9999 -9999 -9999 -9999 -9999 -9999 -9999 -9999 -9999 -9999 -9999 -9999 -9999 -9999 -9999 -9999 -9999 -9999 -9999 -9999 -9999 -9999 -9999 -9999 -9999 -9999 -9999 -9999 -9999 -9999 -9999 30.42 30.42 30.43 30.43 30.44 30.44 30.39 30.22 30 29.95 29.76 29.62 29.59 29.79 30.22 30.39 30.42 30.41 30.28 29.96 29.57 29.25 29 28.88 28.8 28.67 28.63 28.69 28.75 28.61 28.41 28.29 28.14 27.95 27.89 27.92 27.95 27.96 27.99 28.07 28.12 28.11 28.19 28.44 28.67
-9999 -9999 -9999 -9999 -9999 -9999 -9999 -9999 -9999 -9999 -9999 -9999 -9999 -9999 -9999 -9999 -9999 -9999 -9999 -9999 -9999 -9999 -9999 -9999 -9999 -9999 -9999 -9999 -9999 -9999 30.42 30.42 30.42 30.43 30.43 30.44 30.44 30.44 30.33 30.04 29.84 29.81 29.77 29.61 29.48 29.55 29.99 30.23 30.31 30.37 30.35 30.21 29.91 29.55 29.27 29 28.82 28.72 28.6 28.54 28.5 28.39 28.2 28.05 28.03 27.96 27.99 28.09 28.1 28 27.93 27.98 28.01 28.03 28.21 28.46 28.61
-9999 -9999 -9999 -9999 -9999 -9999 -9999 -9999 -9999 -9999 -9999 -9999 -9999 -9999 -9999 -9999 -9999 -9999 -9999 -9999 -9999 -9999 -9999 -9999 -9999 -9999 -9999 -9999 -9999 30.42 30.42 30.42 30.43 30.43 30.44 30.44 30.44 30.43 30.33 30.1 29.93 29.81 29.7 29.56 29.37 29.38 29.68 29.8 29.89 30.17 30.29 30.27 30.19 29.98 29.73 29.51 29.32 29.13 28.92 28.77 28.61 28.41 28.25 28.16 28.16 28.08 28.12 28.22 28.2 28.02 27.96 27.98 27.97 28.05 28.29 28.44 28.48
-9999 -9999 -9999 -9999 -9999 -9999 -9999 -9999 -9999 -9999 -9999 -9999 -9999 -9999 -9999 -9999 -9999 -9999 -9999 -9999 -9999 -9999 -9999 -9999 -9999 -9999 -9999 -9999 30.42 30.42 30.42 30.43 30.43 30.44 30.44 30.44 30.43 30.38 30.3 30.09 29.89 29.76 29.66 29.55 29.4 29.29 29.38 29.43 29.59 29.97 30.15 30.18 30.19 30.15 30.05 29.92 29.74 29.51 29.32 29.19 28.98 28.77 28.59 28.4 28.39 28.3 28.25 28.31 28.33 28.14 28.12 28.1 27.98 28.05 28.24 28.33 28.39
-9999 -9999 -9999 -9999 -9999 -9999 -9999 -9999 -9999 -9999 -9999 -9999 -9999 -9999 -9999 -9999 -9999 -9999 -9999 -9999 -9999 -9999 -9999 -9999 -9999 -9999 -9999 30.42 30.42 30.42 30.43 30.43 30.43 30.43 30.39 30.38 30.36 30.25 30.22 30.19 30.09 29.96 29.83 29.63 29.4 29.21 29.14 29.15 29.39 29.78 29.89 29.95 29.99 30 29.97 29.96 29.91 29.78 29.67 29.55 29.35 29.12 28.9 28.53 28.55 28.55 28.53 28.52 28.47 28.33 28.3 28.16 27.96 27.96 28.06 28.15 28.28
-9999 -9999 -9999 -9999 -9999 -9999 -9999 -9999 -9999 -9999 -9999 -9999 -9999 -9999 -9999 -9999 -9999 -9999 -9999 -9999 -9999 -9999 -9999 -9999 -9999 -9999 30.42 30.42 30.42 30.43 30.43 30.42 30.39 30.33 30.23 30.24 30.27 30.13 30.04 30.08 30.05 30.01 29.93 29.75 29.48 29.23 29.07 29.02 29.2 29.5 29.62 29.7 29.69 29.61 29.59 29.71 29.81 29.81 29.74 29.68 29.58 29.27 28.98 28.7 28.71 28.74 28.72 28.66 28.58 28.48 28.33 28.11 27.94 27.9 27.93 27.99 28.1
-9999 -9999 -9999 -9999 -9999 -9999 -9999 -9999 -9999 -9999 -9999 -9999 -9999 -9999 -9999 -9999 -9999 -9999 -9999 -9999 -9999 -9999 -9999 -9999 -9999 30.42 30.42 30.42 30.43 30.43 30.42 30.36 30.23 30.1 30.04 30.11 30.21 30.11 29.94 29.91 29.92 29.95 29.89 29.8 29.67 29.39 29.17 29 28.99 29.19 29.36 29.45 29.37 29.18 29.15 29.35 29.56 29.6 29.46 29.42 29.49 29.27 29.02 28.87 28.84 28.82 28.74 28.65 28.55 28.41 28.22 28.04 27.92 27.9 27.9 27.91 27.94
-9999 -9999 -9999 -9999 -9999 -9999 -9999 -9999 -9999 -9999 -9999 -9999 -9999 -9999 -9999 -9999 -9999 -9999 -9999 -9999 -9999 -9999 -9999 -9999 30.42 30.42 30.42 30.43 30.43 30.4 30.32 30.2 30.02 29.92 29.93 30.02 30.12 30.08 29.92 29.79 29.77 29.85 29.81 29.73 29.67 29.48 29.29 29.05 28.87 28.91 29.09 29.21 29.13 28.93 28.9 29.11 29.34 29.36 29.16 29.19 29.4 29.41 29.25 29.04 28.89 28.8 28.69 28.57 28.44 28.28 28.11 28 27.95 27.95 27.94 27.93 27.91
-9999 -9999 -9999 -9999 -9999 -9999 -9999 -9999 -9999 -9999 -9999 -9999 -9999 -9999 -9999 -9999 -9999 -9999 -9999 -9999 -9999 -9999 -9999 -9999 30.42 30.42 30.42 30.43 30.43 30.34 30.12 30.01 29.89 29.81 29.8 29.87 29.95 29.99 29.87 29.68 29.58 29.66 29.71 29.65 29.59 29.51 29.37 29.13 28.88 28.74 28.8 28.91 28.89 28.74 28.75 28.95 29.16 29.17 28.99 29.02 29.22 29.28 29.22 28.97 28.79 28.69 28.61 28.51 28.36 28.21 28.09 28.04 28.04 28.04 28.03 27.99 27.94
-9999 -9999 -9999 -9999 -9999 -9999 -9999 -9999 -9999 -9999 -9999 -9999 -9999 -9999 -9999 -9999 -9999 -9999 -9999 -9999 -9999 -9999 -9999 -9999 30.42 30.42 30.43 30.43 30.43 30.33 30.03 29.89 29.8 29.7 29.64 29.65 29.76 29.86 29.79 29.6 29.43 29.42 29.52 29.52 29.44 29.39 29.36 29.22 28.95 28.71 28.59 28.57 28.55 28.48 28.55 28.76 28.93 28.91 28.8 28.86 28.98 28.99 28.95 28.85 28.68 28.54 28.47 28.43 28.33 28.2 28.12 28.1 28.12 28.11 28.08 28.03 27.97
-9999 -9999 -9999 -9999 -9999 -9999 -9999 -9999 -9999 -9999 -9999 -9999 -9999 -9999 -9999 -9999 -9999 -9999 -9999 -9999 -9999 -9999 -9999 -9999 30.42 30.43 30.43 30.44 30.43 30.36 30.13 29.91 29.75 29.63 29.52 29.47 29.56 29.69 29.69 29.57 29.4 29.26 29.28 29.33 29.25 29.15 29.13 29.14 28.99 28.78 28.58 28.41 28.3 28.26 28.31 28.46 28.58 28.56 28.56 28.66 28.74 28.72 28.76 28.77 28.65 28.48 28.36 28.29 28.23 28.16 28.11 28.13 28.18 28.14 28.08 28.02 27.97
-9999 -9999 -9999 -9999 -9999 -9999 -9999 -9999 -9999 -9999 -9999 -9999 -9999 -9999 -9999 30.39 -9999 -9999 -9999 -9999 -9999 -9999 30.42 30.42 30.43 30.43 30.44 30.44 30.44 30.39 30.25 30.04 29.83 29.73 29.57 29.41 29.39 29.47 29.5 29.48 29.36 29.16 29.08 29.14 29.11 28.99 28.9 28.9 28.9 28.8 28.62 28.38 28.21 28.15 28.18 28.27 28.33 28.37 28.45 28.57 28.63 28.6 28.63 28.68 28.62 28.46 28.31 28.2 28.15 28.13 28.12 28.18 28.25 28.19 28.09 28.01 27.99
-9999 -9999 -9999 -9999 -9999 -9999 -9999 -9999 -9999 -9999 -9999 -9999 -9999 -9999 -9999 30.39 30.4 -9999 30.41 30.41 30.41 30.42 30.42 30.42 30.43 30.43 30.44 30.44 30.43 30.37 30.26 30.14 30 29.91 29.76 29.52 29.38 29.33 29.28 29.28 29.21 29.04 28.94 28.99 28.99 28.91 28.8 28.71 28.69 28.64 28.51 28.3 28.16 28.14 28.2 28.27 28.33 28.43 28.57 28.68 28.71 28.63 28.56 28.55 28.51 28.4 28.29 28.23 28.25 28.3 28.31 28.34 28.38 28.34 28.19 28.12 28.09
-9999 -9999 -9999 -9999 -9999 -9999 -9999 -9999 -9999 -9999 -9999 -9999 -9999 -9999 30.39 30.4 30.4 30.41 30.41 30.41 30.41 30.42 30.42 30.42 30.43 30.44 30.44 30.44 30.44 30.34 30.22 30.16 30.05 29.97 29.88 29.71 29.54 29.34 29.18 29.12 29.06 28.95 28.86 28.86 28.86 28.8 28.7 28.58 28.48 28.42 28.34 28.24 28.22 28.26 28.3 28.36 28.43 28.57 28.73 28.81 28.77 28.65 28.53 28.49 28.49 28.48 28.45 28.45 28.52 28.61 28.62 28.63 28.62 28.65 28.49 28.33 28.24
-9999 -9999 -9999 -9999 -9999 -9999 -9999 -9999 -9999 -9999 -9999 -9999 -9999 30.39 30.39 30.4 30.4 30.41 30.41 30.41 30.42 30.42 30.42 30.43 30.44 30.44 30.44 30.44 30.41 30.27 30.1 30.03 29.92 29.82 29.78 29.71 29.66 29.49 29.3 29.12 29 28.89 28.79 28.73 28.75 28.73 28.66 28.51 28.37 28.37 28.41 28.4 28.43 28.51 28.51 28.51 28.61 28.75 28.87 28.87 28.72 28.58 28.52 28.65 28.75 28.74 28.69 28.73 28.77 28.84 28.88 28.93 28.89 28.9 28.74 28.5 28.41
-9999 -9999 -9999 -9999 -9999 -9999 -9999 -9999 -9999 -9999 -9999 -9999 30.39 30.39 30.39 30.4 30.4 30.41 30.41 30.41 30.42 30.42 30.43 30.43 30.43 30.44 30.45 30.43 30.34 30.11 29.94 29.86 29.76 29.62 29.53 29.5 29.55 29.52 29.33 29.12 28.99 28.88 28.76 28.67 28.68 28.77 28.77 28.61 28.49 28.55 28.67 28.69 28.72 28.83 28.8 28.75 28.87 28.96 29.01 28.93 28.78 28.68 28.53 28.69 28.94 28.96 28.94 29.05 29.05 29.03 29.09 29.2 29.14 29.07 28.92 28.74 28.62
-9999 -9999 -9999 -9999 -9999 -9999 -9999 -9999 -9999 -9999 -9999 30.39 30.39 30.39 30.4 30.4 30.41 30.41 30.41 30.42 30.42 30.42 30.42 30.41 30.4 30.41 30.42 30.37 30.22 29.97 29.83 29.74 29.6 29.4 29.29 29.27 29.36 29.42 29.28 29.13 29.05 28.96 28.81 28.68 28.69 28.81 28.89 28.77 28.66 28.74 28.9 28.98 29.02 29.14 29.06 29.03 29.11 29.18 29.14 28.98 28.92 28.95 28.78 28.8 29.09 29.21 29.14 29.32 29.31 29.21 29.26 29.41 29.34 29.18 28.98 28.81 28.73
-9999 -9999 -9999 -9999 -9999 -9999 -9999 -9999 -9999 -9999 30.39 30.39 30.39 30.39 30.4 30.4 30.41 30.41 30.41 30.41 30.4 30.4 30.36 30.27 30.19 30.21 30.25 30.24 30.1 29.86 29.74 29.67 29.56 29.4 29.26 29.23 29.32 29.37 29.27 29.16 29.1 28.99 28.86 28.81 28.81 28.89 29 28.93 28.88 28.98 29.13 29.29 29.33 29.42 29.34 29.38 29.4 29.39 29.2 29 29.1 29.22 29.09 28.95 29.15 29.41 29.42 29.5 29.49 29.45 29.47 29.54 29.39 29.17 29 28.89 28.86
-9999 -9999 -9999 -9999 -9999 -9999 -9999 -9999 -9999 -9999 30.39 30.39 30.39 30.4 30.4 30.4 30.4 30.4 30.39 30.34 30.27 30.23 30.14 29.95 29.76 29.81 29.91 29.96 29.87 29.71 29.68 29.7 29.69 29.57 29.43 29.48 29.54 29.49 29.3 29.13 29.05 28.97 28.92 28.97 29.01 29.01 29.12 29.08 29.03 29.17 29.3 29.51 29.59 29.66 29.62 29.74 29.68 29.52 29.23 29.07 29.23 29.4 29.27 29.09 29.18 29.49 29.65 29.67 29.67 29.75 29.75 29.67 29.44 29.15 29 28.97 28.97
-9999 -9999 -9999 -9999 -9999 -9999 -9999 -9999 -9999 -9999 30.39 30.39 30.39 30.4 30.4 30.4 30.38 30.35 30.37 30.3 30.12 29.89 29.83 29.74 29.61 29.61 29.71 29.78 29.75 29.69 29.78 29.91 29.89 29.73 29.64 29.74 29.78 29.7 29.45 29.24 29.1 29.05 29.03 29.12 29.18 29.13 29.23 29.18 29.16 29.35 29.47 29.64 29.81 29.91 29.93 29.94 29.8 29.59 29.33 29.15 29.27 29.48 29.44 29.26 29.23 29.46 29.69 29.83 29.89 29.96 29.87 29.66 29.39 29.15 29.03 29.05 29.05
-9999 -9999 -9999 -9999 -9999 -9999 -9999 -9999 -9999 -9999 30.39 30.39 30.4 30.4 30.4 30.39 30.32 30.19 30.35 30.38 30.23 29.92 29.94 29.94 29.77 29.65 29.76 29.9 29.92 29.87 29.99 30.15 30.12 30 29.93 29.96 29.95 29.86 29.61 29.41 29.24 29.14 29.09 29.2 29.3 29.22 29.32 29.3 29.28 29.46 29.63 29.78 30.02 30.18 30.18 30 29.82 29.64 29.44 29.25 29.32 29.56 29.62 29.42 29.31 29.44 29.67 29.91 30.05 30.08 29.9 29.62 29.39 29.19 29.12 29.16 29.16
-9999 -9999 -9999 -9999 -9999 -9999 -9999 -9999 -9999 -9999 -9999 30.39 30.4 30.4 30.4 30.4 30.35 30.24 30.37 30.42 30.37 30.25 30.29 30.3 30.13 29.93 29.99 30.11 30.14 30.13 30.22 30.32 30.33 30.29 30.22 30.16 30.1 29.98 29.75 29.53 29.39 29.26 29.17 29.33 29.44 29.34 29.42 29.45 29.41 29.5 29.73 29.97 30.23 30.4 30.34 30.1 29.96 29.79 29.58 29.4 29.44 29.66 29.78 29.63 29.45 29.46 29.63 29.87 30.09 30.18 30.01 29.69 29.48 29.32 29.26 29.31 29.31
-9999 -9999 -9999 -9999 -9999 -9999 -9999 -9999 -9999 -9999 -9999 -9999 30.4 30.4 30.41 30.41 30.41 30.39 30.41 30.43 30.42 30.41 30.42 30.42 30.35 30.26 30.26 30.3 30.33 30.37 30.41 30.44 30.45 30.43 30.38 30.3 30.16 30.01 29.8 29.58 29.51 29.4 29.34 29.48 29.59 29.48 29.5 29.6 29.6 29.61 29.77 30.1 30.39 30.53 30.49 30.35 30.26 30 29.75 29.62 29.64 29.79 29.92 29.84 29.63 29.51 29.62 29.83 30.1 30.26 30.1 29.76 29.59 29.47 29.43 29.48 29.48
-9999 -9999 -9999 -9999 -9999 -9999 -9999 -9999 -9999 -9999 -9999 -9999 -9999 30.4 30.41 30.41 30.42 30.42 30.43 30.43 30.44 30.44 30.44 30.45 30.44 30.42 30.42 30.43 30.44 30.47 30.47 30.48 30.48 30.47 30.44 30.36 30.16 29.93 29.74 29.6 29.61 29.52 29.51 29.65 29.73 29.61 29.56 29.71 29.82 29.81 29.88 30.17 30.47 30.59 30.6 30.57 30.52 30.28 29.99 29.9 29.89 29.95 30.05 30.01 29.85 29.66 29.67 29.85 30.13 30.32 30.18 29.88 29.72 29.64 29.63 29.65 29.58
-9999 -9999 -9999 -9999 -9999 -9999 -9999 -9999 -9999 -9999 -9999 -9999 -9999 -9999 30.41 30.41 30.42 30.42 30.43 30.43 30.44 30.44 30.45 30.45 30.46 30.46 30.46 30.47 30.48 30.49 30.49 30.5 30.5 30.49 30.45 30.32 30.11 29.88 29.68 29.64 29.71 29.6 29.63 29.77 29.85 29.76 29.67 29.78 29.98 30.02 30.02 30.26 30.52 30.62 30.64 30.64 30.63 30.51 30.31 30.18 30.09 30.07 30.14 30.15 30.05 29.86 29.77 29.87 30.09 30.34 30.33 30.08 29.88 29.84 29.86 29.77 29.61
-9999 -9999 -9999 -9999 -9999 -9999 -9999 -9999 -9999 -9999 -9999 -9999 -9999 -9999 -9999 30.42 30.42 30.43 30.43 30.43 30.44 30.44 30.45 30.45 30.46 30.47 30.47 30.48 30.48 30.49 30.49 30.5 30.5 30.5 30.44 30.21 30.02 29.89 29.79 29.8 29.8 29.69 29.75 29.87 29.97 29.91 29.8 29.92 30.15 30.26 30.32 30.47 30.6 30.64 30.65 30.66 30.66 30.63 30.56 30.42 30.22 30.14 30.21 30.28 30.2 30.02 29.9 29.93 30.04 30.28 30.44 30.27 30.03 30.02 29.96 29.78 29.63
-9999 -9999 -9999 -9999 -9999 -9999 -9999 -9999 -9999 -9999 -9999 -9999 -9999 -9999 -9999 30.42 30.42 30.43 30.43 -9999 30.44 30.44 30.45 30.45 30.46 30.47 30.47 30.48 30.48 30.49 30.5 30.5 30.51 30.5 30.45 30.38 30.3 30.25 30.11 29.99 29.86 29.75 29.83 29.96 30.07 30.03 29.91 30.05 30.31 30.48 30.55 30.6 30.63 30.65 30.66 30.66 30.67 30.67 30.64 30.53 30.29 30.18 30.25 30.35 30.31 30.17 30.02 30.02 30.11 30.31 30.48 30.34 30.14 30.12 29.98 29.82 29.74
-9999 -9999 -9999 -9999 -9999 -9999 -9999 -9999 -9999 -9999 -9999 -9999 -9999 -9999 -9999 -9999 30.42 30.43 -9999 -9999 -9999 30.45 30.45 30.46 30.47 30.47 30.48 30.48 30.49 30.49 30.5 30.5 30.51 30.49 30.43 30.46 30.48 30.48 30.42 30.29 30.1 29.93 29.93 30.11 30.26 30.15 30 30.14 30.41 30.56 30.62 30.64 30.65 30.66 30.66 30.67 30.67 30.67 30.65 30.58 30.42 30.28 30.32 30.42 30.41 30.26 30.11 30.13 30.25 30.43 30.53 30.33 30.19 30.21 30.1 29.96 29.88
-9999 -9999 -9999 -9999 -9999 -9999 -9999 -9999 -9999 -9999 -9999 -9999 -9999 -9999 -9999 -9999 -9999 -9999 -9999 -9999 -9999 -9999 -9999 -9999 30.47 30.47 30.48 30.48 30.49 30.49 30.5 30.51 30.51 30.51 30.49 30.52 30.54 30.54 30.54 30.52 30.5 30.32 30.14 30.27 30.41 30.25 30.08 30.25 30.51 30.61 30.64 30.65 30.65 30.66 30.67 30.67 30.68 30.67 30.64 30.58 30.45 30.33 30.39 30.49 30.48 30.31 30.15 30.23 30.39 30.53 30.57 30.38 30.22 30.32 30.27 30.1 30.03
-9999 -9999 -9999 -9999 -9999 -9999 -9999 -9999 -9999 -9999 -9999 -9999 -9999 -9999 -9999 -9999 -9999 -9999 -9999 -9999 -9999 -9999 -9999 -9999 -9999 30.47 30.48 30.48 30.49 -9999 30.5 30.51 30.52 30.52 30.52 30.53 30.54 30.55 30.56 30.56 30.56 30.52 30.48 30.51 30.53 30.42 30.22 30.32 30.56 30.63 30.64 30.65 30.66 30.66 30.67 30.68 30.68 30.68 30.65 30.58 30.46 30.36 30.46 30.56 30.57 30.45 30.26 30.35 30.53 30.62 30.63 30.48 30.27 30.4 30.37 30.21 30.21
-9999 -9999 -9999 -9999 -9999 -9999 -9999 -9999 -9999 -9999 -9999 -9999 -9999 -9999 -9999 -9999 -9999 -9999 -9999 -9999 -9999 -9999 -9999 -9999 -9999 -9999 -9999 -9999 -9999 -9999 -9999 30.51 30.52 30.53 30.53 30.54 30.55 30.55 30.56 30.57 30.57 30.58 30.57 30.58 30.59 30.55 30.45 30.46 30.59 30.63 30.65 30.65 30.66 30.67 30.67 30.68 30.68 30.68 30.68 30.65 30.58 30.53 30.61 30.66 30.66 30.59 30.47 30.47 30.62 30.68 30.67 30.54 30.34 30.47 30.47 30.39 30.39
-9999 -9999 -9999 -9999 -9999 -9999 -9999 -9999 -9999 -9999 -9999 -9999 -9999 -9999 -9999 -9999 -9999 -9999 -9999 -9999 -9999 -9999 -9999 -9999 -9999 -9999 -9999 -9999 -9999 -9999 -9999 -9999 30.52 30.53 30.54 30.54 30.55 30.55 30.56 30.57 30.58 30.59 30.59 30.6 30.61 30.61 30.59 30.6 30.63 30.64 30.65 30.66 30.66 30.67 30.68 30.68 30.69 30.69 30.69 30.68 30.67 30.66 30.68 30.69 30.69 30.67 30.61 30.6 30.68 30.7 30.68 30.55 30.38 30.55 30.59 30.55 30.45
-9999 -9999 -9999 -9999 -9999 -9999 -9999 -9999 -9999 -9999 -9999 -9999 -9999 -9999 -9999 -9999 -9999 -9999 -9999 -9999 -9999 -9999 -9999 -9999 -9999 -9999 -9999 -9999 -9999 -9999 -9999 -9999 -9999 30.53 30.54 30.54 30.55 30.56 30.57 30.57 30.58 30.59 30.6 30.6 30.61 30.62 30.63 30.63 30.64 30.65 30.66 30.66 30.66 -9999 -9999 30.68 30.69 30.69 30.69 30.69 30.69 30.69 30.7 30.7 30.7 30.69 30.68 30.68 30.71 30.71 30.69 30.62 30.5 30.63 30.66 30.63 30.48
