ASPA-UH-SWB2_REPO/input/Gridded_temps/prism_tmin_tutuila_30yr_normal_09.asc
ncols         350
nrows         200
xllcorner     515000
yllcorner     8409000
cellsize      100
NODATA_value  -9999
[rows 68 to 101 of 200, columns 154 to 230 of 350]
23.81 23.66 23.52 23.39 23.26 23.09 22.89 22.7 22.74 23.13 23.54 23.84 24.03 24.14 24.17 24.19 24.19 24.19 24.19 24.2 24.21 24.21 24.21 24.21 24.21 24.21 24.21 24.21 24.21 24.21 24.21 24.21 24.21 24.21 24.21 24.21 24.21 24.21 24.21 24.21 24.21 24.21 24.21 24.2 24.2 24.2 24.2 24.2 24.2 24.2 24.2 24.2 24.2 24.2 24.2 24.2 24.2 24.19 24.15 23.97 23.63 23.34 23.16 22.82 22.45 22.04 21.69 21.48 21.36 21.4 21.66 21.78 21.71 21.92 22.3 22.62 22.84
23.71 23.58 23.39 23.21 23.09 22.95 22.75 22.59 22.77 23.2 23.61 23.89 24.07 24.16 24.18 24.18 24.17 24.15 24.16 24.17 24.19 24.2 24.2 24.2 24.21 24.21 24.21 24.21 24.21 24.21 24.21 24.21 24.21 24.21 24.21 24.21 24.21 24.21 24.21 24.21 24.21 24.21 24.21 24.21 24.2 24.2 24.2 24.2 24.2 24.2 24.2 24.2 24.2 24.2 24.2 24.2 24.2 24.19 24.1 23.81 23.48 23.2 22.98 22.68 22.33 21.92 21.69 21.77 21.84 21.72 21.57 21.53 21.62 22.06 22.45 22.64 22.74
23.5 23.43 23.28 23.08 22.9 22.77 22.61 22.56 22.88 23.32 23.7 23.93 24.08 24.16 24.17 24.15 24.08 23.97 24 24.05 24.11 24.15 24.15 24.14 24.17 24.19 24.21 24.21 24.21 24.21 24.21 24.21 24.21 24.21 24.21 24.21 24.21 24.21 24.21 24.21 24.21 24.21 24.21 24.21 24.21 24.21 24.2 24.2 24.2 24.2 24.2 24.2 24.2 24.2 24.2 24.2 24.2 24.17 24.03 23.81 23.64 23.47 23.31 23.08 22.7 22.35 22.25 22.32 22.46 22.16 21.95 21.77 21.86 22.2 22.57 22.63 22.58
23.27 23.21 23.08 22.9 22.7 22.55 22.48 22.62 22.95 23.36 23.68 23.88 24.05 24.14 24.15 24.08 23.94 23.7 23.69 23.8 23.97 24.06 24.03 23.96 24.02 24.12 24.17 24.2 24.21 24.21 24.21 24.21 24.21 24.21 24.21 24.21 24.21 24.21 24.21 24.21 24.21 24.21 24.21 24.21 24.21 24.21 24.21 24.2 24.2 24.2 24.2 24.2 24.2 24.2 24.2 24.2 24.2 24.17 24.06 23.96 23.87 23.75 23.6 23.32 22.89 22.7 22.68 22.68 22.78 22.65 22.63 22.4 22.36 22.4 22.7 22.76 22.6
23.06 23 22.85 22.65 22.51 22.49 22.6 22.86 23.12 23.45 23.69 23.88 24.05 24.13 24.09 23.98 23.79 23.47 23.34 23.59 23.87 23.93 23.86 23.71 23.77 23.95 24.07 24.14 24.19 24.21 24.22 24.21 24.21 24.21 24.2 24.2 24.2 24.2 24.2 24.21 24.21 24.21 24.21 24.21 24.21 24.21 24.21 24.21 24.2 24.2 24.2 24.2 24.2 24.2 24.2 24.2 24.2 24.17 24.11 24.02 23.86 23.67 23.49 23.14 22.78 22.81 22.98 23.01 23.05 23.06 23.08 22.92 22.86 22.8 22.9 22.96 22.75
22.91 22.78 22.63 22.44 22.45 22.64 22.94 23.19 23.45 23.67 23.85 23.98 24.08 24.09 24.01 23.86 23.64 23.3 23.22 23.54 23.72 23.7 23.6 23.42 23.48 23.73 23.88 24.01 24.13 24.18 24.2 24.21 24.2 24.19 24.16 24.15 24.14 24.15 24.17 24.19 24.21 24.21 24.21 24.21 24.21 24.21 24.21 24.21 24.21 24.2 24.2 24.2 24.2 24.2 24.2 24.2 24.2 24.17 24.11 23.93 23.67 23.39 23.16 22.86 22.58 22.78 23.12 23.28 23.29 23.33 23.33 23.14 23.08 23.1 23.12 23.08 22.82
22.86 22.59 22.43 22.37 22.51 22.8 23.13 23.44 23.66 23.82 23.94 24.03 24.08 24.07 23.95 23.74 23.5 23.33 23.26 23.43 23.46 23.37 23.29 23.12 23.17 23.43 23.67 23.9 24.1 24.17 24.19 24.19 24.17 24.11 24.02 24 24.03 24.11 24.17 24.2 24.21 24.21 24.21 24.21 24.21 24.21 24.21 24.21 24.21 24.21 24.2 24.2 24.2 24.2 24.2 24.2 24.2 24.18 24.12 23.93 23.61 23.36 23.1 22.74 22.52 22.74 23.14 23.39 23.47 23.53 23.49 23.27 23.25 23.26 23.2 23.07 22.81
22.79 22.5 22.37 22.41 22.54 22.81 23.16 23.46 23.67 23.85 23.97 24.04 24.06 24.05 23.98 23.84 23.71 23.59 23.42 23.35 23.26 23.07 22.97 22.95 23.07 23.37 23.74 23.99 24.12 24.16 24.16 24.15 24.09 23.95 23.83 23.92 24.03 24.13 24.19 24.21 24.21 24.21 24.21 24.21 24.21 24.21 24.21 24.21 24.21 24.21 24.21 24.2 24.2 24.2 24.2 24.2 24.2 24.18 24.14 24.01 23.74 23.45 23.1 22.8 22.63 22.85 23.21 23.45 23.57 23.7 23.67 23.48 23.37 23.25 23.09 22.91 22.72
22.7 22.57 22.61 22.68 22.71 22.97 23.29 23.58 23.76 23.89 23.97 24.01 24 23.98 23.95 23.9 23.82 23.68 23.49 23.34 23.19 22.94 22.83 22.92 23.23 23.6 23.83 23.96 24.06 24.11 24.11 24.07 23.95 23.78 23.77 23.99 24.12 24.17 24.2 24.21 24.21 24.21 24.21 24.21 24.21 24.21 24.21 24.21 24.21 24.21 24.21 24.21 24.2 24.2 24.2 24.2 24.2 24.15 24.05 23.9 23.65 23.38 23.11 22.85 22.74 22.91 23.21 23.41 23.56 23.76 23.88 23.71 23.52 23.36 23.19 23 22.9
22.86 22.79 22.95 22.96 22.87 23.1 23.42 23.69 23.82 23.9 23.93 23.91 23.89 23.86 23.84 23.81 23.76 23.68 23.52 23.38 23.2 22.97 22.9 23.07 23.39 23.65 23.71 23.71 23.9 23.99 23.99 23.92 23.75 23.62 23.8 24.03 24.14 24.18 24.2 24.21 24.21 24.21 24.21 24.21 24.21 24.21 24.21 24.21 24.21 24.21 24.21 24.21 24.21 24.21 24.2 24.2 24.18 24.08 23.86 23.7 23.56 23.37 23.11 22.97 22.95 23.07 23.3 23.49 23.65 23.81 23.97 23.9 23.75 23.56 23.37 23.18 23.13
23.13 23.04 23.2 23.12 22.94 23.05 23.38 23.67 23.79 23.84 23.85 23.8 23.74 23.71 23.69 23.6 23.58 23.63 23.52 23.33 23.1 22.9 22.92 23.1 23.33 23.46 23.42 23.36 23.69 23.81 23.78 23.72 23.56 23.54 23.84 24.05 24.13 24.16 24.18 24.2 24.21 24.21 24.21 24.21 24.21 24.21 24.21 24.21 24.21 24.21 24.21 24.21 24.21 24.21 24.21 24.2 24.19 24.1 23.87 23.69 23.57 23.41 23.24 23.19 23.14 23.19 23.4 23.58 23.75 23.9 24.02 23.98 23.78 23.52 23.35 23.23 23.26
23.36 23.29 23.41 23.29 23.11 23.08 23.3 23.58 23.71 23.75 23.77 23.72 23.59 23.51 23.51 23.38 23.41 23.52 23.41 23.21 22.93 22.76 22.83 22.95 23.08 23.16 23.15 23.15 23.47 23.53 23.42 23.39 23.41 23.62 23.88 24.01 24.06 24.08 24.11 24.17 24.21 24.21 24.21 24.2 24.21 24.21 24.21 24.21 24.21 24.21 24.21 24.21 24.21 24.21 24.21 24.21 24.2 24.17 24.08 23.87 23.66 23.48 23.38 23.31 23.19 23.2 23.4 23.59 23.77 23.94 24.05 24.03 23.84 23.58 23.4 23.29 23.31
23.65 23.6 23.63 23.51 23.33 23.18 23.26 23.48 23.6 23.65 23.68 23.67 23.52 23.33 23.33 23.23 23.3 23.38 23.26 23.09 22.79 22.6 22.69 22.81 22.91 22.97 22.97 22.99 23.17 23.18 23.05 23.1 23.34 23.61 23.77 23.82 23.84 23.85 23.94 24.1 24.18 24.2 24.18 24.17 24.2 24.21 24.21 24.21 24.21 24.21 24.21 24.21 24.21 24.21 24.21 24.21 24.21 24.2 24.15 23.98 23.7 23.54 23.49 23.38 23.26 23.28 23.45 23.68 23.89 24.02 24.09 24.05 23.9 23.67 23.5 23.38 23.34
23.92 23.85 23.77 23.61 23.39 23.14 23.15 23.34 23.46 23.52 23.55 23.58 23.51 23.28 23.14 23.03 23.13 23.14 23.05 22.82 22.57 22.44 22.57 22.75 22.9 22.95 22.9 22.89 22.97 22.99 22.9 22.96 23.17 23.37 23.46 23.48 23.49 23.55 23.79 24.05 24.15 24.15 24.07 24.02 24.12 24.17 24.2 24.21 24.21 24.21 24.21 24.21 24.21 24.21 24.21 24.21 24.21 24.2 24.16 24.01 23.69 23.57 23.56 23.44 23.38 23.41 23.51 23.77 24.02 24.11 24.07 23.95 23.79 23.63 23.57 23.51 23.42
24.02 23.87 23.71 23.54 23.3 22.98 22.93 23.09 23.28 23.35 23.36 23.43 23.46 23.24 22.87 22.64 22.72 22.67 22.6 22.36 22.28 22.33 22.55 22.8 22.99 23.08 22.99 22.95 23.03 23.05 23.01 23.06 23.19 23.29 23.31 23.32 23.3 23.47 23.78 23.99 24.06 24.04 23.88 23.81 23.95 24.06 24.17 24.21 24.21 24.21 24.21 24.21 24.21 24.21 24.21 24.21 24.21 24.21 24.18 24.04 23.73 23.63 23.6 23.51 23.54 23.55 23.54 23.77 24.05 24.13 24.04 23.88 23.69 23.64 23.7 23.64 23.55
23.98 23.78 23.56 23.35 23.09 22.75 22.62 22.76 22.99 23.16 23.12 23.24 23.36 23.14 22.65 22.17 22.16 22.17 22.15 22.16 22.31 22.5 22.76 22.96 23.13 23.25 23.14 23.13 23.22 23.26 23.22 23.31 23.43 23.45 23.42 23.49 23.48 23.52 23.68 23.8 23.85 23.85 23.78 23.85 24.05 24.14 24.2 24.21 24.21 24.21 24.21 24.21 24.21 24.21 24.21 24.21 24.21 24.21 24.18 24.06 23.79 23.69 23.61 23.58 23.67 23.69 23.57 23.72 24.02 24.14 24.09 23.95 23.7 23.73 23.86 23.85 23.81
23.95 23.82 23.66 23.4 22.98 22.63 22.46 22.44 22.75 23 22.94 23.11 23.25 23.08 22.6 22.03 21.86 21.94 22.05 22.27 22.59 22.85 23.07 23.2 23.29 23.38 23.37 23.48 23.45 23.47 23.4 23.45 23.62 23.71 23.62 23.69 23.74 23.64 23.54 23.61 23.79 23.94 24 24.08 24.17 24.21 24.22 24.22 24.21 24.21 24.21 24.21 24.21 24.21 24.21 24.21 24.21 24.21 24.19 24.11 23.87 23.72 23.68 23.76 23.82 23.79 23.62 23.68 23.95 24.13 24.14 24.01 23.78 23.88 24.05 24.09 24.1
23.83 23.78 23.65 23.38 22.99 22.64 22.38 22.23 22.6 22.77 22.66 22.9 23.08 22.95 22.51 22.01 21.86 21.99 22.2 22.49 22.81 23.05 23.17 23.25 23.4 23.53 23.63 23.78 23.79 23.86 23.8 23.67 23.74 23.93 23.81 23.83 23.92 23.81 23.69 23.83 24.03 24.13 24.17 24.19 24.22 24.22 24.22 24.22 24.22 24.21 24.21 24.21 24.21 24.21 24.21 24.21 24.21 24.21 24.2 24.15 23.98 23.84 23.88 24.01 24 23.88 23.67 23.71 23.97 24.15 24.18 24.1 24 24.11 24.17 24.19 24.19
23.61 23.64 23.57 23.33 22.98 22.57 22.22 21.99 22.26 22.3 22.38 22.66 22.81 22.65 22.35 22.14 22.23 22.35 22.54 22.76 22.87 22.82 22.76 22.86 23.21 23.48 23.6 23.79 23.9 23.97 24.02 23.95 23.96 24.08 24.05 24.01 24.05 23.99 23.93 24.06 24.17 24.21 24.21 24.22 24.22 24.22 24.22 24.22 24.22 24.22 24.21 24.21 24.21 24.21 24.21 24.21 24.21 24.2 24.16 24.12 24.08 24.08 24.13 24.16 24.14 24.04 23.93 23.97 24.12 24.19 24.2 24.18 24.15 24.18 24.2 24.2 24.19
23.3 23.41 23.43 23.26 22.98 22.62 22.12 21.8 21.96 21.96 22.19 22.43 22.46 22.33 22.23 22.26 22.51 22.64 22.75 22.8 22.59 22.4 22.38 22.58 22.99 23.22 23.34 23.52 23.69 23.83 24.01 24.09 24.12 24.16 24.17 24.16 24.17 24.16 24.16 24.19 24.22 24.22 24.22 24.22 24.22 24.22 24.22 24.22 24.22 24.22 24.22 24.21 24.21 24.21 24.21 24.21 24.21 24.19 24.11 24.06 24.11 24.17 24.2 24.2 24.19 24.17 24.15 24.16 24.19 24.2 24.2 24.2 24.19 24.2 24.2 24.2 24.2
22.93 23.04 23.13 23.1 22.89 22.59 22.07 21.71 21.77 21.84 22.1 22.26 22.22 22.16 22.21 22.33 22.51 22.52 22.51 22.47 22.22 22.11 22.18 22.4 22.65 22.88 23.1 23.35 23.52 23.67 23.9 24.02 24.07 24.09 24.17 24.19 24.2 24.21 24.22 24.23 24.23 24.23 24.22 24.22 24.22 24.22 24.22 24.22 24.22 24.22 24.22 24.22 24.21 24.21 24.21 24.21 24.21 24.21 24.18 24.17 24.19 24.2 24.21 24.2 24.2 24.2 24.2 24.2 24.2 24.2 24.2 24.2 24.2 24.2 24.2 24.2 24.2
22.62 22.52 22.63 22.73 22.54 22.32 21.92 21.62 21.62 21.73 21.95 22.02 21.97 22.03 22.18 22.23 22.18 22.01 21.84 21.92 22 22.14 22.33 22.46 22.52 22.67 22.93 23.22 23.41 23.58 23.74 23.83 23.86 23.86 24.03 24.1 24.16 24.19 24.21 24.22 24.23 24.23 24.23 24.22 24.22 24.22 24.22 24.22 24.22 24.22 24.22 24.22 24.22 24.21 24.21 24.21 24.21 24.21 24.21 24.2 24.21 24.21 24.21 24.21 24.2 24.2 24.2 24.2 24.2 24.2 24.2 24.2 24.2 24.2 24.2 24.2 24.2
22.24 22.06 22.16 22.25 22.07 21.89 21.75 21.66 21.68 21.76 21.81 21.71 21.68 21.78 21.82 21.61 21.5 21.45 21.36 21.6 21.88 22.16 22.46 22.67 22.73 22.82 22.93 23.09 23.31 23.49 23.6 23.63 23.63 23.6 23.73 23.86 23.97 24.04 24.12 24.19 24.22 24.22 24.22 24.23 24.22 24.22 24.22 24.22 24.22 24.22 24.22 24.22 24.22 24.21 24.21 24.21 24.21 24.21 24.21 24.21 24.21 24.21 24.21 24.21 24.21 24.2 24.2 24.2 24.2 24.2 24.2 24.2 24.2 24.2 24.2 24.2 24.2
21.89 21.88 22.02 22.05 21.91 21.84 21.86 21.88 21.93 21.92 21.83 21.62 21.46 21.4 21.32 21.11 21.06 21.07 21.23 21.52 21.79 22.07 22.4 22.72 22.89 23 23.11 23.16 23.2 23.27 23.36 23.39 23.4 23.38 23.42 23.56 23.66 23.79 23.97 24.1 24.15 24.15 24.18 24.2 24.22 24.22 24.22 24.22 24.22 24.22 24.22 24.22 24.22 24.22 24.21 24.21 24.21 24.21 24.21 24.21 24.21 24.21 24.21 24.21 24.21 24.2 24.2 24.2 24.2 24.2 -9999 24.2 24.2 24.2 24.2 -9999 -9999
21.73 21.88 22.1 22.15 22.07 22.11 22.13 22.14 22.16 22.07 21.96 21.81 21.46 21.11 20.95 20.8 20.85 20.95 21.17 21.45 21.67 21.92 22.21 22.51 22.7 22.84 23.1 23.29 23.32 23.27 23.3 23.33 23.34 23.33 23.33 23.39 23.41 23.56 23.75 23.88 23.96 23.94 23.99 24.1 24.2 24.22 24.22 24.22 24.22 24.22 24.22 24.22 24.22 24.22 24.22 24.21 24.21 24.21 24.21 24.21 24.21 24.21 24.21 24.21 24.21 24.2 24.2 24.2 24.2 -9999 -9999 -9999 24.2 -9999 -9999 -9999 -9999
21.64 21.9 22.16 22.3 22.31 22.37 22.38 22.38 22.32 22.16 22.09 22.07 21.83 21.42 21.17 20.8 20.97 21.09 21.3 21.6 21.73 21.83 22.07 22.3 22.39 22.62 22.95 23.24 23.43 23.5 23.52 23.53 23.53 23.54 23.54 23.51 23.45 23.48 23.53 23.63 23.72 23.75 23.88 24.05 24.19 24.22 24.23 24.22 24.22 24.22 24.22 24.22 24.22 -9999 -9999 -9999 -9999 24.21 24.21 24.21 24.21 -9999 -9999 -9999 -9999 24.21 -9999 -9999 -9999 -9999 -9999 -9999 -9999 -9999 -9999 -9999 -9999
21.71 22 22.22 22.36 22.47 22.55 22.59 22.58 22.44 22.3 22.24 22.3 22.24 21.94 21.65 21.18 21.24 21.31 21.58 21.93 22.03 22.02 22.18 22.43 22.51 22.65 22.85 23.03 23.22 23.41 23.56 23.67 23.73 23.79 23.83 23.79 23.73 23.65 23.56 23.54 23.6 23.7 23.89 24.12 24.21 24.23 24.23 24.22 24.22 24.22 -9999 -9999 -9999 -9999 -9999 -9999 -9999 -9999 -9999 -9999 -9999 -9999 -9999 -9999 -9999 -9999 -9999 -9999 -9999 -9999 -9999 -9999 -9999 -9999 -9999 -9999 -9999
21.8 21.94 22.03 22.19 22.43 22.61 22.72 22.73 22.62 22.56 22.48 22.57 22.51 22.32 22.04 21.66 21.58 21.46 21.83 22.17 22.34 22.38 22.47 22.67 22.86 23.01 23.08 23.1 23.13 23.21 23.32 23.49 23.62 23.81 24.01 24.04 24.02 23.92 23.78 23.68 23.71 23.76 23.93 24.16 24.22 24.23 24.23 24.23 24.22 24.22 -9999 -9999 -9999 -9999 -9999 -9999 -9999 -9999 -9999 -9999 -9999 -9999 -9999 -9999 -9999 -9999 -9999 -9999 -9999 -9999 -9999 -9999 -9999 -9999 -9999 -9999 -9999
21.72 21.75 21.82 22.1 22.43 22.67 22.83 22.93 22.88 22.82 22.82 22.88 22.74 22.5 22.15 21.94 21.96 21.86 22.09 22.35 22.58 22.73 22.82 22.94 23.11 23.34 23.44 23.45 23.42 23.41 23.4 23.35 23.35 23.59 23.92 24.11 24.16 24.12 24.03 23.91 23.91 23.95 24.06 24.2 24.23 24.23 24.23 24.23 24.23 -9999 -9999 -9999 -9999 -9999 -9999 -9999 -9999 -9999 -9999 -9999 -9999 -9999 -9999 -9999 -9999 -9999 -9999 -9999 -9999 -9999 -9999 -9999 -9999 -9999 -9999 -9999 -9999
21.6 21.65 21.75 22.01 22.34 22.62 22.82 23 23.11 23.14 23.15 23.1 22.85 22.54 22.23 22.19 22.22 22.07 22.21 22.39 22.56 22.74 22.9 23.02 23.19 23.36 23.51 23.67 23.76 23.75 23.7 23.6 23.42 23.5 23.77 24.06 24.19 24.21 24.19 24.13 24.1 24.11 24.18 24.22 24.23 24.23 24.23 24.23 24.23 -9999 -9999 -9999 -9999 -9999 -9999 -9999 -9999 -9999 -9999 -9999 -9999 -9999 -9999 -9999 -9999 -9999 -9999 -9999 -9999 -9999 -9999 -9999 -9999 -9999 -9999 -9999 -9999
21.64 21.69 21.79 22.02 22.34 22.6 22.78 22.98 23.22 23.39 23.37 23.21 22.9 22.58 22.29 22.3 22.34 22.24 22.27 22.36 22.46 22.59 22.72 22.83 22.94 23.04 23.27 23.6 23.85 23.98 23.98 23.86 23.69 23.68 23.82 24.01 24.19 24.23 24.24 24.22 24.21 24.21 24.22 24.23 24.23 24.23 24.23 24.23 -9999 -9999 -9999 -9999 -9999 -9999 -9999 -9999 -9999 -9999 -9999 -9999 -9999 -9999 -9999 -9999 -9999 -9999 -9999 -9999 -9999 -9999 -9999 -9999 -9999 -9999 -9999 -9999 -9999
21.94 21.91 21.85 21.95 22.25 22.57 22.81 23.03 23.28 23.5 23.45 23.24 22.96 22.64 22.38 22.36 22.45 22.47 22.54 22.61 22.64 22.74 22.88 22.98 22.98 22.94 23.11 23.39 23.7 23.96 24.09 24.08 23.96 23.99 24.07 24.08 24.2 24.24 24.24 24.24 24.23 24.23 24.24 24.24 24.23 24.23 24.23 -9999 -9999 -9999 -9999 -9999 -9999 -9999 -9999 -9999 -9999 -9999 -9999 -9999 -9999 -9999 -9999 -9999 -9999 -9999 -9999 -9999 -9999 -9999 -9999 -9999 -9999 -9999 -9999 -9999 -9999
22.25 22.18 22.03 22.09 22.26 22.44 22.68 22.97 23.37 23.64 23.57 23.33 22.94 22.61 22.46 22.45 22.48 22.51 22.69 22.81 22.79 22.87 23.07 23.23 23.24 23.15 23.18 23.34 23.59 23.84 24.08 24.18 24.16 24.19 24.22 24.21 24.24 24.24 24.24 24.24 24.24 24.24 24.24 24.24 24.24 24.23 24.23 -9999 -9999 -9999 -9999 -9999 -9999 -9999 -9999 -9999 -9999 -9999 -9999 -9999 -9999 -9999 -9999 -9999 -9999 -9999 -9999 -9999 -9999 -9999 -9999 -9999 -9999 -9999 -9999 -9999 -9999
22.49 22.38 22.28 22.42 22.53 22.57 22.74 22.94 23.45 23.73 23.57 23.2 22.76 22.53 22.56 22.61 22.56 22.5 22.68 22.9 22.92 22.92 23.09 23.33 23.45 23.41 23.38 23.5 23.66 23.83 24.08 24.22 24.23 24.24 24.25 24.24 24.25 24.25 24.24 24.24 24.24 24.24 24.24 24.24 24.24 24.23 -9999 -9999 -9999 -9999 -9999 -9999 -9999 -9999 -9999 -9999 -9999 -9999 -9999 -9999 -9999 -9999 -9999 -9999 -9999 -9999 -9999 -9999 -9999 -9999 -9999 -9999 -9999 -9999 -9999 -9999 -9999
