ASPA-UH-SWB2_REPO/input/Gridded_temps/prism_tmax_tutuila_30yr_normal_08.asc
ncols         350
nrows         200
xllcorner     515000
yllcorner     8409000
cellsize      100
NODATA_value  -9999
[rows 35 to 69 of 200, columns 154 to 230 of 350]
-9999 -9999 -9999 -9999 -9999 -9999 -9999 -9999 -9999 -9999 -9999 -9999 -9999 -9999 -9999 -9999 -9999 -9999 -9999 -9999 -9999 -9999 -9999 -9999 -9999 -9999 -9999 -9999 -9999 -9999 29.25 29.25 29.25 29.25 29.25 29.25 29.25 29.25 29.25 29.25 29.25 29.25 29.25 29.24 29.18 28.99 28.49 28.16 28.47 28.88 29.14 29.24 29.25 29.25 29.25 29.26 29.26 29.26 29.26 29.26 29.26 29.26 29.26 29.26 29.26 -9999 -9999 -9999 -9999 29.26 29.26 -9999 -9999 -9999 -9999 -9999 -9999
-9999 -9999 -9999 -9999 -9999 -9999 -9999 -9999 -9999 -9999 -9999 -9999 -9999 -9999 -9999 -9999 -9999 -9999 -9999 -9999 -9999 -9999 -9999 -9999 -9999 -9999 -9999 -9999 -9999 -9999 29.24 29.25 29.25 29.25 29.25 29.25 29.25 29.25 29.25 29.25 29.25 29.25 29.24 29.19 28.98 28.58 28.36 28.28 28.63 29.04 29.21 29.25 29.25 29.25 29.25 29.25 29.25 29.26 29.26 29.26 29.26 29.26 29.26 29.26 29.26 29.26 -9999 -9999 29.26 29.26 29.26 29.26 -9999 -9999 -9999 -9999 -9999
-9999 -9999 -9999 -9999 -9999 -9999 -9999 -9999 -9999 -9999 -9999 -9999 -9999 -9999 -9999 -9999 -9999 -9999 -9999 -9999 -9999 -9999 -9999 -9999 -9999 -9999 -9999 -9999 -9999 29.24 29.24 29.24 29.24 29.24 29.24 29.25 29.25 29.23 29.2 29.2 29.22 29.2 29.17 29.08 28.9 28.84 28.83 28.86 28.99 29.17 29.24 29.25 29.25 29.25 29.25 29.25 29.25 29.25 29.26 29.26 29.26 29.26 29.26 29.26 29.26 29.26 -9999 29.26 29.26 29.26 29.26 29.26 29.26 -9999 -9999 -9999 -9999
-9999 -9999 -9999 -9999 -9999 -9999 -9999 -9999 -9999 -9999 -9999 -9999 -9999 -9999 -9999 -9999 -9999 -9999 -9999 -9999 -9999 -9999 -9999 -9999 -9999 29.24 29.24 -9999 29.24 29.24 29.24 29.24 29.24 29.24 29.24 29.24 29.24 29.19 29.05 29.01 29.05 28.9 28.78 28.76 28.98 29.11 29.15 29.17 29.2 29.24 29.25 29.25 29.25 29.25 29.25 29.25 29.25 29.25 29.25 29.25 29.25 29.24 29.25 29.26 29.26 29.26 29.26 29.26 29.26 29.26 29.26 29.26 29.26 29.26 -9999 -9999 29.26
-9999 -9999 -9999 -9999 -9999 -9999 -9999 -9999 -9999 -9999 -9999 -9999 -9999 -9999 -9999 -9999 -9999 -9999 -9999 -9999 -9999 -9999 -9999 -9999 29.24 29.24 29.24 29.24 29.24 29.24 29.24 29.24 29.23 29.22 29.23 29.24 29.23 29.14 28.86 28.66 28.57 28.47 28.18 28.38 28.88 29.13 29.21 29.24 29.25 29.25 29.25 29.25 29.25 29.25 29.25 29.24 29.24 29.25 29.25 29.24 29.21 29.17 29.22 29.25 29.26 29.26 29.26 29.26 29.26 29.26 29.26 29.26 29.26 29.26 29.26 29.26 29.26
-9999 -9999 -9999 -9999 -9999 -9999 -9999 -9999 -9999 -9999 -9999 -9999 -9999 -9999 -9999 -9999 -9999 -9999 -9999 -9999 -9999 -9999 -9999 29.24 29.24 29.24 29.24 29.24 29.24 29.24 29.24 29.22 29.17 29.11 29.15 29.2 29.19 29.09 28.79 28.39 28.11 27.98 27.83 28.15 28.73 29.12 29.22 29.24 29.25 29.25 29.25 29.25 29.25 29.24 29.21 29.14 29.13 29.19 29.21 29.16 29.08 29.03 29.18 29.24 29.26 29.26 29.26 29.26 29.26 29.26 29.26 29.26 29.26 29.26 29.26 29.26 29.26
-9999 -9999 -9999 -9999 -9999 -9999 -9999 -9999 -9999 -9999 -9999 -9999 -9999 -9999 -9999 -9999 -9999 -9999 -9999 -9999 -9999 -9999 29.24 29.24 29.24 29.24 29.24 29.24 29.24 29.24 29.21 29.13 28.98 28.85 28.94 29.05 29 28.88 28.65 28.19 27.86 27.99 28.17 28.47 28.92 29.17 29.23 29.25 29.25 29.25 29.25 29.25 29.24 29.2 29.07 28.88 28.86 29.03 29.05 28.89 28.78 28.86 29.15 29.24 29.25 29.26 29.26 29.26 29.26 29.24 29.22 29.25 29.26 29.26 29.26 29.26 29.26
-9999 -9999 -9999 -9999 -9999 -9999 -9999 -9999 -9999 -9999 -9999 -9999 -9999 -9999 -9999 -9999 -9999 29.23 29.23 29.23 29.23 29.23 29.23 29.23 29.23 29.24 29.24 29.24 29.24 29.23 29.17 28.99 28.75 28.59 28.68 28.82 28.66 28.4 28.24 27.98 27.96 28.37 28.71 28.94 29.13 29.21 29.24 29.25 29.25 29.25 29.25 29.24 29.2 29.1 28.85 28.58 28.61 28.79 28.69 28.49 28.48 28.77 29.13 29.23 29.25 29.25 29.26 29.26 29.24 29.16 29.1 29.22 29.26 29.26 29.26 29.26 29.26
-9999 -9999 -9999 -9999 -9999 -9999 -9999 -9999 -9999 -9999 -9999 -9999 -9999 -9999 -9999 29.23 29.23 29.23 29.23 29.23 29.23 29.23 29.23 29.23 29.23 29.23 29.22 29.23 29.23 29.23 29.17 28.98 28.66 28.42 28.45 28.6 28.39 27.9 27.72 27.82 28.07 28.51 28.86 29.1 29.19 29.22 29.24 29.24 29.24 29.24 29.25 29.21 29.08 28.85 28.58 28.31 28.35 28.46 28.28 28.17 28.34 28.76 29.1 29.23 29.25 29.25 29.24 29.22 29.18 29.07 29.06 29.22 29.26 29.26 29.26 29.26 29.26
-9999 -9999 -9999 -9999 -9999 -9999 -9999 -9999 -9999 -9999 -9999 -9999 -9999 -9999 29.23 29.23 29.23 29.23 29.23 29.23 29.23 29.23 29.23 29.23 29.23 29.21 29.16 29.21 29.23 29.23 29.21 29.11 28.8 28.39 28.25 28.37 28.24 27.88 27.84 28.11 28.39 28.66 28.88 29.11 29.2 29.21 29.22 29.23 29.23 29.23 29.23 29.15 28.9 28.58 28.31 28.06 28.02 28.07 27.97 28 28.33 28.77 29.08 29.22 29.25 29.23 29.14 29.04 29.02 29.04 29.16 29.25 29.26 29.26 29.26 29.26 29.26
-9999 -9999 -9999 -9999 -9999 -9999 -9999 -9999 -9999 -9999 -9999 -9999 -9999 29.23 29.23 29.23 29.23 29.23 29.23 29.23 29.23 29.23 29.23 29.23 29.22 29.14 28.91 29.07 29.2 29.23 29.23 29.18 28.96 28.45 28.09 28.11 28.1 28.12 28.29 28.44 28.55 28.63 28.78 29.07 29.17 29.16 29.16 29.19 29.2 29.22 29.21 29.12 28.88 28.61 28.32 27.96 27.74 27.7 27.72 27.96 28.4 28.79 29.06 29.2 29.23 29.17 28.96 28.73 28.8 29.06 29.22 29.26 29.26 29.26 29.26 29.26 29.26
-9999 -9999 -9999 -9999 -9999 -9999 -9999 -9999 -9999 -9999 -9999 -9999 -9999 29.22 29.22 29.22 29.22 29.22 29.22 29.22 29.22 29.21 29.19 29.19 29.18 29.04 28.69 28.83 29.12 29.2 29.22 29.18 28.96 28.42 27.97 27.9 27.98 28.14 28.31 28.35 28.33 28.37 28.65 29.01 29.08 28.99 29.04 29.1 29.14 29.19 29.2 29.15 29 28.78 28.46 28 27.59 27.41 27.48 27.92 28.41 28.74 28.94 29.12 29.2 29.11 28.82 28.56 28.75 29.11 29.24 29.25 29.26 29.26 29.26 29.26 29.26
-9999 -9999 -9999 -9999 -9999 -9999 -9999 -9999 -9999 -9999 -9999 -9999 29.22 29.22 29.22 29.22 29.22 29.2 29.14 29.14 29.14 29.12 28.98 28.98 29.02 28.71 28.49 28.52 28.84 29.1 29.16 29.13 28.79 28.3 27.91 27.75 27.84 28.03 28.12 28.04 28.03 28.25 28.68 28.95 28.85 28.68 28.91 28.97 29.03 29.15 29.19 29.15 29.06 28.85 28.54 28.17 27.72 27.34 27.33 27.72 28.17 28.46 28.73 29 29.13 29.02 28.71 28.55 28.81 29.13 29.24 29.25 29.25 29.26 29.26 29.26 29.26
-9999 -9999 -9999 -9999 -9999 -9999 -9999 -9999 -9999 -9999 -9999 29.22 29.22 29.22 29.22 29.22 29.21 29.1 28.68 28.67 28.71 28.74 28.61 28.62 28.78 28.41 28.18 28.16 28.4 28.79 28.91 28.85 28.65 28.34 28.09 27.88 27.88 27.95 27.93 27.81 27.87 28.16 28.6 28.82 28.51 28.45 28.78 28.78 28.86 29.08 29.13 29.08 29.03 28.89 28.66 28.32 27.8 27.31 27.21 27.46 27.77 28.19 28.59 28.92 29.05 28.93 28.6 28.47 28.75 29.11 29.23 29.25 29.25 29.25 29.26 29.26 29.26
-9999 -9999 -9999 -9999 -9999 -9999 -9999 29.22 -9999 -9999 29.22 29.22 29.22 29.22 29.22 29.22 29.22 29.12 28.66 28.27 28.28 28.43 28.46 28.43 28.53 28.27 27.94 27.9 27.96 28.27 28.4 28.27 28.28 28.27 28.1 27.9 27.83 27.82 27.75 27.65 27.71 27.97 28.46 28.54 28.16 28.26 28.61 28.57 28.68 28.96 29.04 28.96 28.92 28.82 28.62 28.37 27.91 27.4 27.15 27.26 27.56 28.1 28.58 28.85 28.88 28.72 28.43 28.43 28.82 29.14 29.24 29.25 29.25 29.24 29.22 29.22 29.21
-9999 -9999 -9999 -9999 -9999 -9999 29.21 29.21 29.21 29.21 29.21 29.21 29.21 29.21 29.21 29.22 29.21 29.11 28.63 28.18 28.08 28.16 28.23 28.23 28.28 28.09 27.77 27.73 27.74 27.95 28.05 27.86 27.83 27.89 27.78 27.73 27.67 27.61 27.52 27.45 27.59 27.89 28.28 28.21 27.89 28.04 28.35 28.35 28.48 28.76 28.88 28.83 28.74 28.62 28.28 28.05 27.73 27.31 26.98 27.05 27.43 28.03 28.53 28.67 28.62 28.37 28.16 28.4 28.85 29.17 29.25 29.25 29.24 29.16 29.04 28.97 28.99
-9999 -9999 -9999 -9999 -9999 29.21 29.21 29.21 29.21 29.21 29.21 29.21 29.21 29.21 29.21 29.21 29.16 28.93 28.37 28.05 27.95 27.93 27.98 28.02 28.05 27.94 27.63 27.58 27.6 27.7 27.78 27.63 27.53 27.59 27.58 27.57 27.49 27.36 27.24 27.26 27.5 27.78 28.05 27.85 27.68 27.83 27.99 28.1 28.25 28.46 28.58 28.67 28.52 28.4 27.94 27.56 27.35 27.07 26.84 26.97 27.32 27.91 28.35 28.32 28.22 27.95 27.91 28.32 28.83 29.16 29.25 29.25 29.23 29.1 28.78 28.58 28.67
-9999 -9999 -9999 -9999 29.21 29.21 29.21 29.21 29.21 29.21 29.21 29.21 29.21 29.21 29.21 29.2 29.12 28.59 28.08 27.91 27.82 27.73 27.71 27.79 27.88 27.8 27.55 27.44 27.47 27.5 27.58 27.46 27.29 27.33 27.42 27.4 27.31 27.15 27.03 27.19 27.46 27.69 27.75 27.56 27.44 27.55 27.65 27.81 27.93 28.02 28.13 28.43 28.25 27.89 27.55 27.22 27.03 26.81 26.8 27.02 27.25 27.49 27.75 27.74 27.69 27.57 27.81 28.34 28.84 29.16 29.24 29.25 29.22 29.12 28.89 28.62 28.43
-9999 -9999 -9999 -9999 29.21 29.21 29.21 29.21 29.21 29.21 29.21 29.21 29.21 29.21 29.21 29.18 29.08 28.37 27.85 27.77 27.71 27.6 27.51 27.57 27.72 27.68 27.52 27.36 27.35 27.34 27.41 27.35 27.13 27.14 27.29 27.25 27.15 27.03 26.92 27.12 27.37 27.57 27.56 27.33 27.21 27.33 27.5 27.61 27.62 27.63 27.64 28 27.92 27.39 27.16 27.06 26.93 26.71 26.75 26.93 27.06 27.19 27.17 27.1 27.15 27.51 28.04 28.51 28.91 29.15 29.23 29.24 29.21 29.12 28.91 28.63 28.24
-9999 -9999 -9999 29.2 29.2 29.2 29.2 29.2 29.2 29.19 29.18 29.19 29.2 29.2 29.19 29.12 28.89 28.25 27.71 27.63 27.6 27.51 27.43 27.39 27.53 27.54 27.44 27.31 27.22 27.18 27.2 27.21 27.02 26.98 27.17 27.15 27 26.89 26.83 27.04 27.27 27.41 27.37 27.18 27.06 27.23 27.38 27.42 27.37 27.29 27.26 27.57 27.54 27.13 26.88 26.85 26.81 26.65 26.65 26.75 26.87 26.96 26.87 26.85 27.14 27.7 28.22 28.62 28.95 29.15 29.21 29.22 29.19 29.12 28.95 28.62 28.12
-9999 29.2 29.2 29.2 29.2 29.2 29.18 29.15 29.16 29.15 29.08 29.13 29.19 29.2 29.16 28.94 28.51 28.12 27.68 27.53 27.5 27.42 27.35 27.26 27.36 27.4 27.31 27.22 27.12 26.99 26.95 27.02 26.91 26.8 26.99 27.05 26.88 26.72 26.73 26.95 27.12 27.2 27.17 27.06 26.94 27.09 27.18 27.16 27.13 26.97 26.99 27.24 27.27 26.97 26.69 26.65 26.69 26.52 26.45 26.52 26.66 26.74 26.63 26.75 27.2 27.82 28.31 28.67 28.93 29.1 29.17 29.18 29.11 29.01 28.87 28.57 28.04
29.2 29.2 29.2 29.2 29.2 29.19 29.1 28.96 28.96 29.05 28.93 29.04 29.15 29.15 29.09 28.62 28.13 27.89 27.61 27.47 27.41 27.32 27.27 27.18 27.23 27.27 27.16 27.08 27.03 26.87 26.77 26.89 26.82 26.64 26.78 26.84 26.65 26.52 26.61 26.79 26.89 26.96 26.95 26.91 26.76 26.87 26.98 26.94 26.93 26.78 26.82 26.95 26.99 26.82 26.57 26.47 26.52 26.38 26.31 26.39 26.45 26.48 26.43 26.7 27.24 27.85 28.33 28.65 28.86 28.99 29.11 29.14 29.06 28.88 28.67 28.43 28.05
29.19 29.19 29.19 29.19 29.19 29.17 29.03 28.78 28.64 28.77 28.77 28.88 28.93 28.77 28.5 28.06 27.7 27.63 27.44 27.31 27.28 27.21 27.16 27.1 27.08 27.13 27.02 26.92 26.89 26.8 26.68 26.77 26.71 26.49 26.53 26.59 26.31 26.17 26.36 26.55 26.71 26.84 26.86 26.78 26.67 26.69 26.8 26.75 26.73 26.62 26.56 26.62 26.7 26.55 26.39 26.36 26.44 26.44 26.51 26.59 26.48 26.42 26.45 26.71 27.32 27.87 28.23 28.5 28.66 28.77 28.92 29.05 29.08 28.96 28.77 28.56 28.36
29.19 29.19 29.19 29.19 29.19 29.17 29.06 28.79 28.54 28.45 28.44 28.45 28.36 28.12 27.85 27.54 27.32 27.41 27.3 27.09 27.06 27.07 27 26.96 26.87 26.9 26.83 26.72 26.66 26.57 26.48 26.6 26.53 26.21 26.17 26.24 26.28 26.35 26.65 27 27.26 27.42 27.45 27.42 27.18 26.92 26.73 26.56 26.54 26.45 26.32 26.31 26.39 26.36 26.42 26.69 26.9 27 27.06 27.2 27.08 26.83 26.71 26.7 27.24 27.7 27.97 28.17 28.27 28.36 28.61 28.88 29.03 29.01 28.88 28.72 28.52
29.19 29.19 29.19 29.19 29.18 29.15 29.03 28.73 28.47 28.24 28.05 27.98 27.88 27.65 27.45 27.27 27.11 27.17 27.17 26.95 26.86 26.88 26.79 26.76 26.64 26.61 26.59 26.45 26.31 26.19 26.15 26.26 26.22 25.92 26.14 26.51 26.8 27.02 27.42 27.82 28.04 28.15 28.15 28.18 27.97 27.73 27.44 27.2 27.04 26.68 26.28 26.2 26.32 26.51 26.7 27.21 27.61 27.73 27.74 27.9 27.86 27.63 27.23 26.99 27.11 27.32 27.53 27.68 27.83 28.03 28.41 28.72 28.94 28.94 28.73 28.56 28.34
29.19 29.19 29.18 29.18 29.15 29.02 28.84 28.6 28.37 28.13 27.89 27.71 27.55 27.35 27.18 27.13 27.03 27.02 26.99 26.82 26.73 26.75 26.74 26.66 26.54 26.42 26.4 26.4 26.38 26.34 26.28 26.16 26 26.2 26.65 27.16 27.5 27.75 28.03 28.32 28.51 28.6 28.58 28.59 28.47 28.34 28.17 28 27.8 27.45 26.89 26.43 26.53 26.81 27.09 27.62 28.14 28.29 28.31 28.38 28.32 28.18 27.85 27.66 27.53 27.35 27.26 27.43 27.77 28.14 28.47 28.71 28.89 28.83 28.5 28.22 27.99
29.18 29.18 29.16 29.11 29.08 28.89 28.64 28.44 28.23 28.01 27.76 27.55 27.36 27.26 27.35 27.55 27.72 27.63 27.35 27.05 27.14 27.41 27.61 27.48 27.14 26.84 26.78 26.76 26.79 26.82 26.79 26.6 26.51 26.83 27.22 27.66 28.11 28.32 28.47 28.7 28.84 28.92 28.93 28.92 28.83 28.72 28.6 28.47 28.29 28.05 27.59 27.11 26.94 27.35 27.69 27.98 28.41 28.63 28.69 28.7 28.63 28.5 28.33 28.2 28.06 27.86 27.63 27.55 27.82 28.08 28.28 28.55 28.78 28.8 28.52 28.1 27.86
29.18 29.16 29.06 28.88 28.81 28.73 28.51 28.28 28.03 27.82 27.64 27.51 27.45 27.66 28.04 28.21 28.24 28.2 28.03 27.73 27.82 28.1 28.26 28.18 27.78 27.49 27.54 27.39 27.39 27.54 27.55 27.38 27.28 27.62 27.93 28.15 28.51 28.7 28.83 28.98 29.07 29.12 29.14 29.14 29.09 29.01 28.9 28.79 28.63 28.41 28.16 27.94 27.78 27.97 28.34 28.5 28.71 28.86 28.92 28.92 28.85 28.75 28.63 28.51 28.38 28.21 27.98 27.71 27.54 27.69 27.93 28.24 28.58 28.73 28.65 28.37 28.15
29.17 29.12 28.96 28.74 28.58 28.53 28.4 28.14 27.84 27.61 27.66 27.86 28.02 28.19 28.41 28.52 28.55 28.52 28.46 28.38 28.42 28.54 28.59 28.51 28.18 28.17 28.26 28.17 28.15 28.22 28.27 28.19 28.11 28.26 28.44 28.6 28.86 28.98 29.08 29.14 29.18 29.19 29.19 29.19 29.18 29.16 29.11 29.03 28.9 28.76 28.63 28.52 28.45 28.49 28.72 28.85 28.97 29.05 29.08 29.07 29 28.91 28.81 28.7 28.56 28.37 28.11 27.81 27.24 27.12 27.5 27.95 28.29 28.56 28.63 28.58 28.41
29.15 29.05 28.85 28.66 28.48 28.34 28.24 28.04 27.72 27.62 27.95 28.29 28.42 28.5 28.64 28.73 28.77 28.77 28.79 28.79 28.79 28.81 28.83 28.79 28.65 28.65 28.66 28.63 28.65 28.67 28.68 28.67 28.67 28.73 28.8 28.95 29.08 29.14 29.17 29.19 29.2 29.2 29.2 29.2 29.2 29.2 29.19 29.16 29.11 29.04 28.96 28.88 28.85 28.84 28.98 29.08 29.13 29.16 29.16 29.15 29.09 28.99 28.89 28.75 28.57 28.36 28.03 27.58 26.71 26.29 26.87 27.53 28 28.36 28.44 28.49 28.46
29.1 28.96 28.77 28.6 28.41 28.19 28.02 27.9 27.65 27.76 28.21 28.5 28.64 28.72 28.82 28.89 28.94 28.96 28.99 29 29.01 29.01 29.01 29 28.98 28.96 28.94 28.94 28.95 28.95 28.95 28.97 28.98 29 29.03 29.12 29.16 29.18 29.19 29.19 29.2 29.2 29.2 29.2 29.2 29.2 29.2 29.2 29.2 29.18 29.16 29.12 29.1 29.11 29.15 29.18 29.19 29.19 29.19 29.17 29.11 28.96 28.84 28.64 28.38 28.17 27.91 27.28 26.29 25.96 26.6 27.28 27.88 28.13 28.15 28.25 28.25
28.94 28.8 28.66 28.5 28.34 28.12 27.85 27.7 27.56 27.86 28.33 28.62 28.78 28.89 28.97 29.02 29.05 29.08 29.09 29.11 29.12 29.12 29.12 29.13 29.12 29.11 29.1 29.1 29.1 29.1 29.1 29.11 29.12 29.13 29.14 29.17 29.18 29.19 29.19 29.19 29.19 29.19 29.2 29.2 29.2 29.2 29.2 29.2 29.21 29.21 29.21 29.2 29.19 29.2 29.21 29.21 29.21 29.21 29.19 29.17 29.08 28.91 28.73 28.39 28.02 27.75 27.55 27.01 26.16 25.85 26.49 27.14 27.56 27.7 27.74 27.88 27.96
28.77 28.64 28.53 28.37 28.2 28.02 27.74 27.49 27.46 27.88 28.35 28.66 28.87 29 29.07 29.09 29.11 29.12 29.13 29.14 29.15 29.16 29.16 29.16 29.16 29.16 29.16 29.16 29.16 29.16 29.16 29.16 29.16 29.17 29.18 29.18 29.18 29.18 29.19 29.19 29.19 29.19 29.19 29.19 29.2 29.2 29.2 29.2 29.2 29.2 29.21 29.21 29.21 29.21 29.21 29.21 29.22 29.21 29.19 29.11 28.89 28.64 28.44 28 27.65 27.27 26.9 26.43 25.91 25.89 26.41 26.86 26.93 27.02 27.23 27.51 27.75
28.69 28.5 28.34 28.2 28.04 27.84 27.61 27.37 27.42 27.87 28.36 28.71 28.93 29.06 29.1 29.11 29.12 29.12 29.13 29.14 29.15 29.16 29.16 29.16 29.16 29.16 29.16 29.17 29.17 29.17 29.17 29.17 29.17 29.17 29.18 29.18 29.18 29.18 29.18 29.19 29.19 29.19 29.19 29.19 29.19 29.2 29.2 29.2 29.2 29.2 29.2 29.21 29.21 29.21 29.21 29.21 29.21 29.21 29.16 28.96 28.55 28.22 28.01 27.61 27.2 26.72 26.31 26.07 25.91 25.97 26.28 26.42 26.34 26.6 27.03 27.42 27.68
28.56 28.41 28.19 27.98 27.84 27.68 27.44 27.24 27.45 27.96 28.44 28.77 28.98 29.08 29.11 29.1 29.09 29.08 29.08 29.1 29.12 29.14 29.14 29.14 29.15 29.16 29.16 29.16 29.16 29.17 29.17 29.17 29.17 29.17 29.17 29.17 29.18 29.18 29.18 29.18 29.18 29.19 29.19 29.19 29.19 29.19 29.2 29.2 29.2 29.2 29.2 29.2 29.2 29.21 29.21 29.21 29.21 29.2 29.1 28.75 28.38 28.05 27.78 27.46 27.05 26.58 26.31 26.41 26.48 26.35 26.17 26.09 26.21 26.75 27.21 27.43 27.55
