ASPA-UH-SWB2_REPO/input/Gridded_temps/prism_tmax_tutuila_30yr_normal_06.asc
ncols         350
nrows         200
xllcorner     515000
yllcorner     8409000
cellsize      100
NODATA_value  -9999
[rows 70 to 104 of 200, columns 77 to 153 of 350]
-9999 -9999 -9999 -9999 -9999 -9999 -9999 -9999 -9999 -9999 -9999 -9999 -9999 -9999 -9999 -9999 -9999 -9999 -9999 -9999 -9999 -9999 -9999 -9999 -9999 -9999 -9999 -9999 -9999 -9999 -9999 -9999 -9999 -9999 -9999 -9999 -9999 -9999 -9999 -9999 -9999 -9999 -9999 -9999 -9999 -9999 -9999 -9999 -9999 -9999 -9999 -9999 -9999 -9999 -9999 -9999 -9999 -9999 -9999 -9999 -9999 -9999 -9999 -9999 -9999 29.62 29.62 29.62 29.62 29.62 29.61 29.57 29.44 29.34 29.16 28.87 28.81
-9999 -9999 -9999 -9999 -9999 -9999 -9999 -9999 -9999 -9999 -9999 -9999 -9999 -9999 -9999 -9999 -9999 -9999 -9999 -9999 -9999 -9999 -9999 -9999 -9999 -9999 -9999 -9999 -9999 -9999 -9999 -9999 -9999 -9999 -9999 -9999 -9999 -9999 -9999 -9999 -9999 -9999 -9999 -9999 -9999 -9999 -9999 -9999 -9999 -9999 -9999 -9999 -9999 -9999 -9999 -9999 -9999 -9999 -9999 -9999 -9999 -9999 -9999 -9999 29.62 29.62 29.62 29.62 29.61 29.61 29.6 29.53 29.24 29.12 29.07 28.79 28.55
-9999 -9999 -9999 -9999 -9999 -9999 -9999 -9999 -9999 -9999 -9999 -9999 -9999 -9999 -9999 -9999 -9999 -9999 -9999 -9999 -9999 -9999 -9999 -9999 -9999 -9999 -9999 -9999 -9999 -9999 -9999 -9999 -9999 -9999 -9999 -9999 -9999 -9999 -9999 -9999 -9999 -9999 -9999 -9999 -9999 -9999 -9999 -9999 -9999 -9999 -9999 -9999 -9999 -9999 -9999 -9999 -9999 -9999 -9999 -9999 -9999 -9999 -9999 29.62 29.62 29.62 29.61 29.61 29.61 29.61 29.6 29.53 29.18 28.95 28.93 28.76 28.42
-9999 -9999 -9999 -9999 -9999 -9999 -9999 -9999 -9999 -9999 -9999 -9999 -9999 -9999 -9999 -9999 -9999 -9999 -9999 -9999 -9999 -9999 -9999 -9999 -9999 -9999 -9999 -9999 -9999 -9999 -9999 -9999 -9999 -9999 -9999 -9999 -9999 -9999 -9999 -9999 -9999 -9999 -9999 -9999 -9999 -9999 -9999 -9999 -9999 -9999 -9999 -9999 -9999 -9999 -9999 -9999 -9999 -9999 -9999 -9999 -9999 -9999 29.62 29.62 29.61 29.61 29.61 29.61 29.61 29.61 29.6 29.56 29.35 28.98 28.72 28.64 28.39
-9999 -9999 -9999 -9999 -9999 -9999 -9999 -9999 -9999 -9999 -9999 -9999 -9999 -9999 -9999 -9999 -9999 -9999 -9999 -9999 -9999 -9999 -9999 -9999 -9999 -9999 -9999 -9999 -9999 -9999 -9999 -9999 -9999 -9999 -9999 -9999 -9999 -9999 -9999 -9999 -9999 -9999 -9999 -9999 -9999 -9999 -9999 -9999 -9999 -9999 -9999 -9999 -9999 -9999 -9999 -9999 -9999 -9999 -9999 -9999 -9999 29.62 29.61 29.61 29.61 29.61 29.61 29.6 29.6 29.6 29.6 29.56 29.33 28.96 28.57 28.47 28.36
-9999 -9999 -9999 -9999 -9999 -9999 -9999 -9999 -9999 -9999 -9999 -9999 -9999 -9999 -9999 -9999 -9999 -9999 -9999 -9999 -9999 -9999 -9999 -9999 -9999 -9999 -9999 -9999 -9999 -9999 -9999 -9999 -9999 -9999 -9999 -9999 -9999 -9999 -9999 -9999 -9999 -9999 -9999 -9999 -9999 -9999 -9999 -9999 -9999 -9999 -9999 -9999 -9999 -9999 -9999 -9999 -9999 -9999 -9999 29.62 29.62 29.61 29.61 29.61 29.61 29.6 29.6 29.6 29.6 29.6 29.59 29.56 29.39 28.99 28.51 28.26 28.17
-9999 -9999 -9999 -9999 -9999 -9999 -9999 -9999 -9999 -9999 -9999 -9999 -9999 -9999 -9999 -9999 -9999 -9999 -9999 -9999 -9999 -9999 -9999 -9999 -9999 -9999 -9999 -9999 -9999 -9999 -9999 -9999 -9999 -9999 -9999 -9999 -9999 -9999 -9999 -9999 -9999 -9999 -9999 -9999 -9999 -9999 -9999 -9999 -9999 -9999 -9999 -9999 -9999 -9999 -9999 -9999 -9999 29.62 29.62 29.62 29.61 29.61 29.61 29.6 29.6 29.6 29.6 29.6 29.59 29.59 29.58 29.52 29.3 28.85 28.42 28.1 27.98
-9999 -9999 -9999 -9999 -9999 -9999 -9999 -9999 -9999 -9999 -9999 -9999 -9999 -9999 -9999 -9999 -9999 -9999 -9999 -9999 -9999 -9999 -9999 -9999 -9999 -9999 -9999 -9999 -9999 -9999 -9999 -9999 -9999 -9999 -9999 -9999 -9999 -9999 -9999 -9999 -9999 -9999 -9999 -9999 -9999 -9999 -9999 -9999 -9999 -9999 -9999 -9999 -9999 -9999 -9999 29.62 29.62 29.62 29.61 29.61 29.61 29.6 29.59 29.59 29.6 29.6 29.59 29.59 29.59 29.59 29.56 29.43 29.14 28.79 28.52 28.3 28.2
-9999 -9999 -9999 -9999 -9999 -9999 29.79 -9999 -9999 -9999 -9999 -9999 -9999 -9999 -9999 -9999 -9999 -9999 -9999 -9999 -9999 -9999 -9999 -9999 -9999 -9999 -9999 -9999 29.72 29.72 29.71 -9999 -9999 -9999 -9999 -9999 -9999 -9999 -9999 -9999 -9999 -9999 -9999 -9999 -9999 -9999 -9999 -9999 -9999 -9999 -9999 -9999 -9999 -9999 29.62 29.62 29.62 29.61 29.61 29.6 29.6 29.58 29.54 29.54 29.58 29.59 29.59 29.58 29.58 29.58 29.55 29.43 29.22 29.02 28.9 28.77 28.63
-9999 -9999 -9999 -9999 -9999 29.79 29.79 29.79 29.78 29.78 -9999 -9999 -9999 -9999 -9999 -9999 -9999 -9999 -9999 -9999 -9999 -9999 -9999 -9999 -9999 -9999 -9999 29.72 29.72 29.72 29.71 29.71 -9999 -9999 -9999 -9999 -9999 -9999 -9999 -9999 -9999 -9999 -9999 -9999 -9999 -9999 -9999 -9999 -9999 -9999 -9999 -9999 -9999 29.62 29.62 29.62 29.61 29.61 29.6 29.6 29.59 29.53 29.4 29.41 29.53 29.58 29.58 29.58 29.58 29.58 29.56 29.52 29.44 29.32 29.25 29.1 28.87
-9999 -9999 -9999 -9999 29.79 29.79 29.79 29.79 29.78 29.78 29.78 -9999 -9999 -9999 -9999 -9999 -9999 -9999 -9999 -9999 -9999 -9999 -9999 -9999 29.74 29.74 -9999 29.72 29.72 29.72 29.71 29.71 29.71 -9999 -9999 -9999 -9999 -9999 -9999 -9999 -9999 -9999 -9999 -9999 -9999 -9999 -9999 -9999 -9999 -9999 -9999 -9999 29.62 29.62 29.62 29.61 29.61 29.6 29.6 29.58 29.56 29.45 29.22 29.18 29.38 29.51 29.54 29.55 29.57 29.57 29.57 29.57 29.55 29.5 29.44 29.26 29.09
-9999 -9999 -9999 29.8 29.79 29.79 29.79 29.79 29.79 29.78 29.78 29.78 -9999 -9999 -9999 -9999 -9999 -9999 -9999 -9999 -9999 -9999 29.75 29.74 29.74 29.74 29.73 29.73 29.72 29.72 29.71 29.71 29.71 29.7 -9999 -9999 -9999 -9999 -9999 -9999 -9999 -9999 -9999 -9999 -9999 -9999 -9999 -9999 -9999 -9999 -9999 29.62 29.62 29.62 29.61 29.61 29.6 29.59 29.57 29.51 29.43 29.17 28.88 28.89 29.07 29.25 29.32 29.4 29.52 29.55 29.56 29.56 29.56 29.55 29.51 29.43 29.34
-9999 29.8 29.8 29.8 29.8 29.79 29.79 29.79 29.79 29.79 29.78 29.78 29.78 -9999 -9999 -9999 -9999 -9999 -9999 -9999 29.75 29.75 29.75 29.74 29.74 29.74 29.73 29.73 29.72 29.72 29.71 29.71 29.71 29.7 29.7 -9999 -9999 -9999 -9999 -9999 -9999 -9999 -9999 -9999 -9999 -9999 -9999 -9999 -9999 -9999 29.62 29.62 29.62 29.61 29.61 29.6 29.58 29.54 29.48 29.27 28.89 28.53 28.41 28.52 28.7 28.88 29.03 29.19 29.36 29.49 29.55 29.56 29.56 29.55 29.53 29.49 29.43
29.81 29.8 29.8 29.8 29.8 29.8 29.8 29.79 29.79 29.79 29.79 29.78 29.78 29.78 -9999 29.78 -9999 -9999 29.76 29.76 29.76 29.75 29.75 29.75 29.74 29.74 29.73 29.73 29.72 29.72 29.72 29.71 29.71 29.7 29.7 29.69 29.69 -9999 -9999 -9999 -9999 -9999 -9999 -9999 29.65 29.64 -9999 29.63 29.63 29.63 29.62 29.62 29.61 29.61 29.6 29.55 29.48 29.33 29.03 28.85 28.68 28.35 28.15 28.17 28.27 28.54 28.84 29.04 29.23 29.44 29.53 29.55 29.55 29.54 29.49 29.45 29.39
29.81 29.81 29.81 29.8 29.8 29.79 29.76 29.79 29.8 29.79 29.79 29.79 29.78 29.78 29.78 29.78 29.78 29.77 29.77 29.76 29.76 29.75 29.75 29.75 29.74 29.74 29.74 29.73 29.71 29.69 29.68 29.71 29.71 29.7 29.7 29.69 29.69 29.68 -9999 -9999 -9999 -9999 -9999 29.65 29.65 29.64 29.64 29.63 29.63 29.62 29.62 29.61 29.61 29.6 29.55 29.4 29.25 29.15 28.86 28.58 28.37 28.13 27.89 27.88 28.11 28.61 28.99 29.25 29.42 29.51 29.54 29.55 29.53 29.46 29.28 29.28 29.3
29.81 29.81 29.81 29.81 29.79 29.67 29.61 29.74 29.79 29.79 29.79 29.79 29.79 29.78 29.78 29.78 29.78 29.77 29.77 29.76 29.76 29.76 29.75 29.75 29.74 29.74 29.73 29.71 29.62 29.56 29.56 29.68 29.71 29.7 29.7 29.69 29.68 29.68 29.68 -9999 -9999 29.66 29.66 29.65 29.65 29.64 29.63 29.63 29.62 29.62 29.62 29.61 29.6 29.57 29.47 29.27 29.04 28.91 28.71 28.4 28.06 27.86 27.78 27.9 28.33 28.75 29.04 29.3 29.46 29.51 29.53 29.52 29.48 29.34 29.06 29.02 29.06
29.82 29.81 29.81 29.81 29.75 29.46 29.28 29.56 29.75 29.8 29.8 29.79 29.79 29.79 29.78 29.78 29.78 29.78 29.77 29.77 29.76 29.76 29.74 29.73 29.68 29.68 29.7 29.61 29.38 29.36 29.48 29.66 29.7 29.7 29.7 29.69 29.68 29.68 29.67 29.67 29.66 29.66 29.66 29.65 29.64 29.64 29.63 29.63 29.62 29.62 29.61 29.61 29.6 29.57 29.47 29.19 28.9 28.7 28.51 28.21 27.88 27.78 28 28.25 28.49 28.76 29 29.22 29.41 29.48 29.48 29.46 29.4 29.28 29.04 28.84 28.77
29.81 29.81 29.79 29.76 29.64 29.23 29.01 29.24 29.65 29.78 29.8 29.8 29.79 29.79 29.79 29.78 29.78 29.78 29.77 29.77 29.76 29.74 29.68 29.55 29.45 29.51 29.54 29.39 29.27 29.4 29.59 29.69 29.71 29.7 29.69 29.69 29.68 29.68 29.67 29.67 29.66 29.66 29.65 29.65 29.64 29.63 29.63 29.62 29.62 29.61 29.61 29.6 29.6 29.59 29.51 29.17 28.79 28.52 28.26 27.96 27.72 27.9 28.3 28.58 28.71 28.89 29.09 29.22 29.36 29.43 29.4 29.33 29.24 29.15 28.98 28.73 28.48
29.75 29.74 29.62 29.52 29.25 28.91 28.96 29.27 29.63 29.79 29.8 29.8 29.8 29.79 29.78 29.77 29.78 29.78 29.77 29.76 29.72 29.64 29.49 29.21 29.18 29.29 29.25 29.23 29.32 29.52 29.66 29.71 29.71 29.69 29.66 29.65 29.66 29.67 29.67 29.67 29.66 29.66 29.65 29.64 29.61 29.6 29.62 29.61 29.6 29.59 29.58 29.57 29.57 29.57 29.48 29.14 28.72 28.39 28.03 27.7 27.61 27.98 28.41 28.7 28.88 29.02 29.17 29.27 29.34 29.36 29.31 29.19 29.04 28.91 28.76 28.57 28.25
29.56 29.6 29.35 29.12 28.86 28.74 28.97 29.37 29.68 29.8 29.81 29.8 29.76 29.77 29.72 29.68 29.76 29.76 29.71 29.69 29.62 29.44 29.27 29.03 29.11 29.15 29.03 29.12 29.35 29.57 29.64 29.69 29.69 29.63 29.51 29.45 29.51 29.62 29.67 29.67 29.66 29.66 29.64 29.58 29.44 29.41 29.53 29.53 29.47 29.49 29.52 29.46 29.47 29.5 29.43 29.17 28.79 28.36 27.97 27.59 27.52 27.93 28.34 28.62 28.82 28.98 29.11 29.22 29.27 29.27 29.2 29.07 28.86 28.62 28.37 28.17 28.01
29.38 29.45 29.19 28.9 28.65 28.61 28.9 29.32 29.65 29.79 29.81 29.78 29.61 29.61 29.54 29.56 29.71 29.68 29.51 29.51 29.47 29.24 29.14 28.96 29.01 29.04 28.9 29.04 29.34 29.51 29.5 29.63 29.66 29.56 29.32 29.15 29.27 29.54 29.65 29.67 29.66 29.64 29.59 29.43 29.17 29.12 29.31 29.33 29.18 29.24 29.39 29.29 29.23 29.33 29.36 29.22 28.95 28.51 28.11 27.7 27.51 27.8 28.14 28.37 28.6 28.81 29 29.1 29.15 29.13 29.03 28.91 28.7 28.35 27.88 27.51 27.51
29.26 29.31 29.05 28.74 28.49 28.57 28.88 29.28 29.62 29.79 29.81 29.76 29.51 29.32 29.28 29.41 29.6 29.54 29.31 29.31 29.31 29.1 29.02 28.87 28.87 28.91 28.78 28.95 29.28 29.34 29.35 29.58 29.63 29.5 29.22 29.04 29.18 29.5 29.65 29.66 29.64 29.58 29.47 29.24 28.96 28.89 29.02 29.06 28.91 28.94 29.19 29.15 28.94 29 29.17 29.16 29.03 28.77 28.38 27.95 27.63 27.62 27.8 28.1 28.45 28.73 28.93 28.92 28.98 28.96 28.8 28.67 28.56 28.23 27.55 26.88 26.88
29.07 29.17 28.95 28.62 28.48 28.75 29.08 29.36 29.63 29.79 29.81 29.76 29.52 29.19 29.08 29.23 29.47 29.46 29.23 29.2 29.18 28.97 28.89 28.73 28.69 28.75 28.68 28.85 29.16 29.15 29.28 29.55 29.61 29.49 29.17 29 29.17 29.46 29.62 29.66 29.61 29.44 29.31 29.17 28.87 28.68 28.74 28.79 28.64 28.64 28.97 29.02 28.76 28.69 28.91 28.92 28.88 28.79 28.61 28.26 27.79 27.5 27.61 28.02 28.4 28.65 28.75 28.59 28.78 28.78 28.58 28.34 28.29 27.97 27.26 26.51 26.5
28.91 29.06 28.85 28.53 28.58 28.97 29.31 29.55 29.71 29.79 29.79 29.72 29.52 29.18 28.99 29.15 29.39 29.35 29.12 29.08 29.05 28.81 28.74 28.59 28.5 28.57 28.55 28.73 28.94 28.97 29.19 29.43 29.54 29.49 29.18 28.94 29.01 29.25 29.54 29.64 29.55 29.2 29.08 29.09 28.87 28.57 28.44 28.46 28.36 28.33 28.66 28.75 28.58 28.4 28.52 28.47 28.44 28.42 28.41 28.29 27.92 27.55 27.62 27.98 28.22 28.45 28.41 28.28 28.57 28.55 28.35 27.96 27.75 27.54 26.91 26.3 26.24
28.77 28.94 28.71 28.4 28.6 29.07 29.47 29.66 29.74 29.77 29.74 29.63 29.39 29.08 28.91 29.11 29.21 29.22 29.08 28.98 28.92 28.7 28.56 28.47 28.35 28.41 28.42 28.58 28.68 28.78 29.03 29.19 29.39 29.43 29.12 28.83 28.84 29.05 29.41 29.59 29.54 29.19 28.89 28.89 28.83 28.54 28.26 28.14 28.06 28.03 28.21 28.34 28.33 28.08 28.05 27.98 27.86 27.86 27.96 28 27.75 27.47 27.54 27.74 27.89 28 27.99 28.08 28.33 28.26 27.97 27.54 27.08 26.86 26.5 26.16 26.22
28.69 28.75 28.5 28.35 28.59 29.09 29.5 29.65 29.69 29.69 29.61 29.43 29.13 28.87 28.77 28.95 28.94 28.98 29 28.88 28.81 28.65 28.4 28.34 28.25 28.24 28.26 28.43 28.44 28.57 28.8 29.04 29.32 29.37 29.01 28.74 28.78 28.94 29.09 29.49 29.54 29.26 28.81 28.65 28.7 28.56 28.29 28.01 27.81 27.74 27.79 27.95 28.01 27.83 27.68 27.62 27.39 27.35 27.53 27.59 27.48 27.22 27.18 27.32 27.53 27.63 27.6 27.84 27.87 27.79 27.55 26.99 26.59 26.4 26.18 26.02 26.33
28.43 28.39 28.4 28.57 28.85 29.22 29.48 29.54 29.52 29.55 29.4 29.18 28.82 28.56 28.62 28.81 28.73 28.78 28.88 28.73 28.59 28.59 28.46 28.31 28.12 28.05 28.11 28.21 28.17 28.34 28.72 29.14 29.35 29.23 28.83 28.58 28.64 28.73 28.83 29.27 29.53 29.36 28.84 28.5 28.42 28.41 28.33 28.12 27.85 27.67 27.55 27.61 27.7 27.56 27.37 27.29 27.15 27.12 27.21 27.28 27.21 27.01 26.97 27.04 27.12 27.18 27.19 27.26 27.23 27.16 26.95 26.51 26.32 26.29 26.21 26.13 26.27
28.12 28.18 28.46 28.82 29.17 29.41 29.48 29.4 29.28 29.4 29.32 29.06 28.73 28.39 28.52 28.7 28.59 28.66 28.77 28.65 28.39 28.39 28.27 28.24 28.11 27.95 27.96 27.99 27.97 28.24 28.68 29.13 29.31 29.05 28.6 28.37 28.41 28.5 28.67 29.11 29.5 29.38 28.92 28.48 28.23 28.12 28.15 28.12 27.98 27.79 27.52 27.31 27.21 27.12 27.09 27.11 27.24 27.48 27.56 27.54 27.45 27.37 27.42 27.35 27.26 27.29 27.17 27.17 26.96 26.66 26.48 26.41 26.41 26.4 26.35 26.21 26.22
28.08 28.34 28.69 29.07 29.33 29.39 29.32 29.19 29.09 29.25 29.18 28.96 28.69 28.32 28.38 28.51 28.42 28.51 28.62 28.45 28.21 28.19 28.06 28.07 27.95 27.83 27.79 27.82 27.92 28.19 28.44 28.73 29.06 28.97 28.52 28.21 28.2 28.36 28.66 29.11 29.43 29.26 28.84 28.5 28.22 28.02 27.93 27.89 27.8 27.64 27.46 27.21 26.97 26.84 26.94 27.28 27.67 28.01 28.11 27.94 27.78 27.68 27.76 27.71 27.61 27.72 27.61 27.57 27.39 27.05 26.72 26.64 26.64 26.55 26.42 26.32 26.36
28.17 28.58 28.93 29.22 29.26 29.16 29.11 28.97 28.91 29.12 29.05 28.81 28.56 28.24 28.23 28.33 28.21 28.25 28.38 28.18 27.97 27.96 27.89 27.84 27.7 27.64 27.66 27.79 27.9 28.08 28.24 28.46 28.79 28.93 28.55 28.2 28.14 28.37 28.69 29.05 29.35 29.18 28.88 28.6 28.35 28.11 27.9 27.76 27.63 27.49 27.32 27.1 26.88 26.76 26.97 27.47 27.98 28.32 28.47 28.28 28.02 27.86 27.99 27.99 27.94 28.02 27.98 27.86 27.63 27.24 26.88 26.82 26.76 26.57 26.44 26.6 26.79
28.24 28.66 29.03 29.23 29.06 28.83 28.79 28.71 28.67 28.91 28.93 28.78 28.54 28.19 28.09 28.15 28.06 28.01 28.14 28.07 27.85 27.68 27.58 27.54 27.54 27.67 27.79 27.92 27.99 28.12 28.32 28.53 28.79 28.79 28.5 28.22 28.15 28.4 28.72 29.08 29.31 29.12 28.84 28.61 28.4 28.18 27.97 27.83 27.67 27.49 27.24 26.98 26.81 26.75 27.04 27.55 28.01 28.43 28.66 28.57 28.2 28.08 28.23 28.24 28.24 28.3 28.18 27.89 27.56 27.17 26.99 26.91 26.77 26.57 26.49 26.79 27.08
28.25 28.69 29.02 29.17 28.98 28.64 28.44 28.37 28.4 28.6 28.61 28.52 28.41 28.14 27.95 27.94 27.93 27.87 27.96 27.98 27.79 27.48 27.26 27.36 27.61 27.9 28.08 28.18 28.24 28.3 28.46 28.66 28.8 28.6 28.37 28.13 28.08 28.4 28.84 29.15 29.21 29 28.76 28.42 28.21 28.08 27.97 27.84 27.69 27.52 27.28 27.01 26.86 26.78 27.05 27.56 28.04 28.53 28.75 28.72 28.42 28.37 28.53 28.51 28.53 28.51 28.25 27.84 27.49 27.22 27.14 26.95 26.81 26.75 26.69 26.95 27.24
28.27 28.58 28.93 29.08 28.93 28.6 28.18 28.01 28.08 28.23 28.23 28.18 28.18 28.05 27.86 27.74 27.74 27.7 27.75 27.82 27.7 27.46 27.22 27.44 27.75 28 28.19 28.32 28.44 28.53 28.57 28.61 28.6 28.41 28.19 27.98 28.06 28.44 28.85 29.14 29.02 28.77 28.71 28.44 28.16 27.94 27.82 27.67 27.51 27.37 27.19 26.99 26.82 26.78 27.13 27.65 28.09 28.57 28.81 28.85 28.68 28.67 28.78 28.75 28.69 28.54 28.27 27.94 27.56 27.34 27.27 26.99 26.95 27.07 26.99 27.06 27.34
28.21 28.48 28.88 28.96 28.74 28.46 28.03 27.73 27.73 27.85 27.88 27.9 27.93 27.82 27.69 27.53 27.49 27.5 27.58 27.67 27.54 27.39 27.26 27.4 27.7 28 28.21 28.36 28.5 28.58 28.49 28.39 28.32 28.23 28.01 27.94 28.22 28.63 28.91 29.1 28.93 28.55 28.47 28.31 28.14 27.97 27.81 27.63 27.44 27.27 27.07 26.87 26.73 26.94 27.45 27.85 28.21 28.57 28.84 28.95 28.9 28.9 28.92 28.83 28.63 28.31 28.06 27.83 27.67 27.55 27.32 27.08 27.14 27.33 27.42 27.23 27.39
28.09 28.4 28.82 28.91 28.72 28.35 27.93 27.6 27.49 27.52 27.57 27.63 27.64 27.51 27.46 27.39 27.31 27.31 27.44 27.52 27.39 27.24 27.21 27.34 27.64 27.95 28.15 28.26 28.39 28.49 28.4 28.21 28.07 28 27.86 28 28.42 28.76 28.94 28.84 28.59 28.27 28.17 28.04 27.95 27.87 27.76 27.6 27.43 27.26 27.04 26.82 26.81 27.21 27.68 28.04 28.37 28.67 28.89 29.02 29.03 29.02 28.94 28.72 28.39 28.1 28 28 27.96 27.69 27.25 27.18 27.33 27.45 27.68 27.56 27.45
