ASPA-UH-SWB2_REPO/input/Gridded_temps/prism_tmax_tutuila_30yr_normal_05.asc
ncols         350
nrows         200
xllcorner     515000
yllcorner     8409000
cellsize      100
NODATA_value  -9999
[rows 140 to 174 of 200, columns 77 to 153 of 350]
30.9 30.9 30.9 30.9 30.89 30.88 30.87 30.85 30.81 30.68 30.54 30.48 30.57 30.61 30.58 30.55 30.55 30.59 30.62 30.62 30.61 30.61 30.6 30.55 30.38 30.12 29.95 29.86 29.74 29.68 29.69 29.75 29.77 29.71 29.69 29.75 29.86 29.93 29.94 29.93 29.92 29.91 29.89 29.88 29.86 29.86 29.85 29.84 29.84 29.85 29.85 29.85 29.85 29.85 29.85 29.85 29.86 29.85 29.85 29.85 29.85 29.85 29.85 29.85 29.86 29.87 29.88 29.89 29.89 29.89 29.89 29.89 29.91 29.91 29.92 29.93 29.94
30.9 30.9 30.9 30.9 30.89 30.87 30.85 30.84 30.82 30.76 30.65 30.61 30.65 30.65 30.64 30.62 30.62 30.61 30.61 30.61 30.61 30.6 30.59 30.54 30.36 30.14 30.06 29.94 29.8 29.76 29.77 29.8 29.81 29.77 29.74 29.75 29.82 29.9 29.93 29.92 29.91 29.9 29.89 29.88 29.87 29.87 29.86 29.85 29.85 29.86 29.86 29.86 29.87 29.87 29.87 29.87 29.87 29.86 29.86 29.85 29.85 29.85 29.85 29.86 29.86 29.87 29.88 29.89 29.89 29.9 29.9 29.9 29.92 29.93 29.94 29.95 29.96
30.9 30.9 30.9 30.9 30.89 30.86 30.83 30.81 30.79 30.75 30.68 30.66 30.66 30.66 30.64 30.63 30.62 30.61 30.6 30.59 30.59 30.59 30.58 30.55 30.48 30.39 30.3 30.09 29.89 29.84 29.81 29.8 29.82 29.81 29.8 29.78 29.81 29.88 29.91 29.91 29.91 29.9 29.9 29.89 29.87 29.87 29.87 29.86 29.86 29.87 29.87 29.87 29.88 29.88 29.88 29.88 29.87 29.87 29.86 29.86 29.86 29.85 29.85 29.85 29.86 29.87 29.88 29.89 29.89 29.9 29.9 29.92 29.93 29.95 29.96 29.96 29.96
30.9 30.9 30.9 30.9 30.88 30.85 30.81 30.78 30.75 30.71 30.69 30.68 30.67 30.66 30.64 30.63 30.62 30.6 30.59 30.58 30.58 30.58 30.57 30.56 30.53 30.5 30.44 30.28 30.05 29.93 29.82 29.73 29.74 29.78 29.79 29.8 29.83 29.87 29.9 29.91 29.9 29.9 29.9 29.89 29.87 29.87 29.87 29.86 29.86 29.87 29.88 29.89 29.9 29.9 29.89 29.88 29.87 29.87 29.87 29.87 29.86 29.85 29.85 29.86 29.86 29.87 29.87 29.88 29.89 29.9 29.91 29.92 29.94 29.96 29.97 29.97 29.96
30.9 30.9 30.9 30.89 30.87 30.84 30.8 30.76 30.73 30.7 30.69 30.68 30.67 30.66 30.65 30.64 30.62 30.61 30.59 30.58 30.57 30.57 30.56 30.55 30.53 30.51 30.47 30.38 30.2 30 29.78 29.61 29.65 29.72 29.77 29.8 29.83 29.87 29.89 29.9 29.9 29.9 29.9 29.89 29.87 29.87 29.87 29.87 29.87 29.88 29.89 29.91 29.91 29.91 29.9 29.89 29.89 29.88 29.87 29.87 29.86 29.86 29.86 29.86 29.86 29.87 29.88 29.88 29.89 29.9 29.91 29.93 29.94 29.97 29.97 29.97 29.97
30.9 30.9 30.89 30.87 30.85 30.83 30.79 30.75 30.73 30.71 30.7 30.69 30.68 30.67 30.66 30.65 30.63 30.61 30.59 30.58 30.57 30.56 30.55 30.54 30.52 30.51 30.48 30.41 30.25 30 29.75 29.6 29.72 29.84 29.85 29.82 29.82 29.86 29.89 29.9 29.9 29.9 29.9 29.89 29.88 29.87 29.88 29.88 29.88 29.89 29.9 29.92 29.92 29.92 29.91 29.9 29.89 29.89 29.88 29.87 29.87 29.86 29.86 29.86 29.86 29.87 29.87 29.88 29.89 29.91 29.92 29.93 29.95 29.96 29.97 29.97 29.97
30.9 30.9 30.88 30.85 30.83 30.81 30.78 30.76 30.74 30.72 30.71 30.71 30.7 30.69 30.67 30.65 30.64 30.62 30.6 30.59 30.58 30.56 30.54 30.53 30.51 30.5 30.48 30.43 30.3 30.06 29.8 29.64 29.87 30.07 30.07 29.92 29.82 29.85 29.89 29.9 29.9 29.9 29.9 29.9 29.9 29.89 29.89 29.89 29.9 29.9 29.92 29.93 29.93 29.93 29.92 29.91 29.9 29.89 29.88 29.88 29.87 29.87 29.86 29.86 29.86 29.86 29.87 29.89 29.91 29.91 29.92 29.93 29.94 29.96 29.97 29.97 29.97
30.9 30.9 30.87 30.85 30.82 30.8 30.78 30.77 30.76 30.74 30.73 30.73 30.72 30.7 30.68 30.66 30.64 30.62 30.6 30.59 30.58 30.57 30.54 30.53 30.51 30.49 30.47 30.44 30.36 30.22 29.96 29.74 29.9 30.12 30.14 29.97 29.84 29.85 29.89 29.91 29.91 29.92 29.92 29.93 29.93 29.92 29.91 29.91 29.92 29.92 29.93 29.94 29.94 29.94 29.93 29.92 29.91 29.9 29.89 29.88 29.88 29.87 29.86 29.86 29.85 29.87 29.88 29.91 29.92 29.92 29.93 29.94 29.95 29.97 29.97 29.98 29.97
30.9 30.89 30.87 30.84 30.81 30.79 30.78 30.78 30.78 30.77 30.76 30.75 30.74 30.71 30.69 30.67 30.65 30.62 30.6 30.59 30.58 30.57 30.55 30.52 30.5 30.48 30.46 30.43 30.39 30.3 30.15 29.94 29.89 29.99 30.04 29.92 29.84 29.86 29.9 29.93 29.94 29.95 29.96 29.96 29.96 29.95 29.94 29.94 29.94 29.94 29.95 29.95 29.95 29.94 29.93 29.93 29.92 29.91 29.9 29.9 29.89 29.88 29.87 29.87 29.87 29.89 29.9 29.92 29.93 29.93 29.94 29.95 29.96 29.97 29.98 29.98 29.98
30.9 30.89 30.87 30.83 30.81 30.8 30.79 30.79 30.79 30.78 30.78 30.77 30.74 30.72 30.69 30.68 30.66 30.63 30.61 30.6 30.59 30.57 30.55 30.52 30.49 30.47 30.44 30.41 30.37 30.32 30.23 30.11 29.99 29.95 29.96 29.91 29.89 29.9 29.92 29.95 29.96 29.98 29.98 29.98 29.98 29.97 29.96 29.96 29.96 29.95 29.95 29.95 29.95 29.94 29.94 29.94 29.93 29.92 29.92 29.91 29.9 29.9 29.9 29.89 29.9 29.91 29.92 29.93 29.94 29.95 29.96 29.97 29.98 29.98 29.99 29.99 29.99
30.9 30.9 30.88 30.84 30.82 30.8 30.8 30.8 30.79 30.79 30.78 30.77 30.74 30.72 30.7 30.68 30.67 30.64 30.62 30.6 30.59 30.57 30.55 30.52 30.49 30.46 30.44 30.4 30.35 30.3 30.23 30.16 30.09 30.02 29.99 29.97 29.96 29.95 29.95 29.96 29.99 30 30 30 29.99 29.98 29.97 29.97 29.96 29.95 29.94 29.94 29.94 29.95 29.95 29.95 29.94 29.93 29.93 29.93 29.92 29.92 29.92 29.92 29.92 29.93 29.95 29.96 29.97 29.98 29.99 29.99 30 30 29.99 29.99 29.99
30.9 30.9 30.89 30.85 30.83 30.82 30.81 30.81 30.8 30.79 30.79 30.77 30.75 30.73 30.72 30.7 30.68 30.65 30.63 30.61 30.6 30.57 30.54 30.52 30.49 30.46 30.43 30.39 30.34 30.29 30.22 30.16 30.11 30.06 30.03 30.02 30.01 30 29.98 29.99 30.01 30.02 30.01 30.01 30 29.99 29.98 29.97 29.96 29.95 29.94 29.94 29.95 29.96 29.96 29.96 29.95 29.95 29.94 29.94 29.95 29.95 29.95 29.95 29.94 29.95 29.98 30 30 30 30.01 30.01 30 30 30 30 29.99
30.9 30.9 30.89 30.87 30.84 30.83 30.82 30.82 30.81 30.8 30.79 30.77 30.75 30.75 30.73 30.71 30.69 30.66 30.65 30.62 30.6 30.57 30.54 30.52 30.49 30.45 30.42 30.38 30.33 30.29 30.23 30.16 30.11 30.07 30.05 30.04 30.02 30.01 30.01 30.01 30.03 30.03 30.02 30.02 30.01 30 29.99 29.98 29.97 29.96 29.95 29.96 29.97 29.98 29.98 29.98 29.97 29.96 29.95 29.95 29.96 29.97 29.97 29.96 29.97 29.98 30.02 30.03 30.03 30.02 30.02 30.01 30.01 30.01 30 30 -9999
30.9 30.9 30.9 30.88 30.87 30.85 30.83 30.82 30.81 30.8 30.79 30.78 30.77 30.75 30.74 30.71 30.69 30.67 30.66 30.64 30.61 30.58 30.54 30.51 30.48 30.45 30.41 30.37 30.32 30.28 30.23 30.17 30.11 30.07 30.05 30.03 30.01 30.01 30.01 30.01 30.02 30.03 30.02 30.02 30.02 30.01 30 29.99 29.98 29.97 29.97 29.97 29.98 29.99 30 30 29.99 29.98 29.97 29.97 29.98 29.98 29.98 29.98 29.99 30.01 30.04 30.04 30.04 30.03 30.02 30.02 30.01 30.01 30.01 -9999 -9999
30.9 30.9 30.9 30.9 30.89 30.88 30.85 30.83 30.81 30.8 30.79 30.78 30.77 30.76 30.74 30.72 30.71 30.69 30.67 30.66 30.62 30.59 30.55 30.51 30.48 30.45 30.42 30.38 30.33 30.28 30.22 30.17 30.14 30.1 30.05 30 29.98 29.99 29.98 29.98 30 30.01 30.01 30.01 30.01 30.01 30 30 30 29.99 29.99 29.99 30 30.01 30.02 30.01 30 29.99 29.98 29.98 29.99 29.99 29.99 29.99 30.01 30.04 30.05 30.05 30.04 30.04 30.03 30.02 30.02 30.02 -9999 -9999 -9999
30.91 30.9 30.9 30.9 30.9 30.88 30.85 30.83 30.81 30.8 30.78 30.78 30.78 30.77 30.75 30.73 30.72 30.7 30.68 30.66 30.63 30.59 30.55 30.53 30.5 30.47 30.44 30.39 30.33 30.27 30.2 30.19 30.18 30.15 30.07 29.98 29.93 29.92 29.91 29.9 29.93 29.96 29.96 29.97 29.98 29.99 29.99 30 30 30 30 30 30.01 30.02 30.04 30.04 30.02 30.01 30 30 30 30.01 30.02 30.03 30.05 30.07 30.07 30.06 30.05 30.05 30.04 30.03 30.03 -9999 -9999 -9999 -9999
30.9 30.9 30.9 30.9 30.9 30.88 30.85 30.83 30.81 30.8 30.78 30.78 30.78 30.77 30.76 30.75 30.73 30.71 30.69 30.67 30.64 30.6 30.57 30.54 30.51 30.48 30.43 30.38 30.33 30.27 30.21 30.22 30.23 30.19 30.09 29.97 29.92 29.88 29.85 29.81 29.8 29.83 29.85 29.88 29.91 29.94 29.96 29.97 29.98 30 30 30 30.02 30.03 30.05 30.06 30.05 30.04 30.04 30.04 30.04 30.05 30.06 30.08 30.09 30.08 30.07 30.07 30.06 30.05 30.05 30.04 -9999 -9999 -9999 -9999 -9999
30.9 30.9 30.9 30.9 30.9 30.87 30.85 30.83 30.81 30.8 30.79 30.78 30.78 30.78 30.77 30.76 30.74 30.73 30.71 30.68 30.64 30.61 30.58 30.54 30.5 30.45 30.4 30.34 30.29 30.24 30.2 30.22 30.22 30.17 30.04 29.94 29.96 30.01 30.02 29.94 29.84 29.79 29.76 29.77 29.82 29.87 29.91 29.93 29.95 29.97 29.99 30 30.02 30.04 30.07 30.07 30.08 30.07 30.07 30.07 30.07 30.09 30.1 30.11 30.1 30.09 30.08 30.08 30.07 30.06 30.05 -9999 -9999 -9999 -9999 -9999 -9999
30.9 30.9 30.9 30.9 30.89 30.87 30.85 30.83 30.81 30.8 30.8 30.79 30.79 30.79 30.77 30.76 30.75 30.74 30.71 30.68 30.64 30.6 30.57 30.53 30.47 30.4 30.33 30.27 30.22 30.18 30.17 30.2 30.17 30.07 29.93 29.9 30.02 30.16 30.25 30.21 30.1 29.99 29.85 29.77 29.8 29.87 29.89 29.9 29.92 29.95 29.98 30 30.03 30.06 30.08 30.1 30.1 30.1 30.1 30.11 30.12 30.12 30.13 30.12 30.12 30.1 30.09 30.08 30.08 -9999 -9999 -9999 -9999 -9999 -9999 -9999 -9999
30.9 30.9 30.9 30.9 30.89 30.87 30.85 30.83 30.81 30.8 30.8 30.8 30.8 30.8 30.78 30.77 30.75 30.73 30.7 30.66 30.61 30.56 30.53 30.49 30.42 30.34 30.28 30.24 30.22 30.21 30.21 30.2 30.13 29.98 29.87 29.95 30.13 30.27 30.35 30.35 30.31 30.23 30.06 29.9 29.89 29.93 29.94 29.91 29.92 29.95 29.98 30 30.04 30.07 30.1 30.12 30.13 30.13 30.13 30.15 30.15 30.15 30.15 30.14 30.13 30.11 30.1 30.09 30.08 -9999 -9999 -9999 -9999 -9999 -9999 -9999 -9999
30.9 30.9 30.9 30.9 30.89 30.87 30.85 30.83 30.81 30.8 30.8 30.81 30.81 30.81 30.79 30.77 30.74 30.72 30.68 30.63 30.57 30.52 30.48 30.42 30.33 30.27 30.25 30.24 30.25 30.27 30.27 30.24 30.16 30.02 29.94 30.04 30.22 30.34 30.39 30.41 30.39 30.35 30.23 30.07 30.01 30.01 30.02 30.01 29.99 29.99 29.99 30 30.04 30.08 30.12 30.14 30.16 30.17 30.17 30.18 30.18 30.17 30.16 30.14 30.13 30.12 30.11 -9999 -9999 -9999 -9999 -9999 -9999 -9999 -9999 -9999 -9999
30.9 30.9 30.9 30.9 30.9 30.88 30.87 30.84 30.82 30.81 30.81 30.81 30.82 30.81 30.79 30.76 30.73 30.69 30.64 30.6 30.54 30.49 30.42 30.32 30.23 30.2 30.19 30.16 30.17 30.22 30.26 30.26 30.21 30.12 30.04 30.08 30.23 30.35 30.4 30.43 30.44 30.39 30.28 30.12 30.05 30.04 30.08 30.1 30.08 30.03 30 30.01 30.04 30.08 30.13 30.15 30.17 30.2 30.21 30.2 30.19 30.18 30.16 30.15 30.14 30.13 -9999 -9999 -9999 -9999 -9999 -9999 -9999 -9999 -9999 -9999 -9999
30.9 30.9 30.9 30.9 30.9 30.9 30.88 30.87 30.84 30.83 30.82 30.82 30.83 30.81 30.78 30.75 30.71 30.67 30.63 30.59 30.53 30.46 30.34 30.21 30.13 30.1 30.07 30.03 30 30.04 30.16 30.22 30.23 30.2 30.13 30.09 30.2 30.33 30.4 30.44 30.47 30.4 30.26 30.13 30.05 30.03 30.09 30.14 30.13 30.06 30.01 30.01 30.04 30.09 30.13 30.16 30.19 30.22 30.23 30.21 30.2 30.19 30.17 30.16 30.15 -9999 -9999 -9999 -9999 -9999 -9999 -9999 -9999 -9999 -9999 -9999 -9999
-9999 30.9 30.9 30.9 30.9 30.9 30.9 30.89 30.88 30.87 30.86 30.85 30.85 30.82 30.78 30.74 30.7 30.66 30.62 30.57 30.5 30.41 30.29 30.13 30.02 30 30.01 29.99 29.94 29.93 30.02 30.13 30.18 30.23 30.21 30.12 30.17 30.31 30.4 30.46 30.51 30.46 30.39 30.31 30.19 30.08 30.12 30.18 30.17 30.09 30.03 30.02 30.05 30.09 30.14 30.17 30.21 30.25 30.24 30.23 30.21 30.2 30.19 30.17 -9999 -9999 -9999 -9999 -9999 -9999 -9999 -9999 -9999 -9999 -9999 -9999 -9999
-9999 -9999 30.9 30.9 30.9 30.9 30.9 30.9 30.89 30.89 30.89 30.88 30.88 30.85 30.81 30.76 30.71 30.65 30.6 30.54 30.44 30.31 30.14 29.98 29.92 29.96 30.01 30.02 30 29.94 29.89 29.97 30.05 30.18 30.26 30.19 30.16 30.28 30.38 30.43 30.51 30.52 30.51 30.48 30.4 30.25 30.2 30.22 30.21 30.14 30.08 30.05 30.06 30.11 30.16 30.21 30.25 30.26 30.25 30.24 30.22 30.21 30.2 -9999 -9999 -9999 -9999 -9999 -9999 -9999 -9999 -9999 -9999 -9999 -9999 -9999 -9999
-9999 -9999 -9999 30.89 30.89 30.89 30.89 30.89 30.89 30.89 30.89 30.89 30.88 30.87 30.83 30.78 30.73 30.67 30.6 30.52 30.39 30.2 30 29.91 29.97 30.01 30.02 30.04 30.08 30.1 30.08 29.98 29.99 30.1 30.25 30.31 30.31 30.36 30.41 30.42 30.51 30.55 30.54 30.52 30.47 30.36 30.28 30.28 30.25 30.18 30.11 30.08 30.08 30.13 30.2 30.26 30.28 30.27 30.26 30.25 30.24 30.22 -9999 -9999 -9999 -9999 -9999 -9999 -9999 -9999 -9999 -9999 -9999 -9999 -9999 -9999 -9999
-9999 -9999 -9999 -9999 30.89 30.89 30.89 30.89 30.89 30.89 30.89 30.89 30.88 30.88 30.86 30.83 30.78 30.73 30.66 30.56 30.36 30.12 30.01 30.17 30.38 30.45 30.46 30.45 30.45 30.48 30.49 30.36 30.17 30.13 30.2 30.34 30.44 30.52 30.57 30.56 30.57 30.57 30.54 30.52 30.5 30.44 30.39 30.35 30.27 30.18 30.12 30.1 30.12 30.17 30.24 30.29 30.3 30.28 30.27 30.26 30.25 -9999 -9999 -9999 -9999 -9999 -9999 -9999 -9999 -9999 -9999 -9999 -9999 -9999 -9999 -9999 -9999
-9999 -9999 -9999 -9999 -9999 30.89 30.89 30.89 30.89 30.89 30.88 30.88 30.88 30.88 30.87 30.86 30.85 30.82 30.75 30.6 30.34 30.1 30.23 30.55 30.73 30.75 30.75 30.74 30.73 30.72 30.71 30.62 30.4 30.25 30.19 30.28 30.4 30.51 30.59 30.6 30.58 30.57 30.54 30.53 30.51 30.48 30.46 30.4 30.27 30.18 30.14 30.13 30.16 30.22 30.29 30.31 30.3 30.29 30.28 30.26 30.25 -9999 -9999 -9999 -9999 -9999 -9999 -9999 -9999 -9999 -9999 -9999 -9999 -9999 -9999 -9999 -9999
-9999 -9999 -9999 -9999 -9999 -9999 30.89 30.89 30.88 30.88 30.88 30.88 30.88 30.88 30.87 30.87 30.86 30.85 30.81 30.71 30.51 30.23 30.5 30.76 30.8 30.8 30.79 30.78 30.77 30.76 30.74 30.68 30.52 30.33 30.17 30.16 30.24 30.39 30.52 30.58 30.58 30.57 30.55 30.53 30.51 30.49 30.47 30.42 30.31 30.21 30.17 30.18 30.21 30.26 30.31 30.32 30.31 30.3 30.29 30.27 30.26 -9999 -9999 -9999 -9999 -9999 -9999 -9999 -9999 -9999 -9999 -9999 -9999 -9999 -9999 -9999 -9999
-9999 -9999 -9999 -9999 -9999 -9999 -9999 -9999 30.88 30.88 30.88 30.88 30.87 30.87 30.87 30.86 30.86 30.86 30.85 30.83 30.78 30.53 30.72 30.8 30.81 30.8 30.79 30.78 30.77 30.76 30.74 30.69 30.55 30.36 30.17 30.08 30.13 30.26 30.41 30.56 30.58 30.57 30.55 30.53 30.51 30.49 30.48 30.45 30.39 30.31 30.25 30.22 30.25 30.3 30.34 30.33 30.32 30.3 30.29 30.28 -9999 -9999 -9999 -9999 -9999 -9999 -9999 -9999 -9999 -9999 -9999 -9999 -9999 -9999 -9999 -9999 -9999
-9999 -9999 -9999 -9999 -9999 -9999 -9999 -9999 -9999 -9999 -9999 30.87 30.87 30.87 30.86 30.86 30.86 30.85 30.85 30.84 30.82 30.76 30.8 30.81 30.8 30.8 30.78 30.77 30.76 30.75 30.74 30.68 30.51 30.32 30.16 30.09 30.16 30.28 30.42 30.56 30.58 30.57 30.55 30.53 30.51 30.5 30.48 30.46 30.44 30.4 30.36 30.31 30.31 30.34 30.35 30.34 30.32 30.31 30.3 30.29 -9999 -9999 -9999 -9999 -9999 -9999 -9999 -9999 -9999 -9999 -9999 -9999 -9999 -9999 -9999 -9999 -9999
-9999 -9999 -9999 -9999 -9999 -9999 -9999 -9999 -9999 -9999 -9999 -9999 -9999 -9999 30.86 30.86 30.85 30.85 30.84 30.84 30.83 30.82 30.82 30.81 30.8 30.79 30.78 30.77 30.76 30.74 30.71 30.62 30.39 30.21 30.11 30.12 30.22 30.35 30.5 30.58 30.58 30.57 30.55 30.53 30.51 30.5 30.48 30.47 30.45 30.43 30.42 30.38 30.37 30.37 30.36 30.35 30.34 30.32 30.31 -9999 -9999 -9999 -9999 -9999 -9999 -9999 -9999 -9999 -9999 -9999 -9999 -9999 -9999 -9999 -9999 -9999 -9999
-9999 -9999 -9999 -9999 -9999 -9999 -9999 -9999 -9999 -9999 -9999 -9999 -9999 -9999 -9999 30.85 30.85 30.84 30.84 30.83 30.82 30.82 30.81 30.8 30.8 30.79 30.78 30.77 30.74 30.66 30.56 30.45 30.26 30.14 30.13 30.21 30.31 30.41 30.54 30.59 30.58 30.57 30.55 30.53 -9999 30.5 30.48 30.47 30.45 30.44 30.43 30.41 30.39 30.38 30.37 30.35 30.34 -9999 -9999 -9999 -9999 -9999 -9999 -9999 -9999 -9999 -9999 -9999 -9999 -9999 -9999 -9999 -9999 -9999 -9999 -9999 -9999
-9999 -9999 -9999 -9999 -9999 -9999 -9999 -9999 -9999 -9999 -9999 -9999 -9999 -9999 -9999 -9999 -9999 30.84 30.83 30.82 30.82 30.81 30.81 30.8 30.79 30.78 30.77 30.76 30.72 30.57 30.36 30.28 30.22 30.2 30.24 30.32 30.4 30.5 30.57 30.59 30.58 30.56 30.55 30.54 -9999 -9999 -9999 30.47 30.46 30.44 30.43 30.41 30.4 30.39 30.37 30.36 -9999 -9999 -9999 -9999 -9999 -9999 -9999 -9999 -9999 -9999 -9999 -9999 -9999 -9999 -9999 -9999 -9999 -9999 -9999 -9999 -9999
-9999 -9999 -9999 -9999 -9999 -9999 -9999 -9999 -9999 -9999 -9999 -9999 -9999 -9999 -9999 -9999 -9999 -9999 30.83 30.82 30.81 30.81 30.8 30.8 30.79 30.78 30.76 30.75 30.73 30.63 30.38 30.29 30.3 30.33 30.37 30.42 30.5 30.57 30.6 30.59 30.58 30.56 30.55 30.54 -9999 -9999 -9999 -9999 30.46 30.45 30.43 30.42 30.41 30.39 30.38 -9999 -9999 -9999 -9999 -9999 -9999 -9999 -9999 -9999 -9999 -9999 -9999 -9999 -9999 -9999 -9999 -9999 -9999 -9999 -9999 -9999 -9999
