ASPA-UH-SWB2_REPO/input/Gridded_temps/prism_tmin_tutuila_30yr_normal_12.asc
ncols         350
nrows         200
xllcorner     515000
yllcorner     8409000
cellsize      100
NODATA_value  -9999
[rows 136 to 169 of 200, columns 77 to 153 of 350]
24.18 24.25 24.31 24.3 24.34 24.36 24.36 24.35 24.28 24.08 23.84 23.69 23.67 23.73 23.85 24.01 24.11 24.12 24.1 24.11 24.14 24.16 24.18 24.17 24.13 24.02 23.81 23.55 23.43 23.47 23.56 23.57 23.52 23.5 23.64 23.81 23.91 23.94 23.96 23.99 24.01 24.04 24.07 24.11 24.15 24.2 24.24 24.26 24.29 24.32 24.34 24.35 24.37 24.39 24.41 24.43 24.45 24.47 24.49 24.5 24.52 24.54 24.55 24.56 24.56 24.57 24.57 24.58 24.58 24.58 24.59 24.6 24.6 24.61 24.61 24.62 24.63
24.25 24.31 24.35 24.36 24.37 24.37 24.37 24.35 24.26 24.03 23.81 23.7 23.69 23.72 23.8 23.95 24.09 24.13 24.14 24.14 24.16 24.17 24.18 24.18 24.14 24 23.8 23.58 23.45 23.44 23.52 23.58 23.55 23.53 23.63 23.79 23.91 23.96 23.98 24.01 24.03 24.06 24.09 24.12 24.15 24.19 24.23 24.25 24.28 24.31 24.33 24.35 24.37 24.39 24.41 24.43 24.45 24.47 24.49 24.5 24.52 24.53 24.55 24.55 24.56 24.57 24.58 24.58 24.59 24.59 24.6 24.6 24.6 24.61 24.62 24.62 24.63
24.31 24.35 24.37 24.37 24.37 24.37 24.36 24.34 24.28 24.08 23.87 23.76 23.78 23.81 23.81 23.93 24.06 24.12 24.14 24.16 24.17 24.17 24.17 24.17 24.11 23.95 23.73 23.58 23.48 23.42 23.47 23.58 23.6 23.59 23.67 23.81 23.92 23.97 23.99 24.02 24.04 24.07 24.1 24.12 24.15 24.18 24.21 24.24 24.27 24.3 24.32 24.35 24.37 24.39 24.41 24.43 24.45 24.47 24.49 24.5 24.51 24.53 24.54 24.55 24.56 24.57 24.58 24.59 24.59 24.6 24.6 24.6 24.61 24.62 24.62 24.63 24.63
24.36 24.38 24.38 24.38 24.37 24.37 24.35 24.34 24.29 24.13 23.96 23.88 23.95 24.01 23.96 23.97 24.03 24.1 24.15 24.16 24.17 24.17 24.17 24.16 24.08 23.88 23.68 23.58 23.51 23.45 23.48 23.59 23.63 23.62 23.66 23.78 23.89 23.97 24 24.02 24.04 24.07 24.1 24.12 24.15 24.17 24.2 24.23 24.25 24.29 24.32 24.34 24.37 24.39 24.41 24.44 24.46 24.47 24.48 24.5 24.51 24.52 24.54 24.55 24.56 24.57 24.59 24.6 24.6 24.6 24.6 24.61 24.62 24.63 24.63 24.63 24.64
24.38 24.38 24.38 24.38 24.37 24.36 24.35 24.33 24.3 24.19 24.07 24.02 24.09 24.13 24.11 24.09 24.09 24.13 24.16 24.16 24.17 24.17 24.17 24.14 24.02 23.81 23.68 23.61 23.53 23.5 23.53 23.61 23.66 23.63 23.65 23.73 23.85 23.95 24 24.02 24.04 24.07 24.09 24.11 24.14 24.17 24.2 24.22 24.25 24.28 24.31 24.34 24.37 24.39 24.42 24.44 24.46 24.47 24.49 24.5 24.51 24.52 24.54 24.55 24.56 24.57 24.59 24.6 24.6 24.61 24.61 24.61 24.63 24.63 24.64 24.65 24.65
24.38 24.38 24.38 24.38 24.37 24.35 24.34 24.32 24.31 24.26 24.17 24.13 24.16 24.16 24.16 24.15 24.14 24.15 24.15 24.15 24.16 24.16 24.16 24.12 23.99 23.82 23.76 23.68 23.58 23.57 23.6 23.64 23.69 23.68 23.68 23.73 23.82 23.92 23.98 24.01 24.03 24.05 24.08 24.1 24.14 24.17 24.2 24.22 24.25 24.28 24.32 24.35 24.37 24.4 24.42 24.45 24.46 24.48 24.49 24.5 24.51 24.52 24.53 24.54 24.56 24.57 24.58 24.59 24.6 24.61 24.61 24.62 24.63 24.64 24.65 24.66 24.67
24.38 24.38 24.38 24.38 24.37 24.35 24.32 24.3 24.28 24.25 24.19 24.17 24.17 24.17 24.16 24.15 24.15 24.14 24.13 24.14 24.14 24.15 24.15 24.13 24.08 24.02 23.96 23.81 23.66 23.63 23.63 23.64 23.68 23.7 23.72 23.74 23.8 23.89 23.95 23.99 24.01 24.05 24.08 24.1 24.13 24.16 24.19 24.22 24.25 24.28 24.32 24.35 24.38 24.4 24.42 24.45 24.46 24.47 24.48 24.5 24.5 24.51 24.53 24.54 24.55 24.56 24.58 24.59 24.6 24.6 24.61 24.63 24.64 24.66 24.67 24.67 24.67
24.38 24.38 24.38 24.38 24.36 24.33 24.3 24.28 24.25 24.22 24.19 24.19 24.18 24.17 24.16 24.15 24.14 24.13 24.13 24.13 24.13 24.14 24.14 24.14 24.13 24.11 24.07 23.95 23.79 23.7 23.63 23.57 23.61 23.67 23.71 23.76 23.81 23.88 23.94 23.97 24 24.04 24.07 24.09 24.12 24.15 24.18 24.21 24.24 24.28 24.32 24.35 24.38 24.41 24.42 24.45 24.46 24.47 24.48 24.49 24.5 24.5 24.52 24.54 24.55 24.56 24.57 24.58 24.59 24.6 24.61 24.63 24.64 24.67 24.67 24.67 24.67
24.38 24.38 24.38 24.37 24.35 24.32 24.29 24.26 24.23 24.21 24.2 24.19 24.18 24.17 24.16 24.16 24.15 24.13 24.13 24.12 24.12 24.13 24.13 24.13 24.13 24.12 24.1 24.03 23.9 23.76 23.6 23.47 23.53 23.62 23.69 23.74 23.81 23.87 23.92 23.97 23.99 24.03 24.06 24.09 24.11 24.14 24.17 24.21 24.24 24.27 24.31 24.35 24.39 24.41 24.43 24.44 24.46 24.47 24.48 24.49 24.5 24.5 24.52 24.53 24.55 24.56 24.57 24.58 24.59 24.6 24.61 24.63 24.64 24.67 24.67 24.67 24.67
24.38 24.38 24.37 24.35 24.33 24.31 24.28 24.25 24.23 24.22 24.21 24.2 24.19 24.18 24.17 24.16 24.15 24.14 24.13 24.12 24.12 24.12 24.12 24.12 24.12 24.11 24.1 24.06 23.95 23.76 23.56 23.47 23.59 23.71 23.75 23.76 23.78 23.85 23.91 23.96 23.99 24.02 24.05 24.08 24.1 24.13 24.17 24.21 24.24 24.27 24.31 24.35 24.38 24.41 24.43 24.44 24.45 24.47 24.47 24.48 24.49 24.5 24.51 24.52 24.54 24.55 24.56 24.58 24.59 24.6 24.61 24.63 24.64 24.66 24.67 24.67 24.67
24.38 24.38 24.36 24.34 24.32 24.3 24.28 24.25 24.24 24.23 24.22 24.21 24.21 24.2 24.18 24.17 24.16 24.14 24.13 24.13 24.12 24.12 24.11 24.11 24.11 24.11 24.1 24.07 23.98 23.8 23.6 23.49 23.71 23.9 23.93 23.83 23.78 23.84 23.9 23.95 23.98 24.02 24.05 24.08 24.11 24.14 24.17 24.21 24.24 24.27 24.31 24.35 24.38 24.41 24.42 24.44 24.45 24.46 24.47 24.48 24.49 24.5 24.51 24.51 24.52 24.54 24.55 24.57 24.59 24.6 24.61 24.63 24.64 24.66 24.67 24.67 24.67
24.38 24.37 24.35 24.33 24.3 24.29 24.27 24.26 24.25 24.24 24.23 24.23 24.22 24.21 24.19 24.17 24.16 24.14 24.13 24.13 24.12 24.12 24.11 24.1 24.1 24.1 24.1 24.08 24.03 23.92 23.74 23.57 23.73 23.94 23.99 23.87 23.79 23.83 23.9 23.95 23.98 24.02 24.06 24.09 24.13 24.15 24.18 24.21 24.24 24.28 24.32 24.35 24.38 24.4 24.42 24.43 24.44 24.46 24.47 24.48 24.49 24.49 24.5 24.5 24.52 24.53 24.55 24.58 24.59 24.6 24.61 24.63 24.64 24.66 24.67 24.67 24.67
24.38 24.37 24.35 24.32 24.3 24.28 24.28 24.28 24.27 24.26 24.25 24.25 24.24 24.22 24.2 24.18 24.16 24.15 24.13 24.13 24.13 24.12 24.11 24.1 24.09 24.08 24.08 24.07 24.05 24 23.89 23.74 23.72 23.84 23.9 23.82 23.79 23.84 23.9 23.95 23.99 24.04 24.08 24.11 24.14 24.17 24.19 24.22 24.26 24.29 24.32 24.35 24.37 24.39 24.41 24.43 24.44 24.45 24.46 24.47 24.48 24.49 24.5 24.5 24.52 24.54 24.57 24.58 24.6 24.61 24.62 24.63 24.64 24.66 24.67 24.67 24.67
24.38 24.37 24.35 24.32 24.3 24.28 24.28 24.28 24.28 24.28 24.27 24.26 24.24 24.22 24.2 24.19 24.17 24.15 24.14 24.13 24.13 24.12 24.11 24.1 24.09 24.08 24.07 24.05 24.04 24.01 23.96 23.88 23.8 23.8 23.83 23.81 23.83 23.87 23.91 23.97 24.01 24.05 24.09 24.12 24.15 24.17 24.2 24.23 24.26 24.29 24.31 24.34 24.36 24.39 24.41 24.43 24.44 24.45 24.46 24.48 24.49 24.5 24.51 24.52 24.53 24.55 24.58 24.59 24.6 24.62 24.63 24.64 24.65 24.66 24.67 24.67 24.67
24.38 24.38 24.36 24.33 24.3 24.29 24.29 24.29 24.28 24.28 24.28 24.27 24.24 24.22 24.21 24.19 24.18 24.16 24.15 24.14 24.13 24.12 24.11 24.1 24.08 24.07 24.06 24.04 24.02 24 23.96 23.92 23.88 23.85 23.85 23.86 23.88 23.91 23.93 23.98 24.02 24.06 24.1 24.13 24.16 24.18 24.2 24.23 24.25 24.28 24.3 24.33 24.35 24.38 24.4 24.43 24.44 24.45 24.47 24.48 24.5 24.51 24.52 24.53 24.54 24.57 24.59 24.6 24.62 24.63 24.64 24.65 24.66 24.66 24.66 24.66 24.67
24.38 24.38 24.37 24.34 24.31 24.3 24.3 24.3 24.29 24.28 24.28 24.27 24.25 24.23 24.22 24.21 24.19 24.17 24.16 24.15 24.14 24.12 24.1 24.09 24.08 24.07 24.05 24.04 24.01 23.98 23.95 23.92 23.9 23.88 23.88 23.89 23.91 23.93 23.95 23.99 24.03 24.07 24.11 24.13 24.16 24.18 24.21 24.23 24.24 24.26 24.29 24.31 24.35 24.38 24.4 24.43 24.44 24.45 24.46 24.48 24.5 24.52 24.53 24.54 24.56 24.58 24.61 24.63 24.64 24.65 24.66 24.66 24.66 24.66 24.66 24.66 24.66
24.38 24.38 24.37 24.35 24.33 24.32 24.31 24.31 24.3 24.29 24.28 24.27 24.25 24.24 24.23 24.22 24.2 24.18 24.17 24.16 24.15 24.13 24.11 24.1 24.08 24.06 24.05 24.03 24.01 23.98 23.96 23.93 23.9 23.89 23.9 23.91 23.93 23.94 23.97 24.01 24.04 24.08 24.11 24.13 24.16 24.18 24.21 24.23 24.24 24.26 24.28 24.31 24.35 24.38 24.4 24.43 24.44 24.45 24.46 24.49 24.51 24.52 24.54 24.55 24.56 24.59 24.63 24.65 24.65 24.65 24.66 24.66 24.66 24.66 24.66 24.66 -9999
24.38 24.38 24.38 24.36 24.35 24.34 24.32 24.31 24.3 24.29 24.28 24.27 24.26 24.25 24.24 24.22 24.21 24.19 24.18 24.17 24.16 24.14 24.11 24.1 24.07 24.06 24.04 24.02 24 23.98 23.95 23.92 23.9 23.89 23.89 23.9 23.91 23.94 23.97 24 24.03 24.07 24.1 24.12 24.16 24.18 24.2 24.22 24.24 24.26 24.29 24.32 24.35 24.38 24.41 24.43 24.45 24.46 24.46 24.49 24.51 24.52 24.54 24.55 24.57 24.6 24.63 24.65 24.65 24.65 24.65 24.66 24.66 24.66 24.66 -9999 -9999
24.38 24.38 24.38 24.38 24.37 24.36 24.33 24.32 24.3 24.29 24.28 24.27 24.27 24.26 24.24 24.22 24.21 24.21 24.19 24.18 24.16 24.14 24.11 24.1 24.08 24.07 24.05 24.03 24 23.97 23.94 23.91 23.91 23.9 23.89 23.87 23.88 23.91 23.94 23.97 24.01 24.05 24.08 24.11 24.15 24.17 24.2 24.22 24.24 24.27 24.29 24.32 24.35 24.39 24.42 24.44 24.45 24.46 24.47 24.49 24.51 24.52 24.54 24.56 24.58 24.61 24.64 24.65 24.65 24.65 24.65 24.65 24.66 24.66 -9999 -9999 -9999
24.38 24.38 24.38 24.38 24.38 24.36 24.33 24.32 24.3 24.29 24.27 24.27 24.27 24.26 24.25 24.24 24.23 24.22 24.2 24.19 24.17 24.14 24.12 24.1 24.09 24.08 24.07 24.04 24.01 23.97 23.93 23.94 23.95 23.95 23.91 23.85 23.84 23.85 23.87 23.89 23.94 24 24.03 24.07 24.11 24.15 24.17 24.2 24.24 24.27 24.29 24.32 24.34 24.38 24.42 24.45 24.46 24.47 24.47 24.49 24.51 24.53 24.55 24.58 24.61 24.63 24.64 24.64 24.65 24.65 24.65 24.65 24.65 -9999 -9999 -9999 -9999
24.38 24.38 24.38 24.38 24.38 24.36 24.33 24.32 24.3 24.29 24.27 24.27 24.27 24.27 24.26 24.25 24.24 24.23 24.21 24.2 24.18 24.15 24.13 24.11 24.1 24.09 24.06 24.04 24 23.96 23.94 23.97 23.99 23.98 23.92 23.84 23.82 23.82 23.82 23.81 23.84 23.89 23.93 23.99 24.05 24.09 24.14 24.18 24.22 24.26 24.28 24.31 24.34 24.38 24.43 24.46 24.47 24.48 24.49 24.51 24.53 24.55 24.58 24.61 24.63 24.64 24.64 24.64 24.64 24.65 24.65 24.65 -9999 -9999 -9999 -9999 -9999
24.38 24.38 24.38 24.38 24.38 24.35 24.33 24.32 24.3 24.29 24.28 24.27 24.27 24.27 24.27 24.26 24.25 24.24 24.23 24.21 24.19 24.16 24.14 24.12 24.09 24.06 24.03 24 23.97 23.94 23.93 23.97 23.99 23.96 23.88 23.82 23.85 23.92 23.96 23.92 23.87 23.85 23.85 23.88 23.96 24.03 24.09 24.14 24.18 24.23 24.26 24.3 24.34 24.38 24.43 24.46 24.48 24.49 24.51 24.53 24.55 24.58 24.6 24.62 24.63 24.63 24.64 24.64 24.64 24.64 24.65 -9999 -9999 -9999 -9999 -9999 -9999
24.38 24.38 24.38 24.38 24.37 24.35 24.33 24.32 24.3 24.29 24.29 24.28 24.29 24.29 24.28 24.27 24.26 24.25 24.24 24.21 24.19 24.15 24.14 24.11 24.07 24.03 23.98 23.94 23.91 23.9 23.91 23.95 23.95 23.88 23.78 23.79 23.91 24.05 24.15 24.14 24.08 24.01 23.93 23.88 23.94 24.02 24.07 24.1 24.14 24.2 24.24 24.29 24.34 24.39 24.43 24.46 24.48 24.5 24.53 24.55 24.57 24.59 24.61 24.62 24.63 24.63 24.63 24.64 24.64 -9999 -9999 -9999 -9999 -9999 -9999 -9999 -9999
24.38 24.38 24.38 24.38 24.37 24.35 24.33 24.32 24.3 24.29 24.29 24.29 24.3 24.3 24.29 24.28 24.27 24.25 24.23 24.2 24.16 24.13 24.11 24.08 24.03 23.97 23.94 23.92 23.92 23.93 23.93 23.95 23.91 23.8 23.74 23.83 24 24.15 24.24 24.26 24.26 24.21 24.1 24 24.01 24.07 24.1 24.11 24.14 24.19 24.23 24.28 24.34 24.39 24.44 24.47 24.5 24.52 24.54 24.57 24.59 24.6 24.62 24.62 24.62 24.63 24.63 24.63 24.64 -9999 -9999 -9999 -9999 -9999 -9999 -9999 -9999
24.38 24.38 24.38 24.38 24.37 24.35 24.34 24.32 24.3 24.3 24.3 24.3 24.31 24.31 24.3 24.28 24.26 24.24 24.21 24.17 24.13 24.1 24.07 24.02 23.96 23.92 23.91 23.92 23.94 23.98 23.99 23.99 23.93 23.84 23.8 23.9 24.08 24.2 24.27 24.31 24.33 24.31 24.24 24.12 24.1 24.13 24.16 24.18 24.19 24.21 24.23 24.28 24.33 24.39 24.44 24.48 24.51 24.54 24.56 24.58 24.6 24.61 24.61 24.62 24.62 24.62 24.63 -9999 -9999 -9999 -9999 -9999 -9999 -9999 -9999 -9999 -9999
24.38 24.38 24.38 24.38 24.38 24.36 24.35 24.33 24.31 24.3 24.3 24.31 24.32 24.31 24.29 24.28 24.25 24.22 24.19 24.15 24.11 24.08 24.02 23.94 23.88 23.86 23.86 23.86 23.88 23.94 23.99 24.01 23.99 23.93 23.88 23.94 24.09 24.21 24.28 24.33 24.36 24.35 24.27 24.16 24.13 24.15 24.21 24.25 24.25 24.24 24.24 24.27 24.32 24.38 24.44 24.48 24.52 24.56 24.58 24.59 24.6 24.61 24.61 24.61 24.62 24.62 -9999 -9999 -9999 -9999 -9999 -9999 -9999 -9999 -9999 -9999 -9999
24.38 24.38 24.38 24.38 24.38 24.38 24.37 24.35 24.33 24.32 24.32 24.32 24.32 24.31 24.29 24.27 24.24 24.21 24.18 24.15 24.11 24.05 23.96 23.86 23.8 23.78 23.77 23.74 23.73 23.79 23.91 23.98 24 24 23.96 23.95 24.07 24.2 24.28 24.34 24.38 24.35 24.26 24.17 24.13 24.14 24.21 24.28 24.29 24.25 24.24 24.26 24.31 24.37 24.43 24.47 24.52 24.56 24.59 24.59 24.6 24.6 24.61 24.61 24.61 -9999 -9999 -9999 -9999 -9999 -9999 -9999 -9999 -9999 -9999 -9999 -9999
-9999 24.38 24.38 24.38 24.38 24.38 24.38 24.38 24.36 24.35 24.35 24.35 24.34 24.32 24.29 24.26 24.24 24.2 24.17 24.14 24.09 24.02 23.91 23.78 23.7 23.7 23.72 23.72 23.69 23.69 23.79 23.9 23.96 24.02 24.03 23.98 24.04 24.18 24.28 24.36 24.41 24.41 24.36 24.33 24.25 24.18 24.23 24.3 24.31 24.28 24.26 24.27 24.3 24.37 24.43 24.48 24.53 24.57 24.59 24.59 24.6 24.6 24.6 24.61 -9999 -9999 -9999 -9999 -9999 -9999 -9999 -9999 -9999 -9999 -9999 -9999 -9999
-9999 -9999 24.38 24.38 24.38 24.38 24.38 24.38 24.38 24.38 24.38 24.38 24.37 24.36 24.32 24.28 24.24 24.2 24.16 24.11 24.04 23.93 23.79 23.66 23.63 23.67 23.72 23.75 23.74 23.7 23.69 23.76 23.86 23.98 24.07 24.03 24.03 24.15 24.26 24.33 24.42 24.46 24.46 24.46 24.42 24.31 24.29 24.33 24.35 24.32 24.28 24.28 24.31 24.37 24.43 24.5 24.55 24.58 24.58 24.59 24.59 24.6 24.6 -9999 -9999 -9999 -9999 -9999 -9999 -9999 -9999 -9999 -9999 -9999 -9999 -9999 -9999
-9999 -9999 -9999 24.38 24.38 24.38 24.38 24.38 24.38 24.38 24.38 24.38 24.38 24.38 24.34 24.31 24.26 24.22 24.17 24.1 23.99 23.84 23.68 23.62 23.68 23.72 23.74 23.78 23.82 23.85 23.84 23.78 23.8 23.92 24.06 24.13 24.16 24.22 24.29 24.33 24.42 24.47 24.49 24.5 24.48 24.4 24.37 24.38 24.38 24.34 24.3 24.29 24.32 24.38 24.46 24.53 24.57 24.58 24.58 24.58 24.59 24.59 -9999 -9999 -9999 -9999 -9999 -9999 -9999 -9999 -9999 -9999 -9999 -9999 -9999 -9999 -9999
-9999 -9999 -9999 -9999 24.38 24.38 24.38 24.38 24.38 24.38 24.38 24.38 24.39 24.39 24.38 24.35 24.32 24.27 24.22 24.13 23.97 23.78 23.69 23.84 24.03 24.1 24.12 24.12 24.14 24.18 24.19 24.09 23.97 23.95 24.03 24.16 24.26 24.35 24.43 24.44 24.46 24.48 24.49 24.5 24.5 24.47 24.45 24.43 24.39 24.34 24.31 24.31 24.34 24.4 24.49 24.55 24.57 24.57 24.58 24.58 24.59 -9999 -9999 -9999 -9999 -9999 -9999 -9999 -9999 -9999 -9999 -9999 -9999 -9999 -9999 -9999 -9999
-9999 -9999 -9999 -9999 -9999 24.38 24.38 24.38 24.38 24.38 24.39 24.39 24.39 24.39 24.39 24.38 24.37 24.35 24.3 24.18 23.96 23.78 23.88 24.16 24.33 24.36 24.37 24.37 24.38 24.39 24.39 24.32 24.16 24.05 24.02 24.11 24.24 24.36 24.45 24.47 24.48 24.48 24.49 24.5 24.51 24.5 24.5 24.47 24.39 24.33 24.31 24.33 24.37 24.44 24.51 24.55 24.57 24.57 24.58 24.58 24.58 -9999 -9999 -9999 -9999 -9999 -9999 -9999 -9999 -9999 -9999 -9999 -9999 -9999 -9999 -9999 -9999
-9999 -9999 -9999 -9999 -9999 -9999 24.38 24.38 24.39 24.39 24.39 24.39 24.39 24.39 24.39 24.39 24.39 24.39 24.36 24.28 24.12 23.89 24.12 24.34 24.4 24.41 24.41 24.42 24.42 24.42 24.43 24.39 24.26 24.13 24.01 24.01 24.11 24.26 24.38 24.46 24.48 24.48 24.49 24.49 24.5 24.51 24.51 24.49 24.41 24.35 24.34 24.36 24.4 24.47 24.53 24.56 24.56 24.57 24.57 24.58 24.58 -9999 -9999 -9999 -9999 -9999 -9999 -9999 -9999 -9999 -9999 -9999 -9999 -9999 -9999 -9999 -9999
-9999 -9999 -9999 -9999 -9999 -9999 -9999 -9999 24.39 24.39 24.39 24.39 24.39 24.39 24.39 24.39 24.39 24.39 24.39 24.38 24.34 24.14 24.31 24.39 24.41 24.41 24.42 24.42 24.42 24.43 24.43 24.4 24.29 24.15 24.01 23.95 24.02 24.15 24.29 24.44 24.48 24.48 24.49 24.49 24.5 24.51 24.51 24.51 24.48 24.42 24.4 24.39 24.43 24.49 24.54 24.56 24.56 24.57 24.57 24.57 -9999 -9999 -9999 -9999 -9999 -9999 -9999 -9999 -9999 -9999 -9999 -9999 -9999 -9999 -9999 -9999 -9999
