ASPA-UH-SWB2_REPO/input/Gridded_temps/prism_tmin_tutuila_30yr_normal_04.asc
ncols         350
nrows         200
xllcorner     515000
yllcorner     8409000
cellsize      100
NODATA_value  -9999
[rows 105 to 139 of 200, columns 0 to 76 of 350]
-9999 -9999 -9999 -9999 -9999 -9999 -9999 -9999 -9999 -9999 -9999 -9999 -9999 -9999 -9999 -9999 -9999 -9999 -9999 -9999 -9999 -9999 -9999 -9999 -9999 -9999 -9999 -9999 -9999 25.09 25.09 25.09 25.1 25.1 25.1 25.11 25.11 25.1 25.01 24.81 24.67 24.57 24.47 24.35 24.2 24.2 24.45 24.56 24.65 24.87 24.98 24.96 24.88 24.7 24.49 24.31 24.14 23.98 23.8 23.67 23.54 23.37 23.24 23.14 23.14 23.08 23.1 23.19 23.18 23.03 22.98 23 22.99 23.06 23.26 23.39 23.42
-9999 -9999 -9999 -9999 -9999 -9999 -9999 -9999 -9999 -9999 -9999 -9999 -9999 -9999 -9999 -9999 -9999 -9999 -9999 -9999 -9999 -9999 -9999 -9999 -9999 -9999 -9999 -9999 25.09 25.09 25.09 25.1 25.1 25.1 25.1 25.11 25.09 25.05 24.98 24.8 24.63 24.52 24.44 24.35 24.21 24.11 24.19 24.24 24.38 24.7 24.85 24.88 24.89 24.85 24.77 24.65 24.5 24.3 24.14 24.02 23.85 23.67 23.52 23.36 23.35 23.27 23.23 23.28 23.29 23.13 23.11 23.09 22.99 23.05 23.22 23.3 23.35
-9999 -9999 -9999 -9999 -9999 -9999 -9999 -9999 -9999 -9999 -9999 -9999 -9999 -9999 -9999 -9999 -9999 -9999 -9999 -9999 -9999 -9999 -9999 -9999 -9999 -9999 -9999 25.09 25.09 25.09 25.1 25.1 25.1 25.09 25.06 25.06 25.03 24.95 24.92 24.88 24.8 24.69 24.58 24.41 24.21 24.05 23.99 24 24.2 24.53 24.64 24.68 24.72 24.72 24.7 24.69 24.64 24.54 24.44 24.33 24.17 23.97 23.76 23.47 23.48 23.48 23.46 23.46 23.41 23.29 23.25 23.13 22.98 22.97 23.07 23.14 23.25
-9999 -9999 -9999 -9999 -9999 -9999 -9999 -9999 -9999 -9999 -9999 -9999 -9999 -9999 -9999 -9999 -9999 -9999 -9999 -9999 -9999 -9999 -9999 -9999 -9999 -9999 25.09 25.09 25.09 25.1 25.1 25.09 25.06 25 24.92 24.93 24.95 24.84 24.77 24.79 24.78 24.74 24.67 24.51 24.29 24.07 23.94 23.89 24.04 24.29 24.4 24.46 24.46 24.4 24.37 24.47 24.56 24.56 24.49 24.44 24.35 24.1 23.85 23.62 23.61 23.64 23.62 23.57 23.5 23.41 23.29 23.1 22.96 22.93 22.95 23 23.09
-9999 -9999 -9999 -9999 -9999 -9999 -9999 -9999 -9999 -9999 -9999 -9999 -9999 -9999 -9999 -9999 -9999 -9999 -9999 -9999 -9999 -9999 -9999 -9999 -9999 25.09 25.09 25.09 25.1 25.1 25.09 25.04 24.93 24.82 24.77 24.83 24.91 24.82 24.69 24.65 24.66 24.68 24.63 24.55 24.45 24.21 24.01 23.87 23.87 24.03 24.18 24.26 24.19 24.03 24 24.17 24.35 24.39 24.26 24.23 24.29 24.11 23.89 23.76 23.74 23.72 23.66 23.57 23.48 23.36 23.2 23.04 22.94 22.93 22.93 22.94 22.96
-9999 -9999 -9999 -9999 -9999 -9999 -9999 -9999 -9999 -9999 -9999 -9999 -9999 -9999 -9999 -9999 -9999 -9999 -9999 -9999 -9999 -9999 -9999 -9999 25.09 25.09 25.09 25.09 25.1 25.08 25.01 24.9 24.74 24.66 24.67 24.75 24.82 24.79 24.66 24.55 24.53 24.6 24.57 24.5 24.45 24.29 24.12 23.91 23.76 23.79 23.94 24.05 23.98 23.81 23.79 23.96 24.15 24.17 24.01 24.04 24.21 24.2 24.08 23.9 23.78 23.7 23.6 23.5 23.38 23.24 23.1 23.01 22.97 22.96 22.96 22.95 22.93
-9999 -9999 -9999 -9999 -9999 -9999 -9999 -9999 -9999 -9999 -9999 -9999 -9999 -9999 -9999 -9999 -9999 -9999 -9999 -9999 -9999 -9999 -9999 -9999 25.09 25.09 25.09 25.1 25.1 25.03 24.84 24.73 24.64 24.57 24.56 24.61 24.69 24.72 24.61 24.46 24.37 24.43 24.48 24.43 24.38 24.3 24.18 23.98 23.76 23.65 23.7 23.79 23.77 23.64 23.65 23.83 24 24.01 23.86 23.89 24.05 24.1 24.05 23.85 23.69 23.6 23.53 23.45 23.32 23.19 23.09 23.04 23.04 23.04 23.03 23 22.96
-9999 -9999 -9999 -9999 -9999 -9999 -9999 -9999 -9999 -9999 -9999 -9999 -9999 -9999 -9999 -9999 -9999 -9999 -9999 -9999 -9999 -9999 -9999 -9999 25.09 25.09 25.1 25.1 25.1 25.01 24.76 24.63 24.56 24.47 24.42 24.43 24.52 24.61 24.54 24.38 24.24 24.24 24.31 24.32 24.25 24.2 24.17 24.05 23.82 23.62 23.52 23.5 23.48 23.43 23.48 23.67 23.8 23.79 23.7 23.75 23.85 23.86 23.82 23.73 23.59 23.47 23.42 23.38 23.29 23.18 23.11 23.09 23.12 23.1 23.08 23.03 22.98
-9999 -9999 -9999 -9999 -9999 -9999 -9999 -9999 -9999 -9999 -9999 -9999 -9999 -9999 -9999 -9999 -9999 -9999 -9999 -9999 -9999 -9999 -9999 -9999 25.09 25.1 25.1 25.1 25.1 25.04 24.84 24.66 24.52 24.41 24.31 24.27 24.35 24.46 24.46 24.35 24.21 24.1 24.11 24.15 24.08 23.99 23.98 23.98 23.85 23.67 23.5 23.36 23.27 23.23 23.28 23.41 23.5 23.49 23.49 23.58 23.64 23.64 23.66 23.67 23.57 23.42 23.32 23.26 23.21 23.14 23.1 23.12 23.16 23.13 23.07 23.02 22.98
-9999 -9999 -9999 -9999 -9999 -9999 -9999 -9999 -9999 -9999 -9999 -9999 -9999 -9999 -9999 25.07 -9999 -9999 -9999 -9999 -9999 -9999 25.09 25.09 25.09 25.1 25.1 25.11 25.11 25.06 24.94 24.76 24.59 24.49 24.35 24.22 24.21 24.27 24.3 24.28 24.17 24.01 23.94 23.99 23.96 23.85 23.78 23.79 23.78 23.69 23.54 23.34 23.19 23.13 23.17 23.24 23.29 23.33 23.4 23.5 23.55 23.53 23.55 23.59 23.54 23.4 23.27 23.18 23.14 23.12 23.11 23.16 23.22 23.17 23.08 23.02 23
-9999 -9999 -9999 -9999 -9999 -9999 -9999 -9999 -9999 -9999 -9999 -9999 -9999 -9999 -9999 25.07 25.07 -9999 25.08 25.08 25.09 25.09 25.09 25.09 25.1 25.1 25.11 25.11 25.1 25.05 24.96 24.85 24.73 24.65 24.52 24.32 24.2 24.15 24.11 24.11 24.05 23.91 23.82 23.86 23.86 23.79 23.69 23.62 23.6 23.56 23.44 23.26 23.15 23.13 23.18 23.24 23.29 23.38 23.5 23.59 23.61 23.55 23.5 23.48 23.44 23.35 23.26 23.21 23.22 23.26 23.28 23.3 23.33 23.29 23.17 23.11 23.08
-9999 -9999 -9999 -9999 -9999 -9999 -9999 -9999 -9999 -9999 -9999 -9999 -9999 -9999 25.07 25.07 25.07 25.08 25.08 25.08 25.09 25.09 25.09 25.09 25.1 25.1 25.11 25.11 25.1 25.02 24.92 24.86 24.77 24.7 24.62 24.48 24.33 24.16 24.03 23.97 23.93 23.83 23.75 23.75 23.75 23.69 23.61 23.51 23.43 23.38 23.3 23.22 23.2 23.23 23.27 23.31 23.38 23.49 23.63 23.7 23.66 23.56 23.46 23.43 23.44 23.42 23.39 23.4 23.46 23.53 23.54 23.54 23.55 23.55 23.42 23.29 23.22
-9999 -9999 -9999 -9999 -9999 -9999 -9999 -9999 -9999 -9999 -9999 -9999 -9999 25.07 25.07 25.07 25.08 25.08 25.08 25.08 25.09 25.09 25.09 25.1 25.1 25.11 25.11 25.11 25.08 24.95 24.82 24.75 24.66 24.58 24.53 24.48 24.43 24.29 24.12 23.97 23.87 23.78 23.68 23.64 23.65 23.64 23.58 23.45 23.33 23.33 23.36 23.36 23.38 23.44 23.44 23.45 23.54 23.65 23.75 23.75 23.63 23.51 23.45 23.56 23.65 23.64 23.6 23.64 23.68 23.73 23.76 23.8 23.78 23.78 23.64 23.43 23.36
-9999 -9999 -9999 -9999 -9999 -9999 -9999 -9999 -9999 -9999 -9999 -9999 25.06 25.07 25.07 25.07 25.08 25.08 25.08 25.09 25.09 25.09 25.09 25.1 25.1 25.11 25.11 25.1 25.02 24.82 24.68 24.61 24.52 24.4 24.32 24.3 24.34 24.31 24.15 23.98 23.86 23.77 23.65 23.57 23.59 23.67 23.67 23.53 23.43 23.48 23.58 23.6 23.63 23.71 23.69 23.66 23.75 23.83 23.87 23.8 23.67 23.59 23.47 23.6 23.81 23.83 23.81 23.91 23.91 23.89 23.94 24.03 23.99 23.92 23.79 23.64 23.54
-9999 -9999 -9999 -9999 -9999 -9999 -9999 -9999 -9999 -9999 -9999 25.06 25.06 25.07 25.07 25.08 25.08 25.08 25.08 25.09 25.09 25.09 25.1 25.08 25.07 25.07 25.08 25.04 24.91 24.71 24.58 24.5 24.38 24.22 24.12 24.11 24.18 24.23 24.11 23.98 23.92 23.83 23.71 23.6 23.6 23.71 23.77 23.67 23.58 23.64 23.78 23.85 23.89 23.98 23.92 23.9 23.95 24.01 23.98 23.85 23.8 23.82 23.68 23.69 23.94 24.04 23.99 24.13 24.12 24.04 24.08 24.21 24.15 24.01 23.85 23.7 23.64
-9999 -9999 -9999 -9999 -9999 -9999 -9999 -9999 -9999 -9999 25.06 25.06 25.07 25.07 25.07 25.08 25.08 25.08 25.08 25.08 25.08 25.07 25.04 24.96 24.89 24.91 24.94 24.92 24.81 24.6 24.51 24.45 24.35 24.21 24.1 24.07 24.15 24.19 24.1 24 23.95 23.86 23.75 23.7 23.7 23.77 23.87 23.81 23.76 23.85 23.97 24.11 24.15 24.22 24.17 24.2 24.21 24.2 24.03 23.87 23.94 24.04 23.94 23.82 23.99 24.21 24.23 24.29 24.28 24.25 24.27 24.32 24.2 24 23.86 23.77 23.74
-9999 -9999 -9999 -9999 -9999 -9999 -9999 -9999 -9999 -9999 25.06 25.06 25.07 25.07 25.07 25.08 25.08 25.07 25.06 25.03 24.96 24.92 24.84 24.69 24.54 24.58 24.66 24.7 24.62 24.48 24.45 24.47 24.46 24.35 24.25 24.28 24.33 24.28 24.13 23.99 23.92 23.85 23.8 23.84 23.87 23.87 23.97 23.93 23.89 24.01 24.12 24.3 24.37 24.43 24.41 24.5 24.45 24.31 24.07 23.93 24.06 24.21 24.1 23.95 24.02 24.28 24.41 24.43 24.44 24.5 24.5 24.44 24.23 23.99 23.86 23.84 23.83
-9999 -9999 -9999 -9999 -9999 -9999 -9999 -9999 -9999 -9999 25.06 25.07 25.07 25.07 25.08 25.08 25.05 25.03 25.05 24.99 24.83 24.66 24.59 24.51 24.39 24.4 24.48 24.54 24.51 24.47 24.54 24.65 24.63 24.49 24.42 24.5 24.54 24.46 24.26 24.08 23.96 23.9 23.89 23.96 24.02 23.98 24.06 24.02 24 24.16 24.27 24.41 24.56 24.65 24.66 24.66 24.55 24.37 24.15 24 24.1 24.28 24.24 24.09 24.07 24.26 24.45 24.58 24.62 24.69 24.61 24.43 24.2 23.99 23.89 23.9 23.91
-9999 -9999 -9999 -9999 -9999 -9999 -9999 -9999 -9999 -9999 25.07 25.07 25.07 25.07 25.08 25.07 25.01 24.89 25.03 25.06 24.92 24.69 24.68 24.68 24.53 24.43 24.52 24.64 24.66 24.62 24.73 24.85 24.83 24.73 24.66 24.69 24.69 24.61 24.39 24.22 24.07 23.99 23.95 24.03 24.12 24.05 24.14 24.12 24.1 24.26 24.41 24.53 24.73 24.88 24.87 24.72 24.57 24.42 24.24 24.08 24.15 24.35 24.39 24.22 24.13 24.24 24.44 24.64 24.76 24.79 24.64 24.4 24.2 24.03 23.96 24 24
-9999 -9999 -9999 -9999 -9999 -9999 -9999 -9999 -9999 -9999 -9999 25.07 25.07 25.07 25.08 25.07 25.03 24.94 25.05 25.09 25.05 24.95 24.98 24.99 24.84 24.68 24.72 24.82 24.85 24.84 24.92 25 25.01 24.97 24.91 24.87 24.8 24.7 24.51 24.32 24.2 24.09 24.02 24.14 24.24 24.16 24.22 24.25 24.22 24.3 24.49 24.7 24.92 25.07 25.02 24.82 24.69 24.55 24.36 24.21 24.24 24.44 24.53 24.4 24.25 24.26 24.41 24.61 24.8 24.87 24.73 24.45 24.27 24.14 24.09 24.13 24.13
-9999 -9999 -9999 -9999 -9999 -9999 -9999 -9999 -9999 -9999 -9999 -9999 25.07 25.08 25.08 25.08 25.08 25.07 25.08 25.1 25.09 25.09 25.09 25.09 25.03 24.95 24.95 24.98 25.01 25.04 25.07 25.1 25.11 25.09 25.05 24.98 24.86 24.72 24.54 24.37 24.3 24.21 24.16 24.28 24.38 24.28 24.29 24.38 24.39 24.39 24.53 24.81 25.05 25.17 25.15 25.03 24.95 24.72 24.51 24.4 24.41 24.55 24.65 24.58 24.4 24.31 24.39 24.58 24.81 24.94 24.8 24.52 24.37 24.27 24.23 24.27 24.27
-9999 -9999 -9999 -9999 -9999 -9999 -9999 -9999 -9999 -9999 -9999 -9999 -9999 25.08 25.08 25.08 25.09 25.09 25.1 25.1 25.1 25.11 25.11 25.11 25.1 25.09 25.09 25.09 25.11 25.13 25.13 25.14 25.14 25.13 25.1 25.03 24.85 24.67 24.5 24.38 24.39 24.31 24.31 24.42 24.49 24.39 24.34 24.48 24.57 24.56 24.62 24.87 25.12 25.22 25.23 25.21 25.16 24.96 24.72 24.64 24.63 24.68 24.76 24.73 24.59 24.43 24.44 24.59 24.83 24.99 24.88 24.62 24.48 24.41 24.4 24.42 24.36
-9999 -9999 -9999 -9999 -9999 -9999 -9999 -9999 -9999 -9999 -9999 -9999 -9999 -9999 25.08 25.09 25.09 25.09 25.1 25.1 25.1 25.11 25.11 25.12 25.12 25.12 25.13 25.13 25.14 25.14 25.15 25.15 25.16 25.15 25.11 25 24.82 24.63 24.46 24.42 24.47 24.38 24.41 24.53 24.59 24.53 24.44 24.54 24.71 24.74 24.74 24.95 25.16 25.25 25.27 25.27 25.26 25.15 24.98 24.88 24.8 24.78 24.85 24.85 24.76 24.6 24.52 24.61 24.79 25 25 24.79 24.61 24.59 24.6 24.53 24.39
-9999 -9999 -9999 -9999 -9999 -9999 -9999 -9999 -9999 -9999 -9999 -9999 -9999 -9999 -9999 25.09 25.09 25.09 25.1 25.1 25.11 25.11 25.11 25.12 25.12 25.13 25.13 25.14 25.14 25.15 25.15 25.15 25.16 25.15 25.1 24.92 24.75 24.64 24.56 24.56 24.55 24.46 24.51 24.61 24.69 24.64 24.55 24.64 24.84 24.95 24.99 25.12 25.23 25.27 25.28 25.28 25.29 25.26 25.19 25.08 24.91 24.84 24.9 24.95 24.88 24.74 24.63 24.66 24.75 24.96 25.09 24.95 24.74 24.74 24.68 24.53 24.4
-9999 -9999 -9999 -9999 -9999 -9999 -9999 -9999 -9999 -9999 -9999 -9999 -9999 -9999 -9999 25.09 25.09 25.1 25.1 -9999 25.11 25.11 25.11 25.12 25.13 25.13 25.13 25.14 25.14 25.15 25.15 25.16 25.16 25.16 25.11 25.05 24.98 24.93 24.82 24.72 24.61 24.51 24.58 24.69 24.79 24.74 24.65 24.76 24.99 25.13 25.19 25.24 25.27 25.28 25.28 25.29 25.29 25.3 25.27 25.17 24.97 24.88 24.93 25.02 24.99 24.86 24.75 24.74 24.81 24.99 25.14 25.01 24.85 24.82 24.71 24.56 24.49
-9999 -9999 -9999 -9999 -9999 -9999 -9999 -9999 -9999 -9999 -9999 -9999 -9999 -9999 -9999 -9999 25.09 25.1 -9999 -9999 -9999 25.11 25.12 25.12 25.13 25.13 25.14 25.14 25.14 25.15 25.15 25.16 25.17 25.15 25.1 25.12 25.14 25.13 25.08 24.98 24.82 24.67 24.67 24.82 24.94 24.85 24.72 24.84 25.07 25.2 25.25 25.27 25.28 25.28 25.29 25.29 25.3 25.3 25.28 25.22 25.08 24.96 25 25.08 25.07 24.94 24.81 24.83 24.93 25.09 25.17 25 24.88 24.9 24.8 24.69 24.61
-9999 -9999 -9999 -9999 -9999 -9999 -9999 -9999 -9999 -9999 -9999 -9999 -9999 -9999 -9999 -9999 -9999 -9999 -9999 -9999 -9999 -9999 -9999 -9999 25.13 25.13 25.14 25.14 25.15 25.15 25.16 25.16 25.17 25.16 25.14 25.17 25.18 25.19 25.18 25.17 25.14 25 24.86 24.96 25.07 24.94 24.79 24.94 25.16 25.24 25.27 25.28 25.28 25.29 25.29 25.3 25.3 25.3 25.27 25.21 25.1 25 25.05 25.13 25.13 24.99 24.86 24.92 25.06 25.17 25.21 25.05 24.91 24.99 24.95 24.8 24.74
-9999 -9999 -9999 -9999 -9999 -9999 -9999 -9999 -9999 -9999 -9999 -9999 -9999 -9999 -9999 -9999 -9999 -9999 -9999 -9999 -9999 -9999 -9999 -9999 -9999 25.13 25.14 25.14 25.15 -9999 25.16 25.16 25.17 25.17 25.17 25.18 25.19 25.2 25.2 25.21 25.2 25.17 25.13 25.16 25.18 25.08 24.91 24.99 25.19 25.26 25.27 25.28 25.28 25.29 25.29 25.3 25.3 25.31 25.28 25.22 25.11 25.03 25.11 25.2 25.21 25.11 24.95 25.02 25.17 25.25 25.26 25.14 24.95 25.05 25.03 24.9 24.9
-9999 -9999 -9999 -9999 -9999 -9999 -9999 -9999 -9999 -9999 -9999 -9999 -9999 -9999 -9999 -9999 -9999 -9999 -9999 -9999 -9999 -9999 -9999 -9999 -9999 -9999 -9999 -9999 -9999 -9999 -9999 25.16 25.17 25.18 25.18 25.19 25.19 25.2 25.2 25.21 25.22 25.22 25.22 25.23 25.23 25.2 25.11 25.11 25.23 25.27 25.28 25.28 25.29 25.29 25.3 25.3 25.31 25.31 25.3 25.28 25.22 25.18 25.24 25.28 25.28 25.23 25.12 25.13 25.25 25.31 25.29 25.18 25.01 25.12 25.12 25.05 25.05
-9999 -9999 -9999 -9999 -9999 -9999 -9999 -9999 -9999 -9999 -9999 -9999 -9999 -9999 -9999 -9999 -9999 -9999 -9999 -9999 -9999 -9999 -9999 -9999 -9999 -9999 -9999 -9999 -9999 -9999 -9999 -9999 25.18 25.18 25.19 25.19 25.2 25.2 25.21 25.21 25.22 25.23 25.23 25.24 25.24 25.24 25.23 25.24 25.26 25.27 25.28 25.29 25.29 25.3 25.3 25.31 25.31 25.31 25.31 25.31 25.3 25.29 25.31 25.31 25.31 25.29 25.24 25.24 25.29 25.32 25.3 25.2 25.06 25.19 25.23 25.19 25.1
-9999 -9999 -9999 -9999 -9999 -9999 -9999 -9999 -9999 -9999 -9999 -9999 -9999 -9999 -9999 -9999 -9999 -9999 -9999 -9999 -9999 -9999 -9999 -9999 -9999 -9999 -9999 -9999 -9999 -9999 -9999 -9999 -9999 25.18 25.19 25.19 25.2 25.2 25.21 25.21 25.22 25.23 25.23 25.24 25.25 25.25 25.26 25.26 25.27 25.27 25.28 25.29 25.29 -9999 -9999 25.31 25.31 25.31 25.31 25.31 25.31 25.31 25.32 25.32 25.32 25.31 25.3 25.3 25.32 25.32 25.31 25.25 25.15 25.25 25.29 25.26 25.14
-9999 -9999 -9999 -9999 -9999 -9999 -9999 -9999 -9999 -9999 -9999 -9999 -9999 -9999 -9999 -9999 -9999 -9999 -9999 -9999 -9999 -9999 -9999 -9999 -9999 -9999 -9999 -9999 -9999 -9999 -9999 -9999 -9999 -9999 25.19 25.19 -9999 25.21 25.21 25.22 25.22 25.23 25.24 25.24 25.25 25.26 25.26 25.27 25.27 25.28 25.29 -9999 -9999 -9999 -9999 -9999 -9999 25.31 25.31 25.31 25.32 25.32 25.32 25.32 25.32 25.32 25.32 25.32 25.33 25.33 25.33 25.3 25.26 25.3 25.32 25.29 25.19
-9999 -9999 -9999 -9999 -9999 -9999 -9999 -9999 -9999 -9999 -9999 -9999 -9999 -9999 -9999 -9999 -9999 -9999 -9999 -9999 -9999 -9999 -9999 -9999 -9999 -9999 -9999 -9999 -9999 -9999 -9999 -9999 -9999 -9999 -9999 -9999 -9999 -9999 -9999 -9999 -9999 25.23 25.24 25.24 25.25 25.26 25.26 25.27 25.27 25.28 -9999 -9999 -9999 -9999 -9999 -9999 -9999 -9999 25.31 25.32 25.32 25.32 25.32 25.32 25.32 25.32 25.32 25.33 25.33 25.33 25.33 25.33 25.32 25.33 25.33 25.31 25.23
-9999 -9999 -9999 -9999 -9999 -9999 -9999 -9999 -9999 -9999 -9999 -9999 -9999 -9999 -9999 -9999 -9999 -9999 -9999 -9999 -9999 -9999 -9999 -9999 -9999 -9999 -9999 -9999 -9999 -9999 -9999 -9999 -9999 -9999 -9999 -9999 -9999 -9999 -9999 -9999 -9999 -9999 25.24 25.25 25.25 25.26 25.26 25.27 25.28 25.28 -9999 -9999 -9999 -9999 -9999 -9999 -9999 -9999 -9999 25.32 25.32 25.32 25.32 25.32 25.32 25.32 25.33 25.33 25.33 25.33 25.33 25.33 25.33 25.33 25.33 25.32 25.28
-9999 -9999 -9999 -9999 -9999 -9999 -9999 -9999 -9999 -9999 -9999 -9999 -9999 -9999 -9999 -9999 -9999 -9999 -9999 -9999 -9999 -9999 -9999 -9999 -9999 -9999 -9999 -9999 -9999 -9999 -9999 -9999 -9999 -9999 -9999 -9999 -9999 -9999 -9999 -9999 -9999 -9999 -9999 -9999 -9999 -9999 25.27 25.27 25.28 -9999 -9999 -9999 -9999 -9999 -9999 -9999 -9999 -9999 -9999 25.32 25.32 25.32 25.32 25.32 25.32 25.33 25.33 25.33 25.33 25.33 25.33 25.33 25.33 25.33 25.33 25.33 25.31
