ASPA-UH-SWB2_REPO/input/Gridded_temps/prism_tmin_tutuila_30yr_normal_10.asc
ncols         350
nrows         200
xllcorner     515000
yllcorner     8409000
cellsize      100
NODATA_value  -9999
[rows 70 to 104 of 200, columns 77 to 153 of 350]
-9999 -9999 -9999 -9999 -9999 -9999 -9999 -9999 -9999 -9999 -9999 -9999 -9999 -9999 -9999 -9999 -9999 -9999 -9999 -9999 -9999 -9999 -9999 -9999 -9999 -9999 -9999 -9999 -9999 -9999 -9999 -9999 -9999 -9999 -9999 -9999 -9999 -9999 -9999 -9999 -9999 -9999 -9999 -9999 -9999 -9999 -9999 -9999 -9999 -9999 -9999 -9999 -9999 -9999 -9999 -9999 -9999 -9999 -9999 -9999 -9999 -9999 -9999 -9999 -9999 24.59 24.59 24.59 24.59 24.59 24.58 24.55 24.44 24.35 24.2 23.96 23.9
-9999 -9999 -9999 -9999 -9999 -9999 -9999 -9999 -9999 -9999 -9999 -9999 -9999 -9999 -9999 -9999 -9999 -9999 -9999 -9999 -9999 -9999 -9999 -9999 -9999 -9999 -9999 -9999 -9999 -9999 -9999 -9999 -9999 -9999 -9999 -9999 -9999 -9999 -9999 -9999 -9999 -9999 -9999 -9999 -9999 -9999 -9999 -9999 -9999 -9999 -9999 -9999 -9999 -9999 -9999 -9999 -9999 -9999 -9999 -9999 -9999 -9999 -9999 -9999 24.59 24.59 24.59 24.59 24.59 24.59 24.58 24.52 24.28 24.17 24.13 23.89 23.69
-9999 -9999 -9999 -9999 -9999 -9999 -9999 -9999 -9999 -9999 -9999 -9999 -9999 -9999 -9999 -9999 -9999 -9999 -9999 -9999 -9999 -9999 -9999 -9999 -9999 -9999 -9999 -9999 -9999 -9999 -9999 -9999 -9999 -9999 -9999 -9999 -9999 -9999 -9999 -9999 -9999 -9999 -9999 -9999 -9999 -9999 -9999 -9999 -9999 -9999 -9999 -9999 -9999 -9999 -9999 -9999 -9999 -9999 -9999 -9999 -9999 -9999 -9999 24.59 24.59 24.59 24.59 24.59 24.59 24.59 24.58 24.52 24.24 24.04 24 23.86 23.58
-9999 -9999 -9999 -9999 -9999 -9999 -9999 -9999 -9999 -9999 -9999 -9999 -9999 -9999 -9999 -9999 -9999 -9999 -9999 -9999 -9999 -9999 -9999 -9999 -9999 -9999 -9999 -9999 -9999 -9999 -9999 -9999 -9999 -9999 -9999 -9999 -9999 -9999 -9999 -9999 -9999 -9999 -9999 -9999 -9999 -9999 -9999 -9999 -9999 -9999 -9999 -9999 -9999 -9999 -9999 -9999 -9999 -9999 -9999 -9999 -9999 -9999 24.59 24.59 24.59 24.59 24.59 24.59 24.59 24.59 24.59 24.55 24.36 24.05 23.84 23.77 23.55
-9999 -9999 -9999 -9999 -9999 -9999 -9999 -9999 -9999 -9999 -9999 -9999 -9999 -9999 -9999 -9999 -9999 -9999 -9999 -9999 -9999 -9999 -9999 -9999 -9999 -9999 -9999 -9999 -9999 -9999 -9999 -9999 -9999 -9999 -9999 -9999 -9999 -9999 -9999 -9999 -9999 -9999 -9999 -9999 -9999 -9999 -9999 -9999 -9999 -9999 -9999 -9999 -9999 -9999 -9999 -9999 -9999 -9999 -9999 -9999 -9999 24.59 24.59 24.59 24.59 24.59 24.59 24.59 24.59 24.59 24.59 24.55 24.36 24.04 23.72 23.63 23.53
-9999 -9999 -9999 -9999 -9999 -9999 -9999 -9999 -9999 -9999 -9999 -9999 -9999 -9999 -9999 -9999 -9999 -9999 -9999 -9999 -9999 -9999 -9999 -9999 -9999 -9999 -9999 -9999 -9999 -9999 -9999 -9999 -9999 -9999 -9999 -9999 -9999 -9999 -9999 -9999 -9999 -9999 -9999 -9999 -9999 -9999 -9999 -9999 -9999 -9999 -9999 -9999 -9999 -9999 -9999 -9999 -9999 -9999 -9999 24.59 24.59 24.59 24.59 24.59 24.59 24.59 24.59 24.59 24.59 24.59 24.59 24.56 24.41 24.06 23.67 23.46 23.37
-9999 -9999 -9999 -9999 -9999 -9999 -9999 -9999 -9999 -9999 -9999 -9999 -9999 -9999 -9999 -9999 -9999 -9999 -9999 -9999 -9999 -9999 -9999 -9999 -9999 -9999 -9999 -9999 -9999 -9999 -9999 -9999 -9999 -9999 -9999 -9999 -9999 -9999 -9999 -9999 -9999 -9999 -9999 -9999 -9999 -9999 -9999 -9999 -9999 -9999 -9999 -9999 -9999 -9999 -9999 -9999 -9999 24.59 24.59 24.59 24.59 24.59 24.59 24.59 24.59 24.59 24.59 24.59 24.59 24.59 24.59 24.53 24.34 23.96 23.61 23.33 23.22
-9999 -9999 -9999 -9999 -9999 -9999 -9999 -9999 -9999 -9999 -9999 -9999 -9999 -9999 -9999 -9999 -9999 -9999 -9999 -9999 -9999 -9999 -9999 -9999 -9999 -9999 -9999 -9999 -9999 -9999 -9999 -9999 -9999 -9999 -9999 -9999 -9999 -9999 -9999 -9999 -9999 -9999 -9999 -9999 -9999 -9999 -9999 -9999 -9999 -9999 -9999 -9999 -9999 -9999 -9999 24.59 24.59 24.59 24.59 24.59 24.59 24.59 24.59 24.59 24.59 24.59 24.59 24.59 24.59 24.59 24.57 24.46 24.22 23.93 23.7 23.5 23.41
-9999 -9999 -9999 -9999 -9999 -9999 24.57 -9999 -9999 -9999 -9999 -9999 -9999 -9999 -9999 -9999 -9999 -9999 -9999 -9999 -9999 -9999 -9999 -9999 -9999 -9999 -9999 -9999 24.58 24.58 24.58 -9999 -9999 -9999 -9999 -9999 -9999 -9999 -9999 -9999 -9999 -9999 -9999 -9999 -9999 -9999 -9999 -9999 -9999 -9999 -9999 -9999 -9999 -9999 24.59 24.59 24.59 24.59 24.59 24.59 24.59 24.58 24.54 24.55 24.58 24.59 24.59 24.59 24.59 24.59 24.57 24.47 24.29 24.12 24.02 23.9 23.78
-9999 -9999 -9999 -9999 -9999 24.57 24.57 24.57 24.57 24.57 -9999 -9999 -9999 -9999 -9999 -9999 -9999 -9999 -9999 -9999 -9999 -9999 -9999 -9999 -9999 -9999 -9999 24.58 24.58 24.58 24.58 24.58 -9999 -9999 -9999 -9999 -9999 -9999 -9999 -9999 -9999 -9999 -9999 -9999 -9999 -9999 -9999 -9999 -9999 -9999 -9999 -9999 -9999 24.59 24.59 24.59 24.59 24.59 24.59 24.59 24.58 24.53 24.42 24.44 24.54 24.59 24.59 24.59 24.59 24.59 24.58 24.55 24.48 24.38 24.32 24.19 24
-9999 -9999 -9999 -9999 24.57 24.57 24.57 24.57 24.57 24.57 24.57 -9999 -9999 -9999 -9999 -9999 -9999 -9999 -9999 -9999 -9999 -9999 -9999 -9999 24.58 24.58 -9999 24.58 24.58 24.58 24.58 24.58 24.58 -9999 -9999 -9999 -9999 -9999 -9999 -9999 -9999 -9999 -9999 -9999 -9999 -9999 -9999 -9999 -9999 -9999 -9999 -9999 24.59 24.59 24.59 24.59 24.59 24.59 24.59 24.58 24.56 24.46 24.27 24.25 24.42 24.53 24.55 24.57 24.59 24.59 24.59 24.59 24.58 24.54 24.48 24.34 24.19
-9999 -9999 -9999 24.57 24.57 24.57 24.57 24.57 24.57 24.57 24.57 24.57 -9999 -9999 -9999 -9999 -9999 -9999 -9999 -9999 -9999 -9999 24.58 24.58 24.58 24.58 24.58 24.58 24.58 24.58 24.58 24.58 24.58 24.58 -9999 -9999 -9999 -9999 -9999 -9999 -9999 -9999 -9999 -9999 -9999 -9999 -9999 -9999 -9999 -9999 -9999 24.59 24.59 24.59 24.59 24.59 24.59 24.58 24.57 24.52 24.44 24.23 23.98 23.99 24.15 24.31 24.37 24.45 24.55 24.58 24.59 24.59 24.59 24.59 24.55 24.48 24.41
-9999 24.57 24.57 24.57 24.57 24.57 24.57 24.57 24.57 24.57 24.57 24.57 24.57 -9999 -9999 -9999 -9999 -9999 -9999 -9999 24.57 24.58 24.58 24.58 24.58 24.58 24.58 24.58 24.58 24.58 24.58 24.58 24.58 24.58 24.58 -9999 -9999 -9999 -9999 -9999 -9999 -9999 -9999 -9999 -9999 -9999 -9999 -9999 -9999 -9999 24.59 24.59 24.59 24.59 24.59 24.58 24.57 24.54 24.48 24.31 24 23.69 23.59 23.69 23.83 23.99 24.13 24.27 24.42 24.53 24.58 24.59 24.59 24.59 24.57 24.54 24.49
24.57 24.57 24.57 24.57 24.57 24.57 24.57 24.57 24.57 24.57 24.57 24.57 24.57 24.57 -9999 24.57 -9999 -9999 24.57 24.57 24.57 24.57 24.58 24.58 24.58 24.58 24.58 24.58 24.58 24.58 24.58 24.58 24.58 24.58 24.58 24.58 24.58 -9999 -9999 -9999 -9999 -9999 -9999 -9999 24.59 24.59 -9999 24.59 24.59 24.59 24.59 24.59 24.59 24.59 24.58 24.54 24.49 24.37 24.13 23.97 23.81 23.54 23.37 23.39 23.49 23.72 23.97 24.15 24.33 24.5 24.58 24.59 24.59 24.58 24.54 24.51 24.46
24.57 24.57 24.57 24.57 24.57 24.56 24.54 24.56 24.57 24.57 24.57 24.57 24.57 24.57 24.57 24.57 24.57 24.57 24.57 24.57 24.57 24.57 24.58 24.58 24.58 24.58 24.58 24.58 24.57 24.55 24.54 24.58 24.58 24.58 24.58 24.58 24.58 24.58 -9999 -9999 -9999 -9999 -9999 24.58 24.59 24.59 24.59 24.59 24.59 24.59 24.59 24.59 24.59 24.58 24.55 24.42 24.3 24.2 23.97 23.73 23.55 23.35 23.15 23.15 23.37 23.77 24.1 24.33 24.48 24.56 24.59 24.6 24.59 24.52 24.37 24.37 24.39
24.57 24.57 24.57 24.57 24.55 24.45 24.4 24.52 24.56 24.57 24.57 24.57 24.57 24.57 24.57 24.57 24.57 24.57 24.57 24.57 24.57 24.57 24.57 24.58 24.57 24.58 24.58 24.56 24.48 24.44 24.44 24.55 24.58 24.58 24.58 24.58 24.58 24.58 24.58 -9999 -9999 24.58 24.58 24.58 24.59 24.59 24.59 24.59 24.59 24.59 24.59 24.59 24.59 24.57 24.49 24.32 24.13 24.02 23.84 23.58 23.3 23.13 23.07 23.17 23.53 23.9 24.15 24.38 24.52 24.56 24.58 24.58 24.55 24.42 24.19 24.15 24.19
24.57 24.57 24.57 24.56 24.51 24.27 24.12 24.36 24.52 24.57 24.57 24.57 24.57 24.57 24.57 24.57 24.57 24.57 24.57 24.57 24.57 24.57 24.56 24.56 24.52 24.53 24.54 24.47 24.29 24.27 24.37 24.53 24.57 24.58 24.58 24.58 24.58 24.58 24.58 24.58 24.58 24.58 24.58 24.59 24.59 24.59 24.59 24.59 24.59 24.59 24.59 24.59 24.59 24.57 24.48 24.25 24.01 23.84 23.67 23.42 23.14 23.07 23.26 23.48 23.68 23.92 24.13 24.32 24.48 24.54 24.55 24.53 24.49 24.38 24.18 24.01 23.95
24.56 24.56 24.54 24.52 24.42 24.07 23.89 24.08 24.43 24.55 24.57 24.57 24.57 24.57 24.57 24.57 24.57 24.57 24.57 24.57 24.56 24.55 24.51 24.4 24.32 24.38 24.4 24.29 24.19 24.3 24.46 24.56 24.58 24.58 24.58 24.58 24.58 24.58 24.58 24.58 24.58 24.58 24.58 24.59 24.59 24.59 24.59 24.59 24.59 24.59 24.59 24.58 24.59 24.58 24.52 24.23 23.92 23.69 23.47 23.21 23.01 23.17 23.52 23.76 23.87 24.03 24.21 24.32 24.45 24.5 24.49 24.42 24.35 24.27 24.12 23.92 23.71
24.5 24.5 24.4 24.31 24.09 23.79 23.84 24.11 24.42 24.55 24.57 24.57 24.57 24.57 24.56 24.55 24.57 24.57 24.56 24.56 24.53 24.46 24.34 24.11 24.1 24.19 24.15 24.14 24.23 24.41 24.53 24.57 24.58 24.57 24.55 24.54 24.56 24.57 24.58 24.58 24.58 24.58 24.58 24.58 24.56 24.56 24.58 24.58 24.57 24.57 24.57 24.56 24.57 24.57 24.5 24.21 23.87 23.57 23.28 23.01 22.93 23.24 23.61 23.87 24.02 24.15 24.28 24.37 24.43 24.45 24.41 24.31 24.18 24.08 23.94 23.77 23.51
24.34 24.37 24.17 23.97 23.74 23.65 23.84 24.18 24.45 24.56 24.57 24.57 24.54 24.54 24.51 24.47 24.55 24.55 24.51 24.5 24.44 24.29 24.15 23.95 24.03 24.06 23.97 24.05 24.25 24.44 24.51 24.56 24.57 24.52 24.42 24.37 24.43 24.53 24.58 24.58 24.58 24.58 24.58 24.53 24.42 24.4 24.5 24.51 24.47 24.49 24.52 24.48 24.49 24.53 24.46 24.25 23.93 23.56 23.23 22.91 22.86 23.21 23.56 23.8 23.98 24.12 24.23 24.33 24.38 24.38 24.31 24.21 24.03 23.83 23.62 23.43 23.3
24.18 24.24 24.03 23.78 23.56 23.53 23.78 24.14 24.42 24.55 24.57 24.54 24.41 24.4 24.35 24.37 24.5 24.48 24.34 24.34 24.31 24.13 24.03 23.89 23.93 23.96 23.85 23.98 24.24 24.38 24.39 24.51 24.54 24.45 24.26 24.13 24.23 24.46 24.56 24.58 24.58 24.57 24.53 24.41 24.19 24.16 24.32 24.34 24.23 24.28 24.4 24.33 24.29 24.37 24.4 24.29 24.06 23.69 23.35 23.01 22.85 23.1 23.39 23.6 23.8 23.98 24.15 24.23 24.28 24.27 24.17 24.08 23.9 23.61 23.21 22.89 22.89
24.07 24.11 23.9 23.63 23.42 23.49 23.77 24.11 24.4 24.54 24.57 24.52 24.32 24.16 24.13 24.24 24.4 24.36 24.17 24.17 24.17 24 23.93 23.8 23.81 23.85 23.75 23.9 24.18 24.25 24.26 24.46 24.51 24.41 24.17 24.03 24.15 24.42 24.56 24.58 24.57 24.52 24.44 24.24 24.01 23.96 24.07 24.11 23.99 24.03 24.23 24.21 24.06 24.1 24.24 24.24 24.13 23.91 23.59 23.23 22.96 22.95 23.11 23.38 23.67 23.92 24.09 24.08 24.14 24.12 23.99 23.88 23.79 23.51 22.93 22.34 22.35
23.9 23.99 23.8 23.52 23.42 23.63 23.91 24.17 24.41 24.54 24.56 24.52 24.31 24.04 23.95 24.08 24.29 24.27 24.09 24.07 24.06 23.88 23.82 23.69 23.66 23.71 23.67 23.81 24.07 24.09 24.2 24.44 24.49 24.4 24.13 23.99 24.15 24.39 24.54 24.58 24.54 24.4 24.3 24.18 23.94 23.79 23.84 23.88 23.77 23.77 24.04 24.1 23.89 23.84 24.02 24.04 24.01 23.93 23.79 23.48 23.1 22.86 22.95 23.31 23.63 23.85 23.93 23.83 23.97 23.97 23.8 23.61 23.56 23.29 22.69 22.06 22.03
23.76 23.9 23.71 23.45 23.48 23.82 24.11 24.32 24.46 24.53 24.54 24.48 24.31 24.02 23.87 24.02 24.21 24.19 24 23.97 23.94 23.74 23.69 23.56 23.49 23.55 23.55 23.71 23.88 23.92 24.11 24.33 24.42 24.39 24.14 23.93 24 24.22 24.47 24.56 24.49 24.21 24.1 24.12 23.94 23.69 23.58 23.6 23.53 23.51 23.79 23.87 23.74 23.6 23.7 23.67 23.64 23.63 23.62 23.51 23.2 22.9 22.96 23.27 23.49 23.66 23.65 23.56 23.79 23.78 23.61 23.28 23.11 22.93 22.39 21.88 21.81
23.63 23.78 23.58 23.33 23.5 23.9 24.25 24.41 24.49 24.51 24.49 24.4 24.2 23.94 23.8 23.96 24.06 24.07 23.96 23.88 23.83 23.64 23.53 23.45 23.37 23.42 23.44 23.58 23.67 23.76 23.98 24.13 24.29 24.34 24.08 23.84 23.86 24.05 24.35 24.52 24.48 24.19 23.95 23.95 23.9 23.66 23.43 23.33 23.27 23.26 23.42 23.52 23.52 23.32 23.29 23.25 23.16 23.16 23.25 23.27 23.07 22.84 22.89 23.07 23.21 23.31 23.3 23.38 23.59 23.52 23.29 22.93 22.54 22.35 22.04 21.75 21.81
23.56 23.6 23.4 23.28 23.5 23.92 24.26 24.4 24.44 24.44 24.37 24.22 23.97 23.75 23.67 23.83 23.82 23.86 23.88 23.79 23.72 23.6 23.4 23.34 23.27 23.27 23.3 23.44 23.46 23.58 23.79 24 24.25 24.28 23.99 23.77 23.8 23.94 24.08 24.42 24.48 24.25 23.87 23.75 23.79 23.68 23.45 23.23 23.07 23.01 23.06 23.2 23.25 23.11 22.99 22.94 22.77 22.73 22.88 22.93 22.84 22.64 22.6 22.73 22.89 22.98 22.97 23.15 23.21 23.14 22.94 22.47 22.12 21.97 21.79 21.65 21.9
23.33 23.3 23.32 23.46 23.71 24.03 24.25 24.31 24.29 24.31 24.19 24.01 23.72 23.49 23.54 23.7 23.64 23.69 23.77 23.66 23.54 23.53 23.43 23.31 23.16 23.1 23.16 23.25 23.23 23.38 23.71 24.07 24.26 24.17 23.84 23.63 23.68 23.77 23.88 24.25 24.47 24.33 23.91 23.62 23.56 23.55 23.49 23.32 23.1 22.96 22.86 22.91 22.98 22.87 22.73 22.66 22.55 22.53 22.62 22.68 22.62 22.46 22.43 22.49 22.56 22.62 22.63 22.7 22.67 22.61 22.44 22.07 21.91 21.87 21.81 21.74 21.87
23.07 23.13 23.36 23.67 23.97 24.18 24.24 24.18 24.09 24.18 24.12 23.9 23.62 23.34 23.45 23.6 23.52 23.58 23.69 23.58 23.37 23.36 23.27 23.25 23.14 23.01 23.03 23.06 23.06 23.3 23.67 24.05 24.21 24.02 23.65 23.45 23.48 23.57 23.73 24.11 24.44 24.35 23.97 23.6 23.39 23.32 23.34 23.32 23.2 23.05 22.83 22.66 22.58 22.52 22.49 22.51 22.63 22.84 22.91 22.9 22.83 22.76 22.8 22.76 22.69 22.72 22.63 22.63 22.46 22.19 22.04 21.98 21.98 21.97 21.93 21.82 21.83
23.03 23.25 23.55 23.87 24.1 24.15 24.1 24 23.91 24.05 24 23.81 23.58 23.27 23.33 23.43 23.36 23.44 23.54 23.4 23.21 23.19 23.1 23.1 23.01 22.91 22.88 22.91 23.01 23.24 23.46 23.72 24 23.94 23.58 23.32 23.31 23.46 23.71 24.1 24.38 24.25 23.91 23.62 23.39 23.23 23.16 23.13 23.06 22.93 22.78 22.58 22.38 22.28 22.37 22.66 23 23.29 23.39 23.25 23.12 23.03 23.11 23.07 22.99 23.07 23 22.96 22.81 22.53 22.25 22.18 22.19 22.11 22 21.92 21.94
23.09 23.43 23.74 23.99 24.03 23.96 23.92 23.8 23.75 23.92 23.87 23.68 23.47 23.19 23.19 23.27 23.18 23.22 23.33 23.18 23.01 22.99 22.93 22.9 22.79 22.75 22.77 22.88 22.99 23.14 23.3 23.49 23.79 23.89 23.59 23.3 23.26 23.46 23.74 24.07 24.31 24.19 23.93 23.7 23.5 23.3 23.13 23.02 22.92 22.81 22.67 22.49 22.31 22.21 22.4 22.83 23.27 23.57 23.7 23.55 23.32 23.2 23.31 23.32 23.28 23.35 23.32 23.21 23.02 22.7 22.39 22.34 22.29 22.13 22.03 22.15 22.31
23.15 23.51 23.83 24 23.87 23.68 23.64 23.57 23.55 23.74 23.76 23.64 23.43 23.15 23.06 23.12 23.05 23.01 23.13 23.07 22.89 22.75 22.67 22.64 22.65 22.77 22.88 23 23.06 23.18 23.36 23.55 23.78 23.78 23.55 23.32 23.27 23.48 23.77 24.08 24.28 24.14 23.91 23.71 23.54 23.36 23.2 23.07 22.95 22.81 22.61 22.39 22.25 22.21 22.46 22.91 23.3 23.66 23.87 23.79 23.49 23.39 23.52 23.54 23.54 23.6 23.5 23.24 22.95 22.65 22.49 22.42 22.3 22.14 22.08 22.32 22.57
23.16 23.53 23.82 23.95 23.79 23.5 23.33 23.28 23.3 23.47 23.48 23.42 23.32 23.1 22.94 22.93 22.93 22.89 22.96 22.99 22.83 22.58 22.39 22.48 22.7 22.95 23.12 23.21 23.27 23.33 23.47 23.66 23.78 23.62 23.43 23.24 23.21 23.48 23.86 24.14 24.2 24.04 23.84 23.56 23.38 23.28 23.19 23.08 22.97 22.83 22.63 22.42 22.29 22.24 22.48 22.92 23.33 23.75 23.96 23.93 23.69 23.65 23.78 23.78 23.79 23.78 23.56 23.21 22.91 22.69 22.62 22.45 22.34 22.3 22.25 22.46 22.72
23.17 23.43 23.73 23.87 23.74 23.45 23.11 22.96 23.02 23.15 23.15 23.12 23.12 23.01 22.85 22.76 22.77 22.74 22.78 22.84 22.75 22.56 22.36 22.54 22.81 23.03 23.21 23.33 23.44 23.52 23.56 23.61 23.61 23.46 23.28 23.11 23.19 23.52 23.88 24.13 24.05 23.84 23.79 23.57 23.34 23.17 23.07 22.95 22.82 22.71 22.56 22.4 22.26 22.24 22.55 22.99 23.39 23.79 24.01 24.05 23.92 23.92 24.01 23.99 23.93 23.81 23.58 23.28 22.98 22.8 22.73 22.5 22.46 22.56 22.51 22.57 22.8
23.11 23.35 23.68 23.76 23.57 23.32 22.97 22.72 22.72 22.82 22.85 22.87 22.89 22.8 22.69 22.57 22.54 22.56 22.63 22.7 22.61 22.49 22.38 22.51 22.78 23.04 23.22 23.36 23.49 23.56 23.5 23.42 23.37 23.3 23.13 23.08 23.33 23.68 23.93 24.1 23.94 23.66 23.59 23.46 23.32 23.19 23.06 22.91 22.76 22.62 22.46 22.3 22.2 22.39 22.81 23.17 23.49 23.8 24.04 24.14 24.11 24.11 24.13 24.06 23.88 23.62 23.41 23.21 23.08 22.98 22.78 22.58 22.63 22.78 22.85 22.73 22.85
23.01 23.27 23.63 23.71 23.54 23.23 22.88 22.6 22.51 22.53 22.58 22.64 22.64 22.54 22.5 22.45 22.38 22.38 22.5 22.57 22.47 22.35 22.33 22.46 22.72 22.99 23.16 23.27 23.39 23.48 23.42 23.27 23.16 23.1 23 23.12 23.47 23.79 23.95 23.89 23.67 23.42 23.34 23.24 23.17 23.11 23.02 22.89 22.76 22.62 22.44 22.27 22.27 22.61 23.02 23.33 23.63 23.89 24.09 24.2 24.21 24.21 24.15 23.97 23.67 23.44 23.37 23.36 23.32 23.09 22.73 22.67 22.8 22.9 23.08 22.99 22.92
