ASPA-UH-SWB2_REPO/input/Gridded_temps/prism_tmax_tutuila_30yr_normal_01.asc
ncols         350
nrows         200
xllcorner     515000
yllcorner     8409000
cellsize      100
NODATA_value  -9999
[rows 105 to 139 of 200, columns 0 to 76 of 350]
-9999 -9999 -9999 -9999 -9999 -9999 -9999 -9999 -9999 -9999 -9999 -9999 -9999 -9999 -9999 -9999 -9999 -9999 -9999 -9999 -9999 -9999 -9999 -9999 -9999 -9999 -9999 -9999 -9999 31.51 31.51 31.51 31.52 31.52 31.53 31.53 31.54 31.52 31.42 31.19 31.03 30.91 30.8 30.65 30.47 30.49 30.79 30.9 31 31.27 31.4 31.38 31.3 31.09 30.84 30.62 30.43 30.24 30.03 29.88 29.73 29.53 29.37 29.27 29.27 29.19 29.23 29.33 29.31 29.14 29.08 29.1 29.09 29.17 29.41 29.56 29.6
-9999 -9999 -9999 -9999 -9999 -9999 -9999 -9999 -9999 -9999 -9999 -9999 -9999 -9999 -9999 -9999 -9999 -9999 -9999 -9999 -9999 -9999 -9999 -9999 -9999 -9999 -9999 -9999 31.51 31.51 31.51 31.52 31.52 31.53 31.53 31.53 31.52 31.48 31.39 31.19 30.99 30.86 30.76 30.65 30.5 30.39 30.48 30.54 30.69 31.07 31.25 31.29 31.3 31.26 31.16 31.04 30.86 30.63 30.44 30.3 30.1 29.89 29.71 29.52 29.51 29.42 29.37 29.43 29.45 29.26 29.24 29.22 29.1 29.17 29.36 29.45 29.51
-9999 -9999 -9999 -9999 -9999 -9999 -9999 -9999 -9999 -9999 -9999 -9999 -9999 -9999 -9999 -9999 -9999 -9999 -9999 -9999 -9999 -9999 -9999 -9999 -9999 -9999 -9999 31.51 31.51 31.51 31.52 31.52 31.52 31.52 31.48 31.47 31.45 31.35 31.32 31.29 31.19 31.06 30.93 30.73 30.51 30.32 30.25 30.26 30.5 30.89 31 31.06 31.1 31.11 31.09 31.08 31.03 30.9 30.79 30.67 30.47 30.24 30.01 29.65 29.67 29.67 29.65 29.64 29.59 29.45 29.42 29.28 29.09 29.08 29.18 29.28 29.4
-9999 -9999 -9999 -9999 -9999 -9999 -9999 -9999 -9999 -9999 -9999 -9999 -9999 -9999 -9999 -9999 -9999 -9999 -9999 -9999 -9999 -9999 -9999 -9999 -9999 -9999 31.51 31.51 31.51 31.51 31.52 31.51 31.48 31.42 31.32 31.33 31.37 31.22 31.15 31.18 31.16 31.12 31.03 30.86 30.59 30.34 30.18 30.13 30.31 30.61 30.73 30.81 30.8 30.73 30.71 30.82 30.93 30.93 30.86 30.8 30.7 30.4 30.1 29.82 29.83 29.86 29.84 29.78 29.7 29.6 29.45 29.23 29.07 29.03 29.06 29.11 29.23
-9999 -9999 -9999 -9999 -9999 -9999 -9999 -9999 -9999 -9999 -9999 -9999 -9999 -9999 -9999 -9999 -9999 -9999 -9999 -9999 -9999 -9999 -9999 -9999 -9999 31.5 31.51 31.51 31.51 31.52 31.51 31.45 31.32 31.19 31.14 31.21 31.31 31.2 31.04 31.01 31.02 31.05 30.99 30.9 30.78 30.5 30.28 30.11 30.11 30.3 30.47 30.57 30.49 30.3 30.27 30.47 30.68 30.72 30.58 30.54 30.61 30.41 30.15 29.99 29.97 29.95 29.87 29.78 29.68 29.54 29.35 29.17 29.05 29.03 29.03 29.04 29.07
-9999 -9999 -9999 -9999 -9999 -9999 -9999 -9999 -9999 -9999 -9999 -9999 -9999 -9999 -9999 -9999 -9999 -9999 -9999 -9999 -9999 -9999 -9999 -9999 31.5 31.5 31.51 31.51 31.52 31.49 31.41 31.3 31.11 31.02 31.02 31.12 31.21 31.18 31.02 30.89 30.87 30.95 30.92 30.84 30.78 30.59 30.4 30.16 29.98 30.02 30.2 30.33 30.25 30.05 30.02 30.23 30.46 30.48 30.28 30.31 30.53 30.53 30.38 30.16 30.02 29.93 29.82 29.7 29.57 29.41 29.24 29.13 29.08 29.08 29.08 29.06 29.04
-9999 -9999 -9999 -9999 -9999 -9999 -9999 -9999 -9999 -9999 -9999 -9999 -9999 -9999 -9999 -9999 -9999 -9999 -9999 -9999 -9999 -9999 -9999 -9999 31.5 31.51 31.51 31.52 31.52 31.43 31.21 31.1 30.99 30.91 30.9 30.96 31.05 31.09 30.97 30.79 30.69 30.76 30.81 30.76 30.7 30.62 30.48 30.25 29.99 29.86 29.91 30.03 30.01 29.86 29.87 30.07 30.28 30.29 30.11 30.14 30.34 30.41 30.35 30.1 29.92 29.82 29.74 29.65 29.49 29.34 29.23 29.17 29.17 29.17 29.17 29.13 29.07
-9999 -9999 -9999 -9999 -9999 -9999 -9999 -9999 -9999 -9999 -9999 -9999 -9999 -9999 -9999 -9999 -9999 -9999 -9999 -9999 -9999 -9999 -9999 -9999 31.51 31.51 31.52 31.52 31.52 31.42 31.12 30.98 30.9 30.8 30.74 30.75 30.86 30.96 30.89 30.7 30.54 30.53 30.63 30.63 30.55 30.5 30.47 30.33 30.06 29.83 29.71 29.69 29.67 29.6 29.67 29.89 30.06 30.04 29.93 29.98 30.11 30.12 30.08 29.98 29.81 29.67 29.6 29.56 29.47 29.34 29.25 29.24 29.26 29.25 29.22 29.16 29.1
-9999 -9999 -9999 -9999 -9999 -9999 -9999 -9999 -9999 -9999 -9999 -9999 -9999 -9999 -9999 -9999 -9999 -9999 -9999 -9999 -9999 -9999 -9999 -9999 31.51 31.51 31.52 31.53 31.52 31.45 31.23 31.01 30.85 30.73 30.62 30.57 30.67 30.79 30.8 30.68 30.51 30.37 30.39 30.44 30.36 30.26 30.24 30.25 30.1 29.89 29.7 29.53 29.42 29.38 29.43 29.59 29.71 29.69 29.69 29.79 29.87 29.86 29.89 29.91 29.79 29.61 29.5 29.43 29.37 29.29 29.24 29.27 29.32 29.28 29.21 29.16 29.11
-9999 -9999 -9999 -9999 -9999 -9999 -9999 -9999 -9999 -9999 -9999 -9999 -9999 -9999 -9999 31.48 -9999 -9999 -9999 -9999 -9999 -9999 31.51 31.51 31.51 31.52 31.53 31.53 31.53 31.48 31.35 31.14 30.93 30.83 30.67 30.51 30.49 30.57 30.61 30.58 30.46 30.27 30.19 30.25 30.22 30.1 30.01 30.02 30.02 29.92 29.74 29.51 29.33 29.27 29.31 29.39 29.46 29.5 29.58 29.7 29.76 29.74 29.77 29.82 29.76 29.59 29.45 29.34 29.29 29.27 29.26 29.32 29.39 29.33 29.22 29.16 29.13
-9999 -9999 -9999 -9999 -9999 -9999 -9999 -9999 -9999 -9999 -9999 -9999 -9999 -9999 -9999 31.48 31.48 -9999 31.49 31.49 31.5 31.5 31.51 31.51 31.52 31.52 31.53 31.53 31.53 31.47 31.36 31.24 31.1 31.01 30.86 30.62 30.49 30.44 30.39 30.39 30.32 30.15 30.05 30.1 30.11 30.02 29.92 29.83 29.81 29.76 29.63 29.42 29.28 29.27 29.33 29.4 29.46 29.56 29.7 29.82 29.84 29.77 29.7 29.69 29.64 29.54 29.43 29.37 29.39 29.44 29.45 29.48 29.52 29.48 29.33 29.26 29.23
-9999 -9999 -9999 -9999 -9999 -9999 -9999 -9999 -9999 -9999 -9999 -9999 -9999 -9999 31.47 31.48 31.48 31.49 31.49 31.49 31.5 31.5 31.51 31.51 31.52 31.53 31.53 31.54 31.53 31.44 31.32 31.26 31.15 31.07 30.98 30.82 30.64 30.45 30.28 30.23 30.17 30.06 29.97 29.97 29.98 29.92 29.82 29.7 29.6 29.54 29.46 29.36 29.34 29.39 29.43 29.49 29.56 29.71 29.86 29.95 29.9 29.79 29.66 29.63 29.63 29.62 29.59 29.59 29.66 29.76 29.76 29.77 29.77 29.79 29.64 29.48 29.38
-9999 -9999 -9999 -9999 -9999 -9999 -9999 -9999 -9999 -9999 -9999 -9999 -9999 31.47 31.47 31.48 31.48 31.49 31.49 31.5 31.5 31.51 31.51 31.52 31.53 31.53 31.54 31.54 31.5 31.36 31.2 31.13 31.02 30.92 30.88 30.82 30.76 30.6 30.41 30.23 30.11 30 29.9 29.85 29.86 29.85 29.78 29.64 29.5 29.49 29.53 29.53 29.56 29.64 29.64 29.64 29.75 29.89 30 30.01 29.85 29.72 29.66 29.79 29.89 29.89 29.84 29.88 29.92 29.99 30.03 30.07 30.04 30.05 29.89 29.64 29.56
-9999 -9999 -9999 -9999 -9999 -9999 -9999 -9999 -9999 -9999 -9999 -9999 31.47 31.47 31.47 31.48 31.49 31.49 31.5 31.5 31.5 31.51 31.51 31.52 31.52 31.53 31.54 31.53 31.44 31.21 31.04 30.96 30.86 30.72 30.64 30.61 30.66 30.63 30.44 30.23 30.11 30 29.87 29.78 29.8 29.89 29.89 29.73 29.61 29.68 29.8 29.82 29.85 29.96 29.93 29.88 30 30.09 30.14 30.06 29.91 29.82 29.68 29.83 30.08 30.11 30.09 30.2 30.2 30.18 30.23 30.34 30.29 30.22 30.07 29.89 29.77
-9999 -9999 -9999 -9999 -9999 -9999 -9999 -9999 -9999 -9999 -9999 31.47 31.47 31.47 31.48 31.48 31.49 31.49 31.5 31.5 31.51 31.51 31.52 31.5 31.49 31.5 31.51 31.47 31.32 31.07 30.93 30.84 30.7 30.51 30.39 30.38 30.47 30.53 30.39 30.25 30.17 30.07 29.93 29.8 29.81 29.93 30.01 29.89 29.78 29.87 30.03 30.11 30.16 30.27 30.2 30.16 30.24 30.32 30.28 30.12 30.07 30.09 29.92 29.94 30.24 30.36 30.29 30.47 30.46 30.36 30.41 30.56 30.49 30.33 30.13 29.96 29.88
-9999 -9999 -9999 -9999 -9999 -9999 -9999 -9999 -9999 -9999 31.46 31.47 31.47 31.48 31.48 31.48 31.49 31.5 31.5 31.49 31.49 31.49 31.45 31.37 31.28 31.3 31.34 31.33 31.2 30.96 30.84 30.77 30.66 30.5 30.36 30.34 30.43 30.48 30.38 30.27 30.21 30.1 29.98 29.93 29.93 30.01 30.12 30.06 30.01 30.11 30.26 30.43 30.46 30.55 30.48 30.52 30.54 30.53 30.35 30.15 30.24 30.36 30.23 30.09 30.3 30.56 30.57 30.65 30.64 30.6 30.62 30.69 30.54 30.32 30.15 30.04 30.01
-9999 -9999 -9999 -9999 -9999 -9999 -9999 -9999 -9999 -9999 31.46 31.47 31.47 31.48 31.48 31.49 31.49 31.49 31.48 31.43 31.36 31.31 31.23 31.04 30.85 30.91 31.01 31.06 30.97 30.81 30.78 30.8 30.79 30.67 30.54 30.59 30.65 30.6 30.41 30.25 30.17 30.09 30.04 30.09 30.13 30.14 30.24 30.21 30.16 30.3 30.43 30.64 30.72 30.79 30.76 30.88 30.82 30.66 30.38 30.22 30.38 30.55 30.42 30.24 30.33 30.65 30.8 30.82 30.82 30.91 30.9 30.82 30.59 30.3 30.15 30.12 30.12
-9999 -9999 -9999 -9999 -9999 -9999 -9999 -9999 -9999 -9999 31.47 31.47 31.47 31.48 31.48 31.49 31.46 31.44 31.46 31.39 31.21 30.98 30.92 30.83 30.7 30.7 30.81 30.88 30.85 30.79 30.89 31.01 30.99 30.83 30.75 30.85 30.89 30.81 30.56 30.36 30.22 30.17 30.15 30.24 30.3 30.25 30.36 30.31 30.29 30.48 30.61 30.78 30.95 31.05 31.07 31.08 30.94 30.73 30.47 30.3 30.42 30.63 30.59 30.41 30.38 30.62 30.84 30.99 31.04 31.11 31.02 30.82 30.55 30.31 30.19 30.2 30.21
-9999 -9999 -9999 -9999 -9999 -9999 -9999 -9999 -9999 -9999 31.47 31.47 31.48 31.48 31.49 31.48 31.41 31.28 31.44 31.47 31.32 31.01 31.04 31.03 30.86 30.74 30.86 31 31.02 30.97 31.1 31.25 31.22 31.11 31.04 31.07 31.06 30.97 30.73 30.53 30.36 30.26 30.21 30.32 30.42 30.35 30.45 30.43 30.41 30.59 30.77 30.92 31.16 31.32 31.32 31.14 30.96 30.79 30.58 30.4 30.47 30.72 30.77 30.57 30.46 30.59 30.82 31.07 31.2 31.24 31.06 30.77 30.54 30.35 30.27 30.32 30.31
-9999 -9999 -9999 -9999 -9999 -9999 -9999 -9999 -9999 -9999 -9999 31.47 31.48 31.48 31.49 31.49 31.44 31.33 31.46 31.51 31.46 31.35 31.39 31.4 31.23 31.03 31.09 31.21 31.24 31.23 31.33 31.43 31.44 31.4 31.33 31.27 31.21 31.09 30.87 30.65 30.51 30.38 30.3 30.45 30.56 30.47 30.55 30.58 30.54 30.63 30.87 31.11 31.37 31.54 31.49 31.24 31.1 30.94 30.73 30.55 30.59 30.82 30.93 30.78 30.6 30.61 30.79 31.03 31.25 31.34 31.17 30.84 30.63 30.48 30.41 30.46 30.47
-9999 -9999 -9999 -9999 -9999 -9999 -9999 -9999 -9999 -9999 -9999 -9999 31.48 31.48 31.49 31.5 31.49 31.48 31.5 31.52 31.51 31.5 31.52 31.52 31.45 31.35 31.36 31.4 31.43 31.47 31.51 31.55 31.55 31.54 31.49 31.41 31.27 31.12 30.91 30.7 30.63 30.53 30.47 30.61 30.72 30.61 30.63 30.74 30.74 30.74 30.91 31.24 31.53 31.67 31.64 31.5 31.41 31.15 30.9 30.78 30.79 30.95 31.07 31 30.78 30.67 30.77 30.98 31.26 31.42 31.26 30.92 30.75 30.63 30.58 30.63 30.63
-9999 -9999 -9999 -9999 -9999 -9999 -9999 -9999 -9999 -9999 -9999 -9999 -9999 31.49 31.49 31.5 31.51 31.51 31.52 31.52 31.53 31.53 31.54 31.54 31.54 31.52 31.52 31.53 31.55 31.57 31.58 31.59 31.59 31.59 31.56 31.47 31.27 31.05 30.86 30.72 30.73 30.64 30.64 30.78 30.86 30.74 30.69 30.85 30.96 30.95 31.02 31.31 31.61 31.73 31.74 31.72 31.67 31.43 31.15 31.06 31.05 31.1 31.2 31.16 31 30.82 30.83 31 31.29 31.48 31.34 31.04 30.88 30.8 30.79 30.81 30.74
-9999 -9999 -9999 -9999 -9999 -9999 -9999 -9999 -9999 -9999 -9999 -9999 -9999 -9999 31.49 31.5 31.51 31.51 31.52 31.52 31.53 31.53 31.54 31.55 31.55 31.56 31.56 31.57 31.58 31.59 31.6 31.6 31.61 31.6 31.56 31.43 31.23 31 30.8 30.76 30.83 30.73 30.76 30.9 30.98 30.9 30.8 30.92 31.12 31.16 31.16 31.4 31.66 31.77 31.78 31.79 31.78 31.66 31.46 31.34 31.25 31.23 31.3 31.31 31.21 31.01 30.93 31.03 31.25 31.49 31.49 31.24 31.04 31 31.02 30.93 30.77
-9999 -9999 -9999 -9999 -9999 -9999 -9999 -9999 -9999 -9999 -9999 -9999 -9999 -9999 -9999 31.5 31.51 31.51 31.52 31.52 31.53 31.54 31.54 31.55 31.56 31.57 31.57 31.58 31.59 31.59 31.6 31.61 31.61 31.61 31.55 31.33 31.14 31.01 30.92 30.93 30.92 30.81 30.87 31 31.1 31.04 30.93 31.05 31.29 31.4 31.46 31.62 31.74 31.79 31.8 31.81 31.81 31.78 31.71 31.58 31.37 31.29 31.37 31.43 31.35 31.17 31.06 31.09 31.2 31.44 31.6 31.43 31.19 31.18 31.12 30.94 30.79
-9999 -9999 -9999 -9999 -9999 -9999 -9999 -9999 -9999 -9999 -9999 -9999 -9999 -9999 -9999 31.51 31.51 31.52 31.52 -9999 31.53 31.54 31.54 31.55 31.56 31.57 31.58 31.58 31.59 31.6 31.6 31.61 31.62 31.61 31.56 31.49 31.41 31.37 31.24 31.11 30.99 30.88 30.96 31.09 31.2 31.16 31.05 31.18 31.45 31.62 31.7 31.75 31.78 31.8 31.81 31.81 31.82 31.83 31.8 31.69 31.45 31.33 31.41 31.51 31.47 31.33 31.18 31.18 31.27 31.47 31.64 31.5 31.3 31.28 31.14 30.98 30.9
-9999 -9999 -9999 -9999 -9999 -9999 -9999 -9999 -9999 -9999 -9999 -9999 -9999 -9999 -9999 -9999 31.51 31.52 -9999 -9999 -9999 31.54 31.55 31.55 31.56 31.57 31.58 31.58 31.59 31.6 31.61 31.61 31.62 31.61 31.55 31.58 31.6 31.6 31.55 31.42 31.22 31.05 31.05 31.24 31.39 31.29 31.14 31.27 31.55 31.71 31.77 31.79 31.8 31.81 31.81 31.82 31.83 31.83 31.81 31.74 31.58 31.44 31.48 31.58 31.57 31.42 31.27 31.29 31.41 31.59 31.69 31.49 31.35 31.37 31.26 31.12 31.04
-9999 -9999 -9999 -9999 -9999 -9999 -9999 -9999 -9999 -9999 -9999 -9999 -9999 -9999 -9999 -9999 -9999 -9999 -9999 -9999 -9999 -9999 -9999 -9999 31.57 31.57 31.58 31.59 31.59 31.6 31.61 31.62 31.62 31.62 31.6 31.63 31.66 31.66 31.66 31.64 31.62 31.45 31.28 31.4 31.54 31.39 31.22 31.39 31.65 31.75 31.78 31.8 31.8 31.81 31.82 31.83 31.83 31.83 31.8 31.74 31.61 31.49 31.55 31.65 31.64 31.47 31.31 31.39 31.56 31.69 31.74 31.55 31.38 31.48 31.43 31.26 31.19
-9999 -9999 -9999 -9999 -9999 -9999 -9999 -9999 -9999 -9999 -9999 -9999 -9999 -9999 -9999 -9999 -9999 -9999 -9999 -9999 -9999 -9999 -9999 -9999 -9999 31.58 31.58 31.59 31.59 -9999 31.61 31.62 31.63 31.63 31.63 31.65 31.66 31.67 31.68 31.69 31.69 31.65 31.61 31.64 31.66 31.56 31.36 31.46 31.7 31.77 31.79 31.8 31.81 31.82 31.82 31.83 31.84 31.84 31.81 31.74 31.62 31.52 31.62 31.72 31.73 31.61 31.42 31.51 31.7 31.79 31.8 31.65 31.43 31.56 31.53 31.38 31.38
-9999 -9999 -9999 -9999 -9999 -9999 -9999 -9999 -9999 -9999 -9999 -9999 -9999 -9999 -9999 -9999 -9999 -9999 -9999 -9999 -9999 -9999 -9999 -9999 -9999 -9999 -9999 -9999 -9999 -9999 -9999 31.62 31.64 31.64 31.64 31.66 31.67 31.67 31.68 31.69 31.7 31.71 31.71 31.72 31.73 31.69 31.59 31.6 31.73 31.78 31.8 31.8 31.81 31.82 31.83 31.84 31.84 31.84 31.84 31.81 31.74 31.69 31.77 31.82 31.82 31.75 31.63 31.64 31.79 31.85 31.84 31.7 31.5 31.64 31.63 31.55 31.56
-9999 -9999 -9999 -9999 -9999 -9999 -9999 -9999 -9999 -9999 -9999 -9999 -9999 -9999 -9999 -9999 -9999 -9999 -9999 -9999 -9999 -9999 -9999 -9999 -9999 -9999 -9999 -9999 -9999 -9999 -9999 -9999 31.64 31.65 31.65 31.66 31.67 31.68 31.69 31.7 31.7 31.72 31.73 31.73 31.74 31.75 31.73 31.74 31.77 31.79 31.8 31.81 31.82 31.83 31.83 31.84 31.84 31.85 31.85 31.84 31.83 31.82 31.84 31.85 31.85 31.83 31.77 31.77 31.84 31.87 31.84 31.71 31.55 31.71 31.76 31.72 31.62
-9999 -9999 -9999 -9999 -9999 -9999 -9999 -9999 -9999 -9999 -9999 -9999 -9999 -9999 -9999 -9999 -9999 -9999 -9999 -9999 -9999 -9999 -9999 -9999 -9999 -9999 -9999 -9999 -9999 -9999 -9999 -9999 -9999 31.65 31.66 31.66 31.67 31.68 31.69 31.7 31.71 31.72 31.73 31.74 31.75 31.76 31.77 31.78 31.78 31.79 31.81 31.81 31.82 -9999 -9999 31.84 31.85 31.85 31.85 31.85 31.85 31.85 31.86 31.86 31.86 31.85 31.84 31.85 31.87 31.87 31.86 31.78 31.67 31.79 31.83 31.79 31.65
-9999 -9999 -9999 -9999 -9999 -9999 -9999 -9999 -9999 -9999 -9999 -9999 -9999 -9999 -9999 -9999 -9999 -9999 -9999 -9999 -9999 -9999 -9999 -9999 -9999 -9999 -9999 -9999 -9999 -9999 -9999 -9999 -9999 -9999 31.66 31.67 -9999 31.69 31.69 31.7 31.71 31.72 31.73 31.74 31.75 31.76 31.77 31.78 31.79 31.8 31.81 -9999 -9999 -9999 -9999 -9999 -9999 31.85 31.85 31.85 31.86 31.86 31.86 31.86 31.86 31.87 31.87 31.87 31.87 31.87 31.87 31.85 31.8 31.85 31.87 31.84 31.72
-9999 -9999 -9999 -9999 -9999 -9999 -9999 -9999 -9999 -9999 -9999 -9999 -9999 -9999 -9999 -9999 -9999 -9999 -9999 -9999 -9999 -9999 -9999 -9999 -9999 -9999 -9999 -9999 -9999 -9999 -9999 -9999 -9999 -9999 -9999 -9999 -9999 -9999 -9999 -9999 -9999 31.73 31.74 31.74 31.76 31.77 31.77 31.78 31.79 31.8 -9999 -9999 -9999 -9999 -9999 -9999 -9999 -9999 31.85 31.86 31.86 31.86 31.86 31.86 31.87 31.87 31.87 31.87 31.87 31.87 31.88 31.88 31.87 31.88 31.88 31.86 31.76
-9999 -9999 -9999 -9999 -9999 -9999 -9999 -9999 -9999 -9999 -9999 -9999 -9999 -9999 -9999 -9999 -9999 -9999 -9999 -9999 -9999 -9999 -9999 -9999 -9999 -9999 -9999 -9999 -9999 -9999 -9999 -9999 -9999 -9999 -9999 -9999 -9999 -9999 -9999 -9999 -9999 -9999 31.74 31.75 31.76 31.77 31.78 31.79 31.79 31.8 -9999 -9999 -9999 -9999 -9999 -9999 -9999 -9999 -9999 31.86 31.86 31.86 31.86 31.87 31.87 31.87 31.87 31.87 31.87 31.87 31.88 31.88 31.88 31.88 31.88 31.87 31.82
-9999 -9999 -9999 -9999 -9999 -9999 -9999 -9999 -9999 -9999 -9999 -9999 -9999 -9999 -9999 -9999 -9999 -9999 -9999 -9999 -9999 -9999 -9999 -9999 -9999 -9999 -9999 -9999 -9999 -9999 -9999 -9999 -9999 -9999 -9999 -9999 -9999 -9999 -9999 -9999 -9999 -9999 -9999 -9999 -9999 -9999 31.78 31.79 31.79 -9999 -9999 -9999 -9999 -9999 -9999 -9999 -9999 -9999 -9999 31.86 31.86 31.86 31.87 31.87 31.87 31.87 31.87 31.87 31.87 31.88 31.88 31.88 31.88 31.88 31.88 31.88 31.86
