ASPA-UH-SWB2_REPO/input/Gridded_temps/prism_tmax_tutuila_30yr_normal_04.asc
ncols         350
nrows         200
xllcorner     515000
yllcorner     8409000
cellsize      100
NODATA_value  -9999
[rows 140 to 174 of 200, columns 77 to 153 of 350]
31.78 31.78 31.78 31.78 31.77 31.76 31.74 31.73 31.69 31.56 31.42 31.36 31.45 31.49 31.46 31.43 31.43 31.47 31.49 31.49 31.48 31.48 31.47 31.41 31.25 30.99 30.81 30.71 30.6 30.53 30.54 30.6 30.61 30.55 30.52 30.58 30.68 30.75 30.76 30.74 30.72 30.71 30.68 30.66 30.65 30.64 30.63 30.62 30.61 30.61 30.61 30.61 30.6 30.6 30.6 30.6 30.6 30.59 30.58 30.58 30.58 30.58 30.58 30.58 30.58 30.59 30.61 30.61 30.61 30.61 30.61 30.62 30.63 30.64 30.64 30.65 30.66
31.78 31.78 31.78 31.78 31.77 31.75 31.73 31.71 31.7 31.64 31.53 31.49 31.52 31.53 31.52 31.5 31.49 31.49 31.48 31.48 31.48 31.47 31.47 31.41 31.22 31.01 30.92 30.79 30.65 30.61 30.62 30.64 30.65 30.61 30.57 30.58 30.65 30.73 30.75 30.74 30.72 30.71 30.68 30.67 30.65 30.65 30.64 30.62 30.62 30.62 30.62 30.62 30.62 30.62 30.61 30.61 30.61 30.6 30.59 30.59 30.58 30.58 30.58 30.58 30.59 30.6 30.61 30.61 30.62 30.62 30.62 30.63 30.64 30.65 30.66 30.67 30.68
31.78 31.78 31.78 31.78 31.77 31.74 31.71 31.69 31.67 31.62 31.56 31.54 31.54 31.53 31.52 31.51 31.5 31.48 31.47 31.46 31.46 31.46 31.45 31.42 31.34 31.25 31.17 30.96 30.75 30.69 30.66 30.65 30.66 30.64 30.63 30.61 30.64 30.7 30.73 30.73 30.71 30.7 30.69 30.68 30.66 30.66 30.65 30.63 30.63 30.63 30.63 30.64 30.64 30.63 30.62 30.62 30.61 30.61 30.6 30.6 30.59 30.58 30.58 30.58 30.59 30.59 30.6 30.61 30.62 30.62 30.63 30.64 30.65 30.67 30.68 30.69 30.69
31.78 31.78 31.78 31.78 31.76 31.73 31.69 31.66 31.63 31.59 31.56 31.56 31.55 31.54 31.52 31.51 31.5 31.48 31.47 31.45 31.45 31.45 31.44 31.43 31.4 31.37 31.3 31.14 30.91 30.78 30.67 30.58 30.58 30.61 30.62 30.63 30.65 30.69 30.72 30.72 30.71 30.7 30.7 30.68 30.66 30.66 30.65 30.64 30.63 30.64 30.64 30.65 30.65 30.65 30.64 30.63 30.62 30.61 30.61 30.6 30.59 30.58 30.58 30.59 30.59 30.59 30.6 30.61 30.62 30.62 30.63 30.65 30.66 30.68 30.69 30.69 30.69
31.78 31.78 31.78 31.77 31.75 31.72 31.68 31.64 31.61 31.58 31.57 31.56 31.55 31.54 31.53 31.52 31.5 31.49 31.47 31.46 31.45 31.44 31.43 31.42 31.4 31.38 31.33 31.24 31.06 30.86 30.63 30.46 30.5 30.56 30.6 30.63 30.66 30.69 30.72 30.72 30.71 30.71 30.7 30.68 30.67 30.66 30.65 30.64 30.64 30.65 30.65 30.67 30.67 30.67 30.65 30.64 30.63 30.62 30.61 30.61 30.6 30.59 30.59 30.59 30.59 30.6 30.6 30.61 30.62 30.63 30.64 30.65 30.67 30.69 30.69 30.69 30.69
31.78 31.78 31.77 31.75 31.73 31.71 31.67 31.63 31.61 31.59 31.58 31.57 31.56 31.55 31.54 31.53 31.51 31.49 31.47 31.46 31.45 31.44 31.42 31.41 31.39 31.38 31.34 31.27 31.11 30.86 30.61 30.45 30.57 30.68 30.69 30.65 30.65 30.69 30.71 30.72 30.72 30.71 30.7 30.69 30.67 30.66 30.66 30.66 30.66 30.66 30.67 30.68 30.68 30.68 30.67 30.65 30.64 30.63 30.62 30.61 30.6 30.6 30.59 30.59 30.59 30.6 30.6 30.61 30.62 30.63 30.64 30.66 30.67 30.69 30.7 30.69 30.69
31.78 31.78 31.76 31.73 31.71 31.69 31.66 31.63 31.62 31.6 31.59 31.59 31.58 31.57 31.55 31.53 31.51 31.49 31.48 31.46 31.45 31.44 31.42 31.4 31.38 31.37 31.35 31.29 31.16 30.92 30.66 30.5 30.72 30.92 30.91 30.75 30.65 30.68 30.71 30.72 30.72 30.71 30.71 30.7 30.69 30.68 30.68 30.67 30.67 30.68 30.69 30.69 30.69 30.69 30.68 30.67 30.65 30.64 30.63 30.62 30.61 30.6 30.59 30.59 30.59 30.59 30.6 30.62 30.63 30.64 30.65 30.66 30.67 30.69 30.7 30.7 30.7
31.78 31.77 31.75 31.72 31.7 31.67 31.66 31.64 31.63 31.62 31.61 31.61 31.6 31.58 31.56 31.54 31.52 31.5 31.48 31.47 31.45 31.44 31.42 31.4 31.38 31.36 31.34 31.3 31.22 31.08 30.82 30.59 30.74 30.96 30.97 30.8 30.67 30.68 30.72 30.73 30.73 30.73 30.73 30.73 30.72 30.71 30.7 30.69 30.69 30.7 30.7 30.71 30.7 30.7 30.69 30.68 30.66 30.64 30.63 30.62 30.62 30.61 30.6 30.59 30.59 30.6 30.61 30.64 30.64 30.65 30.66 30.66 30.67 30.69 30.7 30.7 30.7
31.78 31.77 31.75 31.72 31.69 31.67 31.66 31.66 31.65 31.64 31.64 31.63 31.62 31.59 31.57 31.55 31.53 31.5 31.48 31.47 31.46 31.44 31.42 31.4 31.37 31.35 31.33 31.29 31.25 31.16 31 30.79 30.73 30.84 30.88 30.75 30.68 30.69 30.73 30.75 30.76 30.76 30.77 30.76 30.75 30.74 30.73 30.72 30.72 30.72 30.72 30.72 30.71 30.7 30.69 30.68 30.67 30.65 30.64 30.64 30.63 30.62 30.61 30.6 30.61 30.62 30.63 30.65 30.66 30.66 30.67 30.68 30.69 30.7 30.71 30.7 30.7
31.78 31.77 31.75 31.71 31.69 31.67 31.67 31.67 31.66 31.66 31.66 31.65 31.62 31.6 31.57 31.55 31.53 31.51 31.49 31.47 31.46 31.45 31.42 31.39 31.36 31.34 31.31 31.28 31.24 31.18 31.09 30.96 30.84 30.8 30.8 30.75 30.73 30.73 30.75 30.77 30.78 30.79 30.79 30.78 30.78 30.76 30.75 30.74 30.74 30.73 30.72 30.72 30.72 30.7 30.7 30.69 30.68 30.67 30.66 30.65 30.64 30.64 30.63 30.63 30.63 30.64 30.65 30.66 30.67 30.68 30.69 30.7 30.71 30.71 30.72 30.71 30.71
31.78 31.78 31.76 31.72 31.69 31.68 31.68 31.68 31.67 31.67 31.66 31.65 31.62 31.6 31.58 31.56 31.54 31.52 31.49 31.48 31.47 31.45 31.42 31.39 31.36 31.33 31.3 31.26 31.22 31.16 31.09 31.01 30.94 30.87 30.83 30.8 30.79 30.78 30.78 30.78 30.8 30.81 30.81 30.8 30.79 30.77 30.76 30.75 30.74 30.73 30.72 30.71 30.71 30.71 30.71 30.7 30.69 30.68 30.68 30.67 30.67 30.67 30.66 30.66 30.66 30.66 30.68 30.7 30.7 30.71 30.72 30.72 30.73 30.72 30.72 30.72 30.72
31.78 31.78 31.77 31.73 31.71 31.69 31.69 31.69 31.68 31.67 31.66 31.65 31.63 31.61 31.59 31.57 31.55 31.53 31.51 31.49 31.47 31.44 31.42 31.39 31.36 31.33 31.29 31.26 31.2 31.15 31.08 31.02 30.96 30.9 30.87 30.86 30.84 30.83 30.81 30.81 30.83 30.83 30.82 30.81 30.8 30.79 30.77 30.76 30.74 30.73 30.72 30.71 30.72 30.73 30.73 30.72 30.71 30.7 30.69 30.69 30.69 30.69 30.69 30.69 30.68 30.69 30.72 30.74 30.74 30.74 30.74 30.74 30.73 30.73 30.73 30.72 30.72
31.78 31.78 31.77 31.75 31.72 31.71 31.7 31.7 31.68 31.67 31.66 31.65 31.63 31.62 31.61 31.58 31.56 31.54 31.52 31.5 31.48 31.45 31.42 31.39 31.36 31.32 31.29 31.25 31.2 31.15 31.09 31.02 30.96 30.92 30.89 30.88 30.86 30.85 30.84 30.84 30.85 30.84 30.84 30.82 30.81 30.8 30.78 30.77 30.75 30.74 30.73 30.73 30.73 30.74 30.74 30.74 30.73 30.72 30.71 30.7 30.71 30.71 30.71 30.7 30.71 30.72 30.75 30.77 30.76 30.75 30.75 30.74 30.74 30.74 30.73 30.73 -9999
31.78 31.78 31.78 31.76 31.75 31.73 31.71 31.7 31.68 31.67 31.66 31.65 31.64 31.63 31.62 31.59 31.57 31.55 31.54 31.51 31.49 31.46 31.42 31.38 31.35 31.31 31.27 31.23 31.19 31.15 31.09 31.02 30.96 30.92 30.9 30.87 30.85 30.85 30.84 30.84 30.84 30.84 30.84 30.83 30.82 30.81 30.79 30.78 30.77 30.76 30.75 30.75 30.75 30.76 30.76 30.75 30.74 30.73 30.72 30.72 30.72 30.72 30.72 30.72 30.73 30.75 30.78 30.78 30.77 30.77 30.76 30.75 30.75 30.74 30.74 -9999 -9999
31.78 31.78 31.78 31.78 31.77 31.75 31.73 31.71 31.69 31.68 31.67 31.66 31.65 31.64 31.62 31.6 31.59 31.57 31.55 31.53 31.49 31.46 31.42 31.38 31.35 31.32 31.28 31.24 31.19 31.13 31.07 31.02 30.99 30.95 30.89 30.84 30.82 30.82 30.81 30.8 30.82 30.82 30.82 30.82 30.81 30.8 30.79 30.79 30.78 30.77 30.77 30.77 30.77 30.78 30.78 30.77 30.76 30.75 30.74 30.73 30.74 30.74 30.74 30.74 30.76 30.78 30.8 30.79 30.78 30.77 30.76 30.76 30.75 30.75 -9999 -9999 -9999
31.78 31.78 31.78 31.78 31.78 31.76 31.73 31.71 31.69 31.68 31.66 31.66 31.65 31.64 31.63 31.61 31.6 31.58 31.56 31.53 31.5 31.46 31.43 31.4 31.37 31.34 31.3 31.25 31.19 31.13 31.06 31.04 31.03 31 30.92 30.82 30.77 30.75 30.73 30.72 30.75 30.77 30.77 30.78 30.78 30.79 30.79 30.79 30.79 30.79 30.78 30.78 30.78 30.79 30.8 30.8 30.78 30.77 30.76 30.76 30.76 30.76 30.77 30.78 30.8 30.81 30.81 30.8 30.79 30.78 30.78 30.77 30.76 -9999 -9999 -9999 -9999
31.78 31.78 31.78 31.78 31.78 31.76 31.73 31.71 31.69 31.67 31.66 31.65 31.65 31.65 31.64 31.62 31.61 31.59 31.56 31.54 31.51 31.47 31.44 31.41 31.38 31.34 31.3 31.24 31.19 31.12 31.07 31.07 31.08 31.04 30.93 30.81 30.75 30.71 30.68 30.63 30.63 30.65 30.66 30.68 30.71 30.74 30.76 30.77 30.78 30.79 30.78 30.78 30.79 30.8 30.82 30.82 30.81 30.8 30.8 30.79 30.79 30.8 30.81 30.83 30.83 30.83 30.82 30.81 30.8 30.79 30.79 30.77 -9999 -9999 -9999 -9999 -9999
31.78 31.78 31.78 31.78 31.78 31.75 31.72 31.71 31.69 31.68 31.66 31.65 31.65 31.65 31.64 31.64 31.62 31.6 31.58 31.55 31.51 31.48 31.45 31.41 31.37 31.32 31.26 31.2 31.15 31.09 31.06 31.07 31.07 31.01 30.89 30.79 30.79 30.84 30.84 30.76 30.67 30.61 30.57 30.58 30.63 30.68 30.71 30.72 30.74 30.76 30.77 30.78 30.8 30.82 30.84 30.84 30.84 30.83 30.83 30.83 30.83 30.84 30.85 30.86 30.84 30.83 30.83 30.82 30.81 30.8 30.79 -9999 -9999 -9999 -9999 -9999 -9999
31.78 31.78 31.78 31.78 31.77 31.75 31.72 31.71 31.69 31.68 31.67 31.66 31.67 31.66 31.65 31.64 31.63 31.61 31.58 31.55 31.51 31.47 31.44 31.4 31.34 31.27 31.2 31.13 31.08 31.04 31.03 31.05 31.02 30.91 30.77 30.75 30.85 30.99 31.08 31.04 30.92 30.81 30.66 30.58 30.61 30.67 30.69 30.7 30.71 30.74 30.76 30.78 30.81 30.84 30.85 30.86 30.86 30.86 30.86 30.87 30.87 30.87 30.88 30.87 30.86 30.84 30.84 30.83 30.82 -9999 -9999 -9999 -9999 -9999 -9999 -9999 -9999
31.78 31.78 31.78 31.78 31.77 31.75 31.73 31.71 31.69 31.68 31.67 31.67 31.68 31.67 31.66 31.65 31.63 31.61 31.57 31.53 31.48 31.43 31.41 31.36 31.29 31.21 31.14 31.1 31.08 31.07 31.06 31.05 30.98 30.82 30.72 30.8 30.96 31.1 31.18 31.17 31.13 31.05 30.88 30.72 30.7 30.74 30.74 30.71 30.72 30.74 30.76 30.78 30.82 30.85 30.88 30.89 30.89 30.9 30.9 30.9 30.9 30.9 30.9 30.89 30.87 30.86 30.84 30.84 30.83 -9999 -9999 -9999 -9999 -9999 -9999 -9999 -9999
31.78 31.78 31.78 31.78 31.77 31.75 31.73 31.71 31.69 31.68 31.68 31.68 31.69 31.68 31.67 31.64 31.62 31.59 31.55 31.5 31.44 31.39 31.36 31.29 31.2 31.14 31.11 31.1 31.11 31.13 31.13 31.09 31.01 30.87 30.79 30.88 31.05 31.17 31.22 31.23 31.21 31.16 31.04 30.88 30.82 30.82 30.82 30.81 30.79 30.79 30.78 30.79 30.82 30.86 30.9 30.92 30.93 30.94 30.94 30.94 30.93 30.92 30.91 30.9 30.89 30.87 30.85 -9999 -9999 -9999 -9999 -9999 -9999 -9999 -9999 -9999 -9999
31.78 31.78 31.78 31.78 31.78 31.76 31.75 31.72 31.69 31.68 31.68 31.69 31.69 31.68 31.66 31.63 31.6 31.57 31.52 31.47 31.41 31.36 31.29 31.19 31.1 31.06 31.05 31.02 31.03 31.08 31.11 31.11 31.06 30.97 30.88 30.92 31.07 31.18 31.23 31.25 31.26 31.21 31.09 30.93 30.86 30.85 30.88 30.9 30.88 30.82 30.79 30.79 30.82 30.86 30.9 30.93 30.94 30.96 30.97 30.96 30.95 30.94 30.92 30.91 30.9 30.88 -9999 -9999 -9999 -9999 -9999 -9999 -9999 -9999 -9999 -9999 -9999
31.78 31.78 31.78 31.78 31.78 31.78 31.76 31.75 31.72 31.7 31.7 31.7 31.7 31.69 31.65 31.62 31.59 31.55 31.51 31.46 31.4 31.33 31.21 31.08 30.99 30.96 30.93 30.89 30.86 30.9 31.02 31.07 31.08 31.05 30.97 30.93 31.04 31.16 31.23 31.27 31.29 31.22 31.08 30.94 30.86 30.84 30.89 30.94 30.92 30.85 30.8 30.79 30.82 30.87 30.91 30.93 30.96 30.99 30.99 30.98 30.96 30.95 30.93 30.92 30.91 -9999 -9999 -9999 -9999 -9999 -9999 -9999 -9999 -9999 -9999 -9999 -9999
-9999 31.77 31.77 31.77 31.77 31.77 31.77 31.76 31.75 31.74 31.74 31.73 31.73 31.7 31.66 31.62 31.58 31.54 31.49 31.44 31.38 31.28 31.15 30.99 30.88 30.86 30.87 30.85 30.8 30.79 30.88 30.98 31.03 31.08 31.05 30.96 31.01 31.14 31.23 31.29 31.33 31.28 31.21 31.13 31 30.89 30.92 30.98 30.96 30.88 30.83 30.81 30.83 30.87 30.92 30.95 30.99 31.02 31.01 30.99 30.97 30.96 30.95 30.93 -9999 -9999 -9999 -9999 -9999 -9999 -9999 -9999 -9999 -9999 -9999 -9999 -9999
-9999 -9999 31.77 31.77 31.77 31.77 31.77 31.77 31.77 31.77 31.77 31.76 31.75 31.72 31.68 31.63 31.58 31.52 31.47 31.41 31.31 31.18 31.01 30.85 30.79 30.82 30.87 30.88 30.86 30.8 30.74 30.82 30.9 31.03 31.1 31.03 31 31.11 31.21 31.26 31.34 31.35 31.33 31.29 31.2 31.05 31 31.02 31.01 30.94 30.87 30.84 30.85 30.89 30.94 30.99 31.02 31.04 31.02 31 30.98 30.97 30.96 -9999 -9999 -9999 -9999 -9999 -9999 -9999 -9999 -9999 -9999 -9999 -9999 -9999 -9999
-9999 -9999 -9999 31.77 31.77 31.77 31.77 31.77 31.77 31.77 31.76 31.76 31.76 31.75 31.71 31.65 31.6 31.54 31.47 31.39 31.26 31.07 30.87 30.78 30.84 30.88 30.88 30.9 30.94 30.95 30.93 30.83 30.84 30.95 31.09 31.15 31.15 31.2 31.25 31.25 31.33 31.37 31.36 31.34 31.29 31.17 31.09 31.08 31.05 30.97 30.91 30.87 30.87 30.91 30.98 31.03 31.06 31.05 31.03 31.02 31 30.98 -9999 -9999 -9999 -9999 -9999 -9999 -9999 -9999 -9999 -9999 -9999 -9999 -9999 -9999 -9999
-9999 -9999 -9999 -9999 31.77 31.77 31.77 31.77 31.76 31.76 31.76 31.76 31.76 31.76 31.74 31.7 31.65 31.6 31.53 31.43 31.23 30.99 30.87 31.04 31.25 31.32 31.32 31.31 31.31 31.34 31.34 31.21 31.02 30.98 31.05 31.18 31.28 31.35 31.4 31.39 31.39 31.39 31.36 31.34 31.31 31.25 31.19 31.15 31.07 30.98 30.91 30.89 30.9 30.95 31.03 31.08 31.07 31.06 31.04 31.03 31.02 -9999 -9999 -9999 -9999 -9999 -9999 -9999 -9999 -9999 -9999 -9999 -9999 -9999 -9999 -9999 -9999
-9999 -9999 -9999 -9999 -9999 31.77 31.76 31.76 31.76 31.76 31.76 31.76 31.75 31.75 31.75 31.74 31.72 31.69 31.62 31.47 31.21 30.97 31.09 31.42 31.59 31.61 31.61 31.6 31.58 31.58 31.56 31.46 31.24 31.1 31.03 31.12 31.24 31.35 31.42 31.43 31.41 31.39 31.36 31.34 31.32 31.29 31.26 31.2 31.07 30.98 30.93 30.93 30.95 31 31.07 31.09 31.08 31.07 31.05 31.04 31.03 -9999 -9999 -9999 -9999 -9999 -9999 -9999 -9999 -9999 -9999 -9999 -9999 -9999 -9999 -9999 -9999
-9999 -9999 -9999 -9999 -9999 -9999 31.76 31.76 31.76 31.76 31.76 31.75 31.75 31.75 31.75 31.74 31.73 31.72 31.68 31.58 31.38 31.1 31.37 31.62 31.67 31.67 31.65 31.64 31.62 31.61 31.59 31.53 31.37 31.18 31.01 31 31.08 31.23 31.35 31.41 31.41 31.39 31.36 31.34 31.32 31.3 31.28 31.22 31.11 31.01 30.97 30.97 31 31.05 31.1 31.1 31.09 31.08 31.06 31.05 31.04 -9999 -9999 -9999 -9999 -9999 -9999 -9999 -9999 -9999 -9999 -9999 -9999 -9999 -9999 -9999 -9999
-9999 -9999 -9999 -9999 -9999 -9999 -9999 -9999 31.76 31.76 31.75 31.75 31.75 31.74 31.74 31.73 31.73 31.72 31.71 31.69 31.65 31.39 31.58 31.66 31.67 31.66 31.65 31.63 31.62 31.61 31.59 31.54 31.39 31.2 31.01 30.92 30.97 31.09 31.24 31.39 31.41 31.39 31.36 31.35 31.33 31.31 31.28 31.26 31.19 31.11 31.05 31.02 31.04 31.09 31.12 31.11 31.1 31.08 31.07 31.06 -9999 -9999 -9999 -9999 -9999 -9999 -9999 -9999 -9999 -9999 -9999 -9999 -9999 -9999 -9999 -9999 -9999
-9999 -9999 -9999 -9999 -9999 -9999 -9999 -9999 -9999 -9999 -9999 31.75 31.75 31.74 31.73 31.73 31.73 31.72 31.71 31.71 31.69 31.62 31.66 31.67 31.67 31.66 31.64 31.63 31.62 31.6 31.59 31.52 31.35 31.16 31 30.93 30.99 31.11 31.25 31.39 31.41 31.39 31.36 31.35 31.33 31.31 31.29 31.27 31.24 31.2 31.16 31.1 31.1 31.13 31.13 31.13 31.11 31.09 31.08 31.07 -9999 -9999 -9999 -9999 -9999 -9999 -9999 -9999 -9999 -9999 -9999 -9999 -9999 -9999 -9999 -9999 -9999
-9999 -9999 -9999 -9999 -9999 -9999 -9999 -9999 -9999 -9999 -9999 -9999 -9999 -9999 31.73 31.72 31.72 31.72 31.71 31.7 31.7 31.68 31.68 31.67 31.66 31.65 31.64 31.63 31.61 31.59 31.56 31.47 31.24 31.05 30.95 30.96 31.06 31.18 31.32 31.4 31.41 31.39 31.37 31.35 31.33 31.31 31.29 31.27 31.25 31.23 31.21 31.18 31.17 31.16 31.15 31.13 31.12 31.1 31.09 -9999 -9999 -9999 -9999 -9999 -9999 -9999 -9999 -9999 -9999 -9999 -9999 -9999 -9999 -9999 -9999 -9999 -9999
-9999 -9999 -9999 -9999 -9999 -9999 -9999 -9999 -9999 -9999 -9999 -9999 -9999 -9999 -9999 31.72 31.72 31.71 31.71 31.7 31.69 31.68 31.67 31.66 31.66 31.65 31.63 31.62 31.6 31.52 31.41 31.3 31.11 30.98 30.97 31.04 31.14 31.24 31.37 31.42 31.41 31.39 31.37 31.35 -9999 31.31 31.29 31.28 31.26 31.24 31.22 31.2 31.19 31.17 31.16 31.14 31.13 -9999 -9999 -9999 -9999 -9999 -9999 -9999 -9999 -9999 -9999 -9999 -9999 -9999 -9999 -9999 -9999 -9999 -9999 -9999 -9999
-9999 -9999 -9999 -9999 -9999 -9999 -9999 -9999 -9999 -9999 -9999 -9999 -9999 -9999 -9999 -9999 -9999 31.71 31.7 31.69 31.68 31.68 31.67 31.66 31.65 31.64 31.63 31.61 31.58 31.42 31.21 31.12 31.07 31.04 31.08 31.16 31.24 31.33 31.4 31.42 31.4 31.38 31.37 31.36 -9999 -9999 -9999 31.27 31.26 31.24 31.23 31.21 31.19 31.18 31.16 31.15 -9999 -9999 -9999 -9999 -9999 -9999 -9999 -9999 -9999 -9999 -9999 -9999 -9999 -9999 -9999 -9999 -9999 -9999 -9999 -9999 -9999
-9999 -9999 -9999 -9999 -9999 -9999 -9999 -9999 -9999 -9999 -9999 -9999 -9999 -9999 -9999 -9999 -9999 -9999 31.69 31.69 31.68 31.67 31.66 31.66 31.64 31.63 31.62 31.61 31.58 31.48 31.23 31.13 31.14 31.17 31.21 31.26 31.33 31.4 31.43 31.42 31.4 31.38 31.37 31.36 -9999 -9999 -9999 -9999 31.26 31.25 31.23 31.22 31.2 31.18 31.17 -9999 -9999 -9999 -9999 -9999 -9999 -9999 -9999 -9999 -9999 -9999 -9999 -9999 -9999 -9999 -9999 -9999 -9999 -9999 -9999 -9999 -9999
