ASPA-UH-SWB2_REPO/input/Gridded_temps/prism_tmin_tutuila_30yr_normal_02.asc
ncols         350
nrows         200
xllcorner     515000
yllcorner     8409000
cellsize      100
NODATA_value  -9999
[rows 136 to 169 of 200, columns 77 to 153 of 350]
24.63 24.7 24.75 24.74 24.78 24.8 24.8 24.79 24.73 24.53 24.28 24.13 24.11 24.17 24.29 24.45 24.54 24.55 24.53 24.54 24.57 24.59 24.59 24.58 24.54 24.42 24.21 23.94 23.8 23.84 23.92 23.93 23.87 23.84 23.96 24.12 24.2 24.23 24.24 24.26 24.27 24.28 24.3 24.32 24.35 24.39 24.42 24.43 24.45 24.47 24.47 24.48 24.49 24.51 24.52 24.53 24.54 24.56 24.57 24.58 24.59 24.6 24.62 24.62 24.62 24.63 24.63 24.64 24.64 24.64 24.65 24.65 24.66 24.67 24.67 24.68 24.68
24.69 24.75 24.8 24.8 24.81 24.81 24.81 24.79 24.71 24.48 24.25 24.15 24.13 24.16 24.24 24.39 24.53 24.56 24.57 24.57 24.59 24.6 24.6 24.59 24.54 24.41 24.2 23.97 23.84 23.81 23.88 23.94 23.9 23.87 23.95 24.11 24.21 24.25 24.26 24.27 24.28 24.3 24.32 24.33 24.36 24.39 24.41 24.42 24.44 24.46 24.47 24.48 24.49 24.51 24.52 24.53 24.54 24.56 24.57 24.58 24.59 24.6 24.61 24.62 24.62 24.63 24.64 24.64 24.65 24.65 24.65 24.65 24.66 24.67 24.68 24.68 24.68
24.75 24.79 24.81 24.82 24.82 24.81 24.81 24.79 24.72 24.52 24.31 24.21 24.23 24.25 24.25 24.37 24.5 24.55 24.58 24.59 24.6 24.6 24.6 24.58 24.52 24.35 24.14 23.97 23.87 23.8 23.84 23.94 23.95 23.94 24 24.13 24.23 24.26 24.28 24.28 24.3 24.32 24.33 24.34 24.36 24.38 24.4 24.41 24.43 24.44 24.46 24.48 24.5 24.51 24.52 24.53 24.55 24.56 24.57 24.58 24.59 24.6 24.61 24.61 24.62 24.63 24.64 24.65 24.65 24.65 24.65 24.66 24.67 24.68 24.68 24.68 24.68
24.8 24.82 24.82 24.82 24.82 24.81 24.8 24.78 24.73 24.57 24.4 24.32 24.4 24.45 24.4 24.41 24.46 24.53 24.58 24.6 24.6 24.6 24.6 24.58 24.49 24.29 24.08 23.97 23.9 23.83 23.85 23.95 23.98 23.96 24 24.1 24.21 24.26 24.28 24.29 24.31 24.32 24.33 24.34 24.36 24.38 24.39 24.4 24.42 24.44 24.46 24.48 24.5 24.52 24.53 24.54 24.56 24.57 24.57 24.58 24.59 24.6 24.61 24.62 24.63 24.64 24.65 24.66 24.66 24.66 24.66 24.67 24.68 24.68 24.68 24.69 24.69
24.82 24.82 24.82 24.82 24.81 24.8 24.79 24.78 24.74 24.63 24.51 24.46 24.53 24.58 24.55 24.53 24.53 24.57 24.59 24.6 24.6 24.6 24.6 24.56 24.43 24.22 24.09 24.01 23.93 23.89 23.91 23.98 24.01 23.98 23.98 24.06 24.17 24.25 24.29 24.3 24.31 24.32 24.33 24.34 24.36 24.37 24.39 24.4 24.42 24.44 24.46 24.49 24.5 24.52 24.53 24.55 24.56 24.57 24.58 24.58 24.59 24.6 24.61 24.62 24.63 24.64 24.65 24.66 24.66 24.67 24.67 24.67 24.68 24.69 24.69 24.71 24.71
24.82 24.82 24.82 24.82 24.81 24.79 24.78 24.76 24.75 24.7 24.61 24.57 24.6 24.61 24.6 24.59 24.58 24.59 24.58 24.58 24.59 24.59 24.59 24.54 24.4 24.23 24.17 24.08 23.97 23.95 23.97 24.01 24.04 24.03 24.02 24.05 24.13 24.22 24.28 24.29 24.3 24.31 24.32 24.33 24.35 24.37 24.39 24.4 24.42 24.44 24.46 24.49 24.51 24.52 24.54 24.56 24.56 24.57 24.58 24.58 24.59 24.6 24.61 24.62 24.63 24.64 24.65 24.66 24.66 24.67 24.67 24.68 24.69 24.7 24.71 24.72 24.73
24.82 24.82 24.82 24.82 24.81 24.79 24.76 24.75 24.73 24.69 24.63 24.61 24.62 24.61 24.6 24.59 24.59 24.58 24.57 24.57 24.58 24.58 24.58 24.55 24.5 24.43 24.37 24.21 24.05 24.01 24.01 24.01 24.04 24.05 24.06 24.08 24.12 24.19 24.24 24.27 24.29 24.3 24.32 24.33 24.35 24.37 24.39 24.4 24.42 24.45 24.47 24.5 24.52 24.54 24.55 24.56 24.56 24.57 24.58 24.59 24.59 24.59 24.6 24.61 24.62 24.63 24.64 24.65 24.66 24.67 24.67 24.69 24.7 24.72 24.73 24.73 24.73
24.82 24.82 24.82 24.82 24.81 24.78 24.75 24.72 24.69 24.66 24.64 24.63 24.62 24.61 24.6 24.59 24.58 24.57 24.56 24.56 24.57 24.57 24.57 24.56 24.54 24.52 24.48 24.36 24.18 24.09 24.01 23.94 23.97 24.02 24.06 24.09 24.13 24.19 24.23 24.26 24.28 24.3 24.32 24.33 24.34 24.36 24.38 24.4 24.42 24.45 24.47 24.5 24.52 24.54 24.55 24.56 24.56 24.57 24.58 24.59 24.59 24.59 24.6 24.61 24.62 24.63 24.64 24.65 24.66 24.67 24.67 24.69 24.7 24.73 24.73 24.73 24.73
24.82 24.82 24.82 24.81 24.79 24.77 24.73 24.7 24.68 24.65 24.64 24.63 24.62 24.61 24.61 24.6 24.59 24.57 24.56 24.56 24.56 24.56 24.56 24.55 24.55 24.54 24.51 24.44 24.3 24.15 23.98 23.84 23.9 23.98 24.03 24.08 24.13 24.18 24.22 24.25 24.27 24.29 24.31 24.32 24.34 24.35 24.38 24.4 24.42 24.45 24.48 24.51 24.53 24.54 24.56 24.56 24.57 24.57 24.58 24.58 24.59 24.59 24.6 24.61 24.62 24.63 24.64 24.65 24.66 24.66 24.68 24.69 24.71 24.73 24.73 24.73 24.73
24.82 24.82 24.81 24.79 24.77 24.76 24.72 24.69 24.67 24.66 24.65 24.64 24.63 24.62 24.61 24.61 24.59 24.58 24.57 24.56 24.56 24.55 24.55 24.54 24.54 24.53 24.52 24.47 24.35 24.15 23.95 23.84 23.96 24.07 24.1 24.09 24.11 24.17 24.21 24.25 24.27 24.29 24.31 24.32 24.34 24.35 24.38 24.4 24.42 24.45 24.48 24.51 24.53 24.55 24.56 24.57 24.57 24.57 24.58 24.58 24.58 24.59 24.59 24.6 24.61 24.63 24.63 24.64 24.66 24.67 24.68 24.7 24.71 24.72 24.73 24.73 24.73
24.82 24.82 24.8 24.78 24.76 24.74 24.72 24.7 24.68 24.67 24.66 24.66 24.65 24.64 24.62 24.61 24.6 24.58 24.57 24.56 24.56 24.55 24.54 24.53 24.53 24.53 24.52 24.48 24.38 24.2 23.99 23.87 24.07 24.26 24.28 24.17 24.11 24.15 24.2 24.24 24.26 24.29 24.31 24.33 24.35 24.36 24.38 24.4 24.43 24.46 24.49 24.51 24.53 24.55 24.56 24.57 24.57 24.57 24.58 24.58 24.58 24.59 24.59 24.59 24.6 24.62 24.63 24.65 24.66 24.67 24.68 24.69 24.7 24.72 24.73 24.73 24.73
24.82 24.82 24.8 24.77 24.75 24.73 24.72 24.71 24.69 24.68 24.68 24.68 24.67 24.65 24.63 24.62 24.6 24.58 24.57 24.56 24.56 24.55 24.54 24.53 24.52 24.52 24.51 24.49 24.43 24.32 24.13 23.95 24.1 24.3 24.34 24.21 24.12 24.15 24.2 24.24 24.27 24.29 24.32 24.35 24.36 24.38 24.39 24.41 24.44 24.47 24.49 24.52 24.53 24.55 24.56 24.57 24.57 24.57 24.58 24.58 24.59 24.59 24.59 24.59 24.6 24.61 24.63 24.65 24.67 24.67 24.68 24.69 24.7 24.72 24.73 24.73 24.73
24.82 24.81 24.79 24.77 24.74 24.73 24.72 24.72 24.71 24.7 24.7 24.69 24.68 24.66 24.64 24.62 24.6 24.59 24.57 24.56 24.56 24.55 24.54 24.53 24.51 24.5 24.5 24.48 24.45 24.39 24.28 24.12 24.1 24.19 24.25 24.17 24.12 24.16 24.21 24.26 24.28 24.31 24.34 24.37 24.38 24.4 24.41 24.43 24.45 24.47 24.49 24.52 24.53 24.54 24.55 24.56 24.57 24.57 24.58 24.59 24.59 24.59 24.59 24.59 24.6 24.62 24.65 24.66 24.67 24.68 24.69 24.7 24.71 24.72 24.73 24.73 24.73
24.82 24.81 24.79 24.76 24.74 24.73 24.72 24.73 24.72 24.72 24.71 24.7 24.68 24.67 24.64 24.63 24.61 24.6 24.58 24.57 24.57 24.56 24.54 24.53 24.51 24.5 24.49 24.46 24.44 24.4 24.35 24.26 24.18 24.16 24.18 24.16 24.16 24.19 24.23 24.27 24.31 24.34 24.36 24.38 24.39 24.41 24.42 24.44 24.45 24.47 24.49 24.51 24.53 24.54 24.55 24.56 24.57 24.57 24.58 24.59 24.59 24.6 24.61 24.61 24.62 24.63 24.66 24.67 24.68 24.69 24.7 24.71 24.72 24.73 24.73 24.73 24.73
24.82 24.82 24.8 24.77 24.75 24.74 24.73 24.73 24.73 24.73 24.72 24.71 24.68 24.67 24.65 24.63 24.62 24.6 24.59 24.58 24.57 24.56 24.54 24.53 24.5 24.49 24.47 24.45 24.42 24.39 24.35 24.3 24.25 24.21 24.2 24.2 24.21 24.23 24.25 24.28 24.32 24.35 24.37 24.39 24.4 24.41 24.43 24.44 24.45 24.46 24.48 24.5 24.52 24.54 24.55 24.56 24.57 24.58 24.59 24.59 24.6 24.61 24.62 24.63 24.63 24.65 24.67 24.68 24.7 24.71 24.72 24.73 24.74 24.73 24.73 24.73 24.73
24.82 24.82 24.81 24.78 24.76 24.75 24.74 24.74 24.73 24.73 24.72 24.71 24.69 24.67 24.66 24.65 24.63 24.61 24.6 24.59 24.57 24.56 24.54 24.52 24.5 24.48 24.47 24.45 24.42 24.38 24.34 24.3 24.26 24.24 24.23 24.24 24.25 24.26 24.27 24.3 24.33 24.36 24.38 24.4 24.41 24.42 24.44 24.45 24.45 24.46 24.47 24.49 24.52 24.54 24.55 24.57 24.58 24.58 24.59 24.6 24.61 24.63 24.64 24.64 24.65 24.66 24.7 24.71 24.72 24.73 24.74 24.74 24.74 24.74 24.74 24.73 24.73
24.82 24.82 24.81 24.8 24.77 24.76 24.75 24.75 24.74 24.73 24.72 24.71 24.69 24.69 24.67 24.66 24.64 24.62 24.61 24.6 24.58 24.56 24.54 24.52 24.5 24.48 24.46 24.44 24.41 24.37 24.34 24.31 24.27 24.25 24.25 24.26 24.27 24.28 24.29 24.31 24.34 24.36 24.38 24.4 24.42 24.43 24.44 24.45 24.45 24.46 24.47 24.5 24.52 24.54 24.56 24.58 24.58 24.59 24.59 24.6 24.63 24.64 24.64 24.65 24.66 24.68 24.72 24.73 24.74 24.74 24.74 24.74 24.74 24.74 24.74 24.74 -9999
24.82 24.82 24.82 24.81 24.8 24.78 24.76 24.75 24.74 24.73 24.72 24.71 24.7 24.69 24.68 24.66 24.65 24.63 24.62 24.61 24.59 24.57 24.54 24.52 24.5 24.48 24.45 24.43 24.4 24.37 24.34 24.31 24.28 24.26 24.25 24.25 24.26 24.28 24.29 24.31 24.33 24.36 24.38 24.4 24.42 24.43 24.44 24.45 24.46 24.47 24.48 24.51 24.53 24.55 24.57 24.59 24.59 24.59 24.59 24.61 24.63 24.64 24.65 24.66 24.67 24.7 24.73 24.74 24.74 24.74 24.74 24.74 24.74 24.74 24.74 -9999 -9999
24.82 24.82 24.82 24.82 24.81 24.8 24.78 24.76 24.74 24.73 24.72 24.71 24.71 24.7 24.68 24.67 24.66 24.65 24.63 24.62 24.6 24.57 24.54 24.52 24.5 24.48 24.46 24.44 24.4 24.36 24.33 24.3 24.29 24.27 24.25 24.22 24.22 24.24 24.26 24.28 24.31 24.34 24.36 24.38 24.4 24.42 24.43 24.45 24.46 24.47 24.49 24.52 24.54 24.56 24.58 24.6 24.6 24.6 24.6 24.62 24.63 24.64 24.66 24.67 24.69 24.72 24.74 24.74 24.74 24.74 24.74 24.74 24.74 24.74 -9999 -9999 -9999
24.82 24.82 24.82 24.82 24.82 24.81 24.78 24.76 24.74 24.73 24.72 24.71 24.71 24.7 24.69 24.68 24.67 24.66 24.64 24.63 24.6 24.57 24.55 24.53 24.52 24.5 24.48 24.45 24.41 24.37 24.32 24.32 24.33 24.32 24.26 24.2 24.18 24.18 24.19 24.21 24.24 24.28 24.31 24.34 24.37 24.39 24.41 24.44 24.46 24.48 24.49 24.51 24.53 24.56 24.59 24.61 24.61 24.61 24.61 24.62 24.64 24.65 24.67 24.7 24.72 24.74 24.74 24.74 24.74 24.74 24.74 24.74 24.74 -9999 -9999 -9999 -9999
24.82 24.82 24.82 24.82 24.82 24.8 24.78 24.76 24.74 24.73 24.72 24.71 24.71 24.71 24.7 24.69 24.68 24.67 24.65 24.63 24.61 24.58 24.56 24.54 24.53 24.5 24.47 24.44 24.4 24.36 24.33 24.35 24.37 24.35 24.28 24.19 24.16 24.15 24.14 24.13 24.14 24.18 24.22 24.26 24.31 24.35 24.38 24.41 24.44 24.47 24.49 24.51 24.53 24.56 24.59 24.62 24.62 24.63 24.64 24.65 24.66 24.68 24.7 24.72 24.74 24.74 24.74 24.74 24.74 24.74 24.74 24.74 -9999 -9999 -9999 -9999 -9999
24.82 24.82 24.82 24.82 24.82 24.8 24.77 24.76 24.74 24.73 24.72 24.71 24.72 24.71 24.71 24.7 24.69 24.68 24.67 24.65 24.62 24.59 24.57 24.55 24.52 24.48 24.44 24.4 24.37 24.34 24.32 24.35 24.37 24.33 24.24 24.17 24.2 24.26 24.29 24.23 24.17 24.14 24.14 24.16 24.23 24.29 24.33 24.37 24.41 24.44 24.47 24.5 24.53 24.57 24.6 24.63 24.63 24.64 24.66 24.67 24.68 24.71 24.73 24.74 24.74 24.74 24.74 24.74 24.74 24.74 24.74 -9999 -9999 -9999 -9999 -9999 -9999
24.82 24.82 24.82 24.82 24.81 24.79 24.77 24.76 24.75 24.74 24.73 24.72 24.73 24.73 24.72 24.71 24.7 24.69 24.67 24.65 24.62 24.58 24.57 24.54 24.5 24.45 24.39 24.34 24.31 24.3 24.3 24.33 24.32 24.25 24.14 24.14 24.25 24.39 24.48 24.46 24.38 24.31 24.21 24.16 24.21 24.28 24.32 24.34 24.37 24.42 24.46 24.5 24.54 24.57 24.61 24.63 24.65 24.66 24.68 24.7 24.71 24.73 24.74 24.75 24.75 24.74 24.74 24.74 24.74 -9999 -9999 -9999 -9999 -9999 -9999 -9999 -9999
24.82 24.82 24.82 24.82 24.81 24.79 24.77 24.76 24.75 24.74 24.73 24.73 24.74 24.74 24.73 24.72 24.7 24.68 24.66 24.63 24.59 24.56 24.54 24.51 24.46 24.39 24.35 24.32 24.32 24.33 24.32 24.33 24.28 24.17 24.1 24.17 24.34 24.48 24.56 24.58 24.57 24.51 24.39 24.28 24.28 24.33 24.35 24.35 24.37 24.41 24.45 24.49 24.54 24.58 24.62 24.65 24.67 24.68 24.7 24.72 24.73 24.74 24.75 24.75 24.75 24.75 24.74 24.74 24.74 -9999 -9999 -9999 -9999 -9999 -9999 -9999 -9999
24.82 24.82 24.82 24.82 24.81 24.8 24.78 24.76 24.74 24.74 24.74 24.74 24.75 24.75 24.74 24.72 24.7 24.67 24.64 24.61 24.56 24.52 24.5 24.45 24.38 24.34 24.32 24.32 24.34 24.37 24.38 24.37 24.31 24.21 24.16 24.25 24.42 24.53 24.6 24.63 24.63 24.61 24.53 24.41 24.37 24.39 24.42 24.42 24.43 24.44 24.46 24.48 24.53 24.58 24.63 24.66 24.68 24.71 24.72 24.74 24.75 24.75 24.75 24.75 24.75 24.75 24.75 -9999 -9999 -9999 -9999 -9999 -9999 -9999 -9999 -9999 -9999
24.82 24.82 24.82 24.82 24.82 24.8 24.79 24.78 24.75 24.74 24.74 24.75 24.76 24.75 24.73 24.72 24.69 24.65 24.62 24.58 24.54 24.5 24.44 24.37 24.29 24.27 24.27 24.26 24.27 24.33 24.37 24.39 24.36 24.29 24.24 24.29 24.43 24.54 24.6 24.65 24.67 24.65 24.56 24.45 24.4 24.41 24.46 24.5 24.49 24.47 24.46 24.48 24.52 24.58 24.63 24.66 24.69 24.72 24.74 24.75 24.75 24.75 24.75 24.75 24.75 24.75 -9999 -9999 -9999 -9999 -9999 -9999 -9999 -9999 -9999 -9999 -9999
24.82 24.82 24.82 24.82 24.82 24.82 24.81 24.8 24.77 24.76 24.76 24.76 24.76 24.75 24.73 24.71 24.68 24.65 24.61 24.58 24.53 24.47 24.38 24.27 24.21 24.19 24.18 24.15 24.13 24.18 24.29 24.36 24.37 24.36 24.32 24.3 24.41 24.53 24.61 24.66 24.7 24.66 24.56 24.45 24.4 24.4 24.47 24.53 24.53 24.49 24.46 24.48 24.52 24.58 24.63 24.66 24.7 24.74 24.76 24.76 24.75 24.75 24.75 24.75 24.75 -9999 -9999 -9999 -9999 -9999 -9999 -9999 -9999 -9999 -9999 -9999 -9999
-9999 24.82 24.82 24.82 24.82 24.82 24.82 24.82 24.8 24.79 24.79 24.79 24.78 24.76 24.73 24.7 24.67 24.64 24.6 24.56 24.51 24.44 24.34 24.2 24.12 24.11 24.13 24.12 24.09 24.08 24.17 24.28 24.33 24.39 24.39 24.33 24.38 24.51 24.6 24.68 24.73 24.71 24.66 24.61 24.52 24.45 24.49 24.55 24.56 24.52 24.48 24.49 24.52 24.57 24.63 24.67 24.71 24.75 24.76 24.76 24.76 24.75 24.75 24.75 -9999 -9999 -9999 -9999 -9999 -9999 -9999 -9999 -9999 -9999 -9999 -9999 -9999
-9999 -9999 24.82 24.82 24.82 24.82 24.82 24.82 24.82 24.82 24.82 24.82 24.81 24.79 24.75 24.71 24.67 24.63 24.59 24.53 24.46 24.35 24.21 24.08 24.04 24.08 24.13 24.15 24.14 24.09 24.07 24.14 24.23 24.35 24.43 24.38 24.38 24.49 24.58 24.65 24.73 24.76 24.76 24.75 24.7 24.58 24.56 24.58 24.6 24.56 24.51 24.5 24.52 24.57 24.63 24.7 24.74 24.76 24.76 24.76 24.76 24.76 24.75 -9999 -9999 -9999 -9999 -9999 -9999 -9999 -9999 -9999 -9999 -9999 -9999 -9999 -9999
-9999 -9999 -9999 24.82 24.82 24.82 24.82 24.82 24.82 24.82 24.82 24.82 24.82 24.81 24.78 24.74 24.69 24.65 24.6 24.53 24.41 24.26 24.09 24.03 24.09 24.13 24.14 24.17 24.22 24.24 24.23 24.16 24.18 24.28 24.42 24.48 24.5 24.56 24.62 24.65 24.73 24.77 24.79 24.78 24.76 24.67 24.63 24.63 24.62 24.58 24.53 24.52 24.53 24.59 24.67 24.73 24.76 24.76 24.76 24.76 24.76 24.76 -9999 -9999 -9999 -9999 -9999 -9999 -9999 -9999 -9999 -9999 -9999 -9999 -9999 -9999 -9999
-9999 -9999 -9999 -9999 24.82 24.82 24.82 24.82 24.82 24.82 24.82 24.82 24.82 24.82 24.81 24.78 24.75 24.7 24.65 24.55 24.4 24.2 24.11 24.25 24.44 24.5 24.52 24.52 24.53 24.57 24.57 24.47 24.33 24.31 24.38 24.51 24.61 24.69 24.75 24.75 24.77 24.79 24.79 24.79 24.78 24.74 24.72 24.68 24.64 24.58 24.54 24.53 24.56 24.62 24.7 24.75 24.76 24.76 24.76 24.76 24.76 -9999 -9999 -9999 -9999 -9999 -9999 -9999 -9999 -9999 -9999 -9999 -9999 -9999 -9999 -9999 -9999
-9999 -9999 -9999 -9999 -9999 24.82 24.82 24.82 24.82 24.82 24.82 24.82 24.82 24.82 24.82 24.81 24.8 24.78 24.72 24.6 24.38 24.19 24.3 24.57 24.73 24.76 24.77 24.77 24.77 24.77 24.77 24.7 24.52 24.41 24.38 24.46 24.58 24.69 24.77 24.79 24.79 24.79 24.79 24.79 24.78 24.77 24.76 24.73 24.64 24.57 24.54 24.55 24.59 24.66 24.72 24.76 24.76 24.76 24.76 24.76 24.76 -9999 -9999 -9999 -9999 -9999 -9999 -9999 -9999 -9999 -9999 -9999 -9999 -9999 -9999 -9999 -9999
-9999 -9999 -9999 -9999 -9999 -9999 24.82 24.82 24.82 24.82 24.82 24.82 24.82 24.82 24.82 24.82 24.82 24.81 24.78 24.7 24.54 24.31 24.54 24.75 24.8 24.81 24.81 24.81 24.81 24.81 24.81 24.76 24.63 24.49 24.36 24.36 24.45 24.59 24.71 24.78 24.79 24.79 24.79 24.79 24.78 24.78 24.77 24.75 24.66 24.59 24.57 24.59 24.63 24.69 24.74 24.77 24.77 24.76 24.76 24.76 24.76 -9999 -9999 -9999 -9999 -9999 -9999 -9999 -9999 -9999 -9999 -9999 -9999 -9999 -9999 -9999 -9999
-9999 -9999 -9999 -9999 -9999 -9999 -9999 -9999 24.82 24.82 24.82 24.82 24.82 24.82 24.82 24.82 24.82 24.82 24.82 24.8 24.76 24.56 24.72 24.79 24.81 24.81 24.81 24.81 24.81 24.81 24.81 24.78 24.66 24.51 24.36 24.29 24.35 24.48 24.62 24.76 24.79 24.79 24.79 24.79 24.78 24.78 24.78 24.77 24.73 24.67 24.64 24.62 24.66 24.72 24.76 24.77 24.77 24.76 24.76 24.76 -9999 -9999 -9999 -9999 -9999 -9999 -9999 -9999 -9999 -9999 -9999 -9999 -9999 -9999 -9999 -9999 -9999
