ASPA-UH-SWB2_REPO/input/Gridded_temps/prism_tmax_tutuila_30yr_normal_10.asc
ncols         350
nrows         200
xllcorner     515000
yllcorner     8409000
cellsize      100
NODATA_value  -9999
[rows 34 to 67 of 200, columns 231 to 307 of 350]
-9999 -9999 -9999 -9999 -9999 -9999 -9999 30.26 -9999 -9999 -9999 -9999 -9999 30.27 30.27 -9999 -9999 -9999 -9999 -9999 -9999 -9999 -9999 -9999 -9999 -9999 30.27 -9999 -9999 -9999 -9999 -9999 -9999 -9999 -9999 -9999 -9999 -9999 -9999 -9999 -9999 -9999 -9999 -9999 -9999 -9999 -9999 -9999 -9999 -9999 -9999 -9999 -9999 -9999 -9999 -9999 -9999 -9999 -9999 -9999 -9999 -9999 -9999 -9999 -9999 -9999 -9999 -9999 -9999 -9999 -9999 -9999 -9999 -9999 30.28 30.28 30.28
-9999 -9999 -9999 -9999 -9999 -9999 30.26 30.26 30.26 -9999 -9999 -9999 30.26 30.26 30.27 30.27 -9999 -9999 -9999 -9999 -9999 -9999 -9999 -9999 -9999 30.27 30.27 30.27 -9999 -9999 -9999 -9999 -9999 -9999 -9999 -9999 -9999 -9999 -9999 -9999 -9999 -9999 -9999 -9999 -9999 -9999 -9999 -9999 -9999 -9999 -9999 -9999 -9999 -9999 -9999 -9999 -9999 -9999 -9999 -9999 -9999 -9999 -9999 -9999 -9999 -9999 -9999 -9999 -9999 -9999 -9999 -9999 -9999 30.28 30.28 30.28 30.28
-9999 30.26 30.26 -9999 -9999 30.26 30.26 30.26 30.26 30.26 30.26 30.26 30.26 30.26 30.26 30.26 -9999 -9999 -9999 30.27 30.27 -9999 -9999 -9999 -9999 30.27 30.27 30.27 30.27 -9999 -9999 -9999 -9999 -9999 -9999 -9999 -9999 -9999 -9999 -9999 -9999 -9999 -9999 -9999 -9999 -9999 -9999 -9999 -9999 -9999 -9999 -9999 -9999 -9999 -9999 -9999 -9999 -9999 -9999 -9999 -9999 -9999 -9999 -9999 -9999 -9999 -9999 -9999 -9999 -9999 -9999 -9999 30.28 30.28 30.28 30.28 30.28
30.26 30.26 30.26 30.26 30.26 30.26 30.26 30.26 30.26 30.26 30.26 30.26 30.26 30.26 30.26 30.26 30.26 -9999 30.27 30.27 30.27 30.27 30.27 -9999 30.27 30.27 30.27 30.27 30.27 30.27 -9999 -9999 -9999 -9999 -9999 -9999 -9999 -9999 -9999 -9999 -9999 -9999 -9999 -9999 -9999 -9999 -9999 -9999 -9999 -9999 -9999 -9999 -9999 -9999 -9999 -9999 -9999 -9999 -9999 -9999 -9999 -9999 -9999 -9999 -9999 -9999 -9999 -9999 -9999 -9999 -9999 30.28 30.28 30.28 30.28 30.28 30.28
30.26 30.26 30.26 30.26 30.26 30.26 30.26 30.26 30.26 30.26 30.26 30.26 30.26 30.26 30.26 30.26 30.26 30.27 30.27 30.27 30.27 30.27 30.27 30.27 30.27 30.27 30.27 30.27 30.27 30.27 30.27 -9999 -9999 -9999 -9999 -9999 -9999 -9999 -9999 -9999 -9999 -9999 -9999 -9999 -9999 -9999 -9999 -9999 -9999 -9999 -9999 -9999 -9999 -9999 -9999 -9999 -9999 -9999 -9999 -9999 -9999 -9999 -9999 -9999 -9999 -9999 -9999 30.28 30.28 -9999 30.28 30.28 30.28 30.28 30.28 30.28 30.28
30.26 30.26 30.26 30.26 30.26 30.26 30.26 30.26 30.26 30.26 30.26 30.26 30.26 30.26 30.26 30.26 30.26 30.26 30.27 30.27 30.27 30.27 30.27 30.27 30.27 30.27 30.27 30.27 30.27 30.27 30.27 30.27 -9999 -9999 -9999 30.27 -9999 -9999 -9999 -9999 -9999 -9999 -9999 -9999 -9999 -9999 -9999 -9999 -9999 -9999 -9999 -9999 -9999 -9999 -9999 -9999 -9999 -9999 -9999 -9999 -9999 -9999 -9999 -9999 -9999 -9999 30.28 30.28 30.28 30.28 30.28 30.28 30.28 30.28 30.27 30.23 30.25
30.26 30.26 30.26 30.26 30.26 30.26 30.25 30.23 30.25 30.26 30.26 30.26 30.26 30.24 30.23 30.26 30.26 30.26 30.26 30.27 30.27 30.27 30.27 30.27 30.27 30.27 30.27 30.27 30.27 30.27 30.27 30.27 30.27 -9999 30.27 30.27 30.27 -9999 -9999 -9999 -9999 -9999 -9999 -9999 -9999 -9999 -9999 -9999 -9999 -9999 -9999 -9999 -9999 -9999 -9999 -9999 -9999 -9999 -9999 -9999 -9999 -9999 -9999 -9999 -9999 30.28 30.28 30.28 30.28 30.28 30.28 30.28 30.28 30.28 30.2 30.03 30.12
30.26 30.26 30.26 30.26 30.26 30.26 30.23 30.17 30.2 30.25 30.25 30.25 30.23 30.13 30.12 30.23 30.26 30.26 30.26 30.25 30.25 30.27 30.27 30.27 30.26 30.22 30.22 30.26 30.27 30.27 30.27 30.27 30.27 30.27 30.27 30.27 30.27 30.27 -9999 -9999 -9999 -9999 -9999 -9999 -9999 -9999 -9999 -9999 -9999 -9999 -9999 -9999 -9999 -9999 -9999 -9999 -9999 -9999 -9999 -9999 -9999 -9999 -9999 -9999 30.28 30.28 30.28 30.28 30.28 30.28 30.28 30.28 30.28 30.25 30.13 29.85 29.92
30.26 30.24 30.23 30.24 30.26 30.26 30.22 30.08 30.09 30.19 30.2 30.2 30.15 29.94 29.92 30.15 30.25 30.26 30.24 30.15 30.14 30.24 30.26 30.26 30.19 30.09 30.13 30.23 30.27 30.27 30.27 30.27 30.27 30.27 30.27 30.27 30.27 30.27 30.27 -9999 -9999 -9999 -9999 -9999 -9999 -9999 30.27 -9999 -9999 -9999 -9999 -9999 -9999 -9999 -9999 -9999 -9999 -9999 -9999 -9999 -9999 -9999 -9999 30.28 30.28 30.28 30.28 30.28 30.28 30.28 30.28 30.27 30.23 30.13 29.94 29.64 29.69
30.24 30.19 30.13 30.17 30.24 30.26 30.22 30.02 29.9 29.98 29.95 30 29.99 29.76 29.77 30.04 30.21 30.24 30.14 29.87 29.88 30.12 30.23 30.24 30.14 30.04 30.12 30.23 30.27 30.27 30.27 30.27 30.27 30.27 30.27 30.27 30.27 30.27 30.27 30.27 30.27 30.27 -9999 -9999 -9999 30.27 30.27 30.27 30.27 30.27 -9999 -9999 30.27 -9999 -9999 -9999 -9999 -9999 -9999 -9999 -9999 -9999 30.27 30.27 30.28 30.28 30.28 30.28 30.28 30.28 30.28 30.24 30.05 29.85 29.71 29.53 29.56
30.23 30.14 30.01 30.12 30.23 30.26 30.23 30.01 29.69 29.58 29.55 29.66 29.68 29.58 29.64 29.87 30.06 30.09 29.92 29.67 29.75 30.04 30.21 30.24 30.2 30.19 30.23 30.26 30.27 30.27 30.27 30.27 30.27 30.27 30.27 30.27 30.27 30.27 30.27 30.27 30.27 30.27 -9999 -9999 30.27 30.27 30.27 30.27 30.27 30.27 30.27 30.27 30.27 30.27 -9999 -9999 -9999 -9999 -9999 -9999 -9999 30.27 30.27 30.27 30.27 30.28 30.27 30.25 30.25 30.27 30.27 30.2 29.91 29.66 29.64 29.53 29.48
30.24 30.17 30.07 30.15 30.24 30.25 30.2 29.94 29.46 29.12 29.17 29.27 29.29 29.34 29.48 29.69 29.88 29.95 29.84 29.79 29.93 30.13 30.24 30.26 30.25 30.26 30.27 30.27 30.27 30.27 30.27 30.27 30.27 30.27 30.26 30.24 30.26 30.27 30.27 30.27 30.27 30.27 30.27 30.27 30.27 30.27 30.27 30.27 30.27 30.27 30.27 30.27 30.27 30.27 30.27 30.27 30.27 -9999 -9999 30.27 30.27 30.27 30.27 30.27 30.27 30.27 30.25 30.17 30.15 30.21 30.21 30.17 29.99 29.67 29.59 29.52 29.44
30.25 30.21 30.08 30.02 30.2 30.22 30.11 29.76 29.2 28.78 28.84 28.9 28.96 29.19 29.48 29.75 29.96 30.06 30.07 30.09 30.16 30.23 30.26 30.26 30.26 30.27 30.27 30.27 30.27 30.27 30.27 30.27 30.27 30.26 30.2 30.13 30.21 30.26 30.27 30.27 30.27 30.27 30.27 30.27 30.27 30.27 30.27 30.27 30.27 30.27 30.27 30.27 30.27 30.27 30.27 30.27 30.27 30.27 30.27 30.27 30.27 30.27 30.27 30.27 30.27 30.27 30.2 30.06 30.05 30.1 30.04 30.03 29.98 29.73 29.55 29.46 29.38
30.24 30.18 29.84 29.87 30.12 30.12 29.9 29.48 28.94 28.62 28.65 28.7 28.88 29.31 29.68 29.98 30.14 30.21 30.23 30.23 30.25 30.26 30.26 30.26 30.26 30.27 30.27 30.27 30.27 30.27 30.27 30.26 30.25 30.21 30.06 29.99 30.16 30.26 30.27 30.27 30.27 30.27 30.27 30.27 30.27 30.27 30.26 30.27 30.27 30.27 30.27 30.27 30.27 30.27 30.27 30.27 30.27 30.27 30.27 30.27 30.27 30.27 30.27 30.27 30.27 30.24 30.1 29.94 29.99 29.98 29.79 29.77 29.85 29.69 29.51 29.38 29.31
30.22 30.09 29.55 29.78 30.04 29.93 29.61 29.1 28.78 28.72 28.78 28.94 29.24 29.62 29.92 30.13 30.23 30.25 30.26 30.26 30.26 30.26 30.26 30.26 30.26 30.26 30.27 30.27 30.27 30.25 30.22 30.18 30.15 30.08 29.91 29.93 30.14 30.24 30.25 30.26 30.26 30.26 30.27 30.27 30.27 30.26 30.24 30.23 30.24 30.26 30.27 30.27 30.27 30.27 30.27 30.27 30.27 30.27 30.27 30.27 30.27 30.27 30.27 30.27 30.26 30.2 30.01 29.85 29.89 29.89 29.72 29.6 29.67 29.66 29.47 29.31 29.25
30.17 29.66 29.1 29.71 29.92 29.66 29.3 29.03 28.99 29.09 29.27 29.46 29.73 29.99 30.14 30.21 30.25 30.26 30.26 30.26 30.26 30.26 30.26 30.26 30.26 30.26 30.26 30.27 30.25 30.17 30.01 29.9 29.91 29.9 29.82 29.9 30.1 30.18 30.13 30.18 30.2 30.21 30.24 30.27 30.27 30.25 30.18 30.12 30.12 30.2 30.25 30.26 30.26 30.27 30.27 30.27 30.27 30.27 30.27 30.27 30.27 30.27 30.27 30.27 30.27 30.2 30.02 29.83 29.75 29.77 29.69 29.53 29.46 29.53 29.5 29.25 29.19
29.92 29.34 29.23 29.69 29.69 29.36 29.14 29.19 29.34 29.44 29.64 29.9 30.09 30.18 30.23 30.24 30.26 30.26 30.26 30.26 30.26 30.26 30.26 30.26 30.26 30.25 30.25 30.25 30.19 29.96 29.66 29.63 29.69 29.72 29.74 29.88 30.05 30.03 29.99 30.09 30.08 30.06 30.16 30.25 30.27 30.23 30.11 30 29.95 30.06 30.17 30.19 30.22 30.25 30.27 30.27 30.27 30.27 30.27 30.27 30.27 30.27 30.27 30.27 30.27 30.21 30.03 29.8 29.59 29.56 29.54 29.44 29.33 29.35 29.47 29.24 29.19
29.63 29.49 29.63 29.68 29.49 29.16 29.15 29.42 29.69 29.82 30 30.14 30.2 30.23 30.24 30.23 30.22 30.22 30.22 30.24 30.26 30.26 30.25 30.24 30.21 30.17 30.16 30.16 30.03 29.67 29.4 29.45 29.52 29.58 29.67 29.82 29.96 29.91 29.95 29.99 29.91 29.88 30.07 30.23 30.25 30.15 29.95 29.85 29.8 29.9 29.97 29.98 30.1 30.21 30.24 30.25 30.26 30.27 30.27 30.26 30.27 30.27 30.27 30.27 30.27 30.2 30 29.74 29.46 29.35 29.33 29.28 29.21 29.22 29.39 29.22 29.17
29.35 29.44 29.52 29.49 29.31 29.1 29.28 29.6 29.86 30.03 30.16 30.21 30.19 30.19 30.19 30.15 30.08 30.02 30.03 30.11 30.22 30.24 30.21 30.12 30.02 29.87 29.86 29.92 29.75 29.42 29.23 29.31 29.41 29.53 29.66 29.8 29.88 29.83 29.83 29.83 29.76 29.75 29.94 30.16 30.24 30.12 29.86 29.7 29.64 29.7 29.73 29.78 29.96 30.11 30.12 30.13 30.19 30.2 30.19 30.22 30.26 30.27 30.27 30.27 30.27 30.24 30.08 29.82 29.54 29.33 29.21 29.17 29.11 29.08 29.25 29.15 29.05
29.05 29.21 29.19 29.19 29.04 28.93 29.24 29.62 29.89 30.08 30.17 30.17 30.07 30.04 30.03 29.93 29.73 29.58 29.64 29.86 30.13 30.17 30.06 29.81 29.62 29.5 29.48 29.5 29.37 29.17 29.1 29.2 29.35 29.53 29.68 29.75 29.77 29.7 29.65 29.67 29.65 29.67 29.87 30.12 30.21 30.16 29.99 29.73 29.54 29.48 29.5 29.62 29.82 29.96 29.9 29.88 29.97 29.97 30 30.14 30.25 30.27 30.27 30.27 30.27 30.26 30.17 30.01 29.84 29.66 29.46 29.33 29.13 28.94 29.05 28.97 28.83
28.77 28.86 28.74 28.74 28.66 28.81 29.19 29.6 29.9 30.08 30.15 30.09 29.9 29.77 29.71 29.59 29.34 29.16 29.35 29.73 30.02 30.01 29.82 29.48 29.2 29.08 29.07 29.03 28.98 28.97 29.02 29.16 29.33 29.48 29.56 29.57 29.56 29.56 29.49 29.51 29.54 29.62 29.84 30.08 30.14 30.1 30.02 29.8 29.53 29.35 29.35 29.54 29.7 29.78 29.73 29.63 29.66 29.7 29.87 30.11 30.24 30.27 30.27 30.27 30.27 30.27 30.24 30.17 30.06 29.93 29.77 29.54 29.16 28.77 28.81 28.76 28.64
28.59 28.51 28.38 28.41 28.61 28.98 29.39 29.71 29.94 30.06 30.09 30.02 29.84 29.6 29.38 29.2 28.97 28.93 29.27 29.66 29.82 29.72 29.54 29.19 28.87 28.74 28.76 28.74 28.76 28.85 28.98 29.13 29.27 29.35 29.4 29.36 29.37 29.4 29.33 29.34 29.41 29.55 29.8 29.99 29.96 29.83 29.81 29.67 29.45 29.27 29.25 29.43 29.51 29.6 29.56 29.38 29.37 29.54 29.82 30.09 30.24 30.27 30.27 30.27 30.27 30.27 30.25 30.19 30.08 29.94 29.75 29.46 29.01 28.59 28.54 28.6 28.68
28.85 28.71 28.39 28.44 28.71 29.09 29.5 29.79 29.95 30 29.94 29.86 29.78 29.56 29.24 28.9 28.68 28.82 29.24 29.54 29.55 29.37 29.17 28.92 28.64 28.56 28.58 28.6 28.68 28.77 28.9 29.04 29.13 29.18 29.22 29.18 29.22 29.27 29.22 29.24 29.33 29.51 29.75 29.85 29.72 29.54 29.5 29.44 29.28 29.11 29.08 29.21 29.31 29.42 29.37 29.16 29.23 29.48 29.75 30.02 30.2 30.25 30.26 30.27 30.27 30.26 30.24 30.19 30.09 29.94 29.68 29.26 28.77 28.38 28.3 28.49 28.83
29.25 28.99 28.56 28.56 28.73 29.02 29.45 29.74 29.82 29.87 29.76 29.56 29.57 29.5 29.22 28.8 28.57 28.8 29.15 29.27 29.18 28.96 28.75 28.64 28.57 28.59 28.63 28.67 28.79 28.83 28.89 28.99 29.07 29.12 29.12 29.12 29.21 29.28 29.29 29.35 29.37 29.42 29.59 29.69 29.6 29.48 29.41 29.33 29.2 28.99 28.87 28.95 29.11 29.22 29.14 29.03 29.19 29.44 29.68 29.91 30.11 30.22 30.26 30.26 30.26 30.25 30.22 30.12 29.98 29.87 29.65 29.22 28.65 28.27 28.31 28.62 28.9
29.29 28.98 28.6 28.59 28.72 28.91 29.22 29.4 29.48 29.68 29.59 29.22 29.17 29.26 29.1 28.7 28.5 28.66 28.85 28.82 28.72 28.56 28.5 28.54 28.66 28.78 28.88 28.9 29.03 29.04 29.05 29.13 29.22 29.29 29.27 29.28 29.37 29.45 29.48 29.55 29.52 29.44 29.47 29.54 29.52 29.46 29.41 29.3 29.15 28.92 28.75 28.79 28.94 29.03 28.99 28.97 29.12 29.35 29.56 29.76 29.98 30.17 30.24 30.25 30.25 30.24 30.15 29.95 29.72 29.62 29.49 29.16 28.71 28.47 28.57 28.84 29.05
29.07 28.83 28.52 28.54 28.67 28.73 28.83 28.91 29.05 29.42 29.48 29.03 28.72 28.88 28.8 28.52 28.31 28.32 28.41 28.36 28.29 28.35 28.49 28.7 28.89 29.03 29.18 29.19 29.28 29.3 29.28 29.38 29.46 29.54 29.51 29.49 29.56 29.65 29.66 29.71 29.71 29.65 29.59 29.53 29.42 29.32 29.27 29.17 29.04 28.81 28.65 28.68 28.84 28.95 29.01 29.08 29.12 29.21 29.4 29.6 29.87 30.12 30.21 30.23 30.24 30.2 30.07 29.8 29.5 29.35 29.27 29.07 28.82 28.78 28.9 28.98 29.14
28.72 28.57 28.43 28.46 28.55 28.55 28.57 28.59 28.71 29.07 29.06 28.73 28.42 28.61 28.49 28.28 28.1 28.05 28.1 28.09 28.14 28.41 28.68 28.92 29.16 29.31 29.44 29.49 29.56 29.58 29.55 29.61 29.65 29.75 29.77 29.73 29.76 29.85 29.86 29.87 29.88 29.8 29.66 29.52 29.38 29.28 29.17 29.01 28.78 28.59 28.63 28.75 28.91 29.03 29.13 29.26 29.3 29.27 29.41 29.63 29.92 30.09 30.1 30.14 30.19 30.11 29.9 29.65 29.41 29.28 29.23 29.11 29.02 29.06 29.16 29.16 29.23
28.72 28.59 28.42 28.39 28.43 28.43 28.43 28.49 28.71 28.96 28.75 28.5 28.29 28.38 28.29 28.12 28.03 28.03 28.02 28.02 28.13 28.5 28.86 29.07 29.23 29.38 29.52 29.64 29.75 29.83 29.86 29.85 29.83 29.93 30.01 29.99 29.97 30.04 30.06 30.04 29.98 29.78 29.56 29.46 29.46 29.43 29.28 29 28.69 28.58 28.71 28.86 29 29.15 29.28 29.41 29.51 29.54 29.65 29.83 29.95 29.9 29.87 30 30.09 29.94 29.67 29.46 29.4 29.37 29.36 29.31 29.23 29.23 29.34 29.35 29.39
28.97 28.77 28.56 28.41 28.35 28.32 28.31 28.4 28.67 28.82 28.62 28.34 28.24 28.27 28.26 28.24 28.28 28.33 28.24 28.28 28.4 28.65 28.97 29.17 29.24 29.33 29.46 29.62 29.77 29.9 30.01 30.04 30.04 30.11 30.18 30.19 30.16 30.19 30.17 30.07 29.87 29.71 29.7 29.72 29.72 29.59 29.42 29.16 28.84 28.68 28.73 28.83 28.95 29.1 29.26 29.34 29.47 29.69 29.78 29.79 29.72 29.66 29.77 29.89 29.86 29.7 29.48 29.41 29.51 29.54 29.53 29.47 29.33 29.29 29.46 29.54 29.59
29.18 29.05 28.88 28.59 28.32 28.18 28.08 28.15 28.43 28.56 28.46 28.43 28.44 28.45 28.39 28.39 28.51 28.66 28.66 28.67 28.84 29.02 29.16 29.35 29.4 29.38 29.45 29.61 29.79 29.95 30.05 30.13 30.16 30.21 30.24 30.25 30.24 30.24 30.16 29.9 29.7 29.82 30.02 30.05 29.95 29.79 29.6 29.32 28.99 28.72 28.67 28.77 28.88 28.98 29.08 29.15 29.28 29.41 29.45 29.46 29.48 29.57 29.64 29.61 29.55 29.55 29.54 29.62 29.77 29.76 29.7 29.58 29.33 29.28 29.53 29.7 29.77
29.24 29.05 28.86 28.59 28.31 28.12 27.96 27.96 28.17 28.3 28.38 28.58 28.7 28.72 28.54 28.47 28.58 28.82 29.02 29 29.11 29.32 29.45 29.64 29.69 29.54 29.45 29.56 29.82 29.99 30.03 30.11 30.18 30.24 30.26 30.26 30.26 30.25 30.18 30.02 30.02 30.15 30.18 30.11 29.9 29.71 29.4 29.15 28.94 28.75 28.71 28.75 28.79 28.83 28.9 29.02 29.13 29.22 29.31 29.4 29.49 29.56 29.54 29.52 29.5 29.6 29.7 29.81 29.9 29.81 29.68 29.56 29.38 29.23 29.37 29.62 29.81
28.98 28.79 28.62 28.41 28.3 28.18 28.03 27.96 28.08 28.25 28.43 28.72 28.87 28.89 28.75 28.64 28.62 28.84 29.16 29.27 29.24 29.47 29.67 29.83 29.88 29.77 29.67 29.81 30.05 30.12 30.04 30.07 30.17 30.24 30.26 30.26 30.26 30.26 30.24 30.19 30.21 30.25 30.22 30.09 29.79 29.57 29.4 29.19 29.05 28.98 28.88 28.79 28.74 28.69 28.72 28.88 29.05 29.2 29.3 29.41 29.51 29.61 29.67 29.7 29.63 29.67 29.82 29.93 29.97 29.86 29.7 29.54 29.35 29.19 29.28 29.54 29.82
28.81 28.67 28.57 28.44 28.33 28.2 28.04 27.99 28.14 28.35 28.52 28.76 28.96 29.05 29.02 28.92 28.76 28.93 29.27 29.44 29.37 29.51 29.71 29.93 30.03 30 29.96 30.05 30.19 30.21 30.17 30.16 30.22 30.25 30.26 30.26 30.26 30.26 30.26 30.25 30.26 30.27 30.23 30.11 29.9 29.77 29.64 29.49 29.39 29.27 29.09 28.97 28.89 28.74 28.66 28.84 29.04 29.16 29.24 29.41 29.58 29.69 29.78 29.88 29.82 29.74 29.87 30 30.05 29.93 29.78 29.66 29.48 29.31 29.41 29.62 29.91
28.71 28.57 28.54 28.48 28.37 28.24 28.07 28.04 28.19 28.38 28.54 28.73 28.97 29.21 29.31 29.34 29.14 29.12 29.4 29.59 29.59 29.64 29.75 29.96 30.12 30.17 30.18 30.21 30.25 30.25 30.25 30.24 30.25 30.26 30.26 30.26 30.26 30.26 30.26 30.26 30.27 30.27 30.24 30.17 30.1 30.07 29.96 29.79 29.7 29.49 29.35 29.28 29.2 29.02 28.78 28.87 29.03 29.11 29.17 29.3 29.44 29.54 29.69 29.94 30.02 29.88 29.89 30.03 30.12 30.04 29.91 29.73 29.54 29.43 29.58 29.74 30.02
