ASPA-UH-SWB2_REPO/input/Gridded_temps/prism_tmax_tutuila_30yr_normal_11.asc
ncols         350
nrows         200
xllcorner     515000
yllcorner     8409000
cellsize      100
NODATA_value  -9999
[rows 68 to 101 of 200, columns 154 to 230 of 350]
30.13 29.94 29.78 29.64 29.48 29.28 29.06 28.81 28.87 29.32 29.8 30.15 30.38 30.5 30.54 30.56 30.56 30.57 30.58 30.59 30.6 30.6 30.6 30.61 30.61 30.61 30.61 30.61 30.62 30.62 30.62 30.62 30.63 30.63 30.63 30.63 30.64 30.64 30.64 30.64 30.65 30.65 30.65 30.65 30.65 30.66 30.66 30.66 30.67 30.67 30.67 30.67 30.67 30.68 30.68 30.68 30.68 30.68 30.63 30.44 30.03 29.69 29.49 29.08 28.67 28.19 27.79 27.55 27.39 27.45 27.76 27.9 27.82 28.08 28.51 28.9 29.16
30 29.85 29.63 29.42 29.28 29.12 28.89 28.69 28.9 29.4 29.88 30.21 30.42 30.52 30.55 30.55 30.54 30.52 30.52 30.54 30.57 30.58 30.59 30.59 30.6 30.6 30.61 30.61 30.61 30.62 30.62 30.62 30.62 30.62 30.63 30.63 30.63 30.63 30.64 30.64 30.64 30.64 30.65 30.65 30.65 30.65 30.66 30.66 30.66 30.66 30.67 30.67 30.67 30.67 30.68 30.68 30.68 30.67 30.57 30.22 29.85 29.52 29.26 28.93 28.52 28.06 27.79 27.88 27.96 27.83 27.65 27.57 27.69 28.23 28.69 28.91 29.03
29.75 29.67 29.49 29.27 29.05 28.9 28.7 28.64 29.02 29.54 29.98 30.24 30.42 30.51 30.53 30.5 30.43 30.3 30.34 30.4 30.48 30.52 30.52 30.51 30.55 30.58 30.59 30.6 30.61 30.61 30.61 30.61 30.62 30.62 30.62 30.62 30.63 30.63 30.63 30.64 30.64 30.64 30.64 30.64 30.65 30.65 30.65 30.66 30.66 30.66 30.66 30.67 30.67 30.67 30.67 30.68 30.68 30.65 30.49 30.22 30.04 29.84 29.66 29.4 28.95 28.55 28.43 28.53 28.7 28.35 28.1 27.88 27.99 28.4 28.84 28.9 28.84
29.47 29.4 29.25 29.05 28.81 28.62 28.54 28.7 29.08 29.57 29.95 30.17 30.36 30.48 30.49 30.41 30.25 29.96 29.97 30.1 30.3 30.41 30.37 30.3 30.37 30.49 30.55 30.58 30.6 30.61 30.61 30.61 30.61 30.61 30.62 30.62 30.62 30.62 30.63 30.63 30.63 30.64 30.64 30.64 30.64 30.65 30.65 30.65 30.66 30.66 30.66 30.66 30.67 30.67 30.67 30.67 30.67 30.64 30.52 30.4 30.31 30.17 30 29.68 29.18 28.95 28.94 28.93 29.07 28.91 28.89 28.61 28.58 28.63 29 29.06 28.86
29.21 29.14 28.96 28.72 28.57 28.54 28.67 28.98 29.28 29.66 29.95 30.17 30.37 30.46 30.42 30.3 30.07 29.69 29.51 29.84 30.17 30.25 30.17 29.97 30.06 30.28 30.42 30.5 30.56 30.59 30.6 30.6 30.6 30.6 30.6 30.61 30.6 30.6 30.61 30.63 30.63 30.63 30.63 30.64 30.64 30.64 30.64 30.65 30.65 30.66 30.66 30.66 30.66 30.67 30.67 30.67 30.67 30.64 30.58 30.48 30.29 30.07 29.89 29.46 29.04 29.09 29.29 29.33 29.38 29.38 29.41 29.22 29.17 29.1 29.2 29.29 29.03
29.02 28.87 28.7 28.48 28.48 28.71 29.06 29.35 29.66 29.92 30.13 30.28 30.39 30.41 30.31 30.14 29.89 29.48 29.38 29.78 30 29.97 29.86 29.63 29.71 30.03 30.2 30.35 30.48 30.56 30.58 30.59 30.59 30.57 30.54 30.53 30.53 30.54 30.57 30.61 30.63 30.63 30.63 30.63 30.64 30.64 30.64 30.64 30.65 30.65 30.65 30.66 30.66 30.66 30.66 30.67 30.67 30.64 30.57 30.37 30.07 29.73 29.47 29.11 28.76 29.04 29.45 29.64 29.65 29.7 29.7 29.47 29.42 29.44 29.46 29.42 29.12
28.96 28.64 28.46 28.39 28.56 28.89 29.28 29.64 29.9 30.08 30.23 30.33 30.38 30.37 30.24 29.98 29.71 29.52 29.43 29.63 29.67 29.57 29.49 29.28 29.33 29.64 29.94 30.2 30.44 30.53 30.56 30.56 30.53 30.47 30.37 30.36 30.4 30.5 30.57 30.6 30.62 30.62 30.63 30.63 30.63 30.63 30.64 30.64 30.65 30.65 30.65 30.65 30.66 30.66 30.66 30.66 30.67 30.65 30.58 30.36 29.96 29.71 29.41 28.96 28.72 28.99 29.46 29.76 29.85 29.93 29.89 29.62 29.61 29.63 29.56 29.4 29.11
28.87 28.53 28.37 28.42 28.57 28.89 29.3 29.65 29.89 30.09 30.24 30.33 30.36 30.35 30.26 30.11 29.96 29.82 29.62 29.53 29.43 29.22 29.11 29.08 29.21 29.58 30 30.3 30.46 30.51 30.52 30.51 30.45 30.3 30.14 30.25 30.39 30.51 30.58 30.61 30.62 30.62 30.62 30.63 30.63 30.63 30.63 30.64 30.64 30.65 30.65 30.65 30.65 30.66 30.66 30.66 30.66 30.65 30.6 30.46 30.14 29.82 29.4 29.05 28.86 29.12 29.56 29.82 29.97 30.13 30.1 29.87 29.74 29.6 29.42 29.2 28.98
28.75 28.6 28.66 28.73 28.76 29.07 29.45 29.79 29.98 30.14 30.24 30.28 30.28 30.26 30.22 30.16 30.08 29.92 29.7 29.52 29.34 29.05 28.91 29.03 29.41 29.84 30.12 30.27 30.39 30.44 30.44 30.4 30.28 30.07 30.06 30.33 30.48 30.55 30.59 30.6 30.61 30.62 30.62 30.62 30.62 30.63 30.63 30.63 30.64 30.64 30.64 30.65 30.65 30.65 30.66 30.66 30.65 30.6 30.5 30.32 30.03 29.7 29.41 29.11 28.98 29.18 29.54 29.78 29.94 30.18 30.34 30.14 29.9 29.73 29.54 29.32 29.2
28.93 28.84 29.05 29.05 28.94 29.22 29.59 29.9 30.06 30.14 30.17 30.16 30.13 30.1 30.08 30.04 29.99 29.9 29.71 29.56 29.36 29.08 29 29.21 29.59 29.9 29.96 29.97 30.19 30.3 30.3 30.23 30.03 29.87 30.09 30.37 30.5 30.55 30.58 30.59 30.6 30.61 30.61 30.62 30.62 30.62 30.63 30.63 30.63 30.64 30.64 30.64 30.65 30.65 30.65 30.66 30.64 30.52 30.26 30.07 29.91 29.7 29.4 29.24 29.23 29.37 29.65 29.87 30.05 30.24 30.44 30.36 30.19 29.96 29.74 29.52 29.48
29.23 29.12 29.33 29.23 29.01 29.13 29.53 29.87 30.01 30.06 30.07 30.01 29.94 29.92 29.9 29.79 29.77 29.83 29.7 29.49 29.22 29 29.02 29.25 29.52 29.67 29.61 29.55 29.95 30.1 30.05 30 29.8 29.77 30.13 30.38 30.48 30.52 30.55 30.58 30.6 30.6 30.61 30.61 30.62 30.62 30.62 30.63 30.63 30.63 30.63 30.64 30.64 30.65 30.65 30.65 30.64 30.55 30.27 30.06 29.93 29.74 29.54 29.5 29.45 29.51 29.76 29.97 30.17 30.35 30.49 30.45 30.22 29.92 29.72 29.59 29.63
29.49 29.4 29.55 29.41 29.2 29.16 29.43 29.76 29.9 29.95 29.96 29.9 29.76 29.67 29.68 29.52 29.56 29.7 29.57 29.34 29.01 28.81 28.91 29.06 29.21 29.3 29.28 29.29 29.68 29.76 29.61 29.59 29.62 29.88 30.19 30.33 30.39 30.42 30.46 30.53 30.58 30.59 30.6 30.6 30.61 30.61 30.62 30.62 30.62 30.63 30.63 30.63 30.64 30.64 30.65 30.65 30.65 30.62 30.52 30.28 30.03 29.84 29.72 29.64 29.51 29.51 29.75 29.97 30.19 30.39 30.53 30.51 30.29 29.99 29.78 29.65 29.69
29.82 29.77 29.8 29.66 29.46 29.26 29.37 29.62 29.77 29.82 29.85 29.84 29.68 29.45 29.47 29.34 29.43 29.52 29.39 29.19 28.84 28.61 28.73 28.88 29 29.07 29.07 29.1 29.31 29.33 29.18 29.24 29.54 29.87 30.05 30.11 30.13 30.15 30.26 30.45 30.55 30.57 30.55 30.55 30.59 30.61 30.61 30.62 30.62 30.62 30.63 30.63 30.63 30.64 30.64 30.65 30.65 30.64 30.59 30.4 30.07 29.89 29.84 29.71 29.58 29.6 29.81 30.08 30.32 30.49 30.56 30.53 30.36 30.1 29.89 29.76 29.71
30.13 30.04 29.96 29.77 29.5 29.21 29.23 29.45 29.6 29.67 29.69 29.73 29.65 29.39 29.23 29.1 29.22 29.24 29.16 28.87 28.57 28.43 28.58 28.79 28.97 29.04 28.99 28.97 29.07 29.09 28.99 29.06 29.33 29.56 29.66 29.7 29.71 29.77 30.06 30.38 30.5 30.5 30.42 30.36 30.5 30.55 30.6 30.61 30.62 30.62 30.62 30.63 30.63 30.63 30.64 30.64 30.65 30.64 30.6 30.43 30.06 29.92 29.92 29.78 29.72 29.75 29.87 30.19 30.48 30.59 30.54 30.4 30.23 30.04 29.98 29.91 29.8
30.23 30.07 29.88 29.68 29.41 29.01 28.96 29.15 29.37 29.46 29.46 29.54 29.58 29.33 28.9 28.64 28.73 28.66 28.6 28.3 28.21 28.28 28.55 28.85 29.07 29.19 29.08 29.03 29.13 29.16 29.12 29.18 29.34 29.46 29.49 29.51 29.48 29.69 30.07 30.31 30.4 30.37 30.19 30.11 30.28 30.4 30.55 30.6 30.61 30.62 30.62 30.62 30.63 30.63 30.63 30.64 30.64 30.64 30.62 30.46 30.1 29.99 29.96 29.86 29.9 29.91 29.9 30.18 30.51 30.61 30.5 30.32 30.1 30.05 30.12 30.05 29.94
30.18 29.94 29.67 29.43 29.13 28.73 28.59 28.76 29.01 29.22 29.17 29.31 29.46 29.22 28.64 28.07 28.04 28.08 28.06 28.07 28.24 28.47 28.78 29.03 29.22 29.37 29.25 29.23 29.35 29.4 29.35 29.47 29.62 29.63 29.61 29.7 29.7 29.75 29.94 30.09 30.14 30.14 30.06 30.14 30.41 30.51 30.58 30.6 30.61 30.61 30.62 30.62 30.62 30.63 30.63 30.63 30.64 30.64 30.62 30.48 30.18 30.06 29.97 29.93 30.05 30.08 29.94 30.12 30.48 30.62 30.57 30.4 30.12 30.15 30.31 30.3 30.25
30.13 29.98 29.79 29.49 28.97 28.58 28.39 28.35 28.71 29.03 28.94 29.15 29.33 29.14 28.56 27.86 27.69 27.8 27.92 28.19 28.58 28.88 29.13 29.3 29.41 29.52 29.5 29.64 29.6 29.63 29.54 29.62 29.82 29.94 29.82 29.92 29.99 29.87 29.76 29.84 30.06 30.25 30.33 30.42 30.54 30.58 30.59 30.6 30.61 30.61 30.61 30.62 30.62 30.62 30.63 30.63 30.64 30.64 30.63 30.54 30.25 30.09 30.05 30.15 30.22 30.2 30 30.06 30.39 30.6 30.62 30.47 30.19 30.31 30.52 30.58 30.6
29.97 29.92 29.76 29.45 29 28.58 28.29 28.07 28.55 28.73 28.6 28.9 29.11 28.96 28.45 27.86 27.69 27.84 28.1 28.44 28.82 29.13 29.26 29.35 29.53 29.68 29.81 29.99 30 30.08 30.02 29.85 29.94 30.19 30.03 30.07 30.2 30.07 29.92 30.09 30.34 30.47 30.51 30.54 30.58 30.59 30.59 30.59 30.6 30.61 30.61 30.61 30.62 30.62 30.62 30.63 30.63 30.64 30.63 30.58 30.38 30.22 30.28 30.45 30.43 30.29 30.05 30.1 30.41 30.62 30.66 30.57 30.46 30.6 30.66 30.68 30.69
29.71 29.74 29.66 29.38 28.97 28.49 28.08 27.78 28.14 28.18 28.26 28.61 28.8 28.61 28.25 28 28.11 28.25 28.48 28.76 28.89 28.82 28.75 28.87 29.29 29.62 29.76 29.99 30.13 30.21 30.27 30.19 30.2 30.34 30.32 30.27 30.34 30.26 30.21 30.37 30.49 30.54 30.56 30.57 30.58 30.58 30.59 30.59 30.6 30.6 30.61 30.61 30.61 30.62 30.62 30.62 30.63 30.63 30.59 30.54 30.5 30.51 30.57 30.61 30.59 30.48 30.35 30.4 30.58 30.67 30.68 30.66 30.64 30.67 30.69 30.7 30.7
29.34 29.47 29.49 29.29 28.96 28.55 27.95 27.54 27.79 27.75 28.05 28.34 28.37 28.21 28.09 28.13 28.43 28.6 28.73 28.8 28.55 28.31 28.27 28.53 29.02 29.31 29.44 29.65 29.86 30.03 30.25 30.34 30.38 30.43 30.45 30.45 30.47 30.46 30.46 30.51 30.54 30.56 30.56 30.57 30.57 30.58 30.58 30.59 30.59 30.6 30.6 30.61 30.61 30.61 30.62 30.62 30.62 30.61 30.52 30.47 30.54 30.6 30.64 30.65 30.65 30.63 30.61 30.63 30.66 30.68 30.68 30.68 30.68 30.68 30.69 30.69 30.7
28.88 29.02 29.13 29.09 28.86 28.5 27.89 27.46 27.54 27.62 27.94 28.12 28.07 27.99 28.06 28.21 28.42 28.44 28.44 28.39 28.08 27.96 28.04 28.32 28.62 28.88 29.15 29.45 29.66 29.84 30.11 30.26 30.31 30.35 30.43 30.47 30.49 30.51 30.52 30.54 30.55 30.55 30.56 30.56 30.57 30.57 30.58 30.58 30.59 30.59 30.6 30.6 30.61 30.61 30.61 30.62 30.62 30.62 30.6 30.59 30.62 30.64 30.65 30.65 30.65 30.66 30.66 30.67 30.67 30.67 30.68 30.68 30.68 30.68 30.69 30.69 30.69
28.51 28.41 28.53 28.64 28.42 28.17 27.7 27.34 27.34 27.48 27.75 27.83 27.76 27.84 28.02 28.1 28.03 27.83 27.64 27.73 27.82 28 28.23 28.38 28.45 28.62 28.95 29.29 29.52 29.72 29.92 30.02 30.06 30.07 30.27 30.37 30.44 30.48 30.51 30.53 30.54 30.55 30.55 30.56 30.56 30.57 30.57 30.58 30.58 30.59 30.59 30.6 30.6 30.61 30.61 30.62 30.62 30.62 30.63 30.63 30.64 30.64 30.65 30.65 30.65 30.66 30.66 30.66 30.67 30.67 30.67 30.68 30.68 30.68 30.69 30.69 30.69
28.07 27.84 27.96 28.07 27.85 27.62 27.49 27.37 27.41 27.5 27.56 27.45 27.41 27.54 27.58 27.34 27.21 27.17 27.05 27.34 27.68 28.02 28.37 28.62 28.69 28.8 28.93 29.13 29.39 29.62 29.74 29.77 29.78 29.75 29.92 30.07 30.21 30.3 30.4 30.49 30.52 30.53 30.54 30.55 30.56 30.56 30.57 30.57 30.58 30.58 30.59 30.59 30.6 30.6 30.61 30.61 30.62 30.62 30.63 30.63 30.64 30.64 30.64 30.65 30.65 30.65 30.66 30.66 30.66 30.67 30.67 30.68 30.68 30.68 30.69 30.69 30.69
27.64 27.62 27.8 27.83 27.65 27.56 27.61 27.63 27.69 27.68 27.57 27.33 27.15 27.08 26.99 26.76 26.68 26.72 26.9 27.25 27.57 27.89 28.29 28.68 28.88 29 29.13 29.2 29.25 29.33 29.45 29.49 29.52 29.5 29.54 29.72 29.84 29.99 30.22 30.38 30.44 30.44 30.48 30.52 30.55 30.56 30.56 30.57 30.57 30.58 30.58 30.59 30.59 30.6 30.6 30.61 30.61 30.62 30.62 30.63 30.63 30.63 30.64 30.64 30.65 30.65 30.66 30.66 30.66 30.67 -9999 30.67 30.68 30.68 30.68 -9999 -9999
27.44 27.62 27.88 27.94 27.84 27.89 27.91 27.92 27.95 27.83 27.71 27.54 27.14 26.73 26.55 26.33 26.44 26.55 26.81 27.15 27.41 27.7 28.05 28.41 28.63 28.79 29.12 29.35 29.38 29.32 29.37 29.41 29.44 29.43 29.42 29.5 29.52 29.73 29.95 30.11 30.22 30.18 30.26 30.39 30.51 30.55 30.56 30.56 30.57 30.57 30.58 30.58 30.59 30.6 30.6 30.61 30.61 30.62 30.62 30.62 30.63 30.63 30.64 30.64 30.65 30.65 30.66 30.66 30.66 -9999 -9999 -9999 30.68 -9999 -9999 -9999 -9999
27.33 27.63 27.94 28.09 28.11 28.17 28.2 28.2 28.13 27.94 27.85 27.84 27.55 27.08 26.79 26.36 26.57 26.71 26.95 27.31 27.47 27.59 27.88 28.14 28.22 28.53 28.92 29.28 29.52 29.6 29.62 29.64 29.65 29.67 29.66 29.64 29.57 29.61 29.68 29.8 29.92 29.96 30.12 30.33 30.5 30.54 30.56 30.56 30.57 30.57 30.58 30.58 30.59 -9999 -9999 -9999 -9999 30.62 30.62 30.62 30.62 -9999 -9999 -9999 -9999 30.65 -9999 -9999 -9999 -9999 -9999 -9999 -9999 -9999 -9999 -9999 -9999
27.4 27.73 27.99 28.16 28.28 28.37 28.43 28.41 28.25 28.08 28.01 28.09 28.04 27.68 27.34 26.81 26.88 26.95 27.28 27.7 27.82 27.79 28 28.3 28.38 28.56 28.8 29.02 29.25 29.47 29.66 29.8 29.88 29.95 30 29.96 29.9 29.8 29.71 29.69 29.78 29.89 30.14 30.41 30.52 30.54 30.55 30.56 30.56 30.57 -9999 -9999 -9999 -9999 -9999 -9999 -9999 -9999 -9999 -9999 -9999 -9999 -9999 -9999 -9999 -9999 -9999 -9999 -9999 -9999 -9999 -9999 -9999 -9999 -9999 -9999 -9999
27.48 27.65 27.75 27.94 28.23 28.43 28.57 28.57 28.44 28.38 28.29 28.39 28.33 28.13 27.79 27.35 27.26 27.12 27.57 27.97 28.17 28.22 28.31 28.55 28.81 28.98 29.05 29.08 29.12 29.22 29.36 29.57 29.74 29.96 30.21 30.26 30.23 30.12 29.97 29.86 29.89 29.96 30.17 30.45 30.53 30.54 30.54 30.55 30.56 30.56 -9999 -9999 -9999 -9999 -9999 -9999 -9999 -9999 -9999 -9999 -9999 -9999 -9999 -9999 -9999 -9999 -9999 -9999 -9999 -9999 -9999 -9999 -9999 -9999 -9999 -9999 -9999
27.38 27.42 27.49 27.83 28.21 28.5 28.68 28.8 28.74 28.66 28.66 28.76 28.59 28.3 27.89 27.66 27.71 27.57 27.85 28.16 28.44 28.61 28.72 28.87 29.08 29.36 29.48 29.49 29.46 29.46 29.45 29.39 29.39 29.69 30.09 30.33 30.39 30.35 30.24 30.11 30.12 30.17 30.32 30.48 30.52 30.53 30.54 30.55 30.55 -9999 -9999 -9999 -9999 -9999 -9999 -9999 -9999 -9999 -9999 -9999 -9999 -9999 -9999 -9999 -9999 -9999 -9999 -9999 -9999 -9999 -9999 -9999 -9999 -9999 -9999 -9999 -9999
27.23 27.29 27.41 27.69 28.08 28.43 28.65 28.86 29 29.02 29.05 28.99 28.71 28.34 27.98 27.94 27.99 27.8 27.99 28.21 28.4 28.62 28.81 28.97 29.16 29.36 29.55 29.76 29.85 29.85 29.8 29.68 29.48 29.58 29.91 30.26 30.41 30.45 30.43 30.37 30.34 30.36 30.45 30.51 30.52 30.53 30.53 30.54 30.55 -9999 -9999 -9999 -9999 -9999 -9999 -9999 -9999 -9999 -9999 -9999 -9999 -9999 -9999 -9999 -9999 -9999 -9999 -9999 -9999 -9999 -9999 -9999 -9999 -9999 -9999 -9999 -9999
27.26 27.33 27.43 27.7 28.07 28.38 28.59 28.82 29.11 29.31 29.29 29.1 28.75 28.39 28.04 28.05 28.12 28 28.03 28.14 28.27 28.42 28.58 28.71 28.85 28.96 29.25 29.66 29.96 30.11 30.11 29.98 29.79 29.77 29.96 30.19 30.4 30.46 30.47 30.46 30.46 30.46 30.49 30.51 30.52 30.52 30.53 30.53 -9999 -9999 -9999 -9999 -9999 -9999 -9999 -9999 -9999 -9999 -9999 -9999 -9999 -9999 -9999 -9999 -9999 -9999 -9999 -9999 -9999 -9999 -9999 -9999 -9999 -9999 -9999 -9999 -9999
27.6 27.58 27.49 27.61 27.97 28.35 28.63 28.88 29.16 29.42 29.37 29.11 28.81 28.44 28.13 28.11 28.23 28.26 28.34 28.43 28.47 28.59 28.76 28.89 28.89 28.84 29.05 29.38 29.76 30.08 30.24 30.23 30.09 30.15 30.25 30.25 30.41 30.46 30.47 30.48 30.48 30.49 30.5 30.51 30.51 30.52 30.53 -9999 -9999 -9999 -9999 -9999 -9999 -9999 -9999 -9999 -9999 -9999 -9999 -9999 -9999 -9999 -9999 -9999 -9999 -9999 -9999 -9999 -9999 -9999 -9999 -9999 -9999 -9999 -9999 -9999 -9999
27.97 27.88 27.7 27.77 27.96 28.17 28.45 28.8 29.26 29.58 29.51 29.23 28.76 28.39 28.21 28.21 28.25 28.29 28.5 28.65 28.63 28.73 28.97 29.17 29.18 29.08 29.13 29.32 29.62 29.93 30.22 30.33 30.32 30.37 30.41 30.41 30.44 30.46 30.47 30.47 30.48 30.49 30.5 30.5 30.51 30.52 30.52 -9999 -9999 -9999 -9999 -9999 -9999 -9999 -9999 -9999 -9999 -9999 -9999 -9999 -9999 -9999 -9999 -9999 -9999 -9999 -9999 -9999 -9999 -9999 -9999 -9999 -9999 -9999 -9999 -9999 -9999
28.25 28.11 27.99 28.15 28.28 28.32 28.51 28.75 29.35 29.68 29.49 29.06 28.53 28.28 28.32 28.38 28.33 28.26 28.49 28.75 28.79 28.79 28.99 29.28 29.42 29.38 29.36 29.5 29.69 29.89 30.2 30.37 30.41 30.43 30.44 30.44 30.44 30.46 30.46 30.47 30.48 30.48 30.49 30.5 30.5 30.51 -9999 -9999 -9999 -9999 -9999 -9999 -9999 -9999 -9999 -9999 -9999 -9999 -9999 -9999 -9999 -9999 -9999 -9999 -9999 -9999 -9999 -9999 -9999 -9999 -9999 -9999 -9999 -9999 -9999 -9999 -9999
