ASPA-UH-SWB2_REPO/input/Gridded_temps/prism_tmin_tutuila_30yr_normal_07.asc
ncols         350
nrows         200
xllcorner     515000
yllcorner     8409000
cellsize      100
NODATA_value  -9999
[rows 136 to 169 of 200, columns 77 to 153 of 350]
23.6 23.67 23.72 23.71 23.75 23.77 23.77 23.76 23.7 23.5 23.25 23.1 23.08 23.14 23.26 23.43 23.52 23.54 23.52 23.52 23.56 23.58 23.59 23.59 23.55 23.43 23.23 22.97 22.85 22.89 22.98 23 22.95 22.94 23.08 23.25 23.35 23.39 23.41 23.44 23.46 23.49 23.52 23.56 23.61 23.66 23.7 23.73 23.76 23.79 23.81 23.83 23.85 23.87 23.89 23.91 23.93 23.96 23.97 23.99 24 24.02 24.04 24.04 24.05 24.06 24.06 24.07 24.07 24.07 24.08 24.09 24.09 24.1 24.1 24.11 24.12
23.66 23.72 23.76 23.77 23.78 23.78 23.78 23.76 23.68 23.45 23.22 23.12 23.1 23.13 23.21 23.37 23.51 23.54 23.55 23.56 23.57 23.59 23.59 23.59 23.55 23.42 23.22 23 22.88 22.86 22.94 23.01 22.98 22.96 23.06 23.23 23.35 23.4 23.42 23.46 23.48 23.51 23.54 23.57 23.61 23.65 23.69 23.72 23.75 23.78 23.8 23.83 23.85 23.87 23.89 23.91 23.93 23.95 23.97 23.99 24 24.02 24.03 24.04 24.05 24.06 24.06 24.07 24.08 24.08 24.08 24.09 24.09 24.1 24.11 24.11 24.12
23.72 23.76 23.78 23.78 23.78 23.78 23.77 23.75 23.69 23.49 23.28 23.18 23.2 23.22 23.23 23.34 23.47 23.53 23.56 23.57 23.58 23.59 23.59 23.59 23.53 23.37 23.15 23 22.91 22.84 22.9 23.01 23.03 23.03 23.11 23.25 23.36 23.41 23.43 23.46 23.49 23.52 23.55 23.58 23.61 23.64 23.68 23.7 23.73 23.77 23.79 23.82 23.85 23.87 23.89 23.91 23.93 23.95 23.97 23.99 24 24.01 24.03 24.03 24.04 24.06 24.07 24.08 24.08 24.08 24.08 24.09 24.1 24.11 24.11 24.12 24.12
23.77 23.79 23.79 23.79 23.78 23.78 23.76 23.75 23.7 23.54 23.37 23.29 23.37 23.42 23.38 23.38 23.44 23.51 23.56 23.58 23.58 23.58 23.59 23.58 23.5 23.3 23.1 23 22.93 22.87 22.91 23.02 23.06 23.05 23.1 23.22 23.33 23.41 23.44 23.46 23.49 23.52 23.55 23.57 23.6 23.63 23.67 23.69 23.72 23.76 23.79 23.82 23.85 23.87 23.89 23.92 23.94 23.95 23.97 23.98 24 24.01 24.02 24.03 24.04 24.06 24.08 24.09 24.09 24.09 24.09 24.1 24.11 24.11 24.12 24.12 24.13
23.79 23.79 23.79 23.79 23.78 23.77 23.76 23.74 23.71 23.6 23.48 23.43 23.5 23.55 23.52 23.5 23.5 23.54 23.57 23.58 23.58 23.58 23.59 23.56 23.43 23.23 23.1 23.03 22.95 22.92 22.96 23.04 23.08 23.06 23.08 23.16 23.29 23.39 23.44 23.46 23.49 23.52 23.55 23.57 23.6 23.63 23.66 23.68 23.71 23.75 23.79 23.82 23.84 23.87 23.89 23.92 23.94 23.96 23.97 23.98 23.99 24.01 24.02 24.03 24.05 24.06 24.08 24.09 24.09 24.09 24.09 24.1 24.11 24.12 24.13 24.14 24.14
23.79 23.79 23.79 23.79 23.78 23.76 23.75 23.73 23.72 23.67 23.58 23.54 23.57 23.58 23.57 23.56 23.55 23.56 23.56 23.56 23.57 23.58 23.58 23.54 23.41 23.24 23.18 23.1 23 22.99 23.02 23.07 23.12 23.11 23.11 23.16 23.25 23.36 23.42 23.45 23.47 23.51 23.54 23.56 23.59 23.62 23.65 23.68 23.71 23.75 23.79 23.82 23.85 23.87 23.9 23.92 23.94 23.96 23.97 23.98 23.99 24 24.02 24.03 24.04 24.06 24.07 24.08 24.09 24.09 24.1 24.11 24.12 24.13 24.14 24.15 24.16
23.79 23.79 23.79 23.79 23.78 23.76 23.73 23.71 23.69 23.66 23.6 23.58 23.59 23.58 23.57 23.56 23.56 23.55 23.55 23.55 23.56 23.56 23.57 23.55 23.5 23.44 23.38 23.23 23.08 23.05 23.06 23.07 23.11 23.14 23.15 23.18 23.24 23.33 23.39 23.44 23.46 23.5 23.53 23.55 23.59 23.62 23.65 23.68 23.71 23.75 23.79 23.82 23.85 23.88 23.9 23.92 23.94 23.95 23.97 23.98 23.99 24 24.02 24.03 24.04 24.05 24.06 24.08 24.09 24.09 24.1 24.12 24.13 24.15 24.16 24.16 24.16
23.79 23.79 23.79 23.79 23.77 23.74 23.71 23.69 23.66 23.63 23.6 23.6 23.59 23.58 23.57 23.56 23.55 23.54 23.54 23.54 23.54 23.55 23.55 23.55 23.54 23.53 23.49 23.37 23.21 23.12 23.05 23 23.04 23.1 23.14 23.19 23.24 23.31 23.38 23.42 23.45 23.49 23.52 23.55 23.58 23.61 23.64 23.67 23.7 23.74 23.78 23.82 23.85 23.88 23.9 23.92 23.93 23.95 23.96 23.97 23.98 23.99 24.01 24.02 24.03 24.05 24.06 24.07 24.08 24.09 24.1 24.12 24.13 24.16 24.16 24.16 24.16
23.79 23.79 23.79 23.78 23.76 23.73 23.7 23.67 23.64 23.62 23.61 23.6 23.59 23.58 23.58 23.57 23.56 23.54 23.54 23.53 23.54 23.54 23.54 23.54 23.54 23.54 23.52 23.45 23.32 23.18 23.02 22.9 22.96 23.05 23.12 23.17 23.24 23.31 23.36 23.41 23.44 23.47 23.51 23.54 23.56 23.6 23.63 23.67 23.7 23.74 23.78 23.82 23.86 23.88 23.9 23.92 23.93 23.95 23.96 23.97 23.98 23.99 24 24.02 24.03 24.04 24.06 24.07 24.08 24.09 24.1 24.12 24.13 24.16 24.16 24.16 24.16
23.79 23.79 23.78 23.76 23.74 23.72 23.69 23.66 23.64 23.63 23.62 23.61 23.6 23.59 23.58 23.58 23.56 23.55 23.54 23.53 23.53 23.53 23.53 23.53 23.53 23.53 23.52 23.48 23.37 23.18 22.99 22.89 23.01 23.14 23.18 23.19 23.22 23.29 23.35 23.4 23.43 23.46 23.5 23.53 23.56 23.59 23.63 23.67 23.7 23.74 23.78 23.82 23.85 23.88 23.9 23.92 23.93 23.94 23.95 23.96 23.97 23.98 23.99 24 24.02 24.04 24.05 24.06 24.08 24.09 24.1 24.12 24.13 24.15 24.16 24.16 24.16
23.79 23.79 23.77 23.75 23.73 23.71 23.69 23.66 23.65 23.64 23.63 23.62 23.62 23.61 23.59 23.58 23.57 23.55 23.54 23.54 23.53 23.53 23.52 23.52 23.52 23.52 23.52 23.49 23.4 23.23 23.03 22.92 23.13 23.33 23.36 23.27 23.22 23.28 23.34 23.39 23.42 23.46 23.5 23.53 23.56 23.59 23.63 23.67 23.7 23.74 23.78 23.82 23.85 23.88 23.9 23.92 23.93 23.94 23.95 23.96 23.97 23.98 23.99 23.99 24 24.03 24.04 24.06 24.08 24.09 24.1 24.11 24.12 24.14 24.16 24.16 24.16
23.79 23.79 23.77 23.74 23.72 23.7 23.68 23.67 23.66 23.65 23.64 23.64 23.63 23.62 23.6 23.59 23.57 23.55 23.54 23.54 23.53 23.53 23.52 23.52 23.51 23.51 23.52 23.5 23.45 23.35 23.16 23 23.16 23.37 23.41 23.3 23.22 23.27 23.34 23.39 23.42 23.46 23.51 23.54 23.58 23.61 23.64 23.67 23.7 23.75 23.78 23.82 23.85 23.87 23.89 23.91 23.92 23.94 23.95 23.96 23.97 23.97 23.98 23.99 24 24.02 24.04 24.06 24.08 24.09 24.1 24.11 24.12 24.14 24.16 24.16 24.16
23.79 23.78 23.76 23.74 23.71 23.69 23.69 23.69 23.68 23.67 23.66 23.66 23.65 23.63 23.61 23.59 23.57 23.56 23.54 23.54 23.54 23.53 23.52 23.51 23.5 23.5 23.5 23.49 23.47 23.42 23.31 23.16 23.15 23.26 23.33 23.26 23.22 23.27 23.34 23.39 23.43 23.48 23.52 23.56 23.59 23.62 23.65 23.68 23.72 23.75 23.78 23.82 23.84 23.87 23.88 23.9 23.92 23.93 23.94 23.95 23.96 23.97 23.98 23.99 24 24.02 24.05 24.07 24.08 24.09 24.1 24.12 24.13 24.14 24.15 24.16 24.16
23.79 23.78 23.76 23.73 23.71 23.7 23.69 23.69 23.69 23.69 23.68 23.67 23.65 23.63 23.61 23.6 23.58 23.57 23.55 23.54 23.54 23.54 23.52 23.51 23.5 23.49 23.48 23.47 23.46 23.43 23.38 23.3 23.23 23.22 23.26 23.25 23.26 23.3 23.35 23.41 23.45 23.5 23.54 23.57 23.6 23.63 23.66 23.69 23.72 23.75 23.77 23.8 23.83 23.86 23.88 23.9 23.91 23.93 23.94 23.95 23.96 23.98 23.99 24 24.01 24.03 24.06 24.08 24.09 24.1 24.11 24.13 24.14 24.15 24.15 24.15 24.15
23.79 23.79 23.77 23.74 23.72 23.7 23.7 23.7 23.69 23.69 23.69 23.68 23.65 23.63 23.62 23.6 23.59 23.57 23.56 23.55 23.55 23.54 23.52 23.51 23.5 23.49 23.48 23.46 23.44 23.42 23.38 23.34 23.31 23.27 23.27 23.29 23.31 23.34 23.37 23.42 23.46 23.51 23.55 23.58 23.61 23.63 23.66 23.69 23.71 23.74 23.76 23.79 23.82 23.85 23.87 23.9 23.91 23.92 23.94 23.95 23.97 23.99 24.01 24.02 24.03 24.05 24.07 24.09 24.11 24.12 24.13 24.14 24.15 24.15 24.15 24.15 24.15
23.79 23.79 23.78 23.75 23.73 23.72 23.71 23.71 23.7 23.69 23.69 23.68 23.66 23.64 23.63 23.62 23.6 23.58 23.57 23.56 23.55 23.54 23.52 23.51 23.49 23.48 23.47 23.45 23.43 23.4 23.37 23.34 23.32 23.3 23.3 23.32 23.35 23.37 23.39 23.43 23.47 23.52 23.55 23.58 23.61 23.63 23.66 23.68 23.7 23.72 23.75 23.78 23.82 23.85 23.87 23.9 23.91 23.93 23.94 23.96 23.98 24 24.01 24.03 24.04 24.06 24.09 24.12 24.13 24.13 24.14 24.14 24.15 24.15 24.15 24.15 24.15
23.79 23.79 23.78 23.76 23.74 23.73 23.72 23.72 23.71 23.7 23.69 23.68 23.66 23.65 23.64 23.63 23.61 23.59 23.58 23.57 23.56 23.54 23.52 23.51 23.49 23.48 23.46 23.45 23.43 23.4 23.38 23.35 23.32 23.31 23.32 23.34 23.36 23.38 23.41 23.44 23.48 23.52 23.55 23.58 23.61 23.63 23.66 23.68 23.7 23.72 23.75 23.78 23.81 23.85 23.87 23.9 23.91 23.93 23.94 23.96 23.99 24 24.02 24.03 24.04 24.07 24.11 24.13 24.14 24.14 24.14 24.14 24.14 24.14 24.15 24.15 -9999
23.79 23.79 23.79 23.77 23.76 23.75 23.73 23.72 23.71 23.7 23.69 23.68 23.67 23.66 23.65 23.63 23.62 23.61 23.6 23.58 23.57 23.55 23.52 23.51 23.49 23.47 23.46 23.44 23.42 23.4 23.38 23.34 23.32 23.31 23.32 23.33 23.34 23.37 23.41 23.44 23.48 23.51 23.54 23.57 23.61 23.63 23.66 23.68 23.7 23.72 23.75 23.78 23.81 23.85 23.87 23.9 23.92 23.93 23.94 23.96 23.99 24 24.02 24.03 24.05 24.08 24.11 24.13 24.13 24.13 24.14 24.14 24.14 24.14 24.14 -9999 -9999
23.79 23.79 23.79 23.79 23.78 23.77 23.74 23.73 23.71 23.7 23.69 23.68 23.68 23.67 23.65 23.64 23.63 23.62 23.61 23.6 23.57 23.55 23.53 23.51 23.5 23.48 23.46 23.44 23.42 23.39 23.36 23.34 23.33 23.33 23.32 23.3 23.31 23.35 23.38 23.4 23.45 23.49 23.52 23.55 23.59 23.62 23.65 23.68 23.7 23.72 23.75 23.78 23.82 23.86 23.88 23.91 23.92 23.93 23.94 23.97 23.98 24 24.02 24.04 24.06 24.09 24.12 24.13 24.13 24.13 24.14 24.14 24.14 24.14 -9999 -9999 -9999
23.79 23.79 23.79 23.79 23.79 23.77 23.74 23.73 23.71 23.7 23.68 23.68 23.68 23.67 23.66 23.65 23.64 23.63 23.62 23.6 23.58 23.56 23.53 23.52 23.51 23.5 23.48 23.46 23.43 23.38 23.36 23.36 23.38 23.38 23.34 23.28 23.27 23.29 23.31 23.33 23.38 23.44 23.47 23.51 23.56 23.6 23.63 23.66 23.7 23.73 23.75 23.78 23.81 23.85 23.89 23.92 23.93 23.94 23.95 23.97 23.99 24.01 24.03 24.06 24.09 24.11 24.12 24.12 24.13 24.13 24.13 24.13 24.14 -9999 -9999 -9999 -9999
23.79 23.79 23.79 23.79 23.79 23.77 23.75 23.73 23.71 23.7 23.68 23.68 23.68 23.68 23.67 23.66 23.65 23.64 23.63 23.61 23.59 23.56 23.54 23.53 23.52 23.5 23.48 23.45 23.42 23.38 23.36 23.39 23.42 23.41 23.35 23.27 23.25 23.25 23.26 23.25 23.28 23.33 23.37 23.43 23.49 23.54 23.59 23.64 23.68 23.72 23.74 23.77 23.8 23.85 23.89 23.92 23.94 23.95 23.96 23.98 24 24.03 24.06 24.09 24.11 24.11 24.12 24.12 24.12 24.13 24.13 24.13 -9999 -9999 -9999 -9999 -9999
23.79 23.79 23.79 23.79 23.79 23.76 23.74 23.73 23.71 23.7 23.69 23.68 23.69 23.68 23.68 23.67 23.66 23.66 23.64 23.62 23.6 23.57 23.56 23.54 23.51 23.48 23.45 23.42 23.39 23.36 23.35 23.39 23.42 23.39 23.31 23.25 23.28 23.36 23.39 23.36 23.31 23.29 23.29 23.33 23.41 23.48 23.54 23.59 23.64 23.68 23.72 23.76 23.8 23.85 23.89 23.92 23.94 23.96 23.98 24 24.02 24.05 24.07 24.1 24.11 24.11 24.11 24.12 24.12 24.12 24.13 -9999 -9999 -9999 -9999 -9999 -9999
23.79 23.79 23.79 23.79 23.78 23.76 23.74 23.73 23.71 23.71 23.7 23.69 23.7 23.7 23.69 23.68 23.67 23.67 23.65 23.63 23.6 23.57 23.55 23.53 23.49 23.45 23.4 23.36 23.33 23.32 23.33 23.37 23.37 23.3 23.21 23.22 23.34 23.49 23.59 23.58 23.52 23.45 23.37 23.33 23.39 23.47 23.52 23.55 23.59 23.65 23.7 23.75 23.8 23.85 23.89 23.93 23.95 23.97 24 24.02 24.04 24.07 24.08 24.1 24.1 24.11 24.11 24.11 24.12 -9999 -9999 -9999 -9999 -9999 -9999 -9999 -9999
23.79 23.79 23.79 23.79 23.78 23.76 23.74 23.73 23.71 23.71 23.7 23.7 23.71 23.71 23.7 23.69 23.68 23.66 23.64 23.61 23.57 23.55 23.53 23.5 23.45 23.39 23.36 23.33 23.34 23.35 23.36 23.38 23.33 23.23 23.17 23.26 23.43 23.58 23.67 23.7 23.7 23.65 23.54 23.44 23.46 23.51 23.54 23.56 23.59 23.64 23.69 23.74 23.8 23.85 23.9 23.94 23.96 23.99 24.01 24.04 24.06 24.08 24.09 24.09 24.1 24.1 24.11 24.11 24.11 -9999 -9999 -9999 -9999 -9999 -9999 -9999 -9999
23.79 23.79 23.79 23.79 23.78 23.76 23.75 23.73 23.71 23.71 23.71 23.71 23.72 23.72 23.71 23.69 23.68 23.65 23.62 23.59 23.54 23.51 23.49 23.44 23.38 23.34 23.33 23.34 23.36 23.4 23.42 23.41 23.36 23.26 23.22 23.33 23.51 23.63 23.7 23.75 23.77 23.75 23.68 23.57 23.55 23.58 23.61 23.63 23.65 23.67 23.69 23.73 23.79 23.85 23.9 23.94 23.97 24.01 24.03 24.05 24.07 24.08 24.09 24.09 24.09 24.1 24.1 -9999 -9999 -9999 -9999 -9999 -9999 -9999 -9999 -9999 -9999
23.79 23.79 23.79 23.79 23.79 23.77 23.76 23.75 23.72 23.71 23.71 23.72 23.73 23.72 23.71 23.69 23.66 23.63 23.6 23.56 23.53 23.49 23.43 23.36 23.3 23.28 23.28 23.28 23.3 23.36 23.41 23.43 23.41 23.35 23.31 23.37 23.52 23.64 23.71 23.77 23.79 23.79 23.71 23.61 23.57 23.6 23.66 23.7 23.71 23.7 23.69 23.72 23.77 23.84 23.9 23.94 23.98 24.02 24.05 24.06 24.07 24.08 24.08 24.09 24.09 24.09 -9999 -9999 -9999 -9999 -9999 -9999 -9999 -9999 -9999 -9999 -9999
23.79 23.79 23.79 23.79 23.79 23.79 23.78 23.77 23.74 23.73 23.73 23.73 23.74 23.73 23.7 23.68 23.65 23.62 23.59 23.56 23.52 23.46 23.37 23.27 23.21 23.19 23.19 23.16 23.15 23.21 23.33 23.4 23.42 23.42 23.39 23.38 23.5 23.63 23.71 23.78 23.82 23.79 23.7 23.62 23.57 23.58 23.66 23.73 23.74 23.71 23.69 23.71 23.76 23.83 23.89 23.93 23.98 24.03 24.05 24.06 24.07 24.07 24.08 24.08 24.09 -9999 -9999 -9999 -9999 -9999 -9999 -9999 -9999 -9999 -9999 -9999 -9999
-9999 23.79 23.79 23.79 23.79 23.79 23.79 23.79 23.78 23.77 23.76 23.76 23.76 23.74 23.71 23.68 23.65 23.62 23.58 23.55 23.5 23.43 23.33 23.2 23.12 23.12 23.14 23.13 23.11 23.11 23.21 23.32 23.39 23.45 23.46 23.41 23.47 23.61 23.71 23.79 23.85 23.84 23.8 23.77 23.69 23.63 23.68 23.75 23.76 23.73 23.71 23.72 23.76 23.83 23.89 23.94 23.99 24.04 24.05 24.06 24.06 24.07 24.07 24.08 -9999 -9999 -9999 -9999 -9999 -9999 -9999 -9999 -9999 -9999 -9999 -9999 -9999
-9999 -9999 23.79 23.79 23.79 23.79 23.79 23.79 23.79 23.79 23.79 23.79 23.79 23.77 23.73 23.69 23.65 23.61 23.57 23.52 23.45 23.35 23.21 23.08 23.05 23.09 23.14 23.17 23.16 23.12 23.11 23.19 23.28 23.41 23.5 23.46 23.46 23.58 23.69 23.76 23.86 23.9 23.91 23.91 23.86 23.76 23.74 23.78 23.8 23.77 23.73 23.73 23.76 23.83 23.89 23.96 24.01 24.04 24.05 24.05 24.06 24.07 24.07 -9999 -9999 -9999 -9999 -9999 -9999 -9999 -9999 -9999 -9999 -9999 -9999 -9999 -9999
-9999 -9999 -9999 23.79 23.79 23.79 23.79 23.79 23.8 23.8 23.8 23.8 23.8 23.79 23.75 23.72 23.67 23.63 23.58 23.51 23.4 23.26 23.1 23.04 23.1 23.14 23.16 23.2 23.25 23.27 23.27 23.21 23.23 23.35 23.49 23.56 23.59 23.66 23.73 23.77 23.85 23.91 23.93 23.94 23.92 23.85 23.81 23.83 23.83 23.79 23.75 23.74 23.77 23.83 23.92 23.99 24.03 24.04 24.04 24.05 24.05 24.06 -9999 -9999 -9999 -9999 -9999 -9999 -9999 -9999 -9999 -9999 -9999 -9999 -9999 -9999 -9999
-9999 -9999 -9999 -9999 23.79 23.8 23.8 23.8 23.8 23.8 23.8 23.8 23.8 23.8 23.79 23.76 23.73 23.69 23.64 23.54 23.39 23.19 23.11 23.26 23.45 23.52 23.54 23.54 23.56 23.6 23.61 23.52 23.39 23.38 23.46 23.59 23.69 23.79 23.86 23.87 23.9 23.92 23.93 23.94 23.94 23.92 23.9 23.88 23.84 23.79 23.76 23.76 23.79 23.86 23.95 24.01 24.03 24.04 24.04 24.05 24.05 -9999 -9999 -9999 -9999 -9999 -9999 -9999 -9999 -9999 -9999 -9999 -9999 -9999 -9999 -9999 -9999
-9999 -9999 -9999 -9999 -9999 23.8 23.8 23.8 23.8 23.8 23.8 23.8 23.8 23.8 23.8 23.79 23.79 23.77 23.71 23.59 23.37 23.19 23.3 23.58 23.75 23.78 23.79 23.79 23.8 23.81 23.81 23.75 23.58 23.48 23.45 23.54 23.67 23.79 23.88 23.91 23.92 23.92 23.93 23.94 23.95 23.95 23.94 23.91 23.84 23.78 23.76 23.78 23.83 23.9 23.97 24.01 24.03 24.03 24.04 24.04 24.05 -9999 -9999 -9999 -9999 -9999 -9999 -9999 -9999 -9999 -9999 -9999 -9999 -9999 -9999 -9999 -9999
-9999 -9999 -9999 -9999 -9999 -9999 23.8 23.8 23.8 23.8 23.8 23.8 23.8 23.8 23.8 23.8 23.81 23.8 23.77 23.69 23.53 23.31 23.54 23.76 23.82 23.83 23.84 23.84 23.84 23.85 23.85 23.81 23.69 23.56 23.44 23.45 23.55 23.69 23.81 23.9 23.92 23.92 23.93 23.94 23.95 23.96 23.96 23.94 23.86 23.8 23.79 23.81 23.85 23.93 23.99 24.02 24.02 24.03 24.03 24.04 24.04 -9999 -9999 -9999 -9999 -9999 -9999 -9999 -9999 -9999 -9999 -9999 -9999 -9999 -9999 -9999 -9999
-9999 -9999 -9999 -9999 -9999 -9999 -9999 -9999 23.8 23.8 23.8 23.8 23.8 23.8 23.8 23.81 23.81 23.81 23.81 23.8 23.76 23.56 23.72 23.81 23.83 23.83 23.84 23.84 23.84 23.85 23.85 23.83 23.72 23.58 23.43 23.38 23.45 23.58 23.72 23.88 23.92 23.92 23.93 23.94 23.95 23.95 23.96 23.96 23.93 23.87 23.85 23.84 23.88 23.95 24 24.02 24.02 24.03 24.03 24.04 -9999 -9999 -9999 -9999 -9999 -9999 -9999 -9999 -9999 -9999 -9999 -9999 -9999 -9999 -9999 -9999 -9999
