ASPA-UH-SWB2_REPO/input/Gridded_temps/prism_tmax_tutuila_30yr_normal_07.asc
ncols         350
nrows         200
xllcorner     515000
yllcorner     8409000
cellsize      100
NODATA_value  -9999
[rows 35 to 69 of 200, columns 154 to 230 of 350]
-9999 -9999 -9999 -9999 -9999 -9999 -9999 -9999 -9999 -9999 -9999 -9999 -9999 -9999 -9999 -9999 -9999 -9999 -9999 -9999 -9999 -9999 -9999 -9999 -9999 -9999 -9999 -9999 -9999 -9999 29.2 29.2 29.2 29.2 29.2 29.2 29.2 29.2 29.2 29.2 29.2 29.2 29.2 29.19 29.13 28.94 28.44 28.11 28.43 28.84 29.1 29.2 29.21 29.21 29.21 29.21 29.21 29.21 29.21 29.21 29.21 29.21 29.21 29.21 29.21 -9999 -9999 -9999 -9999 29.21 29.21 -9999 -9999 -9999 -9999 -9999 -9999
-9999 -9999 -9999 -9999 -9999 -9999 -9999 -9999 -9999 -9999 -9999 -9999 -9999 -9999 -9999 -9999 -9999 -9999 -9999 -9999 -9999 -9999 -9999 -9999 -9999 -9999 -9999 -9999 -9999 -9999 29.2 29.2 29.2 29.2 29.2 29.2 29.2 29.2 29.2 29.2 29.2 29.2 29.19 29.14 28.93 28.54 28.31 28.23 28.58 28.99 29.16 29.21 29.21 29.21 29.21 29.21 29.21 29.21 29.21 29.21 29.21 29.21 29.21 29.21 29.21 29.21 -9999 -9999 29.21 29.21 29.21 29.21 -9999 -9999 -9999 -9999 -9999
-9999 -9999 -9999 -9999 -9999 -9999 -9999 -9999 -9999 -9999 -9999 -9999 -9999 -9999 -9999 -9999 -9999 -9999 -9999 -9999 -9999 -9999 -9999 -9999 -9999 -9999 -9999 -9999 -9999 29.2 29.2 29.2 29.2 29.2 29.2 29.2 29.2 29.19 29.16 29.16 29.17 29.15 29.12 29.03 28.86 28.8 28.79 28.81 28.94 29.12 29.19 29.21 29.21 29.21 29.21 29.21 29.21 29.21 29.21 29.21 29.21 29.21 29.21 29.21 29.21 29.21 -9999 29.21 29.21 29.21 29.21 29.21 29.21 -9999 -9999 -9999 -9999
-9999 -9999 -9999 -9999 -9999 -9999 -9999 -9999 -9999 -9999 -9999 -9999 -9999 -9999 -9999 -9999 -9999 -9999 -9999 -9999 -9999 -9999 -9999 -9999 -9999 29.2 29.2 -9999 29.2 29.2 29.2 29.2 29.2 29.2 29.2 29.2 29.2 29.15 29 28.96 29 28.87 28.74 28.72 28.94 29.07 29.1 29.12 29.15 29.19 29.2 29.2 29.2 29.21 29.21 29.21 29.21 29.21 29.21 29.21 29.21 29.19 29.2 29.21 29.21 29.21 29.21 29.21 29.21 29.21 29.21 29.21 29.21 29.21 -9999 -9999 29.21
-9999 -9999 -9999 -9999 -9999 -9999 -9999 -9999 -9999 -9999 -9999 -9999 -9999 -9999 -9999 -9999 -9999 -9999 -9999 -9999 -9999 -9999 -9999 -9999 29.19 29.19 29.19 29.19 29.19 29.2 29.2 29.2 29.19 29.18 29.18 29.2 29.19 29.09 28.81 28.61 28.53 28.43 28.13 28.34 28.83 29.09 29.17 29.19 29.2 29.2 29.2 29.2 29.2 29.2 29.2 29.2 29.2 29.21 29.21 29.2 29.17 29.12 29.17 29.2 29.21 29.21 29.21 29.21 29.21 29.21 29.21 29.21 29.21 29.21 29.21 29.21 29.21
-9999 -9999 -9999 -9999 -9999 -9999 -9999 -9999 -9999 -9999 -9999 -9999 -9999 -9999 -9999 -9999 -9999 -9999 -9999 -9999 -9999 -9999 -9999 29.19 29.19 29.19 29.19 29.19 29.19 29.19 29.19 29.17 29.12 29.07 29.1 29.16 29.15 29.05 28.74 28.35 28.07 27.94 27.79 28.11 28.68 29.07 29.17 29.2 29.2 29.2 29.2 29.2 29.2 29.19 29.16 29.1 29.09 29.15 29.17 29.11 29.03 28.98 29.13 29.2 29.21 29.21 29.21 29.21 29.21 29.21 29.21 29.21 29.21 29.21 29.21 29.21 29.21
-9999 -9999 -9999 -9999 -9999 -9999 -9999 -9999 -9999 -9999 -9999 -9999 -9999 -9999 -9999 -9999 -9999 -9999 -9999 -9999 -9999 -9999 29.19 29.19 29.19 29.19 29.19 29.19 29.19 29.19 29.16 29.09 28.93 28.81 28.89 29.01 28.96 28.84 28.61 28.14 27.81 27.94 28.12 28.43 28.87 29.12 29.18 29.2 29.2 29.2 29.2 29.2 29.19 29.15 29.02 28.83 28.81 28.98 29.01 28.85 28.73 28.81 29.1 29.19 29.21 29.21 29.21 29.21 29.21 29.19 29.17 29.2 29.21 29.21 29.21 29.21 29.21
-9999 -9999 -9999 -9999 -9999 -9999 -9999 -9999 -9999 -9999 -9999 -9999 -9999 -9999 -9999 -9999 -9999 29.19 29.19 29.19 29.19 29.19 29.19 29.19 29.19 29.19 29.19 29.19 29.19 29.18 29.12 28.94 28.7 28.55 28.63 28.78 28.62 28.35 28.19 27.93 27.91 28.32 28.67 28.9 29.09 29.16 29.19 29.2 29.2 29.2 29.2 29.19 29.15 29.05 28.8 28.53 28.57 28.74 28.64 28.45 28.44 28.73 29.09 29.19 29.21 29.21 29.21 29.21 29.19 29.11 29.05 29.17 29.21 29.21 29.21 29.21 29.21
-9999 -9999 -9999 -9999 -9999 -9999 -9999 -9999 -9999 -9999 -9999 -9999 -9999 -9999 -9999 29.18 29.19 29.19 29.19 29.19 29.19 29.19 29.19 29.19 29.19 29.19 29.18 29.19 29.19 29.18 29.13 28.94 28.62 28.38 28.4 28.55 28.34 27.86 27.67 27.78 28.03 28.46 28.83 29.06 29.14 29.17 29.19 29.2 29.2 29.2 29.2 29.16 29.03 28.8 28.54 28.27 28.3 28.41 28.23 28.12 28.3 28.71 29.06 29.19 29.21 29.21 29.19 29.17 29.14 29.03 29.01 29.17 29.21 29.21 29.21 29.21 29.21
-9999 -9999 -9999 -9999 -9999 -9999 -9999 -9999 -9999 -9999 -9999 -9999 -9999 -9999 29.18 29.18 29.18 29.18 29.18 29.18 29.18 29.18 29.18 29.19 29.18 29.16 29.12 29.16 29.19 29.19 29.17 29.07 28.75 28.35 28.2 28.33 28.2 27.84 27.8 28.06 28.35 28.61 28.83 29.07 29.15 29.17 29.17 29.19 29.19 29.19 29.18 29.1 28.85 28.53 28.27 28.02 27.98 28.02 27.92 27.95 28.29 28.72 29.04 29.18 29.21 29.18 29.09 28.99 28.97 29 29.12 29.2 29.21 29.21 29.21 29.21 29.21
-9999 -9999 -9999 -9999 -9999 -9999 -9999 -9999 -9999 -9999 -9999 -9999 -9999 29.18 29.18 29.18 29.18 29.18 29.18 29.18 29.18 29.18 29.18 29.18 29.17 29.09 28.86 29.03 29.15 29.19 29.19 29.14 28.92 28.4 28.05 28.07 28.06 28.08 28.24 28.4 28.51 28.59 28.73 29.03 29.13 29.12 29.12 29.15 29.16 29.18 29.16 29.08 28.84 28.57 28.27 27.91 27.69 27.66 27.67 27.91 28.35 28.75 29.01 29.16 29.19 29.13 28.91 28.68 28.76 29.01 29.17 29.21 29.21 29.21 29.21 29.21 29.21
-9999 -9999 -9999 -9999 -9999 -9999 -9999 -9999 -9999 -9999 -9999 -9999 -9999 29.18 29.18 29.18 29.18 29.18 29.17 29.17 29.17 29.17 29.15 29.14 29.13 29 28.65 28.79 29.07 29.16 29.18 29.14 28.91 28.37 27.92 27.85 27.94 28.09 28.26 28.31 28.29 28.33 28.6 28.97 29.03 28.95 29 29.06 29.09 29.15 29.16 29.11 28.96 28.74 28.41 27.96 27.55 27.36 27.44 27.88 28.36 28.7 28.89 29.07 29.15 29.06 28.77 28.51 28.7 29.06 29.19 29.21 29.21 29.21 29.21 29.21 29.21
-9999 -9999 -9999 -9999 -9999 -9999 -9999 -9999 -9999 -9999 -9999 -9999 29.18 29.18 29.18 29.18 29.18 29.16 29.1 29.1 29.1 29.08 28.94 28.94 28.98 28.67 28.44 28.48 28.8 29.06 29.12 29.09 28.75 28.25 27.86 27.71 27.8 27.98 28.07 27.99 27.99 28.21 28.63 28.91 28.8 28.64 28.86 28.93 28.98 29.11 29.14 29.11 29.02 28.81 28.5 28.13 27.67 27.3 27.29 27.68 28.12 28.42 28.68 28.95 29.08 28.97 28.66 28.5 28.77 29.08 29.2 29.21 29.21 29.21 29.21 29.21 29.21
-9999 -9999 -9999 -9999 -9999 -9999 -9999 -9999 -9999 -9999 -9999 29.18 29.18 29.18 29.18 29.18 29.16 29.06 28.64 28.63 28.66 28.69 28.57 28.58 28.74 28.37 28.13 28.11 28.36 28.74 28.86 28.81 28.61 28.29 28.05 27.84 27.84 27.91 27.89 27.76 27.82 28.12 28.56 28.77 28.47 28.4 28.74 28.74 28.81 29.03 29.09 29.04 28.98 28.84 28.61 28.27 27.75 27.27 27.17 27.41 27.73 28.14 28.55 28.88 29 28.88 28.55 28.42 28.71 29.06 29.19 29.21 29.21 29.21 29.21 29.21 29.21
-9999 -9999 -9999 -9999 -9999 -9999 -9999 29.17 -9999 -9999 29.17 29.17 29.17 29.17 29.17 29.17 29.17 29.08 28.61 28.23 28.24 28.38 28.41 28.39 28.49 28.23 27.89 27.86 27.92 28.23 28.36 28.23 28.23 28.23 28.05 27.85 27.79 27.78 27.7 27.6 27.66 27.92 28.42 28.5 28.11 28.22 28.57 28.53 28.63 28.91 28.99 28.91 28.87 28.77 28.58 28.33 27.87 27.36 27.11 27.21 27.51 28.06 28.54 28.81 28.84 28.67 28.38 28.38 28.77 29.1 29.2 29.21 29.21 29.19 29.17 29.17 29.17
-9999 -9999 -9999 -9999 -9999 -9999 29.17 29.17 29.17 29.17 29.17 29.17 29.17 29.17 29.17 29.17 29.17 29.07 28.58 28.14 28.03 28.11 28.19 28.19 28.24 28.05 27.73 27.69 27.7 27.9 28 27.82 27.79 27.84 27.74 27.69 27.63 27.57 27.47 27.41 27.54 27.84 28.24 28.17 27.85 27.99 28.31 28.31 28.43 28.72 28.84 28.79 28.69 28.57 28.24 28.01 27.69 27.26 26.93 27 27.38 27.98 28.48 28.63 28.57 28.32 28.11 28.35 28.81 29.12 29.2 29.21 29.2 29.11 28.99 28.92 28.95
-9999 -9999 -9999 -9999 -9999 29.17 29.17 29.17 29.17 29.17 29.17 29.17 29.17 29.17 29.17 29.17 29.12 28.89 28.33 28.01 27.91 27.89 27.94 27.98 28.01 27.9 27.59 27.53 27.55 27.65 27.74 27.58 27.49 27.55 27.54 27.53 27.44 27.32 27.19 27.22 27.45 27.73 28 27.81 27.64 27.78 27.95 28.06 28.21 28.42 28.53 28.62 28.48 28.36 27.9 27.52 27.3 27.03 26.79 26.93 27.28 27.87 28.31 28.27 28.18 27.9 27.86 28.27 28.79 29.12 29.2 29.2 29.18 29.05 28.73 28.53 28.62
-9999 -9999 -9999 -9999 29.17 29.17 29.17 29.17 29.17 29.17 29.17 29.17 29.17 29.17 29.17 29.16 29.08 28.54 28.04 27.86 27.78 27.69 27.67 27.75 27.84 27.75 27.51 27.4 27.42 27.46 27.54 27.42 27.25 27.29 27.38 27.36 27.27 27.11 26.99 27.15 27.41 27.64 27.71 27.51 27.4 27.51 27.6 27.76 27.88 27.98 28.08 28.38 28.2 27.85 27.51 27.18 26.99 26.77 26.75 26.98 27.21 27.45 27.7 27.7 27.64 27.53 27.77 28.3 28.8 29.11 29.19 29.2 29.18 29.08 28.84 28.57 28.39
-9999 -9999 -9999 -9999 29.17 29.17 29.17 29.17 29.17 29.17 29.17 29.17 29.17 29.17 29.17 29.14 29.04 28.33 27.8 27.73 27.67 27.55 27.47 27.53 27.68 27.63 27.47 27.32 27.3 27.3 27.37 27.31 27.09 27.1 27.25 27.21 27.11 26.99 26.88 27.08 27.33 27.52 27.52 27.28 27.16 27.29 27.45 27.56 27.57 27.58 27.6 27.95 27.87 27.35 27.11 27.02 26.88 26.67 26.71 26.88 27.02 27.14 27.13 27.06 27.1 27.46 27.99 28.46 28.86 29.1 29.18 29.19 29.17 29.07 28.86 28.58 28.2
-9999 -9999 -9999 29.16 29.16 29.16 29.16 29.16 29.16 29.15 29.14 29.15 29.16 29.16 29.15 29.08 28.85 28.2 27.67 27.59 27.56 27.46 27.38 27.35 27.49 27.5 27.4 27.27 27.18 27.14 27.16 27.17 26.98 26.94 27.13 27.11 26.96 26.85 26.78 27 27.23 27.37 27.33 27.13 27.01 27.19 27.33 27.37 27.32 27.24 27.21 27.52 27.5 27.09 26.84 26.8 26.77 26.6 26.61 26.7 26.83 26.92 26.83 26.81 27.09 27.65 28.18 28.58 28.91 29.1 29.16 29.17 29.15 29.08 28.9 28.57 28.08
-9999 29.16 29.16 29.16 29.16 29.16 29.14 29.11 29.12 29.11 29.04 29.09 29.15 29.16 29.12 28.9 28.46 28.08 27.63 27.49 27.46 27.38 27.31 27.22 27.32 27.36 27.27 27.18 27.08 26.95 26.91 26.98 26.87 26.76 26.95 27.01 26.84 26.67 26.69 26.91 27.08 27.16 27.13 27.02 26.89 27.05 27.13 27.11 27.08 26.92 26.94 27.19 27.22 26.92 26.64 26.61 26.64 26.48 26.41 26.47 26.61 26.7 26.59 26.71 27.16 27.77 28.27 28.63 28.89 29.05 29.13 29.13 29.06 28.97 28.82 28.52 27.99
29.16 29.16 29.16 29.16 29.16 29.15 29.06 28.92 28.92 29.01 28.89 29 29.11 29.11 29.05 28.58 28.09 27.85 27.57 27.43 27.37 27.28 27.23 27.14 27.18 27.22 27.12 27.04 26.99 26.82 26.72 26.84 26.78 26.6 26.73 26.8 26.6 26.48 26.57 26.74 26.84 26.91 26.91 26.87 26.71 26.83 26.94 26.89 26.88 26.74 26.77 26.9 26.95 26.78 26.52 26.43 26.47 26.34 26.27 26.34 26.41 26.43 26.39 26.65 27.2 27.81 28.28 28.6 28.81 28.94 29.07 29.1 29.01 28.84 28.62 28.39 28.01
29.15 29.15 29.15 29.15 29.15 29.13 28.99 28.74 28.6 28.73 28.73 28.84 28.89 28.73 28.46 28.02 27.66 27.59 27.4 27.26 27.24 27.17 27.12 27.06 27.03 27.09 26.98 26.88 26.85 26.76 26.64 26.73 26.67 26.45 26.48 26.55 26.27 26.13 26.32 26.51 26.67 26.8 26.82 26.74 26.63 26.66 26.76 26.71 26.69 26.58 26.52 26.58 26.66 26.51 26.34 26.31 26.39 26.39 26.47 26.55 26.43 26.38 26.4 26.67 27.27 27.82 28.18 28.45 28.61 28.72 28.88 29 29.03 28.91 28.72 28.51 28.31
29.15 29.15 29.15 29.15 29.15 29.13 29.02 28.75 28.5 28.41 28.4 28.41 28.32 28.08 27.81 27.5 27.28 27.37 27.26 27.05 27.02 27.03 26.96 26.92 26.83 26.86 26.79 26.68 26.62 26.53 26.44 26.56 26.49 26.17 26.13 26.21 26.23 26.31 26.61 26.96 27.22 27.37 27.41 27.38 27.14 26.88 26.69 26.52 26.5 26.4 26.27 26.27 26.35 26.31 26.37 26.64 26.86 26.96 27.01 27.15 27.04 26.79 26.67 26.66 27.19 27.66 27.93 28.12 28.22 28.31 28.57 28.83 28.98 28.97 28.84 28.68 28.48
29.15 29.15 29.15 29.15 29.14 29.11 28.99 28.69 28.43 28.2 28.01 27.94 27.84 27.61 27.41 27.23 27.07 27.13 27.13 26.91 26.82 26.84 26.75 26.72 26.6 26.57 26.55 26.41 26.27 26.14 26.11 26.22 26.18 25.87 26.1 26.46 26.76 26.98 27.38 27.78 27.99 28.11 28.11 28.14 27.93 27.69 27.4 27.16 26.99 26.63 26.24 26.16 26.27 26.47 26.66 27.17 27.57 27.69 27.69 27.86 27.81 27.58 27.18 26.94 27.07 27.28 27.49 27.64 27.78 27.98 28.37 28.68 28.9 28.89 28.68 28.51 28.29
29.15 29.15 29.15 29.14 29.11 28.98 28.8 28.56 28.33 28.09 27.85 27.67 27.51 27.31 27.14 27.09 26.99 26.98 26.95 26.78 26.69 26.71 26.7 26.62 26.5 26.38 26.36 26.36 26.34 26.3 26.24 26.12 25.96 26.16 26.61 27.12 27.46 27.71 27.99 28.28 28.47 28.56 28.54 28.55 28.43 28.29 28.13 27.96 27.75 27.4 26.85 26.39 26.48 26.77 27.05 27.58 28.1 28.25 28.27 28.33 28.27 28.13 27.8 27.62 27.48 27.27 27.2 27.38 27.72 28.1 28.42 28.67 28.84 28.78 28.46 28.17 27.95
29.14 29.14 29.12 29.07 29.04 28.85 28.6 28.4 28.19 27.97 27.72 27.51 27.32 27.22 27.31 27.52 27.68 27.59 27.31 27.01 27.1 27.37 27.57 27.44 27.1 26.8 26.74 26.72 26.75 26.78 26.74 26.56 26.47 26.79 27.18 27.62 28.07 28.28 28.43 28.66 28.8 28.88 28.89 28.87 28.79 28.68 28.56 28.43 28.25 28.01 27.54 27.07 26.89 27.3 27.64 27.94 28.37 28.58 28.64 28.65 28.58 28.45 28.28 28.16 28.01 27.81 27.58 27.51 27.75 28.02 28.23 28.5 28.73 28.75 28.47 28.06 27.82
29.14 29.12 29.02 28.84 28.77 28.69 28.47 28.24 27.99 27.78 27.6 27.47 27.41 27.62 28 28.17 28.2 28.16 27.99 27.69 27.78 28.06 28.22 28.14 27.74 27.45 27.5 27.35 27.36 27.5 27.51 27.34 27.24 27.58 27.89 28.11 28.47 28.66 28.79 28.94 29.03 29.07 29.09 29.09 29.05 28.97 28.86 28.74 28.58 28.36 28.12 27.9 27.74 27.93 28.29 28.45 28.67 28.82 28.88 28.87 28.81 28.71 28.58 28.46 28.34 28.16 27.93 27.66 27.49 27.65 27.88 28.19 28.53 28.69 28.61 28.32 28.1
29.13 29.08 28.92 28.7 28.54 28.49 28.37 28.1 27.8 27.58 27.62 27.82 27.99 28.16 28.37 28.49 28.52 28.48 28.42 28.34 28.38 28.5 28.55 28.47 28.14 28.13 28.22 28.13 28.11 28.18 28.23 28.15 28.07 28.22 28.4 28.56 28.82 28.94 29.04 29.1 29.13 29.14 29.15 29.15 29.14 29.11 29.06 28.99 28.86 28.72 28.58 28.48 28.41 28.45 28.67 28.8 28.92 29.01 29.04 29.03 28.96 28.87 28.77 28.65 28.51 28.33 28.07 27.77 27.19 27.07 27.46 27.9 28.25 28.52 28.59 28.54 28.37
29.11 29.01 28.81 28.62 28.44 28.31 28.2 28 27.68 27.59 27.91 28.25 28.38 28.46 28.6 28.69 28.73 28.73 28.75 28.76 28.75 28.78 28.79 28.75 28.61 28.62 28.62 28.59 28.61 28.63 28.64 28.63 28.63 28.69 28.76 28.91 29.04 29.1 29.13 29.15 29.16 29.16 29.16 29.16 29.16 29.16 29.15 29.12 29.07 29 28.92 28.84 28.8 28.8 28.93 29.03 29.08 29.11 29.12 29.1 29.05 28.94 28.84 28.7 28.52 28.31 27.98 27.53 26.67 26.24 26.83 27.48 27.95 28.32 28.4 28.44 28.42
29.06 28.92 28.73 28.56 28.37 28.15 27.98 27.86 27.61 27.72 28.17 28.47 28.6 28.68 28.78 28.85 28.9 28.93 28.95 28.97 28.97 28.97 28.98 28.97 28.94 28.92 28.9 28.9 28.91 28.91 28.91 28.93 28.94 28.96 28.99 29.08 29.12 29.14 29.15 29.15 29.15 29.16 29.16 29.16 29.16 29.16 29.16 29.16 29.15 29.14 29.11 29.08 29.06 29.07 29.1 29.14 29.15 29.15 29.14 29.13 29.06 28.91 28.79 28.59 28.33 28.12 27.87 27.24 26.24 25.92 26.55 27.23 27.83 28.09 28.1 28.21 28.21
28.91 28.76 28.62 28.46 28.3 28.08 27.81 27.66 27.53 27.83 28.29 28.58 28.75 28.86 28.94 28.98 29.02 29.04 29.05 29.07 29.08 29.08 29.09 29.09 29.08 29.08 29.06 29.06 29.06 29.06 29.06 29.07 29.08 29.09 29.1 29.13 29.15 29.15 29.15 29.15 29.15 29.15 29.16 29.16 29.16 29.16 29.16 29.16 29.16 29.16 29.16 29.16 29.15 29.15 29.16 29.17 29.17 29.16 29.15 29.13 29.04 28.87 28.68 28.35 27.97 27.7 27.51 26.96 26.11 25.81 26.44 27.1 27.51 27.65 27.7 27.84 27.91
28.74 28.6 28.49 28.33 28.16 27.98 27.7 27.46 27.43 27.85 28.32 28.63 28.84 28.97 29.04 29.06 29.08 29.09 29.09 29.1 29.11 29.12 29.12 29.13 29.13 29.13 29.12 29.12 29.12 29.12 29.12 29.12 29.12 29.13 29.14 29.14 29.14 29.15 29.15 29.15 29.15 29.15 29.15 29.15 29.16 29.16 29.16 29.16 29.16 29.16 29.16 29.17 29.17 29.17 29.17 29.17 29.17 29.17 29.15 29.07 28.84 28.6 28.39 27.96 27.61 27.22 26.86 26.39 25.87 25.85 26.37 26.82 26.88 26.97 27.18 27.47 27.71
28.65 28.46 28.3 28.16 28 27.8 27.57 27.34 27.39 27.84 28.32 28.67 28.9 29.02 29.07 29.08 29.08 29.09 29.1 29.11 29.11 29.12 29.12 29.12 29.12 29.13 29.13 29.13 29.13 29.13 29.13 29.13 29.13 29.14 29.14 29.14 29.14 29.14 29.14 29.15 29.15 29.15 29.15 29.15 29.15 29.16 29.16 29.16 29.16 29.16 29.16 29.16 29.16 29.17 29.17 29.17 29.17 29.17 29.12 28.92 28.51 28.17 27.97 27.56 27.15 26.67 26.27 26.03 25.87 25.92 26.24 26.38 26.29 26.56 26.98 27.37 27.63
28.52 28.37 28.15 27.94 27.8 27.64 27.41 27.21 27.42 27.93 28.4 28.73 28.94 29.04 29.08 29.07 29.06 29.04 29.04 29.06 29.09 29.1 29.1 29.1 29.11 29.12 29.12 29.12 29.13 29.13 29.13 29.13 29.13 29.13 29.13 29.14 29.14 29.14 29.14 29.14 29.14 29.15 29.15 29.15 29.15 29.15 29.15 29.16 29.16 29.16 29.16 29.16 29.16 29.16 29.17 29.17 29.17 29.16 29.06 28.71 28.33 28.01 27.74 27.41 27 26.54 26.27 26.36 26.44 26.3 26.12 26.08 26.17 26.7 27.16 27.39 27.51
