ASPA-UH-SWB2_REPO/input/Gridded_temps/prism_tmax_tutuila_30yr_normal_05.asc
ncols         350
nrows         200
xllcorner     515000
yllcorner     8409000
cellsize      100
NODATA_value  -9999
[rows 105 to 139 of 200, columns 0 to 76 of 350]
-9999 -9999 -9999 -9999 -9999 -9999 -9999 -9999 -9999 -9999 -9999 -9999 -9999 -9999 -9999 -9999 -9999 -9999 -9999 -9999 -9999 -9999 -9999 -9999 -9999 -9999 -9999 -9999 -9999 30.58 30.58 30.59 30.59 30.6 30.6 30.6 30.61 30.59 30.49 30.26 30.1 29.98 29.87 29.72 29.53 29.55 29.85 29.96 30.06 30.34 30.46 30.44 30.36 30.15 29.9 29.68 29.49 29.3 29.09 28.94 28.78 28.58 28.42 28.33 28.33 28.25 28.29 28.39 28.37 28.19 28.13 28.16 28.14 28.22 28.47 28.62 28.65
-9999 -9999 -9999 -9999 -9999 -9999 -9999 -9999 -9999 -9999 -9999 -9999 -9999 -9999 -9999 -9999 -9999 -9999 -9999 -9999 -9999 -9999 -9999 -9999 -9999 -9999 -9999 -9999 30.58 30.58 30.59 30.59 30.59 30.6 30.6 30.6 30.59 30.55 30.46 30.25 30.05 29.92 29.82 29.72 29.57 29.46 29.55 29.6 29.75 30.14 30.32 30.35 30.36 30.32 30.22 30.09 29.91 29.68 29.49 29.36 29.16 28.94 28.76 28.57 28.56 28.48 28.42 28.48 28.5 28.31 28.29 28.28 28.15 28.22 28.42 28.51 28.57
-9999 -9999 -9999 -9999 -9999 -9999 -9999 -9999 -9999 -9999 -9999 -9999 -9999 -9999 -9999 -9999 -9999 -9999 -9999 -9999 -9999 -9999 -9999 -9999 -9999 -9999 -9999 30.58 30.58 30.59 30.59 30.59 30.6 30.59 30.55 30.54 30.52 30.41 30.38 30.35 30.26 30.13 30 29.79 29.57 29.38 29.31 29.32 29.56 29.95 30.06 30.12 30.16 30.17 30.14 30.13 30.08 29.95 29.84 29.73 29.53 29.29 29.07 28.7 28.72 28.72 28.71 28.7 28.64 28.5 28.47 28.33 28.14 28.13 28.24 28.33 28.46
-9999 -9999 -9999 -9999 -9999 -9999 -9999 -9999 -9999 -9999 -9999 -9999 -9999 -9999 -9999 -9999 -9999 -9999 -9999 -9999 -9999 -9999 -9999 -9999 -9999 -9999 30.58 30.58 30.59 30.59 30.59 30.59 30.55 30.49 30.39 30.4 30.44 30.29 30.21 30.25 30.22 30.18 30.1 29.92 29.65 29.4 29.24 29.19 29.37 29.67 29.79 29.87 29.86 29.78 29.76 29.88 29.99 29.98 29.91 29.85 29.75 29.45 29.15 28.87 28.88 28.91 28.89 28.83 28.75 28.65 28.5 28.28 28.12 28.08 28.11 28.16 28.28
-9999 -9999 -9999 -9999 -9999 -9999 -9999 -9999 -9999 -9999 -9999 -9999 -9999 -9999 -9999 -9999 -9999 -9999 -9999 -9999 -9999 -9999 -9999 -9999 -9999 30.58 30.58 30.58 30.59 30.59 30.58 30.53 30.39 30.26 30.21 30.28 30.38 30.27 30.11 30.07 30.09 30.12 30.06 29.97 29.84 29.56 29.34 29.17 29.16 29.36 29.53 29.63 29.55 29.35 29.32 29.53 29.73 29.78 29.63 29.59 29.66 29.46 29.2 29.04 29.02 29 28.92 28.82 28.72 28.58 28.4 28.22 28.1 28.08 28.08 28.09 28.12
-9999 -9999 -9999 -9999 -9999 -9999 -9999 -9999 -9999 -9999 -9999 -9999 -9999 -9999 -9999 -9999 -9999 -9999 -9999 -9999 -9999 -9999 -9999 -9999 30.58 30.58 30.58 30.59 30.59 30.57 30.48 30.37 30.18 30.09 30.09 30.19 30.28 30.24 30.09 29.95 29.93 30.01 29.98 29.9 29.84 29.65 29.46 29.22 29.04 29.08 29.26 29.39 29.31 29.1 29.07 29.28 29.51 29.53 29.33 29.37 29.58 29.58 29.43 29.21 29.07 28.98 28.87 28.75 28.61 28.45 28.28 28.18 28.13 28.12 28.12 28.11 28.09
-9999 -9999 -9999 -9999 -9999 -9999 -9999 -9999 -9999 -9999 -9999 -9999 -9999 -9999 -9999 -9999 -9999 -9999 -9999 -9999 -9999 -9999 -9999 -9999 30.58 30.58 30.59 30.59 30.59 30.51 30.28 30.17 30.06 29.97 29.96 30.03 30.12 30.15 30.04 29.85 29.75 29.83 29.88 29.82 29.76 29.68 29.54 29.3 29.05 28.92 28.97 29.08 29.06 28.91 28.92 29.12 29.33 29.34 29.16 29.2 29.4 29.45 29.4 29.15 28.97 28.87 28.79 28.69 28.54 28.39 28.27 28.22 28.21 28.21 28.21 28.17 28.12
-9999 -9999 -9999 -9999 -9999 -9999 -9999 -9999 -9999 -9999 -9999 -9999 -9999 -9999 -9999 -9999 -9999 -9999 -9999 -9999 -9999 -9999 -9999 -9999 30.58 30.59 30.59 30.6 30.59 30.49 30.19 30.05 29.97 29.87 29.8 29.81 29.92 30.03 29.96 29.77 29.6 29.59 29.69 29.69 29.61 29.56 29.53 29.39 29.12 28.89 28.76 28.74 28.72 28.66 28.72 28.94 29.11 29.09 28.98 29.03 29.16 29.17 29.13 29.03 28.86 28.72 28.65 28.61 28.51 28.38 28.3 28.28 28.3 28.29 28.26 28.21 28.15
-9999 -9999 -9999 -9999 -9999 -9999 -9999 -9999 -9999 -9999 -9999 -9999 -9999 -9999 -9999 -9999 -9999 -9999 -9999 -9999 -9999 -9999 -9999 -9999 30.59 30.59 30.6 30.6 30.6 30.52 30.3 30.08 29.92 29.79 29.68 29.63 29.73 29.86 29.86 29.74 29.57 29.43 29.45 29.5 29.42 29.32 29.3 29.31 29.16 28.95 28.75 28.58 28.47 28.43 28.48 28.64 28.76 28.74 28.74 28.84 28.91 28.9 28.94 28.95 28.83 28.66 28.54 28.47 28.41 28.34 28.28 28.31 28.36 28.32 28.25 28.2 28.15
-9999 -9999 -9999 -9999 -9999 -9999 -9999 -9999 -9999 -9999 -9999 -9999 -9999 -9999 -9999 30.56 -9999 -9999 -9999 -9999 -9999 -9999 30.58 30.59 30.59 30.59 30.6 30.6 30.6 30.55 30.42 30.21 30 29.89 29.73 29.58 29.56 29.63 29.67 29.64 29.52 29.33 29.25 29.31 29.28 29.16 29.07 29.07 29.07 28.97 28.79 28.56 28.38 28.32 28.36 28.44 28.51 28.55 28.63 28.75 28.8 28.78 28.81 28.86 28.8 28.64 28.49 28.38 28.33 28.31 28.3 28.36 28.43 28.37 28.26 28.2 28.17
-9999 -9999 -9999 -9999 -9999 -9999 -9999 -9999 -9999 -9999 -9999 -9999 -9999 -9999 -9999 30.56 30.56 -9999 30.57 30.57 30.58 30.58 30.58 30.59 30.59 30.6 30.6 30.61 30.6 30.54 30.43 30.31 30.17 30.08 29.92 29.69 29.55 29.5 29.45 29.45 29.38 29.21 29.11 29.16 29.16 29.08 28.97 28.89 28.87 28.81 28.68 28.47 28.33 28.32 28.38 28.45 28.5 28.6 28.75 28.86 28.88 28.81 28.74 28.73 28.69 28.58 28.47 28.41 28.43 28.48 28.49 28.52 28.56 28.52 28.37 28.3 28.27
-9999 -9999 -9999 -9999 -9999 -9999 -9999 -9999 -9999 -9999 -9999 -9999 -9999 -9999 30.55 30.56 30.56 30.57 30.57 30.57 30.58 30.58 30.58 30.59 30.6 30.6 30.6 30.61 30.6 30.51 30.39 30.32 30.22 30.14 30.04 29.88 29.71 29.51 29.35 29.29 29.23 29.12 29.03 29.03 29.03 28.97 28.88 28.75 28.66 28.6 28.51 28.41 28.39 28.44 28.48 28.53 28.61 28.75 28.91 28.99 28.95 28.83 28.71 28.67 28.67 28.66 28.63 28.63 28.7 28.79 28.8 28.81 28.81 28.83 28.67 28.51 28.42
-9999 -9999 -9999 -9999 -9999 -9999 -9999 -9999 -9999 -9999 -9999 -9999 -9999 30.55 30.55 30.56 30.56 30.57 30.57 30.57 30.58 30.58 30.59 30.59 30.6 30.6 30.61 30.61 30.57 30.43 30.27 30.19 30.09 29.99 29.94 29.88 29.83 29.66 29.47 29.29 29.17 29.06 28.96 28.91 28.92 28.91 28.84 28.69 28.55 28.54 28.58 28.58 28.61 28.69 28.69 28.69 28.79 28.93 29.05 29.05 28.89 28.76 28.7 28.83 28.93 28.92 28.87 28.92 28.96 29.03 29.06 29.11 29.07 29.08 28.92 28.68 28.59
-9999 -9999 -9999 -9999 -9999 -9999 -9999 -9999 -9999 -9999 -9999 -9999 30.55 30.55 30.55 30.56 30.56 30.57 30.57 30.58 30.58 30.58 30.59 30.59 30.6 30.61 30.61 30.6 30.51 30.28 30.1 30.03 29.93 29.78 29.7 29.67 29.72 29.69 29.5 29.29 29.16 29.05 28.93 28.84 28.86 28.95 28.95 28.78 28.66 28.72 28.85 28.87 28.9 29.01 28.98 28.93 29.05 29.14 29.19 29.1 28.95 28.86 28.72 28.87 29.12 29.14 29.12 29.23 29.24 29.22 29.27 29.38 29.33 29.25 29.1 28.92 28.8
-9999 -9999 -9999 -9999 -9999 -9999 -9999 -9999 -9999 -9999 -9999 30.55 30.55 30.55 30.56 30.56 30.57 30.57 30.57 30.58 30.58 30.59 30.59 30.57 30.56 30.57 30.58 30.54 30.39 30.14 30 29.91 29.77 29.57 29.46 29.44 29.53 29.59 29.45 29.31 29.23 29.13 28.98 28.86 28.86 28.99 29.07 28.94 28.83 28.91 29.08 29.16 29.2 29.32 29.24 29.21 29.29 29.36 29.32 29.16 29.11 29.13 28.96 28.98 29.27 29.39 29.32 29.51 29.49 29.39 29.44 29.59 29.52 29.36 29.17 28.99 28.91
-9999 -9999 -9999 -9999 -9999 -9999 -9999 -9999 -9999 -9999 30.54 30.55 30.55 30.56 30.56 30.56 30.57 30.57 30.57 30.57 30.57 30.56 30.52 30.44 30.35 30.37 30.41 30.4 30.27 30.02 29.9 29.84 29.73 29.57 29.43 29.4 29.49 29.54 29.44 29.33 29.27 29.16 29.03 28.98 28.98 29.06 29.17 29.1 29.05 29.16 29.3 29.47 29.51 29.59 29.52 29.56 29.58 29.57 29.39 29.19 29.28 29.4 29.27 29.13 29.33 29.59 29.6 29.68 29.67 29.63 29.66 29.73 29.57 29.35 29.19 29.07 29.04
-9999 -9999 -9999 -9999 -9999 -9999 -9999 -9999 -9999 -9999 30.55 30.55 30.55 30.56 30.56 30.56 30.56 30.56 30.55 30.51 30.44 30.39 30.3 30.11 29.92 29.98 30.08 30.13 30.04 29.88 29.84 29.87 29.85 29.73 29.6 29.65 29.71 29.66 29.47 29.3 29.22 29.14 29.09 29.14 29.18 29.19 29.29 29.25 29.21 29.35 29.48 29.69 29.77 29.84 29.8 29.92 29.86 29.7 29.42 29.26 29.42 29.59 29.46 29.28 29.36 29.68 29.83 29.85 29.85 29.94 29.93 29.86 29.62 29.34 29.19 29.15 29.15
-9999 -9999 -9999 -9999 -9999 -9999 -9999 -9999 -9999 -9999 30.55 30.55 30.55 30.56 30.56 30.56 30.54 30.51 30.53 30.47 30.29 30.06 29.99 29.9 29.77 29.77 29.87 29.95 29.92 29.86 29.95 30.07 30.05 29.89 29.81 29.91 29.95 29.87 29.62 29.42 29.28 29.22 29.2 29.29 29.35 29.3 29.41 29.36 29.34 29.53 29.65 29.82 29.99 30.09 30.11 30.12 29.98 29.77 29.51 29.34 29.45 29.67 29.62 29.45 29.41 29.65 29.87 30.02 30.07 30.14 30.05 29.85 29.58 29.34 29.22 29.23 29.24
-9999 -9999 -9999 -9999 -9999 -9999 -9999 -9999 -9999 -9999 30.55 30.55 30.56 30.56 30.56 30.56 30.48 30.35 30.51 30.55 30.39 30.08 30.11 30.1 29.93 29.81 29.93 30.07 30.09 30.03 30.16 30.32 30.29 30.17 30.1 30.13 30.12 30.03 29.78 29.58 29.41 29.31 29.26 29.37 29.47 29.39 29.5 29.47 29.45 29.64 29.81 29.96 30.2 30.36 30.36 30.18 30 29.83 29.62 29.44 29.51 29.75 29.8 29.6 29.49 29.62 29.85 30.1 30.23 30.27 30.09 29.8 29.57 29.38 29.3 29.35 29.34
-9999 -9999 -9999 -9999 -9999 -9999 -9999 -9999 -9999 -9999 -9999 30.55 30.56 30.56 30.57 30.56 30.51 30.4 30.53 30.58 30.53 30.42 30.46 30.47 30.3 30.1 30.15 30.28 30.31 30.29 30.39 30.49 30.5 30.46 30.39 30.33 30.27 30.15 29.92 29.7 29.56 29.43 29.35 29.5 29.61 29.51 29.59 29.63 29.59 29.68 29.91 30.15 30.41 30.58 30.53 30.28 30.14 29.98 29.77 29.59 29.62 29.85 29.96 29.81 29.63 29.64 29.81 30.06 30.28 30.37 30.2 29.87 29.66 29.51 29.44 29.49 29.5
-9999 -9999 -9999 -9999 -9999 -9999 -9999 -9999 -9999 -9999 -9999 -9999 30.56 30.56 30.57 30.57 30.57 30.56 30.58 30.59 30.58 30.57 30.59 30.59 30.52 30.42 30.42 30.46 30.5 30.53 30.58 30.61 30.61 30.6 30.55 30.47 30.33 30.18 29.97 29.75 29.68 29.58 29.52 29.66 29.77 29.66 29.67 29.78 29.78 29.79 29.95 30.28 30.57 30.71 30.68 30.54 30.45 30.18 29.94 29.81 29.83 29.98 30.1 30.03 29.81 29.7 29.8 30.01 30.29 30.45 30.29 29.95 29.77 29.65 29.61 29.66 29.66
-9999 -9999 -9999 -9999 -9999 -9999 -9999 -9999 -9999 -9999 -9999 -9999 -9999 30.56 30.57 30.57 30.58 30.58 30.59 30.59 30.6 30.6 30.61 30.61 30.6 30.58 30.59 30.59 30.61 30.64 30.64 30.65 30.65 30.65 30.62 30.53 30.33 30.11 29.91 29.77 29.78 29.69 29.69 29.83 29.91 29.79 29.73 29.89 30 29.99 30.06 30.35 30.65 30.77 30.78 30.76 30.7 30.47 30.18 30.09 30.08 30.13 30.23 30.19 30.03 29.84 29.85 30.03 30.31 30.51 30.37 30.07 29.91 29.82 29.81 29.84 29.77
-9999 -9999 -9999 -9999 -9999 -9999 -9999 -9999 -9999 -9999 -9999 -9999 -9999 -9999 30.57 30.58 30.58 30.59 30.59 30.6 30.6 30.61 30.61 30.62 30.62 30.63 30.63 30.63 30.65 30.65 30.66 30.67 30.67 30.66 30.62 30.49 30.29 30.06 29.85 29.81 29.88 29.78 29.81 29.95 30.03 29.94 29.84 29.96 30.16 30.2 30.2 30.44 30.7 30.8 30.82 30.82 30.81 30.69 30.49 30.37 30.28 30.26 30.33 30.33 30.24 30.04 29.95 30.05 30.27 30.52 30.51 30.26 30.06 30.02 30.04 29.96 29.8
-9999 -9999 -9999 -9999 -9999 -9999 -9999 -9999 -9999 -9999 -9999 -9999 -9999 -9999 -9999 30.58 30.58 30.59 30.59 30.6 30.6 30.61 30.61 30.62 30.63 30.63 30.64 30.64 30.65 30.66 30.66 30.67 30.67 30.67 30.61 30.39 30.19 30.07 29.97 29.98 29.97 29.86 29.92 30.04 30.14 30.09 29.97 30.09 30.33 30.44 30.5 30.65 30.78 30.82 30.83 30.84 30.84 30.81 30.74 30.61 30.4 30.32 30.39 30.46 30.38 30.2 30.08 30.11 30.22 30.47 30.63 30.46 30.21 30.2 30.14 29.96 29.81
-9999 -9999 -9999 -9999 -9999 -9999 -9999 -9999 -9999 -9999 -9999 -9999 -9999 -9999 -9999 30.58 30.59 30.59 30.59 -9999 30.6 30.61 30.61 30.62 30.63 30.64 30.64 30.65 30.65 30.66 30.66 30.67 30.68 30.67 30.62 30.55 30.47 30.42 30.29 30.16 30.04 29.93 30.01 30.13 30.25 30.2 30.09 30.22 30.49 30.66 30.73 30.79 30.82 30.83 30.84 30.85 30.85 30.86 30.83 30.72 30.48 30.36 30.44 30.54 30.5 30.36 30.21 30.21 30.3 30.5 30.67 30.52 30.33 30.31 30.16 30.01 29.93
-9999 -9999 -9999 -9999 -9999 -9999 -9999 -9999 -9999 -9999 -9999 -9999 -9999 -9999 -9999 -9999 30.59 30.59 -9999 -9999 -9999 30.61 30.62 30.62 30.63 30.64 30.64 30.65 30.65 30.66 30.67 30.67 30.68 30.66 30.6 30.63 30.66 30.66 30.6 30.47 30.27 30.1 30.1 30.29 30.44 30.33 30.18 30.32 30.59 30.74 30.8 30.82 30.83 30.84 30.84 30.85 30.86 30.86 30.83 30.76 30.6 30.47 30.5 30.6 30.59 30.44 30.3 30.31 30.43 30.62 30.72 30.52 30.38 30.4 30.29 30.15 30.07
-9999 -9999 -9999 -9999 -9999 -9999 -9999 -9999 -9999 -9999 -9999 -9999 -9999 -9999 -9999 -9999 -9999 -9999 -9999 -9999 -9999 -9999 -9999 -9999 30.63 30.64 30.65 30.65 30.66 30.66 30.67 30.68 30.68 30.68 30.66 30.69 30.71 30.72 30.71 30.69 30.67 30.5 30.32 30.45 30.59 30.43 30.26 30.43 30.69 30.79 30.82 30.83 30.84 30.84 30.85 30.86 30.86 30.86 30.83 30.76 30.63 30.52 30.57 30.67 30.66 30.49 30.34 30.42 30.58 30.72 30.76 30.57 30.41 30.51 30.46 30.28 30.22
-9999 -9999 -9999 -9999 -9999 -9999 -9999 -9999 -9999 -9999 -9999 -9999 -9999 -9999 -9999 -9999 -9999 -9999 -9999 -9999 -9999 -9999 -9999 -9999 -9999 30.64 30.65 30.65 30.66 -9999 30.67 30.68 30.69 30.69 30.69 30.71 30.72 30.72 30.73 30.74 30.74 30.7 30.65 30.68 30.71 30.6 30.4 30.5 30.74 30.81 30.83 30.83 30.84 30.85 30.85 30.86 30.87 30.87 30.84 30.77 30.65 30.55 30.65 30.75 30.75 30.63 30.45 30.54 30.72 30.81 30.82 30.67 30.46 30.59 30.55 30.4 30.4
-9999 -9999 -9999 -9999 -9999 -9999 -9999 -9999 -9999 -9999 -9999 -9999 -9999 -9999 -9999 -9999 -9999 -9999 -9999 -9999 -9999 -9999 -9999 -9999 -9999 -9999 -9999 -9999 -9999 -9999 -9999 30.68 30.69 30.7 30.7 30.71 30.72 30.73 30.73 30.74 30.75 30.75 30.75 30.76 30.77 30.73 30.63 30.64 30.77 30.81 30.83 30.84 30.85 30.85 30.86 30.87 30.87 30.87 30.87 30.84 30.77 30.72 30.79 30.84 30.84 30.78 30.66 30.66 30.81 30.87 30.86 30.73 30.52 30.66 30.66 30.58 30.58
-9999 -9999 -9999 -9999 -9999 -9999 -9999 -9999 -9999 -9999 -9999 -9999 -9999 -9999 -9999 -9999 -9999 -9999 -9999 -9999 -9999 -9999 -9999 -9999 -9999 -9999 -9999 -9999 -9999 -9999 -9999 -9999 30.69 30.7 30.71 30.72 30.72 30.73 30.74 30.75 30.75 30.76 30.77 30.78 30.79 30.79 30.77 30.78 30.81 30.82 30.84 30.84 30.85 30.86 30.86 30.87 30.87 30.87 30.88 30.87 30.86 30.85 30.87 30.88 30.88 30.86 30.8 30.79 30.86 30.89 30.87 30.74 30.57 30.74 30.78 30.74 30.64
-9999 -9999 -9999 -9999 -9999 -9999 -9999 -9999 -9999 -9999 -9999 -9999 -9999 -9999 -9999 -9999 -9999 -9999 -9999 -9999 -9999 -9999 -9999 -9999 -9999 -9999 -9999 -9999 -9999 -9999 -9999 -9999 -9999 30.7 30.71 30.72 30.72 30.73 30.74 30.75 30.75 30.77 30.77 30.78 30.79 30.8 30.81 30.81 30.82 30.83 30.84 30.85 30.85 -9999 -9999 30.87 30.87 30.88 30.88 30.88 30.88 30.88 30.88 30.89 30.89 30.88 30.87 30.87 30.89 30.89 30.88 30.81 30.69 30.82 30.85 30.82 30.67
-9999 -9999 -9999 -9999 -9999 -9999 -9999 -9999 -9999 -9999 -9999 -9999 -9999 -9999 -9999 -9999 -9999 -9999 -9999 -9999 -9999 -9999 -9999 -9999 -9999 -9999 -9999 -9999 -9999 -9999 -9999 -9999 -9999 -9999 30.71 30.72 -9999 30.74 30.74 30.75 30.76 30.77 30.78 30.78 30.79 30.8 30.81 30.82 30.82 30.83 30.84 -9999 -9999 -9999 -9999 -9999 -9999 30.88 30.88 30.88 30.88 30.88 30.89 30.89 30.89 30.89 30.89 30.89 30.89 30.9 30.9 30.87 30.82 30.87 30.89 30.86 30.74
-9999 -9999 -9999 -9999 -9999 -9999 -9999 -9999 -9999 -9999 -9999 -9999 -9999 -9999 -9999 -9999 -9999 -9999 -9999 -9999 -9999 -9999 -9999 -9999 -9999 -9999 -9999 -9999 -9999 -9999 -9999 -9999 -9999 -9999 -9999 -9999 -9999 -9999 -9999 -9999 -9999 30.77 30.78 30.79 30.8 30.8 30.81 30.82 30.83 30.83 -9999 -9999 -9999 -9999 -9999 -9999 -9999 -9999 30.88 30.88 30.88 30.89 30.89 30.89 30.89 30.89 30.89 30.89 30.9 30.9 30.9 30.9 30.89 30.9 30.9 30.88 30.78
-9999 -9999 -9999 -9999 -9999 -9999 -9999 -9999 -9999 -9999 -9999 -9999 -9999 -9999 -9999 -9999 -9999 -9999 -9999 -9999 -9999 -9999 -9999 -9999 -9999 -9999 -9999 -9999 -9999 -9999 -9999 -9999 -9999 -9999 -9999 -9999 -9999 -9999 -9999 -9999 -9999 -9999 30.78 30.79 30.8 30.81 30.81 30.82 30.83 30.83 -9999 -9999 -9999 -9999 -9999 -9999 -9999 -9999 -9999 30.88 30.89 30.89 30.89 30.89 30.89 30.89 30.89 30.9 30.9 30.9 30.9 30.9 30.9 30.9 30.9 30.89 30.84
-9999 -9999 -9999 -9999 -9999 -9999 -9999 -9999 -9999 -9999 -9999 -9999 -9999 -9999 -9999 -9999 -9999 -9999 -9999 -9999 -9999 -9999 -9999 -9999 -9999 -9999 -9999 -9999 -9999 -9999 -9999 -9999 -9999 -9999 -9999 -9999 -9999 -9999 -9999 -9999 -9999 -9999 -9999 -9999 -9999 -9999 30.82 30.82 30.83 -9999 -9999 -9999 -9999 -9999 -9999 -9999 -9999 -9999 -9999 30.89 30.89 30.89 30.89 30.89 30.89 30.89 30.9 30.9 30.9 30.9 30.9 30.9 30.9 30.9 30.9 30.9 30.88
