ASPA-UH-SWB2_REPO/input/Gridded_temps/prism_tmin_tutuila_30yr_normal_02.asc
ncols         350
nrows         200
xllcorner     515000
yllcorner     8409000
cellsize      100
NODATA_value  -9999
[rows 34 to 67 of 200, columns 231 to 307 of 350]
-9999 -9999 -9999 -9999 -9999 -9999 -9999 24.78 -9999 -9999 -9999 -9999 -9999 24.78 24.78 -9999 -9999 -9999 -9999 -9999 -9999 -9999 -9999 -9999 -9999 -9999 24.78 -9999 -9999 -9999 -9999 -9999 -9999 -9999 -9999 -9999 -9999 -9999 -9999 -9999 -9999 -9999 -9999 -9999 -9999 -9999 -9999 -9999 -9999 -9999 -9999 -9999 -9999 -9999 -9999 -9999 -9999 -9999 -9999 -9999 -9999 -9999 -9999 -9999 -9999 -9999 -9999 -9999 -9999 -9999 -9999 -9999 -9999 -9999 24.78 24.78 24.78
-9999 -9999 -9999 -9999 -9999 -9999 24.77 24.78 24.78 -9999 -9999 -9999 24.78 24.78 24.78 24.78 -9999 -9999 -9999 -9999 -9999 -9999 -9999 -9999 -9999 24.78 24.78 24.78 -9999 -9999 -9999 -9999 -9999 -9999 -9999 -9999 -9999 -9999 -9999 -9999 -9999 -9999 -9999 -9999 -9999 -9999 -9999 -9999 -9999 -9999 -9999 -9999 -9999 -9999 -9999 -9999 -9999 -9999 -9999 -9999 -9999 -9999 -9999 -9999 -9999 -9999 -9999 -9999 -9999 -9999 -9999 -9999 -9999 24.78 24.78 24.78 24.78
-9999 24.77 24.77 -9999 -9999 24.77 24.77 24.77 24.78 24.78 24.78 24.78 24.78 24.78 24.78 24.78 -9999 -9999 -9999 24.78 24.78 -9999 -9999 -9999 -9999 24.78 24.78 24.78 24.78 -9999 -9999 -9999 -9999 -9999 -9999 -9999 -9999 -9999 -9999 -9999 -9999 -9999 -9999 -9999 -9999 -9999 -9999 -9999 -9999 -9999 -9999 -9999 -9999 -9999 -9999 -9999 -9999 -9999 -9999 -9999 -9999 -9999 -9999 -9999 -9999 -9999 -9999 -9999 -9999 -9999 -9999 -9999 24.78 24.78 24.78 24.78 24.78
24.77 24.77 24.77 24.77 24.77 24.77 24.77 24.77 24.77 24.78 24.78 24.78 24.78 24.78 24.78 24.78 24.78 -9999 24.78 24.78 24.78 24.78 24.78 -9999 24.78 24.78 24.78 24.78 24.78 24.78 -9999 -9999 -9999 -9999 -9999 -9999 -9999 -9999 -9999 -9999 -9999 -9999 -9999 -9999 -9999 -9999 -9999 -9999 -9999 -9999 -9999 -9999 -9999 -9999 -9999 -9999 -9999 -9999 -9999 -9999 -9999 -9999 -9999 -9999 -9999 -9999 -9999 -9999 -9999 -9999 -9999 24.78 24.78 24.78 24.78 24.78 24.78
24.77 24.77 24.77 24.77 24.77 24.77 24.77 24.77 24.77 24.77 24.78 24.78 24.78 24.78 24.78 24.78 24.78 24.78 24.78 24.78 24.78 24.78 24.78 24.78 24.78 24.78 24.78 24.78 24.78 24.78 24.78 -9999 -9999 -9999 -9999 -9999 -9999 -9999 -9999 -9999 -9999 -9999 -9999 -9999 -9999 -9999 -9999 -9999 -9999 -9999 -9999 -9999 -9999 -9999 -9999 -9999 -9999 -9999 -9999 -9999 -9999 -9999 -9999 -9999 -9999 -9999 -9999 24.78 24.78 -9999 24.78 24.78 24.78 24.78 24.78 24.78 24.78
24.77 24.77 24.77 24.77 24.77 24.77 24.77 24.77 24.77 24.77 24.77 24.78 24.78 24.78 24.78 24.78 24.78 24.78 24.78 24.78 24.78 24.78 24.78 24.78 24.78 24.78 24.78 24.78 24.78 24.78 24.78 24.78 -9999 -9999 -9999 24.78 -9999 -9999 -9999 -9999 -9999 -9999 -9999 -9999 -9999 -9999 -9999 -9999 -9999 -9999 -9999 -9999 -9999 -9999 -9999 -9999 -9999 -9999 -9999 -9999 -9999 -9999 -9999 -9999 -9999 -9999 24.78 24.78 24.78 24.78 24.78 24.78 24.78 24.78 24.77 24.73 24.75
24.77 24.77 24.77 24.77 24.77 24.77 24.76 24.75 24.76 24.77 24.77 24.77 24.77 24.76 24.76 24.78 24.78 24.78 24.78 24.78 24.78 24.78 24.78 24.78 24.78 24.78 24.78 24.78 24.78 24.78 24.78 24.78 24.78 -9999 24.78 24.78 24.78 -9999 -9999 -9999 -9999 -9999 -9999 -9999 -9999 -9999 -9999 -9999 -9999 -9999 -9999 -9999 -9999 -9999 -9999 -9999 -9999 -9999 -9999 -9999 -9999 -9999 -9999 -9999 -9999 24.78 24.78 24.78 24.78 24.78 24.78 24.78 24.78 24.78 24.71 24.56 24.64
24.77 24.77 24.77 24.77 24.77 24.77 24.74 24.7 24.72 24.76 24.77 24.76 24.74 24.66 24.66 24.75 24.78 24.78 24.78 24.77 24.77 24.78 24.78 24.78 24.77 24.74 24.74 24.77 24.78 24.78 24.78 24.78 24.78 24.78 24.78 24.78 24.78 24.78 -9999 -9999 -9999 -9999 -9999 -9999 -9999 -9999 -9999 -9999 -9999 -9999 -9999 -9999 -9999 -9999 -9999 -9999 -9999 -9999 -9999 -9999 -9999 -9999 -9999 -9999 24.78 24.78 24.78 24.78 24.78 24.78 24.78 24.78 24.78 24.76 24.64 24.42 24.47
24.77 24.75 24.75 24.76 24.77 24.77 24.74 24.63 24.63 24.72 24.71 24.72 24.68 24.5 24.49 24.68 24.76 24.78 24.76 24.67 24.67 24.75 24.78 24.77 24.72 24.63 24.66 24.75 24.78 24.78 24.78 24.78 24.78 24.78 24.78 24.78 24.78 24.78 24.78 -9999 -9999 -9999 -9999 -9999 -9999 -9999 24.78 -9999 -9999 -9999 -9999 -9999 -9999 -9999 -9999 -9999 -9999 -9999 -9999 -9999 -9999 -9999 -9999 24.78 24.78 24.78 24.78 24.78 24.78 24.78 24.78 24.77 24.73 24.65 24.48 24.24 24.27
24.76 24.72 24.67 24.7 24.76 24.77 24.74 24.57 24.47 24.53 24.51 24.55 24.54 24.35 24.35 24.58 24.73 24.75 24.67 24.45 24.45 24.65 24.75 24.76 24.67 24.59 24.66 24.75 24.78 24.78 24.78 24.78 24.78 24.78 24.78 24.78 24.78 24.78 24.78 24.78 24.78 24.78 -9999 -9999 -9999 24.78 24.78 24.78 24.78 24.78 -9999 -9999 24.78 -9999 -9999 -9999 -9999 -9999 -9999 -9999 -9999 -9999 24.78 24.78 24.78 24.78 24.78 24.78 24.78 24.78 24.78 24.74 24.59 24.41 24.3 24.14 24.16
24.75 24.68 24.58 24.66 24.75 24.77 24.74 24.56 24.29 24.19 24.17 24.25 24.27 24.2 24.24 24.44 24.59 24.62 24.49 24.27 24.34 24.58 24.73 24.76 24.72 24.71 24.74 24.77 24.78 24.78 24.78 24.78 24.78 24.78 24.78 24.78 24.78 24.78 24.78 24.78 24.78 24.78 -9999 -9999 24.78 24.78 24.78 24.78 24.78 24.78 24.78 24.78 24.78 24.78 -9999 -9999 -9999 -9999 -9999 -9999 -9999 24.78 24.78 24.78 24.78 24.78 24.77 24.75 24.76 24.77 24.77 24.71 24.47 24.26 24.23 24.14 24.09
24.76 24.71 24.62 24.68 24.75 24.77 24.72 24.5 24.09 23.8 23.84 23.93 23.95 23.99 24.11 24.29 24.45 24.51 24.42 24.38 24.49 24.67 24.75 24.77 24.77 24.77 24.78 24.78 24.78 24.78 24.78 24.78 24.78 24.78 24.77 24.75 24.77 24.78 24.78 24.78 24.78 24.78 24.78 24.78 24.78 24.78 24.78 24.78 24.78 24.78 24.78 24.78 24.78 24.78 24.78 24.78 24.78 -9999 -9999 24.78 24.78 24.78 24.78 24.78 24.78 24.78 24.75 24.68 24.67 24.72 24.72 24.68 24.53 24.26 24.19 24.13 24.06
24.77 24.74 24.62 24.58 24.72 24.74 24.64 24.35 23.87 23.52 23.56 23.62 23.67 23.86 24.1 24.34 24.52 24.6 24.6 24.63 24.69 24.75 24.78 24.78 24.78 24.78 24.78 24.78 24.78 24.78 24.78 24.78 24.78 24.77 24.72 24.66 24.72 24.77 24.78 24.78 24.78 24.78 24.78 24.78 24.78 24.78 24.78 24.78 24.78 24.78 24.78 24.78 24.78 24.78 24.78 24.78 24.78 24.78 24.78 24.78 24.78 24.78 24.78 24.78 24.78 24.77 24.71 24.6 24.59 24.63 24.58 24.56 24.52 24.3 24.16 24.08 24.01
24.77 24.71 24.44 24.45 24.66 24.66 24.47 24.11 23.65 23.38 23.39 23.44 23.61 23.96 24.28 24.53 24.67 24.72 24.74 24.75 24.76 24.78 24.78 24.78 24.78 24.78 24.78 24.78 24.78 24.78 24.78 24.77 24.76 24.72 24.6 24.54 24.68 24.77 24.78 24.78 24.78 24.78 24.78 24.78 24.78 24.78 24.77 24.77 24.78 24.78 24.78 24.78 24.78 24.78 24.78 24.78 24.78 24.78 24.78 24.78 24.78 24.78 24.78 24.78 24.78 24.74 24.62 24.49 24.53 24.52 24.37 24.34 24.41 24.27 24.12 24.01 23.95
24.75 24.63 24.18 24.38 24.59 24.49 24.22 23.79 23.52 23.46 23.52 23.65 23.91 24.22 24.49 24.67 24.74 24.76 24.77 24.77 24.77 24.78 24.78 24.78 24.78 24.78 24.78 24.78 24.78 24.77 24.73 24.7 24.68 24.62 24.48 24.49 24.67 24.76 24.76 24.77 24.77 24.78 24.78 24.78 24.78 24.77 24.75 24.74 24.75 24.77 24.78 24.78 24.78 24.78 24.78 24.78 24.78 24.78 24.78 24.78 24.78 24.78 24.78 24.78 24.77 24.72 24.55 24.42 24.44 24.44 24.3 24.21 24.25 24.24 24.09 23.95 23.9
24.69 24.26 23.79 24.29 24.47 24.26 23.96 23.73 23.69 23.77 23.92 24.09 24.32 24.53 24.67 24.74 24.76 24.77 24.77 24.77 24.77 24.78 24.78 24.78 24.78 24.78 24.78 24.78 24.76 24.69 24.56 24.47 24.47 24.46 24.39 24.46 24.63 24.69 24.66 24.7 24.72 24.73 24.76 24.78 24.78 24.76 24.7 24.64 24.65 24.72 24.77 24.77 24.77 24.78 24.78 24.78 24.78 24.78 24.78 24.78 24.78 24.78 24.78 24.78 24.78 24.72 24.56 24.4 24.33 24.34 24.27 24.14 24.08 24.13 24.11 23.9 23.85
24.49 24.03 23.89 24.29 24.3 24 23.83 23.87 23.99 24.08 24.25 24.46 24.62 24.7 24.75 24.76 24.77 24.77 24.77 24.77 24.77 24.77 24.78 24.78 24.78 24.77 24.77 24.77 24.71 24.52 24.27 24.24 24.28 24.31 24.33 24.45 24.59 24.57 24.55 24.61 24.61 24.6 24.69 24.76 24.78 24.74 24.63 24.54 24.5 24.6 24.69 24.71 24.73 24.76 24.78 24.78 24.78 24.78 24.78 24.78 24.78 24.78 24.78 24.78 24.78 24.72 24.57 24.37 24.2 24.17 24.15 24.06 23.97 23.99 24.08 23.89 23.85
24.24 24.13 24.23 24.28 24.12 23.84 23.83 24.06 24.28 24.41 24.55 24.67 24.73 24.75 24.76 24.75 24.75 24.74 24.74 24.75 24.77 24.77 24.77 24.76 24.73 24.69 24.68 24.69 24.57 24.27 24.05 24.08 24.14 24.19 24.26 24.4 24.51 24.47 24.5 24.54 24.47 24.45 24.61 24.74 24.76 24.68 24.51 24.42 24.38 24.45 24.52 24.53 24.63 24.72 24.75 24.75 24.77 24.78 24.77 24.77 24.78 24.78 24.78 24.78 24.77 24.71 24.55 24.32 24.09 23.98 23.96 23.93 23.86 23.87 24.01 23.88 23.84
24.01 24.08 24.14 24.12 23.96 23.79 23.94 24.21 24.43 24.59 24.68 24.73 24.72 24.72 24.71 24.68 24.62 24.57 24.57 24.65 24.74 24.76 24.73 24.65 24.56 24.44 24.42 24.47 24.32 24.05 23.89 23.96 24.04 24.14 24.26 24.38 24.44 24.4 24.39 24.4 24.34 24.34 24.5 24.69 24.75 24.65 24.43 24.29 24.24 24.28 24.31 24.35 24.5 24.63 24.64 24.65 24.71 24.71 24.7 24.73 24.77 24.78 24.78 24.78 24.78 24.74 24.61 24.39 24.15 23.97 23.87 23.83 23.77 23.75 23.89 23.81 23.72
23.75 23.87 23.87 23.86 23.72 23.64 23.9 24.23 24.46 24.62 24.7 24.7 24.61 24.58 24.57 24.49 24.33 24.2 24.24 24.44 24.66 24.7 24.6 24.39 24.22 24.13 24.11 24.11 24 23.84 23.78 23.86 23.99 24.14 24.27 24.33 24.35 24.29 24.24 24.26 24.25 24.27 24.44 24.65 24.73 24.68 24.53 24.31 24.15 24.1 24.12 24.22 24.39 24.5 24.46 24.44 24.52 24.51 24.54 24.67 24.76 24.78 24.78 24.78 24.78 24.77 24.69 24.55 24.4 24.25 24.08 23.96 23.78 23.63 23.73 23.65 23.53
23.51 23.57 23.49 23.48 23.42 23.55 23.88 24.22 24.47 24.63 24.68 24.63 24.47 24.36 24.3 24.2 23.99 23.85 24 24.32 24.56 24.55 24.39 24.11 23.87 23.77 23.76 23.72 23.68 23.67 23.71 23.83 23.97 24.1 24.17 24.18 24.17 24.16 24.11 24.13 24.16 24.22 24.42 24.62 24.66 24.62 24.57 24.37 24.14 23.99 23.98 24.15 24.28 24.35 24.31 24.23 24.25 24.29 24.43 24.64 24.75 24.78 24.78 24.78 24.78 24.78 24.75 24.68 24.59 24.48 24.33 24.14 23.81 23.5 23.52 23.47 23.38
23.37 23.29 23.18 23.21 23.36 23.69 24.04 24.31 24.5 24.61 24.62 24.57 24.42 24.21 24.03 23.87 23.68 23.65 23.93 24.26 24.4 24.31 24.14 23.86 23.59 23.48 23.48 23.48 23.49 23.56 23.67 23.8 23.92 23.99 24.03 24 24.01 24.03 23.97 23.98 24.04 24.17 24.38 24.54 24.51 24.41 24.38 24.26 24.07 23.91 23.9 24.06 24.13 24.2 24.17 24.01 24.01 24.15 24.39 24.62 24.75 24.78 24.78 24.78 24.78 24.78 24.76 24.7 24.61 24.49 24.32 24.07 23.68 23.34 23.29 23.34 23.41
23.57 23.46 23.19 23.23 23.45 23.78 24.13 24.38 24.51 24.55 24.51 24.44 24.36 24.18 23.91 23.62 23.43 23.55 23.9 24.14 24.16 24.01 23.84 23.62 23.4 23.31 23.33 23.35 23.42 23.5 23.61 23.72 23.8 23.85 23.87 23.85 23.88 23.92 23.87 23.89 23.97 24.12 24.33 24.42 24.31 24.16 24.11 24.07 23.93 23.79 23.75 23.87 23.95 24.04 24 23.83 23.89 24.09 24.33 24.56 24.71 24.76 24.77 24.78 24.78 24.76 24.75 24.7 24.62 24.49 24.26 23.91 23.48 23.15 23.09 23.25 23.54
23.91 23.7 23.33 23.33 23.47 23.72 24.07 24.32 24.4 24.45 24.35 24.18 24.18 24.12 23.88 23.52 23.34 23.52 23.82 23.92 23.84 23.66 23.49 23.39 23.33 23.34 23.38 23.41 23.51 23.55 23.6 23.68 23.75 23.79 23.79 23.8 23.87 23.93 23.93 23.99 24.01 24.06 24.2 24.28 24.21 24.1 24.04 23.98 23.86 23.69 23.58 23.65 23.77 23.87 23.8 23.72 23.85 24.07 24.26 24.46 24.63 24.73 24.76 24.76 24.76 24.75 24.72 24.64 24.53 24.42 24.23 23.87 23.39 23.06 23.1 23.35 23.6
23.95 23.69 23.36 23.35 23.46 23.62 23.88 24.04 24.13 24.27 24.2 23.91 23.85 23.92 23.77 23.44 23.26 23.39 23.56 23.54 23.45 23.32 23.27 23.31 23.41 23.51 23.59 23.61 23.71 23.73 23.74 23.81 23.88 23.94 23.92 23.93 24 24.07 24.1 24.16 24.14 24.07 24.1 24.16 24.14 24.09 24.04 23.95 23.81 23.62 23.47 23.51 23.63 23.71 23.67 23.66 23.78 23.98 24.16 24.33 24.53 24.68 24.75 24.75 24.75 24.74 24.67 24.5 24.31 24.21 24.1 23.82 23.44 23.23 23.32 23.54 23.72
23.77 23.56 23.3 23.31 23.42 23.47 23.56 23.64 23.75 24.04 24.07 23.73 23.46 23.6 23.52 23.29 23.11 23.12 23.18 23.15 23.1 23.14 23.26 23.43 23.59 23.72 23.85 23.86 23.93 23.95 23.93 24.02 24.09 24.16 24.13 24.11 24.17 24.25 24.26 24.3 24.3 24.24 24.2 24.14 24.05 23.97 23.91 23.84 23.71 23.52 23.39 23.42 23.54 23.65 23.69 23.75 23.8 23.88 24.03 24.2 24.44 24.65 24.72 24.74 24.74 24.71 24.6 24.37 24.12 23.98 23.91 23.74 23.53 23.5 23.59 23.67 23.8
23.48 23.34 23.22 23.24 23.32 23.32 23.33 23.35 23.48 23.77 23.75 23.47 23.23 23.36 23.26 23.08 22.93 22.89 22.92 22.92 22.96 23.19 23.42 23.63 23.82 23.96 24.07 24.11 24.16 24.19 24.17 24.21 24.25 24.33 24.35 24.31 24.35 24.42 24.43 24.44 24.44 24.37 24.25 24.13 24.02 23.93 23.84 23.7 23.5 23.33 23.37 23.47 23.61 23.71 23.81 23.91 23.95 23.93 24.04 24.23 24.47 24.62 24.63 24.66 24.7 24.63 24.45 24.24 24.04 23.92 23.88 23.78 23.69 23.73 23.82 23.82 23.88
23.47 23.35 23.21 23.18 23.21 23.21 23.22 23.27 23.46 23.67 23.49 23.27 23.1 23.17 23.09 22.94 22.87 22.87 22.86 22.87 22.96 23.27 23.57 23.75 23.89 24.02 24.14 24.24 24.33 24.4 24.42 24.42 24.41 24.49 24.56 24.54 24.52 24.58 24.6 24.59 24.52 24.36 24.17 24.1 24.09 24.06 23.93 23.69 23.42 23.33 23.44 23.56 23.69 23.81 23.93 24.04 24.12 24.15 24.24 24.39 24.49 24.46 24.44 24.55 24.61 24.49 24.26 24.08 24.03 24 23.99 23.95 23.87 23.87 23.97 23.98 24.02
23.68 23.52 23.34 23.21 23.14 23.12 23.11 23.19 23.41 23.54 23.37 23.15 23.06 23.08 23.07 23.04 23.08 23.12 23.05 23.09 23.18 23.41 23.66 23.84 23.9 23.98 24.09 24.22 24.35 24.47 24.56 24.58 24.58 24.64 24.7 24.7 24.69 24.71 24.7 24.61 24.44 24.31 24.29 24.3 24.31 24.2 24.05 23.83 23.55 23.41 23.45 23.55 23.64 23.77 23.9 23.97 24.09 24.27 24.34 24.36 24.31 24.26 24.35 24.44 24.42 24.28 24.1 24.04 24.12 24.14 24.14 24.09 23.96 23.93 24.07 24.14 24.18
23.86 23.74 23.6 23.35 23.12 23 22.92 22.98 23.21 23.32 23.25 23.22 23.22 23.23 23.18 23.18 23.28 23.4 23.4 23.42 23.56 23.71 23.83 24 24.04 24.02 24.08 24.21 24.37 24.51 24.59 24.66 24.69 24.73 24.76 24.76 24.76 24.76 24.68 24.47 24.3 24.39 24.55 24.59 24.51 24.37 24.19 23.95 23.68 23.45 23.41 23.5 23.58 23.68 23.76 23.81 23.92 24.04 24.07 24.08 24.1 24.18 24.23 24.21 24.16 24.16 24.15 24.22 24.34 24.33 24.28 24.17 23.97 23.93 24.13 24.28 24.34
23.91 23.75 23.59 23.35 23.12 22.96 22.82 22.82 22.99 23.1 23.18 23.34 23.45 23.46 23.31 23.25 23.34 23.55 23.71 23.7 23.79 23.97 24.09 24.24 24.28 24.16 24.08 24.18 24.4 24.54 24.58 24.65 24.71 24.76 24.78 24.78 24.78 24.77 24.7 24.56 24.57 24.67 24.7 24.64 24.47 24.29 24.03 23.83 23.63 23.48 23.44 23.48 23.51 23.54 23.6 23.7 23.8 23.87 23.95 24.03 24.11 24.17 24.16 24.14 24.12 24.21 24.29 24.38 24.46 24.38 24.28 24.16 24 23.88 24 24.21 24.37
23.7 23.53 23.38 23.21 23.1 23 22.87 22.81 22.91 23.06 23.21 23.46 23.59 23.61 23.49 23.39 23.38 23.56 23.83 23.93 23.9 24.1 24.26 24.41 24.45 24.35 24.27 24.39 24.59 24.65 24.59 24.61 24.7 24.76 24.78 24.78 24.78 24.78 24.75 24.71 24.73 24.76 24.74 24.62 24.37 24.18 24.03 23.86 23.74 23.67 23.58 23.51 23.47 23.43 23.45 23.58 23.73 23.86 23.94 24.04 24.13 24.21 24.26 24.28 24.23 24.27 24.38 24.48 24.52 24.43 24.29 24.15 23.99 23.86 23.94 24.16 24.39
23.55 23.42 23.34 23.23 23.13 23.02 22.88 22.85 22.97 23.14 23.29 23.5 23.67 23.75 23.71 23.63 23.51 23.65 23.93 24.08 24.02 24.14 24.31 24.49 24.58 24.56 24.51 24.59 24.71 24.73 24.69 24.69 24.74 24.77 24.78 24.78 24.78 24.78 24.77 24.77 24.77 24.78 24.75 24.65 24.47 24.35 24.24 24.11 24.02 23.92 23.77 23.67 23.59 23.47 23.4 23.54 23.73 23.83 23.9 24.03 24.17 24.27 24.36 24.43 24.38 24.32 24.43 24.54 24.58 24.49 24.36 24.25 24.09 23.95 24.03 24.21 24.46
23.47 23.35 23.32 23.26 23.17 23.06 22.92 22.89 23.01 23.17 23.31 23.47 23.68 23.88 23.97 23.98 23.82 23.81 24.04 24.21 24.2 24.25 24.35 24.52 24.66 24.7 24.71 24.73 24.76 24.76 24.76 24.76 24.77 24.77 24.78 24.78 24.78 24.78 24.78 24.78 24.78 24.78 24.76 24.7 24.63 24.59 24.51 24.37 24.28 24.11 23.99 23.92 23.86 23.7 23.5 23.57 23.71 23.78 23.83 23.95 24.07 24.15 24.29 24.49 24.55 24.44 24.45 24.56 24.64 24.57 24.47 24.31 24.15 24.06 24.18 24.32 24.56
