ASPA-UH-SWB2_REPO/input/Gridded_temps/prism_tmin_tutuila_30yr_normal_08.asc
ncols         350
nrows         200
xllcorner     515000
yllcorner     8409000
cellsize      100
NODATA_value  -9999
[rows 34 to 67 of 200, columns 156 to 233 of 350]
-9999 -9999 -9999 -9999 -9999 -9999 -9999 -9999 -9999 -9999 -9999 -9999 -9999 -9999 -9999 -9999 -9999 -9999 -9999 -9999 -9999 -9999 -9999 -9999 -9999 -9999 -9999 -9999 -9999 -9999 24.03 24.03 24.03 24.03 24.03 24.03 24.03 24.03 24.03 24.03 24.03 24.03 24.03 23.99 23.88 23.54 23.29 23.44 23.79 23.99 24.03 24.03 24.03 24.03 24.03 24.03 24.03 24.03 24.03 24.03 24.03 24.03 -9999 -9999 -9999 -9999 -9999 -9999 -9999 -9999 -9999 -9999 -9999 -9999 -9999 -9999 -9999 -9999
-9999 -9999 -9999 -9999 -9999 -9999 -9999 -9999 -9999 -9999 -9999 -9999 -9999 -9999 -9999 -9999 -9999 -9999 -9999 -9999 -9999 -9999 -9999 -9999 -9999 -9999 -9999 -9999 24.03 24.03 24.03 24.03 24.03 24.03 24.03 24.03 24.03 24.03 24.03 24.03 24.03 24.03 23.97 23.81 23.37 23.1 23.37 23.71 23.94 24.02 24.03 24.03 24.03 24.03 24.03 24.03 24.03 24.03 24.03 24.03 24.03 24.03 24.03 -9999 -9999 -9999 -9999 24.03 24.03 -9999 -9999 -9999 -9999 -9999 -9999 -9999 -9999 -9999
-9999 -9999 -9999 -9999 -9999 -9999 -9999 -9999 -9999 -9999 -9999 -9999 -9999 -9999 -9999 -9999 -9999 -9999 -9999 -9999 -9999 -9999 -9999 -9999 -9999 -9999 -9999 -9999 24.03 24.03 24.03 24.03 24.03 24.03 24.03 24.03 24.03 24.03 24.03 24.03 24.03 23.98 23.8 23.46 23.27 23.2 23.5 23.84 24 24.03 24.03 24.03 24.03 24.03 24.03 24.03 24.03 24.03 24.03 24.03 24.03 24.03 24.03 24.03 -9999 -9999 24.03 24.03 24.03 24.03 -9999 -9999 -9999 -9999 -9999 -9999 24.03 24.03
-9999 -9999 -9999 -9999 -9999 -9999 -9999 -9999 -9999 -9999 -9999 -9999 -9999 -9999 -9999 -9999 -9999 -9999 -9999 -9999 -9999 -9999 -9999 -9999 -9999 -9999 -9999 24.03 24.03 24.03 24.03 24.03 24.03 24.03 24.03 24.02 24 23.99 24.01 23.99 23.96 23.88 23.75 23.68 23.67 23.69 23.81 23.96 24.02 24.03 24.03 24.03 24.03 24.03 24.03 24.03 24.03 24.03 24.03 24.03 24.03 24.03 24.03 24.03 -9999 24.03 24.03 24.03 24.03 24.03 24.03 -9999 -9999 -9999 -9999 24.03 24.03 24.03
-9999 -9999 -9999 -9999 -9999 -9999 -9999 -9999 -9999 -9999 -9999 -9999 -9999 -9999 -9999 -9999 -9999 -9999 -9999 -9999 -9999 -9999 -9999 24.04 24.04 -9999 24.03 24.03 24.03 24.03 24.03 24.03 24.03 24.03 24.03 23.98 23.87 23.83 23.86 23.75 23.63 23.62 23.8 23.92 23.95 23.96 23.99 24.02 24.03 24.03 24.03 24.03 24.03 24.03 24.03 24.03 24.03 24.03 24.03 24.02 24.02 24.03 24.03 24.03 24.03 24.03 24.03 24.03 24.03 24.03 24.03 24.03 -9999 -9999 24.03 24.03 24.03 24.03
-9999 -9999 -9999 -9999 -9999 -9999 -9999 -9999 -9999 -9999 -9999 -9999 -9999 -9999 -9999 -9999 -9999 -9999 -9999 -9999 -9999 -9999 24.04 24.04 24.04 24.04 24.04 24.04 24.04 24.03 24.03 24.01 24.02 24.03 24.02 23.94 23.71 23.53 23.46 23.37 23.11 23.29 23.71 23.93 24 24.02 24.03 24.03 24.03 24.03 24.03 24.03 24.03 24.02 24.02 24.03 24.03 24.02 23.99 23.96 24 24.02 24.03 24.03 24.03 24.03 24.03 24.03 24.03 24.03 24.03 24.03 24.03 24.03 24.03 24.03 24.03 24.03
-9999 -9999 -9999 -9999 -9999 -9999 -9999 -9999 -9999 -9999 -9999 -9999 -9999 -9999 -9999 -9999 -9999 -9999 -9999 -9999 -9999 24.04 24.04 24.04 24.04 24.04 24.04 24.04 24.04 24.02 23.97 23.93 23.95 24 23.99 23.9 23.64 23.3 23.07 22.97 22.83 23.09 23.59 23.92 24.01 24.03 24.03 24.03 24.03 24.03 24.03 24.03 23.99 23.94 23.93 23.98 24 23.95 23.88 23.84 23.96 24.02 24.03 24.03 24.03 24.03 24.03 24.03 24.03 24.03 24.03 24.03 24.03 24.03 24.03 24.03 24.03 24.03
-9999 -9999 -9999 -9999 -9999 -9999 -9999 -9999 -9999 -9999 -9999 -9999 -9999 -9999 -9999 -9999 -9999 -9999 -9999 -9999 24.04 24.04 24.04 24.04 24.04 24.04 24.04 24.04 24.01 23.94 23.82 23.71 23.77 23.87 23.83 23.72 23.52 23.13 22.87 22.97 23.11 23.38 23.75 23.96 24.02 24.03 24.03 24.03 24.03 24.03 24.02 24 23.88 23.72 23.7 23.84 23.86 23.73 23.62 23.7 23.94 24.02 24.03 24.03 24.03 24.03 24.03 24.01 23.99 24.03 24.03 24.03 24.03 24.03 24.03 24.03 24.03 24.03
-9999 -9999 -9999 -9999 -9999 -9999 -9999 -9999 -9999 -9999 -9999 -9999 -9999 -9999 -9999 24.04 24.04 24.04 24.04 24.04 24.04 24.04 24.04 24.04 24.04 24.04 24.04 24.03 23.97 23.82 23.62 23.49 23.56 23.67 23.54 23.31 23.18 22.96 22.94 23.27 23.57 23.77 23.93 24 24.03 24.03 24.03 24.03 24.03 24.02 23.99 23.9 23.69 23.46 23.49 23.63 23.55 23.39 23.38 23.62 23.92 24.02 24.03 24.03 24.03 24.03 24.01 23.95 23.9 24 24.03 24.03 24.03 24.03 24.03 24.03 24.01 24
-9999 -9999 -9999 -9999 -9999 -9999 -9999 -9999 -9999 -9999 -9999 -9999 -9999 24.04 24.04 24.04 24.04 24.04 24.04 24.04 24.04 24.04 24.04 24.04 24.04 24.04 24.04 24.03 23.98 23.82 23.54 23.34 23.36 23.49 23.3 22.89 22.73 22.84 23.04 23.4 23.7 23.91 23.99 24.01 24.03 24.03 24.03 24.03 24.03 24 23.88 23.7 23.46 23.23 23.26 23.35 23.2 23.11 23.26 23.61 23.9 24.01 24.03 24.03 24.02 24 23.97 23.88 23.87 24 24.03 24.03 24.03 24.03 24.03 24.02 23.98 23.92
-9999 -9999 -9999 -9999 -9999 -9999 -9999 -9999 -9999 -9999 -9999 -9999 24.04 24.04 24.04 24.04 24.04 24.04 24.04 24.04 24.04 24.04 24.04 24.02 23.98 24.01 24.04 24.04 24.02 23.92 23.66 23.32 23.19 23.29 23.18 22.88 22.84 23.07 23.31 23.53 23.73 23.92 24 24.01 24.01 24.02 24.02 24.03 24.02 23.95 23.73 23.47 23.24 23.02 22.98 23.02 22.94 22.97 23.25 23.62 23.89 24.01 24.03 24.01 23.93 23.85 23.83 23.85 23.95 24.02 24.03 24.03 24.03 24.03 24.03 24.01 23.94 23.83
-9999 -9999 -9999 -9999 -9999 -9999 -9999 -9999 -9999 -9999 -9999 24.04 24.04 24.04 24.04 24.04 24.04 24.04 24.04 24.04 24.04 24.04 24.03 23.96 23.78 23.9 24.01 24.04 24.04 24 23.79 23.36 23.06 23.07 23.07 23.08 23.22 23.35 23.44 23.51 23.64 23.89 23.98 23.96 23.96 23.99 24 24.02 24.01 23.93 23.72 23.5 23.25 22.93 22.74 22.71 22.73 22.93 23.3 23.64 23.87 23.99 24.02 23.96 23.78 23.59 23.65 23.86 24 24.03 24.03 24.03 24.03 24.03 24.03 24.02 23.96 23.87
-9999 -9999 -9999 -9999 -9999 -9999 -9999 -9999 -9999 -9999 -9999 24.04 24.04 24.04 24.04 24.04 24.03 24.03 24.03 24.03 24.01 24.01 23.99 23.86 23.6 23.7 23.93 24.01 24.03 24 23.79 23.34 22.96 22.89 22.96 23.1 23.24 23.27 23.26 23.3 23.53 23.84 23.9 23.83 23.87 23.91 23.94 24 24 23.96 23.82 23.64 23.36 22.97 22.63 22.46 22.53 22.9 23.3 23.6 23.77 23.92 23.99 23.91 23.66 23.45 23.6 23.9 24.02 24.03 24.03 24.03 24.03 24.03 24.03 24.03 24 23.87
-9999 -9999 -9999 -9999 -9999 -9999 -9999 -9999 -9999 -9999 24.04 24.04 24.04 24.04 24.04 24.02 23.97 23.96 23.97 23.94 23.84 23.83 23.86 23.6 23.4 23.44 23.7 23.92 23.98 23.95 23.67 23.25 22.91 22.78 22.85 23.01 23.08 23.01 23.01 23.2 23.55 23.78 23.7 23.58 23.75 23.81 23.85 23.96 23.99 23.96 23.88 23.7 23.43 23.11 22.72 22.4 22.4 22.73 23.11 23.36 23.59 23.82 23.93 23.83 23.57 23.44 23.66 23.93 24.02 24.03 24.03 24.03 24.03 24.03 24.03 24.03 23.97 23.69
-9999 -9999 -9999 -9999 -9999 -9999 -9999 -9999 -9999 24.04 24.04 24.04 24.04 24.04 24.03 23.93 23.62 23.57 23.6 23.63 23.52 23.53 23.64 23.36 23.15 23.13 23.33 23.65 23.75 23.7 23.54 23.27 23.06 22.88 22.88 22.94 22.92 22.82 22.87 23.12 23.49 23.66 23.43 23.38 23.64 23.65 23.71 23.89 23.94 23.9 23.85 23.73 23.53 23.24 22.79 22.38 22.3 22.5 22.77 23.13 23.47 23.75 23.86 23.75 23.48 23.37 23.61 23.91 24.01 24.03 24.03 24.03 24.03 24.03 24.03 24 23.88 23.44
-9999 -9999 -9999 -9999 -9999 24.04 -9999 -9999 24.04 24.04 24.04 24.04 24.04 24.04 24.04 23.95 23.56 23.24 23.24 23.35 23.38 23.37 23.45 23.23 22.94 22.91 22.96 23.22 23.34 23.23 23.22 23.21 23.07 22.9 22.84 22.83 22.76 22.68 22.74 22.96 23.36 23.43 23.13 23.21 23.5 23.47 23.56 23.79 23.86 23.8 23.76 23.67 23.5 23.28 22.89 22.46 22.24 22.33 22.6 23.04 23.46 23.69 23.72 23.58 23.33 23.33 23.66 23.94 24.02 24.03 24.03 24.02 24 24 23.99 23.95 23.52 23.05
-9999 -9999 -9999 -9999 24.04 24.04 24.04 24.04 24.04 24.04 24.04 24.04 24.04 24.04 24.03 23.94 23.54 23.15 23.07 23.13 23.2 23.2 23.23 23.07 22.8 22.76 22.77 22.95 23.03 22.87 22.84 22.89 22.81 22.75 22.7 22.65 22.57 22.51 22.63 22.88 23.21 23.16 22.9 23.01 23.27 23.28 23.38 23.63 23.72 23.69 23.61 23.5 23.22 23.02 22.74 22.37 22.09 22.15 22.48 22.99 23.41 23.53 23.49 23.28 23.1 23.3 23.69 23.96 24.03 24.03 24.02 23.95 23.85 23.78 23.81 23.75 23.25 23.15
-9999 -9999 -9999 24.04 24.04 24.04 24.04 24.04 24.04 24.04 24.04 24.04 24.04 24.04 23.99 23.8 23.31 23.05 22.96 22.95 22.98 23.02 23.05 22.94 22.68 22.63 22.65 22.73 22.8 22.67 22.59 22.64 22.63 22.61 22.55 22.44 22.33 22.35 22.56 22.8 23 22.86 22.72 22.83 22.97 23.07 23.19 23.37 23.47 23.54 23.43 23.3 22.93 22.6 22.4 22.17 21.97 22.09 22.4 22.89 23.24 23.23 23.15 22.93 22.89 23.24 23.67 23.96 24.03 24.03 24.01 23.9 23.65 23.47 23.53 23.5 23.38 23.49
-9999 -9999 24.04 24.04 24.04 24.04 24.04 24.04 24.04 24.04 24.04 24.04 24.04 24.04 23.96 23.51 23.08 22.93 22.85 22.78 22.75 22.82 22.89 22.82 22.62 22.52 22.54 22.57 22.64 22.53 22.39 22.42 22.49 22.48 22.41 22.27 22.17 22.3 22.52 22.71 22.77 22.61 22.5 22.6 22.68 22.82 22.91 23 23.09 23.31 23.19 22.88 22.59 22.32 22.14 21.96 21.94 22.13 22.33 22.53 22.75 22.75 22.7 22.62 22.82 23.26 23.69 23.95 24.02 24.03 24.01 23.92 23.72 23.49 23.33 23.26 23.34 23.4
-9999 -9999 24.04 24.04 24.04 24.04 24.04 24.04 24.04 24.04 24.04 24.04 24.04 24.02 23.92 23.32 22.89 22.81 22.76 22.66 22.58 22.64 22.76 22.72 22.58 22.46 22.44 22.43 22.49 22.44 22.25 22.26 22.38 22.35 22.27 22.16 22.07 22.24 22.45 22.61 22.6 22.41 22.31 22.42 22.55 22.65 22.66 22.66 22.67 22.97 22.9 22.46 22.26 22.17 22.05 21.87 21.9 22.05 22.16 22.27 22.26 22.21 22.25 22.54 22.99 23.4 23.74 23.95 24.02 24.02 24.01 23.92 23.74 23.49 23.18 23.01 23.13 23.13
-9999 24.04 24.04 24.04 24.04 24.04 24.04 24.04 24.03 24.03 24.04 24.04 24.03 23.97 23.77 23.22 22.77 22.69 22.66 22.58 22.51 22.49 22.6 22.61 22.52 22.41 22.34 22.3 22.32 22.32 22.16 22.13 22.28 22.27 22.14 22.04 21.99 22.17 22.36 22.48 22.44 22.29 22.18 22.33 22.45 22.48 22.44 22.37 22.36 22.61 22.58 22.24 22.02 21.98 21.96 21.81 21.82 21.9 22 22.07 22 21.99 22.23 22.71 23.15 23.5 23.78 23.94 24 24.01 23.99 23.93 23.77 23.49 23.07 22.77 22.83 22.75
24.04 24.04 24.04 24.04 24.03 24 24.01 24 23.94 23.98 24.03 24.04 24.01 23.82 23.44 23.1 22.74 22.61 22.58 22.51 22.45 22.38 22.46 22.49 22.41 22.34 22.25 22.14 22.1 22.16 22.06 21.97 22.13 22.18 22.04 21.9 21.91 22.09 22.23 22.3 22.27 22.19 22.08 22.2 22.28 22.26 22.23 22.1 22.12 22.33 22.35 22.09 21.85 21.82 21.85 21.71 21.65 21.7 21.82 21.89 21.8 21.9 22.29 22.81 23.23 23.54 23.76 23.9 23.97 23.97 23.92 23.83 23.7 23.44 22.99 22.62 22.55 22.44
24.04 24.04 24.04 24.03 23.96 23.84 23.84 23.91 23.82 23.91 24 23.99 23.94 23.55 23.13 22.92 22.68 22.56 22.51 22.43 22.38 22.31 22.35 22.38 22.29 22.22 22.18 22.03 21.95 22.04 21.99 21.84 21.95 22 21.83 21.73 21.81 21.96 22.04 22.1 22.1 22.06 21.93 22.02 22.11 22.08 22.06 21.94 21.96 22.08 22.11 21.96 21.75 21.67 21.71 21.59 21.54 21.59 21.65 21.67 21.64 21.86 22.32 22.84 23.25 23.52 23.7 23.82 23.91 23.94 23.87 23.72 23.54 23.33 23.02 22.83 22.72 22.44
24.04 24.04 24.04 24.02 23.9 23.69 23.58 23.67 23.68 23.77 23.8 23.68 23.45 23.08 22.77 22.7 22.54 22.42 22.4 22.34 22.29 22.24 22.22 22.26 22.17 22.09 22.06 21.97 21.88 21.95 21.89 21.71 21.74 21.77 21.55 21.44 21.6 21.76 21.92 22.02 22.02 21.95 21.86 21.88 21.97 21.92 21.9 21.8 21.75 21.8 21.87 21.74 21.6 21.58 21.65 21.65 21.71 21.77 21.67 21.63 21.65 21.87 22.38 22.85 23.16 23.39 23.53 23.62 23.76 23.86 23.89 23.79 23.62 23.44 23.27 23.17 22.96 22.59
24.04 24.04 24.05 24.03 23.93 23.7 23.49 23.42 23.4 23.41 23.33 23.12 22.9 22.64 22.45 22.51 22.41 22.24 22.22 22.22 22.16 22.13 22.05 22.07 22.02 21.92 21.86 21.78 21.71 21.8 21.73 21.48 21.45 21.52 21.53 21.59 21.85 22.14 22.37 22.5 22.53 22.5 22.29 22.07 21.91 21.78 21.76 21.66 21.54 21.54 21.6 21.58 21.63 21.85 22.05 22.13 22.17 22.28 22.19 21.98 21.88 21.9 22.32 22.71 22.95 23.1 23.19 23.29 23.51 23.72 23.85 23.83 23.72 23.58 23.4 23.21 22.95 22.62
24.05 24.05 24.04 24.01 23.91 23.66 23.43 23.23 23.08 23.02 22.93 22.73 22.56 22.4 22.27 22.31 22.31 22.12 22.04 22.06 21.98 21.96 21.87 21.83 21.81 21.69 21.58 21.46 21.43 21.52 21.48 21.22 21.42 21.73 21.98 22.17 22.51 22.85 23.03 23.12 23.13 23.16 22.98 22.77 22.51 22.31 22.17 21.85 21.54 21.46 21.55 21.7 21.87 22.31 22.65 22.75 22.75 22.9 22.86 22.66 22.31 22.12 22.23 22.41 22.58 22.7 22.82 23.02 23.33 23.59 23.77 23.77 23.59 23.44 23.25 23.03 22.82 22.56
24.05 24.05 24.02 23.9 23.75 23.55 23.34 23.15 22.94 22.78 22.64 22.47 22.33 22.29 22.22 22.2 22.16 22.02 21.94 21.96 21.97 21.91 21.78 21.67 21.65 21.65 21.63 21.6 21.54 21.45 21.34 21.47 21.85 22.29 22.58 22.79 23.04 23.28 23.43 23.52 23.5 23.51 23.4 23.28 23.14 22.99 22.82 22.52 22.04 21.65 21.74 21.96 22.21 22.66 23.1 23.22 23.25 23.3 23.26 23.13 22.84 22.68 22.57 22.42 22.35 22.49 22.77 23.09 23.37 23.57 23.72 23.68 23.41 23.16 22.95 22.74 22.6 22.48
24.02 23.98 23.95 23.8 23.58 23.41 23.23 23.04 22.83 22.65 22.49 22.41 22.47 22.65 22.79 22.71 22.47 22.22 22.29 22.52 22.7 22.58 22.29 22.02 21.98 21.97 21.99 22.02 21.98 21.82 21.74 22.01 22.35 22.73 23.11 23.29 23.42 23.61 23.73 23.79 23.8 23.79 23.72 23.62 23.52 23.4 23.24 23.04 22.64 22.22 22.08 22.43 22.72 22.97 23.33 23.52 23.58 23.58 23.52 23.41 23.26 23.14 23.02 22.85 22.65 22.59 22.8 23.03 23.21 23.44 23.63 23.65 23.41 23.07 22.85 22.73 22.61 22.47
23.95 23.8 23.74 23.66 23.48 23.27 23.06 22.88 22.73 22.62 22.58 22.75 23.07 23.2 23.25 23.19 23.06 22.81 22.88 23.12 23.24 23.18 22.85 22.59 22.63 22.5 22.51 22.63 22.63 22.49 22.41 22.69 22.96 23.15 23.45 23.61 23.73 23.85 23.92 23.97 23.98 23.98 23.94 23.87 23.78 23.68 23.53 23.35 23.14 22.94 22.8 22.97 23.28 23.42 23.6 23.72 23.78 23.77 23.72 23.63 23.52 23.41 23.3 23.15 22.95 22.73 22.58 22.71 22.91 23.18 23.46 23.59 23.52 23.29 23.1 22.94 22.78 22.6
23.86 23.67 23.54 23.5 23.39 23.16 22.9 22.72 22.76 22.93 23.06 23.21 23.39 23.48 23.51 23.48 23.43 23.36 23.4 23.49 23.53 23.47 23.19 23.17 23.25 23.18 23.16 23.21 23.26 23.19 23.12 23.25 23.39 23.54 23.75 23.86 23.94 23.99 24.02 24.03 24.03 24.03 24.02 24 23.96 23.88 23.77 23.65 23.53 23.44 23.38 23.42 23.61 23.72 23.82 23.89 23.92 23.91 23.85 23.77 23.68 23.58 23.45 23.29 23.07 22.81 22.32 22.22 22.54 22.93 23.21 23.45 23.51 23.46 23.32 23.12 23 22.86
23.78 23.61 23.46 23.34 23.25 23.08 22.81 22.73 23 23.29 23.4 23.47 23.59 23.67 23.7 23.71 23.72 23.72 23.72 23.74 23.75 23.72 23.6 23.59 23.59 23.58 23.59 23.6 23.61 23.59 23.6 23.65 23.71 23.83 23.95 24 24.02 24.04 24.04 24.04 24.04 24.04 24.04 24.04 24.03 24 23.96 23.89 23.82 23.76 23.72 23.72 23.83 23.91 23.96 23.98 23.99 23.97 23.92 23.82 23.74 23.62 23.46 23.28 23 22.61 21.87 21.51 22.01 22.57 22.97 23.28 23.35 23.39 23.35 23.17 23.01 22.85
23.71 23.56 23.4 23.22 23.07 22.96 22.76 22.85 23.22 23.48 23.6 23.67 23.75 23.81 23.85 23.88 23.89 23.91 23.91 23.91 23.91 23.9 23.87 23.86 23.84 23.84 23.85 23.84 23.84 23.85 23.87 23.88 23.92 23.98 24.02 24.04 24.04 24.04 24.04 24.04 24.04 24.04 24.04 24.04 24.04 24.04 24.03 24.02 24 23.96 23.94 23.95 23.98 24.01 24.02 24.01 24.01 23.99 23.94 23.81 23.7 23.52 23.3 23.12 22.9 22.36 21.51 21.24 21.77 22.35 22.87 23.08 23.1 23.18 23.18 22.97 22.8 22.64
23.62 23.48 23.34 23.16 22.94 22.8 22.69 22.94 23.33 23.58 23.73 23.82 23.89 23.93 23.95 23.97 23.99 24 24.01 24.01 24.01 24.01 24.01 23.99 23.99 23.98 23.98 23.98 23.98 23.98 24 24 24.01 24.03 24.05 24.05 24.05 24.04 24.04 24.04 24.04 24.04 24.04 24.04 24.04 24.04 24.04 24.04 24.04 24.03 24.02 24.03 24.03 24.03 24.03 24.03 24.02 23.99 23.92 23.77 23.61 23.31 23 22.76 22.59 22.13 21.4 21.16 21.68 22.24 22.6 22.71 22.75 22.87 22.93 22.82 22.69 22.6
23.51 23.38 23.23 23.07 22.84 22.63 22.62 22.96 23.36 23.63 23.81 23.92 23.98 24 24.01 24.02 24.03 24.03 24.04 24.05 24.05 24.05 24.05 24.04 24.04 24.04 24.04 24.04 24.03 24.03 24.04 24.04 24.04 24.05 24.05 24.05 24.05 24.05 24.05 24.04 24.04 24.04 24.04 24.04 24.04 24.04 24.04 24.04 24.04 24.04 24.04 24.04 24.04 24.04 24.04 24.03 24.02 23.94 23.75 23.54 23.36 22.99 22.69 22.35 22.04 21.64 21.2 21.17 21.61 22 22.06 22.13 22.31 22.56 22.75 22.73 22.61 22.58
