ASPA-UH-SWB2_REPO/input/Gridded_temps/prism_tmax_tutuila_30yr_normal_09.asc
ncols         350
nrows         200
xllcorner     515000
yllcorner     8409000
cellsize      100
NODATA_value  -9999
[rows 136 to 169 of 200, columns 77 to 153 of 350]
30.19 30.27 30.34 30.34 30.37 30.4 30.4 30.39 30.31 30.07 29.78 29.61 29.59 29.65 29.8 29.98 30.09 30.1 30.07 30.07 30.1 30.11 30.1 30.09 30.03 29.88 29.63 29.29 29.13 29.15 29.23 29.22 29.14 29.08 29.21 29.37 29.45 29.46 29.45 29.45 29.44 29.43 29.43 29.44 29.46 29.47 29.49 29.49 29.49 29.48 29.48 29.48 29.47 29.47 29.47 29.47 29.48 29.48 29.49 29.5 29.5 29.51 29.52 29.52 29.52 29.53 29.52 29.53 29.53 29.53 29.54 29.55 29.55 29.56 29.57 29.57 29.58
30.26 30.34 30.39 30.4 30.41 30.41 30.41 30.39 30.29 30.02 29.76 29.63 29.61 29.65 29.73 29.91 30.07 30.11 30.11 30.11 30.12 30.13 30.12 30.1 30.04 29.87 29.62 29.34 29.17 29.12 29.19 29.24 29.18 29.12 29.2 29.37 29.47 29.49 29.48 29.47 29.47 29.47 29.46 29.46 29.47 29.48 29.48 29.48 29.48 29.48 29.48 29.48 29.48 29.48 29.48 29.48 29.49 29.49 29.5 29.5 29.5 29.51 29.52 29.52 29.52 29.53 29.53 29.54 29.54 29.54 29.55 29.55 29.55 29.56 29.57 29.57 29.58
30.34 30.39 30.41 30.42 30.42 30.41 30.41 30.38 30.31 30.07 29.83 29.71 29.72 29.75 29.76 29.88 30.03 30.1 30.12 30.13 30.13 30.13 30.12 30.1 30.03 29.82 29.55 29.34 29.21 29.12 29.15 29.25 29.24 29.21 29.26 29.39 29.49 29.51 29.5 29.49 29.49 29.49 29.48 29.48 29.48 29.48 29.48 29.47 29.47 29.47 29.48 29.48 29.49 29.49 29.49 29.49 29.5 29.5 29.5 29.5 29.51 29.51 29.52 29.52 29.52 29.53 29.54 29.55 29.55 29.55 29.55 29.55 29.56 29.57 29.57 29.58 29.58
30.41 30.42 30.43 30.43 30.42 30.41 30.4 30.38 30.32 30.12 29.94 29.84 29.93 29.99 29.93 29.94 29.99 30.08 30.13 30.14 30.14 30.13 30.13 30.1 29.99 29.74 29.48 29.35 29.25 29.15 29.17 29.27 29.29 29.25 29.26 29.37 29.47 29.51 29.52 29.51 29.51 29.51 29.49 29.48 29.48 29.48 29.47 29.47 29.47 29.48 29.48 29.49 29.49 29.49 29.5 29.5 29.51 29.51 29.51 29.51 29.51 29.51 29.52 29.52 29.53 29.54 29.55 29.56 29.56 29.56 29.56 29.56 29.57 29.58 29.58 29.59 29.59
30.43 30.43 30.43 30.43 30.42 30.4 30.39 30.37 30.33 30.21 30.07 30.01 30.09 30.13 30.1 30.07 30.07 30.12 30.14 30.14 30.14 30.14 30.13 30.08 29.92 29.66 29.49 29.4 29.29 29.23 29.24 29.31 29.33 29.27 29.26 29.32 29.43 29.51 29.53 29.52 29.51 29.5 29.5 29.49 29.48 29.48 29.48 29.47 29.48 29.48 29.49 29.49 29.5 29.5 29.51 29.51 29.52 29.51 29.51 29.51 29.51 29.52 29.52 29.52 29.53 29.54 29.55 29.56 29.56 29.57 29.57 29.57 29.58 29.59 29.6 29.61 29.62
30.43 30.43 30.43 30.42 30.41 30.39 30.37 30.36 30.34 30.28 30.17 30.13 30.17 30.17 30.17 30.15 30.14 30.14 30.13 30.13 30.14 30.13 30.12 30.07 29.89 29.68 29.6 29.48 29.34 29.3 29.32 29.35 29.36 29.33 29.3 29.32 29.4 29.48 29.52 29.51 29.5 29.5 29.5 29.49 29.48 29.49 29.49 29.48 29.48 29.49 29.5 29.5 29.51 29.52 29.52 29.52 29.53 29.52 29.52 29.52 29.52 29.52 29.52 29.53 29.53 29.54 29.55 29.56 29.57 29.57 29.57 29.58 29.59 29.6 29.62 29.63 29.63
30.43 30.43 30.43 30.43 30.41 30.38 30.35 30.33 30.32 30.27 30.21 30.18 30.19 30.18 30.17 30.16 30.15 30.13 30.12 30.12 30.12 30.12 30.11 30.08 30.01 29.92 29.84 29.63 29.43 29.38 29.36 29.35 29.37 29.37 29.36 29.35 29.39 29.46 29.49 29.5 29.5 29.5 29.49 29.49 29.48 29.49 29.49 29.49 29.49 29.5 29.51 29.52 29.53 29.53 29.53 29.53 29.53 29.53 29.53 29.53 29.52 29.52 29.52 29.52 29.53 29.54 29.55 29.56 29.57 29.57 29.58 29.6 29.61 29.62 29.63 29.64 29.64
30.43 30.43 30.43 30.42 30.41 30.37 30.34 30.31 30.27 30.24 30.21 30.2 30.2 30.18 30.17 30.16 30.14 30.12 30.11 30.11 30.11 30.11 30.1 30.09 30.06 30.03 29.97 29.81 29.6 29.47 29.37 29.28 29.29 29.33 29.35 29.37 29.4 29.45 29.49 29.49 29.49 29.49 29.5 29.49 29.48 29.49 29.49 29.49 29.49 29.5 29.52 29.53 29.55 29.55 29.54 29.54 29.53 29.53 29.53 29.53 29.53 29.52 29.52 29.53 29.53 29.54 29.55 29.56 29.57 29.57 29.58 29.6 29.61 29.63 29.64 29.64 29.64
30.43 30.43 30.43 30.42 30.4 30.36 30.32 30.29 30.26 30.23 30.21 30.21 30.2 30.19 30.17 30.16 30.14 30.13 30.12 30.1 30.1 30.1 30.09 30.08 30.07 30.05 30 29.91 29.74 29.54 29.33 29.16 29.2 29.28 29.33 29.36 29.4 29.45 29.48 29.49 29.49 29.49 29.5 29.49 29.48 29.49 29.49 29.49 29.5 29.51 29.52 29.54 29.56 29.56 29.55 29.55 29.54 29.54 29.53 29.53 29.53 29.52 29.53 29.53 29.53 29.54 29.55 29.56 29.57 29.57 29.59 29.6 29.62 29.64 29.64 29.64 29.64
30.43 30.43 30.42 30.4 30.38 30.35 30.32 30.28 30.25 30.23 30.22 30.21 30.21 30.2 30.18 30.17 30.15 30.14 30.12 30.11 30.1 30.09 30.08 30.07 30.05 30.04 30.01 29.95 29.8 29.54 29.3 29.15 29.28 29.4 29.41 29.39 29.39 29.44 29.47 29.49 29.49 29.49 29.5 29.49 29.48 29.49 29.49 29.5 29.51 29.52 29.54 29.56 29.56 29.56 29.56 29.55 29.55 29.54 29.54 29.53 29.53 29.53 29.53 29.53 29.53 29.54 29.55 29.56 29.57 29.58 29.59 29.61 29.62 29.64 29.65 29.65 29.64
30.43 30.43 30.41 30.38 30.36 30.34 30.31 30.28 30.26 30.24 30.23 30.23 30.23 30.21 30.2 30.18 30.16 30.14 30.12 30.11 30.1 30.09 30.07 30.06 30.04 30.03 30.01 29.97 29.84 29.6 29.35 29.19 29.42 29.63 29.63 29.49 29.39 29.42 29.47 29.48 29.49 29.5 29.5 29.5 29.5 29.5 29.5 29.51 29.52 29.53 29.55 29.57 29.57 29.57 29.57 29.56 29.56 29.55 29.54 29.54 29.53 29.53 29.52 29.52 29.53 29.53 29.55 29.56 29.58 29.59 29.6 29.61 29.62 29.64 29.65 29.65 29.65
30.43 30.42 30.4 30.37 30.34 30.32 30.3 30.29 30.28 30.26 30.26 30.25 30.25 30.23 30.21 30.18 30.16 30.14 30.12 30.11 30.1 30.09 30.07 30.06 30.04 30.02 30.01 29.98 29.9 29.76 29.51 29.29 29.45 29.67 29.7 29.53 29.4 29.42 29.47 29.49 29.5 29.51 29.52 29.53 29.53 29.52 29.52 29.53 29.54 29.55 29.56 29.58 29.58 29.58 29.58 29.57 29.56 29.55 29.55 29.54 29.54 29.53 29.53 29.52 29.52 29.53 29.55 29.58 29.59 29.6 29.6 29.61 29.62 29.64 29.65 29.65 29.65
30.43 30.42 30.39 30.36 30.33 30.32 30.3 30.3 30.3 30.29 30.28 30.28 30.27 30.24 30.22 30.19 30.17 30.15 30.13 30.11 30.11 30.1 30.07 30.05 30.03 30.01 30 29.97 29.92 29.84 29.69 29.49 29.44 29.55 29.6 29.48 29.41 29.43 29.48 29.51 29.52 29.54 29.55 29.56 29.56 29.55 29.55 29.55 29.56 29.57 29.58 29.59 29.59 29.58 29.58 29.58 29.57 29.56 29.56 29.56 29.55 29.54 29.54 29.53 29.54 29.55 29.57 29.59 29.6 29.6 29.61 29.62 29.63 29.65 29.65 29.65 29.65
30.43 30.42 30.39 30.35 30.33 30.32 30.31 30.31 30.31 30.3 30.3 30.29 30.27 30.24 30.22 30.2 30.18 30.16 30.13 30.12 30.12 30.1 30.08 30.05 30.02 30 29.98 29.95 29.91 29.86 29.78 29.66 29.54 29.51 29.52 29.47 29.46 29.47 29.5 29.53 29.55 29.57 29.58 29.58 29.58 29.57 29.57 29.57 29.58 29.57 29.58 29.58 29.58 29.58 29.58 29.58 29.58 29.57 29.57 29.57 29.56 29.56 29.56 29.55 29.56 29.57 29.59 29.6 29.61 29.62 29.63 29.64 29.65 29.66 29.66 29.66 29.66
30.43 30.42 30.4 30.37 30.34 30.33 30.32 30.32 30.31 30.31 30.3 30.29 30.27 30.25 30.23 30.21 30.19 30.17 30.14 30.13 30.12 30.1 30.07 30.05 30.02 29.99 29.97 29.93 29.89 29.84 29.78 29.71 29.64 29.58 29.54 29.53 29.53 29.52 29.53 29.54 29.57 29.59 29.6 29.6 29.59 29.59 29.58 29.58 29.58 29.57 29.57 29.58 29.58 29.58 29.59 29.59 29.59 29.58 29.58 29.58 29.58 29.58 29.59 29.58 29.58 29.59 29.61 29.63 29.64 29.65 29.66 29.66 29.67 29.67 29.66 29.66 29.66
30.43 30.43 30.42 30.38 30.35 30.34 30.33 30.33 30.32 30.31 30.31 30.29 30.27 30.25 30.24 30.22 30.2 30.18 30.16 30.14 30.12 30.1 30.07 30.05 30.02 29.99 29.96 29.93 29.88 29.83 29.77 29.71 29.66 29.61 29.58 29.58 29.57 29.56 29.56 29.57 29.59 29.6 29.61 29.61 29.6 29.6 29.59 29.59 29.58 29.57 29.57 29.57 29.58 29.59 29.6 29.61 29.6 29.59 29.59 29.59 29.6 29.61 29.61 29.61 29.6 29.62 29.65 29.67 29.67 29.67 29.68 29.68 29.67 29.67 29.67 29.67 29.67
30.43 30.43 30.42 30.4 30.37 30.36 30.35 30.34 30.33 30.32 30.31 30.29 30.28 30.27 30.25 30.23 30.21 30.19 30.17 30.15 30.13 30.1 30.07 30.05 30.02 29.99 29.95 29.92 29.87 29.83 29.78 29.71 29.66 29.62 29.6 29.59 29.58 29.59 29.58 29.59 29.61 29.61 29.61 29.61 29.61 29.6 29.6 29.59 29.59 29.58 29.58 29.58 29.6 29.61 29.62 29.62 29.61 29.61 29.6 29.6 29.62 29.62 29.62 29.62 29.62 29.64 29.68 29.7 29.69 29.69 29.68 29.68 29.68 29.68 29.67 29.67 -9999
30.43 30.43 30.43 30.41 30.4 30.38 30.36 30.35 30.33 30.32 30.31 30.3 30.29 30.28 30.26 30.23 30.22 30.2 30.19 30.16 30.14 30.11 30.07 30.04 30.01 29.98 29.94 29.91 29.86 29.82 29.78 29.72 29.66 29.63 29.61 29.59 29.58 29.58 29.58 29.59 29.6 29.61 29.61 29.61 29.61 29.61 29.6 29.6 29.6 29.6 29.59 29.6 29.61 29.62 29.63 29.63 29.63 29.62 29.61 29.62 29.63 29.63 29.63 29.64 29.64 29.67 29.7 29.71 29.7 29.7 29.69 29.69 29.68 29.68 29.68 -9999 -9999
30.43 30.43 30.43 30.43 30.42 30.4 30.37 30.35 30.33 30.32 30.31 30.3 30.29 30.28 30.26 30.24 30.23 30.22 30.2 30.18 30.15 30.11 30.08 30.04 30.01 29.99 29.95 29.92 29.87 29.82 29.76 29.71 29.68 29.65 29.61 29.56 29.55 29.56 29.55 29.56 29.58 29.59 29.59 29.6 29.61 29.61 29.61 29.61 29.61 29.61 29.61 29.61 29.62 29.64 29.66 29.65 29.65 29.63 29.63 29.63 29.64 29.64 29.65 29.65 29.67 29.7 29.71 29.71 29.71 29.7 29.7 29.69 29.69 29.69 -9999 -9999 -9999
30.43 30.43 30.43 30.43 30.43 30.41 30.38 30.35 30.33 30.32 30.31 30.3 30.3 30.29 30.27 30.26 30.24 30.23 30.21 30.19 30.15 30.12 30.08 30.05 30.04 30.01 29.97 29.93 29.87 29.82 29.75 29.73 29.73 29.7 29.63 29.54 29.5 29.49 29.48 29.48 29.5 29.54 29.54 29.56 29.58 29.59 29.6 29.61 29.62 29.62 29.62 29.62 29.63 29.65 29.67 29.67 29.66 29.66 29.65 29.65 29.65 29.66 29.68 29.69 29.71 29.73 29.73 29.72 29.71 29.71 29.71 29.7 29.69 -9999 -9999 -9999 -9999
30.43 30.43 30.43 30.43 30.43 30.41 30.38 30.35 30.33 30.32 30.3 30.3 30.3 30.29 30.28 30.27 30.26 30.23 30.21 30.19 30.16 30.13 30.09 30.07 30.04 30.01 29.97 29.92 29.87 29.81 29.76 29.76 29.78 29.74 29.64 29.53 29.48 29.45 29.42 29.38 29.38 29.41 29.43 29.46 29.51 29.54 29.56 29.58 29.59 29.61 29.62 29.62 29.64 29.66 29.68 29.69 29.68 29.68 29.68 29.68 29.68 29.7 29.72 29.73 29.74 29.74 29.73 29.73 29.72 29.72 29.71 29.7 -9999 -9999 -9999 -9999 -9999
30.43 30.43 30.43 30.43 30.43 30.4 30.37 30.35 30.34 30.32 30.31 30.3 30.3 30.3 30.29 30.28 30.27 30.25 30.23 30.2 30.17 30.14 30.11 30.07 30.03 29.99 29.93 29.88 29.83 29.78 29.74 29.77 29.77 29.72 29.6 29.5 29.52 29.57 29.58 29.51 29.42 29.37 29.34 29.36 29.42 29.47 29.51 29.54 29.56 29.58 29.61 29.62 29.64 29.67 29.7 29.71 29.71 29.71 29.71 29.71 29.72 29.73 29.75 29.76 29.75 29.75 29.74 29.73 29.73 29.72 29.71 -9999 -9999 -9999 -9999 -9999 -9999
30.43 30.43 30.43 30.43 30.42 30.39 30.37 30.36 30.34 30.33 30.32 30.31 30.31 30.31 30.3 30.29 30.28 30.26 30.24 30.2 30.17 30.13 30.1 30.06 30.01 29.94 29.87 29.8 29.75 29.73 29.72 29.74 29.73 29.62 29.48 29.46 29.58 29.73 29.82 29.79 29.67 29.57 29.43 29.36 29.4 29.47 29.49 29.51 29.53 29.56 29.59 29.62 29.65 29.68 29.71 29.73 29.73 29.73 29.74 29.75 29.76 29.76 29.77 29.77 29.77 29.75 29.75 29.74 29.74 -9999 -9999 -9999 -9999 -9999 -9999 -9999 -9999
30.43 30.43 30.43 30.43 30.42 30.39 30.37 30.35 30.34 30.33 30.32 30.32 30.32 30.32 30.31 30.3 30.28 30.26 30.23 30.19 30.14 30.09 30.06 30.02 29.96 29.88 29.81 29.77 29.76 29.76 29.75 29.74 29.68 29.53 29.43 29.52 29.69 29.84 29.92 29.92 29.89 29.81 29.65 29.49 29.49 29.53 29.54 29.52 29.53 29.56 29.59 29.62 29.66 29.7 29.73 29.75 29.76 29.76 29.77 29.79 29.79 29.79 29.79 29.78 29.78 29.76 29.75 29.75 29.74 -9999 -9999 -9999 -9999 -9999 -9999 -9999 -9999
30.42 30.42 30.42 30.42 30.42 30.39 30.37 30.35 30.33 30.33 30.33 30.33 30.34 30.33 30.32 30.3 30.27 30.24 30.2 30.15 30.1 30.05 30.01 29.96 29.87 29.81 29.78 29.78 29.79 29.82 29.81 29.79 29.71 29.57 29.5 29.6 29.78 29.9 29.96 29.98 29.97 29.93 29.81 29.65 29.6 29.61 29.62 29.61 29.6 29.6 29.6 29.62 29.66 29.71 29.75 29.77 29.78 29.8 29.81 29.82 29.82 29.81 29.8 29.79 29.78 29.77 29.76 -9999 -9999 -9999 -9999 -9999 -9999 -9999 -9999 -9999 -9999
30.42 30.42 30.42 30.42 30.42 30.4 30.39 30.37 30.34 30.33 30.33 30.34 30.34 30.33 30.31 30.29 30.26 30.22 30.17 30.13 30.07 30.02 29.95 29.85 29.77 29.74 29.72 29.7 29.71 29.76 29.8 29.8 29.76 29.68 29.6 29.64 29.79 29.91 29.97 30 30.01 29.97 29.86 29.7 29.64 29.63 29.67 29.7 29.69 29.64 29.61 29.62 29.66 29.71 29.75 29.78 29.8 29.83 29.84 29.84 29.83 29.82 29.81 29.8 29.79 29.78 -9999 -9999 -9999 -9999 -9999 -9999 -9999 -9999 -9999 -9999 -9999
30.42 30.42 30.42 30.42 30.42 30.42 30.41 30.39 30.36 30.35 30.35 30.35 30.35 30.33 30.3 30.27 30.24 30.2 30.16 30.11 30.06 29.99 29.88 29.74 29.66 29.63 29.61 29.57 29.54 29.58 29.71 29.77 29.78 29.76 29.69 29.65 29.77 29.9 29.97 30.02 30.04 29.98 29.85 29.71 29.64 29.62 29.69 29.74 29.73 29.67 29.62 29.62 29.66 29.71 29.75 29.78 29.81 29.85 29.86 29.85 29.84 29.83 29.82 29.81 29.8 -9999 -9999 -9999 -9999 -9999 -9999 -9999 -9999 -9999 -9999 -9999 -9999
-9999 30.42 30.42 30.42 30.42 30.42 30.42 30.41 30.4 30.39 30.38 30.38 30.37 30.34 30.31 30.27 30.23 30.19 30.15 30.1 30.03 29.94 29.82 29.66 29.55 29.54 29.55 29.54 29.48 29.47 29.57 29.67 29.73 29.78 29.77 29.68 29.73 29.88 29.97 30.04 30.09 30.04 29.97 29.9 29.78 29.68 29.72 29.78 29.77 29.7 29.64 29.64 29.66 29.71 29.76 29.8 29.84 29.88 29.87 29.86 29.85 29.84 29.83 29.82 -9999 -9999 -9999 -9999 -9999 -9999 -9999 -9999 -9999 -9999 -9999 -9999 -9999
-9999 -9999 30.42 30.42 30.42 30.42 30.42 30.42 30.42 30.42 30.41 30.41 30.4 30.37 30.33 30.29 30.24 30.18 30.13 30.07 29.97 29.84 29.67 29.51 29.46 29.49 29.54 29.56 29.54 29.48 29.44 29.52 29.6 29.73 29.82 29.75 29.73 29.84 29.94 30.01 30.09 30.1 30.09 30.07 29.99 29.84 29.8 29.82 29.81 29.75 29.69 29.66 29.67 29.72 29.78 29.84 29.87 29.89 29.88 29.87 29.85 29.84 29.83 -9999 -9999 -9999 -9999 -9999 -9999 -9999 -9999 -9999 -9999 -9999 -9999 -9999 -9999
-9999 -9999 -9999 30.42 30.42 30.42 30.42 30.42 30.42 30.42 30.41 30.41 30.41 30.4 30.36 30.31 30.26 30.2 30.13 30.05 29.92 29.73 29.53 29.45 29.51 29.55 29.56 29.59 29.63 29.64 29.62 29.53 29.54 29.65 29.8 29.86 29.88 29.93 29.98 30 30.08 30.12 30.12 30.1 30.06 29.95 29.88 29.87 29.85 29.78 29.72 29.69 29.69 29.74 29.82 29.88 29.91 29.9 29.89 29.88 29.87 29.85 -9999 -9999 -9999 -9999 -9999 -9999 -9999 -9999 -9999 -9999 -9999 -9999 -9999 -9999 -9999
-9999 -9999 -9999 -9999 30.42 30.42 30.42 30.42 30.41 30.41 30.41 30.41 30.41 30.41 30.39 30.36 30.31 30.26 30.19 30.09 29.89 29.65 29.54 29.7 29.92 29.99 30 29.99 30 30.03 30.03 29.9 29.72 29.69 29.76 29.9 30 30.08 30.13 30.13 30.14 30.14 30.13 30.11 30.09 30.03 29.98 29.94 29.87 29.79 29.72 29.71 29.73 29.78 29.86 29.91 29.92 29.91 29.9 29.89 29.88 -9999 -9999 -9999 -9999 -9999 -9999 -9999 -9999 -9999 -9999 -9999 -9999 -9999 -9999 -9999 -9999
-9999 -9999 -9999 -9999 -9999 30.42 30.41 30.41 30.41 30.41 30.41 30.41 30.41 30.41 30.4 30.39 30.38 30.35 30.28 30.13 29.87 29.64 29.76 30.09 30.27 30.29 30.29 30.28 30.27 30.27 30.25 30.17 29.95 29.81 29.75 29.84 29.96 30.08 30.16 30.17 30.16 30.14 30.13 30.11 30.09 30.08 30.05 29.99 29.88 29.78 29.74 29.74 29.77 29.83 29.9 29.93 29.92 29.91 29.9 29.89 29.88 -9999 -9999 -9999 -9999 -9999 -9999 -9999 -9999 -9999 -9999 -9999 -9999 -9999 -9999 -9999 -9999
-9999 -9999 -9999 -9999 -9999 -9999 30.41 30.41 30.41 30.41 30.41 30.41 30.4 30.4 30.4 30.4 30.39 30.38 30.34 30.24 30.05 29.77 30.04 30.29 30.34 30.34 30.33 30.32 30.31 30.3 30.29 30.23 30.07 29.89 29.73 29.72 29.81 29.96 30.09 30.16 30.16 30.15 30.13 30.11 30.1 30.08 30.07 30.01 29.91 29.81 29.77 29.78 29.81 29.88 29.93 29.94 29.93 29.92 29.91 29.9 29.89 -9999 -9999 -9999 -9999 -9999 -9999 -9999 -9999 -9999 -9999 -9999 -9999 -9999 -9999 -9999 -9999
-9999 -9999 -9999 -9999 -9999 -9999 -9999 -9999 30.41 30.41 30.41 30.4 30.4 30.4 30.4 30.39 30.39 30.39 30.38 30.36 30.32 30.06 30.25 30.33 30.35 30.34 30.33 30.32 30.31 30.3 30.29 30.24 30.1 29.92 29.73 29.65 29.69 29.82 29.98 30.13 30.16 30.15 30.13 30.12 30.1 30.08 30.07 30.05 29.99 29.9 29.85 29.83 29.85 29.91 29.95 29.95 29.94 29.93 29.92 29.91 -9999 -9999 -9999 -9999 -9999 -9999 -9999 -9999 -9999 -9999 -9999 -9999 -9999 -9999 -9999 -9999 -9999
