ASPA-UH-SWB2_REPO/input/Gridded_temps/prism_tmax_tutuila_30yr_normal_04.asc
ncols         350
nrows         200
xllcorner     515000
yllcorner     8409000
cellsize      100
NODATA_value  -9999
[rows 35 to 69 of 200, columns 154 to 230 of 350]
-9999 -9999 -9999 -9999 -9999 -9999 -9999 -9999 -9999 -9999 -9999 -9999 -9999 -9999 -9999 -9999 -9999 -9999 -9999 -9999 -9999 -9999 -9999 -9999 -9999 -9999 -9999 -9999 -9999 -9999 31.18 31.18 31.18 31.18 31.18 31.18 31.18 31.18 31.18 31.18 31.18 31.18 31.18 31.17 31.11 30.92 30.42 30.09 30.41 30.82 31.08 31.18 31.19 31.19 31.19 31.19 31.19 31.19 31.19 31.19 31.19 31.19 31.2 31.2 31.2 -9999 -9999 -9999 -9999 31.2 31.2 -9999 -9999 -9999 -9999 -9999 -9999
-9999 -9999 -9999 -9999 -9999 -9999 -9999 -9999 -9999 -9999 -9999 -9999 -9999 -9999 -9999 -9999 -9999 -9999 -9999 -9999 -9999 -9999 -9999 -9999 -9999 -9999 -9999 -9999 -9999 -9999 31.18 31.18 31.18 31.18 31.18 31.18 31.18 31.18 31.18 31.18 31.18 31.18 31.17 31.12 30.91 30.51 30.29 30.21 30.56 30.97 31.14 31.19 31.19 31.19 31.19 31.19 31.19 31.19 31.19 31.19 31.19 31.19 31.19 31.2 31.2 31.2 -9999 -9999 31.2 31.2 31.2 31.2 -9999 -9999 -9999 -9999 -9999
-9999 -9999 -9999 -9999 -9999 -9999 -9999 -9999 -9999 -9999 -9999 -9999 -9999 -9999 -9999 -9999 -9999 -9999 -9999 -9999 -9999 -9999 -9999 -9999 -9999 -9999 -9999 -9999 -9999 31.17 31.17 31.17 31.17 31.17 31.18 31.18 31.18 31.16 31.13 31.13 31.15 31.13 31.1 31.01 30.84 30.77 30.77 30.79 30.92 31.1 31.18 31.19 31.19 31.19 31.19 31.19 31.19 31.19 31.19 31.19 31.19 31.19 31.19 31.19 31.19 31.2 -9999 31.2 31.2 31.2 31.2 31.2 31.2 -9999 -9999 -9999 -9999
-9999 -9999 -9999 -9999 -9999 -9999 -9999 -9999 -9999 -9999 -9999 -9999 -9999 -9999 -9999 -9999 -9999 -9999 -9999 -9999 -9999 -9999 -9999 -9999 -9999 31.17 31.17 -9999 31.17 31.17 31.17 31.17 31.17 31.17 31.17 31.17 31.17 31.12 30.98 30.94 30.98 30.83 30.71 30.7 30.92 31.05 31.08 31.1 31.13 31.17 31.18 31.18 31.19 31.19 31.19 31.19 31.19 31.19 31.19 31.19 31.19 31.17 31.18 31.19 31.19 31.19 31.2 31.2 31.2 31.2 31.2 31.2 31.2 31.2 -9999 -9999 31.2
-9999 -9999 -9999 -9999 -9999 -9999 -9999 -9999 -9999 -9999 -9999 -9999 -9999 -9999 -9999 -9999 -9999 -9999 -9999 -9999 -9999 -9999 -9999 -9999 31.17 31.17 31.17 31.17 31.17 31.17 31.17 31.17 31.16 31.15 31.16 31.17 31.16 31.07 30.79 30.59 30.5 30.4 30.11 30.31 30.81 31.07 31.15 31.17 31.18 31.18 31.18 31.18 31.18 31.18 31.19 31.18 31.18 31.19 31.19 31.18 31.15 31.1 31.16 31.18 31.19 31.19 31.19 31.2 31.2 31.2 31.2 31.2 31.2 31.2 31.2 31.2 31.2
-9999 -9999 -9999 -9999 -9999 -9999 -9999 -9999 -9999 -9999 -9999 -9999 -9999 -9999 -9999 -9999 -9999 -9999 -9999 -9999 -9999 -9999 -9999 31.16 31.16 31.16 31.16 31.17 31.17 31.17 31.16 31.15 31.1 31.04 31.07 31.13 31.12 31.02 30.72 30.32 30.04 29.91 29.76 30.08 30.66 31.05 31.15 31.18 31.18 31.18 31.18 31.18 31.18 31.17 31.14 31.08 31.07 31.13 31.15 31.09 31.01 30.96 31.11 31.18 31.19 31.19 31.19 31.19 31.19 31.2 31.2 31.2 31.2 31.2 31.2 31.2 31.2
-9999 -9999 -9999 -9999 -9999 -9999 -9999 -9999 -9999 -9999 -9999 -9999 -9999 -9999 -9999 -9999 -9999 -9999 -9999 -9999 -9999 -9999 31.16 31.16 31.16 31.16 31.16 31.16 31.16 31.16 31.13 31.06 30.91 30.78 30.86 30.98 30.93 30.81 30.58 30.12 29.79 29.92 30.1 30.4 30.85 31.1 31.16 31.18 31.18 31.18 31.18 31.18 31.17 31.13 31 30.81 30.79 30.96 30.99 30.83 30.71 30.79 31.08 31.17 31.19 31.19 31.19 31.19 31.19 31.17 31.16 31.19 31.2 31.2 31.2 31.2 31.2
-9999 -9999 -9999 -9999 -9999 -9999 -9999 -9999 -9999 -9999 -9999 -9999 -9999 -9999 -9999 -9999 -9999 31.16 31.16 31.16 31.16 31.16 31.16 31.16 31.16 31.16 31.16 31.16 31.16 31.15 31.09 30.91 30.67 30.52 30.6 30.75 30.59 30.33 30.17 29.9 29.88 30.3 30.64 30.87 31.06 31.14 31.17 31.18 31.18 31.18 31.18 31.17 31.13 31.03 30.78 30.51 30.54 30.72 30.62 30.43 30.42 30.71 31.07 31.17 31.19 31.19 31.19 31.19 31.17 31.09 31.04 31.16 31.19 31.2 31.2 31.2 31.2
-9999 -9999 -9999 -9999 -9999 -9999 -9999 -9999 -9999 -9999 -9999 -9999 -9999 -9999 -9999 31.15 31.15 31.15 31.15 31.15 31.15 31.15 31.15 31.15 31.15 31.15 31.15 31.16 31.16 31.15 31.1 30.91 30.59 30.35 30.37 30.52 30.32 29.83 29.64 29.75 30 30.44 30.79 31.03 31.12 31.15 31.16 31.17 31.17 31.18 31.18 31.14 31.01 30.78 30.51 30.24 30.28 30.39 30.21 30.1 30.28 30.69 31.04 31.17 31.19 31.19 31.17 31.15 31.12 31.01 31 31.15 31.19 31.2 31.2 31.2 31.2
-9999 -9999 -9999 -9999 -9999 -9999 -9999 -9999 -9999 -9999 -9999 -9999 -9999 -9999 31.15 31.15 31.15 31.15 31.15 31.15 31.15 31.15 31.15 31.15 31.15 31.13 31.09 31.13 31.15 31.15 31.14 31.04 30.72 30.32 30.17 30.3 30.17 29.81 29.77 30.04 30.32 30.58 30.81 31.04 31.12 31.14 31.15 31.16 31.16 31.16 31.16 31.08 30.83 30.51 30.24 29.99 29.96 30 29.9 29.93 30.27 30.7 31.02 31.16 31.19 31.16 31.07 30.97 30.96 30.98 31.1 31.18 31.19 31.19 31.19 31.2 31.2
-9999 -9999 -9999 -9999 -9999 -9999 -9999 -9999 -9999 -9999 -9999 -9999 -9999 31.14 31.14 31.15 31.15 31.15 31.15 31.15 31.15 31.15 31.15 31.15 31.14 31.06 30.83 30.99 31.12 31.15 31.15 31.11 30.89 30.37 30.02 30.03 30.03 30.05 30.21 30.37 30.48 30.56 30.7 31 31.1 31.09 31.09 31.12 31.13 31.15 31.14 31.05 30.81 30.54 30.25 29.89 29.67 29.64 29.65 29.89 30.33 30.73 30.99 31.14 31.17 31.11 30.89 30.67 30.74 30.99 31.16 31.19 31.19 31.19 31.19 31.19 31.2
-9999 -9999 -9999 -9999 -9999 -9999 -9999 -9999 -9999 -9999 -9999 -9999 -9999 31.14 31.14 31.14 31.14 31.14 31.14 31.14 31.14 31.13 31.11 31.11 31.1 30.96 30.61 30.75 31.04 31.12 31.14 31.11 30.88 30.34 29.89 29.82 29.91 30.06 30.23 30.28 30.26 30.3 30.57 30.94 31 30.92 30.97 31.03 31.06 31.12 31.13 31.08 30.93 30.71 30.39 29.93 29.52 29.34 29.41 29.85 30.34 30.68 30.87 31.05 31.13 31.04 30.75 30.5 30.68 31.04 31.18 31.19 31.19 31.19 31.19 31.19 31.19
-9999 -9999 -9999 -9999 -9999 -9999 -9999 -9999 -9999 -9999 -9999 -9999 31.14 31.14 31.14 31.14 31.14 31.12 31.06 31.06 31.06 31.04 30.9 30.9 30.94 30.63 30.41 30.44 30.76 31.02 31.08 31.05 30.72 30.21 29.83 29.67 29.77 29.95 30.04 29.96 29.95 30.18 30.6 30.88 30.77 30.61 30.83 30.9 30.95 31.08 31.11 31.08 30.99 30.78 30.47 30.1 29.65 29.27 29.26 29.65 30.1 30.39 30.66 30.93 31.06 30.95 30.64 30.48 30.75 31.06 31.18 31.19 31.19 31.19 31.19 31.19 31.19
-9999 -9999 -9999 -9999 -9999 -9999 -9999 -9999 -9999 -9999 -9999 31.13 31.14 31.14 31.14 31.14 31.12 31.02 30.6 30.59 30.62 30.65 30.53 30.54 30.7 30.33 30.1 30.08 30.32 30.7 30.82 30.77 30.57 30.25 30.01 29.8 29.8 29.87 29.85 29.73 29.79 30.09 30.53 30.74 30.43 30.37 30.71 30.71 30.78 31 31.06 31.01 30.95 30.81 30.58 30.25 29.73 29.25 29.15 29.39 29.7 30.12 30.53 30.86 30.98 30.86 30.53 30.4 30.69 31.05 31.17 31.19 31.19 31.19 31.19 31.19 31.19
-9999 -9999 -9999 -9999 -9999 -9999 -9999 31.13 -9999 -9999 31.13 31.13 31.13 31.13 31.13 31.13 31.13 31.03 30.57 30.19 30.19 30.34 30.37 30.35 30.45 30.19 29.85 29.82 29.88 30.19 30.32 30.19 30.2 30.19 30.02 29.82 29.75 29.74 29.67 29.57 29.63 29.89 30.38 30.46 30.08 30.19 30.54 30.5 30.6 30.88 30.96 30.89 30.84 30.74 30.55 30.3 29.84 29.33 29.08 29.19 29.49 30.03 30.51 30.78 30.82 30.65 30.36 30.36 30.75 31.08 31.18 31.19 31.19 31.17 31.15 31.15 31.15
-9999 -9999 -9999 -9999 -9999 -9999 31.13 31.13 31.13 31.13 31.13 31.13 31.13 31.13 31.13 31.13 31.12 31.02 30.54 30.09 29.99 30.07 30.15 30.15 30.2 30.01 29.69 29.65 29.66 29.87 29.97 29.78 29.75 29.8 29.7 29.65 29.59 29.53 29.44 29.37 29.51 29.81 30.21 30.14 29.82 29.96 30.27 30.27 30.4 30.69 30.81 30.76 30.67 30.54 30.21 29.98 29.66 29.24 28.91 28.98 29.36 29.96 30.46 30.6 30.55 30.3 30.09 30.33 30.79 31.1 31.18 31.19 31.18 31.09 30.98 30.91 30.93
-9999 -9999 -9999 -9999 -9999 31.12 31.12 31.12 31.12 31.12 31.12 31.12 31.12 31.12 31.13 31.12 31.07 30.84 30.28 29.97 29.87 29.85 29.89 29.94 29.97 29.86 29.55 29.49 29.51 29.61 29.7 29.54 29.45 29.51 29.5 29.49 29.41 29.28 29.16 29.18 29.42 29.7 29.97 29.77 29.6 29.75 29.92 30.03 30.18 30.39 30.5 30.59 30.45 30.33 29.87 29.49 29.28 29 28.76 28.9 29.25 29.84 30.28 30.25 30.15 29.88 29.84 30.25 30.77 31.1 31.18 31.18 31.16 31.03 30.72 30.51 30.61
-9999 -9999 -9999 -9999 31.12 31.12 31.12 31.12 31.12 31.12 31.12 31.12 31.12 31.12 31.12 31.11 31.03 30.5 29.99 29.82 29.74 29.65 29.62 29.7 29.79 29.71 29.46 29.35 29.38 29.41 29.5 29.38 29.21 29.25 29.33 29.32 29.23 29.07 28.95 29.11 29.37 29.61 29.67 29.48 29.36 29.47 29.57 29.73 29.85 29.95 30.05 30.35 30.17 29.82 29.48 29.15 28.96 28.74 28.72 28.95 29.18 29.42 29.68 29.67 29.62 29.5 29.74 30.27 30.78 31.09 31.17 31.18 31.16 31.06 30.82 30.55 30.37
-9999 -9999 -9999 -9999 31.12 31.12 31.12 31.12 31.12 31.12 31.12 31.12 31.12 31.12 31.12 31.09 30.99 30.28 29.76 29.68 29.62 29.51 29.42 29.49 29.64 29.59 29.43 29.27 29.26 29.25 29.32 29.27 29.05 29.05 29.21 29.17 29.07 28.95 28.84 29.04 29.29 29.48 29.48 29.25 29.13 29.26 29.42 29.53 29.54 29.55 29.56 29.92 29.84 29.31 29.09 28.99 28.85 28.64 28.68 28.86 28.99 29.11 29.1 29.03 29.08 29.44 29.97 30.44 30.84 31.08 31.16 31.17 31.15 31.05 30.84 30.56 30.18
-9999 -9999 -9999 31.11 31.11 31.11 31.11 31.11 31.11 31.1 31.09 31.1 31.11 31.11 31.1 31.03 30.8 30.16 29.62 29.54 29.51 29.42 29.34 29.3 29.45 29.45 29.35 29.22 29.13 29.09 29.11 29.12 28.94 28.89 29.09 29.07 28.92 28.81 28.74 28.96 29.19 29.33 29.29 29.1 28.98 29.15 29.29 29.34 29.29 29.21 29.18 29.49 29.47 29.05 28.81 28.77 28.74 28.57 28.58 28.67 28.8 28.89 28.8 28.78 29.07 29.63 30.15 30.55 30.88 31.08 31.14 31.15 31.13 31.06 30.88 30.55 30.06
-9999 31.11 31.11 31.11 31.1 31.1 31.09 31.06 31.06 31.05 30.99 31.04 31.1 31.1 31.07 30.85 30.41 30.02 29.58 29.44 29.41 29.33 29.26 29.17 29.27 29.31 29.22 29.13 29.03 28.9 28.86 28.93 28.82 28.71 28.91 28.97 28.8 28.63 28.65 28.87 29.04 29.12 29.09 28.98 28.86 29.01 29.09 29.08 29.05 28.89 28.91 29.16 29.19 28.89 28.61 28.58 28.61 28.45 28.38 28.44 28.59 28.67 28.56 28.68 29.13 29.75 30.24 30.6 30.86 31.03 31.1 31.11 31.04 30.95 30.8 30.5 29.98
31.1 31.1 31.1 31.1 31.1 31.09 31.01 30.86 30.87 30.95 30.83 30.94 31.05 31.05 30.99 30.52 30.04 29.8 29.52 29.38 29.31 29.23 29.18 29.09 29.13 29.17 29.07 28.99 28.94 28.78 28.68 28.8 28.73 28.55 28.69 28.75 28.55 28.44 28.53 28.7 28.8 28.87 28.87 28.83 28.68 28.79 28.9 28.86 28.85 28.7 28.74 28.87 28.92 28.75 28.49 28.4 28.44 28.31 28.24 28.31 28.38 28.4 28.36 28.62 29.17 29.78 30.26 30.58 30.79 30.92 31.04 31.07 30.99 30.82 30.6 30.37 29.99
31.1 31.1 31.1 31.1 31.1 31.07 30.94 30.68 30.54 30.67 30.67 30.79 30.83 30.67 30.41 29.97 29.6 29.54 29.34 29.21 29.18 29.12 29.06 29 28.98 29.04 28.93 28.83 28.8 28.71 28.59 28.68 28.62 28.4 28.44 28.5 28.22 28.09 28.27 28.47 28.63 28.76 28.78 28.7 28.59 28.62 28.72 28.67 28.65 28.54 28.48 28.54 28.63 28.48 28.31 28.28 28.36 28.36 28.44 28.52 28.4 28.35 28.37 28.64 29.24 29.79 30.16 30.43 30.59 30.7 30.85 30.98 31.01 30.89 30.7 30.49 30.29
31.09 31.09 31.09 31.09 31.09 31.07 30.96 30.69 30.44 30.35 30.34 30.35 30.26 30.02 29.75 29.45 29.22 29.31 29.2 28.99 28.96 28.98 28.91 28.86 28.77 28.81 28.74 28.63 28.57 28.48 28.39 28.51 28.44 28.12 28.08 28.15 28.19 28.26 28.56 28.91 29.17 29.33 29.37 29.33 29.1 28.84 28.65 28.48 28.46 28.37 28.23 28.23 28.32 28.28 28.34 28.61 28.83 28.92 28.98 29.12 29.01 28.76 28.64 28.63 29.17 29.63 29.9 30.1 30.2 30.29 30.54 30.81 30.96 30.94 30.81 30.66 30.46
31.09 31.09 31.09 31.09 31.08 31.05 30.93 30.63 30.37 30.13 29.95 29.88 29.78 29.55 29.35 29.17 29.01 29.07 29.07 28.85 28.76 28.79 28.69 28.66 28.55 28.52 28.5 28.36 28.22 28.09 28.06 28.17 28.13 27.82 28.05 28.42 28.71 28.93 29.33 29.73 29.95 30.06 30.07 30.1 29.89 29.65 29.36 29.12 28.95 28.59 28.2 28.12 28.24 28.43 28.62 29.13 29.54 29.66 29.66 29.82 29.78 29.55 29.15 28.91 29.04 29.25 29.46 29.61 29.76 29.96 30.34 30.65 30.87 30.87 30.66 30.49 30.27
31.08 31.08 31.08 31.08 31.05 30.92 30.74 30.5 30.26 30.03 29.79 29.6 29.44 29.24 29.08 29.03 28.93 28.92 28.89 28.72 28.63 28.65 28.64 28.56 28.44 28.32 28.3 28.3 28.28 28.24 28.18 28.07 27.91 28.11 28.56 29.07 29.41 29.66 29.94 30.23 30.42 30.51 30.5 30.51 30.39 30.25 30.08 29.91 29.71 29.36 28.81 28.35 28.45 28.73 29.01 29.54 30.06 30.21 30.23 30.3 30.24 30.1 29.77 29.59 29.45 29.24 29.17 29.36 29.7 30.07 30.4 30.64 30.82 30.76 30.43 30.15 29.93
31.08 31.08 31.05 31 30.98 30.79 30.54 30.33 30.12 29.91 29.66 29.45 29.25 29.16 29.24 29.45 29.62 29.53 29.25 28.95 29.04 29.31 29.51 29.38 29.04 28.73 28.68 28.66 28.7 28.73 28.69 28.51 28.41 28.73 29.13 29.57 30.02 30.23 30.38 30.61 30.75 30.83 30.84 30.83 30.75 30.63 30.52 30.39 30.2 29.96 29.5 29.03 28.86 29.27 29.6 29.9 30.33 30.55 30.61 30.62 30.55 30.42 30.25 30.13 29.98 29.78 29.55 29.48 29.72 30 30.21 30.48 30.71 30.73 30.45 30.03 29.79
31.07 31.05 30.95 30.78 30.71 30.62 30.4 30.17 29.92 29.71 29.53 29.4 29.34 29.55 29.93 30.1 30.13 30.09 29.92 29.63 29.71 30 30.16 30.08 29.68 29.38 29.44 29.29 29.29 29.44 29.45 29.28 29.18 29.52 29.84 30.06 30.41 30.6 30.74 30.88 30.97 31.02 31.04 31.05 31 30.92 30.82 30.7 30.54 30.32 30.07 29.85 29.69 29.89 30.25 30.42 30.63 30.78 30.84 30.84 30.78 30.68 30.55 30.43 30.3 30.13 29.91 29.64 29.46 29.62 29.86 30.17 30.51 30.66 30.58 30.3 30.08
31.06 31.01 30.85 30.63 30.47 30.42 30.29 30.03 29.73 29.5 29.55 29.75 29.92 30.09 30.31 30.42 30.45 30.41 30.35 30.27 30.31 30.43 30.48 30.41 30.08 30.06 30.15 30.07 30.05 30.12 30.17 30.09 30.01 30.16 30.35 30.5 30.76 30.89 30.99 31.04 31.08 31.09 31.1 31.1 31.09 31.07 31.02 30.94 30.81 30.67 30.54 30.44 30.36 30.41 30.63 30.77 30.88 30.97 31 30.99 30.93 30.84 30.74 30.62 30.48 30.29 30.04 29.74 29.16 29.05 29.43 29.88 30.22 30.49 30.56 30.51 30.34
31.04 30.94 30.74 30.55 30.37 30.23 30.13 29.93 29.61 29.51 29.83 30.17 30.31 30.39 30.53 30.62 30.65 30.66 30.68 30.69 30.68 30.71 30.72 30.68 30.55 30.55 30.55 30.53 30.55 30.57 30.58 30.56 30.57 30.63 30.7 30.84 30.98 31.04 31.08 31.09 31.1 31.1 31.11 31.11 31.11 31.11 31.1 31.07 31.02 30.95 30.87 30.8 30.76 30.76 30.89 30.99 31.05 31.08 31.08 31.07 31.01 30.91 30.81 30.67 30.49 30.28 29.95 29.5 28.64 28.22 28.8 29.46 29.93 30.29 30.37 30.41 30.39
30.99 30.85 30.66 30.48 30.3 30.08 29.9 29.79 29.54 29.65 30.09 30.39 30.53 30.61 30.71 30.78 30.82 30.85 30.87 30.89 30.9 30.9 30.9 30.89 30.87 30.85 30.83 30.83 30.84 30.84 30.84 30.86 30.88 30.9 30.93 31.01 31.06 31.08 31.09 31.1 31.1 31.1 31.1 31.11 31.11 31.11 31.11 31.11 31.1 31.09 31.07 31.03 31.01 31.03 31.06 31.1 31.11 31.11 31.11 31.09 31.03 30.88 30.76 30.56 30.3 30.09 29.84 29.21 28.21 27.89 28.53 29.2 29.8 30.06 30.07 30.18 30.18
30.83 30.69 30.54 30.38 30.22 30 29.73 29.58 29.45 29.75 30.21 30.5 30.67 30.78 30.86 30.9 30.93 30.96 30.98 30.99 31.01 31.01 31.01 31.02 31.01 31 30.99 30.99 30.99 30.99 30.99 31 31.01 31.02 31.03 31.07 31.08 31.09 31.09 31.09 31.09 31.1 31.1 31.1 31.11 31.11 31.11 31.11 31.11 31.12 31.12 31.11 31.1 31.11 31.12 31.13 31.13 31.12 31.11 31.09 31 30.83 30.65 30.31 29.94 29.67 29.48 28.93 28.08 27.78 28.41 29.07 29.48 29.62 29.67 29.81 29.89
30.66 30.52 30.41 30.25 30.08 29.9 29.62 29.37 29.34 29.76 30.24 30.55 30.76 30.89 30.96 30.98 30.99 31.01 31.01 31.03 31.04 31.05 31.05 31.05 31.05 31.05 31.05 31.05 31.04 31.05 31.05 31.05 31.05 31.06 31.07 31.08 31.08 31.08 31.08 31.09 31.09 31.09 31.09 31.1 31.1 31.1 31.11 31.11 31.11 31.11 31.11 31.12 31.12 31.12 31.13 31.13 31.13 31.13 31.11 31.03 30.8 30.56 30.36 29.92 29.57 29.19 28.82 28.36 27.84 27.82 28.34 28.79 28.85 28.94 29.15 29.44 29.68
30.57 30.38 30.22 30.08 29.92 29.72 29.49 29.25 29.3 29.75 30.24 30.59 30.81 30.94 30.98 31 31 31 31.01 31.02 31.04 31.04 31.04 31.04 31.05 31.05 31.05 31.05 31.05 31.06 31.06 31.06 31.06 31.07 31.07 31.07 31.08 31.08 31.08 31.08 31.09 31.09 31.09 31.09 31.09 31.1 31.1 31.1 31.11 31.11 31.11 31.11 31.12 31.12 31.12 31.13 31.13 31.13 31.08 30.88 30.47 30.13 29.93 29.53 29.12 28.64 28.23 27.99 27.84 27.89 28.21 28.35 28.26 28.53 28.96 29.35 29.61
30.44 30.28 30.06 29.85 29.72 29.56 29.32 29.12 29.33 29.84 30.31 30.65 30.86 30.96 30.99 30.99 30.97 30.96 30.96 30.98 31 31.02 31.02 31.02 31.03 31.04 31.04 31.05 31.05 31.05 31.05 31.06 31.06 31.06 31.06 31.07 31.07 31.07 31.08 31.08 31.08 31.08 31.09 31.09 31.09 31.09 31.1 31.1 31.1 31.11 31.11 31.11 31.11 31.12 31.12 31.12 31.12 31.11 31.02 30.67 30.29 29.97 29.7 29.38 28.97 28.5 28.23 28.33 28.4 28.27 28.09 28.05 28.14 28.67 29.13 29.36 29.48
