ASPA-UH-SWB2_REPO/input/Gridded_temps/prism_tmax_tutuila_30yr_normal_09.asc
ncols         350
nrows         200
xllcorner     515000
yllcorner     8409000
cellsize      100
NODATA_value  -9999
[rows 34 to 67 of 200, columns 154 to 230 of 350]
-9999 -9999 -9999 -9999 -9999 -9999 -9999 -9999 -9999 -9999 -9999 -9999 -9999 -9999 -9999 -9999 -9999 -9999 -9999 -9999 -9999 -9999 -9999 -9999 -9999 -9999 -9999 -9999 -9999 -9999 -9999 -9999 29.99 29.99 29.99 30 30 30 30 30 30 30 30 30 29.99 29.95 29.82 29.41 29.12 29.32 29.73 29.95 30 30 30 30 30 30 30 30.01 30.01 30.01 30.01 30.01 -9999 -9999 -9999 -9999 -9999 -9999 -9999 -9999 -9999 -9999 -9999 -9999 -9999
-9999 -9999 -9999 -9999 -9999 -9999 -9999 -9999 -9999 -9999 -9999 -9999 -9999 -9999 -9999 -9999 -9999 -9999 -9999 -9999 -9999 -9999 -9999 -9999 -9999 -9999 -9999 -9999 -9999 -9999 29.99 29.99 29.99 29.99 29.99 29.99 29.99 29.99 30 30 30 30 30 29.99 29.93 29.74 29.23 28.91 29.22 29.63 29.89 29.99 30 30 30 30 30 30 30 30 30 30.01 30.01 30.01 30.01 -9999 -9999 -9999 -9999 30.01 30.01 -9999 -9999 -9999 -9999 -9999 -9999
-9999 -9999 -9999 -9999 -9999 -9999 -9999 -9999 -9999 -9999 -9999 -9999 -9999 -9999 -9999 -9999 -9999 -9999 -9999 -9999 -9999 -9999 -9999 -9999 -9999 -9999 -9999 -9999 -9999 -9999 29.99 29.99 29.99 29.99 29.99 29.99 29.99 29.99 29.99 29.99 29.99 29.99 29.99 29.94 29.73 29.33 29.11 29.02 29.37 29.78 29.96 30 30 30 30 30 30 30 30 30 30 30 30 30.01 30.01 30.01 -9999 -9999 30.01 30.01 30.01 30.01 -9999 -9999 -9999 -9999 -9999
-9999 -9999 -9999 -9999 -9999 -9999 -9999 -9999 -9999 -9999 -9999 -9999 -9999 -9999 -9999 -9999 -9999 -9999 -9999 -9999 -9999 -9999 -9999 -9999 -9999 -9999 -9999 -9999 -9999 29.99 29.99 29.99 29.99 29.99 29.99 29.99 29.99 29.98 29.95 29.95 29.96 29.94 29.91 29.82 29.65 29.59 29.58 29.6 29.73 29.91 29.99 30 30 30 30 30 30 30 30 30 30 30 30 30 30.01 30.01 -9999 30.01 30.01 30.01 30.01 30.01 30.01 -9999 -9999 -9999 -9999
-9999 -9999 -9999 -9999 -9999 -9999 -9999 -9999 -9999 -9999 -9999 -9999 -9999 -9999 -9999 -9999 -9999 -9999 -9999 -9999 -9999 -9999 -9999 -9999 -9999 29.99 29.99 -9999 29.99 29.99 29.99 29.99 29.99 29.99 29.99 29.99 29.99 29.94 29.8 29.75 29.8 29.66 29.53 29.51 29.73 29.86 29.9 29.91 29.95 29.99 30 30 30 30 30 30 30 30 30 30 30 29.99 29.99 30 30 30 30.01 30.01 30.01 30.01 30.01 30.01 30.01 30.01 -9999 -9999 30.01
-9999 -9999 -9999 -9999 -9999 -9999 -9999 -9999 -9999 -9999 -9999 -9999 -9999 -9999 -9999 -9999 -9999 -9999 -9999 -9999 -9999 -9999 -9999 -9999 29.98 29.98 29.99 29.99 29.99 29.99 29.99 29.99 29.98 29.97 29.98 29.99 29.98 29.89 29.61 29.4 29.32 29.22 28.92 29.13 29.62 29.88 29.96 29.98 29.99 30 30 30 30 30 30 29.99 29.99 30 30 29.99 29.96 29.91 29.97 29.99 30 30 30 30.01 30.01 30.01 30.01 30.01 30.01 30.01 30.01 30.01 30.01
-9999 -9999 -9999 -9999 -9999 -9999 -9999 -9999 -9999 -9999 -9999 -9999 -9999 -9999 -9999 -9999 -9999 -9999 -9999 -9999 -9999 -9999 -9999 29.98 29.98 29.98 29.98 29.98 29.98 29.98 29.98 29.97 29.91 29.86 29.89 29.95 29.94 29.84 29.54 29.14 28.86 28.73 28.58 28.9 29.47 29.86 29.96 29.99 29.99 29.99 30 30 30 29.99 29.95 29.89 29.88 29.94 29.96 29.9 29.82 29.77 29.92 29.99 30 30 30 30 30.01 30.01 30.01 30.01 30.01 30.01 30.01 30.01 30.01
-9999 -9999 -9999 -9999 -9999 -9999 -9999 -9999 -9999 -9999 -9999 -9999 -9999 -9999 -9999 -9999 -9999 -9999 -9999 -9999 -9999 -9999 29.98 29.98 29.98 29.98 29.98 29.98 29.98 29.98 29.95 29.88 29.72 29.6 29.68 29.8 29.75 29.63 29.4 28.94 28.6 28.73 28.91 29.22 29.66 29.91 29.97 29.99 29.99 29.99 29.99 29.99 29.99 29.95 29.82 29.62 29.6 29.78 29.8 29.64 29.52 29.6 29.9 29.98 30 30 30 30 30 29.98 29.97 30 30.01 30.01 30.01 30.01 30.01
-9999 -9999 -9999 -9999 -9999 -9999 -9999 -9999 -9999 -9999 -9999 -9999 -9999 -9999 -9999 -9999 -9999 29.98 29.98 29.98 29.98 29.98 29.98 29.98 29.98 29.98 29.98 29.98 29.98 29.97 29.91 29.73 29.49 29.34 29.42 29.57 29.41 29.15 28.99 28.72 28.7 29.11 29.47 29.69 29.88 29.95 29.98 29.99 29.99 29.99 29.99 29.98 29.94 29.84 29.59 29.32 29.36 29.54 29.44 29.24 29.23 29.52 29.88 29.98 30 30 30 30 29.98 29.91 29.85 29.97 30.01 30.01 30.01 30.01 30.01
-9999 -9999 -9999 -9999 -9999 -9999 -9999 -9999 -9999 -9999 -9999 -9999 -9999 -9999 -9999 29.97 29.97 29.97 29.97 29.97 29.97 29.98 29.98 29.98 29.98 29.98 29.97 29.98 29.98 29.97 29.92 29.73 29.41 29.17 29.19 29.34 29.13 28.65 28.46 28.57 28.82 29.25 29.62 29.85 29.93 29.96 29.98 29.99 29.99 29.99 29.99 29.95 29.82 29.6 29.33 29.06 29.09 29.21 29.03 28.92 29.09 29.51 29.85 29.98 30 30 29.99 29.96 29.93 29.82 29.81 29.96 30 30.01 30.01 30.01 30.01
-9999 -9999 -9999 -9999 -9999 -9999 -9999 -9999 -9999 -9999 -9999 -9999 -9999 -9999 29.97 29.97 29.97 29.97 29.97 29.97 29.97 29.97 29.97 29.97 29.97 29.95 29.91 29.95 29.98 29.98 29.96 29.86 29.54 29.14 28.99 29.11 28.98 28.63 28.59 28.85 29.14 29.4 29.62 29.86 29.94 29.96 29.96 29.98 29.98 29.98 29.97 29.89 29.64 29.33 29.06 28.81 28.77 28.81 28.72 28.75 29.08 29.52 29.83 29.97 30 29.98 29.89 29.79 29.77 29.79 29.91 29.99 30 30 30.01 30.01 30.01
-9999 -9999 -9999 -9999 -9999 -9999 -9999 -9999 -9999 -9999 -9999 -9999 -9999 29.97 29.97 29.97 29.97 29.97 29.97 29.97 29.97 29.97 29.97 29.97 29.96 29.88 29.65 29.82 29.94 29.97 29.97 29.93 29.71 29.19 28.84 28.85 28.85 28.87 29.03 29.19 29.3 29.38 29.52 29.82 29.92 29.91 29.91 29.94 29.95 29.97 29.96 29.87 29.63 29.36 29.07 28.7 28.48 28.45 28.47 28.71 29.15 29.54 29.8 29.95 29.98 29.92 29.71 29.48 29.55 29.8 29.97 30 30 30 30 30.01 30.01
-9999 -9999 -9999 -9999 -9999 -9999 -9999 -9999 -9999 -9999 -9999 -9999 -9999 29.97 29.97 29.97 29.97 29.97 29.96 29.96 29.96 29.96 29.94 29.93 29.92 29.78 29.44 29.58 29.86 29.94 29.97 29.93 29.7 29.16 28.71 28.64 28.73 28.88 29.05 29.1 29.08 29.12 29.39 29.76 29.82 29.74 29.79 29.85 29.88 29.94 29.95 29.9 29.75 29.53 29.21 28.75 28.34 28.15 28.23 28.67 29.16 29.49 29.69 29.86 29.94 29.86 29.57 29.31 29.5 29.85 29.99 30 30 30 30 30 30
-9999 -9999 -9999 -9999 -9999 -9999 -9999 -9999 -9999 -9999 -9999 -9999 29.96 29.96 29.96 29.97 29.97 29.95 29.89 29.89 29.89 29.87 29.73 29.73 29.77 29.46 29.23 29.27 29.59 29.85 29.9 29.87 29.54 29.04 28.65 28.49 28.59 28.77 28.86 28.78 28.78 29 29.42 29.7 29.59 29.43 29.65 29.72 29.77 29.9 29.93 29.9 29.81 29.6 29.29 28.92 28.46 28.09 28.08 28.47 28.92 29.21 29.48 29.75 29.88 29.76 29.45 29.3 29.56 29.87 29.99 30 30 30 30 30 30
-9999 -9999 -9999 -9999 -9999 -9999 -9999 -9999 -9999 -9999 -9999 29.96 29.96 29.96 29.96 29.96 29.95 29.84 29.42 29.41 29.45 29.48 29.36 29.37 29.51 29.16 28.92 28.9 29.15 29.53 29.65 29.59 29.4 29.08 28.84 28.63 28.63 28.7 28.68 28.55 28.61 28.91 29.35 29.56 29.26 29.19 29.53 29.53 29.6 29.82 29.88 29.83 29.77 29.63 29.4 29.06 28.54 28.06 27.96 28.21 28.52 28.93 29.34 29.67 29.79 29.67 29.35 29.22 29.5 29.86 29.98 30 30 30 30 30 30
-9999 -9999 -9999 -9999 -9999 -9999 -9999 29.96 -9999 -9999 29.96 29.96 29.96 29.96 29.96 29.96 29.96 29.86 29.4 29.02 29.02 29.17 29.2 29.18 29.28 29.02 28.68 28.65 28.71 29.02 29.15 29.02 29.02 29.01 28.84 28.64 28.58 28.57 28.49 28.39 28.45 28.71 29.21 29.29 28.9 29.01 29.36 29.32 29.42 29.7 29.78 29.71 29.66 29.56 29.37 29.12 28.66 28.15 27.9 28.01 28.3 28.85 29.33 29.6 29.63 29.46 29.17 29.17 29.56 29.89 29.99 30 30 29.98 29.96 29.96 29.96
-9999 -9999 -9999 -9999 -9999 -9999 29.96 29.96 29.96 29.96 29.96 29.96 29.96 29.96 29.96 29.96 29.95 29.85 29.37 28.92 28.82 28.9 28.97 28.98 29.03 28.84 28.51 28.48 28.48 28.69 28.79 28.61 28.57 28.63 28.52 28.47 28.42 28.36 28.26 28.19 28.33 28.63 29.03 28.96 28.64 28.78 29.1 29.1 29.22 29.51 29.63 29.58 29.48 29.36 29.03 28.8 28.48 28.05 27.72 27.79 28.17 28.77 29.28 29.42 29.36 29.11 28.9 29.14 29.6 29.92 30 30 29.99 29.9 29.79 29.72 29.74
-9999 -9999 -9999 -9999 -9999 29.95 29.95 29.95 29.95 29.95 29.95 29.95 29.95 29.95 29.96 29.95 29.9 29.67 29.11 28.8 28.7 28.68 28.72 28.77 28.8 28.69 28.37 28.32 28.34 28.44 28.52 28.37 28.27 28.33 28.32 28.31 28.23 28.11 27.98 28 28.24 28.52 28.79 28.59 28.43 28.57 28.74 28.85 29 29.21 29.32 29.41 29.27 29.15 28.69 28.31 28.1 27.82 27.58 27.72 28.07 28.66 29.1 29.07 28.97 28.7 28.66 29.06 29.58 29.91 30 30 29.98 29.85 29.53 29.32 29.42
-9999 -9999 -9999 -9999 29.95 29.95 29.95 29.95 29.95 29.95 29.95 29.95 29.95 29.95 29.95 29.94 29.86 29.33 28.82 28.65 28.57 28.48 28.45 28.53 28.62 28.54 28.29 28.18 28.21 28.24 28.33 28.21 28.03 28.07 28.16 28.14 28.06 27.9 27.78 27.94 28.2 28.43 28.49 28.3 28.19 28.3 28.39 28.55 28.67 28.77 28.87 29.17 28.99 28.64 28.3 27.97 27.78 27.56 27.54 27.77 28 28.24 28.49 28.49 28.43 28.32 28.56 29.09 29.59 29.9 29.99 29.99 29.97 29.87 29.64 29.36 29.18
-9999 -9999 -9999 -9999 29.95 29.95 29.95 29.95 29.95 29.95 29.95 29.95 29.95 29.95 29.95 29.92 29.83 29.11 28.59 28.51 28.45 28.34 28.25 28.32 28.47 28.42 28.26 28.1 28.09 28.08 28.15 28.1 27.88 27.88 28.04 27.99 27.9 27.78 27.67 27.86 28.11 28.31 28.3 28.07 27.95 28.08 28.24 28.35 28.36 28.37 28.39 28.74 28.66 28.14 27.91 27.81 27.67 27.46 27.5 27.68 27.81 27.93 27.92 27.85 27.89 28.25 28.78 29.25 29.65 29.9 29.97 29.98 29.96 29.87 29.66 29.38 28.99
-9999 -9999 -9999 29.95 29.95 29.95 29.95 29.94 29.95 29.94 29.93 29.94 29.95 29.95 29.94 29.87 29.63 28.99 28.45 28.37 28.34 28.25 28.17 28.14 28.28 28.28 28.18 28.05 27.96 27.92 27.94 27.95 27.77 27.72 27.92 27.89 27.74 27.63 27.57 27.79 28.02 28.15 28.11 27.92 27.8 27.98 28.12 28.16 28.11 28.03 28 28.31 28.29 27.88 27.63 27.59 27.56 27.39 27.4 27.49 27.62 27.71 27.62 27.6 27.88 28.45 28.97 29.37 29.7 29.89 29.95 29.96 29.94 29.87 29.7 29.37 28.87
-9999 29.94 29.94 29.94 29.94 29.94 29.92 29.89 29.9 29.89 29.82 29.87 29.93 29.94 29.9 29.68 29.25 28.86 28.42 28.27 28.24 28.16 28.09 28.01 28.1 28.14 28.05 27.96 27.86 27.73 27.69 27.76 27.65 27.54 27.74 27.79 27.63 27.46 27.47 27.69 27.86 27.94 27.91 27.81 27.68 27.84 27.92 27.9 27.87 27.71 27.73 27.98 28.01 27.71 27.43 27.4 27.43 27.27 27.2 27.26 27.41 27.49 27.38 27.49 27.95 28.56 29.06 29.42 29.68 29.84 29.92 29.92 29.85 29.76 29.61 29.31 28.79
29.94 29.94 29.94 29.94 29.94 29.93 29.84 29.7 29.7 29.79 29.67 29.78 29.89 29.89 29.83 29.36 28.88 28.64 28.35 28.21 28.15 28.06 28.01 27.92 27.97 28.01 27.9 27.82 27.78 27.61 27.51 27.63 27.56 27.38 27.52 27.58 27.38 27.27 27.36 27.53 27.63 27.7 27.7 27.65 27.5 27.62 27.73 27.68 27.67 27.53 27.56 27.69 27.74 27.57 27.31 27.22 27.26 27.13 27.06 27.13 27.2 27.22 27.18 27.44 27.99 28.6 29.08 29.39 29.6 29.73 29.86 29.89 29.81 29.63 29.42 29.18 28.8
29.94 29.94 29.93 29.93 29.93 29.91 29.77 29.52 29.38 29.51 29.51 29.62 29.67 29.51 29.24 28.8 28.44 28.38 28.18 28.05 28.02 27.95 27.9 27.84 27.82 27.87 27.76 27.66 27.64 27.54 27.42 27.51 27.45 27.23 27.27 27.33 27.05 26.92 27.1 27.3 27.46 27.58 27.61 27.52 27.41 27.45 27.55 27.5 27.48 27.37 27.31 27.37 27.45 27.3 27.13 27.1 27.18 27.18 27.26 27.34 27.22 27.17 27.19 27.46 28.06 28.61 28.98 29.25 29.4 29.51 29.67 29.8 29.82 29.7 29.51 29.31 29.1
29.93 29.93 29.93 29.93 29.93 29.91 29.8 29.53 29.28 29.19 29.18 29.19 29.1 28.86 28.59 28.28 28.06 28.15 28.04 27.83 27.8 27.82 27.75 27.7 27.61 27.64 27.58 27.46 27.4 27.31 27.23 27.34 27.27 26.95 26.91 26.98 27.02 27.09 27.4 27.74 28 28.16 28.2 28.16 27.92 27.67 27.48 27.31 27.28 27.19 27.06 27.06 27.14 27.1 27.16 27.43 27.65 27.75 27.8 27.94 27.83 27.58 27.46 27.45 27.98 28.45 28.72 28.91 29.01 29.11 29.36 29.62 29.77 29.76 29.63 29.47 29.27
29.93 29.93 29.93 29.93 29.92 29.89 29.77 29.47 29.21 28.98 28.79 28.72 28.62 28.39 28.19 28.01 27.85 27.91 27.91 27.69 27.6 27.63 27.53 27.5 27.39 27.35 27.34 27.2 27.06 26.93 26.89 27.01 26.96 26.66 26.89 27.25 27.54 27.77 28.16 28.56 28.78 28.89 28.9 28.93 28.72 28.47 28.19 27.95 27.78 27.42 27.02 26.95 27.06 27.25 27.45 27.96 28.36 28.48 28.48 28.65 28.6 28.37 27.97 27.73 27.86 28.07 28.28 28.43 28.57 28.77 29.16 29.47 29.69 29.68 29.47 29.3 29.09
29.93 29.92 29.92 29.92 29.89 29.76 29.58 29.34 29.1 28.87 28.63 28.45 28.29 28.09 27.92 27.87 27.77 27.76 27.73 27.56 27.47 27.49 27.48 27.4 27.28 27.16 27.14 27.14 27.12 27.08 27.02 26.9 26.74 26.94 27.4 27.9 28.25 28.5 28.77 29.06 29.25 29.35 29.33 29.34 29.22 29.08 28.91 28.74 28.54 28.19 27.64 27.17 27.27 27.55 27.84 28.37 28.89 29.04 29.06 29.12 29.06 28.92 28.59 28.41 28.27 28.06 27.99 28.18 28.51 28.89 29.22 29.46 29.63 29.57 29.25 28.96 28.74
29.92 29.92 29.9 29.85 29.82 29.63 29.38 29.18 28.97 28.75 28.5 28.29 28.1 28 28.09 28.29 28.46 28.37 28.09 27.79 27.88 28.15 28.35 28.22 27.88 27.57 27.52 27.5 27.53 27.56 27.53 27.34 27.25 27.57 27.97 28.41 28.85 29.06 29.21 29.45 29.59 29.66 29.67 29.66 29.58 29.46 29.35 29.21 29.03 28.79 28.33 27.85 27.68 28.09 28.43 28.73 29.15 29.37 29.43 29.44 29.37 29.24 29.07 28.95 28.8 28.6 28.37 28.3 28.54 28.81 29.02 29.29 29.52 29.54 29.26 28.85 28.61
29.92 29.9 29.8 29.62 29.55 29.47 29.25 29.02 28.77 28.56 28.38 28.25 28.19 28.39 28.78 28.95 28.98 28.94 28.76 28.47 28.56 28.84 29 28.92 28.52 28.22 28.28 28.13 28.13 28.28 28.29 28.12 28.02 28.36 28.67 28.89 29.25 29.44 29.58 29.72 29.81 29.86 29.88 29.88 29.83 29.75 29.65 29.53 29.37 29.15 28.9 28.68 28.52 28.71 29.08 29.24 29.46 29.61 29.67 29.66 29.6 29.5 29.37 29.25 29.13 28.95 28.72 28.45 28.28 28.44 28.67 28.98 29.33 29.48 29.4 29.11 28.89
29.9 29.86 29.7 29.47 29.32 29.26 29.14 28.88 28.57 28.35 28.4 28.6 28.76 28.93 29.15 29.26 29.29 29.26 29.2 29.12 29.16 29.28 29.33 29.25 28.92 28.91 29 28.91 28.89 28.96 29.01 28.93 28.85 29 29.19 29.34 29.6 29.72 29.82 29.88 29.92 29.93 29.93 29.93 29.93 29.9 29.85 29.77 29.65 29.5 29.37 29.27 29.19 29.23 29.46 29.59 29.71 29.8 29.83 29.81 29.75 29.66 29.56 29.44 29.3 29.11 28.86 28.56 27.98 27.86 28.25 28.69 29.04 29.31 29.38 29.33 29.16
29.89 29.79 29.59 29.4 29.22 29.08 28.98 28.78 28.46 28.36 28.68 29.03 29.16 29.24 29.38 29.46 29.5 29.51 29.53 29.53 29.53 29.55 29.57 29.53 29.39 29.39 29.4 29.37 29.39 29.41 29.42 29.4 29.41 29.47 29.54 29.69 29.82 29.88 29.91 29.93 29.94 29.94 29.94 29.94 29.94 29.95 29.94 29.91 29.86 29.78 29.7 29.62 29.59 29.58 29.72 29.82 29.87 29.9 29.91 29.89 29.83 29.73 29.63 29.49 29.31 29.1 28.77 28.32 27.46 27.04 27.62 28.27 28.75 29.11 29.19 29.23 29.21
29.84 29.7 29.51 29.33 29.15 28.93 28.76 28.64 28.39 28.5 28.94 29.24 29.38 29.46 29.56 29.63 29.67 29.7 29.73 29.74 29.75 29.75 29.75 29.74 29.71 29.69 29.68 29.68 29.69 29.69 29.69 29.7 29.72 29.74 29.77 29.86 29.9 29.92 29.93 29.93 29.94 29.94 29.94 29.94 29.94 29.95 29.95 29.95 29.94 29.92 29.9 29.86 29.84 29.85 29.89 29.92 29.94 29.94 29.93 29.92 29.85 29.7 29.58 29.38 29.12 28.91 28.66 28.03 27.03 26.71 27.34 28.02 28.62 28.88 28.89 29 29
29.68 29.54 29.39 29.23 29.07 28.85 28.59 28.44 28.3 28.6 29.06 29.35 29.52 29.63 29.71 29.75 29.79 29.82 29.83 29.85 29.86 29.86 29.86 29.86 29.86 29.85 29.84 29.83 29.84 29.84 29.84 29.85 29.86 29.87 29.88 29.91 29.92 29.93 29.93 29.93 29.93 29.93 29.94 29.94 29.94 29.94 29.94 29.95 29.95 29.95 29.95 29.94 29.93 29.94 29.95 29.95 29.95 29.95 29.94 29.91 29.83 29.65 29.47 29.14 28.76 28.49 28.3 27.75 26.9 26.6 27.23 27.89 28.3 28.44 28.49 28.63 28.7
29.51 29.37 29.26 29.1 28.93 28.75 28.48 28.23 28.2 28.62 29.09 29.4 29.61 29.74 29.81 29.83 29.85 29.86 29.87 29.88 29.89 29.9 29.9 29.9 29.9 29.9 29.89 29.89 29.89 29.9 29.9 29.9 29.9 29.9 29.92 29.92 29.92 29.92 29.93 29.93 29.93 29.93 29.93 29.93 29.94 29.94 29.94 29.94 29.94 29.95 29.95 29.95 29.95 29.95 29.96 29.96 29.96 29.95 29.93 29.86 29.63 29.38 29.18 28.75 28.4 28.01 27.65 27.18 26.66 26.64 27.16 27.61 27.67 27.76 27.97 28.26 28.5
