ASPA-UH-SWB2_REPO/input/Gridded_temps/prism_tmin_tutuila_30yr_normal_07.asc
ncols         350
nrows         200
xllcorner     515000
yllcorner     8409000
cellsize      100
NODATA_value  -9999
[rows 34 to 67 of 200, columns 154 to 230 of 350]
-9999 -9999 -9999 -9999 -9999 -9999 -9999 -9999 -9999 -9999 -9999 -9999 -9999 -9999 -9999 -9999 -9999 -9999 -9999 -9999 -9999 -9999 -9999 -9999 -9999 -9999 -9999 -9999 -9999 -9999 -9999 -9999 23.99 23.99 23.99 23.99 23.99 23.99 23.99 23.99 23.99 23.99 23.99 23.99 23.99 23.95 23.84 23.5 23.25 23.4 23.75 23.95 23.99 23.99 23.99 23.99 23.99 23.99 23.99 23.99 23.99 23.99 23.99 23.99 -9999 -9999 -9999 -9999 -9999 -9999 -9999 -9999 -9999 -9999 -9999 -9999 -9999
-9999 -9999 -9999 -9999 -9999 -9999 -9999 -9999 -9999 -9999 -9999 -9999 -9999 -9999 -9999 -9999 -9999 -9999 -9999 -9999 -9999 -9999 -9999 -9999 -9999 -9999 -9999 -9999 -9999 -9999 24 24 24 24 23.99 23.99 23.99 23.99 23.99 23.99 23.99 23.99 23.99 23.99 23.93 23.77 23.33 23.06 23.33 23.67 23.9 23.98 23.99 23.99 23.99 23.99 23.99 23.99 23.99 23.99 23.99 23.99 23.99 23.99 23.99 -9999 -9999 -9999 -9999 23.99 23.99 -9999 -9999 -9999 -9999 -9999 -9999
-9999 -9999 -9999 -9999 -9999 -9999 -9999 -9999 -9999 -9999 -9999 -9999 -9999 -9999 -9999 -9999 -9999 -9999 -9999 -9999 -9999 -9999 -9999 -9999 -9999 -9999 -9999 -9999 -9999 -9999 24 24 24 24 24 24 24 23.99 23.99 23.99 23.99 23.99 23.99 23.94 23.76 23.42 23.23 23.16 23.46 23.8 23.96 23.99 23.99 23.99 23.99 23.99 23.99 23.99 23.99 23.99 23.99 23.99 23.99 23.99 23.99 23.99 -9999 -9999 23.99 23.99 23.99 23.99 -9999 -9999 -9999 -9999 -9999
-9999 -9999 -9999 -9999 -9999 -9999 -9999 -9999 -9999 -9999 -9999 -9999 -9999 -9999 -9999 -9999 -9999 -9999 -9999 -9999 -9999 -9999 -9999 -9999 -9999 -9999 -9999 -9999 -9999 24 24 24 24 24 24 24 24 23.98 23.96 23.96 23.97 23.95 23.92 23.84 23.71 23.64 23.63 23.65 23.77 23.92 23.98 23.99 23.99 23.99 23.99 23.99 23.99 23.99 23.99 23.99 23.99 23.99 23.99 23.99 23.99 23.99 -9999 23.99 23.99 23.99 23.99 23.99 23.99 -9999 -9999 -9999 -9999
-9999 -9999 -9999 -9999 -9999 -9999 -9999 -9999 -9999 -9999 -9999 -9999 -9999 -9999 -9999 -9999 -9999 -9999 -9999 -9999 -9999 -9999 -9999 -9999 -9999 24 24 -9999 24 24 24 24 24 24 24 24 24 23.95 23.83 23.79 23.82 23.71 23.59 23.58 23.76 23.88 23.91 23.92 23.95 23.98 23.99 23.99 23.99 23.99 23.99 23.99 23.99 23.99 23.99 23.99 23.99 23.97 23.98 23.99 23.99 23.99 23.99 23.99 23.99 23.99 23.99 23.99 23.99 23.99 -9999 -9999 23.99
-9999 -9999 -9999 -9999 -9999 -9999 -9999 -9999 -9999 -9999 -9999 -9999 -9999 -9999 -9999 -9999 -9999 -9999 -9999 -9999 -9999 -9999 -9999 -9999 24 24 24 24 24 24 24 24 23.99 23.98 23.99 24 23.99 23.91 23.67 23.49 23.42 23.33 23.08 23.26 23.67 23.9 23.96 23.98 23.99 23.99 23.99 23.99 23.99 23.99 23.99 23.98 23.98 23.99 23.99 23.98 23.95 23.92 23.96 23.98 23.99 23.99 23.99 23.99 23.99 23.99 23.99 23.99 23.99 23.99 23.99 23.99 23.99
-9999 -9999 -9999 -9999 -9999 -9999 -9999 -9999 -9999 -9999 -9999 -9999 -9999 -9999 -9999 -9999 -9999 -9999 -9999 -9999 -9999 -9999 -9999 24 24 24 24 24 24 24 24 23.98 23.94 23.89 23.91 23.96 23.95 23.86 23.6 23.27 23.03 22.93 22.79 23.05 23.55 23.89 23.97 23.99 23.99 23.99 23.99 23.99 23.99 23.99 23.95 23.9 23.89 23.94 23.96 23.91 23.84 23.8 23.92 23.98 23.99 23.99 23.99 23.99 23.99 23.99 23.99 23.99 23.99 23.99 23.99 23.99 23.99
-9999 -9999 -9999 -9999 -9999 -9999 -9999 -9999 -9999 -9999 -9999 -9999 -9999 -9999 -9999 -9999 -9999 -9999 -9999 -9999 -9999 -9999 24 24 24 24 24 24 24 24 23.97 23.91 23.78 23.67 23.74 23.84 23.79 23.68 23.49 23.09 22.84 22.94 23.07 23.34 23.72 23.93 23.99 24 24 24 23.99 23.99 23.99 23.96 23.84 23.68 23.66 23.8 23.82 23.69 23.58 23.66 23.9 23.98 23.99 23.99 23.99 23.99 23.99 23.97 23.95 23.99 23.99 23.99 23.99 23.99 23.99
-9999 -9999 -9999 -9999 -9999 -9999 -9999 -9999 -9999 -9999 -9999 -9999 -9999 -9999 -9999 -9999 -9999 24 24 24 24 24 24 24 24 24 24 24 24 23.99 23.94 23.79 23.58 23.45 23.52 23.64 23.5 23.28 23.14 22.93 22.91 23.24 23.53 23.74 23.9 23.97 23.99 24 24 24 24 23.99 23.95 23.86 23.65 23.42 23.45 23.59 23.51 23.35 23.34 23.58 23.88 23.98 23.99 23.99 23.99 23.99 23.97 23.91 23.86 23.96 23.99 23.99 23.99 23.99 23.99
-9999 -9999 -9999 -9999 -9999 -9999 -9999 -9999 -9999 -9999 -9999 -9999 -9999 -9999 -9999 24 24 24 24 24 24 24 24 24 24 24 24 24 24 23.99 23.95 23.79 23.51 23.3 23.33 23.45 23.27 22.85 22.69 22.8 23.01 23.36 23.67 23.87 23.95 23.98 23.99 24 24 24 24 23.97 23.84 23.66 23.42 23.19 23.22 23.31 23.16 23.07 23.22 23.57 23.86 23.97 23.99 23.99 23.98 23.96 23.93 23.84 23.83 23.96 23.99 23.99 23.99 23.99 23.99
-9999 -9999 -9999 -9999 -9999 -9999 -9999 -9999 -9999 -9999 -9999 -9999 -9999 -9999 24.01 24.01 24.01 24.01 24 24 24 24 24 24 24 23.98 23.95 23.98 24 24 23.98 23.89 23.63 23.28 23.16 23.25 23.14 22.84 22.8 23.03 23.28 23.5 23.69 23.88 23.96 23.97 23.97 23.99 23.99 23.99 23.98 23.92 23.69 23.43 23.2 22.98 22.94 22.98 22.9 22.93 23.21 23.58 23.85 23.97 23.99 23.97 23.89 23.81 23.79 23.81 23.91 23.98 23.99 23.99 23.99 23.99 23.99
-9999 -9999 -9999 -9999 -9999 -9999 -9999 -9999 -9999 -9999 -9999 -9999 -9999 24.01 24.01 24.01 24.01 24.01 24.01 24.01 24.01 24.01 24.01 24.01 24 23.92 23.75 23.87 23.98 24 24 23.96 23.76 23.33 23.03 23.04 23.03 23.05 23.19 23.32 23.41 23.48 23.61 23.85 23.94 23.93 23.93 23.95 23.97 23.98 23.97 23.89 23.68 23.46 23.21 22.89 22.7 22.67 22.69 22.89 23.26 23.6 23.83 23.95 23.98 23.92 23.74 23.55 23.61 23.82 23.96 23.99 23.99 23.99 23.99 23.99 23.99
-9999 -9999 -9999 -9999 -9999 -9999 -9999 -9999 -9999 -9999 -9999 -9999 -9999 24.01 24.01 24.01 24.01 24.01 24 24 24 24 23.98 23.98 23.96 23.83 23.57 23.67 23.9 23.98 24 23.96 23.76 23.31 22.93 22.86 22.93 23.07 23.21 23.24 23.23 23.27 23.5 23.8 23.86 23.79 23.83 23.88 23.91 23.96 23.96 23.92 23.79 23.6 23.32 22.94 22.59 22.42 22.49 22.86 23.26 23.56 23.73 23.88 23.95 23.87 23.62 23.41 23.56 23.86 23.98 23.99 23.99 23.99 23.99 23.99 23.99
-9999 -9999 -9999 -9999 -9999 -9999 -9999 -9999 -9999 -9999 -9999 -9999 24.01 24.01 24.01 24.01 24.01 23.99 23.94 23.93 23.94 23.91 23.81 23.8 23.82 23.56 23.37 23.41 23.67 23.89 23.94 23.92 23.63 23.21 22.88 22.75 22.82 22.97 23.05 22.98 22.98 23.17 23.52 23.75 23.67 23.54 23.71 23.77 23.82 23.93 23.95 23.92 23.85 23.67 23.4 23.07 22.68 22.37 22.36 22.69 23.07 23.32 23.55 23.78 23.89 23.79 23.53 23.4 23.62 23.89 23.98 23.99 23.99 23.99 23.99 23.99 23.99
-9999 -9999 -9999 -9999 -9999 -9999 -9999 -9999 -9999 -9999 -9999 24.01 24.01 24.01 24.01 24.01 24 23.9 23.59 23.54 23.57 23.6 23.49 23.5 23.61 23.33 23.12 23.1 23.3 23.62 23.72 23.67 23.51 23.24 23.03 22.85 22.85 22.91 22.89 22.78 22.83 23.08 23.46 23.63 23.39 23.35 23.6 23.61 23.67 23.86 23.91 23.86 23.81 23.69 23.49 23.2 22.75 22.34 22.26 22.47 22.73 23.09 23.43 23.71 23.82 23.71 23.44 23.33 23.57 23.87 23.97 23.99 23.99 23.99 23.99 23.99 23.99
-9999 -9999 -9999 -9999 -9999 -9999 -9999 24.01 -9999 -9999 24.01 24.01 24.01 24.01 24.01 24.01 24.01 23.92 23.53 23.21 23.21 23.32 23.35 23.34 23.42 23.2 22.91 22.88 22.93 23.19 23.31 23.2 23.19 23.18 23.03 22.86 22.81 22.8 22.73 22.64 22.7 22.93 23.33 23.4 23.1 23.17 23.46 23.43 23.52 23.75 23.83 23.76 23.72 23.63 23.46 23.24 22.85 22.42 22.2 22.29 22.56 23.01 23.42 23.65 23.68 23.54 23.29 23.29 23.62 23.9 23.98 23.99 23.99 23.98 23.96 23.96 23.95
-9999 -9999 -9999 -9999 -9999 -9999 24.01 24.01 24.01 24.01 24.01 24.01 24.01 24.01 24.01 24.01 24.01 23.92 23.51 23.13 23.04 23.1 23.17 23.17 23.2 23.04 22.77 22.73 22.74 22.92 23 22.84 22.81 22.86 22.78 22.72 22.67 22.62 22.54 22.48 22.59 22.85 23.18 23.13 22.86 22.98 23.23 23.25 23.35 23.59 23.69 23.65 23.57 23.46 23.18 22.98 22.71 22.34 22.06 22.12 22.45 22.95 23.37 23.49 23.45 23.24 23.06 23.26 23.65 23.92 23.99 23.99 23.98 23.91 23.81 23.74 23.77
-9999 -9999 -9999 -9999 -9999 24.01 24.01 24.01 24.01 24.01 24.01 24.01 24.01 24.01 24.01 24.01 23.97 23.77 23.29 23.02 22.93 22.92 22.95 22.99 23.02 22.91 22.65 22.6 22.62 22.7 22.77 22.64 22.56 22.61 22.6 22.58 22.52 22.41 22.3 22.32 22.52 22.76 22.97 22.82 22.68 22.8 22.94 23.03 23.16 23.34 23.44 23.5 23.39 23.26 22.89 22.56 22.37 22.13 21.94 22.06 22.36 22.85 23.2 23.19 23.11 22.89 22.85 23.2 23.63 23.92 23.99 23.99 23.97 23.86 23.61 23.43 23.49
-9999 -9999 -9999 -9999 24.01 24.01 24.01 24.01 24.01 24.01 24.01 24.01 24.01 24.01 24.01 24.01 23.93 23.48 23.05 22.9 22.82 22.75 22.72 22.79 22.87 22.8 22.59 22.49 22.51 22.54 22.61 22.5 22.36 22.39 22.46 22.45 22.38 22.24 22.14 22.27 22.49 22.68 22.74 22.57 22.47 22.56 22.65 22.79 22.88 22.97 23.06 23.28 23.15 22.85 22.56 22.28 22.11 21.92 21.9 22.09 22.29 22.5 22.71 22.71 22.66 22.58 22.78 23.22 23.65 23.91 23.98 23.99 23.97 23.88 23.68 23.45 23.29
-9999 -9999 -9999 -9999 24.02 24.02 24.02 24.02 24.02 24.02 24.02 24.02 24.02 24.02 24.02 24 23.9 23.29 22.87 22.78 22.73 22.63 22.56 22.61 22.74 22.7 22.55 22.43 22.41 22.4 22.47 22.42 22.23 22.23 22.35 22.32 22.24 22.13 22.04 22.21 22.42 22.58 22.57 22.38 22.27 22.38 22.52 22.61 22.62 22.63 22.64 22.94 22.87 22.42 22.23 22.14 22.01 21.84 21.86 22.02 22.13 22.23 22.22 22.17 22.21 22.51 22.96 23.36 23.7 23.92 23.98 23.98 23.97 23.88 23.7 23.45 23.14
-9999 -9999 -9999 24.02 24.02 24.02 24.02 24.02 24.02 24.01 24 24.01 24.02 24.02 24.01 23.95 23.75 23.19 22.75 22.66 22.63 22.56 22.49 22.47 22.58 22.58 22.5 22.38 22.31 22.27 22.29 22.29 22.14 22.1 22.25 22.24 22.11 22.01 21.96 22.14 22.33 22.45 22.41 22.25 22.15 22.3 22.42 22.45 22.41 22.34 22.33 22.58 22.55 22.2 21.99 21.95 21.92 21.78 21.78 21.86 21.97 22.04 21.96 21.95 22.2 22.67 23.12 23.46 23.74 23.91 23.96 23.97 23.95 23.89 23.73 23.45 23.03
-9999 24.02 24.02 24.02 24.02 24.02 24.01 23.98 23.99 23.97 23.92 23.96 24.01 24.02 23.98 23.8 23.42 23.08 22.71 22.58 22.55 22.49 22.43 22.35 22.43 22.46 22.38 22.31 22.23 22.11 22.08 22.13 22.04 21.95 22.11 22.15 22.01 21.87 21.88 22.06 22.2 22.27 22.24 22.16 22.05 22.17 22.25 22.23 22.2 22.07 22.09 22.29 22.32 22.06 21.81 21.79 21.81 21.67 21.62 21.67 21.78 21.85 21.77 21.87 22.25 22.77 23.19 23.5 23.73 23.86 23.93 23.93 23.88 23.79 23.66 23.4 22.95
24.02 24.02 24.02 24.02 24.02 24.01 23.94 23.82 23.82 23.88 23.8 23.89 23.98 23.97 23.92 23.52 23.11 22.9 22.66 22.53 22.48 22.4 22.36 22.29 22.32 22.35 22.26 22.19 22.15 22.01 21.92 22.01 21.97 21.81 21.93 21.97 21.81 21.7 21.78 21.93 22.01 22.07 22.07 22.03 21.9 21.99 22.08 22.05 22.03 21.91 21.93 22.04 22.08 21.93 21.71 21.64 21.67 21.56 21.5 21.56 21.61 21.63 21.6 21.82 22.28 22.81 23.21 23.49 23.66 23.78 23.87 23.9 23.83 23.68 23.5 23.29 22.98
24.02 24.02 24.02 24.02 24.02 24 23.88 23.67 23.56 23.65 23.66 23.75 23.78 23.66 23.43 23.05 22.75 22.68 22.52 22.4 22.37 22.31 22.27 22.21 22.19 22.23 22.14 22.06 22.03 21.95 21.85 21.92 21.87 21.68 21.71 21.75 21.53 21.41 21.57 21.73 21.89 21.99 21.99 21.92 21.83 21.85 21.94 21.89 21.87 21.77 21.72 21.77 21.84 21.71 21.57 21.55 21.61 21.61 21.67 21.73 21.63 21.6 21.61 21.84 22.34 22.81 23.13 23.36 23.49 23.59 23.72 23.83 23.85 23.75 23.58 23.4 23.23
24.02 24.02 24.02 24.02 24.02 24 23.91 23.68 23.47 23.4 23.38 23.39 23.31 23.1 22.88 22.61 22.43 22.48 22.39 22.22 22.19 22.2 22.14 22.1 22.02 22.04 21.99 21.89 21.84 21.76 21.69 21.78 21.71 21.45 21.42 21.49 21.51 21.56 21.82 22.11 22.34 22.48 22.5 22.47 22.26 22.04 21.88 21.75 21.73 21.63 21.51 21.51 21.57 21.54 21.59 21.82 22.01 22.09 22.14 22.25 22.15 21.94 21.84 21.86 22.29 22.67 22.91 23.07 23.16 23.26 23.47 23.68 23.81 23.79 23.68 23.54 23.36
24.03 24.03 24.03 24.03 24.02 23.99 23.89 23.64 23.41 23.21 23.06 23 22.91 22.71 22.54 22.38 22.25 22.29 22.29 22.1 22.02 22.04 21.96 21.93 21.84 21.81 21.78 21.67 21.55 21.44 21.41 21.5 21.46 21.2 21.39 21.71 21.95 22.14 22.48 22.82 23.01 23.1 23.1 23.13 22.95 22.74 22.48 22.28 22.14 21.82 21.51 21.42 21.52 21.67 21.84 22.28 22.62 22.72 22.72 22.86 22.82 22.62 22.28 22.08 22.2 22.38 22.54 22.66 22.79 22.99 23.29 23.55 23.73 23.73 23.55 23.4 23.21
24.03 24.03 24.03 24.03 24 23.89 23.73 23.53 23.33 23.13 22.92 22.76 22.62 22.45 22.31 22.27 22.2 22.18 22.14 22 21.92 21.94 21.95 21.89 21.76 21.65 21.63 21.63 21.6 21.58 21.52 21.43 21.32 21.45 21.83 22.27 22.56 22.77 23.01 23.25 23.41 23.5 23.48 23.48 23.37 23.25 23.11 22.97 22.79 22.49 22.01 21.62 21.71 21.93 22.18 22.63 23.07 23.19 23.21 23.27 23.22 23.1 22.81 22.65 22.53 22.38 22.32 22.46 22.73 23.06 23.33 23.53 23.68 23.64 23.37 23.12 22.91
24.03 24.03 24.01 23.97 23.94 23.78 23.56 23.39 23.22 23.03 22.81 22.63 22.47 22.39 22.46 22.64 22.77 22.69 22.45 22.2 22.28 22.51 22.68 22.56 22.27 22 21.96 21.95 21.97 22 21.96 21.8 21.72 21.99 22.33 22.7 23.09 23.27 23.39 23.58 23.7 23.76 23.77 23.76 23.69 23.59 23.49 23.37 23.21 23.01 22.61 22.19 22.05 22.4 22.69 22.94 23.3 23.49 23.54 23.54 23.48 23.37 23.22 23.1 22.98 22.81 22.62 22.56 22.76 22.99 23.17 23.4 23.6 23.62 23.37 23.03 22.81
24.03 24.02 23.93 23.79 23.73 23.64 23.46 23.26 23.05 22.86 22.71 22.61 22.57 22.74 23.06 23.18 23.23 23.17 23.04 22.79 22.86 23.1 23.22 23.16 22.83 22.57 22.61 22.48 22.49 22.61 22.61 22.47 22.39 22.67 22.94 23.13 23.42 23.59 23.7 23.82 23.9 23.94 23.95 23.95 23.91 23.84 23.75 23.65 23.51 23.32 23.11 22.91 22.77 22.94 23.25 23.39 23.57 23.69 23.74 23.73 23.68 23.6 23.48 23.38 23.27 23.11 22.92 22.69 22.54 22.68 22.87 23.14 23.42 23.55 23.48 23.25 23.06
24.03 23.98 23.85 23.66 23.53 23.48 23.37 23.15 22.89 22.71 22.75 22.91 23.05 23.19 23.38 23.47 23.49 23.46 23.41 23.34 23.38 23.48 23.52 23.45 23.17 23.15 23.23 23.16 23.14 23.19 23.24 23.17 23.1 23.23 23.37 23.52 23.73 23.84 23.92 23.97 23.99 24 24.01 24.01 24 23.97 23.93 23.86 23.75 23.62 23.5 23.41 23.35 23.39 23.58 23.69 23.79 23.86 23.88 23.87 23.82 23.74 23.65 23.55 23.42 23.26 23.03 22.77 22.28 22.18 22.51 22.89 23.18 23.41 23.47 23.42 23.28
24.02 23.93 23.76 23.6 23.45 23.33 23.24 23.07 22.79 22.72 22.99 23.28 23.39 23.46 23.58 23.66 23.69 23.69 23.7 23.71 23.7 23.73 23.73 23.7 23.59 23.58 23.58 23.56 23.57 23.59 23.6 23.58 23.58 23.63 23.69 23.81 23.93 23.98 24 24.02 24.02 24.02 24.02 24.02 24.02 24.02 24 23.98 23.93 23.87 23.79 23.73 23.69 23.69 23.8 23.88 23.93 23.95 23.96 23.94 23.89 23.79 23.71 23.59 23.43 23.25 22.96 22.58 21.84 21.47 21.97 22.53 22.94 23.24 23.31 23.35 23.31
23.98 23.86 23.7 23.55 23.39 23.21 23.06 22.95 22.75 22.83 23.21 23.47 23.59 23.66 23.74 23.8 23.84 23.86 23.88 23.9 23.9 23.9 23.9 23.89 23.86 23.85 23.83 23.83 23.83 23.83 23.83 23.84 23.85 23.87 23.9 23.96 24 24.02 24.02 24.02 24.02 24.02 24.02 24.02 24.02 24.02 24.02 24.02 24.01 23.99 23.97 23.93 23.92 23.92 23.95 23.98 23.99 23.98 23.98 23.96 23.91 23.78 23.67 23.49 23.27 23.08 22.86 22.33 21.47 21.2 21.73 22.32 22.83 23.05 23.06 23.14 23.14
23.85 23.73 23.61 23.47 23.33 23.15 22.93 22.79 22.68 22.93 23.32 23.57 23.72 23.81 23.88 23.92 23.94 23.96 23.98 23.99 24 24 24 24 23.99 23.98 23.98 23.97 23.97 23.97 23.96 23.97 23.98 23.98 23.99 24.01 24.03 24.03 24.02 24.02 24.02 24.02 24.02 24.02 24.02 24.02 24.02 24.02 24.02 24.02 24.01 24 24 24 24 24 24 24 23.99 23.96 23.89 23.73 23.57 23.28 22.97 22.73 22.56 22.09 21.37 21.13 21.64 22.2 22.56 22.68 22.72 22.83 22.89
23.71 23.59 23.5 23.37 23.22 23.06 22.83 22.62 22.61 22.95 23.35 23.62 23.8 23.91 23.97 23.99 24 24.01 24.02 24.02 24.03 24.04 24.04 24.04 24.04 24.03 24.03 24.03 24.02 24.02 24.02 24.02 24.02 24.02 24.03 24.03 24.03 24.03 24.03 24.03 24.03 24.02 24.02 24.02 24.02 24.02 24.02 24.02 24.02 24.02 24.02 24.02 24.02 24.01 24.01 24.01 24.01 24 23.99 23.91 23.72 23.51 23.33 22.96 22.65 22.32 22.01 21.6 21.17 21.14 21.58 21.97 22.02 22.1 22.27 22.52 22.72
