ASPA-UH-Flopy_REPO/Models/Basic_optimizerSpHed/Flo_py_wrkspace/Figures/GW_Head.asc
NCOLS 400
NROWS 200
XLLCENTER 515244
YLLCENTER 8410178
CELLSIZE 83.0
NODATA_value -999.0
[rows 102 to 118 of 200, columns 74 to 110 of 400]
1.736218833923339844e+01 1.771028900146484375e+01 1.804620361328125000e+01 1.837358474731445312e+01 1.869199371337890625e+01 1.897625923156738281e+01 1.924328041076660156e+01 1.950634765625000000e+01 1.975106811523437500e+01 1.998084068298339844e+01 2.020429611206054688e+01 2.041821670532226562e+01 2.063128662109375000e+01 2.079356193542480469e+01 2.091303825378417969e+01 2.103301239013671875e+01 2.113137817382812500e+01 2.118796539306640625e+01 2.120619964599609375e+01 2.118997001647949219e+01 2.113623046875000000e+01 2.103164291381835938e+01 2.088477325439453125e+01 2.072090721130371094e+01 2.053991317749023438e+01 2.033863258361816406e+01 2.011819458007812500e+01 1.987881278991699219e+01 1.962073516845703125e+01 1.934456634521484375e+01 1.905102348327636719e+01 1.875443267822265625e+01 1.843565559387207031e+01 1.808923530578613281e+01 1.773365592956542969e+01 1.737557792663574219e+01 1.701047515869140625e+01
1.767696762084960938e+01 1.802842712402343750e+01 1.836600875854492188e+01 1.868821144104003906e+01 1.899353790283203125e+01 1.928108596801757812e+01 1.955266380310058594e+01 1.980803108215332031e+01 2.004399299621582031e+01 2.026712989807128906e+01 2.048376655578613281e+01 2.068899345397949219e+01 2.088169479370117188e+01 2.104357719421386719e+01 2.117925071716308594e+01 2.129912185668945312e+01 2.138598632812500000e+01 2.143038177490234375e+01 2.143822288513183594e+01 2.141027450561523438e+01 2.134872817993164062e+01 2.125082588195800781e+01 2.111559104919433594e+01 2.095161819458007812e+01 2.076377868652343750e+01 2.055093765258789062e+01 2.031798362731933594e+01 2.005893516540527344e+01 1.977152442932128906e+01 1.946924209594726562e+01 1.915355682373046875e+01 1.883207511901855469e+01 1.848539543151855469e+01 1.810774421691894531e+01 1.771580505371093750e+01 1.731852340698242188e+01 1.691193008422851562e+01
1.794995307922363281e+01 1.830695343017578125e+01 1.864413642883300781e+01 1.895580101013183594e+01 1.925538253784179688e+01 1.954053497314453125e+01 1.981211853027343750e+01 2.006317520141601562e+01 2.028995895385742188e+01 2.050307655334472656e+01 2.071173858642578125e+01 2.090803527832031250e+01 2.108869743347167969e+01 2.124754333496093750e+01 2.138743591308593750e+01 2.150387573242187500e+01 2.158156013488769531e+01 2.162335014343261719e+01 2.162398719787597656e+01 2.158888244628906250e+01 2.152420997619628906e+01 2.142642784118652344e+01 2.129682731628417969e+01 2.113691902160644531e+01 2.094150924682617188e+01 2.071634674072265625e+01 2.046984863281250000e+01 2.019111824035644531e+01 1.987758064270019531e+01 1.954856491088867188e+01 1.920504951477050781e+01 1.884795761108398438e+01 1.846701622009277344e+01 1.806009674072265625e+01 1.763543510437011719e+01 1.719899368286132812e+01 1.675059127807617188e+01
1.817511558532714844e+01 1.853455162048339844e+01 1.886726570129394531e+01 1.916818428039550781e+01 1.946442222595214844e+01 1.974389648437500000e+01 2.001354980468750000e+01 2.026363945007324219e+01 2.048423767089843750e+01 2.068888282775878906e+01 2.089066696166992188e+01 2.108028602600097656e+01 2.125443649291992188e+01 2.140890502929687500e+01 2.154071617126464844e+01 2.165081596374511719e+01 2.173442268371582031e+01 2.177518463134765625e+01 2.176646995544433594e+01 2.172473526000976562e+01 2.165761566162109375e+01 2.155855369567871094e+01 2.143098449707031250e+01 2.127485847473144531e+01 2.107204627990722656e+01 2.083837890625000000e+01 2.057219505310058594e+01 2.027091026306152344e+01 1.994126510620117188e+01 1.958604621887207031e+01 1.921223258972167969e+01 1.882898139953613281e+01 1.841065406799316406e+01 1.796045303344726562e+01 1.749552536010742188e+01 1.701589584350585938e+01 1.652330780029296875e+01
1.834523582458496094e+01 1.869832992553710938e+01 1.901306533813476562e+01 1.932017517089843750e+01 1.962209510803222656e+01 1.989055061340332031e+01 2.014428901672363281e+01 2.038805198669433594e+01 2.061377716064453125e+01 2.082577705383300781e+01 2.102597808837890625e+01 2.121151733398437500e+01 2.138002586364746094e+01 2.152804565429687500e+01 2.165444564819335938e+01 2.175706672668457031e+01 2.183203315734863281e+01 2.187388610839843750e+01 2.186499595642089844e+01 2.182135963439941406e+01 2.175171470642089844e+01 2.165015602111816406e+01 2.151795196533203125e+01 2.135393714904785156e+01 2.115329551696777344e+01 2.092523956298828125e+01 2.064520072937011719e+01 2.031732368469238281e+01 1.996403312683105469e+01 1.958135604858398438e+01 1.917746353149414062e+01 1.875720596313476562e+01 1.830154991149902344e+01 1.781234359741210938e+01 1.730176162719726562e+01 1.677001953125000000e+01 1.621866416931152344e+01
1.845580101013183594e+01 1.880006790161132812e+01 1.910131072998046875e+01 1.940884017944335938e+01 1.970595169067382812e+01 1.997506332397460938e+01 2.022689056396484375e+01 2.046944046020507812e+01 2.070028686523437500e+01 2.091850471496582031e+01 2.112039947509765625e+01 2.130319213867187500e+01 2.146652793884277344e+01 2.160911941528320312e+01 2.173096466064453125e+01 2.182821655273437500e+01 2.189508247375488281e+01 2.193026733398437500e+01 2.192350578308105469e+01 2.188152885437011719e+01 2.180906486511230469e+01 2.170393371582031250e+01 2.156653404235839844e+01 2.139661216735839844e+01 2.119448089599609375e+01 2.096956634521484375e+01 2.067864990234375000e+01 2.032698440551757812e+01 1.995147705078125000e+01 1.954201126098632812e+01 1.910667991638183594e+01 1.864752197265625000e+01 1.815171051025390625e+01 1.762011146545410156e+01 1.705857467651367188e+01 1.646952056884765625e+01 1.585620880126953125e+01
1.847044372558593750e+01 1.882244300842285156e+01 1.914012718200683594e+01 1.944289779663085938e+01 1.974247550964355469e+01 2.001270294189453125e+01 2.026648902893066406e+01 2.051288223266601562e+01 2.074740409851074219e+01 2.096937370300292969e+01 2.117263984680175781e+01 2.135365104675292969e+01 2.151293945312500000e+01 2.165119934082031250e+01 2.176879119873046875e+01 2.186230850219726562e+01 2.192501449584960938e+01 2.195512771606445312e+01 2.194939804077148438e+01 2.190765762329101562e+01 2.183204269409179688e+01 2.172356224060058594e+01 2.158164405822753906e+01 2.140637779235839844e+01 2.119659996032714844e+01 2.095512390136718750e+01 2.066184234619140625e+01 2.031631088256835938e+01 1.992153358459472656e+01 1.947096252441406250e+01 1.899965095520019531e+01 1.850007247924804688e+01 1.796459007263183594e+01 1.739097976684570312e+01 1.677443504333496094e+01 1.612363624572753906e+01 1.544860458374023438e+01
1.841660118103027344e+01 1.877789497375488281e+01 1.911669921875000000e+01 1.942952919006347656e+01 1.972784614562988281e+01 1.999954223632812500e+01 2.025823402404785156e+01 2.051005744934082031e+01 2.074960327148437500e+01 2.098103523254394531e+01 2.119650077819824219e+01 2.136757087707519531e+01 2.151774024963378906e+01 2.165728187561035156e+01 2.177175521850585938e+01 2.185666656494140625e+01 2.191776847839355469e+01 2.194816970825195312e+01 2.194337272644042969e+01 2.190173149108886719e+01 2.182394981384277344e+01 2.171225929260253906e+01 2.156548690795898438e+01 2.138230133056640625e+01 2.116244697570800781e+01 2.090072059631347656e+01 2.059693336486816406e+01 2.024715232849121094e+01 1.983293914794921875e+01 1.935495567321777344e+01 1.885166931152343750e+01 1.831923294067382812e+01 1.774880981445312500e+01 1.712900161743164062e+01 1.645494079589843750e+01 1.573875999450683594e+01 1.498906612396240234e+01
1.833080482482910156e+01 1.868643569946289062e+01 1.903149604797363281e+01 1.935856246948242188e+01 1.965244865417480469e+01 1.993399047851562500e+01 2.020502662658691406e+01 2.046302413940429688e+01 2.070728683471679688e+01 2.094547653198242188e+01 2.116949653625488281e+01 2.133470535278320312e+01 2.147885131835937500e+01 2.161918830871582031e+01 2.173140335083007812e+01 2.181116676330566406e+01 2.187368202209472656e+01 2.190489387512207031e+01 2.190183067321777344e+01 2.186228561401367188e+01 2.178393554687500000e+01 2.166940116882324219e+01 2.151866531372070312e+01 2.132781982421875000e+01 2.109810829162597656e+01 2.082467842102050781e+01 2.049751091003417969e+01 2.011428260803222656e+01 1.967839050292968750e+01 1.919643783569335938e+01 1.867457389831542969e+01 1.811294174194335938e+01 1.750133705139160156e+01 1.683071899414062500e+01 1.610238838195800781e+01 1.532115840911865234e+01 1.448547649383544922e+01
1.819764900207519531e+01 1.855107879638671875e+01 1.889867973327636719e+01 1.922956466674804688e+01 1.953689575195312500e+01 1.982936859130859375e+01 2.010824012756347656e+01 2.037266540527343750e+01 2.062137603759765625e+01 2.085688591003417969e+01 2.107200813293457031e+01 2.124712371826171875e+01 2.139614677429199219e+01 2.152904510498046875e+01 2.164002990722656250e+01 2.172804260253906250e+01 2.179242515563964844e+01 2.182441902160644531e+01 2.182282447814941406e+01 2.178470993041992188e+01 2.170786285400390625e+01 2.159295463562011719e+01 2.143949699401855469e+01 2.124321746826171875e+01 2.100454902648925781e+01 2.071850776672363281e+01 2.037333106994628906e+01 1.997031402587890625e+01 1.951797866821289062e+01 1.901919937133789062e+01 1.847837257385253906e+01 1.787711524963378906e+01 1.722176170349121094e+01 1.651073837280273438e+01 1.573030185699462891e+01 1.488336277008056641e+01 1.396506214141845703e+01
1.799456787109375000e+01 1.837140274047851562e+01 1.872358703613281250e+01 1.906732749938964844e+01 1.937865829467773438e+01 1.967823028564453125e+01 1.996650314331054688e+01 2.023781204223632812e+01 2.049101257324218750e+01 2.072796821594238281e+01 2.094799804687500000e+01 2.112141990661621094e+01 2.126948928833007812e+01 2.140118598937988281e+01 2.151379203796386719e+01 2.160692977905273438e+01 2.167252922058105469e+01 2.170626258850097656e+01 2.170562934875488281e+01 2.166875267028808594e+01 2.159463119506835938e+01 2.148023223876953125e+01 2.132412910461425781e+01 2.112416648864746094e+01 2.088009262084960938e+01 2.058359527587890625e+01 2.022223854064941406e+01 1.980906295776367188e+01 1.934670257568359375e+01 1.882263755798339844e+01 1.825097274780273438e+01 1.761951446533203125e+01 1.694025230407714844e+01 1.619566535949707031e+01 1.535839366912841797e+01 1.444137096405029297e+01 1.344339942932128906e+01
1.773506736755371094e+01 1.812484169006347656e+01 1.849011611938476562e+01 1.884246253967285156e+01 1.916693687438964844e+01 1.947607231140136719e+01 1.977327919006347656e+01 2.005158615112304688e+01 2.031023979187011719e+01 2.054718399047851562e+01 2.076377677917480469e+01 2.094288253784179688e+01 2.109514808654785156e+01 2.123005485534667969e+01 2.134576606750488281e+01 2.144002151489257812e+01 2.150763511657714844e+01 2.154457092285156250e+01 2.154702949523925781e+01 2.151207542419433594e+01 2.143883132934570312e+01 2.132670402526855469e+01 2.117084121704101562e+01 2.096937751770019531e+01 2.071973991394042969e+01 2.041599845886230469e+01 2.004703712463378906e+01 1.962024116516113281e+01 1.913906097412109375e+01 1.860078048706054688e+01 1.800614547729492188e+01 1.734881782531738281e+01 1.663998413085937500e+01 1.586045551300048828e+01 1.498594188690185547e+01 1.401771163940429688e+01 1.294541740417480469e+01
1.742765998840332031e+01 1.782304000854492188e+01 1.820052719116210938e+01 1.856279182434082031e+01 1.890457153320312500e+01 1.922294235229492188e+01 1.952662086486816406e+01 1.981241989135742188e+01 2.007768630981445312e+01 2.031539726257324219e+01 2.052487754821777344e+01 2.070989608764648438e+01 2.086904144287109375e+01 2.100809097290039062e+01 2.112647247314453125e+01 2.122209167480468750e+01 2.129331398010253906e+01 2.133416748046875000e+01 2.134085464477539062e+01 2.130955314636230469e+01 2.123832702636718750e+01 2.112915039062500000e+01 2.097760200500488281e+01 2.077569198608398438e+01 2.052169227600097656e+01 2.021528244018554688e+01 1.984706306457519531e+01 1.940733528137207031e+01 1.890664100646972656e+01 1.835883331298828125e+01 1.774723052978515625e+01 1.708549880981445312e+01 1.635005760192871094e+01 1.553457546234130859e+01 1.464372634887695312e+01 1.364328861236572266e+01 1.251140880584716797e+01
1.706417465209960938e+01 1.747134208679199219e+01 1.785620689392089844e+01 1.823382186889648438e+01 1.859078979492187500e+01 1.891829490661621094e+01 1.922736358642578125e+01 1.951983070373535156e+01 1.979249763488769531e+01 2.003380203247070312e+01 2.024238204956054688e+01 2.042539215087890625e+01 2.058737564086914062e+01 2.073196792602539062e+01 2.085356712341308594e+01 2.095122146606445312e+01 2.102717781066894531e+01 2.107394599914550781e+01 2.108640289306640625e+01 2.106013679504394531e+01 2.099377059936523438e+01 2.088852119445800781e+01 2.074201202392578125e+01 2.054175186157226562e+01 2.028774261474609375e+01 1.998045158386230469e+01 1.961538887023925781e+01 1.917493629455566406e+01 1.866524314880371094e+01 1.810378646850585938e+01 1.748006057739257812e+01 1.680953216552734375e+01 1.605845451354980469e+01 1.523472595214843750e+01 1.433807086944580078e+01 1.332285213470458984e+01 1.216662502288818359e+01
1.664112091064453125e+01 1.706351089477539062e+01 1.745633506774902344e+01 1.784305953979492188e+01 1.821818161010742188e+01 1.855835342407226562e+01 1.887569808959960938e+01 1.917219352722167969e+01 1.945571136474609375e+01 1.970524024963378906e+01 1.990652084350585938e+01 2.008707427978515625e+01 2.025044250488281250e+01 2.040012168884277344e+01 2.052814865112304688e+01 2.062851142883300781e+01 2.070788955688476562e+01 2.076171112060546875e+01 2.078294754028320312e+01 2.076425933837890625e+01 2.070636749267578125e+01 2.060728645324707031e+01 2.046622657775878906e+01 2.027298736572265625e+01 2.001662635803222656e+01 1.970428657531738281e+01 1.933789634704589844e+01 1.890529632568359375e+01 1.839850044250488281e+01 1.782749748229980469e+01 1.719577980041503906e+01 1.651208877563476562e+01 1.576928424835205078e+01 1.495892238616943359e+01 1.406391906738281250e+01 1.305866622924804688e+01 1.191719436645507812e+01
1.615349578857421875e+01 1.659303665161132812e+01 1.700236701965332031e+01 1.739339065551757812e+01 1.778321456909179688e+01 1.814085578918457031e+01 1.847230720520019531e+01 1.877231597900390625e+01 1.906753921508789062e+01 1.932889175415039062e+01 1.951423072814941406e+01 1.969255256652832031e+01 1.986378288269042969e+01 2.001842498779296875e+01 2.015170097351074219e+01 2.025589942932128906e+01 2.033728981018066406e+01 2.039543724060058594e+01 2.042543983459472656e+01 2.041951751708984375e+01 2.037376594543457031e+01 2.028483009338378906e+01 2.014958190917968750e+01 1.996211242675781250e+01 1.970232963562011719e+01 1.938287734985351562e+01 1.900672721862792969e+01 1.857426643371582031e+01 1.808174896240234375e+01 1.752285003662109375e+01 1.690408134460449219e+01 1.623492240905761719e+01 1.550485897064208984e+01 1.470930767059326172e+01 1.383502197265625000e+01 1.285941600799560547e+01 1.175608921051025391e+01
1.560494136810302734e+01 1.604889106750488281e+01 1.648329162597656250e+01 1.688615036010742188e+01 1.728423118591308594e+01 1.766052818298339844e+01 1.800602531433105469e+01 1.831485939025878906e+01 1.860535240173339844e+01 1.886619567871093750e+01 1.906028175354003906e+01 1.924299049377441406e+01 1.942290687561035156e+01 1.958528137207031250e+01 1.972246170043945312e+01 1.983179092407226562e+01 1.991626358032226562e+01 1.997784996032714844e+01 2.001379776000976562e+01 2.001996803283691406e+01 1.998743820190429688e+01 1.991039085388183594e+01 1.977920532226562500e+01 1.958890533447265625e+01 1.933190917968750000e+01 1.900996017456054688e+01 1.863689994812011719e+01 1.821983337402343750e+01 1.775168991088867188e+01 1.721366691589355469e+01 1.661311531066894531e+01 1.595993995666503906e+01 1.525066947937011719e+01 1.448047637939453125e+01 1.363780307769775391e+01 1.270143508911132812e+01 1.165218639373779297e+01
