ASPA-UH-Flopy_REPO/Models/Basic_optimizerSpHed/Flo_py_wrkspace/Figures/GW_Head.asc
NCOLS 400
NROWS 200
XLLCENTER 515244
YLLCENTER 8410178
CELLSIZE 83.0
NODATA_value -999.0
[rows 85 to 101 of 200, columns 37 to 73 of 400]
1.000000014901161194e-01 1.000000014901161194e-01 1.000000014901161194e-01 1.000000014901161194e-01 1.000000014901161194e-01 1.000000014901161194e-01 1.000000014901161194e-01 1.000000014901161194e-01 1.000000014901161194e-01 1.000000014901161194e-01 1.000000014901161194e-01 1.000000014901161194e-01 1.000000014901161194e-01 1.000000014901161194e-01 1.000000014901161194e-01 1.000000014901161194e-01 1.000000014901161194e-01 1.000000014901161194e-01 1.000000014901161194e-01 1.000000014901161194e-01 1.000000014901161194e-01 1.000000014901161194e-01 1.000000014901161194e-01 1.000000014901161194e-01 1.104007884860038757e-01 1.192868873476982117e-01 1.000000014901161194e-01 7.103062272071838379e-01 1.568361163139343262e+00 2.303047657012939453e+00 2.931764364242553711e+00 3.475232601165771484e+00 3.930344581604003906e+00 4.315001010894775391e+00 4.655685424804687500e+00 4.962358474731445312e+00 5.316806793212890625e+00
1.000000014901161194e-01 1.000000014901161194e-01 1.000000014901161194e-01 1.000000014901161194e-01 1.000000014901161194e-01 1.000000014901161194e-01 1.000000014901161194e-01 1.000000014901161194e-01 1.000000014901161194e-01 1.000000014901161194e-01 1.000000014901161194e-01 1.000000014901161194e-01 1.000000014901161194e-01 1.000000014901161194e-01 1.000000014901161194e-01 1.000000014901161194e-01 1.000000014901161194e-01 1.000000014901161194e-01 1.000000014901161194e-01 1.000000014901161194e-01 1.000000014901161194e-01 1.000000014901161194e-01 1.000000014901161194e-01 1.000000014901161194e-01 1.000000014901161194e-01 2.271608412265777588e-01 7.201859354972839355e-01 1.512001276016235352e+00 2.358811378479003906e+00 3.133195161819458008e+00 3.818472623825073242e+00 4.407128810882568359e+00 4.910859584808349609e+00 5.345705509185791016e+00 5.735527992248535156e+00 6.100196838378906250e+00 6.463569164276123047e+00
1.000000014901161194e-01 1.000000014901161194e-01 1.000000014901161194e-01 1.000000014901161194e-01 1.000000014901161194e-01 1.000000014901161194e-01 1.000000014901161194e-01 1.000000014901161194e-01 1.000000014901161194e-01 1.000000014901161194e-01 1.000000014901161194e-01 1.000000014901161194e-01 1.000000014901161194e-01 1.000000014901161194e-01 1.000000014901161194e-01 1.000000014901161194e-01 1.000000014901161194e-01 1.000000014901161194e-01 1.000000014901161194e-01 1.000000014901161194e-01 1.000000014901161194e-01 1.000000014901161194e-01 1.000000014901161194e-01 1.000000014901161194e-01 1.000000014901161194e-01 1.000000014901161194e-01 1.014684200286865234e+00 2.183757543563842773e+00 3.149320602416992188e+00 3.977234840393066406e+00 4.708212852478027344e+00 5.337162017822265625e+00 5.871939659118652344e+00 6.337715625762939453e+00 6.753241539001464844e+00 7.147805690765380859e+00 7.522072792053222656e+00
1.000000014901161194e-01 1.000000014901161194e-01 1.000000014901161194e-01 1.000000014901161194e-01 1.000000014901161194e-01 1.000000014901161194e-01 1.000000014901161194e-01 1.000000014901161194e-01 1.000000014901161194e-01 1.000000014901161194e-01 1.000000014901161194e-01 1.000000014901161194e-01 1.000000014901161194e-01 1.000000014901161194e-01 1.000000014901161194e-01 1.000000014901161194e-01 1.000000014901161194e-01 1.000000014901161194e-01 1.000000014901161194e-01 1.000000014901161194e-01 1.000000014901161194e-01 1.000000014901161194e-01 1.000000014901161194e-01 1.000000014901161194e-01 1.000000014901161194e-01 1.000000014901161194e-01 1.715126752853393555e+00 2.970772027969360352e+00 3.991188764572143555e+00 4.840098857879638672e+00 5.568190574645996094e+00 6.225580692291259766e+00 6.802101612091064453e+00 7.283486366271972656e+00 7.711751461029052734e+00 8.121434211730957031e+00 8.507604598999023438e+00
1.000000014901161194e-01 1.000000014901161194e-01 1.000000014901161194e-01 1.000000014901161194e-01 1.000000014901161194e-01 1.000000014901161194e-01 1.000000014901161194e-01 1.000000014901161194e-01 1.000000014901161194e-01 1.000000014901161194e-01 1.000000014901161194e-01 1.000000014901161194e-01 1.000000014901161194e-01 1.000000014901161194e-01 1.000000014901161194e-01 1.000000014901161194e-01 1.000000014901161194e-01 1.000000014901161194e-01 1.000000014901161194e-01 1.000000014901161194e-01 1.000000014901161194e-01 1.000000014901161194e-01 1.000000014901161194e-01 1.000000014901161194e-01 1.000000014901161194e-01 1.159154891967773438e+00 2.670387268066406250e+00 3.879345893859863281e+00 4.873365879058837891e+00 5.700383663177490234e+00 6.414922714233398438e+00 7.067830562591552734e+00 7.646718025207519531e+00 8.153882980346679688e+00 8.608765602111816406e+00 9.030606269836425781e+00 9.427289962768554688e+00
1.000000014901161194e-01 1.000000014901161194e-01 1.000000014901161194e-01 1.000000014901161194e-01 1.000000014901161194e-01 1.000000014901161194e-01 1.000000014901161194e-01 1.000000014901161194e-01 1.000000014901161194e-01 1.000000014901161194e-01 1.000000014901161194e-01 1.000000014901161194e-01 1.000000014901161194e-01 1.000000014901161194e-01 1.000000014901161194e-01 1.000000014901161194e-01 1.000000014901161194e-01 1.000000014901161194e-01 1.000000014901161194e-01 1.000000014901161194e-01 1.000000014901161194e-01 1.000000014901161194e-01 5.234262943267822266e-01 9.086294174194335938e-01 1.366656064987182617e+00 2.560986757278442383e+00 3.772642612457275391e+00 4.840544700622558594e+00 5.761276721954345703e+00 6.552822589874267578e+00 7.254662036895751953e+00 7.891518592834472656e+00 8.461287498474121094e+00 8.982463836669921875e+00 9.458271026611328125e+00 9.879304885864257812e+00 1.028701877593994141e+01
1.000000014901161194e-01 1.000000014901161194e-01 1.000000014901161194e-01 1.000000014901161194e-01 1.000000014901161194e-01 1.000000014901161194e-01 1.000000014901161194e-01 1.000000014901161194e-01 1.000000014901161194e-01 1.000000014901161194e-01 1.000000014901161194e-01 1.000000014901161194e-01 1.000000014901161194e-01 1.000000014901161194e-01 1.000000014901161194e-01 1.000000014901161194e-01 1.000000014901161194e-01 1.000000014901161194e-01 1.000000014901161194e-01 1.000000014901161194e-01 1.000000014901161194e-01 6.700966954231262207e-01 1.553482651710510254e+00 2.216791629791259766e+00 2.921495676040649414e+00 3.869252681732177734e+00 4.868592739105224609e+00 5.809564590454101562e+00 6.646775722503662109e+00 7.390642166137695312e+00 8.072043418884277344e+00 8.692782402038574219e+00 9.255578041076660156e+00 9.771239280700683594e+00 1.025048923492431641e+01 1.067487335205078125e+01 1.109008216857910156e+01
1.000000014901161194e-01 1.000000014901161194e-01 1.000000014901161194e-01 1.000000014901161194e-01 1.000000014901161194e-01 1.000000014901161194e-01 1.000000014901161194e-01 1.000000014901161194e-01 1.000000014901161194e-01 1.000000014901161194e-01 1.084654107689857483e-01 1.411168128252029419e-01 1.354953646659851074e-01 1.000000014901161194e-01 1.000000014901161194e-01 1.000000014901161194e-01 1.000000014901161194e-01 1.000000014901161194e-01 1.000000014901161194e-01 4.268483519554138184e-01 8.955380320549011230e-01 1.765688419342041016e+00 2.606990098953247070e+00 3.364558219909667969e+00 4.147724151611328125e+00 5.015729427337646484e+00 5.903554439544677734e+00 6.754820823669433594e+00 7.529551029205322266e+00 8.237985610961914062e+00 8.883492469787597656e+00 9.472174644470214844e+00 1.002040386199951172e+01 1.052772426605224609e+01 1.099280929565429688e+01 1.142291831970214844e+01 1.183895969390869141e+01
1.000000014901161194e-01 1.000000014901161194e-01 1.000000014901161194e-01 1.000000014901161194e-01 1.000000014901161194e-01 1.000000014901161194e-01 1.000000014901161194e-01 1.000000014901161194e-01 1.000000014901161194e-01 1.000000014901161194e-01 1.000000014901161194e-01 2.441937029361724854e-01 2.431553900241851807e-01 1.000000014901161194e-01 1.000000014901161194e-01 1.000000014901161194e-01 1.000000014901161194e-01 1.000000014901161194e-01 3.546947538852691650e-01 1.103328824043273926e+00 1.879713058471679688e+00 2.743462324142456055e+00 3.596789360046386719e+00 4.393187046051025391e+00 5.194500446319580078e+00 6.018024921417236328e+00 6.846233367919921875e+00 7.648349761962890625e+00 8.397987365722656250e+00 9.066163063049316406e+00 9.666308403015136719e+00 1.022667503356933594e+01 1.076351261138916016e+01 1.126043891906738281e+01 1.171819972991943359e+01 1.214489650726318359e+01 1.255104637145996094e+01
1.000000014901161194e-01 1.000000014901161194e-01 1.000000014901161194e-01 1.000000014901161194e-01 1.000000014901161194e-01 1.000000014901161194e-01 1.000000014901161194e-01 1.000000014901161194e-01 1.000000014901161194e-01 1.000000014901161194e-01 3.539516329765319824e-01 5.570927262306213379e-01 5.562644600868225098e-01 3.324737846851348877e-01 1.000000014901161194e-01 1.000000014901161194e-01 1.000000014901161194e-01 1.000000014901161194e-01 4.829513728618621826e-01 1.621224522590637207e+00 2.650118350982666016e+00 3.610798358917236328e+00 4.513667106628417969e+00 5.332769393920898438e+00 6.127854824066162109e+00 6.918562412261962891e+00 7.704895973205566406e+00 8.469861984252929688e+00 9.197642326354980469e+00 9.819650650024414062e+00 1.038558769226074219e+01 1.093840408325195312e+01 1.147058105468750000e+01 1.196535396575927734e+01 1.241669464111328125e+01 1.283568191528320312e+01 1.322862243652343750e+01
1.000000014901161194e-01 1.000000014901161194e-01 1.000000014901161194e-01 1.000000014901161194e-01 1.000000014901161194e-01 1.000000014901161194e-01 1.000000014901161194e-01 1.546237468719482422e-01 1.000000014901161194e-01 4.522399604320526123e-01 8.079662322998046875e-01 1.001109004020690918e+00 1.029552340507507324e+00 8.807218670845031738e-01 4.772953987121582031e-01 1.000000014901161194e-01 1.000000014901161194e-01 1.000000014901161194e-01 1.000000014901161194e-01 2.081895112991333008e+00 3.387575864791870117e+00 4.431570529937744141e+00 5.352081775665283203e+00 6.185626029968261719e+00 6.970796108245849609e+00 7.734173297882080078e+00 8.484034538269042969e+00 9.204015731811523438e+00 9.881699562072753906e+00 1.048442077636718750e+01 1.104335975646972656e+01 1.159117889404296875e+01 1.212373447418212891e+01 1.262187004089355469e+01 1.306137371063232422e+01 1.348521518707275391e+01 1.386738109588623047e+01
1.000000014901161194e-01 1.000000014901161194e-01 1.000000014901161194e-01 1.000000014901161194e-01 1.000000014901161194e-01 1.000000014901161194e-01 1.591707617044448853e-01 4.212655425071716309e-01 5.819058418273925781e-01 9.976223707199096680e-01 1.320251822471618652e+00 1.534177780151367188e+00 1.622191548347473145e+00 1.568826436996459961e+00 1.331431031227111816e+00 8.044499158859252930e-01 1.000000014901161194e-01 4.943243861198425293e-01 1.495682597160339355e+00 3.029925584793090820e+00 4.254568576812744141e+00 5.267366409301757812e+00 6.158130168914794922e+00 6.971158027648925781e+00 7.733881950378417969e+00 8.471964836120605469e+00 9.190221786499023438e+00 9.875760078430175781e+00 1.050305461883544922e+01 1.108842182159423828e+01 1.164595699310302734e+01 1.218952083587646484e+01 1.271607112884521484e+01 1.320505237579345703e+01 1.364438343048095703e+01 1.406572723388671875e+01 1.444643306732177734e+01
1.000000014901161194e-01 1.000000014901161194e-01 1.000000014901161194e-01 1.000000014901161194e-01 1.000000014901161194e-01 1.000000014901161194e-01 1.000000014901161194e-01 7.377727031707763672e-01 1.151475906372070312e+00 1.543460726737976074e+00 1.872435569763183594e+00 2.120579957962036133e+00 2.282689571380615234e+00 2.346696376800537109e+00 2.306921720504760742e+00 2.151733875274658203e+00 1.962247490882873535e+00 2.034185409545898438e+00 3.076099634170532227e+00 4.177060127258300781e+00 5.203472614288330078e+00 6.121446609497070312e+00 6.948001861572265625e+00 7.718302726745605469e+00 8.447004318237304688e+00 9.146509170532226562e+00 9.825706481933593750e+00 1.047502803802490234e+01 1.107489395141601562e+01 1.164761829376220703e+01 1.220048809051513672e+01 1.273786830902099609e+01 1.325336074829101562e+01 1.373097515106201172e+01 1.417166328430175781e+01 1.458128547668457031e+01 1.495779895782470703e+01
1.000000014901161194e-01 1.000000014901161194e-01 1.000000014901161194e-01 1.000000014901161194e-01 1.000000014901161194e-01 1.000000014901161194e-01 5.152162909507751465e-01 1.161043286323547363e+00 1.657195568084716797e+00 2.091107368469238281e+00 2.459128141403198242e+00 2.751924276351928711e+00 2.981908559799194336e+00 3.149865865707397461e+00 3.268598318099975586e+00 3.362184762954711914e+00 3.498522043228149414e+00 3.824247598648071289e+00 4.503207206726074219e+00 5.317660808563232422e+00 6.165964603424072266e+00 6.983126640319824219e+00 7.738307952880859375e+00 8.446875572204589844e+00 9.122810363769531250e+00 9.778898239135742188e+00 1.041399955749511719e+01 1.102101898193359375e+01 1.160556411743164062e+01 1.216880416870117188e+01 1.271231746673583984e+01 1.323908329010009766e+01 1.374789333343505859e+01 1.422204685211181641e+01 1.465192890167236328e+01 1.504999637603759766e+01 1.542155170440673828e+01
1.000000014901161194e-01 1.000000014901161194e-01 1.000000014901161194e-01 1.000000014901161194e-01 1.000000014901161194e-01 1.000000014901161194e-01 9.668388962745666504e-01 1.643989324569702148e+00 2.190153121948242188e+00 2.656867742538452148e+00 3.058836221694946289e+00 3.393031120300292969e+00 3.673981428146362305e+00 3.924005746841430664e+00 4.154998779296875000e+00 4.405294418334960938e+00 4.718016624450683594e+00 5.141139507293701172e+00 5.701905250549316406e+00 6.361047744750976562e+00 7.087239742279052734e+00 7.813101291656494141e+00 8.504002571105957031e+00 9.153375625610351562e+00 9.779507637023925781e+00 1.039081478118896484e+01 1.098211574554443359e+01 1.155887317657470703e+01 1.212224483489990234e+01 1.266609287261962891e+01 1.319334793090820312e+01 1.370527172088623047e+01 1.420407867431640625e+01 1.467224693298339844e+01 1.508863353729248047e+01 1.548023319244384766e+01 1.585390090942382812e+01
1.000000014901161194e-01 1.000000014901161194e-01 1.000000014901161194e-01 1.000000014901161194e-01 1.000000014901161194e-01 6.854280233383178711e-01 1.520492076873779297e+00 2.188910007476806641e+00 2.747079133987426758e+00 3.227832555770874023e+00 3.645257949829101562e+00 4.008531570434570312e+00 4.335233211517333984e+00 4.646759033203125000e+00 4.959297657012939453e+00 5.307855606079101562e+00 5.698000907897949219e+00 6.141741275787353516e+00 6.665721893310546875e+00 7.272239208221435547e+00 7.921975135803222656e+00 8.580180168151855469e+00 9.220974922180175781e+00 9.828219413757324219e+00 1.041357421875000000e+01 1.098490428924560547e+01 1.154067516326904297e+01 1.208927917480468750e+01 1.262581253051757812e+01 1.314545536041259766e+01 1.365143680572509766e+01 1.414795398712158203e+01 1.462804412841796875e+01 1.507934665679931641e+01 1.549717044830322266e+01 1.589184188842773438e+01 1.626616668701171875e+01
1.000000014901161194e-01 1.000000014901161194e-01 1.000000014901161194e-01 1.000000014901161194e-01 6.917862892150878906e-01 1.442988514900207520e+00 2.148535728454589844e+00 2.761891365051269531e+00 3.308312892913818359e+00 3.789274454116821289e+00 4.212657928466796875e+00 4.599477767944335938e+00 4.968240261077880859e+00 5.320508003234863281e+00 5.680065631866455078e+00 6.070215702056884766e+00 6.498465538024902344e+00 6.947022914886474609e+00 7.455643177032470703e+00 8.051611900329589844e+00 8.673023223876953125e+00 9.282238960266113281e+00 9.878248214721679688e+00 1.045178604125976562e+01 1.100731945037841797e+01 1.154786777496337891e+01 1.207325172424316406e+01 1.259061241149902344e+01 1.309804534912109375e+01 1.359461021423339844e+01 1.408555316925048828e+01 1.456740093231201172e+01 1.503006744384765625e+01 1.547154140472412109e+01 1.589188671112060547e+01 1.628350830078125000e+01 1.665292167663574219e+01
