ASPA-UH-Flopy_REPO/Models/Basic_optimizerSpHed/Flo_py_wrkspace/Figures/GW_Head.asc
NCOLS 400
NROWS 200
XLLCENTER 515244
YLLCENTER 8410178
CELLSIZE 83.0
NODATA_value -999.0
[rows 85 to 101 of 200, columns 74 to 110 of 400]
5.700004577636718750e+00 6.047747135162353516e+00 6.333781719207763672e+00 6.573744773864746094e+00 6.743576049804687500e+00 6.855287075042724609e+00 6.914831161499023438e+00 6.926945686340332031e+00 6.943987846374511719e+00 6.957046031951904297e+00 6.998734474182128906e+00 7.104110240936279297e+00 7.250853538513183594e+00 7.418973445892333984e+00 7.570709228515625000e+00 7.705896854400634766e+00 7.790311336517333984e+00 7.784965991973876953e+00 7.703490257263183594e+00 7.533752918243408203e+00 7.283083438873291016e+00 6.920102596282958984e+00 6.416076183319091797e+00 5.741881370544433594e+00 4.854906082153320312e+00 3.724171876907348633e+00 2.424516677856445312e+00 2.382064342498779297e+00 3.512780904769897461e+00 4.472371578216552734e+00 5.164484977722167969e+00 5.661396980285644531e+00 6.009168148040771484e+00 6.308542728424072266e+00 6.603075981140136719e+00 6.865964412689208984e+00 7.107875823974609375e+00
6.847024917602539062e+00 7.174530029296875000e+00 7.442882061004638672e+00 7.677431106567382812e+00 7.867222309112548828e+00 8.018980979919433594e+00 8.125134468078613281e+00 8.177979469299316406e+00 8.228667259216308594e+00 8.293679237365722656e+00 8.359969139099121094e+00 8.463493347167968750e+00 8.569729804992675781e+00 8.679207801818847656e+00 8.789052009582519531e+00 8.895251274108886719e+00 8.965708732604980469e+00 8.956345558166503906e+00 8.862545013427734375e+00 8.698587417602539062e+00 8.484601020812988281e+00 8.186918258666992188e+00 7.781374931335449219e+00 7.267135143280029297e+00 6.650547981262207031e+00 5.961688041687011719e+00 5.375014305114746094e+00 5.324923992156982422e+00 5.802018165588378906e+00 6.364145755767822266e+00 6.821759700775146484e+00 7.178361415863037109e+00 7.466664791107177734e+00 7.750146389007568359e+00 8.023550987243652344e+00 8.243334770202636719e+00 8.418747901916503906e+00
7.908760547637939453e+00 8.238165855407714844e+00 8.509716987609863281e+00 8.747575759887695312e+00 8.955607414245605469e+00 9.132729530334472656e+00 9.270938873291015625e+00 9.358157157897949219e+00 9.425208091735839844e+00 9.518177032470703125e+00 9.601844787597656250e+00 9.704952239990234375e+00 9.781936645507812500e+00 9.860273361206054688e+00 9.959209442138671875e+00 1.005933570861816406e+01 1.011876583099365234e+01 1.009989261627197266e+01 9.988049507141113281e+00 9.839745521545410156e+00 9.674407005310058594e+00 9.458008766174316406e+00 9.172069549560546875e+00 8.810772895812988281e+00 8.409098625183105469e+00 7.988014221191406250e+00 7.675343513488769531e+00 7.623945713043212891e+00 7.823671340942382812e+00 8.120790481567382812e+00 8.405896186828613281e+00 8.646079063415527344e+00 8.867574691772460938e+00 9.096834182739257812e+00 9.320389747619628906e+00 9.506169319152832031e+00 9.645164489746093750e+00
8.882550239562988281e+00 9.224622726440429688e+00 9.521390914916992188e+00 9.766048431396484375e+00 9.993586540222167969e+00 1.018341636657714844e+01 1.033129024505615234e+01 1.045032691955566406e+01 1.054518699645996094e+01 1.064501380920410156e+01 1.074191474914550781e+01 1.083247280120849609e+01 1.090705490112304688e+01 1.099746036529541016e+01 1.110010719299316406e+01 1.118623828887939453e+01 1.121456909179687500e+01 1.117037773132324219e+01 1.107054805755615234e+01 1.095826435089111328e+01 1.083874416351318359e+01 1.069842338562011719e+01 1.052084445953369141e+01 1.029049301147460938e+01 1.003986549377441406e+01 9.765883445739746094e+00 9.547054290771484375e+00 9.486857414245605469e+00 9.556614875793457031e+00 9.695508956909179688e+00 9.856419563293457031e+00 1.000461864471435547e+01 1.015994548797607422e+01 1.033249473571777344e+01 1.049354457855224609e+01 1.063194465637207031e+01 1.076531791687011719e+01
9.799566268920898438e+00 1.014801120758056641e+01 1.045903873443603516e+01 1.072527503967285156e+01 1.097062110900878906e+01 1.116764736175537109e+01 1.132772636413574219e+01 1.147226715087890625e+01 1.159281158447265625e+01 1.169362258911132812e+01 1.179648590087890625e+01 1.189258003234863281e+01 1.198942852020263672e+01 1.208844280242919922e+01 1.218235301971435547e+01 1.223614883422851562e+01 1.224198818206787109e+01 1.220389652252197266e+01 1.213933658599853516e+01 1.207045936584472656e+01 1.199691200256347656e+01 1.192071247100830078e+01 1.182125663757324219e+01 1.167572402954101562e+01 1.151281929016113281e+01 1.133307743072509766e+01 1.113938999176025391e+01 1.104662609100341797e+01 1.104488945007324219e+01 1.107841968536376953e+01 1.115526008605957031e+01 1.124375724792480469e+01 1.134752845764160156e+01 1.146631622314453125e+01 1.156620311737060547e+01 1.165623474121093750e+01 1.174677658081054688e+01
1.067315006256103516e+01 1.103144359588623047e+01 1.134766483306884766e+01 1.162803745269775391e+01 1.187438392639160156e+01 1.207535552978515625e+01 1.225341796875000000e+01 1.242284870147705078e+01 1.256136226654052734e+01 1.267156600952148438e+01 1.277303981781005859e+01 1.288604259490966797e+01 1.299899196624755859e+01 1.310345458984375000e+01 1.318635272979736328e+01 1.321046161651611328e+01 1.321518325805664062e+01 1.320905208587646484e+01 1.319033336639404297e+01 1.316907882690429688e+01 1.314869499206542969e+01 1.312064075469970703e+01 1.305912017822265625e+01 1.295587062835693359e+01 1.282232379913330078e+01 1.267916488647460938e+01 1.252451419830322266e+01 1.241698932647705078e+01 1.235607051849365234e+01 1.232372760772705078e+01 1.233732604980468750e+01 1.238047122955322266e+01 1.244019031524658203e+01 1.250501728057861328e+01 1.255188465118408203e+01 1.259813499450683594e+01 1.263810539245605469e+01
1.148369312286376953e+01 1.185018062591552734e+01 1.217696285247802734e+01 1.246679878234863281e+01 1.271521949768066406e+01 1.291932582855224609e+01 1.311430263519287109e+01 1.330392837524414062e+01 1.346227645874023438e+01 1.358402919769287109e+01 1.369454097747802734e+01 1.381684970855712891e+01 1.393041706085205078e+01 1.403635025024414062e+01 1.411524868011474609e+01 1.414609050750732422e+01 1.416874217987060547e+01 1.418975353240966797e+01 1.421251201629638672e+01 1.423706912994384766e+01 1.426360416412353516e+01 1.425568103790283203e+01 1.420047569274902344e+01 1.412397480010986328e+01 1.399947357177734375e+01 1.386275482177734375e+01 1.374017715454101562e+01 1.362632083892822266e+01 1.352754497528076172e+01 1.345720863342285156e+01 1.341828155517578125e+01 1.341328334808349609e+01 1.342607021331787109e+01 1.343989944458007812e+01 1.344610404968261719e+01 1.345462036132812500e+01 1.345073986053466797e+01
1.222901535034179688e+01 1.259664916992187500e+01 1.293290424346923828e+01 1.323236370086669922e+01 1.349504184722900391e+01 1.370886421203613281e+01 1.391214179992675781e+01 1.411305713653564453e+01 1.428982639312744141e+01 1.443562316894531250e+01 1.456682872772216797e+01 1.469180679321289062e+01 1.481064987182617188e+01 1.491495323181152344e+01 1.499099826812744141e+01 1.505170249938964844e+01 1.510269165039062500e+01 1.514807128906250000e+01 1.519813060760498047e+01 1.525454998016357422e+01 1.529674243927001953e+01 1.529604530334472656e+01 1.525033760070800781e+01 1.517097949981689453e+01 1.505468654632568359e+01 1.493095779418945312e+01 1.481235408782958984e+01 1.467476367950439453e+01 1.454852199554443359e+01 1.445440578460693359e+01 1.438276481628417969e+01 1.433736896514892578e+01 1.431122493743896484e+01 1.427596664428710938e+01 1.424048614501953125e+01 1.421269416809082031e+01 1.416827011108398438e+01
1.293135452270507812e+01 1.328982830047607422e+01 1.362385082244873047e+01 1.392695713043212891e+01 1.419814682006835938e+01 1.442949390411376953e+01 1.464965057373046875e+01 1.486608791351318359e+01 1.505719661712646484e+01 1.522686958312988281e+01 1.538032531738281250e+01 1.551561737060546875e+01 1.564607524871826172e+01 1.575869846343994141e+01 1.583967113494873047e+01 1.591905212402343750e+01 1.599326515197753906e+01 1.606124496459960938e+01 1.612588882446289062e+01 1.618721199035644531e+01 1.621600723266601562e+01 1.621713256835937500e+01 1.618671989440917969e+01 1.609764099121093750e+01 1.598923397064208984e+01 1.587938404083251953e+01 1.575734806060791016e+01 1.561051368713378906e+01 1.546910190582275391e+01 1.534171295166015625e+01 1.524076461791992188e+01 1.515774154663085938e+01 1.510404396057128906e+01 1.502836322784423828e+01 1.493948841094970703e+01 1.487025451660156250e+01 1.479172992706298828e+01
1.359243106842041016e+01 1.393965625762939453e+01 1.426753616333007812e+01 1.456863498687744141e+01 1.484180641174316406e+01 1.509852027893066406e+01 1.534190750122070312e+01 1.557266616821289062e+01 1.578373336791992188e+01 1.596788501739501953e+01 1.614215850830078125e+01 1.628971290588378906e+01 1.642683410644531250e+01 1.654903602600097656e+01 1.664525794982910156e+01 1.673557662963867188e+01 1.682448196411132812e+01 1.690946388244628906e+01 1.697429466247558594e+01 1.702749633789062500e+01 1.703944969177246094e+01 1.702257156372070312e+01 1.699096679687500000e+01 1.691753387451171875e+01 1.681540870666503906e+01 1.670708465576171875e+01 1.658670425415039062e+01 1.644434738159179688e+01 1.629387474060058594e+01 1.614048957824707031e+01 1.600702857971191406e+01 1.588376235961914062e+01 1.578891944885253906e+01 1.568348121643066406e+01 1.555471706390380859e+01 1.544389533996582031e+01 1.533508586883544922e+01
1.422031784057617188e+01 1.455804634094238281e+01 1.487436389923095703e+01 1.517189979553222656e+01 1.545463657379150391e+01 1.572743129730224609e+01 1.598046875000000000e+01 1.621603393554687500e+01 1.644677352905273438e+01 1.665721511840820312e+01 1.683811950683593750e+01 1.699584388732910156e+01 1.713296127319335938e+01 1.725841903686523438e+01 1.737443161010742188e+01 1.748450088500976562e+01 1.759295082092285156e+01 1.768005371093750000e+01 1.774091148376464844e+01 1.777785491943359375e+01 1.777521324157714844e+01 1.774490928649902344e+01 1.770262718200683594e+01 1.763490486145019531e+01 1.753797531127929688e+01 1.742959594726562500e+01 1.730304908752441406e+01 1.715585327148437500e+01 1.699734306335449219e+01 1.683327102661132812e+01 1.666737365722656250e+01 1.651165580749511719e+01 1.637466239929199219e+01 1.624001884460449219e+01 1.608997535705566406e+01 1.594196510314941406e+01 1.580389785766601562e+01
1.479522037506103516e+01 1.512409496307373047e+01 1.543396854400634766e+01 1.573276805877685547e+01 1.602622795104980469e+01 1.631316947937011719e+01 1.657435989379882812e+01 1.681808662414550781e+01 1.705704116821289062e+01 1.728153610229492188e+01 1.748215293884277344e+01 1.764979171752929688e+01 1.778822898864746094e+01 1.792019081115722656e+01 1.805208778381347656e+01 1.817978286743164062e+01 1.828936195373535156e+01 1.836896514892578125e+01 1.843147087097167969e+01 1.846019172668457031e+01 1.844518280029296875e+01 1.840088272094726562e+01 1.833997726440429688e+01 1.826477241516113281e+01 1.816825866699218750e+01 1.805710792541503906e+01 1.792161178588867188e+01 1.776557350158691406e+01 1.759714508056640625e+01 1.742253684997558594e+01 1.723931121826171875e+01 1.705603599548339844e+01 1.688245964050292969e+01 1.672051429748535156e+01 1.655016136169433594e+01 1.636403274536132812e+01 1.619067573547363281e+01
1.530675029754638672e+01 1.563387489318847656e+01 1.594580841064453125e+01 1.625236129760742188e+01 1.655233383178710938e+01 1.684926223754882812e+01 1.712271308898925781e+01 1.737596893310546875e+01 1.761677169799804688e+01 1.784863281250000000e+01 1.806832504272460938e+01 1.824217796325683594e+01 1.839266586303710938e+01 1.854043769836425781e+01 1.868426513671875000e+01 1.881260490417480469e+01 1.891416358947753906e+01 1.899512863159179688e+01 1.905370903015136719e+01 1.907283973693847656e+01 1.905403518676757812e+01 1.899876976013183594e+01 1.891156196594238281e+01 1.881819343566894531e+01 1.871453094482421875e+01 1.859471130371093750e+01 1.845043182373046875e+01 1.828662872314453125e+01 1.810810470581054688e+01 1.792101287841796875e+01 1.773000335693359375e+01 1.752291297912597656e+01 1.731290245056152344e+01 1.711684608459472656e+01 1.691968536376953125e+01 1.670691871643066406e+01 1.649954223632812500e+01
1.577303600311279297e+01 1.610477256774902344e+01 1.642618370056152344e+01 1.673984336853027344e+01 1.704619598388671875e+01 1.734387207031250000e+01 1.762248420715332031e+01 1.788152503967285156e+01 1.812819099426269531e+01 1.836638259887695312e+01 1.858568382263183594e+01 1.876835250854492188e+01 1.893896865844726562e+01 1.910426139831542969e+01 1.925741386413574219e+01 1.938192749023437500e+01 1.947944259643554688e+01 1.956123161315917969e+01 1.961731338500976562e+01 1.961800575256347656e+01 1.958432388305664062e+01 1.952040100097656250e+01 1.942031288146972656e+01 1.930430221557617188e+01 1.918463516235351562e+01 1.905788421630859375e+01 1.890509414672851562e+01 1.872851181030273438e+01 1.854117202758789062e+01 1.834352684020996094e+01 1.813165092468261719e+01 1.790152931213378906e+01 1.766916465759277344e+01 1.743693733215332031e+01 1.720396232604980469e+01 1.697201538085937500e+01 1.673767852783203125e+01
1.621083259582519531e+01 1.655078887939453125e+01 1.688115310668945312e+01 1.720013809204101562e+01 1.751144218444824219e+01 1.780846595764160156e+01 1.808377838134765625e+01 1.834216117858886719e+01 1.859365272521972656e+01 1.883253097534179688e+01 1.905116844177246094e+01 1.925108337402343750e+01 1.943922615051269531e+01 1.961260795593261719e+01 1.976599121093750000e+01 1.988867950439453125e+01 1.998117256164550781e+01 2.006354713439941406e+01 2.012533760070800781e+01 2.011758613586425781e+01 2.005403327941894531e+01 1.997315216064453125e+01 1.986922264099121094e+01 1.973306655883789062e+01 1.959379005432128906e+01 1.945396423339843750e+01 1.928913879394531250e+01 1.909784698486328125e+01 1.889925956726074219e+01 1.868700218200683594e+01 1.844614028930664062e+01 1.819748115539550781e+01 1.795221138000488281e+01 1.769303512573242188e+01 1.742541694641113281e+01 1.716684913635253906e+01 1.690534400939941406e+01
1.662481498718261719e+01 1.696961212158203125e+01 1.730315017700195312e+01 1.762691688537597656e+01 1.794116973876953125e+01 1.823528099060058594e+01 1.850586318969726562e+01 1.876460456848144531e+01 1.901897239685058594e+01 1.925818824768066406e+01 1.948256301879882812e+01 1.969482803344726562e+01 1.989444541931152344e+01 2.006573867797851562e+01 2.020371246337890625e+01 2.032276535034179688e+01 2.042324256896972656e+01 2.050348091125488281e+01 2.056028556823730469e+01 2.055342864990234375e+01 2.048356437683105469e+01 2.038091659545898438e+01 2.025611495971679688e+01 2.011080932617187500e+01 1.995409774780273438e+01 1.978749084472656250e+01 1.960461235046386719e+01 1.940355491638183594e+01 1.918765068054199219e+01 1.895334243774414062e+01 1.869807052612304688e+01 1.843107986450195312e+01 1.815837860107421875e+01 1.787511062622070312e+01 1.758477210998535156e+01 1.729603004455566406e+01 1.700465202331542969e+01
1.701001358032226562e+01 1.735635566711425781e+01 1.769036865234375000e+01 1.801761817932128906e+01 1.834175491333007812e+01 1.862846183776855469e+01 1.889189529418945312e+01 1.915472984313964844e+01 1.940735816955566406e+01 1.964349365234375000e+01 1.987063407897949219e+01 2.008813285827636719e+01 2.030638122558593750e+01 2.047023010253906250e+01 2.058746528625488281e+01 2.070657539367675781e+01 2.080681419372558594e+01 2.087925720214843750e+01 2.091756629943847656e+01 2.091188430786132812e+01 2.085756111145019531e+01 2.074483680725097656e+01 2.059648513793945312e+01 2.044021224975585938e+01 2.026943206787109375e+01 2.008219718933105469e+01 1.987994384765625000e+01 1.966146659851074219e+01 1.942523384094238281e+01 1.917128944396972656e+01 1.889822196960449219e+01 1.861232757568359375e+01 1.831519126892089844e+01 1.800586318969726562e+01 1.768848800659179688e+01 1.736705970764160156e+01 1.704045295715332031e+01
