ASPA-UH-Flopy_REPO/Models/Basic_optimizerSpHed/Flo_py_wrkspace/Figures/GW_Head.asc
NCOLS 400
NROWS 200
XLLCENTER 515244
YLLCENTER 8410178
CELLSIZE 83.0
NODATA_value -999.0
[rows 153 to 169 of 200, columns 111 to 147 of 400]
1.022616624832153320e+00 1.050588726997375488e+00 1.077103137969970703e+00 1.102230906486511230e+00 1.126001596450805664e+00 1.148642539978027344e+00 1.170319557189941406e+00 1.191134095191955566e+00 1.210953712463378906e+00 1.229780197143554688e+00 1.245033383369445801e+00 1.256808996200561523e+00 1.267436623573303223e+00 1.276663064956665039e+00 1.284099578857421875e+00 1.289481759071350098e+00 1.292462110519409180e+00 1.292878508567810059e+00 1.291557788848876953e+00 1.289656996726989746e+00 1.286295413970947266e+00 1.281094074249267578e+00 1.274238824844360352e+00 1.265827655792236328e+00 1.256146907806396484e+00 1.245393037796020508e+00 1.233524918556213379e+00 1.220533251762390137e+00 1.206489086151123047e+00 1.191502451896667480e+00 1.175705313682556152e+00 1.159058809280395508e+00 1.142475366592407227e+00 1.122868776321411133e+00 1.100181698799133301e+00 1.077858567237854004e+00 1.055142998695373535e+00
9.843004941940307617e-01 1.011410236358642578e+00 1.037140727043151855e+00 1.061361432075500488e+00 1.084052562713623047e+00 1.105655789375305176e+00 1.126186370849609375e+00 1.145779728889465332e+00 1.164283037185668945e+00 1.181688785552978516e+00 1.195646047592163086e+00 1.206322908401489258e+00 1.215915083885192871e+00 1.224196195602416992e+00 1.230896234512329102e+00 1.235863804817199707e+00 1.238909006118774414e+00 1.239992499351501465e+00 1.239407658576965332e+00 1.237520098686218262e+00 1.233989715576171875e+00 1.229105234146118164e+00 1.222619414329528809e+00 1.214682817459106445e+00 1.205546379089355469e+00 1.195279002189636230e+00 1.183894395828247070e+00 1.171524882316589355e+00 1.158181667327880859e+00 1.143917679786682129e+00 1.128778457641601562e+00 1.112740755081176758e+00 1.096019983291625977e+00 1.078173756599426270e+00 1.056414961814880371e+00 1.035646557807922363e+00 1.013964056968688965e+00
9.459847211837768555e-01 9.722178578376770020e-01 9.969819784164428711e-01 1.020124316215515137e+00 1.041663765907287598e+00 1.062098860740661621e+00 1.081464171409606934e+00 1.099785566329956055e+00 1.116985559463500977e+00 1.133165836334228516e+00 1.146170139312744141e+00 1.156087517738342285e+00 1.164927840232849121e+00 1.172549843788146973e+00 1.178769707679748535e+00 1.183319687843322754e+00 1.186154365539550781e+00 1.187351226806640625e+00 1.187027692794799805e+00 1.185143232345581055e+00 1.181731581687927246e+00 1.177029371261596680e+00 1.170891165733337402e+00 1.163399338722229004e+00 1.154770493507385254e+00 1.144984126091003418e+00 1.134072184562683105e+00 1.122301101684570312e+00 1.109626770019531250e+00 1.096029043197631836e+00 1.081471323966979980e+00 1.065956115722656250e+00 1.049717664718627930e+00 1.032098293304443359e+00 1.014757871627807617e+00 9.936978816986083984e-01 9.727837443351745605e-01
9.076220989227294922e-01 9.328373670578002930e-01 9.564598202705383301e-01 9.784843921661376953e-01 9.990364909172058105e-01 1.018337965011596680e+00 1.036486268043518066e+00 1.053484559059143066e+00 1.069295644760131836e+00 1.084158539772033691e+00 1.096383810043334961e+00 1.105795025825500488e+00 1.114155530929565430e+00 1.121336340904235840e+00 1.127174258232116699e+00 1.131330132484436035e+00 1.134013175964355469e+00 1.135232090950012207e+00 1.134781956672668457e+00 1.132765889167785645e+00 1.129471182823181152e+00 1.124970316886901855e+00 1.119140028953552246e+00 1.112026453018188477e+00 1.103806376457214355e+00 1.094440460205078125e+00 1.084043383598327637e+00 1.072833180427551270e+00 1.060746431350708008e+00 1.047750711441040039e+00 1.033852577209472656e+00 1.019112944602966309e+00 1.003758907318115234e+00 9.875940084457397461e-01 9.711682796478271484e-01 9.508977532386779785e-01 9.314226508140563965e-01
8.692094087600708008e-01 8.933073282241821289e-01 9.157323837280273438e-01 9.365789294242858887e-01 9.561063647270202637e-01 9.742368459701538086e-01 9.911852478981018066e-01 1.006919980049133301e+00 1.021284341812133789e+00 1.034516811370849609e+00 1.046236395835876465e+00 1.055321812629699707e+00 1.063365459442138672e+00 1.070160150527954102e+00 1.075633525848388672e+00 1.079606533050537109e+00 1.082128643989562988e+00 1.083235263824462891e+00 1.082649588584899902e+00 1.080561637878417969e+00 1.077276825904846191e+00 1.072922229766845703e+00 1.067373514175415039e+00 1.060552477836608887e+00 1.052642107009887695e+00 1.043667674064636230e+00 1.033754229545593262e+00 1.023034214973449707e+00 1.011506199836730957e+00 9.991441369056701660e-01 9.859762787818908691e-01 9.721667170524597168e-01 9.576536417007446289e-01 9.423182606697082520e-01 9.259977340698242188e-01 9.100682735443115234e-01 8.903365135192871094e-01
8.307141661643981934e-01 8.536117076873779297e-01 8.748750090599060059e-01 8.945856094360351562e-01 9.129007458686828613e-01 9.297995567321777344e-01 9.455609917640686035e-01 9.600685834884643555e-01 9.728727340698242188e-01 9.831634163856506348e-01 9.959368705749511719e-01 1.005103230476379395e+00 1.012865662574768066e+00 1.019296526908874512e+00 1.024461984634399414e+00 1.028434276580810547e+00 1.030894160270690918e+00 1.031728506088256836e+00 1.031003832817077637e+00 1.028792262077331543e+00 1.025471568107604980e+00 1.021145462989807129e+00 1.015694260597229004e+00 1.009067773818969727e+00 1.001412630081176758e+00 9.927845001220703125e-01 9.832730293273925781e-01 9.729580283164978027e-01 9.618825912475585938e-01 9.501821994781494141e-01 9.378806948661804199e-01 9.249134659767150879e-01 9.112951159477233887e-01 8.970304727554321289e-01 8.822122216224670410e-01 8.672783970832824707e-01 8.483921289443969727e-01
7.921746969223022461e-01 8.136515617370605469e-01 8.336366415023803711e-01 8.522875905036926270e-01 8.694576621055603027e-01 8.852293491363525391e-01 8.998790383338928223e-01 9.132911562919616699e-01 9.252703189849853516e-01 9.341273903846740723e-01 9.459947347640991211e-01 9.552569389343261719e-01 9.627473950386047363e-01 9.688983559608459473e-01 9.738996624946594238e-01 9.778017401695251465e-01 9.802367687225341797e-01 9.809889793395996094e-01 9.800401329994201660e-01 9.775227308273315430e-01 9.741639494895935059e-01 9.698251485824584961e-01 9.644330739974975586e-01 9.579797983169555664e-01 9.505361318588256836e-01 9.421268105506896973e-01 9.328714013099670410e-01 9.228212237358093262e-01 9.121128916740417480e-01 9.009480476379394531e-01 8.893015980720520020e-01 8.771467208862304688e-01 8.644574284553527832e-01 8.511828184127807617e-01 8.373185992240905762e-01 8.226112723350524902e-01 8.081389069557189941e-01
7.533490657806396484e-01 7.735134363174438477e-01 7.922825217247009277e-01 8.097516298294067383e-01 8.257958292961120605e-01 8.404518961906433105e-01 8.539230227470397949e-01 8.661810755729675293e-01 8.774886727333068848e-01 8.877427577972412109e-01 8.972662091255187988e-01 9.057791829109191895e-01 9.129336476325988770e-01 9.188768863677978516e-01 9.237156510353088379e-01 9.274111986160278320e-01 9.295819401741027832e-01 9.301115274429321289e-01 9.290438294410705566e-01 9.266092181205749512e-01 9.234226942062377930e-01 9.192062616348266602e-01 9.138538241386413574e-01 9.076167345046997070e-01 9.001652002334594727e-01 8.917510509490966797e-01 8.825948834419250488e-01 8.726802468299865723e-01 8.622425794601440430e-01 8.514785170555114746e-01 8.403894305229187012e-01 8.290197849273681641e-01 8.172144889831542969e-01 8.049288988113403320e-01 7.921963930130004883e-01 7.790310382843017578e-01 7.658160328865051270e-01
7.143096327781677246e-01 7.332558631896972656e-01 7.507959008216857910e-01 7.670401334762573242e-01 7.819339632987976074e-01 7.954095005989074707e-01 8.075724840164184570e-01 8.183366060256958008e-01 8.272883296012878418e-01 8.392410278320312500e-01 8.484788537025451660e-01 8.565813899040222168e-01 8.634442090988159180e-01 8.691071271896362305e-01 8.736038208007812500e-01 8.769005537033081055e-01 8.786648511886596680e-01 8.788681626319885254e-01 8.778183460235595703e-01 8.758295178413391113e-01 8.731093406677246094e-01 8.695458173751831055e-01 8.648124933242797852e-01 8.588055372238159180e-01 8.512830734252929688e-01 8.425948619842529297e-01 8.331006169319152832e-01 8.229879736900329590e-01 8.125190734863281250e-01 8.019574880599975586e-01 7.914109826087951660e-01 7.807345986366271973e-01 7.697046995162963867e-01 7.583485841751098633e-01 7.466750741004943848e-01 7.345606684684753418e-01 7.218148708343505859e-01
6.750364303588867188e-01 6.927992105484008789e-01 7.091165184974670410e-01 7.241589426994323730e-01 7.378925085067749023e-01 7.502128481864929199e-01 7.612346410751342773e-01 7.709681987762451172e-01 7.791038155555725098e-01 7.905767560005187988e-01 7.997820973396301270e-01 8.076034188270568848e-01 8.142174482345581055e-01 8.195790648460388184e-01 8.237000703811645508e-01 8.265310525894165039e-01 8.278461098670959473e-01 8.276525139808654785e-01 8.265386819839477539e-01 8.248763084411621094e-01 8.227446675300598145e-01 8.198380470275878906e-01 8.160031437873840332e-01 8.105768561363220215e-01 8.032888770103454590e-01 7.945250868797302246e-01 7.847790718078613281e-01 7.741841673851013184e-01 7.634866237640380859e-01 7.528809309005737305e-01 7.425751090049743652e-01 7.324242591857910156e-01 7.220622897148132324e-01 7.116290926933288574e-01 7.009740471839904785e-01 6.900590062141418457e-01 6.789762377738952637e-01
6.355614066123962402e-01 6.521521210670471191e-01 6.672927737236022949e-01 6.810942888259887695e-01 6.936652660369873047e-01 7.049507498741149902e-01 7.148939967155456543e-01 7.228704094886779785e-01 7.339505553245544434e-01 7.435941100120544434e-01 7.520167231559753418e-01 7.593487501144409180e-01 7.656203508377075195e-01 7.705780267715454102e-01 7.743546366691589355e-01 7.766501903533935547e-01 7.774370908737182617e-01 7.767812609672546387e-01 7.754876613616943359e-01 7.741916179656982422e-01 7.724031805992126465e-01 7.695649266242980957e-01 7.656176090240478516e-01 7.603091597557067871e-01 7.535229325294494629e-01 7.454439997673034668e-01 7.361090779304504395e-01 7.254403829574584961e-01 7.145941853523254395e-01 7.038315534591674805e-01 6.936595439910888672e-01 6.839680671691894531e-01 6.742879748344421387e-01 6.647127866744995117e-01 6.550759673118591309e-01 6.453271508216857910e-01 6.353213191032409668e-01
5.959582328796386719e-01 6.114381551742553711e-01 6.253943443298339844e-01 6.379787325859069824e-01 6.494204401969909668e-01 6.597311496734619141e-01 6.690531373023986816e-01 6.767931580543518066e-01 6.878831982612609863e-01 6.973453164100646973e-01 7.054966688156127930e-01 7.124652862548828125e-01 7.183884978294372559e-01 7.228336334228515625e-01 7.258070707321166992e-01 7.274421453475952148e-01 7.276881933212280273e-01 7.267984151840209961e-01 7.255105376243591309e-01 7.242585420608520508e-01 7.220776081085205078e-01 7.186480760574340820e-01 7.137761116027832031e-01 7.077207565307617188e-01 7.010351419448852539e-01 6.934351921081542969e-01 6.845806241035461426e-01 6.749349832534790039e-01 6.643407940864562988e-01 6.536505222320556641e-01 6.438155174255371094e-01 6.344920992851257324e-01 6.256714463233947754e-01 6.171369552612304688e-01 6.088677048683166504e-01 6.004887223243713379e-01 5.915927886962890625e-01
5.563088059425354004e-01 5.707039833068847656e-01 5.835264921188354492e-01 5.950059890747070312e-01 6.051827073097229004e-01 6.141232252120971680e-01 6.222470998764038086e-01 6.332736611366271973e-01 6.429768204689025879e-01 6.518254280090332031e-01 6.595096588134765625e-01 6.659488677978515625e-01 6.712054610252380371e-01 6.751876473426818848e-01 6.776837706565856934e-01 6.789227128028869629e-01 6.789260506629943848e-01 6.780552864074707031e-01 6.764633059501647949e-01 6.742737889289855957e-01 6.708929538726806641e-01 6.662729978561401367e-01 6.604220271110534668e-01 6.537857651710510254e-01 6.467456817626953125e-01 6.390121579170227051e-01 6.303889155387878418e-01 6.213733553886413574e-01 6.113193035125732422e-01 6.010160446166992188e-01 5.914559960365295410e-01 5.827331542968750000e-01 5.752758383750915527e-01 5.686280727386474609e-01 5.621802806854248047e-01 5.553919672966003418e-01 5.478354096412658691e-01
5.167397856712341309e-01 5.301259160041809082e-01 5.419996976852416992e-01 5.523468255996704102e-01 5.609981417655944824e-01 5.683439373970031738e-01 5.775325298309326172e-01 5.890352725982666016e-01 5.985878109931945801e-01 6.066550016403198242e-01 6.133689880371093750e-01 6.189175844192504883e-01 6.233252882957458496e-01 6.267672181129455566e-01 6.291284561157226562e-01 6.302710175514221191e-01 6.303406953811645508e-01 6.291919350624084473e-01 6.268726587295532227e-01 6.231410503387451172e-01 6.183238029479980469e-01 6.124705672264099121e-01 6.057787537574768066e-01 5.987281203269958496e-01 5.915442109107971191e-01 5.837361216545104980e-01 5.748040676116943359e-01 5.651184916496276855e-01 5.548584461212158203e-01 5.447146892547607422e-01 5.354751348495483398e-01 5.279166102409362793e-01 5.225008726119995117e-01 5.183721780776977539e-01 5.142918229103088379e-01 5.095493197441101074e-01 5.038047432899475098e-01
4.773935079574584961e-01 4.898343384265899658e-01 5.008281469345092773e-01 5.101662874221801758e-01 5.172063112258911133e-01 5.257706046104431152e-01 5.365027785301208496e-01 5.465303063392639160e-01 5.550887584686279297e-01 5.621259808540344238e-01 5.677008628845214844e-01 5.720945596694946289e-01 5.756021142005920410e-01 5.784545540809631348e-01 5.803428292274475098e-01 5.811693072319030762e-01 5.809933543205261230e-01 5.794035196304321289e-01 5.763409733772277832e-01 5.711613297462463379e-01 5.648007988929748535e-01 5.576750636100769043e-01 5.500690937042236328e-01 5.425230264663696289e-01 5.354268550872802734e-01 5.281287431716918945e-01 5.183330774307250977e-01 5.074119567871093750e-01 4.961179792881011963e-01 4.853475391864776611e-01 4.758953452110290527e-01 4.696429967880249023e-01 4.668462872505187988e-01 4.658041000366210938e-01 4.648479521274566650e-01 4.628785550594329834e-01 4.594797492027282715e-01
4.382742047309875488e-01 4.498385190963745117e-01 4.600972533226013184e-01 4.692012667655944824e-01 4.766121804714202881e-01 4.866981804370880127e-01 4.962505400180816650e-01 5.050631165504455566e-01 5.126095414161682129e-01 5.188300013542175293e-01 5.236257910728454590e-01 5.269192457199096680e-01 5.290597081184387207e-01 5.307781696319580078e-01 5.318308472633361816e-01 5.319869518280029297e-01 5.312238931655883789e-01 5.292543768882751465e-01 5.255104899406433105e-01 5.192631483078002930e-01 5.112193822860717773e-01 5.024935007095336914e-01 4.934558868408203125e-01 4.850399196147918701e-01 4.783819913864135742e-01 4.736068248748779297e-01 4.615085721015930176e-01 4.489811360836029053e-01 4.365473389625549316e-01 4.241411387920379639e-01 4.125982224941253662e-01 4.077009558677673340e-01 4.085408151149749756e-01 4.116557538509368896e-01 4.145842790603637695e-01 4.159953594207763672e-01 4.153963923454284668e-01
3.991353213787078857e-01 4.097748696804046631e-01 4.192171990871429443e-01 4.276967644691467285e-01 4.385015368461608887e-01 4.479005336761474609e-01 4.567199349403381348e-01 4.646956622600555420e-01 4.716577827930450439e-01 4.773314595222473145e-01 4.814702570438385010e-01 4.839046597480773926e-01 4.846864342689514160e-01 4.844649732112884521e-01 4.839352369308471680e-01 4.830319881439208984e-01 4.815173149108886719e-01 4.789867401123046875e-01 4.747548699378967285e-01 4.677812159061431885e-01 4.579876363277435303e-01 4.469330608844757080e-01 4.351969659328460693e-01 4.246325194835662842e-01 4.186266362667083740e-01 4.246553182601928711e-01 4.037335216999053955e-01 3.903797566890716553e-01 3.772278428077697754e-01 3.608596622943878174e-01 3.420488238334655762e-01 3.404136300086975098e-01 3.475024998188018799e-01 3.566305041313171387e-01 3.644709587097167969e-01 3.698323965072631836e-01 3.724272847175598145e-01
