ASPA-UH-Flopy_REPO/Models/Basic_optimizerSpHed/Flo_py_wrkspace/Figures/recharge_convertedKML.asc
NCOLS 400
NROWS 200
XLLCENTER 515244
YLLCENTER 8410178
CELLSIZE 83.0
NODATA_value -999.0
[rows 68 to 84 of 200, columns 296 to 332 of 400]
1.000000000000000021e-03 1.000000000000000021e-03 5.924320027236492325e-07 1.000000000000000021e-03 7.070392196724973974e-08 1.000000000000000021e-03 2.364915460223191298e-09 1.064028071928563513e-09 1.000000000000000021e-03 3.985745915280755351e-10 1.000000000000000021e-03 1.000000000000000021e-03 1.000000000000000021e-03 1.810062933755910081e-11 1.263475894938198781e-10 1.000000000000000021e-03 2.211551571591010402e-09 1.000000000000000021e-03 1.316826830722168580e-08 1.000000000000000021e-03 1.000000000000000021e-03 4.114733591481659942e-07 1.000000000000000021e-03 5.280335815910768873e-06 1.000000000000000021e-03 1.952833467984606562e-05 1.025291668491208169e-04 1.000000000000000021e-03 5.284307604235561348e-04 2.511812480087787652e-03 4.619942422348196492e-03 4.438334880151655927e-03 2.400537436404379978e-03 3.255940847621091074e-03 1.829936426781786233e-03 1.204826592302599315e-03 6.986260093269113566e-04
7.228099580266725961e-08 2.090645080661996102e-07 1.000000000000000021e-03 5.306767281121996126e-08 1.000000000000000021e-03 4.045173408950917117e-09 1.000000000000000021e-03 1.000000000000000021e-03 7.581048353118808800e-11 1.000000000000000021e-03 4.225744780961070597e-11 5.756630236193985225e-12 2.042584365572364133e-11 1.000000000000000021e-03 1.000000000000000021e-03 8.001783694987574733e-11 1.000000000000000021e-03 8.128752773128198771e-10 1.000000000000000021e-03 1.400256437880911692e-09 7.811659921099304365e-09 1.000000000000000021e-03 2.158828040586059237e-07 1.000000000000000021e-03 1.667992715759958276e-06 1.000000000000000021e-03 1.000000000000000021e-03 1.490881968800441785e-05 2.296400531771833432e-05 1.000000000000000021e-03 3.338338190623560387e-04 3.004059697093094082e-03 3.296207378882671114e-03 2.109392807643957219e-03 2.479769099902065727e-04 1.000000000000000021e-03 1.000000000000000021e-03
1.000000000000000021e-03 1.000000000000000021e-03 9.362021617846886583e-09 1.000000000000000021e-03 1.117323634752199834e-09 1.000000000000000021e-03 3.737587865391898959e-11 1.681679886538157711e-11 1.000000000000000021e-03 6.287171448331262257e-12 1.000000000000000021e-03 1.000000000000000021e-03 1.000000000000000021e-03 3.414525588773354857e-13 2.552033695725224598e-13 1.000000000000000021e-03 3.251749405724009675e-12 1.000000000000000021e-03 1.908028307517280291e-11 1.000000000000000021e-03 1.000000000000000021e-03 5.963134578701263361e-10 1.000000000000000021e-03 7.648431497810519390e-09 1.000000000000000021e-03 3.066650916199776256e-08 1.377576450372882397e-06 9.111037938413571322e-07 1.000000000000000021e-03 8.079519924110188992e-05 1.000000000000000021e-03 1.645407442897166305e-04 1.183327915994289176e-03 9.322898929539593824e-05 1.000000000000000021e-03 5.819107336854995651e-05 1.000000000000000021e-03
1.000000000000000021e-03 1.000000000000000021e-03 1.032447593792858011e-08 1.000000000000000021e-03 1.232188406428408662e-09 1.000000000000000021e-03 4.121809631016088360e-11 1.854572384217229784e-11 1.000000000000000021e-03 6.942114605173898431e-12 1.000000000000000021e-03 1.000000000000000021e-03 1.000000000000000021e-03 3.377477749138487431e-13 1.504541940195966476e-12 1.000000000000000021e-03 2.584802689210796823e-11 1.000000000000000021e-03 1.537943348144557060e-10 1.000000000000000021e-03 1.000000000000000021e-03 4.805706126901212960e-09 1.000000000000000021e-03 6.166886994046275503e-08 1.000000000000000021e-03 2.290248078076321930e-07 1.690061350441530013e-06 1.000000000000000021e-03 4.456830858187217298e-08 4.647545203283435925e-05 1.000000000000000021e-03 1.000000000000000021e-03 5.743053738760637596e-05 1.000000000000000021e-03 1.000000000000000021e-03 2.545518146662305217e-05 3.171624022493715122e-06
3.793567925993586937e-09 1.097244760670107550e-08 1.000000000000000021e-03 2.785180449659057483e-09 1.000000000000000021e-03 2.123051402672507087e-10 1.000000000000000021e-03 1.000000000000000021e-03 3.979008750525181445e-12 1.000000000000000021e-03 2.220719005580647998e-12 2.947670134935598918e-13 1.084202056069201199e-12 1.000000000000000021e-03 1.000000000000000021e-03 4.834059626254185430e-12 1.000000000000000021e-03 4.918871287801915226e-11 1.000000000000000021e-03 8.473473709790674073e-11 4.727209500528427688e-10 1.000000000000000021e-03 1.306337889393669258e-08 1.000000000000000021e-03 1.009323453751891818e-07 1.000000000000000021e-03 1.000000000000000021e-03 1.046284805341101315e-06 1.000000000000000021e-03 1.000000000000000021e-03 1.921294252262686979e-06 3.980185193811496436e-05 1.000000000000000021e-03 2.967790841268605400e-05 8.661693911410674659e-06 1.000000000000000021e-03 1.000000000000000021e-03
1.000000000000000021e-03 1.000000000000000021e-03 2.747783365640706593e-09 1.000000000000000021e-03 3.279327028933892291e-10 1.000000000000000021e-03 1.096806983817664307e-11 4.934582038498432169e-12 1.000000000000000021e-03 1.847160251613064516e-12 1.000000000000000021e-03 1.000000000000000021e-03 1.000000000000000021e-03 8.979391353189023289e-14 4.008548033057396195e-13 1.000000000000000021e-03 6.887408726155770946e-12 1.000000000000000021e-03 4.097987938918625343e-11 1.000000000000000021e-03 1.000000000000000021e-03 1.280523415951568365e-09 1.000000000000000021e-03 1.643222492566087809e-08 1.000000000000000021e-03 6.102419869275462560e-08 4.495467773266353403e-07 1.000000000000000021e-03 1.928582790417155903e-08 1.233335599973264167e-05 1.000000000000000021e-03 1.000000000000000021e-03 1.451207833033270469e-05 1.000000000000000021e-03 1.000000000000000021e-03 6.745760659899529909e-06 8.508846317216589656e-07
4.488158353006482679e-10 1.298787028443407825e-09 1.000000000000000021e-03 3.296488437809207222e-10 1.000000000000000021e-03 2.512677288460511830e-11 1.000000000000000021e-03 1.000000000000000021e-03 4.712172075414790375e-13 1.000000000000000021e-03 2.627608335627438887e-13 3.484458296857046388e-14 1.282487048494076734e-13 1.000000000000000021e-03 1.000000000000000021e-03 5.717968854416004939e-13 1.000000000000000021e-03 5.818285458952434041e-12 1.000000000000000021e-03 1.002284583678766165e-11 5.591578339894642535e-11 1.000000000000000021e-03 1.545201380655197712e-09 1.000000000000000021e-03 1.193877944540707989e-08 1.000000000000000021e-03 1.000000000000000021e-03 1.237597668182064996e-07 1.000000000000000021e-03 1.000000000000000021e-03 2.272602330028781746e-07 4.707960862709840055e-06 1.000000000000000021e-03 3.510450506455267001e-06 1.024548204518169066e-06 1.000000000000000021e-03 1.000000000000000021e-03
1.000000000000000021e-03 1.000000000000000021e-03 1.686818022271392976e-10 1.000000000000000021e-03 2.013113662532855737e-11 1.000000000000000021e-03 6.732759035036142510e-13 3.029018473272822122e-13 1.000000000000000021e-03 1.133855477117586347e-13 1.000000000000000021e-03 1.000000000000000021e-03 1.000000000000000021e-03 5.510906674333438621e-15 2.460168996673594051e-14 1.000000000000000021e-03 4.227006919324774524e-13 1.000000000000000021e-03 2.515056636595126273e-12 1.000000000000000021e-03 1.000000000000000021e-03 7.858951668228864688e-11 1.000000000000000021e-03 1.008494338201763732e-09 1.000000000000000021e-03 3.745235910131454264e-09 2.759001789117275034e-08 1.000000000000000021e-03 1.183628409231471793e-09 7.569346058143020766e-07 1.000000000000000021e-03 1.000000000000000021e-03 8.906492515706819175e-07 1.000000000000000021e-03 1.000000000000000021e-03 4.140073217808166321e-07 5.222131132188534268e-08
2.790683278007628962e-12 8.075012942089419395e-12 1.000000000000000021e-03 2.049571686638013870e-12 1.000000000000000021e-03 1.562255576836713574e-13 1.000000000000000021e-03 1.000000000000000021e-03 2.929474656066157151e-15 1.000000000000000021e-03 1.633785041204154929e-15 2.166909278180367262e-16 7.974598086742550354e-16 1.000000000000000021e-03 1.000000000000000021e-03 3.555493188256333344e-15 1.000000000000000021e-03 3.617871420215840052e-14 1.000000000000000021e-03 6.232311527440892049e-14 3.476902539670995505e-13 1.000000000000000021e-03 9.608225581636672422e-12 1.000000000000000021e-03 7.423659305316107371e-11 1.000000000000000021e-03 1.000000000000000021e-03 7.695513170043155552e-10 1.000000000000000021e-03 1.000000000000000021e-03 1.413128160357479680e-09 2.927459848583261807e-08 1.000000000000000021e-03 2.182835246037144794e-08 6.370749076148094702e-09 1.000000000000000021e-03 1.000000000000000021e-03
9.547123832762002761e-12 2.762518563126033678e-11 1.000000000000000021e-03 7.011728566194130485e-12 1.000000000000000021e-03 5.344585992784741677e-13 1.000000000000000021e-03 1.000000000000000021e-03 1.002193763063641446e-14 1.000000000000000021e-03 5.589293493235291248e-15 7.413149897506090192e-16 2.728166173829930556e-15 1.000000000000000021e-03 1.000000000000000021e-03 1.216359267198053511e-14 1.000000000000000021e-03 1.237699299869007556e-13 1.000000000000000021e-03 2.132117678639150992e-13 1.189472852744407769e-12 1.000000000000000021e-03 3.287041659063201806e-11 1.000000000000000021e-03 2.539686146201939066e-10 1.000000000000000021e-03 1.000000000000000021e-03 2.632689268468718483e-09 1.000000000000000021e-03 1.000000000000000021e-03 4.834410987984950931e-09 1.001504637434685239e-07 1.000000000000000021e-03 7.467633152065488312e-08 2.179478139310018285e-08 1.000000000000000021e-03 1.000000000000000021e-03
1.000000000000000021e-03 1.000000000000000021e-03 1.032943305229678701e-11 1.000000000000000021e-03 1.232754367089152870e-12 1.000000000000000021e-03 4.122886041536884837e-14 1.854855938503294945e-14 1.000000000000000021e-03 6.943300549157108963e-15 1.000000000000000021e-03 1.000000000000000021e-03 1.000000000000000021e-03 3.374670238298671204e-16 1.506514186388544816e-15 1.000000000000000021e-03 2.588458720419308298e-14 1.000000000000000021e-03 1.540125296133051588e-13 1.000000000000000021e-03 1.000000000000000021e-03 4.812523936523796041e-12 1.000000000000000021e-03 6.175636837245629359e-11 1.000000000000000021e-03 2.293440426450433259e-10 1.689508055472143331e-09 1.000000000000000021e-03 7.248091465434519373e-11 4.635180444729080990e-08 1.000000000000000021e-03 1.000000000000000021e-03 5.453998221618918352e-08 1.000000000000000021e-03 1.000000000000000021e-03 2.535223818745429803e-08 3.197835046488755059e-09
2.156268446032617593e-12 6.239294381653146816e-12 1.000000000000000021e-03 1.583636006392956663e-12 1.000000000000000021e-03 1.207103032805711414e-13 1.000000000000000021e-03 1.000000000000000021e-03 2.263507655112374421e-15 1.000000000000000021e-03 1.262371516921384492e-15 1.674299138727206325e-16 6.161707692572078529e-16 1.000000000000000021e-03 1.000000000000000021e-03 2.747211781134848198e-15 1.000000000000000021e-03 2.795409374349725225e-14 1.000000000000000021e-03 4.815500620154994425e-14 2.686487391120070428e-13 1.000000000000000021e-03 7.423957554630439538e-12 1.000000000000000021e-03 5.736015574825314054e-11 1.000000000000000021e-03 1.000000000000000021e-03 5.946068048682128736e-10 1.000000000000000021e-03 1.000000000000000021e-03 1.091877307897200971e-09 2.261951228570573513e-08 1.000000000000000021e-03 1.686604470059728360e-08 4.922466727146348868e-09 1.000000000000000021e-03 1.000000000000000021e-03
1.000000000000000021e-03 1.000000000000000021e-03 1.116128771905806024e-12 1.000000000000000021e-03 1.332031110356881223e-13 1.000000000000000021e-03 4.454912201814508710e-15 2.004232052450352501e-15 1.000000000000000021e-03 7.502461631411284720e-16 1.000000000000000021e-03 1.000000000000000021e-03 1.000000000000000021e-03 3.646440738420108635e-17 1.627837481692558561e-16 1.000000000000000021e-03 2.796913671960486246e-15 1.000000000000000021e-03 1.664155376829385017e-14 1.000000000000000021e-03 1.000000000000000021e-03 5.200088333848338645e-13 1.000000000000000021e-03 6.672976071396253833e-12 1.000000000000000021e-03 2.478136828671140372e-11 1.825568297443007979e-10 1.000000000000000021e-03 7.831798110347998286e-12 5.008462934176702831e-09 1.000000000000000021e-03 1.000000000000000021e-03 5.893222121936311918e-09 1.000000000000000021e-03 1.000000000000000021e-03 2.739391632631586208e-09 3.455364573382058667e-10
1.166371813167334516e-13 3.374968044541698874e-13 1.000000000000000021e-03 8.566226545550082051e-14 1.000000000000000021e-03 6.529478997125376595e-15 1.000000000000000021e-03 1.000000000000000021e-03 1.224379799588125787e-16 1.000000000000000021e-03 6.828438072223906012e-17 9.056642858243857593e-18 3.332999741667522749e-17 1.000000000000000021e-03 1.000000000000000021e-03 1.486025727553824709e-16 1.000000000000000021e-03 1.512096838640099877e-15 1.000000000000000021e-03 2.604807485808643838e-15 1.453178603618345558e-14 1.000000000000000021e-03 4.015777743167343943e-13 1.000000000000000021e-03 3.102733752225944837e-12 1.000000000000000021e-03 1.000000000000000021e-03 3.216355636942319097e-11 1.000000000000000021e-03 1.000000000000000021e-03 5.906198357220140199e-11 1.223537895116089347e-09 1.000000000000000021e-03 9.123205032561041092e-10 2.662667745456962336e-10 1.000000000000000021e-03 1.000000000000000021e-03
2.683336760047324284e-15 7.764398724034187280e-15 1.000000000000000021e-03 1.970732687902797000e-15 1.000000000000000021e-03 1.502161730860864058e-16 1.000000000000000021e-03 1.000000000000000021e-03 2.816789026797014348e-18 1.000000000000000021e-03 1.570939788329816446e-18 2.083557098157035612e-19 7.667847102512034091e-19 1.000000000000000021e-03 1.000000000000000021e-03 3.418727558491297657e-18 1.000000000000000021e-03 3.478706349099227510e-17 1.000000000000000021e-03 5.992579382158992840e-17 3.343159978648390060e-16 1.000000000000000021e-03 9.238635499225371525e-15 1.000000000000000021e-03 7.138100766839275376e-14 1.000000000000000021e-03 1.000000000000000021e-03 7.399497498621974347e-13 1.000000000000000021e-03 1.000000000000000021e-03 1.358770761188948528e-12 2.814852154529649492e-11 1.000000000000000021e-03 2.098870287927075780e-11 6.125691791004995027e-12 1.000000000000000021e-03 1.000000000000000021e-03
1.000000000000000021e-03 1.000000000000000021e-03 2.832505232952300757e-14 1.000000000000000021e-03 3.380420956354979478e-15 1.000000000000000021e-03 1.130565078296144061e-16 5.086328674175124464e-17 1.000000000000000021e-03 1.903970434765372502e-17 1.000000000000000021e-03 1.000000000000000021e-03 1.000000000000000021e-03 9.253916513225667687e-19 4.131116678783386438e-18 1.000000000000000021e-03 7.097991568138287135e-17 1.000000000000000021e-03 4.223284025969680083e-16 1.000000000000000021e-03 1.000000000000000021e-03 1.319675452169304745e-14 1.000000000000000021e-03 1.693464062334068860e-13 1.000000000000000021e-03 6.289001512968066113e-13 4.632916815494058776e-12 1.000000000000000021e-03 1.987549258595577632e-13 1.271044867509285420e-10 1.000000000000000021e-03 1.000000000000000021e-03 1.495578549671473145e-10 1.000000000000000021e-03 1.000000000000000021e-03 6.952012464731589130e-11 8.769004511146754404e-12
8.427335540727344154e-15 2.438500984806011988e-14 1.000000000000000021e-03 6.189318414785723734e-15 1.000000000000000021e-03 4.717716065641301109e-16 1.000000000000000021e-03 1.000000000000000021e-03 8.846458122472856074e-18 1.000000000000000021e-03 4.933721666116102744e-18 6.543656780567557943e-19 2.408177809434071455e-18 1.000000000000000021e-03 1.000000000000000021e-03 1.073691706784469836e-17 1.000000000000000021e-03 1.092528753304570876e-16 1.000000000000000021e-03 1.882040225431825387e-16 1.049958817166669410e-15 1.000000000000000021e-03 2.901502429723110640e-14 1.000000000000000021e-03 2.241804725419628918e-13 1.000000000000000021e-03 1.000000000000000021e-03 2.323899451686586442e-12 1.000000000000000021e-03 1.000000000000000021e-03 4.267379815294424753e-12 8.840375146702202521e-11 1.000000000000000021e-03 6.591749658924027960e-11 1.923845747223868871e-11 1.000000000000000021e-03 1.000000000000000021e-03
