ASPA-UH-Flopy_REPO/Models/Basic_optimizerSpHed/Flo_py_wrkspace/Figures/recharge_convertedKML.asc
NCOLS 400
NROWS 200
XLLCENTER 515244
YLLCENTER 8410178
CELLSIZE 83.0
NODATA_value -999.0
[rows 17 to 33 of 200, columns 259 to 295 of 400]
1.000000000000000021e-03 4.519777443080080433e-08 1.000000000000000021e-03 1.000000000000000021e-03 1.000000000000000021e-03 1.000000000000000021e-03 6.830583858823077944e-09 1.000000000000000021e-03 1.619044423493482409e-09 1.000000000000000021e-03 2.172710298459203362e-09 1.000000000000000021e-03 1.000000000000000021e-03 1.086666176398136323e-07 1.000000000000000021e-03 1.000000000000000021e-03 8.559310028953895260e-08 1.000000000000000021e-03 1.000000000000000021e-03 2.290943554545300727e-07 1.000000000000000021e-03 1.000000000000000021e-03 5.679288261912549113e-08 1.704246015422736701e-07 1.010498324943583729e-07 1.000000000000000021e-03 1.000000000000000021e-03 5.758204921812357902e-07 1.462793404781639037e-06 8.657533633040371328e-07 3.801981500245717267e-08 1.000000000000000021e-03 1.000000000000000021e-03 8.302294851483857478e-08 1.000000000000000021e-03 1.000000000000000021e-03 1.000000000000000021e-03
1.000000000000000021e-03 1.021246803735737304e-07 1.000000000000000021e-03 1.000000000000000021e-03 1.000000000000000021e-03 1.000000000000000021e-03 1.553303648296351474e-08 1.000000000000000021e-03 3.770996489117567221e-09 1.000000000000000021e-03 5.020577470853770071e-09 1.000000000000000021e-03 1.000000000000000021e-03 2.453690651959294435e-07 1.000000000000000021e-03 1.000000000000000021e-03 1.932939264392493230e-07 1.000000000000000021e-03 1.000000000000000021e-03 5.171651273946615781e-07 1.000000000000000021e-03 1.000000000000000021e-03 1.282940693023082652e-07 3.847520440563012781e-07 2.281785719865288712e-07 1.000000000000000021e-03 1.000000000000000021e-03 1.299699121088311350e-06 3.301528178879729272e-06 1.954055119989030389e-06 8.592471199155916876e-08 1.000000000000000021e-03 1.000000000000000021e-03 1.874932932604415357e-07 1.000000000000000021e-03 1.000000000000000021e-03 1.000000000000000021e-03
1.258424062344883791e-06 1.000000000000000021e-03 7.533621447231720837e-06 1.426123816282797818e-05 5.237253766843307721e-06 5.380906197136454462e-08 1.000000000000000021e-03 7.232363291708092570e-08 1.000000000000000021e-03 2.827642646408565068e-08 1.000000000000000021e-03 3.103663653470981556e-08 2.125558248976283273e-07 1.000000000000000021e-03 1.934590729153424148e-06 2.546774343699636203e-06 1.000000000000000021e-03 4.583163201304093336e-07 3.477892600246304824e-07 1.000000000000000021e-03 3.265987748137065273e-05 3.111007054161243982e-05 1.000000000000000021e-03 1.000000000000000021e-03 1.000000000000000021e-03 4.370030669959540795e-06 9.368977680372713056e-06 1.000000000000000021e-03 1.000000000000000021e-03 1.000000000000000021e-03 1.000000000000000021e-03 5.483820304983254139e-07 7.413546145787456501e-07 1.000000000000000021e-03 1.297276829356561237e-06 7.248933889750789430e-06 4.354935474621928169e-06
1.000000000000000021e-03 3.849884559810074969e-06 1.000000000000000021e-03 1.000000000000000021e-03 1.000000000000000021e-03 1.000000000000000021e-03 5.559257618523542244e-07 1.000000000000000021e-03 1.353842808923639798e-07 1.000000000000000021e-03 1.799427263235175083e-07 1.000000000000000021e-03 1.000000000000000021e-03 8.766003986287839020e-06 1.000000000000000021e-03 1.000000000000000021e-03 6.905702437387121224e-06 1.000000000000000021e-03 1.000000000000000021e-03 1.847548459667393414e-05 1.000000000000000021e-03 1.000000000000000021e-03 4.583686210265105644e-06 1.374523836436354565e-05 8.151900774868703743e-06 1.000000000000000021e-03 1.000000000000000021e-03 4.643026355230807085e-05 1.179424141655587721e-04 6.980608805937148307e-05 3.070108490116656907e-06 1.000000000000000021e-03 1.000000000000000021e-03 6.698484076435759224e-06 1.000000000000000021e-03 1.000000000000000021e-03 1.000000000000000021e-03
1.058156315265085736e-05 1.000000000000000021e-03 9.440319582290691868e-05 1.803574567314062977e-04 6.612618076143698400e-05 6.774777791022490982e-07 1.000000000000000021e-03 9.107030487622622747e-07 1.000000000000000021e-03 3.563331966540438106e-07 1.000000000000000021e-03 3.912985924049564906e-07 2.680994525521977043e-06 1.000000000000000021e-03 2.433597923880321412e-05 3.249400559275164861e-05 1.000000000000000021e-03 6.902561661308012030e-06 5.647391790414198683e-06 1.000000000000000021e-03 5.272839928075029022e-04 4.831476371190506196e-04 1.000000000000000021e-03 1.000000000000000021e-03 1.000000000000000021e-03 5.485496659761292471e-05 1.185772547052906721e-04 1.000000000000000021e-03 1.000000000000000021e-03 1.000000000000000021e-03 1.000000000000000021e-03 6.927564980147650530e-06 9.364886630579033312e-06 1.000000000000000021e-03 1.638788568083863375e-05 9.157351589922493656e-05 5.501444873805717562e-05
1.000000000000000021e-03 2.157482123437770918e-05 1.000000000000000021e-03 1.000000000000000021e-03 1.000000000000000021e-03 1.000000000000000021e-03 3.720779716901346101e-06 1.000000000000000021e-03 9.101154380841533267e-07 1.000000000000000021e-03 1.227614789758713113e-06 1.000000000000000021e-03 1.000000000000000021e-03 5.948580766645973752e-05 1.000000000000000021e-03 1.000000000000000021e-03 2.614376149968102771e-05 1.626625307421233617e-05 2.301535510244117106e-05 1.000000000000000021e-03 2.081377681774475557e-03 1.484423536642253110e-03 1.000000000000000021e-03 1.982424894478786604e-04 4.943734511788079421e-05 1.000000000000000021e-03 1.000000000000000021e-03 3.368642914404715609e-04 8.493920179472374751e-04 5.019421846151969494e-04 1.861968437626610967e-05 1.000000000000000021e-03 1.000000000000000021e-03 4.471426323924902849e-05 1.000000000000000021e-03 1.000000000000000021e-03 1.000000000000000021e-03
2.529860262430441148e-05 1.000000000000000021e-03 2.005921998026289298e-04 3.826528499263954662e-04 1.405299107093800019e-04 1.442489130674060259e-06 1.000000000000000021e-03 1.938115595957025736e-06 1.000000000000000021e-03 7.496817054876716138e-07 1.000000000000000021e-03 8.197231378155859308e-07 5.615608382960252649e-06 1.000000000000000021e-03 5.049796646675040100e-05 7.359838791935567745e-05 1.000000000000000021e-03 3.004193512156651778e-05 2.934102012601508768e-05 1.000000000000000021e-03 2.705861588364160287e-03 2.269843698801898846e-03 1.000000000000000021e-03 1.000000000000000021e-03 1.000000000000000021e-03 1.846497062190544005e-04 1.000000000000000021e-03 2.112403147163470322e-03 4.241505126937035984e-03 2.494308300566423081e-03 1.000000000000000021e-03 1.000000000000000021e-03 6.328967833699273367e-05 1.000000000000000021e-03 4.203943923805713537e-05 1.924866111417455948e-04 1.173040255219909202e-04
2.470566092358949693e-04 1.000000000000000021e-03 3.092467566509196544e-03 6.601961140143885153e-03 2.787190341894836814e-03 3.231110008634721935e-05 1.000000000000000021e-03 4.261734682609986480e-05 1.000000000000000021e-03 1.013021861576123390e-05 1.000000000000000021e-03 8.469642081576886879e-06 5.817224149200928972e-05 1.000000000000000021e-03 1.482331966853417783e-03 1.536617506600956818e-03 1.000000000000000021e-03 7.046022859467466961e-05 2.560636269837495370e-05 1.000000000000000021e-03 2.206343348372124050e-03 4.311122870256041406e-03 2.402900096751079285e-03 1.000000000000000021e-03 1.000000000000000021e-03 2.659427581497664922e-03 3.448695301979459119e-03 3.495342019005256377e-03 3.964454769216159587e-03 2.573747366501389494e-03 1.000000000000000021e-03 1.000000000000000021e-03 1.973833065530108716e-04 1.000000000000000021e-03 1.164556497229969406e-03 3.460198962304210542e-03 2.399705399860658280e-03
1.000000000000000021e-03 1.000000000000000021e-03 1.550156683793991932e-03 5.465351997163722490e-03 3.559524245057161303e-03 5.250367578224133890e-05 1.000000000000000021e-03 6.665687537263895212e-05 1.000000000000000021e-03 1.000000000000000021e-03 2.773429411484902452e-05 1.000000000000000021e-03 1.000000000000000021e-03 2.141364437700414309e-03 3.866837168223220215e-03 3.144485833082807415e-03 1.143449093223219450e-03 1.000000000000000021e-03 5.077902014245801014e-05 1.000000000000000021e-03 4.066610834901475229e-03 5.586142068360902546e-03 4.429252977081419955e-03 4.925188133926204810e-03 3.068493893308206748e-03 3.681246831753519355e-03 5.611541877347279300e-03 4.776415394660622760e-03 3.337934845802415819e-03 3.421197170915708189e-03 2.450140652306237628e-03 1.000000000000000021e-03 1.000000000000000021e-03 1.502493045588588604e-03 3.338197684670552237e-03 3.320666900987286410e-03 3.652456992353946951e-03
2.609632689735017115e-03 3.337935093730055175e-03 5.499695290949646945e-03 4.734779016882470840e-03 9.492203194524957829e-04 2.716534282842669254e-06 1.000000000000000021e-03 1.648118824526425087e-06 1.005975032356251979e-05 1.000000000000000021e-03 5.970119567888823689e-05 1.000000000000000021e-03 1.000000000000000021e-03 3.893761168780413614e-03 4.850299907345710475e-03 4.138903964767505668e-03 2.904445711875712315e-03 1.000000000000000021e-03 1.000000000000000021e-03 1.000000000000000021e-03 3.564190702252998440e-03 4.709977997405476527e-03 4.339685001335092870e-03 5.763782683922812761e-03 4.028264927862874357e-03 3.442550970499684906e-03 6.239055255498920927e-03 5.448639476037561713e-03 3.321230848716563277e-03 3.794028454666994662e-03 3.800676118287357567e-03 2.147113104402412903e-03 1.835294436902632029e-03 3.148089902287692227e-03 3.640748421072020208e-03 2.812913108501175277e-03 3.540832336506598461e-03
5.105822078916589721e-03 5.888283821193425992e-03 7.800698687379562998e-03 4.955189621108765582e-03 1.000000000000000021e-03 1.000000000000000021e-03 8.295592231752970400e-05 1.000000000000000021e-03 1.623052867089803269e-05 1.000000000000000021e-03 1.995287157913706383e-05 1.000000000000000021e-03 1.000000000000000021e-03 1.718626776812902423e-03 3.929213133583211309e-03 3.477430282233447221e-03 1.093235781097200068e-03 9.848742983200894192e-05 2.301438350059733910e-04 1.000000000000000021e-03 2.650014877529019083e-03 4.743815033950360936e-03 3.515553716697778636e-03 3.843767893858594884e-03 5.174313946887668797e-03 4.931089432075334324e-03 5.486486166436953249e-03 4.792062270623256154e-03 3.728238858348671692e-03 3.656852134008672581e-03 3.699104615103693174e-03 4.047672885646423808e-03 3.849295343271216547e-03 3.811118324764436321e-03 3.834971033560563569e-03 3.942864493844820857e-03 3.592077930670922216e-03
4.921567571820478944e-03 4.073903745525585957e-03 3.508468759923092165e-03 1.679402488597888038e-03 1.000000000000000021e-03 1.000000000000000021e-03 1.577959743796126084e-05 1.000000000000000021e-03 6.682891206525872434e-06 1.276797641692385670e-05 1.000000000000000021e-03 1.887255374299841009e-05 8.770098518766643618e-05 1.000000000000000021e-03 2.906352862950398273e-03 3.420506634284501031e-03 1.000000000000000021e-03 1.000000000000000021e-03 1.000000000000000021e-03 3.819973627101782665e-04 6.476219738266804533e-03 6.888443897262155370e-03 3.228525365223167132e-03 4.290957486086121632e-03 6.552023313193746680e-03 7.195917924816871113e-03 4.601802525364502225e-03 3.803890008642416519e-03 4.184961249832881008e-03 3.845331770739084543e-03 3.929968398064820519e-03 3.860790618350945762e-03 4.346489285699203266e-03 3.648299171806863254e-03 2.893175852106364635e-03 3.286839945307969222e-03 2.579397546485798220e-03
5.292823153627128699e-03 4.628661445087597047e-03 2.729236244588846907e-03 1.000000000000000021e-03 6.890229159030139582e-05 4.409899832754340585e-06 1.000000000000000021e-03 2.483114176958569570e-06 1.000000000000000021e-03 4.407145413295828802e-06 1.000000000000000021e-03 6.691206369221393353e-06 7.584652989781930023e-05 1.000000000000000021e-03 2.503661455651404969e-03 5.404001327619352944e-03 3.608561195606322519e-03 1.000000000000000021e-03 6.099754448112788070e-05 6.245176040519094876e-03 1.049425822205669358e-02 7.245229044762621293e-03 3.507127452972279118e-03 3.975382892686333235e-03 4.280101758652770511e-03 6.662238383163645791e-03 5.009948450039686252e-03 4.045886206329819823e-03 4.284421641527951484e-03 3.921395119713759134e-03 4.075948204764078334e-03 4.498731387005471677e-03 5.732947262864203884e-03 1.866461093951585042e-03 1.000000000000000021e-03 5.171949783353531143e-05 1.000000000000000021e-03
4.670493557418053075e-03 4.631954346346616076e-03 5.207569852321992931e-03 3.380505062261097548e-03 1.000000000000000021e-03 1.000000000000000021e-03 4.743445222961990176e-05 1.000000000000000021e-03 1.000000000000000021e-03 1.000000000000000021e-03 1.000000000000000021e-03 1.000000000000000021e-03 1.609644629981650207e-04 1.000000000000000021e-03 1.853402473071347591e-03 4.648294383679157753e-03 4.495445532171204496e-03 4.344931549679877797e-03 6.948317276515667863e-03 8.093493730958726054e-03 5.897567163568579948e-03 4.140809009317951428e-03 4.252976801968080811e-03 4.430172327065893915e-03 4.376873213189945606e-03 4.779388787900359405e-03 4.603074729784399979e-03 4.675834390245646802e-03 4.528377958473954815e-03 4.115111441457770802e-03 4.969756999126721114e-03 5.712829094418902381e-03 1.573880696550604029e-03 1.000000000000000021e-03 1.000000000000000021e-03 1.000000000000000021e-03 1.000000000000000021e-03
5.302074495357691868e-03 5.024926192083908547e-03 3.747944814949918328e-03 8.651899695642089076e-04 1.000000000000000021e-03 1.000000000000000021e-03 1.000000000000000021e-03 1.751772541005861331e-04 2.316333053334689268e-04 9.292833760186007097e-05 2.241775139682338229e-04 9.112381579700991655e-05 1.000000000000000021e-03 2.397267534216109084e-03 4.507817117196581333e-03 4.569977636558707028e-03 4.788302877328287632e-03 5.175789325270145104e-03 5.890939590168956658e-03 7.424452862550148281e-03 4.960291636603354586e-03 3.791021614912546116e-03 4.760918066628855479e-03 4.563097699697510334e-03 4.594011625420133492e-03 4.579990664036611217e-03 4.742645832907075969e-03 4.441479786824004301e-03 5.276042857117700484e-03 5.974021070194126051e-03 5.719638696565958538e-03 7.002581087632282417e-03 9.296515919012243029e-04 1.000000000000000021e-03 2.844974364191954702e-04 1.804945555345585171e-05 7.715837153394128963e-05
5.146898068010658314e-03 5.664330410945782150e-03 2.619094051378338846e-03 1.000000000000000021e-03 1.409540854006117593e-04 1.109511384550941494e-05 4.098609401753839390e-05 1.000000000000000021e-03 1.000000000000000021e-03 1.000000000000000021e-03 1.000000000000000021e-03 1.000000000000000021e-03 2.506625729444119429e-03 5.220292375035176166e-03 4.910844350331210369e-03 4.425810291324187504e-03 4.918130922018627837e-03 4.196872068323470942e-03 4.012141767622006208e-03 7.311125878485964444e-03 6.018259749769014864e-03 4.458276048520677659e-03 4.993029501999072910e-03 4.858666069651332645e-03 4.862503355038888704e-03 4.927910997999829235e-03 4.587119033953713718e-03 5.755594778781715493e-03 5.830274466679782365e-03 5.128863741389318859e-03 5.514602031117279285e-03 2.747037453478787423e-03 5.669198686219749502e-04 1.968050366078421480e-04 1.342997783258099672e-04 1.000000000000000021e-03 1.000000000000000021e-03
4.700277521496061713e-03 5.881044377592653527e-03 3.178410648587000516e-03 1.000000000000000021e-03 8.603101846658468312e-05 1.000000000000000021e-03 1.000000000000000021e-03 2.231943563432016008e-03 2.631463151068024961e-03 1.648788861913919783e-03 1.697609707964218596e-03 1.868193799501530932e-03 4.718281416214055793e-03 4.805578228254078418e-03 4.166319020514332346e-03 4.355055992565316433e-03 5.346879938067232094e-03 5.926194055483242212e-03 4.714403190497823068e-03 6.347579332987779606e-03 5.657812943876208006e-03 4.648755432275200952e-03 5.064146535325114371e-03 5.165498505009856120e-03 5.145812918531489193e-03 5.744038336148429326e-03 5.812885342105364277e-03 6.198764223723948925e-03 4.364198758106952770e-03 3.239044718908370719e-03 4.698817717269846914e-03 6.269209242106952738e-04 1.000000000000000021e-03 1.000000000000000021e-03 1.000000000000000021e-03 2.128544607359122097e-04 1.104378623329161740e-04
