ASPA-UH-Flopy_REPO/Models/Basic_optimizerSpHed/Flo_py_wrkspace/Figures/recharge_convertedKML.asc
NCOLS 400
NROWS 200
XLLCENTER 515244
YLLCENTER 8410178
CELLSIZE 83.0
NODATA_value -999.0
[rows 102 to 118 of 200, columns 74 to 110 of 400]
6.474396062852610587e-03 6.748562442987153520e-03 6.782439401823755175e-03 6.851011538678450537e-03 9.162612294444748631e-03 7.595393516948817716e-03 6.648855382848906613e-03 7.174545920658535574e-03 6.861463310486287659e-03 6.982748488289468314e-03 8.046222879098553077e-03 7.163447925485053047e-03 1.475981638657714555e-02 1.382338888223304599e-02 6.728351866565991310e-03 8.695345397350262226e-03 1.137986137885594294e-02 9.053914618734839118e-03 7.779051425928889749e-03 9.489378372555905966e-03 1.088991600348999250e-02 9.922280201687845580e-03 8.467092562145778559e-03 8.489399706837113049e-03 8.360311096096867053e-03 8.436885196642396681e-03 8.103110953815393161e-03 7.767886486753359729e-03 8.430406398550182104e-03 8.491038539718385666e-03 7.168243542358856100e-03 1.185566811417537551e-02 1.335081932908111987e-02 9.995375300724760118e-03 8.231542834004828418e-03 8.590263960989595951e-03 8.762993866328408488e-03
6.836141884768250424e-03 6.553991650370168641e-03 6.375450080652915290e-03 6.887836645088914189e-03 6.410169251348640101e-03 6.846379127627449934e-03 6.643753320296586634e-03 6.250508563976758629e-03 6.470348031877795440e-03 7.003993934884295003e-03 8.101575550325172334e-03 8.082931909491346614e-03 9.143536289599693903e-03 8.851789302745508015e-03 8.556849363720050658e-03 1.049540355259240623e-02 1.075964612376045793e-02 8.285962796221773424e-03 8.180953820040640784e-03 8.230473412664652752e-03 7.695289145846502532e-03 7.963548362211320814e-03 8.290093278940301527e-03 7.910432340156068470e-03 8.345831449389757781e-03 8.204804848076011764e-03 9.429120922456851392e-03 9.939492022697202916e-03 8.195070965348494330e-03 8.017510743779333524e-03 7.355802073768802525e-03 1.166417465207788239e-02 1.363938962222868007e-02 1.065852188007229868e-02 8.379614540312463680e-03 8.500272293570823590e-03 7.771781228061656541e-03
6.642321053810941456e-03 7.058410177567618800e-03 7.999362097752309164e-03 6.856990249923570861e-03 6.694673780380879652e-03 6.793400882960961944e-03 7.615236277966410360e-03 8.344854618043434646e-03 7.679157710510548657e-03 6.896041057063423754e-03 7.935018203485669566e-03 8.064192142961407878e-03 8.181081639162110161e-03 7.806106190770936530e-03 9.644799825767920096e-03 1.178397265471545045e-02 8.874216418953495902e-03 9.088447510918994110e-03 8.621813385882496836e-03 8.283990062459398521e-03 8.528645872754215748e-03 8.315575007931527360e-03 8.360657931809780882e-03 9.242618763873678908e-03 8.742073044131546886e-03 7.741020348016460634e-03 1.028903474945447663e-02 1.134509647489462779e-02 7.955229543900346062e-03 7.858486306415380512e-03 7.888361754903823464e-03 7.998698572972697332e-03 8.704178342098828347e-03 9.012334799135558391e-03 8.918872479938685580e-03 9.116967530402716666e-03 8.725656564194682330e-03
6.125788234008914743e-03 8.885047180486611851e-03 1.142537491272124957e-02 6.757301535113123363e-03 7.038924556754475211e-03 6.577809738419935007e-03 9.658188378622693804e-03 1.269491388905443635e-02 1.022399709785747936e-02 6.746183561811456078e-03 7.377224738740504467e-03 7.517731415720181956e-03 7.900303740164761959e-03 8.389114076496135414e-03 7.866893008177524432e-03 8.587797943162308115e-03 1.231063708809547290e-02 1.279463997392614634e-02 9.304106956614139820e-03 7.835970880836479538e-03 8.476522581631772482e-03 7.998320309983463980e-03 8.595825234619873523e-03 1.227215828632576347e-02 9.261116894852731637e-03 7.995284881624549478e-03 8.449636036620949281e-03 8.153436197614757908e-03 8.562589771713117678e-03 8.464427967351547885e-03 7.612529389591865536e-03 1.188492697138689852e-02 1.113936327685276576e-02 8.031633120471207490e-03 8.553529952424747396e-03 9.245570667808443791e-03 1.140262334771800085e-02
8.892535727893452133e-03 1.047371347130959980e-02 6.699534554821361641e-03 7.021316220343317045e-03 1.174868611744875335e-02 8.350280517032040301e-03 6.602575097727296158e-03 7.592447797610138091e-03 7.311312150790773463e-03 7.391817666540898175e-03 7.397785845905084298e-03 7.486754349395862915e-03 7.616857043909424155e-03 7.559945095225798807e-03 7.806953951756805468e-03 8.077406495602280218e-03 8.703111351529665973e-03 1.189078108907688607e-02 9.466920637740199387e-03 7.820431137796027277e-03 8.416388931912035729e-03 8.225327265848856109e-03 8.358217399714765877e-03 8.796301551051544099e-03 8.037111918835070090e-03 1.078006507357169401e-02 1.052833057917934752e-02 7.965894673866893982e-03 8.646158079510395805e-03 8.352288982474229823e-03 7.794132059756320174e-03 9.733499609488023910e-03 9.571785071890942173e-03 8.272707895475872944e-03 8.644862814316438618e-03 8.771413954950936509e-03 8.787499896959682574e-03
1.539005059031039666e-02 1.361739035465736776e-02 4.825915204717990889e-03 7.077091323709960510e-03 7.754771539058366234e-03 7.003648017523318205e-03 6.521099849546578738e-03 6.301154201785646135e-03 6.634667237519797575e-03 7.557093892631342943e-03 7.814931985676367571e-03 7.586623238156665200e-03 7.516938861053409915e-03 7.464346882766530189e-03 8.038462183730084656e-03 8.677501093379950264e-03 8.329814953237452135e-03 9.365550200403981868e-03 8.596947858623797678e-03 8.098355440117421464e-03 8.351296764507095891e-03 8.263410451120847822e-03 8.314321475295422328e-03 8.110492914567633826e-03 7.276754037161332032e-03 1.448731441792414608e-02 1.335633637412594540e-02 6.111294445558378141e-03 7.288237227910381033e-03 8.336914523975091570e-03 8.152988684909530034e-03 9.459807111700590382e-03 9.370615764869459977e-03 8.325427701369330497e-03 8.321213805857211737e-03 8.587066180544306038e-03 9.123332369328317551e-03
1.033968025282986508e-02 1.157713171306684607e-02 9.145965563612589583e-03 6.056320270776382672e-03 9.196314557335147355e-03 7.653276937201013500e-03 6.429460936804293550e-03 7.050779811834482526e-03 7.342806248644947846e-03 7.290300445874755945e-03 6.179676568327908438e-03 7.184141095846601280e-03 7.792243232603995005e-03 7.009849810369218198e-03 7.425108089137635349e-03 9.080275731602433648e-03 8.931425412806908229e-03 8.560440751121610112e-03 8.574015179096434666e-03 8.344790442377798823e-03 8.143798387505132852e-03 8.158331035511699053e-03 8.216291787357594620e-03 8.466502392409295044e-03 7.902189134835811354e-03 1.073615617001983172e-02 1.244044494322507112e-02 1.407600221282931559e-02 1.490544803719804495e-02 8.368852411985766224e-03 8.383389266113450491e-03 9.005935691333876933e-03 9.052454078436276280e-03 9.591051789669829269e-03 8.890016800421769380e-03 8.583868719804698191e-03 1.263220663276481276e-02
4.033841354559659226e-03 7.489952484753313253e-03 1.029223331698022638e-02 8.947122627530994243e-03 1.060414832365979936e-02 7.727389844410348374e-03 6.266280435161505728e-03 7.293724499357836025e-03 7.023407576551954357e-03 7.788966713911472071e-03 1.154376280777038959e-02 8.405361779100893257e-03 6.810444557141919104e-03 8.701146895989778779e-03 9.268243303640405148e-03 8.222848601344454750e-03 8.695933598347329457e-03 8.833937233383366491e-03 8.910668820426209669e-03 8.656426909165277836e-03 8.399976149262059280e-03 8.497274958257161961e-03 8.435099910850228297e-03 8.187445278824350553e-03 8.632407522203547692e-03 7.485818572063711492e-03 9.654963278439482322e-03 1.549081099357293989e-02 1.572197616027312672e-02 8.349141338046844885e-03 7.772045495774660036e-03 9.377605245079818214e-03 1.108627360196747479e-02 1.179936057428980153e-02 1.006357747243325634e-02 9.060300797997373340e-03 1.238825924066648196e-02
8.051170630266541936e-03 5.488126034271843465e-03 6.861398169007994555e-03 1.073876466721734001e-02 6.511570241052842128e-03 6.087886131433285081e-03 7.132413733831505752e-03 7.481096799760174332e-03 6.684271217598170695e-03 8.130936324809032167e-03 1.552850912347366122e-02 9.290609996575223406e-03 5.995497475519442204e-03 1.020067756781303618e-02 1.061514513573377956e-02 7.054833798390795253e-03 8.773665505379240129e-03 8.818310049628129074e-03 8.732126037764192591e-03 8.888881702630800283e-03 8.871914558423852140e-03 8.906507213108576931e-03 8.850772988235092523e-03 8.404894885408324343e-03 8.739299191665654554e-03 9.297282089843802999e-03 8.569956377935811220e-03 7.174045981193341408e-03 7.115530772434510570e-03 8.256283833402940087e-03 8.786181167303671463e-03 1.079180337396035659e-02 1.185503772030306255e-02 1.064127707358474874e-02 9.708247113908257536e-03 1.013190040910535647e-02 9.437303097858083800e-03
1.220445206156159888e-02 5.278551859710276309e-03 6.699672043736859886e-03 6.473815249681200146e-03 6.960705182385129759e-03 7.071020874221602137e-03 7.078949749248357112e-03 7.163738776485312904e-03 7.212916015770753399e-03 7.285514904766298219e-03 7.217102064626453907e-03 7.297036777658882402e-03 7.371990237430440032e-03 7.304296862170299616e-03 7.168514358454594095e-03 7.602127642653699544e-03 8.681869116527893282e-03 8.723270363341998831e-03 8.731794428145568665e-03 8.794415152517855855e-03 8.778008853178821333e-03 8.774173020083353078e-03 8.792158612861110389e-03 8.838539301175464200e-03 8.831308467521658059e-03 8.873617606487643403e-03 8.868834490435108242e-03 9.150560400927985547e-03 8.880034653577877773e-03 8.266369434794982110e-03 1.146896812347079908e-02 9.405081267163552597e-03 7.958084864579630796e-03 8.404670578088647634e-03 8.755631847530124037e-03 1.044375988672851217e-02 1.008245531470641776e-02
1.016643672098848684e-02 9.962493312301897233e-03 7.151465505485868519e-03 1.093769862423729297e-02 7.556561859490978222e-03 6.752013062576898809e-03 7.227864888475594822e-03 7.298951045225221708e-03 6.975652925448809320e-03 7.704805345578756917e-03 1.137742964128522598e-02 8.162752473851503723e-03 6.968498712548161153e-03 7.220536621162127432e-03 7.389986580835489378e-03 8.577926232043205437e-03 8.659903820491915774e-03 8.677757701096803361e-03 8.766519453285602156e-03 8.799849654575871150e-03 8.814012315440631490e-03 8.832940997622815149e-03 8.854458285027580478e-03 8.921097784198774722e-03 8.890543692102906986e-03 9.029308025985218963e-03 8.608079390816885182e-03 1.022953734416853777e-02 1.213955149672865837e-02 8.883352657687183102e-03 8.671680017927769699e-03 7.661023739311675559e-03 1.188637700554675061e-02 1.463693883173885699e-02 1.053649506854907776e-02 8.684787078180048608e-03 1.034047843056403598e-02
7.199024095006194800e-03 8.024113521340624569e-03 6.863473700866399782e-03 8.456025748613147860e-03 7.079824613300165180e-03 6.802284733776997085e-03 7.094180070724005055e-03 7.193356599532586479e-03 7.031005602659068376e-03 7.322119061903705449e-03 9.006662301415318400e-03 7.620483815731066840e-03 6.954139170783373361e-03 7.732749369512166224e-03 8.373978034694298453e-03 8.546465660503300976e-03 8.580742599535765361e-03 8.597095610055954448e-03 8.681344073828421368e-03 8.734652092031633050e-03 8.755321805326050574e-03 8.785663752614083014e-03 8.800595229856088622e-03 8.803399165931053566e-03 8.831653107520393703e-03 8.982837197294870138e-03 8.637142816047363794e-03 9.093625506272703593e-03 1.006776640632130876e-02 8.939519499644469833e-03 8.479519408958677285e-03 7.665781005400615702e-03 9.385047991098743533e-03 1.046962900404002639e-02 8.478473418309012688e-03 7.772592098880027472e-03 9.081774934539635705e-03
6.459585186995101154e-03 6.218614055165261160e-03 6.732231443580608855e-03 6.213462645000003386e-03 6.870846828527754115e-03 7.021412509837253457e-03 7.048128148602095765e-03 7.089962237539573948e-03 7.264147936105120815e-03 7.372128811199759636e-03 6.582012303341061403e-03 7.020571763718466696e-03 7.073381523939781430e-03 7.745488079007563538e-03 8.514236303894202884e-03 8.326335024753495073e-03 8.505167382367935167e-03 8.540604333927039049e-03 8.613835078605261431e-03 8.659040080896185376e-03 8.686144462917318870e-03 8.718466702335513768e-03 8.757801281486028017e-03 8.939067331742730702e-03 8.925382614162225350e-03 8.653950729479551948e-03 9.728752212129557209e-03 9.663530359609767348e-03 8.018463340540996423e-03 8.866364130635585525e-03 8.587498781012356183e-03 1.255477051605429287e-02 1.036160468541303011e-02 7.587430556403268120e-03 1.045588976853621850e-02 1.032380097960752113e-02 8.410555201210733953e-03
6.651613609859378939e-03 6.805704555407803176e-03 6.782039030768283877e-03 6.986030016606504210e-03 6.937414156053138548e-03 6.958000354000786793e-03 7.013671923051129423e-03 7.193001299839248998e-03 6.916151636741248859e-03 6.462356981664702481e-03 7.329299737422001991e-03 7.182902805620330552e-03 6.929014044292873022e-03 7.657853942964071466e-03 8.334254290993773490e-03 8.282970650287503275e-03 8.424425127634424873e-03 8.436978846444533747e-03 8.499136285545523875e-03 8.569589709031722943e-03 8.605266497559988306e-03 8.690425442137205206e-03 8.666827336477998453e-03 8.471291694382829598e-03 8.922040359394709311e-03 8.221601501221564509e-03 1.168158288431130759e-02 1.377757455311741201e-02 9.774264546742305465e-03 8.886121388198565604e-03 8.222922655242581244e-03 1.310397247353647064e-02 1.170677569169153304e-02 8.918049214539668090e-03 1.130096759796675975e-02 1.056893540892204532e-02 8.279863566654230636e-03
6.472020124504768677e-03 6.533775956907445122e-03 6.661782573913824224e-03 6.666615239746303406e-03 6.810281946414013625e-03 6.835147918749271724e-03 6.966596374484240739e-03 6.832954195676632474e-03 7.372990002542125637e-03 8.342454357646401225e-03 7.064112357931297444e-03 6.891295673055405219e-03 6.823324724499537156e-03 7.477477976615024696e-03 8.239328011652334235e-03 8.134944649429133590e-03 8.290588351959046753e-03 8.355368688022260862e-03 8.444295323866049530e-03 8.461781721628536257e-03 8.506620248945748891e-03 8.523989019667039743e-03 8.630196500616931291e-03 9.275799973068743140e-03 9.028719982043388603e-03 8.000074026307734884e-03 1.169297510332478057e-02 1.481321036620089279e-02 1.129565876313181477e-02 8.780486306148756193e-03 8.699410404449246098e-03 8.140877579670963496e-03 8.273753430478729062e-03 8.304057886188332890e-03 7.594311229998386079e-03 7.830564622330733748e-03 8.155994538968659377e-03
6.428206194559414263e-03 6.517700703083782569e-03 6.645838003865692754e-03 6.684566935235420650e-03 6.799385557605628141e-03 6.751897124464060346e-03 7.183149825980846004e-03 5.970703859505196998e-03 9.349903846871017443e-03 1.534259140332897182e-02 7.313218899391260922e-03 6.343039167961466752e-03 6.895131927709247620e-03 7.295236241355543272e-03 8.112159794081405528e-03 8.000236751048451708e-03 8.155763827453307163e-03 8.179354830253632996e-03 8.274023754531312572e-03 8.294507917604021854e-03 8.487215645081137155e-03 8.271204828398147704e-03 8.765702072305973924e-03 1.186943274080371792e-02 9.475074917781076828e-03 8.348163656263091204e-03 8.810795288446072321e-03 8.615915386575075802e-03 8.613318976691897513e-03 8.672794324089429935e-03 8.577956387345408648e-03 8.604722011465639614e-03 8.524447340486969449e-03 8.268645038734711433e-03 8.239971731452694001e-03 8.570508674803353072e-03 8.596463781244083682e-03
6.299316968309510816e-03 6.391560741762418105e-03 6.515311766684719376e-03 6.555546748140877143e-03 6.660645601666195792e-03 6.706514862441052827e-03 6.938106814289793887e-03 6.210143059607884167e-03 8.432903205544605915e-03 1.216512975502832133e-02 7.055938357913571490e-03 6.303057454379114993e-03 7.442838693365844138e-03 7.799712257333816894e-03 7.827598273052320185e-03 7.899787065921237347e-03 8.017863443829579065e-03 7.794894035237197837e-03 7.792177157379500015e-03 8.063754158387623563e-03 8.304338245808791374e-03 8.308021488132021418e-03 8.425698957164429875e-03 9.009070678235753249e-03 8.766490891765661361e-03 8.555844302165273654e-03 8.602252120925484372e-03 8.058866390861087886e-03 7.636297359705924125e-03 8.577210088606077379e-03 8.507486146128766941e-03 8.608181075662467083e-03 8.543686266070524976e-03 8.365157010523956507e-03 8.466678928920470110e-03 8.512067635407152139e-03 8.495238867619540890e-03
