ASPA-UH-Flopy_REPO/Models/Basic_optimizerSpHed/Flo_py_wrkspace/Figures/recharge_convertedKML.asc
NCOLS 400
NROWS 200
XLLCENTER 515244
YLLCENTER 8410178
CELLSIZE 83.0
NODATA_value -999.0
[rows 102 to 118 of 200, columns 296 to 332 of 400]
1.000000000000000021e-03 1.000000000000000021e-03 4.789314331555453034e-23 1.000000000000000021e-03 5.715752382242433872e-24 1.000000000000000021e-03 1.911605129356185218e-25 8.600170100599591503e-26 1.000000000000000021e-03 3.219310165430927064e-26 1.000000000000000021e-03 1.000000000000000021e-03 1.000000000000000021e-03 1.564689606367105737e-27 6.985059051207202355e-27 1.000000000000000021e-03 1.200157102873642470e-25 1.000000000000000021e-03 7.140899327032778003e-25 1.000000000000000021e-03 1.000000000000000021e-03 2.231360592929520198e-23 1.000000000000000021e-03 2.863377482715938389e-22 1.000000000000000021e-03 1.063369794584211770e-21 7.833523004023911980e-21 1.000000000000000021e-03 3.360628618837531427e-22 2.149134034844245079e-19 1.000000000000000021e-03 1.000000000000000021e-03 2.528784659805470063e-19 1.000000000000000021e-03 1.000000000000000021e-03 1.175474366053953830e-19 1.482698725147128304e-20
8.424978114982332349e-24 2.437818849275360201e-23 1.000000000000000021e-03 6.187587042099136712e-24 1.000000000000000021e-03 4.716396352517544584e-25 1.000000000000000021e-03 1.000000000000000021e-03 8.843983453221817925e-27 1.000000000000000021e-03 4.932341528536579867e-27 6.541826286826412785e-28 2.407504156375003778e-27 1.000000000000000021e-03 1.000000000000000021e-03 1.073391356993049883e-26 1.000000000000000021e-03 1.092223134120681637e-25 1.000000000000000021e-03 1.881513751784328497e-25 1.049665106309315129e-24 1.000000000000000021e-03 2.900690776206489329e-23 1.000000000000000021e-03 2.241177612834670995e-22 1.000000000000000021e-03 1.000000000000000021e-03 2.323249374284306049e-21 1.000000000000000021e-03 1.000000000000000021e-03 4.266186077250831473e-21 8.837902179075987259e-20 1.000000000000000021e-03 6.589905711892809183e-20 1.923307579083744285e-20 1.000000000000000021e-03 1.000000000000000021e-03
1.000000000000000021e-03 1.000000000000000021e-03 3.573454917331097960e-24 1.000000000000000021e-03 4.264698878082958810e-25 1.000000000000000021e-03 1.426307457935136373e-26 6.416851767983761435e-27 1.000000000000000021e-03 2.402026458208457092e-27 1.000000000000000021e-03 1.000000000000000021e-03 1.000000000000000021e-03 1.167463102417313986e-28 5.211767674116609826e-28 1.000000000000000021e-03 8.954741752021830118e-27 1.000000000000000021e-03 5.328044903259452634e-26 1.000000000000000021e-03 1.000000000000000021e-03 1.664886856685625406e-24 1.000000000000000021e-03 2.136454122121327978e-23 1.000000000000000021e-03 7.934129519045780209e-23 5.844832759111082176e-22 1.000000000000000021e-03 2.507468508421459914e-23 1.603535089400485773e-20 1.000000000000000021e-03 1.000000000000000021e-03 1.886804112629309092e-20 1.000000000000000021e-03 1.000000000000000021e-03 8.770576251168581118e-21 1.106287180899395955e-21
1.931198840491845806e-25 5.588041738266112658e-25 1.000000000000000021e-03 1.418337324805019687e-25 1.000000000000000021e-03 1.081106567040785963e-26 1.000000000000000021e-03 1.000000000000000021e-03 2.027244505219419132e-28 1.000000000000000021e-03 1.130606170226252195e-28 1.499537110648672298e-29 5.518553486807141978e-29 1.000000000000000021e-03 1.000000000000000021e-03 2.460459974765707962e-28 1.000000000000000021e-03 2.503626741084767122e-27 1.000000000000000021e-03 4.312862450471932941e-27 2.406073948850496161e-26 1.000000000000000021e-03 6.649050700409347768e-25 1.000000000000000021e-03 5.137294777711007338e-24 1.000000000000000021e-03 1.000000000000000021e-03 5.325422139450694655e-23 1.000000000000000021e-03 1.000000000000000021e-03 9.779080127292162338e-23 2.025850537256688802e-21 1.000000000000000021e-03 1.510558021168859585e-21 4.408663519292335568e-22 1.000000000000000021e-03 1.000000000000000021e-03
1.223158893657882669e-25 3.539284928604586620e-25 1.000000000000000021e-03 8.983289947503760725e-26 1.000000000000000021e-03 6.847379382907347366e-27 1.000000000000000021e-03 1.000000000000000021e-03 1.283991111731717460e-28 1.000000000000000021e-03 7.160893862096892023e-29 9.497583132313693271e-30 3.495273317270390418e-29 1.000000000000000021e-03 1.000000000000000021e-03 1.558375780640653493e-28 1.000000000000000021e-03 1.585716214482345581e-27 1.000000000000000021e-03 2.731627604992867700e-27 1.523929430583831407e-26 1.000000000000000021e-03 4.211293693877906992e-25 1.000000000000000021e-03 3.253796380231281985e-24 1.000000000000000021e-03 1.000000000000000021e-03 3.372950167416508017e-23 1.000000000000000021e-03 1.000000000000000021e-03 6.193753112674929871e-23 1.283108217502840619e-21 1.000000000000000021e-03 9.567386015560778085e-22 2.792304903928979418e-22 1.000000000000000021e-03 1.000000000000000021e-03
1.000000000000000021e-03 1.000000000000000021e-03 1.665392090339617600e-25 1.000000000000000021e-03 1.987543132220109034e-26 1.000000000000000021e-03 6.647239754774027025e-28 2.990544004753640527e-28 1.000000000000000021e-03 1.119453290115817688e-28 1.000000000000000021e-03 1.000000000000000021e-03 1.000000000000000021e-03 5.440907641228245538e-30 2.428920152053872243e-29 1.000000000000000021e-03 4.173315860939780333e-28 1.000000000000000021e-03 2.483110615395638047e-27 1.000000000000000021e-03 1.000000000000000021e-03 7.759127977205507836e-26 1.000000000000000021e-03 9.956845346216678903e-25 1.000000000000000021e-03 3.697664263417560565e-24 2.723957198724491774e-23 1.000000000000000021e-03 1.168594068571633937e-24 7.473200911302162262e-22 1.000000000000000021e-03 1.000000000000000021e-03 8.793363055885333472e-22 1.000000000000000021e-03 1.000000000000000021e-03 4.087486383436941574e-22 5.155800096367240439e-23
3.798675514221129269e-26 1.099169949697645936e-25 1.000000000000000021e-03 2.789874949008443291e-26 1.000000000000000021e-03 2.126540757157511390e-27 1.000000000000000021e-03 1.000000000000000021e-03 3.987597704519424929e-29 1.000000000000000021e-03 2.223906666167870121e-29 2.949595238694264496e-30 1.085501584027124586e-29 1.000000000000000021e-03 1.000000000000000021e-03 4.839734191991516652e-29 1.000000000000000021e-03 4.924643386635931656e-28 1.000000000000000021e-03 8.483416954951170715e-28 4.732756670760562527e-27 1.000000000000000021e-03 1.307870818834240926e-25 1.000000000000000021e-03 1.010507849955802083e-24 1.000000000000000021e-03 1.000000000000000021e-03 1.047512574047998213e-23 1.000000000000000021e-03 1.000000000000000021e-03 1.923548805657333764e-23 3.984855764198906080e-22 1.000000000000000021e-03 2.971273411888888622e-22 8.671858024163597111e-23 1.000000000000000021e-03 1.000000000000000021e-03
1.000000000000000021e-03 1.000000000000000021e-03 2.121504840126218155e-26 1.000000000000000021e-03 2.531885673904402361e-27 1.000000000000000021e-03 8.467766476756027422e-29 3.809585512923555994e-29 1.000000000000000021e-03 1.426045906577843253e-29 1.000000000000000021e-03 1.000000000000000021e-03 1.000000000000000021e-03 6.931047626863344713e-31 3.094145750272923709e-30 1.000000000000000021e-03 5.316291490584555026e-29 1.000000000000000021e-03 3.163177740358069746e-28 1.000000000000000021e-03 1.000000000000000021e-03 9.884175416879440720e-27 1.000000000000000021e-03 1.268379723724957000e-25 1.000000000000000021e-03 4.710369814715729012e-25 3.469986686565921822e-24 1.000000000000000021e-03 1.488645218743639015e-25 9.519939476432882115e-23 1.000000000000000021e-03 1.000000000000000021e-03 1.120166379572725128e-22 1.000000000000000021e-03 1.000000000000000021e-03 5.206955285012258321e-23 6.567855655502589589e-24
2.553052541838135361e-27 7.387413385223258202e-27 1.000000000000000021e-03 1.875047579955524694e-27 1.000000000000000021e-03 1.429227178014604792e-28 1.000000000000000021e-03 1.000000000000000021e-03 2.680025292299475418e-30 1.000000000000000021e-03 1.494665850140370291e-30 1.982394019533978499e-31 7.295549640643729374e-31 1.000000000000000021e-03 1.000000000000000021e-03 3.252737864665617244e-30 1.000000000000000021e-03 3.309804501286915522e-29 1.000000000000000021e-03 5.701621299115297295e-29 3.180839322272133834e-28 1.000000000000000021e-03 8.790071449694118723e-27 1.000000000000000021e-03 6.791524112072141354e-26 1.000000000000000021e-03 1.000000000000000021e-03 7.040229231922234096e-25 1.000000000000000021e-03 1.000000000000000021e-03 1.292798279097078496e-24 2.678182461113015064e-23 1.000000000000000021e-03 1.996963707039470603e-23 5.828270692815423011e-24 1.000000000000000021e-03 1.000000000000000021e-03
1.000000000000000021e-03 1.000000000000000021e-03 2.961665525028426978e-28 1.000000000000000021e-03 3.534565828881107154e-29 1.000000000000000021e-03 1.182118068922608087e-30 5.318261766304663470e-31 1.000000000000000021e-03 1.990790178149318214e-31 1.000000000000000021e-03 1.000000000000000021e-03 1.000000000000000021e-03 9.675888746777522889e-33 4.319492760361354313e-32 1.000000000000000021e-03 7.421655105783243750e-31 1.000000000000000021e-03 4.415862875240322315e-30 1.000000000000000021e-03 1.000000000000000021e-03 1.379851745884499735e-28 1.000000000000000021e-03 1.770684859798793959e-27 1.000000000000000021e-03 6.575775660049026370e-27 4.844174638460203335e-26 1.000000000000000021e-03 2.078180138910368152e-27 1.329003639983737043e-24 1.000000000000000021e-03 1.000000000000000021e-03 1.563775903749094611e-24 1.000000000000000021e-03 1.000000000000000021e-03 7.269019455580394421e-25 9.168865090643783499e-26
1.000000000000000021e-03 1.000000000000000021e-03 3.857868191734704105e-28 1.000000000000000021e-03 4.604128645722745852e-29 1.000000000000000021e-03 1.539828065806860427e-30 6.927572587167304510e-31 1.000000000000000021e-03 2.593205086731184653e-31 1.000000000000000021e-03 1.000000000000000021e-03 1.000000000000000021e-03 1.260382143341398304e-32 5.626575176636860281e-32 1.000000000000000021e-03 9.667454653695707194e-31 1.000000000000000021e-03 5.752106975445162075e-30 1.000000000000000021e-03 1.000000000000000021e-03 1.797396132267918889e-28 1.000000000000000021e-03 2.306495699962039986e-27 1.000000000000000021e-03 8.565611322582688898e-27 6.310026265624326929e-26 1.000000000000000021e-03 2.707039328662178919e-27 1.731161343529385776e-24 1.000000000000000021e-03 1.000000000000000021e-03 2.036975906662147719e-24 1.000000000000000021e-03 1.000000000000000021e-03 9.468631317682318493e-25 1.194337196033022663e-25
1.381039847668742388e-28 3.996123107145062615e-28 1.000000000000000021e-03 1.014282072835466171e-28 1.000000000000000021e-03 7.731214504454448071e-30 1.000000000000000021e-03 1.000000000000000021e-03 1.449724069823054515e-31 1.000000000000000021e-03 8.085196305859699388e-32 1.072349702911139027e-32 3.946430635195762690e-32 1.000000000000000021e-03 1.000000000000000021e-03 1.759525325667568209e-31 1.000000000000000021e-03 1.790394764449160955e-30 1.000000000000000021e-03 3.084216278888610067e-30 1.720632764544169323e-29 1.000000000000000021e-03 4.754872348668126991e-28 1.000000000000000021e-03 3.673784722981795167e-27 1.000000000000000021e-03 1.000000000000000021e-03 3.808318452783112728e-26 1.000000000000000021e-03 1.000000000000000021e-03 6.993220504366074636e-26 1.448727214780189006e-24 1.000000000000000021e-03 1.080230981765932669e-24 3.152725585499679073e-25 1.000000000000000021e-03 1.000000000000000021e-03
1.000000000000000021e-03 1.000000000000000021e-03 9.906256918277252218e-29 1.000000000000000021e-03 1.182250895638322671e-29 1.000000000000000021e-03 3.953979677827656615e-31 1.778866214649914989e-31 1.000000000000000021e-03 6.658847465545849362e-32 1.000000000000000021e-03 1.000000000000000021e-03 1.000000000000000021e-03 3.236416773880145332e-33 1.444795324764646713e-32 1.000000000000000021e-03 2.482414763430304793e-31 1.000000000000000021e-03 1.477029454823134835e-30 1.000000000000000021e-03 1.000000000000000021e-03 4.615364492833415934e-29 1.000000000000000021e-03 5.922633394701757341e-28 1.000000000000000021e-03 2.199482776664135739e-27 1.620292302424280280e-26 1.000000000000000021e-03 6.951151709916026549e-28 4.445286407849219891e-25 1.000000000000000021e-03 1.000000000000000021e-03 5.230558864340703983e-25 1.000000000000000021e-03 1.000000000000000021e-03 2.431360788799529616e-25 3.066826164850891539e-26
1.604029258072931111e-29 4.641356578915632019e-29 1.000000000000000021e-03 1.178052989211921074e-29 1.000000000000000021e-03 8.979533998614367173e-31 1.000000000000000021e-03 1.000000000000000021e-03 1.683803568777616966e-32 1.000000000000000021e-03 9.390671423242505354e-33 1.245496501247843675e-33 4.583640518769208862e-33 1.000000000000000021e-03 1.000000000000000021e-03 2.043626842089509828e-32 1.000000000000000021e-03 2.079480610588339449e-31 1.000000000000000021e-03 3.582208839167964669e-31 1.998454498895632335e-30 1.000000000000000021e-03 5.522617163103741522e-29 1.000000000000000021e-03 4.266971871573091186e-28 1.000000000000000021e-03 1.000000000000000021e-03 4.423228071684386088e-27 1.000000000000000021e-03 1.000000000000000021e-03 8.122379898084802882e-27 1.682645756671391581e-25 1.000000000000000021e-03 1.254650329716629972e-25 3.661779991615099086e-26 1.000000000000000021e-03 1.000000000000000021e-03
1.000000000000000021e-03 1.000000000000000021e-03 5.935678268112065215e-30 1.000000000000000021e-03 7.083867303854238869e-31 1.000000000000000021e-03 2.369164401837430570e-32 1.065869542783113050e-32 1.000000000000000021e-03 3.989879983729223883e-33 1.000000000000000021e-03 1.000000000000000021e-03 1.000000000000000021e-03 1.939211638639231873e-34 8.656993536330488610e-34 1.000000000000000021e-03 1.487425117810934815e-32 1.000000000000000021e-03 8.850135534219315230e-32 1.000000000000000021e-03 1.000000000000000021e-03 2.765456109762566660e-30 1.000000000000000021e-03 3.548751725393340383e-29 1.000000000000000021e-03 1.317896580538363881e-28 9.708544697386680644e-28 1.000000000000000021e-03 4.165024235014744159e-29 2.663547911615557908e-26 1.000000000000000021e-03 1.000000000000000021e-03 3.134071207447265776e-26 1.000000000000000021e-03 1.000000000000000021e-03 1.456834353790101915e-26 1.837595528659942016e-27
6.717772079845444617e-32 1.943828361079875002e-31 1.000000000000000021e-03 4.933757560639511775e-32 1.000000000000000021e-03 3.760683446533245226e-33 1.000000000000000021e-03 1.000000000000000021e-03 7.051871744450092385e-35 1.000000000000000021e-03 3.932870300248597812e-35 5.216215090539244285e-36 1.919656524097446511e-35 1.000000000000000021e-03 1.000000000000000021e-03 8.558833495281929050e-35 1.000000000000000021e-03 8.708991258157750444e-34 1.000000000000000021e-03 1.500250846598899408e-33 8.369648974887142552e-33 1.000000000000000021e-03 2.312905653013749207e-31 1.000000000000000021e-03 1.787033768870875395e-30 1.000000000000000021e-03 1.000000000000000021e-03 1.852474815730073781e-29 1.000000000000000021e-03 1.000000000000000021e-03 3.401702096555758026e-29 7.047022756938414424e-28 1.000000000000000021e-03 5.254551880845007679e-28 1.533575729145767321e-28 1.000000000000000021e-03 1.000000000000000021e-03
3.540085766999424913e-31 1.024345427734163380e-30 1.000000000000000021e-03 2.599957948953191578e-31 1.000000000000000021e-03 1.981779343661855257e-32 1.000000000000000021e-03 1.000000000000000021e-03 3.716147332258585338e-34 1.000000000000000021e-03 2.072517198840106319e-34 2.748805493867469764e-35 1.011607517747587157e-34 1.000000000000000021e-03 1.000000000000000021e-03 4.510275769801509696e-34 1.000000000000000021e-03 4.589404884758228657e-33 1.000000000000000021e-03 7.905919709465349095e-33 4.410580600029641711e-32 1.000000000000000021e-03 1.218839264763663480e-30 1.000000000000000021e-03 9.417188816674241645e-30 1.000000000000000021e-03 1.000000000000000021e-03 9.762045587356828501e-29 1.000000000000000021e-03 1.000000000000000021e-03 1.792605797347925327e-28 3.713592045852503001e-27 1.000000000000000021e-03 2.769007954460266028e-27 8.081532905312135373e-28 1.000000000000000021e-03 1.000000000000000021e-03
