ASPA-UH-Flopy_REPO/Models/Basic_optimizerSpHed/Flo_py_wrkspace/Figures/topKML.asc
NCOLS 400
NROWS 200
XLLCENTER 515244
YLLCENTER 8410178
CELLSIZE 83.0
NODATA_value -999.0
[rows 64 to 79 of 200, columns 37 to 73 of 400]
-4.170664058714810096e+01 -3.162993972955662514e+01 -3.000332367640894304e+01 -3.176956174193789195e+01 -2.602319273715767523e+01 -3.031587923078085112e+01 -3.672523193980563860e+01 -4.152353020237669767e+01 -4.239143921595159270e+01 -4.210223403245201013e+01 -4.120864783869148340e+01 -4.126258582300216915e+01 -4.188698230203895889e+01 -4.098427997605919870e+01 -3.760188003214011587e+01 -3.350052755351084244e+01 -3.342820120067541723e+01 -3.211983974585270829e+01 -3.112408256601502288e+01 -2.843435287942650902e+01 -2.444327048183080464e+01 -2.653379921387435658e+01 -2.521557688594361224e+01 -2.652606697077612097e+01 -2.512623140614058670e+01 -2.386483546603961159e+01 -2.495937981818028817e+01 -2.541937184380045167e+01 -2.859834931505624311e+01 -3.880863590081190040e+01 -4.178997690986886226e+01 -4.408448564634511513e+01 -4.598764715560142236e+01 -4.702941623706325203e+01 -4.719179466956095581e+01 -4.686551088237908402e+01 -4.627639072133943188e+01
-3.947748779076975012e+01 -4.060551227832289811e+01 -3.165466691533063326e+01 -2.673787105657906338e+01 -2.168709921964894960e+01 -2.825539309567134083e+01 -4.020720098713926660e+01 -3.963369814385460899e+01 -4.229732883402149213e+01 -4.177022724341707516e+01 -4.125784443659817669e+01 -3.651318476775604438e+01 -3.906038327022672973e+01 -3.690554795985664072e+01 -3.497661250091278617e+01 -3.339668486737649289e+01 -3.571805862443085289e+01 -3.258003574975055017e+01 -3.222481055183305187e+01 -2.792072659849421612e+01 -2.739663947877520656e+01 -2.527832635405753692e+01 -2.313277415166513862e+01 -2.122302357976828091e+01 -2.241110036042723763e+01 -2.200678012731620470e+01 -2.295022786627469458e+01 -2.875110541827777055e+01 -3.757598022199599086e+01 -4.046460304097555394e+01 -4.239924957585952114e+01 -4.405135693587459400e+01 -4.568002904890997939e+01 -4.698642547663592950e+01 -4.694094162162416239e+01 -4.725200791600667571e+01 -4.674568755677465504e+01
-4.458892267046537938e+01 -4.376225503609428813e+01 -3.596132797373537215e+01 -2.717917995540582510e+01 -2.673770801252868168e+01 -4.040590464693089245e+01 -4.252246884062422794e+01 -4.228216425142060331e+01 -4.097479662722727056e+01 -3.019712697295019765e+01 -3.235791869415002964e+01 -3.640602354600105173e+01 -3.537847731725734945e+01 -4.115473252841275809e+01 -3.968942866992944118e+01 -4.096770942932913329e+01 -3.832871643762258174e+01 -3.615807811713332853e+01 -3.347944900947933888e+01 -2.952732902062425069e+01 -2.627610918417256158e+01 -2.519482572387835617e+01 -2.379679098486781541e+01 -2.098121850719330794e+01 -2.147754947462142638e+01 -2.175939616646730457e+01 -2.672358867108093250e+01 -3.062299756643669824e+01 -3.813489938307155569e+01 -4.015540243935875964e+01 -4.152124146205112254e+01 -4.232997409202079808e+01 -4.545688805997680504e+01 -4.767135484940432377e+01 -4.864802839235679244e+01 -4.875609276649787205e+01 -4.788474741941782042e+01
-4.579586021996275491e+01 -4.483116020523215184e+01 -4.347162899414629322e+01 -4.118649305641955038e+01 -3.916530511232900835e+01 -4.299502523007977572e+01 -4.067646306990191363e+01 -4.203485338999401222e+01 -3.498006672408464368e+01 -3.240815979441339323e+01 -3.816755326328170383e+01 -3.879696706924414684e+01 -4.056571650403824236e+01 -4.352275108979171847e+01 -4.307866584591578629e+01 -4.403413357946994466e+01 -4.334315979762302362e+01 -4.193867490728493408e+01 -3.755911380525057552e+01 -3.000216190817924655e+01 -2.508552558543401290e+01 -2.251537330293618311e+01 -2.324039261264481482e+01 -2.283659303838828336e+01 -2.302084826269525664e+01 -2.437429072299634569e+01 -2.826956270089874934e+01 -3.352158347867490562e+01 -3.725037478285774029e+01 -3.913259656408195042e+01 -4.080371843546585353e+01 -4.382806188487932531e+01 -4.581976774491951687e+01 -4.843321890778874206e+01 -4.998884753703895001e+01 -4.881826991964619111e+01 -4.874092060337662247e+01
-4.565924759272997591e+01 -4.533074485014597599e+01 -3.915975364701816375e+01 -3.959336653957282692e+01 -4.176210018354475295e+01 -4.450898535710759063e+01 -4.478617425658136142e+01 -4.469416447750653987e+01 -3.801723459461457111e+01 -3.382198838847392608e+01 -3.646368551461426222e+01 -3.415390811119380032e+01 -4.256147631685102795e+01 -4.381740700040338510e+01 -4.569476592074527588e+01 -4.568307818851172897e+01 -4.523900276814104870e+01 -4.335446998514967021e+01 -3.903941864745576140e+01 -2.912971764660132123e+01 -2.518693486259250136e+01 -2.460027856642145849e+01 -2.511223902524176310e+01 -2.514450889871872619e+01 -2.461701984934900977e+01 -2.609937713706549900e+01 -2.826462266078192442e+01 -3.229971332580200283e+01 -3.580632247994015671e+01 -4.099690712771673873e+01 -4.331178162337914017e+01 -4.420138303295419036e+01 -4.572933093902875612e+01 -4.796855125124305630e+01 -4.953198044885156293e+01 -4.899125750997635720e+01 -4.746040381653807572e+01
-4.503239079886911611e+01 -4.521972115309582563e+01 -4.101642701571496019e+01 -3.737114516306576206e+01 -4.351281000926146447e+01 -4.426890438772097980e+01 -4.603359536211129210e+01 -4.624417187984152378e+01 -4.533694053778663857e+01 -3.535026562704441488e+01 -4.228403025822575501e+01 -4.304537072102217365e+01 -4.250220913012353918e+01 -4.658516914761231931e+01 -4.684174464705232310e+01 -4.691692854635167009e+01 -4.701801229952358341e+01 -4.391562251848591814e+01 -4.048860049167102915e+01 -3.086560139556745597e+01 -2.669491427128841110e+01 -2.753439811525454672e+01 -2.644480887145295966e+01 -2.569943915054251704e+01 -2.624493818933153122e+01 -2.722796446713414298e+01 -3.186098801259873881e+01 -3.645208696337593324e+01 -4.045274527185917890e+01 -4.304565339809617797e+01 -4.393211522657990287e+01 -4.469750206177479157e+01 -4.596676356642639405e+01 -4.757626138502416779e+01 -4.904953153876245153e+01 -4.844877615817302541e+01 -4.793385530434198216e+01
-4.562751650370381640e+01 -4.221712742450700517e+01 -4.340319379317669046e+01 -4.340683110364378905e+01 -4.489393339587284970e+01 -4.582760334622155796e+01 -4.647502504180153693e+01 -4.006229686616634922e+01 -4.190420968724097150e+01 -4.735270529852984822e+01 -4.780229451336846580e+01 -4.852903901147808341e+01 -4.860936779069793090e+01 -4.950109347771384449e+01 -4.990170439201641983e+01 -4.664340116906146250e+01 -4.810551347593953864e+01 -4.627612972079993625e+01 -4.094310910880824395e+01 -3.698983274080224248e+01 -3.384101510874017293e+01 -3.296101720032922344e+01 -3.121672410474912240e+01 -2.783390093693817136e+01 -2.953050631471920795e+01 -3.128393415646548092e+01 -3.603969578075540170e+01 -4.068971405438594502e+01 -4.302008767837801173e+01 -4.429551204330551428e+01 -4.513030778833044820e+01 -4.622975384328010762e+01 -4.783345797041476999e+01 -4.912684054487574059e+01 -5.050811284545897450e+01 -5.104453897780345528e+01 -5.180051183748807375e+01
-4.620559195433512656e+01 -4.602106947865798503e+01 -4.412858456825984632e+01 -4.449902381732731982e+01 -4.585280432845397058e+01 -4.620192228396210510e+01 -4.668260972847845380e+01 -4.883756242016167448e+01 -4.788742637178971506e+01 -4.788505261681691394e+01 -4.802903851927564460e+01 -4.903608252133940937e+01 -4.981839928722703803e+01 -5.033835994892309884e+01 -5.136497861945931476e+01 -5.134442041471461948e+01 -4.993266983909394696e+01 -4.782006886344970553e+01 -4.576494202428859381e+01 -4.396802535467167417e+01 -3.915544021869198588e+01 -3.711071305544312082e+01 -3.590663447550524268e+01 -3.356413752185818566e+01 -3.433913506296573104e+01 -3.723294318284797555e+01 -4.124898547914276037e+01 -4.289911970488431336e+01 -4.425078835188021031e+01 -4.581224941339345236e+01 -4.720306154707108703e+01 -4.865483940735916235e+01 -5.039008043691618610e+01 -5.192392636832145314e+01 -5.472093046861932208e+01 -5.792701848042703716e+01 -5.937240874178444727e+01
-4.644853048683657448e+01 -4.604670485580976447e+01 -4.550841090927929145e+01 -4.503467702395723649e+01 -4.576007749626879217e+01 -4.772706994695789007e+01 -4.817446791316172749e+01 -4.785173754352565823e+01 -4.736246693014781073e+01 -4.793412341094481377e+01 -4.818481242803929376e+01 -4.869133349640875252e+01 -4.987258222638348570e+01 -5.131533341432760409e+01 -5.256640651537377096e+01 -5.260260024379416421e+01 -5.189332728341134526e+01 -4.641165929947152335e+01 -4.553689160649970091e+01 -4.493428826714660573e+01 -4.359541180880199107e+01 -4.088323777147744664e+01 -3.963578245184552884e+01 -3.981116367837672954e+01 -4.085416393276655356e+01 -4.248048375343695682e+01 -4.332931477163815970e+01 -4.424143328061918368e+01 -4.557414690847208760e+01 -4.645799156542901187e+01 -4.696924018269708512e+01 -4.801277038578054146e+01 -5.057743306051231258e+01 -5.337214328951185394e+01 -5.576026848813237535e+01 -5.795078778549254395e+01 -5.910253242361288528e+01
-4.790036632107011627e+01 -4.638965742745418197e+01 -4.581404698876167458e+01 -4.596946118779128199e+01 -4.740025466723209036e+01 -4.911496059626426103e+01 -4.902533016274093569e+01 -4.822654370508055877e+01 -4.774639041092722636e+01 -4.789727077335924577e+01 -4.825280874472267101e+01 -4.906546487541098145e+01 -5.120011003405580396e+01 -5.316643269561231477e+01 -5.324660890893257914e+01 -5.268603247202793227e+01 -5.151397136611220162e+01 -4.924260093318338249e+01 -4.664817170491937759e+01 -4.608023302650595809e+01 -4.486471479882678182e+01 -4.290563823515872599e+01 -4.283286897026273721e+01 -4.364570670827261978e+01 -4.494274585103981678e+01 -4.580121072212197930e+01 -4.601364628323271688e+01 -4.636149486824843535e+01 -4.673722869524826962e+01 -4.642689558217441004e+01 -4.627333961480253066e+01 -4.752817860530532812e+01 -4.941761152561721815e+01 -5.121563247908027705e+01 -5.213008692123613486e+01 -5.239681120600526754e+01 -5.176669602703768902e+01
-4.765957429987566485e+01 -4.760250083218926420e+01 -4.693115591788647833e+01 -4.765273407730788335e+01 -4.966485285508429826e+01 -5.044260210383010445e+01 -4.988842162904787614e+01 -5.013002019636909523e+01 -4.957375774864089379e+01 -4.876631732574971778e+01 -4.919373215150182688e+01 -5.131745519910004560e+01 -5.370514230909915199e+01 -5.385883383393463220e+01 -5.220421940433990216e+01 -5.106827794563590572e+01 -5.042209184871301630e+01 -4.893005499202898534e+01 -4.773974940797605626e+01 -4.687470856326206103e+01 -4.517590923666461578e+01 -4.411363655096554481e+01 -4.458363576476538270e+01 -4.607692439157132469e+01 -4.726232322009989417e+01 -4.814292252800974836e+01 -4.819572695511114091e+01 -4.785681334042175905e+01 -4.708432792806510037e+01 -4.650723517908839000e+01 -4.634189084178465379e+01 -4.624609323765636049e+01 -4.674894641129750283e+01 -4.693467884883209962e+01 -4.669668410544517201e+01 -4.575190508613567175e+01 -4.457480653670602777e+01
-4.704650678023477184e+01 -4.759014924348907982e+01 -4.789197989375021081e+01 -4.898205872931787752e+01 -5.341362321775953603e+01 -5.343757705387700696e+01 -5.211495738595930760e+01 -5.155675876834724392e+01 -5.240578392523891438e+01 -5.107855222820084151e+01 -5.149896507281493996e+01 -5.438553100400818607e+01 -5.447576496750566832e+01 -5.387508002589717648e+01 -5.246189286927782547e+01 -5.146711582305382393e+01 -5.024313397589087060e+01 -4.869968902580745151e+01 -4.758874309556007631e+01 -4.693590796298325785e+01 -4.650901640375364821e+01 -4.601707733667142008e+01 -4.665465013515245118e+01 -4.821941344658702633e+01 -4.945684558405002207e+01 -4.977705493390053704e+01 -4.957468761686449454e+01 -4.893227962633135775e+01 -4.740073486955323290e+01 -4.637561017205998581e+01 -4.570006818138521965e+01 -4.482267388932443453e+01 -4.361466648529664525e+01 -4.239827454840989418e+01 -4.199352553451133474e+01 -4.162552675675084402e+01 -4.049774920530917655e+01
-4.704802829151556409e+01 -4.804943555514552145e+01 -4.980108135383377999e+01 -5.294194330987444630e+01 -5.615212087486800385e+01 -5.393399083018842077e+01 -5.232250769885559549e+01 -5.082405906456790490e+01 -5.221427542220106943e+01 -5.314709949272035772e+01 -5.384329517146488797e+01 -5.548923744588369544e+01 -5.527829533048349475e+01 -5.442713058201958631e+01 -5.385712397752845959e+01 -5.238438605047905838e+01 -5.082123291960017752e+01 -4.895064779344988182e+01 -4.829992756968738377e+01 -4.799264307383594996e+01 -4.768161894824635993e+01 -4.790537783651345194e+01 -4.899402243223758546e+01 -5.012405637277762338e+01 -5.057794465906009407e+01 -5.084936589275087471e+01 -5.013127689550159261e+01 -4.897459287562269026e+01 -4.715357130158646726e+01 -4.583238833259168388e+01 -4.392583624224698724e+01 -4.227608664933219274e+01 -4.051775209730239879e+01 -3.891826501454364973e+01 -3.787150185189205587e+01 -3.718391441448419243e+01 -3.589367239339291871e+01
-4.654765369363416028e+01 -4.732260215678265780e+01 -5.142229639091775084e+01 -5.651920268606814801e+01 -5.565018923402329420e+01 -5.142511413254009511e+01 -5.065604142458690973e+01 -5.077626159734839462e+01 -5.274311126365464020e+01 -5.412305202860298436e+01 -5.526364434690430016e+01 -5.568011390525776250e+01 -5.549318266294796587e+01 -5.483960235499800717e+01 -5.415632791262350310e+01 -5.269139056168652502e+01 -5.132948665826009460e+01 -5.024351590647507493e+01 -4.950791137369511574e+01 -4.917809403807703461e+01 -4.942229317282408374e+01 -5.024519132064134652e+01 -5.051281062083105411e+01 -5.061719830286934041e+01 -5.040648236298584095e+01 -4.964160393454714182e+01 -4.845042917896235934e+01 -4.660544118928567059e+01 -4.453815383185482801e+01 -4.288204309254029312e+01 -4.152521464917921890e+01 -3.978541212270157956e+01 -3.745498993589516346e+01 -3.531832578892363017e+01 -3.432102195043216142e+01 -3.263254051470422468e+01 -3.086444913927921974e+01
-4.658826636939097199e+01 -4.674613507935470125e+01 -4.893726332033048720e+01 -5.276581097539826715e+01 -5.240799039040239649e+01 -5.005350416170154659e+01 -4.952651645833992688e+01 -5.074936695685870092e+01 -5.291794928613551008e+01 -5.481973863788249446e+01 -5.581026937052502035e+01 -5.588402057275975920e+01 -5.507255030176294497e+01 -5.409056494331770182e+01 -5.320832850652649171e+01 -5.277137437995762070e+01 -5.250459268819015080e+01 -5.186091256346629308e+01 -5.083495780676275899e+01 -5.060822117067021964e+01 -5.074383109386353397e+01 -5.044248001672663406e+01 -4.978782848037667463e+01 -4.901612189746206383e+01 -4.854801855961690649e+01 -4.790383281833828022e+01 -4.638221389974016517e+01 -4.340943777459303021e+01 -4.123224777982318301e+01 -3.973552565485601917e+01 -3.816161317575949852e+01 -3.664051460071306110e+01 -3.191631411331437462e+01 -3.051977807025663836e+01 -2.943549214238756306e+01 -2.781962912510077146e+01 -2.157918773777299037e+01
-4.660696082084785274e+01 -4.587037993826967153e+01 -4.718626996885561198e+01 -4.914752995610933795e+01 -4.938641698114389555e+01 -4.957784813240100164e+01 -5.025610301828169924e+01 -5.142860518133433345e+01 -5.312850143998985430e+01 -5.523860075859896313e+01 -5.608578981383659823e+01 -5.517941911289189960e+01 -5.370494514386529517e+01 -5.297002100559144822e+01 -5.288071529119063285e+01 -5.328196247416915554e+01 -5.340574682118618455e+01 -5.310213731583385055e+01 -5.191674969207545587e+01 -5.130689130265794518e+01 -5.029184393376095130e+01 -4.891499801612996379e+01 -4.766281261286120952e+01 -4.677933628700196067e+01 -4.625204145815251167e+01 -4.498574133270785325e+01 -4.265334139536287950e+01 -3.706896492672522214e+01 -3.633064065440200352e+01 -3.464925337396444149e+01 -2.734277545398175846e+01 -2.945035545884443451e+01 -2.704959590304788364e+01 -1.405139034899027273e+01 -2.092612341919757668e+01 -2.315661498247276384e+01 -1.040358411990998277e+01
