ASPA-UH-Flopy_REPO/Models/Basic_optimizerSpHed/Flo_py_wrkspace/Figures/topKML.asc
NCOLS 400
NROWS 200
XLLCENTER 515244
YLLCENTER 8410178
CELLSIZE 83.0
NODATA_value -999.0
[rows 128 to 143 of 200, columns 148 to 184 of 400]
4.306445710728255705e+01 4.055060268908602694e+01 3.913084603223684610e+01 3.794003036340571100e+01 3.712689735771560606e+01 3.628077323503464413e+01 3.532140349478048336e+01 3.443235612936962298e+01 3.270360645954711742e+01 3.110679662096801934e+01 2.971673686445462792e+01 2.820237912913129108e+01 2.641105784614950025e+01 2.514562939408583730e+01 2.397207063469856081e+01 2.304170960906348853e+01 2.264340728071009323e+01 2.219481366266537847e+01 2.124660042015218764e+01 1.967284432610119183e+01 1.851195824182833505e+01 1.769994310544054628e+01 1.671299058329794462e+01 1.575673454723466804e+01 1.446184870499054576e+01 1.286091460577019596e+01 1.162083763425901139e+01 1.101922273695643106e+01 1.040791177658410938e+01 9.454148091201075133e+00 7.794900517789685068e+00 6.277618806952430575e+00 5.313287064347838928e+00 4.992258481659261449e+00 4.062673868358984031e+00 3.204007027566997845e+00 2.453008401647966519e+00
4.129228783017735793e+01 3.977074200311335517e+01 3.848575501353183625e+01 3.747421395398571775e+01 3.669796227478680350e+01 3.560646142351476584e+01 3.434956620591998444e+01 3.321801585444651295e+01 3.215306786040843434e+01 3.099107637617628797e+01 2.966619815705271535e+01 2.796440932876014784e+01 2.614255434443162684e+01 2.477876874898007387e+01 2.371700994280922359e+01 2.271869684179058524e+01 2.196618474426773204e+01 2.133582072234234062e+01 2.060052500781270979e+01 1.968035718436031445e+01 1.888729875100749211e+01 1.814400103363854200e+01 1.716763126365358616e+01 1.624480769561688476e+01 1.487653572333173457e+01 1.342053097530393657e+01 1.257869192816133719e+01 1.193013346329073876e+01 1.111828011969984864e+01 9.962232335276127060e+00 8.075152230286906985e+00 6.332429872914374869e+00 5.319509109532718050e+00 4.885834978655390515e+00 4.117342014781697479e+00 3.422556083482191980e+00 2.727651726634227725e+00
4.065644047308126119e+01 3.930208958728330515e+01 3.784822521740402124e+01 3.682428443479227553e+01 3.588088079700161614e+01 3.455380275194283257e+01 3.327491287375411133e+01 3.206468912647439851e+01 3.131063333575152186e+01 3.047675461679705933e+01 2.921058200642175251e+01 2.733730178420205092e+01 2.549827831368807551e+01 2.432011129392199678e+01 2.330579480019325089e+01 2.236014287771952525e+01 2.156793179248689896e+01 2.091504538454127626e+01 2.026320443221340639e+01 1.968440473693637571e+01 1.916610106178332273e+01 1.849266207818873653e+01 1.777293437328332004e+01 1.679308871514234625e+01 1.536712644804176620e+01 1.398285351405452204e+01 1.318007974912765334e+01 1.247778649861048628e+01 1.167102145663160329e+01 1.044350914737982805e+01 8.404810380939055747e+00 6.743929070985056562e+00 5.624982023465360470e+00 4.949217628417418524e+00 4.272114008027891430e+00 3.494448380652809494e+00 2.705303972549446989e+00
4.140692873839648769e+01 3.937372167873513007e+01 3.697639669978135402e+01 3.571505251476476417e+01 3.480550082916042953e+01 3.338217004404236832e+01 3.178087512937037928e+01 3.049625951190908424e+01 3.001294339030478397e+01 2.941599397150787709e+01 2.824578797510654127e+01 2.642175885757112397e+01 2.438149710401019377e+01 2.345975501977767053e+01 2.274674990228986005e+01 2.186475830172941670e+01 2.108745683006847216e+01 2.038162932513347769e+01 1.993141912103884650e+01 1.949249375864386735e+01 1.904135382853956671e+01 1.844915273825320057e+01 1.792049346438571789e+01 1.708768655837043582e+01 1.564089267643629100e+01 1.403274189795100746e+01 1.305743285185056735e+01 1.252557760893877692e+01 1.188765352659596175e+01 1.087076992782800389e+01 8.792484392709722485e+00 7.167316990651886321e+00 6.155703911336658507e+00 5.287498257303224314e+00 4.418211932879319903e+00 3.546309330272983118e+00 2.888800297086640878e+00
4.183841210006699640e+01 3.911484635139499488e+01 3.631579831848979723e+01 3.523590323618349629e+01 3.465716692105095120e+01 3.261345986173007105e+01 3.030862856562325547e+01 2.923303327306759059e+01 2.872830748835858827e+01 2.828012633364506101e+01 2.709759001013233615e+01 2.549239525083448399e+01 2.403656481203910644e+01 2.352674108737111069e+01 2.253558579499372172e+01 2.120382877004155731e+01 2.032468355533894311e+01 1.968467929966135799e+01 1.946818989665340283e+01 1.904672584527384060e+01 1.855019069414725408e+01 1.804061677827884935e+01 1.756971075572933927e+01 1.678571377036209711e+01 1.547583116831024697e+01 1.384994242983223423e+01 1.278074899800914821e+01 1.219668762570524834e+01 1.155262221240635689e+01 1.060954119490007130e+01 8.873764821649327672e+00 7.371162186228104929e+00 6.210906732076624692e+00 5.191467600478962829e+00 4.428655485187409369e+00 3.661278574780740147e+00 2.907084981870474927e+00
4.159087689193202664e+01 3.929793137398876723e+01 3.607431827287852144e+01 3.654107161435608475e+01 3.564285088145977198e+01 3.274817857898202789e+01 2.973951547931164185e+01 2.899775532465856998e+01 2.841861077549518200e+01 2.766579728183768339e+01 2.613987912165926275e+01 2.425720249805367601e+01 2.354478392176379842e+01 2.316484536705847574e+01 2.148190421932440941e+01 2.010163170934129084e+01 1.920449623015031904e+01 1.873763547471339308e+01 1.865138020087398729e+01 1.847713091695256438e+01 1.798110931255636302e+01 1.740759813172758186e+01 1.686066908468025005e+01 1.614715479123720954e+01 1.495432369082029567e+01 1.349770217425408347e+01 1.217271769278583449e+01 1.159285224521212676e+01 1.098408341644914010e+01 1.015546761757043903e+01 8.763669902237825937e+00 7.314795671446438163e+00 6.097592852174159361e+00 5.148964164360896767e+00 4.451304194842609085e+00 3.688124932133533651e+00 2.949165146847063657e+00
4.213844756123198465e+01 4.200917017372023565e+01 4.105335681654158009e+01 3.849622377604154622e+01 3.658114576360438974e+01 3.525031986171961051e+01 3.256997143319671295e+01 3.003851320779945766e+01 2.905505449692148190e+01 2.787200494626872427e+01 2.600567390141941004e+01 2.430830296995069872e+01 2.341807102309122968e+01 2.201499445759072060e+01 1.993788637919639584e+01 1.867413994205499606e+01 1.799034624227440915e+01 1.763566869754720656e+01 1.782384451974591855e+01 1.768983034911793695e+01 1.737794109760642769e+01 1.680016030758930512e+01 1.621649289355226742e+01 1.547929582975151597e+01 1.433235737998088766e+01 1.293789682388600504e+01 1.158704510914448527e+01 1.090168647937486135e+01 1.032049561631573553e+01 9.571814406483369453e+00 8.495883938673838287e+00 7.245652068464059958e+00 6.265677274861789492e+00 5.312828822872143419e+00 4.518910080871081369e+00 3.644890896737591923e+00 2.885987987564837542e+00
4.318745102190077745e+01 4.278887801141019764e+01 4.141902173116070429e+01 3.979502764071918364e+01 3.797345456691410703e+01 3.676700695354041670e+01 3.462994137194645816e+01 3.164546620886186190e+01 2.978614893790104290e+01 2.818179081196879565e+01 2.627097007225104974e+01 2.486678535548798408e+01 2.372241649597732760e+01 2.140462662047455566e+01 1.858246423754818721e+01 1.740026026443639751e+01 1.717553756000728171e+01 1.682019799058911147e+01 1.670543955089950217e+01 1.676439129545563134e+01 1.653447472749118674e+01 1.609037797006563508e+01 1.557938218133112329e+01 1.482385948335686798e+01 1.380722565543556790e+01 1.281593623916993074e+01 1.196067375811529843e+01 1.102074836681563319e+01 1.002545255675075708e+01 9.127448999212697700e+00 8.259591036417065268e+00 7.148448088226457386e+00 6.273270321098533664e+00 5.314791961513252616e+00 4.428270939552652941e+00 3.614088915893540754e+00 2.783609908745026118e+00
4.473577367989550879e+01 4.304193700903969955e+01 4.180801648929413261e+01 4.114513492323745680e+01 3.888980001522450181e+01 3.708467088863456951e+01 3.505388760368800405e+01 3.245050904015207749e+01 3.033739922413030854e+01 2.851945019504647050e+01 2.649420858450795535e+01 2.464784640241241576e+01 2.351436668965833121e+01 2.119708906318302510e+01 1.848595066820098864e+01 1.733795300917629589e+01 1.698856667623370953e+01 1.652642309819343325e+01 1.621611631393632535e+01 1.609760340685727797e+01 1.577860946860782754e+01 1.537016661572048370e+01 1.484755720360188391e+01 1.416309546363167726e+01 1.355272506729222926e+01 1.283615339293673863e+01 1.197695179938801857e+01 1.105383391056728115e+01 9.997505779702953177e+00 8.931448700765402648e+00 8.010705760559073241e+00 7.108501953232301496e+00 6.208526690437311757e+00 5.348245215208285330e+00 4.351381280347475844e+00 3.499717882508531996e+00 2.689891451171061654e+00
4.668874740975626025e+01 4.367159747791682634e+01 4.219414910698066024e+01 4.076502487670192210e+01 3.886064432172729255e+01 3.694269507056793600e+01 3.508263850849502319e+01 3.274210525212468781e+01 3.067969424583758808e+01 2.869530640740759608e+01 2.653077605101485759e+01 2.445987984862071940e+01 2.306329597815003751e+01 2.126304012423749867e+01 1.919822271657991308e+01 1.813926639987323952e+01 1.768902036426907642e+01 1.713921342528247038e+01 1.656530767397662984e+01 1.593474685500055266e+01 1.526150411222995729e+01 1.473128911766198357e+01 1.421432089787425568e+01 1.368746802246391958e+01 1.319916005829077044e+01 1.250406925216851128e+01 1.165094122511279906e+01 1.083330299557706944e+01 9.864312998021194545e+00 8.797944828721783850e+00 7.802706660162677110e+00 6.983660977413175708e+00 6.125723855278704555e+00 5.274329912834201828e+00 4.219218538693247034e+00 3.364896710728990215e+00 2.384649237407995059e+00
4.740339202825735754e+01 4.462090302663214203e+01 4.199510602972567597e+01 4.030972774548945381e+01 3.851203184171629346e+01 3.676665057169633855e+01 3.483394017471201920e+01 3.270375179329506921e+01 3.067324374963066091e+01 2.871420484140407936e+01 2.657346630096533247e+01 2.470692938664650029e+01 2.312176815064596624e+01 2.148613366863200369e+01 2.000321894199197814e+01 1.897315682161458028e+01 1.840943710062708760e+01 1.771895530484372827e+01 1.683543220101287474e+01 1.575530797699122587e+01 1.476727771400066125e+01 1.410568177662408829e+01 1.360063162621124988e+01 1.311078108703046574e+01 1.260337079449731412e+01 1.203639055908290700e+01 1.134584645877674980e+01 1.042211984507326683e+01 9.518425677858557421e+00 8.530913768177271095e+00 7.687177955879797686e+00 6.907795811050528201e+00 6.003954970299213656e+00 5.186506288998057101e+00 4.655204834533501312e+00 3.256053406472561473e+00 1.641727003552749808e+00
4.823691440639361616e+01 4.517496729197517169e+01 4.180194570795110565e+01 4.000696287028767273e+01 3.806101380251220689e+01 3.629869486236906795e+01 3.430248123303192642e+01 3.222008571507171837e+01 3.028082475729474865e+01 2.852191113245773835e+01 2.649165155227322543e+01 2.474524528041788685e+01 2.324283249789228734e+01 2.176210083067228140e+01 2.053890192140059412e+01 1.953384322721068145e+01 1.880190962039506886e+01 1.788519012279971321e+01 1.666022040608100241e+01 1.479506539252370345e+01 1.371903875895666225e+01 1.326907401549629562e+01 1.283993699135797506e+01 1.242176334385042047e+01 1.196316444030469128e+01 1.141135837413344412e+01 1.071113245942592229e+01 9.964481965944136377e+00 9.056608538965040367e+00 8.161934528075212469e+00 7.488418993347164765e+00 6.816944130516709777e+00 6.151559305469562311e+00 5.654022990809489002e+00 5.231136610244158547e+00 3.071742478103553164e+00 4.801325401860986886e-01
4.883506261491545075e+01 4.539130024586479095e+01 4.170483931379460074e+01 3.982360040890129937e+01 3.762127080687384506e+01 3.569371584300773748e+01 3.354397275649611743e+01 3.124942150689754783e+01 2.941759123569519119e+01 2.805925003965607800e+01 2.634684914875614936e+01 2.478117646506017380e+01 2.337011522880019498e+01 2.200760882458801504e+01 2.084737059755977029e+01 1.976623859468517708e+01 1.887908067339802898e+01 1.792904878566197269e+01 1.625667681202634185e+01 1.320809173657898761e+01 1.202240714964947088e+01 1.244641514406267468e+01 1.215111469464929073e+01 1.173682461669765331e+01 1.123382098869122814e+01 1.063958165114341270e+01 9.890105144705144014e+00 9.126054343415377801e+00 8.259385222084551614e+00 7.584922294019174061e+00 6.967635788213884851e+00 6.535614344428005040e+00 6.136583202838790108e+00 5.739476369704640923e+00 5.460873756128757250e+00 1.875434983678465617e+00 -7.893000918232956131e+00
4.924762863048916017e+01 4.600107593706663067e+01 4.186116858482047576e+01 3.951762676818037079e+01 3.712644714867194295e+01 3.502762355059766008e+01 3.266950965162406817e+01 3.031078881805006731e+01 2.875967093104308958e+01 2.751790335344264804e+01 2.613915857510105312e+01 2.482548601242162789e+01 2.331163848597181953e+01 2.213754580028122021e+01 2.098248544184015429e+01 1.979590220408805834e+01 1.863437116976797725e+01 1.763282737819133317e+01 1.571017477798817730e+01 1.280283961676973803e+01 1.120054806171056327e+01 1.152303426335140557e+01 1.130447396760751388e+01 1.091853534169959694e+01 1.038895944042189434e+01 9.756193890444162520e+00 8.940675793943084315e+00 8.022329196432435694e+00 7.347732900849671900e+00 6.902505637269821470e+00 6.250902285129887659e+00 5.853377476595610140e+00 4.261658845195245959e+00 -9.203544061898186968e+00 -3.522511230049864661e+00 -9.353329753016453196e+00 -1.143953246883730834e+01
4.818992110351415192e+01 4.566785684176753080e+01 4.170949725034802924e+01 3.904002267069501642e+01 3.655042056997475441e+01 3.425006877987136278e+01 3.163238049302636057e+01 2.952969836885543842e+01 2.831654541793882984e+01 2.716440787382041577e+01 2.595144713076111742e+01 2.476547448236093985e+01 2.331121465872432452e+01 2.213113350515911293e+01 2.104713890256155651e+01 1.987728436620540862e+01 1.837334652811032853e+01 1.696234058758306418e+01 1.537778681307994511e+01 1.302831414380727537e+01 1.126890575678425144e+01 1.072052682931038525e+01 1.047729456979458718e+01 1.013424738308432360e+01 9.602574620467645872e+00 8.820926499860641812e+00 7.841770216078425726e+00 6.816945626316258000e+00 6.255237650141892480e+00 6.122109432335710366e+00 4.724262252416798091e+00 -4.955608440239215540e+00 -9.987971309568330014e+00 -1.203960589962107619e+01 -1.239926894735006790e+01 -1.213243296150823980e+01 -1.247073784333892021e+01
4.740741654288057561e+01 4.370452953201845503e+01 4.107797161447216183e+01 3.774947046951454155e+01 3.567554261505267732e+01 3.343878057711882690e+01 3.073489351074608678e+01 2.905830594977049230e+01 2.807063228788813447e+01 2.689039204869010646e+01 2.571685696337030080e+01 2.461521525801220278e+01 2.327453868779438650e+01 2.229713866600329908e+01 2.149579767374546435e+01 2.016927917090190192e+01 1.873509774253657767e+01 1.741168390720028114e+01 1.558810553133244348e+01 1.345641516927527093e+01 1.155991043353657233e+01 1.071181642982142002e+01 1.018878343819471510e+01 9.626163139080931685e+00 8.876096119431698739e+00 7.866926875152811860e+00 6.862019649078478167e+00 5.789613486873523840e+00 3.835744370708946693e+00 1.747721218684124889e+00 -7.029215836062444822e+00 -9.909797525076662339e+00 -1.335646708272690653e+01 -1.501802479888717556e+01 -1.978981024901231223e+01 -2.476094259124969810e+01 -3.193537782947850800e+01
