ASPA-UH-Flopy_REPO/Models/Basic_optimizerSpHed/Flo_py_wrkspace/Figures/topKML.asc
NCOLS 400
NROWS 200
XLLCENTER 515244
YLLCENTER 8410178
CELLSIZE 83.0
NODATA_value -999.0
[rows 64 to 79 of 200, columns 0 to 36 of 400]
-4.904181121927241094e+01 -3.710655329048902473e+01 -3.849478049564395121e+01 -3.549608839282830530e+01 -3.432194868038902769e+01 -3.692961487541309396e+01 -3.420824163445949040e+01 -4.745422374762038942e+01 -4.661266942298598082e+01 -3.792360775001118611e+01 -3.583512618262273008e+01 -3.618885410533563629e+01 -3.603970573574337521e+01 -3.505155130066696501e+01 -3.674418309528945059e+01 -3.528750823833105699e+01 -3.349223676737064181e+01 -3.431734490169376528e+01 -3.551749846900992935e+01 -4.270196084512181756e+01 -4.130641415847726705e+01 -4.056900280121980273e+01 -3.793046967200281472e+01 -3.979513146993952688e+01 -3.915370601503197179e+01 -3.879621314488316131e+01 -3.686877114633062291e+01 -3.520896219448930964e+01 -3.596410127319173711e+01 -3.550445927905693821e+01 -3.260047286177731252e+01 -3.693348719106506195e+01 -4.599358566417753025e+01 -4.699251502146837112e+01 -4.717737005772178094e+01 -4.720930706030672042e+01 -4.648190236146586329e+01
-4.725460911259253294e+01 -3.756595000241044602e+01 -4.000583524089879717e+01 -3.614948189651476440e+01 -3.221446710745054531e+01 -4.086689802647114789e+01 -4.415411823606888930e+01 -4.490612696504812362e+01 -4.699404284965543610e+01 -4.502855538672719860e+01 -3.551698991131114980e+01 -3.655179149066707112e+01 -3.473832302405121197e+01 -3.348936553623750001e+01 -3.456631561721777501e+01 -3.190916998864018694e+01 -3.314534425563622477e+01 -3.473097605953855549e+01 -3.458719078980984563e+01 -3.975504777545746293e+01 -4.035761755870449008e+01 -3.996749869233278929e+01 -4.080650931307835805e+01 -4.356730376560300755e+01 -3.991703433424643066e+01 -3.765023210932454845e+01 -3.771779061290262547e+01 -3.378264448278650178e+01 -2.829458445347103179e+01 -3.178961568056529075e+01 -4.089142784791811636e+01 -3.860246531939277048e+01 -4.436264733150446915e+01 -4.492157005415227644e+01 -4.403940858331323938e+01 -4.707538473357387687e+01 -4.580886448918345621e+01
-5.145522722906546420e+01 -4.745103483754423479e+01 -4.313138177022040054e+01 -3.657738333703864697e+01 -3.634576633065316997e+01 -3.187802611673768283e+01 -4.670993794402358645e+01 -4.675009832035202351e+01 -4.625376945879418855e+01 -4.297208217294245713e+01 -3.551095644692580322e+01 -3.579071160048354727e+01 -3.425065882245144877e+01 -3.247769784219303091e+01 -3.167213263157190895e+01 -3.145525804046882001e+01 -3.192768993290335544e+01 -3.472850598951454515e+01 -3.466172570261203845e+01 -3.547479132276870217e+01 -4.067344780333137777e+01 -4.224716746566275560e+01 -4.178135183911244610e+01 -4.533909254873417893e+01 -4.494272843709591569e+01 -3.959752537709855602e+01 -3.987551560931691341e+01 -4.246450442800006897e+01 -4.388003887030266270e+01 -4.343235715838816446e+01 -4.536352918455607153e+01 -4.356042063562306765e+01 -4.470655246823165641e+01 -4.349720774862905159e+01 -4.358930349640169055e+01 -4.645604030513087679e+01 -4.733464384083116983e+01
-5.036489235125201702e+01 -4.776776311348835691e+01 -4.678012399106842167e+01 -3.617799446152803000e+01 -3.541400822395464587e+01 -3.932994342272674260e+01 -4.585829074566924390e+01 -3.335758665078209617e+01 -3.568792420148695754e+01 -4.218565308379297818e+01 -3.647433190727643648e+01 -3.775083801279582474e+01 -3.628311732552478475e+01 -3.434182040806575031e+01 -3.129333917184439784e+01 -4.498133693481509709e+01 -4.519432149333195525e+01 -4.593470433891173599e+01 -4.530647305766760979e+01 -4.513880395827489878e+01 -4.459862425502176819e+01 -4.600477866844887131e+01 -4.650905894524527184e+01 -4.637300382743641336e+01 -4.718846812820418535e+01 -4.704509916473438835e+01 -4.387373574026898382e+01 -4.393546322393527959e+01 -4.454014055893503610e+01 -4.431348209657836890e+01 -4.571374958818466894e+01 -4.332538161591661208e+01 -4.709571247886808720e+01 -4.820331330673172232e+01 -4.816688234201552632e+01 -4.731034508993071341e+01 -4.606337654872663023e+01
-5.010187884490790822e+01 -4.866748151111114140e+01 -4.420446878888330389e+01 -4.034720498033114922e+01 -3.974494964458620672e+01 -4.671685061721170484e+01 -3.692483406203041341e+01 -3.749136147028445976e+01 -3.819184195495075329e+01 -4.250652946161087442e+01 -3.798704464746871423e+01 -4.013246357871218351e+01 -4.114306684344393972e+01 -3.691216872688777073e+01 -4.522379528913018021e+01 -4.666496923564204735e+01 -4.655899358490407991e+01 -4.798768399832819398e+01 -4.801205634163122937e+01 -4.756831918261216430e+01 -4.655405451924981008e+01 -4.766232195882604827e+01 -4.801060231292868252e+01 -4.783661351879420920e+01 -4.767748425839192095e+01 -4.767957606809755333e+01 -4.763588040501942800e+01 -4.666172869057938755e+01 -4.660061337289646843e+01 -4.625309432250576691e+01 -4.762168195243400248e+01 -4.758480159240856722e+01 -4.755516898541243620e+01 -4.790589102688350209e+01 -4.737731090514166965e+01 -4.603166696137827074e+01 -4.576687674156449503e+01
-5.056395742155006445e+01 -5.064594876970349446e+01 -4.901975667763095856e+01 -5.007745913181895503e+01 -4.940313300583065370e+01 -4.873224140380894909e+01 -4.336668340740526872e+01 -4.097480125576093712e+01 -4.517145518950486149e+01 -4.734412957753576734e+01 -4.663219924330616095e+01 -4.689455519696341668e+01 -4.689434165463459436e+01 -4.722289230331023191e+01 -4.710163631970631570e+01 -4.809235516315483494e+01 -4.821666490205570454e+01 -4.917743113026791235e+01 -4.882377656144036848e+01 -4.817494724796338801e+01 -4.877646788144453183e+01 -4.807481920450220514e+01 -4.795066595484007621e+01 -4.709342189695843928e+01 -4.674233036861727442e+01 -4.725218739514789945e+01 -4.794255755152014586e+01 -4.825602386230249863e+01 -4.755553104428183531e+01 -4.753778258801548873e+01 -4.779678230111732518e+01 -4.760867646888202387e+01 -4.771079948574890750e+01 -4.749702930055545380e+01 -4.690082779713834071e+01 -4.658756047468509820e+01 -4.593786456823514897e+01
-5.141039918455584967e+01 -5.217339936650518695e+01 -5.227255476895058450e+01 -5.143994946290290216e+01 -5.036860458540028418e+01 -4.959049960369622312e+01 -4.933527494000438196e+01 -4.606886005802537198e+01 -4.794535258615572815e+01 -4.813851650325752729e+01 -4.874509387200025401e+01 -4.713043329932602177e+01 -4.680989929345692957e+01 -4.718560848712273526e+01 -4.834727143406017547e+01 -4.874697114243942053e+01 -4.789711783711201321e+01 -4.843532503880206974e+01 -4.924842664674397952e+01 -4.896160312530319914e+01 -4.892727085059048164e+01 -4.844904002295563572e+01 -4.844044586187481372e+01 -4.833601221959557392e+01 -4.756332210801730298e+01 -4.730632309748059328e+01 -4.652796054720041496e+01 -4.720392588842545223e+01 -4.742574171221536972e+01 -4.706187861937588224e+01 -4.729716696937502718e+01 -4.849679786686168370e+01 -4.661869996636701785e+01 -4.848442153179479419e+01 -4.847595570242874174e+01 -4.776035892998442023e+01 -4.551791351898027926e+01
-5.278480107328844895e+01 -5.276115301573777572e+01 -5.219620820102277037e+01 -5.072978634734911907e+01 -5.170261804381038218e+01 -4.776618330660296152e+01 -4.952101059600487076e+01 -5.017198825326538980e+01 -5.028847951317857223e+01 -4.973227597176271786e+01 -5.000122715466629586e+01 -4.950943904257437111e+01 -4.878387003583350179e+01 -4.832524509552413150e+01 -4.863467683772826433e+01 -4.904057756145535762e+01 -4.845863687747635140e+01 -4.858357007615774847e+01 -5.029703919041722315e+01 -4.899927973975062656e+01 -4.865586033849741199e+01 -4.920569443713830537e+01 -4.893009400681071952e+01 -4.950306548734864265e+01 -4.887550071249984285e+01 -4.838894690334799975e+01 -4.666045915973411695e+01 -4.679425479471379390e+01 -4.264793439922948437e+01 -4.837332699382979229e+01 -4.706443885466977406e+01 -4.714967641036579948e+01 -4.722349486776085570e+01 -4.859355633674421426e+01 -4.897070081430803867e+01 -5.133888170660853945e+01 -4.732966898203297745e+01
-5.239642715178730725e+01 -5.131196555543738924e+01 -5.113601080671100618e+01 -5.204696217260254087e+01 -5.136485178978667676e+01 -5.067851922690685740e+01 -5.056103162616067692e+01 -4.986167697443943325e+01 -5.021799759992754986e+01 -5.078416742457954314e+01 -4.995012734814793731e+01 -4.978893088465150640e+01 -5.044675462519284537e+01 -4.988495690273874317e+01 -4.966096213172803431e+01 -4.907269177866378129e+01 -4.836025587762657096e+01 -4.866999819907407954e+01 -4.921118794446370970e+01 -5.017285547514467936e+01 -4.900652904768736562e+01 -4.906797264305124884e+01 -4.955574256084904761e+01 -4.930498114101814622e+01 -4.966640069159564064e+01 -4.892855092411218010e+01 -4.750690280089020234e+01 -4.658915268972620538e+01 -4.740188747811244241e+01 -4.704946934733082031e+01 -4.717007960430215974e+01 -4.551928624859616690e+01 -4.690749638553153744e+01 -4.514760159133547290e+01 -4.703025127813452144e+01 -5.070509742524599517e+01 -4.873257701821481191e+01
-5.094810128780162017e+01 -5.161829505170592824e+01 -5.179498350738793988e+01 -5.175694758296600639e+01 -5.150259732904759602e+01 -4.983537884606714385e+01 -5.092423449085902121e+01 -5.070704536542296381e+01 -5.009459212860728883e+01 -5.067518998730338353e+01 -5.102007681754356838e+01 -4.975639135604325958e+01 -4.999643729551193161e+01 -4.929320085030273901e+01 -4.861395267139068466e+01 -4.880588836566847277e+01 -4.958881415331997999e+01 -4.920215322464922991e+01 -5.041302639535435048e+01 -5.098737861911687475e+01 -5.050986143582267118e+01 -5.100301416320650105e+01 -5.093639940297187252e+01 -5.032747649120118894e+01 -5.008691097102801137e+01 -4.909927927030081918e+01 -4.834413558895879248e+01 -4.770045208093292644e+01 -4.588105216490175309e+01 -4.543293048927182554e+01 -4.662118850856797536e+01 -4.620821929174162790e+01 -4.601814959454222276e+01 -4.805032460695982621e+01 -4.528101698091320770e+01 -4.956205095915244385e+01 -5.123949002922395124e+01
-5.006547880484458091e+01 -5.016945156839253173e+01 -5.135022314141727406e+01 -5.062866400012664769e+01 -4.839048861159535164e+01 -4.991375324912583267e+01 -5.038387458315313694e+01 -5.161740218126848845e+01 -5.151516462797926010e+01 -5.122656906590840720e+01 -5.070160118927481818e+01 -5.016762087943859427e+01 -5.030481945551967726e+01 -5.005430651938756625e+01 -4.930772845744137811e+01 -4.890062895039564239e+01 -4.954790314070873336e+01 -5.035169712017550836e+01 -5.187008716990273882e+01 -5.264733153160418766e+01 -5.249505737615081102e+01 -5.051782135392907946e+01 -5.020768602595436647e+01 -4.865216078077123996e+01 -4.931764902834144237e+01 -4.783813871553384445e+01 -4.700023715187899853e+01 -4.690327370564982346e+01 -4.608837469543053089e+01 -4.524285585985860791e+01 -4.516508028486691018e+01 -4.559312195766914755e+01 -4.560469210447721622e+01 -4.703158998499143451e+01 -4.790161245472626206e+01 -4.466887242171367944e+01 -4.843120039890661843e+01
-4.964288818671594328e+01 -5.043627831156464225e+01 -5.097865783443511134e+01 -4.924410559890836225e+01 -5.037787425729313640e+01 -4.940966817683298018e+01 -5.022728575064864032e+01 -5.117233585470579982e+01 -5.151515669312663448e+01 -5.059999951095246473e+01 -5.041818334818929515e+01 -4.997561955363445918e+01 -5.039475237097847327e+01 -5.002040486107168249e+01 -4.964794450380776425e+01 -4.986084607412758629e+01 -4.995574167980487346e+01 -5.010687419905369211e+01 -5.178508773042234736e+01 -5.195228698122893007e+01 -5.132906389761689070e+01 -5.079739376371818338e+01 -4.969208535463775434e+01 -4.743022607523512590e+01 -4.701311995896669060e+01 -4.736478052140881090e+01 -4.652387867071804095e+01 -4.548398131367595454e+01 -4.464142930549722621e+01 -4.471501834355373006e+01 -4.503012577606004641e+01 -4.713509614830221039e+01 -4.624194298386127144e+01 -4.648337644557253867e+01 -4.758028625505772169e+01 -4.874055089961513687e+01 -4.775144821669182704e+01
-5.034493720369156478e+01 -5.093813866000807167e+01 -5.084859175250831953e+01 -4.992987795564111053e+01 -5.138681244975935414e+01 -5.036734625706983337e+01 -5.127157679934814638e+01 -5.079681046344384043e+01 -5.071097432669023419e+01 -5.036544350434395056e+01 -5.123520694232049522e+01 -5.134123709722576478e+01 -5.051883678364532670e+01 -5.068508893549260108e+01 -5.093249475752443090e+01 -5.053594300322270527e+01 -5.050825301012091018e+01 -5.018439953809706822e+01 -5.053043515712821687e+01 -5.064128261575643819e+01 -4.757274495494377220e+01 -4.894224343875509931e+01 -4.880302980674293423e+01 -4.752399995611584416e+01 -4.662668274347975483e+01 -4.708890593780744638e+01 -4.638289560993422356e+01 -4.587504660974226312e+01 -4.581233478133047043e+01 -4.313332644040949759e+01 -4.515790444056160169e+01 -4.577193753663409836e+01 -4.557273821566654703e+01 -4.629879340992911096e+01 -4.702599855873381074e+01 -4.728125968485459651e+01 -4.757295893010033438e+01
-5.093854371536869508e+01 -5.118276809114846770e+01 -5.125925495505600793e+01 -5.158707442752123029e+01 -5.209385297123306202e+01 -5.143744068774219613e+01 -5.123805412926570568e+01 -5.094264730810228059e+01 -5.148522132832560061e+01 -5.217929352135984544e+01 -5.244003092498535068e+01 -5.257474528891276577e+01 -5.285498270677961585e+01 -5.248419675830512432e+01 -5.109043777780867401e+01 -5.053792771620016566e+01 -5.005202792150859636e+01 -4.952988700336096173e+01 -4.921619015681540077e+01 -5.020858450183714439e+01 -4.801877293876345476e+01 -4.907735846237348909e+01 -4.882768226123683064e+01 -4.861172977191857569e+01 -4.666709925139647197e+01 -4.590938140155397917e+01 -4.593024383043498915e+01 -4.584789561412986103e+01 -4.620648024453598879e+01 -4.707786644939938014e+01 -4.584636485693689423e+01 -4.606930256951456926e+01 -4.637466663462662098e+01 -4.663325445174516659e+01 -4.703796635795993097e+01 -4.703346630952868423e+01 -4.654468053306856490e+01
-5.227737673014393494e+01 -5.198838171318254808e+01 -5.192311166160837388e+01 -5.233746341945473546e+01 -5.238779228187240022e+01 -5.191593243676545200e+01 -5.216380077750712729e+01 -5.254544261091210444e+01 -5.388657841610910992e+01 -5.626826906509590742e+01 -5.497899667517872757e+01 -5.285685255116977288e+01 -5.328611851773531782e+01 -5.254095476444164348e+01 -5.179120469784528780e+01 -5.040632801657660877e+01 -4.951132687387506337e+01 -4.694025846370173838e+01 -5.011186775601228049e+01 -4.930596255265430017e+01 -4.868501258635735240e+01 -4.877037593109227487e+01 -4.871113237928996398e+01 -4.849806207438211203e+01 -4.733841618775220184e+01 -4.686169302716307072e+01 -4.647977339420077669e+01 -4.676320489418340998e+01 -4.628132393048627335e+01 -4.598812259862529572e+01 -4.619791534554678236e+01 -4.665615974222878037e+01 -4.706984819137748843e+01 -4.653814147783781863e+01 -4.644833143901093564e+01 -4.656846040711556611e+01 -4.686652327636282678e+01
-5.293539367710112487e+01 -5.292415885560867395e+01 -5.322960188863081044e+01 -5.352424155149493856e+01 -5.355433821306550612e+01 -5.252183551615285495e+01 -5.314497931179597856e+01 -5.234779609267717149e+01 -5.248469168850044753e+01 -5.578514634017255958e+01 -5.778831787315215252e+01 -5.350648094021152446e+01 -5.167552166373107525e+01 -5.107824523386223348e+01 -5.114421588482578329e+01 -4.889776698316401848e+01 -4.903768854388103193e+01 -4.922430325552351604e+01 -4.855459103777116781e+01 -4.874034043625329815e+01 -4.868798740249195589e+01 -4.889683495168719674e+01 -4.840444136857789914e+01 -4.920174103955902467e+01 -4.845155291703687084e+01 -4.797073325800088384e+01 -4.782896401797461294e+01 -4.756812380208917546e+01 -4.722297524961451387e+01 -4.714696865892497613e+01 -4.719012265248337457e+01 -4.708782825179461184e+01 -4.679056357478194172e+01 -4.639601420963176537e+01 -4.662870199722097908e+01 -4.688641733207730766e+01 -4.694329037141717009e+01
