ASPA-UH-Flopy_REPO/Models/Basic_optimizerSpHed/Flo_py_wrkspace/Figures/topKML.asc
NCOLS 400
NROWS 200
XLLCENTER 515244
YLLCENTER 8410178
CELLSIZE 83.0
NODATA_value -999.0
[rows 64 to 79 of 200, columns 333 to 369 of 400]
8.725111327895329794e+01 4.701173253297299937e+01 4.629285804638861634e+01 2.622506137977115870e+01 9.760254941455912103e+00 5.159159858693968204e+00 1.067446317463458705e+01 2.094291393178508986e-01 -2.923010297372321098e+00 -1.914186189770835433e+00 -2.148428173898095483e+00 -5.454281958302168221e+00 -1.494348893958688507e+01 -1.964017688458387312e+01 -2.679872474442969477e+01 -3.530385223851582310e+01 -3.830042990464055919e+01 -3.902511298295946318e+01 -3.626997084259453885e+01 -2.757702697690402260e+01 -3.430819003041455773e+01 -3.192253441002246461e+01 -3.952797032556465240e+01 -4.084153390025393549e+01 -4.236053719385963490e+01 -4.415189482445513391e+01 -4.096262517837424610e+01 -4.315670272007972130e+01 -4.691284811918846032e+01 -4.877882391740973844e+01 -6.039554790182913990e+01 -5.892143474223049537e+01 -4.801512496111040207e+01 -5.800676813545391752e+01 -5.992410478694093712e+01 -6.583137755554761839e+01 -7.065958879415387628e+01
5.808002036491384246e+01 2.995338368494547865e+01 1.752285702385642807e+01 2.752357391570901157e+01 -2.622999746417677969e+00 -2.203562977997465477e+00 -2.606936794407855196e+00 -2.897718181161936357e+00 -5.990281256252428577e+00 -6.703886050513432338e+00 -7.499357906437516874e+00 -1.602980911350768523e+01 -1.562393576876669421e+01 -3.402932665153969083e+01 -3.828180365256143602e+01 -4.061509400623746302e+01 -4.262252535902239714e+01 -4.226968625524723677e+01 -3.166007161764200717e+01 -2.801264826209056125e+01 -3.665072948596321112e+01 -4.731838616835694467e+01 -4.265528291400083560e+01 -4.592218554653744178e+01 -4.788057958212264964e+01 -4.944819708195154107e+01 -4.404115897767315602e+01 -4.459952193566480361e+01 -5.550419032944404307e+01 -6.303543337193482188e+01 -6.355905212423434847e+01 -6.142109144173885227e+01 -4.962801141927039339e+01 -5.944323557345929743e+01 -6.887023734825902466e+01 -7.293851420631079918e+01 -6.966934841444609106e+01
2.548233935235432668e+01 6.889078750626110192e+00 -1.510810079004067052e+00 5.676521099116755842e+00 -2.960244851825871937e+00 -7.234635306581957970e+00 -1.371218512842884785e+01 -1.690138480843773294e+01 -1.741600182845688138e+01 -2.644548214957440635e+01 -3.112148894573929780e+01 -3.610858512970224155e+01 -4.007408843033861956e+01 -4.094935089226892444e+01 -4.271030118585709801e+01 -4.621048172365595263e+01 -4.913176735347953183e+01 -4.723660825081235259e+01 -4.515523737784098302e+01 -3.705109240834555351e+01 -4.743999511030052219e+01 -5.360300129000273017e+01 -5.317750520989596907e+01 -5.248397934069985382e+01 -5.571568491550391400e+01 -5.606335412246566108e+01 -5.508079379272936649e+01 -4.853037259533067527e+01 -6.074860123749288476e+01 -6.331132468687903270e+01 -6.504189900114494094e+01 -6.593863828305077845e+01 -6.848255120560364162e+01 -7.202725273450417376e+01 -7.437528923522044977e+01 -7.479470474377667699e+01 -6.550195401795576799e+01
-2.359714005463908748e+00 -2.439670432790578047e+00 -3.117257851419025005e+00 -4.867997553139897349e+00 -1.058882016586713881e+01 -2.070041240168691132e+01 -1.937979302612785659e+01 -3.007928927876038472e+01 -3.278499003040865745e+01 -3.767047973808222849e+01 -3.945519127438517870e+01 -4.250045671030166261e+01 -4.686851518446818687e+01 -4.789988909025514374e+01 -4.914813211794170655e+01 -5.500683682805014030e+01 -5.932795797615779065e+01 -6.115981339727039057e+01 -5.571450734484008649e+01 -5.394434058681375177e+01 -5.446773545596681032e+01 -4.381002077540731676e+01 -5.662819935361240908e+01 -3.890221043484665131e+01 -5.918968576414745542e+01 -5.818513100027576002e+01 -6.367337949679792786e+01 -6.278233010251852875e+01 -6.177617614610232266e+01 -6.405771405563443466e+01 -6.946185982618260368e+01 -7.248271518228925459e+01 -7.428622710381013405e+01 -7.520719923374787186e+01 -7.277033443379816902e+01 -6.286511160697445888e+01 -5.316205181247961065e+01
-2.118174686223526226e+00 -6.177670863546556035e+00 -8.520449572961140916e+00 -1.483663289067809110e+01 -1.271639146485275340e+01 -1.380152045399179350e+01 -1.391368823700449653e+01 -3.482248608500583487e+01 -3.668964861967523916e+01 -3.966506811958052481e+01 -4.340982972995600164e+01 -5.549339822357350727e+01 -5.908103360390152403e+01 -6.276970660323508611e+01 -6.432444204966195400e+01 -6.614121828869197373e+01 -6.662532509120187285e+01 -6.608608231258030230e+01 -6.525749077767416395e+01 -6.394958669093582415e+01 -5.999273592828741641e+01 -5.195841333493286385e+01 -6.030932595373708693e+01 -6.176971140048232201e+01 -6.290582434535306788e+01 -6.347615365882174387e+01 -6.615168181629088906e+01 -6.610760820175492825e+01 -6.372359199609651625e+01 -6.789724610629068025e+01 -7.139712474678799481e+01 -7.399431581109283229e+01 -7.118896366270180920e+01 -6.300663495986471929e+01 -5.178927294127760206e+01 -5.194117194533949089e+01 -5.039069815576324629e+01
-1.580329724798468227e+01 -1.574434616326189307e+01 -1.624011811464826494e+01 -1.741617016446271293e+01 -1.377854136318652500e+01 -1.446511133230783486e+01 -3.028778172739858121e+01 -3.555496122790155766e+01 -3.965058956859844841e+01 -4.240227815842438019e+01 -4.951482815297443807e+01 -6.150768464967287485e+01 -6.550065570947617744e+01 -6.798374119513495373e+01 -6.907870310197891683e+01 -7.039743325436117516e+01 -7.037776187537804162e+01 -6.888415948876087214e+01 -6.789165009028890552e+01 -6.736581170582444145e+01 -6.541779457356916794e+01 -5.952501449505951570e+01 -6.314856566123601311e+01 -6.433080411435788903e+01 -6.513852306037196627e+01 -6.646566515737791292e+01 -6.735002741914742330e+01 -6.714913653217691092e+01 -6.876607403280166864e+01 -7.244043205836356947e+01 -7.436180808894195593e+01 -7.654446827321292801e+01 -6.062768100050275422e+01 -5.356831275316266527e+01 -6.652860260647540258e+01 -7.154111378591747439e+01 -7.538231243989525865e+01
-1.766539213794899155e+01 -1.756540845900907399e+01 -3.686628635258185227e+01 -3.692867190001638278e+01 -3.746385258654063222e+01 -2.375990070882944138e+01 -3.098670316054406726e+01 -3.600089794600469162e+01 -4.716276125275947351e+01 -5.002229932030403603e+01 -6.267579426725739467e+01 -6.621452024031783878e+01 -6.973603274747271996e+01 -7.122991357816511027e+01 -7.209313145750975593e+01 -7.257340876096243676e+01 -7.195494996472423566e+01 -7.027862603621653648e+01 -7.028806626151629189e+01 -6.978985826983937102e+01 -6.926358274294857154e+01 -6.460197262429979048e+01 -6.649535789114405304e+01 -6.741776259129241566e+01 -6.825000983578554781e+01 -6.852716355055902397e+01 -6.256761270769743533e+01 -5.461821482880475287e+01 -7.288024373578670634e+01 -7.648743226542212881e+01 -7.827932491669631077e+01 -8.204720615473951284e+01 -7.951700559776763555e+01 -8.082426701576055450e+01 -8.201877595578982039e+01 -8.171620359549638124e+01 -7.908977369852830464e+01
-1.622024159327140680e+01 -3.709984569196324600e+01 -3.992901755441435085e+01 -4.094058741979831950e+01 -4.190229093491021928e+01 -4.212377186410743946e+01 -3.862284107506080488e+01 -4.138951170715034067e+01 -5.605886843375346018e+01 -5.696772137807140979e+01 -5.891553381363509345e+01 -6.875699933061149238e+01 -7.231198775155667136e+01 -7.395934856099843557e+01 -7.386898914906458913e+01 -7.365171045607630163e+01 -7.312872958534298107e+01 -7.317010630295096973e+01 -7.096462161809536440e+01 -7.045267270894230194e+01 -7.022926792291748654e+01 -6.904470756179745194e+01 -6.818153922105248910e+01 -6.801850889953075807e+01 -6.964764492407438468e+01 -6.843806767284479520e+01 -4.886660876812492660e+01 -6.162710972683917987e+01 -7.821653182585352226e+01 -8.114355674651079653e+01 -7.885039487103207989e+01 -7.111926436307636834e+01 -7.621622170687102482e+01 -8.128476461247556983e+01 -8.171433278660244071e+01 -8.011001392357476902e+01 -7.707206331828159307e+01
-1.243641081965968098e+01 -3.428342908766857278e+01 -4.365458152601878083e+01 -4.738710619921275224e+01 -4.734877797018130963e+01 -5.023373284790555005e+01 -5.435276294679677989e+01 -6.019052343744360201e+01 -5.916722877799414704e+01 -5.527593536409446529e+01 -6.642865393209990543e+01 -6.800844517083852736e+01 -7.350083339033889729e+01 -7.574955404077023502e+01 -7.524722595024248051e+01 -7.476772897785232885e+01 -7.458414832115319371e+01 -7.273262375858581663e+01 -6.871405404980305320e+01 -6.130662408635384963e+01 -6.362975921367135612e+01 -6.198713812831807246e+01 -5.444913872398139176e+01 -5.356543618410749019e+01 -4.989906092210289046e+01 -6.044238093496548458e+01 -7.328595595425262843e+01 -7.866286413513840614e+01 -7.835459026200906862e+01 -7.599191244772480047e+01 -7.170493927627738628e+01 -7.086674727225582160e+01 -7.948709256624862007e+01 -8.133122670853704506e+01 -8.087207729482688023e+01 -7.881082946481181750e+01 -7.439183220839997546e+01
-1.425308564225259822e+01 -2.244530751059205897e+01 -4.384068007189670624e+01 -5.250959055784747420e+01 -5.878808966441363992e+01 -6.304797012684205981e+01 -6.622339190327872416e+01 -6.606002308492865893e+01 -6.547657416076505399e+01 -7.025824949210014836e+01 -7.180955215226819632e+01 -7.452486664664333205e+01 -7.741609772990716465e+01 -7.799059836407705859e+01 -7.694464239383262338e+01 -7.534045317005762854e+01 -7.002813717592854914e+01 -6.729875491336377991e+01 -5.823172609207433226e+01 -4.676490616593618910e+01 -4.837489517366878999e+01 -5.006982245750634775e+01 -4.885618746983396221e+01 -4.758518192321787410e+01 -6.688458645854785800e+01 -7.574771298773528372e+01 -7.990618453756989936e+01 -8.099471285812899168e+01 -6.634477433759468568e+01 -7.850969992584832369e+01 -8.375086624347277109e+01 -7.882853930848979473e+01 -8.050656294993257234e+01 -8.155938365816419378e+01 -7.936793592432231037e+01 -7.749008074833945159e+01 -7.697315231557722370e+01
-1.462442037385100413e+01 -2.625764957571886882e+01 -4.174023614721321707e+01 -5.480510192072667763e+01 -6.310547022014132068e+01 -6.675734709344533258e+01 -6.974156436142658322e+01 -7.147683227487532065e+01 -7.306687808411284379e+01 -7.520314099670331132e+01 -7.729092029328430158e+01 -7.920250439315805124e+01 -8.012564071502947627e+01 -8.029073679899848059e+01 -7.848647712056772718e+01 -6.868546377594388730e+01 -6.626933239470676540e+01 -5.030268871383460549e+01 -5.315418214612180492e+01 -4.690052168814683853e+01 -4.468534248662782460e+01 -4.152236521486958765e+01 -4.439693055120085319e+01 -6.775372870646687318e+01 -7.813956439170972601e+01 -8.213070396820135954e+01 -8.337434228106489797e+01 -8.078689935994611915e+01 -7.806944209169836313e+01 -8.410503222948263158e+01 -8.417651489093863404e+01 -8.088398981065597582e+01 -8.154315687990406047e+01 -8.049663114807123065e+01 -7.766493943648369225e+01 -7.718277688315654927e+01 -7.942510126249752034e+01
-1.550320556332600574e+01 -1.922563642955659802e+01 -4.260103139512931847e+01 -5.392759398187140363e+01 -6.336760113807742556e+01 -6.975061570641074127e+01 -7.346797402418982870e+01 -7.635358802269637124e+01 -7.818488607132347568e+01 -7.861284273736033867e+01 -7.906865333472933344e+01 -7.921300328112361910e+01 -7.998877815871148300e+01 -8.081776227794664180e+01 -7.612451276048895465e+01 -6.195456515467894576e+01 -5.459926899339406248e+01 -4.922403921477899047e+01 -5.195959244243996977e+01 -4.735683954403409501e+01 -4.685027565064979882e+01 -4.801709115243603776e+01 -7.010353612214002794e+01 -8.222537198575396644e+01 -8.455390374342940163e+01 -8.512447461002236082e+01 -8.574233070286520331e+01 -8.383657741399628094e+01 -8.436417904636959975e+01 -8.401424202362542815e+01 -8.342921671673154549e+01 -8.299930695292312066e+01 -8.120586465972644419e+01 -7.834405565816018679e+01 -7.986584026592011298e+01 -8.229030481727302515e+01 -8.096053830439267074e+01
-1.960956072634008862e+01 -3.860961915325616189e+01 -4.620022463573639726e+01 -5.464474557404442834e+01 -6.236348373879276608e+01 -6.787131168921190749e+01 -7.345276005541832376e+01 -7.650959420183028215e+01 -7.688539633294536202e+01 -7.426329106434374694e+01 -7.139055245906970981e+01 -6.814500739798556594e+01 -6.306398195305414589e+01 -7.193843015441721889e+01 -7.298460695476710214e+01 -5.008455180778832982e+01 -5.388899309327866405e+01 -6.323618834187963955e+01 -7.597634702858918843e+01 -7.499313485626080933e+01 -7.058495415379290705e+01 -7.772823107709385226e+01 -8.445070746767194692e+01 -8.549235772806926548e+01 -8.598806919946659377e+01 -8.639735417435343834e+01 -8.707132148561602492e+01 -8.596270380016477475e+01 -8.487121205836953663e+01 -8.396384061515618669e+01 -8.379444425168438215e+01 -8.401167271774497181e+01 -8.086947635696341763e+01 -7.955016098669592850e+01 -7.753698954265230725e+01 -7.509731956151058796e+01 -7.768912679061004667e+01
-3.864624356383269799e+01 -4.295180178101766444e+01 -4.968193373158291593e+01 -5.688809699488493976e+01 -6.379269925312230072e+01 -6.937751064488818997e+01 -7.098637818292051804e+01 -6.764496927375654423e+01 -5.790670395241125590e+01 -5.596436557794301336e+01 -5.442350645191557135e+01 -5.312260610820561624e+01 -4.981010157475189715e+01 -5.105501682605933667e+01 -7.468945144693395832e+01 -7.535161452110864388e+01 -8.000462690310480696e+01 -8.265871200438060384e+01 -8.366707597062635671e+01 -8.370587190915857434e+01 -8.473603593956342195e+01 -8.591087178234066357e+01 -8.639587590075264245e+01 -8.652744399076711090e+01 -8.678159037308941492e+01 -8.691417805970533550e+01 -8.702527559363487342e+01 -8.621180524977120285e+01 -8.530364836055532862e+01 -8.395544917811432128e+01 -8.409224395803640562e+01 -8.418607342530768278e+01 -8.179891930450440896e+01 -7.824238968099793112e+01 -6.171709136450617450e+01 -4.500436195387692351e+01 -6.244768871107908126e+01
-4.510639366557607843e+01 -4.828784928958837952e+01 -5.650902862192602782e+01 -6.304975984936874767e+01 -6.594456405876688621e+01 -6.955414516690800042e+01 -6.431871044267762727e+01 -5.454294149945891945e+01 -5.125359283257785137e+01 -5.022149033861552425e+01 -4.916369770145217899e+01 -5.017478799876261775e+01 -5.134769704692636338e+01 -6.453719243940271610e+01 -8.087980297252615003e+01 -8.242989545697957965e+01 -8.424478984075190624e+01 -8.539863059540138579e+01 -8.577210570717532789e+01 -8.646768970594706616e+01 -8.696927599466147285e+01 -8.721222548495347837e+01 -8.712839797460381419e+01 -8.729222773706251814e+01 -8.736641437241712538e+01 -8.739487455415849126e+01 -8.702401839598114464e+01 -8.632108638152439539e+01 -8.476971039666415209e+01 -8.319175643564943812e+01 -8.332005127153306034e+01 -8.270752033557535299e+01 -8.222590114793352711e+01 -8.072655446876888163e+01 -7.199131759064476910e+01 -6.441284659641532073e+01 -7.396053066029512024e+01
-5.664112911693695906e+01 -6.032925363667166607e+01 -6.602142770561894736e+01 -6.720537855000971206e+01 -6.953999182409509672e+01 -6.842593908977424633e+01 -6.054573345674927509e+01 -5.357063312073690753e+01 -5.072107097176068891e+01 -4.917120890077969619e+01 -6.343485658594264720e+01 -7.283075503888207436e+01 -7.791736466094252478e+01 -8.461490833534418243e+01 -7.818293033118126800e+01 -7.175925436213823616e+01 -8.385189371657376967e+01 -8.606878038133561404e+01 -8.684760437103716413e+01 -8.755385511221180650e+01 -8.823060096542809561e+01 -8.807989280303702628e+01 -8.786511522185463718e+01 -8.790884521748606062e+01 -8.817427352174591704e+01 -8.760726871627822732e+01 -8.715958240016887260e+01 -8.461087184278420636e+01 -7.845213172953889114e+01 -7.971047034581825130e+01 -7.903652163613432435e+01 -7.521175862613642948e+01 -7.387826083585660797e+01 -8.283989048710915881e+01 -8.098575514924093000e+01 -7.832774395955297564e+01 -7.703613815322799496e+01
