ASPA-UH-Flopy_REPO/Models/Tutuila_SWI_GHB/Flo_py_wrkspace/Figures/GW_Head.asc
NCOLS 200
NROWS 100
XLLCENTER 515244
YLLCENTER 8410178
CELLSIZE 167.0
NODATA_value -999.0
[rows 68 to 84 of 100, columns 0 to 36 of 200]
1.000000014901161194e-01 5.138122662901878357e-02 5.156924575567245483e-02 5.195479840040206909e-02 5.252699553966522217e-02 5.329426378011703491e-02 5.426517128944396973e-02 5.543570965528488159e-02 5.682209506630897522e-02 5.841625854372978210e-02 6.021672114729881287e-02 6.223708763718605042e-02 6.447788327932357788e-02 6.693280488252639771e-02 6.960374861955642700e-02 7.249050587415695190e-02 7.559680193662643433e-02 7.895011454820632935e-02 8.259537816047668457e-02 8.659178763628005981e-02 9.102801233530044556e-02 9.585967659950256348e-02 1.011250615119934082e-01 1.071187704801559448e-01 1.135597974061965942e-01 1.204179748892784119e-01 1.276259571313858032e-01 1.350898891687393188e-01 1.417292058467864990e-01 1.476217508316040039e-01 1.529153138399124146e-01 1.577498018741607666e-01 1.622799187898635864e-01 1.669499129056930542e-01 1.739990413188934326e-01 1.829346865415573120e-01 1.894517689943313599e-01
1.000000014901161194e-01 5.156579241156578064e-02 5.175523459911346436e-02 5.213671922683715820e-02 5.270748957991600037e-02 5.347225069999694824e-02 5.442674830555915833e-02 5.557915568351745605e-02 5.694151297211647034e-02 5.850546061992645264e-02 6.027487292885780334e-02 6.225528940558433533e-02 6.445021927356719971e-02 6.685598939657211304e-02 6.948763877153396606e-02 7.235092669725418091e-02 7.543782889842987061e-02 7.877624779939651489e-02 8.240173012018203735e-02 8.635004609823226929e-02 9.066308289766311646e-02 9.536238014698028564e-02 1.004743725061416626e-01 1.060675755143165588e-01 1.120709925889968872e-01 1.184100955724716187e-01 1.249955594539642334e-01 1.316162347793579102e-01 1.378554403781890869e-01 1.436962932348251343e-01 1.492053866386413574e-01 1.545262187719345093e-01 1.598684042692184448e-01 1.655179262161254883e-01 1.721208691596984863e-01 1.795354932546615601e-01 1.866994351148605347e-01
1.000000014901161194e-01 5.171167105436325073e-02 5.190043151378631592e-02 5.227787792682647705e-02 5.284436792135238647e-02 5.360351130366325378e-02 5.454520136117935181e-02 5.567768588662147522e-02 5.701272934675216675e-02 5.854243412613868713e-02 6.026641651988029480e-02 6.220037862658500671e-02 6.435799598693847656e-02 6.672799587249755859e-02 6.932718306779861450e-02 7.216092199087142944e-02 7.521811127662658691e-02 7.851586490869522095e-02 8.209586143493652344e-02 8.597473800182342529e-02 9.015867859125137329e-02 9.470121562480926514e-02 9.960105270147323608e-02 1.048672795295715332e-01 1.104932278394699097e-01 1.164066046476364136e-01 1.224834099411964417e-01 1.286319643259048462e-01 1.346466094255447388e-01 1.403930187225341797e-01 1.459853947162628174e-01 1.515916734933853149e-01 1.573318988084793091e-01 1.633598208427429199e-01 1.698478907346725464e-01 1.768037527799606323e-01 1.840280741453170776e-01
1.000000014901161194e-01 5.181903392076492310e-02 5.200625583529472351e-02 5.237992107868194580e-02 5.294064804911613464e-02 5.368965119123458862e-02 5.462450534105300903e-02 5.574478209018707275e-02 5.705109611153602600e-02 5.854292958974838257e-02 6.021567806601524353e-02 6.209373846650123596e-02 6.420872360467910767e-02 6.654918938875198364e-02 6.911130994558334351e-02 7.189448177814483643e-02 7.490954548120498657e-02 7.816236466169357300e-02 8.168607950210571289e-02 8.548688888549804688e-02 8.953920751810073853e-02 9.392378479242324829e-02 9.862101823091506958e-02 1.036008074879646301e-01 1.088879555463790894e-01 1.144450679421424866e-01 1.201756149530410767e-01 1.259883344173431396e-01 1.318424195051193237e-01 1.375385671854019165e-01 1.431159079074859619e-01 1.488397270441055298e-01 1.547773182392120361e-01 1.609069406986236572e-01 1.673677563667297363e-01 1.742424219846725464e-01 1.814750283956527710e-01
1.000000014901161194e-01 5.188940092921257019e-02 5.207486450672149658e-02 5.244661495089530945e-02 5.300215631723403931e-02 5.373825877904891968e-02 5.466023832559585571e-02 5.577099323272705078e-02 5.706068873405456543e-02 5.851751938462257385e-02 6.014825031161308289e-02 6.197483092546463013e-02 6.403610855340957642e-02 6.633558124303817749e-02 6.885116547346115112e-02 7.157392054796218872e-02 7.452400028705596924e-02 7.772003859281539917e-02 8.116223663091659546e-02 8.486407995223999023e-02 8.882439881563186646e-02 9.305566549301147461e-02 9.755830466747283936e-02 1.023216620087623596e-01 1.073392257094383240e-01 1.125869899988174438e-01 1.180288493633270264e-01 1.235778704285621643e-01 1.292163878679275513e-01 1.348623186349868774e-01 1.404664218425750732e-01 1.462094485759735107e-01 1.522355228662490845e-01 1.584435850381851196e-01 1.648521572351455688e-01 1.716887354850769043e-01 1.789454072713851929e-01
1.000000014901161194e-01 5.193360149860382080e-02 5.211451277136802673e-02 5.247738957405090332e-02 5.302245169878005981e-02 5.374806374311447144e-02 5.465476959943771362e-02 5.575066059827804565e-02 5.702705681324005127e-02 5.846257135272026062e-02 6.006384640932083130e-02 6.186052784323692322e-02 6.387040019035339355e-02 6.611004471778869629e-02 6.857700645923614502e-02 7.123997807502746582e-02 7.411956042051315308e-02 7.724751532077789307e-02 8.059961348772048950e-02 8.419685065746307373e-02 8.804857730865478516e-02 9.213893115520477295e-02 9.646248817443847656e-02 1.010244563221931458e-01 1.058303862810134888e-01 1.108347773551940918e-01 1.160340085625648499e-01 1.213706284761428833e-01 1.268069148063659668e-01 1.323363035917282104e-01 1.379395574331283569e-01 1.436809450387954712e-01 1.496532708406448364e-01 1.558901518583297729e-01 1.623745262622833252e-01 1.691969186067581177e-01 1.764192730188369751e-01
1.000000014901161194e-01 5.195198953151702881e-02 5.212910100817680359e-02 5.248372256755828857e-02 5.301607400178909302e-02 5.372623726725578308e-02 5.461556091904640198e-02 5.568647384643554688e-02 5.693824589252471924e-02 5.835947766900062561e-02 5.994967371225357056e-02 6.172116473317146301e-02 6.369262188673019409e-02 6.588190048933029175e-02 6.828462332487106323e-02 7.089490443468093872e-02 7.371954619884490967e-02 7.676743716001510620e-02 8.004298806190490723e-02 8.353787660598754883e-02 8.728004246950149536e-02 9.124867618083953857e-02 9.540726244449615479e-02 9.978272765874862671e-02 1.044097766280174255e-01 1.092168018221855164e-01 1.142022311687469482e-01 1.193785443902015686e-01 1.246473491191864014e-01 1.300434321165084839e-01 1.355782747268676758e-01 1.412809193134307861e-01 1.472111344337463379e-01 1.534075289964675903e-01 1.598830670118331909e-01 1.666897833347320557e-01 1.738778054714202881e-01
1.000000014901161194e-01 5.195014551281929016e-02 5.212369933724403381e-02 5.247013270854949951e-02 5.298961699008941650e-02 5.368382483720779419e-02 5.455428361892700195e-02 5.560147389769554138e-02 5.682515352964401245e-02 5.822358652949333191e-02 5.979323014616966248e-02 6.154479086399078369e-02 6.349241733551025391e-02 6.564120948314666748e-02 6.799115985631942749e-02 7.054498046636581421e-02 7.330862432718276978e-02 7.627969235181808472e-02 7.946701347827911377e-02 8.287084847688674927e-02 8.649507164955139160e-02 9.033590555191040039e-02 9.437847137451171875e-02 9.862566739320755005e-02 1.030810698866844177e-01 1.077354773879051208e-01 1.125669479370117188e-01 1.175835281610488892e-01 1.227142140269279480e-01 1.279861032962799072e-01 1.334403455257415771e-01 1.390661150217056274e-01 1.449197679758071899e-01 1.510589718818664551e-01 1.574889123439788818e-01 1.642350703477859497e-01 1.713536232709884644e-01
1.000000014901161194e-01 5.193111672997474670e-02 5.210082232952117920e-02 5.243909358978271484e-02 5.294724553823471069e-02 5.362735688686370850e-02 5.447854846715927124e-02 5.550326406955718994e-02 5.670221522450447083e-02 5.807482823729515076e-02 5.962391942739486694e-02 6.135314702987670898e-02 6.326992809772491455e-02 6.538070738315582275e-02 6.768445670604705811e-02 7.018363475799560547e-02 7.288698107004165649e-02 7.579397410154342651e-02 7.890270650386810303e-02 8.221654593944549561e-02 8.573872596025466919e-02 8.946593105792999268e-02 9.339240193367004395e-02 9.751749783754348755e-02 1.018387898802757263e-01 1.063489764928817749e-01 1.110403463244438171e-01 1.159074380993843079e-01 1.209286078810691833e-01 1.261037290096282959e-01 1.314624249935150146e-01 1.370177567005157471e-01 1.427982151508331299e-01 1.488500386476516724e-01 1.551928818225860596e-01 1.618482470512390137e-01 1.688655316829681396e-01
1.000000014901161194e-01 5.189984291791915894e-02 5.206366628408432007e-02 5.239384993910789490e-02 5.289290845394134521e-02 5.355867743492126465e-02 5.439291894435882568e-02 5.539730563759803772e-02 5.657236278057098389e-02 5.792123079299926758e-02 5.944807454943656921e-02 6.115435436367988586e-02 6.304261088371276855e-02 6.511761248111724854e-02 6.737612187862396240e-02 6.981953978538513184e-02 7.246316969394683838e-02 7.530937343835830688e-02 7.835107296705245972e-02 8.158811926841735840e-02 8.502276241779327393e-02 8.865256607532501221e-02 9.247735887765884399e-02 9.649252146482467651e-02 1.006962656974792480e-01 1.050852537155151367e-01 1.096520423889160156e-01 1.143921688199043274e-01 1.192963495850563049e-01 1.243672221899032593e-01 1.296258866786956787e-01 1.350911557674407959e-01 1.407866775989532471e-01 1.467430442571640015e-01 1.529845446348190308e-01 1.595274358987808228e-01 1.664192825555801392e-01
1.000000014901161194e-01 5.185906961560249329e-02 5.201746150851249695e-02 5.233800411224365234e-02 5.282711982727050781e-02 5.348083376884460449e-02 5.429952591657638550e-02 5.528545379638671875e-02 5.643959715962409973e-02 5.776521563529968262e-02 5.926842615008354187e-02 6.094880774617195129e-02 6.280771642923355103e-02 6.484851986169815063e-02 6.707022339105606079e-02 6.946855038404464722e-02 7.205919921398162842e-02 7.484769821166992188e-02 7.782492041587829590e-02 8.099142462015151978e-02 8.434988558292388916e-02 8.789844065904617310e-02 9.163470566272735596e-02 9.555374830961227417e-02 9.965550899505615234e-02 1.039395630359649658e-01 1.083991155028343201e-01 1.130307838320732117e-01 1.178296133875846863e-01 1.227923259139060974e-01 1.279429942369461060e-01 1.333074867725372314e-01 1.388968378305435181e-01 1.447405219078063965e-01 1.508679240942001343e-01 1.572856456041336060e-01 1.640332192182540894e-01
1.000000014901161194e-01 5.180970579385757446e-02 5.196353420615196228e-02 5.227561667561531067e-02 5.275490507483482361e-02 5.339634418487548828e-02 5.419921502470970154e-02 5.516664311289787292e-02 5.630167946219444275e-02 5.760670080780982971e-02 5.908522009849548340e-02 6.073852255940437317e-02 6.256643682718276978e-02 6.457176059484481812e-02 6.676263362169265747e-02 6.913356482982635498e-02 7.168218493461608887e-02 7.441727072000503540e-02 7.733697444200515747e-02 8.044002205133438110e-02 8.372976630926132202e-02 8.720777928829193115e-02 9.086806327104568481e-02 9.470511972904205322e-02 9.871818870306015015e-02 1.029116064310073853e-01 1.072797626256942749e-01 1.118181422352790833e-01 1.165277361869812012e-01 1.213877350091934204e-01 1.264162361621856689e-01 1.316769570112228394e-01 1.371546983718872070e-01 1.428506672382354736e-01 1.488398611545562744e-01 1.551295518875122070e-01 1.617192924022674561e-01
1.000000014901161194e-01 5.175125971436500549e-02 5.190340429544448853e-02 5.221172049641609192e-02 5.268087983131408691e-02 5.331009626388549805e-02 5.409808084368705750e-02 5.504590272903442383e-02 5.616049095988273621e-02 5.744422599673271179e-02 5.889431759715080261e-02 6.052349135279655457e-02 6.232862919569015503e-02 6.430144608020782471e-02 6.646428257226943970e-02 6.880953162908554077e-02 7.132530957460403442e-02 7.401794940233230591e-02 7.688741385936737061e-02 7.993815839290618896e-02 8.316887915134429932e-02 8.658338338136672974e-02 9.018021821975708008e-02 9.394988417625427246e-02 9.788828343152999878e-02 1.020011156797409058e-01 1.062897965312004089e-01 1.107476279139518738e-01 1.153652966022491455e-01 1.201272979378700256e-01 1.250539720058441162e-01 1.301992982625961304e-01 1.355575919151306152e-01 1.411200165748596191e-01 1.469431370496749878e-01 1.530631035566329956e-01 1.594858020544052124e-01
1.000000014901161194e-01 5.168188735842704773e-02 5.183217674493789673e-02 5.213575437664985657e-02 5.259598791599273682e-02 5.321510508656501770e-02 5.399157106876373291e-02 5.492633953690528870e-02 5.602307617664337158e-02 5.728610977530479431e-02 5.872030928730964661e-02 6.032738462090492249e-02 6.210375949740409851e-02 6.404264271259307861e-02 6.617546826601028442e-02 6.850738823413848877e-02 7.099887728691101074e-02 7.365114241838455200e-02 7.647527009248733521e-02 7.947978377342224121e-02 8.266522735357284546e-02 8.603129535913467407e-02 8.957761526107788086e-02 9.329608082771301270e-02 9.717316925525665283e-02 1.012137159705162048e-01 1.054266095161437988e-01 1.098054721951484680e-01 1.143375039100646973e-01 1.190190687775611877e-01 1.238560900092124939e-01 1.288764476776123047e-01 1.341000050306320190e-01 1.395313739776611328e-01 1.451977640390396118e-01 1.511287987232208252e-01 1.573504358530044556e-01
1.000000014901161194e-01 5.160121619701385498e-02 5.175076797604560852e-02 5.204907059669494629e-02 5.250139534473419189e-02 5.310907587409019470e-02 5.387354269623756409e-02 5.479546263813972473e-02 5.587588623166084290e-02 5.712099373340606689e-02 5.853968486189842224e-02 6.013186275959014893e-02 6.189303845167160034e-02 6.382540613412857056e-02 6.594079732894897461e-02 6.824500858783721924e-02 7.070916891098022461e-02 7.333316653966903687e-02 7.612241804599761963e-02 7.907688617706298828e-02 8.221568167209625244e-02 8.554752916097640991e-02 8.906155079603195190e-02 9.274329245090484619e-02 9.657922387123107910e-02 1.005614921450614929e-01 1.047074273228645325e-01 1.090141907334327698e-01 1.134677529335021973e-01 1.180654540657997131e-01 1.228104680776596069e-01 1.277143061161041260e-01 1.328003555536270142e-01 1.380883753299713135e-01 1.435968428850173950e-01 1.493456661701202393e-01 1.553571671247482300e-01
1.000000014901161194e-01 5.150983482599258423e-02 5.165751650929450989e-02 5.195245146751403809e-02 5.239700898528099060e-02 5.299374833703041077e-02 5.374589562416076660e-02 5.465405434370040894e-02 5.571670085191726685e-02 5.694571137428283691e-02 5.834725126624107361e-02 5.992215499281883240e-02 6.167106330394744873e-02 6.359890103340148926e-02 6.571293622255325317e-02 6.801178306341171265e-02 7.046389579772949219e-02 7.306676357984542847e-02 7.583454251289367676e-02 7.876000553369522095e-02 8.187377452850341797e-02 8.517937362194061279e-02 8.865118771791458130e-02 9.231396764516830444e-02 9.613770991563796997e-02 1.000703200697898865e-01 1.041442602872848511e-01 1.083824336528778076e-01 1.127689555287361145e-01 1.172898188233375549e-01 1.219371631741523743e-01 1.267232745885848999e-01 1.316711753606796265e-01 1.368053257465362549e-01 1.421465724706649780e-01 1.477129608392715454e-01 1.535205841064453125e-01
1.000000014901161194e-01 5.141182616353034973e-02 5.155700445175170898e-02 5.184853821992874146e-02 5.228354781866073608e-02 5.286872014403343201e-02 5.360541865229606628e-02 5.449935048818588257e-02 5.554842576384544373e-02 5.675647035241127014e-02 5.813854187726974487e-02 5.969475209712982178e-02 6.142997369170188904e-02 6.335696578025817871e-02 6.547649949789047241e-02 6.777128577232360840e-02 7.022064924240112305e-02 7.280530780553817749e-02 7.556022703647613525e-02 7.849109917879104614e-02 8.157788962125778198e-02 8.487466722726821899e-02 8.837117254734039307e-02 9.204233437776565552e-02 9.587401896715164185e-02 9.980036318302154541e-02 1.038206368684768677e-01 1.079593673348426819e-01 1.122612357139587402e-01 1.167127862572669983e-01 1.212589740753173828e-01 1.259191632270812988e-01 1.307184994220733643e-01 1.356889605522155762e-01 1.408600807189941406e-01 1.462451666593551636e-01 1.518516540527343750e-01
