ASPA-UH-Flopy_REPO/Models/Tutuila_SWI_GHB/Flo_py_wrkspace/Figures/GW_Head.asc
NCOLS 200
NROWS 100
XLLCENTER 515244
YLLCENTER 8410178
CELLSIZE 167.0
NODATA_value -999.0
[rows 0 to 16 of 100, columns 74 to 110 of 200]
1.000000014901161194e-01 1.000000014901161194e-01 1.000000014901161194e-01 1.000000014901161194e-01 1.000000014901161194e-01 1.000000014901161194e-01 1.000000014901161194e-01 1.000000014901161194e-01 1.000000014901161194e-01 1.000000014901161194e-01 1.000000014901161194e-01 1.000000014901161194e-01 1.000000014901161194e-01 1.000000014901161194e-01 1.000000014901161194e-01 1.000000014901161194e-01 1.000000014901161194e-01 1.000000014901161194e-01 1.000000014901161194e-01 1.000000014901161194e-01 1.000000014901161194e-01 1.000000014901161194e-01 1.000000014901161194e-01 1.000000014901161194e-01 1.000000014901161194e-01 1.000000014901161194e-01 1.000000014901161194e-01 1.000000014901161194e-01 1.000000014901161194e-01 1.000000014901161194e-01 1.000000014901161194e-01 1.000000014901161194e-01 1.000000014901161194e-01 1.000000014901161194e-01 1.000000014901161194e-01 1.000000014901161194e-01 1.000000014901161194e-01
1.000000014901161194e-01 1.000000014901161194e-01 1.000000014901161194e-01 1.000000014901161194e-01 1.000000014901161194e-01 1.000000014901161194e-01 1.000000014901161194e-01 1.000000014901161194e-01 1.000000014901161194e-01 1.000000014901161194e-01 1.000000014901161194e-01 1.000000014901161194e-01 1.000000014901161194e-01 1.000000014901161194e-01 1.000000014901161194e-01 7.268355786800384521e-02 7.267069816589355469e-02 7.268098741769790649e-02 7.272539287805557251e-02 7.281120866537094116e-02 7.294049113988876343e-02 7.311251759529113770e-02 7.332506775856018066e-02 7.357744872570037842e-02 7.386392354965209961e-02 7.418239861726760864e-02 7.452427595853805542e-02 7.488094270229339600e-02 7.524682581424713135e-02 7.561530172824859619e-02 7.598306983709335327e-02 7.634796947240829468e-02 7.670673727989196777e-02 7.706204801797866821e-02 7.741886377334594727e-02 7.778559625148773193e-02 7.817246764898300171e-02
1.000000014901161194e-01 1.000000014901161194e-01 1.000000014901161194e-01 1.000000014901161194e-01 1.000000014901161194e-01 1.000000014901161194e-01 1.000000014901161194e-01 1.000000014901161194e-01 1.000000014901161194e-01 1.000000014901161194e-01 1.000000014901161194e-01 1.000000014901161194e-01 1.000000014901161194e-01 1.000000014901161194e-01 7.302135229110717773e-02 7.289927452802658081e-02 7.284925878047943115e-02 7.284335047006607056e-02 7.288129627704620361e-02 7.296422123908996582e-02 7.309254258871078491e-02 7.326451689004898071e-02 7.347971946001052856e-02 7.373528182506561279e-02 7.402693480253219604e-02 7.435034960508346558e-02 7.469779253005981445e-02 7.506141811609268188e-02 7.543411105871200562e-02 7.581055909395217896e-02 7.618506997823715210e-02 7.655301690101623535e-02 7.691235095262527466e-02 7.726471871137619019e-02 7.761534303426742554e-02 7.797458767890930176e-02 7.835177332162857056e-02
1.000000014901161194e-01 1.000000014901161194e-01 1.000000014901161194e-01 1.000000014901161194e-01 1.000000014901161194e-01 1.000000014901161194e-01 1.000000014901161194e-01 1.000000014901161194e-01 1.000000014901161194e-01 1.000000014901161194e-01 1.000000014901161194e-01 1.000000014901161194e-01 1.000000014901161194e-01 1.000000014901161194e-01 7.334267348051071167e-02 7.324668765068054199e-02 7.317964732646942139e-02 7.315961271524429321e-02 7.318938523530960083e-02 7.326849550008773804e-02 7.339508086442947388e-02 7.356882095336914062e-02 7.378840446472167969e-02 7.405095547437667847e-02 7.435309141874313354e-02 7.468757778406143188e-02 7.504786550998687744e-02 7.542670518159866333e-02 7.581610232591629028e-02 7.620865851640701294e-02 7.659498602151870728e-02 7.696937769651412964e-02 7.732734084129333496e-02 7.767236977815628052e-02 7.801015675067901611e-02 7.835318148136138916e-02 7.871082425117492676e-02
1.000000014901161194e-01 1.000000014901161194e-01 1.000000014901161194e-01 1.000000014901161194e-01 1.000000014901161194e-01 1.000000014901161194e-01 1.000000014901161194e-01 1.000000014901161194e-01 1.000000014901161194e-01 1.000000014901161194e-01 1.000000014901161194e-01 1.000000014901161194e-01 1.000000014901161194e-01 7.432186603546142578e-02 7.395108044147491455e-02 7.375948131084442139e-02 7.365746796131134033e-02 7.362153381109237671e-02 7.364378869533538818e-02 7.371959090232849121e-02 7.384800910949707031e-02 7.402592897415161133e-02 7.425168156623840332e-02 7.452538609504699707e-02 7.484108209609985352e-02 7.519414275884628296e-02 7.557652890682220459e-02 7.598068565130233765e-02 7.639665156602859497e-02 7.681495696306228638e-02 7.722035795450210571e-02 7.760347425937652588e-02 7.795850187540054321e-02 7.828781008720397949e-02 7.860407233238220215e-02 7.892328500747680664e-02 7.925537228584289551e-02
1.000000014901161194e-01 1.000000014901161194e-01 1.000000014901161194e-01 1.000000014901161194e-01 1.000000014901161194e-01 1.000000014901161194e-01 1.000000014901161194e-01 1.000000014901161194e-01 1.000000014901161194e-01 1.000000014901161194e-01 1.000000014901161194e-01 1.000000014901161194e-01 7.526396960020065308e-02 7.488498091697692871e-02 7.458327710628509521e-02 7.438468933105468750e-02 7.426949590444564819e-02 7.422406226396560669e-02 7.424107939004898071e-02 7.431599497795104980e-02 7.444752752780914307e-02 7.463301718235015869e-02 7.486903667449951172e-02 7.515659183263778687e-02 7.549221813678741455e-02 7.586973905563354492e-02 7.628270983695983887e-02 7.672203332185745239e-02 7.717841118574142456e-02 7.763534784317016602e-02 7.807160168886184692e-02 7.846826314926147461e-02 7.881543785333633423e-02 7.911769300699234009e-02 7.940173149108886719e-02 7.969001680612564087e-02 7.999195158481597900e-02
1.000000014901161194e-01 1.000000014901161194e-01 1.000000014901161194e-01 1.000000014901161194e-01 1.000000014901161194e-01 1.000000014901161194e-01 1.000000014901161194e-01 1.000000014901161194e-01 1.000000014901161194e-01 1.000000014901161194e-01 1.000000014901161194e-01 1.000000014901161194e-01 7.583537697792053223e-02 7.557605206966400146e-02 7.531705498695373535e-02 7.512596249580383301e-02 7.500908523797988892e-02 7.496128231287002563e-02 7.497776299715042114e-02 7.505581527948379517e-02 7.519271224737167358e-02 7.538675516843795776e-02 7.563659548759460449e-02 7.594190537929534912e-02 7.630210369825363159e-02 7.671000063419342041e-02 7.716163992881774902e-02 7.765005528926849365e-02 7.816366106271743774e-02 7.868040353059768677e-02 7.916814088821411133e-02 7.959058135747909546e-02 7.992362231016159058e-02 8.017969876527786255e-02 8.041310310363769531e-02 8.066272735595703125e-02 8.093276619911193848e-02
1.000000014901161194e-01 1.000000014901161194e-01 1.000000014901161194e-01 1.000000014901161194e-01 1.000000014901161194e-01 1.000000014901161194e-01 1.000000014901161194e-01 1.000000014901161194e-01 1.000000014901161194e-01 1.000000014901161194e-01 1.000000014901161194e-01 7.750983536243438721e-02 7.685108482837677002e-02 7.646004855632781982e-02 7.618324458599090576e-02 7.599036395549774170e-02 7.587461918592453003e-02 7.583127915859222412e-02 7.585377991199493408e-02 7.593756169080734253e-02 7.608272135257720947e-02 7.628730684518814087e-02 7.655275613069534302e-02 7.687988132238388062e-02 7.726701349020004272e-02 7.770998030900955200e-02 7.821043580770492554e-02 7.876493036746978760e-02 7.936022430658340454e-02 7.996992021799087524e-02 8.054447919130325317e-02 8.101761341094970703e-02 8.133041113615036011e-02 8.149206638336181641e-02 8.163855224847793579e-02 8.184019476175308228e-02 8.208087086677551270e-02
1.000000014901161194e-01 1.000000014901161194e-01 1.000000014901161194e-01 1.000000014901161194e-01 1.000000014901161194e-01 1.000000014901161194e-01 1.000000014901161194e-01 1.000000014901161194e-01 1.000000014901161194e-01 1.000000014901161194e-01 7.902932912111282349e-02 7.836224883794784546e-02 7.781901955604553223e-02 7.743167877197265625e-02 7.716031372547149658e-02 7.697587460279464722e-02 7.686796039342880249e-02 7.683328539133071899e-02 7.686507701873779297e-02 7.696104049682617188e-02 7.711850106716156006e-02 7.733755558729171753e-02 7.762069255113601685e-02 7.797022163867950439e-02 7.838291674852371216e-02 7.886464893817901611e-02 7.942359149456024170e-02 8.006031811237335205e-02 8.076866716146469116e-02 8.152078837156295776e-02 8.224876970052719116e-02 8.283343166112899780e-02 8.311694115400314331e-02 8.305349200963973999e-02 8.303514122962951660e-02 8.318550139665603638e-02 8.344075828790664673e-02
1.000000014901161194e-01 1.000000014901161194e-01 1.000000014901161194e-01 1.000000014901161194e-01 1.000000014901161194e-01 1.000000014901161194e-01 1.000000014901161194e-01 1.000000014901161194e-01 1.000000014901161194e-01 8.059576898813247681e-02 7.989447563886642456e-02 7.931926846504211426e-02 7.885029166936874390e-02 7.849717140197753906e-02 7.824371755123138428e-02 7.807787507772445679e-02 7.798869907855987549e-02 7.796914130449295044e-02 7.801596820354461670e-02 7.812660187482833862e-02 7.829958200454711914e-02 7.853676378726959229e-02 7.883871346712112427e-02 7.920677959918975830e-02 7.964478433132171631e-02 8.016422390937805176e-02 8.078186213970184326e-02 8.151429146528244019e-02 8.236900717020034790e-02 8.333075791597366333e-02 8.432637900114059448e-02 8.516840636730194092e-02 8.545827120542526245e-02 8.478344976902008057e-02 8.446891605854034424e-02 8.461060374975204468e-02 8.503230661153793335e-02
1.000000014901161194e-01 1.000000014901161194e-01 1.000000014901161194e-01 1.000000014901161194e-01 1.000000014901161194e-01 1.000000014901161194e-01 1.000000014901161194e-01 1.000000014901161194e-01 8.221787214279174805e-02 8.150623738765716553e-02 8.089483529329299927e-02 8.038974553346633911e-02 7.998172938823699951e-02 7.967033982276916504e-02 7.944790273904800415e-02 7.930742949247360229e-02 7.924181967973709106e-02 7.924389094114303589e-02 7.931034266948699951e-02 7.943832129240036011e-02 7.962957769632339478e-02 7.988568395376205444e-02 8.020511269569396973e-02 8.058883994817733765e-02 8.104307949542999268e-02 8.158863335847854614e-02 8.225478231906890869e-02 8.308065682649612427e-02 8.409972488880157471e-02 8.532895892858505249e-02 8.676004409790039062e-02 8.821220695972442627e-02 8.883599191904067993e-02 8.636007457971572876e-02 8.565080165863037109e-02 8.592227846384048462e-02 8.670062571763992310e-02
1.000000014901161194e-01 1.000000014901161194e-01 1.000000014901161194e-01 1.000000014901161194e-01 1.000000014901161194e-01 1.000000014901161194e-01 1.000000014901161194e-01 8.384436368942260742e-02 8.313523232936859131e-02 8.252045512199401855e-02 8.200239390134811401e-02 8.157124370336532593e-02 8.122737705707550049e-02 8.096738159656524658e-02 8.078695833683013916e-02 8.067871630191802979e-02 8.063960820436477661e-02 8.066473156213760376e-02 8.075267821550369263e-02 8.090239018201828003e-02 8.111488819122314453e-02 8.139092475175857544e-02 8.172775059938430786e-02 8.212091028690338135e-02 8.257667720317840576e-02 8.312113583087921143e-02 8.380090445280075073e-02 8.467710018157958984e-02 8.582253009080886841e-02 8.731301873922348022e-02 8.933342248201370239e-02 9.218502789735794067e-02 9.530480951070785522e-02 1.322071105241775513e-01 3.572542369365692139e-01 6.585664153099060059e-01 9.566205739974975586e-01
1.000000014901161194e-01 1.000000014901161194e-01 1.000000014901161194e-01 1.000000014901161194e-01 1.000000014901161194e-01 1.000000014901161194e-01 8.544060587882995605e-02 8.474792540073394775e-02 8.415251225233078003e-02 8.364669978618621826e-02 8.322386443614959717e-02 8.287493139505386353e-02 8.260096609592437744e-02 8.239994198083877563e-02 8.226621150970458984e-02 8.219563961029052734e-02 8.218520879745483398e-02 8.223482221364974976e-02 8.234540373086929321e-02 8.251949399709701538e-02 8.275825530290603638e-02 8.305870741605758667e-02 8.341395854949951172e-02 8.381176739931106567e-02 8.424985408782958984e-02 8.474460989236831665e-02 8.534873276948928833e-02 8.619282394647598267e-02 8.738578110933303833e-02 8.896294981241226196e-02 9.128677099943161011e-02 9.606523066759109497e-02 1.049230173230171204e-01 1.124006360769271851e-01 5.998649597167968750e-01 1.494242191314697266e+00 2.305426836013793945e+00
1.000000014901161194e-01 1.000000014901161194e-01 8.783937990665435791e-02 8.772341161966323853e-02 8.749008923768997192e-02 8.707451820373535156e-02 8.632554113864898682e-02 8.576028794050216675e-02 8.529277145862579346e-02 8.489980548620223999e-02 8.457830548286437988e-02 8.431952446699142456e-02 8.412264287471771240e-02 8.398374915122985840e-02 8.390022814273834229e-02 8.386897295713424683e-02 8.388882130384445190e-02 8.396185189485549927e-02 8.409297466278076172e-02 8.429180085659027100e-02 8.456049859523773193e-02 8.489578217267990112e-02 8.528043329715728760e-02 8.568777889013290405e-02 8.608589321374893188e-02 8.645026385784149170e-02 8.679547160863876343e-02 8.755754679441452026e-02 8.875378221273422241e-02 9.009028971195220947e-02 9.113130718469619751e-02 2.158673107624053955e-01 1.156867295503616333e-01 1.185680851340293884e-01 4.317747056484222412e-01 1.974894881248474121e+00 3.164006471633911133e+00
8.838760852813720703e-02 8.836545795202255249e-02 8.819576352834701538e-02 8.807504922151565552e-02 8.790098130702972412e-02 8.762602508068084717e-02 8.723773062229156494e-02 8.688133209943771362e-02 8.656755089759826660e-02 8.629933744668960571e-02 8.608455955982208252e-02 8.592185378074645996e-02 8.580703288316726685e-02 8.573659509420394897e-02 8.570685237646102905e-02 8.571637421846389771e-02 8.576550334692001343e-02 8.585749566555023193e-02 8.600318431854248047e-02 8.622092753648757935e-02 8.652426302433013916e-02 8.691169321537017822e-02 8.735286444425582886e-02 8.779148757457733154e-02 8.815300464630126953e-02 8.832573890686035156e-02 8.797651529312133789e-02 8.868511766195297241e-02 9.013828635215759277e-02 9.163159132003784180e-02 6.324788331985473633e-01 8.156003952026367188e-01 1.235112324357032776e-01 1.271979510784149170e-01 1.367802470922470093e-01 2.273327350616455078e+00 3.962100982666015625e+00
8.869906514883041382e-02 8.874833583831787109e-02 8.873489499092102051e-02 8.870238065719604492e-02 8.863234519958496094e-02 8.850587159395217896e-02 8.833323419094085693e-02 8.816327154636383057e-02 8.800247311592102051e-02 8.786275237798690796e-02 8.776151388883590698e-02 8.769854158163070679e-02 8.767078816890716553e-02 8.767326176166534424e-02 8.770225197076797485e-02 8.775373548269271851e-02 8.782815933227539062e-02 8.792972564697265625e-02 8.807546645402908325e-02 8.829923719167709351e-02 8.864264190196990967e-02 8.910976350307464600e-02 8.965110033750534058e-02 9.017609059810638428e-02 9.058178216218948364e-02 9.081047028303146362e-02 3.309939801692962646e-01 4.709321558475494385e-01 1.012247443199157715e+00 1.397598862648010254e+00 2.163259267807006836e+00 2.325517416000366211e+00 1.882424592971801758e+00 1.912111043930053711e+00 2.463938236236572266e+00 3.922882080078125000e+00 4.964636325836181641e+00
8.928035199642181396e-02 8.941343426704406738e-02 8.951332420110702515e-02 8.958970755338668823e-02 8.963719755411148071e-02 8.965167403221130371e-02 8.964012563228607178e-02 8.962497860193252563e-02 8.960923552513122559e-02 8.960855752229690552e-02 8.962656557559967041e-02 8.966702967882156372e-02 8.972766995429992676e-02 8.980668336153030396e-02 8.989699929952621460e-02 8.999345451593399048e-02 9.009142965078353882e-02 9.019058197736740112e-02 9.031030535697937012e-02 9.050856530666351318e-02 9.088702499866485596e-02 9.146572649478912354e-02 9.217374771833419800e-02 9.285906702280044556e-02 9.335473924875259399e-02 9.327827394008636475e-02 1.042215585708618164e+00 1.908389210700988770e+00 2.578633546829223633e+00 3.097356319427490234e+00 3.551131010055541992e+00 3.788290977478027344e+00 3.908290147781372070e+00 4.179702281951904297e+00 4.678196907043457031e+00 5.302826404571533203e+00 5.918665885925292969e+00
