ASPA-UH-Flopy_REPO/Models/Tutuila_SWI_GHB/Flo_py_wrkspace/Figures/GW_Head.asc
NCOLS 200
NROWS 100
XLLCENTER 515244
YLLCENTER 8410178
CELLSIZE 167.0
NODATA_value -999.0
[rows 51 to 67 of 100, columns 111 to 147 of 200]
1.690928786993026733e-01 1.639952510595321655e-01 1.591288000345230103e-01 1.545061469078063965e-01 1.500899642705917358e-01 1.459400951862335205e-01 1.419576555490493774e-01 1.380976885557174683e-01 1.344240158796310425e-01 1.308122575283050537e-01 1.272638887166976929e-01 1.237938180565834045e-01 1.204183995723724365e-01 1.171577274799346924e-01 1.140294671058654785e-01 1.109563708305358887e-01 1.079727113246917725e-01 1.050898209214210510e-01 1.023146882653236389e-01 9.965518116950988770e-02 9.709916263818740845e-02 9.462960064411163330e-02 9.223955124616622925e-02 8.994881063699722290e-02 8.784080296754837036e-02 8.589035272598266602e-02 8.401153236627578735e-02 8.218763023614883423e-02 8.040316402912139893e-02 7.861723750829696655e-02 7.681792229413986206e-02 7.500243186950683594e-02 7.318516075611114502e-02 7.139712572097778320e-02 6.965649873018264771e-02 6.813223659992218018e-02 6.679575890302658081e-02
1.686146706342697144e-01 1.633896380662918091e-01 1.584093123674392700e-01 1.537181884050369263e-01 1.492395401000976562e-01 1.449302136898040771e-01 1.408056616783142090e-01 1.369195282459259033e-01 1.331660598516464233e-01 1.295004785060882568e-01 1.259604394435882568e-01 1.225263774394989014e-01 1.192318126559257507e-01 1.160502731800079346e-01 1.129716709256172180e-01 1.099603995680809021e-01 1.070254892110824585e-01 1.042479500174522400e-01 1.016213148832321167e-01 9.909783303737640381e-02 9.666281193494796753e-02 9.430626779794692993e-02 9.202182292938232422e-02 8.984537422657012939e-02 8.783290535211563110e-02 8.594479411840438843e-02 8.412852138280868530e-02 8.236849308013916016e-02 8.063723891973495483e-02 7.890758663415908813e-02 7.714314013719558716e-02 7.533857971429824829e-02 7.355216890573501587e-02 7.187772542238235474e-02 7.004641741514205933e-02 6.880393624305725098e-02 1.000000014901161194e-01
1.682946681976318359e-01 1.629591286182403564e-01 1.579438745975494385e-01 1.531095355749130249e-01 1.484794467687606812e-01 1.440808773040771484e-01 1.399009674787521362e-01 1.359224170446395874e-01 1.320908814668655396e-01 1.284117102622985840e-01 1.248843297362327576e-01 1.215110644698143005e-01 1.182759255170822144e-01 1.151552721858024597e-01 1.121211200952529907e-01 1.091630384325981140e-01 1.063683554530143738e-01 1.037403494119644165e-01 1.012154370546340942e-01 9.878226369619369507e-02 9.643232822418212891e-02 9.416367858648300171e-02 9.198074042797088623e-02 8.991208672523498535e-02 8.796963840723037720e-02 8.613006025552749634e-02 8.437142521142959595e-02 8.267170935869216919e-02 8.100636303424835205e-02 7.935830950736999512e-02 7.765331864356994629e-02 7.590398192405700684e-02 7.391019910573959351e-02 7.256529480218887329e-02 1.000000014901161194e-01 1.000000014901161194e-01 1.000000014901161194e-01
1.682066172361373901e-01 1.627021580934524536e-01 1.575672924518585205e-01 1.526239365339279175e-01 1.478792279958724976e-01 1.434013694524765015e-01 1.391539126634597778e-01 1.350974440574645996e-01 1.312148422002792358e-01 1.275354623794555664e-01 1.240493729710578918e-01 1.207273900508880615e-01 1.175572276115417480e-01 1.144899874925613403e-01 1.115291491150856018e-01 1.087182834744453430e-01 1.060404032468795776e-01 1.034649312496185303e-01 1.010026186704635620e-01 9.863992780447006226e-02 9.636504203081130981e-02 9.417819976806640625e-02 9.209707379341125488e-02 9.011384099721908569e-02 8.822870254516601562e-02 8.644311875104904175e-02 8.472331613302230835e-02 8.309190720319747925e-02 8.148051053285598755e-02 7.999888062477111816e-02 7.822292298078536987e-02 7.676760107278823853e-02 1.000000014901161194e-01 1.000000014901161194e-01 1.000000014901161194e-01 1.000000014901161194e-01 1.000000014901161194e-01
1.683081090450286865e-01 1.626262962818145752e-01 1.572946012020111084e-01 1.522238105535507202e-01 1.474105864763259888e-01 1.428651213645935059e-01 1.385480016469955444e-01 1.344293504953384399e-01 1.305349022150039673e-01 1.269122064113616943e-01 1.235040649771690369e-01 1.202423125505447388e-01 1.171225756406784058e-01 1.141297891736030579e-01 1.112533360719680786e-01 1.085064187645912170e-01 1.058793365955352783e-01 1.033648699522018433e-01 1.009712293744087219e-01 9.866525977849960327e-02 9.646158665418624878e-02 9.436246007680892944e-02 9.234997630119323730e-02 9.043426066637039185e-02 8.860462158918380737e-02 8.686918765306472778e-02 8.516723662614822388e-02 8.364245295524597168e-02 8.196093142032623291e-02 8.083164691925048828e-02 1.000000014901161194e-01 1.000000014901161194e-01 1.000000014901161194e-01 1.000000014901161194e-01 1.000000014901161194e-01 1.000000014901161194e-01 1.000000014901161194e-01
1.685040146112442017e-01 1.626489609479904175e-01 1.571541577577590942e-01 1.519765555858612061e-01 1.470860093832015991e-01 1.424700319766998291e-01 1.380900591611862183e-01 1.339691132307052612e-01 1.301669925451278687e-01 1.266108155250549316e-01 1.232206970453262329e-01 1.200042441487312317e-01 1.169385090470314026e-01 1.139928847551345825e-01 1.111642047762870789e-01 1.084549278020858765e-01 1.058736741542816162e-01 1.034289672970771790e-01 1.011046618223190308e-01 9.886756539344787598e-02 9.672046452760696411e-02 9.467695653438568115e-02 9.272219985723495483e-02 9.087569266557693481e-02 8.906889706850051880e-02 8.743382245302200317e-02 8.562988042831420898e-02 8.449277281761169434e-02 1.000000014901161194e-01 1.000000014901161194e-01 1.000000014901161194e-01 1.000000014901161194e-01 1.000000014901161194e-01 1.000000014901161194e-01 1.000000014901161194e-01 1.000000014901161194e-01 1.000000014901161194e-01
1.687852740287780762e-01 1.627688556909561157e-01 1.571480482816696167e-01 1.518685221672058105e-01 1.468877345323562622e-01 1.422324478626251221e-01 1.378835737705230713e-01 1.338239163160324097e-01 1.300444155931472778e-01 1.264876425266265869e-01 1.231374964118003845e-01 1.199640035629272461e-01 1.169273406267166138e-01 1.140247508883476257e-01 1.112435087561607361e-01 1.085858494043350220e-01 1.060633361339569092e-01 1.036674454808235168e-01 1.013857126235961914e-01 9.920251369476318359e-02 9.710574150085449219e-02 9.512455761432647705e-02 9.320016205310821533e-02 9.146174788475036621e-02 8.955433219671249390e-02 8.835085481405258179e-02 1.000000014901161194e-01 1.000000014901161194e-01 1.000000014901161194e-01 1.000000014901161194e-01 1.000000014901161194e-01 1.000000014901161194e-01 1.000000014901161194e-01 1.000000014901161194e-01 1.000000014901161194e-01 1.000000014901161194e-01 1.000000014901161194e-01
1.691426187753677368e-01 1.629958152770996094e-01 1.572463661432266235e-01 1.518665105104446411e-01 1.468755006790161133e-01 1.422422528266906738e-01 1.379101872444152832e-01 1.338623017072677612e-01 1.300922632217407227e-01 1.265552490949630737e-01 1.232261583209037781e-01 1.200829371809959412e-01 1.170827746391296387e-01 1.142381131649017334e-01 1.115262508392333984e-01 1.089054867625236511e-01 1.064007654786109924e-01 1.040382087230682373e-01 1.018186733126640320e-01 9.968946129083633423e-02 9.760504215955734253e-02 9.573436528444290161e-02 9.370431303977966309e-02 9.243157505989074707e-02 1.000000014901161194e-01 1.000000014901161194e-01 1.000000014901161194e-01 1.000000014901161194e-01 1.000000014901161194e-01 1.000000014901161194e-01 1.000000014901161194e-01 1.000000014901161194e-01 1.000000014901161194e-01 1.000000014901161194e-01 1.000000014901161194e-01 1.000000014901161194e-01 1.000000014901161194e-01
1.695157885551452637e-01 1.632957905530929565e-01 1.575104743242263794e-01 1.520853489637374878e-01 1.470577269792556763e-01 1.424003839492797852e-01 1.380760669708251953e-01 1.340473890304565430e-01 1.302892863750457764e-01 1.267751753330230713e-01 1.234711632132530212e-01 1.203717738389968872e-01 1.174464821815490723e-01 1.146539300680160522e-01 1.119711175560951233e-01 1.093633174896240234e-01 1.068657338619232178e-01 1.045243516564369202e-01 1.023857593536376953e-01 1.003740578889846802e-01 9.816012531518936157e-02 9.677336364984512329e-02 1.000000014901161194e-01 1.000000014901161194e-01 1.000000014901161194e-01 1.000000014901161194e-01 1.000000014901161194e-01 1.000000014901161194e-01 1.000000014901161194e-01 1.000000014901161194e-01 1.000000014901161194e-01 1.000000014901161194e-01 1.000000014901161194e-01 1.000000014901161194e-01 1.000000014901161194e-01 1.000000014901161194e-01 1.000000014901161194e-01
1.700571328401565552e-01 1.637560874223709106e-01 1.578790098428726196e-01 1.524077653884887695e-01 1.473377645015716553e-01 1.426610946655273438e-01 1.383324861526489258e-01 1.343179792165756226e-01 1.305837333202362061e-01 1.271266043186187744e-01 1.239024624228477478e-01 1.208513379096984863e-01 1.179505735635757446e-01 1.151891425251960754e-01 1.125702932476997375e-01 1.100000590085983276e-01 1.074963212013244629e-01 1.051151677966117859e-01 1.031249389052391052e-01 1.015391051769256592e-01 1.000000014901161194e-01 1.000000014901161194e-01 1.000000014901161194e-01 1.000000014901161194e-01 1.000000014901161194e-01 1.000000014901161194e-01 1.000000014901161194e-01 1.000000014901161194e-01 1.000000014901161194e-01 1.000000014901161194e-01 1.000000014901161194e-01 1.000000014901161194e-01 1.000000014901161194e-01 1.000000014901161194e-01 1.000000014901161194e-01 1.000000014901161194e-01 1.000000014901161194e-01
1.706340163946151733e-01 1.642738282680511475e-01 1.583265215158462524e-01 1.528030037879943848e-01 1.476965099573135376e-01 1.429847478866577148e-01 1.386358737945556641e-01 1.346627324819564819e-01 1.310202628374099731e-01 1.276237368583679199e-01 1.244373396039009094e-01 1.214190348982810974e-01 1.185671985149383545e-01 1.158674806356430054e-01 1.133339330554008484e-01 1.108180359005928040e-01 1.083836704492568970e-01 1.057900488376617432e-01 1.040064096450805664e-01 1.000000014901161194e-01 1.000000014901161194e-01 1.000000014901161194e-01 1.000000014901161194e-01 1.000000014901161194e-01 1.000000014901161194e-01 1.000000014901161194e-01 1.000000014901161194e-01 1.000000014901161194e-01 1.000000014901161194e-01 1.000000014901161194e-01 1.000000014901161194e-01 1.000000014901161194e-01 1.000000014901161194e-01 1.000000014901161194e-01 1.000000014901161194e-01 1.000000014901161194e-01 1.000000014901161194e-01
1.712637245655059814e-01 1.648347824811935425e-01 1.588171273469924927e-01 1.532303690910339355e-01 1.480755507946014404e-01 1.433511823415756226e-01 1.390319913625717163e-01 1.351064592599868774e-01 1.315312534570693970e-01 1.281909197568893433e-01 1.250459253787994385e-01 1.220801025629043579e-01 1.192995235323905945e-01 1.166293621063232422e-01 1.142811477184295654e-01 1.117324009537696838e-01 1.097879111766815186e-01 1.000000014901161194e-01 1.000000014901161194e-01 1.000000014901161194e-01 1.000000014901161194e-01 1.000000014901161194e-01 1.000000014901161194e-01 1.000000014901161194e-01 1.000000014901161194e-01 1.000000014901161194e-01 1.000000014901161194e-01 1.000000014901161194e-01 1.000000014901161194e-01 1.000000014901161194e-01 1.000000014901161194e-01 1.000000014901161194e-01 1.000000014901161194e-01 1.000000014901161194e-01 1.000000014901161194e-01 1.000000014901161194e-01 1.000000014901161194e-01
1.720227599143981934e-01 1.654577553272247314e-01 1.593147963285446167e-01 1.536281704902648926e-01 1.484203636646270752e-01 1.436992436647415161e-01 1.394391506910324097e-01 1.355987489223480225e-01 1.321015506982803345e-01 1.288378238677978516e-01 1.257623136043548584e-01 1.228263080120086670e-01 1.202119067311286926e-01 1.173720136284828186e-01 1.156216561794281006e-01 1.000000014901161194e-01 1.000000014901161194e-01 1.000000014901161194e-01 1.000000014901161194e-01 1.000000014901161194e-01 1.000000014901161194e-01 1.000000014901161194e-01 1.000000014901161194e-01 1.000000014901161194e-01 1.000000014901161194e-01 1.000000014901161194e-01 1.000000014901161194e-01 1.000000014901161194e-01 1.000000014901161194e-01 1.000000014901161194e-01 1.000000014901161194e-01 1.000000014901161194e-01 1.000000014901161194e-01 1.000000014901161194e-01 1.000000014901161194e-01 1.000000014901161194e-01 1.000000014901161194e-01
1.728066205978393555e-01 1.660826057195663452e-01 1.597664207220077515e-01 1.539531499147415161e-01 1.486880779266357422e-01 1.439938247203826904e-01 1.398312449455261230e-01 1.361413449048995972e-01 1.328050345182418823e-01 1.296058595180511475e-01 1.266378015279769897e-01 1.235739886760711670e-01 1.216634735465049744e-01 1.000000014901161194e-01 1.000000014901161194e-01 1.000000014901161194e-01 1.000000014901161194e-01 1.000000014901161194e-01 1.000000014901161194e-01 1.000000014901161194e-01 1.000000014901161194e-01 1.000000014901161194e-01 1.000000014901161194e-01 1.000000014901161194e-01 1.000000014901161194e-01 1.000000014901161194e-01 1.000000014901161194e-01 1.000000014901161194e-01 1.000000014901161194e-01 1.000000014901161194e-01 1.000000014901161194e-01 1.000000014901161194e-01 1.000000014901161194e-01 1.000000014901161194e-01 1.000000014901161194e-01 1.000000014901161194e-01 1.000000014901161194e-01
1.737701445817947388e-01 1.667534708976745605e-01 1.601531207561492920e-01 1.541462093591690063e-01 1.487770378589630127e-01 1.441422253847122192e-01 1.401487737894058228e-01 1.367188990116119385e-01 1.337123662233352661e-01 1.305087655782699585e-01 1.282533705234527588e-01 1.000000014901161194e-01 1.000000014901161194e-01 1.000000014901161194e-01 1.000000014901161194e-01 1.000000014901161194e-01 1.000000014901161194e-01 1.000000014901161194e-01 1.000000014901161194e-01 1.000000014901161194e-01 1.000000014901161194e-01 1.000000014901161194e-01 1.000000014901161194e-01 1.000000014901161194e-01 1.000000014901161194e-01 1.000000014901161194e-01 1.000000014901161194e-01 1.000000014901161194e-01 1.000000014901161194e-01 1.000000014901161194e-01 1.000000014901161194e-01 1.000000014901161194e-01 1.000000014901161194e-01 1.000000014901161194e-01 1.000000014901161194e-01 1.000000014901161194e-01 1.000000014901161194e-01
1.750608384609222412e-01 1.676386892795562744e-01 1.604884117841720581e-01 1.541781723499298096e-01 1.485498398542404175e-01 1.440896689891815186e-01 1.403215229511260986e-01 1.372844576835632324e-01 1.352166533470153809e-01 1.000000014901161194e-01 1.000000014901161194e-01 1.000000014901161194e-01 1.000000014901161194e-01 1.000000014901161194e-01 1.000000014901161194e-01 1.000000014901161194e-01 1.000000014901161194e-01 1.000000014901161194e-01 1.000000014901161194e-01 1.000000014901161194e-01 1.000000014901161194e-01 1.000000014901161194e-01 1.000000014901161194e-01 1.000000014901161194e-01 1.000000014901161194e-01 1.000000014901161194e-01 1.000000014901161194e-01 1.000000014901161194e-01 1.000000014901161194e-01 1.000000014901161194e-01 1.000000014901161194e-01 1.000000014901161194e-01 1.000000014901161194e-01 1.000000014901161194e-01 1.000000014901161194e-01 1.000000014901161194e-01 1.000000014901161194e-01
1.762413829565048218e-01 1.681654155254364014e-01 1.608724147081375122e-01 1.542668193578720093e-01 1.485428363084793091e-01 1.448269635438919067e-01 1.000000014901161194e-01 1.000000014901161194e-01 1.000000014901161194e-01 1.000000014901161194e-01 1.000000014901161194e-01 1.000000014901161194e-01 1.000000014901161194e-01 1.000000014901161194e-01 1.000000014901161194e-01 1.000000014901161194e-01 1.000000014901161194e-01 1.000000014901161194e-01 1.000000014901161194e-01 1.000000014901161194e-01 1.000000014901161194e-01 1.000000014901161194e-01 1.000000014901161194e-01 1.000000014901161194e-01 1.000000014901161194e-01 1.000000014901161194e-01 1.000000014901161194e-01 1.000000014901161194e-01 1.000000014901161194e-01 1.000000014901161194e-01 1.000000014901161194e-01 1.000000014901161194e-01 1.000000014901161194e-01 1.000000014901161194e-01 1.000000014901161194e-01 1.000000014901161194e-01 1.000000014901161194e-01
