ASPA-UH-Flopy_REPO/Models/Tutuila_SWI_GHB/Flo_py_wrkspace/Figures/GW_Head.asc
NCOLS 200
NROWS 100
XLLCENTER 515244
YLLCENTER 8410178
CELLSIZE 167.0
NODATA_value -999.0
[rows 17 to 33 of 100, columns 37 to 73 of 200]
1.000000014901161194e-01 1.000000014901161194e-01 1.000000014901161194e-01 1.000000014901161194e-01 1.000000014901161194e-01 1.000000014901161194e-01 1.000000014901161194e-01 1.000000014901161194e-01 1.000000014901161194e-01 1.000000014901161194e-01 1.000000014901161194e-01 1.000000014901161194e-01 1.000000014901161194e-01 1.000000014901161194e-01 1.000000014901161194e-01 1.000000014901161194e-01 1.000000014901161194e-01 1.000000014901161194e-01 1.000000014901161194e-01 1.000000014901161194e-01 1.000000014901161194e-01 1.000000014901161194e-01 1.000000014901161194e-01 8.837427943944931030e-02 8.834891766309738159e-02 8.831858634948730469e-02 8.824670314788818359e-02 8.826973289251327515e-02 8.833596855401992798e-02 8.843003213405609131e-02 8.857014775276184082e-02 8.874759078025817871e-02 8.895057439804077148e-02 8.916778117418289185e-02 8.939370512962341309e-02 8.962926268577575684e-02 8.986910432577133179e-02
1.000000014901161194e-01 1.000000014901161194e-01 1.000000014901161194e-01 1.000000014901161194e-01 1.000000014901161194e-01 1.000000014901161194e-01 1.000000014901161194e-01 1.000000014901161194e-01 1.000000014901161194e-01 1.000000014901161194e-01 1.000000014901161194e-01 1.000000014901161194e-01 1.000000014901161194e-01 1.000000014901161194e-01 1.000000014901161194e-01 1.000000014901161194e-01 1.000000014901161194e-01 1.000000014901161194e-01 1.000000014901161194e-01 1.000000014901161194e-01 8.897506445646286011e-02 8.890652656555175781e-02 8.880667388439178467e-02 8.864691853523254395e-02 8.860021829605102539e-02 8.860015869140625000e-02 8.862301707267761230e-02 8.869598060846328735e-02 8.881143480539321899e-02 8.896496146917343140e-02 8.915776014328002930e-02 8.938552439212799072e-02 8.964031934738159180e-02 8.991824835538864136e-02 9.021342545747756958e-02 9.052319079637527466e-02 9.084253013134002686e-02
1.000000014901161194e-01 1.000000014901161194e-01 1.000000014901161194e-01 1.000000014901161194e-01 1.000000014901161194e-01 1.000000014901161194e-01 1.000000014901161194e-01 1.000000014901161194e-01 1.000000014901161194e-01 1.000000014901161194e-01 1.000000014901161194e-01 1.000000014901161194e-01 1.000000014901161194e-01 1.000000014901161194e-01 1.000000014901161194e-01 1.000000014901161194e-01 1.000000014901161194e-01 1.000000014901161194e-01 8.965184539556503296e-02 8.952485024929046631e-02 8.929587900638580322e-02 8.918540924787521362e-02 8.910928666591644287e-02 8.904972672462463379e-02 8.904729038476943970e-02 8.909376710653305054e-02 8.917988091707229614e-02 8.930984884500503540e-02 8.947822451591491699e-02 8.968746662139892578e-02 8.993586897850036621e-02 9.021887183189392090e-02 9.053388983011245728e-02 9.087891131639480591e-02 9.124749898910522461e-02 9.163714945316314697e-02 9.204148501157760620e-02
1.000000014901161194e-01 1.000000014901161194e-01 1.000000014901161194e-01 1.000000014901161194e-01 1.000000014901161194e-01 1.000000014901161194e-01 1.000000014901161194e-01 1.000000014901161194e-01 1.000000014901161194e-01 1.000000014901161194e-01 1.000000014901161194e-01 1.000000014901161194e-01 1.000000014901161194e-01 1.000000014901161194e-01 1.000000014901161194e-01 9.052338451147079468e-02 9.043169766664505005e-02 9.027831256389617920e-02 9.001523256301879883e-02 8.986648917198181152e-02 8.973845839500427246e-02 8.966493606567382812e-02 8.963146805763244629e-02 8.963409811258316040e-02 8.968608826398849487e-02 8.978097885847091675e-02 8.992277085781097412e-02 9.010770916938781738e-02 9.033187478780746460e-02 9.060058742761611938e-02 9.090776741504669189e-02 9.125083684921264648e-02 9.163348376750946045e-02 9.204922616481781006e-02 9.249476343393325806e-02 9.296616911888122559e-02 9.346313774585723877e-02
1.000000014901161194e-01 1.000000014901161194e-01 1.000000014901161194e-01 1.000000014901161194e-01 1.000000014901161194e-01 1.000000014901161194e-01 1.000000014901161194e-01 1.000000014901161194e-01 1.000000014901161194e-01 1.000000014901161194e-01 1.000000014901161194e-01 1.000000014901161194e-01 1.000000014901161194e-01 9.118274599313735962e-02 9.107851237058639526e-02 9.086052328348159790e-02 9.074151515960693359e-02 9.063001722097396851e-02 9.050449728965759277e-02 9.041518718004226685e-02 9.035473316907882690e-02 9.033593535423278809e-02 9.035392850637435913e-02 9.041240066289901733e-02 9.051416069269180298e-02 9.066360443830490112e-02 9.085743874311447144e-02 9.109382331371307373e-02 9.137907624244689941e-02 9.170829504728317261e-02 9.207774698734283447e-02 9.248733520507812500e-02 9.293916076421737671e-02 9.342952072620391846e-02 9.395565092563629150e-02 9.451422095298767090e-02 9.511276334524154663e-02
1.000000014901161194e-01 1.000000014901161194e-01 1.000000014901161194e-01 1.000000014901161194e-01 1.000000014901161194e-01 1.000000014901161194e-01 1.000000014901161194e-01 1.000000014901161194e-01 1.000000014901161194e-01 1.000000014901161194e-01 1.000000014901161194e-01 9.178334474563598633e-02 9.171674400568008423e-02 9.153575450181961060e-02 9.143697470426559448e-02 9.134039282798767090e-02 9.127639234066009521e-02 9.122838824987411499e-02 9.119086712598800659e-02 9.116850048303604126e-02 9.116620570421218872e-02 9.119917452335357666e-02 9.126936644315719604e-02 9.138140082359313965e-02 9.153851121664047241e-02 9.173936396837234497e-02 9.198832511901855469e-02 9.228123724460601807e-02 9.262525290250778198e-02 9.301355481147766113e-02 9.345036745071411133e-02 9.393087029457092285e-02 9.445691108703613281e-02 9.502749890089035034e-02 9.563978016376495361e-02 9.629373252391815186e-02 9.699047356843948364e-02
1.000000014901161194e-01 1.000000014901161194e-01 1.000000014901161194e-01 1.000000014901161194e-01 1.000000014901161194e-01 1.000000014901161194e-01 1.000000014901161194e-01 1.000000014901161194e-01 1.000000014901161194e-01 9.215451031923294067e-02 9.217032045125961304e-02 9.209675341844558716e-02 9.207793325185775757e-02 9.204340726137161255e-02 9.202823787927627563e-02 9.202240407466888428e-02 9.202975034713745117e-02 9.204790741205215454e-02 9.208266437053680420e-02 9.211515635251998901e-02 9.217340499162673950e-02 9.225963056087493896e-02 9.238452464342117310e-02 9.255319088697433472e-02 9.276624768972396851e-02 9.301410615444183350e-02 9.331557899713516235e-02 9.366780519485473633e-02 9.407170116901397705e-02 9.452395886182785034e-02 9.502953290939331055e-02 9.558426588773727417e-02 9.618923068046569824e-02 9.684295207262039185e-02 9.754409641027450562e-02 9.829126298427581787e-02 9.908332675695419312e-02
1.000000014901161194e-01 1.000000014901161194e-01 1.000000014901161194e-01 1.000000014901161194e-01 1.000000014901161194e-01 1.000000014901161194e-01 1.000000014901161194e-01 9.214905649423599243e-02 9.228756278753280640e-02 9.238670021295547485e-02 9.250257909297943115e-02 9.259436279535293579e-02 9.268732368946075439e-02 9.276908636093139648e-02 9.284975379705429077e-02 9.292900562286376953e-02 9.300865978002548218e-02 9.308733046054840088e-02 9.316949546337127686e-02 9.326316416263580322e-02 9.338542819023132324e-02 9.353059530258178711e-02 9.371615946292877197e-02 9.394454956054687500e-02 9.420191496610641479e-02 9.450381994247436523e-02 9.485614299774169922e-02 9.526713937520980835e-02 9.572821855545043945e-02 9.624684602022171021e-02 9.681981801986694336e-02 9.744551032781600952e-02 9.812653064727783203e-02 9.886064380407333374e-02 9.964796155691146851e-02 1.004871502518653870e-01 1.013741344213485718e-01
1.000000014901161194e-01 1.000000014901161194e-01 1.000000014901161194e-01 1.000000014901161194e-01 1.000000014901161194e-01 9.163070470094680786e-02 9.192937612533569336e-02 9.226454794406890869e-02 9.256950020790100098e-02 9.284367412328720093e-02 9.309738874435424805e-02 9.332766383886337280e-02 9.353899955749511719e-02 9.373154491186141968e-02 9.391001611948013306e-02 9.407229721546173096e-02 9.422211349010467529e-02 9.436164796352386475e-02 9.449338912963867188e-02 9.465047717094421387e-02 9.483001381158828735e-02 9.503681957721710205e-02 9.528204053640365601e-02 9.555335342884063721e-02 9.585319459438323975e-02 9.621399641036987305e-02 9.662671387195587158e-02 9.709093719720840454e-02 9.760124236345291138e-02 9.818053990602493286e-02 9.881643205881118774e-02 9.951020032167434692e-02 1.002614870667457581e-01 1.010645255446434021e-01 1.019254326820373535e-01 1.028466746211051941e-01 1.038411185145378113e-01
1.000000014901161194e-01 1.000000014901161194e-01 1.000000014901161194e-01 9.042160958051681519e-02 9.094170480966567993e-02 9.159002453088760376e-02 9.213833510875701904e-02 9.264622628688812256e-02 9.311635792255401611e-02 9.355021268129348755e-02 9.394947439432144165e-02 9.431316703557968140e-02 9.464534372091293335e-02 9.494920074939727783e-02 9.522372484207153320e-02 9.546835720539093018e-02 9.568631649017333984e-02 9.589120745658874512e-02 9.608248621225357056e-02 9.628359973430633545e-02 9.651311486959457397e-02 9.677625447511672974e-02 9.706176817417144775e-02 9.737212210893630981e-02 9.773123264312744141e-02 9.814789146184921265e-02 9.862124919891357422e-02 9.912887960672378540e-02 9.969820827245712280e-02 1.003337353467941284e-01 1.010292321443557739e-01 1.017828360199928284e-01 1.025878041982650757e-01 1.034513786435127258e-01 1.043793410062789917e-01 1.053832694888114929e-01 1.064866408705711365e-01
1.000000014901161194e-01 8.822617679834365845e-02 8.907310664653778076e-02 9.016486257314682007e-02 9.105295687913894653e-02 9.187629073858261108e-02 9.261664003133773804e-02 9.329673647880554199e-02 9.393306821584701538e-02 9.452269971370697021e-02 9.506847709417343140e-02 9.557054191827774048e-02 9.602823853492736816e-02 9.644290804862976074e-02 9.681303799152374268e-02 9.714028239250183105e-02 9.743081778287887573e-02 9.769230335950851440e-02 9.793246537446975708e-02 9.818045794963836670e-02 9.844415634870529175e-02 9.873380511999130249e-02 9.904973953962326050e-02 9.941085427999496460e-02 9.982896596193313599e-02 1.003019213676452637e-01 1.008238792419433594e-01 1.013924479484558105e-01 1.020271331071853638e-01 1.027185544371604919e-01 1.034635975956916809e-01 1.042637452483177185e-01 1.051146537065505981e-01 1.060335114598274231e-01 1.070331558585166931e-01 1.081215292215347290e-01 1.093116998672485352e-01
8.570181578397750854e-02 8.765157312154769897e-02 8.906799554824829102e-02 9.033227711915969849e-02 9.144894033670425415e-02 9.245941042900085449e-02 9.337535500526428223e-02 9.423065185546875000e-02 9.503531455993652344e-02 9.578396379947662354e-02 9.647741168737411499e-02 9.712225943803787231e-02 9.770850092172622681e-02 9.823638200759887695e-02 9.870075434446334839e-02 9.910750389099121094e-02 9.946374595165252686e-02 9.977234154939651489e-02 1.000589802861213684e-01 1.003423258662223816e-01 1.006259396672248840e-01 1.009320542216300964e-01 1.012791246175765991e-01 1.016802266240119934e-01 1.021434143185615540e-01 1.026802137494087219e-01 1.032569408416748047e-01 1.038894429802894592e-01 1.045811623334884644e-01 1.053335443139076233e-01 1.061192601919174194e-01 1.069562807679176331e-01 1.078486293554306030e-01 1.088195964694023132e-01 1.098850965499877930e-01 1.110457181930541992e-01 1.123141348361968994e-01
8.596235513687133789e-02 8.781683444976806641e-02 8.942627906799316406e-02 9.086627513170242310e-02 9.216645359992980957e-02 9.335135668516159058e-02 9.444598853588104248e-02 9.547536075115203857e-02 9.644474089145660400e-02 9.735219925642013550e-02 9.819960594177246094e-02 9.898760169744491577e-02 9.970634430646896362e-02 1.003427952527999878e-01 1.008976772427558899e-01 1.013783589005470276e-01 1.017900705337524414e-01 1.021423786878585815e-01 1.024614796042442322e-01 1.027600020170211792e-01 1.030599325895309448e-01 1.033836752176284790e-01 1.037545502185821533e-01 1.041841432452201843e-01 1.046913787722587585e-01 1.052787005901336670e-01 1.059221178293228149e-01 1.066117137670516968e-01 1.073569953441619873e-01 1.081578433513641357e-01 1.089881286025047302e-01 1.098596006631851196e-01 1.107970401644706726e-01 1.118172556161880493e-01 1.129381507635116577e-01 1.141542196273803711e-01 1.154857277870178223e-01
8.655280619859695435e-02 8.844181895256042480e-02 9.017759561538696289e-02 9.176846593618392944e-02 9.323327243328094482e-02 9.458692371845245361e-02 9.584686160087585449e-02 9.703709185123443604e-02 9.816568344831466675e-02 9.923475235700607300e-02 1.002458781003952026e-01 1.011876165866851807e-01 1.020400524139404297e-01 1.027917340397834778e-01 1.034383475780487061e-01 1.039848327636718750e-01 1.044395416975021362e-01 1.048205122351646423e-01 1.051507666707038879e-01 1.054552495479583740e-01 1.057577356696128845e-01 1.060783565044403076e-01 1.064580008387565613e-01 1.069138869643211365e-01 1.074592024087905884e-01 1.080894544720649719e-01 1.087877973914146423e-01 1.095376163721084595e-01 1.103364750742912292e-01 1.111728698015213013e-01 1.120586022734642029e-01 1.129774898290634155e-01 1.139649823307991028e-01 1.150326207280158997e-01 1.161925420165061951e-01 1.174445748329162598e-01 1.188127547502517700e-01
8.747195452451705933e-02 8.944148570299148560e-02 9.129699319601058960e-02 9.303175657987594604e-02 9.464943408966064453e-02 9.615719318389892578e-02 9.757105261087417603e-02 9.891717880964279175e-02 1.002064570784568787e-01 1.014497727155685425e-01 1.026406586170196533e-01 1.037515774369239807e-01 1.047587469220161438e-01 1.056380644440650940e-01 1.063723415136337280e-01 1.069678515195846558e-01 1.074419394135475159e-01 1.078243479132652283e-01 1.081438958644866943e-01 1.084318011999130249e-01 1.087155342102050781e-01 1.090245395898818970e-01 1.093983426690101624e-01 1.098642498254776001e-01 1.104384213685989380e-01 1.111173182725906372e-01 1.118587553501129150e-01 1.126700863242149353e-01 1.135351508855819702e-01 1.144172623753547668e-01 1.153585091233253479e-01 1.163371652364730835e-01 1.173713728785514832e-01 1.184744834899902344e-01 1.196533218026161194e-01 1.209221631288528442e-01 1.223033517599105835e-01
8.870115131139755249e-02 9.077984094619750977e-02 9.276907145977020264e-02 9.465194493532180786e-02 9.641810506582260132e-02 9.806969761848449707e-02 9.962648153305053711e-02 1.011208668351173401e-01 1.025757491588592529e-01 1.040025800466537476e-01 1.053912714123725891e-01 1.067066118121147156e-01 1.078997403383255005e-01 1.089195460081100464e-01 1.097359508275985718e-01 1.103723496198654175e-01 1.108478903770446777e-01 1.112053915858268738e-01 1.114845648407936096e-01 1.117260307073593140e-01 1.119590476155281067e-01 1.122312396764755249e-01 1.125739887356758118e-01 1.130189001560211182e-01 1.136097460985183716e-01 1.143179237842559814e-01 1.151239722967147827e-01 1.160143539309501648e-01 1.169594228267669678e-01 1.179309338331222534e-01 1.189213171601295471e-01 1.199386566877365112e-01 1.210029199719429016e-01 1.221362724900245667e-01 1.233282759785652161e-01 1.245997697114944458e-01 1.259763240814208984e-01
9.021934866905212402e-02 9.243978559970855713e-02 9.459310770034790039e-02 9.664036333560943604e-02 9.855268150568008423e-02 1.003329381346702576e-01 1.020133569836616516e-01 1.036392301321029663e-01 1.052481681108474731e-01 1.068623214960098267e-01 1.084824278950691223e-01 1.100627556443214417e-01 1.114933267235755920e-01 1.126772239804267883e-01 1.135881170630455017e-01 1.142503619194030762e-01 1.147030517458915710e-01 1.149980574846267700e-01 1.151853948831558228e-01 1.153208017349243164e-01 1.154447123408317566e-01 1.156170666217803955e-01 1.158875524997711182e-01 1.163037195801734924e-01 1.169008240103721619e-01 1.176681816577911377e-01 1.185942739248275757e-01 1.196050643920898438e-01 1.206471845507621765e-01 1.217003017663955688e-01 1.227317377924919128e-01 1.237802729010581970e-01 1.248708069324493408e-01 1.260169148445129395e-01 1.272174566984176636e-01 1.284959912300109863e-01 1.298602372407913208e-01
