ASPA-UH-SWB2_REPO/input/Evaporation/v_evp2pcp.asc
ncols         350
nrows         200
xllcorner     515000
yllcorner     8409000
cellsize      100
NODATA_value  -9999
[rows 58 to 86 of 200, columns 130 to 194 of 350]
-9999 -9999 -9999 -9999 -9999 -9999 -9999 -9999 -9999 -9999 -9999 -9999 -9999 -9999 -9999 -9999 -9999 -9999 -9999 -9999 -9999 -9999 -9999 -9999 0.06133433 0.06133433 0.0501689 0.0501689 0.04433546 0.04433546 0.04361323 0.04361323 0.04310061 0.04310061 0.03805387 0.03805387 0.04076928 0.04076928 0.06185706 0.06185706 0.07568365 0.07568365 0.07707523 0.07707523 0.07274905 0.07274905 0.06937996 0.06937996 0.06517244 0.06517244 0.06684048 0.06684048 0.0693086 0.0693086 0.07170002 0.07170002 0.07636032 0.07636032 0.0829993 0.0829993 0.07217586 0.07217586 0.05667481 0.05667481 0.0503042
-9999 -9999 -9999 -9999 -9999 -9999 -9999 -9999 -9999 -9999 -9999 -9999 -9999 -9999 -9999 -9999 -9999 -9999 -9999 -9999 -9999 -9999 -9999 -9999 0.06133433 0.06133433 0.0501689 0.0501689 0.04433546 0.04433546 0.04361323 0.04361323 0.04310061 0.04310061 0.03805387 0.03805387 0.04076928 0.04076928 0.06185706 0.06185706 0.07568365 0.07568365 0.07707523 0.07707523 0.07274905 0.07274905 0.06937996 0.06937996 0.06517244 0.06517244 0.06684048 0.06684048 0.0693086 0.0693086 0.07170002 0.07170002 0.07636032 0.07636032 0.0829993 0.0829993 0.07217586 0.07217586 0.05667481 0.05667481 0.0503042
-9999 -9999 -9999 -9999 -9999 -9999 -9999 -9999 -9999 -9999 -9999 -9999 -9999 -9999 -9999 -9999 -9999 -9999 -9999 -9999 -9999 -9999 -9999 -9999 0.05076649 0.05076649 0.04312599 0.04312599 0.03744668 0.03744668 0.04406303 0.04406303 0.05224656 0.05224656 0.06725878 0.06725878 0.0837969 0.0837969 0.09012452 0.09012452 0.0800127 0.0800127 0.07268228 0.07268228 0.06792461 0.06792461 0.06418172 0.06418172 0.06668383 0.06668383 0.06856979 0.06856979 0.07018434 0.07018434 0.07147612 0.07147612 0.06750978 0.06750978 0.05307779 0.05307779 0.0325691 0.0325691 0.02211932 0.02211932 0.01974334
-9999 -9999 -9999 -9999 -9999 -9999 -9999 -9999 -9999 -9999 -9999 -9999 -9999 -9999 -9999 -9999 -9999 -9999 -9999 -9999 -9999 -9999 -9999 -9999 0.05076649 0.05076649 0.04312599 0.04312599 0.03744668 0.03744668 0.04406303 0.04406303 0.05224656 0.05224656 0.06725878 0.06725878 0.0837969 0.0837969 0.09012452 0.09012452 0.0800127 0.0800127 0.07268228 0.07268228 0.06792461 0.06792461 0.06418172 0.06418172 0.06668383 0.06668383 0.06856979 0.06856979 0.07018434 0.07018434 0.07147612 0.07147612 0.06750978 0.06750978 0.05307779 0.05307779 0.0325691 0.0325691 0.02211932 0.02211932 0.01974334
-9999 -9999 -9999 -9999 -9999 -9999 -9999 -9999 -9999 -9999 -9999 -9999 -9999 -9999 -9999 -9999 -9999 -9999 -9999 -9999 -9999 -9999 0.05002339 0.05002339 0.0431815 0.0431815 0.0402155 0.0402155 0.04478443 0.04478443 0.05614474 0.05614474 0.07862756 0.07862756 0.09590419 0.09590419 0.07978579 0.07978579 0.05643587 0.05643587 0.04848737 0.04848737 0.04730005 0.04730005 0.04400608 0.04400608 0.04328172 0.04328172 0.04632303 0.04632303 0.05046349 0.05046349 0.05052542 0.05052542 0.0480497 0.0480497 0.04291639 0.04291639 0.02986332 0.02986332 0.01986576 0.01986576 0.01634646 0.01634646 0.01567379
-9999 -9999 -9999 -9999 -9999 -9999 -9999 -9999 -9999 -9999 -9999 -9999 -9999 -9999 -9999 -9999 -9999 -9999 -9999 -9999 -9999 -9999 0.05002339 0.05002339 0.0431815 0.0431815 0.0402155 0.0402155 0.04478443 0.04478443 0.05614474 0.05614474 0.07862756 0.07862756 0.09590419 0.09590419 0.07978579 0.07978579 0.05643587 0.05643587 0.04848737 0.04848737 0.04730005 0.04730005 0.04400608 0.04400608 0.04328172 0.04328172 0.04632303 0.04632303 0.05046349 0.05046349 0.05052542 0.05052542 0.0480497 0.0480497 0.04291639 0.04291639 0.02986332 0.02986332 0.01986576 0.01986576 0.01634646 0.01634646 0.01567379
-9999 -9999 -9999 -9999 -9999 -9999 -9999 -9999 -9999 -9999 -9999 -9999 -9999 -9999 -9999 -9999 -9999 -9999 -9999 -9999 0.05371151 0.05371151 0.04173809 0.04173809 0.03567541 0.03567541 0.04398777 0.04398777 0.05446799 0.05446799 0.07440804 0.07440804 0.09481021 0.09481021 0.07321166 0.07321166 0.04045221 0.04045221 0.03178728 0.03178728 0.03210804 0.03210804 0.03243794 0.03243794 0.03134266 0.03134266 0.0328409 0.0328409 0.03714333 0.03714333 0.03971882 0.03971882 0.03918806 0.03918806 0.03574381 0.03574381 0.032677 0.032677 0.02767286 0.02767286 0.02253973 0.02253973 0.02113412 0.02113412 0.02532103
-9999 -9999 -9999 -9999 -9999 -9999 -9999 -9999 -9999 -9999 -9999 -9999 -9999 -9999 -9999 -9999 -9999 -9999 -9999 -9999 0.05371151 0.05371151 0.04173809 0.04173809 0.03567541 0.03567541 0.04398777 0.04398777 0.05446799 0.05446799 0.07440804 0.07440804 0.09481021 0.09481021 0.07321166 0.07321166 0.04045221 0.04045221 0.03178728 0.03178728 0.03210804 0.03210804 0.03243794 0.03243794 0.03134266 0.03134266 0.0328409 0.0328409 0.03714333 0.03714333 0.03971882 0.03971882 0.03918806 0.03918806 0.03574381 0.03574381 0.032677 0.032677 0.02767286 0.02767286 0.02253973 0.02253973 0.02113412 0.02113412 0.02532103
-9999 -9999 -9999 -9999 -9999 -9999 -9999 -9999 -9999 -9999 -9999 -9999 -9999 -9999 -9999 -9999 0.06112912 0.06112912 0.05046452 0.05046452 0.04172255 0.04172255 0.03719316 0.03719316 0.03568758 0.03568758 0.04347289 0.04347289 0.05846078 0.05846078 0.08512042 0.08512042 0.08470819 0.08470819 0.04638653 0.04638653 0.02546456 0.02546456 0.02406938 0.02406938 0.0268759 0.0268759 0.02878857 0.02878857 0.03025926 0.03025926 0.03252104 0.03252104 0.03447147 0.03447147 0.03499296 0.03499296 0.0337192 0.0337192 0.03167097 0.03167097 0.02971912 0.02971912 0.02945881 0.02945881 0.03311647 0.03311647 0.03187939 0.03187939 0.03395738
-9999 -9999 -9999 -9999 -9999 -9999 -9999 -9999 -9999 -9999 -9999 -9999 -9999 -9999 -9999 -9999 0.06112912 0.06112912 0.05046452 0.05046452 0.04172255 0.04172255 0.03719316 0.03719316 0.03568758 0.03568758 0.04347289 0.04347289 0.05846078 0.05846078 0.08512042 0.08512042 0.08470819 0.08470819 0.04638653 0.04638653 0.02546456 0.02546456 0.02406938 0.02406938 0.0268759 0.0268759 0.02878857 0.02878857 0.03025926 0.03025926 0.03252104 0.03252104 0.03447147 0.03447147 0.03499296 0.03499296 0.0337192 0.0337192 0.03167097 0.03167097 0.02971912 0.02971912 0.02945881 0.02945881 0.03311647 0.03311647 0.03187939 0.03187939 0.03395738
-9999 -9999 -9999 -9999 -9999 -9999 -9999 -9999 -9999 -9999 -9999 -9999 -9999 -9999 0.06221235 0.06221235 0.05079013 0.05079013 0.04252788 0.04252788 0.0367211 0.0367211 0.03671092 0.03671092 0.03861728 0.03861728 0.04548436 0.04548436 0.06384292 0.06384292 0.08927105 0.08927105 0.07093488 0.07093488 0.0307142 0.0307142 0.01740487 0.01740487 0.01949397 0.01949397 0.02468211 0.02468211 0.02879357 0.02879357 0.03469491 0.03469491 0.0367413 0.0367413 0.03902487 0.03902487 0.03960142 0.03960142 0.03823238 0.03823238 0.03312193 0.03312193 0.03640253 0.03640253 0.03394971 0.03394971 0.03611601 0.03611601 0.04020523 0.04020523 0.04455283
-9999 -9999 -9999 -9999 -9999 -9999 -9999 -9999 -9999 -9999 -9999 -9999 -9999 -9999 0.06221235 0.06221235 0.05079013 0.05079013 0.04252788 0.04252788 0.0367211 0.0367211 0.03671092 0.03671092 0.03861728 0.03861728 0.04548436 0.04548436 0.06384292 0.06384292 0.08927105 0.08927105 0.07093488 0.07093488 0.0307142 0.0307142 0.01740487 0.01740487 0.01949397 0.01949397 0.02468211 0.02468211 0.02879357 0.02879357 0.03469491 0.03469491 0.0367413 0.0367413 0.03902487 0.03902487 0.03960142 0.03960142 0.03823238 0.03823238 0.03312193 0.03312193 0.03640253 0.03640253 0.03394971 0.03394971 0.03611601 0.03611601 0.04020523 0.04020523 0.04455283
-9999 -9999 -9999 -9999 -9999 -9999 -9999 -9999 -9999 -9999 -9999 -9999 -9999 -9999 0.05642919 0.05642919 0.04363173 0.04363173 0.03577663 0.03577663 0.03827102 0.03827102 0.04245863 0.04245863 0.0421526 0.0421526 0.05272052 0.05272052 0.07708713 0.07708713 0.08796568 0.08796568 0.05206385 0.05206385 0.02093972 0.02093972 0.01340941 0.01340941 0.01743655 0.01743655 0.0257655 0.0257655 0.03108152 0.03108152 0.03133394 0.03133394 0.03367033 0.03367033 0.04243693 0.04243693 0.04274555 0.04274555 0.03995212 0.03995212 0.038543 0.038543 0.03873192 0.03873192 0.04140242 0.04140242 0.04514274 0.04514274 0.04609954 0.04609954 0.0472098
-9999 -9999 -9999 -9999 -9999 -9999 -9999 -9999 -9999 -9999 -9999 -9999 -9999 -9999 0.05642919 0.05642919 0.04363173 0.04363173 0.03577663 0.03577663 0.03827102 0.03827102 0.04245863 0.04245863 0.0421526 0.0421526 0.05272052 0.05272052 0.07708713 0.07708713 0.08796568 0.08796568 0.05206385 0.05206385 0.02093972 0.02093972 0.01340941 0.01340941 0.01743655 0.01743655 0.0257655 0.0257655 0.03108152 0.03108152 0.03133394 0.03133394 0.03367033 0.03367033 0.04243693 0.04243693 0.04274555 0.04274555 0.03995212 0.03995212 0.038543 0.038543 0.03873192 0.03873192 0.04140242 0.04140242 0.04514274 0.04514274 0.04609954 0.04609954 0.0472098
-9999 -9999 -9999 -9999 -9999 -9999 -9999 -9999 -9999 -9999 0.07794344 0.07794344 0.06704441 0.06704441 0.05187121 0.05187121 0.04026911 0.04026911 0.03688247 0.03688247 0.04081274 0.04081274 0.04633969 0.04633969 0.05312608 0.05312608 0.07251913 0.07251913 0.08850414 0.08850414 0.0648808 0.0648808 0.03135932 0.03135932 0.01609188 0.01609188 0.0120124 0.0120124 0.01797948 0.01797948 0.03128619 0.03128619 0.03608174 0.03608174 0.03207613 0.03207613 0.03953603 0.03953603 0.04703899 0.04703899 0.04212854 0.04212854 0.03431635 0.03431635 0.03559942 0.03559942 0.03394986 0.03394986 0.03967843 0.03967843 0.0442442 0.0442442 0.04462611 0.04462611 0.04893335
-9999 -9999 -9999 -9999 -9999 -9999 -9999 -9999 -9999 -9999 0.07794344 0.07794344 0.06704441 0.06704441 0.05187121 0.05187121 0.04026911 0.04026911 0.03688247 0.03688247 0.04081274 0.04081274 0.04633969 0.04633969 0.05312608 0.05312608 0.07251913 0.07251913 0.08850414 0.08850414 0.0648808 0.0648808 0.03135932 0.03135932 0.01609188 0.01609188 0.0120124 0.0120124 0.01797948 0.01797948 0.03128619 0.03128619 0.03608174 0.03608174 0.03207613 0.03207613 0.03953603 0.03953603 0.04703899 0.04703899 0.04212854 0.04212854 0.03431635 0.03431635 0.03559942 0.03559942 0.03394986 0.03394986 0.03967843 0.03967843 0.0442442 0.0442442 0.04462611 0.04462611 0.04893335
-9999 -9999 -9999 -9999 -9999 -9999 -9999 -9999 0.07235115 0.07235115 0.06997272 0.06997272 0.06416397 0.06416397 0.04917473 0.04917473 0.03770096 0.03770096 0.03563707 0.03563707 0.04674904 0.04674904 0.05410562 0.05410562 0.06819551 0.06819551 0.08121548 0.08121548 0.06583371 0.06583371 0.03376471 0.03376471 0.01874946 0.01874946 0.01302031 0.01302031 0.01200742 0.01200742 0.02013577 0.02013577 0.03135835 0.03135835 0.0359629 0.0359629 0.04011901 0.04011901 0.05198256 0.05198256 0.05264492 0.05264492 0.03589302 0.03589302 0.02574899 0.02574899 0.02664448 0.02664448 0.03554297 0.03554297 0.0475627 0.0475627 0.0474103 0.0474103 0.04457167 0.04457167 0.05027704
-9999 -9999 -9999 -9999 -9999 -9999 -9999 -9999 0.07235115 0.07235115 0.06997272 0.06997272 0.06416397 0.06416397 0.04917473 0.04917473 0.03770096 0.03770096 0.03563707 0.03563707 0.04674904 0.04674904 0.05410562 0.05410562 0.06819551 0.06819551 0.08121548 0.08121548 0.06583371 0.06583371 0.03376471 0.03376471 0.01874946 0.01874946 0.01302031 0.01302031 0.01200742 0.01200742 0.02013577 0.02013577 0.03135835 0.03135835 0.0359629 0.0359629 0.04011901 0.04011901 0.05198256 0.05198256 0.05264492 0.05264492 0.03589302 0.03589302 0.02574899 0.02574899 0.02664448 0.02664448 0.03554297 0.03554297 0.0475627 0.0475627 0.0474103 0.0474103 0.04457167 0.04457167 0.05027704
-9999 -9999 -9999 -9999 0.06972732 0.06972732 0.06562971 0.06562971 0.06318042 0.06318042 0.06124557 0.06124557 0.05797845 0.05797845 0.04759043 0.04759043 0.03862536 0.03862536 0.04037262 0.04037262 0.05207375 0.05207375 0.0617947 0.0617947 0.06928524 0.06928524 0.06521987 0.06521987 0.048177 0.048177 0.02722031 0.02722031 0.01565682 0.01565682 0.01331503 0.01331503 0.01474652 0.01474652 0.01927239 0.01927239 0.02441275 0.02441275 0.03267162 0.03267162 0.0503931 0.0503931 0.05757217 0.05757217 0.04007494 0.04007494 0.02496814 0.02496814 0.02220087 0.02220087 0.0282979 0.0282979 0.04569077 0.04569077 0.05183674 0.05183674 0.04262749 0.04262749 0.04221663 0.04221663 0.05157365
-9999 -9999 -9999 -9999 0.06972732 0.06972732 0.06562971 0.06562971 0.06318042 0.06318042 0.06124557 0.06124557 0.05797845 0.05797845 0.04759043 0.04759043 0.03862536 0.03862536 0.04037262 0.04037262 0.05207375 0.05207375 0.0617947 0.0617947 0.06928524 0.06928524 0.06521987 0.06521987 0.048177 0.048177 0.02722031 0.02722031 0.01565682 0.01565682 0.01331503 0.01331503 0.01474652 0.01474652 0.01927239 0.01927239 0.02441275 0.02441275 0.03267162 0.03267162 0.0503931 0.0503931 0.05757217 0.05757217 0.04007494 0.04007494 0.02496814 0.02496814 0.02220087 0.02220087 0.0282979 0.0282979 0.04569077 0.04569077 0.05183674 0.05183674 0.04262749 0.04262749 0.04221663 0.04221663 0.05157365
-9999 -9999 0.06193776 0.06193776 0.05835412 0.05835412 0.05433065 0.05433065 0.05394402 0.05394402 0.05499879 0.05499879 0.05339482 0.05339482 0.04828393 0.04828393 0.04306161 0.04306161 0.04379527 0.04379527 0.04576387 0.04576387 0.04804553 0.04804553 0.05066996 0.05066996 0.050916 0.050916 0.04753217 0.04753217 0.02809763 0.02809763 0.01540019 0.01540019 0.01617863 0.01617863 0.02009476 0.02009476 0.02373734 0.02373734 0.02593625 0.02593625 0.03400173 0.03400173 0.05374599 0.05374599 0.05588892 0.05588892 0.04087996 0.04087996 0.03551171 0.03551171 0.03155833 0.03155833 0.04066282 0.04066282 0.05488794 0.05488794 0.04458559 0.04458559 0.03754155 0.03754155 0.04352149 0.04352149 0.05283315
-9999 -9999 0.06193776 0.06193776 0.05835412 0.05835412 0.05433065 0.05433065 0.05394402 0.05394402 0.05499879 0.05499879 0.05339482 0.05339482 0.04828393 0.04828393 0.04306161 0.04306161 0.04379527 0.04379527 0.04576387 0.04576387 0.04804553 0.04804553 0.05066996 0.05066996 0.050916 0.050916 0.04753217 0.04753217 0.02809763 0.02809763 0.01540019 0.01540019 0.01617863 0.01617863 0.02009476 0.02009476 0.02373734 0.02373734 0.02593625 0.02593625 0.03400173 0.03400173 0.05374599 0.05374599 0.05588892 0.05588892 0.04087996 0.04087996 0.03551171 0.03551171 0.03155833 0.03155833 0.04066282 0.04066282 0.05488794 0.05488794 0.04458559 0.04458559 0.03754155 0.03754155 0.04352149 0.04352149 0.05283315
0.05581822 0.05581822 0.04922848 0.04922848 0.04374157 0.04374157 0.04563151 0.04563151 0.05068964 0.05068964 0.05452931 0.05452931 0.05286774 0.05286774 0.0453168 0.0453168 0.04359347 0.04359347 0.03719871 0.03719871 0.02855681 0.02855681 0.03000155 0.03000155 0.03292868 0.03292868 0.04085779 0.04085779 0.0471703 0.0471703 0.03296731 0.03296731 0.018005 0.018005 0.01791793 0.01791793 0.02509964 0.02509964 0.0294459 0.0294459 0.02918492 0.02918492 0.03722124 0.03722124 0.05748975 0.05748975 0.06037776 0.06037776 0.05168533 0.05168533 0.0487806 0.0487806 0.04897241 0.04897241 0.05507726 0.05507726 0.05233407 0.05233407 0.0424287 0.0424287 0.04538617 0.04538617 0.04893214 0.04893214 0.04678927
0.05581822 0.05581822 0.04922848 0.04922848 0.04374157 0.04374157 0.04563151 0.04563151 0.05068964 0.05068964 0.05452931 0.05452931 0.05286774 0.05286774 0.0453168 0.0453168 0.04359347 0.04359347 0.03719871 0.03719871 0.02855681 0.02855681 0.03000155 0.03000155 0.03292868 0.03292868 0.04085779 0.04085779 0.0471703 0.0471703 0.03296731 0.03296731 0.018005 0.018005 0.01791793 0.01791793 0.02509964 0.02509964 0.0294459 0.0294459 0.02918492 0.02918492 0.03722124 0.03722124 0.05748975 0.05748975 0.06037776 0.06037776 0.05168533 0.05168533 0.0487806 0.0487806 0.04897241 0.04897241 0.05507726 0.05507726 0.05233407 0.05233407 0.0424287 0.0424287 0.04538617 0.04538617 0.04893214 0.04893214 0.04678927
0.04308616 0.04308616 0.03896927 0.03896927 0.03395871 0.03395871 0.041834 0.041834 0.05940554 0.05940554 0.06534995 0.06534995 0.05329075 0.05329075 0.03798708 0.03798708 0.03234681 0.03234681 0.02624143 0.02624143 0.02057416 0.02057416 0.01880907 0.01880907 0.01880007 0.01880007 0.02986695 0.02986695 0.04568976 0.04568976 0.04007535 0.04007535 0.02507647 0.02507647 0.02004459 0.02004459 0.02447147 0.02447147 0.03578123 0.03578123 0.04447849 0.04447849 0.05867091 0.05867091 0.06732463 0.06732463 0.05437203 0.05437203 0.04772758 0.04772758 0.04909966 0.04909966 0.05236476 0.05236476 0.05211789 0.05211789 0.049596 0.049596 0.0511369 0.0511369 0.05414864 0.05414864 0.04973103 0.04973103 0.05087529
0.04308616 0.04308616 0.03896927 0.03896927 0.03395871 0.03395871 0.041834 0.041834 0.05940554 0.05940554 0.06534995 0.06534995 0.05329075 0.05329075 0.03798708 0.03798708 0.03234681 0.03234681 0.02624143 0.02624143 0.02057416 0.02057416 0.01880907 0.01880907 0.01880007 0.01880007 0.02986695 0.02986695 0.04568976 0.04568976 0.04007535 0.04007535 0.02507647 0.02507647 0.02004459 0.02004459 0.02447147 0.02447147 0.03578123 0.03578123 0.04447849 0.04447849 0.05867091 0.05867091 0.06732463 0.06732463 0.05437203 0.05437203 0.04772758 0.04772758 0.04909966 0.04909966 0.05236476 0.05236476 0.05211789 0.05211789 0.049596 0.049596 0.0511369 0.0511369 0.05414864 0.05414864 0.04973103 0.04973103 0.05087529
0.03261308 0.03261308 0.03406994 0.03406994 0.03872305 0.03872305 0.05269561 0.05269561 0.07282963 0.07282963 0.06578841 0.06578841 0.04388504 0.04388504 0.02685551 0.02685551 0.0184408 0.0184408 0.01861813 0.01861813 0.01724018 0.01724018 0.01670169 0.01670169 0.01463483 0.01463483 0.02247104 0.02247104 0.04151984 0.04151984 0.04753351 0.04753351 0.03725239 0.03725239 0.02718065 0.02718065 0.0255489 0.0255489 0.04522818 0.04522818 0.06237536 0.06237536 0.06059589 0.06059589 0.04533746 0.04533746 0.03773049 0.03773049 0.03831495 0.03831495 0.03854826 0.03854826 0.03710223 0.03710223 0.03661401 0.03661401 0.03793957 0.03793957 0.04377054 0.04377054 0.04815621 0.04815621 0.05299611 0.05299611 0.05655063
0.03261308 0.03261308 0.03406994 0.03406994 0.03872305 0.03872305 0.05269561 0.05269561 0.07282963 0.07282963 0.06578841 0.06578841 0.04388504 0.04388504 0.02685551 0.02685551 0.0184408 0.0184408 0.01861813 0.01861813 0.01724018 0.01724018 0.01670169 0.01670169 0.01463483 0.01463483 0.02247104 0.02247104 0.04151984 0.04151984 0.04753351 0.04753351 0.03725239 0.03725239 0.02718065 0.02718065 0.0255489 0.0255489 0.04522818 0.04522818 0.06237536 0.06237536 0.06059589 0.06059589 0.04533746 0.04533746 0.03773049 0.03773049 0.03831495 0.03831495 0.03854826 0.03854826 0.03710223 0.03710223 0.03661401 0.03661401 0.03793957 0.03793957 0.04377054 0.04377054 0.04815621 0.04815621 0.05299611 0.05299611 0.05655063
0.02893712 0.02893712 0.03711765 0.03711765 0.04951265 0.04951265 0.07072233 0.07072233 0.07290632 0.07290632 0.0443499 0.0443499 0.02656545 0.02656545 0.01677781 0.01677781 0.0123191 0.0123191 0.01247262 0.01247262 0.01669766 0.01669766 0.02046053 0.02046053 0.01831622 0.01831622 0.0200158 0.0200158 0.03459491 0.03459491 0.05225611 0.05225611 0.05165232 0.05165232 0.03795408 0.03795408 0.03971024 0.03971024 0.05687287 0.05687287 0.05352312 0.05352312 0.03969034 0.03969034 0.04112954 0.04112954 0.04744803 0.04744803 0.04063566 0.04063566 0.03363351 0.03363351 0.02855988 0.02855988 0.02676615 0.02676615 0.02810059 0.02810059 0.03342251 0.03342251 0.04035301 0.04035301 0.04639085 0.04639085 0.04878554
