ASPA-UH-SWB2_REPO/input/Evaporation/v_evp2pcp.asc
ncols         350
nrows         200
xllcorner     515000
yllcorner     8409000
cellsize      100
NODATA_value  -9999
[rows 116 to 144 of 200, columns 130 to 194 of 350]
0.02127422 0.02127422 0.02319513 0.02319513 0.03006264 0.03006264 0.04502036 0.04502036 0.06625153 0.06625153 0.07057334 0.07057334 0.05412557 0.05412557 0.03770292 0.03770292 0.03765424 0.03765424 0.0438325 0.0438325 0.04710678 0.04710678 0.04864527 0.04864527 0.05055039 0.05055039 0.05267318 0.05267318 0.05524573 0.05524573 0.0581983 0.0581983 0.06599917 0.06599917 0.07440069 0.07440069 0.07757006 0.07757006 0.07437596 0.07437596 0.07216897 0.07216897 0.07576255 0.07576255 0.08450003 0.08450003 0.09389383 0.09389383 0.1033211 0.1033211 -9999 -9999 -9999 -9999 -9999 -9999 -9999 -9999 -9999 -9999 -9999 -9999 -9999 -9999 -9999
0.02127422 0.02127422 0.02319513 0.02319513 0.03006264 0.03006264 0.04502036 0.04502036 0.06625153 0.06625153 0.07057334 0.07057334 0.05412557 0.05412557 0.03770292 0.03770292 0.03765424 0.03765424 0.0438325 0.0438325 0.04710678 0.04710678 0.04864527 0.04864527 0.05055039 0.05055039 0.05267318 0.05267318 0.05524573 0.05524573 0.0581983 0.0581983 0.06599917 0.06599917 0.07440069 0.07440069 0.07757006 0.07757006 0.07437596 0.07437596 0.07216897 0.07216897 0.07576255 0.07576255 0.08450003 0.08450003 0.09389383 0.09389383 0.1033211 0.1033211 -9999 -9999 -9999 -9999 -9999 -9999 -9999 -9999 -9999 -9999 -9999 -9999 -9999 -9999 -9999
0.02604021 0.02604021 0.03021869 0.03021869 0.03885925 0.03885925 0.04970615 0.04970615 0.05866083 0.05866083 0.0598399 0.0598399 0.05588754 0.05588754 0.04512279 0.04512279 0.04536948 0.04536948 0.0495276 0.0495276 0.05232849 0.05232849 0.0553162 0.0553162 0.05881271 0.05881271 0.06161685 0.06161685 0.06991827 0.06991827 0.07161229 0.07161229 0.07571096 0.07571096 0.08379819 0.08379819 0.08494531 0.08494531 0.08189434 0.08189434 0.07957583 0.07957583 0.0903651 0.0903651 0.09426459 0.09426459 0.1028098 0.1028098 -9999 -9999 -9999 -9999 -9999 -9999 -9999 -9999 -9999 -9999 -9999 -9999 -9999 -9999 -9999 -9999 -9999
0.02604021 0.02604021 0.03021869 0.03021869 0.03885925 0.03885925 0.04970615 0.04970615 0.05866083 0.05866083 0.0598399 0.0598399 0.05588754 0.05588754 0.04512279 0.04512279 0.04536948 0.04536948 0.0495276 0.0495276 0.05232849 0.05232849 0.0553162 0.0553162 0.05881271 0.05881271 0.06161685 0.06161685 0.06991827 0.06991827 0.07161229 0.07161229 0.07571096 0.07571096 0.08379819 0.08379819 0.08494531 0.08494531 0.08189434 0.08189434 0.07957583 0.07957583 0.0903651 0.0903651 0.09426459 0.09426459 0.1028098 0.1028098 -9999 -9999 -9999 -9999 -9999 -9999 -9999 -9999 -9999 -9999 -9999 -9999 -9999 -9999 -9999 -9999 -9999
0.03096129 0.03096129 0.03695691 0.03695691 0.04401331 0.04401331 0.05008578 0.05008578 0.05342155 0.05342155 0.05283292 0.05283292 0.05340823 0.05340823 0.05320662 0.05320662 0.05421866 0.05421866 0.05574616 0.05574616 0.05829474 0.05829474 0.06183872 0.06183872 0.06570606 0.06570606 0.06815145 0.06815145 0.07661354 0.07661354 0.08582992 0.08582992 0.08861519 0.08861519 0.09086218 0.09086218 0.08728434 0.08728434 0.08879016 0.08879016 0.08511241 0.08511241 0.09523497 0.09523497 0.1047017 0.1047017 0.1128006 0.1128006 -9999 -9999 -9999 -9999 -9999 -9999 -9999 -9999 -9999 -9999 -9999 -9999 -9999 -9999 -9999 -9999 -9999
0.03096129 0.03096129 0.03695691 0.03695691 0.04401331 0.04401331 0.05008578 0.05008578 0.05342155 0.05342155 0.05283292 0.05283292 0.05340823 0.05340823 0.05320662 0.05320662 0.05421866 0.05421866 0.05574616 0.05574616 0.05829474 0.05829474 0.06183872 0.06183872 0.06570606 0.06570606 0.06815145 0.06815145 0.07661354 0.07661354 0.08582992 0.08582992 0.08861519 0.08861519 0.09086218 0.09086218 0.08728434 0.08728434 0.08879016 0.08879016 0.08511241 0.08511241 0.09523497 0.09523497 0.1047017 0.1047017 0.1128006 0.1128006 -9999 -9999 -9999 -9999 -9999 -9999 -9999 -9999 -9999 -9999 -9999 -9999 -9999 -9999 -9999 -9999 -9999
0.03595795 0.03595795 0.04149137 0.04149137 0.04661208 0.04661208 0.05106571 0.05106571 0.05370445 0.05370445 0.05389251 0.05389251 0.05654881 0.05654881 0.05864569 0.05864569 0.05945562 0.05945562 0.06072598 0.06072598 0.06326143 0.06326143 0.06669507 0.06669507 0.07029945 0.07029945 0.07306723 0.07306723 0.08262246 0.08262246 0.08879741 0.08879741 0.09658549 0.09658549 0.09658552 0.09658552 0.09110332 0.09110332 0.08660394 0.08660394 0.08888382 0.08888382 0.09874499 0.09874499 0.108978 0.108978 -9999 -9999 -9999 -9999 -9999 -9999 -9999 -9999 -9999 -9999 -9999 -9999 -9999 -9999 -9999 -9999 -9999 -9999 -9999
0.03595795 0.03595795 0.04149137 0.04149137 0.04661208 0.04661208 0.05106571 0.05106571 0.05370445 0.05370445 0.05389251 0.05389251 0.05654881 0.05654881 0.05864569 0.05864569 0.05945562 0.05945562 0.06072598 0.06072598 0.06326143 0.06326143 0.06669507 0.06669507 0.07029945 0.07029945 0.07306723 0.07306723 0.08262246 0.08262246 0.08879741 0.08879741 0.09658549 0.09658549 0.09658552 0.09658552 0.09110332 0.09110332 0.08660394 0.08660394 0.08888382 0.08888382 0.09874499 0.09874499 0.108978 0.108978 -9999 -9999 -9999 -9999 -9999 -9999 -9999 -9999 -9999 -9999 -9999 -9999 -9999 -9999 -9999 -9999 -9999 -9999 -9999
0.04064295 0.04064295 0.0449174 0.0449174 0.04948373 0.04948373 0.05332944 0.05332944 0.05493135 0.05493135 0.05678289 0.05678289 0.0601327 0.0601327 0.06214204 0.06214204 0.06385524 0.06385524 0.06562862 0.06562862 0.06811689 0.06811689 0.07107698 0.07107698 0.073929 0.073929 0.07654247 0.07654247 0.07927185 0.07927185 0.0902442 0.0902442 0.0956597 0.0956597 0.1037843 0.1037843 0.1019306 0.1019306 0.1002884 0.1002884 0.1012993 0.1012993 0.1064776 0.1064776 0.1157457 0.1157457 -9999 -9999 -9999 -9999 -9999 -9999 -9999 -9999 -9999 -9999 -9999 -9999 -9999 -9999 -9999 -9999 -9999 -9999 -9999
0.04064295 0.04064295 0.0449174 0.0449174 0.04948373 0.04948373 0.05332944 0.05332944 0.05493135 0.05493135 0.05678289 0.05678289 0.0601327 0.0601327 0.06214204 0.06214204 0.06385524 0.06385524 0.06562862 0.06562862 0.06811689 0.06811689 0.07107698 0.07107698 0.073929 0.073929 0.07654247 0.07654247 0.07927185 0.07927185 0.0902442 0.0902442 0.0956597 0.0956597 0.1037843 0.1037843 0.1019306 0.1019306 0.1002884 0.1002884 0.1012993 0.1012993 0.1064776 0.1064776 0.1157457 0.1157457 -9999 -9999 -9999 -9999 -9999 -9999 -9999 -9999 -9999 -9999 -9999 -9999 -9999 -9999 -9999 -9999 -9999 -9999 -9999
0.04442068 0.04442068 0.04843631 0.04843631 0.05267703 0.05267703 0.05493512 0.05493512 0.05735229 0.05735229 0.05952637 0.05952637 0.06321408 0.06321408 0.06565583 0.06565583 0.06783275 0.06783275 0.06988198 0.06988198 0.07237195 0.07237195 0.07516111 0.07516111 0.07809059 0.07809059 0.08132658 0.08132658 0.08484299 0.08484299 0.08744098 0.08744098 0.09689108 0.09689108 0.09927164 0.09927164 0.1017904 0.1017904 0.1034559 0.1034559 0.1049702 0.1049702 0.1065618 0.1065618 0.111746 0.111746 0.1213083 0.1213083 -9999 -9999 -9999 -9999 -9999 -9999 -9999 -9999 -9999 -9999 -9999 -9999 -9999 -9999 -9999 -9999 -9999
0.04442068 0.04442068 0.04843631 0.04843631 0.05267703 0.05267703 0.05493512 0.05493512 0.05735229 0.05735229 0.05952637 0.05952637 0.06321408 0.06321408 0.06565583 0.06565583 0.06783275 0.06783275 0.06988198 0.06988198 0.07237195 0.07237195 0.07516111 0.07516111 0.07809059 0.07809059 0.08132658 0.08132658 0.08484299 0.08484299 0.08744098 0.08744098 0.09689108 0.09689108 0.09927164 0.09927164 0.1017904 0.1017904 0.1034559 0.1034559 0.1049702 0.1049702 0.1065618 0.1065618 0.111746 0.111746 0.1213083 0.1213083 -9999 -9999 -9999 -9999 -9999 -9999 -9999 -9999 -9999 -9999 -9999 -9999 -9999 -9999 -9999 -9999 -9999
0.048691 0.048691 0.05247457 0.05247457 0.05594272 0.05594272 0.0590729 0.0590729 0.06068443 0.06068443 0.06252333 0.06252333 0.06622157 0.06622157 0.06906716 0.06906716 0.07153676 0.07153676 0.07385591 0.07385591 0.07672042 0.07672042 0.07992052 0.07992052 0.08279911 0.08279911 0.08502835 0.08502835 0.08713308 0.08713308 0.08994067 0.08994067 0.09236702 0.09236702 0.09447782 0.09447782 0.09582114 0.09582114 0.09721802 0.09721802 0.09884651 0.09884651 0.09986735 0.09986735 0.1100725 0.1100725 0.1210482 0.1210482 -9999 -9999 -9999 -9999 -9999 -9999 -9999 -9999 -9999 -9999 -9999 -9999 -9999 -9999 -9999 -9999 -9999
0.048691 0.048691 0.05247457 0.05247457 0.05594272 0.05594272 0.0590729 0.0590729 0.06068443 0.06068443 0.06252333 0.06252333 0.06622157 0.06622157 0.06906716 0.06906716 0.07153676 0.07153676 0.07385591 0.07385591 0.07672042 0.07672042 0.07992052 0.07992052 0.08279911 0.08279911 0.08502835 0.08502835 0.08713308 0.08713308 0.08994067 0.08994067 0.09236702 0.09236702 0.09447782 0.09447782 0.09582114 0.09582114 0.09721802 0.09721802 0.09884651 0.09884651 0.09986735 0.09986735 0.1100725 0.1100725 0.1210482 0.1210482 -9999 -9999 -9999 -9999 -9999 -9999 -9999 -9999 -9999 -9999 -9999 -9999 -9999 -9999 -9999 -9999 -9999
0.05238838 0.05238838 0.05570778 0.05570778 0.05876924 0.05876924 0.06216745 0.06216745 0.06474108 0.06474108 0.06510319 0.06510319 0.06905412 0.06905412 0.07212609 0.07212609 0.07468925 0.07468925 0.07669906 0.07669906 0.07877737 0.07877737 0.08195158 0.08195158 0.0851358 0.0851358 0.08749139 0.08749139 0.08955941 0.08955941 0.09325659 0.09325659 0.09713742 0.09713742 0.09809325 0.09809325 0.09811997 0.09811997 0.09966502 0.09966502 0.1010026 0.1010026 0.1110604 0.1110604 0.1160456 0.1160456 0.1250209 0.1250209 -9999 -9999 -9999 -9999 -9999 -9999 -9999 -9999 -9999 -9999 -9999 -9999 -9999 -9999 -9999 -9999 -9999
0.05238838 0.05238838 0.05570778 0.05570778 0.05876924 0.05876924 0.06216745 0.06216745 0.06474108 0.06474108 0.06510319 0.06510319 0.06905412 0.06905412 0.07212609 0.07212609 0.07468925 0.07468925 0.07669906 0.07669906 0.07877737 0.07877737 0.08195158 0.08195158 0.0851358 0.0851358 0.08749139 0.08749139 0.08955941 0.08955941 0.09325659 0.09325659 0.09713742 0.09713742 0.09809325 0.09809325 0.09811997 0.09811997 0.09966502 0.09966502 0.1010026 0.1010026 0.1110604 0.1110604 0.1160456 0.1160456 0.1250209 0.1250209 -9999 -9999 -9999 -9999 -9999 -9999 -9999 -9999 -9999 -9999 -9999 -9999 -9999 -9999 -9999 -9999 -9999
0.0551952 0.0551952 0.05858691 0.05858691 0.06066238 0.06066238 0.06351577 0.06351577 0.06544333 0.06544333 0.06753671 0.06753671 0.07190281 0.07190281 0.07496164 0.07496164 0.07777654 0.07777654 0.07996874 0.07996874 0.08200923 0.08200923 0.08434511 0.08434511 0.08698986 0.08698986 0.089095 0.089095 0.0918519 0.0918519 0.09591542 0.09591542 0.09802143 0.09802143 0.0994384 0.0994384 0.1006701 0.1006701 0.111026 0.111026 0.1118291 0.1118291 0.1169706 0.1169706 0.1258797 0.1258797 -9999 -9999 -9999 -9999 -9999 -9999 -9999 -9999 -9999 -9999 -9999 -9999 -9999 -9999 -9999 -9999 -9999 -9999 -9999
0.0551952 0.0551952 0.05858691 0.05858691 0.06066238 0.06066238 0.06351577 0.06351577 0.06544333 0.06544333 0.06753671 0.06753671 0.07190281 0.07190281 0.07496164 0.07496164 0.07777654 0.07777654 0.07996874 0.07996874 0.08200923 0.08200923 0.08434511 0.08434511 0.08698986 0.08698986 0.089095 0.089095 0.0918519 0.0918519 0.09591542 0.09591542 0.09802143 0.09802143 0.0994384 0.0994384 0.1006701 0.1006701 0.111026 0.111026 0.1118291 0.1118291 0.1169706 0.1169706 0.1258797 0.1258797 -9999 -9999 -9999 -9999 -9999 -9999 -9999 -9999 -9999 -9999 -9999 -9999 -9999 -9999 -9999 -9999 -9999 -9999 -9999
0.0581009 0.0581009 0.06091166 0.06091166 0.06257288 0.06257288 0.06482751 0.06482751 0.06678596 0.06678596 0.06974508 0.06974508 0.07435914 0.07435914 0.07719529 0.07719529 0.07985375 0.07985375 0.08238611 0.08238611 0.08564125 0.08564125 0.08916018 0.08916018 0.09248827 0.09248827 0.09396276 0.09396276 0.09550736 0.09550736 0.09843203 0.09843203 0.09965753 0.09965753 0.100791 0.100791 0.1113921 0.1113921 0.1163944 0.1163944 0.1232091 0.1232091 0.1266279 0.1266279 -9999 -9999 -9999 -9999 -9999 -9999 -9999 -9999 -9999 -9999 -9999 -9999 -9999 -9999 -9999 -9999 -9999 -9999 -9999 -9999 -9999
0.0581009 0.0581009 0.06091166 0.06091166 0.06257288 0.06257288 0.06482751 0.06482751 0.06678596 0.06678596 0.06974508 0.06974508 0.07435914 0.07435914 0.07719529 0.07719529 0.07985375 0.07985375 0.08238611 0.08238611 0.08564125 0.08564125 0.08916018 0.08916018 0.09248827 0.09248827 0.09396276 0.09396276 0.09550736 0.09550736 0.09843203 0.09843203 0.09965753 0.09965753 0.100791 0.100791 0.1113921 0.1113921 0.1163944 0.1163944 0.1232091 0.1232091 0.1266279 0.1266279 -9999 -9999 -9999 -9999 -9999 -9999 -9999 -9999 -9999 -9999 -9999 -9999 -9999 -9999 -9999 -9999 -9999 -9999 -9999 -9999 -9999
0.06028772 0.06028772 0.06287008 0.06287008 0.06553327 0.06553327 0.06640106 0.06640106 0.06847025 0.06847025 0.07159126 0.07159126 0.07740011 0.07740011 0.08103359 0.08103359 0.08359203 0.08359203 0.08643336 0.08643336 0.08938123 0.08938123 0.09242091 0.09242091 0.09476081 0.09476081 0.09674553 0.09674553 0.09870775 0.09870775 0.1100356 0.1100356 0.1106836 0.1106836 0.1117753 0.1117753 0.1168573 0.1168573 -9999 -9999 -9999 -9999 -9999 -9999 -9999 -9999 -9999 -9999 -9999 -9999 -9999 -9999 -9999 -9999 -9999 -9999 -9999 -9999 -9999 -9999 -9999 -9999 -9999 -9999 -9999
0.06028772 0.06028772 0.06287008 0.06287008 0.06553327 0.06553327 0.06640106 0.06640106 0.06847025 0.06847025 0.07159126 0.07159126 0.07740011 0.07740011 0.08103359 0.08103359 0.08359203 0.08359203 0.08643336 0.08643336 0.08938123 0.08938123 0.09242091 0.09242091 0.09476081 0.09476081 0.09674553 0.09674553 0.09870775 0.09870775 0.1100356 0.1100356 0.1106836 0.1106836 0.1117753 0.1117753 0.1168573 0.1168573 -9999 -9999 -9999 -9999 -9999 -9999 -9999 -9999 -9999 -9999 -9999 -9999 -9999 -9999 -9999 -9999 -9999 -9999 -9999 -9999 -9999 -9999 -9999 -9999 -9999 -9999 -9999
0.0629409 0.0629409 0.06538303 0.06538303 0.06820054 0.06820054 0.06946506 0.06946506 0.07193209 0.07193209 0.07477428 0.07477428 0.08000251 0.08000251 0.08476671 0.08476671 0.08875857 0.08875857 0.09227622 0.09227622 0.09475881 0.09475881 0.09633272 0.09633272 0.09763186 0.09763186 0.09912536 0.09912536 0.1002889 0.1002889 0.111132 0.111132 0.1217671 0.1217671 -9999 -9999 -9999 -9999 -9999 -9999 -9999 -9999 -9999 -9999 -9999 -9999 -9999 -9999 -9999 -9999 -9999 -9999 -9999 -9999 -9999 -9999 -9999 -9999 -9999 -9999 -9999 -9999 -9999 -9999 -9999
0.0629409 0.0629409 0.06538303 0.06538303 0.06820054 0.06820054 0.06946506 0.06946506 0.07193209 0.07193209 0.07477428 0.07477428 0.08000251 0.08000251 0.08476671 0.08476671 0.08875857 0.08875857 0.09227622 0.09227622 0.09475881 0.09475881 0.09633272 0.09633272 0.09763186 0.09763186 0.09912536 0.09912536 0.1002889 0.1002889 0.111132 0.111132 0.1217671 0.1217671 -9999 -9999 -9999 -9999 -9999 -9999 -9999 -9999 -9999 -9999 -9999 -9999 -9999 -9999 -9999 -9999 -9999 -9999 -9999 -9999 -9999 -9999 -9999 -9999 -9999 -9999 -9999 -9999 -9999 -9999 -9999
0.06403746 0.06403746 0.06635849 0.06635849 0.06808571 0.06808571 0.07134289 0.07134289 0.07456657 0.07456657 0.07726397 0.07726397 0.08151551 0.08151551 0.08591304 0.08591304 0.09067319 0.09067319 0.09375828 0.09375828 0.09630055 0.09630055 0.09780214 0.09780214 0.09870734 0.09870734 0.1090971 0.1090971 0.1103799 0.1103799 0.1163189 0.1163189 -9999 -9999 -9999 -9999 -9999 -9999 -9999 -9999 -9999 -9999 -9999 -9999 -9999 -9999 -9999 -9999 -9999 -9999 -9999 -9999 -9999 -9999 -9999 -9999 -9999 -9999 -9999 -9999 -9999 -9999 -9999 -9999 -9999
0.06403746 0.06403746 0.06635849 0.06635849 0.06808571 0.06808571 0.07134289 0.07134289 0.07456657 0.07456657 0.07726397 0.07726397 0.08151551 0.08151551 0.08591304 0.08591304 0.09067319 0.09067319 0.09375828 0.09375828 0.09630055 0.09630055 0.09780214 0.09780214 0.09870734 0.09870734 0.1090971 0.1090971 0.1103799 0.1103799 0.1163189 0.1163189 -9999 -9999 -9999 -9999 -9999 -9999 -9999 -9999 -9999 -9999 -9999 -9999 -9999 -9999 -9999 -9999 -9999 -9999 -9999 -9999 -9999 -9999 -9999 -9999 -9999 -9999 -9999 -9999 -9999 -9999 -9999 -9999 -9999
0.06483503 0.06483503 0.06636897 0.06636897 0.06917666 0.06917666 0.07236703 0.07236703 0.07533204 0.07533204 0.07833634 0.07833634 0.08292798 0.08292798 0.08633155 0.08633155 0.09054875 0.09054875 0.09460746 0.09460746 0.09713116 0.09713116 0.1075101 0.1075101 0.1085969 0.1085969 0.1141302 0.1141302 0.1212618 0.1212618 -9999 -9999 -9999 -9999 -9999 -9999 -9999 -9999 -9999 -9999 -9999 -9999 -9999 -9999 -9999 -9999 -9999 -9999 -9999 -9999 -9999 -9999 -9999 -9999 -9999 -9999 -9999 -9999 -9999 -9999 -9999 -9999 -9999 -9999 -9999
0.06483503 0.06483503 0.06636897 0.06636897 0.06917666 0.06917666 0.07236703 0.07236703 0.07533204 0.07533204 0.07833634 0.07833634 0.08292798 0.08292798 0.08633155 0.08633155 0.09054875 0.09054875 0.09460746 0.09460746 0.09713116 0.09713116 0.1075101 0.1075101 0.1085969 0.1085969 0.1141302 0.1141302 0.1212618 0.1212618 -9999 -9999 -9999 -9999 -9999 -9999 -9999 -9999 -9999 -9999 -9999 -9999 -9999 -9999 -9999 -9999 -9999 -9999 -9999 -9999 -9999 -9999 -9999 -9999 -9999 -9999 -9999 -9999 -9999 -9999 -9999 -9999 -9999 -9999 -9999
0.06653198 0.06653198 0.0679842 0.0679842 0.07067478 0.07067478 0.07330426 0.07330426 0.07605505 0.07605505 0.07918958 0.07918958 0.08300059 0.08300059 0.0856268 0.0856268 0.08903389 0.08903389 0.09261648 0.09261648 0.1048237 0.1048237 0.1112475 0.1112475 0.1192636 0.1192636 0.1233776 0.1233776 0.1302686 0.1302686 -9999 -9999 -9999 -9999 -9999 -9999 -9999 -9999 -9999 -9999 -9999 -9999 -9999 -9999 -9999 -9999 -9999 -9999 -9999 -9999 -9999 -9999 -9999 -9999 -9999 -9999 -9999 -9999 -9999 -9999 -9999 -9999 -9999 -9999 -9999
