ASPA-UH-SWB2_REPO/input/Evaporation/v_evp2pcp.asc
ncols         350
nrows         200
xllcorner     515000
yllcorner     8409000
cellsize      100
NODATA_value  -9999
[rows 145 to 173 of 200, columns 65 to 129 of 350]
-9999 -9999 -9999 -9999 -9999 -9999 -9999 -9999 -9999 0.09053478 0.09053478 0.08072549 0.08072549 0.07512862 0.07512862 0.06797083 0.06797083 0.06913012 0.06913012 0.07116638 0.07116638 0.07140088 0.07140088 0.06761509 0.06761509 0.06377069 0.06377069 0.06136288 0.06136288 0.05904848 0.05904848 0.05667894 0.05667894 0.05489458 0.05489458 0.05339191 0.05339191 0.05234616 0.05234616 0.05830857 0.05830857 0.07375877 0.07375877 0.07873963 0.07873963 0.0691374 0.0691374 0.06342028 0.06342028 0.06191716 0.06191716 0.0618109 0.0618109 0.06246008 0.06246008 0.06384484 0.06384484 0.06487612 0.06487612 0.0653117 0.0653117 0.06504451 0.06504451 0.06509131 0.06509131
-9999 -9999 -9999 -9999 -9999 -9999 -9999 0.1007513 0.1007513 0.08982636 0.08982636 0.07896926 0.07896926 0.07063021 0.07063021 0.07133265 0.07133265 0.07210825 0.07210825 0.07231858 0.07231858 0.07174288 0.07174288 0.06895985 0.06895985 0.06636315 0.06636315 0.06455055 0.06455055 0.06290415 0.06290415 0.06100311 0.06100311 0.05884007 0.05884007 0.0565721 0.0565721 0.05477349 0.05477349 0.06009114 0.06009114 0.07527991 0.07527991 0.07906647 0.07906647 0.06623336 0.06623336 0.06637932 0.06637932 0.06790853 0.06790853 0.06525853 0.06525853 0.06488615 0.06488615 0.06492235 0.06492235 0.06515134 0.06515134 0.06560183 0.06560183 0.06573246 0.06573246 0.06629761 0.06629761
-9999 -9999 -9999 -9999 -9999 -9999 -9999 0.1007513 0.1007513 0.08982636 0.08982636 0.07896926 0.07896926 0.07063021 0.07063021 0.07133265 0.07133265 0.07210825 0.07210825 0.07231858 0.07231858 0.07174288 0.07174288 0.06895985 0.06895985 0.06636315 0.06636315 0.06455055 0.06455055 0.06290415 0.06290415 0.06100311 0.06100311 0.05884007 0.05884007 0.0565721 0.0565721 0.05477349 0.05477349 0.06009114 0.06009114 0.07527991 0.07527991 0.07906647 0.07906647 0.06623336 0.06623336 0.06637932 0.06637932 0.06790853 0.06790853 0.06525853 0.06525853 0.06488615 0.06488615 0.06492235 0.06492235 0.06515134 0.06515134 0.06560183 0.06560183 0.06573246 0.06573246 0.06629761 0.06629761
-9999 -9999 -9999 -9999 -9999 -9999 -9999 0.1024658 0.1024658 0.090964 0.090964 0.08032472 0.08032472 0.07293261 0.07293261 0.07444543 0.07444543 0.07413149 0.07413149 0.07211588 0.07211588 0.07019465 0.07019465 0.06872264 0.06872264 0.06851465 0.06851465 0.06751853 0.06751853 0.06653105 0.06653105 0.06454553 0.06454553 0.06230862 0.06230862 0.06095649 0.06095649 0.06019521 0.06019521 0.06184374 0.06184374 0.06974296 0.06974296 0.07528913 0.07528913 0.07178172 0.07178172 0.07158794 0.07158794 0.07048841 0.07048841 0.06647761 0.06647761 0.06564908 0.06564908 0.06511335 0.06511335 0.06430903 0.06430903 0.06630685 0.06630685 0.06662288 0.06662288 0.06730614 0.06730614
-9999 -9999 -9999 -9999 -9999 -9999 -9999 0.1024658 0.1024658 0.090964 0.090964 0.08032472 0.08032472 0.07293261 0.07293261 0.07444543 0.07444543 0.07413149 0.07413149 0.07211588 0.07211588 0.07019465 0.07019465 0.06872264 0.06872264 0.06851465 0.06851465 0.06751853 0.06751853 0.06653105 0.06653105 0.06454553 0.06454553 0.06230862 0.06230862 0.06095649 0.06095649 0.06019521 0.06019521 0.06184374 0.06184374 0.06974296 0.06974296 0.07528913 0.07528913 0.07178172 0.07178172 0.07158794 0.07158794 0.07048841 0.07048841 0.06647761 0.06647761 0.06564908 0.06564908 0.06511335 0.06511335 0.06430903 0.06430903 0.06630685 0.06630685 0.06662288 0.06662288 0.06730614 0.06730614
-9999 -9999 -9999 -9999 -9999 -9999 -9999 0.1040654 0.1040654 0.09263813 0.09263813 0.08215327 0.08215327 0.07456356 0.07456356 0.07558398 0.07558398 0.07445014 0.07445014 0.07195029 0.07195029 0.07010604 0.07010604 0.06932461 0.06932461 0.0686461 0.0686461 0.06922734 0.06922734 0.06817441 0.06817441 0.06637907 0.06637907 0.06529856 0.06529856 0.06480047 0.06480047 0.0642697 0.0642697 0.06611822 0.06611822 0.06867272 0.06867272 0.07182447 0.07182447 0.07524878 0.07524878 0.07424663 0.07424663 0.07047433 0.07047433 0.06816453 0.06816453 0.06650692 0.06650692 0.06483297 0.06483297 0.06573877 0.06573877 0.06850052 0.06850052 0.06967875 0.06967875 0.07000978 0.07000978
-9999 -9999 -9999 -9999 -9999 -9999 -9999 0.1040654 0.1040654 0.09263813 0.09263813 0.08215327 0.08215327 0.07456356 0.07456356 0.07558398 0.07558398 0.07445014 0.07445014 0.07195029 0.07195029 0.07010604 0.07010604 0.06932461 0.06932461 0.0686461 0.0686461 0.06922734 0.06922734 0.06817441 0.06817441 0.06637907 0.06637907 0.06529856 0.06529856 0.06480047 0.06480047 0.0642697 0.0642697 0.06611822 0.06611822 0.06867272 0.06867272 0.07182447 0.07182447 0.07524878 0.07524878 0.07424663 0.07424663 0.07047433 0.07047433 0.06816453 0.06816453 0.06650692 0.06650692 0.06483297 0.06483297 0.06573877 0.06573877 0.06850052 0.06850052 0.06967875 0.06967875 0.07000978 0.07000978
-9999 -9999 -9999 -9999 -9999 -9999 -9999 -9999 -9999 0.09652497 0.09652497 0.08701286 0.08701286 0.08215004 0.08215004 0.07496294 0.07496294 0.07412001 0.07412001 0.07215936 0.07215936 0.07044722 0.07044722 0.06982211 0.06982211 0.06956534 0.06956534 0.06990234 0.06990234 0.06812295 0.06812295 0.06708243 0.06708243 0.06729528 0.06729528 0.06734983 0.06734983 0.0670131 0.0670131 0.06869598 0.06869598 0.07048736 0.07048736 0.07296011 0.07296011 0.07408953 0.07408953 0.07276818 0.07276818 0.07146179 0.07146179 0.0692047 0.0692047 0.06768458 0.06768458 0.06648763 0.06648763 0.06748325 0.06748325 0.07050703 0.07050703 0.07207107 0.07207107 0.07201373 0.07201373
-9999 -9999 -9999 -9999 -9999 -9999 -9999 -9999 -9999 0.09652497 0.09652497 0.08701286 0.08701286 0.08215004 0.08215004 0.07496294 0.07496294 0.07412001 0.07412001 0.07215936 0.07215936 0.07044722 0.07044722 0.06982211 0.06982211 0.06956534 0.06956534 0.06990234 0.06990234 0.06812295 0.06812295 0.06708243 0.06708243 0.06729528 0.06729528 0.06734983 0.06734983 0.0670131 0.0670131 0.06869598 0.06869598 0.07048736 0.07048736 0.07296011 0.07296011 0.07408953 0.07408953 0.07276818 0.07276818 0.07146179 0.07146179 0.0692047 0.0692047 0.06768458 0.06768458 0.06648763 0.06648763 0.06748325 0.06748325 0.07050703 0.07050703 0.07207107 0.07207107 0.07201373 0.07201373
-9999 -9999 -9999 -9999 -9999 -9999 -9999 -9999 -9999 0.1026284 0.1026284 0.09266954 0.09266954 0.08206612 0.08206612 0.07362457 0.07362457 0.0738854 0.0738854 0.07298595 0.07298595 0.07143042 0.07143042 0.07047466 0.07047466 0.06983314 0.06983314 0.06949542 0.06949542 0.06759841 0.06759841 0.06729559 0.06729559 0.06787701 0.06787701 0.06808151 0.06808151 0.06843249 0.06843249 0.07102931 0.07102931 0.07267881 0.07267881 0.07326005 0.07326005 0.07352883 0.07352883 0.07453804 0.07453804 0.07298284 0.07298284 0.07053891 0.07053891 0.06991009 0.06991009 0.0698565 0.0698565 0.0692205 0.0692205 0.0717533 0.0717533 0.07337528 0.07337528 0.07347009 0.07347009
-9999 -9999 -9999 -9999 -9999 -9999 -9999 -9999 -9999 0.1026284 0.1026284 0.09266954 0.09266954 0.08206612 0.08206612 0.07362457 0.07362457 0.0738854 0.0738854 0.07298595 0.07298595 0.07143042 0.07143042 0.07047466 0.07047466 0.06983314 0.06983314 0.06949542 0.06949542 0.06759841 0.06759841 0.06729559 0.06729559 0.06787701 0.06787701 0.06808151 0.06808151 0.06843249 0.06843249 0.07102931 0.07102931 0.07267881 0.07267881 0.07326005 0.07326005 0.07352883 0.07352883 0.07453804 0.07453804 0.07298284 0.07298284 0.07053891 0.07053891 0.06991009 0.06991009 0.0698565 0.0698565 0.0692205 0.0692205 0.0717533 0.0717533 0.07337528 0.07337528 0.07347009 0.07347009
-9999 -9999 -9999 -9999 -9999 -9999 -9999 -9999 -9999 -9999 -9999 0.09370292 0.09370292 0.0826169 0.0826169 0.07365669 0.07365669 0.07445825 0.07445825 0.07429028 0.07429028 0.07271043 0.07271043 0.07096759 0.07096759 0.06927787 0.06927787 0.06782243 0.06782243 0.06675784 0.06675784 0.06772167 0.06772167 0.06793312 0.06793312 0.06824962 0.06824962 0.07017586 0.07017586 0.07494123 0.07494123 0.07536181 0.07536181 0.0725694 0.0725694 0.0747772 0.0747772 0.07949515 0.07949515 0.07415621 0.07415621 0.07360765 0.07360765 0.07563271 0.07563271 0.07397858 0.07397858 0.07265384 0.07265384 0.07233609 0.07233609 0.07419477 0.07419477 0.07494763 0.07494763
-9999 -9999 -9999 -9999 -9999 -9999 -9999 -9999 -9999 -9999 -9999 0.09370292 0.09370292 0.0826169 0.0826169 0.07365669 0.07365669 0.07445825 0.07445825 0.07429028 0.07429028 0.07271043 0.07271043 0.07096759 0.07096759 0.06927787 0.06927787 0.06782243 0.06782243 0.06675784 0.06675784 0.06772167 0.06772167 0.06793312 0.06793312 0.06824962 0.06824962 0.07017586 0.07017586 0.07494123 0.07494123 0.07536181 0.07536181 0.0725694 0.0725694 0.0747772 0.0747772 0.07949515 0.07949515 0.07415621 0.07415621 0.07360765 0.07360765 0.07563271 0.07563271 0.07397858 0.07397858 0.07265384 0.07265384 0.07233609 0.07233609 0.07419477 0.07419477 0.07494763 0.07494763
-9999 -9999 -9999 -9999 -9999 -9999 -9999 -9999 -9999 -9999 -9999 0.09713771 0.09713771 0.08722132 0.08722132 0.08228642 0.08228642 0.07570029 0.07570029 0.07531526 0.07531526 0.07339802 0.07339802 0.07102922 0.07102922 0.0685418 0.0685418 0.06720926 0.06720926 0.06668308 0.06668308 0.06787289 0.06787289 0.06814611 0.06814611 0.06957842 0.06957842 0.07516414 0.07516414 0.07890237 0.07890237 0.07614125 0.07614125 0.07457179 0.07457179 0.08259707 0.08259707 0.07926179 0.07926179 0.06663476 0.06663476 0.06639711 0.06639711 0.07353361 0.07353361 0.07876747 0.07876747 0.07586406 0.07586406 0.07642375 0.07642375 0.07641544 0.07641544 0.07625131 0.07625131
-9999 -9999 -9999 -9999 -9999 -9999 -9999 -9999 -9999 -9999 -9999 0.09713771 0.09713771 0.08722132 0.08722132 0.08228642 0.08228642 0.07570029 0.07570029 0.07531526 0.07531526 0.07339802 0.07339802 0.07102922 0.07102922 0.0685418 0.0685418 0.06720926 0.06720926 0.06668308 0.06668308 0.06787289 0.06787289 0.06814611 0.06814611 0.06957842 0.06957842 0.07516414 0.07516414 0.07890237 0.07890237 0.07614125 0.07614125 0.07457179 0.07457179 0.08259707 0.08259707 0.07926179 0.07926179 0.06663476 0.06663476 0.06639711 0.06639711 0.07353361 0.07353361 0.07876747 0.07876747 0.07586406 0.07586406 0.07642375 0.07642375 0.07641544 0.07641544 0.07625131 0.07625131
-9999 -9999 -9999 -9999 -9999 -9999 -9999 -9999 -9999 -9999 -9999 0.09652942 0.09652942 0.08534636 0.08534636 0.07627559 0.07627559 0.07669632 0.07669632 0.07630648 0.07630648 0.07419048 0.07419048 0.0706004 0.0706004 0.06763067 0.06763067 0.06687433 0.06687433 0.0682532 0.0682532 0.06843324 0.06843324 0.06906199 0.06906199 0.07459715 0.07459715 0.08001214 0.08001214 0.08039845 0.08039845 0.0764651 0.0764651 0.07855844 0.07855844 0.0857105 0.0857105 0.07655745 0.07655745 0.06402531 0.06402531 0.0615204 0.0615204 0.06716607 0.06716607 0.07722358 0.07722358 0.07777033 0.07777033 0.0787614 0.0787614 0.08037893 0.08037893 0.08066907 0.08066907
-9999 -9999 -9999 -9999 -9999 -9999 -9999 -9999 -9999 -9999 -9999 0.09652942 0.09652942 0.08534636 0.08534636 0.07627559 0.07627559 0.07669632 0.07669632 0.07630648 0.07630648 0.07419048 0.07419048 0.0706004 0.0706004 0.06763067 0.06763067 0.06687433 0.06687433 0.0682532 0.0682532 0.06843324 0.06843324 0.06906199 0.06906199 0.07459715 0.07459715 0.08001214 0.08001214 0.08039845 0.08039845 0.0764651 0.0764651 0.07855844 0.07855844 0.0857105 0.0857105 0.07655745 0.07655745 0.06402531 0.06402531 0.0615204 0.0615204 0.06716607 0.06716607 0.07722358 0.07722358 0.07777033 0.07777033 0.0787614 0.0787614 0.08037893 0.08037893 0.08066907 0.08066907
-9999 -9999 -9999 -9999 -9999 -9999 -9999 -9999 -9999 -9999 -9999 -9999 -9999 0.09148667 0.09148667 0.08581881 0.08581881 0.07720307 0.07720307 0.07660824 0.07660824 0.07440889 0.07440889 0.0707517 0.0707517 0.06806761 0.06806761 0.06771134 0.06771134 0.06904475 0.06904475 0.06903595 0.06903595 0.07370021 0.07370021 0.08174914 0.08174914 0.08733655 0.08733655 0.08644549 0.08644549 0.08071639 0.08071639 0.07955014 0.07955014 0.08200012 0.08200012 0.07774222 0.07774222 0.06741454 0.06741454 0.06124385 0.06124385 0.06493887 0.06493887 0.07524156 0.07524156 0.07811641 0.07811641 0.07851896 0.07851896 0.08299552 0.08299552 0.08622233 0.08622233
-9999 -9999 -9999 -9999 -9999 -9999 -9999 -9999 -9999 -9999 -9999 -9999 -9999 0.09148667 0.09148667 0.08581881 0.08581881 0.07720307 0.07720307 0.07660824 0.07660824 0.07440889 0.07440889 0.0707517 0.0707517 0.06806761 0.06806761 0.06771134 0.06771134 0.06904475 0.06904475 0.06903595 0.06903595 0.07370021 0.07370021 0.08174914 0.08174914 0.08733655 0.08733655 0.08644549 0.08644549 0.08071639 0.08071639 0.07955014 0.07955014 0.08200012 0.08200012 0.07774222 0.07774222 0.06741454 0.06741454 0.06124385 0.06124385 0.06493887 0.06493887 0.07524156 0.07524156 0.07811641 0.07811641 0.07851896 0.07851896 0.08299552 0.08299552 0.08622233 0.08622233
-9999 -9999 -9999 -9999 -9999 -9999 -9999 -9999 -9999 -9999 -9999 -9999 -9999 -9999 -9999 0.0924489 0.0924489 0.08702861 0.08702861 0.08480322 0.08480322 0.07428448 0.07428448 0.07127447 0.07127447 0.06955719 0.06955719 0.06861646 0.06861646 0.06904036 0.06904036 0.07203333 0.07203333 0.08327916 0.08327916 0.09247601 0.09247601 0.08855541 0.08855541 0.08454206 0.08454206 0.08399473 0.08399473 0.08233518 0.08233518 0.07994793 0.07994793 0.07846559 0.07846559 0.07058654 0.07058654 0.06402869 0.06402869 0.06512963 0.06512963 0.07130336 0.07130336 0.07772861 0.07772861 0.08026236 0.08026236 0.08627473 0.08627473 0.09213462 0.09213462
-9999 -9999 -9999 -9999 -9999 -9999 -9999 -9999 -9999 -9999 -9999 -9999 -9999 -9999 -9999 0.0924489 0.0924489 0.08702861 0.08702861 0.08480322 0.08480322 0.07428448 0.07428448 0.07127447 0.07127447 0.06955719 0.06955719 0.06861646 0.06861646 0.06904036 0.06904036 0.07203333 0.07203333 0.08327916 0.08327916 0.09247601 0.09247601 0.08855541 0.08855541 0.08454206 0.08454206 0.08399473 0.08399473 0.08233518 0.08233518 0.07994793 0.07994793 0.07846559 0.07846559 0.07058654 0.07058654 0.06402869 0.06402869 0.06512963 0.06512963 0.07130336 0.07130336 0.07772861 0.07772861 0.08026236 0.08026236 0.08627473 0.08627473 0.09213462 0.09213462
-9999 -9999 -9999 -9999 -9999 -9999 -9999 -9999 -9999 -9999 -9999 -9999 -9999 -9999 -9999 -9999 -9999 0.09800296 0.09800296 0.09093097 0.09093097 0.08458743 0.08458743 0.08096404 0.08096404 0.07067805 0.07067805 0.06834095 0.06834095 0.0692123 0.0692123 0.08259435 0.08259435 0.09438323 0.09438323 0.08499966 0.08499966 0.07291663 0.07291663 0.07011565 0.07011565 0.07216151 0.07216151 0.0816627 0.0816627 0.08527467 0.08527467 0.07847454 0.07847454 0.07077613 0.07077613 0.07394035 0.07394035 0.07347468 0.07347468 0.07698712 0.07698712 0.07407823 0.07407823 0.08094792 0.08094792 0.09141788 0.09141788 0.09619695 0.09619695
-9999 -9999 -9999 -9999 -9999 -9999 -9999 -9999 -9999 -9999 -9999 -9999 -9999 -9999 -9999 -9999 -9999 0.09800296 0.09800296 0.09093097 0.09093097 0.08458743 0.08458743 0.08096404 0.08096404 0.07067805 0.07067805 0.06834095 0.06834095 0.0692123 0.0692123 0.08259435 0.08259435 0.09438323 0.09438323 0.08499966 0.08499966 0.07291663 0.07291663 0.07011565 0.07011565 0.07216151 0.07216151 0.0816627 0.0816627 0.08527467 0.08527467 0.07847454 0.07847454 0.07077613 0.07077613 0.07394035 0.07394035 0.07347468 0.07347468 0.07698712 0.07698712 0.07407823 0.07407823 0.08094792 0.08094792 0.09141788 0.09141788 0.09619695 0.09619695
-9999 -9999 -9999 -9999 -9999 -9999 -9999 -9999 -9999 -9999 -9999 -9999 -9999 -9999 -9999 -9999 -9999 -9999 -9999 0.1003807 0.1003807 0.0966882 0.0966882 0.08951979 0.08951979 0.08234628 0.08234628 0.07902519 0.07902519 0.07417435 0.07417435 0.08607133 0.08607133 0.08726932 0.08726932 0.07909779 0.07909779 0.07092318 0.07092318 0.06894963 0.06894963 0.06741165 0.06741165 0.07161133 0.07161133 0.0906352 0.0906352 0.08964916 0.08964916 0.07695702 0.07695702 0.07849118 0.07849118 0.08605699 0.08605699 0.08376971 0.08376971 0.08268806 0.08268806 0.08321974 0.08321974 0.09426166 0.09426166 0.09451758 0.09451758
-9999 -9999 -9999 -9999 -9999 -9999 -9999 -9999 -9999 -9999 -9999 -9999 -9999 -9999 -9999 -9999 -9999 -9999 -9999 0.1003807 0.1003807 0.0966882 0.0966882 0.08951979 0.08951979 0.08234628 0.08234628 0.07902519 0.07902519 0.07417435 0.07417435 0.08607133 0.08607133 0.08726932 0.08726932 0.07909779 0.07909779 0.07092318 0.07092318 0.06894963 0.06894963 0.06741165 0.06741165 0.07161133 0.07161133 0.0906352 0.0906352 0.08964916 0.08964916 0.07695702 0.07695702 0.07849118 0.07849118 0.08605699 0.08605699 0.08376971 0.08376971 0.08268806 0.08268806 0.08321974 0.08321974 0.09426166 0.09426166 0.09451758 0.09451758
-9999 -9999 -9999 -9999 -9999 -9999 -9999 -9999 -9999 -9999 -9999 -9999 -9999 -9999 -9999 -9999 -9999 -9999 -9999 -9999 -9999 -9999 -9999 -9999 -9999 0.09602709 0.09602709 0.08902138 0.08902138 0.08578125 0.08578125 0.08779567 0.08779567 0.0776272 0.0776272 0.07789098 0.07789098 0.0794989 0.0794989 0.07220905 0.07220905 0.06829788 0.06829788 0.07317363 0.07317363 0.09520093 0.09520093 0.09679049 0.09679049 0.08212398 0.08212398 0.08192919 0.08192919 0.09257609 0.09257609 0.09892196 0.09892196 0.09461241 0.09461241 0.09635222 0.09635222 0.09380532 0.09380532 0.09623189 0.09623189
-9999 -9999 -9999 -9999 -9999 -9999 -9999 -9999 -9999 -9999 -9999 -9999 -9999 -9999 -9999 -9999 -9999 -9999 -9999 -9999 -9999 -9999 -9999 -9999 -9999 0.09602709 0.09602709 0.08902138 0.08902138 0.08578125 0.08578125 0.08779567 0.08779567 0.0776272 0.0776272 0.07789098 0.07789098 0.0794989 0.0794989 0.07220905 0.07220905 0.06829788 0.06829788 0.07317363 0.07317363 0.09520093 0.09520093 0.09679049 0.09679049 0.08212398 0.08212398 0.08192919 0.08192919 0.09257609 0.09257609 0.09892196 0.09892196 0.09461241 0.09461241 0.09635222 0.09635222 0.09380532 0.09380532 0.09623189 0.09623189
-9999 -9999 -9999 -9999 -9999 -9999 -9999 -9999 -9999 -9999 -9999 -9999 -9999 -9999 -9999 -9999 -9999 -9999 -9999 -9999 -9999 -9999 -9999 -9999 -9999 0.1057187 0.1057187 0.09907292 0.09907292 0.09618933 0.09618933 0.09066816 0.09066816 0.08437224 0.08437224 0.08331601 0.08331601 0.08241152 0.08241152 0.07197874 0.07197874 0.07053422 0.07053422 0.08888838 0.08888838 0.1017084 0.1017084 0.09148255 0.09148255 0.07943862 0.07943862 0.08490257 0.08490257 0.09743943 0.09743943 0.1106904 0.1106904 0.1108514 0.1108514 0.1085176 0.1085176 0.1067668 0.1067668 0.1076947 0.1076947
-9999 -9999 -9999 -9999 -9999 -9999 -9999 -9999 -9999 -9999 -9999 -9999 -9999 -9999 -9999 -9999 -9999 -9999 -9999 -9999 -9999 -9999 -9999 -9999 -9999 0.1057187 0.1057187 0.09907292 0.09907292 0.09618933 0.09618933 0.09066816 0.09066816 0.08437224 0.08437224 0.08331601 0.08331601 0.08241152 0.08241152 0.07197874 0.07197874 0.07053422 0.07053422 0.08888838 0.08888838 0.1017084 0.1017084 0.09148255 0.09148255 0.07943862 0.07943862 0.08490257 0.08490257 0.09743943 0.09743943 0.1106904 0.1106904 0.1108514 0.1108514 0.1085176 0.1085176 0.1067668 0.1067668 0.1076947 0.1076947
