ASPA-UH-SWB2_REPO/input/Evaporation/v_evp2pcp.asc
ncols         350
nrows         200
xllcorner     515000
yllcorner     8409000
cellsize      100
NODATA_value  -9999
[rows 116 to 144 of 200, columns 0 to 64 of 350]
-9999 -9999 -9999 -9999 -9999 -9999 -9999 -9999 -9999 -9999 -9999 -9999 -9999 -9999 0.1100683 0.1100683 0.1015582 0.1015582 0.09385355 0.09385355 0.088824 0.088824 0.08253847 0.08253847 0.07459857 0.07459857 0.06274723 0.06274723 0.05748492 0.05748492 0.05838434 0.05838434 0.06437726 0.06437726 0.06748316 0.06748316 0.06657209 0.06657209 0.06473722 0.06473722 0.06521499 0.06521499 0.06595581 0.06595581 0.06724995 0.06724995 0.06803618 0.06803618 0.07410943 0.07410943 0.07991801 0.07991801 0.07304546 0.07304546 0.06441618 0.06441618 0.0584651 0.0584651 0.05020254 0.05020254 0.05022515 0.05022515 0.05428134 0.05428134 0.0574576
-9999 -9999 -9999 -9999 -9999 -9999 -9999 -9999 -9999 -9999 -9999 -9999 -9999 -9999 0.1100683 0.1100683 0.1015582 0.1015582 0.09385355 0.09385355 0.088824 0.088824 0.08253847 0.08253847 0.07459857 0.07459857 0.06274723 0.06274723 0.05748492 0.05748492 0.05838434 0.05838434 0.06437726 0.06437726 0.06748316 0.06748316 0.06657209 0.06657209 0.06473722 0.06473722 0.06521499 0.06521499 0.06595581 0.06595581 0.06724995 0.06724995 0.06803618 0.06803618 0.07410943 0.07410943 0.07991801 0.07991801 0.07304546 0.07304546 0.06441618 0.06441618 0.0584651 0.0584651 0.05020254 0.05020254 0.05022515 0.05022515 0.05428134 0.05428134 0.0574576
-9999 -9999 -9999 -9999 -9999 -9999 -9999 -9999 -9999 -9999 -9999 -9999 0.1161097 0.1161097 0.1040651 0.1040651 0.09298619 0.09298619 0.08381823 0.08381823 0.07824086 0.07824086 0.07257736 0.07257736 0.06598885 0.06598885 0.06068381 0.06068381 0.05830669 0.05830669 0.06866405 0.06866405 0.07499228 0.07499228 0.07657544 0.07657544 0.06938049 0.06938049 0.0676759 0.0676759 0.07248361 0.07248361 0.07812437 0.07812437 0.07792555 0.07792555 0.07939373 0.07939373 0.08041916 0.08041916 0.06991545 0.06991545 0.05707186 0.05707186 0.05123092 0.05123092 0.04606467 0.04606467 0.04558086 0.04558086 0.0528652 0.0528652 0.0548443 0.0548443 0.04944767
-9999 -9999 -9999 -9999 -9999 -9999 -9999 -9999 -9999 -9999 -9999 -9999 0.1161097 0.1161097 0.1040651 0.1040651 0.09298619 0.09298619 0.08381823 0.08381823 0.07824086 0.07824086 0.07257736 0.07257736 0.06598885 0.06598885 0.06068381 0.06068381 0.05830669 0.05830669 0.06866405 0.06866405 0.07499228 0.07499228 0.07657544 0.07657544 0.06938049 0.06938049 0.0676759 0.0676759 0.07248361 0.07248361 0.07812437 0.07812437 0.07792555 0.07792555 0.07939373 0.07939373 0.08041916 0.08041916 0.06991545 0.06991545 0.05707186 0.05707186 0.05123092 0.05123092 0.04606467 0.04606467 0.04558086 0.04558086 0.0528652 0.0528652 0.0548443 0.0548443 0.04944767
-9999 -9999 -9999 -9999 -9999 -9999 -9999 -9999 -9999 -9999 0.1244387 0.1244387 0.1138595 0.1138595 0.101331 0.101331 0.08802412 0.08802412 0.0745588 0.0745588 0.07149487 0.07149487 0.07219808 0.07219808 0.07305463 0.07305463 0.07251897 0.07251897 0.07879036 0.07879036 0.08609116 0.08609116 0.08649304 0.08649304 0.08196905 0.08196905 0.06967135 0.06967135 0.0698582 0.0698582 0.0788112 0.0788112 0.08297847 0.08297847 0.07817315 0.07817315 0.07491976 0.07491976 0.07042872 0.07042872 0.05311786 0.05311786 0.04316074 0.04316074 0.0377048 0.0377048 0.0378634 0.0378634 0.04681591 0.04681591 0.0512918 0.0512918 0.05025402 0.05025402 0.04365338
-9999 -9999 -9999 -9999 -9999 -9999 -9999 -9999 -9999 -9999 0.1244387 0.1244387 0.1138595 0.1138595 0.101331 0.101331 0.08802412 0.08802412 0.0745588 0.0745588 0.07149487 0.07149487 0.07219808 0.07219808 0.07305463 0.07305463 0.07251897 0.07251897 0.07879036 0.07879036 0.08609116 0.08609116 0.08649304 0.08649304 0.08196905 0.08196905 0.06967135 0.06967135 0.0698582 0.0698582 0.0788112 0.0788112 0.08297847 0.08297847 0.07817315 0.07817315 0.07491976 0.07491976 0.07042872 0.07042872 0.05311786 0.05311786 0.04316074 0.04316074 0.0377048 0.0377048 0.0378634 0.0378634 0.04681591 0.04681591 0.0512918 0.0512918 0.05025402 0.05025402 0.04365338
-9999 -9999 -9999 -9999 -9999 -9999 -9999 -9999 -9999 -9999 0.1222649 0.1222649 0.1093544 0.1093544 0.09717049 0.09717049 0.08964166 0.08964166 0.07853048 0.07853048 0.08331625 0.08331625 0.09111311 0.09111311 0.09448308 0.09448308 0.09476264 0.09476264 0.09142169 0.09142169 0.08309685 0.08309685 0.07625502 0.07625502 0.06660473 0.06660473 0.06029506 0.06029506 0.07138285 0.07138285 0.08319634 0.08319634 0.08064326 0.08064326 0.07382707 0.07382707 0.07207729 0.07207729 0.06369855 0.06369855 0.04722206 0.04722206 0.03441256 0.03441256 0.02924509 0.02924509 0.03714523 0.03714523 0.05105928 0.05105928 0.05102794 0.05102794 0.04941408 0.04941408 0.04522061
-9999 -9999 -9999 -9999 -9999 -9999 -9999 -9999 -9999 -9999 0.1222649 0.1222649 0.1093544 0.1093544 0.09717049 0.09717049 0.08964166 0.08964166 0.07853048 0.07853048 0.08331625 0.08331625 0.09111311 0.09111311 0.09448308 0.09448308 0.09476264 0.09476264 0.09142169 0.09142169 0.08309685 0.08309685 0.07625502 0.07625502 0.06660473 0.06660473 0.06029506 0.06029506 0.07138285 0.07138285 0.08319634 0.08319634 0.08064326 0.08064326 0.07382707 0.07382707 0.07207729 0.07207729 0.06369855 0.06369855 0.04722206 0.04722206 0.03441256 0.03441256 0.02924509 0.02924509 0.03714523 0.03714523 0.05105928 0.05105928 0.05102794 0.05102794 0.04941408 0.04941408 0.04522061
-9999 -9999 -9999 -9999 -9999 -9999 -9999 -9999 -9999 -9999 0.1265569 0.1265569 0.112976 0.112976 0.1006102 0.1006102 0.09062054 0.09062054 0.08763007 0.08763007 0.08791951 0.08791951 0.09286378 0.09286378 0.09386418 0.09386418 0.08869444 0.08869444 0.07590912 0.07590912 0.06460582 0.06460582 0.0574074 0.0574074 0.05415951 0.05415951 0.05742507 0.05742507 0.07409506 0.07409506 0.08519707 0.08519707 0.07951396 0.07951396 0.07207425 0.07207425 0.07101669 0.07101669 0.06361075 0.06361075 0.04424927 0.04424927 0.02923845 0.02923845 0.02905875 0.02905875 0.04116513 0.04116513 0.05348057 0.05348057 0.05110942 0.05110942 0.04810109 0.04810109 0.04915784
-9999 -9999 -9999 -9999 -9999 -9999 -9999 -9999 -9999 -9999 0.1265569 0.1265569 0.112976 0.112976 0.1006102 0.1006102 0.09062054 0.09062054 0.08763007 0.08763007 0.08791951 0.08791951 0.09286378 0.09286378 0.09386418 0.09386418 0.08869444 0.08869444 0.07590912 0.07590912 0.06460582 0.06460582 0.0574074 0.0574074 0.05415951 0.05415951 0.05742507 0.05742507 0.07409506 0.07409506 0.08519707 0.08519707 0.07951396 0.07951396 0.07207425 0.07207425 0.07101669 0.07101669 0.06361075 0.06361075 0.04424927 0.04424927 0.02923845 0.02923845 0.02905875 0.02905875 0.04116513 0.04116513 0.05348057 0.05348057 0.05110942 0.05110942 0.04810109 0.04810109 0.04915784
-9999 -9999 -9999 -9999 -9999 -9999 -9999 -9999 -9999 -9999 -9999 -9999 0.1217952 0.1217952 0.1123718 0.1123718 0.1058426 0.1058426 0.1004316 0.1004316 0.09668403 0.09668403 0.09478509 0.09478509 0.08229968 0.08229968 0.07713491 0.07713491 0.06780336 0.06780336 0.06027947 0.06027947 0.05473565 0.05473565 0.05486367 0.05486367 0.06725121 0.06725121 0.08340347 0.08340347 0.08624916 0.08624916 0.07662139 0.07662139 0.07152243 0.07152243 0.0714738 0.0714738 0.06200162 0.06200162 0.04525951 0.04525951 0.03060217 0.03060217 0.0299853 0.0299853 0.04040945 0.04040945 0.05174444 0.05174444 0.05082478 0.05082478 0.0471772 0.0471772 0.05197759
-9999 -9999 -9999 -9999 -9999 -9999 -9999 -9999 -9999 -9999 -9999 -9999 0.1217952 0.1217952 0.1123718 0.1123718 0.1058426 0.1058426 0.1004316 0.1004316 0.09668403 0.09668403 0.09478509 0.09478509 0.08229968 0.08229968 0.07713491 0.07713491 0.06780336 0.06780336 0.06027947 0.06027947 0.05473565 0.05473565 0.05486367 0.05486367 0.06725121 0.06725121 0.08340347 0.08340347 0.08624916 0.08624916 0.07662139 0.07662139 0.07152243 0.07152243 0.0714738 0.0714738 0.06200162 0.06200162 0.04525951 0.04525951 0.03060217 0.03060217 0.0299853 0.0299853 0.04040945 0.04040945 0.05174444 0.05174444 0.05082478 0.05082478 0.0471772 0.0471772 0.05197759
-9999 -9999 -9999 -9999 -9999 -9999 -9999 -9999 -9999 -9999 -9999 -9999 -9999 -9999 0.1248147 0.1248147 0.1201178 0.1201178 0.1151062 0.1151062 0.1111435 0.1111435 0.1032086 0.1032086 0.09358672 0.09358672 0.08705308 0.08705308 0.07967973 0.07967973 0.07364311 0.07364311 0.06940245 0.06940245 0.06848494 0.06848494 0.0810231 0.0810231 0.08671007 0.08671007 0.08200667 0.08200667 0.07361981 0.07361981 0.07223046 0.07223046 0.0726919 0.0726919 0.05980175 0.05980175 0.04575002 0.04575002 0.03725411 0.03725411 0.04024737 0.04024737 0.04529647 0.04529647 0.04886712 0.04886712 0.05308025 0.05308025 0.05028231 0.05028231 0.05373551
-9999 -9999 -9999 -9999 -9999 -9999 -9999 -9999 -9999 -9999 -9999 -9999 -9999 -9999 0.1248147 0.1248147 0.1201178 0.1201178 0.1151062 0.1151062 0.1111435 0.1111435 0.1032086 0.1032086 0.09358672 0.09358672 0.08705308 0.08705308 0.07967973 0.07967973 0.07364311 0.07364311 0.06940245 0.06940245 0.06848494 0.06848494 0.0810231 0.0810231 0.08671007 0.08671007 0.08200667 0.08200667 0.07361981 0.07361981 0.07223046 0.07223046 0.0726919 0.0726919 0.05980175 0.05980175 0.04575002 0.04575002 0.03725411 0.03725411 0.04024737 0.04024737 0.04529647 0.04529647 0.04886712 0.04886712 0.05308025 0.05308025 0.05028231 0.05028231 0.05373551
-9999 -9999 -9999 -9999 -9999 -9999 -9999 -9999 -9999 -9999 -9999 -9999 -9999 -9999 -9999 -9999 0.1331052 0.1331052 -9999 -9999 0.1240935 0.1240935 0.1160002 0.1160002 0.1092623 0.1092623 0.1026713 0.1026713 0.09679974 0.09679974 0.0925841 0.0925841 0.0839866 0.0839866 0.08055293 0.08055293 0.07758281 0.07758281 0.07746331 0.07746331 0.0810397 0.0810397 0.07736438 0.07736438 0.07727391 0.07727391 0.07526506 0.07526506 0.058171 0.058171 0.04800434 0.04800434 0.05212744 0.05212744 0.0538037 0.0538037 0.0522598 0.0522598 0.05195697 0.05195697 0.05806325 0.05806325 0.05513354 0.05513354 0.05512151
-9999 -9999 -9999 -9999 -9999 -9999 -9999 -9999 -9999 -9999 -9999 -9999 -9999 -9999 -9999 -9999 0.1331052 0.1331052 -9999 -9999 0.1240935 0.1240935 0.1160002 0.1160002 0.1092623 0.1092623 0.1026713 0.1026713 0.09679974 0.09679974 0.0925841 0.0925841 0.0839866 0.0839866 0.08055293 0.08055293 0.07758281 0.07758281 0.07746331 0.07746331 0.0810397 0.0810397 0.07736438 0.07736438 0.07727391 0.07727391 0.07526506 0.07526506 0.058171 0.058171 0.04800434 0.04800434 0.05212744 0.05212744 0.0538037 0.0538037 0.0522598 0.0522598 0.05195697 0.05195697 0.05806325 0.05806325 0.05513354 0.05513354 0.05512151
-9999 -9999 -9999 -9999 -9999 -9999 -9999 -9999 -9999 -9999 -9999 -9999 -9999 -9999 -9999 -9999 -9999 -9999 -9999 -9999 -9999 -9999 -9999 -9999 0.1232723 0.1232723 0.1202181 0.1202181 0.1163847 0.1163847 0.1049095 0.1049095 0.09566273 0.09566273 0.08652017 0.08652017 0.08920129 0.08920129 0.08596209 0.08596209 0.07799473 0.07799473 0.07654119 0.07654119 0.07847539 0.07847539 0.07880793 0.07880793 0.07352515 0.07352515 0.06647518 0.06647518 0.0684889 0.0684889 0.07019848 0.07019848 0.0629603 0.0629603 0.06027134 0.06027134 0.06407434 0.06407434 0.05779327 0.05779327 0.05673221
-9999 -9999 -9999 -9999 -9999 -9999 -9999 -9999 -9999 -9999 -9999 -9999 -9999 -9999 -9999 -9999 -9999 -9999 -9999 -9999 -9999 -9999 -9999 -9999 0.1232723 0.1232723 0.1202181 0.1202181 0.1163847 0.1163847 0.1049095 0.1049095 0.09566273 0.09566273 0.08652017 0.08652017 0.08920129 0.08920129 0.08596209 0.08596209 0.07799473 0.07799473 0.07654119 0.07654119 0.07847539 0.07847539 0.07880793 0.07880793 0.07352515 0.07352515 0.06647518 0.06647518 0.0684889 0.0684889 0.07019848 0.07019848 0.0629603 0.0629603 0.06027134 0.06027134 0.06407434 0.06407434 0.05779327 0.05779327 0.05673221
-9999 -9999 -9999 -9999 -9999 -9999 -9999 -9999 -9999 -9999 -9999 -9999 -9999 -9999 -9999 -9999 -9999 -9999 -9999 -9999 -9999 -9999 -9999 -9999 -9999 -9999 -9999 -9999 -9999 -9999 -9999 -9999 0.1050978 0.1050978 0.09995187 0.09995187 0.1007685 0.1007685 0.09955897 0.09955897 0.09431113 0.09431113 0.09154046 0.09154046 0.08936486 0.08936486 0.07875822 0.07875822 0.08213653 0.08213653 0.08713415 0.08713415 0.08841074 0.08841074 0.08723895 0.08723895 0.08012646 0.08012646 0.07699453 0.07699453 0.06821249 0.06821249 0.06964879 0.06964879 0.06162451
-9999 -9999 -9999 -9999 -9999 -9999 -9999 -9999 -9999 -9999 -9999 -9999 -9999 -9999 -9999 -9999 -9999 -9999 -9999 -9999 -9999 -9999 -9999 -9999 -9999 -9999 -9999 -9999 -9999 -9999 -9999 -9999 0.1050978 0.1050978 0.09995187 0.09995187 0.1007685 0.1007685 0.09955897 0.09955897 0.09431113 0.09431113 0.09154046 0.09154046 0.08936486 0.08936486 0.07875822 0.07875822 0.08213653 0.08213653 0.08713415 0.08713415 0.08841074 0.08841074 0.08723895 0.08723895 0.08012646 0.08012646 0.07699453 0.07699453 0.06821249 0.06821249 0.06964879 0.06964879 0.06162451
-9999 -9999 -9999 -9999 -9999 -9999 -9999 -9999 -9999 -9999 -9999 -9999 -9999 -9999 -9999 -9999 -9999 -9999 -9999 -9999 -9999 -9999 -9999 -9999 -9999 -9999 -9999 -9999 -9999 -9999 -9999 -9999 -9999 -9999 -9999 -9999 0.1154913 0.1154913 0.1148815 0.1148815 0.1121464 0.1121464 0.1110424 0.1110424 0.1037707 0.1037707 0.09706934 0.09706934 0.09830647 0.09830647 0.1029866 0.1029866 -9999 -9999 -9999 -9999 0.09970834 0.09970834 0.09289873 0.09289873 0.08685559 0.08685559 0.0869945 0.0869945 0.08167198
-9999 -9999 -9999 -9999 -9999 -9999 -9999 -9999 -9999 -9999 -9999 -9999 -9999 -9999 -9999 -9999 -9999 -9999 -9999 -9999 -9999 -9999 -9999 -9999 -9999 -9999 -9999 -9999 -9999 -9999 -9999 -9999 -9999 -9999 -9999 -9999 0.1154913 0.1154913 0.1148815 0.1148815 0.1121464 0.1121464 0.1110424 0.1110424 0.1037707 0.1037707 0.09706934 0.09706934 0.09830647 0.09830647 0.1029866 0.1029866 -9999 -9999 -9999 -9999 0.09970834 0.09970834 0.09289873 0.09289873 0.08685559 0.08685559 0.0869945 0.0869945 0.08167198
-9999 -9999 -9999 -9999 -9999 -9999 -9999 -9999 -9999 -9999 -9999 -9999 -9999 -9999 -9999 -9999 -9999 -9999 -9999 -9999 -9999 -9999 -9999 -9999 -9999 -9999 -9999 -9999 -9999 -9999 -9999 -9999 -9999 -9999 -9999 -9999 -9999 -9999 -9999 -9999 -9999 -9999 0.1224357 0.1224357 0.1160321 0.1160321 0.1126758 0.1126758 0.1131542 0.1131542 -9999 -9999 -9999 -9999 -9999 -9999 -9999 -9999 0.1068278 0.1068278 0.1024703 0.1024703 0.1010593 0.1010593 0.0957263
-9999 -9999 -9999 -9999 -9999 -9999 -9999 -9999 -9999 -9999 -9999 -9999 -9999 -9999 -9999 -9999 -9999 -9999 -9999 -9999 -9999 -9999 -9999 -9999 -9999 -9999 -9999 -9999 -9999 -9999 -9999 -9999 -9999 -9999 -9999 -9999 -9999 -9999 -9999 -9999 -9999 -9999 0.1224357 0.1224357 0.1160321 0.1160321 0.1126758 0.1126758 0.1131542 0.1131542 -9999 -9999 -9999 -9999 -9999 -9999 -9999 -9999 0.1068278 0.1068278 0.1024703 0.1024703 0.1010593 0.1010593 0.0957263
-9999 -9999 -9999 -9999 -9999 -9999 -9999 -9999 -9999 -9999 -9999 -9999 -9999 -9999 -9999 -9999 -9999 -9999 -9999 -9999 -9999 -9999 -9999 -9999 -9999 -9999 -9999 -9999 -9999 -9999 -9999 -9999 -9999 -9999 -9999 -9999 -9999 -9999 -9999 -9999 -9999 -9999 -9999 -9999 -9999 -9999 -9999 -9999 -9999 -9999 -9999 -9999 -9999 -9999 -9999 -9999 -9999 -9999 -9999 -9999 -9999 -9999 -9999 -9999 0.1089484
-9999 -9999 -9999 -9999 -9999 -9999 -9999 -9999 -9999 -9999 -9999 -9999 -9999 -9999 -9999 -9999 -9999 -9999 -9999 -9999 -9999 -9999 -9999 -9999 -9999 -9999 -9999 -9999 -9999 -9999 -9999 -9999 -9999 -9999 -9999 -9999 -9999 -9999 -9999 -9999 -9999 -9999 -9999 -9999 -9999 -9999 -9999 -9999 -9999 -9999 -9999 -9999 -9999 -9999 -9999 -9999 -9999 -9999 -9999 -9999 -9999 -9999 -9999 -9999 0.1089484
-9999 -9999 -9999 -9999 -9999 -9999 -9999 -9999 -9999 -9999 -9999 -9999 -9999 -9999 -9999 -9999 -9999 -9999 -9999 -9999 -9999 -9999 -9999 -9999 -9999 -9999 -9999 -9999 -9999 -9999 -9999 -9999 -9999 -9999 -9999 -9999 -9999 -9999 -9999 -9999 -9999 -9999 -9999 -9999 -9999 -9999 -9999 -9999 -9999 -9999 -9999 -9999 -9999 -9999 -9999 -9999 -9999 -9999 -9999 -9999 -9999 -9999 -9999 -9999 -9999
-9999 -9999 -9999 -9999 -9999 -9999 -9999 -9999 -9999 -9999 -9999 -9999 -9999 -9999 -9999 -9999 -9999 -9999 -9999 -9999 -9999 -9999 -9999 -9999 -9999 -9999 -9999 -9999 -9999 -9999 -9999 -9999 -9999 -9999 -9999 -9999 -9999 -9999 -9999 -9999 -9999 -9999 -9999 -9999 -9999 -9999 -9999 -9999 -9999 -9999 -9999 -9999 -9999 -9999 -9999 -9999 -9999 -9999 -9999 -9999 -9999 -9999 -9999 -9999 -9999
-9999 -9999 -9999 -9999 -9999 -9999 -9999 -9999 -9999 -9999 -9999 -9999 -9999 -9999 -9999 -9999 -9999 -9999 -9999 -9999 -9999 -9999 -9999 -9999 -9999 -9999 -9999 -9999 -9999 -9999 -9999 -9999 -9999 -9999 -9999 -9999 -9999 -9999 -9999 -9999 -9999 -9999 -9999 -9999 -9999 -9999 -9999 -9999 -9999 -9999 -9999 -9999 -9999 -9999 -9999 -9999 -9999 -9999 -9999 -9999 -9999 -9999 -9999 -9999 -9999
