ASPA-UH-Flopy_REPO/Models/Tutuila_PyPCGA/Flo_py_wrkspace/Figures/GW_Head.asc
NCOLS 200
NROWS 100
XLLCENTER 515244
YLLCENTER 8410178
CELLSIZE 167.0
NODATA_value -999.0
[rows 51 to 67 of 100, columns 0 to 36 of 200]
1.000000014901161194e-01 1.000000014901161194e-01 1.000000014901161194e-01 1.000000014901161194e-01 1.000000014901161194e-01 1.000000014901161194e-01 1.000000014901161194e-01 1.000000014901161194e-01 1.295252796262502670e-02 3.930743038654327393e-02 1.114430725574493408e-01 3.059749901294708252e-01 7.288034558296203613e-01 1.434956550598144531e+00 2.448911190032958984e+00 3.738196611404418945e+00 5.210365772247314453e+00 6.749881267547607422e+00 8.004918098449707031e+00 9.285176277160644531e+00 9.901669502258300781e+00 1.046341323852539062e+01 1.092916774749755859e+01 1.136422252655029297e+01 1.177841091156005859e+01 1.218714237213134766e+01 1.259528255462646484e+01 1.298730945587158203e+01 1.336518192291259766e+01 1.372043800354003906e+01 1.405092144012451172e+01 1.435712623596191406e+01 1.465555286407470703e+01 1.495475673675537109e+01 1.524898052215576172e+01 1.553612041473388672e+01 1.580691814422607422e+01
1.000000014901161194e-01 1.000000014901161194e-01 1.000000014901161194e-01 1.000000014901161194e-01 1.000000014901161194e-01 1.000000014901161194e-01 1.000000014901161194e-01 6.470005027949810028e-03 2.292288839817047119e-02 6.819646060466766357e-02 1.909662932157516479e-01 4.797258973121643066e-01 1.042045116424560547e+00 1.938570141792297363e+00 3.217983484268188477e+00 4.847493648529052734e+00 6.755478382110595703e+00 8.182231903076171875e+00 8.883027076721191406e+00 9.527589797973632812e+00 1.012140274047851562e+01 1.065090274810791016e+01 1.111539173126220703e+01 1.155523872375488281e+01 1.196217441558837891e+01 1.235337829589843750e+01 1.273324108123779297e+01 1.309837818145751953e+01 1.345584106445312500e+01 1.380376815795898438e+01 1.412760257720947266e+01 1.443444728851318359e+01 1.474501514434814453e+01 1.505241012573242188e+01 1.534848308563232422e+01 1.563947677612304688e+01 1.591033744812011719e+01
1.000000014901161194e-01 1.000000014901161194e-01 1.000000014901161194e-01 1.000000014901161194e-01 1.000000014901161194e-01 1.000000014901161194e-01 1.000000014901161194e-01 1.231150422245264053e-02 3.738142922520637512e-02 1.102997511625289917e-01 2.897975742816925049e-01 6.707626581192016602e-01 1.355298042297363281e+00 2.408742666244506836e+00 3.899300098419189453e+00 5.897146701812744141e+00 7.741366386413574219e+00 8.483201980590820312e+00 9.129456520080566406e+00 9.721655845642089844e+00 1.028578662872314453e+01 1.080085659027099609e+01 1.125417041778564453e+01 1.168384265899658203e+01 1.209018421173095703e+01 1.247408866882324219e+01 1.284049129486083984e+01 1.318869972229003906e+01 1.352881431579589844e+01 1.386638164520263672e+01 1.417855930328369141e+01 1.448380947113037109e+01 1.480021762847900391e+01 1.511362838745117188e+01 1.540345859527587891e+01 1.569986915588378906e+01 1.598384761810302734e+01
1.000000014901161194e-01 1.000000014901161194e-01 9.348433464765548706e-03 9.588391520082950592e-03 1.000000014901161194e-01 1.000000014901161194e-01 8.130849339067935944e-03 2.407688647508621216e-02 6.411772966384887695e-02 1.725382655858993530e-01 4.101547896862030029e-01 8.739269375801086426e-01 1.653846859931945801e+00 2.778990030288696289e+00 4.310470581054687500e+00 6.314264297485351562e+00 8.014834403991699219e+00 8.716891288757324219e+00 9.329525947570800781e+00 9.885879516601562500e+00 1.041216754913330078e+01 1.090975856781005859e+01 1.135573005676269531e+01 1.177079677581787109e+01 1.217261695861816406e+01 1.254432678222656250e+01 1.290234851837158203e+01 1.323699760437011719e+01 1.356282043457031250e+01 1.388346004486083984e+01 1.419181346893310547e+01 1.449307632446289062e+01 1.480833530426025391e+01 1.511686515808105469e+01 1.541686725616455078e+01 1.571977424621582031e+01 1.601469612121582031e+01
1.000000014901161194e-01 1.000000014901161194e-01 1.000000014901161194e-01 1.000000014901161194e-01 1.908314734464511275e-04 7.783297915011644363e-03 1.846945285797119141e-02 4.499052837491035461e-02 1.115236058831214905e-01 2.625519335269927979e-01 5.632764697074890137e-01 1.096882104873657227e+00 1.932397961616516113e+00 3.106221437454223633e+00 4.641672134399414062e+00 6.561741352081298828e+00 8.185971260070800781e+00 8.883456230163574219e+00 9.481410980224609375e+00 1.001625061035156250e+01 1.051218318939208984e+01 1.098464393615722656e+01 1.141863632202148438e+01 1.181806564331054688e+01 1.219619178771972656e+01 1.255756473541259766e+01 1.289871311187744141e+01 1.322341346740722656e+01 1.354384994506835938e+01 1.385450267791748047e+01 1.415580463409423828e+01 1.445794486999511719e+01 1.476646041870117188e+01 1.507645320892333984e+01 1.538678932189941406e+01 1.569589710235595703e+01 1.600063133239746094e+01
1.000000014901161194e-01 1.000000014901161194e-01 1.000000014901161194e-01 1.000000014901161194e-01 4.829566925764083862e-03 1.433205977082252502e-02 3.370996192097663879e-02 8.383037894964218140e-02 1.892973333597183228e-01 4.021093249320983887e-01 7.828301191329956055e-01 1.394451141357421875e+00 2.283483266830444336e+00 3.482333421707153320e+00 5.020249366760253906e+00 6.854558944702148438e+00 8.295416831970214844e+00 8.976296424865722656e+00 9.581435203552246094e+00 1.010733413696289062e+01 1.058344078063964844e+01 1.102636623382568359e+01 1.143696784973144531e+01 1.181842899322509766e+01 1.217671871185302734e+01 1.252311038970947266e+01 1.285002517700195312e+01 1.316211605072021484e+01 1.347212600708007812e+01 1.377980232238769531e+01 1.407877635955810547e+01 1.438206291198730469e+01 1.469060325622558594e+01 1.500519847869873047e+01 1.532448577880859375e+01 1.564153099060058594e+01 1.595650386810302734e+01
1.000000014901161194e-01 1.000000014901161194e-01 1.000000014901161194e-01 1.000000014901161194e-01 9.978352114558219910e-03 2.252572961151599884e-02 5.802286416292190552e-02 1.453026980161666870e-01 3.149616122245788574e-01 6.165533065795898438e-01 1.098479628562927246e+00 1.808201074600219727e+00 2.766068458557128906e+00 3.979860067367553711e+00 5.592064857482910156e+00 7.305917263031005859e+00 8.286272048950195312e+00 9.008853912353515625e+00 9.608511924743652344e+00 1.012549972534179688e+01 1.059723377227783203e+01 1.102381229400634766e+01 1.141510486602783203e+01 1.177375602722167969e+01 1.211137866973876953e+01 1.243928337097167969e+01 1.275804519653320312e+01 1.305552387237548828e+01 1.335531806945800781e+01 1.366005897521972656e+01 1.396596050262451172e+01 1.427310276031494141e+01 1.458435535430908203e+01 1.490535354614257812e+01 1.523148345947265625e+01 1.555144119262695312e+01 1.587628459930419922e+01
1.000000014901161194e-01 1.000000014901161194e-01 1.000000014901161194e-01 1.875461195595562458e-03 1.390547864139080048e-02 3.387956693768501282e-02 9.234002977609634399e-02 2.358859032392501831e-01 4.968992769718170166e-01 9.149556756019592285e-01 1.520664215087890625e+00 2.361793041229248047e+00 3.443093538284301758e+00 4.557250976562500000e+00 5.929235935211181641e+00 7.394317626953125000e+00 8.258038520812988281e+00 8.972205162048339844e+00 9.572974205017089844e+00 1.007883930206298828e+01 1.053790760040283203e+01 1.095694637298583984e+01 1.133621501922607422e+01 1.167969322204589844e+01 1.199956417083740234e+01 1.230669784545898438e+01 1.261389446258544922e+01 1.290512752532958984e+01 1.319936275482177734e+01 1.350646781921386719e+01 1.381910324096679688e+01 1.413401603698730469e+01 1.445005035400390625e+01 1.477353477478027344e+01 1.510148811340332031e+01 1.543170833587646484e+01 1.576663112640380859e+01
1.000000014901161194e-01 1.000000014901161194e-01 1.000000014901161194e-01 5.249709822237491608e-03 1.930416747927665710e-02 5.013745650649070740e-02 1.388982981443405151e-01 3.385057747364044189e-01 6.981410384178161621e-01 1.279782772064208984e+00 2.033313989639282227e+00 3.055043458938598633e+00 4.255015850067138672e+00 5.190411567687988281e+00 6.197445869445800781e+00 7.275569915771484375e+00 8.143792152404785156e+00 8.850167274475097656e+00 9.463339805603027344e+00 9.976319313049316406e+00 1.043166160583496094e+01 1.083956813812255859e+01 1.120152568817138672e+01 1.153538513183593750e+01 1.183822345733642578e+01 1.213145637512207031e+01 1.242437839508056641e+01 1.271071338653564453e+01 1.300123882293701172e+01 1.331216335296630859e+01 1.363668537139892578e+01 1.396235847473144531e+01 1.428710174560546875e+01 1.460817050933837891e+01 1.493522644042968750e+01 1.527941226959228516e+01 1.562636184692382812e+01
1.000000014901161194e-01 1.000000014901161194e-01 1.000000014901161194e-01 8.130623027682304382e-03 2.275152876973152161e-02 5.911482125520706177e-02 1.593768745660781860e-01 3.982335329055786133e-01 8.886088132858276367e-01 1.662073254585266113e+00 2.517788171768188477e+00 3.404179811477661133e+00 4.314566135406494141e+00 5.205117702484130859e+00 6.127797603607177734e+00 7.066118240356445312e+00 7.907751083374023438e+00 8.638078689575195312e+00 9.272543907165527344e+00 9.803930282592773438e+00 1.026604652404785156e+01 1.066964721679687500e+01 1.101542758941650391e+01 1.132869338989257812e+01 1.162495326995849609e+01 1.190982055664062500e+01 1.219264411926269531e+01 1.247033023834228516e+01 1.275831985473632812e+01 1.307394886016845703e+01 1.341655635833740234e+01 1.375760746002197266e+01 1.408923625946044922e+01 1.440769004821777344e+01 1.473271942138671875e+01 1.508587074279785156e+01 1.545072174072265625e+01
1.000000014901161194e-01 1.000000014901161194e-01 1.000000014901161194e-01 7.298517972230911255e-03 2.210663445293903351e-02 5.482536554336547852e-02 1.435356438159942627e-01 3.448359668254852295e-01 7.441590428352355957e-01 1.341880083084106445e+00 2.149260759353637695e+00 3.212844610214233398e+00 4.098814010620117188e+00 4.993641853332519531e+00 5.853574752807617188e+00 6.726943016052246094e+00 7.560543060302734375e+00 8.311952590942382812e+00 8.987138748168945312e+00 9.553469657897949219e+00 1.003102779388427734e+01 1.043363571166992188e+01 1.077686405181884766e+01 1.107771587371826172e+01 1.136346912384033203e+01 1.163988590240478516e+01 1.190993595123291016e+01 1.218323135375976562e+01 1.246132564544677734e+01 1.278281021118164062e+01 1.315604114532470703e+01 1.352229118347167969e+01 1.384859943389892578e+01 1.416506862640380859e+01 1.448769855499267578e+01 1.484582328796386719e+01 1.522986888885498047e+01
1.000000014901161194e-01 1.000000014901161194e-01 1.000000014901161194e-01 1.934443600475788116e-03 1.752676628530025482e-02 4.152358695864677429e-02 1.021199151873588562e-01 2.396463006734848022e-01 5.066069960594177246e-01 9.635908603668212891e-01 1.572167396545410156e+00 2.391183853149414062e+00 3.287145614624023438e+00 4.394186973571777344e+00 5.281135559082031250e+00 6.137200355529785156e+00 6.983684062957763672e+00 7.842775344848632812e+00 8.577316284179687500e+00 9.195471763610839844e+00 9.707328796386718750e+00 1.012368869781494141e+01 1.047762203216552734e+01 1.077341175079345703e+01 1.105120468139648438e+01 1.131771087646484375e+01 1.156945228576660156e+01 1.183358192443847656e+01 1.209791564941406250e+01 1.241458988189697266e+01 1.285821819305419922e+01 1.325193119049072266e+01 1.356844997406005859e+01 1.386293506622314453e+01 1.418280696868896484e+01 1.454582118988037109e+01 1.494910049438476562e+01
1.000000014901161194e-01 1.000000014901161194e-01 1.000000014901161194e-01 1.000000014901161194e-01 1.023402903228998184e-02 2.774050459265708923e-02 6.201680749654769897e-02 1.404146850109100342e-01 3.048008084297180176e-01 5.963714718818664551e-01 1.040943503379821777e+00 1.611484169960021973e+00 2.293285846710205078e+00 3.157180547714233398e+00 3.945034027099609375e+00 4.767196655273437500e+00 5.663197040557861328e+00 6.791492462158203125e+00 8.050114631652832031e+00 8.738554000854492188e+00 9.308831214904785156e+00 9.749302864074707031e+00 1.011299896240234375e+01 1.041067695617675781e+01 1.067811870574951172e+01 1.093210029602050781e+01 1.116147804260253906e+01 1.139966392517089844e+01 1.163664531707763672e+01 1.188198757171630859e+01 1.181355094909667969e+01 1.234725761413574219e+01 1.323478984832763672e+01 1.347287464141845703e+01 1.378879451751708984e+01 1.416437339782714844e+01 1.458995914459228516e+01
1.000000014901161194e-01 1.000000014901161194e-01 1.000000014901161194e-01 1.000000014901161194e-01 7.574833580292761326e-04 1.551369111984968185e-02 3.463445603847503662e-02 7.392480969429016113e-02 1.633791923522949219e-01 3.388893604278564453e-01 6.301248669624328613e-01 1.021524786949157715e+00 1.485515713691711426e+00 2.072728633880615234e+00 2.711500167846679688e+00 3.428618907928466797e+00 4.287026405334472656e+00 5.381196498870849609e+00 6.850771903991699219e+00 8.155610084533691406e+00 8.831277847290039062e+00 9.312769889831542969e+00 9.696990013122558594e+00 9.989252090454101562e+00 1.024114418029785156e+01 1.047310733795166016e+01 1.066670322418212891e+01 1.085817813873291016e+01 1.104862499237060547e+01 1.060366630554199219e+01 1.024423122406005859e+01 1.078074645996093750e+01 1.205184173583984375e+01 1.291036415100097656e+01 1.327506637573242188e+01 1.368514347076416016e+01 1.414022827148437500e+01
1.000000014901161194e-01 1.000000014901161194e-01 1.000000014901161194e-01 1.000000014901161194e-01 1.000000014901161194e-01 5.448991432785987854e-03 1.845624670386314392e-02 3.811937198042869568e-02 8.153540641069412231e-02 1.729992479085922241e-01 3.412181138992309570e-01 5.888614058494567871e-01 8.910433053970336914e-01 1.269209623336791992e+00 1.753147363662719727e+00 2.343201398849487305e+00 3.100527524948120117e+00 4.053513526916503906e+00 5.222862720489501953e+00 6.567420005798339844e+00 7.649916172027587891e+00 8.739567756652832031e+00 9.206474304199218750e+00 9.488215446472167969e+00 9.730463027954101562e+00 9.928884506225585938e+00 1.006650161743164062e+01 1.019393348693847656e+01 9.618711471557617188e+00 8.814819335937500000e+00 8.686100006103515625e+00 9.353761672973632812e+00 1.079835700988769531e+01 1.216795158386230469e+01 1.261197948455810547e+01 1.309598159790039062e+01 1.358811759948730469e+01
1.000000014901161194e-01 1.000000014901161194e-01 1.000000014901161194e-01 1.000000014901161194e-01 1.000000014901161194e-01 1.000000014901161194e-01 8.055029436945915222e-03 2.022859826683998108e-02 4.046930000185966492e-02 8.221323788166046143e-02 1.625869870185852051e-01 2.945013642311096191e-01 4.729543924331665039e-01 7.135521769523620605e-01 1.048012614250183105e+00 1.500536918640136719e+00 2.107993364334106445e+00 2.884897232055664062e+00 3.801597118377685547e+00 4.793719768524169922e+00 5.814954280853271484e+00 7.019218444824218750e+00 7.919051647186279297e+00 8.837075233459472656e+00 9.118336677551269531e+00 9.295738220214843750e+00 9.339193344116210938e+00 8.681039810180664062e+00 7.666602611541748047e+00 7.121687889099121094e+00 7.175314426422119141e+00 7.957551956176757812e+00 9.564033508300781250e+00 1.132657051086425781e+01 1.177907180786132812e+01 1.239310741424560547e+01 1.293104553222656250e+01
1.000000014901161194e-01 1.000000014901161194e-01 1.000000014901161194e-01 1.000000014901161194e-01 1.000000014901161194e-01 1.000000014901161194e-01 1.000000014901161194e-01 7.995652034878730774e-03 2.028036676347255707e-02 3.932919353246688843e-02 7.375124841928482056e-02 1.333434879779815674e-01 2.258740067481994629e-01 3.642256259918212891e-01 5.744072794914245605e-01 8.830928802490234375e-01 1.318812608718872070e+00 1.900790572166442871e+00 2.605384588241577148e+00 3.363711595535278320e+00 4.177710056304931641e+00 5.077361583709716797e+00 5.922119617462158203e+00 6.924593925476074219e+00 7.326855182647705078e+00 7.497020244598388672e+00 7.417735099792480469e+00 6.543629169464111328e+00 5.876172542572021484e+00 5.539816379547119141e+00 5.701044559478759766e+00 6.439799308776855469e+00 7.743173599243164062e+00 9.490636825561523438e+00 1.056184577941894531e+01 1.075652122497558594e+01 1.144114017486572266e+01
