ASPA-UH-Flopy_REPO/Models/Tutuila_PyPCGA/Flo_py_wrkspace/Figures/GW_Head.asc
NCOLS 200
NROWS 100
XLLCENTER 515244
YLLCENTER 8410178
CELLSIZE 167.0
NODATA_value -999.0
[rows 17 to 33 of 100, columns 74 to 110 of 200]
1.000000014901161194e-01 1.000000014901161194e-01 1.000000014901161194e-01 1.000000014901161194e-01 1.000000014901161194e-01 1.000000014901161194e-01 1.000000014901161194e-01 1.000000014901161194e-01 1.000000014901161194e-01 1.000000014901161194e-01 1.000000014901161194e-01 6.299231899902224541e-04 2.464259043335914612e-02 6.143688037991523743e-02 1.501593738794326782e-01 3.526137173175811768e-01 7.272994518280029297e-01 1.291739463806152344e+00 1.989112854003906250e+00 2.695756673812866211e+00 3.276599168777465820e+00 3.840255737304687500e+00 4.579508304595947266e+00 5.764253616333007812e+00 7.573173046112060547e+00 9.379128456115722656e+00 9.896389007568359375e+00 1.028675079345703125e+01 1.058751964569091797e+01 1.080964946746826172e+01 1.098567485809326172e+01 1.112251567840576172e+01 1.125948238372802734e+01 1.139140987396240234e+01 1.148202610015869141e+01 1.152354717254638672e+01 1.154622268676757812e+01
1.000000014901161194e-01 1.000000014901161194e-01 1.000000014901161194e-01 1.000000014901161194e-01 1.000000014901161194e-01 1.000000014901161194e-01 1.000000014901161194e-01 1.000000014901161194e-01 1.000000014901161194e-01 1.000000014901161194e-01 1.000000014901161194e-01 2.303449250757694244e-02 6.004690006375312805e-02 1.481953114271163940e-01 3.520757257938385010e-01 7.481474876403808594e-01 1.393243670463562012e+00 2.282018899917602539e+00 3.337228298187255859e+00 4.371349334716796875e+00 5.019849777221679688e+00 5.500757694244384766e+00 6.007727146148681641e+00 6.983858585357666016e+00 8.570516586303710938e+00 1.008059978485107422e+01 1.052770805358886719e+01 1.083404827117919922e+01 1.108036422729492188e+01 1.127579212188720703e+01 1.141569995880126953e+01 1.152380657196044922e+01 1.162565135955810547e+01 1.172414588928222656e+01 1.177243804931640625e+01 1.180481433868408203e+01 1.180376434326171875e+01
1.000000014901161194e-01 1.000000014901161194e-01 1.000000014901161194e-01 1.000000014901161194e-01 1.000000014901161194e-01 1.000000014901161194e-01 1.000000014901161194e-01 1.000000014901161194e-01 1.000000014901161194e-01 1.000000014901161194e-01 2.152962237596511841e-02 5.739780515432357788e-02 1.422629803419113159e-01 3.342026174068450928e-01 7.093164920806884766e-01 1.338473796844482422e+00 2.263183832168579102e+00 3.492739200592041016e+00 4.996331214904785156e+00 6.587330818176269531e+00 7.287614822387695312e+00 7.666891574859619141e+00 7.715717315673828125e+00 8.379225730895996094e+00 9.584764480590820312e+00 1.077900600433349609e+01 1.111673927307128906e+01 1.135003852844238281e+01 1.153755092620849609e+01 1.168600082397460938e+01 1.179512119293212891e+01 1.187046051025390625e+01 1.193368911743164062e+01 1.199328231811523438e+01 1.200374984741210938e+01 1.199959182739257812e+01 1.198110961914062500e+01
1.000000014901161194e-01 1.000000014901161194e-01 1.000000014901161194e-01 1.000000014901161194e-01 1.000000014901161194e-01 1.000000014901161194e-01 1.000000014901161194e-01 1.000000014901161194e-01 1.000000014901161194e-01 2.007494121789932251e-02 5.377141386270523071e-02 1.334175169467926025e-01 3.149743378162384033e-01 6.659096479415893555e-01 1.243933796882629395e+00 2.096791744232177734e+00 3.255134105682373047e+00 4.772754192352294922e+00 6.763834953308105469e+00 8.616989135742187500e+00 9.197423934936523438e+00 9.548518180847167969e+00 9.584318161010742188e+00 1.006070137023925781e+01 1.081499099731445312e+01 1.146231555938720703e+01 1.167107963562011719e+01 1.183721637725830078e+01 1.196625232696533203e+01 1.206021118164062500e+01 1.213496875762939453e+01 1.216325378417968750e+01 1.217883205413818359e+01 1.218536376953125000e+01 1.217584514617919922e+01 1.212235069274902344e+01 1.206909751892089844e+01
1.000000014901161194e-01 1.000000014901161194e-01 1.000000014901161194e-01 1.000000014901161194e-01 1.000000014901161194e-01 1.000000014901161194e-01 1.000000014901161194e-01 1.000000014901161194e-01 1.880356296896934509e-02 4.943620041012763977e-02 1.226407736539840698e-01 2.930733263492584229e-01 6.269647479057312012e-01 1.173956036567687988e+00 1.965133428573608398e+00 3.013580322265625000e+00 4.327368259429931641e+00 5.929576396942138672e+00 7.863796234130859375e+00 9.476515769958496094e+00 1.005311965942382812e+01 1.053917884826660156e+01 1.108068466186523438e+01 1.152173042297363281e+01 1.188099098205566406e+01 1.205718421936035156e+01 1.218980693817138672e+01 1.229162502288818359e+01 1.236145210266113281e+01 1.239531421661376953e+01 1.241250228881835938e+01 1.239919471740722656e+01 1.236383819580078125e+01 1.231629371643066406e+01 1.225968265533447266e+01 1.216350650787353516e+01 1.206942176818847656e+01
1.000000014901161194e-01 1.000000014901161194e-01 1.000000014901161194e-01 1.000000014901161194e-01 1.000000014901161194e-01 1.000000014901161194e-01 1.000000014901161194e-01 1.710271462798118591e-02 4.420309886336326599e-02 1.076662987470626831e-01 2.609482109546661377e-01 5.751139521598815918e-01 1.105858206748962402e+00 1.876813650131225586e+00 2.893407106399536133e+00 4.143203258514404297e+00 5.595682621002197266e+00 7.200664043426513672e+00 8.880153656005859375e+00 1.030457115173339844e+01 1.086583042144775391e+01 1.134764480590820312e+01 1.178951358795166016e+01 1.214424037933349609e+01 1.240605640411376953e+01 1.255143737792968750e+01 1.265140914916992188e+01 1.270332717895507812e+01 1.271233654022216797e+01 1.268677902221679688e+01 1.264309215545654297e+01 1.258143901824951172e+01 1.248290824890136719e+01 1.237939167022705078e+01 1.225999641418457031e+01 1.212773418426513672e+01 1.199800300598144531e+01
1.000000014901161194e-01 1.000000014901161194e-01 1.000000014901161194e-01 1.000000014901161194e-01 1.000000014901161194e-01 1.000000014901161194e-01 1.569491997361183167e-02 3.832664713263511658e-02 9.023458510637283325e-02 2.190178036689758301e-01 5.003602504730224609e-01 1.005943775177001953e+00 1.765104770660400391e+00 2.780810594558715820e+00 4.044936180114746094e+00 5.534973144531250000e+00 7.187958717346191406e+00 8.875560760498046875e+00 1.016865825653076172e+01 1.118683719635009766e+01 1.167569828033447266e+01 1.209670829772949219e+01 1.245956611633300781e+01 1.274091529846191406e+01 1.293365478515625000e+01 1.305542373657226562e+01 1.311384487152099609e+01 1.309829616546630859e+01 1.303558444976806641e+01 1.293721199035644531e+01 1.281971836090087891e+01 1.268661594390869141e+01 1.253309154510498047e+01 1.236758995056152344e+01 1.219632720947265625e+01 1.201569080352783203e+01 1.183089923858642578e+01
1.000000014901161194e-01 1.000000014901161194e-01 1.000000014901161194e-01 1.000000014901161194e-01 2.693744609132409096e-03 1.636292226612567902e-02 3.460897132754325867e-02 7.514084875583648682e-02 1.754921972751617432e-01 4.080945253372192383e-01 8.641325235366821289e-01 1.592957139015197754e+00 2.601215600967407227e+00 3.877172470092773438e+00 5.406855106353759766e+00 7.156681537628173828e+00 9.097912788391113281e+00 1.062236499786376953e+01 1.143609428405761719e+01 1.201542758941650391e+01 1.249833869934082031e+01 1.287868785858154297e+01 1.317863178253173828e+01 1.342292404174804688e+01 1.359062004089355469e+01 1.367126083374023438e+01 1.364427375793457031e+01 1.353740787506103516e+01 1.337411212921142578e+01 1.316881656646728516e+01 1.295249843597412109e+01 1.273510265350341797e+01 1.250669574737548828e+01 1.226805973052978516e+01 1.202529907226562500e+01 1.177725887298583984e+01 1.151895046234130859e+01
1.000000014901161194e-01 1.000000014901161194e-01 1.133839716203510761e-03 1.202374789863824844e-02 2.194706350564956665e-02 3.694936260581016541e-02 6.814082711935043335e-02 1.428939849138259888e-01 3.194096684455871582e-01 6.954054832458496094e-01 1.353944897651672363e+00 2.324448585510253906e+00 3.599866390228271484e+00 5.144672393798828125e+00 6.930800437927246094e+00 8.906033515930175781e+00 1.059658622741699219e+01 1.150357818603515625e+01 1.228543090820312500e+01 1.291272354125976562e+01 1.339752960205078125e+01 1.376402187347412109e+01 1.406434535980224609e+01 1.430412387847900391e+01 1.443898963928222656e+01 1.445004463195800781e+01 1.431182670593261719e+01 1.405212306976318359e+01 1.371617221832275391e+01 1.335574054718017578e+01 1.301027870178222656e+01 1.268208408355712891e+01 1.235558605194091797e+01 1.202572917938232422e+01 1.169988536834716797e+01 1.136880588531494141e+01 1.102350521087646484e+01
2.309166826307773590e-03 1.367959659546613693e-02 2.343188598752021790e-02 3.507831320166587830e-02 5.141837894916534424e-02 7.919738441705703735e-02 1.363156288862228394e-01 2.642694413661956787e-01 5.445523858070373535e-01 1.082438468933105469e+00 1.950015902519226074e+00 3.177242279052734375e+00 4.741493701934814453e+00 6.562634468078613281e+00 8.586541175842285156e+00 1.036666393280029297e+01 1.151452732086181641e+01 1.246368312835693359e+01 1.326826858520507812e+01 1.393124198913574219e+01 1.442934417724609375e+01 1.482679557800292969e+01 1.516554450988769531e+01 1.538793277740478516e+01 1.545510482788085938e+01 1.538917255401611328e+01 1.511136817932128906e+01 1.462663555145263672e+01 1.398839759826660156e+01 1.340233516693115234e+01 1.290368747711181641e+01 1.244893646240234375e+01 1.200815582275390625e+01 1.157746315002441406e+01 1.116523265838623047e+01 1.076569652557373047e+01 1.031684207916259766e+01
2.628474310040473938e-02 4.082502052187919617e-02 5.954495817422866821e-02 8.520577102899551392e-02 1.212101802229881287e-01 1.759563982486724854e-01 2.759569883346557617e-01 4.761312603950500488e-01 8.675373792648315430e-01 1.556879043579101562e+00 2.620179653167724609e+00 4.104581356048583984e+00 5.937036991119384766e+00 8.088590621948242188e+00 1.002679252624511719e+01 1.134283065795898438e+01 1.251310348510742188e+01 1.355380725860595703e+01 1.438474845886230469e+01 1.506517982482910156e+01 1.561345005035400391e+01 1.606565666198730469e+01 1.643554115295410156e+01 1.665331459045410156e+01 1.667764091491699219e+01 1.648770523071289062e+01 1.603528785705566406e+01 1.522608375549316406e+01 1.402628898620605469e+01 1.314716625213623047e+01 1.243351173400878906e+01 1.180498313903808594e+01 1.117599010467529297e+01 1.059258556365966797e+01 1.004931068420410156e+01 9.547209739685058594e+00 8.941150665283203125e+00
6.700392812490463257e-02 1.002567782998085022e-01 1.465193331241607666e-01 2.072814106941223145e-01 2.862800359725952148e-01 3.883344829082489014e-01 5.479769110679626465e-01 8.265209197998046875e-01 1.313077569007873535e+00 2.113321304321289062e+00 3.318187952041625977e+00 4.987647533416748047e+00 7.124187469482421875e+00 9.452183723449707031e+00 1.097118759155273438e+01 1.235787582397460938e+01 1.362485599517822266e+01 1.474647998809814453e+01 1.562997817993164062e+01 1.634922981262207031e+01 1.694022178649902344e+01 1.746270751953125000e+01 1.787845802307128906e+01 1.809447669982910156e+01 1.806523323059082031e+01 1.775129127502441406e+01 1.718976783752441406e+01 1.622541809082031250e+01 1.485927963256835938e+01 1.385111427307128906e+01 1.294406890869140625e+01 1.206393051147460938e+01 1.108597660064697266e+01 1.020272254943847656e+01 9.474914550781250000e+00 8.882261276245117188e+00 8.242815971374511719e+00
1.579885035753250122e-01 2.375643253326416016e-01 3.435330986976623535e-01 4.724638462066650391e-01 6.238734722137451172e-01 8.017742633819580078e-01 1.042425394058227539e+00 1.390771269798278809e+00 1.928194761276245117e+00 2.773463964462280273e+00 4.035294055938720703e+00 5.783288955688476562e+00 7.976094722747802734e+00 1.028896522521972656e+01 1.192948722839355469e+01 1.347094345092773438e+01 1.484183216094970703e+01 1.604215240478515625e+01 1.701614952087402344e+01 1.777678298950195312e+01 1.844551467895507812e+01 1.903668022155761719e+01 1.946254920959472656e+01 1.965116119384765625e+01 1.960480880737304688e+01 1.925921440124511719e+01 1.864062881469726562e+01 1.775214767456054688e+01 1.666465950012207031e+01 1.561481857299804688e+01 1.453065681457519531e+01 1.342988872528076172e+01 1.202167224884033203e+01 1.081050777435302734e+01 9.935726165771484375e+00 9.417000770568847656e+00 8.821312904357910156e+00
3.532280325889587402e-01 5.150461792945861816e-01 7.174568176269531250e-01 9.546896219253540039e-01 1.219038009643554688e+00 1.511470437049865723e+00 1.852118372917175293e+00 2.245017051696777344e+00 2.776727199554443359e+00 3.592185258865356445e+00 4.817293167114257812e+00 6.526727676391601562e+00 8.698625564575195312e+00 1.106313323974609375e+01 1.295565223693847656e+01 1.466713047027587891e+01 1.617028999328613281e+01 1.750806427001953125e+01 1.850081443786621094e+01 1.936539649963378906e+01 2.012918472290039062e+01 2.075554466247558594e+01 2.115752983093261719e+01 2.130297851562500000e+01 2.121883583068847656e+01 2.079541778564453125e+01 2.014243888854980469e+01 1.930661582946777344e+01 1.829331588745117188e+01 1.722196960449218750e+01 1.610301971435546875e+01 1.488377285003662109e+01 1.357247447967529297e+01 1.213376808166503906e+01 1.116244792938232422e+01 1.071402931213378906e+01 1.009564781188964844e+01
7.330217957496643066e-01 1.010524988174438477e+00 1.352113127708435059e+00 1.740091562271118164e+00 2.159024953842163086e+00 2.595399379730224609e+00 3.046273469924926758e+00 3.464308738708496094e+00 3.933363676071166992e+00 4.645673751831054688e+00 5.755102634429931641e+00 7.350641727447509766e+00 9.419193267822265625e+00 1.194378852844238281e+01 1.407601547241210938e+01 1.595592212677001953e+01 1.757665061950683594e+01 1.895415115356445312e+01 2.012272644042968750e+01 2.112700843811035156e+01 2.196171569824218750e+01 2.257096862792968750e+01 2.293172836303710938e+01 2.307867240905761719e+01 2.294906806945800781e+01 2.238129806518554688e+01 2.160518264770507812e+01 2.075883483886718750e+01 1.977293205261230469e+01 1.861997985839843750e+01 1.745750045776367188e+01 1.622966384887695312e+01 1.492882823944091797e+01 1.370336532592773438e+01 1.269999408721923828e+01 1.181644153594970703e+01 1.099466037750244141e+01
1.375392198562622070e+00 1.810371160507202148e+00 2.323805093765258789e+00 2.890220880508422852e+00 3.488272666931152344e+00 4.087080001831054688e+00 4.657881736755371094e+00 5.129605293273925781e+00 5.463521003723144531e+00 6.001389980316162109e+00 6.928780555725097656e+00 8.360269546508789062e+00 1.031452560424804688e+01 1.298907470703125000e+01 1.528147506713867188e+01 1.729311370849609375e+01 1.903683853149414062e+01 2.053635406494140625e+01 2.184521865844726562e+01 2.292973518371582031e+01 2.378596878051757812e+01 2.440325355529785156e+01 2.470768737792968750e+01 2.472458076477050781e+01 2.441565513610839844e+01 2.379436302185058594e+01 2.298031806945800781e+01 2.205826950073242188e+01 2.100249290466308594e+01 1.983900070190429688e+01 1.864310264587402344e+01 1.737062644958496094e+01 1.606309700012207031e+01 1.484479618072509766e+01 1.375697326660156250e+01 1.276956844329833984e+01 1.181051063537597656e+01
2.321957111358642578e+00 2.937112092971801758e+00 3.649054050445556641e+00 4.426636695861816406e+00 5.223098754882812500e+00 6.000720977783203125e+00 6.722750663757324219e+00 7.328467369079589844e+00 7.408642292022705078e+00 7.697929382324218750e+00 8.381755828857421875e+00 9.589043617248535156e+00 1.176949691772460938e+01 1.418411254882812500e+01 1.652102851867675781e+01 1.869483184814453125e+01 2.057078552246093750e+01 2.219595527648925781e+01 2.354313850402832031e+01 2.463339996337890625e+01 2.547015571594238281e+01 2.604826164245605469e+01 2.627151107788085938e+01 2.621440505981445312e+01 2.580014991760253906e+01 2.514351272583007812e+01 2.426599311828613281e+01 2.322942924499511719e+01 2.209484481811523438e+01 2.090923500061035156e+01 1.966691207885742188e+01 1.837997245788574219e+01 1.707276153564453125e+01 1.580768489837646484e+01 1.464420509338378906e+01 1.356221389770507812e+01 1.251953220367431641e+01
