ASPA-UH-Flopy_REPO/Models/Tutuila_PyPCGA/Flo_py_wrkspace/Figures/GW_Head.asc
NCOLS 200
NROWS 100
XLLCENTER 515244
YLLCENTER 8410178
CELLSIZE 167.0
NODATA_value -999.0
[rows 17 to 33 of 100, columns 111 to 147 of 200]
1.156433391571044922e+01 1.158051967620849609e+01 1.159116172790527344e+01 1.160386848449707031e+01 1.160162258148193359e+01 1.159086608886718750e+01 1.156526184082031250e+01 1.153723526000976562e+01 1.149083900451660156e+01 1.142111778259277344e+01 1.135515975952148438e+01 1.127351951599121094e+01 1.119019222259521484e+01 1.111416625976562500e+01 1.103711509704589844e+01 1.093511009216308594e+01 1.078663730621337891e+01 1.059541893005371094e+01 1.037199020385742188e+01 1.012290573120117188e+01 9.635188102722167969e+00 9.498752593994140625e+00 9.698085784912109375e+00 9.840022087097167969e+00 9.821313858032226562e+00 9.784230232238769531e+00 9.765631675720214844e+00 9.694859504699707031e+00 9.569397926330566406e+00 9.436649322509765625e+00 9.303188323974609375e+00 9.152855873107910156e+00 8.979583740234375000e+00 8.778763771057128906e+00 8.587802886962890625e+00 7.804809570312500000e+00 7.195997238159179688e+00
1.179130363464355469e+01 1.177819347381591797e+01 1.176809310913085938e+01 1.175998687744140625e+01 1.173718547821044922e+01 1.171924495697021484e+01 1.168662929534912109e+01 1.165313243865966797e+01 1.160905742645263672e+01 1.155718708038330078e+01 1.150316810607910156e+01 1.143421554565429688e+01 1.137209224700927734e+01 1.131162261962890625e+01 1.125243759155273438e+01 1.117825412750244141e+01 1.106911468505859375e+01 1.092811775207519531e+01 1.078085803985595703e+01 1.062327957153320312e+01 1.054445648193359375e+01 1.046326065063476562e+01 1.031528759002685547e+01 1.030055522918701172e+01 1.026031780242919922e+01 1.021545028686523438e+01 1.016172122955322266e+01 1.006226921081542969e+01 9.949235916137695312e+00 9.823869705200195312e+00 9.695274353027343750e+00 9.548225402832031250e+00 9.379055976867675781e+00 9.199875831604003906e+00 9.003955841064453125e+00 8.742693901062011719e+00 8.422171592712402344e+00
1.193511676788330078e+01 1.189294528961181641e+01 1.185631370544433594e+01 1.182015037536621094e+01 1.178059577941894531e+01 1.175037670135498047e+01 1.172250270843505859e+01 1.169019889831542969e+01 1.164605903625488281e+01 1.161086082458496094e+01 1.156549835205078125e+01 1.152310752868652344e+01 1.148380279541015625e+01 1.144492340087890625e+01 1.140308189392089844e+01 1.135005664825439453e+01 1.127937507629394531e+01 1.118697643280029297e+01 1.109499263763427734e+01 1.099305820465087891e+01 1.090669059753417969e+01 1.082678890228271484e+01 1.072390937805175781e+01 1.065516567230224609e+01 1.059791946411132812e+01 1.054031181335449219e+01 1.046953964233398438e+01 1.037238979339599609e+01 1.026893997192382812e+01 1.014915084838867188e+01 1.001690673828125000e+01 9.861722946166992188e+00 9.697270393371582031e+00 9.516064643859863281e+00 9.317292213439941406e+00 9.083929061889648438e+00 8.810423851013183594e+00
1.199300384521484375e+01 1.192406845092773438e+01 1.186037349700927734e+01 1.180024051666259766e+01 1.174699592590332031e+01 1.170736408233642578e+01 1.167398262023925781e+01 1.164612197875976562e+01 1.161414337158203125e+01 1.159568786621093750e+01 1.157116413116455078e+01 1.155462360382080078e+01 1.153955650329589844e+01 1.151886463165283203e+01 1.150014591217041016e+01 1.146122837066650391e+01 1.141944313049316406e+01 1.137299060821533203e+01 1.132302570343017578e+01 1.126511001586914062e+01 1.119412040710449219e+01 1.111713314056396484e+01 1.101734638214111328e+01 1.092639446258544922e+01 1.085025119781494141e+01 1.078418254852294922e+01 1.071203517913818359e+01 1.062775135040283203e+01 1.053083610534667969e+01 1.041303253173828125e+01 1.026950168609619141e+01 1.010750293731689453e+01 9.942695617675781250e+00 9.768445968627929688e+00 9.570008277893066406e+00 9.351242065429687500e+00 9.097820281982421875e+00
1.196763420104980469e+01 1.187476825714111328e+01 1.179030036926269531e+01 1.170799541473388672e+01 1.164453983306884766e+01 1.159779262542724609e+01 1.156702518463134766e+01 1.154814434051513672e+01 1.152675724029541016e+01 1.152435779571533203e+01 1.152738761901855469e+01 1.153968143463134766e+01 1.154337787628173828e+01 1.154354476928710938e+01 1.153784656524658203e+01 1.152335834503173828e+01 1.150698947906494141e+01 1.148806762695312500e+01 1.146428203582763672e+01 1.143359661102294922e+01 1.138320064544677734e+01 1.131412792205810547e+01 1.122654247283935547e+01 1.113792419433593750e+01 1.105361366271972656e+01 1.097954177856445312e+01 1.090903186798095703e+01 1.083520698547363281e+01 1.074132251739501953e+01 1.062220096588134766e+01 1.047422599792480469e+01 1.031725692749023438e+01 1.013437938690185547e+01 9.956277847290039062e+00 9.769021034240722656e+00 9.553753852844238281e+00 9.297761917114257812e+00
1.186539077758789062e+01 1.173966026306152344e+01 1.162467861175537109e+01 1.152959823608398438e+01 1.146477317810058594e+01 1.142615509033203125e+01 1.140680980682373047e+01 1.139638233184814453e+01 1.139477157592773438e+01 1.140951728820800781e+01 1.143943595886230469e+01 1.147581958770751953e+01 1.150736713409423828e+01 1.153024578094482422e+01 1.154288864135742188e+01 1.154553604125976562e+01 1.154444026947021484e+01 1.154033374786376953e+01 1.153111743927001953e+01 1.151521015167236328e+01 1.149378776550292969e+01 1.144631195068359375e+01 1.136901473999023438e+01 1.129374217987060547e+01 1.120873165130615234e+01 1.113108634948730469e+01 1.105591487884521484e+01 1.097833728790283203e+01 1.088791847229003906e+01 1.077159118652343750e+01 1.062036800384521484e+01 1.046014785766601562e+01 1.028133392333984375e+01 1.009606552124023438e+01 9.910051345825195312e+00 9.686754226684570312e+00 9.439519882202148438e+00
1.164771461486816406e+01 1.147688865661621094e+01 1.132539653778076172e+01 1.122043228149414062e+01 1.116964817047119141e+01 1.116155433654785156e+01 1.117342376708984375e+01 1.118338584899902344e+01 1.121209812164306641e+01 1.125223731994628906e+01 1.130708217620849609e+01 1.136697673797607422e+01 1.142463970184326172e+01 1.147305393218994141e+01 1.150803947448730469e+01 1.153000354766845703e+01 1.154164028167724609e+01 1.154615879058837891e+01 1.154665946960449219e+01 1.153902626037597656e+01 1.152491760253906250e+01 1.149396991729736328e+01 1.144148445129394531e+01 1.137901592254638672e+01 1.129969215393066406e+01 1.122355461120605469e+01 1.114877700805664062e+01 1.106521129608154297e+01 1.097196006774902344e+01 1.085684967041015625e+01 1.070876407623291016e+01 1.054763984680175781e+01 1.037001800537109375e+01 1.018108940124511719e+01 9.983414649963378906e+00 9.766708374023437500e+00 9.520953178405761719e+00
1.127082443237304688e+01 1.106006145477294922e+01 1.086395645141601562e+01 1.075506019592285156e+01 1.073475837707519531e+01 1.077681922912597656e+01 1.084571743011474609e+01 1.086435222625732422e+01 1.094157409667968750e+01 1.102354240417480469e+01 1.111082839965820312e+01 1.120504188537597656e+01 1.128955078125000000e+01 1.136556720733642578e+01 1.142623901367187500e+01 1.147046470642089844e+01 1.149764060974121094e+01 1.151247692108154297e+01 1.151839923858642578e+01 1.151978492736816406e+01 1.151646137237548828e+01 1.149715328216552734e+01 1.146139621734619141e+01 1.140740871429443359e+01 1.133910274505615234e+01 1.126612758636474609e+01 1.119054698944091797e+01 1.110464668273925781e+01 1.100865364074707031e+01 1.089197826385498047e+01 1.074705028533935547e+01 1.058731460571289062e+01 1.040975952148437500e+01 1.021809577941894531e+01 1.001017761230468750e+01 9.782286643981933594e+00 9.530509948730468750e+00
1.069375038146972656e+01 9.895657539367675781e+00 9.379401206970214844e+00 9.164306640625000000e+00 9.134875297546386719e+00 9.285950660705566406e+00 9.700608253479003906e+00 1.037773513793945312e+01 1.054777526855468750e+01 1.068733596801757812e+01 1.082271099090576172e+01 1.098215198516845703e+01 1.109860134124755859e+01 1.121020507812500000e+01 1.130021572113037109e+01 1.136595249176025391e+01 1.141120338439941406e+01 1.144052410125732422e+01 1.145683670043945312e+01 1.146460533142089844e+01 1.147146892547607422e+01 1.146562671661376953e+01 1.144259357452392578e+01 1.140180397033691406e+01 1.133883953094482422e+01 1.126676654815673828e+01 1.118802261352539062e+01 1.110165119171142578e+01 1.100392436981201172e+01 1.088796997070312500e+01 1.074804210662841797e+01 1.058450794219970703e+01 1.039961814880371094e+01 1.020277404785156250e+01 9.984020233154296875e+00 9.740513801574707031e+00 9.469336509704589844e+00
9.372598648071289062e+00 8.269672393798828125e+00 7.583301544189453125e+00 7.204202651977539062e+00 7.077094554901123047e+00 7.206684589385986328e+00 7.651327610015869141e+00 8.522662162780761719e+00 8.918075561523437500e+00 9.181442260742187500e+00 9.484875679016113281e+00 1.008991432189941406e+01 1.083577156066894531e+01 1.100252532958984375e+01 1.112987422943115234e+01 1.122599506378173828e+01 1.129537105560302734e+01 1.134083747863769531e+01 1.137184238433837891e+01 1.139187049865722656e+01 1.140446758270263672e+01 1.140499973297119141e+01 1.139250659942626953e+01 1.136551380157470703e+01 1.130325508117675781e+01 1.123423004150390625e+01 1.115592288970947266e+01 1.106723499298095703e+01 1.096695423126220703e+01 1.084887409210205078e+01 1.070753955841064453e+01 1.053958129882812500e+01 1.034385108947753906e+01 1.013281345367431641e+01 9.899170875549316406e+00 9.635856628417968750e+00 9.337553024291992188e+00
7.968441963195800781e+00 7.027645587921142578e+00 6.266924381256103516e+00 5.713262081146240234e+00 5.415522575378417969e+00 5.414884567260742188e+00 5.726889133453369141e+00 6.257698535919189453e+00 6.694734096527099609e+00 7.139083385467529297e+00 7.743178367614746094e+00 8.667309761047363281e+00 9.998921394348144531e+00 1.076961040496826172e+01 1.094078159332275391e+01 1.106844329833984375e+01 1.116178226470947266e+01 1.122830486297607422e+01 1.127648067474365234e+01 1.130635166168212891e+01 1.132255554199218750e+01 1.132646560668945312e+01 1.131534862518310547e+01 1.129100608825683594e+01 1.123704242706298828e+01 1.117421531677246094e+01 1.109694004058837891e+01 1.100678253173828125e+01 1.090118885040283203e+01 1.077541542053222656e+01 1.062726402282714844e+01 1.045470046997070312e+01 1.024596786499023438e+01 1.001603889465332031e+01 9.757152557373046875e+00 9.469088554382324219e+00 9.140892028808593750e+00
7.446832656860351562e+00 6.587388515472412109e+00 5.721016407012939453e+00 4.881294727325439453e+00 4.275496006011962891e+00 4.017425060272216797e+00 4.113164901733398438e+00 4.485528945922851562e+00 4.975416660308837891e+00 5.610560417175292969e+00 6.492232799530029297e+00 7.736154556274414062e+00 9.386542320251464844e+00 1.050923919677734375e+01 1.074411106109619141e+01 1.090949535369873047e+01 1.102647876739501953e+01 1.111070251464843750e+01 1.117310333251953125e+01 1.121192932128906250e+01 1.122966194152832031e+01 1.123313140869140625e+01 1.122280120849609375e+01 1.119249629974365234e+01 1.114675998687744141e+01 1.108824253082275391e+01 1.101463413238525391e+01 1.092410182952880859e+01 1.080888366699218750e+01 1.066805076599121094e+01 1.050246620178222656e+01 1.031366729736328125e+01 1.010395240783691406e+01 9.853950500488281250e+00 9.567379951477050781e+00 9.254096984863281250e+00 8.889918327331542969e+00
8.095611572265625000e+00 7.243501186370849609e+00 6.217726707458496094e+00 4.873056411743164062e+00 3.778599977493286133e+00 3.133308172225952148e+00 2.957746505737304688e+00 3.181812286376953125e+00 3.712336540222167969e+00 4.528049468994140625e+00 5.686041831970214844e+00 7.244340896606445312e+00 9.088515281677246094e+00 1.024055194854736328e+01 1.052639865875244141e+01 1.073364543914794922e+01 1.087491989135742188e+01 1.098047542572021484e+01 1.105629539489746094e+01 1.110555171966552734e+01 1.112925148010253906e+01 1.113212299346923828e+01 1.111590099334716797e+01 1.108156204223632812e+01 1.103507804870605469e+01 1.097670459747314453e+01 1.090159606933593750e+01 1.080823135375976562e+01 1.068878173828125000e+01 1.053261375427246094e+01 1.035113525390625000e+01 1.014383029937744141e+01 9.913969039916992188e+00 9.641990661621093750e+00 9.334521293640136719e+00 8.987266540527343750e+00 8.595376014709472656e+00
9.325612068176269531e+00 8.413981437683105469e+00 7.275761604309082031e+00 5.509968757629394531e+00 3.829145908355712891e+00 2.759965658187866211e+00 2.268762826919555664e+00 2.323753118515014648e+00 2.868510007858276367e+00 3.834354639053344727e+00 5.231482505798339844e+00 7.230965137481689453e+00 9.178298950195312500e+00 9.914151191711425781e+00 1.028973770141601562e+01 1.053030872344970703e+01 1.069313812255859375e+01 1.081771278381347656e+01 1.091309738159179688e+01 1.097549724578857422e+01 1.100476169586181641e+01 1.100805377960205078e+01 1.098726272583007812e+01 1.094975090026855469e+01 1.089915657043457031e+01 1.083767223358154297e+01 1.076460266113281250e+01 1.066740608215332031e+01 1.053983783721923828e+01 1.037293720245361328e+01 1.016637134552001953e+01 9.926757812500000000e+00 9.664194107055664062e+00 9.370103836059570312e+00 9.037351608276367188e+00 8.657716751098632812e+00 8.243408203125000000e+00
1.011299514770507812e+01 9.176940917968750000e+00 7.510464668273925781e+00 5.624360084533691406e+00 3.973365783691406250e+00 2.734852313995361328e+00 1.993665695190429688e+00 1.840942025184631348e+00 2.322245597839355469e+00 3.348041534423828125e+00 4.752048015594482422e+00 6.534231185913085938e+00 8.595926284790039062e+00 9.751218795776367188e+00 1.007718181610107422e+01 1.032322883605957031e+01 1.049878978729248047e+01 1.063289833068847656e+01 1.074146080017089844e+01 1.081689453125000000e+01 1.085304546356201172e+01 1.085438537597656250e+01 1.083031368255615234e+01 1.078949928283691406e+01 1.073706722259521484e+01 1.066696262359619141e+01 1.057900333404541016e+01 1.047545719146728516e+01 1.033914756774902344e+01 1.015995025634765625e+01 9.919435501098632812e+00 9.644532203674316406e+00 9.340700149536132812e+00 9.030362129211425781e+00 8.654279708862304688e+00 8.219017028808593750e+00 7.167088508605957031e+00
1.081110382080078125e+01 9.795086860656738281e+00 8.005112648010253906e+00 6.045408725738525391e+00 4.375052928924560547e+00 3.032310009002685547e+00 2.079298734664916992e+00 1.673027634620666504e+00 1.983803868293762207e+00 2.979578733444213867e+00 4.421335220336914062e+00 6.187127113342285156e+00 8.160408020019531250e+00 9.436527252197265625e+00 9.820598602294921875e+00 1.009193229675292969e+01 1.028822612762451172e+01 1.043085765838623047e+01 1.054429054260253906e+01 1.062675857543945312e+01 1.067282295227050781e+01 1.067402458190917969e+01 1.064811801910400391e+01 1.060720157623291016e+01 1.054596233367919922e+01 1.045945644378662109e+01 1.035115528106689453e+01 1.023019599914550781e+01 1.007714843750000000e+01 9.883231163024902344e+00 9.590555191040039062e+00 9.281361579895019531e+00 8.901412010192871094e+00 8.607974052429199219e+00 8.175608634948730469e+00 7.631708621978759766e+00 6.036882400512695312e+00
1.146117782592773438e+01 1.038550090789794922e+01 8.570356369018554688e+00 6.688786983489990234e+00 5.103165626525878906e+00 3.654497861862182617e+00 2.472756385803222656e+00 1.766009807586669922e+00 1.808090090751647949e+00 2.664096832275390625e+00 4.186273097991943359e+00 6.251147270202636719e+00 8.214518547058105469e+00 9.043732643127441406e+00 9.514138221740722656e+00 9.826333999633789062e+00 1.004280948638916016e+01 1.019820594787597656e+01 1.031908702850341797e+01 1.040507221221923828e+01 1.045373344421386719e+01 1.045778751373291016e+01 1.042972087860107422e+01 1.038326263427734375e+01 1.031266880035400391e+01 1.021079349517822266e+01 1.008146953582763672e+01 9.921113967895507812e+00 9.709650039672851562e+00 9.028938293457031250e+00 8.401473999023437500e+00 8.111003875732421875e+00 8.130885124206542969e+00 7.422505378723144531e+00 6.753422260284423828e+00 5.898596763610839844e+00 4.464600086212158203e+00
