ASPA-UH-Flopy_REPO/Models/Tutuila_PyPCGA/Flo_py_wrkspace/Figures/GW_Head.asc
NCOLS 200
NROWS 100
XLLCENTER 515244
YLLCENTER 8410178
CELLSIZE 167.0
NODATA_value -999.0
[rows 68 to 84 of 100, columns 37 to 73 of 200]
1.019857406616210938e+01 1.083982276916503906e+01 1.135427570343017578e+01 1.280639362335205078e+01 1.460062599182128906e+01 1.529020500183105469e+01 1.593237209320068359e+01 1.639158630371093750e+01 1.675296211242675781e+01 1.704048538208007812e+01 1.728875732421875000e+01 1.752199935913085938e+01 1.774840927124023438e+01 1.796652603149414062e+01 1.818438529968261719e+01 1.840512847900390625e+01 1.864442443847656250e+01 1.887771415710449219e+01 1.910666656494140625e+01 1.933238220214843750e+01 1.952960968017578125e+01 1.968448448181152344e+01 1.981777954101562500e+01 1.994375228881835938e+01 2.006174468994140625e+01 2.017815589904785156e+01 2.028691101074218750e+01 2.038761520385742188e+01 2.048972320556640625e+01 2.057040786743164062e+01 2.063981056213378906e+01 2.069200706481933594e+01 2.070352172851562500e+01 2.067595672607421875e+01 2.059503364562988281e+01 2.048010635375976562e+01 2.033147811889648438e+01
7.782737731933593750e+00 8.507761001586914062e+00 9.344345092773437500e+00 1.066191577911376953e+01 1.242098045349121094e+01 1.355218315124511719e+01 1.480004882812500000e+01 1.607189941406250000e+01 1.648864555358886719e+01 1.677295684814453125e+01 1.702178764343261719e+01 1.725919151306152344e+01 1.748966407775878906e+01 1.771465492248535156e+01 1.793709564208984375e+01 1.816015052795410156e+01 1.839210319519042969e+01 1.863262557983398438e+01 1.885666275024414062e+01 1.905947113037109375e+01 1.923308181762695312e+01 1.937008094787597656e+01 1.946753692626953125e+01 1.956418228149414062e+01 1.965185737609863281e+01 1.973764991760253906e+01 1.981796264648437500e+01 1.989259147644042969e+01 1.996893310546875000e+01 2.003600311279296875e+01 2.009490776062011719e+01 2.014232444763183594e+01 2.015857696533203125e+01 2.014068603515625000e+01 2.008455085754394531e+01 1.999407196044921875e+01 1.986594581604003906e+01
5.854148387908935547e+00 6.592010974884033203e+00 7.472176074981689453e+00 8.633706092834472656e+00 1.001114749908447266e+01 1.130832195281982422e+01 1.274289608001708984e+01 1.443973159790039062e+01 1.564698886871337891e+01 1.648977279663085938e+01 1.673459053039550781e+01 1.697666358947753906e+01 1.721502304077148438e+01 1.744831848144531250e+01 1.767822837829589844e+01 1.790517997741699219e+01 1.813006973266601562e+01 1.836022758483886719e+01 1.857144927978515625e+01 1.875652313232421875e+01 1.890909767150878906e+01 1.902230453491210938e+01 1.910223960876464844e+01 1.917671585083007812e+01 1.924175071716308594e+01 1.930121421813964844e+01 1.935671615600585938e+01 1.940932273864746094e+01 1.946038055419921875e+01 1.951278495788574219e+01 1.955603027343750000e+01 1.959473228454589844e+01 1.961028099060058594e+01 1.959790039062500000e+01 1.955579948425292969e+01 1.948053932189941406e+01 1.937049484252929688e+01
4.296383380889892578e+00 5.002607345581054688e+00 5.859426975250244141e+00 6.928565025329589844e+00 8.187414169311523438e+00 9.550367355346679688e+00 1.108849430084228516e+01 1.284076023101806641e+01 1.473451519012451172e+01 1.612790298461914062e+01 1.641364860534667969e+01 1.667239570617675781e+01 1.691871452331542969e+01 1.715942573547363281e+01 1.740019226074218750e+01 1.762771606445312500e+01 1.784635543823242188e+01 1.805480575561523438e+01 1.824592971801757812e+01 1.841264915466308594e+01 1.855088996887207031e+01 1.864756965637207031e+01 1.872548294067382812e+01 1.878664207458496094e+01 1.883497810363769531e+01 1.887676620483398438e+01 1.891617012023925781e+01 1.895500183105468750e+01 1.898770332336425781e+01 1.902024841308593750e+01 1.905376625061035156e+01 1.907734680175781250e+01 1.908568191528320312e+01 1.907331848144531250e+01 1.903544425964355469e+01 1.896786880493164062e+01 1.886771011352539062e+01
3.058886528015136719e+00 3.708827733993530273e+00 4.529281616210937500e+00 5.551578521728515625e+00 6.790964126586914062e+00 8.235269546508789062e+00 9.904216766357421875e+00 1.183925151824951172e+01 1.411652660369873047e+01 1.575479030609130859e+01 1.607372856140136719e+01 1.635075759887695312e+01 1.660472297668457031e+01 1.684775924682617188e+01 1.708110427856445312e+01 1.729823684692382812e+01 1.750471305847167969e+01 1.769502449035644531e+01 1.786891746520996094e+01 1.802058982849121094e+01 1.814893913269042969e+01 1.825097656250000000e+01 1.833227920532226562e+01 1.839213943481445312e+01 1.843405532836914062e+01 1.846552658081054688e+01 1.849698829650878906e+01 1.852840232849121094e+01 1.855309295654296875e+01 1.857338523864746094e+01 1.859167671203613281e+01 1.860087585449218750e+01 1.859990310668945312e+01 1.858297348022460938e+01 1.854404258728027344e+01 1.847859191894531250e+01 1.838535690307617188e+01
2.123551845550537109e+00 2.717581510543823242e+00 3.493977785110473633e+00 4.493328094482421875e+00 5.746887683868408203e+00 7.274136066436767578e+00 9.081484794616699219e+00 1.118738079071044922e+01 1.366235637664794922e+01 1.539209270477294922e+01 1.572392654418945312e+01 1.601487350463867188e+01 1.627657508850097656e+01 1.651567268371582031e+01 1.673924446105957031e+01 1.694599151611328125e+01 1.713844490051269531e+01 1.731532478332519531e+01 1.747594451904296875e+01 1.761799240112304688e+01 1.774053192138671875e+01 1.784262657165527344e+01 1.792535018920898438e+01 1.799207115173339844e+01 1.803922653198242188e+01 1.807156181335449219e+01 1.810216331481933594e+01 1.812730979919433594e+01 1.814249420166015625e+01 1.815535545349121094e+01 1.816232109069824219e+01 1.816345214843750000e+01 1.815483283996582031e+01 1.813393783569335938e+01 1.809047698974609375e+01 1.802320098876953125e+01 1.792961692810058594e+01
1.460052132606506348e+00 1.999431848526000977e+00 2.737815856933593750e+00 3.724284172058105469e+00 5.006160259246826172e+00 6.613039493560791016e+00 8.539928436279296875e+00 1.078081512451171875e+01 1.334010410308837891e+01 1.502744770050048828e+01 1.536826419830322266e+01 1.567052841186523438e+01 1.593597793579101562e+01 1.617340850830078125e+01 1.638743019104003906e+01 1.658260154724121094e+01 1.676173973083496094e+01 1.692471885681152344e+01 1.707249069213867188e+01 1.720604324340820312e+01 1.732475280761718750e+01 1.742811775207519531e+01 1.751574897766113281e+01 1.758966827392578125e+01 1.764868736267089844e+01 1.768953514099121094e+01 1.772141456604003906e+01 1.774349975585937500e+01 1.775357246398925781e+01 1.776202011108398438e+01 1.776307678222656250e+01 1.775823593139648438e+01 1.774410629272460938e+01 1.771848678588867188e+01 1.767052268981933594e+01 1.760008811950683594e+01 1.750760269165039062e+01
1.019257545471191406e+00 1.503833413124084473e+00 2.204049825668334961e+00 3.176907062530517578e+00 4.481024742126464844e+00 6.160349845886230469e+00 8.212448120117187500e+00 1.062336063385009766e+01 1.317193412780761719e+01 1.464420604705810547e+01 1.500520229339599609e+01 1.532009506225585938e+01 1.559218978881835938e+01 1.582625675201416016e+01 1.603176689147949219e+01 1.621442222595214844e+01 1.638074111938476562e+01 1.653251647949218750e+01 1.666942596435546875e+01 1.679505538940429688e+01 1.691043663024902344e+01 1.701505279541015625e+01 1.710681724548339844e+01 1.718706321716308594e+01 1.725561523437500000e+01 1.730715942382812500e+01 1.733869361877441406e+01 1.736139106750488281e+01 1.737748146057128906e+01 1.738449859619140625e+01 1.738352203369140625e+01 1.737495231628417969e+01 1.735679244995117188e+01 1.732539939880371094e+01 1.727171134948730469e+01 1.720163726806640625e+01 1.710707283020019531e+01
7.387676239013671875e-01 1.171114683151245117e+00 1.825886368751525879e+00 2.770901203155517578e+00 4.071469783782958984e+00 5.792106151580810547e+00 7.984261035919189453e+00 1.085348129272460938e+01 1.338486766815185547e+01 1.417844963073730469e+01 1.463731479644775391e+01 1.497656154632568359e+01 1.525217628479003906e+01 1.548323440551757812e+01 1.568128013610839844e+01 1.585425376892089844e+01 1.600846290588378906e+01 1.614915275573730469e+01 1.627738189697265625e+01 1.639703941345214844e+01 1.650831985473632812e+01 1.661163520812988281e+01 1.670541954040527344e+01 1.678836441040039062e+01 1.686017608642578125e+01 1.691863250732421875e+01 1.695678710937500000e+01 1.698338508605957031e+01 1.700409317016601562e+01 1.701327323913574219e+01 1.701220893859863281e+01 1.700247955322265625e+01 1.698047828674316406e+01 1.694294929504394531e+01 1.688373374938964844e+01 1.680899429321289062e+01 1.671286773681640625e+01
5.598447918891906738e-01 9.425635337829589844e-01 1.543308138847351074e+00 2.434370279312133789e+00 3.680597782135009766e+00 5.325917243957519531e+00 7.375861167907714844e+00 9.827470779418945312e+00 1.249374961853027344e+01 1.394984531402587891e+01 1.432835865020751953e+01 1.464957618713378906e+01 1.491967868804931641e+01 1.514772605895996094e+01 1.534238052368164062e+01 1.551018619537353516e+01 1.565713691711425781e+01 1.578877830505371094e+01 1.590998363494873047e+01 1.602314186096191406e+01 1.612768173217773438e+01 1.622585678100585938e+01 1.631751823425292969e+01 1.639900016784667969e+01 1.646929740905761719e+01 1.652861595153808594e+01 1.657417488098144531e+01 1.660612297058105469e+01 1.662835121154785156e+01 1.664065742492675781e+01 1.664119720458984375e+01 1.662992095947265625e+01 1.660499382019042969e+01 1.656121063232421875e+01 1.649672508239746094e+01 1.641428756713867188e+01 1.631330871582031250e+01
4.420281648635864258e-01 7.780985236167907715e-01 1.317676901817321777e+00 2.133290529251098633e+00 3.287906885147094727e+00 4.816945075988769531e+00 6.718903541564941406e+00 8.973328590393066406e+00 1.162386322021484375e+01 1.364335632324218750e+01 1.402116298675537109e+01 1.433044433593750000e+01 1.459532642364501953e+01 1.482268047332763672e+01 1.501906394958496094e+01 1.518594551086425781e+01 1.533013248443603516e+01 1.545724773406982422e+01 1.557193183898925781e+01 1.567725372314453125e+01 1.577363204956054688e+01 1.586346626281738281e+01 1.594711494445800781e+01 1.602243804931640625e+01 1.608926582336425781e+01 1.614741706848144531e+01 1.619427108764648438e+01 1.623000717163085938e+01 1.625374603271484375e+01 1.626851081848144531e+01 1.626974868774414062e+01 1.625610923767089844e+01 1.622632408142089844e+01 1.617524337768554688e+01 1.610509300231933594e+01 1.601427841186523438e+01 1.590354919433593750e+01
3.595895171165466309e-01 6.511151194572448730e-01 1.128986477851867676e+00 1.864025235176086426e+00 2.917124271392822266e+00 4.317301750183105469e+00 6.063354015350341797e+00 8.095375061035156250e+00 1.035058498382568359e+01 1.263381290435791016e+01 1.372442817687988281e+01 1.401247978210449219e+01 1.427807998657226562e+01 1.450926589965820312e+01 1.471007251739501953e+01 1.488021850585937500e+01 1.502496910095214844e+01 1.514986419677734375e+01 1.526024436950683594e+01 1.535794544219970703e+01 1.544595718383789062e+01 1.552605438232421875e+01 1.560030841827392578e+01 1.566688728332519531e+01 1.572699356079101562e+01 1.578085899353027344e+01 1.582775211334228516e+01 1.586322212219238281e+01 1.588740444183349609e+01 1.590113735198974609e+01 1.590045261383056641e+01 1.588337039947509766e+01 1.584630870819091797e+01 1.578933811187744141e+01 1.571057605743408203e+01 1.561008262634277344e+01 1.548731517791748047e+01
2.969870269298553467e-01 5.481985211372375488e-01 9.698215126991271973e-01 1.629721641540527344e+00 2.587936639785766602e+00 3.876807451248168945e+00 5.500269412994384766e+00 7.413759231567382812e+00 9.553139686584472656e+00 1.187393283843994141e+01 1.336284923553466797e+01 1.367903423309326172e+01 1.395965576171875000e+01 1.420166110992431641e+01 1.441147613525390625e+01 1.458752632141113281e+01 1.473539066314697266e+01 1.486048603057861328e+01 1.496720600128173828e+01 1.505864048004150391e+01 1.513984489440917969e+01 1.521235275268554688e+01 1.527754592895507812e+01 1.533590602874755859e+01 1.538899898529052734e+01 1.543738079071044922e+01 1.548086833953857422e+01 1.551348018646240234e+01 1.553700828552246094e+01 1.555085945129394531e+01 1.554710197448730469e+01 1.552268791198730469e+01 1.547515296936035156e+01 1.540616893768310547e+01 1.531442928314208984e+01 1.520053768157958984e+01 1.506437778472900391e+01
2.479085773229598999e-01 4.638275206089019775e-01 8.339213132858276367e-01 1.425595998764038086e+00 2.303154945373535156e+00 3.508568525314331055e+00 5.058903694152832031e+00 6.931962966918945312e+00 9.076490402221679688e+00 1.143597126007080078e+01 1.300044918060302734e+01 1.333926391601562500e+01 1.364016246795654297e+01 1.389958190917968750e+01 1.412064838409423828e+01 1.430417728424072266e+01 1.445583724975585938e+01 1.458259296417236328e+01 1.468662071228027344e+01 1.477500629425048828e+01 1.485196685791015625e+01 1.491921901702880859e+01 1.497713661193847656e+01 1.502829074859619141e+01 1.507479095458984375e+01 1.511588859558105469e+01 1.515181827545166016e+01 1.517889976501464844e+01 1.520368576049804688e+01 1.521806526184082031e+01 1.521299171447753906e+01 1.518197536468505859e+01 1.512221717834472656e+01 1.503624916076660156e+01 1.492648315429687500e+01 1.479391288757324219e+01 1.464025974273681641e+01
2.085927277803421021e-01 3.934589028358459473e-01 7.159090042114257812e-01 1.243850469589233398e+00 2.048131227493286133e+00 3.189178705215454102e+00 4.709684371948242188e+00 6.611199855804443359e+00 8.865734100341796875e+00 1.123888874053955078e+01 1.262812995910644531e+01 1.299414062500000000e+01 1.332471656799316406e+01 1.360387706756591797e+01 1.383647441864013672e+01 1.402866172790527344e+01 1.418470859527587891e+01 1.431117725372314453e+01 1.441621971130371094e+01 1.450472354888916016e+01 1.457981109619140625e+01 1.464398860931396484e+01 1.469849872589111328e+01 1.474381065368652344e+01 1.478170490264892578e+01 1.481383228302001953e+01 1.484040451049804688e+01 1.486194610595703125e+01 1.488233947753906250e+01 1.489303684234619141e+01 1.488694953918457031e+01 1.485455989837646484e+01 1.478572940826416016e+01 1.467729091644287109e+01 1.454261302947998047e+01 1.438731575012207031e+01 1.421195411682128906e+01
1.755735874176025391e-01 3.327031433582305908e-01 6.095194220542907715e-01 1.071747660636901855e+00 1.796716928482055664e+00 2.860857725143432617e+00 4.339330196380615234e+00 6.312184333801269531e+00 8.986915588378906250e+00 1.140842437744140625e+01 1.217238807678222656e+01 1.264985084533691406e+01 1.302481269836425781e+01 1.332325077056884766e+01 1.356678962707519531e+01 1.376438140869140625e+01 1.392263984680175781e+01 1.404997062683105469e+01 1.415641498565673828e+01 1.424641704559326172e+01 1.432270526885986328e+01 1.438703632354736328e+01 1.444067287445068359e+01 1.447930908203125000e+01 1.450467872619628906e+01 1.452455902099609375e+01 1.454018115997314453e+01 1.455492401123046875e+01 1.456636238098144531e+01 1.457554054260253906e+01 1.456953811645507812e+01 1.453791236877441406e+01 1.446326351165771484e+01 1.431708335876464844e+01 1.414814567565917969e+01 1.396642112731933594e+01 1.376727962493896484e+01
1.459535211324691772e-01 2.766962349414825439e-01 5.084463953971862793e-01 9.006065726280212402e-01 1.526637434959411621e+00 2.462468147277832031e+00 3.778649568557739258e+00 5.513957977294921875e+00 7.695051193237304688e+00 1.025766277313232422e+01 1.192178821563720703e+01 1.236287593841552734e+01 1.277383518218994141e+01 1.307426071166992188e+01 1.332148456573486328e+01 1.351601982116699219e+01 1.367212200164794922e+01 1.380041599273681641e+01 1.390904045104980469e+01 1.400162792205810547e+01 1.408243274688720703e+01 1.415157794952392578e+01 1.420761966705322266e+01 1.423966121673583984e+01 1.424705982208251953e+01 1.424319458007812500e+01 1.423789405822753906e+01 1.424067592620849609e+01 1.424767780303955078e+01 1.426411247253417969e+01 1.426470375061035156e+01 1.424428176879882812e+01 1.418381404876708984e+01 1.394745922088623047e+01 1.372927188873291016e+01 1.351619243621826172e+01 1.329796981811523438e+01
