ASPA-UH-Flopy_REPO/Models/Tutuila_PyPCGA/Flo_py_wrkspace/Figures/HK_rasterKML.asc
NCOLS 200
NROWS 100
XLLCENTER 515244
YLLCENTER 8410178
CELLSIZE 167.0
NODATA_value -999.0
[rows 34 to 50 of 100, columns 37 to 73 of 200]
1.100000000000000089e+00 1.100000000000000089e+00 1.100000000000000089e+00 1.100000000000000089e+00 1.100000000000000089e+00 1.100000000000000089e+00 1.100000000000000089e+00 1.100000000000000089e+00 1.100000000000000089e+00 1.100000000000000089e+00 1.100000000000000089e+00 1.100000000000000089e+00 1.100000000000000089e+00 1.100000000000000089e+00 1.100000000000000089e+00 1.100000000000000089e+00 1.100000000000000089e+00 1.100000000000000089e+00 1.100000000000000089e+00 1.100000000000000089e+00 1.100000000000000089e+00 1.100000000000000089e+00 1.100000000000000089e+00 1.100000000000000089e+00 1.100000000000000089e+00 1.100000000000000089e+00 1.100000000000000089e+00 1.100000000000000089e+00 1.100000000000000089e+00 1.100000000000000089e+00 1.100000000000000089e+00 1.100000000000000089e+00 1.100000000000000089e+00 1.100000000000000089e+00 1.100000000000000089e+00 1.100000000000000089e+00 1.100000000000000089e+00
1.100000000000000089e+00 1.100000000000000089e+00 1.100000000000000089e+00 1.100000000000000089e+00 1.100000000000000089e+00 1.100000000000000089e+00 1.100000000000000089e+00 1.100000000000000089e+00 1.100000000000000089e+00 1.100000000000000089e+00 1.100000000000000089e+00 1.100000000000000089e+00 1.100000000000000089e+00 1.100000000000000089e+00 1.100000000000000089e+00 1.100000000000000089e+00 1.100000000000000089e+00 1.100000000000000089e+00 1.100000000000000089e+00 1.100000000000000089e+00 1.100000000000000089e+00 1.100000000000000089e+00 1.100000000000000089e+00 1.100000000000000089e+00 1.100000000000000089e+00 1.100000000000000089e+00 1.100000000000000089e+00 1.100000000000000089e+00 1.100000000000000089e+00 1.100000000000000089e+00 1.100000000000000089e+00 1.100000000000000089e+00 1.100000000000000089e+00 1.100000000000000089e+00 1.100000000000000089e+00 1.100000000000000089e+00 1.100000000000000089e+00
1.100000000000000089e+00 1.100000000000000089e+00 1.100000000000000089e+00 1.100000000000000089e+00 1.100000000000000089e+00 1.100000000000000089e+00 1.100000000000000089e+00 1.100000000000000089e+00 1.100000000000000089e+00 1.100000000000000089e+00 1.100000000000000089e+00 1.100000000000000089e+00 1.100000000000000089e+00 1.100000000000000089e+00 1.100000000000000089e+00 1.100000000000000089e+00 1.100000000000000089e+00 1.100000000000000089e+00 1.100000000000000089e+00 1.100000000000000089e+00 1.100000000000000089e+00 1.100000000000000089e+00 1.100000000000000089e+00 1.100000000000000089e+00 1.100000000000000089e+00 1.100000000000000089e+00 1.100000000000000089e+00 1.100000000000000089e+00 1.100000000000000089e+00 1.100000000000000089e+00 1.100000000000000089e+00 1.100000000000000089e+00 1.100000000000000089e+00 1.100000000000000089e+00 1.100000000000000089e+00 1.100000000000000089e+00 1.100000000000000089e+00
1.100000000000000089e+00 1.100000000000000089e+00 1.100000000000000089e+00 1.100000000000000089e+00 1.100000000000000089e+00 1.100000000000000089e+00 1.100000000000000089e+00 1.100000000000000089e+00 1.100000000000000089e+00 1.100000000000000089e+00 1.100000000000000089e+00 1.100000000000000089e+00 1.100000000000000089e+00 1.100000000000000089e+00 1.100000000000000089e+00 1.100000000000000089e+00 1.100000000000000089e+00 1.100000000000000089e+00 1.100000000000000089e+00 1.100000000000000089e+00 1.100000000000000089e+00 1.100000000000000089e+00 1.100000000000000089e+00 1.100000000000000089e+00 1.100000000000000089e+00 1.100000000000000089e+00 1.100000000000000089e+00 1.100000000000000089e+00 1.100000000000000089e+00 1.100000000000000089e+00 1.100000000000000089e+00 1.100000000000000089e+00 1.100000000000000089e+00 1.100000000000000089e+00 1.100000000000000089e+00 1.100000000000000089e+00 1.100000000000000089e+00
1.100000000000000089e+00 1.100000000000000089e+00 1.100000000000000089e+00 1.100000000000000089e+00 1.100000000000000089e+00 1.100000000000000089e+00 1.100000000000000089e+00 1.100000000000000089e+00 1.100000000000000089e+00 1.100000000000000089e+00 6.024781810449941766e+00 1.100000000000000089e+00 1.100000000000000089e+00 1.100000000000000089e+00 1.100000000000000089e+00 1.100000000000000089e+00 1.100000000000000089e+00 1.100000000000000089e+00 1.100000000000000089e+00 1.100000000000000089e+00 1.100000000000000089e+00 1.100000000000000089e+00 1.100000000000000089e+00 1.100000000000000089e+00 5.272121888246530830e+00 5.001110460689243808e+00 1.100000000000000089e+00 1.100000000000000089e+00 1.100000000000000089e+00 1.100000000000000089e+00 1.100000000000000089e+00 1.100000000000000089e+00 1.100000000000000089e+00 1.100000000000000089e+00 1.100000000000000089e+00 1.100000000000000089e+00 1.100000000000000089e+00
1.100000000000000089e+00 3.537665816529698581e+00 1.100000000000000089e+00 1.100000000000000089e+00 1.100000000000000089e+00 1.100000000000000089e+00 5.235464373227002532e+00 1.100000000000000089e+00 1.100000000000000089e+00 6.575610349581909375e+00 6.903400199974401907e+00 7.104348452493503885e+00 1.100000000000000089e+00 1.100000000000000089e+00 1.100000000000000089e+00 1.100000000000000089e+00 1.100000000000000089e+00 1.100000000000000089e+00 1.100000000000000089e+00 1.100000000000000089e+00 6.674073261489631648e+00 6.363106305090761694e+00 6.003356736169769725e+00 5.614747576438563037e+00 5.251455273444039840e+00 1.100000000000000089e+00 1.100000000000000089e+00 1.100000000000000089e+00 1.100000000000000089e+00 1.100000000000000089e+00 1.100000000000000089e+00 1.100000000000000089e+00 1.100000000000000089e+00 1.100000000000000089e+00 1.100000000000000089e+00 1.100000000000000089e+00 1.100000000000000089e+00
1.100000000000000089e+00 4.278608039183301237e+00 4.515125934031111399e+00 1.100000000000000089e+00 1.100000000000000089e+00 1.100000000000000089e+00 6.295926931288471806e+00 6.788234518564542519e+00 7.203151164608826207e+00 7.571586840772019045e+00 7.830743111154665925e+00 7.975678719929484295e+00 1.100000000000000089e+00 1.100000000000000089e+00 1.100000000000000089e+00 1.100000000000000089e+00 1.100000000000000089e+00 1.100000000000000089e+00 1.100000000000000089e+00 6.939146357590559866e+00 6.687223602761931396e+00 6.350453236119695255e+00 5.954068776262344542e+00 5.534634044326326219e+00 5.119791189879860482e+00 1.100000000000000089e+00 1.100000000000000089e+00 4.054018897110916342e+00 3.783516087039065390e+00 1.100000000000000089e+00 1.100000000000000089e+00 1.100000000000000089e+00 1.100000000000000089e+00 2.771867739182933388e+00 1.100000000000000089e+00 1.100000000000000089e+00 1.100000000000000089e+00
4.942659808301628210e+00 5.134104226238497937e+00 5.430899130568437094e+00 5.830250557782925114e+00 6.328218164327035211e+00 6.870484362430811842e+00 7.416460935535262422e+00 7.899614669070036399e+00 8.288218506680895104e+00 8.578373438182381960e+00 8.731161875991949373e+00 8.720134174520115522e+00 1.100000000000000089e+00 1.100000000000000089e+00 8.106575294381476837e+00 7.821707444291154054e+00 7.572088478425448521e+00 7.341171327905024135e+00 7.131668321000573130e+00 6.904743211602269781e+00 6.621813701112589712e+00 6.265162520579787397e+00 5.864360114793071510e+00 5.438115018380709209e+00 4.988096181789759775e+00 4.536128927141842127e+00 4.129903517419527326e+00 3.760535754407992926e+00 3.457051439369655199e+00 1.100000000000000089e+00 1.100000000000000089e+00 1.100000000000000089e+00 2.683815560702498715e+00 2.514292292894111380e+00 2.312287439789888044e+00 2.103294118517792466e+00 1.898926054160014365e+00
5.707365205575873901e+00 5.931516622884366541e+00 6.253847184004453830e+00 6.681174304385463003e+00 7.211471627807891416e+00 7.790658837797570513e+00 8.342809245798996187e+00 8.816810949923768348e+00 9.133734510367567339e+00 9.308261087958310753e+00 9.313859674537301458e+00 9.174978142297788963e+00 8.933854795043696839e+00 1.100000000000000089e+00 8.276453895080257084e+00 7.939074290241962650e+00 7.634995698663292529e+00 7.342556674304878683e+00 7.080242140924956296e+00 6.812864875403220388e+00 6.517187176684644534e+00 6.174522141187258839e+00 5.773018209603415940e+00 5.321518940273851861e+00 4.838179938707223293e+00 4.349258155415714810e+00 3.904296835611853478e+00 3.514682451959548093e+00 3.203798635290096453e+00 2.956729259179022851e+00 1.100000000000000089e+00 2.601553768369786912e+00 2.463499089719552337e+00 2.310686379998236450e+00 2.155132069708812104e+00 1.983767164612024292e+00 1.819074637884742218e+00
6.298045705723906984e+00 6.491041835000042504e+00 6.786693583331093294e+00 7.177010219438963112e+00 7.672932915492027384e+00 8.252926567220319143e+00 8.808518993630899629e+00 9.245143864972169112e+00 9.506508872121450793e+00 9.565864546453887840e+00 9.491547290818735050e+00 9.284185122806279722e+00 8.978952583516246477e+00 8.621963527136580652e+00 8.240365283867847168e+00 7.878472957292415479e+00 7.550401180145841273e+00 7.221751908404611342e+00 6.929074488755860628e+00 6.656501848759054596e+00 6.352092640822674774e+00 6.008256913943045951e+00 5.602234304768804130e+00 5.146155194427172397e+00 4.650958739496068972e+00 4.149707132506152973e+00 3.691434587525499911e+00 3.301360124942946506e+00 2.984062858029285614e+00 2.746117875805588859e+00 1.100000000000000089e+00 2.423907942713777075e+00 2.293272664575565223e+00 2.170406436960212737e+00 2.037081285456074919e+00 1.903844024693075454e+00 1.773399579433177831e+00
6.617952758615566644e+00 6.743062873132683599e+00 6.950234642155536768e+00 7.271307232324380365e+00 7.681288707513151515e+00 8.204506458936439373e+00 8.712313012603562612e+00 9.135862703516593797e+00 9.373190024716636870e+00 9.439443333107554679e+00 9.340644896040982914e+00 9.117921584217693720e+00 8.827637536789751493e+00 8.495982267720762593e+00 8.134485212775432572e+00 7.774915494177102815e+00 7.437054616108063065e+00 7.080592857388426253e+00 6.764869771248460673e+00 6.424092783864572276e+00 6.097650014672769458e+00 5.746281587031331739e+00 5.326712846046186556e+00 4.873814106535208523e+00 4.398101232076812472e+00 3.905809948916329599e+00 3.461615864958519140e+00 3.087274251962963234e+00 2.796704342887835537e+00 2.578537024395073374e+00 2.420388127746261109e+00 2.289220611313242504e+00 2.173592530177471893e+00 2.061706506209028955e+00 1.955872064928080523e+00 1.847700261628836049e+00 1.752688881490590100e+00
6.761025663525902729e+00 6.766228954109296367e+00 6.885532526950406407e+00 7.069691346005403609e+00 7.375251099394034782e+00 7.788000341501535750e+00 8.228067055370733129e+00 8.573938857044396400e+00 8.830268933683882437e+00 8.928908385412530180e+00 8.892266011672207426e+00 8.758650133894310130e+00 8.542007562971779322e+00 8.309506831105773372e+00 8.022827161904256599e+00 7.687650720425632578e+00 7.326032265964603774e+00 6.951235969636265999e+00 6.558451539803040298e+00 6.204645017368223492e+00 5.822279511011245745e+00 5.445326858947826310e+00 5.015808368646332838e+00 4.558765595243523983e+00 4.098289331074174591e+00 3.652656599741443078e+00 3.239929918704396172e+00 2.905993642436238478e+00 2.643156906161855613e+00 2.456429862048344237e+00 2.313638404915138391e+00 2.210914484021584858e+00 2.109959790998662932e+00 2.018979054562469955e+00 1.923511563307585659e+00 1.836305049930382127e+00 1.763590025463379618e+00
6.787077460952894548e+00 6.702629525959029166e+00 6.702382879873427513e+00 6.821197747410404411e+00 7.003196711004945563e+00 7.295060619702001148e+00 7.601383181087131291e+00 7.887045518049490056e+00 8.124368645695932756e+00 8.288055989250699085e+00 8.370262079595510940e+00 8.355896161838726854e+00 8.278441788470836116e+00 8.114011965660550274e+00 7.899646318776861520e+00 7.575176210493823170e+00 7.221052334392167538e+00 6.806259962208178749e+00 6.397898161235838543e+00 5.993800285848625009e+00 5.595603980926673771e+00 5.163655780227572656e+00 4.723689749860915832e+00 4.275195041016783826e+00 3.836374690020347256e+00 3.420845215325019506e+00 3.059662764520569400e+00 2.761593247351484148e+00 2.545270535388423738e+00 2.376639686272994823e+00 2.257921875402631784e+00 2.156685057834321739e+00 2.075870808393612155e+00 1.993849481688978909e+00 1.919549599159948050e+00 1.846790892735587386e+00 1.786710324143693240e+00
6.823765426854454752e+00 6.679145764045036238e+00 6.628097855875569877e+00 6.655702183355079349e+00 6.761049801804288606e+00 6.924193904484566175e+00 7.135416009106060997e+00 7.333475525863354605e+00 7.522879627702883987e+00 7.695452529880027370e+00 7.829977547972928775e+00 7.916338943474216627e+00 7.927104288723569425e+00 7.888699158916015364e+00 7.685180842303555693e+00 7.384540492479315432e+00 6.989218501378814175e+00 6.599731321913716364e+00 6.189243961801718541e+00 5.789614794860580282e+00 5.352456469095993263e+00 4.920389195088858969e+00 4.467109844735963620e+00 4.031588517048073861e+00 3.620995198031570883e+00 3.246419755391010131e+00 2.918014551876122464e+00 2.659071083710378591e+00 2.463046297102907900e+00 2.323907820176879913e+00 2.209088158719472617e+00 2.130222884801519001e+00 2.053544934542158806e+00 1.991403329229806785e+00 1.928920026940875720e+00 1.870636202217005328e+00 1.812545000870330547e+00
6.957289772394533500e+00 6.782230784565506099e+00 6.698210245940171781e+00 6.706986054028101663e+00 6.757269598781969755e+00 6.846876489078935535e+00 6.950797141010338187e+00 7.063148816681274589e+00 7.171103403125741238e+00 7.292663538241578536e+00 7.434669445707968727e+00 7.546581609682400327e+00 7.623319817462327563e+00 7.568634318790206095e+00 7.399637514469798560e+00 7.085800759846831554e+00 6.736208797640161450e+00 6.316727593218693038e+00 5.890829276827719063e+00 5.456576162688755893e+00 5.043350864785187682e+00 4.636145980424415391e+00 4.226484077023207497e+00 3.825599994735453091e+00 3.457578827480741968e+00 3.122425489439327961e+00 2.831180155051589153e+00 2.593843326544644334e+00 2.419275480471545947e+00 2.279000219599601529e+00 2.180621992563319900e+00 2.105365606800782441e+00 2.044709341941919778e+00 1.991537203864923944e+00 1.939466225469475447e+00 1.888467516357739573e+00 1.835737870127059690e+00
7.112514319324839462e+00 6.982421263385732324e+00 6.922598784741678557e+00 6.926387426792834923e+00 6.933290442425533939e+00 6.947387236222311913e+00 6.956773298984682441e+00 6.961962035855794539e+00 6.970682149547311468e+00 7.024999434245770225e+00 7.100700675353643021e+00 7.202819760525719595e+00 7.270146677448177996e+00 7.237277453609098465e+00 7.053185648781272299e+00 6.787276376274307133e+00 6.418254128225204802e+00 6.019499104468282624e+00 5.580343892701128183e+00 5.152352724992384836e+00 4.748367920455494051e+00 4.369139665825451324e+00 4.012028644142926481e+00 3.669209397743964374e+00 3.360335277034337764e+00 3.080494874880128187e+00 2.828904718418423059e+00 2.617410883558987766e+00 2.439123441635993927e+00 2.303756911546993802e+00 2.198967553547030107e+00 2.126730597935742040e+00 2.064135256990649481e+00 2.008069715065425864e+00 1.955141136385218248e+00 1.908231689945402154e+00 1.862298196928869887e+00
7.213025589157061823e+00 7.157528401300393028e+00 7.166640943108510520e+00 7.169505236124739334e+00 7.156109113993670334e+00 7.087471986140792879e+00 7.000472238361819421e+00 6.900983246655122194e+00 6.812515869691879722e+00 6.801997263457013609e+00 6.843872152406112797e+00 6.896601089482327751e+00 6.949815770169083251e+00 6.918215838386964300e+00 6.767730266867670430e+00 6.513555397229171540e+00 6.181016924897848597e+00 5.772108836540353671e+00 5.361610223733331182e+00 4.949999391462751142e+00 4.586477016615571500e+00 4.251098102087123465e+00 3.951891492699540986e+00 3.657341854856108299e+00 3.397640121764122778e+00 3.153334527383942820e+00 2.945269673877570327e+00 2.754126891392219889e+00 2.589820849997593655e+00 2.445409092589870603e+00 2.333568523717111987e+00 2.233643798317419105e+00 2.157115029242530291e+00 2.088809348408029454e+00 2.028566447864042388e+00 1.975403666134863290e+00 1.927609048999239016e+00
