ASPA-UH-Flopy_REPO/Models/Tutuila_PyPCGA/Flo_py_wrkspace/Figures/HK_rasterKML.asc
NCOLS 200
NROWS 100
XLLCENTER 515244
YLLCENTER 8410178
CELLSIZE 167.0
NODATA_value -999.0
[rows 51 to 67 of 100, columns 74 to 110 of 200]
1.984139307310729849e+00 1.923350251086040519e+00 1.860276496129384949e+00 1.791923767589566507e+00 1.719905449769685069e+00 1.646754525488764331e+00 1.584113394452721035e+00 1.529222280247261478e+00 1.496387033209395589e+00 1.477006908438875943e+00 1.483773212614871051e+00 1.505320607746962969e+00 1.545467048565034585e+00 1.592033962692535054e+00 1.631019536659043423e+00 1.653244335748252469e+00 1.654294406593106004e+00 1.630724469329781101e+00 1.574781344976109443e+00 1.494892699283922211e+00 1.406244506634338309e+00 1.307300422687396990e+00 1.223690915370464261e+00 1.157104290945803360e+00 1.110572663246742309e+00 1.080998443960570876e+00 1.070234017511140001e+00 1.078378172909300714e+00 1.107782939176698234e+00 1.157947417333309748e+00 1.100000000000000089e+00 1.100000000000000089e+00 1.100000000000000089e+00 1.100000000000000089e+00 1.100000000000000089e+00 1.100000000000000089e+00 1.100000000000000089e+00
2.138880617198606338e+00 2.057117503632384548e+00 1.975930091579340964e+00 1.902785709394764213e+00 1.818475314739969484e+00 1.734131525761221315e+00 1.661898843222042732e+00 1.607194025212731470e+00 1.568976091418986085e+00 1.550609671627130037e+00 1.557439312231071016e+00 1.587945421997435158e+00 1.635290490877057135e+00 1.697409329985539062e+00 1.751798080767159371e+00 1.786276431426927713e+00 1.793427356487306001e+00 1.773047181911934000e+00 1.718801486897480579e+00 1.642873147370063736e+00 1.553067702520848359e+00 1.459706075759125365e+00 1.377626820998752333e+00 1.315391884012350410e+00 1.276391679250544309e+00 1.259501500480240122e+00 1.262030049069615467e+00 1.289651851550375872e+00 1.342263181628022606e+00 1.421926123780598017e+00 1.100000000000000089e+00 1.100000000000000089e+00 1.100000000000000089e+00 1.100000000000000089e+00 1.100000000000000089e+00 1.100000000000000089e+00 1.100000000000000089e+00
2.371569664974623404e+00 2.267853489166739678e+00 2.174654923744840040e+00 2.082595465339406537e+00 1.991738945754008894e+00 1.900078155619346898e+00 1.817235981966028202e+00 1.750261798532886104e+00 1.706330532136962175e+00 1.686577558065926574e+00 1.690399330412968526e+00 1.718064621452297658e+00 1.777490179820461869e+00 1.848537650035266822e+00 1.917778444834180807e+00 1.966298771561831638e+00 1.974339778326698047e+00 1.953592961175096843e+00 1.896127732748015715e+00 1.817581896714922207e+00 1.732038409584480521e+00 1.643537492073429584e+00 1.569511291935249631e+00 1.520023743057116850e+00 1.492610777752938933e+00 1.494205234308790153e+00 1.521514930969797508e+00 1.571867094058127634e+00 1.650785403195609735e+00 1.100000000000000089e+00 1.100000000000000089e+00 1.100000000000000089e+00 1.100000000000000089e+00 1.100000000000000089e+00 1.100000000000000089e+00 1.100000000000000089e+00 1.100000000000000089e+00
2.721513052556497669e+00 2.588108511908405962e+00 2.467110969314387781e+00 2.362945472811577297e+00 2.260273389252814180e+00 2.162087949760248762e+00 2.076403467826511751e+00 1.998828280556070647e+00 1.944911052697933407e+00 1.915004550084405066e+00 1.914096008442671470e+00 1.941274585658673502e+00 1.997853581127970291e+00 2.066670996799051530e+00 2.137922091753322817e+00 2.191032103590432545e+00 2.205820498748825909e+00 2.179374015457081981e+00 2.122302729787480580e+00 2.043924940635541088e+00 1.962447819365308099e+00 1.891055107685019498e+00 1.834566155594484549e+00 1.100000000000000089e+00 1.100000000000000089e+00 1.823253596064438931e+00 1.873367225428110405e+00 1.949850098064785042e+00 1.100000000000000089e+00 1.100000000000000089e+00 1.100000000000000089e+00 1.100000000000000089e+00 1.100000000000000089e+00 1.100000000000000089e+00 1.100000000000000089e+00 1.100000000000000089e+00 1.100000000000000089e+00
3.171405321311962844e+00 3.017730418206864940e+00 2.881690509233909570e+00 2.762031577228603041e+00 2.652163352089048409e+00 2.541953581532641948e+00 2.438693579848067117e+00 2.353164429543448843e+00 2.287954650537385337e+00 2.246204128406225742e+00 2.228539609540625577e+00 2.240493591920911243e+00 2.287928536572558791e+00 2.359078893316062686e+00 2.430527564926420858e+00 2.478019174514403566e+00 2.493015150617466258e+00 2.472281613271015477e+00 1.100000000000000089e+00 2.350253556420097034e+00 1.100000000000000089e+00 1.100000000000000089e+00 1.100000000000000089e+00 1.100000000000000089e+00 1.100000000000000089e+00 1.100000000000000089e+00 2.357944604100459252e+00 2.444101807986488240e+00 1.100000000000000089e+00 1.100000000000000089e+00 1.100000000000000089e+00 1.100000000000000089e+00 1.100000000000000089e+00 1.100000000000000089e+00 1.100000000000000089e+00 1.100000000000000089e+00 1.100000000000000089e+00
3.693876904682601214e+00 3.550123832318859751e+00 3.412121708321794511e+00 3.278247104651655253e+00 3.157479409736179132e+00 3.026673830502297768e+00 2.906517210005201246e+00 2.804483335789399234e+00 2.728426407055143166e+00 2.670305005366826911e+00 2.639606761441755545e+00 2.640170165692758530e+00 2.670629149276268155e+00 2.738183585871175829e+00 2.800225967969876884e+00 2.847511553476076429e+00 2.873893444090762195e+00 2.869514343680271473e+00 2.840112301449432941e+00 2.801666194297983026e+00 2.769090098534518596e+00 1.100000000000000089e+00 1.100000000000000089e+00 1.100000000000000089e+00 1.100000000000000089e+00 1.100000000000000089e+00 3.011748142567663322e+00 3.080613078504499835e+00 1.100000000000000089e+00 1.100000000000000089e+00 1.100000000000000089e+00 1.100000000000000089e+00 1.100000000000000089e+00 1.100000000000000089e+00 1.100000000000000089e+00 1.100000000000000089e+00 1.100000000000000089e+00
4.162356745704098415e+00 4.039326307423542595e+00 3.918429780086316594e+00 3.807110687968684015e+00 3.679076876745465796e+00 3.542266837090753295e+00 3.420828441776489814e+00 3.313178117370314091e+00 3.232929852092703005e+00 3.169714154022999164e+00 3.130425766155966905e+00 3.117677664328574405e+00 3.137762687987965649e+00 3.195199741369220359e+00 3.269523933131750493e+00 3.332082250548153990e+00 3.386835680793527370e+00 3.412122495360714769e+00 3.421605909260153844e+00 1.100000000000000089e+00 1.100000000000000089e+00 1.100000000000000089e+00 1.100000000000000089e+00 1.100000000000000089e+00 1.100000000000000089e+00 1.100000000000000089e+00 3.825132286289568473e+00 1.100000000000000089e+00 1.100000000000000089e+00 1.100000000000000089e+00 1.100000000000000089e+00 1.100000000000000089e+00 1.100000000000000089e+00 1.100000000000000089e+00 1.100000000000000089e+00 1.100000000000000089e+00 1.100000000000000089e+00
4.446225496715872083e+00 4.370640198307413016e+00 4.292560425059057216e+00 4.221902295522263593e+00 4.131273061669388902e+00 4.022388453816178711e+00 3.929958393260213789e+00 3.844176706518676490e+00 3.789549673001270325e+00 3.741481781082667712e+00 3.707096753482246765e+00 3.711841784504454456e+00 3.734781630163504840e+00 3.796414957761498510e+00 3.882777972420200285e+00 3.982990822951871124e+00 4.070782902982249318e+00 1.100000000000000089e+00 1.100000000000000089e+00 1.100000000000000089e+00 1.100000000000000089e+00 1.100000000000000089e+00 1.100000000000000089e+00 1.100000000000000089e+00 1.100000000000000089e+00 4.780021638539558637e+00 1.100000000000000089e+00 1.100000000000000089e+00 1.100000000000000089e+00 1.100000000000000089e+00 1.100000000000000089e+00 1.100000000000000089e+00 1.100000000000000089e+00 1.100000000000000089e+00 1.100000000000000089e+00 1.100000000000000089e+00 1.100000000000000089e+00
4.565737066151516643e+00 4.520181133081743852e+00 4.491343860884378536e+00 4.468014698221900893e+00 4.451940855608212289e+00 4.431378263004805085e+00 4.404634092428084458e+00 4.400172355950342507e+00 4.396061883664171610e+00 4.416598976560935697e+00 4.441785988486183889e+00 4.477318592299793565e+00 4.529161522887763525e+00 4.587524414592851763e+00 4.680957026240197827e+00 4.787169339112495869e+00 4.887458255108908745e+00 4.964035600924245450e+00 1.100000000000000089e+00 1.100000000000000089e+00 1.100000000000000089e+00 1.100000000000000089e+00 1.100000000000000089e+00 1.100000000000000089e+00 1.100000000000000089e+00 1.100000000000000089e+00 1.100000000000000089e+00 1.100000000000000089e+00 1.100000000000000089e+00 1.100000000000000089e+00 1.100000000000000089e+00 1.100000000000000089e+00 1.100000000000000089e+00 1.100000000000000089e+00 1.100000000000000089e+00 1.100000000000000089e+00 1.100000000000000089e+00
4.578272888812699115e+00 4.583541961118532626e+00 4.596750864866645969e+00 4.663324908151219361e+00 4.727766546671883674e+00 4.815904728755302067e+00 4.916931868187596422e+00 5.027760633209797270e+00 5.133150693920007335e+00 5.243239474345862128e+00 5.331427888365194434e+00 5.413537589333279776e+00 5.508891247741499519e+00 5.583874695287157408e+00 5.662655290651095186e+00 5.745406752199819778e+00 5.836616401663177633e+00 5.901944395739265659e+00 1.100000000000000089e+00 1.100000000000000089e+00 1.100000000000000089e+00 1.100000000000000089e+00 1.100000000000000089e+00 1.100000000000000089e+00 6.838997204362123661e+00 6.811361663625138618e+00 1.100000000000000089e+00 1.100000000000000089e+00 1.100000000000000089e+00 1.100000000000000089e+00 1.100000000000000089e+00 1.100000000000000089e+00 1.100000000000000089e+00 1.100000000000000089e+00 1.100000000000000089e+00 1.100000000000000089e+00 1.100000000000000089e+00
4.565872155363075002e+00 4.624996911199762195e+00 4.732011889365666413e+00 4.863353740231613820e+00 5.041792251613393283e+00 5.240059375499767746e+00 5.468748391730671621e+00 5.733826330760461332e+00 5.984805301233715014e+00 6.215967423171805173e+00 6.420215884902491510e+00 6.563536527228569284e+00 6.685349907372169831e+00 6.753572530986395428e+00 6.797517822670235965e+00 6.837661927426975872e+00 6.873430553435267321e+00 6.903447243210240281e+00 6.948797509950432882e+00 1.100000000000000089e+00 1.100000000000000089e+00 1.100000000000000089e+00 1.100000000000000089e+00 1.100000000000000089e+00 1.100000000000000089e+00 1.100000000000000089e+00 1.100000000000000089e+00 1.100000000000000089e+00 1.100000000000000089e+00 1.100000000000000089e+00 1.100000000000000089e+00 1.100000000000000089e+00 1.100000000000000089e+00 1.100000000000000089e+00 1.100000000000000089e+00 1.100000000000000089e+00 1.100000000000000089e+00
4.566727356795889037e+00 4.685137515419944165e+00 4.844658767822467738e+00 5.079083755015918911e+00 5.342233828182120448e+00 5.670007729959856135e+00 6.030775371898626780e+00 6.443478325802429296e+00 6.839594015552536987e+00 7.224583205752705517e+00 7.530777467246969614e+00 7.799789738696981445e+00 7.966989585505848126e+00 8.064595200048623624e+00 8.101453990345754974e+00 8.100353734015719454e+00 8.069301797916214269e+00 8.013280490804538303e+00 7.970533455542923917e+00 1.100000000000000089e+00 1.100000000000000089e+00 1.100000000000000089e+00 1.100000000000000089e+00 1.100000000000000089e+00 1.100000000000000089e+00 1.100000000000000089e+00 1.100000000000000089e+00 1.100000000000000089e+00 1.100000000000000089e+00 1.100000000000000089e+00 1.100000000000000089e+00 1.100000000000000089e+00 1.100000000000000089e+00 1.100000000000000089e+00 1.100000000000000089e+00 1.100000000000000089e+00 1.100000000000000089e+00
4.521403204296358780e+00 4.673690829545501302e+00 4.884308414359476380e+00 5.161050831498619651e+00 5.516293006739062754e+00 5.941395271892450758e+00 6.437584270447177737e+00 6.959754332919472652e+00 7.528373941350776199e+00 8.060200074972954098e+00 8.553089081776350966e+00 8.949501863785851441e+00 9.265918925653204852e+00 9.464614743637330463e+00 9.534919535298810089e+00 9.501844037533501819e+00 9.380683769694810437e+00 9.199190136935001760e+00 9.025007606539938720e+00 8.864825724139153706e+00 8.744568476400356616e+00 8.635516916066409365e+00 8.544118766945640431e+00 8.381987573924568835e+00 8.197485034834937068e+00 7.919776606282328935e+00 7.620003946822181184e+00 1.100000000000000089e+00 1.100000000000000089e+00 1.100000000000000089e+00 1.100000000000000089e+00 1.100000000000000089e+00 1.100000000000000089e+00 1.100000000000000089e+00 1.100000000000000089e+00 1.100000000000000089e+00 1.100000000000000089e+00
4.359204406389296516e+00 4.553858731490135092e+00 4.790437998545703735e+00 5.107656304008763470e+00 5.513421304835996573e+00 6.012119904031429485e+00 6.594768887686099923e+00 7.233362598319796888e+00 7.909608153117492435e+00 8.598081998020866479e+00 9.223575511124410653e+00 9.791057382757411887e+00 1.025313825344609953e+01 1.055867099753740312e+01 1.070277584416233374e+01 1.069727057932238701e+01 1.054335820467652773e+01 1.027671130573764735e+01 9.959316656527354539e+00 9.629277504277387933e+00 9.330733173956497595e+00 9.108905179973334043e+00 8.844739457515657932e+00 8.612240176826910343e+00 8.326599007936115626e+00 8.064405608156661742e+00 7.743540470998413028e+00 1.100000000000000089e+00 1.100000000000000089e+00 1.100000000000000089e+00 1.100000000000000089e+00 1.100000000000000089e+00 1.100000000000000089e+00 1.100000000000000089e+00 1.100000000000000089e+00 1.100000000000000089e+00 1.100000000000000089e+00
4.094108868053433881e+00 4.313381758334616123e+00 4.586195252799529776e+00 4.927772605667350092e+00 5.350499708978613711e+00 5.893641663614279658e+00 6.502750035328409339e+00 7.209851258520878936e+00 7.960437371751049263e+00 8.737730032386517465e+00 9.473430748974383420e+00 1.015992186052490354e+01 1.070533297644240811e+01 1.112120008817657357e+01 1.133416651389326546e+01 1.139222490604977445e+01 1.127986332434575800e+01 1.098547098630802488e+01 1.064327100020669548e+01 1.024845762174866870e+01 9.834197507209252009e+00 9.452413661358276542e+00 9.108469072945561962e+00 8.777422514836747069e+00 8.469419694907861285e+00 1.100000000000000089e+00 1.100000000000000089e+00 1.100000000000000089e+00 1.100000000000000089e+00 1.100000000000000089e+00 1.100000000000000089e+00 1.100000000000000089e+00 1.100000000000000089e+00 1.100000000000000089e+00 1.100000000000000089e+00 1.100000000000000089e+00 1.100000000000000089e+00
3.751836152159385041e+00 3.970075759111845404e+00 4.252775458147457499e+00 4.610641455173850822e+00 5.059269441457626471e+00 5.582516852317136014e+00 6.203823936971872399e+00 6.913275584234185089e+00 7.702903522534708891e+00 8.533148012621973422e+00 9.313984078559021995e+00 9.991973008833845427e+00 1.057663597760274676e+01 1.100557553217926632e+01 1.129159267312578230e+01 1.143434750960117796e+01 1.139228477050972899e+01 1.121416671577994784e+01 1.090912687688570948e+01 1.058947006998745621e+01 1.018403486127608204e+01 9.774778051520536692e+00 9.360820870067675159e+00 1.100000000000000089e+00 1.100000000000000089e+00 1.100000000000000089e+00 1.100000000000000089e+00 1.100000000000000089e+00 1.100000000000000089e+00 1.100000000000000089e+00 1.100000000000000089e+00 1.100000000000000089e+00 1.100000000000000089e+00 1.100000000000000089e+00 1.100000000000000089e+00 1.100000000000000089e+00 1.100000000000000089e+00
3.373912771987963577e+00 3.578065315325493767e+00 3.850878542690409745e+00 4.192369884291595739e+00 4.607018701483982959e+00 5.118319963836787778e+00 5.723044115869235782e+00 6.445044872940308700e+00 7.227264912786631967e+00 8.054623508636078455e+00 8.800782071207859047e+00 9.469196597293974449e+00 9.996667029302448881e+00 1.044062663846427874e+01 1.075293659221101983e+01 1.098741505235092042e+01 1.109509381566059716e+01 1.106088915942999051e+01 1.091955501160569852e+01 1.065013570670210008e+01 1.033208875080133282e+01 9.954811045978351203e+00 1.100000000000000089e+00 1.100000000000000089e+00 1.100000000000000089e+00 1.100000000000000089e+00 1.100000000000000089e+00 1.100000000000000089e+00 1.100000000000000089e+00 1.100000000000000089e+00 1.100000000000000089e+00 1.100000000000000089e+00 1.100000000000000089e+00 1.100000000000000089e+00 1.100000000000000089e+00 1.100000000000000089e+00 1.100000000000000089e+00
