ASPA-UH-Flopy_REPO/Models/Tutuila_PyPCGA/Flo_py_wrkspace/Figures/HK_rasterKML.asc
NCOLS 200
NROWS 100
XLLCENTER 515244
YLLCENTER 8410178
CELLSIZE 167.0
NODATA_value -999.0
[rows 34 to 50 of 100, columns 74 to 110 of 200]
1.100000000000000089e+00 1.100000000000000089e+00 1.100000000000000089e+00 1.100000000000000089e+00 1.100000000000000089e+00 1.100000000000000089e+00 1.100000000000000089e+00 1.447807480174161832e+00 1.100000000000000089e+00 1.100000000000000089e+00 1.100000000000000089e+00 1.100000000000000089e+00 1.100000000000000089e+00 5.113296640794665615e-01 4.464701520311297189e-01 3.998056127857372299e-01 3.670395935441111979e-01 3.445507997228759445e-01 3.304442268241610803e-01 3.209633194836687409e-01 3.153294931166235049e-01 3.129694919774204109e-01 3.132513220912205298e-01 3.176553641235762004e-01 3.267055373988129174e-01 3.425832935755863673e-01 3.664899711472642263e-01 4.032709181202933646e-01 4.553883578213445693e-01 5.297332115965396326e-01 6.322763900197018172e-01 7.669434720445874598e-01 9.364441125252093157e-01 1.142686304413523368e+00 1.367587434528241719e+00 1.607631676554233557e+00 1.833303484280693896e+00
1.100000000000000089e+00 1.100000000000000089e+00 1.100000000000000089e+00 1.100000000000000089e+00 1.100000000000000089e+00 1.100000000000000089e+00 1.396427794410830092e+00 1.205610281713133114e+00 1.035610933098928266e+00 8.839120503550255137e-01 1.100000000000000089e+00 1.100000000000000089e+00 1.100000000000000089e+00 1.100000000000000089e+00 4.400528815066250266e-01 4.023760927017836497e-01 3.755655883083552915e-01 3.555494024748158122e-01 3.420584685671754777e-01 3.317373275600041249e-01 3.248660832487151873e-01 3.198724585829966771e-01 3.183424470512100646e-01 3.204762766154333198e-01 3.276290944616419010e-01 3.403059218420859677e-01 3.620286586115172289e-01 3.967148980417594117e-01 4.480358050344470655e-01 5.214094031254218331e-01 6.248898062369594442e-01 7.609876509126863864e-01 9.335073186085300900e-01 1.134456011569642486e+00 1.354640895713427273e+00 1.575356729990982974e+00 1.781876913868772672e+00
1.100000000000000089e+00 1.100000000000000089e+00 1.100000000000000089e+00 1.100000000000000089e+00 1.574026051552711802e+00 1.384549464521358297e+00 1.206242946340906341e+00 1.050958281949725626e+00 9.136129752352535327e-01 7.982046091710418567e-01 7.019343859856195245e-01 1.100000000000000089e+00 1.100000000000000089e+00 1.100000000000000089e+00 4.576597351508594480e-01 4.261998016315532434e-01 4.016603419012672038e-01 3.837846856191279299e-01 3.685872041449447245e-01 3.573744416728705797e-01 3.481058877898679516e-01 3.419505285740892520e-01 3.387432755039004317e-01 3.401670851647040639e-01 3.459729078413847914e-01 3.580537701765502678e-01 3.780956564730579839e-01 4.125760641369190518e-01 4.633964871890775550e-01 5.381151151456767812e-01 6.425541398256252590e-01 7.811896155657380714e-01 9.520578014876508455e-01 1.149290773990997883e+00 1.357918295262933395e+00 1.562468472871537228e+00 1.741158722948586979e+00
1.100000000000000089e+00 1.100000000000000089e+00 1.100000000000000089e+00 1.608164569374768815e+00 1.422771281986681791e+00 1.252508620627539537e+00 1.104965897953597231e+00 9.736974684386684453e-01 8.633271550000889416e-01 7.701055439239680167e-01 6.933717798572195390e-01 1.100000000000000089e+00 1.100000000000000089e+00 5.352546556959535407e-01 5.002059136424016339e-01 4.706429519021325669e-01 4.471366561355256675e-01 4.285569397136127501e-01 4.128508455096016050e-01 3.994797861191656807e-01 3.883893848284075689e-01 3.805311520829987026e-01 3.762301442913367211e-01 3.755129217162905819e-01 3.815051138465828107e-01 3.929994926326246807e-01 4.146535710058297797e-01 4.486563784639160390e-01 5.001240841839469375e-01 5.740746943360669485e-01 6.765042671253127526e-01 8.106642091063498423e-01 9.780123441576162868e-01 1.169622686844789206e+00 1.368303615062360201e+00 1.557462463319237544e+00 1.708823878769795135e+00
1.100000000000000089e+00 1.100000000000000089e+00 1.664786489164867378e+00 1.481136849406150535e+00 1.319966766750270137e+00 1.183408115406764161e+00 1.062489677221230888e+00 9.546759277861843751e-01 8.614125000970944690e-01 7.856771558967026170e-01 7.235039767068441874e-01 6.731147106131440960e-01 6.335282774247711357e-01 5.996511138789272222e-01 5.677425306764811719e-01 5.397698698285114949e-01 5.135307065527258130e-01 4.918213361789387505e-01 4.734906801740510485e-01 4.570815972133489558e-01 4.421041716659475096e-01 4.321286340523022851e-01 4.257029782412109498e-01 4.244581014084710668e-01 4.288067744754003874e-01 4.424283002782104512e-01 4.649480612716047068e-01 5.010987247394792510e-01 5.500394238274997072e-01 6.198232176746454325e-01 7.155581665958441473e-01 8.429673877131707016e-01 1.000902941038749994e+00 1.182436388125908122e+00 1.369457288141325169e+00 1.542041245170658437e+00 1.686246148540876622e+00
1.100000000000000089e+00 1.100000000000000089e+00 1.551143484461630750e+00 1.399218106534533268e+00 1.274142751190484368e+00 1.161622334459294636e+00 1.065752638483772552e+00 9.792123432924683124e-01 9.038954352447644558e-01 8.402297563706446759e-01 7.888343632099884539e-01 7.499731732204281132e-01 7.183914612291797397e-01 6.898215353539048911e-01 6.599701583412939110e-01 6.295792018652933697e-01 6.005301543200635139e-01 5.726359654270382071e-01 5.471275695268292827e-01 5.245695788769866308e-01 5.069205759885636597e-01 4.914243646433291701e-01 4.827413185968671971e-01 4.787742658424012365e-01 4.851884722039312425e-01 4.987291373940688777e-01 5.227957113267037714e-01 5.565717419281707157e-01 6.050100146121759614e-01 6.693580668182114168e-01 7.566677915000264987e-01 8.727806473852578462e-01 1.021621659186847886e+00 1.189843703837643041e+00 1.371133269895419060e+00 1.537554786172116383e+00 1.678569825164132112e+00
1.815660506041753885e+00 1.630524946459264823e+00 1.480469409022801885e+00 1.362289411874390233e+00 1.260470405786800363e+00 1.175428371333310240e+00 1.098520228347146466e+00 1.031515185983221450e+00 9.707231053803846432e-01 9.183173667686220787e-01 8.768435073723660489e-01 8.456684715697555532e-01 8.200881412493223888e-01 7.955837506994968278e-01 7.647414555438410977e-01 7.302926261180203715e-01 6.930833380839155344e-01 6.564871947597257229e-01 6.218341532519867654e-01 5.935676498941392376e-01 5.682858147888637523e-01 5.504734718245463121e-01 5.377010749145981761e-01 5.335911829025521413e-01 5.382153138024619032e-01 5.543435171724597765e-01 5.761383081165996067e-01 6.087843058587284473e-01 6.517633915390170785e-01 7.103432587259891351e-01 7.883166245086818957e-01 8.936961972887315087e-01 1.028555792416144810e+00 1.188619081143645007e+00 1.361670013567563897e+00 1.530651102498759464e+00 1.680992888692546483e+00
1.716761488026089522e+00 1.567313698754849494e+00 1.445295562926145694e+00 1.345387741621994593e+00 1.267614787695273915e+00 1.199382061616422357e+00 1.139685916010873878e+00 1.087451601086361297e+00 1.045375308606729226e+00 1.006343678532231722e+00 9.746007955357024466e-01 9.504156867738687842e-01 9.278399449196996773e-01 9.022868784927825514e-01 8.672861608491723162e-01 8.255178850303268590e-01 7.810146126001800138e-01 7.357045289204321437e-01 6.930846020710400568e-01 6.561529120609819188e-01 6.271931319170277463e-01 6.046958281015677450e-01 5.905009895025282729e-01 5.836130173002708199e-01 5.876912030164418432e-01 5.999822849896400134e-01 6.199133889883883253e-01 6.470071485558999136e-01 6.841729420226204672e-01 7.345471122639961603e-01 8.040000578350390281e-01 8.939882673695834781e-01 1.013863397992142756e+00 1.157567132659893971e+00 1.324019943895384133e+00 1.493118444119085897e+00 1.645075073420558587e+00
1.674949061914408288e+00 1.553062046985987488e+00 1.449118009256477713e+00 1.365439855932954138e+00 1.296627189033428884e+00 1.241587766243163138e+00 1.191319943756275146e+00 1.150103069800294309e+00 1.119458062933006648e+00 1.094207769277505182e+00 1.073736866145803326e+00 1.056329596904606483e+00 1.036405434720740537e+00 1.006280129519736111e+00 9.691073072094490426e-01 9.203219246037511736e-01 8.676007437038705250e-01 8.139506926928190556e-01 7.655751470767455658e-01 7.232418454089930560e-01 6.878759191086551983e-01 6.599461614906981799e-01 6.426592292605478596e-01 6.331582793130013931e-01 6.330737865957078991e-01 6.407028096734260769e-01 6.533523518694308585e-01 6.742989580790140769e-01 7.028939960294343647e-01 7.415756346313432390e-01 7.963911567122859969e-01 8.742834575965628963e-01 9.748605829876033635e-01 1.099336534918164743e+00 1.245037172406777692e+00 1.406105337358239282e+00 1.568882747681957124e+00
1.661346533653552449e+00 1.560633237979187626e+00 1.473041414063870791e+00 1.403423989470404587e+00 1.344952270452340226e+00 1.295116308175683573e+00 1.254605247919422739e+00 1.221829773826939025e+00 1.195979378174257590e+00 1.175549802855725190e+00 1.165910093179794327e+00 1.156519417268098149e+00 1.138485770061752111e+00 1.112220410983928431e+00 1.071054601093572201e+00 1.019120160558115940e+00 9.561329922956590677e-01 8.958773445578850358e-01 8.413265315674205436e-01 7.933662351097076071e-01 7.544345491727018072e-01 7.246507646629890553e-01 7.046284813290583093e-01 6.912985231415972320e-01 6.845611187723696922e-01 6.827180025439784083e-01 6.876733202449534232e-01 6.974745063310757720e-01 7.140955762469738399e-01 7.384589463931092723e-01 7.793047543825242229e-01 8.396294242502716498e-01 9.216895547981412973e-01 1.026787614904657975e+00 1.157082683315214799e+00 1.310835075302934083e+00 1.472753456891664481e+00
1.666606031001084620e+00 1.595154903968389215e+00 1.524313380071051993e+00 1.462233074768527263e+00 1.408197104740289252e+00 1.359380298700639145e+00 1.320944573368420416e+00 1.291731362641050929e+00 1.269960780194831385e+00 1.254157292997406969e+00 1.251157600790275604e+00 1.244911386765763517e+00 1.235939576487292912e+00 1.213851549499146643e+00 1.174480655038289800e+00 1.119680802241558526e+00 1.055221479767147752e+00 9.877136742140339987e-01 9.259002717256628046e-01 8.719453644053241081e-01 8.288471610791741107e-01 7.936492313892816730e-01 7.690813515297508784e-01 7.501839952983990756e-01 7.369643996570380828e-01 7.248108309369422075e-01 7.181810446959564498e-01 7.161239602967561790e-01 7.182018373322323068e-01 7.313724957237911495e-01 7.599509750149137099e-01 8.066999355158369633e-01 8.743857467481053192e-01 9.670829133753124918e-01 1.087855100121333685e+00 1.232270545411924711e+00 1.399925530994746703e+00
1.702442223498607410e+00 1.647832634922115291e+00 1.592511533177801475e+00 1.533832670785913788e+00 1.477762648918633959e+00 1.429544199518331560e+00 1.386459061663662728e+00 1.355291242295013632e+00 1.333782248150179539e+00 1.322216725163207096e+00 1.316312869760067672e+00 1.315566551390133565e+00 1.308349671817063742e+00 1.294577902231970779e+00 1.260582093972508977e+00 1.210777261163776819e+00 1.152208591654004133e+00 1.084645966652947990e+00 1.017616489089127940e+00 9.540184655252467172e-01 9.035747220226293397e-01 8.580586429694586625e-01 8.241270267219134027e-01 7.974319588499989564e-01 7.751145438952643518e-01 7.558776263323701006e-01 7.386100719274485416e-01 7.235813966931091690e-01 7.149266071341103812e-01 7.142886330246521753e-01 7.310537369000998931e-01 7.695337664987839110e-01 8.280433165289238229e-01 9.147008436165863232e-01 1.032395414107640796e+00 1.180508560632666182e+00 1.351831748773428377e+00
1.736796162654458575e+00 1.693471342107883748e+00 1.649525947677552784e+00 1.599062092070736130e+00 1.546067769714668305e+00 1.494974307255659385e+00 1.451424231524499842e+00 1.416182191869371554e+00 1.392126987218992529e+00 1.375314651331330573e+00 1.365707915698918029e+00 1.360646440405730573e+00 1.356381980453002400e+00 1.348860590579820995e+00 1.327820763875831922e+00 1.291314638211564780e+00 1.237404697923777608e+00 1.174765723073190493e+00 1.101688876362656666e+00 1.033621746430866128e+00 9.679723666715980279e-01 9.119400796408839716e-01 8.665100692810246974e-01 8.320094731576949121e-01 8.002721523237248391e-01 7.713477064518957649e-01 7.449905068614240955e-01 7.216505113627795787e-01 7.047552568006403284e-01 6.971017646541134427e-01 7.067255849914867438e-01 7.397913723378036766e-01 7.979584777849422217e-01 8.847349773129190575e-01 1.006333285565465641e+00 1.159699362199611228e+00 1.338318262770155975e+00
1.766501541922548935e+00 1.726842862334396100e+00 1.688659897819366318e+00 1.641552291410549813e+00 1.598413591373191389e+00 1.543996360068258245e+00 1.499009078378862547e+00 1.459774732333467329e+00 1.428993322279580092e+00 1.406191492957522327e+00 1.394111175302008343e+00 1.387965813331013543e+00 1.387081429244779729e+00 1.388078603973953884e+00 1.375506116329262118e+00 1.351407301874870903e+00 1.310805493892758022e+00 1.248381740213897917e+00 1.179315128633727783e+00 1.102748686457954319e+00 1.031108751332006079e+00 9.606805441083758890e-01 9.048850987657359735e-01 8.599709932752983566e-01 8.206211036355436361e-01 7.857305740580198261e-01 7.524962313740141129e-01 7.263671565192378887e-01 7.060584749756761980e-01 6.977902261568045272e-01 7.067097708781557852e-01 7.404490532758049026e-01 7.996565916489483117e-01 8.925488039698136200e-01 1.100000000000000089e+00 1.100000000000000089e+00 1.100000000000000089e+00
1.788292806619533382e+00 1.750852606326085192e+00 1.707486873361622859e+00 1.666755599667558929e+00 1.619118049931760561e+00 1.567923856596494581e+00 1.517146476772947672e+00 1.475419120432914122e+00 1.444450951879309386e+00 1.423548872493119344e+00 1.412889490270220483e+00 1.412458809471741850e+00 1.416868100690970467e+00 1.427153167908050468e+00 1.426424857435629301e+00 1.413019498717014155e+00 1.380605722655249279e+00 1.326544325589713580e+00 1.254283034518919759e+00 1.176411402989583577e+00 1.091680216064736753e+00 1.014630330594366470e+00 9.452187051085252367e-01 8.909594096143685915e-01 8.475928724487095112e-01 8.102071053985784310e-01 7.797614815847712100e-01 7.564717407363242829e-01 7.398315796888417228e-01 7.352414247417602411e-01 7.504867408781038529e-01 7.870214782183910796e-01 8.522155644032363142e-01 9.480401766078365711e-01 1.100000000000000089e+00 1.100000000000000089e+00 1.100000000000000089e+00
1.823465604409572949e+00 1.782985731295034570e+00 1.736889695889932916e+00 1.689724330863500823e+00 1.641395963313935003e+00 1.584882941414230029e+00 1.533711378516025015e+00 1.485791439196645580e+00 1.453268555664677608e+00 1.429821650653442910e+00 1.423305424754738979e+00 1.427678080651499704e+00 1.444805430867967866e+00 1.465019247526926804e+00 1.477412679976026544e+00 1.478571629117524378e+00 1.455746456895410379e+00 1.408101196196761995e+00 1.345027995710875501e+00 1.259117924837932945e+00 1.169358153430394509e+00 1.084310517498914717e+00 1.010306615282780873e+00 9.464627848897551043e-01 8.985027060792759590e-01 8.611129101733665525e-01 8.341920562518659876e-01 8.167118175090021248e-01 8.089475322523913547e-01 8.172362874349274886e-01 8.430604651512187964e-01 8.936100547599630239e-01 9.690100953329190414e-01 1.080502942928200705e+00 1.100000000000000089e+00 1.100000000000000089e+00 1.100000000000000089e+00
1.881726663569142310e+00 1.838229508543330670e+00 1.781958466474819369e+00 1.728217848093378084e+00 1.666388113829905704e+00 1.604629507482870476e+00 1.543955806541543962e+00 1.496205080037379176e+00 1.463864809514731746e+00 1.446300962982274063e+00 1.443138018858712401e+00 1.456741181590935241e+00 1.481869298786616662e+00 1.516196274241739417e+00 1.542586657775192771e+00 1.555281024060837902e+00 1.545536790720399400e+00 1.507527413986040843e+00 1.444007429517432994e+00 1.361727475046078384e+00 1.270566046313823305e+00 1.183131757891025426e+00 1.099539577726820871e+00 1.033700249102249780e+00 9.843603614250511225e-01 9.491738146932937603e-01 9.261686294237166939e-01 9.224781263023011935e-01 9.296506123348355910e-01 9.546628757718166325e-01 1.001473439482214456e+00 1.100000000000000089e+00 1.100000000000000089e+00 1.100000000000000089e+00 1.100000000000000089e+00 1.100000000000000089e+00 1.100000000000000089e+00
