ASPA-UH-Flopy_REPO/Models/Tutuila_PyPCGA/Flo_py_wrkspace/Figures/HK_rasterKML.asc
NCOLS 200
NROWS 100
XLLCENTER 515244
YLLCENTER 8410178
CELLSIZE 167.0
NODATA_value -999.0
[rows 51 to 67 of 100, columns 37 to 73 of 200]
7.246614760146528944e+00 7.283480743092292542e+00 7.303943825157022118e+00 7.319594341396780557e+00 7.262228594214048094e+00 7.145972111038661367e+00 6.973627719219251730e+00 6.810173311721736233e+00 6.666491054906330760e+00 6.599160066654019552e+00 6.598244709228984206e+00 6.633767531194032507e+00 6.676880413946195247e+00 6.654860625939566177e+00 6.529054062736123321e+00 6.308960252129005575e+00 5.998088522838473935e+00 5.630320853648061785e+00 5.239264510771026728e+00 4.861046359977759579e+00 4.525259043895221822e+00 4.240744016781467174e+00 3.990107297189379398e+00 3.753845910395974261e+00 3.543721434744145693e+00 3.363618199957811417e+00 3.193599243708642454e+00 3.042683062068856081e+00 2.890895837495250920e+00 2.750040951302933134e+00 2.616057422467567228e+00 2.496466900983597803e+00 2.382493378157546360e+00 2.281349441531953737e+00 2.190862834686554628e+00 2.112376407945943502e+00 2.044740197174339080e+00
7.204953887942029844e+00 7.306674631893962157e+00 7.359264153050779633e+00 7.315750448908166170e+00 7.224004697644533124e+00 7.030099098993503937e+00 6.842202509501968954e+00 6.628046311316285077e+00 6.486511592999672615e+00 6.400538337675367728e+00 6.375699653984205462e+00 6.375416108514504465e+00 6.411598692113868125e+00 6.407197046862087575e+00 6.333457518471915293e+00 6.146225427496574412e+00 5.863406776339729731e+00 5.511397859610650762e+00 5.137533560709513836e+00 4.788614453711456775e+00 4.487670092475053885e+00 4.247800191308893858e+00 4.059408722386183221e+00 3.902982866618431856e+00 3.758134209606418530e+00 3.640843677168229764e+00 3.531558287668687068e+00 3.429381664761248505e+00 3.321281377172040639e+00 3.186066669474278523e+00 3.043997258631575775e+00 2.884504822141713554e+00 2.734015530668311378e+00 2.580924516581969641e+00 2.450477821087102104e+00 2.329574067503862977e+00 2.230718653706524002e+00
7.079021307681706787e+00 7.184209447896710898e+00 7.185201487357537609e+00 7.128274071969989301e+00 6.981851306851531547e+00 6.821277423073360602e+00 6.599952669550251727e+00 6.417342905494433758e+00 6.265203165891684023e+00 6.191952013380059405e+00 6.152468331672346302e+00 6.174053551478480450e+00 6.208784177593883236e+00 6.221583882071235472e+00 6.179366327056086128e+00 6.037317397291475096e+00 5.780730495259584600e+00 5.439404424083572387e+00 5.075910012830379792e+00 4.746040341616779124e+00 4.465934704942357669e+00 4.248068281643577748e+00 4.104697787711729440e+00 4.012163104831422800e+00 3.953007262483137829e+00 3.921831147945496365e+00 3.895774624583276502e+00 3.871380422234499186e+00 3.822171102267166720e+00 3.723509337893014415e+00 3.580761694155099484e+00 3.399943891545921915e+00 3.208689177238354340e+00 3.005221549993596586e+00 2.812359932820066799e+00 2.638835874705562468e+00 2.494297434322040097e+00
6.871157285467599962e+00 6.920326189851826015e+00 6.876885229707438540e+00 6.760804095650792434e+00 6.608943799369320971e+00 6.392952747526684298e+00 6.230297641279912924e+00 6.058305432975823024e+00 5.972491023081102135e+00 5.916140541746697679e+00 5.916290411424673934e+00 5.952878908688061799e+00 6.015925191811112072e+00 6.040398722691077360e+00 6.034192839038200695e+00 5.911553663560387584e+00 5.685199302799243348e+00 5.356935182870841139e+00 5.010262223939698778e+00 4.689285407604946165e+00 4.434695652521376985e+00 4.243359452894328143e+00 4.136862895469451296e+00 4.098034473784582410e+00 4.111932125828222873e+00 4.164149063604417833e+00 4.231338804126172803e+00 4.285183378786509678e+00 4.305458908319340416e+00 4.260139648077955421e+00 4.136262362754718147e+00 3.963034643844931093e+00 3.752866860789952685e+00 3.511001765153179743e+00 3.274791364100852142e+00 3.069033290028770455e+00 2.882352655293516364e+00
6.519014145835673624e+00 6.482658401512719770e+00 6.375664003562389048e+00 6.243943099096711968e+00 6.061284793089559919e+00 5.915088547888029957e+00 5.776177747198956602e+00 5.698648266553151487e+00 5.653841825972486745e+00 5.667833900770944844e+00 5.686720537927966390e+00 5.766818128674141342e+00 5.829102865096949415e+00 5.889526854414471657e+00 5.873694421971968893e+00 5.783725982172133406e+00 5.574219979580064432e+00 5.262579158690858350e+00 4.937988045066752818e+00 4.635853918672880880e+00 4.397116543214341533e+00 4.224175637862361832e+00 4.127340996478977786e+00 4.122870605930159194e+00 4.188330114103298918e+00 4.317709408316802389e+00 4.457439027350688754e+00 4.599036111840169028e+00 4.693279525270363628e+00 4.711868299404803118e+00 4.635509994203784956e+00 4.487186047651928966e+00 4.280628029629659714e+00 4.041886533243756574e+00 3.794395285623680891e+00 3.566487328521521505e+00 3.350629736154902449e+00
6.099871612092268691e+00 5.949997592815793546e+00 5.801044487436742614e+00 5.656022265513231062e+00 5.537630556619687283e+00 5.441778327342639443e+00 5.412514322898490882e+00 5.403997666825933521e+00 5.460161480728317862e+00 5.519703605074994357e+00 5.601278163619983097e+00 5.668629776644088736e+00 5.755468213944779698e+00 5.801565405404632614e+00 5.772121379427010091e+00 5.687647466835199062e+00 5.494545812142222374e+00 5.202173891399361594e+00 4.887960537899005864e+00 4.599680438717052233e+00 4.356824318464900259e+00 4.174305766288781250e+00 4.081804175205191676e+00 4.085092565101561490e+00 4.168277348391960402e+00 4.326249119259663267e+00 4.506567571614729317e+00 4.691225179153303948e+00 4.854691702985899582e+00 4.925076858540927027e+00 4.909126369217037045e+00 4.816784857334445391e+00 4.667488709465829722e+00 4.462600910104166374e+00 4.241528014455169249e+00 4.038999138001837075e+00 3.850747538302445871e+00
5.629909113131135179e+00 5.441155260593867560e+00 5.295231362944487152e+00 5.187533399686160784e+00 5.118810733714784789e+00 5.128601308446430806e+00 5.184069432573501501e+00 5.306093587892610763e+00 5.429608411194939421e+00 5.541772930929395713e+00 5.643241781901947363e+00 5.728178828176334392e+00 5.786555974606176989e+00 5.816239171719274736e+00 5.760248280730602133e+00 5.653705774493242409e+00 5.472441827765836209e+00 5.190429869219086889e+00 4.884648890663363829e+00 4.575533049218504900e+00 4.311967091167328903e+00 4.112769198369230494e+00 3.993481325395366710e+00 3.976059770703074481e+00 4.050899661526333517e+00 4.208556599230127482e+00 4.407251308680045554e+00 4.617999316937710041e+00 4.821707515983150394e+00 4.954706816825843241e+00 4.999422427483316334e+00 4.973136644929085470e+00 4.876459976124249529e+00 4.749715139325370927e+00 4.572683885749287747e+00 4.417834075543741079e+00 4.277340639413261592e+00
5.195155680083013650e+00 4.993052806315595227e+00 4.880225181515013055e+00 4.828358489362860162e+00 4.858998749242324777e+00 4.956796762635846676e+00 5.136918105160755310e+00 5.334379922617835668e+00 5.543125813133880975e+00 5.693038278356146620e+00 5.817150475367097506e+00 5.889837539705403913e+00 5.914778701109821846e+00 5.899914039535745225e+00 5.812303724411640005e+00 5.693147621414903270e+00 5.507412341566085168e+00 5.247164630063810620e+00 4.941286422560187575e+00 4.619110898511793017e+00 4.333287214390262321e+00 4.097369849476289794e+00 3.951140454555308157e+00 3.899574460966585665e+00 3.937724151068301204e+00 4.064791770340669963e+00 4.255205563687713521e+00 4.484812434235279532e+00 4.705470919793078188e+00 4.858254373987667130e+00 4.960940796575302514e+00 4.984668600396408245e+00 4.954888564712960353e+00 4.846376940413033907e+00 4.730122663046073761e+00 4.611227610479333272e+00 4.533344003571064817e+00
4.829268975356916016e+00 4.652894361958213487e+00 4.567014968851257350e+00 4.587681566968093705e+00 4.686891638400432214e+00 4.882270649100276749e+00 5.136713018181514379e+00 5.427847820725405725e+00 5.693748976100313719e+00 5.894600013054255960e+00 6.033596815821982595e+00 6.097682552537676770e+00 6.092426038185541515e+00 6.037365784403410096e+00 5.917103847775295300e+00 5.780181238454683346e+00 5.584393474984768346e+00 5.328002452200024663e+00 5.043037197514834702e+00 4.720170048626136428e+00 4.419193000571363328e+00 4.164760138964616942e+00 3.984941831497586850e+00 3.899120613004948943e+00 3.901529290996413213e+00 3.984833018497659918e+00 4.153797217010111176e+00 4.363153001266466546e+00 4.578779739208616029e+00 4.750131165015840651e+00 4.866017511758207625e+00 4.926063659982143683e+00 4.906433328976045338e+00 4.838768358195722818e+00 4.742612934458831475e+00 4.655456738520923565e+00 4.597238411802097247e+00
4.516994181621456939e+00 4.356345336667494905e+00 4.342250877966705502e+00 4.423565291749175898e+00 4.608781667291401263e+00 4.875429636697969471e+00 5.210417295032937268e+00 5.561173285247580367e+00 5.881893467225667749e+00 6.101349229558890030e+00 6.243336003940849643e+00 6.296612982827018534e+00 6.249028975914010964e+00 6.151068616472822548e+00 5.992802080763078187e+00 5.814562192138754249e+00 5.578872751396662721e+00 5.324107313533017027e+00 5.054163461861428175e+00 4.770487036662060198e+00 4.501145396507455487e+00 4.263049644664032023e+00 4.079126296577242350e+00 3.973739788403094053e+00 3.945130394332372781e+00 4.001083718238676923e+00 4.126483818546158311e+00 4.301084041128731883e+00 4.487794825227316764e+00 4.634267517265294956e+00 4.743751906914181582e+00 4.800440732504839936e+00 4.815293755504976403e+00 4.765369812414816053e+00 4.684314943310339707e+00 4.625451337707911392e+00 4.592172279519450839e+00
4.245047039822003931e+00 4.124719018366215906e+00 4.154174338286364510e+00 4.317990979795475859e+00 4.584935501438819117e+00 4.945634270420847578e+00 5.366796881464917846e+00 5.789189736386599172e+00 6.154834718789864212e+00 6.399418739660398536e+00 6.519662269370977370e+00 6.520001766958191780e+00 6.436910413453550639e+00 6.261537979202810078e+00 6.044006575255703062e+00 5.779639019352982743e+00 5.518826664463051479e+00 5.233414786768281424e+00 4.992729690548261878e+00 4.735016710849197175e+00 4.505651956425072768e+00 4.298554781757979448e+00 4.128591679930574188e+00 4.016632049558538142e+00 3.983634213244434452e+00 4.018580442572676326e+00 4.096966411710297962e+00 4.220135054228321358e+00 4.352919098194685255e+00 4.464081778190855943e+00 4.553791748720802168e+00 4.603193680743483895e+00 4.624709341129750406e+00 4.615459225428544698e+00 4.593216557837939362e+00 4.564188225285107592e+00 4.556684310648879688e+00
4.020397606666146650e+00 3.959950916676652000e+00 4.051492536183037174e+00 4.285802629594246405e+00 4.643375757184355024e+00 5.096084222701561472e+00 5.595876343538661146e+00 6.091139849436332909e+00 6.496957423120330866e+00 6.768987531143746850e+00 6.879684169236079505e+00 6.836695780981701276e+00 6.672254078535619470e+00 6.413248950294911488e+00 6.097736586136008441e+00 5.774996514473488496e+00 5.432874821835100398e+00 5.132797900553685011e+00 4.869333216209358994e+00 4.640890192212634879e+00 4.431759121640234333e+00 4.250860043165402224e+00 4.092357919315271708e+00 3.988505188181439287e+00 3.939673748035014356e+00 3.946465959091058462e+00 3.997599826673319701e+00 4.073299471811623107e+00 4.165675097123409998e+00 4.245950589743410220e+00 4.320092483849045095e+00 4.362930311029892927e+00 4.383541989331101618e+00 4.404392557613458159e+00 4.419884702116435804e+00 4.450530495842818013e+00 4.500266717879764400e+00
3.903932548818892290e+00 3.898068435199297799e+00 4.042892519521222638e+00 4.336856293150205488e+00 4.752845224746325314e+00 5.274675168298181838e+00 5.842041381469681660e+00 6.404888831571732943e+00 6.867852957608484132e+00 7.158022857495304869e+00 7.245725375022325387e+00 7.154798381929479589e+00 6.906809754406186386e+00 6.576279914565720475e+00 6.194686546060033550e+00 5.771761611651993640e+00 5.362228503177416172e+00 5.019257749821646186e+00 4.747196205597555618e+00 4.522903084363544934e+00 4.338130226461524686e+00 4.154606915445390847e+00 4.010344007444676784e+00 3.904211237038136328e+00 3.832737428289820780e+00 3.814560130062858878e+00 3.831713752667465389e+00 3.880386863804591524e+00 3.934952620964157433e+00 3.993221549724772501e+00 4.054682660914667558e+00 4.096467372557778930e+00 4.124396081076887377e+00 4.168983035458201591e+00 4.231641798508797514e+00 4.296944739052078965e+00 4.391794461656839843e+00
3.785006233819824928e+00 3.828545477098101557e+00 4.013528081696127181e+00 4.356351163863571685e+00 4.819709152780371042e+00 5.399476961814570153e+00 6.026951996118463661e+00 6.648103911993973547e+00 7.148532535649433584e+00 7.456626012112758772e+00 7.536518076271899957e+00 7.410547268116773445e+00 7.145206946880579224e+00 6.765791221886146900e+00 6.314725366890339586e+00 5.844156894225934984e+00 5.387704449730444267e+00 5.003069404260394926e+00 4.677745436146091507e+00 4.438897133224176450e+00 4.236001808316682826e+00 4.066511544002872292e+00 3.896685485801375304e+00 3.771038605786488862e+00 3.673496372492755846e+00 3.632610430068298868e+00 3.611541446490852181e+00 3.624481448079333923e+00 3.653744603247656375e+00 3.696009366805330654e+00 3.760937875035995859e+00 3.812567922260504005e+00 3.858752121646396915e+00 3.912091304254341040e+00 3.991048288208372874e+00 4.093699298456913382e+00 4.213749650043324024e+00
3.605928332453682827e+00 3.665513164654820688e+00 3.873388157951533461e+00 4.234359387680790121e+00 4.732511286131541262e+00 5.350958886682048998e+00 6.049031383335325529e+00 6.710185844571489255e+00 7.271837994696847218e+00 7.647125962478018124e+00 7.789141699734257074e+00 7.741947970786767996e+00 7.499090107381667814e+00 7.112540044933039596e+00 6.639018350899950960e+00 6.117093343934037364e+00 5.624745959050972743e+00 5.168140014715067565e+00 4.796656525975179441e+00 4.484240178078522376e+00 4.230249367059782273e+00 4.012304155218365587e+00 3.835224366170351562e+00 3.670275630605658534e+00 3.548818677591696336e+00 3.448464467439888992e+00 3.383533788615333382e+00 3.360118510310432960e+00 3.365267671187203824e+00 3.400454099896566884e+00 3.445250312493890021e+00 3.498898214297305298e+00 3.555271783321602097e+00 3.620619266830150007e+00 3.694195466788321447e+00 3.796273844543528675e+00 3.927463969302981805e+00
3.365045006327937127e+00 3.450263014533135664e+00 3.675379702931767412e+00 4.037809366179740067e+00 4.540437825834563235e+00 5.195052540026416921e+00 5.922676263637826288e+00 6.680015145825522360e+00 7.332502685256245378e+00 7.829869531733973709e+00 8.085397580232044135e+00 8.124122040557876900e+00 7.956859100847433197e+00 7.585413237617809834e+00 7.137877108852868524e+00 6.615639953855877664e+00 6.083907492762222091e+00 5.570863329047120338e+00 5.121621149806391493e+00 4.732305875943363382e+00 4.396411214324913885e+00 4.115093285026086178e+00 3.873434422297508117e+00 3.661634714181284167e+00 3.485630381517520249e+00 3.327427180160428932e+00 3.217195284957186985e+00 3.151582385467471159e+00 3.131857457948363788e+00 3.141275378147315500e+00 3.170293637941088871e+00 3.196762579348916056e+00 3.234342341570989099e+00 3.277489981056916246e+00 3.342923771317912962e+00 3.439896824237916650e+00 3.577014633249741227e+00
3.108058773963053412e+00 3.219438288583770458e+00 1.100000000000000089e+00 1.100000000000000089e+00 4.321850422396410707e+00 4.983275880942005465e+00 5.771399574311581127e+00 6.601020300386426065e+00 7.377511855178563671e+00 8.014872202571426740e+00 8.428550070378705072e+00 8.592450803960229422e+00 8.480880462594100777e+00 8.177897555229321824e+00 7.786341007645846801e+00 7.268778618235947064e+00 6.698437087084963437e+00 6.128919002033109464e+00 5.595488798955624787e+00 5.119071091532798157e+00 4.702217691477931893e+00 4.348727709448417578e+00 4.035071434803207957e+00 3.768904044452450641e+00 3.553028324868918286e+00 3.356698210746951183e+00 3.211914835480205621e+00 3.115077937287745513e+00 3.057061004329600706e+00 3.043739938203099182e+00 3.027962601839150558e+00 3.026444989012218478e+00 3.014124826920519862e+00 3.012861352348108035e+00 3.034160135522729895e+00 3.099489592141403627e+00 3.211221268052374622e+00
