ASPA-UH-Flopy_REPO/Models/Tutuila_PyPCGA/Flo_py_wrkspace/Figures/recharge_convertedKML.asc
NCOLS 200
NROWS 100
XLLCENTER 515244
YLLCENTER 8410178
CELLSIZE 167.0
NODATA_value -999.0
[rows 17 to 33 of 100, columns 74 to 110 of 200]
0.000000000000000000e+00 0.000000000000000000e+00 0.000000000000000000e+00 0.000000000000000000e+00 0.000000000000000000e+00 0.000000000000000000e+00 0.000000000000000000e+00 0.000000000000000000e+00 0.000000000000000000e+00 0.000000000000000000e+00 0.000000000000000000e+00 0.000000000000000000e+00 0.000000000000000000e+00 0.000000000000000000e+00 0.000000000000000000e+00 0.000000000000000000e+00 0.000000000000000000e+00 0.000000000000000000e+00 0.000000000000000000e+00 0.000000000000000000e+00 0.000000000000000000e+00 0.000000000000000000e+00 0.000000000000000000e+00 0.000000000000000000e+00 0.000000000000000000e+00 0.000000000000000000e+00 5.292504275812798774e-03 5.427278100150245525e-03 7.109525580211774679e-03 5.864120480822580112e-03 7.738192781362858604e-03 6.100130207484968925e-03 6.228740949637108504e-03 7.835003453690508879e-03 8.334245320387768940e-03 6.994078340685051277e-03 7.649731624497692166e-03
0.000000000000000000e+00 0.000000000000000000e+00 0.000000000000000000e+00 0.000000000000000000e+00 0.000000000000000000e+00 0.000000000000000000e+00 0.000000000000000000e+00 0.000000000000000000e+00 0.000000000000000000e+00 0.000000000000000000e+00 0.000000000000000000e+00 0.000000000000000000e+00 0.000000000000000000e+00 0.000000000000000000e+00 0.000000000000000000e+00 0.000000000000000000e+00 0.000000000000000000e+00 0.000000000000000000e+00 0.000000000000000000e+00 0.000000000000000000e+00 0.000000000000000000e+00 0.000000000000000000e+00 0.000000000000000000e+00 0.000000000000000000e+00 0.000000000000000000e+00 3.848818622333361871e-03 5.489870030035451549e-03 5.610943897083814531e-03 5.846523661640350318e-03 8.154342820336129075e-03 6.213826249166896735e-03 6.313774293760251663e-03 6.397003773769520743e-03 8.952816649754346406e-03 6.465554146856630248e-03 9.372025967668947549e-03 7.001150252456458771e-03
0.000000000000000000e+00 0.000000000000000000e+00 0.000000000000000000e+00 0.000000000000000000e+00 0.000000000000000000e+00 0.000000000000000000e+00 0.000000000000000000e+00 0.000000000000000000e+00 0.000000000000000000e+00 0.000000000000000000e+00 0.000000000000000000e+00 0.000000000000000000e+00 0.000000000000000000e+00 0.000000000000000000e+00 0.000000000000000000e+00 0.000000000000000000e+00 0.000000000000000000e+00 0.000000000000000000e+00 0.000000000000000000e+00 0.000000000000000000e+00 0.000000000000000000e+00 0.000000000000000000e+00 0.000000000000000000e+00 0.000000000000000000e+00 0.000000000000000000e+00 5.222965049027194183e-03 7.842673240049688119e-03 5.802064308699918932e-03 6.023919615580432090e-03 6.499843380552980561e-03 7.016014310204151533e-03 7.014811378365539557e-03 6.552901288491835320e-03 1.024003114562902460e-02 6.626625626450692239e-03 6.971069121957764077e-03 9.197891721485466562e-03
0.000000000000000000e+00 0.000000000000000000e+00 0.000000000000000000e+00 0.000000000000000000e+00 0.000000000000000000e+00 0.000000000000000000e+00 0.000000000000000000e+00 0.000000000000000000e+00 0.000000000000000000e+00 0.000000000000000000e+00 0.000000000000000000e+00 0.000000000000000000e+00 0.000000000000000000e+00 0.000000000000000000e+00 0.000000000000000000e+00 0.000000000000000000e+00 0.000000000000000000e+00 0.000000000000000000e+00 0.000000000000000000e+00 0.000000000000000000e+00 3.022688461808494703e-04 2.696075031666162782e-03 0.000000000000000000e+00 0.000000000000000000e+00 4.169011842524241590e-03 6.408761355202004760e-03 5.801868134639963197e-03 5.968088130706807222e-03 6.179659188492693349e-03 6.384385742431187942e-03 1.009319939813150754e-02 6.666367980089186324e-03 6.644007472893708952e-03 6.627871650279315227e-03 1.081685740213486104e-02 6.581880045108713662e-03 8.777453692264744825e-03
0.000000000000000000e+00 0.000000000000000000e+00 0.000000000000000000e+00 0.000000000000000000e+00 0.000000000000000000e+00 0.000000000000000000e+00 0.000000000000000000e+00 0.000000000000000000e+00 0.000000000000000000e+00 0.000000000000000000e+00 0.000000000000000000e+00 0.000000000000000000e+00 0.000000000000000000e+00 0.000000000000000000e+00 0.000000000000000000e+00 0.000000000000000000e+00 0.000000000000000000e+00 0.000000000000000000e+00 0.000000000000000000e+00 4.744195656677645950e-03 5.447610709106986970e-03 5.843155364767769859e-03 1.162449602344436993e-03 2.160948828773078152e-03 5.812482103402495659e-03 8.439214988071949350e-03 7.947067299945978144e-03 6.458285372559156509e-03 7.881707400027134630e-03 6.472149339360381767e-03 6.620333312168224377e-03 6.695814045975813887e-03 6.658998666780003781e-03 6.633681225210832401e-03 9.956477682177817742e-03 6.547613461615710805e-03 6.977104005135895647e-03
0.000000000000000000e+00 0.000000000000000000e+00 0.000000000000000000e+00 0.000000000000000000e+00 0.000000000000000000e+00 0.000000000000000000e+00 0.000000000000000000e+00 0.000000000000000000e+00 0.000000000000000000e+00 0.000000000000000000e+00 0.000000000000000000e+00 0.000000000000000000e+00 0.000000000000000000e+00 0.000000000000000000e+00 0.000000000000000000e+00 0.000000000000000000e+00 0.000000000000000000e+00 0.000000000000000000e+00 0.000000000000000000e+00 2.440830462134840548e-03 5.189513987252947561e-03 5.444458256100005895e-03 5.480110198294666987e-03 5.705118131221726535e-03 9.065300085041279668e-03 6.053361934370305245e-03 5.926247858239893154e-03 6.351905185589795839e-03 7.228939365816926428e-03 6.463147665669944329e-03 6.563747084464078077e-03 9.939043862620870404e-03 6.571026788575303791e-03 7.599765033818871827e-03 6.559019502262987411e-03 6.395702252059503982e-03 6.969302464630457508e-03
0.000000000000000000e+00 0.000000000000000000e+00 0.000000000000000000e+00 0.000000000000000000e+00 0.000000000000000000e+00 0.000000000000000000e+00 0.000000000000000000e+00 0.000000000000000000e+00 0.000000000000000000e+00 0.000000000000000000e+00 0.000000000000000000e+00 0.000000000000000000e+00 0.000000000000000000e+00 0.000000000000000000e+00 0.000000000000000000e+00 0.000000000000000000e+00 0.000000000000000000e+00 0.000000000000000000e+00 2.164794583127284140e-03 6.150106679796113300e-03 5.217390905895833743e-03 5.278686319093205299e-03 5.343931046639415969e-03 7.018725036977448845e-03 5.746289619625374358e-03 6.041736440308422343e-03 7.363399437957656758e-03 6.499687483121011598e-03 6.659047879858099976e-03 6.747591914707822339e-03 6.780475522545344018e-03 6.772776333829983071e-03 6.849185602925393461e-03 6.849079714025168956e-03 8.440434504648602551e-03 7.009013940401199322e-03 7.096416183120670892e-03
0.000000000000000000e+00 0.000000000000000000e+00 0.000000000000000000e+00 0.000000000000000000e+00 0.000000000000000000e+00 0.000000000000000000e+00 0.000000000000000000e+00 0.000000000000000000e+00 0.000000000000000000e+00 0.000000000000000000e+00 0.000000000000000000e+00 0.000000000000000000e+00 0.000000000000000000e+00 0.000000000000000000e+00 0.000000000000000000e+00 0.000000000000000000e+00 6.539246399093116922e-04 5.160298703493809008e-03 5.942957111459376898e-03 5.387382205877582798e-03 5.316567559913901175e-03 5.144277417929350900e-03 5.448811499281687627e-03 6.020943393726571266e-03 6.404120027937629765e-03 6.673418664645327028e-03 6.848022877782085349e-03 7.025680992888002144e-03 7.142028010640223863e-03 7.200764779919166698e-03 7.204942787147317583e-03 7.148870431410760291e-03 7.128062328449539381e-03 7.134510502138878378e-03 7.147894137913555698e-03 7.206177471052371830e-03 7.247699477445884719e-03
0.000000000000000000e+00 0.000000000000000000e+00 0.000000000000000000e+00 0.000000000000000000e+00 0.000000000000000000e+00 0.000000000000000000e+00 0.000000000000000000e+00 0.000000000000000000e+00 0.000000000000000000e+00 0.000000000000000000e+00 0.000000000000000000e+00 0.000000000000000000e+00 0.000000000000000000e+00 0.000000000000000000e+00 0.000000000000000000e+00 0.000000000000000000e+00 4.045874345773602977e-03 5.303749234525536108e-03 5.601324280262557492e-03 5.371555432724685157e-03 5.330484303124765656e-03 5.721744574934103759e-03 6.153296482419355271e-03 6.535924163505599065e-03 6.414192421807321694e-03 6.968319425690740199e-03 6.896229590801231102e-03 6.825732345066531058e-03 7.186877509293541737e-03 7.354251909487903409e-03 7.329960041893481687e-03 7.262765094526078824e-03 7.218078296633682195e-03 7.209586379636838058e-03 7.159916415954643669e-03 7.283928125330675803e-03 6.705634346394900858e-03
0.000000000000000000e+00 0.000000000000000000e+00 0.000000000000000000e+00 0.000000000000000000e+00 0.000000000000000000e+00 0.000000000000000000e+00 0.000000000000000000e+00 0.000000000000000000e+00 0.000000000000000000e+00 0.000000000000000000e+00 0.000000000000000000e+00 0.000000000000000000e+00 0.000000000000000000e+00 0.000000000000000000e+00 0.000000000000000000e+00 0.000000000000000000e+00 6.292561429942791773e-03 5.502937827194832876e-03 5.919733536101034165e-03 7.175884866549297157e-03 5.564443005964746572e-03 6.307697470877447407e-03 6.729717934007355476e-03 7.278617431904636434e-03 4.338117724594189178e-03 7.744619513700159996e-03 7.857123587717149832e-03 8.187452162861236227e-03 7.878835269844714981e-03 6.583835795511512254e-03 7.914385454474750711e-03 8.001136145183941964e-03 7.929195763843216102e-03 6.995554453526424930e-03 4.837031624656049425e-03 5.215298453496969300e-03 2.649656062515871185e-03
0.000000000000000000e+00 0.000000000000000000e+00 0.000000000000000000e+00 0.000000000000000000e+00 0.000000000000000000e+00 0.000000000000000000e+00 0.000000000000000000e+00 0.000000000000000000e+00 0.000000000000000000e+00 0.000000000000000000e+00 0.000000000000000000e+00 0.000000000000000000e+00 0.000000000000000000e+00 4.807213597595140432e-04 1.513305142175401389e-03 5.351969614056321239e-03 5.517163248105760170e-03 8.219303366877275807e-03 6.389278626079534541e-03 5.535141918448998645e-03 6.935567446120676979e-03 6.628124028877289443e-03 6.677851239996861199e-03 7.016291990086366212e-03 6.933480177806599851e-03 7.639244395049743681e-03 7.588297339734527761e-03 0.000000000000000000e+00 0.000000000000000000e+00 0.000000000000000000e+00 0.000000000000000000e+00 2.297126258710583801e-03 2.805224818059564359e-03 2.753447327341180216e-03 1.416910432379316336e-03 1.419926720766748543e-03 0.000000000000000000e+00
0.000000000000000000e+00 0.000000000000000000e+00 0.000000000000000000e+00 0.000000000000000000e+00 0.000000000000000000e+00 0.000000000000000000e+00 0.000000000000000000e+00 0.000000000000000000e+00 0.000000000000000000e+00 0.000000000000000000e+00 0.000000000000000000e+00 0.000000000000000000e+00 0.000000000000000000e+00 4.984883044054718056e-03 5.363999162856774444e-03 5.528067056462738355e-03 5.682058769595025975e-03 9.256317701421577088e-03 5.922552575432895108e-03 5.679038948031978409e-03 6.552779232913440166e-03 6.958481579882644374e-03 7.575645487481999854e-03 8.319225384773146909e-03 8.074758151645263643e-03 3.755357095975739908e-03 5.509373867069978885e-03 0.000000000000000000e+00 0.000000000000000000e+00 0.000000000000000000e+00 0.000000000000000000e+00 0.000000000000000000e+00 0.000000000000000000e+00 0.000000000000000000e+00 0.000000000000000000e+00 0.000000000000000000e+00 0.000000000000000000e+00
0.000000000000000000e+00 0.000000000000000000e+00 0.000000000000000000e+00 0.000000000000000000e+00 0.000000000000000000e+00 0.000000000000000000e+00 0.000000000000000000e+00 0.000000000000000000e+00 0.000000000000000000e+00 0.000000000000000000e+00 0.000000000000000000e+00 0.000000000000000000e+00 1.657173554453541305e-03 7.066651411838021334e-03 5.495151955134468247e-03 7.093800182271032401e-03 6.574222836225055572e-03 5.953760065393561875e-03 7.297379673609502050e-03 5.990600149573132097e-03 6.834386953553833570e-03 7.314837510465552889e-03 7.639268176787692398e-03 7.341224039347101459e-03 9.154946611917218896e-03 9.184543059152817934e-03 6.576755073599903183e-03 6.689736648405580043e-03 7.077064848321370713e-03 5.142391332658897453e-03 0.000000000000000000e+00 0.000000000000000000e+00 0.000000000000000000e+00 0.000000000000000000e+00 0.000000000000000000e+00 0.000000000000000000e+00 0.000000000000000000e+00
0.000000000000000000e+00 0.000000000000000000e+00 0.000000000000000000e+00 0.000000000000000000e+00 0.000000000000000000e+00 0.000000000000000000e+00 0.000000000000000000e+00 0.000000000000000000e+00 0.000000000000000000e+00 0.000000000000000000e+00 0.000000000000000000e+00 0.000000000000000000e+00 3.161601742479448578e-03 5.449357576301430348e-03 5.667628229846817869e-03 7.401199095558488004e-03 5.891063979536642105e-03 1.126621155108556253e-02 6.008828705462357714e-03 6.734265436495604981e-03 7.313469705803533200e-03 7.635310064883897054e-03 7.410224008584408335e-03 5.612157407402055230e-03 7.495632873494548730e-03 7.529949783760016280e-03 7.698854317022988357e-03 7.766700930233239909e-03 7.258583148459027065e-03 7.253236764639721910e-03 7.354032858448782475e-03 5.489425780418714061e-03 1.071993376674048540e-03 0.000000000000000000e+00 0.000000000000000000e+00 6.673055865511008568e-04 4.835203930161169708e-04
0.000000000000000000e+00 0.000000000000000000e+00 0.000000000000000000e+00 0.000000000000000000e+00 0.000000000000000000e+00 0.000000000000000000e+00 0.000000000000000000e+00 0.000000000000000000e+00 0.000000000000000000e+00 0.000000000000000000e+00 0.000000000000000000e+00 0.000000000000000000e+00 2.728447697350556370e-03 5.441524016287707828e-03 5.812691325629284859e-03 7.336685379257038876e-03 5.972324622412280778e-03 6.067472400252272267e-03 6.768285078054948542e-03 7.342122623543257363e-03 7.714103505355476148e-03 6.867605861092266652e-03 6.148271573706507072e-03 9.360790932197876960e-03 1.611950805461073027e-02 1.219937458705601212e-02 7.833820955580760373e-03 7.978863558939381859e-03 1.157703666909504735e-02 7.428319363839815115e-03 7.313729491846202371e-03 8.737451481357285873e-03 5.564006878628443252e-03 2.479757870089597995e-03 3.217030897269583349e-03 3.743744467447335852e-03 7.038110102034491299e-03
0.000000000000000000e+00 0.000000000000000000e+00 0.000000000000000000e+00 0.000000000000000000e+00 0.000000000000000000e+00 0.000000000000000000e+00 0.000000000000000000e+00 0.000000000000000000e+00 0.000000000000000000e+00 0.000000000000000000e+00 0.000000000000000000e+00 0.000000000000000000e+00 2.787892270527190207e-03 6.667501420347044655e-03 5.966688285731870829e-03 6.105632674145360789e-03 6.167968329873789977e-03 6.315926819886349269e-03 7.163451391260567715e-03 7.651297613668947735e-03 7.289857883855260963e-03 8.360120608251782673e-03 8.269155861742021746e-03 8.606646602664237006e-03 8.498784618568299559e-03 7.843863210173902117e-03 7.790208639220397822e-03 9.190423269057309066e-03 9.028410224199218820e-03 7.537682693489625510e-03 7.655664085872215981e-03 5.610155627244969856e-03 3.798064248676348044e-03 4.641752368814451926e-03 6.194001578034862357e-03 7.570567949177643002e-03 6.763062540440348963e-03
0.000000000000000000e+00 0.000000000000000000e+00 0.000000000000000000e+00 0.000000000000000000e+00 0.000000000000000000e+00 0.000000000000000000e+00 0.000000000000000000e+00 0.000000000000000000e+00 0.000000000000000000e+00 0.000000000000000000e+00 0.000000000000000000e+00 0.000000000000000000e+00 5.695352446670166012e-03 5.804384501182737778e-03 5.925900751292759346e-03 6.059318256820641312e-03 6.219315971240934465e-03 6.435040907979812375e-03 7.490182073510901102e-03 7.917505388931907542e-03 7.766359780308666229e-03 9.920795541688301467e-03 8.629873396999812943e-03 1.016746808931732159e-02 7.778858746572193429e-03 8.427527777431385522e-03 8.389981136473011192e-03 7.900439119105935604e-03 7.692279448242353608e-03 7.654805087412550925e-03 8.234550504175233016e-03 8.606966280757437013e-03 7.712914688594572389e-03 7.426196218645407694e-03 7.679328976626765592e-03 6.971976883635855847e-03 5.228651345232608952e-03
