ASPA-UH-Flopy_REPO/Models/Tutuila_PyPCGA/Flo_py_wrkspace/Figures/recharge_convertedKML.asc
NCOLS 200
NROWS 100
XLLCENTER 515244
YLLCENTER 8410178
CELLSIZE 167.0
NODATA_value -999.0
[rows 34 to 50 of 100, columns 74 to 110 of 200]
0.000000000000000000e+00 0.000000000000000000e+00 0.000000000000000000e+00 0.000000000000000000e+00 0.000000000000000000e+00 0.000000000000000000e+00 1.736236559681898642e-03 1.404660182641301780e-04 0.000000000000000000e+00 0.000000000000000000e+00 0.000000000000000000e+00 0.000000000000000000e+00 5.857342013586380042e-03 6.102959735098174854e-03 6.278191938222451793e-03 6.442361809269940738e-03 6.601618431228899013e-03 1.134331390372632538e-02 7.519818207056609000e-03 7.776130130378922957e-03 9.257637659804838354e-03 7.577744278164432433e-03 8.612576243933696418e-03 8.640332800931477958e-03 8.668544261496331782e-03 8.145863353292230255e-03 8.503160245831956413e-03 8.144782630587382374e-03 7.806319045720831566e-03 7.770523688844071727e-03 9.158493108163216420e-03 7.615164297332783182e-03 8.022397857675145003e-03 6.990822527294658292e-03 6.460184530196606129e-03 6.199140036790543387e-03 4.355434249032644374e-03
0.000000000000000000e+00 0.000000000000000000e+00 0.000000000000000000e+00 0.000000000000000000e+00 0.000000000000000000e+00 0.000000000000000000e+00 6.250700902257084676e-03 5.126606374760232961e-03 1.124048613272805256e-03 0.000000000000000000e+00 0.000000000000000000e+00 0.000000000000000000e+00 0.000000000000000000e+00 3.238911100010311364e-03 6.977365948634667477e-03 6.923712523471779214e-03 7.035005389773905417e-03 7.121761850021464564e-03 7.178854724666293256e-03 8.429484303722834318e-03 8.389639851506989002e-03 7.928693776977524532e-03 1.009814312748233064e-02 9.032712977378324140e-03 8.880579987280475679e-03 8.552677989461882069e-03 1.049236007999440438e-02 8.209859119892149934e-03 7.979474306417693591e-03 9.697691441214798674e-03 8.885847201459363617e-03 7.698175317590955080e-03 8.989483913446076960e-03 6.834941735909055675e-03 6.524240476824078212e-03 6.422013305038377223e-03 6.066406191254794869e-03
0.000000000000000000e+00 0.000000000000000000e+00 0.000000000000000000e+00 3.978039029260527324e-04 2.358414315639443485e-03 6.457806787261849424e-03 6.317814735047786248e-03 5.255995490970684532e-03 5.194450898668411150e-03 5.797631005725383847e-03 3.364010024455549742e-03 4.086456505656278597e-04 0.000000000000000000e+00 8.341262214859684844e-04 5.871792175332657925e-03 9.936845456630710380e-03 7.445120109830677922e-03 7.485170990335712933e-03 9.326540588118388542e-03 9.251472091062253392e-03 8.938170996269758153e-03 9.032155743984608340e-03 8.844350509932406151e-03 8.790855725609704463e-03 8.716667142078219840e-03 8.540316253111903885e-03 9.350243261721333243e-03 7.924723811313511002e-03 7.560267391976499725e-03 7.408815734932414424e-03 7.295615731528665854e-03 7.068644522717524442e-03 6.761481083890507997e-03 6.456962110336228119e-03 6.144461803220118389e-03 6.028418519077444020e-03 5.620520263212386292e-03
0.000000000000000000e+00 0.000000000000000000e+00 2.295982471249409518e-03 6.504922335350667162e-03 6.627075152506451544e-03 6.712580689273731083e-03 6.242888793782134897e-03 5.490815541818892288e-03 8.647721752489023056e-03 6.195612285676103947e-03 6.010940651218305182e-03 6.145001104074476446e-05 0.000000000000000000e+00 2.250554742670604364e-03 8.889329792867864746e-03 9.174373586550099713e-03 7.779923010498667260e-03 7.791918744987428626e-03 7.644857666754746595e-03 8.474397167586853949e-03 8.147631869345972611e-03 8.853896399975821549e-03 8.898403582109302642e-03 8.831461099522777691e-03 8.599288156889631565e-03 1.142365676135105243e-02 8.103931155468603251e-03 7.880402887328474479e-03 7.726643836690153845e-03 7.618367231961221953e-03 7.460752486291018053e-03 7.258588989277506114e-03 7.012584095524646011e-03 6.694572054121781038e-03 6.308760979342608807e-03 5.396182959681376269e-03 5.448489938288799024e-03
0.000000000000000000e+00 0.000000000000000000e+00 5.696731124957234681e-03 6.777836325721267423e-03 6.852023636397580955e-03 7.258867455747158338e-03 6.622607922465623825e-03 5.924900939511027441e-03 6.254443546018255071e-03 6.573605601772130116e-03 5.692874775280267613e-03 3.996108782332881589e-03 4.296120058244272746e-03 8.209715662495896057e-03 7.481358841465383935e-03 7.280975989657624374e-03 7.607487183836905351e-03 8.004834148519449077e-03 7.879965907649114781e-03 8.113317965025857934e-03 9.110931985334847633e-03 9.384068758318766038e-03 8.879156532583054942e-03 8.793622363715940249e-03 8.568550573381624597e-03 7.919814890611670197e-03 7.955638510764242652e-03 7.834336271664415693e-03 1.036131952561272079e-02 9.448317288375286671e-03 7.439051168021240494e-03 6.567605812929320011e-03 7.437820273064710101e-03 6.850881398854260888e-03 6.409165182814409965e-03 5.921159354064045935e-03 5.357918571264124255e-03
0.000000000000000000e+00 0.000000000000000000e+00 3.192538275066689017e-03 7.927661172493738820e-03 8.557780039714288356e-03 6.712115048012355645e-03 5.840343350150851466e-03 6.328951203958395506e-03 6.632196974943747186e-03 6.685003668104148519e-03 7.861237121025776292e-03 5.455621406056730682e-03 9.509526582701438233e-03 7.188366379885827509e-03 7.740183131263388486e-03 7.563711260582444383e-03 7.653608071418374799e-03 8.239852409855677809e-03 9.483353446862591990e-03 8.173703096220749295e-03 8.705020728289143347e-03 8.873104320335549466e-03 8.888240048446250860e-03 8.820912231163173869e-03 7.847334251860802259e-03 8.017906023116451453e-03 8.027642326035651366e-03 7.864636249791192441e-03 8.270766219908630076e-03 7.432876013330697376e-03 9.769765968964503819e-03 7.206899883706545558e-03 8.263983729159844402e-03 6.623073386052251085e-03 6.979347887752271329e-03 5.712315030865326715e-03 4.349757446097682334e-03
6.525896683755634357e-03 5.115684659709140948e-04 7.238643600827461035e-03 7.200059207560372508e-03 7.169412195760803408e-03 6.459786388365080893e-03 6.223132054018526774e-03 6.707740547540286778e-03 7.174456402517867190e-03 7.467137362896717444e-03 9.024959284876350740e-03 8.832176021864056314e-03 7.335992400219793451e-03 1.194376608898480192e-02 7.928236429567317445e-03 8.003449227900734028e-03 9.655321866187047131e-03 8.163232604608106069e-03 8.056118119424556315e-03 8.189132206991776158e-03 8.715859623323151187e-03 9.144513683761167425e-03 1.387348497461459752e-02 8.670885639342646237e-03 8.120078669179032690e-03 7.504429140855747166e-03 1.058122591455125903e-02 7.545754667749336730e-03 7.661496691796435519e-03 7.452207668191524435e-03 7.214175533987491999e-03 7.052005229775826049e-03 9.278507694397693933e-03 7.132980524377340731e-03 1.027073891454199743e-02 6.570762019339145693e-03 4.048701208804459002e-03
7.214841005587465869e-03 7.368843846231354876e-03 7.854622239124491381e-03 7.551207570536497271e-03 7.538178252560682850e-03 7.349550271493318979e-03 6.434378494848813114e-03 1.728815979856287294e-02 7.945469778746905645e-03 8.297270035123243542e-03 6.892512117648649447e-03 8.960074096955900069e-03 7.531426615910613229e-03 9.034521142310089278e-03 7.963141594247396052e-03 1.035116443911362691e-02 8.068197907628808091e-03 7.842264415445910145e-03 8.271400975550399076e-03 8.554553765580981753e-03 8.828616802779597206e-03 9.811793443926753941e-03 9.148212427493517332e-03 1.068760284357515855e-02 7.584160820033791252e-03 1.109436249594256650e-02 8.797755588712770358e-03 7.642491646769756196e-03 7.655273622134178141e-03 7.543612203032391134e-03 7.348871982275207229e-03 6.929706854683977124e-03 6.734132223815606118e-03 6.460847315978390619e-03 9.107687525935437289e-03 6.043784827036456642e-03 5.757245527702595407e-03
7.457467670279019530e-03 7.603745220537975330e-03 8.319990716216097912e-03 7.837801029087050619e-03 7.882329017573288729e-03 7.883493664045554752e-03 6.960256246722271688e-03 7.011027621102061680e-03 7.355217535412089495e-03 8.453502958743780438e-03 7.458216108471834097e-03 8.349741867096836107e-03 7.788159278744174671e-03 7.958085439570328212e-03 7.714041502551463592e-03 7.863144685538536391e-03 8.525426873571778294e-03 8.611262308517149064e-03 8.709005864973558622e-03 8.932668246590964173e-03 9.018137234908822283e-03 8.915123924006894060e-03 8.384344687118844633e-03 7.902485534864927413e-03 7.802182676476358825e-03 7.679385704945551096e-03 7.731963022473725688e-03 7.725656832609326986e-03 7.655009270957855924e-03 7.482636254087913011e-03 7.559515278236532063e-03 7.265500123341747662e-03 6.676860953824273644e-03 7.984173220703834339e-03 5.943590378330610227e-03 7.016683056646566032e-03 5.226057862280211741e-03
1.010978573194938612e-02 7.725683546128993273e-03 7.785122505316893586e-03 8.091478461257971960e-03 1.031243416632811154e-02 8.152358840074321045e-03 7.766946437779439702e-03 6.943979483290085332e-03 1.022543408992300333e-02 7.587954824465816851e-03 7.797846407445731438e-03 8.397954358170254749e-03 8.211764175992002091e-03 7.878818946727619149e-03 7.609561971530093283e-03 8.538144279805851347e-03 8.703926249709767471e-03 8.877637600920208413e-03 9.004757908629585153e-03 9.105542145767940576e-03 9.578829595950225442e-03 9.627874677538394987e-03 8.588712354971782953e-03 8.184278021730183317e-03 8.063529608915901911e-03 7.670315146970037301e-03 7.766721355500195122e-03 7.695774675875259249e-03 7.532809377698827628e-03 7.329665631937274176e-03 7.096285425359827141e-03 6.860337338848766960e-03 6.597051613287432600e-03 6.286922141727030629e-03 5.958359820510684447e-03 5.630331081302420229e-03 5.232722788932701700e-03
7.738674109475487776e-03 7.736110655591739785e-03 7.748940773566079417e-03 8.357357288726293895e-03 7.937010489982333772e-03 8.462141325823355556e-03 7.925545656210897238e-03 6.943549011659486993e-03 7.114386357845553857e-03 9.279203973878972014e-03 7.494606847126930246e-03 8.654406680958848241e-03 8.229312642254332094e-03 7.949400648607253539e-03 8.380634142958408653e-03 8.602403403622125092e-03 9.854055773845696309e-03 8.881143978540180506e-03 1.152692376965409014e-02 9.079329335826802697e-03 9.058949212064014087e-03 9.014549412182656235e-03 8.876590982902521701e-03 1.116423771038316595e-02 8.278103518344766612e-03 7.480197241685334134e-03 7.677273946458220040e-03 7.612321106980796635e-03 7.426073761176561067e-03 7.214332318957820608e-03 6.976258642924139212e-03 6.717665509386551437e-03 6.436443489544869077e-03 6.118522931831554129e-03 5.816186960596330009e-03 9.497862062471993869e-03 5.522489085172031971e-03
7.805641339274842043e-03 7.767168632796701833e-03 7.650408022003788583e-03 7.129179821879170001e-03 7.356206650920119570e-03 7.548982531388563448e-03 7.715121777498668877e-03 7.848939371060965897e-03 7.983471880658499914e-03 8.829272759954267039e-03 7.753791704978466558e-03 9.742241012265876257e-03 9.258067841006053025e-03 8.305810265344101134e-03 8.437702291464496684e-03 8.581206760353852006e-03 8.703186676902546076e-03 8.796477277853096896e-03 8.919968382485068265e-03 1.088790755473608395e-02 9.008814377646241073e-03 8.958363880644054644e-03 8.778154927640112112e-03 1.150414131156291681e-02 8.210640431256721258e-03 7.830395643490316998e-03 7.492812576830113792e-03 9.143603035521764497e-03 7.221370103081543694e-03 8.777121312002924072e-03 7.072869233074765942e-03 6.765253234569977743e-03 6.274036121124318237e-03 5.959564766248107159e-03 5.647847604133480331e-03 5.501126703235961063e-03 4.684963182587462832e-03
7.841767324216401477e-03 7.812758476292192694e-03 7.132183847393641640e-03 7.363843866394506610e-03 7.660226248212226828e-03 7.772267656245224199e-03 7.865838725976136842e-03 7.968450029589768321e-03 8.074552983140959733e-03 8.141328712133405823e-03 8.167077197918579112e-03 8.105797385685968928e-03 8.061393709514343142e-03 8.217535566238590508e-03 8.389281999724060648e-03 8.504389229834858829e-03 8.588036345881603154e-03 8.643536659721978710e-03 8.748616060904608471e-03 1.097609482419802975e-02 8.888904682282665684e-03 8.807896730532557145e-03 8.578064013514283270e-03 1.107139691928841346e-02 7.979654115293149247e-03 7.690604638308290962e-03 7.589720039159273367e-03 7.134580251621600901e-03 6.957238805214061364e-03 6.731309516185836686e-03 6.488560521251679827e-03 6.271467677471520910e-03 7.586464596587217356e-03 5.392503392911351771e-03 5.581051500538198630e-03 4.859291198198707404e-03 3.325595002608497386e-03
7.864583257924299617e-03 7.972052672271728174e-03 7.398730853623729925e-03 7.702366156262048860e-03 7.940400244780617886e-03 7.976455587392137017e-03 8.008198204670458759e-03 8.136637969053608574e-03 8.221708545780448060e-03 8.227792320669837303e-03 1.120008185233398873e-02 8.034079956818044460e-03 9.665962349262332762e-03 7.956893000324840454e-03 8.203677804013419575e-03 8.431718833823483722e-03 8.472529994154485641e-03 8.463239864646856722e-03 8.500592201644185247e-03 8.582806073230270921e-03 8.627096449122424043e-03 1.137110490397144277e-02 1.006028715676586700e-02 7.946717772412717831e-03 7.652444740704095714e-03 7.390177919752037063e-03 7.295620521955963750e-03 7.081097337147651549e-03 6.670219602669035137e-03 6.440191509469847010e-03 6.184563154782569266e-03 5.947254968086055672e-03 5.846055550287515383e-03 4.983354141154122847e-03 1.236831029147328733e-03 3.712707169126593792e-04 7.590888103304067186e-04
7.920331643535160129e-03 7.817003578688256488e-03 7.564190565741409598e-03 7.836597391642731100e-03 8.004545381683844316e-03 8.047680641536743631e-03 8.092117951461752501e-03 8.150632941330903519e-03 8.121352398493120531e-03 9.340681368984426330e-03 7.941832539558515286e-03 7.819650613521196558e-03 7.715511989263553437e-03 7.840829602176163649e-03 8.018619282515810492e-03 8.096847867042062177e-03 8.241486904166621039e-03 8.303826401798393431e-03 8.314016215722037917e-03 8.327511662008520166e-03 8.319376393575654560e-03 1.153209600733746260e-02 7.851284193339823358e-03 7.558377954250474449e-03 7.243457932641214278e-03 7.029071812198737536e-03 6.944789819617004298e-03 6.832495862883941444e-03 6.422243758576706013e-03 6.153477500334748537e-03 5.942382296888388399e-03 5.708732658574392285e-03 5.542808533881079733e-03 5.023946038977245530e-03 0.000000000000000000e+00 0.000000000000000000e+00 0.000000000000000000e+00
7.951254831193282219e-03 7.493574668113965435e-03 7.731229961542017068e-03 7.903818230154117941e-03 7.987307124983578088e-03 8.680574624938057829e-03 1.047407213947731432e-02 8.000829530726321498e-03 7.980037734551092415e-03 1.312142741252099107e-02 7.658689438609716897e-03 8.064579798107250966e-03 7.513062461196072690e-03 7.658778323768892539e-03 7.749607104731358505e-03 7.826883714079899135e-03 7.877701846645579140e-03 8.039038603141012915e-03 8.058287760725839008e-03 8.205631580779229953e-03 8.098687250665611778e-03 7.646449424290356796e-03 7.456194757519638353e-03 7.156162542626012465e-03 6.795287789192726476e-03 6.675725456764832963e-03 6.597225891204018533e-03 6.492193664488481869e-03 6.300265518228868010e-03 5.831534021875938757e-03 5.527678279247037231e-03 5.755153371675324897e-03 5.112757449246959837e-03 0.000000000000000000e+00 0.000000000000000000e+00 0.000000000000000000e+00 0.000000000000000000e+00
8.130919805642221679e-03 7.670196592632670153e-03 7.827825916606981349e-03 7.896752533711411809e-03 7.914681250876168597e-03 1.330667270705454368e-02 1.372399471785816505e-02 7.652402908364240586e-03 7.702246010909630236e-03 7.438474442361904526e-03 1.375528943046720742e-02 8.457736586875465312e-03 7.298913531703625328e-03 7.394537162778241912e-03 7.463298711786844029e-03 7.488375323698103284e-03 7.503096921944028830e-03 7.511623910180870167e-03 7.526651375831212160e-03 7.337301337998165113e-03 7.000406234357781261e-03 7.235077315418727943e-03 1.136120212635340597e-02 6.721556105987525238e-03 6.456740897340517739e-03 6.326914698748066675e-03 6.225098747386152188e-03 6.120940302516273378e-03 8.259791135623676187e-03 5.517139138425425533e-03 4.488859264438362258e-03 1.098110474762318232e-03 4.666001413073811183e-04 0.000000000000000000e+00 0.000000000000000000e+00 0.000000000000000000e+00 0.000000000000000000e+00
