ASPA-UH-Flopy_REPO/Models/Tutuila_PyPCGA/Flo_py_wrkspace/Figures/recharge_convertedKML.asc
NCOLS 200
NROWS 100
XLLCENTER 515244
YLLCENTER 8410178
CELLSIZE 167.0
NODATA_value -999.0
[rows 51 to 67 of 100, columns 37 to 73 of 200]
6.577478976884126860e-03 6.757533160595148754e-03 8.179210189081248181e-03 6.814957072013311072e-03 6.840372600720256470e-03 8.082389987425532552e-03 1.402732594789542729e-02 8.369260593076601612e-03 9.206643691050559256e-03 9.198739348491115353e-03 1.019169599184321408e-02 8.349710123573271178e-03 8.314893197977039560e-03 8.289280866004887158e-03 8.271014720060429828e-03 1.011579264457175380e-02 9.997503282735801383e-03 8.532037925346453236e-03 8.395147415974982263e-03 8.210403332472268265e-03 8.690189906312031573e-03 8.938535363997506672e-03 9.031538350047460181e-03 9.010416214458203191e-03 8.831895332506157353e-03 8.663777503048765080e-03 8.590278411353860499e-03 8.638749113193074092e-03 8.782940772285764350e-03 8.694794925646797540e-03 9.909062284962256648e-03 8.429745746724755587e-03 8.399585076683667439e-03 8.353490444812230326e-03 8.274519302984796251e-03 8.071767625801175294e-03 7.704298326343700376e-03
6.753069365985886995e-03 7.129913504955484420e-03 6.919213615555137691e-03 7.844322045249698880e-03 7.032249578697915941e-03 8.011590478526528156e-03 8.215072711840090691e-03 1.140498681382691275e-02 9.148363497443244216e-03 8.340496247527825688e-03 8.296149078262001972e-03 8.889837414419078307e-03 8.395905005078042535e-03 1.103563211902038911e-02 7.953988993490758788e-03 8.502315069191001759e-03 9.265895171461998800e-03 9.036545673783249674e-03 9.261257827637089241e-03 8.895026105949129999e-03 9.082092793654595111e-03 9.100633416296206174e-03 9.142309258253688772e-03 9.543013380331873130e-03 8.741838359693740110e-03 8.682146628075173428e-03 8.704066886084710700e-03 8.918089601633288899e-03 1.025967246080436088e-02 1.047987426026158152e-02 8.462256209033180987e-03 1.066450639268653154e-02 9.019167396869967254e-03 8.391726439116274985e-03 1.122671849369911816e-02 8.742642974855772617e-03 9.557274036413593646e-03
1.099345976976429107e-02 7.036063293278243223e-03 9.342292178196466568e-03 7.499503739573805221e-03 7.376879493616314738e-03 7.503157366368224702e-03 7.651833969860991243e-03 8.228308149296518006e-03 1.074301816493160484e-02 8.264359040633910067e-03 8.301609796501713268e-03 8.731025286194449980e-03 9.990006636937540097e-03 8.343074752158601698e-03 8.337866540686314498e-03 9.298983452346462619e-03 8.546168450393222538e-03 8.790360664286673079e-03 9.785436852877941669e-03 8.897914826825342391e-03 1.158879620158122931e-02 9.648421188954762334e-03 8.812681409094977672e-03 8.831725908993809382e-03 8.351486046505785313e-03 8.775325323383948578e-03 8.787120902394444585e-03 8.777577041233443692e-03 8.732977267725663961e-03 8.678561653939162804e-03 8.170118368775890552e-03 8.174974316798535104e-03 1.388249327474077970e-02 1.027893889404564789e-02 7.373045362770019699e-03 7.089878162165913489e-03 7.115483275201632887e-03
1.112690537878736549e-02 7.431041975364720623e-03 8.255575429250757574e-03 6.782036070821310589e-03 7.356738756284691809e-03 7.476543211275721301e-03 7.521639558214920571e-03 8.696356829538301469e-03 8.769000143610244241e-03 8.442494367069300343e-03 8.248898195960101612e-03 8.281504663434356359e-03 1.004519814838485472e-02 1.248636538977465626e-02 9.056620121964589071e-03 8.938023094282715117e-03 9.604312203709627557e-03 8.519214215682637328e-03 1.029925577098467215e-02 8.537094226895572055e-03 8.604494918532670789e-03 8.559044572331784423e-03 8.506663194299469988e-03 9.655519195308192790e-03 8.579706877591679326e-03 1.130838394588529888e-02 9.591170658051501735e-03 8.029084305610428157e-03 8.170411591628646067e-03 8.706706572329574179e-03 7.327229696733209528e-03 7.300720871052748286e-03 7.408408296612139371e-03 7.461136624209429094e-03 7.274032255064695647e-03 7.074092624917613890e-03 7.120733039040625517e-03
6.483101149976888342e-03 9.309024829318458469e-03 6.658313243029718650e-03 7.205416923434192038e-03 7.327828030100773209e-03 1.062761491778797633e-02 8.316098267167849542e-03 7.591296905459025447e-03 8.743252596647385980e-03 8.826211675187285027e-03 8.824935180097326706e-03 8.512762561556886168e-03 8.903194051984883103e-03 8.416498470357011707e-03 8.305403291705435245e-03 1.021449921960963965e-02 1.096391700100228170e-02 9.983770278696423028e-03 1.017842364770428498e-02 9.969318548383569040e-03 9.345501482005497129e-03 9.234396609502128206e-03 8.960806666957643607e-03 8.458908723741442870e-03 8.398597404887469739e-03 7.856588899937694964e-03 7.519751304412358901e-03 7.805511844182445522e-03 7.640891924807521711e-03 7.652924345293412103e-03 7.598477609615918692e-03 7.668567609203664343e-03 8.250749253863456228e-03 8.316615777924118644e-03 7.277284277296697072e-03 6.980501730559066434e-03 6.983405986725288103e-03
1.099763040792313060e-02 9.726345926658688107e-03 7.022724976397249665e-03 7.197137460361270958e-03 7.281728046912500259e-03 9.157040882039644419e-03 7.314434191057397200e-03 8.366137000723864597e-03 8.676372362181628342e-03 8.789561641284710652e-03 8.832801753228961342e-03 8.885147568282878577e-03 8.931058171685286179e-03 9.498540998547057301e-03 9.247187672042406562e-03 8.373369428985880103e-03 1.354151049519563763e-02 8.596413955865208831e-03 1.029546771142118670e-02 1.001921238349948000e-02 9.865196060944591075e-03 1.031824605957433645e-02 1.233444107982443159e-02 9.505018208975453756e-03 8.797249742103505424e-03 8.464813159476461402e-03 7.898217629949775415e-03 7.897771080599658503e-03 7.659091894167679819e-03 7.689143029324424679e-03 7.180151607240703102e-03 7.205357947380161207e-03 9.413350576275443179e-03 7.764030795499015508e-03 7.126140610079423170e-03 6.867593004263324030e-03 6.864199498999652878e-03
6.664557232823419171e-03 6.799006874407557445e-03 6.960161030542317238e-03 7.112801961429297479e-03 7.171545510537667353e-03 7.166655502778794366e-03 7.453212262235009607e-03 8.358838264555105632e-03 8.520644095937919896e-03 8.641729773035209533e-03 8.717860925243389736e-03 8.812011614174723034e-03 8.877143416409846374e-03 1.051992209415521240e-02 8.883307084897599376e-03 1.108674808511628945e-02 8.958885221715635200e-03 1.017440390963570036e-02 8.284419351154254443e-03 8.513819579544024477e-03 8.878272732985610996e-03 8.746870174007024407e-03 9.403069175528393914e-03 9.938183228060568433e-03 9.681075577841547972e-03 9.049997180021638818e-03 9.290165788853615644e-03 8.285622394777361274e-03 7.447160732497877869e-03 7.659305345042910843e-03 7.817542170811877036e-03 7.626144890074198004e-03 7.341231168273893229e-03 8.864198051818431706e-03 8.506988941172721405e-03 6.765019654570320409e-03 6.761474928927542483e-03
6.519149704835971830e-03 6.690600014974764156e-03 6.844832953079843692e-03 6.967699411394523423e-03 8.833970255402409308e-03 6.967344912013295061e-03 7.235465955598776276e-03 8.128067733843044596e-03 8.302230526590320681e-03 8.431051457980216421e-03 8.543976868401874716e-03 9.308732738674012699e-03 8.755243111060946257e-03 1.337327514055627366e-02 9.068999059295370160e-03 8.679046822634614231e-03 8.425425332464571773e-03 8.194747741146186579e-03 8.124728141805617060e-03 8.598484478097580611e-03 8.622660442112172266e-03 9.910178009028301066e-03 9.542829983870810412e-03 1.087295932159823217e-02 1.084288072470978789e-02 9.390707183162915264e-03 7.439680306251755457e-03 7.235517670002199891e-03 8.562918529946426244e-03 7.144431060249052841e-03 8.343552007926973921e-03 6.858668372158579184e-03 7.402764943166696698e-03 7.008417900959473985e-03 6.763642041738892989e-03 6.647068087158099214e-03 6.638762967747834434e-03
6.318294207856491908e-03 6.516724131333775233e-03 6.665257847105189766e-03 6.757863833125796887e-03 1.059616142730302954e-02 6.691858464771762924e-03 7.735356803749052212e-03 7.848077334775277122e-03 8.023395161825491381e-03 8.168230410576911293e-03 8.321472062620651616e-03 8.650498659215275638e-03 8.553762259840893070e-03 8.583084924612497182e-03 8.552636879867249117e-03 8.475845023525838476e-03 8.398170374455529025e-03 8.447580780433934164e-03 8.446428084280135570e-03 8.473507593869722410e-03 8.465883518269611691e-03 8.772041826956698818e-03 9.541812656640408924e-03 1.084629347826977612e-02 1.057351892210617837e-02 1.024385315586611930e-02 1.020040452352788396e-02 9.832901819114043748e-03 7.147388961903193560e-03 7.025350773531735711e-03 7.795652875101353498e-03 1.306947651320680519e-02 7.154239311958862993e-03 6.820339445925722478e-03 6.616906231603552832e-03 6.524908823289479395e-03 6.084950519653390191e-03
5.988105086726916958e-03 6.224050777337133099e-03 7.473713746884842919e-03 6.764559017145345757e-03 8.826538352636430565e-03 6.682339779420482830e-03 7.432782532935836711e-03 7.511974748378748984e-03 8.436930512176846544e-03 8.621512400428001099e-03 8.065617708175433845e-03 8.168424070807197429e-03 9.217731365239324737e-03 9.202869913972023738e-03 8.868688088043389858e-03 9.314965090892390540e-03 7.933565743404927956e-03 8.285546830320254796e-03 8.360850439588387792e-03 8.385058030599081350e-03 8.362531720543291136e-03 8.261782414025049120e-03 8.762846743095754551e-03 1.063897763985796087e-02 1.018348107917108232e-02 1.037788836171434949e-02 1.048512681122005033e-02 1.075841440188411192e-02 7.110841265642478190e-03 7.246088815537080931e-03 7.489373218759175395e-03 7.005618733496823090e-03 1.031547321061278104e-02 6.670584778166115981e-03 6.307248532983564075e-03 6.145338444785867181e-03 8.008930750552822192e-03
5.584069399909927754e-03 5.805137238064445905e-03 9.069745644259332232e-03 8.400295186661219798e-03 6.858982540178373832e-03 6.540808396929189555e-03 7.069362180894361164e-03 7.144403683218046933e-03 7.238145185324087322e-03 7.471965158808171158e-03 7.711784212133841049e-03 9.474270241559612504e-03 8.278017088428134967e-03 7.845801959719161250e-03 7.761085272086494860e-03 7.913276674842590133e-03 7.676555535461057275e-03 8.074289946994996428e-03 8.169763088870771878e-03 8.207884362332705866e-03 8.199751410974863430e-03 8.169462980225120421e-03 8.192666112314617166e-03 8.556572907092451635e-03 1.005698928779014990e-02 9.247812664573510158e-03 1.021358092825654616e-02 9.739241913810113560e-03 9.609265129918690904e-03 6.067530579289617809e-03 6.474289142082052979e-03 6.225272764005233654e-03 7.559085141016053111e-03 8.355294770535469720e-03 8.461264978971858031e-03 7.946998398925530019e-03 1.142417178778681527e-02
5.165505746349662551e-03 5.329267584285497968e-03 6.644490464864550791e-03 6.068703083308784295e-03 6.258158050603766613e-03 6.617730061052243609e-03 6.700841711328858578e-03 6.743310642765270452e-03 6.821725783900143419e-03 7.112289573165851524e-03 7.353865296438589182e-03 7.477739558287907831e-03 7.608520356513387949e-03 7.575349775080624133e-03 7.570479810505778562e-03 7.255862424253462298e-03 7.543130352028329551e-03 7.823739399347500942e-03 7.962297830380838867e-03 8.036170379377817821e-03 8.057622138346204679e-03 8.055301831896065010e-03 8.036737355481823192e-03 8.144034522843193735e-03 9.642528353255120505e-03 9.698578095627616302e-03 9.909274310747420017e-03 9.533223595316551655e-03 1.053777501437383468e-02 1.041148951289899878e-02 6.426633953796050125e-03 9.001947997570794793e-03 5.829867182189476041e-03 8.251618003279758903e-03 1.599560747113411979e-02 1.261159312580490549e-02 1.416533553621402222e-02
4.807587130623730033e-03 4.927388970295155414e-03 5.231981863433911306e-03 5.771450935154263939e-03 5.822127134020100431e-03 6.191068959151011311e-03 6.711717019393570807e-03 6.399284062032595949e-03 6.423643517503484224e-03 6.727186514804187577e-03 6.999764483052039674e-03 7.175296641401315151e-03 7.222334663415321335e-03 7.229738447190441238e-03 8.154373986854710279e-03 6.674482014677307791e-03 8.461156177908789322e-03 7.551322837149757571e-03 7.710824038046259522e-03 7.810433178644706972e-03 7.869185674848034120e-03 7.891897252919060843e-03 7.840809089675302573e-03 8.268041248405912438e-03 9.748296046639598478e-03 9.659964525082451528e-03 9.296902868812687709e-03 1.461655556714683973e-02 1.201550692777536219e-02 1.027595056847959223e-02 1.014862924764002236e-02 8.340281618927384774e-03 7.587485392504172109e-03 7.704527653306030011e-03 8.378599497417699507e-03 1.565614794673376303e-02 1.453180415982397063e-02
4.458216040293834330e-03 4.547055112364693438e-03 4.734641711470326600e-03 4.048158585568570680e-03 5.611236570042226444e-03 5.783089724505258676e-03 7.160862633667147877e-03 5.908476070923290857e-03 6.034075204866918424e-03 6.321435058753066896e-03 6.611885611554534949e-03 6.042273616720226018e-03 7.182971378615220573e-03 7.566160264973542833e-03 8.543793462185275342e-03 6.841557706307420383e-03 8.405609319803723084e-03 7.229603038113037276e-03 7.406169789270259166e-03 7.533771281912212195e-03 7.622766867603919701e-03 7.667772337852843574e-03 7.591299161198089736e-03 7.499643862354675797e-03 9.316301297582386606e-03 9.560350708239614970e-03 1.041790478307199307e-02 1.695698133423331408e-02 1.114230069049988031e-02 1.056582074626896683e-02 9.723810235284463185e-03 8.453442726111780325e-03 8.046988518076414812e-03 7.917612176177054803e-03 9.828526555850479116e-03 1.535886716443123599e-02 1.000733303306430323e-02
3.533252995145432819e-03 4.184659416819262560e-03 4.065486019528225491e-03 4.330180488705137436e-03 5.575169127814778337e-03 5.224136204195003672e-03 5.497588692502468864e-03 5.580159415120370704e-03 5.673289488773806781e-03 5.903847256645558365e-03 6.197725579744406410e-03 5.586213499784400960e-03 8.721473385985042959e-03 6.510122386234567030e-03 6.464412341440520064e-03 6.518749942561070758e-03 6.666116152409617621e-03 6.879792742412815278e-03 7.063748995399207406e-03 1.241990537621357610e-02 7.335673224536786753e-03 7.392481026272396810e-03 7.290306816116802480e-03 7.513661384989251020e-03 9.079680148692623881e-03 9.124664986517636023e-03 9.331296484151686832e-03 1.539369763203472102e-02 1.533854228148327260e-02 1.247928398961064590e-02 9.431643390788601103e-03 8.354597905775926550e-03 7.542954025906893102e-03 7.597036743196527477e-03 1.487698830960165752e-02 1.366993904044057524e-02 6.818116450670799224e-03
4.065209969939207260e-03 3.624657730190427533e-03 2.443102234864297229e-03 3.408986436608373288e-03 4.845440676051419177e-03 4.500153109499555916e-03 5.147520004184581548e-03 5.267391586116395609e-03 5.391813658183441417e-03 5.561188985599148198e-03 5.794889454766664547e-03 6.819834313303244772e-03 7.851669840078841917e-03 6.459647795371109037e-03 6.289804975351600234e-03 6.157771011408210565e-03 6.349614180490939855e-03 6.519224894109096335e-03 6.693236024729253345e-03 6.866645599097039553e-03 1.263751204488141808e-02 7.062904028771834798e-03 7.187972223434118367e-03 8.242683259236540869e-03 8.753304860638116275e-03 8.388492683051246637e-03 8.155076572105464383e-03 1.496751055671098792e-02 1.523950709960949189e-02 1.401969046648138782e-02 8.441862960972639635e-03 8.032255134574631250e-03 7.326913613906107375e-03 1.003497278150778174e-02 1.014899399065966046e-02 8.063810109846459434e-03 6.956136799644230956e-03
4.424118532913662305e-03 3.642968471959971439e-03 0.000000000000000000e+00 7.575713037845343807e-04 4.736212517721459514e-03 4.195356851364435459e-03 4.323616225595679902e-03 5.649612438226186278e-03 5.058123718311924137e-03 5.263049809033545565e-03 6.241415099114963790e-03 7.158840763704142109e-03 8.191462081873037912e-03 5.788270215292902303e-03 5.664368805640781872e-03 5.820927116365465052e-03 6.082028635068289363e-03 6.227301836708307864e-03 6.373133515788731614e-03 7.867955709766751710e-03 1.581210780589257375e-02 7.268022052912655011e-03 6.597660539201995536e-03 7.694932451578131473e-03 7.860108686032648423e-03 7.994603807638545750e-03 8.118641459900642968e-03 8.028926826299088645e-03 1.314133594166485772e-02 1.375819466256456708e-02 1.408043989175242552e-02 1.034246721444789102e-02 9.750990616517215062e-03 1.322048348205267024e-02 7.128096406457192120e-03 7.017471043062864858e-03 7.129686232665776065e-03
