ASPA-UH-Flopy_REPO/Models/Tutuila_PyPCGA/Flo_py_wrkspace/Figures/recharge_convertedKML.asc
NCOLS 200
NROWS 100
XLLCENTER 515244
YLLCENTER 8410178
CELLSIZE 167.0
NODATA_value -999.0
[rows 17 to 33 of 100, columns 111 to 147 of 200]
6.669273953310929197e-03 6.855009614732681875e-03 6.550041120808813844e-03 7.072098629652796668e-03 6.804121069388531159e-03 7.804296467457273907e-03 6.640855659143921064e-03 8.692872553574790967e-03 9.053826358369326463e-03 6.246020590784872976e-03 8.052951449553378063e-03 6.529824958589035451e-03 5.637736470806758993e-03 5.506668902370136232e-03 5.575816494133320998e-03 5.732000887240060183e-03 6.122899314287014172e-03 5.266337273808860409e-03 5.298418940606693280e-03 0.000000000000000000e+00 0.000000000000000000e+00 3.844871337917951572e-03 2.697563501931057959e-03 3.322251268671417169e-03 4.561541836304422969e-03 4.802524371824719307e-03 5.833332760802080290e-03 6.120987531150878097e-03 4.964372946666140325e-03 5.176543780588201311e-03 6.084253866281748996e-03 5.228769341442685188e-03 4.159955261688015778e-03 1.306858217029835227e-03 0.000000000000000000e+00 0.000000000000000000e+00 0.000000000000000000e+00
6.581662370139422860e-03 6.540301331659176785e-03 6.675954731634746279e-03 7.962031082818574537e-03 6.971300734222259966e-03 9.093522615581642668e-03 6.703133718472373617e-03 6.731721029329657165e-03 6.577334402317065731e-03 6.595660813151483365e-03 9.007470080812606666e-03 5.968215714037150392e-03 6.129185695935742730e-03 5.728892291790259675e-03 5.909641349888587920e-03 5.826924670192977322e-03 5.582669716844589070e-03 5.546914035174986199e-03 5.671536981396233836e-03 6.209567810087990650e-04 9.355005069664292568e-05 6.521038139681908236e-03 5.443972327631389947e-03 6.875404836187655466e-03 5.360225262459589364e-03 5.071604689455069814e-03 7.003749310415900535e-03 5.317773304392728502e-03 5.562453450790237793e-03 6.230071369595265203e-03 7.009170159981528356e-03 5.777550654554217471e-03 5.098048993651041645e-03 6.335158424563400517e-03 7.906921636600972372e-03 9.968870357839228202e-04 6.611957198015745198e-04
6.616106240889946949e-03 6.573808263157067747e-03 6.671810192046343478e-03 7.103124722552620757e-03 6.624063564671385518e-03 6.990434920339269435e-03 9.033569918955553987e-03 1.004442505447106400e-02 6.650310554056207586e-03 8.469777391896009949e-03 6.285172604021459046e-03 6.222860447794114486e-03 6.352603907620580324e-03 6.013287118733601049e-03 5.960963968651080032e-03 6.950049581535045623e-03 7.824066289612975275e-03 5.948433481651368461e-03 6.543992530318266075e-03 3.910853858209107671e-03 3.461809319501800170e-03 4.986250758599285182e-03 5.415875032489756227e-03 5.545868546428195899e-03 5.354967409500971734e-03 5.233202812309478529e-03 7.278189787251145362e-03 5.753433964110609561e-03 6.016039698947870870e-03 5.940463761491632765e-03 8.273020461127697511e-03 6.463843017458849836e-03 5.363779051131951046e-03 5.143602228843348508e-03 4.883946289966968092e-03 4.781408212230113704e-03 4.566239760053073145e-03
6.585312923373457840e-03 6.544693842255755456e-03 6.593033574946166944e-03 6.991658811115907500e-03 6.748539401664330716e-03 7.862843523321734474e-03 7.853012807976501169e-03 8.530306959625099522e-03 6.800381038844941460e-03 8.971071492587546006e-03 6.436817655875132042e-03 6.283665009479544664e-03 8.005358159698026249e-03 6.119916042143579843e-03 9.801936219685555146e-03 5.840876394553332768e-03 5.942195224826245237e-03 6.205467525473724530e-03 6.870945790180822514e-03 7.476436339060370424e-03 7.047224051430375953e-03 8.878337789003543090e-03 6.017996619584023259e-03 5.782126242562667280e-03 5.544333398851358438e-03 5.643103501009561103e-03 5.989300840133475294e-03 6.130028032906629717e-03 6.739688735887074122e-03 6.791167737783326483e-03 5.159899154412450617e-03 5.394232128441253833e-03 6.872662084031142156e-03 7.199808274425933616e-03 5.046493988190631740e-03 5.084018658033520079e-03 6.247068021638288969e-03
6.473176455303012930e-03 6.584516218632275805e-03 8.214027534354269647e-03 6.555369247893308438e-03 6.526854322427386342e-03 6.473904105549237696e-03 7.018767199496468365e-03 9.809704270749544999e-03 6.685371192179630565e-03 7.873261056511149381e-03 6.401342184437183377e-03 8.937289934070837341e-03 6.425555368362493615e-03 6.396619788355506833e-03 6.159590167220120073e-03 5.965621420068099173e-03 6.142358333894856748e-03 6.404849983293513238e-03 6.565832089574174212e-03 8.176313431689881048e-03 6.856518003003485295e-03 7.082687482270692836e-03 6.223356105956642098e-03 6.010582328232095574e-03 5.742410360199223622e-03 6.064500583401121261e-03 6.264250894208938519e-03 6.992229489284925055e-03 6.225992427430197644e-03 7.691376441742297891e-03 5.535691071454550312e-03 7.481375909991781759e-03 5.493557851472814606e-03 5.286332666263208156e-03 5.180939349114761262e-03 6.770077402795647743e-03 4.867252040441542339e-03
6.779943122358713520e-03 6.882171275438350375e-03 6.890266686596611088e-03 6.807256373614969068e-03 6.740165358165310996e-03 6.654377250191422649e-03 6.895271150531473263e-03 6.805585872556515169e-03 6.536422707555701594e-03 6.480157751708620975e-03 6.616472237307465323e-03 6.733733897060033453e-03 6.741043901090802183e-03 6.683585143295102914e-03 6.527186452386907374e-03 6.257923265902996975e-03 6.200661309809457275e-03 6.392884451734841961e-03 6.493194075319538676e-03 6.629661533225036409e-03 9.901365257395003394e-03 1.019827023581127388e-02 6.429069250739996404e-03 8.070771916034540777e-03 6.131539934141270499e-03 7.185759499574947279e-03 6.454676600192376171e-03 6.926046391036035088e-03 6.994178541756262447e-03 8.076410104003391849e-03 6.482428750732217859e-03 6.206686923690374509e-03 5.592293868347134565e-03 5.371899234161372876e-03 7.877613299480773837e-03 5.075589039848512653e-03 4.661725225086739421e-03
7.177817503360679925e-03 7.203427919393677603e-03 6.931405287222150435e-03 7.019050891323338690e-03 6.926766695658561138e-03 6.840180308340367520e-03 6.811513306136963812e-03 6.937438446176292725e-03 6.752314376275576381e-03 6.752756657739506473e-03 7.012445956756078840e-03 7.109139428556277701e-03 7.082303284202120901e-03 7.004858950233130120e-03 6.882028251543701770e-03 6.753939289112027324e-03 6.538938819511273294e-03 6.399138506602764474e-03 7.603474494387057157e-03 6.404543428824344478e-03 6.209669220064431214e-03 6.730758616938981552e-03 7.472376049510950219e-03 9.268248272285039766e-03 6.188021842940052974e-03 6.448606580908029101e-03 7.159623961606494461e-03 6.796622186984950520e-03 7.066925570186691208e-03 7.566072493373972828e-03 6.396648342788312062e-03 6.134026512633844117e-03 5.571540814674202056e-03 5.341989744835210982e-03 5.127065778675555553e-03 6.124213928063820117e-03 4.688221893911595148e-03
7.058086385869187171e-03 7.061820982470302932e-03 7.193417537706258552e-03 6.129528204574988433e-03 6.614703059494068081e-03 6.986473733527617976e-03 6.808667985736018002e-03 6.891699096554533728e-03 6.808572572774465592e-03 6.875599500564613664e-03 7.017575609710417425e-03 6.916119870836885328e-03 7.039800541472310269e-03 6.847070125637769525e-03 6.662596469691037596e-03 7.190862132437809973e-03 7.009783736970096393e-03 6.594645818922958633e-03 6.393603041969800338e-03 7.758781849750785546e-03 7.526745408060745400e-03 5.882128696243871073e-03 6.557505175429622149e-03 6.445176060761633081e-03 6.346161207866015536e-03 6.523880563361795712e-03 7.681707387276835892e-03 6.768318188809059263e-03 6.952513739079384074e-03 7.285069570061373026e-03 6.237109476163787448e-03 6.036805232594920009e-03 5.547689031688177869e-03 5.375271532475401487e-03 5.187507816510774847e-03 5.010371846984948765e-03 4.929050585702368474e-03
7.713666081206256228e-03 2.075017191826468519e-03 4.784538560212211870e-04 3.194123229246569962e-04 3.361018310969156797e-04 1.671944083277938876e-03 4.472356050809216457e-03 6.871410603083856830e-03 6.741197606248561756e-03 6.521725737866174329e-03 7.186295459643648326e-03 8.710263778566266352e-03 7.820189698568969991e-03 8.008588401290000006e-03 7.810283286258421810e-03 6.816525317058425015e-03 6.682810473269060192e-03 6.535259509996416485e-03 6.558927993726404969e-03 5.969456521293984262e-03 6.720291499664527400e-03 6.547540824924918436e-03 6.241058654959157938e-03 6.571159684766252410e-03 6.464767977045486787e-03 6.348802131662861781e-03 6.450785893369991378e-03 6.663323689157493734e-03 6.617015242275960107e-03 6.673116757989349876e-03 6.336267655429629435e-03 6.172267731190186034e-03 5.659253892900145688e-03 5.490278472664109587e-03 5.347020350701442784e-03 5.166456113480542497e-03 5.009757295790015844e-03
0.000000000000000000e+00 0.000000000000000000e+00 0.000000000000000000e+00 0.000000000000000000e+00 0.000000000000000000e+00 0.000000000000000000e+00 0.000000000000000000e+00 1.450139444175814864e-03 3.388541546758506214e-03 2.672231892491071670e-03 2.159270167260679400e-04 5.037494339070716816e-03 4.578784824305871630e-03 6.406487790391083084e-03 6.564212383203666540e-03 6.796797160428310648e-03 7.836272965486040104e-03 6.603075998240046096e-03 6.087839333880906700e-03 5.560094962592621731e-03 6.335218700664145726e-03 6.528835315338664229e-03 7.586535257889269121e-03 1.106142673707398612e-02 6.648893572966698730e-03 6.339461595748464677e-03 6.208853098029749537e-03 6.113669147732754376e-03 6.493175800501941111e-03 6.457267860943679237e-03 6.394820598383989772e-03 6.216732110819795168e-03 5.683903488958875691e-03 5.495622957387385869e-03 5.329587106694335004e-03 5.132211197199152211e-03 4.935054055589959202e-03
0.000000000000000000e+00 0.000000000000000000e+00 0.000000000000000000e+00 0.000000000000000000e+00 0.000000000000000000e+00 0.000000000000000000e+00 0.000000000000000000e+00 0.000000000000000000e+00 0.000000000000000000e+00 0.000000000000000000e+00 0.000000000000000000e+00 0.000000000000000000e+00 4.010107654305707439e-03 8.131107181743008061e-03 6.859341667107163483e-03 6.820651965502151810e-03 6.686602856125844520e-03 7.404411352385066938e-03 6.921517516990154106e-03 5.543014490805329292e-03 6.977154447196186500e-03 8.737197246727801750e-03 6.362701980599508832e-03 9.628119515563585834e-03 6.410108105634360932e-03 6.968554384509000228e-03 6.404620266729498489e-03 6.286458489059291305e-03 6.460987330720743826e-03 6.438024830402653415e-03 6.817339632782457894e-03 8.453957151126748060e-03 5.649339616197653416e-03 5.446155190570216124e-03 5.243260673957850920e-03 5.020807309829232110e-03 4.801928770358135368e-03
0.000000000000000000e+00 0.000000000000000000e+00 0.000000000000000000e+00 0.000000000000000000e+00 0.000000000000000000e+00 0.000000000000000000e+00 0.000000000000000000e+00 0.000000000000000000e+00 0.000000000000000000e+00 0.000000000000000000e+00 0.000000000000000000e+00 0.000000000000000000e+00 5.511544763332116431e-03 6.936255344813222791e-03 6.618966151425611198e-03 6.583325085038888372e-03 6.791811355765457921e-03 5.995689696298011663e-03 6.255011784494276389e-03 5.809393851564178916e-03 5.679879167862495262e-03 5.529032177254868466e-03 5.996861454207149354e-03 6.593615498717278131e-03 7.110533767634914445e-03 7.088279065420476609e-03 8.065870226153577793e-03 9.693859240213428125e-03 6.394560829103601400e-03 6.331727921394881935e-03 6.214938921636014614e-03 6.059283128745207581e-03 6.705635999608283021e-03 5.349164521694324895e-03 5.096865288603391088e-03 4.838130440569163998e-03 4.661713609474849550e-03
0.000000000000000000e+00 0.000000000000000000e+00 0.000000000000000000e+00 0.000000000000000000e+00 0.000000000000000000e+00 0.000000000000000000e+00 0.000000000000000000e+00 0.000000000000000000e+00 0.000000000000000000e+00 0.000000000000000000e+00 0.000000000000000000e+00 0.000000000000000000e+00 4.427020036535803289e-03 6.196705849471681633e-03 5.749585716542690399e-03 6.283318348268870750e-03 6.147339838817779054e-03 6.156490958214826635e-03 6.281755927845870426e-03 6.005694037825199359e-03 6.032769086816301002e-03 6.313275659727446421e-03 6.802197415514276042e-03 7.008876210475918633e-03 7.068058418644476183e-03 6.963899756781250470e-03 6.844489474977261990e-03 6.700543471865848255e-03 6.598319484939923346e-03 6.217666207087676165e-03 5.945282199174168995e-03 5.850789609761662506e-03 5.404848882436843506e-03 5.249896960048533283e-03 4.975720350547246061e-03 4.621902896921981779e-03 4.666499069639116690e-03
9.697217441047164231e-04 9.512833435206998747e-04 0.000000000000000000e+00 0.000000000000000000e+00 0.000000000000000000e+00 0.000000000000000000e+00 0.000000000000000000e+00 0.000000000000000000e+00 0.000000000000000000e+00 0.000000000000000000e+00 0.000000000000000000e+00 0.000000000000000000e+00 4.962774901969207314e-03 5.560452718598807645e-03 6.130483778926391208e-03 6.015525629201568317e-03 6.580017756209546008e-03 6.315160997675147575e-03 6.545318866344128003e-03 6.767662795245807383e-03 6.192317509852668031e-03 6.206567790057295267e-03 6.844569499224377115e-03 6.726036599948886918e-03 6.849828095086100098e-03 6.769630736783319690e-03 1.001564539159583746e-02 6.556492418237591831e-03 6.518888788875633680e-03 6.296269895041768302e-03 5.980329716314562727e-03 5.624173614399399952e-03 5.676186640402083525e-03 5.694429240385392998e-03 5.190776993667726470e-03 4.274985962648364043e-03 2.213148070479605944e-03
6.280009382799840896e-03 4.616498006581052672e-03 0.000000000000000000e+00 0.000000000000000000e+00 0.000000000000000000e+00 0.000000000000000000e+00 0.000000000000000000e+00 0.000000000000000000e+00 0.000000000000000000e+00 0.000000000000000000e+00 0.000000000000000000e+00 0.000000000000000000e+00 6.159877939772380809e-03 1.160493856242732560e-02 6.053649614918699649e-03 6.814000969488485764e-03 5.980120553537263996e-03 6.343761848168178764e-03 6.531827869418397117e-03 6.784915480252047201e-03 6.830550243984676549e-03 6.806503451324142327e-03 6.642234361577317898e-03 6.432429243682476899e-03 6.593958872715871382e-03 6.538854001333489069e-03 6.489924305931362922e-03 6.455717540945079234e-03 6.454755024908551304e-03 6.258468127711474746e-03 5.933917748056322106e-03 5.600252580918339482e-03 5.075877719557999462e-03 4.612521573399600006e-03 4.814806370099006597e-03 1.648316273424436885e-03 0.000000000000000000e+00
3.290069636457852199e-03 1.102484035307168576e-03 0.000000000000000000e+00 0.000000000000000000e+00 0.000000000000000000e+00 0.000000000000000000e+00 0.000000000000000000e+00 0.000000000000000000e+00 0.000000000000000000e+00 0.000000000000000000e+00 0.000000000000000000e+00 0.000000000000000000e+00 2.270730565578998016e-03 5.302999028316622565e-03 5.549769833589684662e-03 5.409993906507916568e-03 5.766994207111746269e-03 6.143200067693238738e-03 6.325286106214301519e-03 6.583164546261498565e-03 6.635005945590240900e-03 6.575391918260230749e-03 6.353184231537341818e-03 8.220666578836768185e-03 6.169088157868336982e-03 6.800315157945083580e-03 6.214067039560114067e-03 7.965708270476965641e-03 9.445050814742004738e-03 5.103825552203800249e-03 5.860490304455092531e-03 5.378322901615844968e-03 4.785541242062298084e-03 4.552172067219706526e-03 4.301663265958238780e-03 1.397707954558797443e-03 0.000000000000000000e+00
4.564517569734604686e-03 1.068617234166073689e-03 0.000000000000000000e+00 0.000000000000000000e+00 0.000000000000000000e+00 0.000000000000000000e+00 0.000000000000000000e+00 0.000000000000000000e+00 0.000000000000000000e+00 0.000000000000000000e+00 0.000000000000000000e+00 0.000000000000000000e+00 6.134663272364978930e-03 5.282583541213635089e-03 5.254307274960110831e-03 5.174013920869754458e-03 5.414432999448154718e-03 5.907121156237473032e-03 6.082324431415804186e-03 6.245076743883697275e-03 6.493865118948655320e-03 7.144578584653633185e-03 6.042437514528778419e-03 5.937146931361129629e-03 5.859885609317937692e-03 6.422517158230122564e-03 5.912672046181617451e-03 5.890040957928631415e-03 5.236173120393971918e-03 0.000000000000000000e+00 9.380252879571424974e-04 3.592018567219208008e-03 4.125988952590532201e-03 3.522746370205773799e-03 3.796279354071442364e-03 0.000000000000000000e+00 0.000000000000000000e+00
