ASPA-UH-Flopy_REPO/Models/SWI_experiment2/Flo_py_wrkspace/zeta_WTF2.asc
NCOLS 200
NROWS 100
XLLCENTER 515244
YLLCENTER 8410178
CELLSIZE 167.0
NODATA_value -999.0
[rows 64 to 79 of 100, columns 37 to 73 of 200]
-1.754495429992675781e+01 -1.608400726318359375e+01 -1.513479518890380859e+01 -1.659197998046875000e+01 -1.790793037414550781e+01 -1.826332855224609375e+01 -1.809376144409179688e+01 -1.812940406799316406e+01 -1.844486236572265625e+01 -1.557654571533203125e+01 -1.591801357269287109e+01 -1.697057914733886719e+01 -1.853744316101074219e+01 -1.762623214721679688e+01 -1.775030517578125000e+01 -1.667173767089843750e+01 -1.746327400207519531e+01 -1.721283912658691406e+01 -1.733373260498046875e+01 -1.818014717102050781e+01 -1.815036392211914062e+01 -1.746395874023437500e+01 -1.623678970336914062e+01 -1.820610618591308594e+01 -1.950100708007812500e+01 -1.993190383911132812e+01 -2.044989585876464844e+01 -2.318489265441894531e+01 -2.218641853332519531e+01 -2.225953865051269531e+01 -2.210033035278320312e+01 -2.244674491882324219e+01 -2.326975822448730469e+01 -2.350978088378906250e+01 -2.428861618041992188e+01 -2.554222679138183594e+01 -2.278481674194335938e+01
-1.699047660827636719e+01 -1.629771804809570312e+01 -1.818587684631347656e+01 -1.720413589477539062e+01 -1.786244964599609375e+01 -1.839564514160156250e+01 -1.819907188415527344e+01 -1.845510482788085938e+01 -1.842937660217285156e+01 -1.774787902832031250e+01 -1.351338958740234375e+01 -1.544179439544677734e+01 -2.095564270019531250e+01 -1.848370170593261719e+01 -1.744441223144531250e+01 -1.720690155029296875e+01 -1.719499969482421875e+01 -1.793313217163085938e+01 -1.598541641235351562e+01 -2.212593269348144531e+01 -1.791640472412109375e+01 -1.774053764343261719e+01 -1.605051231384277344e+01 -1.799530601501464844e+01 -2.046588134765625000e+01 -2.011133956909179688e+01 -2.014497566223144531e+01 -2.309150886535644531e+01 -2.321825027465820312e+01 -2.248549461364746094e+01 -2.206881141662597656e+01 -2.228201103210449219e+01 -2.251670265197753906e+01 -2.284669113159179688e+01 -2.450863647460937500e+01 -2.418999290466308594e+01 -2.037504005432128906e+01
-1.702801132202148438e+01 -1.665896987915039062e+01 -1.565944957733154297e+01 -1.639221191406250000e+01 -1.697534179687500000e+01 -1.744815254211425781e+01 -1.962911987304687500e+01 -1.686189079284667969e+01 -1.727390289306640625e+01 -1.841259193420410156e+01 -1.771855163574218750e+01 -1.694280815124511719e+01 -1.961277770996093750e+01 -1.982645416259765625e+01 -1.672452354431152344e+01 -1.721597480773925781e+01 -1.931353378295898438e+01 -1.919801330566406250e+01 -1.688355636596679688e+01 -1.761242675781250000e+01 -2.304669761657714844e+01 -1.756090736389160156e+01 -1.611886024475097656e+01 -1.821448707580566406e+01 -2.027604675292968750e+01 -2.067687797546386719e+01 -2.038863372802734375e+01 -2.258889961242675781e+01 -2.335135459899902344e+01 -2.298223114013671875e+01 -2.192248153686523438e+01 -2.200804138183593750e+01 -2.187377548217773438e+01 -2.245606040954589844e+01 -2.239028167724609375e+01 -2.096227836608886719e+01 -1.891397857666015625e+01
-1.421260643005371094e+01 -1.527373123168945312e+01 -2.161379098892211914e+00 -2.937750101089477539e+00 -1.814753532409667969e+01 -1.520087814331054688e+01 -1.919650840759277344e+01 -1.661452484130859375e+01 -1.818915367126464844e+01 -1.840997314453125000e+01 -2.164237213134765625e+01 -1.815930557250976562e+01 -1.927144241333007812e+01 -1.553566169738769531e+01 -1.635582542419433594e+01 -1.711540031433105469e+01 -1.815052986145019531e+01 -1.889203834533691406e+01 -2.005334281921386719e+01 -1.873523139953613281e+01 -2.553821945190429688e+01 -1.824943351745605469e+01 -1.776961898803710938e+01 -1.860822105407714844e+01 -1.914491844177246094e+01 -2.004879188537597656e+01 -1.918926239013671875e+01 -1.923382186889648438e+01 -2.219253730773925781e+01 -2.273802757263183594e+01 -2.297183418273925781e+01 -2.215670585632324219e+01 -2.192296218872070312e+01 -2.268846702575683594e+01 -2.066275787353515625e+01 -1.911750411987304688e+01 -1.808971405029296875e+01
-1.072610282897949219e+01 -9.331758499145507812e+00 -7.461620807647705078e+00 -5.490894794464111328e+00 -1.716457176208496094e+01 -1.271143913269042969e+01 -1.605772209167480469e+01 -1.698649978637695312e+01 -1.805186080932617188e+01 -2.043786430358886719e+01 -1.901053428649902344e+01 -1.830992889404296875e+01 -1.814719390869140625e+01 -1.429746150970458984e+01 -1.601893997192382812e+01 -1.529626750946044922e+01 -2.513001060485839844e+01 -2.018748474121093750e+01 -2.049204826354980469e+01 -2.755296897888183594e+01 -2.578159332275390625e+01 -1.989275550842285156e+01 -1.801429176330566406e+01 -1.748452568054199219e+01 -1.703485107421875000e+01 -1.822388648986816406e+01 -1.818853187561035156e+01 -1.713913154602050781e+01 -1.937317276000976562e+01 -1.967365646362304688e+01 -2.102079391479492188e+01 -2.261411857604980469e+01 -2.253086471557617188e+01 -2.210747337341308594e+01 -1.981669235229492188e+01 -1.800879478454589844e+01 -1.758364105224609375e+01
-1.879685592651367188e+01 -1.697555351257324219e+01 -1.442440700531005859e+01 -1.255300998687744141e+01 -7.967720985412597656e+00 -3.071228027343750000e+00 -1.663326978683471680e+00 -1.373786830902099609e+01 -1.604462242126464844e+01 -9.237715721130371094e+00 -1.199957180023193359e+01 -1.843259620666503906e+01 -1.693119049072265625e+01 -1.637502098083496094e+01 -1.611075782775878906e+01 -1.674112129211425781e+01 -1.746541786193847656e+01 -2.522382545471191406e+01 -2.709505271911621094e+01 -2.294727516174316406e+01 -2.572257995605468750e+01 -2.707193946838378906e+01 -1.729197311401367188e+01 -1.762728881835937500e+01 -1.658945274353027344e+01 -1.709480476379394531e+01 -1.805768775939941406e+01 -1.708371925354003906e+01 -1.763443946838378906e+01 -1.790773010253906250e+01 -1.845232391357421875e+01 -1.998239517211914062e+01 -1.965371513366699219e+01 -1.893420600891113281e+01 -1.794004821777343750e+01 -1.739756965637207031e+01 -1.744650077819824219e+01
-2.892486572265625000e+01 -2.659518432617187500e+01 -2.246828460693359375e+01 -1.918075370788574219e+01 -1.406296253204345703e+01 -1.069295024871826172e+01 -4.703939914703369141e+00 -2.464123010635375977e+00 -1.832152009010314941e+00 5.062487721443176270e-01 -1.089727878570556641e+01 -1.397675991058349609e+01 -1.799990844726562500e+01 -1.726426696777343750e+01 -1.683443260192871094e+01 -1.828234672546386719e+01 -1.601396751403808594e+01 -2.163374710083007812e+01 -2.179168510437011719e+01 -2.214824676513671875e+01 -2.200623512268066406e+01 -2.482688522338867188e+01 -1.805268287658691406e+01 -1.760087776184082031e+01 -1.807283782958984375e+01 -1.725608444213867188e+01 -1.776965904235839844e+01 -1.702468109130859375e+01 -1.588052272796630859e+01 -1.709313011169433594e+01 -1.647577857971191406e+01 -1.775925445556640625e+01 -1.778755187988281250e+01 -1.738253784179687500e+01 -1.714290046691894531e+01 -1.709685897827148438e+01 -1.755887222290039062e+01
-4.149293899536132812e+01 -3.892290115356445312e+01 -3.041584968566894531e+01 -2.886897087097167969e+01 -1.947538948059082031e+01 -1.373913955688476562e+01 -9.536938667297363281e+00 -3.859548807144165039e+00 -1.114657044410705566e+00 -4.031613767147064209e-01 -1.232705688476562500e+01 -1.476233959197998047e+01 -1.578615570068359375e+01 -1.658184623718261719e+01 -2.469592857360839844e+01 -2.050273513793945312e+01 -2.061382293701171875e+01 -2.098076820373535156e+01 -2.105381584167480469e+01 -2.118504524230957031e+01 -2.125978088378906250e+01 -2.099297904968261719e+01 -2.047445297241210938e+01 -1.951322174072265625e+01 -2.006066322326660156e+01 -1.792454147338867188e+01 -1.743992805480957031e+01 -1.751837539672851562e+01 -1.574640369415283203e+01 -1.523903179168701172e+01 -1.634443664550781250e+01 -1.661665153503417969e+01 -1.678994750976562500e+01 -1.677623748779296875e+01 -1.684037208557128906e+01 -1.694954490661621094e+01 -1.725447463989257812e+01
-5.436857986450195312e+01 -5.106745910644531250e+01 -4.725632858276367188e+01 -4.479000091552734375e+01 -4.303583908081054688e+01 -3.356233978271484375e+01 -1.168301010131835938e+01 -7.235373497009277344e+00 -3.162508010864257812e+00 -9.107072830200195312e+00 -1.394119262695312500e+01 -1.547332859039306641e+01 -1.619767951965332031e+01 -1.765202713012695312e+01 -1.916767883300781250e+01 -1.956199455261230469e+01 -1.973091506958007812e+01 -1.978851890563964844e+01 -1.981332778930664062e+01 -1.987479782104492188e+01 -2.012498855590820312e+01 -2.064536285400390625e+01 -2.177595138549804688e+01 -2.892026138305664062e+01 -2.379575157165527344e+01 -1.746782875061035156e+01 -1.596148395538330078e+01 -1.729067039489746094e+01 -1.685399055480957031e+01 -1.602051734924316406e+01 -1.647035789489746094e+01 -1.617003822326660156e+01 -1.637182235717773438e+01 -1.654480552673339844e+01 -1.666405868530273438e+01 -1.674888801574707031e+01 -1.730013084411621094e+01
-6.048785018920898438e+01 -5.592293930053710938e+01 -5.352048110961914062e+01 -5.266138839721679688e+01 -4.974261093139648438e+01 -4.425003814697265625e+01 -2.532212066650390625e+01 -1.112156486511230469e+01 -2.500782012939453125e+00 -1.089146423339843750e+01 -1.419565773010253906e+01 -1.570458984375000000e+01 -1.674834442138671875e+01 -1.750454139709472656e+01 -1.837851142883300781e+01 -1.879714965820312500e+01 -1.896106910705566406e+01 -1.898490333557128906e+01 -1.899102783203125000e+01 -1.904540634155273438e+01 -1.926184844970703125e+01 -1.973809623718261719e+01 -2.048511695861816406e+01 -2.604108810424804688e+01 -2.574351310729980469e+01 -1.884748077392578125e+01 -1.625223731994628906e+01 -1.669274902343750000e+01 -1.582233333587646484e+01 -1.589394950866699219e+01 -1.575054264068603516e+01 -1.596904182434082031e+01 -1.615974617004394531e+01 -1.687365150451660156e+01 -1.682506752014160156e+01 -1.681885147094726562e+01 -1.657472991943359375e+01
-6.399998855590820312e+01 -6.182291030883789062e+01 -5.841823959350585938e+01 -5.636288070678710938e+01 -5.353966903686523438e+01 -4.681087112426757812e+01 -2.577219009399414062e+01 -1.065516948699951172e+01 -2.022325038909912109e+00 -7.582561969757080078e+00 -1.320110702514648438e+01 -1.534151744842529297e+01 -1.645235633850097656e+01 -1.725385856628417969e+01 -1.789619445800781250e+01 -1.828571510314941406e+01 -1.845921707153320312e+01 -1.847480392456054688e+01 -1.843990516662597656e+01 -1.846947288513183594e+01 -1.859786796569824219e+01 -1.886938667297363281e+01 -1.929311943054199219e+01 -2.364454460144042969e+01 -2.509021759033203125e+01 -1.930010986328125000e+01 -1.645312309265136719e+01 -1.795594406127929688e+01 -1.624946594238281250e+01 -1.589310264587402344e+01 -1.571114921569824219e+01 -1.599337577819824219e+01 -1.621173667907714844e+01 -1.731191635131835938e+01 -1.716792106628417969e+01 -1.674205017089843750e+01 -1.643317222595214844e+01
-6.569051361083984375e+01 -6.361848068237304688e+01 -6.076570129394531250e+01 -5.788552093505859375e+01 -5.560517883300781250e+01 -4.875513839721679688e+01 -2.598785018920898438e+01 -1.298351955413818359e+01 -2.218491077423095703e+00 -6.830113887786865234e+00 -1.234765338897705078e+01 -1.460203552246093750e+01 -1.607810592651367188e+01 -1.694274330139160156e+01 -1.755377388000488281e+01 -1.789558029174804688e+01 -1.807339859008789062e+01 -1.813252067565917969e+01 -1.808531951904296875e+01 -1.807343101501464844e+01 -1.812564086914062500e+01 -1.822642517089843750e+01 -1.835022544860839844e+01 -1.934872055053710938e+01 -2.264471626281738281e+01 -2.008798980712890625e+01 -1.562760829925537109e+01 -1.635433387756347656e+01 -1.705688476562500000e+01 -1.609380912780761719e+01 -1.587173175811767578e+01 -1.593500900268554688e+01 -1.629222106933593750e+01 -1.739282226562500000e+01 -1.678119468688964844e+01 -1.703290748596191406e+01 -1.632940864562988281e+01
-6.670864105224609375e+01 -6.380081176757812500e+01 -6.232976913452148438e+01 -5.925447082519531250e+01 -5.616046142578125000e+01 -5.047275161743164062e+01 -2.427839088439941406e+01 -1.112973022460937500e+01 5.024664878845214844e+00 -6.812475204467773438e+00 -1.156843757629394531e+01 -1.411224269866943359e+01 -1.569415950775146484e+01 -1.666010665893554688e+01 -1.727139472961425781e+01 -1.759416198730468750e+01 -1.774096298217773438e+01 -1.782981300354003906e+01 -1.781016921997070312e+01 -1.779943084716796875e+01 -1.779679489135742188e+01 -1.780056762695312500e+01 -1.779530906677246094e+01 -1.738841629028320312e+01 -1.869464874267578125e+01 -1.947248077392578125e+01 -1.685912132263183594e+01 -1.574742698669433594e+01 -1.685359954833984375e+01 -1.655464363098144531e+01 -1.593107700347900391e+01 -1.619955825805664062e+01 -1.640457916259765625e+01 -1.689893531799316406e+01 -1.629962539672851562e+01 -1.656616401672363281e+01 -1.628507995605468750e+01
-6.781075286865234375e+01 -6.558936309814453125e+01 -6.305603027343750000e+01 -5.986082839965820312e+01 -5.690359115600585938e+01 -4.653339004516601562e+01 -2.729067039489746094e+01 -1.538938045501708984e+01 -3.236716032028198242e+00 -3.173583269119262695e+00 -1.024208641052246094e+01 -1.348827552795410156e+01 -1.529895687103271484e+01 -1.633652687072753906e+01 -1.697626686096191406e+01 -1.733896064758300781e+01 -1.753357505798339844e+01 -1.760920524597167969e+01 -1.764214134216308594e+01 -1.764468002319335938e+01 -1.757287216186523438e+01 -1.752852439880371094e+01 -1.751927185058593750e+01 -1.735165214538574219e+01 -1.732950019836425781e+01 -1.739492034912109375e+01 -1.697420692443847656e+01 -1.633988952636718750e+01 -1.631762504577636719e+01 -1.644300079345703125e+01 -1.602315902709960938e+01 -1.596008396148681641e+01 -1.644249153137207031e+01 -1.636825942993164062e+01 -1.597985267639160156e+01 -1.596275329589843750e+01 -1.621183586120605469e+01
-6.861843109130859375e+01 -6.594756317138671875e+01 -6.043421936035156250e+01 -6.054433059692382812e+01 -5.698443984985351562e+01 -5.284038162231445312e+01 -3.738346862792968750e+01 -1.889183044433593750e+01 -6.357337951660156250e+00 3.429870843887329102e+00 -8.498024940490722656e+00 -1.299341487884521484e+01 -1.504128742218017578e+01 -1.608185577392578125e+01 -1.676051902770996094e+01 -1.711486244201660156e+01 -1.735174560546875000e+01 -1.747775077819824219e+01 -1.751357078552246094e+01 -1.751356697082519531e+01 -1.743409729003906250e+01 -1.736891937255859375e+01 -1.733749198913574219e+01 -1.698525238037109375e+01 -1.692588806152343750e+01 -1.698359680175781250e+01 -1.652430725097656250e+01 -1.631305503845214844e+01 -1.574602985382080078e+01 -1.612608909606933594e+01 -1.604195785522460938e+01 -1.590781116485595703e+01 -1.631022453308105469e+01 -1.556448650360107422e+01 -1.579857921600341797e+01 -1.577002143859863281e+01 -1.608662796020507812e+01
-6.900724792480468750e+01 -6.480774688720703125e+01 -6.181454086303710938e+01 -6.168006134033203125e+01 -5.914815139770507812e+01 -5.453208923339843750e+01 -4.535942840576171875e+01 -1.938641929626464844e+01 -1.289669990539550781e+01 -2.992079973220825195e+00 -3.779688119888305664e+00 -1.282139968872070312e+01 -1.514461040496826172e+01 -1.607875633239746094e+01 -1.665818595886230469e+01 -1.699708175659179688e+01 -1.719017791748046875e+01 -1.730928611755371094e+01 -1.740538215637207031e+01 -1.740177726745605469e+01 -1.732718086242675781e+01 -1.723737335205078125e+01 -1.722660827636718750e+01 -1.681138229370117188e+01 -1.644776725769042969e+01 -1.617335891723632812e+01 -1.629029655456542969e+01 -1.594448184967041016e+01 -1.526566886901855469e+01 -1.490021038055419922e+01 -1.466440677642822266e+01 -1.479556274414062500e+01 -1.476538181304931641e+01 -1.562756824493408203e+01 -1.594610309600830078e+01 -1.621738433837890625e+01 -1.633494377136230469e+01
