ASPA-UH-Flopy_REPO/Models/SWI_experiment2/Flo_py_wrkspace/zeta_WTF1.asc
NCOLS 200
NROWS 100
XLLCENTER 515244
YLLCENTER 8410178
CELLSIZE 167.0
NODATA_value -999.0
[rows 48 to 63 of 100, columns 111 to 147 of 200]
-2.469263458251953125e+01 -3.235626602172851562e+01 -3.685596084594726562e+01 -4.295793914794921875e+01 -5.043040084838867188e+01 -6.389601135253906250e+01 -7.297180938720703125e+01 -7.667372894287109375e+01 -7.954335021972656250e+01 -8.062967681884765625e+01 -8.170449066162109375e+01 -8.312101745605468750e+01 -8.466490173339843750e+01 -8.590097808837890625e+01 -8.643435668945312500e+01 -8.857653045654296875e+01 -8.721582031250000000e+01 -8.982613372802734375e+01 -9.058674621582031250e+01 -9.121563720703125000e+01 -9.142807006835937500e+01 -9.121256256103515625e+01 -8.070239257812500000e+01 -8.825801849365234375e+01 -5.752478027343750000e+01 -5.444786834716796875e+01 -9.916681671142578125e+01 -1.027397994995117188e+02 -1.038116989135742188e+02 -7.364003753662109375e+01 -5.543656921386718750e+01 -6.440125274658203125e+01 -1.047317962646484375e+02 -7.108145141601562500e+01 -7.079145050048828125e+01 -6.840323638916015625e+01 -6.108086013793945312e+01
-3.926076889038085938e+01 -4.675347137451171875e+01 -5.999507904052734375e+01 -6.261248016357421875e+01 -6.698927307128906250e+01 -7.417828369140625000e+01 -7.654666137695312500e+01 -8.036415100097656250e+01 -8.236054229736328125e+01 -8.281787109375000000e+01 -8.347476959228515625e+01 -8.499839782714843750e+01 -8.691268157958984375e+01 -8.911781311035156250e+01 -9.162635803222656250e+01 -9.202458190917968750e+01 -9.196827697753906250e+01 -9.112757873535156250e+01 -9.193791198730468750e+01 -8.118807220458984375e+01 -9.554508972167968750e+01 -9.822118377685546875e+01 -7.906791687011718750e+01 -9.510901641845703125e+01 -1.005273971557617188e+02 -8.819875335693359375e+01 -8.255030059814453125e+01 -5.899209976196289062e+01 -3.580458831787109375e+01 -2.970309066772460938e+01 -4.503725051879882812e+01 -5.473823928833007812e+01 -8.779920196533203125e+01 -7.940666961669921875e+01 -7.469642639160156250e+01 -7.534789276123046875e+01 -7.272930145263671875e+01
-4.765871047973632812e+01 -6.236642074584960938e+01 -6.703265380859375000e+01 -6.977736663818359375e+01 -7.299463653564453125e+01 -7.594629669189453125e+01 -7.993740844726562500e+01 -7.984570312500000000e+01 -7.149022674560546875e+01 -7.433088684082031250e+01 -8.512418365478515625e+01 -8.643276977539062500e+01 -8.742407989501953125e+01 -8.823204040527343750e+01 -7.674186706542968750e+01 -8.941326904296875000e+01 -7.012992858886718750e+01 -9.328711700439453125e+01 -9.592804718017578125e+01 -9.809475708007812500e+01 -1.013118972778320312e+02 -1.013467025756835938e+02 -9.720072174072265625e+01 -1.033337020874023438e+02 -7.997292327880859375e+01 -4.110245132446289062e+01 -2.562461090087890625e+01 -1.429792976379394531e+01 -1.581696033477783203e+01 -3.776453018188476562e+01 -4.940621185302734375e+01 -6.114995956420898438e+01 -8.421668243408203125e+01 -8.755998229980468750e+01 -8.603267669677734375e+01 -8.673519134521484375e+01 -8.652146911621093750e+01
-6.512761688232421875e+01 -6.873636627197265625e+01 -7.099841308593750000e+01 -7.406751251220703125e+01 -7.821993255615234375e+01 -5.238077926635742188e+01 -7.869917297363281250e+01 -6.758455657958984375e+01 -7.361961364746093750e+01 -8.183071899414062500e+01 -8.813445281982421875e+01 -8.738578796386718750e+01 -8.736546325683593750e+01 -7.729002380371093750e+01 -7.324816131591796875e+01 -8.828484344482421875e+01 -8.631024169921875000e+01 -9.533767700195312500e+01 -9.982584381103515625e+01 -1.007226028442382812e+02 -1.004169998168945312e+02 -1.010143966674804688e+02 -9.812268829345703125e+01 -7.885846710205078125e+01 -3.411597824096679688e+01 -1.881928062438964844e+01 -1.521142959594726562e+01 -1.255871009826660156e+01 -2.226487922668457031e+01 -4.202814102172851562e+01 -5.231549835205078125e+01 -7.788372039794921875e+01 -8.862020874023437500e+01 -1.086305999755859375e+02 -1.185033035278320312e+02 -1.468341064453125000e+02 -1.699268951416015625e+02
-6.777770996093750000e+01 -7.269709014892578125e+01 -7.426854705810546875e+01 -5.790407943725585938e+01 -7.858558654785156250e+01 -8.379467010498046875e+01 -8.283824157714843750e+01 -6.787368011474609375e+01 -8.959882354736328125e+01 -8.305335998535156250e+01 -9.049436950683593750e+01 -8.914212799072265625e+01 -8.336395263671875000e+01 -8.899965667724609375e+01 -8.437088775634765625e+01 -9.276975250244140625e+01 -9.443948364257812500e+01 -6.780850219726562500e+01 -5.552378845214843750e+01 -4.757976150512695312e+01 -4.630084991455078125e+01 -4.719612884521484375e+01 -5.152780914306640625e+01 -3.707081985473632812e+01 -1.316117954254150391e+01 -1.276387023925781250e+01 -1.319812011718750000e+01 -2.080624008178710938e+01 -3.767398071289062500e+01 -5.331192016601562500e+01 -8.034610748291015625e+01 -9.021714782714843750e+01 -1.109042968750000000e+02 -1.723106994628906250e+02 -2.312985992431640625e+02 -2.380135040283203125e+02 0.000000000000000000e+00
-7.349227905273437500e+01 -5.193632125854492188e+01 -6.710630035400390625e+01 -7.746794128417968750e+01 -7.994078826904296875e+01 -8.197045135498046875e+01 -8.439180755615234375e+01 -8.849276733398437500e+01 -9.061608886718750000e+01 -9.281199645996093750e+01 -8.934192657470703125e+01 -8.713050842285156250e+01 -8.750557708740234375e+01 -8.706314086914062500e+01 -9.397528076171875000e+01 -9.033648681640625000e+01 -5.519939041137695312e+01 -4.370639038085937500e+01 -3.895738983154296875e+01 -3.737533950805664062e+01 -3.769477081298828125e+01 -3.796677017211914062e+01 -3.599200820922851562e+01 -2.104981040954589844e+01 -1.885828971862792969e+01 -1.474277019500732422e+01 -1.856637001037597656e+01 -3.450709915161132812e+01 -4.769318008422851562e+01 -8.146745300292968750e+01 -9.712825012207031250e+01 -2.108694000244140625e+02 -2.461074981689453125e+02 -2.694071960449218750e+02 0.000000000000000000e+00 0.000000000000000000e+00 0.000000000000000000e+00
-7.567276763916015625e+01 -6.232802963256835938e+01 -6.088584899902343750e+01 -8.100919342041015625e+01 -8.210906219482421875e+01 -8.453177642822265625e+01 -8.821333312988281250e+01 -9.585859680175781250e+01 -9.842002105712890625e+01 -9.534721374511718750e+01 -9.103006744384765625e+01 -8.197548675537109375e+01 -7.444841766357421875e+01 -7.539708709716796875e+01 -5.968729019165039062e+01 -4.205104064941406250e+01 -4.388990020751953125e+01 -4.462504959106445312e+01 -3.707490921020507812e+01 -3.603511810302734375e+01 -3.430408096313476562e+01 -3.088228034973144531e+01 -1.650835037231445312e+01 -2.430121040344238281e+01 -1.569985961914062500e+01 -2.159906005859375000e+01 -3.366643142700195312e+01 -4.161595916748046875e+01 -6.750382232666015625e+01 -9.531246185302734375e+01 -2.289129943847656250e+02 -2.957363891601562500e+02 0.000000000000000000e+00 0.000000000000000000e+00 0.000000000000000000e+00 0.000000000000000000e+00 0.000000000000000000e+00
-7.924909973144531250e+01 -7.824265289306640625e+01 -8.153286743164062500e+01 -8.493171691894531250e+01 -8.541732025146484375e+01 -8.718798065185546875e+01 -9.227134704589843750e+01 -9.674639892578125000e+01 -8.986376953125000000e+01 -6.584902954101562500e+01 -5.832168960571289062e+01 -5.477210998535156250e+01 -4.712248992919921875e+01 -4.071590042114257812e+01 -3.816112899780273438e+01 -3.263183975219726562e+01 -3.685266113281250000e+01 -3.226985931396484375e+01 -2.814127922058105469e+01 -2.931686019897460938e+01 -1.326968002319335938e+01 -1.381274032592773438e+01 -1.386238956451416016e+01 -1.433922958374023438e+01 -1.631299018859863281e+01 -3.384901046752929688e+01 -4.104759979248046875e+01 -5.443310928344726562e+01 -8.503983306884765625e+01 -1.609532012939453125e+02 0.000000000000000000e+00 0.000000000000000000e+00 0.000000000000000000e+00 0.000000000000000000e+00 0.000000000000000000e+00 0.000000000000000000e+00 0.000000000000000000e+00
-8.333453369140625000e+01 -8.539320373535156250e+01 -8.548992919921875000e+01 -8.621739196777343750e+01 -8.797588348388671875e+01 -9.027174377441406250e+01 -9.238112640380859375e+01 -7.482305145263671875e+01 -4.955683898925781250e+01 -4.882165908813476562e+01 -4.799961090087890625e+01 -3.783438110351562500e+01 -3.839649963378906250e+01 -3.907366180419921875e+01 -3.953659820556640625e+01 -3.709294128417968750e+01 -2.757249069213867188e+01 -1.262436008453369141e+01 -1.019122028350830078e+01 -1.247056007385253906e+01 -1.227223968505859375e+01 -1.196004009246826172e+01 -1.387201023101806641e+01 -1.899646949768066406e+01 -3.503393936157226562e+01 -4.116254043579101562e+01 -6.078644943237304688e+01 -7.144071960449218750e+01 0.000000000000000000e+00 0.000000000000000000e+00 0.000000000000000000e+00 0.000000000000000000e+00 0.000000000000000000e+00 0.000000000000000000e+00 0.000000000000000000e+00 0.000000000000000000e+00 0.000000000000000000e+00
-8.977673339843750000e+01 -8.728968048095703125e+01 -8.742991638183593750e+01 -8.960961151123046875e+01 -9.316301727294921875e+01 -7.872135162353515625e+01 -7.110675811767578125e+01 -5.602846145629882812e+01 -5.250310134887695312e+01 -4.613356018066406250e+01 -3.708543014526367188e+01 -3.823883819580078125e+01 -3.886859130859375000e+01 -3.660472106933593750e+01 -3.244657897949218750e+01 -1.947933006286621094e+01 -1.104942989349365234e+01 -1.216376972198486328e+01 -1.119849014282226562e+01 -1.123598957061767578e+01 -1.453614044189453125e+01 -1.907636070251464844e+01 -2.638253021240234375e+01 -3.663945007324218750e+01 -4.332522964477539062e+01 -6.167589950561523438e+01 0.000000000000000000e+00 0.000000000000000000e+00 0.000000000000000000e+00 0.000000000000000000e+00 0.000000000000000000e+00 0.000000000000000000e+00 0.000000000000000000e+00 0.000000000000000000e+00 0.000000000000000000e+00 0.000000000000000000e+00 0.000000000000000000e+00
-9.198381805419921875e+01 -9.324073791503906250e+01 -9.276809692382812500e+01 -8.386123657226562500e+01 -6.890675354003906250e+01 -6.244297027587890625e+01 -5.852914047241210938e+01 -5.286429977416992188e+01 -4.503454971313476562e+01 -4.327494049072265625e+01 -3.720935058593750000e+01 -3.606954956054687500e+01 -3.263623046875000000e+01 -1.317257022857666016e+01 -1.319484996795654297e+01 -1.777404975891113281e+01 -2.059617042541503906e+01 -1.865533065795898438e+01 -2.528988075256347656e+01 -3.536003112792968750e+01 -3.778401947021484375e+01 -3.969342041015625000e+01 -4.221540832519531250e+01 -5.457497024536132812e+01 0.000000000000000000e+00 0.000000000000000000e+00 0.000000000000000000e+00 0.000000000000000000e+00 0.000000000000000000e+00 0.000000000000000000e+00 0.000000000000000000e+00 0.000000000000000000e+00 0.000000000000000000e+00 0.000000000000000000e+00 0.000000000000000000e+00 0.000000000000000000e+00 0.000000000000000000e+00
-8.598235321044921875e+01 -6.567681121826171875e+01 -6.796571350097656250e+01 -5.989730834960937500e+01 -5.490940093994140625e+01 -4.749452972412109375e+01 -4.413005065917968750e+01 -4.179809951782226562e+01 -4.146773910522460938e+01 -4.026274108886718750e+01 -3.486592102050781250e+01 -1.723110008239746094e+01 -1.333164024353027344e+01 -2.098106002807617188e+01 -3.293783950805664062e+01 -4.208975982666015625e+01 -4.171675109863281250e+01 -4.214688110351562500e+01 -4.451985931396484375e+01 -4.905442047119140625e+01 -5.804288101196289062e+01 -6.463688659667968750e+01 0.000000000000000000e+00 0.000000000000000000e+00 0.000000000000000000e+00 0.000000000000000000e+00 0.000000000000000000e+00 0.000000000000000000e+00 0.000000000000000000e+00 0.000000000000000000e+00 0.000000000000000000e+00 0.000000000000000000e+00 0.000000000000000000e+00 0.000000000000000000e+00 0.000000000000000000e+00 0.000000000000000000e+00 0.000000000000000000e+00
-6.208013916015625000e+01 -6.217253875732421875e+01 -5.685060882568359375e+01 -5.357257080078125000e+01 -4.628635025024414062e+01 -3.964197158813476562e+01 -3.883879852294921875e+01 -3.822483062744140625e+01 -3.514897918701171875e+01 -1.530222034454345703e+01 -1.520835971832275391e+01 -2.037306976318359375e+01 -3.479946136474609375e+01 -3.900814819335937500e+01 -4.611711883544921875e+01 -7.280116271972656250e+01 -7.975633239746093750e+01 -8.038197326660156250e+01 -8.296971130371093750e+01 -8.459374237060546875e+01 0.000000000000000000e+00 0.000000000000000000e+00 0.000000000000000000e+00 0.000000000000000000e+00 0.000000000000000000e+00 0.000000000000000000e+00 0.000000000000000000e+00 0.000000000000000000e+00 0.000000000000000000e+00 0.000000000000000000e+00 0.000000000000000000e+00 0.000000000000000000e+00 0.000000000000000000e+00 0.000000000000000000e+00 0.000000000000000000e+00 0.000000000000000000e+00 0.000000000000000000e+00
-5.473957061767578125e+01 -5.271813964843750000e+01 -5.051118850708007812e+01 -4.512414169311523438e+01 -4.242121887207031250e+01 -3.997571182250976562e+01 -3.590673828125000000e+01 -1.803545951843261719e+01 -1.376259994506835938e+01 -1.615152931213378906e+01 -2.532261085510253906e+01 -3.865559005737304688e+01 -4.617110824584960938e+01 -5.825159072875976562e+01 -7.368038940429687500e+01 -1.011685028076171875e+02 -1.301212005615234375e+02 -2.150697937011718750e+02 -2.386175994873046875e+02 0.000000000000000000e+00 0.000000000000000000e+00 0.000000000000000000e+00 0.000000000000000000e+00 0.000000000000000000e+00 0.000000000000000000e+00 0.000000000000000000e+00 0.000000000000000000e+00 0.000000000000000000e+00 0.000000000000000000e+00 0.000000000000000000e+00 0.000000000000000000e+00 0.000000000000000000e+00 0.000000000000000000e+00 0.000000000000000000e+00 0.000000000000000000e+00 0.000000000000000000e+00 0.000000000000000000e+00
-4.409965896606445312e+01 -3.826118850708007812e+01 -3.757601165771484375e+01 -3.398200988769531250e+01 -3.678726959228515625e+01 -3.218920898437500000e+01 -3.440425109863281250e+01 -2.367312049865722656e+01 -2.518729019165039062e+01 -3.666798019409179688e+01 -4.374169921875000000e+01 -5.448273849487304688e+01 -6.585456085205078125e+01 -7.319718170166015625e+01 -8.195983123779296875e+01 -1.152210998535156250e+02 -2.989750976562500000e+02 0.000000000000000000e+00 0.000000000000000000e+00 0.000000000000000000e+00 0.000000000000000000e+00 0.000000000000000000e+00 0.000000000000000000e+00 0.000000000000000000e+00 0.000000000000000000e+00 0.000000000000000000e+00 0.000000000000000000e+00 0.000000000000000000e+00 0.000000000000000000e+00 0.000000000000000000e+00 0.000000000000000000e+00 0.000000000000000000e+00 0.000000000000000000e+00 0.000000000000000000e+00 0.000000000000000000e+00 0.000000000000000000e+00 0.000000000000000000e+00
-4.333956146240234375e+01 -4.526234054565429688e+01 -4.626705169677734375e+01 -4.837768936157226562e+01 -4.843360900878906250e+01 -4.807455062866210938e+01 -4.668933868408203125e+01 -4.494667053222656250e+01 -4.476929092407226562e+01 -4.822232055664062500e+01 -6.194678115844726562e+01 -6.893450927734375000e+01 -7.725353240966796875e+01 -8.149729156494140625e+01 -9.189040374755859375e+01 0.000000000000000000e+00 0.000000000000000000e+00 0.000000000000000000e+00 0.000000000000000000e+00 0.000000000000000000e+00 0.000000000000000000e+00 0.000000000000000000e+00 0.000000000000000000e+00 0.000000000000000000e+00 0.000000000000000000e+00 0.000000000000000000e+00 0.000000000000000000e+00 0.000000000000000000e+00 0.000000000000000000e+00 0.000000000000000000e+00 0.000000000000000000e+00 0.000000000000000000e+00 0.000000000000000000e+00 0.000000000000000000e+00 0.000000000000000000e+00 0.000000000000000000e+00 0.000000000000000000e+00
