ASPA-UH-Flopy_REPO/Models/SWI_experiment2/Flo_py_wrkspace/zeta_WTF1.asc
NCOLS 200
NROWS 100
XLLCENTER 515244
YLLCENTER 8410178
CELLSIZE 167.0
NODATA_value -999.0
[rows 32 to 47 of 100, columns 111 to 147 of 200]
-1.307263088226318359e+01 -1.172423648834228516e+01 -3.389565277099609375e+01 -4.968349838256835938e+01 -5.456880950927734375e+01 -5.661777877807617188e+01 -5.745022964477539062e+01 -5.779761123657226562e+01 -5.740076065063476562e+01 -5.470038986206054688e+01 -4.205024719238281250e+01 -2.875947952270507812e+01 -1.180176448822021484e+01 -1.635821342468261719e+01 -1.621937942504882812e+01 -1.497004222869873047e+01 -1.410065078735351562e+01 -1.328853034973144531e+01 -1.381629371643066406e+01 -1.478713226318359375e+01 -1.591713523864746094e+01 -1.502135181427001953e+01 -1.419745540618896484e+01 -1.515990543365478516e+01 -1.486746120452880859e+01 -1.458273696899414062e+01 -1.370072364807128906e+01 -1.614555740356445312e+01 -1.867638778686523438e+01 -1.551032352447509766e+01 -1.715512657165527344e+01 -1.781452369689941406e+01 -1.718939781188964844e+01 -1.597504520416259766e+01 -1.422476387023925781e+01 -1.255142784118652344e+01 -1.480706501007080078e+01
-1.467437076568603516e+01 -1.159235668182373047e+01 -2.541981124877929688e+01 -3.708571624755859375e+01 -4.585110855102539062e+01 -5.572740936279296875e+01 -5.851617813110351562e+01 -5.953314971923828125e+01 -5.882556915283203125e+01 -5.757458114624023438e+01 -5.385078811645507812e+01 -4.240797042846679688e+01 -1.802014732360839844e+01 -1.540370750427246094e+01 -1.491713428497314453e+01 -1.435867500305175781e+01 -1.383233070373535156e+01 -1.358099937438964844e+01 -1.409332275390625000e+01 -1.461366653442382812e+01 -1.547992134094238281e+01 -1.573120307922363281e+01 -1.453307056427001953e+01 -1.450403022766113281e+01 -1.487425613403320312e+01 -1.460466098785400391e+01 -1.479225921630859375e+01 -1.634470748901367188e+01 -1.666956329345703125e+01 -2.165129899978637695e+00 -4.757747173309326172e+00 -1.017968845367431641e+01 -1.700063514709472656e+01 -1.236772727966308594e+01 -1.515726089477539062e+01 -1.839292144775390625e+01 -2.072065925598144531e+01
-1.386176395416259766e+01 -1.600938606262207031e+01 -1.636229133605957031e+01 -2.881673431396484375e+01 -4.000862503051757812e+01 -4.927212905883789062e+01 -5.571213150024414062e+01 -6.019184112548828125e+01 -6.030765151977539062e+01 -5.920735931396484375e+01 -5.009503936767578125e+01 -4.969062042236328125e+01 -3.916628265380859375e+01 -1.648171234130859375e+01 -1.491024112701416016e+01 -1.467527961730957031e+01 -1.391624259948730469e+01 -1.367056274414062500e+01 -1.423611164093017578e+01 -1.485246467590332031e+01 -1.621758842468261719e+01 -1.443984699249267578e+01 -1.386153030395507812e+01 -1.432269191741943359e+01 -1.491187381744384766e+01 -1.469419479370117188e+01 -1.508779048919677734e+01 -1.624360466003417969e+01 -1.406440830230712891e+01 -1.076804256439208984e+01 -1.448412036895751953e+01 -2.616501998901367188e+01 -2.240344810485839844e+01 -1.983535194396972656e+01 -2.221738243103027344e+01 -2.438993644714355469e+01 -2.710039329528808594e+01
-1.595046043395996094e+01 -1.657944869995117188e+01 -1.559411144256591797e+01 -1.257621479034423828e+01 -1.284337043762207031e+01 -4.754032135009765625e+01 -5.389783859252929688e+01 -6.007421875000000000e+01 -6.079761123657226562e+01 -6.042996978759765625e+01 -5.909471893310546875e+01 -5.479924011230468750e+01 -4.367070770263671875e+01 -1.589002609252929688e+01 -1.510573768615722656e+01 -1.409739589691162109e+01 -1.420667171478271484e+01 -1.359211730957031250e+01 -1.457070541381835938e+01 -1.489119243621826172e+01 -1.390342998504638672e+01 -1.369409847259521484e+01 -1.517777538299560547e+01 -1.475786685943603516e+01 -1.409600639343261719e+01 -1.523574066162109375e+01 -1.501981449127197266e+01 -1.538051509857177734e+01 -1.363518047332763672e+01 -1.878238105773925781e+01 -2.929598999023437500e+01 -3.129944038391113281e+01 -3.313312911987304688e+01 -2.578340530395507812e+01 -3.094739913940429688e+01 -3.187937355041503906e+01 -3.414181518554687500e+01
-1.531367874145507812e+01 -1.536704158782958984e+01 -1.334808540344238281e+01 -1.491690635681152344e+01 -1.497495174407958984e+01 -1.580535507202148438e+01 -5.401587677001953125e+01 -5.902970886230468750e+01 -6.250580978393554688e+01 -6.250880813598632812e+01 -6.079848098754882812e+01 -5.765132141113281250e+01 -4.640147399902343750e+01 -1.668538284301757812e+01 -1.455559444427490234e+01 -1.353274536132812500e+01 -1.445769977569580078e+01 -1.410963153839111328e+01 -1.333834075927734375e+01 -1.528999996185302734e+01 -1.420908069610595703e+01 -1.352491760253906250e+01 -1.560397529602050781e+01 -1.557394695281982422e+01 -1.654430770874023438e+01 -1.619668579101562500e+01 -1.598826885223388672e+01 -1.648152923583984375e+01 -1.406645679473876953e+01 -2.118420982360839844e+01 -3.385683059692382812e+01 -3.806145858764648438e+01 -3.932321166992187500e+01 -4.033604049682617188e+01 -3.981660079956054688e+01 -3.975455856323242188e+01 -4.186106872558593750e+01
-1.350314998626708984e+01 -1.411805152893066406e+01 -1.491191291809082031e+01 -1.453939247131347656e+01 -1.545461463928222656e+01 -4.485076904296875000e+01 -5.284774780273437500e+01 -5.889741897583007812e+01 -6.282867050170898438e+01 -6.232717895507812500e+01 -6.239994812011718750e+01 -5.984233093261718750e+01 -4.547889709472656250e+01 -3.241639328002929688e+01 -1.503460121154785156e+01 -1.421784687042236328e+01 -1.445468902587890625e+01 -1.413018894195556641e+01 -1.322321319580078125e+01 -1.625588798522949219e+01 -1.539848136901855469e+01 -1.563957595825195312e+01 -1.583472442626953125e+01 -1.636978340148925781e+01 -1.676906967163085938e+01 -1.208097457885742188e+01 -1.763007926940917969e+01 -2.083011054992675781e+01 -2.622897911071777344e+01 -3.459524154663085938e+01 -4.177577972412109375e+01 -4.243048095703125000e+01 -4.025370025634765625e+01 -4.553979110717773438e+01 -4.102320098876953125e+01 -4.618753814697265625e+01 -5.137025833129882812e+01
-1.458085536956787109e+01 -1.487372875213623047e+01 -1.623985481262207031e+01 -1.409846210479736328e+01 -2.584901809692382812e+01 -4.356282043457031250e+01 -5.428356933593750000e+01 -5.891994094848632812e+01 -6.284000015258789062e+01 -6.316215133666992188e+01 -6.324052047729492188e+01 -6.048342895507812500e+01 -4.661223983764648438e+01 -3.456744003295898438e+01 -1.519417285919189453e+01 -1.484779644012451172e+01 -1.506594181060791016e+01 -1.449124622344970703e+01 -1.587421989440917969e+01 -1.171403121948242188e+01 -5.486826419830322266e+00 -1.365927410125732422e+01 -1.363942718505859375e+01 -1.643502998352050781e+01 -2.025717926025390625e+01 -2.333700180053710938e+01 -2.888077926635742188e+01 -2.386265945434570312e+01 -3.098321914672851562e+01 -4.560625839233398438e+01 -5.593407821655273438e+01 -1.288335037231445312e+01 -3.977391052246093750e+01 -2.901712989807128906e+01 -4.688476943969726562e+01 -4.211209869384765625e+01 -6.501016998291015625e+01
-1.459159278869628906e+01 -1.321324157714843750e+01 -4.602523326873779297e+00 -1.435044670104980469e+01 -2.493328857421875000e+01 -3.761993026733398438e+01 -4.833047485351562500e+01 -5.673355865478515625e+01 -6.389437103271484375e+01 -6.453999328613281250e+01 -6.477451324462890625e+01 -5.738536071777343750e+01 -4.923714828491210938e+01 -1.582546997070312500e+01 -2.266370773315429688e+01 -1.897246932983398438e+01 -1.615058326721191406e+01 -1.485479164123535156e+01 -1.505911731719970703e+01 -1.500778102874755859e+01 -1.859338378906250000e+01 -2.448332023620605469e+01 -2.436869621276855469e+01 -2.563486480712890625e+01 -2.851780319213867188e+01 -3.338019943237304688e+01 -3.459519958496093750e+01 -3.707299041748046875e+01 -3.638236999511718750e+01 -3.703421020507812500e+01 -4.373331832885742188e+01 -6.598178100585937500e+01 -2.797323989868164062e+01 -6.997122955322265625e+01 -7.158580780029296875e+01 -6.526550292968750000e+01 -6.511907958984375000e+01
-1.237038993835449219e+01 -6.524593830108642578e+00 -7.351621150970458984e+00 -1.486297130584716797e+01 -2.411800956726074219e+01 -3.494479751586914062e+01 -4.549516677856445312e+01 -5.618988037109375000e+01 -6.513456726074218750e+01 -6.601609802246093750e+01 -6.618311309814453125e+01 -6.070278930664062500e+01 -4.873002624511718750e+01 -3.856958007812500000e+01 -2.988676261901855469e+01 -2.537677001953125000e+01 -2.279620170593261719e+01 -2.164482688903808594e+01 -2.210381317138671875e+01 -2.435697937011718750e+01 -3.076733016967773438e+01 -3.463008117675781250e+01 -3.500590896606445312e+01 -3.453570175170898438e+01 -3.571844863891601562e+01 -3.198426055908203125e+01 -2.518839073181152344e+01 -4.085198974609375000e+01 -5.800214004516601562e+01 -7.008791351318359375e+01 -3.960750961303710938e+01 -7.885674285888671875e+01 -7.628502655029296875e+01 -7.622779846191406250e+01 -7.633632659912109375e+01 -6.775366973876953125e+01 -5.974702072143554688e+01
-1.627362632751464844e+01 -1.344199275970458984e+01 -1.209284210205078125e+01 -1.514081859588623047e+01 -2.340811920166015625e+01 -3.363348388671875000e+01 -4.424438095092773438e+01 -5.761928939819335938e+01 -6.583136749267578125e+01 -6.768792724609375000e+01 -6.794930267333984375e+01 -5.762408065795898438e+01 -4.855502319335937500e+01 -4.099376296997070312e+01 -3.592680740356445312e+01 -3.282024002075195312e+01 -3.096631050109863281e+01 -2.956005096435546875e+01 -2.962623786926269531e+01 -3.105530548095703125e+01 -3.472426986694335938e+01 -3.692152023315429688e+01 -3.908549880981445312e+01 -4.172119903564453125e+01 -5.173381042480468750e+01 -6.528346252441406250e+01 -6.713569641113281250e+01 -6.625376129150390625e+01 -6.439240264892578125e+01 -8.271291351318359375e+01 -8.277011871337890625e+01 -8.050744628906250000e+01 -7.154448699951171875e+01 -6.502787780761718750e+01 -6.383882904052734375e+01 -6.425389099121093750e+01 -4.331507110595703125e+01
-1.476851940155029297e+01 -1.558142852783203125e+01 -1.475370979309082031e+01 -1.291471481323242188e+01 -1.176946067810058594e+01 -3.455086135864257812e+01 -4.247336578369140625e+01 -5.291751098632812500e+01 -6.683685302734375000e+01 -6.915425109863281250e+01 -6.941457366943359375e+01 -5.963508987426757812e+01 -4.831121063232421875e+01 -4.278633117675781250e+01 -4.095915985107421875e+01 -4.028319931030273438e+01 -4.025999832153320312e+01 -3.752095031738281250e+01 -3.705598068237304688e+01 -3.621376037597656250e+01 -3.707806015014648438e+01 -3.876781082153320312e+01 -4.703754043579101562e+01 -6.116566085815429688e+01 -7.238181304931640625e+01 -7.509377288818359375e+01 -7.712954711914062500e+01 -7.911409759521484375e+01 -8.250726318359375000e+01 -4.744129180908203125e+01 -7.888236999511718750e+01 -7.423036956787109375e+01 -6.603678131103515625e+01 -5.791777038574218750e+01 -5.636466979980468750e+01 -2.576232910156250000e+01 -4.327568817138671875e+01
-1.389506149291992188e+01 -1.360911655426025391e+01 -1.482781982421875000e+01 -1.376292896270751953e+01 -1.187508106231689453e+01 -3.369697189331054688e+01 -4.092361450195312500e+01 -4.947719955444335938e+01 -6.839320373535156250e+01 -7.080478668212890625e+01 -7.140260314941406250e+01 -6.951643371582031250e+01 -6.227177047729492188e+01 -5.078812026977539062e+01 -4.815285873413085938e+01 -3.816894149780273438e+01 -4.503662109375000000e+01 -4.964424896240234375e+01 -4.145156097412109375e+01 -2.801403999328613281e+01 -2.705533981323242188e+01 -6.272964859008789062e+01 -7.372270965576171875e+01 -3.978902816772460938e+01 -6.442106628417968750e+01 -8.095845794677734375e+01 -8.186308288574218750e+01 -7.370229339599609375e+01 -4.531248092651367188e+01 -6.730274963378906250e+01 -5.982390975952148438e+01 -5.877965927124023438e+01 -5.853823089599609375e+01 -4.414754104614257812e+01 -2.958352088928222656e+01 -3.327910995483398438e+01 -4.769303894042968750e+01
-1.459709930419921875e+01 -1.487269020080566406e+01 -1.358258342742919922e+01 -1.428510570526123047e+01 -2.599788093566894531e+01 -3.275536346435546875e+01 -4.127977371215820312e+01 -4.823849105834960938e+01 -7.076197052001953125e+01 -7.271566772460937500e+01 -7.344439697265625000e+01 -7.366484832763671875e+01 -7.375817871093750000e+01 -7.282508087158203125e+01 -7.150797271728515625e+01 -6.936174774169921875e+01 -6.484559631347656250e+01 -6.518211364746093750e+01 -6.945497131347656250e+01 -7.159062194824218750e+01 -7.319708251953125000e+01 -7.036903381347656250e+01 -7.933432006835937500e+01 -6.702239227294921875e+01 -2.375650978088378906e+01 -6.887245178222656250e+01 -6.864852905273437500e+01 -3.232698059082031250e+01 -4.687712097167968750e+01 -5.036967086791992188e+01 -3.973706817626953125e+01 -1.629169082641601562e+01 -3.069688987731933594e+01 -3.412443923950195312e+01 -7.040415191650390625e+01 -8.855561065673828125e+01 -1.001531982421875000e+02
-1.293153285980224609e+01 -1.271945095062255859e+01 -1.515883636474609375e+01 -1.313413429260253906e+01 -2.961937904357910156e+01 -3.611753463745117188e+01 -4.679793548583984375e+01 -6.185137939453125000e+01 -7.221179199218750000e+01 -7.367569732666015625e+01 -7.399482727050781250e+01 -7.455834960937500000e+01 -7.188744354248046875e+01 -7.542182922363281250e+01 -7.651048278808593750e+01 -7.701142883300781250e+01 -7.573512268066406250e+01 -6.353989028930664062e+01 -6.444827270507812500e+01 -7.266368865966796875e+01 -8.026481628417968750e+01 -7.569835662841796875e+01 -7.498037719726562500e+01 -9.122512817382812500e+01 -7.971215057373046875e+01 -7.525589752197265625e+01 -7.707099151611328125e+01 -7.316082763671875000e+01 -1.764847946166992188e+01 -3.880804061889648438e+01 -2.218288040161132812e+01 -3.984943008422851562e+01 -4.227087020874023438e+01 -6.835619354248046875e+01 -1.026414031982421875e+02 -1.029250030517578125e+02 -9.212567138671875000e+01
-1.494285678863525391e+01 -2.658782958984375000e+01 -2.847711372375488281e+01 -3.157601928710937500e+01 -3.489090728759765625e+01 -4.198390197753906250e+01 -5.203141784667968750e+01 -6.177325057983398438e+01 -7.413648223876953125e+01 -7.518173217773437500e+01 -7.551892852783203125e+01 -7.213569641113281250e+01 -5.272383880615234375e+01 -7.822866058349609375e+01 -7.973908233642578125e+01 -8.109127044677734375e+01 -8.344674682617187500e+01 -8.463054656982421875e+01 -8.568157196044921875e+01 -8.728378295898437500e+01 -8.654087829589843750e+01 -7.694448852539062500e+01 -9.141221618652343750e+01 -9.348230743408203125e+01 -8.773439788818359375e+01 -7.227603912353515625e+01 -7.662113952636718750e+01 -9.679606628417968750e+01 -4.007704925537109375e+01 -4.547404861450195312e+01 -6.329887008666992188e+01 -7.040041351318359375e+01 -8.606326293945312500e+01 -8.914881896972656250e+01 -9.331030273437500000e+01 -8.499504852294921875e+01 -5.662508010864257812e+01
-1.768222808837890625e+01 -2.602425956726074219e+01 -3.226248931884765625e+01 -3.652718353271484375e+01 -4.233036041259765625e+01 -5.137310028076171875e+01 -6.160197448730468750e+01 -7.287006378173828125e+01 -7.685324859619140625e+01 -7.772557067871093750e+01 -7.912114715576171875e+01 -8.116478729248046875e+01 -8.337821197509765625e+01 -8.340794372558593750e+01 -8.283722686767578125e+01 -8.400839233398437500e+01 -8.485262298583984375e+01 -8.712729644775390625e+01 -8.997705078125000000e+01 -8.901476287841796875e+01 -9.121839904785156250e+01 -9.312560272216796875e+01 -9.218578338623046875e+01 -7.905372619628906250e+01 -3.362133026123046875e+01 -1.862421989440917969e+01 -8.625145721435546875e+01 -9.713873291015625000e+01 -9.437638092041015625e+01 -1.065770034790039062e+02 -9.938194274902343750e+01 -1.023742980957031250e+02 -8.170021057128906250e+01 -7.791983795166015625e+01 -9.204147338867187500e+01 -6.994561767578125000e+01 -5.340760040283203125e+01
