ASPA-UH-Flopy_REPO/Models/SWI_experiment2/Flo_py_wrkspace/zeta_WTF1.asc
NCOLS 200
NROWS 100
XLLCENTER 515244
YLLCENTER 8410178
CELLSIZE 167.0
NODATA_value -999.0
[rows 80 to 95 of 100, columns 37 to 73 of 200]
-6.971617126464843750e+01 -6.764031982421875000e+01 -6.509118652343750000e+01 -6.297842025756835938e+01 -5.985094833374023438e+01 -5.491682815551757812e+01 -4.800828933715820312e+01 -2.968730926513671875e+01 -1.219487953186035156e+01 -2.842520713806152344e+00 -1.144393157958984375e+01 -1.316578388214111328e+01 -1.417081165313720703e+01 -1.449033355712890625e+01 -1.480801963806152344e+01 -1.498046398162841797e+01 -1.510753822326660156e+01 -1.520204544067382812e+01 -1.524512195587158203e+01 -1.518885898590087891e+01 -1.511549568176269531e+01 -1.504063224792480469e+01 -1.507427978515625000e+01 -1.486775493621826172e+01 -1.438828372955322266e+01 -1.402007293701171875e+01 -1.474719047546386719e+01 -1.456274509429931641e+01 -1.392161846160888672e+01 -1.397613239288330078e+01 -1.366205024719238281e+01 -1.328808784484863281e+01 -1.279928207397460938e+01 -1.310796737670898438e+01 -1.334543609619140625e+01 -1.362980842590332031e+01 -1.399627590179443359e+01
-7.018158721923828125e+01 -6.886453247070312500e+01 -6.649830627441406250e+01 -6.438860321044921875e+01 -6.138547897338867188e+01 -5.603274154663085938e+01 -5.031893920898437500e+01 -3.712493896484375000e+01 -1.940320014953613281e+01 -4.631398200988769531e+00 -1.337102508544921875e+01 -1.397428226470947266e+01 -1.437767505645751953e+01 -1.457424831390380859e+01 -1.479827976226806641e+01 -1.494763183593750000e+01 -1.502303123474121094e+01 -1.514872741699218750e+01 -1.508805084228515625e+01 -1.498291683197021484e+01 -1.491727733612060547e+01 -1.487668991088867188e+01 -1.453437995910644531e+01 -1.411918926239013672e+01 -1.410472011566162109e+01 -1.384233570098876953e+01 -1.453667259216308594e+01 -1.381120967864990234e+01 -1.436261081695556641e+01 -1.542360591888427734e+01 -1.594039440155029297e+01 -1.528414535522460938e+01 -1.399268627166748047e+01 -1.354889297485351562e+01 -1.359294319152832031e+01 -1.345161724090576172e+01 -1.362035083770751953e+01
-6.907187652587890625e+01 -6.796246337890625000e+01 -6.664320373535156250e+01 -6.459217834472656250e+01 -6.199887847900390625e+01 -5.853549957275390625e+01 -5.218954086303710938e+01 -3.269260025024414062e+01 -1.802240943908691406e+01 -5.158556461334228516e+00 -1.412597846984863281e+01 -1.428869056701660156e+01 -1.448350429534912109e+01 -1.456438446044921875e+01 -1.470773410797119141e+01 -1.494605350494384766e+01 -1.502850151062011719e+01 -1.494412708282470703e+01 -1.487835502624511719e+01 -1.479406452178955078e+01 -1.470153045654296875e+01 -1.472191810607910156e+01 -1.425672912597656250e+01 -1.379812049865722656e+01 -1.385277271270751953e+01 -1.417595291137695312e+01 -1.436334991455078125e+01 -1.396240901947021484e+01 -1.447662830352783203e+01 -1.535266494750976562e+01 -1.643897056579589844e+01 -1.689592170715332031e+01 -1.589071941375732422e+01 -1.503471469879150391e+01 -1.457296180725097656e+01 -1.430624485015869141e+01 -1.393425655364990234e+01
-6.817700195312500000e+01 -6.661932373046875000e+01 -6.448034667968750000e+01 -6.347140121459960938e+01 -6.258662033081054688e+01 -5.988874816894531250e+01 -5.474523925781250000e+01 -3.767919921875000000e+01 -1.727854919433593750e+01 -1.237626457214355469e+01 -1.453251838684082031e+01 -1.452926158905029297e+01 -1.435549163818359375e+01 -1.440227222442626953e+01 -1.463542366027832031e+01 -1.498573207855224609e+01 -1.508256340026855469e+01 -1.491491031646728516e+01 -1.477629756927490234e+01 -1.465067768096923828e+01 -1.452434158325195312e+01 -1.398259639739990234e+01 -1.368026351928710938e+01 -1.327085208892822266e+01 -1.301787281036376953e+01 -1.387786006927490234e+01 -1.493244743347167969e+01 -1.498575305938720703e+01 -1.436020851135253906e+01 -1.469598293304443359e+01 -1.501815795898437500e+01 -1.541051673889160156e+01 -1.552418899536132812e+01 -1.506332492828369141e+01 -1.469016361236572266e+01 -1.507693576812744141e+01 -1.400617027282714844e+01
-6.729794311523437500e+01 -6.605529785156250000e+01 -6.423362731933593750e+01 -6.302769088745117188e+01 -6.158462142944335938e+01 -5.946294021606445312e+01 -5.644247055053710938e+01 -4.080868911743164062e+01 -2.237425041198730469e+01 -1.006960391998291016e+01 -1.417524909973144531e+01 -1.334461975097656250e+01 -1.373097801208496094e+01 -1.415365028381347656e+01 -1.455913639068603516e+01 -1.500118350982666016e+01 -1.514482021331787109e+01 -1.497966194152832031e+01 -1.480583381652832031e+01 -1.462509822845458984e+01 -1.391950511932373047e+01 -1.373287868499755859e+01 -1.369580745697021484e+01 -1.369304084777832031e+01 -1.319544219970703125e+01 -1.286227035522460938e+01 -1.409883975982666016e+01 -1.505874347686767578e+01 -1.399300193786621094e+01 -1.432748222351074219e+01 -1.474831771850585938e+01 -1.570697021484375000e+01 -1.704678535461425781e+01 -1.629195213317871094e+01 -1.470149421691894531e+01 -1.444917297363281250e+01 -1.400180912017822266e+01
-6.606228637695312500e+01 -6.463390350341796875e+01 -6.309249114990234375e+01 -6.169338989257812500e+01 -6.051995086669921875e+01 -5.897547149658203125e+01 -5.673344039916992188e+01 -4.186658859252929688e+01 -2.958147048950195312e+01 -2.000407981872558594e+01 -1.647941970825195312e+01 -1.142280006408691406e+01 -5.993237018585205078e+00 -1.122685813903808594e+01 -1.318690872192382812e+01 -1.486262416839599609e+01 -1.518677425384521484e+01 -1.517013263702392578e+01 -1.494113254547119141e+01 -1.392163944244384766e+01 -1.367181968688964844e+01 -1.460882759094238281e+01 -1.508741760253906250e+01 -1.506379222869873047e+01 -1.483262062072753906e+01 -1.410856151580810547e+01 -1.370700073242187500e+01 -1.436688137054443359e+01 -1.504007911682128906e+01 -1.526712322235107422e+01 -1.569304466247558594e+01 -1.193421745300292969e+01 -9.676366806030273438e+00 -1.596678733825683594e+01 -1.535362243652343750e+01 -1.423695850372314453e+01 -1.428328990936279297e+01
-6.518736267089843750e+01 -6.362982940673828125e+01 -6.136616897583007812e+01 -6.080690002441406250e+01 -6.044921112060546875e+01 -5.906678009033203125e+01 -5.731945037841796875e+01 -4.906618881225585938e+01 -2.984255981445312500e+01 -2.772495079040527344e+01 -2.310417938232421875e+01 -1.817193984985351562e+01 -1.492663955688476562e+01 -9.271925926208496094e+00 -8.483212471008300781e+00 -1.343621826171875000e+01 -1.528453350067138672e+01 -1.547981262207031250e+01 -1.505347442626953125e+01 -1.379769992828369141e+01 -1.529677486419677734e+01 -1.775144958496093750e+01 -1.974303245544433594e+01 -1.889851188659667969e+01 -1.688798141479492188e+01 -1.614323616027832031e+01 -1.490977764129638672e+01 -1.389431571960449219e+01 -1.541370391845703125e+01 -1.513547611236572266e+01 -1.444275474548339844e+01 -2.124221801757812500e+01 -2.618766784667968750e+01 -2.984281730651855469e+01 -1.770252799987792969e+01 -1.547321605682373047e+01 -1.431002902984619141e+01
-6.425131225585937500e+01 -6.210823059082031250e+01 -6.221429061889648438e+01 -5.925783157348632812e+01 -5.791368865966796875e+01 -5.814844894409179688e+01 -5.706406021118164062e+01 -5.494166946411132812e+01 -4.319295883178710938e+01 -3.074711036682128906e+01 -2.693891906738281250e+01 -2.262890052795410156e+01 -2.288925933837890625e+01 -1.591112041473388672e+01 -1.545372009277343750e+01 -1.388174057006835938e+01 -1.432062053680419922e+01 -1.553392601013183594e+01 -1.522047805786132812e+01 -1.615830421447753906e+01 -2.077326393127441406e+01 -1.945426940917968750e+01 -3.578807067871093750e+01 -3.067860221862792969e+01 -1.586429405212402344e+01 -1.503814792633056641e+01 -1.570805644989013672e+01 -1.444700145721435547e+01 -1.436753177642822266e+01 -1.832496070861816406e+01 -2.902218818664550781e+01 -4.496218872070312500e+01 -4.417927932739257812e+01 -7.242875671386718750e+01 -2.298291969299316406e+01 -1.600063705444335938e+01 -1.471051120758056641e+01
-4.593865966796875000e+01 -4.805236816406250000e+01 -5.381364059448242188e+01 -5.709181976318359375e+01 -5.570737838745117188e+01 -5.381481170654296875e+01 -5.222286987304687500e+01 -5.370335006713867188e+01 -4.749517059326171875e+01 -3.667573928833007812e+01 -2.999448966979980469e+01 -2.697989082336425781e+01 -2.341506958007812500e+01 -2.130332946777343750e+01 -2.000575065612792969e+01 -2.044022941589355469e+01 -1.530399990081787109e+01 -1.487586975097656250e+01 -1.682160949707031250e+01 -1.894327926635742188e+01 -3.836303710937500000e+01 -5.247819900512695312e+01 -6.462917327880859375e+01 -5.333742904663085938e+01 -3.485355377197265625e+01 -2.458383178710937500e+01 -1.561170864105224609e+01 -1.430458736419677734e+01 -1.425549602508544922e+01 -1.841334152221679688e+01 -4.196570205688476562e+01 -4.612739944458007812e+01 -7.755187988281250000e+01 -1.262698974609375000e+02 -1.048734970092773438e+02 -4.568595886230468750e+01 -1.968170928955078125e+01
-4.141144180297851562e+01 -4.055078887939453125e+01 -4.326786041259765625e+01 -4.750896835327148438e+01 -4.580310058593750000e+01 -4.484006118774414062e+01 -4.426580810546875000e+01 -4.875746154785156250e+01 -4.918024826049804688e+01 -4.157809829711914062e+01 -3.436965942382812500e+01 -3.150506973266601562e+01 -2.646316909790039062e+01 -2.415101051330566406e+01 -2.230930709838867188e+01 -2.234755897521972656e+01 -2.377650070190429688e+01 -2.277209091186523438e+01 -2.680438041687011719e+01 -3.643764495849609375e+01 -5.205133819580078125e+01 -7.602587890625000000e+01 -1.123752975463867188e+02 -6.644330596923828125e+01 -4.458669662475585938e+01 -3.303678894042968750e+01 -1.573491859436035156e+01 -1.421743106842041016e+01 -1.533270263671875000e+01 -2.196033287048339844e+01 -6.392571258544921875e+01 -9.926847076416015625e+01 -1.437857971191406250e+02 -1.636351928710937500e+02 -1.846551971435546875e+02 -1.341519012451171875e+02 -8.185278320312500000e+01
-4.996891021728515625e+01 -5.011231994628906250e+01 -4.941011810302734375e+01 -4.843125915527343750e+01 -4.736045837402343750e+01 -4.511602020263671875e+01 -4.506961059570312500e+01 -4.782640838623046875e+01 -4.642958068847656250e+01 -4.281734848022460938e+01 -3.742710113525390625e+01 -3.250798034667968750e+01 -3.104540061950683594e+01 -2.712203979492187500e+01 -2.441169929504394531e+01 -2.437105369567871094e+01 -2.528336906433105469e+01 -2.751819610595703125e+01 -3.348671340942382812e+01 -4.382506942749023438e+01 -6.020660781860351562e+01 -8.448880004882812500e+01 -8.688816833496093750e+01 -7.765413665771484375e+01 -5.756596374511718750e+01 -4.362879943847656250e+01 -1.707763290405273438e+01 -1.444191741943359375e+01 -1.528808689117431641e+01 -2.390727806091308594e+01 -7.300281524658203125e+01 -1.015335006713867188e+02 -1.747483978271484375e+02 -2.083668975830078125e+02 -2.219990997314453125e+02 -2.228018951416015625e+02 -1.774183044433593750e+02
-6.187765884399414062e+01 -6.208654022216796875e+01 -6.000458908081054688e+01 -5.943579101562500000e+01 -5.740013885498046875e+01 -5.453213119506835938e+01 -5.116083908081054688e+01 -4.865744018554687500e+01 -4.689707946777343750e+01 -3.432495880126953125e+01 -3.782794952392578125e+01 -3.578495025634765625e+01 -3.286606979370117188e+01 -3.064142990112304688e+01 -2.779405975341796875e+01 -2.724059295654296875e+01 -2.837574386596679688e+01 -3.252732849121093750e+01 -4.090471267700195312e+01 -4.995115280151367188e+01 -6.282659912109375000e+01 -1.611782989501953125e+02 -1.493058929443359375e+02 -1.248002014160156250e+02 -3.018109321594238281e+01 -2.068716430664062500e+01 -1.487270545959472656e+01 -1.396373844146728516e+01 -1.519477653503417969e+01 -5.619744873046875000e+01 -7.581159210205078125e+01 -1.072982025146484375e+02 -1.906844940185546875e+02 -2.422734069824218750e+02 -2.810498962402343750e+02 -2.469241027832031250e+02 -2.390592041015625000e+02
-9.166465759277343750e+01 -8.731493377685546875e+01 -8.756297302246093750e+01 -8.550408172607421875e+01 -8.010697174072265625e+01 -7.301515197753906250e+01 -6.547476196289062500e+01 -6.129957962036132812e+01 -5.717150115966796875e+01 -5.003152847290039062e+01 -4.548949050903320312e+01 -4.052840042114257812e+01 -3.719261932373046875e+01 -3.330929183959960938e+01 -3.089711952209472656e+01 -3.050864219665527344e+01 -3.226885223388671875e+01 -3.990544891357421875e+01 -5.388588714599609375e+01 -5.526015090942382812e+01 -1.687174072265625000e+02 -2.107505035400390625e+02 -2.033901977539062500e+02 -1.694420013427734375e+02 -1.103725433349609375e+02 -2.527210807800292969e+01 -1.461889743804931641e+01 -1.214042186737060547e+01 -1.491749000549316406e+01 -6.085440063476562500e+01 -5.172201919555664062e+01 -1.990016937255859375e+02 -2.473262939453125000e+02 -2.829039001464843750e+02 -3.019978942871093750e+02 -3.030617065429687500e+02 -2.816122131347656250e+02
0.000000000000000000e+00 -2.489998931884765625e+02 -1.932935943603515625e+02 -2.443300933837890625e+02 -1.608390045166015625e+02 -1.256476974487304688e+02 -1.037296981811523438e+02 -8.917429351806640625e+01 -7.922897338867187500e+01 -5.897879028320312500e+01 -5.397895812988281250e+01 -4.935464096069335938e+01 -4.399678039550781250e+01 -3.892576980590820312e+01 -3.523392105102539062e+01 -3.390481567382812500e+01 -3.695125579833984375e+01 -5.269351959228515625e+01 -8.451933288574218750e+01 -1.612505035400390625e+02 -2.446132049560546875e+02 -2.385908050537109375e+02 -2.343605041503906250e+02 -2.042557067871093750e+02 -1.282429199218750000e+02 -2.861818695068359375e+01 -1.489594173431396484e+01 -1.466148471832275391e+01 -2.793964958190917969e+01 -1.501277008056640625e+02 -2.338668060302734375e+02 -2.950104064941406250e+02 -2.814331054687500000e+02 -3.053147888183593750e+02 -3.574176025390625000e+02 -3.783526000976562500e+02 -3.845538024902343750e+02
0.000000000000000000e+00 0.000000000000000000e+00 0.000000000000000000e+00 0.000000000000000000e+00 0.000000000000000000e+00 -3.282466125488281250e+02 -2.563056945800781250e+02 -2.515101928710937500e+02 -2.007064056396484375e+02 -8.873233032226562500e+01 -6.913836669921875000e+01 -5.984748077392578125e+01 -5.218070983886718750e+01 -4.669993972778320312e+01 -4.233868026733398438e+01 -3.948264312744140625e+01 -4.342616653442382812e+01 -7.262815856933593750e+01 -1.605341033935546875e+02 -3.052352905273437500e+02 -2.909767150878906250e+02 -2.908215026855468750e+02 -2.862809143066406250e+02 -2.398168945312500000e+02 -1.423421936035156250e+02 -8.899651336669921875e+01 -2.563412284851074219e+01 -7.408149719238281250e+01 -8.810267639160156250e+01 -2.260886993408203125e+02 -3.072294006347656250e+02 -3.417929077148437500e+02 -3.623377990722656250e+02 -4.089549865722656250e+02 -4.122402954101562500e+02 -4.264898986816406250e+02 -4.415701904296875000e+02
0.000000000000000000e+00 0.000000000000000000e+00 0.000000000000000000e+00 0.000000000000000000e+00 0.000000000000000000e+00 0.000000000000000000e+00 0.000000000000000000e+00 0.000000000000000000e+00 -3.055274963378906250e+02 -2.307758941650390625e+02 -8.647218322753906250e+01 -6.964877319335937500e+01 -6.360625839233398438e+01 -5.757180023193359375e+01 -5.111421966552734375e+01 -4.679959869384765625e+01 -4.467893981933593750e+01 -7.381523132324218750e+01 -1.934629974365234375e+02 -3.166300964355468750e+02 -3.332373962402343750e+02 -3.382997131347656250e+02 -3.304374084472656250e+02 -2.979189147949218750e+02 -1.511022186279296875e+02 -9.382273864746093750e+01 -8.141737365722656250e+01 -1.076707763671875000e+02 -1.947583007812500000e+02 -3.070491943359375000e+02 -3.668823852539062500e+02 -4.036763000488281250e+02 -4.331741943359375000e+02 -4.604811096191406250e+02 -4.626813049316406250e+02 0.000000000000000000e+00 0.000000000000000000e+00
