ASPA-UH-Flopy_REPO/Models/SWI_experiment2/Flo_py_wrkspace/zeta_WTF1.asc
NCOLS 200
NROWS 100
XLLCENTER 515244
YLLCENTER 8410178
CELLSIZE 167.0
NODATA_value -999.0
[rows 64 to 79 of 100, columns 37 to 73 of 200]
-1.538244819641113281e+01 -1.440556526184082031e+01 -1.376364421844482422e+01 -1.470758819580078125e+01 -1.561195564270019531e+01 -1.585327720642089844e+01 -1.574965667724609375e+01 -1.577126598358154297e+01 -1.603340911865234375e+01 -1.401366519927978516e+01 -1.425467681884765625e+01 -1.496810913085937500e+01 -1.603964805603027344e+01 -1.541882228851318359e+01 -1.554540157318115234e+01 -1.477694606781005859e+01 -1.532666492462158203e+01 -1.513093566894531250e+01 -1.522004795074462891e+01 -1.579088592529296875e+01 -1.578503322601318359e+01 -1.531580448150634766e+01 -1.444847488403320312e+01 -1.572745132446289062e+01 -1.671389579772949219e+01 -1.687651062011718750e+01 -1.711747741699218750e+01 -1.942586135864257812e+01 -1.839469909667968750e+01 -1.856774330139160156e+01 -1.844183158874511719e+01 -1.871870422363281250e+01 -1.936229133605957031e+01 -1.936292266845703125e+01 -1.990734100341796875e+01 -2.111368942260742188e+01 -1.885553550720214844e+01
-1.500430679321289062e+01 -1.452590370178222656e+01 -1.584222984313964844e+01 -1.513834095001220703e+01 -1.558226490020751953e+01 -1.594736576080322266e+01 -1.580671787261962891e+01 -1.599184799194335938e+01 -1.597523021697998047e+01 -1.556752681732177734e+01 -1.260197067260742188e+01 -1.394387245178222656e+01 -1.770376396179199219e+01 -1.600716018676757812e+01 -1.529909038543701172e+01 -1.515215301513671875e+01 -1.511300086975097656e+01 -1.566222763061523438e+01 -1.424228096008300781e+01 -1.857010650634765625e+01 -1.557909679412841797e+01 -1.551611614227294922e+01 -1.432429599761962891e+01 -1.549615001678466797e+01 -1.762172889709472656e+01 -1.705962753295898438e+01 -1.688414382934570312e+01 -1.934993934631347656e+01 -1.931567955017089844e+01 -1.868498802185058594e+01 -1.835179901123046875e+01 -1.854285430908203125e+01 -1.867378044128417969e+01 -1.884412765502929688e+01 -2.036480331420898438e+01 -2.013712501525878906e+01 -1.700118446350097656e+01
-1.502125358581542969e+01 -1.478524303436279297e+01 -1.406102180480957031e+01 -1.453195285797119141e+01 -1.497609806060791016e+01 -1.527752780914306641e+01 -1.681530570983886719e+01 -1.488242816925048828e+01 -1.517080974578857422e+01 -1.597573375701904297e+01 -1.554411506652832031e+01 -1.497288131713867188e+01 -1.674998664855957031e+01 -1.694107437133789062e+01 -1.478859138488769531e+01 -1.514043045043945312e+01 -1.661391639709472656e+01 -1.651940536499023438e+01 -1.489770603179931641e+01 -1.534594917297363281e+01 -1.916627693176269531e+01 -1.536035633087158203e+01 -1.435943412780761719e+01 -1.569133949279785156e+01 -1.741969680786132812e+01 -1.763248252868652344e+01 -1.721648788452148438e+01 -1.901177787780761719e+01 -1.946824073791503906e+01 -1.912641906738281250e+01 -1.817792701721191406e+01 -1.829956626892089844e+01 -1.813728523254394531e+01 -1.866298484802246094e+01 -1.864228820800781250e+01 -1.752570724487304688e+01 -1.608770561218261719e+01
-1.321915817260742188e+01 -1.389164924621582031e+01 -2.161379098892211914e+00 -2.937750101089477539e+00 -1.575332641601562500e+01 -1.375765991210937500e+01 -1.648045921325683594e+01 -1.472937297821044922e+01 -1.582208538055419922e+01 -1.594357872009277344e+01 -1.818357658386230469e+01 -1.578777217864990234e+01 -1.653695106506347656e+01 -1.397574520111083984e+01 -1.457111549377441406e+01 -1.508834075927734375e+01 -1.576031780242919922e+01 -1.627094841003417969e+01 -1.711827659606933594e+01 -1.615873908996582031e+01 -2.082981872558593750e+01 -1.582504653930664062e+01 -1.552555274963378906e+01 -1.609155845642089844e+01 -1.647856903076171875e+01 -1.722282028198242188e+01 -1.635835075378417969e+01 -1.622118949890136719e+01 -1.869180107116699219e+01 -1.903900527954101562e+01 -1.923742675781250000e+01 -1.846563339233398438e+01 -1.824541854858398438e+01 -1.906867599487304688e+01 -1.731914138793945312e+01 -1.623229408264160156e+01 -1.562440872192382812e+01
-9.075801849365234375e+00 -7.397276401519775391e+00 -6.415685176849365234e+00 -5.438236236572265625e+00 -1.508680629730224609e+01 -1.208008098602294922e+01 -1.441822433471679688e+01 -1.499967193603515625e+01 -1.570514678955078125e+01 -1.726967048645019531e+01 -1.626477050781250000e+01 -1.588918304443359375e+01 -1.578718376159667969e+01 -1.315631866455078125e+01 -1.436321640014648438e+01 -1.377940654754638672e+01 -2.062484931945800781e+01 -1.713744163513183594e+01 -1.734593009948730469e+01 -2.225146293640136719e+01 -2.094298171997070312e+01 -1.696002006530761719e+01 -1.569233512878417969e+01 -1.530555820465087891e+01 -1.477055454254150391e+01 -1.580675888061523438e+01 -1.575516319274902344e+01 -1.471927165985107422e+01 -1.657612228393554688e+01 -1.663382911682128906e+01 -1.769659423828125000e+01 -1.912519264221191406e+01 -1.903627777099609375e+01 -1.874357032775878906e+01 -1.684959220886230469e+01 -1.549304103851318359e+01 -1.533076763153076172e+01
-1.671790504455566406e+01 -1.376399517059326172e+01 -1.258970832824707031e+01 -1.255300998687744141e+01 -7.343696594238281250e+00 -2.899140119552612305e+00 -1.663326978683471680e+00 -1.298928451538085938e+01 -1.436586189270019531e+01 -9.514673233032226562e+00 -1.145475292205810547e+01 -1.595044422149658203e+01 -1.496100997924804688e+01 -1.461283874511718750e+01 -1.440528774261474609e+01 -1.484936618804931641e+01 -1.521875286102294922e+01 -2.064385414123535156e+01 -2.192708778381347656e+01 -1.947018814086914062e+01 -2.087609481811523438e+01 -2.192658805847167969e+01 -1.515573692321777344e+01 -1.544889736175537109e+01 -1.451228904724121094e+01 -1.493230915069580078e+01 -1.582263469696044922e+01 -1.493456840515136719e+01 -1.538417816162109375e+01 -1.550661754608154297e+01 -1.581790065765380859e+01 -1.698330688476562500e+01 -1.668461799621582031e+01 -1.613510894775390625e+01 -1.545088481903076172e+01 -1.515857028961181641e+01 -1.528212261199951172e+01
-2.731758689880371094e+01 -2.233253097534179688e+01 -1.939245033264160156e+01 -1.808467292785644531e+01 -1.241563510894775391e+01 -1.069295024871826172e+01 -5.585309028625488281e+00 -2.464123010635375977e+00 -1.832152009010314941e+00 4.465776085853576660e-01 -1.078938007354736328e+01 -1.298607730865478516e+01 -1.569355106353759766e+01 -1.519884681701660156e+01 -1.487546825408935547e+01 -1.590113162994384766e+01 -1.423953056335449219e+01 -1.849185752868652344e+01 -1.857964324951171875e+01 -1.884299087524414062e+01 -1.871667671203613281e+01 -2.034373664855957031e+01 -1.569472980499267578e+01 -1.538908290863037109e+01 -1.578605747222900391e+01 -1.506889057159423828e+01 -1.560047340393066406e+01 -1.500136661529541016e+01 -1.401901817321777344e+01 -1.513321113586425781e+01 -1.444993877410888672e+01 -1.542614078521728516e+01 -1.541511440277099609e+01 -1.510643959045410156e+01 -1.499744892120361328e+01 -1.501132965087890625e+01 -1.542206478118896484e+01
-4.149293899536132812e+01 -3.892290115356445312e+01 -3.041584968566894531e+01 -2.886897087097167969e+01 -1.947538948059082031e+01 -1.373913955688476562e+01 -9.600396156311035156e+00 -3.876235485076904297e+00 -1.114657044410705566e+00 -2.768463611602783203e+00 -1.165646457672119141e+01 -1.362472057342529297e+01 -1.437976455688476562e+01 -1.468759250640869141e+01 -2.034212875366210938e+01 -1.770279693603515625e+01 -1.773977851867675781e+01 -1.796433830261230469e+01 -1.794983100891113281e+01 -1.801624488830566406e+01 -1.807880973815917969e+01 -1.781880378723144531e+01 -1.736984062194824219e+01 -1.662420272827148438e+01 -1.726038932800292969e+01 -1.558051681518554688e+01 -1.531826305389404297e+01 -1.551147270202636719e+01 -1.400777244567871094e+01 -1.360299682617187500e+01 -1.456536674499511719e+01 -1.469752502441406250e+01 -1.478782272338867188e+01 -1.478415393829345703e+01 -1.486288928985595703e+01 -1.495025539398193359e+01 -1.517249774932861328e+01
-5.436857986450195312e+01 -5.106745910644531250e+01 -4.725632858276367188e+01 -4.479000091552734375e+01 -4.303583908081054688e+01 -3.356233978271484375e+01 -1.168301010131835938e+01 -7.243953704833984375e+00 -3.162508010864257812e+00 -9.043646812438964844e+00 -1.304898834228515625e+01 -1.421132755279541016e+01 -1.470165729522705078e+01 -1.545178222656250000e+01 -1.660736656188964844e+01 -1.686908912658691406e+01 -1.693478584289550781e+01 -1.688732719421386719e+01 -1.683374595642089844e+01 -1.683409690856933594e+01 -1.704484367370605469e+01 -1.752822113037109375e+01 -1.859732055664062500e+01 -2.443533134460449219e+01 -2.017764282226562500e+01 -1.498013114929199219e+01 -1.399576473236083984e+01 -1.531832218170166016e+01 -1.503853893280029297e+01 -1.433395481109619141e+01 -1.472185611724853516e+01 -1.440830802917480469e+01 -1.453614521026611328e+01 -1.465789890289306641e+01 -1.475008106231689453e+01 -1.480025291442871094e+01 -1.528986072540283203e+01
-6.048785018920898438e+01 -5.592293930053710938e+01 -5.352048110961914062e+01 -5.266138839721679688e+01 -4.974261093139648438e+01 -4.425003814697265625e+01 -2.532212066650390625e+01 -1.112584018707275391e+01 -2.500782012939453125e+00 -1.050615406036376953e+01 -1.323435401916503906e+01 -1.436742401123046875e+01 -1.508938503265380859e+01 -1.546878337860107422e+01 -1.601224327087402344e+01 -1.625067138671875000e+01 -1.629880332946777344e+01 -1.623362731933593750e+01 -1.617134475708007812e+01 -1.616897583007812500e+01 -1.633243751525878906e+01 -1.674585723876953125e+01 -1.740116119384765625e+01 -2.154050636291503906e+01 -2.168694114685058594e+01 -1.615333938598632812e+01 -1.426588249206542969e+01 -1.477738380432128906e+01 -1.408425521850585938e+01 -1.424972248077392578e+01 -1.411639404296875000e+01 -1.429640293121337891e+01 -1.439337539672851562e+01 -1.496325683593750000e+01 -1.488961601257324219e+01 -1.489418411254882812e+01 -1.467160320281982422e+01
-6.399998855590820312e+01 -6.182291030883789062e+01 -5.841823959350585938e+01 -5.636288070678710938e+01 -5.353966903686523438e+01 -4.681087112426757812e+01 -2.577219009399414062e+01 -1.065424728393554688e+01 -2.022325038909912109e+00 -7.351185321807861328e+00 -1.233674812316894531e+01 -1.405030727386474609e+01 -1.480301761627197266e+01 -1.528400039672851562e+01 -1.566603660583496094e+01 -1.588486289978027344e+01 -1.594840526580810547e+01 -1.588541126251220703e+01 -1.578990554809570312e+01 -1.576836585998535156e+01 -1.584566402435302734e+01 -1.605677413940429688e+01 -1.640281486511230469e+01 -1.973159217834472656e+01 -2.112038993835449219e+01 -1.646432113647460938e+01 -1.440152263641357422e+01 -1.593103981018066406e+01 -1.445108890533447266e+01 -1.423269462585449219e+01 -1.410426902770996094e+01 -1.433149528503417969e+01 -1.442997169494628906e+01 -1.533525848388671875e+01 -1.519056320190429688e+01 -1.481635093688964844e+01 -1.458992481231689453e+01
-6.569051361083984375e+01 -6.361848068237304688e+01 -6.076570129394531250e+01 -5.788552093505859375e+01 -5.560517883300781250e+01 -4.875513839721679688e+01 -2.598785018920898438e+01 -1.298351955413818359e+01 -2.218491077423095703e+00 -6.642148971557617188e+00 -1.162846565246582031e+01 -1.342744350433349609e+01 -1.451465034484863281e+01 -1.506399440765380859e+01 -1.544151306152343750e+01 -1.562589168548583984e+01 -1.570272350311279297e+01 -1.569389247894287109e+01 -1.559529590606689453e+01 -1.554055690765380859e+01 -1.555261135101318359e+01 -1.561102962493896484e+01 -1.569228172302246094e+01 -1.636787223815917969e+01 -1.914562225341796875e+01 -1.732186889648437500e+01 -1.369857978820800781e+01 -1.451246166229248047e+01 -1.519452285766601562e+01 -1.436168575286865234e+01 -1.423101329803466797e+01 -1.426463222503662109e+01 -1.450169849395751953e+01 -1.537957572937011719e+01 -1.483386611938476562e+01 -1.512279605865478516e+01 -1.452122402191162109e+01
-6.670864105224609375e+01 -6.380081176757812500e+01 -6.232976913452148438e+01 -5.925447082519531250e+01 -5.616046142578125000e+01 -5.047275161743164062e+01 -2.427839088439941406e+01 -1.112973022460937500e+01 5.024664878845214844e+00 -6.802297115325927734e+00 -1.101967144012451172e+01 -1.309162139892578125e+01 -1.424409961700439453e+01 -1.488149356842041016e+01 -1.526454734802246094e+01 -1.543726253509521484e+01 -1.548763847351074219e+01 -1.551626205444335938e+01 -1.545477485656738281e+01 -1.541357517242431641e+01 -1.538422489166259766e+01 -1.536385440826416016e+01 -1.534430885314941406e+01 -1.506197834014892578e+01 -1.603767585754394531e+01 -1.692194175720214844e+01 -1.490003967285156250e+01 -1.399297618865966797e+01 -1.499672603607177734e+01 -1.475959682464599609e+01 -1.424997043609619141e+01 -1.449035739898681641e+01 -1.460489845275878906e+01 -1.498704051971435547e+01 -1.446558666229248047e+01 -1.474625015258789062e+01 -1.452329063415527344e+01
-6.781075286865234375e+01 -6.558936309814453125e+01 -6.305603027343750000e+01 -5.986082839965820312e+01 -5.690359115600585938e+01 -4.653339004516601562e+01 -2.729067039489746094e+01 -1.538938045501708984e+01 -3.236716032028198242e+00 -3.984424829483032227e+00 -1.006717586517333984e+01 -1.262368774414062500e+01 -1.394750404357910156e+01 -1.464235115051269531e+01 -1.505467700958251953e+01 -1.527197360992431641e+01 -1.537612819671630859e+01 -1.539655208587646484e+01 -1.539661026000976562e+01 -1.537958049774169922e+01 -1.529112243652343750e+01 -1.523493003845214844e+01 -1.522440814971923828e+01 -1.522190093994140625e+01 -1.516870498657226562e+01 -1.523190307617187500e+01 -1.503251552581787109e+01 -1.456227588653564453e+01 -1.454305648803710938e+01 -1.467520999908447266e+01 -1.434081745147705078e+01 -1.428105163574218750e+01 -1.466860485076904297e+01 -1.459895896911621094e+01 -1.428698444366455078e+01 -1.426210689544677734e+01 -1.449215793609619141e+01
-6.861843109130859375e+01 -6.594756317138671875e+01 -6.043421936035156250e+01 -6.054433059692382812e+01 -5.698443984985351562e+01 -5.284038162231445312e+01 -3.738346862792968750e+01 -1.889183044433593750e+01 -6.362927913665771484e+00 9.343025684356689453e-01 -8.436293601989746094e+00 -1.216631984710693359e+01 -1.372868347167968750e+01 -1.443815135955810547e+01 -1.490142536163330078e+01 -1.511554813385009766e+01 -1.526809597015380859e+01 -1.534539604187011719e+01 -1.535502719879150391e+01 -1.534309387207031250e+01 -1.525553894042968750e+01 -1.518589305877685547e+01 -1.515684223175048828e+01 -1.496691608428955078e+01 -1.495797920227050781e+01 -1.503496646881103516e+01 -1.467854690551757812e+01 -1.457796764373779297e+01 -1.411643505096435547e+01 -1.447810649871826172e+01 -1.442641353607177734e+01 -1.430153369903564453e+01 -1.464013767242431641e+01 -1.397763252258300781e+01 -1.419343376159667969e+01 -1.412717151641845703e+01 -1.437299537658691406e+01
-6.900724792480468750e+01 -6.480774688720703125e+01 -6.181454086303710938e+01 -6.168006134033203125e+01 -5.914815139770507812e+01 -5.453208923339843750e+01 -4.535942840576171875e+01 -1.938641929626464844e+01 -1.289669990539550781e+01 -2.992079973220825195e+00 -3.825930356979370117e+00 -1.185889244079589844e+01 -1.379526424407958984e+01 -1.444679737091064453e+01 -1.483487319946289062e+01 -1.504687309265136719e+01 -1.516215515136718750e+01 -1.523874568939208984e+01 -1.531800937652587891e+01 -1.530920886993408203e+01 -1.523151016235351562e+01 -1.513919162750244141e+01 -1.512911987304687500e+01 -1.487270450592041016e+01 -1.463653564453125000e+01 -1.442149925231933594e+01 -1.453293418884277344e+01 -1.429167270660400391e+01 -1.378099822998046875e+01 -1.349105834960937500e+01 -1.331914901733398438e+01 -1.346989154815673828e+01 -1.343077564239501953e+01 -1.415377807617187500e+01 -1.436213016510009766e+01 -1.454998111724853516e+01 -1.459562015533447266e+01
