ASPA-UH-Flopy_REPO/Models/SWI_experiment2/Flo_py_wrkspace/zeta_WTF2.asc
NCOLS 200
NROWS 100
XLLCENTER 515244
YLLCENTER 8410178
CELLSIZE 167.0
NODATA_value -999.0
[rows 80 to 95 of 100, columns 0 to 36 of 200]
0.000000000000000000e+00 -5.572309112548828125e+01 -6.019147109985351562e+01 -6.362844848632812500e+01 -6.456820678710937500e+01 -6.548262786865234375e+01 -6.303738021850585938e+01 -6.677480316162109375e+01 -6.994384002685546875e+01 -7.195506286621093750e+01 -7.182254791259765625e+01 -8.171671295166015625e+01 -7.764727783203125000e+01 -7.978369140625000000e+01 -7.980906677246093750e+01 -7.846032714843750000e+01 -7.868771362304687500e+01 -7.837365722656250000e+01 -7.747084808349609375e+01 -7.700981140136718750e+01 -7.627533721923828125e+01 -7.677837371826171875e+01 -7.660574340820312500e+01 -7.619847106933593750e+01 -7.616098022460937500e+01 -7.727323150634765625e+01 -7.675630950927734375e+01 -7.628106689453125000e+01 -7.244338989257812500e+01 -6.932129669189453125e+01 -7.077864074707031250e+01 -7.432327270507812500e+01 -7.023370361328125000e+01 -7.029283142089843750e+01 -7.143447875976562500e+01 -7.312827301025390625e+01 -7.144014739990234375e+01
0.000000000000000000e+00 -5.386832809448242188e+01 -5.534706115722656250e+01 -5.863600158691406250e+01 -6.172896957397460938e+01 -6.266386032104492188e+01 -6.199042892456054688e+01 -6.123342895507812500e+01 -6.112582015991210938e+01 -6.118796157836914062e+01 -6.271575927734375000e+01 -6.154909133911132812e+01 -6.167535018920898438e+01 -6.132386016845703125e+01 -7.860433959960937500e+01 -7.917881011962890625e+01 -7.685237121582031250e+01 -7.454425048828125000e+01 -7.662557983398437500e+01 -7.678501892089843750e+01 -7.543713378906250000e+01 -7.467180633544921875e+01 -7.553780364990234375e+01 -7.418076324462890625e+01 -7.388607025146484375e+01 -7.500843811035156250e+01 -7.649478912353515625e+01 -7.612519836425781250e+01 -7.514048767089843750e+01 -7.416602325439453125e+01 -7.242495727539062500e+01 -7.241375732421875000e+01 -7.200189971923828125e+01 -7.105988311767578125e+01 -7.067627716064453125e+01 -7.074047851562500000e+01 -7.125303649902343750e+01
0.000000000000000000e+00 -5.561474990844726562e+01 -5.430376052856445312e+01 -5.633818054199218750e+01 -5.921171188354492188e+01 -6.045193862915039062e+01 -6.082778930664062500e+01 -5.938964843750000000e+01 -5.818347167968750000e+01 -5.838597869873046875e+01 -6.125111007690429688e+01 -5.863039016723632812e+01 -5.662076187133789062e+01 -5.379220962524414062e+01 -5.591201019287109375e+01 -5.574568939208984375e+01 -5.431113052368164062e+01 -5.612760162353515625e+01 -5.508082962036132812e+01 -5.794952011108398438e+01 -6.314646911621093750e+01 -7.003027343750000000e+01 -7.031617736816406250e+01 -7.046820068359375000e+01 -7.085739135742187500e+01 -7.281143951416015625e+01 -7.528677368164062500e+01 -7.483631134033203125e+01 -7.422312164306640625e+01 -7.348831176757812500e+01 -7.283055877685546875e+01 -7.150668334960937500e+01 -7.166499328613281250e+01 -7.129749298095703125e+01 -7.043771362304687500e+01 -6.936698913574218750e+01 -6.912419128417968750e+01
0.000000000000000000e+00 -5.793069076538085938e+01 -5.961175155639648438e+01 -5.818024826049804688e+01 -5.788484954833984375e+01 -5.769015121459960938e+01 -5.796807861328125000e+01 -5.426741027832031250e+01 -5.388488006591796875e+01 -5.587136077880859375e+01 -5.625238037109375000e+01 -5.426725006103515625e+01 -5.298395919799804688e+01 -5.162844848632812500e+01 -5.285691833496093750e+01 -5.150347137451171875e+01 -4.129074859619140625e+01 -4.106462097167968750e+01 -3.360882949829101562e+01 -3.285863876342773438e+01 -4.004679107666015625e+01 -3.559336090087890625e+01 -3.898656082153320312e+01 -5.073633956909179688e+01 -5.149328994750976562e+01 -5.451977920532226562e+01 -6.646457672119140625e+01 -7.216515350341796875e+01 -7.333357238769531250e+01 -7.312863159179687500e+01 -7.253312683105468750e+01 -7.163321685791015625e+01 -7.138065338134765625e+01 -7.051685333251953125e+01 -6.967420196533203125e+01 -6.910204315185546875e+01 -6.865142059326171875e+01
0.000000000000000000e+00 -5.441263961791992188e+01 -5.662332916259765625e+01 -5.239015960693359375e+01 -4.914522933959960938e+01 -5.432749938964843750e+01 -5.032527923583984375e+01 -5.613557815551757812e+01 -4.767990112304687500e+01 -5.432944869995117188e+01 -5.588325119018554688e+01 -5.512131881713867188e+01 -5.463423919677734375e+01 -5.650854873657226562e+01 -5.358026885986328125e+01 -5.097814941406250000e+01 -4.342372894287109375e+01 -3.432167053222656250e+01 -4.239514923095703125e+01 -3.286351013183593750e+01 -2.780648040771484375e+01 -3.776342010498046875e+01 -3.503367996215820312e+01 -4.365122985839843750e+01 -4.682234954833984375e+01 -4.739558029174804688e+01 -5.088243103027343750e+01 -5.595272064208984375e+01 -7.113387298583984375e+01 -7.082084655761718750e+01 -7.070443725585937500e+01 -7.099611663818359375e+01 -7.087194061279296875e+01 -7.049574279785156250e+01 -6.932459259033203125e+01 -6.902986907958984375e+01 -6.813305664062500000e+01
0.000000000000000000e+00 -5.374953079223632812e+01 -5.408393096923828125e+01 -5.422235107421875000e+01 -5.081060028076171875e+01 -5.374250030517578125e+01 -5.371464920043945312e+01 -5.709511947631835938e+01 -5.496715927124023438e+01 -5.588388061523437500e+01 -5.327206039428710938e+01 -5.762266921997070312e+01 -5.955738067626953125e+01 -6.123363113403320312e+01 -5.913106155395507812e+01 -5.216960144042968750e+01 -4.790748977661132812e+01 -4.647082138061523438e+01 -4.631090927124023438e+01 -4.699567031860351562e+01 -4.704479980468750000e+01 -4.756147003173828125e+01 -4.776145935058593750e+01 -4.645494079589843750e+01 -4.550724029541015625e+01 -4.357917022705078125e+01 -4.341205978393554688e+01 -4.995652008056640625e+01 -5.533592987060546875e+01 -5.845560073852539062e+01 -5.467615890502929688e+01 -5.197394943237304688e+01 -5.436423873901367188e+01 -6.274205017089843750e+01 -6.971597290039062500e+01 -6.844096374511718750e+01 -6.712946319580078125e+01
0.000000000000000000e+00 -5.284609985351562500e+01 -5.358192825317382812e+01 -5.566740036010742188e+01 -5.197072982788085938e+01 -5.371926879882812500e+01 -4.838362121582031250e+01 -5.856612014770507812e+01 -5.563095092773437500e+01 -5.435184860229492188e+01 -5.260419082641601562e+01 -5.545714187622070312e+01 -5.751358032226562500e+01 -5.956592941284179688e+01 -6.003326034545898438e+01 -5.633784103393554688e+01 -5.517522811889648438e+01 -5.550085830688476562e+01 -5.445217895507812500e+01 -5.520740127563476562e+01 -5.527376937866210938e+01 -5.656172943115234375e+01 -5.806565856933593750e+01 -5.693645095825195312e+01 -5.538251876831054688e+01 -5.325024032592773438e+01 -5.103446960449218750e+01 -5.196794891357421875e+01 -5.114825820922851562e+01 -4.540447998046875000e+01 -4.439421081542968750e+01 -4.392655944824218750e+01 -3.977753067016601562e+01 -3.101625061035156250e+01 -4.935462951660156250e+01 -6.550826263427734375e+01 -6.678868103027343750e+01
0.000000000000000000e+00 -5.229911041259765625e+01 -5.325286102294921875e+01 -5.456354141235351562e+01 -5.185039138793945312e+01 -5.323720932006835938e+01 -5.396094894409179688e+01 -5.356307983398437500e+01 -5.194216918945312500e+01 -5.088423919677734375e+01 -5.391365814208984375e+01 -5.673904037475585938e+01 -5.804428863525390625e+01 -5.996659088134765625e+01 -6.368045043945312500e+01 -6.183721160888671875e+01 -6.267977142333984375e+01 -6.526143646240234375e+01 -6.586051177978515625e+01 -6.875361633300781250e+01 -7.449990844726562500e+01 -8.492999267578125000e+01 -8.978996276855468750e+01 -9.382491302490234375e+01 -8.259929656982421875e+01 -7.136418914794921875e+01 -5.984395980834960938e+01 -5.972161865234375000e+01 -5.433451080322265625e+01 -4.998643875122070312e+01 -4.184346008300781250e+01 -3.853358840942382812e+01 -3.987348937988281250e+01 -3.953390884399414062e+01 -4.463415908813476562e+01 -4.553712081909179688e+01 -4.303126907348632812e+01
0.000000000000000000e+00 -4.935494995117187500e+01 -4.993321990966796875e+01 -4.982213973999023438e+01 -4.976525115966796875e+01 -4.957215118408203125e+01 -5.124425888061523438e+01 -5.218727111816406250e+01 -5.569435882568359375e+01 -5.702804946899414062e+01 -5.961740875244140625e+01 -6.262464141845703125e+01 -6.752304077148437500e+01 -7.914911651611328125e+01 -8.898285675048828125e+01 -1.007193984985351562e+02 -9.336518096923828125e+01 -8.089000701904296875e+01 -8.203323364257812500e+01 -9.430348968505859375e+01 -1.135752029418945312e+02 -2.232095031738281250e+02 -2.509544982910156250e+02 -2.439324035644531250e+02 -1.907783050537109375e+02 -1.121902008056640625e+02 -8.000295257568359375e+01 -7.146215057373046875e+01 -6.620274353027343750e+01 -6.161270904541015625e+01 -5.527769088745117188e+01 -4.993400955200195312e+01 -4.530553054809570312e+01 -3.741138839721679688e+01 -4.328598022460937500e+01 -4.412474060058593750e+01 -4.504127883911132812e+01
0.000000000000000000e+00 -5.818212127685546875e+01 -5.804003906250000000e+01 -5.821030044555664062e+01 -5.823686981201171875e+01 -5.959799957275390625e+01 -6.133736038208007812e+01 -6.396839141845703125e+01 -6.560855865478515625e+01 -6.668495941162109375e+01 -7.066390991210937500e+01 -7.749668884277343750e+01 -1.012796020507812500e+02 -1.411911926269531250e+02 0.000000000000000000e+00 0.000000000000000000e+00 0.000000000000000000e+00 0.000000000000000000e+00 0.000000000000000000e+00 -2.312514038085937500e+02 -3.169183044433593750e+02 -3.415262145996093750e+02 -3.579695129394531250e+02 -3.433847961425781250e+02 -2.832797851562500000e+02 -1.632010040283203125e+02 -1.095874023437500000e+02 -1.053169021606445312e+02 -1.012985992431640625e+02 -9.349432373046875000e+01 -7.327990722656250000e+01 -6.018207931518554688e+01 -5.646630859375000000e+01 -5.172008132934570312e+01 -4.883518981933593750e+01 -4.656262969970703125e+01 -4.461576080322265625e+01
0.000000000000000000e+00 -7.437304687500000000e+01 -6.903488922119140625e+01 -6.833645629882812500e+01 -7.365899658203125000e+01 -7.654488372802734375e+01 -8.239008331298828125e+01 -8.759515380859375000e+01 -9.881272888183593750e+01 0.000000000000000000e+00 0.000000000000000000e+00 0.000000000000000000e+00 0.000000000000000000e+00 0.000000000000000000e+00 0.000000000000000000e+00 0.000000000000000000e+00 0.000000000000000000e+00 0.000000000000000000e+00 0.000000000000000000e+00 0.000000000000000000e+00 0.000000000000000000e+00 0.000000000000000000e+00 0.000000000000000000e+00 -4.493106994628906250e+02 -3.990147094726562500e+02 -3.130781860351562500e+02 -2.508518981933593750e+02 -2.651900939941406250e+02 -2.636051025390625000e+02 -1.782922058105468750e+02 -1.141067962646484375e+02 -8.336930084228515625e+01 -6.884661102294921875e+01 -6.417328643798828125e+01 -5.928340911865234375e+01 -5.580168914794921875e+01 -5.169049835205078125e+01
0.000000000000000000e+00 -1.080512008666992188e+02 -9.122635650634765625e+01 -9.506878662109375000e+01 0.000000000000000000e+00 0.000000000000000000e+00 0.000000000000000000e+00 0.000000000000000000e+00 0.000000000000000000e+00 0.000000000000000000e+00 0.000000000000000000e+00 0.000000000000000000e+00 0.000000000000000000e+00 0.000000000000000000e+00 0.000000000000000000e+00 0.000000000000000000e+00 0.000000000000000000e+00 0.000000000000000000e+00 0.000000000000000000e+00 0.000000000000000000e+00 0.000000000000000000e+00 0.000000000000000000e+00 0.000000000000000000e+00 0.000000000000000000e+00 0.000000000000000000e+00 0.000000000000000000e+00 0.000000000000000000e+00 0.000000000000000000e+00 -3.852416992187500000e+02 -3.193521118164062500e+02 -2.420200042724609375e+02 -1.859797058105468750e+02 -8.848976135253906250e+01 -7.857362365722656250e+01 -7.302490997314453125e+01 -6.916702270507812500e+01 -6.505996704101562500e+01
0.000000000000000000e+00 0.000000000000000000e+00 0.000000000000000000e+00 0.000000000000000000e+00 0.000000000000000000e+00 0.000000000000000000e+00 0.000000000000000000e+00 0.000000000000000000e+00 0.000000000000000000e+00 0.000000000000000000e+00 0.000000000000000000e+00 0.000000000000000000e+00 0.000000000000000000e+00 0.000000000000000000e+00 0.000000000000000000e+00 0.000000000000000000e+00 0.000000000000000000e+00 0.000000000000000000e+00 0.000000000000000000e+00 0.000000000000000000e+00 0.000000000000000000e+00 0.000000000000000000e+00 0.000000000000000000e+00 0.000000000000000000e+00 0.000000000000000000e+00 0.000000000000000000e+00 0.000000000000000000e+00 0.000000000000000000e+00 0.000000000000000000e+00 0.000000000000000000e+00 0.000000000000000000e+00 0.000000000000000000e+00 -2.434391937255859375e+02 -9.780429840087890625e+01 -1.051235961914062500e+02 -1.082662963867187500e+02 -1.030671997070312500e+02
0.000000000000000000e+00 0.000000000000000000e+00 0.000000000000000000e+00 0.000000000000000000e+00 0.000000000000000000e+00 0.000000000000000000e+00 0.000000000000000000e+00 0.000000000000000000e+00 0.000000000000000000e+00 0.000000000000000000e+00 0.000000000000000000e+00 0.000000000000000000e+00 0.000000000000000000e+00 0.000000000000000000e+00 0.000000000000000000e+00 0.000000000000000000e+00 0.000000000000000000e+00 0.000000000000000000e+00 0.000000000000000000e+00 0.000000000000000000e+00 0.000000000000000000e+00 0.000000000000000000e+00 0.000000000000000000e+00 0.000000000000000000e+00 0.000000000000000000e+00 0.000000000000000000e+00 0.000000000000000000e+00 0.000000000000000000e+00 0.000000000000000000e+00 0.000000000000000000e+00 0.000000000000000000e+00 0.000000000000000000e+00 0.000000000000000000e+00 0.000000000000000000e+00 0.000000000000000000e+00 0.000000000000000000e+00 0.000000000000000000e+00
0.000000000000000000e+00 0.000000000000000000e+00 0.000000000000000000e+00 0.000000000000000000e+00 0.000000000000000000e+00 0.000000000000000000e+00 0.000000000000000000e+00 0.000000000000000000e+00 0.000000000000000000e+00 0.000000000000000000e+00 0.000000000000000000e+00 0.000000000000000000e+00 0.000000000000000000e+00 0.000000000000000000e+00 0.000000000000000000e+00 0.000000000000000000e+00 0.000000000000000000e+00 0.000000000000000000e+00 0.000000000000000000e+00 0.000000000000000000e+00 0.000000000000000000e+00 0.000000000000000000e+00 0.000000000000000000e+00 0.000000000000000000e+00 0.000000000000000000e+00 0.000000000000000000e+00 0.000000000000000000e+00 0.000000000000000000e+00 0.000000000000000000e+00 0.000000000000000000e+00 0.000000000000000000e+00 0.000000000000000000e+00 0.000000000000000000e+00 0.000000000000000000e+00 0.000000000000000000e+00 0.000000000000000000e+00 0.000000000000000000e+00
0.000000000000000000e+00 0.000000000000000000e+00 0.000000000000000000e+00 0.000000000000000000e+00 0.000000000000000000e+00 0.000000000000000000e+00 0.000000000000000000e+00 0.000000000000000000e+00 0.000000000000000000e+00 0.000000000000000000e+00 0.000000000000000000e+00 0.000000000000000000e+00 0.000000000000000000e+00 0.000000000000000000e+00 0.000000000000000000e+00 0.000000000000000000e+00 0.000000000000000000e+00 0.000000000000000000e+00 0.000000000000000000e+00 0.000000000000000000e+00 0.000000000000000000e+00 0.000000000000000000e+00 0.000000000000000000e+00 0.000000000000000000e+00 0.000000000000000000e+00 0.000000000000000000e+00 0.000000000000000000e+00 0.000000000000000000e+00 0.000000000000000000e+00 0.000000000000000000e+00 0.000000000000000000e+00 0.000000000000000000e+00 0.000000000000000000e+00 0.000000000000000000e+00 0.000000000000000000e+00 0.000000000000000000e+00 0.000000000000000000e+00
