ASPA-UH-Flopy_REPO/Models/SWI_experiment2/Flo_py_wrkspace/zeta_WTF2.asc
NCOLS 200
NROWS 100
XLLCENTER 515244
YLLCENTER 8410178
CELLSIZE 167.0
NODATA_value -999.0
[rows 16 to 31 of 100, columns 148 to 184 of 200]
-2.752759933471679688e+01 -3.006970977783203125e+01 -3.294362640380859375e+01 -3.034388351440429688e+01 -1.634222793579101562e+01 -1.617494392395019531e+01 -1.710870170593261719e+01 -1.403640270233154297e+01 -1.175599193572998047e+01 -1.299058818817138672e+01 -1.400438499450683594e+01 -1.358385467529296875e+01 -1.609486961364746094e+01 -1.831534004211425781e+01 -1.249338150024414062e+01 -1.289427185058593750e+01 -1.266360950469970703e+01 -1.832567214965820312e+01 -1.952679824829101562e+01 -2.188572883605957031e+01 -2.481300926208496094e+01 -2.638205909729003906e+01 -2.583783912658691406e+01 -3.076907920837402344e+01 -2.217594909667968750e+01 -1.719629859924316406e+01 -1.394746589660644531e+01 -1.555918121337890625e+01 -1.391441154479980469e+01 -1.472900199890136719e+01 -1.325925350189208984e+01 -1.346284580230712891e+01 -1.314874172210693359e+01 -1.342704677581787109e+01 -1.463721847534179688e+01 -1.400723934173583984e+01 -1.326256179809570312e+01
-1.644784164428710938e+01 -1.772142601013183594e+01 -1.419804191589355469e+01 -1.619833564758300781e+01 -1.747802925109863281e+01 -1.488928508758544922e+01 -1.428910446166992188e+01 -1.395450687408447266e+01 -1.463551616668701172e+01 -1.473154354095458984e+01 -1.500655460357666016e+01 -1.359248828887939453e+01 -1.162556076049804688e+01 -1.241630554199218750e+01 -1.602942276000976562e+01 -1.678639793395996094e+01 -1.419505310058593750e+01 -1.385668468475341797e+01 -1.239045810699462891e+01 -1.266878414154052734e+01 -2.084816169738769531e+01 -2.271428680419921875e+01 -2.383397674560546875e+01 -2.482669067382812500e+01 -1.239342975616455078e+01 -1.120506191253662109e+01 -1.451726150512695312e+01 -1.345997619628906250e+01 -1.350837993621826172e+01 -1.354247570037841797e+01 -1.390401363372802734e+01 -1.294682312011718750e+01 -1.337778377532958984e+01 -1.467154884338378906e+01 -1.357606792449951172e+01 -1.348794364929199219e+01 -1.445087432861328125e+01
-1.453274631500244141e+01 -1.977319335937500000e+01 -1.809344673156738281e+01 -1.765326118469238281e+01 -1.468786525726318359e+01 -1.438346958160400391e+01 -1.496115684509277344e+01 -1.429249286651611328e+01 -1.487152862548828125e+01 -1.450996780395507812e+01 -1.447790145874023438e+01 -1.447648048400878906e+01 -1.026343917846679688e+01 -1.796388983726501465e+00 -1.205112361907958984e+01 -1.396685695648193359e+01 -1.442926311492919922e+01 -1.432967090606689453e+01 -1.512327194213867188e+01 -1.432061386108398438e+01 -1.292542266845703125e+01 -1.280820083618164062e+01 -1.092627811431884766e+01 -1.319020366668701172e+01 -9.187522888183593750e+00 -6.594347953796386719e+00 -1.293159484863281250e+01 -1.410073471069335938e+01 -1.346450996398925781e+01 -1.316584777832031250e+01 -1.316959762573242188e+01 -1.291051292419433594e+01 -1.352490901947021484e+01 -1.344505310058593750e+01 -1.440177440643310547e+01 -1.334189033508300781e+01 -1.341978454589843750e+01
-1.892431831359863281e+01 -1.671793746948242188e+01 -1.580658054351806641e+01 -1.508702373504638672e+01 -1.490139484405517578e+01 -1.514166069030761719e+01 -1.382009410858154297e+01 -1.423446655273437500e+01 -1.557867622375488281e+01 -1.513311100006103516e+01 -1.429528236389160156e+01 -1.410322856903076172e+01 -1.448486232757568359e+01 -1.474066066741943359e+01 -1.413356113433837891e+01 -1.415442657470703125e+01 -1.433042812347412109e+01 -1.402483558654785156e+01 -1.426902484893798828e+01 -1.406361198425292969e+01 -1.562619209289550781e+01 -1.429371070861816406e+01 -1.239196395874023438e+01 -5.733200073242187500e+00 -4.516462326049804688e+00 -2.572644948959350586e+00 5.407753944396972656e+00 -1.374990558624267578e+01 -1.425306701660156250e+01 -1.370756053924560547e+01 -1.322241687774658203e+01 -1.290589141845703125e+01 -1.307698535919189453e+01 -1.318363285064697266e+01 -1.350496959686279297e+01 -1.361365222930908203e+01 -1.353401279449462891e+01
-1.638420486450195312e+01 -1.445765018463134766e+01 -1.508851909637451172e+01 -1.449725437164306641e+01 -1.484036445617675781e+01 -1.475359058380126953e+01 -1.461290168762207031e+01 -1.483026885986328125e+01 -1.344740676879882812e+01 -1.424220943450927734e+01 -1.358199787139892578e+01 -1.413646125793457031e+01 -1.664034271240234375e+01 -1.621522521972656250e+01 -1.436650085449218750e+01 -1.405663013458251953e+01 -1.357615280151367188e+01 -1.464969158172607422e+01 -1.455679130554199219e+01 -1.408701515197753906e+01 -1.395988082885742188e+01 -1.486137485504150391e+01 -1.100063323974609375e+01 -1.991472005844116211e+00 -2.257472991943359375e+00 -1.291873455047607422e+01 -1.277555084228515625e+01 -1.466775035858154297e+01 -1.549419879913330078e+01 -1.346660423278808594e+01 -1.291744041442871094e+01 -1.268134593963623047e+01 -1.301382923126220703e+01 -1.328799915313720703e+01 -1.367076301574707031e+01 -1.389986610412597656e+01 -1.373612117767333984e+01
-1.444379329681396484e+01 -1.414760112762451172e+01 -1.377139091491699219e+01 -1.375521183013916016e+01 -1.376268386840820312e+01 -1.469156360626220703e+01 -1.450364303588867188e+01 -1.533178043365478516e+01 -1.597469615936279297e+01 -1.460553264617919922e+01 -1.505893707275390625e+01 -1.413006305694580078e+01 -1.471276473999023438e+01 -1.421848773956298828e+01 -1.377243328094482422e+01 -1.342519664764404297e+01 -1.334525966644287109e+01 -1.345772838592529297e+01 -1.351383876800537109e+01 -1.344918060302734375e+01 -1.376926898956298828e+01 -1.437871456146240234e+01 -1.507352733612060547e+01 -1.497502613067626953e+01 -1.391552352905273438e+01 -1.455780220031738281e+01 -1.438165664672851562e+01 -1.473817634582519531e+01 -1.386167430877685547e+01 -1.324116039276123047e+01 -1.273020362854003906e+01 -1.277683544158935547e+01 -1.313235473632812500e+01 -1.332121562957763672e+01 -1.382782840728759766e+01 -1.443984794616699219e+01 -1.485044384002685547e+01
-1.446149826049804688e+01 -1.431663131713867188e+01 -1.426704883575439453e+01 -1.417857170104980469e+01 -1.430367183685302734e+01 -1.444984149932861328e+01 -1.443919277191162109e+01 -1.462987327575683594e+01 -1.452521991729736328e+01 -1.441405677795410156e+01 -1.443536949157714844e+01 -1.518028831481933594e+01 -1.475282001495361328e+01 -1.554461002349853516e+01 -1.368410110473632812e+01 -1.421678733825683594e+01 -1.293822097778320312e+01 -1.312688446044921875e+01 -1.320621204376220703e+01 -1.313963890075683594e+01 -1.339669704437255859e+01 -1.387246513366699219e+01 -1.381715393066406250e+01 -1.422147274017333984e+01 -1.374728679656982422e+01 -1.506091499328613281e+01 -1.435012340545654297e+01 -1.392573738098144531e+01 -1.433763217926025391e+01 -1.291469001770019531e+01 -1.294172763824462891e+01 -1.305064201354980469e+01 -1.328152275085449219e+01 -1.335556125640869141e+01 -1.342664813995361328e+01 -1.366872501373291016e+01 -1.438315582275390625e+01
-1.518589782714843750e+01 -1.517091274261474609e+01 -1.504729270935058594e+01 -1.494992828369140625e+01 -1.486912822723388672e+01 -1.504635620117187500e+01 -1.506315326690673828e+01 -1.557770156860351562e+01 -1.532214164733886719e+01 -1.516347789764404297e+01 -1.507790088653564453e+01 -1.521863746643066406e+01 -1.556101226806640625e+01 -1.386698913574218750e+01 -1.364743614196777344e+01 -1.322273254394531250e+01 -1.332914066314697266e+01 -1.311377239227294922e+01 -1.323206233978271484e+01 -1.330235481262207031e+01 -1.328892421722412109e+01 -1.358564281463623047e+01 -1.372197914123535156e+01 -1.563181781768798828e+01 -1.377782344818115234e+01 -1.467307472229003906e+01 -1.363293838500976562e+01 -1.308605098724365234e+01 -1.353910541534423828e+01 -1.305876541137695312e+01 -1.315391063690185547e+01 -1.334979820251464844e+01 -1.337968730926513672e+01 -1.343704319000244141e+01 -1.342090511322021484e+01 -1.339750289916992188e+01 -1.363291549682617188e+01
-1.559348392486572266e+01 -1.537617969512939453e+01 -1.484696483612060547e+01 -1.538980579376220703e+01 -1.543911361694335938e+01 -1.602529907226562500e+01 -1.565844249725341797e+01 -1.544216346740722656e+01 -1.559299945831298828e+01 -1.590402030944824219e+01 -1.573769092559814453e+01 -1.491474914550781250e+01 -1.477965641021728516e+01 -1.437546539306640625e+01 -1.388387489318847656e+01 -1.354977416992187500e+01 -1.312762546539306641e+01 -1.310114669799804688e+01 -1.327329349517822266e+01 -1.337180519104003906e+01 -1.351903629302978516e+01 -1.359782218933105469e+01 -1.363674831390380859e+01 -1.441265010833740234e+01 -1.338797283172607422e+01 -1.410559558868408203e+01 -1.324707317352294922e+01 -1.312598228454589844e+01 -1.301155281066894531e+01 -1.317984390258789062e+01 -1.307559871673583984e+01 -1.353186607360839844e+01 -1.363405132293701172e+01 -1.349321556091308594e+01 -1.308631134033203125e+01 -1.282643604278564453e+01 -1.452948665618896484e+01
-1.631771469116210938e+01 -1.570372772216796875e+01 -1.503477668762207031e+01 -1.631207275390625000e+01 -1.549963378906250000e+01 -1.635290908813476562e+01 -1.263673019409179688e+01 -2.226883172988891602e+00 -3.112318038940429688e+00 -2.975507020950317383e+00 -1.472520732879638672e+01 -1.666551589965820312e+01 -1.513455963134765625e+01 -1.450136661529541016e+01 -1.401094627380371094e+01 -1.405980682373046875e+01 -1.317581462860107422e+01 -1.389820671081542969e+01 -1.290657901763916016e+01 -1.367285728454589844e+01 -1.470558071136474609e+01 -1.381836509704589844e+01 -1.364337730407714844e+01 -1.380263423919677734e+01 -1.452363967895507812e+01 -1.381382751464843750e+01 -1.370049667358398438e+01 -1.355879688262939453e+01 -1.314507865905761719e+01 -1.303939342498779297e+01 -1.291007614135742188e+01 -1.333017063140869141e+01 -1.360439777374267578e+01 -1.404717254638671875e+01 -1.360466289520263672e+01 -1.390515613555908203e+01 -1.387340545654296875e+01
-1.658174705505371094e+01 -1.609212875366210938e+01 -1.670487976074218750e+01 -1.672620964050292969e+01 -1.522142219543457031e+01 -1.456004619598388672e+01 -8.802094459533691406e+00 -8.967706680297851562e+00 -9.652113914489746094e+00 -9.999569892883300781e+00 -1.057959747314453125e+01 -8.741928100585937500e+00 6.429241657257080078e+00 -1.653910636901855469e+01 -1.455033588409423828e+01 -1.453035354614257812e+01 -1.348682308197021484e+01 -1.327934646606445312e+01 -1.383791351318359375e+01 -1.312522125244140625e+01 -1.294661903381347656e+01 -1.453420734405517578e+01 -1.327907943725585938e+01 -1.303553771972656250e+01 -1.359788417816162109e+01 -1.382886981964111328e+01 -1.378098964691162109e+01 -1.356417942047119141e+01 -1.344898319244384766e+01 -1.291737937927246094e+01 -1.333722400665283203e+01 -1.471613788604736328e+01 -1.415140819549560547e+01 -1.436761665344238281e+01 -1.430141258239746094e+01 -1.421182823181152344e+01 -1.391432189941406250e+01
-1.863443946838378906e+01 -1.690990066528320312e+01 -9.662610292434692383e-01 -5.776415348052978516e+00 -1.059288406372070312e+01 -1.389801597595214844e+01 -1.512810707092285156e+01 -1.604636764526367188e+01 -1.669060134887695312e+01 -1.699902153015136719e+01 -1.617804908752441406e+01 -1.413510799407958984e+01 -1.189207553863525391e+01 -1.521731853485107422e+01 -1.529327201843261719e+01 -1.521066856384277344e+01 -1.394610023498535156e+01 -1.367028141021728516e+01 -1.351192378997802734e+01 -1.293183517456054688e+01 -1.368771743774414062e+01 -1.301792430877685547e+01 -1.299138927459716797e+01 -1.601226425170898438e+01 -1.482546138763427734e+01 -1.509823608398437500e+01 -1.453915309906005859e+01 -1.381578445434570312e+01 -1.407776260375976562e+01 -1.360835552215576172e+01 -1.405683803558349609e+01 -1.509999179840087891e+01 -1.529825115203857422e+01 -1.781290054321289062e+01 -1.956450462341308594e+01 -2.116467666625976562e+01 -2.279788017272949219e+01
-1.599367618560791016e+01 -1.252733707427978516e+01 -8.004511833190917969e+00 -1.316119194030761719e+01 -1.760658073425292969e+01 -2.009728050231933594e+01 -2.253280258178710938e+01 -2.382501411437988281e+01 -2.432258987426757812e+01 -2.525123023986816406e+01 -2.310214042663574219e+01 -2.013143348693847656e+01 -1.590732002258300781e+01 -1.164214420318603516e+01 -1.424484157562255859e+01 -1.465292739868164062e+01 -1.408299064636230469e+01 -1.384503555297851562e+01 -1.311875915527343750e+01 -1.279902744293212891e+01 -1.304277229309082031e+01 -1.326955127716064453e+01 -1.345549106597900391e+01 -1.408405971527099609e+01 -1.367091560363769531e+01 -1.436794662475585938e+01 -1.561029052734375000e+01 -1.122674584388732910e+00 -1.137385940551757812e+01 -1.428635597229003906e+01 -1.490956306457519531e+01 -1.255204963684082031e+01 -2.352497100830078125e+01 -2.396039581298828125e+01 -2.522842407226562500e+01 -2.691141510009765625e+01 -2.868881225585937500e+01
-1.444935131072998047e+01 -1.042917537689208984e+01 -1.504532527923583984e+01 -2.169181060791015625e+01 -2.744265937805175781e+01 -2.775676918029785156e+01 -3.193206977844238281e+01 -3.262776947021484375e+01 -3.168593978881835938e+01 -3.040485954284667969e+01 -2.805794906616210938e+01 -2.781419944763183594e+01 -2.070088195800781250e+01 -1.558233642578125000e+01 -3.925163298845291138e-03 -1.387862586975097656e+01 -1.570839691162109375e+01 -1.515454769134521484e+01 -1.303621578216552734e+01 -1.297393226623535156e+01 -1.285299682617187500e+01 -1.300351428985595703e+01 -1.358842563629150391e+01 -1.466966152191162109e+01 -1.691272163391113281e+01 -1.262660408020019531e+01 -1.696361351013183594e+01 -1.932925987243652344e+01 -1.949365997314453125e+01 -2.287926101684570312e+01 -2.532897377014160156e+01 -2.756724357604980469e+01 -2.851842880249023438e+01 -3.062839889526367188e+01 -3.221559524536132812e+01 -3.528250503540039062e+01 -3.797348022460937500e+01
-1.010289382934570312e+01 -1.571816062927246094e+01 -2.045242881774902344e+01 -2.624722099304199219e+01 -3.195900917053222656e+01 -3.289298629760742188e+01 -3.550827789306640625e+01 -3.877840042114257812e+01 -2.955085945129394531e+01 -3.163328933715820312e+01 -3.519395828247070312e+01 -3.145734024047851562e+01 -2.449898147583007812e+01 -1.782669639587402344e+01 -1.079670143127441406e+01 -1.406883335113525391e+01 -1.341559505462646484e+01 -1.279951858520507812e+01 -1.303690910339355469e+01 -1.335624504089355469e+01 -1.318436241149902344e+01 -1.361402702331542969e+01 -1.401328849792480469e+01 -1.536398410797119141e+01 -1.265887641906738281e+01 -1.171166801452636719e+01 -2.359614753723144531e+01 -2.540486335754394531e+01 -2.604005813598632812e+01 -2.781016921997070312e+01 -2.980585861206054688e+01 -3.203335189819335938e+01 -3.341346359252929688e+01 -3.860031890869140625e+01 -3.891836929321289062e+01 -4.612403106689453125e+01 -5.001118850708007812e+01
-1.570626926422119141e+01 -2.225941085815429688e+01 -2.515340805053710938e+01 -2.957075119018554688e+01 -3.475186920166015625e+01 -3.691122436523437500e+01 -3.997430038452148438e+01 -3.039425086975097656e+01 -4.370468902587890625e+01 -3.787929153442382812e+01 -4.387136077880859375e+01 -3.600094985961914062e+01 -2.901690864562988281e+01 -2.177339363098144531e+01 -1.540699577331542969e+01 -1.343575572967529297e+01 -1.311218929290771484e+01 -1.315703296661376953e+01 -1.350449657440185547e+01 -1.377595329284667969e+01 -1.403758430480957031e+01 -1.407357406616210938e+01 -1.551358699798583984e+01 -2.320544242858886719e+01 -2.671201896667480469e+01 -2.907146453857421875e+01 -3.073226737976074219e+01 -3.359196090698242188e+01 -3.269398498535156250e+01 -3.387445831298828125e+01 -3.537985992431640625e+01 -3.817554092407226562e+01 -3.510356140136718750e+01 -4.827259826660156250e+01 -5.447103118896484375e+01 -5.917760848999023438e+01 -5.941508865356445312e+01
