ASPA-UH-Flopy_REPO/Models/SWI_experiment2/Flo_py_wrkspace/zeta_WTF2.asc
NCOLS 200
NROWS 100
XLLCENTER 515244
YLLCENTER 8410178
CELLSIZE 167.0
NODATA_value -999.0
[rows 0 to 15 of 100, columns 74 to 110 of 200]
0.000000000000000000e+00 0.000000000000000000e+00 0.000000000000000000e+00 0.000000000000000000e+00 0.000000000000000000e+00 0.000000000000000000e+00 0.000000000000000000e+00 0.000000000000000000e+00 0.000000000000000000e+00 0.000000000000000000e+00 0.000000000000000000e+00 0.000000000000000000e+00 0.000000000000000000e+00 0.000000000000000000e+00 0.000000000000000000e+00 0.000000000000000000e+00 0.000000000000000000e+00 0.000000000000000000e+00 0.000000000000000000e+00 0.000000000000000000e+00 0.000000000000000000e+00 0.000000000000000000e+00 0.000000000000000000e+00 0.000000000000000000e+00 0.000000000000000000e+00 0.000000000000000000e+00 0.000000000000000000e+00 0.000000000000000000e+00 0.000000000000000000e+00 0.000000000000000000e+00 0.000000000000000000e+00 0.000000000000000000e+00 0.000000000000000000e+00 0.000000000000000000e+00 0.000000000000000000e+00 0.000000000000000000e+00 0.000000000000000000e+00
0.000000000000000000e+00 0.000000000000000000e+00 0.000000000000000000e+00 0.000000000000000000e+00 0.000000000000000000e+00 0.000000000000000000e+00 0.000000000000000000e+00 0.000000000000000000e+00 0.000000000000000000e+00 0.000000000000000000e+00 0.000000000000000000e+00 0.000000000000000000e+00 0.000000000000000000e+00 0.000000000000000000e+00 0.000000000000000000e+00 -7.751291656494140625e+01 -7.243656158447265625e+01 -6.223294067382812500e+01 -6.141209030151367188e+01 -5.738673019409179688e+01 -5.735509109497070312e+01 -5.397526931762695312e+01 -5.128128051757812500e+01 -5.021094894409179688e+01 -4.928340148925781250e+01 -4.740560150146484375e+01 -4.449401092529296875e+01 -3.848699188232421875e+01 -3.764439010620117188e+01 -3.610295867919921875e+01 -4.082007980346679688e+01 -4.401208877563476562e+01 -4.719459915161132812e+01 -4.959196853637695312e+01 -5.153208923339843750e+01 -5.371009826660156250e+01 -5.491772842407226562e+01
0.000000000000000000e+00 0.000000000000000000e+00 0.000000000000000000e+00 0.000000000000000000e+00 0.000000000000000000e+00 0.000000000000000000e+00 0.000000000000000000e+00 0.000000000000000000e+00 0.000000000000000000e+00 0.000000000000000000e+00 0.000000000000000000e+00 0.000000000000000000e+00 0.000000000000000000e+00 0.000000000000000000e+00 -7.824732971191406250e+01 -7.243106842041015625e+01 -6.267488098144531250e+01 -6.108430099487304688e+01 -5.789015960693359375e+01 -5.783993911743164062e+01 -5.711100006103515625e+01 -5.376937866210937500e+01 -5.137791061401367188e+01 -5.083221054077148438e+01 -5.027643966674804688e+01 -4.848453903198242188e+01 -4.599480056762695312e+01 -4.401416015625000000e+01 -4.378004074096679688e+01 -4.461396026611328125e+01 -4.592403030395507812e+01 -4.674505996704101562e+01 -4.878237152099609375e+01 -5.018695068359375000e+01 -5.179396820068359375e+01 -5.324412155151367188e+01 -5.515608978271484375e+01
0.000000000000000000e+00 0.000000000000000000e+00 0.000000000000000000e+00 0.000000000000000000e+00 0.000000000000000000e+00 0.000000000000000000e+00 0.000000000000000000e+00 0.000000000000000000e+00 0.000000000000000000e+00 0.000000000000000000e+00 0.000000000000000000e+00 0.000000000000000000e+00 0.000000000000000000e+00 0.000000000000000000e+00 -7.336961364746093750e+01 -6.296583175659179688e+01 -5.873928070068359375e+01 -5.766513061523437500e+01 -5.884534835815429688e+01 -5.665270996093750000e+01 -5.563800048828125000e+01 -5.535799026489257812e+01 -5.298809051513671875e+01 -5.131702041625976562e+01 -5.080849075317382812e+01 -4.843177032470703125e+01 -4.757176971435546875e+01 -4.659434890747070312e+01 -4.778939056396484375e+01 -4.899293899536132812e+01 -4.876372909545898438e+01 -4.975543975830078125e+01 -4.988349151611328125e+01 -5.060985183715820312e+01 -5.170977020263671875e+01 -5.312723922729492188e+01 -5.387855911254882812e+01
0.000000000000000000e+00 0.000000000000000000e+00 0.000000000000000000e+00 0.000000000000000000e+00 0.000000000000000000e+00 0.000000000000000000e+00 0.000000000000000000e+00 0.000000000000000000e+00 0.000000000000000000e+00 0.000000000000000000e+00 0.000000000000000000e+00 0.000000000000000000e+00 0.000000000000000000e+00 -7.315838623046875000e+01 -6.341572952270507812e+01 -6.116815948486328125e+01 -5.767396926879882812e+01 -5.717927169799804688e+01 -5.585385894775390625e+01 -5.555218887329101562e+01 -5.513179016113281250e+01 -5.635390853881835938e+01 -5.604265975952148438e+01 -5.362453079223632812e+01 -5.147711944580078125e+01 -5.029238128662109375e+01 -4.933752822875976562e+01 -4.849863052368164062e+01 -4.927027893066406250e+01 -5.047552871704101562e+01 -5.065789031982421875e+01 -4.947274017333984375e+01 -4.917419052124023438e+01 -4.594631958007812500e+01 -4.908600997924804688e+01 -5.119329071044921875e+01 -5.321585083007812500e+01
0.000000000000000000e+00 0.000000000000000000e+00 0.000000000000000000e+00 0.000000000000000000e+00 0.000000000000000000e+00 0.000000000000000000e+00 0.000000000000000000e+00 0.000000000000000000e+00 0.000000000000000000e+00 0.000000000000000000e+00 0.000000000000000000e+00 0.000000000000000000e+00 -7.623008728027343750e+01 -6.770720672607421875e+01 -6.152954864501953125e+01 -5.935531997680664062e+01 -5.732051849365234375e+01 -5.639751052856445312e+01 -5.513755035400390625e+01 -5.530765914916992188e+01 -5.532492828369140625e+01 -5.467707061767578125e+01 -5.564075851440429688e+01 -5.544916915893554688e+01 -5.343394088745117188e+01 -5.095423126220703125e+01 -4.940525054931640625e+01 -4.881203079223632812e+01 -4.987630081176757812e+01 -4.980971908569335938e+01 -5.098860931396484375e+01 -5.036539840698242188e+01 -4.928324890136718750e+01 -4.882817077636718750e+01 -5.023952102661132812e+01 -5.208573913574218750e+01 -5.443190002441406250e+01
0.000000000000000000e+00 0.000000000000000000e+00 0.000000000000000000e+00 0.000000000000000000e+00 0.000000000000000000e+00 0.000000000000000000e+00 0.000000000000000000e+00 0.000000000000000000e+00 0.000000000000000000e+00 0.000000000000000000e+00 0.000000000000000000e+00 0.000000000000000000e+00 -6.817529296875000000e+01 -6.209069061279296875e+01 -5.867670822143554688e+01 -5.499354171752929688e+01 -5.429637145996093750e+01 -5.452407836914062500e+01 -5.463505172729492188e+01 -5.442197036743164062e+01 -5.456568908691406250e+01 -5.423522186279296875e+01 -5.555184173583984375e+01 -5.568978881835937500e+01 -5.368803024291992188e+01 -5.130842971801757812e+01 -4.978739166259765625e+01 -4.993939971923828125e+01 -5.062300109863281250e+01 -5.128458023071289062e+01 -5.270761108398437500e+01 -5.272751998901367188e+01 -5.164878082275390625e+01 -5.221870040893554688e+01 -5.485158157348632812e+01 -5.670832061767578125e+01 -5.543233108520507812e+01
0.000000000000000000e+00 0.000000000000000000e+00 0.000000000000000000e+00 0.000000000000000000e+00 0.000000000000000000e+00 0.000000000000000000e+00 0.000000000000000000e+00 0.000000000000000000e+00 0.000000000000000000e+00 0.000000000000000000e+00 0.000000000000000000e+00 -7.342801666259765625e+01 -6.207677078247070312e+01 -5.641323852539062500e+01 -5.462474060058593750e+01 -5.277462005615234375e+01 -5.208850860595703125e+01 -5.288042068481445312e+01 -5.363994979858398438e+01 -5.495109939575195312e+01 -5.511305999755859375e+01 -5.434822082519531250e+01 -5.659754943847656250e+01 -5.759614944458007812e+01 -5.426232910156250000e+01 -5.262667846679687500e+01 -5.250551986694335938e+01 -5.293318939208984375e+01 -5.469892120361328125e+01 -5.502000045776367188e+01 -5.533430099487304688e+01 -5.595590972900390625e+01 -5.694493865966796875e+01 -5.854029846191406250e+01 -5.900485992431640625e+01 -5.811359024047851562e+01 -5.052980041503906250e+01
0.000000000000000000e+00 0.000000000000000000e+00 0.000000000000000000e+00 0.000000000000000000e+00 0.000000000000000000e+00 0.000000000000000000e+00 0.000000000000000000e+00 0.000000000000000000e+00 0.000000000000000000e+00 0.000000000000000000e+00 -7.867247009277343750e+01 -7.046598052978515625e+01 -5.987413024902343750e+01 -5.296017074584960938e+01 -5.089823150634765625e+01 -4.984128189086914062e+01 -5.118878173828125000e+01 -5.100448989868164062e+01 -5.053861999511718750e+01 -5.392721176147460938e+01 -5.397488021850585938e+01 -5.785686874389648438e+01 -5.912528991699218750e+01 -5.892226028442382812e+01 -5.566207122802734375e+01 -5.543918991088867188e+01 -5.532493972778320312e+01 -5.624148941040039062e+01 -5.810599899291992188e+01 -5.892435073852539062e+01 -5.991688919067382812e+01 -6.056301116943359375e+01 -6.013895034790039062e+01 -6.019665908813476562e+01 -5.752452850341796875e+01 -5.053675842285156250e+01 -4.316622161865234375e+01
0.000000000000000000e+00 0.000000000000000000e+00 0.000000000000000000e+00 0.000000000000000000e+00 0.000000000000000000e+00 0.000000000000000000e+00 0.000000000000000000e+00 0.000000000000000000e+00 0.000000000000000000e+00 -1.114151000976562500e+02 -7.567038726806640625e+01 -6.577464294433593750e+01 -5.596202850341796875e+01 -5.193383026123046875e+01 -4.508024978637695312e+01 -4.574673843383789062e+01 -4.906029891967773438e+01 -4.943238830566406250e+01 -5.161782073974609375e+01 -5.265306091308593750e+01 -5.456687164306640625e+01 -5.606478881835937500e+01 -5.940517044067382812e+01 -5.791202163696289062e+01 -5.642586898803710938e+01 -5.729756927490234375e+01 -5.711706161499023438e+01 -5.782275009155273438e+01 -6.101047897338867188e+01 -6.127910995483398438e+01 -6.101977920532226562e+01 -5.948691940307617188e+01 -5.766873168945312500e+01 -5.367816162109375000e+01 -4.714928817749023438e+01 -4.086449050903320312e+01 -3.703586959838867188e+01
0.000000000000000000e+00 0.000000000000000000e+00 0.000000000000000000e+00 0.000000000000000000e+00 0.000000000000000000e+00 0.000000000000000000e+00 0.000000000000000000e+00 0.000000000000000000e+00 -1.067431030273437500e+02 -7.620188903808593750e+01 -6.906606292724609375e+01 -5.882950973510742188e+01 -5.369306945800781250e+01 -4.968534851074218750e+01 -4.935107040405273438e+01 -4.854608917236328125e+01 -4.914550018310546875e+01 -4.990011978149414062e+01 -5.077981948852539062e+01 -5.357852172851562500e+01 -5.529417037963867188e+01 -5.718611907958984375e+01 -5.885208892822265625e+01 -5.930842971801757812e+01 -5.740945053100585938e+01 -5.786907958984375000e+01 -5.909012985229492188e+01 -5.982802963256835938e+01 -6.028342819213867188e+01 -5.789833831787109375e+01 -5.520930099487304688e+01 -5.036603164672851562e+01 -3.558887100219726562e+01 -4.253269958496093750e+01 -3.705104827880859375e+01 -1.751929092407226562e+01 -2.556188964843750000e+01
0.000000000000000000e+00 0.000000000000000000e+00 0.000000000000000000e+00 0.000000000000000000e+00 0.000000000000000000e+00 0.000000000000000000e+00 0.000000000000000000e+00 -8.394325256347656250e+01 -7.314794158935546875e+01 -6.313378143310546875e+01 -5.705550003051757812e+01 -5.258147048950195312e+01 -5.040665054321289062e+01 -4.972726821899414062e+01 -4.926787948608398438e+01 -4.912120819091796875e+01 -4.955915069580078125e+01 -4.934989166259765625e+01 -5.012767028808593750e+01 -5.328318023681640625e+01 -5.643135070800781250e+01 -5.785321044921875000e+01 -5.926861953735351562e+01 -5.889648818969726562e+01 -5.878139877319335938e+01 -5.865093994140625000e+01 -5.777143096923828125e+01 -5.279217147827148438e+01 -4.857659149169921875e+01 -4.697919845581054688e+01 -4.554327011108398438e+01 -4.456724166870117188e+01 -4.138039016723632812e+01 -1.553973960876464844e+01 -1.394729137420654297e+01 -1.515490150451660156e+01 -1.400923061370849609e+01
0.000000000000000000e+00 0.000000000000000000e+00 0.000000000000000000e+00 0.000000000000000000e+00 0.000000000000000000e+00 0.000000000000000000e+00 -7.376013946533203125e+01 -6.520175933837890625e+01 -6.150732040405273438e+01 -5.401287841796875000e+01 -5.117742919921875000e+01 -5.038735961914062500e+01 -5.053792190551757812e+01 -4.910472869873046875e+01 -4.844271850585937500e+01 -4.851374053955078125e+01 -4.902455902099609375e+01 -4.894509124755859375e+01 -4.943861007690429688e+01 -5.237722015380859375e+01 -5.536931991577148438e+01 -5.770217895507812500e+01 -5.791490936279296875e+01 -5.878887939453125000e+01 -5.809732818603515625e+01 -5.668128967285156250e+01 -4.647956085205078125e+01 -4.346902847290039062e+01 -4.061820983886718750e+01 -3.886738967895507812e+01 -3.924163055419921875e+01 -4.013970184326171875e+01 -3.804729843139648438e+01 -3.163168907165527344e+01 -1.707739830017089844e+01 -1.546496295928955078e+01 -1.892072868347167969e+01
0.000000000000000000e+00 0.000000000000000000e+00 -7.797831726074218750e+01 -6.931024169921875000e+01 -6.232067871093750000e+01 -5.835295104980468750e+01 -5.524847030639648438e+01 -5.379051971435546875e+01 -5.461793136596679688e+01 -4.951465988159179688e+01 -4.741281890869140625e+01 -4.961132049560546875e+01 -5.034817886352539062e+01 -4.975135040283203125e+01 -4.897463989257812500e+01 -4.860400009155273438e+01 -4.954270172119140625e+01 -4.981922912597656250e+01 -4.986169815063476562e+01 -5.234833145141601562e+01 -5.474860000610351562e+01 -5.695138931274414062e+01 -5.807518005371093750e+01 -5.803578948974609375e+01 -5.582846069335937500e+01 -4.608702850341796875e+01 -4.156311416625976562e+01 -3.794608688354492188e+01 -3.491773223876953125e+01 -3.306774139404296875e+01 -3.392016601562500000e+01 -2.505908393859863281e+01 -3.526556015014648438e+01 -2.835948562622070312e+01 -4.364804267883300781e+00 -1.647901725769042969e+01 -1.649562263488769531e+01
-7.190426635742187500e+01 -7.180529022216796875e+01 -6.533483886718750000e+01 -5.599320983886718750e+01 -5.307289886474609375e+01 -5.082598114013671875e+01 -4.876147079467773438e+01 -4.688669967651367188e+01 -4.826168060302734375e+01 -4.752585983276367188e+01 -4.679864120483398438e+01 -4.881343078613281250e+01 -4.956449127197265625e+01 -4.991415023803710938e+01 -4.950949859619140625e+01 -5.002193069458007812e+01 -5.033700942993164062e+01 -5.057738876342773438e+01 -5.170318984985351562e+01 -5.225049972534179688e+01 -5.412855148315429688e+01 -5.681110000610351562e+01 -5.726401901245117188e+01 -5.586067962646484375e+01 -4.896036148071289062e+01 -4.050545120239257812e+01 -3.642232131958007812e+01 -3.253174591064453125e+01 -2.871304702758789062e+01 -2.532274055480957031e+01 -1.418243312835693359e+01 -1.770622253417968750e+01 -2.224318885803222656e+01 -2.311137962341308594e+01 -6.619656085968017578e+00 -2.257338714599609375e+01 -1.866632080078125000e+01
-6.119123840332031250e+01 -5.921717834472656250e+01 -5.311867141723632812e+01 -4.981058883666992188e+01 -4.709749984741210938e+01 -4.605857086181640625e+01 -4.316857147216796875e+01 -3.923395156860351562e+01 -4.275318908691406250e+01 -4.447938156127929688e+01 -4.603945922851562500e+01 -4.812892913818359375e+01 -4.866582107543945312e+01 -4.913383865356445312e+01 -4.956396865844726562e+01 -4.966379165649414062e+01 -5.012134170532226562e+01 -5.045104980468750000e+01 -5.119374084472656250e+01 -5.293001174926757812e+01 -5.622782897949218750e+01 -5.629206848144531250e+01 -5.538179016113281250e+01 -5.081748962402343750e+01 -4.253408050537109375e+01 -3.651831436157226562e+01 -1.144420433044433594e+01 -8.223512649536132812e+00 -1.172154712677001953e+01 -1.487838554382324219e+01 -1.904292488098144531e+01 -1.741201591491699219e+01 -2.092301177978515625e+01 -1.628824234008789062e+01 -2.283670616149902344e+01 -1.805043029785156250e+01 -1.558516788482666016e+01
