ASPA-UH-SWB2_REPO/input/Gridded_rain/prism_ppt_tutuila_30yr_normal_06.asc
ncols         350
nrows         200
xllcorner     515000
yllcorner     8409000
cellsize      100
NODATA_value  -9999
[rows 93 to 123 of 200, columns 69 to 137 of 350]
11.92166 12.0319 12.12993 12.21142 12.28268 12.34568 12.39331 12.43938 12.47717 12.51064 12.54134 12.56457 12.58623 12.60827 12.63111 12.65276 12.67363 12.69725 12.72087 12.74489 12.7693 12.79331 12.81733 12.8382 12.85591 12.87009 12.88308 12.89843 12.91182 12.9189 12.92599 12.92953 12.93111 12.92835 12.9256 12.92284 12.92087 12.91457 12.90788 12.90316 12.89883 12.89804 12.90276 12.91064 12.92166 12.93701 12.95906 12.98583 13.02245 13.06379 13.11024 13.16733 13.23386 13.30434 13.37875 13.45552 13.54016 13.63229 13.72048 13.81142 13.90119 13.98898 14.07914 14.16261 14.24253 14.31812 14.39331 14.46694 14.54253
12.28662 12.39568 12.49371 12.58229 12.65749 12.71418 12.76418 12.80749 12.84764 12.88072 12.90788 12.93505 12.95512 12.97481 12.99449 13.01497 13.03544 13.0567 13.07835 13.10001 13.12166 13.1445 13.16694 13.1882 13.20355 13.21654 13.22993 13.24016 13.24883 13.25316 13.26103 13.26261 13.26182 13.26064 13.25867 13.25631 13.25158 13.24764 13.24213 13.23623 13.23111 13.2319 13.23898 13.24843 13.25906 13.27757 13.29961 13.32914 13.36694 13.41261 13.46654 13.52481 13.59095 13.66182 13.7378 13.8189 13.90079 13.9882 14.07678 14.163 14.24725 14.33229 14.41772 14.49725 14.57127 14.64017 14.70709 14.77324 14.84174
12.64922 12.76064 12.85788 12.94961 13.0193 13.07953 13.13111 13.17323 13.21064 13.24489 13.27245 13.29568 13.32048 13.33741 13.35434 13.37166 13.38938 13.40788 13.42638 13.44528 13.46497 13.48741 13.50709 13.52481 13.5378 13.54646 13.55552 13.56103 13.56221 13.56654 13.57127 13.57324 13.57205 13.57127 13.57245 13.57284 13.57205 13.56772 13.56339 13.55631 13.5504 13.55434 13.563 13.57363 13.5878 13.60631 13.63308 13.66221 13.70119 13.75355 13.80946 13.87442 13.94016 14.01024 14.0882 14.16812 14.25276 14.33623 14.42442 14.50985 14.58859 14.66891 14.75001 14.82639 14.89174 14.95316 15.01654 15.07363 15.12954
13.00867 13.11969 13.22009 13.30434 13.37717 13.43701 13.48701 13.53229 13.57048 13.6004 13.62875 13.65276 13.67245 13.69174 13.70788 13.72205 13.73662 13.75198 13.76733 13.78386 13.80473 13.82481 13.83898 13.84646 13.85198 13.85394 13.85355 13.85473 13.85198 13.8504 13.85119 13.85394 13.85513 13.85631 13.85906 13.86457 13.87009 13.86969 13.86812 13.863 13.85709 13.86103 13.87166 13.88426 13.90198 13.92442 13.95198 13.98544 14.02875 14.08229 14.1445 14.20906 14.27757 14.35276 14.43111 14.51103 14.59371 14.68032 14.76654 14.8441 14.92324 15.0004 15.07599 15.14568 15.20276 15.25749 15.30867 15.3567 15.40079
13.36261 13.47087 13.57048 13.65591 13.72639 13.78347 13.83387 13.88032 13.92009 13.94883 13.9752 13.99843 14.01851 14.03465 14.04961 14.06418 14.07757 14.08898 14.10158 14.11772 14.13505 14.1504 14.15513 14.15552 14.15158 14.14489 14.1378 14.13308 14.12678 14.12048 14.11851 14.11851 14.11694 14.11733 14.12166 14.12914 14.13702 14.14686 14.15158 14.15276 14.15079 14.15434 14.16576 14.18032 14.20001 14.22599 14.25867 14.29765 14.34095 14.40158 14.46654 14.53583 14.60788 14.68505 14.76536 14.84725 14.93072 15.01339 15.09646 15.17442 15.24843 15.3193 15.38859 15.44765 15.50198 15.54765 15.58465 15.62087 15.65552
13.70473 13.81261 13.90906 13.99568 14.06654 14.12127 14.17127 14.21733 14.25591 14.28701 14.30946 14.33072 14.35079 14.36615 14.37875 14.3941 14.40552 14.41576 14.42757 14.43859 14.44725 14.45434 14.45513 14.44646 14.43465 14.42481 14.41694 14.40552 14.39646 14.3882 14.38072 14.3752 14.36969 14.36497 14.36576 14.37166 14.3815 14.39528 14.41024 14.41891 14.42835 14.43426 14.44568 14.46182 14.48308 14.51261 14.54922 14.59056 14.64292 14.70473 14.7756 14.8504 14.92757 15.00788 15.09135 15.17481 15.25749 15.33977 15.41812 15.49686 15.56379 15.62835 15.68977 15.74174 15.78229 15.81851 15.84647 15.86891 15.88898
14.02914 14.1378 14.23465 14.32363 14.39371 14.45001 14.49725 14.54135 14.57875 14.60906 14.6319 14.65079 14.66694 14.68072 14.69646 14.70906 14.7193 14.72954 14.7378 14.74095 14.74174 14.74095 14.73229 14.72127 14.70946 14.69961 14.68898 14.67678 14.66418 14.65237 14.64095 14.62953 14.61772 14.60709 14.60119 14.6004 14.60828 14.62206 14.64213 14.66221 14.67875 14.69568 14.70827 14.72599 14.75001 14.78111 14.82087 14.86772 14.92481 14.99135 15.06615 15.14646 15.22914 15.31497 15.40394 15.48898 15.57324 15.65198 15.73072 15.80276 15.87087 15.92835 15.97835 16.01891 16.05001 16.07324 16.09056 16.09725 16.10355
14.33859 14.44646 14.5441 14.63268 14.70394 14.76182 14.81024 14.85158 14.8878 14.91694 14.93938 14.95749 14.97324 14.98544 14.99922 15.00985 15.02166 15.02954 15.03229 15.02993 15.02363 15.01497 15.00473 14.99331 14.98347 14.97284 14.96103 14.94804 14.9319 14.91576 14.90316 14.88387 14.86536 14.84725 14.83268 14.82481 14.8252 14.83426 14.85316 14.87875 14.90434 14.93111 14.95119 14.97087 14.99843 15.03229 15.07639 15.12835 15.19017 15.26064 15.33898 15.42442 15.51379 15.60749 15.69961 15.78938 15.87363 15.95276 16.02875 16.1004 16.16261 16.213 16.25316 16.28229 16.30001 16.31025 16.31182 16.30749 16.29528
14.62875 14.73859 14.83702 14.92599 14.99843 15.05788 15.1067 15.14922 15.18505 15.213 15.23465 15.25001 15.26654 15.27796 15.28859 15.3004 15.30867 15.31339 15.313 15.30709 15.29528 15.28308 15.2756 15.26615 15.25631 15.24607 15.23308 15.21654 15.2004 15.1819 15.16418 15.14056 15.11457 15.08977 15.06654 15.0504 15.03977 15.04056 15.05158 15.07757 15.10946 15.14135 15.17087 15.19686 15.22639 15.26576 15.31497 15.37245 15.43977 15.51654 15.59725 15.68662 15.78308 15.88308 15.9819 16.0756 16.163 16.24017 16.31418 16.3819 16.4382 16.48072 16.50985 16.52796 16.53269 16.52521 16.51221 16.49253 16.46182
14.89646 15.01064 15.11418 15.20198 15.27481 15.33583 15.38859 15.4315 15.46654 15.49371 15.51418 15.52914 15.54174 15.55434 15.56221 15.57363 15.57954 15.5815 15.57875 15.56733 15.55473 15.54568 15.5378 15.53072 15.52127 15.51143 15.49883 15.4819 15.46418 15.44686 15.42481 15.39686 15.36576 15.33347 15.30316 15.27639 15.25513 15.2441 15.24725 15.26379 15.29528 15.33269 15.36969 15.40198 15.43662 15.48032 15.53465 15.59922 15.67245 15.75395 15.84174 15.93662 16.03898 16.1445 16.25001 16.35119 16.44017 16.51694 16.58741 16.64961 16.69962 16.73347 16.75119 16.75552 16.74607 16.72402 16.69332 16.65198 16.60158
15.14253 15.26103 15.36457 15.45473 15.52796 15.59371 15.64725 15.69095 15.72481 15.7504 15.77009 15.78584 15.79922 15.80906 15.81812 15.8252 15.83111 15.83072 15.82481 15.813 15.8008 15.79331 15.78465 15.78072 15.77402 15.76536 15.75513 15.74017 15.72402 15.70788 15.68308 15.65158 15.61536 15.57875 15.54017 15.50158 15.46969 15.44607 15.43623 15.44135 15.46812 15.50749 15.55001 15.58898 15.62835 15.67599 15.73269 15.80473 15.88702 15.97363 16.06969 16.17363 16.28308 16.3941 16.50513 16.60985 16.70434 16.77993 16.84804 16.90434 16.94646 16.96851 16.97717 16.96694 16.93977 16.90277 16.84962 16.78623 16.71536
15.36418 15.48308 15.59056 15.68072 15.76024 15.82245 15.87796 15.92284 15.95552 15.97993 15.99843 16.01812 16.03308 16.04056 16.04961 16.05434 16.05985 16.05906 16.04922 16.03977 16.03032 16.02087 16.01812 16.01339 16.01024 16.0071 15.99804 15.98859 15.97402 15.9571 15.93268 15.89647 15.85788 15.81458 15.77087 15.72324 15.67796 15.64213 15.61891 15.61143 15.62993 15.66733 15.71418 15.75946 15.80355 15.85237 15.91654 15.99174 16.07796 16.17678 16.28269 16.39607 16.51182 16.62954 16.74489 16.8508 16.95001 17.02993 17.09135 17.14135 17.17599 17.18741 17.18072 17.15552 17.11261 17.05552 16.97875 16.89371 16.79765
15.56103 15.67875 15.78859 15.88465 15.95906 16.02678 16.08229 16.12639 16.15788 16.18229 16.20395 16.22324 16.24017 16.24686 16.25198 16.26064 16.26379 16.26064 16.25316 16.24607 16.23544 16.23229 16.23111 16.22836 16.23032 16.2315 16.22757 16.21733 16.20631 16.18977 16.16261 16.12402 16.0815 16.0378 15.98938 15.93426 15.87796 15.82993 15.79331 15.77402 15.77835 15.81339 15.86339 15.91261 15.95985 16.01379 16.08229 16.16418 16.25434 16.363 16.47914 16.60158 16.72678 16.84883 16.96694 17.07993 17.18111 17.26103 17.31969 17.3634 17.38544 17.38544 17.36103 17.31812 17.25906 17.17796 17.08308 16.96851 16.84725
15.72402 15.8445 15.95434 16.0504 16.12993 16.19883 16.25591 16.29804 16.33308 16.36103 16.38387 16.40001 16.41379 16.42639 16.43229 16.4382 16.44253 16.43977 16.43465 16.42481 16.42166 16.42009 16.42127 16.42521 16.42993 16.43505 16.43544 16.42717 16.41418 16.39647 16.36773 16.32796 16.28426 16.23977 16.18662 16.12796 16.06694 16.00788 15.9571 15.92284 15.91654 15.94332 15.99213 16.04528 16.09804 16.15946 16.23347 16.31733 16.42166 16.53426 16.65867 16.79253 16.9256 17.05355 17.17757 17.29686 17.39568 17.4756 17.53505 17.56851 17.57521 17.55946 17.51615 17.45552 17.37324 17.27088 17.1504 17.013 16.86024
15.85237 15.97402 16.08387 16.17993 16.263 16.33308 16.39017 16.43859 16.47599 16.50552 16.53032 16.54843 16.563 16.57284 16.58229 16.59056 16.59528 16.5941 16.58544 16.57914 16.58032 16.58465 16.58741 16.59568 16.60631 16.61458 16.61576 16.60867 16.59528 16.57678 16.54725 16.50631 16.46143 16.413 16.35867 16.29922 16.23465 16.16654 16.1067 16.05906 16.04016 16.05828 16.10237 16.15867 16.21812 16.28662 16.36694 16.46182 16.5693 16.69095 16.82442 16.96497 17.10788 17.24607 17.37442 17.48899 17.59529 17.67166 17.72639 17.7441 17.73466 17.69883 17.63702 17.55513 17.45434 17.32875 17.18308 17.01812 16.84135
15.94804 16.06694 16.17639 16.27796 16.36182 16.43229 16.49056 16.54292 16.58583 16.61969 16.64371 16.66615 16.6819 16.69371 16.70631 16.71497 16.71851 16.71576 16.71143 16.70985 16.713 16.71654 16.72993 16.74292 16.75473 16.76654 16.7693 16.7634 16.74922 16.72993 16.70119 16.65788 16.61103 16.55946 16.50395 16.44213 16.3756 16.3067 16.23859 16.17914 16.14804 16.15552 16.19883 16.2571 16.32245 16.3941 16.4815 16.58583 16.70198 16.83072 16.97284 17.12166 17.27088 17.41576 17.54686 17.66654 17.76694 17.83859 17.86615 17.86221 17.82993 17.76891 17.68544 17.58426 17.46497 17.3315 17.16458 16.9815 16.77796
16.00552 16.12402 16.23505 16.33505 16.42442 16.49804 16.55946 16.61221 16.65946 16.69686 16.72639 16.74883 16.76733 16.78308 16.79686 16.80709 16.80906 16.80985 16.80985 16.81182 16.81497 16.82639 16.84292 16.85906 16.87521 16.88977 16.8941 16.88859 16.87481 16.85552 16.82481 16.78426 16.73387 16.67954 16.62363 16.55946 16.49292 16.42284 16.34725 16.28032 16.24056 16.24095 16.2815 16.34174 16.40946 16.48741 16.57914 16.68938 16.81379 16.95513 17.10355 17.25906 17.41536 17.56418 17.70276 17.81851 17.90434 17.94371 17.93977 17.89883 17.83229 17.74174 17.63702 17.51733 17.3882 17.2378 17.0756 16.88032 16.66694
16.02127 16.14174 16.25276 16.35473 16.44528 16.52402 16.58977 16.64607 16.69568 16.73859 16.77009 16.79765 16.82245 16.83938 16.85355 16.86497 16.87403 16.87836 16.88111 16.88584 16.89528 16.90906 16.92717 16.94804 16.96773 16.98229 16.98859 16.98347 16.97363 16.95355 16.92363 16.88347 16.83347 16.77835 16.71851 16.65552 16.58544 16.51143 16.43583 16.36261 16.31458 16.31182 16.35001 16.41143 16.48072 16.56221 16.65906 16.77481 16.90946 17.05867 17.21458 17.37796 17.54095 17.69489 17.82914 17.92521 17.97442 17.97521 17.92717 17.84804 17.74292 17.62363 17.49213 17.35552 17.21418 17.063 16.88859 16.69962 16.48032
15.99725 16.11812 16.22993 16.33229 16.42835 16.50946 16.57875 16.64095 16.69686 16.74331 16.77993 16.81261 16.84056 16.86024 16.87954 16.89489 16.90788 16.91615 16.92402 16.9319 16.94489 16.96064 16.9819 17.00591 17.02796 17.04292 17.05158 17.0504 17.03938 17.02245 16.99568 16.95513 16.9067 16.85237 16.79095 16.72442 16.65355 16.57678 16.49804 16.42324 16.37402 16.3693 16.40631 16.46812 16.53977 16.62245 16.72324 16.84528 16.98859 17.14253 17.30828 17.47914 17.64371 17.7945 17.90985 17.97206 17.97993 17.92796 17.8378 17.72324 17.59213 17.4508 17.29804 17.13938 16.97796 16.80906 16.63229 16.44056 16.22875
15.93426 16.05552 16.16536 16.27087 16.36576 16.45276 16.52757 16.59528 16.65788 16.71025 16.75395 16.79292 16.82363 16.84962 16.87324 16.8941 16.91182 16.92442 16.93544 16.94568 16.96103 16.98032 17.00395 17.02993 17.05276 17.07127 17.0819 17.08387 17.07639 17.05946 17.0378 16.99843 16.95001 16.89647 16.83623 16.76733 16.69332 16.61733 16.53741 16.46261 16.41615 16.41379 16.45158 16.51339 16.58583 16.67009 16.77639 16.90473 17.04922 17.21025 17.38111 17.55316 17.71969 17.85867 17.93859 17.95985 17.91733 17.82088 17.69883 17.55985 17.4067 17.2441 17.07206 16.89332 16.70906 16.51772 16.32048 16.12363 15.91812
15.8315 15.95158 16.06261 16.16812 16.26379 16.35552 16.43583 16.50906 16.57796 16.63898 16.69135 16.73505 16.77284 16.80552 16.83308 16.85906 16.88347 16.90158 16.91418 16.92875 16.9445 16.96654 16.99135 17.01772 17.0445 17.06812 17.0815 17.08623 17.0819 17.0693 17.04528 17.01064 16.96536 16.91143 16.85158 16.78347 16.70906 16.6319 16.55473 16.4819 16.44017 16.44332 16.48584 16.54646 16.61891 16.7067 16.81576 16.94607 17.09371 17.25828 17.43072 17.60237 17.76182 17.87639 17.92166 17.8941 17.80631 17.68229 17.53387 17.37048 17.19922 17.01379 16.81733 16.61969 16.41497 16.1945 15.97914 15.76694 15.55828
15.68741 15.80867 15.91969 16.02599 16.13032 16.22166 16.3067 16.38662 16.463 16.5315 16.58859 16.63977 16.6882 16.72678 16.76103 16.79332 16.82206 16.84725 16.86654 16.88111 16.90001 16.92166 16.94646 16.97442 17.00513 17.03347 17.05198 17.05906 17.05749 17.04804 17.02599 16.99253 16.94962 16.89843 16.84056 16.77284 16.7008 16.62402 16.54568 16.4815 16.45001 16.46143 16.50631 16.56615 16.6382 16.72757 16.83702 16.96851 17.11851 17.28308 17.45355 17.62245 17.76733 17.85355 17.85828 17.78623 17.66654 17.51615 17.34686 17.16339 16.96615 16.75985 16.54568 16.32048 16.08702 15.85513 15.61851 15.38583 15.16103
15.50513 15.62717 15.74017 15.84686 15.9571 16.0567 16.14607 16.23032 16.31064 16.38505 16.4504 16.51143 16.56458 16.61143 16.65631 16.69686 16.7315 16.763 16.78938 16.80906 16.82993 16.85237 16.87481 16.90434 16.9382 16.96851 16.99135 17.00316 17.00395 16.99568 16.97914 16.94843 16.90631 16.85867 16.80316 16.7378 16.66654 16.59174 16.51891 16.46497 16.44607 16.46851 16.51261 16.57245 16.64292 16.73111 16.84174 16.97284 17.12127 17.28032 17.44843 17.60867 17.73623 17.79017 17.75316 17.64528 17.5004 17.32363 17.13426 16.93269 16.71457 16.48623 16.2508 16.00355 15.75237 15.49646 15.24331 14.99213 14.74528
15.28583 15.40749 15.52245 15.63426 15.74489 15.8508 15.94607 16.03387 16.11969 16.2004 16.2756 16.34213 16.40434 16.46339 16.51694 16.56339 16.60946 16.6504 16.68347 16.71025 16.73544 16.75749 16.7819 16.80985 16.84253 16.87442 16.9004 16.91458 16.92009 16.91694 16.90473 16.87639 16.8378 16.79371 16.74017 16.67835 16.60828 16.53859 16.47914 16.4378 16.43505 16.463 16.5067 16.56339 16.6319 16.71969 16.82836 16.9571 17.09962 17.25591 17.41103 17.56064 17.66694 17.69095 17.62009 17.48072 17.30749 17.11418 16.90513 16.68072 16.44371 16.19843 15.93583 15.67166 15.40473 15.12757 14.85394 14.58741 14.31969
15.0319 15.15316 15.2693 15.38426 15.4941 15.60119 15.70119 15.79646 15.8882 15.97639 16.05709 16.13623 16.20985 16.27796 16.34253 16.40001 16.45434 16.50473 16.54843 16.58387 16.61339 16.64213 16.66891 16.69292 16.71969 16.7508 16.77835 16.79725 16.80788 16.80946 16.79922 16.77678 16.74371 16.70198 16.65237 16.5941 16.52993 16.47324 16.42796 16.40906 16.41694 16.44489 16.4882 16.5378 16.60434 16.69253 16.79765 16.91851 17.0567 17.19922 17.34765 17.47639 17.563 17.55906 17.45946 17.29528 17.10434 16.88938 16.66103 16.41497 16.1567 15.8882 15.61339 15.32717 15.03662 14.75158 14.45985 14.16772 13.89489
14.75198 14.86969 14.98308 15.09568 15.21064 15.31694 15.41851 15.51772 15.61615 15.71064 15.80473 15.8941 15.97717 16.05749 16.13505 16.20591 16.27048 16.3319 16.38505 16.42796 16.46654 16.50473 16.53111 16.55434 16.58111 16.60749 16.63229 16.65434 16.67088 16.67442 16.67088 16.65237 16.62127 16.58347 16.54017 16.48899 16.44056 16.39922 16.37639 16.37206 16.3878 16.41339 16.45198 16.49922 16.56339 16.64489 16.7445 16.86024 16.98505 17.11891 17.24804 17.35985 17.42284 17.39961 17.27521 17.09607 16.88229 16.65198 16.39686 16.13505 15.8567 15.56654 15.27127 14.96654 14.66261 14.36339 14.05788 13.75552 13.47363
14.44646 14.55709 14.67166 14.78505 14.89764 15.0067 15.11261 15.21576 15.31772 15.4193 15.51969 15.61812 15.71379 15.80709 15.89607 15.97835 16.05591 16.12599 16.18977 16.24371 16.29214 16.33544 16.37245 16.40079 16.42639 16.4508 16.4752 16.49686 16.51143 16.52127 16.5193 16.50513 16.47914 16.44883 16.41418 16.37639 16.3445 16.32678 16.31851 16.32363 16.33938 16.36576 16.39686 16.44371 16.50316 16.57914 16.67048 16.77442 16.88662 17.00395 17.11379 17.20631 17.25001 17.20828 17.07245 16.8693 16.64686 16.38938 16.1256 15.84056 15.54331 15.23347 14.91969 14.60591 14.28898 13.96457 13.65788 13.35709 13.05513
14.11851 14.22757 14.34017 14.45276 14.56379 14.67639 14.78898 14.89607 15.00198 15.10709 15.21182 15.31536 15.4193 15.52442 15.6256 15.72206 15.80749 15.8878 15.96064 16.0256 16.08544 16.14253 16.19095 16.22954 16.25906 16.28662 16.31143 16.33269 16.34686 16.35355 16.35591 16.34725 16.33032 16.30867 16.2882 16.26812 16.25276 16.24686 16.24922 16.25552 16.26969 16.29253 16.32324 16.36576 16.42206 16.48938 16.57009 16.65867 16.75906 16.85788 16.94528 17.01536 17.04095 16.98702 16.8441 16.63111 16.3815 16.11773 15.82954 15.53032 15.21497 14.8945 14.56654 14.23741 13.9067 13.5756 13.25946 12.9504 12.64607
13.77245 13.87875 13.98583 14.09725 14.21221 14.32717 14.44135 14.55355 14.66339 14.77166 14.87993 14.98977 15.10276 15.21497 15.32639 15.43072 15.53032 15.62127 15.70395 15.77914 15.85119 15.92009 15.98269 16.03269 16.0752 16.11182 16.14056 16.16261 16.17717 16.19017 16.19568 16.19292 16.18583 16.17599 16.16772 16.16143 16.15788 16.15709 16.15985 16.16536 16.17521 16.19646 16.22678 16.26418 16.31221 16.37324 16.44135 16.52048 16.59962 16.67757 16.74371 16.78859 16.79765 16.73662 16.59292 16.37521 16.113 15.82127 15.52639 15.21103 14.88347 14.54765 14.20867 13.87048 13.53229 13.20355 12.86654 12.55237 12.23111
13.39883 13.50237 13.61064 13.72087 13.83623 13.95276 14.07048 14.1878 14.30276 14.41536 14.52875 14.64725 14.76418 14.88347 15.00158 15.11694 15.22717 15.32796 15.42166 15.51103 15.5941 15.67442 15.74607 15.80828 15.86536 15.91182 15.9508 15.98111 16.00473 16.02127 16.03426 16.04095 16.04332 16.04332 16.04292 16.04253 16.04568 16.04922 16.04725 16.0508 16.06221 16.07993 16.10591 16.13898 16.17914 16.22914 16.28898 16.35237 16.41576 16.46615 16.51143 16.53032 16.52048 16.45552 16.31536 16.10158 15.8256 15.52914 15.213 14.88426 14.54765 14.20434 13.85827 13.51103 13.16576 12.82717 12.49843 12.16142 11.81182
12.99804 13.10001 13.20867 13.32009 13.43505 13.55552 13.67835 13.8004 13.92048 14.04016 14.163 14.28859 14.41457 14.53505 14.65906 14.78387 14.90276 15.01418 15.12127 15.22284 15.31772 15.40591 15.48584 15.55828 15.62363 15.68229 15.73426 15.77678 15.80906 15.83623 15.85788 15.87402 15.88505 15.89332 15.89843 15.90394 15.90828 15.91221 15.91221 15.91615 15.92678 15.94371 15.96576 15.99253 16.02402 16.06497 16.11064 16.15906 16.20119 16.23347 16.24647 16.24253 16.21143 16.14017 16.00434 15.79568 15.5315 15.22284 14.89568 14.56103 14.21812 13.86812 13.51615 13.16339 12.81497 12.47324 12.13111 11.76536 11.43386
