ASPA-UH-SWB2_REPO/input/Gridded_rain/prism_ppt_tutuila_30yr_normal_09.asc
ncols         350
nrows         200
xllcorner     515000
yllcorner     8409000
cellsize      100
NODATA_value  -9999
[rows 62 to 92 of 200, columns 207 to 275 of 350]
11.32048 11.38505 11.46024 11.53544 11.61575 11.69567 11.76812 11.8441 11.91693 11.9878 12.05276 12.10946 12.15985 12.20946 12.25276 12.2882 12.31851 12.33977 12.35158 12.35749 12.36142 12.35749 12.3441 12.32048 12.28859 12.25158 12.20434 12.14528 12.07166 11.98583 11.88859 11.78229 11.66536 11.53268 11.39095 11.23268 11.06142 10.89174 10.71615 10.52914 10.33189 10.13426 9.933076 9.738981 9.54213 9.342131 9.147642 8.95906 8.777957 8.601973 8.432288 8.276382 8.132681 7.986618 7.848429 7.71339 7.58898 7.475988 7.370082 7.271657 7.184256 7.100398 7.021657 6.950791 6.883468 6.821263 6.76024 6.695673 6.627169
11.12284 11.20001 11.28662 11.38032 11.47363 11.56497 11.65749 11.74686 11.83583 11.91615 11.99922 12.07363 12.13741 12.19725 12.25552 12.30552 12.34253 12.37284 12.39489 12.41142 12.42166 12.42127 12.41064 12.3882 12.35867 12.32127 12.27323 12.21024 12.13465 12.04646 11.94725 11.83544 11.70827 11.57166 11.4189 11.25906 11.08583 10.90434 10.71969 10.52717 10.32953 10.1256 9.916934 9.71339 9.508272 9.307092 9.107485 8.911816 8.725988 8.546461 8.376776 8.220477 8.073233 7.927169 7.786224 7.654335 7.530319 7.416539 7.311815 7.215358 7.128744 7.049216 6.975201 6.905515 6.843311 6.78583 6.727169 6.663783 6.600791
10.90079 10.99213 11.09095 11.19567 11.30276 11.40867 11.5189 11.6256 11.72245 11.82166 11.91575 12.00591 12.08662 12.15906 12.22796 12.28898 12.33583 12.37481 12.40906 12.43308 12.44764 12.45512 12.44489 12.42599 12.39725 12.35867 12.3067 12.24174 12.16418 12.0752 11.97284 11.85394 11.72166 11.57599 11.42323 11.25001 11.07442 10.88898 10.69646 10.49686 10.29174 10.0815 9.876777 9.664572 9.454335 9.24528 9.042918 8.844887 8.651973 8.473232 8.307091 8.146068 7.995673 7.854728 7.712603 7.576776 7.453941 7.343705 7.242917 7.145673 7.05709 6.984649 6.915751 6.84961 6.790948 6.737799 6.681106 6.624019 6.561421
10.66418 10.76693 10.87363 10.98741 11.10985 11.23229 11.35394 11.47284 11.59016 11.69882 11.80985 11.91103 12.00631 12.09292 12.17166 12.24253 12.30119 12.34686 12.38977 12.42245 12.4441 12.45355 12.44804 12.42835 12.40079 12.36142 12.30709 12.24016 12.16024 12.06536 11.95906 11.83741 11.70079 11.55079 11.3882 11.21575 11.03308 10.84528 10.64528 10.43938 10.22875 10.01654 9.803942 9.59095 9.377171 9.163784 8.956304 8.75591 8.563784 8.382288 8.216146 8.058271 7.909453 7.759847 7.619689 7.489374 7.368114 7.257484 7.156697 7.063783 6.979531 6.906696 6.842523 6.780712 6.729925 6.67835 6.627563 6.5752 6.517326
10.4193 10.5256 10.64174 10.76575 10.89725 11.03268 11.16772 11.30158 11.43071 11.55552 11.67717 11.79568 11.89961 11.99804 12.0878 12.16536 12.23662 12.2941 12.34174 12.38072 12.40867 12.41812 12.41536 12.39843 12.3693 12.33268 12.27796 12.20867 12.12127 12.02166 11.91339 11.78662 11.64607 11.48938 11.32166 11.14371 10.95985 10.76654 10.56418 10.35237 10.1378 9.924809 9.706697 9.492131 9.275202 9.062997 8.852366 8.650004 8.45906 8.279139 8.11024 7.953154 7.79961 7.65276 7.512996 7.384649 7.266933 7.159452 7.060634 6.971263 6.888586 6.820476 6.760633 6.707484 6.657484 6.611814 6.565752 6.518507 6.469295
10.16142 10.27599 10.40079 10.53504 10.67323 10.81654 10.96575 11.11142 11.25119 11.38938 11.52363 11.65119 11.76694 11.87205 11.97166 12.063 12.14292 12.20827 12.2626 12.30552 12.33662 12.35001 12.34686 12.3319 12.30709 12.26851 12.21575 12.14253 12.05197 11.94686 11.83072 11.70276 11.55867 11.39804 11.22323 11.04095 10.85316 10.65788 10.45158 10.23819 10.02127 9.803942 9.584651 9.368902 9.150792 8.937799 8.728745 8.527957 8.338193 8.159453 7.990555 7.829138 7.675201 7.529138 7.395279 7.268114 7.152366 7.050397 6.955515 6.874019 6.793705 6.730712 6.675594 6.625988 6.581106 6.540161 6.500791 6.457484 6.411421
9.899218 10.02127 10.15237 10.29174 10.43898 10.59174 10.74843 10.90434 11.05237 11.20119 11.34686 11.4815 11.6067 11.72087 11.82914 11.93229 12.01851 12.09134 12.15079 12.19725 12.22993 12.24883 12.24883 12.23465 12.20985 12.16851 12.11339 12.04095 11.94764 11.83977 11.71812 11.58583 11.44016 11.27599 11.09922 10.913 10.72245 10.52245 10.31418 10.09922 9.88032 9.660635 9.440163 9.221659 9.006698 8.792918 8.586225 8.389768 8.202367 8.024413 7.853941 7.694886 7.543705 7.398429 7.267326 7.144886 7.032287 6.932287 6.853547 6.783074 6.704334 6.643311 6.58583 6.540948 6.500791 6.465358 6.431499 6.393311 6.351578
9.634257 9.761816 9.899218 10.04213 10.19607 10.35552 10.51812 10.68032 10.83938 10.99292 11.14961 11.29292 11.42599 11.5504 11.66654 11.77245 11.86615 11.94253 12.00749 12.05827 12.09371 12.11457 12.12008 12.10788 12.07993 12.03583 11.97953 11.90237 11.80827 11.69961 11.57796 11.44134 11.29095 11.1256 10.94725 10.76142 10.56693 10.36457 10.15276 9.937013 9.718903 9.49843 9.277958 9.059847 8.845674 8.63465 8.431107 8.237406 8.053941 7.87717 7.709059 7.551579 7.407484 7.268507 7.13583 7.016539 6.909846 6.829137 6.768901 -9999 6.625988 6.55709 6.501578 6.449216 6.416145 6.387011 6.356696 6.325594 6.290161
9.368115 9.500793 9.640556 9.790556 9.947643 10.11024 10.27756 10.44528 10.61024 10.77481 10.93465 11.0878 11.23032 11.36103 11.47993 11.59016 11.68898 11.76772 11.83544 11.88898 11.92796 11.94922 11.95591 11.94764 11.9193 11.87442 11.80945 11.73386 11.63859 11.52875 11.40512 11.2693 11.11615 10.94646 10.76772 10.57993 10.38741 10.18229 9.968903 9.754335 9.538981 9.320084 9.100398 8.885044 8.673627 8.466539 8.267327 8.076776 7.894886 7.722445 7.559059 7.409452 7.268114 7.133075 7.003547 6.887405 6.801185 6.753153 -9999 -9999 -9999 -9999 6.413783 6.366932 6.334255 6.304728 6.281106 6.256302 6.225987
9.108273 9.239769 9.385044 9.537407 9.696068 9.860241 10.0315 10.20119 10.36969 10.54134 10.7067 10.86457 11.01379 11.15001 11.27442 11.38465 11.48701 11.57008 11.63859 11.69489 11.73308 11.75316 11.76024 11.75473 11.72717 11.6819 11.6189 11.53623 11.44056 11.32835 11.2063 11.06575 10.91221 10.74253 10.56142 10.37638 10.18268 9.977958 9.768115 9.555517 9.341737 9.125595 8.909847 8.696461 8.48898 8.288587 8.091343 7.907091 7.7315 7.561421 7.40591 7.262602 7.144098 7.008665 6.883468 6.779137 6.718507 -9999 -9999 -9999 -9999 -9999 -9999 6.298429 6.257483 6.224019 6.204334 6.183074 6.160633
8.846461 8.986225 9.131894 9.288194 9.447249 9.611816 9.778746 9.953155 10.1252 10.29725 10.46693 10.62638 10.77796 10.91851 11.04686 11.16182 11.26142 11.34882 11.42087 11.4752 11.513 11.5319 11.53819 11.53032 11.50827 11.46694 11.40158 11.31772 11.21615 11.10552 10.97993 10.84056 10.68623 10.51654 10.33544 10.15237 9.959454 9.758273 9.552761 9.343312 9.131501 8.919689 8.707878 8.496855 8.294887 8.101973 7.911028 7.729925 7.559059 7.398036 7.249217 7.149216 7.040161 6.915751 6.795673 6.711027 6.669689 -9999 -9999 -9999 -9999 -9999 -9999 -9999 -9999 6.139373 6.125594 6.112995 6.096854
8.601973 8.735437 8.88347 9.037012 9.19843 9.361029 9.53032 9.701186 9.875596 10.04922 10.21418 10.37363 10.52835 10.67323 10.79882 10.91615 11.01693 11.10473 11.17796 11.23662 11.27048 11.28938 11.29331 11.28505 11.26615 11.22245 11.15985 11.07717 10.97441 10.85631 10.73268 10.59804 10.44331 10.27008 10.09331 9.911423 9.721265 9.52717 9.32402 9.116934 8.910241 8.704335 8.498429 8.296461 8.097248 7.908272 7.727563 7.550791 7.383862 7.233862 7.148823 7.075201 -9999 -9999 -9999 -9999 -9999 -9999 -9999 -9999 -9999 -9999 -9999 -9999 -9999 6.048429 6.047641 6.039373 6.030712
8.361422 8.498429 8.640162 8.793705 8.953547 9.11654 9.282681 9.455517 9.627957 9.793706 9.959454 10.11693 10.26654 10.4063 10.53386 10.64882 10.7563 10.84489 10.91693 10.97127 11.01064 11.02875 11.03229 11.02127 10.99449 10.9563 10.89449 10.80827 10.7067 10.59213 10.46733 10.33189 10.17796 10.00945 9.838194 9.658667 9.473233 9.279139 9.081895 8.882682 8.681894 8.484257 8.282288 8.086225 7.896461 7.712996 7.537012 7.37087 7.214571 7.098823 7.044098 -9999 -9999 -9999 -9999 -9999 -9999 -9999 -9999 -9999 -9999 -9999 -9999 -9999 5.94331 5.968507 5.971263 5.969295 5.964964
8.138587 8.270476 8.41024 8.55591 8.711816 8.874414 9.039768 9.208666 9.376777 9.541738 9.697642 9.853155 9.999612 10.13386 10.25749 10.37323 10.47953 10.5689 10.64331 10.69607 10.73347 10.75079 10.75079 10.74174 10.713 10.67048 10.60827 10.52284 10.42402 10.31221 10.19056 10.05394 9.903548 9.741737 9.570084 9.400398 9.220477 9.031107 8.838194 8.642918 8.450791 8.257091 8.066146 7.873626 7.689768 7.515358 7.351185 7.19213 7.057484 6.980319 -9999 -9999 -9999 -9999 -9999 -9999 -9999 -9999 -9999 -9999 -9999 -9999 -9999 5.866145 5.881499 5.893704 5.896066 5.900397 5.902365
7.925988 8.05276 8.185831 8.327169 8.479925 8.638193 8.799611 8.964572 9.126777 9.287406 9.442525 9.589375 9.732682 9.861029 9.98032 10.09213 10.19489 10.28426 10.35434 10.40591 10.43898 10.45709 10.45906 10.44489 10.41615 10.37087 10.30867 10.22835 10.13111 10.02205 9.903548 9.770871 9.622052 9.464572 9.303154 9.139375 8.964965 8.781107 8.594887 8.404335 8.215359 8.0315 7.848429 7.661815 7.48465 7.322445 7.164964 7.024019 6.930318 6.884649 -9999 -9999 -9999 -9999 -9999 -9999 -9999 -9999 -9999 -9999 -9999 -9999 5.793704 5.80709 5.819688 5.82205 5.827562 5.833074 5.839373
7.723626 7.843311 7.969296 8.106303 8.253154 8.404335 8.561028 8.722839 8.879926 9.033075 9.185044 9.329926 9.466146 9.592525 9.704729 9.807879 9.907092 9.988981 10.05315 10.10434 10.13662 10.15394 10.15788 10.13977 10.11221 10.06812 10.00434 9.925989 9.829926 9.725595 9.609847 9.479138 9.334257 9.182682 9.029532 8.870871 8.703941 8.527957 8.345674 8.163784 7.986225 7.809059 7.630319 7.453154 7.29213 7.133075 6.99213 6.899216 6.84961 -9999 -9999 -9999 -9999 -9999 -9999 -9999 -9999 -9999 -9999 -9999 -9999 5.767719 5.755121 5.748428 5.747641 5.754727 5.762601 5.773625 5.784648
7.529138 7.642917 7.762209 7.892918 8.031894 8.179138 8.328745 8.479532 8.636225 8.783863 8.926776 9.066934 9.200792 9.321264 9.426383 9.52599 9.615359 9.690949 9.75158 9.797643 9.830713 9.848824 9.849217 9.835045 9.803942 9.758666 9.697642 9.618115 9.526776 9.424808 9.309847 9.183469 9.046067 8.899218 8.751579 8.597248 8.438193 8.270083 8.09843 7.927169 7.756697 7.589767 7.421264 7.257878 7.099216 6.956697 6.862208 6.816145 -9999 -9999 -9999 -9999 -9999 -9999 -9999 -9999 -9999 -9999 -9999 -9999 -9999 -9999 5.724806 5.69331 5.683861 5.69016 5.70394 5.71772 5.730711
7.347641 7.451972 7.567327 7.690161 7.823232 7.961028 8.101973 8.246855 8.39213 8.534256 8.670083 8.804336 8.932682 9.044887 9.14843 9.242918 9.325202 9.394887 9.452367 9.494886 9.527564 9.541344 9.540556 9.526776 9.492131 9.446856 9.386226 9.309847 9.222052 9.120477 9.00906 8.8878 8.757092 8.619296 8.475595 8.326776 8.172051 8.013783 7.853154 7.692523 7.533075 7.373626 7.217327 7.064177 6.917326 6.824413 6.776775 6.757877 -9999 -9999 -9999 -9999 -9999 -9999 -9999 -9999 -9999 -9999 -9999 -9999 -9999 -9999 -9999 5.654334 5.635829 5.635042 5.647641 5.662601 5.681105
7.179925 7.275988 7.383862 7.500004 7.625595 7.754335 7.885437 8.02087 8.155516 8.2878 8.419689 8.545673 8.665359 8.773232 8.870477 8.957879 9.037012 9.105123 9.155517 9.19528 9.222445 9.235831 9.233075 9.214572 9.179138 9.13347 9.073627 9.000792 8.914178 8.817327 8.712209 8.594493 8.470477 8.343311 8.204335 8.061421 7.915359 7.766933 7.615358 7.462602 7.313783 7.166539 7.01772 6.874413 6.788192 6.735436 -9999 -9999 -9999 -9999 -9999 -9999 -9999 -9999 -9999 -9999 -9999 -9999 -9999 -9999 -9999 -9999 -9999 -9999 -9999 5.592916 5.597641 5.612995 5.633468
7.02087 7.109846 7.209846 7.319689 7.434256 7.553941 7.675201 7.800791 7.927169 8.053154 8.174808 8.292917 8.406303 8.506698 8.595674 8.677958 8.753154 8.811421 8.861422 8.896855 8.920477 8.930714 8.925595 8.901579 8.86969 8.822839 8.765753 8.69528 8.61339 8.522052 8.420083 8.311028 8.19528 8.072051 7.942917 7.807484 7.66772 7.527169 7.396067 7.252759 7.100398 6.963389 6.829137 6.74646 6.69213 -9999 -9999 -9999 -9999 -9999 -9999 -9999 -9999 -9999 -9999 -9999 -9999 -9999 -9999 -9999 -9999 -9999 -9999 -9999 -9999 -9999 5.560633 5.571656 5.591341
6.874807 6.953153 7.044886 7.144492 7.249217 7.359846 7.473626 7.588587 7.708272 7.826382 7.937799 8.04961 8.153153 8.243705 8.327169 8.404729 8.471264 8.527563 8.568114 8.603548 8.624413 8.631106 8.622051 8.60158 8.56654 8.523232 8.465359 8.401579 8.324807 8.236618 8.140949 8.03898 7.929138 7.812209 7.688193 7.561028 7.437012 7.331106 7.211421 7.067327 6.922051 6.789373 6.69961 6.641736 -9999 -9999 -9999 -9999 -9999 -9999 -9999 -9999 -9999 -9999 -9999 -9999 -9999 -9999 -9999 -9999 -9999 -9999 -9999 -9999 -9999 -9999 5.538192 5.54331 5.556696
6.740161 6.813389 6.893704 6.979925 7.073626 7.176775 7.283074 7.390949 7.499217 7.605909 7.710634 7.811815 7.904728 7.989768 8.068114 8.138193 8.201185 8.248429 8.286618 8.315358 8.336225 8.340555 8.330319 8.306697 8.27402 8.230319 8.183469 8.119295 8.043705 7.959453 7.872838 7.775201 7.671264 7.558271 7.444492 7.329531 7.269295 7.191736 7.120476 6.890555 6.775988 6.682681 6.605122 -9999 -9999 -9999 -9999 -9999 -9999 -9999 -9999 -9999 -9999 -9999 -9999 -9999 -9999 -9999 -9999 -9999 -9999 -9999 -9999 -9999 -9999 -9999 -9999 5.5252 5.536223
6.622051 6.682287 6.753941 6.8315 6.91457 7.003547 7.101185 7.201185 7.29961 7.396854 7.491343 7.581106 7.666933 7.746854 7.817327 7.881106 7.936224 7.980713 8.012997 8.039768 8.053548 8.057485 8.046855 8.027563 7.991736 7.953154 7.906303 7.847642 7.774414 7.694492 7.609453 7.52087 7.419295 7.318114 7.208272 7.183074 7.146067 -9999 -9999 -9999 -9999 -9999 -9999 -9999 -9999 -9999 -9999 -9999 -9999 -9999 -9999 -9999 -9999 -9999 -9999 -9999 -9999 -9999 -9999 -9999 -9999 -9999 -9999 -9999 -9999 -9999 -9999 -9999 5.524412
6.511421 6.561814 6.621263 6.686617 6.76024 6.841342 6.927563 7.020476 7.106303 7.194098 7.280713 7.364964 7.44213 7.509453 7.574413 7.63465 7.685043 7.721657 7.753154 7.769689 7.783075 7.784256 7.776382 7.753547 7.724413 7.687406 7.640949 7.585043 7.518901 7.441736 7.361027 7.276775 7.187405 7.087799 7.070476 7.033468 -9999 -9999 -9999 -9999 -9999 -9999 -9999 -9999 -9999 -9999 -9999 -9999 -9999 -9999 -9999 -9999 -9999 -9999 -9999 -9999 -9999 -9999 -9999 -9999 -9999 -9999 -9999 -9999 -9999 -9999 -9999 -9999 -9999
6.408271 6.44646 6.494885 6.550791 6.614177 6.684649 6.762996 6.843704 6.925594 7.001184 7.078744 7.155516 7.225594 7.286618 7.344492 7.398429 7.441342 7.479531 7.502366 7.520082 7.525594 7.526382 7.516146 7.497642 7.470083 7.433074 7.387405 7.338193 7.273232 7.203153 7.129138 7.049216 6.970476 6.953153 6.926775 -9999 -9999 -9999 -9999 -9999 -9999 -9999 -9999 -9999 -9999 -9999 -9999 -9999 -9999 -9999 -9999 -9999 -9999 -9999 -9999 -9999 -9999 -9999 -9999 -9999 -9999 -9999 -9999 -9999 -9999 -9999 -9999 -9999 -9999
6.312995 6.340161 6.37835 6.427562 6.480712 6.543311 6.611814 6.683862 6.751184 6.822051 6.890161 6.956697 7.019295 7.076775 7.129925 7.177169 7.216933 7.248035 7.268901 7.2815 7.28583 7.280713 7.271264 7.255909 7.226382 7.189767 7.148035 7.100791 7.046067 6.980319 6.911027 6.844885 6.825594 6.822051 -9999 -9999 -9999 -9999 -9999 -9999 -9999 -9999 -9999 -9999 -9999 -9999 -9999 -9999 -9999 -9999 -9999 -9999 -9999 -9999 -9999 -9999 -9999 -9999 -9999 -9999 -9999 -9999 -9999 -9999 -9999 -9999 -9999 -9999 -9999
6.223625 6.244885 6.275594 6.316539 6.363389 6.415751 6.4752 6.536224 6.595673 6.651185 6.709059 6.770476 6.825988 6.877169 6.926382 6.970476 7.004728 7.031106 7.04646 7.055909 7.056696 7.051185 7.04213 7.026381 6.998035 6.963783 6.926775 6.887799 6.837799 6.781499 6.721657 6.699216 6.70709 -9999 -9999 -9999 -9999 -9999 -9999 -9999 -9999 -9999 -9999 -9999 -9999 -9999 -9999 -9999 -9999 -9999 -9999 -9999 -9999 -9999 -9999 -9999 -9999 -9999 -9999 -9999 -9999 -9999 -9999 -9999 -9999 -9999 -9999 -9999 -9999
6.144098 6.155515 6.179924 6.214964 6.255908 6.298429 6.344491 6.399216 6.449216 6.496066 6.543704 6.59646 6.644886 6.691736 6.73583 6.773625 6.805515 6.831893 6.836617 6.843311 6.844491 6.838192 6.832287 6.820869 6.798822 6.755909 6.738193 6.722838 6.681106 6.631499 6.596066 6.594098 -9999 -9999 -9999 -9999 -9999 -9999 -9999 -9999 -9999 -9999 -9999 -9999 -9999 -9999 -9999 -9999 -9999 -9999 -9999 -9999 -9999 -9999 -9999 -9999 -9999 -9999 -9999 -9999 -9999 -9999 -9999 -9999 -9999 -9999 -9999 -9999 -9999
6.070869 6.077562 6.094885 6.120476 6.151184 6.186224 6.227956 6.271263 6.312208 6.354728 6.399216 6.441342 6.482287 6.521657 6.557484 6.591736 6.633074 6.666145 6.659846 6.653547 6.659452 6.659059 6.667326 6.668114 6.639373 6.601972 6.605515 6.637405 6.60709 6.566145 6.535043 -9999 -9999 -9999 -9999 -9999 -9999 -9999 -9999 -9999 -9999 -9999 -9999 -9999 -9999 -9999 -9999 -9999 -9999 -9999 -9999 -9999 -9999 -9999 -9999 -9999 -9999 -9999 -9999 -9999 -9999 -9999 -9999 -9999 -9999 -9999 -9999 -9999 -9999
6.012995 6.013389 6.0252 6.042129 6.059058 6.083074 6.115751 6.153153 6.198822 6.23583 6.2752 6.312602 6.341342 6.373231 6.405121 6.441342 6.492917 -9999 6.520082 6.511815 6.523625 6.537011 -9999 -9999 -9999 6.511027 -9999 -9999 -9999 -9999 -9999 -9999 -9999 -9999 -9999 -9999 -9999 -9999 -9999 -9999 -9999 -9999 -9999 -9999 -9999 -9999 -9999 -9999 -9999 -9999 -9999 -9999 -9999 -9999 -9999 -9999 -9999 -9999 -9999 -9999 -9999 -9999 -9999 -9999 -9999 -9999 -9999 -9999 -9999
5.969295 5.970082 5.974806 5.981105 5.987011 5.999609 6.023625 6.055515 6.105121 6.150791 6.184649 6.215357 6.233861 6.257877 6.298035 6.332287 -9999 -9999 -9999 6.429137 -9999 -9999 -9999 -9999 -9999 -9999 -9999 -9999 -9999 -9999 -9999 -9999 -9999 -9999 -9999 -9999 -9999 -9999 -9999 -9999 -9999 -9999 -9999 -9999 -9999 -9999 -9999 -9999 -9999 -9999 -9999 -9999 -9999 -9999 -9999 -9999 -9999 -9999 -9999 -9999 -9999 -9999 -9999 -9999 -9999 -9999 -9999 -9999 -9999
