ASPA-UH-SWB2_REPO/input/Gridded_rain/prism_ppt_tutuila_30yr_normal_05.asc
ncols         350
nrows         200
xllcorner     515000
yllcorner     8409000
cellsize      100
NODATA_value  -9999
[rows 124 to 154 of 200, columns 69 to 137 of 350]
14.45709 14.55079 14.65158 14.75867 14.87127 14.98977 15.113 15.23741 15.36339 15.49174 15.62442 15.76064 15.90119 16.03898 16.17402 16.31497 16.45591 16.59135 16.7193 16.84568 16.96418 17.07166 17.17048 17.26221 17.3441 17.41969 17.48584 17.54017 17.58072 17.61064 17.62954 17.63505 17.62954 17.61182 17.58032 17.53859 17.48387 17.41576 17.3378 17.24765 17.14804 17.0441 16.93151 16.80788 16.67481 16.53229 16.38505 16.22757 16.06182 15.88465 15.69765 15.50788 15.31103 15.10828 14.89764 14.67796 14.45158 14.22087 14.0004 13.78741 13.57599 13.37402 13.17875 12.98583 12.80512 12.63386 12.47481 12.32402 12.18465
13.97009 14.06536 14.16694 14.27481 14.39017 14.51221 14.63898 14.76969 14.90276 15.03741 15.17678 15.32009 15.46457 15.60631 15.7504 15.89292 16.03938 16.18151 16.31772 16.45276 16.58032 16.69489 16.79962 16.89528 16.98387 17.06458 17.13702 17.20001 17.24883 17.28505 17.31025 17.32678 17.32914 17.31812 17.29371 17.25513 17.20828 17.14804 17.07442 16.99095 16.89883 16.8004 16.69213 16.57206 16.43898 16.29528 16.14292 15.98465 15.81615 15.6382 15.45237 15.263 15.06772 14.86339 14.65434 14.43898 14.21418 13.99174 13.77678 13.56575 13.36221 13.16418 12.9693 12.78229 12.60355 12.43662 12.27953 12.13386 11.9941
13.46615 13.56497 13.67087 13.78426 13.90316 14.02835 14.15788 14.2941 14.43268 14.57245 14.71576 14.86497 15.01143 15.15788 15.30513 15.4567 15.60394 15.75158 15.89725 16.0378 16.17206 16.29961 16.41261 16.51576 16.60828 16.69371 16.77442 16.84371 16.89922 16.9441 16.97678 16.99843 17.00788 17.00276 16.98544 16.95513 16.91497 16.86497 16.79843 16.72245 16.63662 16.54095 16.43505 16.31772 16.18505 16.03938 15.88741 15.72757 15.56064 15.38426 15.20316 15.013 14.81851 14.61576 14.40906 14.19843 13.97796 13.76575 13.55591 13.35158 13.15276 12.95749 12.76812 12.58426 12.41103 12.25158 12.1004 11.95749 11.81851
12.95237 13.05591 13.16536 13.28505 13.41024 13.5378 13.6689 13.80906 13.95394 14.10198 14.25119 14.40276 14.55552 14.70355 14.85276 15.00552 15.15828 15.30591 15.4567 15.60198 15.74253 15.87678 16.00473 16.11576 16.21536 16.30749 16.39607 16.47245 16.53465 16.5878 16.62836 16.65473 16.66851 16.67088 16.65906 16.64017 16.60946 16.563 16.5067 16.43583 16.35434 16.26143 16.1567 16.04016 15.90867 15.76654 15.61733 15.46142 15.29725 15.12442 14.94607 14.76103 14.56733 14.36733 14.16536 13.95867 13.75079 13.54016 13.33859 13.14292 12.94922 12.75946 12.57717 12.39804 12.23071 12.08111 11.93623 11.79568 11.65749
12.44174 12.54883 12.65985 12.78111 12.90946 13.04016 13.17481 13.31575 13.46772 13.62402 13.78229 13.94331 14.09843 14.25198 14.40079 14.55237 14.70709 14.85631 15.00198 15.15119 15.29253 15.43229 15.56851 15.69095 15.79725 15.89725 15.99174 16.07757 16.14843 16.20591 16.2571 16.29016 16.31339 16.32088 16.31851 16.3067 16.2819 16.24331 16.19056 16.12521 16.04528 15.9571 15.85788 15.74135 15.61418 15.47993 15.33938 15.18662 15.02678 14.86221 14.68544 14.50513 14.31654 14.12402 13.92678 13.72953 13.52914 13.32402 13.12678 12.93938 12.75552 12.57284 12.39568 12.2256 12.06694 11.91812 11.78032 11.64253 11.50473
11.95591 12.05552 12.16497 12.28465 12.41379 12.55001 12.68859 12.83387 12.98859 13.15237 13.32127 13.48859 13.64843 13.80001 13.95394 14.10591 14.25906 14.40867 14.55513 14.6945 14.83662 14.97599 15.11694 15.24292 15.35749 15.463 15.56064 15.65237 15.73072 15.80158 15.85513 15.90119 15.93229 15.95001 15.95906 15.9508 15.93111 15.9004 15.8508 15.79135 15.71812 15.6382 15.54292 15.43347 15.31458 15.19095 15.05591 14.90946 14.7567 14.59489 14.42914 14.25079 14.0693 13.88268 13.69843 13.50867 13.31221 13.11772 12.9319 12.74607 12.56969 12.39883 12.22796 12.063 11.90788 11.76497 11.62796 11.49056 11.35473
11.49686 11.59174 11.69646 11.81182 11.94253 12.08032 12.22442 12.37953 12.53898 12.70316 12.87481 13.04292 13.20591 13.35985 13.51418 13.66969 13.8193 13.97166 14.11694 14.25513 14.38702 14.52914 14.66379 14.79371 14.90867 15.01576 15.12009 15.21142 15.29607 15.36812 15.43702 15.49095 15.53229 15.55828 15.57127 15.5752 15.56379 15.53662 15.49528 15.44528 15.38347 15.30946 15.22284 15.12757 15.01851 14.89883 14.77363 14.63977 14.48741 14.33465 14.17284 14.00631 13.82875 13.65001 13.47442 13.29568 13.1067 12.92284 12.74095 12.57009 12.39843 12.23268 12.06733 11.90709 11.75709 11.61575 11.47835 11.34607 11.213
11.07008 11.163 11.26142 11.36812 11.50001 11.64253 11.79331 11.95394 12.1193 12.28583 12.45197 12.6189 12.77914 12.93426 13.08859 13.24331 13.39607 13.54331 13.68741 13.8252 13.95906 14.09017 14.22442 14.35237 14.4693 14.57757 14.67875 14.77363 14.85788 14.94213 15.01064 15.07284 15.12087 15.15513 15.17757 15.1882 15.18387 15.16418 15.13898 15.09646 15.04568 14.98308 14.90749 14.82284 14.72402 14.61339 14.49607 14.363 14.2252 14.07757 13.92481 13.76418 13.59607 13.42678 13.25709 13.08465 12.91339 12.73426 12.5626 12.39764 12.23544 12.07323 11.91615 11.76064 11.61457 11.47756 11.34292 11.20945 11.0819
10.67402 10.76418 10.85827 10.96379 11.08741 11.23308 11.39174 11.5567 11.72638 11.89449 12.05867 12.22166 12.37993 12.53347 12.68386 12.83623 12.9878 13.13032 13.2693 13.4067 13.53898 13.66654 13.79686 13.92127 14.03898 14.14764 14.25001 14.34568 14.43662 14.5193 14.59725 14.66261 14.71694 14.75828 14.78662 14.80394 14.80985 14.80316 14.78544 14.75355 14.71339 14.66182 14.59883 14.52205 14.43032 14.32953 14.21615 14.09331 13.96103 13.82639 13.67993 13.52875 13.37166 13.21103 13.0504 12.88662 12.72205 12.55788 12.39568 12.23347 12.07796 11.92481 11.77323 11.62442 11.48386 11.3504 11.22127 11.09016 10.96379
10.31064 10.39567 10.48386 10.58819 10.71379 10.86497 11.02638 11.19371 11.36615 11.53505 11.69961 11.85906 12.01221 12.16221 12.30985 12.45434 12.59804 12.7378 12.87166 13.0004 13.12953 13.25788 13.38032 13.49725 13.61182 13.72284 13.82717 13.92678 14.02127 14.10749 14.18662 14.26024 14.31851 14.36694 14.40316 14.42835 14.44489 14.44922 14.43938 14.42048 14.38938 14.34568 14.29135 14.22205 14.14095 14.04528 13.94371 13.82914 13.70788 13.57796 13.44489 13.30198 13.1567 13.00434 12.85316 12.70237 12.5441 12.3878 12.23505 12.0815 11.93071 11.78229 11.63662 11.49725 11.3626 11.23386 11.10434 10.97835 10.85394
9.98032 10.06182 10.14725 10.24843 10.38111 10.53504 10.69882 10.87008 11.04016 11.2067 11.3693 11.52678 11.67756 11.82087 11.96103 12.10079 12.23859 12.3689 12.49449 12.62008 12.74095 12.85906 12.97324 13.08662 13.19646 13.30434 13.40985 13.50946 13.60827 13.69961 13.78268 13.85631 13.92284 13.97796 14.02442 14.05906 14.08387 14.09883 14.10079 14.09174 14.06733 14.0319 13.9819 13.92363 13.85158 13.76851 13.67678 13.57599 13.46339 13.3441 13.21851 13.08859 12.95237 12.81142 12.66851 12.5252 12.37914 12.2315 12.08426 11.93662 11.79134 11.65079 11.51339 11.3752 11.24646 11.12284 10.99764 10.87245 10.75079
9.694099 9.768509 9.853548 9.955911 10.09252 10.24804 10.41378 10.58268 10.74961 10.91221 11.07008 11.22363 11.37127 11.51024 11.6441 11.7756 11.90552 12.03032 12.14764 12.26142 12.37402 12.48662 12.59134 12.69489 12.79804 12.90079 13.00237 13.10434 13.2004 13.2941 13.37835 13.45394 13.52875 13.59174 13.6441 13.68938 13.7256 13.75079 13.76221 13.76182 13.74725 13.71851 13.67757 13.62717 13.56536 13.49725 13.4193 13.32875 13.22953 13.1189 13.00355 12.88662 12.76103 12.62914 12.49489 12.35867 12.22363 12.0819 11.93977 11.8004 11.6626 11.52796 11.39607 11.26615 11.14095 11.0193 10.89764 10.77599 10.65709
9.454335 9.52402 9.607092 9.71654 9.85473 10.01064 10.17441 10.33701 10.50001 10.65827 10.80945 10.95749 11.1004 11.23505 11.3626 11.48505 11.60512 11.72127 11.82875 11.93071 12.03583 12.13623 12.23229 12.32599 12.42008 12.51536 12.61024 12.7067 12.80276 12.89568 12.98072 13.06142 13.13859 13.20788 13.2693 13.32402 13.36969 13.40355 13.42599 13.43268 13.42914 13.41064 13.3819 13.34135 13.29095 13.23505 13.17087 13.0941 13.00276 12.90512 12.80316 12.69449 12.57914 12.45788 12.33268 12.20158 12.07205 11.9382 11.80473 11.67205 11.54095 11.41418 11.29056 11.16615 11.04449 10.9256 10.8067 10.68859 10.5756
9.253548 9.324414 9.413784 9.529532 9.670478 9.825202 9.982682 10.14134 10.29725 10.44646 10.59371 10.73662 10.87087 10.99882 11.11812 11.23111 11.34095 11.4441 11.54016 11.63347 11.7252 11.81064 11.89646 11.97914 12.06221 12.14922 12.23701 12.32481 12.41733 12.513 12.59961 12.68347 12.75906 12.83465 12.90512 12.96812 13.02127 13.06339 13.09292 13.10985 13.1193 13.11536 13.09883 13.0689 13.0319 12.9882 12.93544 12.86694 12.7878 12.70237 12.61103 12.5126 12.40749 12.29292 12.17481 12.05394 11.92875 11.80197 11.67678 11.55119 11.42993 11.31182 11.19371 11.07363 10.95394 10.83938 10.7252 10.61142 10.49568
9.100792 9.16969 9.270477 9.393705 9.5378 9.688981 9.840162 9.992525 10.14016 10.28308 10.42363 10.55788 10.68386 10.8004 10.91064 11.0126 11.10827 11.20197 11.28859 11.36575 11.43898 11.51457 11.58662 11.65749 11.72835 11.80276 11.88229 11.96694 12.05906 12.1504 12.23898 12.32481 12.40394 12.48071 12.55473 12.62363 12.68623 12.73229 12.7693 12.80158 12.82402 12.83229 12.82835 12.81339 12.78859 12.75316 12.70946 12.65276 12.58583 12.50985 12.42678 12.34016 12.24371 12.13859 12.02757 11.91379 11.79528 11.67481 11.55867 11.44253 11.32914 11.21654 11.10316 10.98819 10.87048 10.75867 10.65001 10.53504 10.42245
8.997249 9.081107 9.172052 9.30591 9.452761 9.598037 9.743312 9.887012 10.02678 10.16378 10.29371 10.41851 10.53426 10.63898 10.73544 10.82678 10.91142 10.99213 11.06418 11.12717 11.18544 11.24686 11.30119 11.35709 11.41654 11.48071 11.55434 11.63701 11.72835 11.82363 11.91497 11.99725 12.0815 12.15788 12.23071 12.3004 12.36261 12.41575 12.46103 12.50788 12.54134 12.56221 12.57166 12.5693 12.55512 12.5315 12.49764 12.4504 12.39253 12.32835 12.25788 12.17678 12.08819 11.99489 11.89449 11.78347 11.67087 11.5626 11.45394 11.34449 11.23544 11.12756 11.01969 10.90591 10.79371 10.68741 10.57717 10.46497 10.35394
-9999 9.077563 9.160635 9.264965 9.405123 9.546462 9.687013 9.823627 9.955123 10.08308 10.20827 10.31969 10.42323 10.51812 10.60394 10.68071 10.75158 10.81733 10.87402 10.91969 10.96142 11.00316 11.04253 11.08111 11.12796 11.18938 11.26339 11.34764 11.44174 11.54095 11.63229 11.7193 11.8004 11.87402 11.94292 12.01064 12.0693 12.1193 12.17127 12.22481 12.27127 12.30552 12.32796 12.33898 12.33347 12.32205 12.29804 12.26142 12.21497 12.16103 12.09607 12.02481 11.94646 11.86064 11.76575 11.6626 11.56221 11.45867 11.35473 11.25394 11.1504 11.04489 10.9378 10.82796 10.72205 10.61812 10.513 10.40394 10.29292
-9999 -9999 9.185438 9.288588 9.392131 9.532682 9.666934 9.796855 9.924021 10.04331 10.15591 10.26457 10.35591 10.44095 10.51654 10.57993 10.63386 10.68308 10.72245 10.7504 10.77087 10.78701 10.80749 10.83268 10.87717 10.93977 11.01693 11.10749 11.20709 11.30079 11.38741 11.47481 11.55709 11.62796 11.69253 11.75158 11.80434 11.85473 11.90237 11.95552 12.01497 12.06064 12.0941 12.1189 12.12953 12.12363 12.10906 12.08505 12.05237 12.00119 11.94686 11.88308 11.813 11.73386 11.64528 11.55434 11.45552 11.36103 11.26497 11.16772 11.06733 10.96418 10.8626 10.7563 10.65473 10.55473 10.45552 10.35158 10.24567
-9999 -9999 -9999 9.30591 9.440163 9.560241 9.682682 9.806698 9.927171 10.04056 10.14764 10.24371 10.33111 10.40355 10.4689 10.52127 10.56221 10.59174 10.60985 10.61733 10.61733 10.61103 10.60788 10.6252 10.67127 10.73977 10.82442 10.91654 11.00827 11.09764 11.1815 11.26339 11.33938 11.41024 11.47166 11.52638 11.57678 11.61969 11.66379 11.71339 11.77245 11.83072 11.87757 11.913 11.93426 11.94174 11.93662 11.92402 11.89331 11.85749 11.80906 11.75316 11.68662 11.61418 11.53701 11.44764 11.36103 11.27008 11.1819 11.08465 10.9878 10.89095 10.79174 10.69213 10.59213 10.50079 10.40552 10.30315 10.20197
-9999 -9999 -9999 -9999 -9999 9.640556 9.738587 9.847643 9.96221 10.07245 10.17126 10.25945 10.33819 10.40394 10.45788 10.49804 10.52363 10.5378 10.53977 10.52756 10.50512 10.47678 10.45512 10.47008 10.51772 10.58859 10.67166 10.7563 10.84016 10.92205 11.00197 11.07717 11.14882 11.21575 11.27638 11.33426 11.38071 11.41812 11.45552 11.50276 11.55867 11.61969 11.67875 11.72284 11.75316 11.77087 11.77717 11.7693 11.75473 11.72048 11.67953 11.62993 11.57245 11.50512 11.43111 11.35591 11.27087 11.18977 11.09804 11.00749 10.91497 10.82284 10.72835 10.63032 10.53426 10.44331 10.35237 10.25512 10.15591
-9999 -9999 -9999 -9999 -9999 9.728745 9.809454 9.914178 10.02599 10.12875 10.22363 10.30473 10.37481 10.43032 10.47441 10.50315 10.51575 10.51536 10.50079 10.47245 10.4315 10.38426 10.35512 10.36654 10.4126 10.47953 10.55079 10.62284 10.69843 10.77245 10.8441 10.91575 10.98386 11.04646 11.10473 11.15749 11.20394 11.24134 11.27481 11.3126 11.36457 11.42953 11.49253 11.54764 11.58819 11.61575 11.62875 11.63386 11.62087 11.59686 11.56024 11.51733 11.46497 11.40355 11.33544 11.26379 11.19371 11.10749 11.02402 10.93465 10.84528 10.75945 10.66969 10.57284 10.47756 10.38701 10.29646 10.20237 10.1063
-9999 -9999 -9999 -9999 -9999 9.814178 9.89843 10.00158 10.1067 10.20473 10.29174 10.36693 10.42796 10.47796 10.51142 10.52993 10.53268 10.5193 10.49134 10.44922 10.39213 10.33268 10.29961 10.30867 10.35158 10.4063 10.4626 10.52205 10.58504 10.65197 10.71575 10.77993 10.83977 10.89804 10.95119 11.00001 11.04253 11.07953 11.10788 11.13977 11.18583 11.25119 11.32245 11.38623 11.43544 11.46812 11.49134 11.50276 11.50001 11.47993 11.45001 11.41103 11.36182 11.30788 11.24646 11.18111 11.10631 11.03386 10.95001 10.86457 10.78111 10.69764 10.61221 10.51654 10.42127 10.33071 10.24134 10.15079 10.06142
-9999 -9999 -9999 -9999 9.866934 9.906304 9.99528 10.10001 10.19882 10.28819 10.36851 10.4378 10.49528 10.53701 10.56497 10.57756 10.57284 10.55079 10.513 10.45945 10.38938 10.32048 10.28268 10.28819 10.32442 10.36615 10.40945 10.45552 10.50552 10.55945 10.61575 10.6689 10.72008 10.76851 10.81851 10.86182 10.89961 10.93229 10.95945 10.98386 11.02599 11.09213 11.1689 11.24056 11.29489 11.33504 11.36379 11.38426 11.38662 11.37205 11.34528 11.31182 11.2693 11.21851 11.1626 11.09843 11.03229 10.95985 10.88111 10.79843 10.7193 10.64016 10.5563 10.46182 10.36693 10.27756 10.19292 10.10749 10.0193
-9999 -9999 -9999 -9999 9.953155 10.01103 10.10394 10.20237 10.29449 10.37835 10.45355 10.5193 10.57245 10.61142 10.63701 10.64686 10.63898 10.61339 10.56969 10.5067 10.42717 10.34804 10.30158 10.30158 10.3256 10.35394 10.38465 10.41812 10.45355 10.49292 10.53583 10.57953 10.62048 10.66221 10.70434 10.74213 10.77599 10.8067 10.82953 10.84686 10.88465 10.95355 11.03347 11.11024 11.17127 11.21536 11.24843 11.27284 11.28268 11.27245 11.25119 11.22087 11.18386 11.1378 11.08386 11.02363 10.96182 10.89134 10.81457 10.73859 10.66063 10.58504 10.50276 10.41182 10.32008 10.23347 10.15001 10.06457 9.979139
-9999 -9999 -9999 -9999 10.04174 10.12166 10.21142 10.30552 10.3941 10.47599 10.54922 10.61221 10.66497 10.70316 10.72796 10.7378 10.72953 10.70237 10.6563 10.58859 10.50276 10.41497 10.3567 10.3441 10.35316 10.36772 10.38465 10.40355 10.42481 10.45001 10.47953 10.50945 10.54095 10.57481 10.60749 10.64174 10.67087 10.69292 10.71182 10.72835 10.763 10.83189 10.91812 10.99922 11.063 11.11103 11.14686 11.17442 11.18662 11.1819 11.16378 11.13741 11.10355 11.06182 11.01221 10.95434 10.89174 10.8252 10.75473 10.67953 10.60552 10.53268 10.45394 10.36693 10.27993 10.19489 10.10906 10.02363 9.941343
-9999 -9999 -9999 -9999 10.14016 10.23032 10.31772 10.41103 10.49922 10.5815 10.65434 10.71812 10.77087 10.80985 10.83465 10.84213 10.83701 10.81142 10.76615 10.70001 10.61221 10.51693 10.44567 10.41615 10.40906 10.40709 10.40867 10.4126 10.4189 10.42953 10.44292 10.46142 10.4819 10.50552 10.52953 10.55512 10.57678 10.59292 10.60512 10.62048 10.65906 10.72953 10.8189 10.90276 10.97087 11.02008 11.05709 11.08386 11.09922 11.09725 11.08071 11.05906 11.02835 10.98898 10.94056 10.88701 10.82678 10.763 10.69528 10.62323 10.55355 10.4819 10.4063 10.32323 10.23819 10.15276 10.06772 9.984257 9.90158
-9999 -9999 -9999 -9999 -9999 10.34686 10.43268 10.52087 10.60945 10.69134 10.76693 10.83189 10.88583 10.91772 10.94095 10.95001 10.94725 10.92953 10.88977 10.82993 10.73229 10.6315 10.55237 10.51733 10.49449 10.47599 10.45709 10.44252 10.43426 10.42717 10.42599 10.43229 10.44016 10.45158 10.46772 10.48111 10.49371 10.50591 10.51339 10.5256 10.57284 10.64882 10.73701 10.82245 10.89016 10.93938 10.9756 11.0063 11.0193 11.0193 11.00867 10.98623 10.9563 10.92127 10.87717 10.82363 10.76497 10.70591 10.64016 10.57245 10.50394 10.4319 10.3563 10.27638 10.19252 10.10591 10.0252 9.942919 9.861816
-9999 -9999 -9999 -9999 -9999 10.46339 10.54489 10.63111 10.72166 10.80552 10.8819 10.93623 10.9815 11.01024 11.03032 11.04764 11.05158 11.0319 10.99725 10.93229 10.83426 10.72441 10.65394 10.60906 10.58465 10.56536 10.53583 10.5004 10.46615 10.44292 10.42678 10.41654 10.41221 10.41221 10.41575 10.42008 10.42481 10.42835 10.4315 10.45434 10.50749 10.58623 10.6752 10.75906 10.82284 10.86772 10.90788 10.93662 10.95197 10.95119 10.94292 10.92205 10.89371 10.86024 10.81654 10.76339 10.70867 10.65197 10.58977 10.52323 10.45473 10.38347 10.3067 10.22638 10.14252 10.06103 9.982682 9.903154 9.826777
-9999 -9999 -9999 -9999 -9999 10.5626 10.6441 10.74056 10.83308 10.91851 10.9693 11.00788 11.04213 11.08308 11.10906 11.12914 11.13741 11.10709 11.04725 10.97914 10.89016 10.79804 10.71654 10.67127 10.64686 10.63505 10.62481 10.58819 10.53229 10.47245 10.44095 10.41418 10.39764 10.38623 10.37678 10.37087 10.36733 10.3626 10.3693 10.40512 10.46418 10.54764 10.63386 10.70985 10.76851 10.81693 10.85276 10.87953 10.8941 10.89489 10.88347 10.86497 10.83662 10.80079 10.75749 10.70867 10.65434 10.59607 10.53465 10.46969 10.40237 10.33386 10.25867 10.17717 10.09528 10.01851 9.940557 9.865753 9.792918
-9999 -9999 -9999 -9999 -9999 -9999 10.75434 10.85512 10.94056 10.98583 11.0193 11.0563 11.09371 11.12914 11.17481 11.20119 11.19213 11.14016 11.07245 10.99292 10.91654 10.82127 10.7567 10.71457 10.69646 10.68505 10.67796 10.66812 10.61457 10.54607 10.46575 10.42599 10.39489 10.37048 10.34961 10.33229 10.3193 10.31536 10.33229 10.37717 10.44567 10.52875 10.60827 10.67599 10.7319 10.77638 10.81064 10.8315 10.84528 10.8441 10.83111 10.81064 10.78268 10.74646 10.70158 10.65158 10.59843 10.54095 10.47835 10.413 10.34607 10.27993 10.20985 10.12914 10.05 9.976777 9.899611 9.82717 9.753549
-9999 -9999 -9999 -9999 -9999 -9999 -9999 10.96536 11.00197 11.02796 11.05197 11.08662 11.12953 11.18859 11.23819 11.25985 11.23268 11.15394 11.063 11.00119 10.93505 10.87835 10.81103 10.75749 10.71733 10.71772 10.72914 10.71339 10.69056 10.60985 10.52993 10.44804 10.40158 10.36378 10.33111 10.30434 10.28859 10.29292 10.32323 10.37756 10.4504 10.52599 10.59528 10.6567 10.70512 10.74371 10.77245 10.79646 10.79725 10.79489 10.78308 10.76064 10.73032 10.69371 10.65119 10.60001 10.54449 10.48938 10.42678 10.35867 10.29371 10.22835 10.15945 10.08465 10.0063 9.933076 9.862603 9.789375 9.71536
