ASPA-UH-SWB2_REPO/input/Gridded_rain/prism_ppt_tutuila_30yr_normal_02.asc
ncols         350
nrows         200
xllcorner     515000
yllcorner     8409000
cellsize      100
NODATA_value  -9999
[rows 62 to 92 of 200, columns 138 to 206 of 350]
-9999 -9999 -9999 -9999 -9999 -9999 -9999 -9999 -9999 -9999 -9999 -9999 14.36576 14.44607 14.54725 14.71221 14.88229 15.05591 15.22835 15.40946 15.59174 15.76812 15.94253 16.11969 16.2941 16.47442 16.65316 16.83111 17.01379 17.19843 17.38544 17.57324 17.75867 17.93623 18.10513 18.26025 18.39647 18.51379 18.60828 18.67088 18.7004 18.68623 18.62599 18.54214 18.47757 18.45198 18.43938 18.41891 18.38741 18.3378 18.263 18.15788 18.03269 17.89962 17.76654 17.63347 17.50434 17.38111 17.25552 17.13584 17.02087 16.92717 16.88898 16.91458 16.96576 17.00906 17.03347 17.03623 17.01851
-9999 -9999 -9999 -9999 -9999 -9999 -9999 -9999 -9999 -9999 -9999 14.34135 14.40749 14.50828 14.66969 14.84253 15.01694 15.1882 15.36339 15.54135 15.71379 15.88269 16.05316 16.2193 16.39135 16.5693 16.7441 16.9193 17.1004 17.28544 17.47402 17.66379 17.85276 18.03151 18.20119 18.35513 18.4945 18.61182 18.70119 18.763 18.78859 18.7697 18.7008 18.61143 18.53623 18.49804 18.46773 18.43505 18.39135 18.33229 18.2504 18.14214 18.01576 17.88269 17.7441 17.60513 17.47127 17.34017 17.21182 17.08662 16.96773 16.87009 16.82875 16.85119 16.90001 16.9441 16.97009 16.97639 16.96497
-9999 -9999 -9999 -9999 -9999 -9999 -9999 -9999 -9999 -9999 -9999 14.37835 14.47796 14.62953 14.79961 14.97717 15.14843 15.31812 15.49135 15.65985 15.82324 15.98505 16.14292 16.30434 16.47245 16.6441 16.81458 16.9878 17.16812 17.3567 17.54962 17.74607 17.93781 18.12245 18.29371 18.45355 18.59922 18.72206 18.81221 18.87048 18.89568 18.87363 18.8008 18.69922 18.60906 18.5504 18.50591 18.45552 18.3941 18.31773 18.22481 18.11261 17.98466 17.84804 17.70749 17.56733 17.42836 17.29253 17.15946 17.02993 16.90631 16.80906 16.77048 16.79174 16.83859 16.87914 16.90355 16.91221 16.90355
-9999 -9999 -9999 -9999 -9999 -9999 -9999 -9999 -9999 -9999 14.35001 14.44961 14.59489 14.763 14.93544 15.10946 15.27796 15.4445 15.6067 15.76536 15.92048 16.0693 16.21773 16.37324 16.53584 16.69883 16.86536 17.03741 17.21891 17.41025 17.60749 17.81103 18.01103 18.20395 18.38662 18.55592 18.71143 18.84214 18.94017 19.00513 19.02678 19.00591 18.92402 18.80985 18.69922 18.61261 18.54489 18.47363 18.38977 18.29253 18.18111 18.05788 17.92521 17.78741 17.64607 17.50749 17.37048 17.23623 17.10237 16.96536 16.84095 16.74922 16.71497 16.73544 16.77875 16.81379 16.83465 16.84174 16.8378
-9999 -9999 -9999 -9999 -9999 -9999 -9999 -9999 14.26103 14.32284 14.42166 14.56418 14.72954 14.89843 15.07284 15.24135 15.40552 15.563 15.71379 15.86143 16.00198 16.14017 16.28269 16.4319 16.59017 16.75198 16.91615 17.0878 17.26812 17.45906 17.65828 17.863 18.07324 18.28072 18.47914 18.66576 18.83544 18.97875 19.0878 19.15907 19.18387 19.15828 19.07481 18.94568 18.81103 18.69095 18.58387 18.48308 18.37206 18.24529 18.11064 17.97284 17.83111 17.6882 17.54883 17.41615 17.28741 17.16143 17.03269 16.89922 16.77442 16.69213 16.66418 16.68387 16.71812 16.74607 16.76143 16.76694 16.76221
-9999 -9999 -9999 -9999 -9999 -9999 -9999 14.22914 14.29646 14.39331 14.53426 14.69883 14.86772 15.03859 15.20828 15.37166 15.52757 15.67442 15.81379 15.94725 16.07481 16.20591 16.34922 16.50434 16.66497 16.83032 16.99804 17.17127 17.34883 17.53308 17.72678 17.92717 18.13859 18.35828 18.57836 18.78702 18.97481 19.1319 19.24371 19.31143 19.33584 19.30592 19.22009 19.08741 18.92954 18.77639 18.62717 18.48662 18.33977 18.18269 18.02009 17.86379 17.71143 17.56221 17.42206 17.29095 17.17284 17.05709 16.93859 16.81772 16.71025 16.63584 16.61497 16.63072 16.65277 16.66969 16.67914 16.68426 16.68072
-9999 -9999 -9999 -9999 -9999 -9999 14.20119 14.27363 14.36615 14.50906 14.67166 14.83898 15.01103 15.17953 15.34292 15.49883 15.64489 15.78111 15.90867 16.02835 16.15198 16.28859 16.44056 16.60552 16.77835 16.95434 17.12914 17.30158 17.47796 17.65552 17.83662 18.02993 18.23269 18.45158 18.68544 18.91851 19.11694 19.2697 19.37324 19.42521 19.43623 19.39883 19.31418 19.18466 19.0197 18.84253 18.66418 18.48466 18.30237 18.11379 17.9256 17.74804 17.58072 17.42402 17.27678 17.14332 17.02717 16.92284 16.81812 16.72127 16.64095 16.58426 16.56261 16.56812 16.57678 16.58269 16.58662 16.5882 16.58899
-9999 -9999 -9999 -9999 -9999 14.18859 14.25906 14.34371 14.48859 14.65079 14.81851 14.98898 15.15867 15.32284 15.47914 15.62639 15.75985 15.88505 16.00158 16.11773 16.24922 16.39804 16.56221 16.74253 16.92757 17.10867 17.28741 17.463 17.63938 17.81497 17.99214 18.17363 18.36615 18.58072 18.81458 19.03426 19.22639 19.36536 19.44765 19.47875 19.46379 19.41969 19.33544 19.21458 19.05828 18.87324 18.67521 18.46969 18.26576 18.04804 17.83269 17.63269 17.45119 17.28151 17.12206 16.98505 16.86536 16.76694 16.6878 16.62009 16.56694 16.52914 16.5067 16.49528 16.4882 16.48347 16.48308 16.48426 16.48544
-9999 -9999 -9999 -9999 14.1882 14.2567 14.32757 14.4752 14.64017 14.80552 14.97402 15.14371 15.31143 15.47087 15.61458 15.75198 15.87717 15.99174 16.1004 16.22442 16.36891 16.53347 16.71536 16.90198 17.09135 17.27284 17.45158 17.63111 17.80867 17.9878 18.16969 18.35355 18.53859 18.74725 18.94529 19.12875 19.29214 19.40946 19.46773 19.4819 19.46025 19.40473 19.32166 19.20434 19.0571 18.87206 18.66615 18.45592 18.22914 17.9945 17.75198 17.52875 17.32324 17.1382 16.9693 16.82639 16.70749 16.61891 16.56025 16.52324 16.49135 16.46536 16.43741 16.41064 16.39017 16.37599 16.37087 16.37048 16.37206
-9999 -9999 -9999 14.19174 14.25709 14.32245 14.47009 14.63072 14.79765 14.96851 15.13859 15.30394 15.46536 15.61615 15.75749 15.88229 16.00158 16.10355 16.21576 16.35237 16.51064 16.69174 16.88111 17.0693 17.25277 17.43741 17.61773 17.79607 17.97599 18.16143 18.3504 18.54371 18.74489 18.92088 19.07284 19.20906 19.32481 19.41537 19.46812 19.47993 19.45395 19.4004 19.31064 19.1945 19.04056 18.86025 18.65513 18.43505 18.2067 17.9567 17.69922 17.44568 17.21576 17.01064 16.83662 16.68702 16.57402 16.49568 16.44725 16.42402 16.40788 16.3815 16.34646 16.31103 16.27993 16.26024 16.24922 16.24883 16.24607
-9999 -9999 14.15276 14.23859 14.33032 14.4752 14.6315 14.79489 14.96536 15.1378 15.30473 15.46851 15.62048 15.76654 15.90316 16.02402 16.12875 16.23269 16.34843 16.49528 16.67324 16.86024 17.04646 17.23347 17.41772 17.59883 17.77914 17.95867 18.14095 18.33032 18.52639 18.73308 18.9382 19.0945 19.19253 19.27088 19.34292 19.42284 19.47875 19.4941 19.47324 19.41025 19.32285 19.19647 19.03584 18.85434 18.64962 18.42718 18.19292 17.94765 17.67717 17.40946 17.15434 16.93111 16.74331 16.59056 16.47678 16.39528 16.34686 16.31851 16.3004 16.26969 16.22796 16.18741 16.15473 16.12993 16.1193 16.11221 16.11497
-9999 14.15237 14.23544 14.34568 14.49135 14.64489 14.80158 14.9693 15.14213 15.31143 15.47481 15.63347 15.78741 15.92757 16.0567 16.16851 16.27009 16.37363 16.49725 16.65395 16.8382 17.02875 17.21339 17.39843 17.57914 17.75867 17.93426 18.11379 18.29844 18.48938 18.69174 18.90867 19.10906 19.23623 19.29607 19.32166 19.37009 19.44214 19.50395 19.5256 19.50473 19.44686 19.34843 19.2134 19.0504 18.85749 18.64962 18.4319 18.20237 17.95631 17.69213 17.40828 17.14095 16.89922 16.69489 16.53269 16.40079 16.30788 16.24253 16.19725 16.16497 16.13111 16.08938 16.04686 16.00985 15.98584 15.96969 15.96536 15.96733
14.18268 14.25355 14.36221 14.51221 14.66615 14.82324 14.98426 15.15394 15.32205 15.49017 15.65394 15.80985 15.95906 16.09843 16.22087 16.32836 16.42363 16.52481 16.65395 16.82088 17.00749 17.1945 17.37993 17.55985 17.73899 17.91064 18.08308 18.25906 18.44253 18.63465 18.84174 19.05906 19.25159 19.35631 19.37875 19.37403 19.40867 19.47993 19.54489 19.57127 19.55355 19.49844 19.39253 19.25119 19.08387 18.88938 18.67521 18.4508 18.22324 17.97678 17.70828 17.42442 17.13702 16.8819 16.66143 16.47796 16.32993 16.21457 16.12717 16.06772 16.02127 15.98111 15.94017 15.8941 15.85513 15.82481 15.80985 15.80513 15.813
14.28347 14.39843 14.54253 14.69371 14.8504 15.01339 15.17796 15.34371 15.51221 15.67757 15.83938 15.9945 16.14253 16.27875 16.39725 16.49883 16.59056 16.69056 16.82324 16.99292 17.17796 17.36221 17.54056 17.7193 17.88977 18.05591 18.22127 18.39056 18.56969 18.76221 18.97088 19.18584 19.36733 19.45316 19.4504 19.43348 19.46064 19.53111 19.60001 19.63269 19.61654 19.55552 19.45513 19.31261 19.13899 18.94213 18.72285 18.48899 18.24725 17.99686 17.72284 17.42836 17.12757 16.85473 16.61891 16.41615 16.2508 16.12087 16.01536 15.93702 15.87993 15.83544 15.78584 15.73584 15.6945 15.66379 15.64489 15.64213 15.64883
14.44961 14.59095 14.73859 14.89135 15.04961 15.21379 15.37796 15.54371 15.70867 15.87087 16.03111 16.18702 16.33308 16.46615 16.58347 16.68229 16.77206 16.87127 17.00158 17.16891 17.34883 17.52639 17.70119 17.86969 18.03269 18.19056 18.34843 18.51143 18.68347 18.87009 19.07599 19.28702 19.45906 19.52796 19.51694 19.49765 19.52442 19.59804 19.67009 19.70513 19.69292 19.63269 19.52954 19.38938 19.21458 19.01261 18.78623 18.54292 18.28505 18.01969 17.7378 17.42402 17.11458 16.82481 16.57048 16.35473 16.17363 16.02835 15.91143 15.81812 15.74843 15.69095 15.63347 15.57954 15.53229 15.50237 15.48347 15.4756 15.48505
14.65394 14.79922 14.94843 15.10119 15.25985 15.42206 15.58623 15.74961 15.91182 16.07324 16.23347 16.38702 16.53032 16.66221 16.78072 16.87993 16.96773 17.06261 17.18583 17.3441 17.51891 17.68899 17.85316 18.01418 18.16812 18.31773 18.46655 18.62048 18.78347 18.95985 19.15513 19.35828 19.52324 19.58584 19.57403 19.55985 19.59529 19.67481 19.7508 19.7882 19.77757 19.71891 19.61694 19.4756 19.30119 19.0941 18.85985 18.60631 18.33623 18.0567 17.7571 17.42796 17.10237 16.8004 16.52796 16.29489 16.10198 15.94292 15.813 15.70513 15.62599 15.55237 15.48544 15.42521 15.37757 15.34568 15.32324 15.31339 15.31812
14.86969 15.01772 15.16733 15.31891 15.47442 15.63623 15.79922 15.963 16.12402 16.28662 16.44607 16.59725 16.73899 16.87009 16.98859 17.09056 17.17757 17.26261 17.37363 17.5193 17.68465 17.84647 18.00119 18.15355 18.29922 18.43938 18.57836 18.72009 18.87009 19.0319 19.21143 19.4004 19.55867 19.62481 19.62127 19.6197 19.66851 19.75355 19.83348 19.87403 19.86458 19.81025 19.7067 19.56458 19.38977 19.17914 18.93938 18.67757 18.40198 18.10316 17.78505 17.44292 17.09883 16.77835 16.49174 16.24331 16.03544 15.86221 15.72087 15.60355 15.50395 15.42009 15.3441 15.27717 15.22875 15.19174 15.16694 15.15355 15.15119
15.09686 15.24371 15.39174 15.54213 15.69528 15.85709 16.01851 16.18308 16.34725 16.50946 16.66694 16.81694 16.95828 17.08977 17.20828 17.31103 17.3945 17.47245 17.5693 17.69725 17.84725 18.00119 18.14922 18.29135 18.42796 18.55985 18.68662 18.81458 18.94686 19.08938 19.24844 19.4193 19.57009 19.64489 19.66025 19.67993 19.74332 19.83426 19.91418 19.95277 19.94725 19.89686 19.79529 19.65316 19.47442 19.26103 19.0193 18.75395 18.46773 18.15946 17.82048 17.46143 17.09804 16.76261 16.46615 16.20355 15.97993 15.79371 15.63662 15.50591 15.39371 15.29765 15.21024 15.13859 15.08505 15.0445 15.013 14.99331 14.98898
15.33111 15.47639 15.62245 15.77363 15.92757 16.0882 16.24804 16.41379 16.57875 16.73977 16.89568 17.04607 17.18741 17.31812 17.43741 17.5378 17.62009 17.69332 17.77599 17.88308 18.013 18.15513 18.29647 18.42954 18.55828 18.67875 18.79332 18.90591 19.0193 19.13899 19.27245 19.42088 19.56064 19.6441 19.69607 19.74332 19.81773 19.91182 19.98623 20.02363 20.02088 19.97403 19.87599 19.73859 19.55946 19.34489 19.09922 18.82875 18.53662 18.21497 17.85631 17.47284 17.09962 16.75906 16.44686 16.17166 15.9382 15.74095 15.56615 15.41694 15.29371 15.18268 15.08583 15.00867 14.94804 14.90158 14.86339 14.8382 14.82639
15.57048 15.71379 15.86064 16.013 16.17048 16.32875 16.48977 16.65473 16.81812 16.97717 17.1319 17.28032 17.42088 17.55119 17.66773 17.76969 17.85552 17.92481 17.99489 18.08387 18.19135 18.31379 18.44292 18.57127 18.68899 18.79765 18.90001 18.99647 19.09056 19.18702 19.29174 19.40946 19.53269 19.63662 19.72127 19.8008 19.88663 19.97599 20.04214 20.07914 20.07954 20.03741 19.9508 19.81969 19.64686 19.43229 19.18347 18.91182 18.60552 18.26025 17.87875 17.48308 17.10276 16.75316 16.4319 16.15119 15.90631 15.69253 15.50513 15.34253 15.20237 15.07757 14.97363 14.8882 14.81969 14.76261 14.71812 14.68898 14.67127
15.81458 15.95867 16.10788 16.26261 16.42087 16.58032 16.7382 16.90198 17.06221 17.21773 17.36969 17.51536 17.65355 17.78269 17.9004 18.00198 18.08977 18.16458 18.22914 18.29883 18.38662 18.4882 18.59883 18.7134 18.82166 18.92127 19.00828 19.08899 19.16418 19.2382 19.31418 19.39804 19.50749 19.62521 19.73466 19.84056 19.94017 20.01615 20.07481 20.11143 20.11694 20.08741 20.01261 19.89292 19.72914 19.52048 19.27324 18.99174 18.66458 18.29174 17.8941 17.48111 17.10119 16.74725 16.42521 16.13308 15.87599 15.65158 15.45158 15.2752 15.12009 14.98702 14.87402 14.77678 14.69686 14.63308 14.58032 14.54292 14.51733
16.06891 16.213 16.36143 16.51812 16.67678 16.83583 16.99292 17.15316 17.31025 17.463 17.60985 17.75395 17.89174 18.01772 18.13347 18.23623 18.3256 18.40552 18.47009 18.52993 18.60001 18.68151 18.77284 18.86576 18.96103 19.04529 19.12088 19.18623 19.24529 19.29883 19.34962 19.41497 19.50277 19.62166 19.74253 19.86261 19.96143 20.03387 20.08426 20.11773 20.13269 20.11694 20.05788 19.95395 19.80158 19.60159 19.35277 19.05355 18.70237 18.31221 17.89017 17.48229 17.09843 16.74725 16.41812 16.11654 15.85119 15.61615 15.40552 15.21457 15.04686 14.90513 14.77914 14.67402 14.58583 14.50867 14.44961 14.40198 14.37087
16.32914 16.47206 16.62048 16.77678 16.93505 17.09135 17.2508 17.40709 17.55946 17.71025 17.85552 17.99765 18.1319 18.25473 18.36576 18.47048 18.56221 18.63977 18.70867 18.77088 18.83032 18.89568 18.96694 19.0441 19.1134 19.18151 19.24135 19.29371 19.3382 19.37757 19.41891 19.4693 19.5382 19.63623 19.75828 19.86615 19.95749 20.02836 20.07718 20.10867 20.12599 20.12639 20.08584 19.99686 19.85434 19.65592 19.39607 19.07521 18.7134 18.30473 17.88269 17.47757 17.10158 16.74331 16.40867 16.10355 15.82796 15.57875 15.35552 15.15513 14.97835 14.8252 14.69016 14.57442 14.47757 14.39331 14.32048 14.27245 14.23032
16.59017 16.73387 16.8819 17.0382 17.1945 17.35001 17.50473 17.65946 17.81025 17.95513 18.09962 18.23662 18.36694 18.48899 18.59725 18.69843 18.79056 18.87206 18.94332 19.0071 19.06851 19.12639 19.18347 19.2382 19.2941 19.34214 19.38544 19.42324 19.45592 19.48426 19.51615 19.55474 19.6067 19.68229 19.76851 19.86025 19.93662 19.99725 20.0445 20.07718 20.09332 20.09371 20.0693 19.99214 19.84843 19.63899 19.36773 19.04568 18.67324 18.27048 17.86221 17.47127 17.09647 16.74174 16.40158 16.0882 15.8008 15.54607 15.31182 15.09922 14.91379 14.74922 14.60828 14.48387 14.3756 14.28268 14.20276 14.13898 14.09528
16.85434 16.99804 17.14686 17.29922 17.45473 17.60788 17.7567 17.90749 18.05395 18.19568 18.33544 18.47127 18.59568 18.713 18.82284 18.92206 19.01379 19.09607 19.16891 19.23387 19.2941 19.35119 19.4004 19.4445 19.48387 19.51851 19.54489 19.5693 19.58977 19.60749 19.6256 19.65001 19.68623 19.72914 19.77993 19.83859 19.89765 19.94568 19.97993 19.99883 20.00828 20.00434 19.97009 19.89371 19.75434 19.54607 19.27402 18.9508 18.59174 18.21418 17.83229 17.4508 17.08426 16.7256 16.38623 16.06812 15.77599 15.50906 15.26536 15.04607 14.85316 14.68308 14.53111 14.39922 14.27993 14.17678 14.09017 14.01733 13.96064
17.12284 17.26497 17.41103 17.56143 17.70946 17.85867 18.0067 18.1508 18.29174 18.4319 18.56615 18.69607 18.82048 18.93229 19.03781 19.1382 19.22796 19.30828 19.37796 19.44214 19.50001 19.55119 19.59647 19.63151 19.65985 19.68151 19.69804 19.70906 19.71655 19.72285 19.72875 19.7382 19.75159 19.7693 19.79174 19.81733 19.84568 19.87206 19.88663 19.88426 19.86852 19.84214 19.79568 19.71536 19.58032 19.3819 19.12678 18.82599 18.49371 18.14292 17.77954 17.41694 17.05591 16.70237 16.36103 16.04056 15.7445 15.46891 15.21694 14.99174 14.79213 14.61536 14.45276 14.31142 14.18662 14.07324 13.97717 13.89764 13.82875
17.39174 17.53072 17.67088 17.81615 17.95985 18.10473 18.24804 18.38859 18.52442 18.66025 18.79056 18.91536 19.03426 19.1445 19.24529 19.33899 19.42639 19.50277 19.57048 19.62875 19.68032 19.72521 19.76064 19.78859 19.80788 19.8193 19.82639 19.82796 19.82599 19.82009 19.81497 19.80828 19.80277 19.8008 19.8004 19.79922 19.79844 19.79607 19.78741 19.763 19.71851 19.663 19.59765 19.5071 19.37757 19.19804 18.96615 18.69292 18.3882 18.05828 17.71379 17.36379 17.01379 16.66458 16.32324 16.00001 15.69883 15.42048 15.16733 14.9315 14.7252 14.54213 14.37363 14.22127 14.09017 13.97245 13.86851 13.77953 13.70512
17.65316 17.79017 17.92363 18.05985 18.20158 18.34135 18.48072 18.61891 18.75198 18.87914 19.00473 19.12403 19.23741 19.34292 19.43859 19.52678 19.60749 19.67914 19.74017 19.79135 19.83544 19.87127 19.89686 19.91537 19.92521 19.92954 19.92875 19.92284 19.913 19.89804 19.88072 19.86261 19.84292 19.82324 19.80119 19.77875 19.75434 19.72796 19.69489 19.64844 19.58387 19.50355 19.41379 19.30906 19.18269 19.01773 18.80631 18.55473 18.27127 17.95946 17.63072 17.29568 16.95631 16.60946 16.2693 15.94883 15.64528 15.36576 15.10709 14.87009 14.65631 14.46261 14.28938 14.13111 13.99253 13.87127 13.75946 13.66182 13.5815
17.9067 18.03741 18.16615 18.29568 18.43111 18.56891 18.70473 18.83741 18.96497 19.0878 19.20592 19.32009 19.42718 19.52796 19.61812 19.69922 19.77284 19.83623 19.88781 19.93111 19.96576 19.99017 20.0067 20.01536 20.01615 20.01418 20.00749 19.99489 19.97757 19.95552 19.92954 19.9008 19.86812 19.83151 19.79332 19.75237 19.70867 19.66182 19.60828 19.54292 19.46261 19.36418 19.25237 19.13505 19.00355 18.8445 18.64804 18.413 18.14371 17.84725 17.53229 17.20828 16.87639 16.53859 16.20395 15.88269 15.5819 15.30198 15.03977 14.80158 14.58229 14.38268 14.20276 14.04253 13.89607 13.76694 13.65237 13.55079 13.46142
18.14725 18.27245 18.39765 18.52363 18.65237 18.78426 18.91458 19.03859 19.16261 19.28111 19.39174 19.49962 19.60198 19.6945 19.77993 19.85395 19.91694 19.97009 20.0134 20.04725 20.07088 20.08584 20.09371 20.09135 20.08466 20.07403 20.06182 20.0445 20.02088 19.99214 19.95946 19.92009 19.87442 19.8256 19.77284 19.71655 19.6571 19.59292 19.52206 19.44017 19.34489 19.23269 19.10513 18.97363 18.83466 18.67796 18.49056 18.26733 18.00946 17.72403 17.41969 17.10592 16.78151 16.45237 16.12442 15.80513 15.50631 15.22757 14.96457 14.72363 14.50158 14.30079 14.11694 13.95158 13.80198 13.66654 13.54646 13.44253 13.35001
18.36969 18.49489 18.61654 18.7378 18.86103 18.98308 19.10434 19.22285 19.33859 19.45355 19.55946 19.65867 19.75592 19.84214 19.91851 19.98466 20.03741 20.08033 20.11458 20.13859 20.15237 20.15828 20.15592 20.14529 20.12954 20.11103 20.09174 20.07088 20.04214 20.00631 19.96615 19.91812 19.8634 19.80237 19.73662 19.66733 19.59489 19.51733 19.43151 19.33387 19.22481 19.1008 18.96064 18.81615 18.67088 18.5134 18.33111 18.11615 17.86851 17.59213 17.29607 16.99056 16.67481 16.3504 16.02875 15.71772 15.42009 15.14017 14.88072 14.63859 14.41576 14.21418 14.02914 13.85985 13.70788 13.56694 13.45237 13.34568 13.26497
