ASPA-UH-SWB2_REPO/input/Gridded_rain/prism_ppt_tutuila_30yr_normal_04.asc
ncols         350
nrows         200
xllcorner     515000
yllcorner     8409000
cellsize      100
NODATA_value  -9999
[rows 31 to 61 of 200, columns 138 to 206 of 350]
-9999 -9999 -9999 -9999 -9999 -9999 -9999 -9999 -9999 -9999 -9999 -9999 -9999 -9999 -9999 -9999 -9999 -9999 -9999 -9999 -9999 -9999 -9999 -9999 -9999 -9999 -9999 -9999 -9999 -9999 -9999 -9999 -9999 -9999 -9999 -9999 -9999 -9999 -9999 -9999 -9999 -9999 -9999 -9999 -9999 -9999 -9999 -9999 -9999 -9999 -9999 -9999 -9999 -9999 -9999 -9999 -9999 -9999 -9999 9.96536 9.876383 9.844887 9.81969 9.792524 9.764178 9.730714 9.692525 9.644887 9.601186
-9999 -9999 -9999 -9999 -9999 -9999 -9999 -9999 -9999 -9999 -9999 -9999 -9999 -9999 -9999 -9999 -9999 -9999 -9999 -9999 -9999 -9999 -9999 -9999 -9999 -9999 -9999 -9999 -9999 -9999 -9999 -9999 -9999 -9999 -9999 -9999 -9999 -9999 -9999 -9999 -9999 -9999 -9999 -9999 -9999 -9999 -9999 -9999 -9999 -9999 -9999 -9999 -9999 10.31103 10.22441 10.21103 10.23465 10.23898 10.21693 10.16812 10.12323 10.1004 10.07323 10.04095 10.00709 9.970871 9.927958 9.882289 9.835832
-9999 -9999 -9999 -9999 -9999 -9999 -9999 -9999 -9999 -9999 -9999 -9999 -9999 -9999 -9999 -9999 -9999 -9999 -9999 -9999 -9999 -9999 -9999 -9999 -9999 -9999 -9999 -9999 -9999 -9999 -9999 -9999 -9999 -9999 -9999 -9999 -9999 -9999 -9999 -9999 -9999 -9999 -9999 -9999 -9999 -9999 -9999 -9999 -9999 10.5941 10.60237 -9999 10.56851 10.48544 10.44134 10.44371 10.4563 10.45434 10.4441 10.41654 10.4004 10.37402 10.3441 10.31142 10.27442 10.23229 10.18662 10.13938 10.08977
-9999 -9999 -9999 -9999 -9999 -9999 -9999 -9999 -9999 -9999 -9999 -9999 -9999 -9999 -9999 -9999 -9999 -9999 -9999 -9999 -9999 -9999 -9999 -9999 -9999 -9999 -9999 -9999 -9999 -9999 -9999 -9999 -9999 -9999 -9999 -9999 -9999 -9999 -9999 -9999 -9999 -9999 -9999 -9999 -9999 -9999 -9999 -9999 10.77717 10.71772 10.71772 10.79843 10.75945 10.72127 10.72323 10.73426 10.74134 10.73819 10.72441 10.70867 10.68859 10.66457 10.63465 10.60158 10.56064 10.51575 10.46615 10.41457 10.35355
-9999 -9999 -9999 -9999 -9999 -9999 -9999 -9999 -9999 -9999 -9999 -9999 -9999 -9999 -9999 -9999 -9999 -9999 -9999 -9999 -9999 -9999 -9999 -9999 -9999 -9999 -9999 -9999 -9999 -9999 -9999 -9999 -9999 -9999 -9999 -9999 -9999 -9999 -9999 -9999 -9999 -9999 -9999 -9999 -9999 -9999 11.05119 11.02481 10.96969 10.92678 10.9567 11.02127 11.01379 11.02875 11.04489 11.05237 11.0567 11.05434 11.03938 11.01812 10.99568 10.97166 10.94567 10.90867 10.8626 10.81536 10.763 10.70316 10.64252
-9999 -9999 -9999 -9999 -9999 -9999 -9999 -9999 -9999 -9999 -9999 -9999 -9999 -9999 -9999 -9999 -9999 -9999 -9999 -9999 -9999 -9999 -9999 -9999 -9999 -9999 -9999 -9999 -9999 -9999 -9999 -9999 -9999 -9999 -9999 -9999 -9999 -9999 -9999 -9999 -9999 -9999 -9999 -9999 -9999 -9999 11.22638 11.20945 11.20906 11.24686 11.28505 11.32205 11.34686 11.37245 11.38662 11.39646 11.40001 11.39134 11.37402 11.35434 11.32993 11.30394 11.27166 11.23268 11.18465 11.13347 11.07402 11.01221 10.94371
-9999 -9999 -9999 -9999 -9999 -9999 -9999 -9999 -9999 -9999 -9999 -9999 -9999 -9999 -9999 -9999 -9999 -9999 -9999 -9999 -9999 -9999 -9999 -9999 -9999 -9999 -9999 -9999 -9999 -9999 -9999 -9999 -9999 -9999 -9999 -9999 -9999 -9999 -9999 -9999 -9999 -9999 -9999 -9999 -9999 11.50079 11.46812 11.47756 11.54568 11.60197 11.65276 11.68505 11.71103 11.73308 11.75276 11.76103 11.763 11.75197 11.73623 11.71103 11.6878 11.65079 11.61615 11.57442 11.52402 11.46457 11.40552 11.33623 11.26694
-9999 -9999 -9999 -9999 -9999 -9999 -9999 -9999 -9999 -9999 -9999 -9999 -9999 -9999 -9999 -9999 -9999 -9999 -9999 -9999 -9999 -9999 -9999 -9999 -9999 -9999 -9999 -9999 -9999 -9999 -9999 -9999 -9999 -9999 -9999 -9999 -9999 -9999 -9999 -9999 -9999 11.5567 11.62717 -9999 11.75001 11.7689 11.77914 11.85197 11.92442 11.9878 12.03426 12.07442 12.09883 12.12127 12.13701 12.14331 12.14331 12.13505 12.11457 12.09056 12.05591 12.01969 11.97835 11.9319 11.87599 11.81418 11.75237 11.67993 11.59882
-9999 -9999 -9999 -9999 -9999 -9999 -9999 -9999 -9999 -9999 -9999 -9999 -9999 -9999 -9999 -9999 -9999 -9999 -9999 -9999 -9999 -9999 -9999 -9999 -9999 -9999 -9999 -9999 -9999 -9999 -9999 -9999 -9999 -9999 -9999 -9999 -9999 -9999 -9999 -9999 11.74961 11.76575 11.84056 11.9689 12.04725 12.08583 12.17284 12.25158 12.32323 12.38938 12.44292 12.47324 12.50316 12.52245 12.53465 12.5382 12.53465 12.52678 12.50552 12.47638 12.44213 12.40237 12.35512 12.30079 12.23977 12.17835 12.1067 12.0315 11.94843
-9999 -9999 -9999 -9999 -9999 -9999 -9999 -9999 -9999 -9999 -9999 -9999 -9999 -9999 -9999 -9999 -9999 -9999 -9999 -9999 -9999 -9999 -9999 -9999 -9999 -9999 -9999 -9999 -9999 -9999 -9999 -9999 -9999 -9999 -9999 -9999 -9999 -9999 -9999 12.00394 12.01024 12.04607 12.17363 12.32127 12.39292 12.49135 12.58465 12.66654 12.7382 12.80276 12.85158 12.88741 12.91221 12.93111 12.93938 12.94095 12.93426 12.91733 12.89922 12.8752 12.83072 12.78347 12.73426 12.67835 12.61418 12.54607 12.47048 12.39016 12.30552
-9999 -9999 -9999 -9999 -9999 -9999 -9999 -9999 -9999 -9999 -9999 -9999 -9999 -9999 -9999 -9999 -9999 -9999 -9999 -9999 -9999 -9999 -9999 -9999 -9999 -9999 -9999 -9999 -9999 -9999 -9999 -9999 -9999 -9999 -9999 -9999 -9999 -9999 12.2256 12.25119 12.30316 12.44253 12.58426 12.70631 12.8126 12.91497 13.01024 13.09213 13.16536 13.22166 13.26418 13.29883 13.3256 13.34213 13.34686 13.34449 13.33583 13.31457 13.28977 13.25749 13.21575 13.16576 13.11536 13.05394 12.98583 12.91497 12.83741 12.75394 12.65867
-9999 -9999 -9999 -9999 -9999 -9999 -9999 -9999 -9999 -9999 -9999 -9999 -9999 -9999 -9999 -9999 -9999 -9999 -9999 -9999 -9999 -9999 -9999 -9999 -9999 -9999 -9999 -9999 -9999 -9999 -9999 -9999 -9999 11.71339 11.82284 11.97166 12.14607 12.31497 12.4441 12.54883 12.69804 12.86064 13.00709 13.13347 13.24135 13.34764 13.44292 13.52402 13.59135 13.64489 13.68662 13.71576 13.73898 13.7504 13.75631 13.75079 13.73268 13.71142 13.67914 13.63977 13.59883 13.54922 13.49174 13.42835 13.35827 13.28111 13.20197 13.11457 13.01615
-9999 -9999 -9999 -9999 -9999 -9999 -9999 -9999 -9999 -9999 -9999 -9999 -9999 -9999 -9999 -9999 -9999 -9999 -9999 -9999 -9999 -9999 -9999 -9999 -9999 -9999 -9999 -9999 -9999 -9999 -9999 11.85788 11.84607 11.90355 12.04843 12.23938 12.4315 12.61654 12.78386 12.95237 13.12048 13.28583 13.43308 13.56103 13.67442 13.77914 13.87245 13.95512 14.02127 14.07166 14.11103 14.13938 14.15552 14.16221 14.16339 14.15316 14.1319 14.10473 14.07127 14.03111 13.98268 13.92875 13.86969 13.80079 13.72402 13.64607 13.56024 13.46733 13.36812
-9999 -9999 -9999 -9999 -9999 -9999 -9999 -9999 -9999 -9999 -9999 -9999 -9999 -9999 -9999 -9999 -9999 -9999 -9999 -9999 -9999 -9999 -9999 -9999 -9999 -9999 -9999 -9999 -9999 -9999 11.98308 11.99253 12.05001 12.1941 12.39016 12.59331 12.80158 13.00158 13.19686 13.38072 13.55119 13.71812 13.86891 13.99489 14.11024 14.21418 14.30631 14.38465 14.45119 14.49883 14.53583 14.55709 14.56812 14.57009 14.56221 14.54725 14.52599 14.49292 14.45473 14.41182 14.35906 14.30434 14.23977 14.16457 14.08387 14.0004 13.91379 13.81812 13.71536
-9999 -9999 -9999 -9999 -9999 -9999 -9999 -9999 -9999 -9999 -9999 -9999 -9999 -9999 -9999 -9999 -9999 -9999 -9999 -9999 -9999 -9999 -9999 -9999 -9999 -9999 -9999 -9999 -9999 12.09016 12.12363 12.19213 12.34764 12.55788 12.77324 12.99135 13.20827 13.42402 13.6256 13.81418 13.98741 14.15394 14.30631 14.4382 14.5567 14.65709 14.74489 14.81851 14.87245 14.92087 14.95158 14.96772 14.96891 14.96182 14.94922 14.92993 14.89843 14.86064 14.81812 14.77048 14.71772 14.66064 14.5945 14.51733 14.43544 14.34922 14.25946 14.16142 14.05079
-9999 -9999 -9999 -9999 -9999 -9999 -9999 -9999 -9999 -9999 -9999 -9999 -9999 -9999 -9999 -9999 -9999 -9999 -9999 -9999 -9999 -9999 -9999 -9999 -9999 -9999 -9999 -9999 -9999 12.22481 12.30355 12.47914 12.71772 12.94095 13.16851 13.39922 13.62875 13.85119 14.05946 14.2504 14.42599 14.5941 14.74961 14.8882 15.00513 15.10237 15.18426 15.24883 15.29646 15.32796 15.35394 15.3567 15.35316 15.33623 15.31615 15.28741 15.24843 15.20237 15.15355 15.10394 15.05355 14.99646 14.92835 14.85473 14.77284 14.68583 14.59253 14.48898 14.37757
-9999 -9999 -9999 -9999 -9999 -9999 -9999 -9999 -9999 -9999 -9999 -9999 -9999 -9999 -9999 -9999 -9999 -9999 -9999 -9999 -9999 -9999 -9999 -9999 -9999 -9999 -9999 -9999 12.30198 12.39568 12.57402 12.82048 13.07993 13.32875 13.56654 13.81339 14.04843 14.2752 14.49135 14.68741 14.86772 15.04016 15.19371 15.33387 15.44646 15.54371 15.613 15.66497 15.7008 15.7193 15.72757 15.72993 15.70749 15.68268 15.65158 15.61615 15.57127 15.51851 15.46576 15.41536 15.36536 15.3067 15.24095 15.16615 15.08623 14.99883 14.90434 14.80079 14.6882
-9999 -9999 -9999 -9999 -9999 -9999 -9999 -9999 -9999 -9999 -9999 -9999 -9999 -9999 -9999 -9999 -9999 -9999 -9999 -9999 -9999 -9999 -9999 -9999 -9999 -9999 -9999 12.36654 12.47757 12.65079 12.91142 13.17835 13.44883 13.71024 13.9693 14.21536 14.46064 14.69843 14.92009 15.12363 15.31103 15.48308 15.64174 15.76812 15.88269 15.96615 16.02481 16.05513 16.07875 16.0815 16.07363 16.05237 16.02875 15.98899 15.95119 15.90828 15.85709 15.80434 15.75198 15.70158 15.64883 15.59292 15.52324 15.45001 15.37245 15.2882 15.19292 15.08741 14.97599
-9999 -9999 -9999 -9999 -9999 -9999 -9999 -9999 -9999 -9999 -9999 -9999 -9999 -9999 -9999 -9999 -9999 -9999 -9999 -9999 -9999 -9999 -9999 11.73583 -9999 -9999 12.40788 12.54686 12.72363 12.98859 13.25709 13.54568 13.81851 14.09883 14.36694 14.62048 14.87599 15.12127 15.34686 15.56103 15.75198 15.9315 16.07954 16.2008 16.29961 16.36733 16.40985 16.42835 16.42009 16.40434 16.3756 16.34253 16.29843 16.25119 16.20276 16.15316 16.1004 16.04528 15.99371 15.94568 15.89883 15.8382 15.77324 15.70237 15.6319 15.54843 15.45591 15.35434 15.23741
-9999 -9999 -9999 -9999 -9999 -9999 -9999 -9999 -9999 -9999 -9999 -9999 -9999 -9999 -9999 -9999 -9999 -9999 -9999 -9999 -9999 -9999 11.77245 11.88977 12.06497 12.34331 12.55906 12.77127 13.0504 13.33544 13.62009 13.90513 14.19961 14.48387 14.75867 15.0319 15.29213 15.54371 15.78032 15.99489 16.19174 16.36497 16.51064 16.61694 16.7004 16.7504 16.76812 16.76261 16.73426 16.68741 16.63544 16.57757 16.51851 16.45749 16.40079 16.34135 16.28465 16.23032 16.1819 16.13859 16.09371 16.04371 15.97993 15.91772 15.8504 15.77442 15.68426 15.58623 15.47402
-9999 -9999 -9999 -9999 -9999 -9999 -9999 -9999 -9999 -9999 -9999 -9999 -9999 -9999 -9999 -9999 -9999 -9999 -9999 -9999 -9999 11.81064 11.90473 12.02757 12.29568 12.55631 12.80001 13.08898 13.3819 13.67835 13.97678 14.27009 14.57009 14.86221 15.15001 15.43505 15.70906 15.9693 16.21379 16.43111 16.62284 16.79607 16.92993 17.02324 17.07678 17.10395 17.09607 17.06025 17.00473 16.92757 16.84332 16.75434 16.67914 16.60513 16.5319 16.46694 16.4067 16.35552 16.31379 16.27835 16.24292 16.19725 16.1441 16.08741 16.02993 15.95867 15.87324 15.77993 15.67678
-9999 -9999 -9999 -9999 -9999 -9999 -9999 -9999 -9999 -9999 -9999 -9999 -9999 -9999 -9999 -9999 -9999 -9999 -9999 -9999 11.84056 11.92599 12.05906 12.28583 12.55158 12.82048 13.10591 13.40552 13.71103 14.01654 14.32284 14.62993 14.93032 15.23741 15.53898 15.83505 16.11851 16.39371 16.64489 16.86576 17.05631 17.21969 17.34056 17.40867 17.43662 17.42836 17.38623 17.313 17.21812 17.10867 16.98938 16.8756 16.77678 16.68702 16.60394 16.52993 16.4693 16.42363 16.39056 16.36536 16.33623 16.30473 16.26261 16.21654 16.16536 16.10198 16.02481 15.93465 15.83938
-9999 -9999 -9999 -9999 -9999 -9999 -9999 -9999 -9999 -9999 -9999 -9999 -9999 -9999 -9999 -9999 -9999 -9999 -9999 -9999 11.94016 12.08347 12.30434 12.563 12.83741 13.11851 13.41379 13.71812 14.02835 14.34528 14.65906 14.9756 15.28859 15.60394 15.92087 16.22836 16.52481 16.80828 17.06576 17.29174 17.48505 17.64056 17.74056 17.78387 17.77914 17.72993 17.64214 17.52166 17.38347 17.23938 17.1004 16.97166 16.8504 16.74253 16.64883 16.56261 16.49174 16.44095 16.40828 16.39017 16.37717 16.35788 16.33347 16.30316 16.26261 16.20709 16.13662 16.05828 15.96733
-9999 -9999 -9999 -9999 -9999 -9999 -9999 -9999 -9999 -9999 -9999 -9999 -9999 -9999 -9999 -9999 -9999 -9999 -9999 11.95788 12.10276 12.3189 12.57087 12.8382 13.12245 13.41851 13.72009 14.02599 14.34253 14.663 14.98623 15.31143 15.63544 15.96733 16.29528 16.61733 16.92363 17.21261 17.4819 17.71969 17.90788 18.05198 18.13702 18.15237 18.10985 18.01182 17.86654 17.69962 17.53505 17.38111 17.2315 17.08938 16.96143 16.83741 16.7193 16.61024 16.51576 16.44135 16.39095 16.36497 16.36024 16.36221 16.3567 16.34371 16.31772 16.27402 16.21457 16.14528 16.06418
-9999 -9999 -9999 -9999 -9999 -9999 -9999 -9999 -9999 -9999 -9999 -9999 -9999 -9999 -9999 -9999 -9999 11.88465 11.96379 12.11024 12.33111 12.57993 12.83662 13.11418 13.40788 13.71142 14.01851 14.3315 14.65119 14.97324 15.30276 15.6378 15.97678 16.32009 16.66379 16.99568 17.31497 17.61812 17.9004 18.13938 18.32206 18.44962 18.51221 18.49922 18.41773 18.27206 18.08741 17.89647 17.72403 17.56576 17.41772 17.26812 17.1256 16.98111 16.83544 16.69607 16.56694 16.45395 16.37009 16.31969 16.30513 16.31891 16.33583 16.34135 16.33111 16.30119 16.25395 16.19765 16.12796
-9999 -9999 -9999 -9999 -9999 -9999 -9999 -9999 -9999 -9999 -9999 -9999 -9999 -9999 -9999 -9999 11.89449 11.96379 12.10394 12.32048 12.57796 12.83977 13.10552 13.39135 13.69135 13.99607 14.30946 14.62717 14.94804 15.2752 15.61261 15.95828 16.30788 16.66064 17.013 17.363 17.69922 18.01654 18.29528 18.51694 18.67914 18.78111 18.81418 18.77718 18.66655 18.50552 18.32481 18.14017 17.96221 17.80119 17.64214 17.47402 17.29843 17.12757 16.95946 16.79292 16.63308 16.48347 16.35749 16.2756 16.23977 16.2445 16.27442 16.29725 16.30316 16.29056 16.25946 16.21457 16.15709
-9999 -9999 -9999 -9999 -9999 -9999 -9999 -9999 -9999 -9999 -9999 -9999 -9999 -9999 -9999 -9999 12.00906 12.10827 12.30355 12.55631 12.8252 13.09922 13.37717 13.66812 13.97048 14.27954 14.59056 14.90985 15.23426 15.56654 15.90985 16.26379 16.62363 16.98662 17.34607 17.71221 18.05434 18.35592 18.60237 18.78465 18.90395 18.96891 18.97285 18.91694 18.80198 18.66615 18.52836 18.38859 18.23662 18.05395 17.85434 17.64568 17.44292 17.24371 17.04765 16.85906 16.68151 16.50985 16.35198 16.2315 16.16615 16.15158 16.17796 16.21418 16.23544 16.24213 16.22914 16.19922 16.15119
-9999 -9999 -9999 -9999 -9999 -9999 -9999 -9999 -9999 -9999 -9999 -9999 -9999 -9999 -9999 -9999 12.17245 12.3256 12.53938 12.80198 13.07835 13.35946 13.65119 13.94174 14.24883 14.55473 14.86379 15.18072 15.50946 15.84686 16.19095 16.55158 16.92324 17.29253 17.66576 18.02245 18.33111 18.58859 18.78465 18.90828 18.97481 19.0008 18.97442 18.89686 18.80355 18.71969 18.64214 18.56773 18.45198 18.2697 18.02284 17.77717 17.54174 17.31103 17.08938 16.88347 16.6878 16.50237 16.32875 16.18111 16.08229 16.04292 16.05276 16.09646 16.13662 16.15591 16.16339 16.14922 16.1193
-9999 -9999 -9999 -9999 -9999 -9999 -9999 -9999 -9999 -9999 -9999 -9999 -9999 -9999 -9999 12.29725 12.37245 12.54607 12.79095 13.05827 13.33898 13.62481 13.92048 14.21969 14.51733 14.82205 15.1315 15.44725 15.77284 16.113 16.463 16.8315 17.20001 17.57875 17.95119 18.25985 18.51418 18.71025 18.84095 18.91339 18.94017 18.93584 18.88229 18.78623 18.69883 18.65473 18.64804 18.62717 18.54332 18.37993 18.14568 17.85906 17.58702 17.32914 17.08426 16.85631 16.64843 16.45591 16.27521 16.11182 15.98702 15.91812 15.91182 15.95513 16.00906 16.04568 16.06379 16.07009 16.05158
-9999 -9999 -9999 -9999 -9999 -9999 -9999 -9999 -9999 -9999 -9999 -9999 -9999 -9999 12.30119 12.43741 12.55237 12.79449 13.05079 13.32166 13.60552 13.89883 14.18583 14.48268 14.7819 15.0819 15.38898 15.70395 16.03032 16.36576 16.71576 17.0819 17.45946 17.84529 18.16143 18.41458 18.60592 18.73229 18.80985 18.86103 18.86812 18.8256 18.7441 18.63387 18.54962 18.52048 18.53938 18.55473 18.50946 18.38702 18.17521 17.88662 17.57914 17.29686 17.02875 16.78465 16.56536 16.36497 16.18032 16.01261 15.87087 15.77796 15.75749 15.7941 15.85473 15.90906 15.9441 15.96024 15.96694
-9999 -9999 -9999 -9999 -9999 -9999 -9999 -9999 -9999 -9999 -9999 -9999 -9999 12.30119 12.42678 12.55512 12.79922 13.04804 13.31536 13.58938 13.87717 14.16654 14.44961 14.7382 15.03623 15.33702 15.63938 15.94607 16.26772 16.60198 16.94528 17.30395 17.68584 18.03269 18.3008 18.49568 18.62088 18.70237 18.75749 18.7756 18.76182 18.70867 18.59529 18.47127 18.38151 18.35788 18.37009 18.38505 18.37403 18.29056 18.11261 17.83899 17.51772 17.20513 16.92009 16.66418 16.43662 16.23032 16.04725 15.87481 15.7256 15.61772 15.58072 15.61772 15.68387 15.74765 15.79686 15.8315 15.84292
