ASPA-UH-SWB2_REPO/input/Gridded_rain/prism_ppt_tutuila_30yr_normal_01.asc
ncols         350
nrows         200
xllcorner     515000
yllcorner     8409000
cellsize      100
NODATA_value  -9999
[rows 155 to 185 of 200, columns 69 to 137 of 350]
-9999 -9999 -9999 -9999 -9999 -9999 -9999 10.67599 10.70119 10.73662 10.77442 10.81221 10.85394 10.90434 10.95394 11.00316 11.05237 11.10119 11.15316 11.20197 11.25197 11.30158 11.34725 11.39016 11.43701 11.4878 11.54134 11.59292 11.64253 11.69095 11.73623 11.7878 11.83583 11.87953 11.9256 11.96969 12.01536 12.06694 12.12638 12.19174 12.2567 12.313 12.36615 12.41575 12.45867 12.48977 12.51654 12.53465 12.54646 12.54961 12.55079 12.5441 12.52875 12.50906 12.48268 12.45512 12.42599 12.38938 12.34922 12.30749 12.26497 12.22245 12.17914 12.1319 12.0815 12.03229 11.98701 11.93623 11.88701
-9999 -9999 -9999 -9999 -9999 -9999 -9999 10.64016 10.66536 10.69725 10.73426 10.77323 10.81615 10.86654 10.91615 10.96339 11.01142 11.06221 11.1126 11.16418 11.21654 11.26536 11.31103 11.35946 11.40709 11.45867 11.51064 11.55827 11.60237 11.64528 11.68701 11.72914 11.7756 11.82048 11.86772 11.91497 11.96457 12.02205 12.08229 12.14607 12.20434 12.25394 12.30316 12.35001 12.39016 12.42008 12.43977 12.45631 12.46694 12.47363 12.47127 12.46654 12.45316 12.43308 12.40749 12.37914 12.34922 12.3193 12.27993 12.2382 12.19646 12.15512 12.11221 12.06497 12.01733 11.97442 11.92757 11.8815 11.83623
-9999 -9999 -9999 -9999 -9999 -9999 -9999 10.60906 10.63308 10.66378 10.69922 10.73859 10.78308 10.83111 10.87953 10.92599 10.97441 11.02481 11.07717 11.12953 11.18111 11.22796 11.2819 11.33071 11.37875 11.4319 11.48505 11.53347 11.57678 11.61379 11.65079 11.68938 11.7319 11.77914 11.82599 11.87678 11.9315 11.98623 12.0441 12.10158 12.15237 12.19961 12.24568 12.2882 12.32442 12.35197 12.37323 12.38505 12.39371 12.39764 12.39568 12.38623 12.37481 12.35473 12.33072 12.30473 12.2756 12.24371 12.21064 12.17008 12.12717 12.0878 12.0441 12.00001 11.95355 11.91182 11.87087 11.82638 11.78426
-9999 -9999 -9999 -9999 -9999 -9999 -9999 10.58386 10.60394 10.63544 10.67008 10.70945 10.75276 10.79804 10.84449 10.89174 10.94016 10.99056 11.04292 11.09528 11.14646 11.19804 11.25119 11.30158 11.35394 11.40867 11.46221 11.51418 11.55985 11.59725 11.6315 11.6689 11.70945 11.75158 11.79843 11.85158 11.90276 11.95355 12.00867 12.05788 12.10394 12.15001 12.19016 12.22835 12.26103 12.28741 12.3067 12.3193 12.32481 12.32481 12.32009 12.30867 12.29371 12.27638 12.25237 12.22875 12.20197 12.17127 12.13741 12.1004 12.05945 12.01851 11.97717 11.93426 11.89095 11.85197 11.81379 11.77127 11.73032
-9999 -9999 -9999 -9999 -9999 -9999 -9999 10.56103 10.57993 10.60945 10.64213 10.68032 10.72245 10.76654 10.81221 10.85867 10.90709 10.95709 11.00985 11.06103 11.11497 11.16851 11.22008 11.27363 11.32953 11.38308 11.44016 11.49607 11.54489 11.58583 11.62048 11.65591 11.69331 11.73308 11.77835 11.82599 11.87363 11.92166 11.97087 12.01536 12.06024 12.10158 12.13898 12.17048 12.19725 12.22009 12.23741 12.2504 12.25512 12.25079 12.24253 12.23268 12.21615 12.19725 12.17757 12.15237 12.12678 12.09764 12.06339 12.02757 11.98977 11.94882 11.90985 11.86851 11.82835 11.79292 11.75512 11.71733 11.67717
-9999 -9999 -9999 -9999 -9999 -9999 -9999 10.54489 10.55906 10.58308 10.61536 10.65237 10.69174 10.73623 10.7815 10.82717 10.87481 10.92481 10.97638 11.02875 11.08347 11.13662 11.19095 11.24607 11.3004 11.35709 11.41615 11.47245 11.52481 11.57048 11.60591 11.63938 11.67638 11.71615 11.7567 11.79883 11.84489 11.88859 11.92914 11.97323 12.01575 12.05394 12.08701 12.11142 12.13229 12.15197 12.16693 12.17599 12.17678 12.17363 12.16536 12.15434 12.14095 12.12205 12.09961 12.07757 12.05079 12.02087 11.98977 11.95434 11.91851 11.8815 11.84371 11.80512 11.76654 11.73308 11.69804 11.663 11.62402
-9999 -9999 -9999 -9999 -9999 -9999 -9999 -9999 10.54646 10.5626 10.59016 10.6256 10.66615 10.70749 10.75197 10.79725 10.84489 10.89213 10.94331 10.99568 11.05158 11.10473 11.16103 11.21536 11.27008 11.32875 11.38623 11.44331 11.5004 11.54449 11.58308 11.61733 11.65394 11.69095 11.73071 11.77127 11.81182 11.85158 11.88898 11.92717 11.96694 12.00434 12.0319 12.05001 12.06772 12.08465 12.09646 12.09883 12.09843 12.09371 12.0878 12.07638 12.06221 12.04607 12.02442 12.00158 11.97402 11.94528 11.91536 11.88308 11.84922 11.81418 11.77914 11.7441 11.70512 11.67323 11.64135 11.6067 11.57166
-9999 -9999 -9999 -9999 -9999 -9999 -9999 -9999 10.53859 10.5504 10.57048 10.60316 10.64056 10.67993 10.72166 10.76851 10.81536 10.86103 10.91064 10.96536 11.0193 11.07402 11.13032 11.18268 11.23741 11.29489 11.35276 11.41221 11.46457 11.51457 11.55237 11.58898 11.62363 11.65945 11.69882 11.73623 11.77284 11.81024 11.8441 11.87953 11.91418 11.94843 11.97245 11.98938 12.00394 12.01733 12.0256 12.02638 12.02481 12.0193 12.01142 12.00079 11.98465 11.96654 11.94922 11.92599 11.90001 11.87127 11.84292 11.8126 11.7815 11.74883 11.71615 11.6815 11.6441 11.61339 11.58583 11.55237 11.51969
-9999 -9999 -9999 -9999 -9999 -9999 -9999 -9999 -9999 10.54646 10.5626 10.58111 10.61654 10.65394 10.69607 10.73977 10.78504 10.83189 10.88386 10.93426 10.9878 11.04134 11.09725 11.14961 11.20355 11.25945 11.31733 11.37402 11.42914 11.4756 11.51812 11.55276 11.58898 11.6256 11.65985 11.69607 11.72993 11.763 11.79607 11.83032 11.86064 11.8882 11.90985 11.92678 11.94016 11.94922 11.95709 11.95906 11.95512 11.9504 11.93977 11.92717 11.91221 11.89174 11.87166 11.8504 11.82599 11.79922 11.77205 11.74607 11.713 11.68308 11.65355 11.62087 11.58426 11.55276 11.52796 11.50119 11.46969
-9999 -9999 -9999 -9999 -9999 -9999 -9999 -9999 -9999 -9999 10.55355 10.57717 10.59489 10.62953 10.66851 10.71379 10.75867 10.8067 10.85473 10.90355 10.95552 11.01024 11.06418 11.11575 11.1689 11.22402 11.27993 11.33583 11.38898 11.43662 11.47717 11.51575 11.5504 11.58504 11.6189 11.65276 11.68701 11.71457 11.74883 11.7756 11.80394 11.82796 11.84764 11.86221 11.87363 11.88229 11.88623 11.88938 11.88583 11.87993 11.8693 11.85316 11.83505 11.81851 11.79843 11.77363 11.7504 11.72717 11.70197 11.67442 11.64568 11.6189 11.59056 11.56142 11.52481 11.49253 11.46733 11.44371 11.41969
-9999 -9999 -9999 -9999 -9999 -9999 -9999 -9999 -9999 -9999 -9999 10.56575 10.58583 10.60631 10.64646 10.68819 10.73386 10.77875 10.8252 10.87245 10.92481 10.97481 11.02993 11.0815 11.1315 11.18662 11.2441 11.29528 11.34646 11.39528 11.43386 11.4693 11.50591 11.54174 11.57363 11.60512 11.63701 11.66812 11.69646 11.72087 11.74371 11.76339 11.78229 11.79646 11.80552 11.8126 11.81418 11.81497 11.813 11.80473 11.79331 11.77835 11.76182 11.74331 11.72323 11.70237 11.67875 11.65434 11.62914 11.60434 11.58111 11.55512 11.53111 11.50316 11.46575 11.43308 11.41024 11.3882 11.37284
-9999 -9999 -9999 -9999 -9999 -9999 -9999 -9999 -9999 -9999 -9999 -9999 10.57599 10.59843 10.62481 10.66575 10.7067 10.75079 10.79568 10.84292 10.8878 10.94134 10.9941 11.0441 11.09528 11.14725 11.20276 11.25512 11.30158 11.34686 11.38662 11.42087 11.45631 11.49056 11.52481 11.55591 11.58583 11.61654 11.64056 11.663 11.68111 11.69686 11.71339 11.72756 11.73623 11.73898 11.74371 11.74016 11.73623 11.72875 11.71694 11.70394 11.68898 11.67245 11.65158 11.62993 11.60473 11.58308 11.56339 11.53977 11.51575 11.49489 11.47442 11.44567 11.41024 11.38111 11.35906 11.34331 11.32993
-9999 -9999 -9999 -9999 -9999 -9999 -9999 -9999 -9999 -9999 -9999 -9999 -9999 10.58859 10.61575 10.6441 10.68032 10.72127 10.76575 10.80827 10.85552 10.9067 10.95985 11.00749 11.05552 11.1067 11.15749 11.21182 11.25827 11.29804 11.33662 11.37245 11.4067 11.43938 11.47284 11.50552 11.53308 11.56103 11.5819 11.60079 11.61772 11.6319 11.64607 11.65788 11.66615 11.66969 11.67008 11.66851 11.66536 11.6567 11.64568 11.63229 11.61733 11.60158 11.58347 11.56103 11.54095 11.51851 11.49686 11.47363 11.45434 11.4378 11.41812 11.39174 11.363 11.33662 11.31457 11.30079 11.30079
-9999 -9999 -9999 -9999 -9999 -9999 -9999 -9999 -9999 -9999 -9999 -9999 -9999 -9999 10.60788 10.63819 10.66575 10.70119 10.74253 10.78347 10.82756 10.87481 10.9252 10.97087 11.01497 11.06379 11.11418 11.16064 11.20709 11.24686 11.28386 11.31969 11.35512 11.38938 11.42048 11.45001 11.47953 11.50119 11.52205 11.54213 11.5567 11.57087 11.58308 11.59213 11.59725 11.60237 11.60001 11.60158 11.59371 11.58386 11.57323 11.56024 11.54489 11.53111 11.51536 11.49568 11.4752 11.45591 11.4319 11.40985 11.39056 11.3752 11.36142 11.34134 11.3126 11.28977 11.27245 11.2693 11.27678
-9999 -9999 -9999 -9999 -9999 -9999 -9999 -9999 -9999 -9999 -9999 -9999 -9999 -9999 -9999 -9999 10.66378 10.69449 10.73386 10.7752 10.81024 10.84725 10.88938 10.9319 10.97441 11.0193 11.06693 11.11182 11.15276 11.19331 11.23032 11.26733 11.30237 11.33662 11.36693 11.39607 11.42087 11.44095 11.46418 11.4819 11.49764 11.51064 11.52087 11.52875 11.5315 11.53386 11.53386 11.53071 11.52284 11.51379 11.50237 11.48701 11.47323 11.46064 11.44725 11.42993 11.41103 11.38898 11.36615 11.34371 11.32442 11.31182 11.3004 11.28544 11.26221 11.23938 11.22953 11.22914 -9999
-9999 -9999 -9999 -9999 -9999 -9999 -9999 -9999 -9999 -9999 -9999 -9999 -9999 -9999 -9999 -9999 -9999 -9999 -9999 10.77914 10.80434 10.82875 10.85631 10.89174 10.93426 10.97599 11.0189 11.06182 11.10237 11.14056 11.17756 11.21497 11.24961 11.28229 11.31142 11.33898 11.36142 11.38386 11.40197 11.4193 11.43623 11.44922 11.4567 11.46221 11.46694 11.46615 11.46575 11.46182 11.45512 11.44646 11.43229 11.41812 11.4067 11.39331 11.37953 11.36457 11.34607 11.32638 11.30355 11.27953 11.26221 11.25394 11.24489 11.22914 11.20827 11.1941 11.19253 11.19922 -9999
-9999 -9999 -9999 -9999 -9999 -9999 -9999 -9999 -9999 -9999 -9999 -9999 -9999 -9999 -9999 -9999 -9999 -9999 -9999 -9999 -9999 -9999 10.83426 10.85945 10.89607 10.93623 10.9756 11.01693 11.0567 11.09331 11.12835 11.16339 11.19764 11.22717 11.25473 11.27953 11.30237 11.32323 11.33938 11.35788 11.37205 11.38308 11.39253 11.39725 11.40001 11.40158 11.39961 11.39528 11.39016 11.37953 11.36733 11.35512 11.34804 11.33583 11.31969 11.29961 11.28347 11.26851 11.24764 11.2256 11.21024 11.20119 11.19213 11.17638 11.1626 11.15906 11.16851 -9999 -9999
-9999 -9999 -9999 -9999 -9999 -9999 -9999 -9999 -9999 -9999 -9999 -9999 -9999 -9999 -9999 -9999 -9999 -9999 -9999 -9999 -9999 -9999 -9999 10.83977 10.86969 10.90355 10.93701 10.9756 11.01142 11.04528 11.07953 11.11378 11.1441 11.17205 11.19725 11.22205 11.24371 11.263 11.28229 11.29843 11.30985 11.32087 11.32914 11.33504 11.33662 11.3378 11.33504 11.33347 11.3256 11.31654 11.30394 11.29725 -9999 11.28977 11.26812 11.24528 11.22481 11.213 11.19489 11.1752 11.16182 11.15237 11.14095 11.13229 11.12717 -9999 -9999 -9999 -9999
-9999 -9999 -9999 -9999 -9999 -9999 -9999 -9999 -9999 -9999 -9999 -9999 -9999 -9999 -9999 -9999 -9999 -9999 -9999 -9999 -9999 -9999 -9999 -9999 -9999 10.8941 10.91378 10.93819 10.96497 10.99725 11.03229 11.06536 11.09134 11.12008 11.1441 11.16733 11.18898 11.20709 11.22481 11.24016 11.25316 11.2626 11.26772 11.27127 11.27599 11.2752 11.27442 11.2693 11.26418 11.25355 11.24607 11.24725 -9999 -9999 -9999 11.19646 11.17717 11.15945 11.14449 11.12796 11.11497 11.10512 11.10079 11.09686 -9999 -9999 -9999 -9999 -9999
-9999 -9999 -9999 -9999 -9999 -9999 -9999 -9999 -9999 -9999 -9999 -9999 -9999 -9999 -9999 -9999 -9999 -9999 -9999 -9999 -9999 -9999 -9999 -9999 -9999 -9999 10.89922 10.91182 10.92993 10.95079 10.98662 11.02363 11.05158 11.07008 11.09292 11.11615 11.13662 11.15473 11.17008 11.18426 11.19567 11.20355 11.20985 11.213 11.21418 11.21654 11.21221 11.21064 11.20237 11.19646 11.2004 11.20867 -9999 -9999 -9999 -9999 11.13386 11.11733 11.10001 11.08308 11.07087 11.06654 11.06733 -9999 -9999 -9999 -9999 -9999 -9999
-9999 -9999 -9999 -9999 -9999 -9999 -9999 -9999 -9999 -9999 -9999 -9999 -9999 -9999 -9999 -9999 -9999 -9999 -9999 -9999 -9999 -9999 -9999 -9999 -9999 -9999 -9999 -9999 10.90749 10.91772 10.94449 -9999 11.01457 11.02481 11.04331 11.06575 11.08426 11.10001 11.11497 11.12835 11.14134 11.14843 11.15197 11.15473 11.15709 11.15867 11.15631 11.14961 11.14764 11.15316 11.15788 -9999 -9999 -9999 -9999 -9999 -9999 11.08583 11.06379 11.04489 11.03662 11.0378 -9999 -9999 -9999 -9999 -9999 -9999 -9999
-9999 -9999 -9999 -9999 -9999 -9999 -9999 -9999 -9999 -9999 -9999 -9999 -9999 -9999 -9999 -9999 -9999 -9999 -9999 -9999 -9999 -9999 -9999 -9999 -9999 -9999 -9999 -9999 -9999 10.89646 -9999 -9999 -9999 10.97953 10.99528 11.01339 11.03347 11.04882 11.05867 11.07481 11.0878 11.0941 11.09568 11.10001 11.10473 11.10316 11.10001 11.09725 11.10316 11.11378 -9999 -9999 -9999 -9999 -9999 -9999 -9999 -9999 -9999 11.01812 11.01339 -9999 -9999 -9999 -9999 -9999 -9999 -9999 -9999
-9999 -9999 -9999 -9999 -9999 -9999 -9999 -9999 -9999 -9999 -9999 -9999 -9999 -9999 -9999 -9999 -9999 -9999 -9999 -9999 -9999 -9999 -9999 -9999 -9999 -9999 -9999 -9999 -9999 -9999 -9999 -9999 -9999 10.94016 10.94686 10.963 10.98229 10.99804 11.01024 11.02284 11.03032 11.03859 11.04528 11.04922 11.05001 11.04922 11.04922 11.05276 11.06772 -9999 -9999 -9999 -9999 -9999 -9999 -9999 -9999 -9999 -9999 -9999 -9999 -9999 -9999 -9999 -9999 -9999 -9999 -9999 -9999
-9999 -9999 -9999 -9999 -9999 -9999 -9999 -9999 -9999 -9999 -9999 -9999 -9999 -9999 -9999 -9999 -9999 -9999 -9999 -9999 -9999 -9999 -9999 -9999 -9999 -9999 -9999 -9999 -9999 -9999 -9999 -9999 -9999 10.90906 10.90867 10.92048 10.93544 10.9504 10.963 10.97205 10.9819 10.98938 10.99528 10.99882 11.00001 11.00237 11.00434 11.01457 -9999 -9999 -9999 -9999 -9999 -9999 -9999 -9999 -9999 -9999 -9999 -9999 -9999 -9999 -9999 -9999 -9999 -9999 -9999 -9999 -9999
-9999 -9999 -9999 -9999 -9999 -9999 -9999 -9999 -9999 -9999 -9999 -9999 -9999 -9999 -9999 -9999 -9999 -9999 -9999 -9999 -9999 -9999 -9999 -9999 -9999 -9999 -9999 -9999 -9999 -9999 -9999 -9999 -9999 -9999 10.88347 10.88229 10.89095 10.90867 10.92127 10.92796 10.93741 10.94449 10.95079 10.95552 10.95512 10.9567 10.96694 10.98505 -9999 -9999 -9999 -9999 -9999 -9999 -9999 -9999 -9999 -9999 -9999 -9999 -9999 -9999 -9999 -9999 -9999 -9999 -9999 -9999 -9999
-9999 -9999 -9999 -9999 -9999 -9999 -9999 -9999 -9999 -9999 -9999 -9999 -9999 -9999 -9999 -9999 -9999 -9999 -9999 -9999 -9999 -9999 -9999 -9999 -9999 -9999 -9999 -9999 -9999 -9999 -9999 -9999 -9999 -9999 10.85552 10.85197 10.85434 10.86654 10.87993 10.88898 10.89607 10.90394 10.91182 10.91497 10.91457 10.9193 10.93898 -9999 -9999 -9999 -9999 -9999 -9999 -9999 -9999 -9999 -9999 -9999 -9999 -9999 -9999 -9999 -9999 -9999 -9999 -9999 -9999 -9999 -9999
-9999 -9999 -9999 -9999 -9999 -9999 -9999 -9999 -9999 -9999 -9999 -9999 -9999 -9999 -9999 -9999 -9999 -9999 -9999 -9999 -9999 -9999 -9999 -9999 -9999 -9999 -9999 -9999 -9999 -9999 -9999 -9999 -9999 -9999 -9999 10.82717 10.82835 10.8315 10.84056 10.84961 10.8567 10.86497 10.87284 10.87796 10.88308 10.8941 -9999 -9999 -9999 -9999 -9999 -9999 -9999 -9999 -9999 -9999 -9999 -9999 -9999 -9999 -9999 -9999 -9999 -9999 -9999 -9999 -9999 -9999 -9999
-9999 -9999 -9999 -9999 -9999 -9999 -9999 -9999 -9999 -9999 -9999 -9999 -9999 -9999 -9999 -9999 -9999 -9999 -9999 -9999 -9999 -9999 -9999 -9999 -9999 -9999 -9999 -9999 -9999 -9999 -9999 -9999 -9999 -9999 -9999 -9999 10.81024 10.80827 10.80788 10.81024 10.81733 10.8256 10.83544 10.84725 10.86024 -9999 -9999 -9999 -9999 -9999 -9999 -9999 -9999 -9999 -9999 -9999 -9999 -9999 -9999 -9999 -9999 -9999 -9999 -9999 -9999 -9999 -9999 -9999 -9999
-9999 -9999 -9999 -9999 -9999 -9999 -9999 -9999 -9999 -9999 -9999 -9999 -9999 -9999 -9999 -9999 -9999 -9999 -9999 -9999 -9999 -9999 -9999 -9999 -9999 -9999 -9999 -9999 -9999 -9999 -9999 -9999 -9999 -9999 -9999 -9999 -9999 -9999 10.78071 10.77599 10.77757 10.78741 10.80237 -9999 -9999 -9999 -9999 -9999 -9999 -9999 -9999 -9999 -9999 -9999 -9999 -9999 -9999 -9999 -9999 -9999 -9999 -9999 -9999 -9999 -9999 -9999 -9999 -9999 -9999
-9999 -9999 -9999 -9999 -9999 -9999 -9999 -9999 -9999 -9999 -9999 -9999 -9999 -9999 -9999 -9999 -9999 -9999 -9999 -9999 -9999 -9999 -9999 -9999 -9999 -9999 -9999 -9999 -9999 -9999 -9999 -9999 -9999 -9999 -9999 -9999 -9999 -9999 -9999 10.74686 10.74489 10.75355 10.77166 -9999 -9999 -9999 -9999 -9999 -9999 -9999 -9999 -9999 -9999 -9999 -9999 -9999 -9999 -9999 -9999 -9999 -9999 -9999 -9999 -9999 -9999 -9999 -9999 -9999 -9999
-9999 -9999 -9999 -9999 -9999 -9999 -9999 -9999 -9999 -9999 -9999 -9999 -9999 -9999 -9999 -9999 -9999 -9999 -9999 -9999 -9999 -9999 -9999 -9999 -9999 -9999 -9999 -9999 -9999 -9999 -9999 -9999 -9999 -9999 -9999 -9999 -9999 -9999 -9999 -9999 10.72284 10.72993 -9999 -9999 -9999 -9999 -9999 -9999 -9999 -9999 -9999 -9999 -9999 -9999 -9999 -9999 -9999 -9999 -9999 -9999 -9999 -9999 -9999 -9999 -9999 -9999 -9999 -9999 -9999
