ASPA-UH-SWB2_REPO/input/Gridded_rain/prism_ppt_tutuila_30yr_normal_02.asc
ncols         350
nrows         200
xllcorner     515000
yllcorner     8409000
cellsize      100
NODATA_value  -9999
[rows 31 to 61 of 200, columns 138 to 206 of 350]
-9999 -9999 -9999 -9999 -9999 -9999 -9999 -9999 -9999 -9999 -9999 -9999 -9999 -9999 -9999 -9999 -9999 -9999 -9999 -9999 -9999 -9999 -9999 -9999 -9999 -9999 -9999 -9999 -9999 -9999 -9999 -9999 -9999 -9999 -9999 -9999 -9999 -9999 -9999 -9999 -9999 -9999 -9999 -9999 -9999 -9999 -9999 -9999 -9999 -9999 -9999 -9999 -9999 -9999 -9999 -9999 -9999 -9999 -9999 12.72127 12.64174 12.60867 12.57953 12.54804 12.51457 12.47678 12.43465 12.38505 12.3378
-9999 -9999 -9999 -9999 -9999 -9999 -9999 -9999 -9999 -9999 -9999 -9999 -9999 -9999 -9999 -9999 -9999 -9999 -9999 -9999 -9999 -9999 -9999 -9999 -9999 -9999 -9999 -9999 -9999 -9999 -9999 -9999 -9999 -9999 -9999 -9999 -9999 -9999 -9999 -9999 -9999 -9999 -9999 -9999 -9999 -9999 -9999 -9999 -9999 -9999 -9999 -9999 -9999 13.03426 12.96182 12.94646 12.95867 12.95512 12.93032 12.88347 12.83938 12.8126 12.78229 12.74686 12.70985 12.67008 12.62481 12.57678 12.52757
-9999 -9999 -9999 -9999 -9999 -9999 -9999 -9999 -9999 -9999 -9999 -9999 -9999 -9999 -9999 -9999 -9999 -9999 -9999 -9999 -9999 -9999 -9999 -9999 -9999 -9999 -9999 -9999 -9999 -9999 -9999 -9999 -9999 -9999 -9999 -9999 -9999 -9999 -9999 -9999 -9999 -9999 -9999 -9999 -9999 -9999 -9999 -9999 -9999 13.27442 13.27599 -9999 13.23938 13.17009 13.13072 13.12678 13.13032 13.12205 13.10749 13.07796 13.05749 13.02796 12.99568 12.96064 12.92127 12.87757 12.83032 12.78071 12.72914
-9999 -9999 -9999 -9999 -9999 -9999 -9999 -9999 -9999 -9999 -9999 -9999 -9999 -9999 -9999 -9999 -9999 -9999 -9999 -9999 -9999 -9999 -9999 -9999 -9999 -9999 -9999 -9999 -9999 -9999 -9999 -9999 -9999 -9999 -9999 -9999 -9999 -9999 -9999 -9999 -9999 -9999 -9999 -9999 -9999 -9999 -9999 -9999 13.41221 13.36576 13.36261 13.4189 13.38465 13.3504 13.34686 13.35001 13.34922 13.34056 13.32363 13.30434 13.28111 13.25394 13.22205 13.18662 13.1445 13.09883 13.04883 12.99646 12.93662
-9999 -9999 -9999 -9999 -9999 -9999 -9999 -9999 -9999 -9999 -9999 -9999 -9999 -9999 -9999 -9999 -9999 -9999 -9999 -9999 -9999 -9999 -9999 -9999 -9999 -9999 -9999 -9999 -9999 -9999 -9999 -9999 -9999 -9999 -9999 -9999 -9999 -9999 -9999 -9999 -9999 -9999 -9999 -9999 -9999 -9999 13.62087 13.60001 13.55631 13.52087 13.54016 13.58583 13.5756 13.58229 13.59016 13.59095 13.58859 13.58111 13.56379 13.54135 13.51615 13.48977 13.46064 13.42245 13.37717 13.32993 13.27796 13.21969 13.16024
-9999 -9999 -9999 -9999 -9999 -9999 -9999 -9999 -9999 -9999 -9999 -9999 -9999 -9999 -9999 -9999 -9999 -9999 -9999 -9999 -9999 -9999 -9999 -9999 -9999 -9999 -9999 -9999 -9999 -9999 -9999 -9999 -9999 -9999 -9999 -9999 -9999 -9999 -9999 -9999 -9999 -9999 -9999 -9999 -9999 -9999 13.74922 13.73505 13.7319 13.75709 13.78268 13.80749 13.82284 13.8382 13.84528 13.84804 13.84646 13.83465 13.81615 13.79528 13.7693 13.74135 13.70827 13.6693 13.62245 13.57245 13.51575 13.45591 13.39016
-9999 -9999 -9999 -9999 -9999 -9999 -9999 -9999 -9999 -9999 -9999 -9999 -9999 -9999 -9999 -9999 -9999 -9999 -9999 -9999 -9999 -9999 -9999 -9999 -9999 -9999 -9999 -9999 -9999 -9999 -9999 -9999 -9999 -9999 -9999 -9999 -9999 -9999 -9999 -9999 -9999 -9999 -9999 -9999 -9999 13.94883 13.92402 13.92914 13.97717 14.01615 14.05158 14.07363 14.09056 14.10434 14.11536 14.11812 14.11536 14.10276 14.08583 14.06142 14.0378 14.00198 13.96733 13.92678 13.87875 13.82284 13.76615 13.70079 13.63465
-9999 -9999 -9999 -9999 -9999 -9999 -9999 -9999 -9999 -9999 -9999 -9999 -9999 -9999 -9999 -9999 -9999 -9999 -9999 -9999 -9999 -9999 -9999 -9999 -9999 -9999 -9999 -9999 -9999 -9999 -9999 -9999 -9999 -9999 -9999 -9999 -9999 -9999 -9999 -9999 -9999 13.99331 14.04213 -9999 14.12757 14.13977 14.14607 14.19804 14.24961 14.2941 14.32678 14.35513 14.37206 14.38702 14.39607 14.39804 14.39489 14.38544 14.36576 14.34292 14.31103 14.27678 14.23741 14.19371 14.14135 14.08426 14.0252 13.95749 13.88229
-9999 -9999 -9999 -9999 -9999 -9999 -9999 -9999 -9999 -9999 -9999 -9999 -9999 -9999 -9999 -9999 -9999 -9999 -9999 -9999 -9999 -9999 -9999 -9999 -9999 -9999 -9999 -9999 -9999 -9999 -9999 -9999 -9999 -9999 -9999 -9999 -9999 -9999 -9999 -9999 14.12835 14.13859 14.19095 14.28072 14.33583 14.36261 14.4252 14.4815 14.53308 14.58111 14.62009 14.64253 14.66418 14.67796 14.68583 14.68702 14.68229 14.67363 14.65434 14.62835 14.59765 14.56103 14.51851 14.46891 14.413 14.35552 14.28938 14.2193 14.14213
-9999 -9999 -9999 -9999 -9999 -9999 -9999 -9999 -9999 -9999 -9999 -9999 -9999 -9999 -9999 -9999 -9999 -9999 -9999 -9999 -9999 -9999 -9999 -9999 -9999 -9999 -9999 -9999 -9999 -9999 -9999 -9999 -9999 -9999 -9999 -9999 -9999 -9999 -9999 14.30473 14.30867 14.33229 14.42127 14.52599 14.57639 14.64686 14.71418 14.77402 14.82717 14.8752 14.91221 14.93977 14.95906 14.97363 14.97993 14.98111 14.9752 14.96103 14.94489 14.92324 14.88583 14.84489 14.80079 14.7504 14.69253 14.63032 14.56064 14.48662 14.40749
-9999 -9999 -9999 -9999 -9999 -9999 -9999 -9999 -9999 -9999 -9999 -9999 -9999 -9999 -9999 -9999 -9999 -9999 -9999 -9999 -9999 -9999 -9999 -9999 -9999 -9999 -9999 -9999 -9999 -9999 -9999 -9999 -9999 -9999 -9999 -9999 -9999 -9999 14.45591 14.47324 14.50867 14.60552 14.70434 14.79095 14.86772 14.94213 15.01182 15.07284 15.12796 15.17127 15.20513 15.23269 15.25473 15.26812 15.27324 15.27205 15.26576 15.24922 15.22954 15.20276 15.16812 15.1256 15.0815 15.02757 14.96733 14.90316 14.83229 14.75552 14.66851
-9999 -9999 -9999 -9999 -9999 -9999 -9999 -9999 -9999 -9999 -9999 -9999 -9999 -9999 -9999 -9999 -9999 -9999 -9999 -9999 -9999 -9999 -9999 -9999 -9999 -9999 -9999 -9999 -9999 -9999 -9999 -9999 -9999 14.10946 14.18308 14.28308 14.40079 14.51497 14.60276 14.67442 14.77757 14.89095 14.9945 15.08465 15.16339 15.24095 15.31143 15.37245 15.42402 15.46615 15.49922 15.52402 15.54371 15.55434 15.56103 15.55867 15.54646 15.5315 15.50749 15.47678 15.44331 15.40198 15.35316 15.29883 15.23741 15.1693 15.09725 15.01812 14.92875
-9999 -9999 -9999 -9999 -9999 -9999 -9999 -9999 -9999 -9999 -9999 -9999 -9999 -9999 -9999 -9999 -9999 -9999 -9999 -9999 -9999 -9999 -9999 -9999 -9999 -9999 -9999 -9999 -9999 -9999 -9999 14.21261 14.20237 14.23898 14.33544 14.463 14.59213 14.71733 14.83111 14.94686 15.06339 15.17953 15.28387 15.3756 15.45788 15.53426 15.60316 15.66497 15.71576 15.75552 15.7882 15.81261 15.82835 15.83702 15.84135 15.83702 15.82402 15.80552 15.7819 15.75198 15.71418 15.67087 15.62166 15.56418 15.49843 15.42993 15.35394 15.27048 15.18072
-9999 -9999 -9999 -9999 -9999 -9999 -9999 -9999 -9999 -9999 -9999 -9999 -9999 -9999 -9999 -9999 -9999 -9999 -9999 -9999 -9999 -9999 -9999 -9999 -9999 -9999 -9999 -9999 -9999 -9999 14.3004 14.30434 14.34017 14.43465 14.56457 14.69961 14.83859 14.97363 15.10709 15.23387 15.35237 15.46891 15.57481 15.66497 15.74765 15.82284 15.89056 15.94961 16.0004 16.03938 16.07088 16.09174 16.10513 16.11143 16.11064 16.10434 16.09253 16.07127 16.04528 16.01497 15.97521 15.93229 15.88032 15.8193 15.75158 15.67993 15.60316 15.51772 15.42481
-9999 -9999 -9999 -9999 -9999 -9999 -9999 -9999 -9999 -9999 -9999 -9999 -9999 -9999 -9999 -9999 -9999 -9999 -9999 -9999 -9999 -9999 -9999 -9999 -9999 -9999 -9999 -9999 -9999 14.3756 14.39568 14.4382 14.53859 14.67678 14.81851 14.963 15.10828 15.25355 15.39095 15.51969 15.63898 15.75434 15.85985 15.95276 16.03662 16.10946 16.17442 16.23032 16.27324 16.313 16.34095 16.35946 16.36733 16.36851 16.36576 16.35749 16.34056 16.31812 16.29056 16.25788 16.21969 16.17599 16.12402 16.06261 15.99489 15.92127 15.84213 15.75513 15.6567
-9999 -9999 -9999 -9999 -9999 -9999 -9999 -9999 -9999 -9999 -9999 -9999 -9999 -9999 -9999 -9999 -9999 -9999 -9999 -9999 -9999 -9999 -9999 -9999 -9999 -9999 -9999 -9999 -9999 14.46694 14.51536 14.62835 14.78308 14.92835 15.07796 15.23032 15.38347 15.53229 15.67206 15.80119 15.92009 16.03426 16.14095 16.23702 16.31969 16.39017 16.45119 16.50158 16.54095 16.57048 16.59568 16.60631 16.61221 16.60867 16.60237 16.58938 16.56851 16.54253 16.51221 16.47993 16.4441 16.40158 16.35001 16.29095 16.22363 16.15001 16.06851 15.97757 15.87836
-9999 -9999 -9999 -9999 -9999 -9999 -9999 -9999 -9999 -9999 -9999 -9999 -9999 -9999 -9999 -9999 -9999 -9999 -9999 -9999 -9999 -9999 -9999 -9999 -9999 -9999 -9999 -9999 14.52284 14.58032 14.69371 14.85198 15.0193 15.18111 15.33662 15.49843 15.65316 15.80237 15.94489 16.07442 16.1945 16.31025 16.41458 16.51143 16.59056 16.66064 16.71339 16.75552 16.7882 16.81025 16.8252 16.83662 16.8315 16.82481 16.81261 16.79765 16.77481 16.74568 16.71497 16.68347 16.64961 16.60749 16.55828 16.49961 16.43426 16.36024 16.27796 16.18623 16.08544
-9999 -9999 -9999 -9999 -9999 -9999 -9999 -9999 -9999 -9999 -9999 -9999 -9999 -9999 -9999 -9999 -9999 -9999 -9999 -9999 -9999 -9999 -9999 -9999 -9999 -9999 -9999 14.56969 14.63859 14.74765 14.91379 15.08465 15.25828 15.42717 15.5945 15.75316 15.91143 16.06458 16.20749 16.33977 16.46221 16.57639 16.68308 16.77009 16.85001 16.91143 16.95828 16.98741 17.013 17.02599 17.03229 17.02993 17.0256 17.01064 16.99607 16.97757 16.95276 16.9256 16.89686 16.86733 16.83347 16.7945 16.7441 16.68741 16.62402 16.55237 16.46969 16.37639 16.27521
-9999 -9999 -9999 -9999 -9999 -9999 -9999 -9999 -9999 -9999 -9999 -9999 -9999 -9999 -9999 -9999 -9999 -9999 -9999 -9999 -9999 -9999 -9999 14.16772 -9999 -9999 14.60276 14.68898 14.79961 14.96733 15.13702 15.32087 15.4945 15.67324 15.84292 16.00276 16.16379 16.31812 16.46064 16.59725 16.72048 16.83741 16.93623 17.01891 17.08977 17.14135 17.17875 17.20198 17.20867 17.21143 17.20591 17.19725 17.1819 17.16339 17.1441 17.12324 17.09962 17.07324 17.04686 17.02087 16.99253 16.95276 16.9067 16.85276 16.7945 16.72363 16.64292 16.55119 16.44607
-9999 -9999 -9999 -9999 -9999 -9999 -9999 -9999 -9999 -9999 -9999 -9999 -9999 -9999 -9999 -9999 -9999 -9999 -9999 -9999 -9999 -9999 14.19371 14.27087 14.38505 14.56536 14.70237 14.83505 15.01103 15.19056 15.37009 15.54961 15.73426 15.91103 16.08072 16.24883 16.40828 16.563 16.70985 16.8441 16.96851 17.07954 17.17599 17.24961 17.31103 17.35316 17.37599 17.38584 17.3815 17.36615 17.34804 17.3256 17.30198 17.27678 17.25395 17.22914 17.20552 17.18151 17.15946 17.13859 17.11379 17.08308 17.03938 16.99253 16.93741 16.87206 16.79253 16.70355 16.59962
-9999 -9999 -9999 -9999 -9999 -9999 -9999 -9999 -9999 -9999 -9999 -9999 -9999 -9999 -9999 -9999 -9999 -9999 -9999 -9999 -9999 14.22166 14.28347 14.36261 14.5382 14.70552 14.85906 15.04056 15.22363 15.40906 15.59568 15.77717 15.96143 16.1382 16.31103 16.4815 16.64568 16.80237 16.9504 17.08308 17.20198 17.31143 17.40001 17.46615 17.51024 17.54017 17.54922 17.54135 17.52206 17.49017 17.45316 17.41339 17.38111 17.34962 17.31851 17.29253 17.26851 17.24922 17.23426 17.22048 17.20473 17.17836 17.14371 17.10237 17.05473 16.99332 16.91733 16.83072 16.7319
-9999 -9999 -9999 -9999 -9999 -9999 -9999 -9999 -9999 -9999 -9999 -9999 -9999 -9999 -9999 -9999 -9999 -9999 -9999 -9999 14.24095 14.29804 14.38544 14.53426 14.70591 14.87717 15.05631 15.24331 15.43347 15.62284 15.81064 15.99646 16.17599 16.3567 16.53347 16.70631 16.87166 17.03269 17.17993 17.31103 17.42717 17.52954 17.61024 17.66182 17.69213 17.70237 17.69292 17.66497 17.62363 17.57402 17.51733 17.46418 17.42009 17.38032 17.3445 17.31458 17.29214 17.27875 17.27206 17.26772 17.25867 17.2445 17.2193 17.18623 17.1445 17.08899 17.01891 16.93426 16.83977
-9999 -9999 -9999 -9999 -9999 -9999 -9999 -9999 -9999 -9999 -9999 -9999 -9999 -9999 -9999 -9999 -9999 -9999 -9999 -9999 14.30552 14.40158 14.54765 14.71576 14.89095 15.06812 15.25276 15.44174 15.63347 15.82717 16.01497 16.20198 16.38308 16.56418 16.74489 16.9193 17.08741 17.24725 17.39371 17.52442 17.63977 17.73584 17.80395 17.84213 17.85513 17.84332 17.80985 17.7567 17.69292 17.6256 17.56103 17.50198 17.44686 17.39843 17.35749 17.32048 17.29253 17.27639 17.27206 17.2756 17.27954 17.27639 17.26458 17.2441 17.21064 17.16143 17.09647 17.0193 16.92757
-9999 -9999 -9999 -9999 -9999 -9999 -9999 -9999 -9999 -9999 -9999 -9999 -9999 -9999 -9999 -9999 -9999 -9999 -9999 14.31182 14.41024 14.55473 14.72048 14.89292 15.07284 15.25867 15.44686 15.63544 15.82835 16.02009 16.20906 16.39568 16.57875 16.76458 16.94607 17.12284 17.28977 17.44686 17.59489 17.72796 17.83702 17.92521 17.98426 18.00828 18.00198 17.96576 17.90277 17.82718 17.75434 17.68741 17.62284 17.56182 17.5067 17.45119 17.39647 17.34568 17.30198 17.27009 17.25355 17.25237 17.26458 17.27796 17.28151 17.27442 17.25237 17.21221 17.15513 17.08426 16.99765
-9999 -9999 -9999 -9999 -9999 -9999 -9999 -9999 -9999 -9999 -9999 -9999 -9999 -9999 -9999 -9999 -9999 14.24765 14.3067 14.40788 14.5567 14.72205 14.88977 15.06733 15.25237 15.44253 15.63308 15.82442 16.01576 16.20395 16.39213 16.57993 16.76694 16.95395 17.1378 17.31261 17.47914 17.6378 17.78741 17.91773 18.02127 18.09883 18.14607 18.15513 18.12914 18.06891 17.98938 17.90946 17.84135 17.78151 17.72639 17.66851 17.61064 17.54725 17.47796 17.40828 17.34135 17.28269 17.24213 17.22324 17.22875 17.25158 17.27284 17.27993 17.27048 17.24095 17.19292 17.13032 17.05119
-9999 -9999 -9999 -9999 -9999 -9999 -9999 -9999 -9999 -9999 -9999 -9999 -9999 -9999 -9999 -9999 14.24056 14.2941 14.39253 14.54056 14.71261 14.88505 15.05709 15.23938 15.42835 15.6193 15.81221 16.00355 16.19174 16.37875 16.56772 16.75749 16.94528 17.1315 17.31221 17.48899 17.65709 17.81891 17.96576 18.0882 18.18347 18.24922 18.27993 18.27481 18.22993 18.16103 18.0878 18.01969 17.95985 17.91025 17.85946 17.79844 17.72717 17.65277 17.57363 17.48899 17.40316 17.31891 17.24804 17.20513 17.19332 17.20946 17.24135 17.2634 17.26654 17.24961 17.21261 17.15828 17.08702
-9999 -9999 -9999 -9999 -9999 -9999 -9999 -9999 -9999 -9999 -9999 -9999 -9999 -9999 -9999 -9999 14.30906 14.38111 14.51615 14.68702 14.86497 15.04371 15.22245 15.40788 15.59883 15.79095 15.98072 16.17009 16.3571 16.54371 16.73269 16.92363 17.11182 17.29646 17.47284 17.6508 17.82127 17.98072 18.12048 18.2319 18.31182 18.36261 18.37757 18.3567 18.30237 18.24174 18.18781 18.14292 18.10237 18.05158 17.9878 17.91182 17.8315 17.74529 17.65355 17.55867 17.463 17.36497 17.27088 17.19804 17.163 17.163 17.19253 17.22599 17.24213 17.23977 17.21497 17.17088 17.10592
-9999 -9999 -9999 -9999 -9999 -9999 -9999 -9999 -9999 -9999 -9999 -9999 -9999 -9999 -9999 -9999 14.40434 14.51261 14.65867 14.83426 15.01576 15.19804 15.38544 15.57087 15.76418 15.95316 16.13898 16.32402 16.51143 16.69922 16.88623 17.07678 17.26654 17.44686 17.62442 17.8004 17.96655 18.1193 18.24922 18.34529 18.40907 18.4441 18.44174 18.40237 18.35001 18.30592 18.27442 18.25631 18.22757 18.17363 18.09292 18.00552 17.91379 17.81536 17.71261 17.61024 17.50552 17.39961 17.29489 17.20001 17.13702 17.11654 17.13308 17.17284 17.20355 17.21143 17.2008 17.16694 17.11339
-9999 -9999 -9999 -9999 -9999 -9999 -9999 -9999 -9999 -9999 -9999 -9999 -9999 -9999 -9999 14.45709 14.5193 14.63977 14.80591 14.98229 15.16497 15.35001 15.53977 15.73072 15.91694 16.10276 16.28741 16.47048 16.65513 16.8441 17.03269 17.22442 17.40749 17.58662 17.76891 17.93662 18.0945 18.23702 18.35237 18.43584 18.48505 18.50631 18.48741 18.43308 18.37836 18.34843 18.34292 18.33899 18.31182 18.25591 18.17718 18.07718 17.97284 17.86497 17.75277 17.63977 17.52875 17.41891 17.30867 17.20198 17.11615 17.07048 17.07284 17.11182 17.15316 17.17363 17.17166 17.1508 17.10473
-9999 -9999 -9999 -9999 -9999 -9999 -9999 -9999 -9999 -9999 -9999 -9999 -9999 -9999 14.4315 14.53111 14.61576 14.78032 14.95158 15.12875 15.31261 15.50198 15.68623 15.87402 16.05946 16.24017 16.42206 16.60513 16.79135 16.97796 17.16576 17.35395 17.53899 17.72481 17.8945 18.05552 18.20552 18.33426 18.43662 18.51497 18.55749 18.55828 18.52206 18.45788 18.40395 18.38111 18.38387 18.38229 18.35828 18.30788 18.22914 18.12717 18.01182 17.89607 17.77402 17.65355 17.53662 17.42088 17.3067 17.19489 17.09332 17.02521 17.01418 17.04686 17.09332 17.12639 17.13544 17.12127 17.09056
-9999 -9999 -9999 -9999 -9999 -9999 -9999 -9999 -9999 -9999 -9999 -9999 -9999 14.40001 14.49253 14.58583 14.75158 14.91772 15.09253 15.27048 15.45591 15.64135 15.82127 16.00198 16.18347 16.36418 16.5441 16.72442 16.91024 17.09804 17.28387 17.46891 17.65709 17.83662 18.00473 18.16182 18.30276 18.42402 18.52206 18.5882 18.62324 18.62048 18.56497 18.49135 18.43308 18.41339 18.41143 18.40434 18.38033 18.33269 18.25591 18.15355 18.03387 17.90631 17.77757 17.65119 17.52835 17.40709 17.29056 17.17284 17.063 16.97914 16.95119 16.9815 17.03111 17.07088 17.08899 17.08623 17.05828
