ASPA-UH-SWB2_REPO/input/Gridded_rain/prism_ppt_tutuila_30yr_normal_09.asc
ncols         350
nrows         200
xllcorner     515000
yllcorner     8409000
cellsize      100
NODATA_value  -9999
[rows 62 to 92 of 200, columns 138 to 206 of 350]
-9999 -9999 -9999 -9999 -9999 -9999 -9999 -9999 -9999 -9999 -9999 -9999 7.618508 7.698035 7.800398 7.966539 8.138193 8.312209 8.485044 8.66654 8.851186 9.033469 9.217721 9.407879 9.597249 9.793312 9.985832 10.17875 10.38229 10.59528 10.82127 11.05985 11.30237 11.51379 11.67638 11.79134 11.87481 11.94882 12.01457 12.06615 12.10788 12.13347 12.14253 12.14016 12.14213 12.15237 12.16418 12.17245 12.17599 12.15631 12.09016 11.96694 11.80709 11.64725 11.5063 11.38308 11.28111 11.20079 11.12756 11.07166 11.02993 11.00276 10.99607 11.01182 11.0441 11.08544 11.13741 11.1941 11.25552
-9999 -9999 -9999 -9999 -9999 -9999 -9999 -9999 -9999 -9999 -9999 7.601973 7.667327 7.768902 7.932288 8.107091 8.283469 8.45591 8.633469 8.815359 8.99528 9.175201 9.359847 9.539768 9.725202 9.914178 10.09764 10.28347 10.47993 10.68741 10.90709 11.13859 11.36812 11.55237 11.68505 11.7693 11.83662 11.89371 11.9378 11.97402 12.00001 12.01103 12.00512 11.99331 11.9815 11.97599 11.96772 11.96182 11.95158 11.92796 11.863 11.74174 11.57953 11.41693 11.26575 11.13426 11.02914 10.94252 10.87284 10.81812 10.77953 10.75591 10.75473 10.77323 10.80867 10.85591 10.91221 10.9756 11.04607
-9999 -9999 -9999 -9999 -9999 -9999 -9999 -9999 -9999 -9999 -9999 7.646854 7.747248 7.901185 8.074019 8.254728 8.429138 8.60276 8.782288 8.961422 9.139769 9.318509 9.492918 9.668509 9.847643 10.02638 10.20158 10.37993 10.56812 10.76851 10.98032 11.20316 11.41339 11.5756 11.67599 11.74095 11.79371 11.83465 11.85946 11.87402 11.88386 11.87993 11.86221 11.83465 11.80788 11.78465 11.7626 11.73741 11.70867 11.66812 11.60197 11.48386 11.32245 11.15237 10.99489 10.86024 10.74843 10.66063 10.59292 10.54134 10.5063 10.48938 10.49489 10.5189 10.55827 10.60827 10.6689 10.74016 10.81575
-9999 -9999 -9999 -9999 -9999 -9999 -9999 -9999 -9999 -9999 7.627957 7.728351 7.875988 8.047248 8.22402 8.402761 8.577563 8.753548 8.930714 9.108666 9.285831 9.456697 9.624414 9.794494 9.96536 10.1319 10.29961 10.4693 10.64843 10.83819 11.03859 11.24804 11.43977 11.58111 11.66142 11.70827 11.74489 11.76772 11.77638 11.7756 11.76339 11.74449 11.70827 11.66497 11.62205 11.57953 11.53938 11.49764 11.45197 11.39843 11.32284 11.20237 11.04016 10.86654 10.70276 10.56457 10.45001 10.36221 10.29686 10.24607 10.21969 10.21064 10.21812 10.24804 10.29331 10.34764 10.41339 10.4878 10.57402
-9999 -9999 -9999 -9999 -9999 -9999 -9999 -9999 7.550791 7.609847 7.709453 7.854728 8.023626 8.197248 8.377563 8.554335 8.731107 8.907485 9.082682 9.25906 9.429139 9.594887 9.757092 9.918509 10.08111 10.24134 10.39882 10.55985 10.72599 10.90197 11.08819 11.27717 11.45355 11.57835 11.64331 11.67599 11.69371 11.69764 11.69016 11.67481 11.64686 11.60749 11.5567 11.49371 11.43111 11.36812 11.3067 11.25158 11.19371 11.1252 11.04016 10.91536 10.74922 10.57048 10.40473 10.26497 10.14961 10.06142 9.992919 9.946856 9.923627 9.920084 9.933864 9.967722 10.01654 10.07717 10.14646 10.22638 10.31615
-9999 -9999 -9999 -9999 -9999 -9999 -9999 7.52835 7.592917 7.690555 7.833862 8.002366 8.175988 8.353548 8.532288 8.711028 8.889769 9.066147 9.239769 9.410635 9.574414 9.733076 9.89095 10.0504 10.2063 10.35985 10.51024 10.66221 10.81497 10.97323 11.13859 11.30709 11.46497 11.57717 11.63071 11.64764 11.64607 11.63505 11.61103 11.57914 11.54056 11.48505 11.41615 11.33662 11.24725 11.16378 11.08465 11.01497 10.94489 10.86654 10.76812 10.63347 10.46379 10.28386 10.11812 9.973627 9.858666 9.765359 9.692525 9.646068 9.624414 9.620872 9.642919 9.681894 9.732288 9.79528 9.869296 9.956698 10.05237
-9999 -9999 -9999 -9999 -9999 -9999 7.509846 7.579138 7.672445 7.817327 7.983075 8.155516 8.334256 8.512997 8.692524 8.873627 9.053154 9.229138 9.401186 9.566147 9.724415 9.879139 10.03583 10.19292 10.34567 10.49646 10.64213 10.78111 10.92245 11.0626 11.20355 11.35158 11.48465 11.57875 11.62442 11.62757 11.61339 11.59016 11.55749 11.51024 11.45827 11.38898 11.30315 11.20197 11.09253 10.98623 10.88741 10.79882 10.71615 10.62678 10.51339 10.36418 10.18701 10.00945 9.844493 9.699612 9.58032 9.481501 9.404729 9.351186 9.326383 9.32717 9.349217 9.389769 9.444493 9.509848 9.587406 9.677958 9.783863
-9999 -9999 -9999 -9999 -9999 7.507484 7.574807 7.658665 7.805516 7.970477 8.142918 8.319296 8.498823 8.679532 8.861815 9.044493 9.220871 9.396068 9.566541 9.72717 9.884257 10.03977 10.19371 10.3504 10.50355 10.64804 10.78623 10.91615 11.04371 11.16615 11.28741 11.40709 11.51457 11.59253 11.62678 11.62402 11.60591 11.57638 11.53544 11.48229 11.40867 11.32442 11.21969 11.09922 10.97323 10.84489 10.72363 10.61339 10.51497 10.40512 10.27127 10.10788 9.927171 9.748824 9.581501 9.440556 9.318509 9.21654 9.134256 9.073627 9.041737 9.040162 9.061422 9.102366 9.157485 9.224808 9.307878 9.404336 9.514178
-9999 -9999 -9999 -9999 7.515752 7.581893 7.651972 7.800791 7.968114 8.137012 8.310635 8.489374 8.673233 8.858273 9.037012 9.218509 9.396461 9.56969 9.735044 9.896855 10.05591 10.21379 10.3693 10.52205 10.67441 10.81142 10.93859 11.06064 11.17245 11.27796 11.37914 11.47481 11.55945 11.6193 11.64449 11.64528 11.62757 11.59449 11.54528 11.47875 11.39174 11.28386 11.16182 11.0252 10.88623 10.73977 10.59725 10.46851 10.34095 10.20394 10.04646 9.870084 9.681894 9.502761 9.337012 9.194099 9.071264 8.967327 8.881107 8.815753 8.775202 8.762209 8.782681 8.823627 8.878351 8.947248 9.033863 9.13465 9.248036
-9999 -9999 -9999 7.528744 7.592524 7.656303 7.804335 7.966146 8.135831 8.310635 8.48898 8.668902 8.854729 9.039374 9.223627 9.400004 9.580713 9.748036 9.914966 10.08189 10.24253 10.40197 10.55867 10.70985 10.84882 10.98268 11.10197 11.20906 11.3063 11.39804 11.47993 11.55158 11.61733 11.65945 11.68386 11.69134 11.6752 11.63977 11.57993 11.49607 11.38938 11.26812 11.12481 10.97599 10.8193 10.66418 10.50512 10.34843 10.19292 10.02048 9.839375 9.64843 9.456304 9.275202 9.112209 8.961028 8.834256 8.730319 8.642131 8.568902 8.51654 8.497249 8.512997 8.554729 8.608665 8.68032 8.76654 8.872052 8.981501
-9999 -9999 7.499217 7.583468 7.673626 7.817327 7.974413 8.139768 8.312997 8.491736 8.672051 8.858273 9.041344 9.227958 9.414572 9.594493 9.766934 9.94095 10.10945 10.27678 10.44607 10.60394 10.75512 10.90158 11.03701 11.16064 11.27127 11.36733 11.45237 11.52875 11.59174 11.64292 11.6819 11.71772 11.7382 11.74686 11.7378 11.70158 11.6315 11.53386 11.41654 11.27087 11.11654 10.94764 10.7752 10.60945 10.43583 10.24646 10.05158 9.856698 9.649218 9.448824 9.257092 9.073627 8.902367 8.748036 8.61654 8.50276 8.41024 8.328745 8.273232 8.247249 8.255516 8.294493 8.351973 8.421658 8.511815 8.609847 8.725988
-9999 7.505516 7.587799 7.697248 7.841736 7.99528 8.152367 8.322051 8.500398 8.681107 8.864178 9.051186 9.242918 9.428745 9.613391 9.789375 9.967328 10.14489 10.31851 10.48662 10.65355 10.81457 10.9626 11.10512 11.23386 11.35119 11.44922 11.53741 11.613 11.67245 11.71812 11.75119 11.7693 11.78229 11.79922 11.80591 11.79371 11.75552 11.6882 11.58701 11.45827 11.30473 11.12796 10.94016 10.75394 10.56142 10.36221 10.15119 9.926777 9.703155 9.482288 9.274808 9.085438 8.898036 8.719296 8.559847 8.414965 8.294887 8.193705 8.109059 8.044886 8.012997 8.018902 8.05591 8.108665 8.178744 8.260634 8.360634 8.471658
7.54213 7.612602 7.720477 7.869689 8.022839 8.179926 8.342131 8.51654 8.69528 8.881107 9.06969 9.258666 9.449611 9.639769 9.821265 10.0004 10.17993 10.35867 10.53386 10.70591 10.87205 11.02953 11.18032 11.31772 11.4441 11.54922 11.64016 11.71733 11.7819 11.82835 11.85906 11.87363 11.87284 11.87048 11.86772 11.86103 11.84134 11.80119 11.73308 11.63386 11.50237 11.3441 11.14961 10.94134 10.73426 10.51654 10.28819 10.05237 9.812603 9.565359 9.3378 9.132682 8.9315 8.741343 8.557878 8.388981 8.238587 8.109059 7.998823 7.909059 7.838193 7.800791 7.80591 7.835831 7.885044 7.946855 8.028351 8.123233 8.236618
7.648036 7.762209 7.90591 8.056303 8.212603 8.376382 8.54528 8.720477 8.904335 9.091737 9.282289 9.474808 9.668116 9.858666 10.04174 10.22323 10.40512 10.58544 10.7626 10.93465 11.1004 11.2567 11.40158 11.54095 11.65945 11.75867 11.83898 11.90473 11.95827 11.99646 12.01379 12.01142 11.99646 11.97835 11.95434 11.92481 11.88859 11.8378 11.76497 11.66142 11.52363 11.35276 11.15394 10.93032 10.69922 10.46221 10.21182 9.955123 9.69843 9.451973 9.218509 9.005516 8.796855 8.598824 8.411422 8.236225 8.0815 7.947248 7.828351 7.727957 7.65276 7.614177 7.610634 7.633469 7.677169 7.736225 7.809846 7.904728 8.012997
7.817327 7.957878 8.105123 8.257484 8.417327 8.585832 8.75906 8.938587 9.122446 9.309454 9.501973 9.697249 9.892131 10.08504 10.27442 10.45867 10.64252 10.8252 11.00276 11.17442 11.3378 11.49056 11.63623 11.76694 11.87953 11.97087 12.0441 12.10355 12.14646 12.17363 12.1819 12.16615 12.13938 12.10473 12.06418 12.01497 11.95512 11.88465 11.7941 11.67638 11.52796 11.34449 11.1319 10.90001 10.65512 10.40197 10.13898 9.87284 9.609454 9.35906 9.122446 8.896068 8.683863 8.477564 8.283469 8.105516 7.944492 7.803547 7.679532 7.571264 7.489768 7.44528 7.433862 7.451185 7.485831 7.541736 7.612602 7.698429 7.806303
8.023232 8.168509 8.31772 8.472445 8.636225 8.807485 8.984257 9.164178 9.347249 9.536225 9.731108 9.927171 10.12402 10.32127 10.51693 10.70473 10.88977 11.07363 11.25001 11.42087 11.58386 11.73308 11.86969 11.99725 12.10355 12.18938 12.2567 12.30906 12.34528 12.363 12.35906 12.33583 12.29607 12.24646 12.19135 12.12481 12.04607 11.95512 11.84213 11.70434 11.53938 11.34213 11.11851 10.8752 10.62166 10.35788 10.08701 9.815359 9.547249 9.291737 9.046461 8.811815 8.590162 8.379532 8.17717 7.991736 7.825988 7.67835 7.547248 7.430713 7.348429 7.295673 7.277956 7.286224 7.316145 7.366933 7.430319 7.51024 7.609453
8.239374 8.388981 8.541737 8.698823 8.862997 9.037012 9.214966 9.397643 9.581501 9.774021 9.970871 10.16969 10.3689 10.56851 10.76615 10.95906 11.14686 11.3256 11.50158 11.67127 11.83229 11.97717 12.10788 12.22993 12.33229 12.41418 12.47678 12.52166 12.55119 12.56182 12.54804 12.51457 12.46379 12.40158 12.33268 12.24883 12.15237 12.04134 11.91064 11.75591 11.57284 11.36497 11.12717 10.87205 10.60945 10.33623 10.05788 9.78032 9.510634 9.2441 8.991343 8.751185 8.51969 8.298429 8.088981 7.89528 7.721264 7.564964 7.427957 7.309846 7.219295 7.163783 7.140161 7.139768 7.164571 7.205515 7.262996 7.335831 7.424807
8.468115 8.61969 8.774808 8.933469 9.098036 9.27402 9.451973 9.63662 9.826777 10.02205 10.22126 10.42245 10.62402 10.8252 11.02481 11.2193 11.40434 11.58308 11.75709 11.9252 12.0815 12.22363 12.35158 12.46654 12.56575 12.64686 12.70473 12.74449 12.76418 12.76575 12.74686 12.70552 12.6445 12.57166 12.48505 12.38465 12.27205 12.14292 11.99607 11.82402 11.62875 11.40945 11.15985 10.89292 10.61615 10.3315 10.04607 9.763784 9.485438 9.215359 8.955123 8.707091 8.464177 8.233469 8.018508 7.816146 7.632288 7.468508 7.322838 7.202366 7.111027 7.051185 7.019295 7.011421 7.027169 7.060634 7.108272 7.171264 7.254334
8.707091 8.860241 9.015359 9.17717 9.343705 9.520083 9.698036 9.88662 10.08111 10.27953 10.48032 10.68386 10.88662 11.08898 11.28938 11.48111 11.66536 11.84489 12.01694 12.18071 12.33386 12.47127 12.59764 12.70788 12.80552 12.88229 12.93662 12.97087 12.98426 12.97717 12.95197 12.90434 12.83465 12.74961 12.64883 12.53544 12.40434 12.25945 12.09568 11.90906 11.70079 11.4689 11.20749 10.93308 10.64331 10.34764 10.05079 9.758273 9.474021 9.198824 8.932682 8.671658 8.421658 8.187012 7.96024 7.74961 7.559453 7.390949 7.238193 7.112602 7.020476 6.954728 6.914177 6.898429 6.903941 6.92835 6.965752 7.020476 7.09213
8.952761 9.105516 9.262997 9.427564 9.598824 9.774021 9.956305 10.14843 10.34489 10.54371 10.74489 10.94843 11.15197 11.35394 11.55197 11.74528 11.93229 12.10749 12.27638 12.43898 12.58701 12.72166 12.84095 12.95276 13.04371 13.11457 13.16615 13.1945 13.20276 13.18977 13.15631 13.1004 13.0256 12.92875 12.81575 12.6878 12.5441 12.38347 12.20276 12.00434 11.78268 11.53623 11.27087 10.98701 10.69056 10.38347 10.07363 9.772446 9.476383 9.192131 8.914966 8.648036 8.390949 8.146068 7.911028 7.696854 7.501579 7.326382 7.173232 7.045279 6.947641 6.874413 6.825988 6.800791 6.79646 6.807878 6.83583 6.883074 6.946066
9.202761 9.357091 9.517327 9.685832 9.860635 10.04016 10.22284 10.41693 10.61182 10.80867 11.00867 11.21024 11.4126 11.61418 11.81418 12.00591 12.19095 12.3689 12.53662 12.69253 12.83898 12.97205 13.09016 13.19174 13.27717 13.34568 13.3882 13.41182 13.41379 13.39646 13.3567 13.29095 13.20552 13.10198 12.97796 12.8378 12.68111 12.5067 12.3126 12.1004 11.86654 11.61339 11.33938 11.05079 10.74804 10.43268 10.1126 9.798824 9.492918 9.19528 8.911028 8.629532 8.366146 8.112996 7.876382 7.655122 7.456303 7.280713 7.125594 6.995279 6.890948 6.811421 6.754334 6.716539 6.69961 6.702759 6.720082 6.756696 6.808271
9.460241 9.614965 9.776383 9.949612 10.12756 10.31024 10.49449 10.68701 10.88032 11.07599 11.27245 11.47363 11.67678 11.87638 12.07284 12.26379 12.44646 12.62402 12.78701 12.93938 13.08308 13.213 13.33072 13.42599 13.50591 13.56339 13.60316 13.62009 13.6193 13.59568 13.54489 13.47796 13.38583 13.26812 13.13859 12.98583 12.81457 12.62638 12.42205 12.1941 11.9504 11.69134 11.41142 11.11575 10.8067 10.48504 10.15788 9.836619 9.521265 9.21654 8.914966 8.630713 8.353548 8.097642 7.855516 7.629925 7.429532 7.252759 7.097248 6.960633 6.847248 6.759846 6.690948 6.645279 6.618901 6.607484 6.617326 6.640948 6.685043
9.720477 9.876777 10.04056 10.21654 10.39686 10.57835 10.76693 10.9567 11.14764 11.34253 11.53938 11.74056 11.94174 12.13701 12.32678 12.51733 12.69764 12.86576 13.0256 13.17638 13.31654 13.44331 13.55355 13.6504 13.7189 13.77284 13.80513 13.8189 13.81182 13.7819 13.72993 13.65552 13.55946 13.43662 13.29292 13.13072 12.94686 12.74489 12.52599 12.2878 12.03505 11.76575 11.47993 11.17599 10.86064 10.53662 10.20867 9.88032 9.564178 9.247643 8.943312 8.645674 8.364572 8.097642 7.850004 7.62402 7.420083 7.236224 7.073232 6.930712 6.809846 6.712996 6.63583 6.580318 6.545672 6.526775 6.521263 6.543311 6.574413
9.981502 10.14016 10.3063 10.48308 10.6626 10.84528 11.03071 11.22127 11.4126 11.60355 11.80158 11.99843 12.19528 12.39016 12.57442 12.75749 12.93505 13.10237 13.25749 13.40119 13.5378 13.66142 13.76694 13.85276 13.92205 13.96654 13.9941 14.00198 13.98938 13.95394 13.89961 13.8193 13.71457 13.59292 13.4378 13.26339 13.0693 12.85788 12.6252 12.37638 12.11142 11.83701 11.54253 11.23505 10.91182 10.58504 10.25434 9.929139 9.606698 9.290556 8.97717 8.675201 8.386225 8.11654 7.862209 7.629925 7.416933 7.230319 7.058665 6.905909 6.779137 6.672838 6.590948 6.527563 6.48268 6.454728 6.442129 6.447248 6.474413
10.24371 10.40394 10.57087 10.74528 10.9256 11.10749 11.28859 11.47717 11.66615 11.85591 12.05001 12.24646 12.43623 12.62442 12.81024 12.98898 13.163 13.32717 13.47875 13.61772 13.74646 13.86536 13.96536 14.04489 14.10473 14.14686 14.16379 14.16615 14.14922 14.11024 14.04646 13.96221 13.85906 13.72205 13.56261 13.38111 13.17875 12.95591 12.71575 12.45631 12.18583 11.90158 11.60197 11.28623 10.96379 10.63308 10.30079 9.96969 9.644099 9.32402 9.011816 8.702761 8.411028 8.132681 7.875988 7.638193 7.421264 7.223232 7.044492 6.886618 6.754334 6.644492 6.553547 6.483861 6.428743 6.391736 6.372444 6.368507 6.381105
10.5067 10.66536 10.83111 11.00394 11.17835 11.35749 11.53977 11.72323 11.90788 12.09725 12.28662 12.47638 12.66654 12.84804 13.02835 13.2067 13.3756 13.53465 13.67914 13.81497 13.93898 14.04804 14.14331 14.21497 14.26851 14.30158 14.31654 14.31142 14.28662 14.24292 14.1752 14.08662 13.97284 13.8319 13.66694 13.47678 13.26733 13.04213 12.79489 12.52835 12.24646 11.95906 11.65316 11.33504 11.00512 10.67205 10.33701 10.00197 9.670084 9.348037 9.031501 8.725595 8.42835 8.148429 7.886618 7.644886 7.423232 7.21772 7.0315 6.870082 6.732287 6.61772 6.518507 6.441342 6.381893 6.335042 6.306303 6.294885 6.295279
10.76418 10.92048 11.08071 11.24922 11.42048 11.59686 11.77638 11.95709 12.1378 12.32363 12.50906 12.6941 12.87796 13.05749 13.23032 13.40001 13.56497 13.71851 13.86064 13.98898 14.10591 14.20906 14.29371 14.36182 14.40906 14.43583 14.44489 14.43387 14.40394 14.35158 14.27993 14.18268 14.06064 13.91536 13.74686 13.55276 13.33623 13.10276 12.85316 12.58072 12.29489 11.99646 11.69056 11.36615 11.0315 10.69646 10.35749 10.0189 9.687013 9.361423 9.044099 8.735437 8.439374 8.157091 7.891343 7.644492 7.417326 7.208665 7.022051 6.851185 6.708665 6.589374 6.485436 6.399216 6.334255 6.283862 6.247247 6.225594 6.219295
11.00867 11.16339 11.31733 11.47796 11.64804 11.82048 11.99646 12.17599 12.35434 12.53111 12.71182 12.89174 13.06969 13.24292 13.40985 13.57284 13.72953 13.87796 14.01418 14.13662 14.24725 14.34292 14.4193 14.47914 14.52127 14.5445 14.54804 14.53111 14.49489 14.43465 14.35276 14.25079 14.12599 13.9756 13.79725 13.59883 13.37796 13.13938 12.88308 12.60749 12.31654 12.01733 11.70276 11.37363 11.03898 10.7004 10.35906 10.0193 9.687407 9.360635 9.042524 8.735831 8.440949 8.155516 7.886618 7.639768 7.408665 7.197641 7.006303 6.834649 6.686224 6.557878 6.451184 6.36024 6.28898 6.234649 6.190161 6.159846 6.14646
11.23819 11.38701 11.53701 11.69095 11.85512 12.02599 12.19922 12.37323 12.54646 12.71969 12.89292 13.06694 13.23741 13.40591 13.56654 13.72127 13.87166 14.01261 14.14016 14.2567 14.36064 14.44568 14.51536 14.56812 14.60276 14.62206 14.61969 14.59568 14.55119 14.48662 14.39961 14.29174 14.16064 14.00119 13.82048 13.61615 13.39135 13.14843 12.88741 12.60788 12.31497 12.01182 11.69449 11.36497 11.02678 10.68426 10.34252 10.00434 9.670478 9.344099 9.02717 8.720871 8.425988 8.144098 7.876776 7.625988 7.395279 7.183468 6.988193 6.815752 6.662602 6.529924 6.41772 6.325594 6.247247 6.185042 6.137011 6.101578 6.07835
11.44764 11.59095 11.73701 11.88741 12.04528 12.20985 12.37757 12.54331 12.71339 12.88268 13.04804 13.21497 13.38072 13.54016 13.69568 13.8441 13.98387 14.11576 14.23662 14.34686 14.44135 14.52009 14.58268 14.62599 14.65473 14.66457 14.65552 14.6256 14.57442 14.50355 14.41418 14.29883 14.15788 13.99489 13.80985 13.60276 13.37599 13.12993 12.86576 12.58465 12.28938 11.98308 11.66418 11.33544 10.99449 10.65237 10.31103 9.972839 9.640162 9.314571 8.998036 8.694492 8.401185 8.123233 7.858665 7.606697 7.375594 7.16339 6.966539 6.791736 6.636224 6.503153 6.388192 6.291342 6.209452 6.140948 6.086617 6.047641 6.019688
11.62993 11.77205 11.91418 12.05985 12.21221 12.36654 12.5252 12.68583 12.84764 13.01339 13.17363 13.33111 13.49135 13.6445 13.79174 13.93308 14.06339 14.18583 14.30001 14.40237 14.48938 14.56182 14.61576 14.65237 14.67284 14.67402 14.65473 14.61969 14.56379 14.48544 14.38898 14.2689 14.12402 13.95434 13.76418 13.55591 13.32875 13.08387 12.81812 12.53308 12.23701 11.93032 11.60985 11.28032 10.94174 10.60119 10.26064 9.924809 9.596461 9.27402 8.958666 8.657485 8.369296 8.09213 7.829925 7.582681 7.350398 7.135437 6.941342 6.764964 6.609452 6.475987 6.359846 6.259058 6.174019 6.099216 6.044097 6.000397 5.975987
