ASPA-UH-SWB2_REPO/input/Gridded_rain/prism_ppt_tutuila_30yr_normal_12.asc
ncols         350
nrows         200
xllcorner     515000
yllcorner     8409000
cellsize      100
NODATA_value  -9999
[rows 93 to 123 of 200, columns 0 to 68 of 350]
-9999 -9999 -9999 -9999 -9999 -9999 -9999 -9999 -9999 -9999 -9999 -9999 -9999 -9999 -9999 -9999 -9999 -9999 -9999 -9999 -9999 -9999 -9999 -9999 -9999 -9999 -9999 -9999 -9999 -9999 -9999 -9999 -9999 -9999 -9999 -9999 -9999 -9999 -9999 -9999 -9999 -9999 12.0504 12.09528 12.17363 -9999 -9999 -9999 12.91536 12.97757 13.08741 13.26221 13.44764 13.63702 13.83032 14.02324 14.20946 14.40237 14.59607 14.78741 14.97442 15.15276 15.33032 15.50198 15.66694 15.81615 15.95788 16.08623 16.20591
-9999 -9999 -9999 -9999 -9999 -9999 -9999 -9999 -9999 -9999 -9999 -9999 -9999 -9999 -9999 -9999 -9999 -9999 -9999 -9999 -9999 -9999 -9999 -9999 -9999 -9999 -9999 -9999 -9999 -9999 -9999 -9999 -9999 -9999 -9999 -9999 -9999 -9999 -9999 -9999 -9999 -9999 12.1319 12.19528 12.33072 12.49489 -9999 -9999 13.06772 13.15827 13.33308 13.52442 13.71536 13.91457 14.11694 14.31536 14.52009 14.7193 14.92363 15.12796 15.3256 15.51418 15.69804 15.87363 16.04332 16.20276 16.34962 16.48229 16.60316
-9999 -9999 -9999 -9999 -9999 -9999 -9999 -9999 -9999 -9999 -9999 -9999 -9999 -9999 -9999 -9999 -9999 -9999 -9999 -9999 -9999 -9999 -9999 -9999 -9999 -9999 -9999 -9999 -9999 -9999 -9999 -9999 -9999 -9999 -9999 -9999 -9999 -9999 -9999 -9999 12.05709 12.14056 12.22717 12.36142 12.51772 12.71339 12.90827 13.10198 13.22127 13.38859 13.58623 13.78938 13.98977 14.1945 14.40552 14.62402 14.83505 15.04607 15.25906 15.47009 15.67442 15.87402 16.06418 16.25119 16.42481 16.58938 16.74253 16.8815 17.00906
-9999 -9999 -9999 -9999 -9999 -9999 -9999 -9999 -9999 -9999 -9999 -9999 -9999 -9999 -9999 -9999 -9999 -9999 -9999 -9999 -9999 -9999 -9999 -9999 -9999 -9999 -9999 -9999 -9999 -9999 -9999 -9999 -9999 -9999 -9999 -9999 -9999 -9999 -9999 12.06457 12.1441 12.2504 12.39213 12.55394 12.72205 12.89056 13.09646 13.27638 13.44095 13.64016 13.84646 14.05434 14.26654 14.48268 14.70591 14.93426 15.15434 15.3756 15.59725 15.813 16.02402 16.22993 16.43308 16.62639 16.80473 16.9756 17.13347 17.28032 17.41221
-9999 -9999 -9999 -9999 -9999 -9999 -9999 -9999 -9999 -9999 -9999 -9999 -9999 -9999 -9999 -9999 -9999 -9999 -9999 -9999 -9999 -9999 -9999 -9999 -9999 -9999 -9999 -9999 -9999 -9999 -9999 -9999 -9999 -9999 -9999 -9999 -9999 -9999 12.09253 12.16575 12.26772 12.41851 12.58111 12.75316 12.92835 13.11024 13.29804 13.48859 13.6878 13.89371 14.10985 14.32875 14.54883 14.7752 15.00906 15.24568 15.47639 15.70631 15.93032 16.15473 16.37402 16.58741 16.79646 16.99607 17.18111 17.3567 17.5193 17.66851 17.80473
-9999 -9999 -9999 -9999 -9999 -9999 -9999 -9999 -9999 -9999 -9999 -9999 -9999 -9999 -9999 -9999 -9999 -9999 -9999 -9999 -9999 -9999 -9999 -9999 -9999 -9999 -9999 -9999 -9999 -9999 -9999 -9999 -9999 -9999 -9999 -9999 -9999 12.11851 12.19449 12.29489 12.44804 12.60709 12.77678 12.95631 13.14568 13.33505 13.52835 13.7315 13.93938 14.15316 14.37678 14.6067 14.8378 15.07245 15.31536 15.55828 15.79883 16.03426 16.26733 16.49804 16.72402 16.94568 17.16103 17.363 17.55276 17.72717 17.89292 18.04607 18.18465
-9999 -9999 -9999 -9999 -9999 -9999 -9999 -9999 -9999 -9999 -9999 -9999 -9999 -9999 -9999 -9999 -9999 -9999 -9999 -9999 -9999 -9999 -9999 -9999 -9999 -9999 -9999 -9999 -9999 -9999 -9999 -9999 -9999 -9999 -9999 -9999 12.13583 12.21064 12.3193 12.47638 12.63623 12.80552 12.98347 13.17166 13.36654 13.56536 13.76851 13.97835 14.1941 14.41969 14.65079 14.88702 15.12717 15.37245 15.61891 15.86891 16.11615 16.35906 16.60198 16.8382 17.07048 17.29765 17.51458 17.72009 17.91025 18.08741 18.25473 18.41103 18.55119
-9999 -9999 -9999 -9999 -9999 -9999 -9999 -9999 -9999 -9999 -9999 -9999 -9999 -9999 -9999 -9999 -9999 -9999 -9999 -9999 -9999 -9999 -9999 -9999 -9999 -9999 -9999 -9999 -9999 -9999 -9999 -9999 -9999 -9999 12.11497 12.14804 12.21497 12.32993 12.49056 12.65906 12.83032 13.00788 13.19646 13.39371 13.59528 13.80198 14.01339 14.23032 14.45552 14.69056 14.92953 15.16969 15.41497 15.66733 15.91891 16.17442 16.42835 16.67835 16.92639 17.16812 17.40591 17.63505 17.85395 18.06064 18.25355 18.43465 18.60158 18.75749 18.9008
-9999 -9999 -9999 -9999 -9999 -9999 -9999 -9999 -9999 -9999 -9999 -9999 -9999 -9999 -9999 -9999 -9999 -9999 -9999 -9999 -9999 -9999 -9999 -9999 -9999 -9999 -9999 -9999 -9999 -9999 -9999 -9999 -9999 12.12442 12.15906 12.2189 12.33308 12.49607 12.66536 12.84174 13.02442 13.21261 13.40985 13.61654 13.82678 14.04056 14.25906 14.48544 14.72087 14.96064 15.20591 15.45001 15.7004 15.95788 16.21733 16.47599 16.72954 16.98899 17.23899 17.48426 17.72442 17.95552 18.17718 18.38505 18.57836 18.76261 18.92993 19.08702 19.23229
-9999 -9999 -9999 -9999 -9999 -9999 -9999 -9999 -9999 -9999 -9999 -9999 -9999 -9999 -9999 -9999 -9999 -9999 -9999 -9999 -9999 -9999 -9999 -9999 -9999 -9999 -9999 -9999 -9999 -9999 -9999 -9999 -9999 12.1567 12.22166 12.33465 12.4941 12.66457 12.84568 13.02914 13.2193 13.41654 13.62205 13.83387 14.05316 14.27639 14.50237 14.73623 14.97678 15.2252 15.47284 15.72245 15.97993 16.24174 16.50828 16.76536 17.02481 17.28347 17.53623 17.78426 18.02639 18.25985 18.47875 18.6882 18.88662 19.07048 19.23741 19.39332 19.53859
-9999 -9999 -9999 -9999 -9999 -9999 -9999 -9999 -9999 -9999 -9999 -9999 -9999 -9999 -9999 -9999 -9999 -9999 -9999 -9999 -9999 -9999 -9999 -9999 -9999 -9999 -9999 -9999 -9999 -9999 -9999 -9999 12.14135 12.21379 12.32757 12.48308 12.65749 12.83898 13.02757 13.2193 13.41497 13.61969 13.82993 14.04883 14.27639 14.50394 14.74095 14.97875 15.22599 15.47757 15.72993 15.98623 16.24804 16.51772 16.7819 17.0441 17.30591 17.56221 17.81773 18.06497 18.3067 18.54056 18.76221 18.97206 19.17048 19.35513 19.52088 19.67284 19.81379
-9999 -9999 -9999 -9999 -9999 -9999 -9999 -9999 -9999 -9999 -9999 -9999 -9999 -9999 -9999 -9999 -9999 -9999 -9999 -9999 -9999 -9999 -9999 -9999 -9999 -9999 -9999 -9999 -9999 -9999 11.98662 12.09213 12.18426 12.31024 12.46812 12.63977 12.82166 13.0126 13.20276 13.40434 13.61182 13.82127 14.03741 14.26103 14.4941 14.7319 14.97284 15.21694 15.46536 15.72009 15.97835 16.24135 16.50552 16.77245 17.04371 17.30749 17.56812 17.82245 18.07796 18.32599 18.56536 18.8004 19.0197 19.23151 19.43151 19.60907 19.77639 19.92599 20.06222
-9999 -9999 -9999 -9999 -9999 -9999 -9999 -9999 -9999 -9999 -9999 -9999 -9999 -9999 -9999 -9999 -9999 -9999 -9999 -9999 -9999 -9999 -9999 -9999 -9999 -9999 -9999 -9999 -9999 11.93386 12.02835 12.1382 12.28347 12.44607 12.61497 12.79528 12.98583 13.1819 13.37914 13.58662 13.80276 14.02048 14.24371 14.47245 14.71024 14.95473 15.19922 15.44292 15.69843 15.95395 16.21694 16.4815 16.74804 17.01733 17.28308 17.54646 17.80513 18.06536 18.31576 18.56025 18.8008 19.03111 19.25316 19.463 19.65749 19.83623 19.99804 20.1441 20.27875
-9999 -9999 -9999 -9999 -9999 -9999 -9999 -9999 -9999 -9999 -9999 -9999 -9999 -9999 -9999 -9999 -9999 -9999 -9999 -9999 -9999 -9999 -9999 -9999 -9999 -9999 -9999 -9999 11.89568 11.98386 12.07993 12.23938 12.40985 12.58032 12.7567 12.94607 13.14568 13.34725 13.55631 13.76969 13.98741 14.21221 14.44253 14.67678 14.91969 15.16851 15.41143 15.66654 15.91339 16.17599 16.44213 16.70749 16.97324 17.23584 17.50395 17.763 18.02088 18.27836 18.5256 18.7697 19.0071 19.23899 19.4571 19.65985 19.8508 20.0256 20.18072 20.32718 20.46143
-9999 -9999 -9999 -9999 -9999 -9999 -9999 -9999 -9999 -9999 -9999 -9999 -9999 -9999 -9999 -9999 -9999 -9999 -9999 -9999 -9999 -9999 -9999 -9999 -9999 -9999 -9999 11.85788 11.94371 12.03308 12.18662 12.35552 12.52914 12.70709 12.89646 13.09253 13.30001 13.50985 13.72284 13.94056 14.16418 14.39568 14.62953 14.86772 15.11536 15.36497 15.61418 15.86221 16.11891 16.37993 16.64371 16.91064 17.17599 17.43465 17.6941 17.95631 18.21143 18.45828 18.70906 18.94804 19.18111 19.40828 19.62639 19.82363 20.0067 20.17442 20.32836 20.47363 20.60789
-9999 -9999 -9999 -9999 -9999 -9999 -9999 -9999 -9999 -9999 -9999 -9999 -9999 -9999 -9999 -9999 -9999 -9999 -9999 -9999 -9999 -9999 -9999 -9999 -9999 -9999 11.80867 11.89016 11.98229 12.13229 12.29331 12.46457 12.64568 12.83387 13.02875 13.23032 13.44174 13.65749 13.87481 14.09804 14.32757 14.55946 14.79883 15.0441 15.29292 15.54331 15.79371 16.04528 16.30119 16.56143 16.8252 17.09017 17.35119 17.60946 17.86536 18.11969 18.37206 18.61812 18.86025 19.09725 19.32599 19.54725 19.75592 19.95159 20.12718 20.28859 20.44568 20.58741 20.72127
-9999 -9999 -9999 -9999 -9999 -9999 -9999 -9999 -9999 -9999 -9999 -9999 -9999 -9999 -9999 -9999 -9999 -9999 -9999 -9999 -9999 -9999 -9999 -9999 -9999 11.75394 11.82757 11.92323 12.07087 12.22481 12.39331 12.57166 12.75788 12.95119 13.1504 13.36024 13.57245 13.7882 14.01103 14.24056 14.47284 14.71103 14.95276 15.19883 15.44883 15.70198 15.95355 16.20473 16.46182 16.71969 16.98072 17.24174 17.49843 17.75277 18.00473 18.25631 18.50277 18.74332 18.98229 19.21576 19.43977 19.65277 19.85473 20.04056 20.21064 20.37324 20.52481 20.66773 20.79922
-9999 -9999 -9999 -9999 -9999 -9999 -9999 -9999 -9999 -9999 -9999 -9999 -9999 -9999 -9999 -9999 -9999 -9999 -9999 -9999 -9999 -9999 -9999 -9999 11.7004 11.76497 11.86064 11.99922 12.15197 12.31418 12.4882 12.67008 12.85985 13.05827 13.26575 13.47678 13.69095 13.90749 14.13465 14.3693 14.60473 14.84528 15.0878 15.33387 15.58426 15.83544 16.08859 16.34213 16.59686 16.85434 17.10788 17.36379 17.61851 17.86458 18.11182 18.35985 18.59883 18.83702 19.07206 19.3008 19.51891 19.72521 19.91891 20.09962 20.26497 20.41969 20.56812 20.70867 20.83741
-9999 -9999 -9999 -9999 -9999 -9999 -9999 -9999 -9999 -9999 -9999 -9999 -9999 -9999 -9999 -9999 -9999 -9999 -9999 -9999 -9999 -9999 -9999 -9999 11.71064 11.79449 11.92363 12.07087 12.22835 12.39568 12.57363 12.75867 12.95197 13.15237 13.36339 13.57796 13.79607 14.01654 14.24528 14.48229 14.72166 14.96142 15.20355 15.44961 15.69646 15.94804 16.19883 16.45316 16.7067 16.95946 17.20906 17.45985 17.70749 17.94922 18.19174 18.42914 18.66497 18.89607 19.12599 19.34725 19.55906 19.76143 19.95001 20.12245 20.2819 20.42914 20.57285 20.70907 20.83662
-9999 -9999 -9999 -9999 -9999 -9999 -9999 -9999 -9999 -9999 -9999 -9999 -9999 -9999 -9999 -9999 -9999 -9999 -9999 -9999 -9999 -9999 -9999 -9999 11.74292 11.84489 11.98426 12.13544 12.29528 12.46694 12.64843 12.83544 13.0315 13.23505 13.44725 13.66497 13.88347 14.10828 14.34292 14.57835 14.8189 15.05906 15.29961 15.54253 15.78898 16.0378 16.28505 16.53623 16.78859 17.0382 17.28426 17.5256 17.76654 18.00355 18.2382 18.47009 18.69607 18.91891 19.14017 19.35631 19.56103 19.75592 19.94174 20.11182 20.26261 20.40434 20.53977 20.66969 20.79529
-9999 -9999 -9999 -9999 -9999 -9999 -9999 -9999 -9999 -9999 -9999 -9999 -9999 -9999 -9999 -9999 -9999 -9999 -9999 -9999 -9999 -9999 -9999 -9999 11.78111 11.89095 12.03308 12.18898 12.35473 12.52638 12.70867 12.90119 13.09922 13.30513 13.51812 13.73701 13.95749 14.18387 14.41615 14.65394 14.89331 15.13111 15.37087 15.61339 15.85631 16.09922 16.33977 16.59056 16.83859 17.08387 17.32284 17.55788 17.78977 18.02048 18.24607 18.47166 18.68899 18.90395 19.11536 19.32363 19.52324 19.71143 19.89529 20.06379 20.21143 20.34529 20.47285 20.59883 20.71655
-9999 -9999 -9999 -9999 -9999 -9999 -9999 -9999 -9999 -9999 -9999 -9999 -9999 -9999 -9999 10.97008 -9999 -9999 -9999 -9999 -9999 -9999 11.60788 11.70355 11.79804 11.92638 12.07323 12.23347 12.40079 12.57363 12.75788 12.95197 13.15276 13.35906 13.57324 13.79095 14.01457 14.2378 14.46536 14.70591 14.94174 15.17678 15.41536 15.65591 15.89371 16.12954 16.36812 16.60788 16.84922 17.08977 17.32127 17.54922 17.77442 17.9941 18.213 18.42914 18.63859 18.84607 19.05434 19.25316 19.44332 19.63111 19.81182 19.97915 20.12599 20.25513 20.37442 20.4941 20.60592
-9999 -9999 -9999 -9999 -9999 -9999 -9999 -9999 -9999 -9999 -9999 -9999 -9999 -9999 -9999 10.96497 11.00788 -9999 11.19922 11.28977 11.37323 11.48741 11.59016 11.69764 11.81654 11.95394 12.10749 12.26694 12.43111 12.60946 12.79449 12.98505 13.18583 13.39646 13.60946 13.8256 14.04371 14.26536 14.49646 14.72954 14.96497 15.19843 15.43111 15.66694 15.90276 16.13387 16.36339 16.59056 16.82442 17.05867 17.28229 17.5008 17.71536 17.93032 18.14056 18.34804 18.54844 18.75119 18.95237 19.14371 19.33032 19.51143 19.68859 19.85473 20.00395 20.12993 20.24686 20.35631 20.463
-9999 -9999 -9999 -9999 -9999 -9999 -9999 -9999 -9999 -9999 -9999 -9999 -9999 -9999 10.92953 10.96851 11.02442 11.10158 11.19331 11.27599 11.37245 11.47953 11.59095 11.71182 11.83977 11.97756 12.12638 12.28662 12.45631 12.63268 12.81654 13.00591 13.2067 13.41261 13.62599 13.84213 14.05828 14.27599 14.50079 14.73111 14.96418 15.19528 15.42206 15.65316 15.87914 16.10749 16.32678 16.54528 16.77009 16.98938 17.20867 17.41891 17.62324 17.83111 18.03662 18.23032 18.42639 18.62048 18.80946 18.99647 19.17718 19.35277 19.52206 19.69253 19.8378 19.96458 20.08111 20.18702 20.29017
-9999 -9999 -9999 -9999 -9999 -9999 -9999 -9999 -9999 -9999 -9999 -9999 -9999 10.87914 10.9193 10.9693 11.03662 11.1126 11.19253 11.28111 11.3756 11.48347 11.60001 11.72363 11.85394 11.99056 12.13701 12.29686 12.46694 12.64213 12.82323 13.01379 13.21182 13.41615 13.62678 13.84135 14.05316 14.26576 14.48859 14.71536 14.94292 15.163 15.38505 15.60709 15.82835 16.04135 16.25867 16.46969 16.67993 16.89056 17.09765 17.3004 17.50119 17.69962 17.89371 18.08662 18.27088 18.4508 18.6319 18.81064 18.98544 19.15631 19.32245 19.48111 19.62718 19.75867 19.87403 19.98505 20.08308
-9999 -9999 -9999 -9999 -9999 -9999 -9999 -9999 -9999 -9999 -9999 -9999 10.82953 10.86812 10.91221 10.97205 11.04134 11.12008 11.20079 11.28505 11.37875 11.48386 11.60316 11.72835 11.85591 11.99134 12.14174 12.29843 12.46379 12.63544 12.81812 13.00513 13.19804 13.39961 13.60709 13.81772 14.02875 14.23977 14.4508 14.67363 14.89331 15.10788 15.31576 15.52835 15.7382 15.94765 16.14843 16.35394 16.55749 16.75906 16.95316 17.14371 17.33702 17.52875 17.7193 17.90552 18.07954 18.25277 18.42481 18.5941 18.76182 18.9256 19.0878 19.23544 19.37639 19.50985 19.62875 19.73977 19.83899
-9999 -9999 -9999 -9999 -9999 -9999 -9999 -9999 -9999 -9999 -9999 10.78032 10.8193 10.86064 10.913 10.97284 11.0441 11.12363 11.20394 11.28505 11.37914 11.48465 11.59804 11.72048 11.85001 11.98583 12.13111 12.28701 12.45079 12.62048 12.79568 12.97914 13.16851 13.36457 13.56457 13.77205 13.97717 14.18308 14.39017 14.59765 14.81143 15.01891 15.22363 15.42087 15.62206 15.8193 16.01576 16.20788 16.40237 16.59528 16.77993 16.9567 17.13544 17.32481 17.50631 17.6819 17.85316 18.02009 18.18347 18.34843 18.51261 18.66773 18.81891 18.96103 19.0941 19.22166 19.34292 19.45198 19.55119
-9999 -9999 -9999 -9999 -9999 -9999 -9999 -9999 -9999 -9999 10.74213 10.77205 10.81142 10.86221 10.91418 10.97323 11.04174 11.1193 11.19961 11.28465 11.37678 11.47756 11.59056 11.70867 11.83268 11.96812 12.11182 12.26457 12.42127 12.5882 12.76064 12.94095 13.12402 13.3126 13.50749 13.70512 13.90237 14.10119 14.30119 14.50237 14.70434 14.90394 15.09922 15.29253 15.47993 15.67009 15.85434 16.03584 16.21694 16.39765 16.57048 16.74017 16.91064 17.08465 17.25867 17.42757 17.59332 17.75395 17.91418 18.07639 18.23387 18.38465 18.52442 18.65907 18.78741 18.90788 19.02599 19.1319 19.22481
-9999 -9999 -9999 -9999 -9999 -9999 -9999 -9999 -9999 -9999 10.73938 10.7689 10.8126 10.86221 10.91378 10.97087 11.0378 11.11142 11.19174 11.27717 11.36812 11.46851 11.5756 11.68938 11.81024 11.94016 12.08111 12.2252 12.37835 12.53938 12.70946 12.88387 13.06379 13.24568 13.43229 13.62048 13.81221 14.00158 14.19095 14.38465 14.57639 14.76812 14.95473 15.13583 15.31733 15.4941 15.66969 15.83308 16.00434 16.17087 16.33387 16.4945 16.65395 16.81733 16.98387 17.14332 17.30237 17.45946 17.61654 17.77245 17.92442 18.07166 18.20592 18.33662 18.46064 18.57836 18.68505 18.78426 18.87324
-9999 -9999 -9999 -9999 -9999 -9999 -9999 -9999 -9999 -9999 10.73977 10.77048 10.81064 10.85749 10.90749 10.96457 11.02993 11.10079 11.17993 11.26024 11.35158 11.44843 11.5504 11.65985 11.78032 11.90709 12.03977 12.18032 12.32599 12.48268 12.64568 12.81457 12.98741 13.16221 13.34016 13.52205 13.70198 13.88505 14.06851 14.24922 14.43032 14.61064 14.78544 14.95867 15.12914 15.29922 15.45709 15.61143 15.76733 15.91969 16.07324 16.22245 16.37127 16.52402 16.67914 16.83308 16.98505 17.13584 17.28938 17.44174 17.58938 17.73072 17.86458 17.98899 18.10749 18.22284 18.3256 18.41773 18.50001
-9999 -9999 -9999 -9999 -9999 -9999 -9999 -9999 -9999 -9999 10.74528 10.7689 10.80197 10.84725 10.89725 10.95197 11.01536 11.08583 11.15906 11.23662 11.32363 11.41772 11.51536 11.62048 11.73898 11.86497 11.99174 12.1256 12.26772 12.41733 12.57363 12.73583 12.89883 13.06615 13.23662 13.40709 13.57875 13.75631 13.93111 14.09804 14.26694 14.43465 14.59922 14.75867 14.92009 15.07835 15.22639 15.37048 15.50985 15.65198 15.79213 15.92875 16.06654 16.20828 16.3504 16.49883 16.64371 16.7882 16.93505 17.08347 17.22836 17.36064 17.48544 17.60395 17.72048 17.83111 17.93387 18.02402 18.10395
