ASPA-UH-SWB2_REPO/input/Gridded_rain/prism_ppt_tutuila_30yr_normal_11.asc
ncols         350
nrows         200
xllcorner     515000
yllcorner     8409000
cellsize      100
NODATA_value  -9999
[rows 93 to 123 of 200, columns 69 to 137 of 350]
14.80237 14.88111 14.9504 15.00552 15.05355 15.0945 15.12363 15.15158 15.17245 15.18977 15.20355 15.21142 15.21891 15.22757 15.23662 15.24607 15.25552 15.26772 15.28072 15.2945 15.30867 15.32324 15.3382 15.3508 15.36103 15.36891 15.37521 15.38308 15.38977 15.39095 15.39174 15.38938 15.38544 15.37757 15.3693 15.36103 15.35316 15.34174 15.32993 15.32087 15.31143 15.30591 15.30552 15.30867 15.31536 15.32678 15.34489 15.36772 15.39961 15.43662 15.47954 15.53623 15.60434 15.67914 15.76103 15.84883 15.94765 16.05709 16.16812 16.28623 16.40828 16.53426 16.66772 16.80158 16.9378 17.0756 17.22009 17.3693 17.5256
15.10749 15.18465 15.25198 15.31182 15.36064 15.39528 15.42481 15.44883 15.46969 15.48347 15.49253 15.50198 15.50631 15.51103 15.51654 15.52324 15.5315 15.54056 15.5504 15.56143 15.57324 15.58583 15.59883 15.61143 15.6193 15.6256 15.6319 15.63583 15.6382 15.63741 15.63859 15.63465 15.62835 15.62166 15.61339 15.60513 15.59489 15.58544 15.57442 15.56379 15.55355 15.54922 15.5508 15.55513 15.56182 15.57639 15.59489 15.62048 15.65355 15.6941 15.74371 15.79922 15.86536 15.93938 16.02087 16.11103 16.20631 16.31025 16.42009 16.53229 16.64804 16.77087 16.89922 17.02914 17.15946 17.29174 17.42875 17.57127 17.72284
15.41064 15.48741 15.55237 15.613 15.65591 15.69135 15.72048 15.74135 15.7567 15.7693 15.77599 15.78032 15.78623 15.78702 15.78859 15.79135 15.79568 15.8008 15.80749 15.81576 15.82481 15.83662 15.84686 15.85591 15.86143 15.86379 15.86694 15.86733 15.86418 15.863 15.86221 15.85867 15.85276 15.84607 15.84017 15.83387 15.82639 15.81654 15.80591 15.7941 15.78347 15.78111 15.78426 15.78977 15.79922 15.81379 15.83623 15.86221 15.89647 15.94292 15.99253 16.05237 16.11576 16.18702 16.26812 16.35513 16.45001 16.54843 16.65552 16.76576 16.87442 16.99095 17.11497 17.24017 17.36221 17.48702 17.62087 17.75631 17.89607
15.70985 15.78426 15.84961 15.90198 15.94528 15.97835 16.00355 16.02442 16.03741 16.04371 16.04883 16.0508 16.0504 16.0508 16.05001 16.04883 16.04922 16.0508 16.05395 16.05828 16.06733 16.0756 16.08072 16.0819 16.0815 16.07914 16.0752 16.07245 16.06694 16.06221 16.05867 16.0567 16.05237 16.04725 16.04332 16.04056 16.03741 16.02954 16.02166 16.01182 16.00119 15.99922 16.00316 16.00985 16.02245 16.04016 16.063 16.09253 16.13111 16.17757 16.2315 16.28898 16.35237 16.42481 16.50316 16.58702 16.67757 16.7756 16.87796 16.97796 17.08465 17.19607 17.31221 17.42993 17.54332 17.66143 17.78387 17.91103 18.04017
16.00276 16.07245 16.13505 16.18544 16.22442 16.25316 16.27599 16.29528 16.30631 16.30867 16.30946 16.30828 16.30591 16.30158 16.29725 16.2941 16.29095 16.28859 16.2878 16.29056 16.29489 16.29883 16.29568 16.29056 16.28269 16.27402 16.26576 16.25867 16.25119 16.2441 16.23938 16.23623 16.23111 16.22639 16.22402 16.22324 16.22245 16.22245 16.21812 16.21221 16.20552 16.20316 16.20828 16.21654 16.23032 16.2508 16.27796 16.31182 16.35001 16.40237 16.45709 16.51536 16.57875 16.64922 16.72599 16.80749 16.89489 16.98544 17.0815 17.17796 17.27717 17.37954 17.4878 17.59371 17.70276 17.81143 17.91969 18.03584 18.1571
16.28426 16.3508 16.40788 16.45709 16.49331 16.51772 16.5378 16.55316 16.56025 16.56064 16.55552 16.55001 16.5445 16.53662 16.52796 16.52284 16.51654 16.51064 16.5071 16.50395 16.5008 16.49686 16.48938 16.47639 16.463 16.45198 16.44253 16.4319 16.42284 16.41458 16.40749 16.40158 16.39489 16.38898 16.38584 16.38505 16.38623 16.38938 16.39371 16.39292 16.3941 16.3945 16.39922 16.40906 16.42402 16.44765 16.47757 16.513 16.55788 16.61024 16.66812 16.72836 16.79253 16.86143 16.93662 17.01497 17.09686 17.18229 17.26969 17.36261 17.45119 17.5445 17.64214 17.73938 17.83347 17.93151 18.0319 18.13387 18.24214
16.54922 16.61379 16.66772 16.71576 16.74883 16.77087 16.78623 16.79646 16.79883 16.79568 16.78741 16.77639 16.76536 16.75316 16.7441 16.73387 16.72363 16.71536 16.7067 16.69607 16.68465 16.67324 16.65749 16.64253 16.62836 16.61615 16.60513 16.59371 16.58269 16.57245 16.56379 16.55513 16.54646 16.5382 16.53229 16.52954 16.53111 16.53623 16.54489 16.55316 16.55985 16.56812 16.57481 16.58623 16.60394 16.62796 16.66064 16.69922 16.74725 16.80198 16.86143 16.92324 16.98741 17.0567 17.13111 17.20552 17.28269 17.35985 17.44253 17.52442 17.60906 17.69213 17.77599 17.85946 17.94292 18.02757 18.11615 18.20395 18.29922
16.80001 16.86064 16.91182 16.95631 16.98662 17.0071 17.02009 17.02521 17.02363 17.01615 17.00395 16.98899 16.97402 16.95788 16.9441 16.92993 16.91812 16.90473 16.88977 16.87245 16.85355 16.83465 16.81733 16.80001 16.78584 16.77284 16.76024 16.74804 16.73426 16.72206 16.713 16.7004 16.68859 16.67757 16.66812 16.66261 16.66221 16.66615 16.6756 16.68938 16.70355 16.7193 16.7319 16.74607 16.76694 16.79371 16.82954 16.87127 16.92206 16.97875 17.0382 17.10001 17.16536 17.23544 17.3067 17.37875 17.44962 17.52127 17.59489 17.67088 17.74568 17.81733 17.8882 17.95788 18.02678 18.09765 18.17048 18.24804 18.32678
17.03229 17.09095 17.13938 17.18032 17.20906 17.22836 17.23859 17.24174 17.23662 17.22481 17.20906 17.18977 17.17206 17.15198 17.13308 17.11654 17.09922 17.08111 17.06064 17.03859 17.01379 16.99056 16.97324 16.95591 16.94017 16.92599 16.91182 16.89686 16.88387 16.87009 16.85828 16.84332 16.82757 16.81261 16.79883 16.78977 16.78426 16.78584 16.79292 16.80867 16.82796 16.84843 16.86891 16.88859 16.91221 16.9441 16.98347 17.02954 17.08347 17.14292 17.20158 17.26221 17.32757 17.39686 17.46694 17.53544 17.60237 17.66458 17.73032 17.79646 17.85985 17.9193 17.97599 18.03229 18.08662 18.13977 18.19843 18.26143 18.32363
17.24489 17.30316 17.35237 17.38938 17.41615 17.43426 17.44489 17.44568 17.43781 17.42284 17.40316 17.38032 17.3571 17.33505 17.31143 17.29214 17.27048 17.24725 17.22284 17.1941 17.16694 17.14371 17.12403 17.1067 17.09017 17.0756 17.06103 17.04646 17.03308 17.02087 17.00591 16.98859 16.96891 16.94962 16.93151 16.91615 16.90473 16.89961 16.90434 16.91615 16.93702 16.96221 16.98859 17.01379 17.04174 17.07757 17.12127 17.17245 17.22954 17.29056 17.35158 17.41221 17.47639 17.54332 17.61182 17.67914 17.73899 17.79371 17.84883 17.90355 17.95513 18.00158 18.04371 18.08426 18.12245 18.16103 18.20276 18.24607 18.29135
17.43859 17.49765 17.5445 17.58111 17.60592 17.6256 17.63544 17.63544 17.62442 17.60552 17.58269 17.55788 17.53269 17.50552 17.48032 17.45513 17.43072 17.40355 17.37363 17.34253 17.31339 17.28938 17.26733 17.2504 17.23466 17.22127 17.20985 17.19725 17.18583 17.17481 17.15828 17.1382 17.11536 17.09213 17.06773 17.0445 17.02599 17.01379 17.00985 17.01694 17.03662 17.06418 17.09489 17.12521 17.15749 17.19686 17.24174 17.29765 17.36024 17.42245 17.48584 17.54843 17.61221 17.67678 17.74253 17.80434 17.86103 17.90631 17.95158 17.9941 18.03229 18.063 18.09213 18.11576 18.13623 18.15907 18.18111 18.20513 18.23269
17.6134 17.67088 17.71851 17.75395 17.7819 17.79765 17.80788 17.8071 17.79332 17.77166 17.74529 17.72048 17.69332 17.66261 17.63465 17.60513 17.57757 17.54725 17.51261 17.48032 17.4508 17.42324 17.40355 17.38505 17.37245 17.36379 17.35513 17.34725 17.33741 17.32639 17.31064 17.28702 17.26261 17.23426 17.20631 17.17599 17.14765 17.12678 17.11418 17.11339 17.12954 17.15709 17.19095 17.22599 17.26221 17.30237 17.35237 17.40946 17.47245 17.54056 17.60749 17.67127 17.73308 17.79568 17.85631 17.91143 17.96379 18.00434 18.03584 18.06497 18.09056 18.10631 18.11773 18.12481 18.12875 18.13269 18.13387 18.13899 18.14607
17.77127 17.82639 17.87481 17.913 17.93544 17.95355 17.96221 17.95985 17.9441 17.92048 17.89371 17.86615 17.8382 17.80434 17.77048 17.74056 17.70906 17.67402 17.6382 17.60552 17.57284 17.54725 17.52678 17.51024 17.50237 17.49883 17.49489 17.4882 17.48072 17.47048 17.45316 17.42875 17.40158 17.37324 17.34174 17.30591 17.2693 17.23859 17.21694 17.20828 17.21536 17.24253 17.27875 17.31654 17.35434 17.39804 17.4508 17.51143 17.57442 17.64647 17.71497 17.77914 17.84095 17.89843 17.95316 18.00591 18.05119 18.08308 18.10434 18.12127 18.12954 18.12993 18.12166 18.11064 18.09804 18.08111 18.06576 18.04647 18.03387
17.90513 17.96182 18.00946 18.04568 18.07009 18.0878 18.09607 18.09095 18.07678 18.05395 18.0256 17.99332 17.96064 17.92757 17.89174 17.85749 17.82324 17.78584 17.74961 17.71221 17.68229 17.65591 17.63623 17.6256 17.62166 17.62284 17.62284 17.61773 17.61024 17.59922 17.5819 17.5567 17.52954 17.50119 17.46694 17.42836 17.3882 17.34883 17.31654 17.29686 17.29725 17.31969 17.35592 17.39528 17.43623 17.48466 17.54017 17.59962 17.67088 17.74095 17.80985 17.87599 17.93505 17.9882 18.03938 18.0882 18.12245 18.14686 18.16103 18.16221 18.15119 18.13347 18.10552 18.07599 18.04253 18.00631 17.96969 17.93269 17.89528
18.01733 18.07324 18.11891 18.15355 18.17875 18.19489 18.20198 18.2008 18.18781 18.16458 18.13584 18.10198 18.06615 18.02836 17.99214 17.9567 17.92048 17.8819 17.84056 17.80395 17.77442 17.7508 17.73269 17.72717 17.72954 17.73387 17.73505 17.73111 17.72363 17.71221 17.6945 17.6693 17.64135 17.61143 17.57678 17.5382 17.49607 17.4508 17.41064 17.38111 17.37245 17.38938 17.42284 17.46418 17.50867 17.56064 17.61812 17.68387 17.75355 17.82521 17.8945 17.95749 18.01615 18.06891 18.11418 18.1504 18.18269 18.19607 18.19883 18.18151 18.15395 18.11615 18.0693 18.0193 17.96733 17.90867 17.85198 17.79371 17.73859
18.1071 18.15946 18.20316 18.24017 18.26379 18.27836 18.28426 18.28544 18.2756 18.25434 18.22206 18.1882 18.15119 18.11221 18.0756 18.0382 17.99883 17.95749 17.91733 17.8819 17.85237 17.82757 17.81773 17.81694 17.82206 17.83032 17.83229 17.82954 17.82127 17.80985 17.79292 17.76615 17.73702 17.70513 17.67009 17.63032 17.58741 17.54214 17.49607 17.4571 17.43977 17.44922 17.48229 17.52481 17.57284 17.62481 17.68544 17.75473 17.82639 17.89725 17.96615 18.02717 18.08229 18.1319 18.17088 18.20237 18.22245 18.22639 18.20592 18.17127 18.1256 18.06773 18.00198 17.9319 17.85867 17.7878 17.70749 17.63229 17.5571
18.17088 18.22127 18.26418 18.29844 18.32403 18.33859 18.34529 18.34529 18.3382 18.31851 18.28859 18.25237 18.21379 18.1756 18.1382 18.10001 18.05828 18.01772 17.97875 17.9445 17.91418 17.8941 17.88741 17.89056 17.90001 17.91025 17.91379 17.91103 17.90355 17.89214 17.87324 17.84843 17.81694 17.78269 17.74765 17.7071 17.66418 17.61812 17.56773 17.52284 17.49843 17.50316 17.53465 17.57836 17.62678 17.68072 17.74174 17.81143 17.88426 17.95906 18.02402 18.08269 18.13544 18.17993 18.21655 18.2382 18.2441 18.22599 18.18584 18.12836 18.05946 17.98072 17.89725 17.80867 17.72127 17.62757 17.53899 17.4441 17.35434
18.20631 18.25591 18.29725 18.33111 18.35552 18.37166 18.37954 18.38072 18.37442 18.35828 18.32914 18.2945 18.25867 18.21969 18.18111 18.14253 18.10395 18.06458 18.02678 17.99253 17.96536 17.94647 17.94135 17.94922 17.96143 17.97206 17.97678 17.97481 17.96969 17.95788 17.93938 17.91418 17.88308 17.84843 17.81025 17.77009 17.72481 17.67678 17.62639 17.57718 17.54646 17.54843 17.57836 17.62245 17.67048 17.72481 17.78623 17.85592 17.93111 18.00513 18.06812 18.12521 18.17521 18.21615 18.24332 18.25001 18.23347 18.19371 18.12757 18.04765 17.95592 17.85828 17.75473 17.65119 17.54804 17.4441 17.33505 17.23072 17.12284
18.21536 18.263 18.30316 18.33505 18.36182 18.37717 18.38505 18.38859 18.38662 18.37363 18.34843 18.31655 18.2819 18.24332 18.2067 18.1693 18.13269 18.09529 18.05906 18.02639 18.00001 17.98229 17.97914 17.98938 18.00316 18.01379 18.02088 18.02166 18.01576 18.00552 17.98938 17.96379 17.93308 17.89883 17.85906 17.81655 17.77048 17.72048 17.66812 17.61812 17.58584 17.58623 17.61418 17.65828 17.7071 17.75985 17.82009 17.89056 17.96694 18.03662 18.10001 18.15513 18.19962 18.23229 18.24568 18.23269 18.19253 18.12127 18.0319 17.93111 17.82166 17.70828 17.59017 17.47048 17.35198 17.23111 17.11064 16.99095 16.87442
18.19883 18.24489 18.28111 18.313 18.33623 18.35434 18.36379 18.3693 18.37127 18.36379 18.34489 18.31812 18.28387 18.24804 18.2134 18.17875 18.1445 18.10906 18.07442 18.04214 18.01654 18.00001 17.99765 18.00788 18.02284 18.03584 18.0441 18.04647 18.04292 18.03308 18.02009 17.99529 17.96458 17.93032 17.89135 17.84607 17.79804 17.74843 17.69489 17.6445 17.61458 17.61576 17.64371 17.68662 17.73466 17.78623 17.84765 17.91812 17.98899 18.0571 18.11694 18.16654 18.2067 18.22875 18.22009 18.18347 18.11458 18.01772 17.90828 17.79056 17.66536 17.53702 17.40552 17.27245 17.13859 17.00316 16.86694 16.73544 16.61143
18.1571 18.19962 18.23387 18.2634 18.28544 18.30434 18.31536 18.32245 18.32836 18.32718 18.31655 18.29528 18.26654 18.23426 18.2004 18.16851 18.1382 18.10592 18.07166 18.04135 18.01536 17.99883 17.99568 18.00434 18.02088 18.03741 18.04725 18.05158 18.05001 18.04332 18.02836 18.0067 17.97757 17.94253 17.90395 17.85906 17.80985 17.75906 17.7071 17.65828 17.63151 17.63623 17.66694 17.70788 17.75355 17.80513 17.86497 17.93269 18.00001 18.06379 18.11773 18.16103 18.19292 18.19922 18.16969 18.10434 18.00946 17.89528 17.76694 17.63111 17.49371 17.3504 17.20198 17.0567 16.91064 16.75591 16.60946 16.46851 16.33583
18.08977 18.12954 18.16103 18.18859 18.21458 18.23072 18.24253 18.25198 18.26143 18.26576 18.26025 18.24647 18.22717 18.19883 18.1693 18.14095 18.113 18.08426 18.05434 18.02402 17.99883 17.98072 17.97521 17.9819 17.99922 18.01851 18.03151 18.03741 18.0378 18.03269 18.0193 17.99765 17.97009 17.93702 17.89883 17.85395 17.80631 17.75513 17.70198 17.65906 17.63938 17.64922 17.68111 17.72009 17.7634 17.813 17.87009 17.93387 17.99686 18.05395 18.1004 18.13741 18.1571 18.14489 18.09253 18.0008 17.88584 17.75237 17.60946 17.46025 17.30513 17.14765 16.98859 16.8256 16.66103 16.50198 16.34371 16.19135 16.04883
18.0004 18.03702 18.06615 18.09056 18.11733 18.13702 18.14962 18.15985 18.16891 18.17639 18.17757 18.17324 18.16025 18.13938 18.11773 18.09489 18.07048 18.04607 18.02048 17.99332 17.9693 17.9508 17.93977 17.9445 17.96025 17.97954 17.99529 18.00473 18.00591 18.00119 17.99135 17.97166 17.9441 17.913 17.87639 17.83269 17.78505 17.73466 17.68505 17.64962 17.63859 17.65552 17.68505 17.72206 17.76221 17.80828 17.86261 17.92206 17.97757 18.02402 18.06418 18.09213 18.09804 18.06576 17.9882 17.87481 17.74214 17.59017 17.43347 17.27245 17.10395 16.93229 16.76024 16.58465 16.41064 16.2382 16.07206 15.91182 15.75788
17.89095 17.92363 17.94962 17.97324 17.99647 18.01733 18.03111 18.04135 18.05119 18.06064 18.06812 18.0693 18.06576 18.0567 18.04214 18.02402 18.00788 17.99056 17.97009 17.94804 17.92678 17.9067 17.8945 17.89371 17.90473 17.92166 17.93899 17.94922 17.95355 17.95237 17.94489 17.92639 17.90119 17.87206 17.83623 17.79489 17.74725 17.70001 17.65985 17.63347 17.63269 17.65316 17.68072 17.71379 17.75001 17.79292 17.84292 17.89568 17.94095 17.98032 18.0067 18.02402 18.01458 17.963 17.86497 17.73072 17.57796 17.41576 17.24607 17.07009 16.89017 16.70906 16.52087 16.33662 16.15552 15.97206 15.79607 15.63032 15.46694
17.763 17.79135 17.81418 17.83544 17.85276 17.8693 17.88269 17.89489 17.90709 17.91851 17.92757 17.93781 17.9441 17.9445 17.94056 17.93151 17.92245 17.91261 17.9008 17.88505 17.86812 17.85316 17.84017 17.83229 17.83505 17.84765 17.86261 17.87481 17.88229 17.88387 17.87757 17.86261 17.84056 17.81261 17.77914 17.73977 17.69607 17.65788 17.62836 17.61694 17.62324 17.64174 17.66773 17.69371 17.7256 17.76694 17.81064 17.85237 17.88898 17.91339 17.93269 17.93229 17.90828 17.83859 17.72166 17.57166 17.40709 17.23032 17.04922 16.85946 16.66654 16.47206 16.27914 16.08308 15.89017 15.70591 15.52284 15.3441 15.18229
17.61891 17.64292 17.65985 17.67481 17.69174 17.70276 17.71261 17.72324 17.73584 17.74922 17.76458 17.78072 17.79371 17.80473 17.81261 17.81536 17.81458 17.81418 17.81025 17.80198 17.79214 17.78465 17.77245 17.76064 17.75906 17.76379 17.77284 17.78426 17.79371 17.79646 17.7941 17.78151 17.76025 17.73505 17.70513 17.67009 17.6378 17.61103 17.59725 17.59529 17.6071 17.62166 17.64214 17.66458 17.69332 17.72678 17.76182 17.7941 17.81655 17.8319 17.83505 17.82127 17.77875 17.69489 17.56103 17.40237 17.22284 17.03662 16.83741 16.63977 16.43583 16.22954 16.02599 15.82206 15.62481 15.43623 15.24883 15.06812 14.90355
17.45395 17.47206 17.48859 17.50158 17.513 17.52206 17.52993 17.53899 17.5504 17.56458 17.58111 17.6008 17.62127 17.64174 17.65985 17.67284 17.68269 17.68977 17.6945 17.69528 17.69489 17.69253 17.68899 17.6819 17.67639 17.67599 17.68111 17.6882 17.69292 17.69765 17.69568 17.68544 17.66733 17.64607 17.62245 17.59725 17.57718 17.56615 17.56221 17.56694 17.57639 17.59017 17.60355 17.62403 17.64686 17.67284 17.69725 17.71615 17.72521 17.72639 17.71458 17.68662 17.62954 17.53072 17.3882 17.21221 17.02835 16.82442 16.62245 16.41103 16.19765 15.9819 15.77009 15.56497 15.36418 15.16339 14.97993 14.80394 14.62953
17.26536 17.28308 17.29843 17.30985 17.31733 17.32599 17.33623 17.3441 17.35434 17.36773 17.38426 17.40395 17.42796 17.45591 17.48308 17.50788 17.52481 17.53938 17.55119 17.56103 17.57009 17.57993 17.58584 17.5878 17.58544 17.58544 17.5878 17.59135 17.59371 17.59292 17.59135 17.58387 17.57088 17.55591 17.54214 17.52914 17.52048 17.51772 17.52048 17.52402 17.53032 17.54017 17.55198 17.56694 17.58505 17.6004 17.61182 17.61458 17.61261 17.6004 17.57245 17.52875 17.45788 17.34765 17.19725 17.0134 16.81182 16.60749 16.39095 16.17363 15.95158 15.73308 15.51694 15.30631 15.10079 14.90001 14.71418 14.53583 14.36457
17.0567 17.07206 17.08308 17.09292 17.10276 17.11182 17.12048 17.12954 17.13977 17.15277 17.1693 17.19095 17.21969 17.2508 17.28426 17.31497 17.34371 17.36773 17.38702 17.40395 17.42206 17.44135 17.45906 17.47048 17.47914 17.48584 17.49017 17.49253 17.49292 17.4945 17.49332 17.48859 17.4815 17.47363 17.46773 17.46418 17.46261 17.46261 17.463 17.46418 17.46655 17.47363 17.48347 17.49213 17.49961 17.50552 17.50316 17.49607 17.47678 17.4504 17.40867 17.34843 17.26615 17.14843 16.99213 16.80276 16.5945 16.37245 16.15631 15.9319 15.70631 15.48229 15.263 15.05119 14.84489 14.64961 14.45237 14.27599 14.11142
16.82009 16.83269 16.84371 16.85158 16.86103 16.86969 16.87954 16.89056 16.90198 16.91615 16.93465 16.96182 16.99174 17.02717 17.06497 17.10355 17.14056 17.17284 17.20158 17.22954 17.25552 17.28347 17.30788 17.32875 17.34843 17.36379 17.37599 17.38387 17.38938 17.39292 17.39568 17.39607 17.3945 17.39253 17.39095 17.39056 17.39174 17.39292 17.38859 17.38702 17.38898 17.39135 17.39528 17.39686 17.39371 17.38662 17.37403 17.35316 17.32481 17.27835 17.22481 17.14922 17.05473 16.93151 16.77284 16.58269 16.36457 16.14371 15.91615 15.68741 15.46064 15.23623 15.01694 14.80237 14.59489 14.39607 14.20946 14.03465 13.86969
16.5567 16.56615 16.5756 16.58308 16.59017 16.6008 16.613 16.62521 16.63898 16.65591 16.67993 16.71143 16.74765 16.78387 16.8256 16.87206 16.91615 16.9571 16.99765 17.03623 17.07206 17.10513 17.13623 17.16458 17.19056 17.21458 17.23623 17.25355 17.26536 17.27599 17.28387 17.29017 17.2941 17.29686 17.29843 17.30001 17.30119 17.30119 17.29725 17.2941 17.29332 17.29253 17.28938 17.28111 17.26654 17.24804 17.22284 17.19174 17.14843 17.09253 17.01851 16.93111 16.8252 16.69686 16.5382 16.34686 16.13426 15.90631 15.67599 15.44804 15.22166 14.99686 14.77717 14.56261 14.35591 14.15867 13.97402 13.80198 13.64056
