ASPA-UH-SWB2_REPO/input/Gridded_rain/prism_ppt_tutuila_30yr_normal_09.asc
ncols         350
nrows         200
xllcorner     515000
yllcorner     8409000
cellsize      100
NODATA_value  -9999
[rows 31 to 61 of 200, columns 276 to 344 of 350]
-9999 -9999 -9999 -9999 -9999 -9999 -9999 -9999 -9999 -9999 -9999 -9999 -9999 -9999 -9999 -9999 -9999 -9999 -9999 -9999 -9999 -9999 -9999 -9999 -9999 -9999 -9999 -9999 -9999 -9999 -9999 -9999 -9999 -9999 -9999 -9999 -9999 -9999 -9999 -9999 -9999 -9999 -9999 -9999 -9999 -9999 -9999 -9999 -9999 -9999 -9999 -9999 -9999 -9999 -9999 -9999 -9999 -9999 -9999 -9999 -9999 -9999 -9999 -9999 -9999 -9999 -9999 -9999 -9999
-9999 -9999 -9999 -9999 -9999 -9999 -9999 -9999 -9999 -9999 -9999 -9999 -9999 -9999 -9999 -9999 -9999 -9999 -9999 -9999 -9999 -9999 -9999 -9999 -9999 -9999 -9999 -9999 -9999 -9999 -9999 -9999 -9999 -9999 -9999 -9999 -9999 -9999 -9999 -9999 -9999 -9999 -9999 -9999 -9999 5.43268 5.422837 -9999 -9999 -9999 -9999 -9999 -9999 -9999 -9999 -9999 -9999 -9999 -9999 -9999 -9999 -9999 -9999 -9999 -9999 -9999 -9999 -9999 -9999
-9999 -9999 -9999 -9999 -9999 -9999 -9999 -9999 -9999 -9999 -9999 -9999 -9999 -9999 -9999 -9999 -9999 -9999 -9999 -9999 -9999 -9999 -9999 -9999 -9999 -9999 -9999 -9999 -9999 -9999 -9999 -9999 -9999 -9999 -9999 -9999 -9999 -9999 -9999 -9999 -9999 -9999 -9999 5.526381 5.494884 5.464176 5.448034 5.444491 -9999 -9999 -9999 -9999 -9999 -9999 -9999 -9999 -9999 -9999 -9999 -9999 -9999 -9999 -9999 -9999 -9999 -9999 -9999 -9999 -9999
-9999 -9999 -9999 -9999 -9999 -9999 -9999 -9999 -9999 -9999 -9999 -9999 -9999 -9999 -9999 -9999 -9999 -9999 -9999 -9999 -9999 -9999 -9999 -9999 -9999 -9999 -9999 -9999 -9999 5.78268 5.73583 5.723625 5.73268 -9999 -9999 -9999 -9999 5.706302 5.687011 5.689373 -9999 5.63268 5.600003 5.570475 5.542522 5.512995 5.488585 5.477168 5.472444 5.477168 -9999 -9999 -9999 -9999 -9999 -9999 -9999 -9999 -9999 -9999 -9999 -9999 -9999 -9999 -9999 -9999 -9999 -9999 -9999
-9999 -9999 -9999 -9999 -9999 -9999 -9999 -9999 -9999 -9999 -9999 -9999 -9999 -9999 -9999 -9999 -9999 -9999 -9999 -9999 -9999 -9999 -9999 -9999 -9999 -9999 -9999 -9999 5.89331 5.830318 5.788192 5.764964 5.762208 5.789767 5.829531 5.829924 5.80079 5.748428 5.728349 5.732286 5.721263 5.684255 5.655121 5.62953 5.602365 5.574018 5.544885 5.521657 5.504727 5.497641 5.496066 -9999 -9999 -9999 -9999 -9999 -9999 -9999 -9999 -9999 -9999 -9999 -9999 -9999 -9999 -9999 -9999 -9999 -9999
-9999 -9999 -9999 -9999 -9999 -9999 -9999 -9999 -9999 -9999 -9999 -9999 -9999 -9999 -9999 -9999 -9999 -9999 -9999 -9999 -9999 -9999 -9999 -9999 -9999 -9999 -9999 5.989373 5.941341 5.90079 5.864176 5.827562 5.818507 5.84016 5.862995 5.865357 5.844885 5.815357 5.800396 5.794885 5.783074 5.75394 5.728349 5.701578 5.670869 5.639373 5.608665 5.577562 5.549609 5.527168 5.518113 -9999 -9999 -9999 -9999 -9999 -9999 -9999 -9999 -9999 -9999 -9999 -9999 -9999 -9999 -9999 -9999 -9999 -9999
-9999 -9999 -9999 -9999 -9999 -9999 -9999 -9999 -9999 -9999 -9999 -9999 -9999 -9999 -9999 -9999 -9999 -9999 -9999 -9999 -9999 -9999 -9999 -9999 -9999 -9999 6.085436 6.050003 6.009058 5.98583 5.954334 5.915751 5.894885 5.911814 5.934649 5.93583 5.9189 5.906302 5.893704 5.880318 5.86457 5.84016 5.81142 5.781499 5.747247 5.709846 5.675593 5.639767 5.605121 5.571656 5.546853 5.533074 -9999 -9999 -9999 -9999 -9999 -9999 -9999 -9999 -9999 -9999 -9999 -9999 -9999 -9999 -9999 -9999 -9999
-9999 -9999 -9999 -9999 -9999 -9999 -9999 -9999 -9999 -9999 -9999 -9999 -9999 -9999 -9999 -9999 -9999 -9999 -9999 -9999 -9999 -9999 6.139767 6.150003 -9999 6.169294 6.150003 6.11772 6.103153 6.08268 6.056303 6.020475 5.997247 6.003546 6.025987 6.028349 6.018113 6.00709 5.999216 5.981893 5.960633 5.934649 5.90394 5.86772 5.827562 5.785436 5.746459 5.708271 5.666538 5.625594 5.587404 5.557877 5.538586 -9999 -9999 -9999 -9999 -9999 -9999 -9999 -9999 -9999 -9999 -9999 -9999 -9999 -9999 -9999 -9999
-9999 -9999 -9999 -9999 -9999 -9999 -9999 -9999 -9999 -9999 -9999 -9999 -9999 -9999 -9999 -9999 -9999 -9999 -9999 -9999 -9999 6.155909 6.166932 6.187799 6.213783 6.223231 6.210633 6.209058 6.202759 6.192129 6.168113 6.138586 6.111814 6.105515 6.124019 6.133074 6.128743 6.120476 6.107877 6.092523 6.066932 6.037798 6.002365 5.961027 5.916145 5.868507 5.82205 5.779137 5.734255 5.687798 5.638586 5.592916 -9999 -9999 -9999 -9999 -9999 -9999 -9999 -9999 -9999 -9999 -9999 -9999 -9999 -9999 -9999 -9999 -9999
-9999 -9999 -9999 -9999 -9999 -9999 -9999 -9999 -9999 -9999 -9999 -9999 -9999 -9999 -9999 -9999 -9999 -9999 -9999 -9999 6.177168 6.192916 6.205515 6.237799 6.268507 6.280318 6.29331 6.301972 6.305121 6.301184 6.289767 6.258271 6.228744 6.222444 6.22835 6.240554 6.24646 6.242129 6.227956 6.207877 6.184255 6.151184 6.110633 6.066538 6.01772 5.962208 5.909452 5.857483 5.806696 5.757877 5.704727 -9999 -9999 -9999 -9999 -9999 -9999 -9999 -9999 -9999 -9999 -9999 -9999 -9999 -9999 -9999 -9999 -9999 -9999
-9999 -9999 -9999 -9999 -9999 -9999 -9999 -9999 -9999 -9999 -9999 -9999 -9999 -9999 -9999 -9999 -9999 -9999 -9999 6.184255 6.204728 6.226381 6.262208 6.295672 6.326381 6.354728 6.377956 6.394885 6.407484 6.413783 6.407484 6.389767 6.362208 6.34646 6.345279 6.363389 6.374806 6.369689 6.355909 6.336224 6.308665 6.273625 6.232286 6.181106 6.1252 6.068507 6.006696 5.948035 5.891735 5.840554 5.812208 -9999 -9999 -9999 -9999 -9999 -9999 -9999 -9999 -9999 -9999 -9999 -9999 -9999 -9999 -9999 -9999 -9999 -9999
-9999 5.759058 -9999 -9999 -9999 -9999 -9999 -9999 -9999 -9999 -9999 -9999 -9999 -9999 -9999 -9999 -9999 -9999 6.179137 6.201972 6.22835 6.270082 6.312208 6.351972 6.390161 6.426381 6.458665 6.487011 6.511421 6.525988 6.532287 6.527563 6.506302 6.483468 6.484649 6.492129 6.499609 6.508271 6.498822 6.475987 6.44646 6.40709 6.360633 6.305909 6.244492 6.180318 6.111421 6.044491 5.97835 5.925593 5.900003 -9999 -9999 -9999 -9999 -9999 -9999 -9999 -9999 -9999 -9999 -9999 -9999 -9999 -9999 -9999 -9999 -9999 -9999
5.803546 5.789373 5.790554 5.799609 5.808664 -9999 -9999 5.846066 -9999 -9999 -9999 -9999 -9999 -9999 -9999 -9999 -9999 6.162601 6.185436 6.214177 6.26024 6.30709 6.354334 6.400791 6.446854 6.492523 6.53583 6.577169 6.611027 6.639767 6.66024 6.669295 6.662208 6.644098 6.633468 6.629925 6.637011 6.644098 6.644886 6.628744 6.596066 6.553153 6.498035 6.43898 6.372838 6.29961 6.224412 6.145672 6.069688 6.005908 5.96772 -9999 -9999 -9999 -9999 -9999 -9999 -9999 -9999 -9999 -9999 -9999 -9999 -9999 -9999 -9999 -9999 -9999 -9999
5.855908 5.837405 5.83583 5.835436 5.840948 5.850003 5.856302 5.86142 5.873231 -9999 -9999 -9999 -9999 -9999 -9999 -9999 6.131893 6.156302 6.188192 6.231499 6.281106 6.33268 6.385437 6.43898 6.494098 6.54961 6.60394 6.656696 6.706303 6.750397 6.787011 6.811027 6.821263 6.814964 6.799216 6.791736 6.786224 6.782681 6.790555 6.787799 6.757877 6.71024 6.650791 6.583468 6.51024 6.429137 6.34331 6.253153 6.173625 6.094491 6.016932 -9999 -9999 -9999 -9999 -9999 -9999 -9999 -9999 -9999 -9999 -9999 -9999 -9999 -9999 -9999 -9999 -9999 -9999
5.916538 5.90079 5.891735 5.884649 5.881893 5.883468 5.885042 5.888979 5.898035 5.913783 5.935436 5.952365 -9999 -9999 6.022838 6.097641 6.116539 6.148035 6.18898 6.236618 6.288586 6.344885 6.403153 6.46457 6.52835 6.594491 6.661814 6.727956 6.792917 6.853547 6.908271 6.952366 6.982681 6.99646 6.992917 6.976775 6.956303 6.953547 6.953547 6.948822 6.929925 6.883074 6.818901 6.742917 6.658271 6.566933 6.469295 6.371263 6.288586 6.237011 -9999 -9999 -9999 -9999 -9999 -9999 -9999 -9999 -9999 -9999 -9999 -9999 -9999 -9999 -9999 -9999 -9999 -9999 -9999
5.988192 5.968507 5.951972 5.93898 5.929924 5.923232 5.919294 5.918507 5.92205 5.930712 5.941735 5.954334 5.973625 5.999216 6.018901 6.060239 6.095673 6.133862 6.177168 6.226381 6.281499 6.341735 6.405909 6.474413 6.548035 6.6252 6.705515 6.786618 6.868901 6.948429 7.023232 7.08898 7.141736 7.179138 7.196067 7.18898 7.168508 7.151578 7.140949 7.127169 7.102759 7.061815 6.998823 6.91457 6.818901 6.713389 6.602759 6.49331 6.396066 6.357877 6.383074 -9999 -9999 -9999 -9999 -9999 -9999 -9999 -9999 -9999 -9999 -9999 -9999 -9999 -9999 -9999 -9999 -9999 -9999
6.059845 6.034255 6.012208 5.994885 5.979924 5.966538 5.955121 5.947247 5.94331 5.94331 5.946854 5.954728 5.966932 5.985043 6.005515 6.034649 6.068507 6.105909 6.14961 6.200003 6.257483 6.321263 6.390948 6.467326 6.550397 6.63898 6.731893 6.829531 6.929925 7.031893 7.12835 7.217327 7.295673 7.359059 7.402366 7.420083 7.411421 7.381894 7.351972 7.318508 7.273626 7.227956 7.167326 7.087011 6.98583 6.871657 6.748822 6.625988 6.514964 6.453547 6.440555 -9999 -9999 -9999 -9999 -9999 -9999 -9999 -9999 -9999 -9999 -9999 -9999 -9999 -9999 -9999 -9999 -9999 -9999
6.128743 6.098822 6.071657 6.048035 6.025594 6.004334 5.986617 5.971657 5.959452 5.950003 5.946854 5.94646 5.951578 5.962995 5.979137 6.000397 6.029137 6.064177 6.106302 6.156696 6.215751 6.282681 6.357877 6.441736 6.533862 6.633862 6.740555 6.854334 6.97402 7.098035 7.220476 7.337012 7.442917 7.535043 7.608665 7.650398 7.652366 7.620083 7.562209 7.495279 7.433074 7.364964 7.299216 7.227563 7.133468 7.022838 6.907484 6.783862 6.666933 6.584649 6.555121 -9999 -9999 -9999 -9999 -9999 -9999 -9999 -9999 -9999 -9999 -9999 -9999 -9999 -9999 -9999 -9999 -9999 -9999
6.19646 6.160633 6.125988 6.092916 6.062995 6.035042 6.009846 5.987011 5.967326 5.951184 5.937011 5.930318 5.926381 5.929137 5.938586 5.95394 5.976775 6.007483 6.047247 6.095673 6.156302 6.22835 6.317326 6.409059 6.511027 6.623625 6.745673 6.876775 7.001578 7.148035 7.296461 7.44213 7.579532 7.703154 7.796854 7.846461 7.850791 7.816933 7.741736 7.647642 7.553941 7.47402 7.402366 7.326382 7.240949 7.150791 7.056303 6.950791 6.837405 6.742523 6.701972 -9999 -9999 -9999 -9999 -9999 -9999 -9999 -9999 -9999 -9999 -9999 -9999 -9999 -9999 -9999 -9999 -9999 -9999
6.26024 6.21772 6.175594 6.137011 6.098822 6.062602 6.028743 5.998428 5.970476 5.943704 5.921263 5.903546 5.892523 5.88583 5.885436 5.893704 5.910239 5.936224 5.971657 6.018901 6.080318 6.169294 6.280318 6.390161 6.504728 6.631499 6.771263 6.906696 7.045673 7.180319 7.354334 7.529138 7.700004 7.845673 7.94213 7.988587 7.988193 7.944492 7.873232 7.779925 7.676382 7.581106 7.494492 7.412209 7.337799 7.262602 7.180712 7.091342 6.989768 6.889374 6.827956 -9999 -9999 -9999 -9999 -9999 -9999 -9999 -9999 -9999 -9999 -9999 -9999 -9999 -9999 -9999 -9999 -9999 -9999
6.322444 6.273232 6.226381 6.179137 6.133468 6.089767 6.046854 6.005515 5.966145 5.929924 5.89961 5.870475 5.848034 5.833074 5.823625 5.82205 5.831105 5.851184 5.882287 5.925987 6.002365 6.111814 6.247641 6.383862 6.51457 6.654728 6.800004 6.951578 7.091736 7.248429 7.411027 7.599216 7.792917 7.942524 8.036224 8.075201 8.064965 8.022052 7.964571 7.889374 7.801972 7.708665 7.614177 7.52835 7.444492 7.372051 7.30709 7.2315 7.13583 7.020476 6.923232 6.859846 -9999 -9999 -9999 -9999 -9999 -9999 -9999 -9999 -9999 -9999 -9999 -9999 -9999 -9999 -9999 -9999 -9999
6.379925 6.325594 6.270869 6.216145 6.162995 6.11024 6.059452 6.009058 5.958664 5.911814 5.869294 5.83268 5.799216 5.771263 5.751971 5.742523 5.744097 5.756302 5.782287 5.824806 5.900003 6.021263 6.170475 6.323232 6.45394 6.603547 6.77835 6.941342 7.115752 7.298429 7.487012 7.675988 7.84961 7.994099 8.080319 8.107878 8.100792 8.077563 8.033468 7.975201 7.904728 7.825201 7.742524 7.659059 7.577563 7.500004 7.43898 7.378744 7.292523 7.184256 7.057878 6.966146 6.912208 -9999 -9999 -9999 -9999 -9999 -9999 -9999 -9999 -9999 -9999 -9999 -9999 -9999 -9999 -9999 -9999
6.435436 6.374413 6.311814 6.248428 6.185436 6.125988 6.068113 6.007877 5.948428 5.890554 5.836224 5.787798 5.744097 5.705908 5.676381 5.659845 5.657483 5.668507 5.693704 5.732286 5.801971 5.911026 6.061027 6.204334 6.33268 6.481893 6.668114 6.891342 7.101185 7.314964 7.539374 7.753154 7.909453 8.012997 8.085044 8.114178 8.121264 8.112602 8.085044 8.041343 7.984256 7.918508 7.849216 7.777563 7.705909 7.638587 7.575594 7.516933 7.451185 7.358665 7.23583 7.106697 7.022445 -9999 -9999 -9999 -9999 -9999 -9999 -9999 -9999 -9999 -9999 -9999 -9999 -9999 -9999 -9999 -9999
6.482287 6.415751 6.345673 6.2752 6.205122 6.138192 6.072051 6.003546 5.934255 5.866539 5.801971 5.741735 5.686224 5.638979 5.606302 5.591735 5.594097 5.611026 5.638979 5.678349 5.733468 5.838979 5.981893 6.101184 6.215751 6.355122 6.549216 6.785437 7.047641 7.31772 7.571658 7.788587 7.950004 8.033468 8.071658 8.110634 8.133469 8.137012 8.123626 8.092917 8.047642 7.993705 7.935437 7.876382 7.816146 7.754335 7.695673 7.641736 7.586618 7.509059 7.396067 7.269295 7.129138 -9999 -9999 -9999 -9999 -9999 -9999 -9999 -9999 -9999 -9999 -9999 -9999 -9999 -9999 -9999 -9999
6.518114 6.447248 6.373625 6.298035 6.222051 6.14646 6.072051 5.996853 5.9189 5.840554 5.766145 5.695672 5.631893 5.583861 5.559058 5.555515 5.568901 5.594491 5.629137 5.671263 5.729137 5.82835 5.95709 6.057877 6.14646 6.273625 6.455515 6.691342 6.966539 7.269295 7.569689 7.807091 7.967721 8.052366 8.078744 8.101185 8.134256 8.152761 8.152761 8.132681 8.097642 8.055516 8.008272 7.958272 7.904335 7.850398 7.794886 7.745673 7.69528 7.629138 7.536618 7.416539 -9999 -9999 -9999 -9999 -9999 -9999 -9999 -9999 -9999 -9999 -9999 -9999 -9999 -9999 -9999 -9999 -9999
6.545279 6.470476 6.396066 6.314964 6.233861 6.153153 6.070476 5.985436 5.89961 5.814964 5.731499 5.653152 5.59016 5.553153 5.540554 5.549609 5.574806 5.607483 5.644491 5.685436 5.751578 5.844885 5.960239 6.057877 6.121263 6.221263 6.38583 6.605122 6.882287 7.197641 7.516933 7.79961 7.973232 8.057878 8.100004 8.107091 8.13032 8.159846 8.170083 8.162602 8.139768 8.107878 8.068508 8.024413 7.976776 7.926776 7.876776 7.829532 7.783075 7.727563 7.650791 7.539374 -9999 -9999 -9999 -9999 -9999 -9999 -9999 -9999 -9999 -9999 -9999 -9999 -9999 -9999 -9999 -9999 -9999
6.566539 6.488586 6.41024 6.327168 6.242129 6.155515 6.065358 5.971657 5.879137 5.789373 5.700003 5.620869 5.567326 5.542522 5.544097 5.564963 5.594885 5.627562 5.662208 5.70079 5.758271 5.862208 5.982286 6.058664 6.112208 6.197248 6.337405 6.534256 6.792523 7.112996 7.448035 7.747642 7.959846 8.060241 8.104729 8.12717 8.134256 8.161422 8.1815 8.184649 8.172445 8.148823 8.117721 8.079926 8.037012 7.991736 7.94528 7.900792 7.857484 7.81024 7.750398 -9999 -9999 -9999 -9999 -9999 -9999 -9999 -9999 -9999 -9999 -9999 -9999 -9999 -9999 -9999 -9999 -9999 -9999
6.579531 6.501578 6.418507 6.335042 6.246854 6.153546 6.057483 5.958271 5.860633 5.765357 5.674412 5.600791 5.558664 5.547247 5.560633 5.585042 5.612601 5.641735 5.6752 5.711814 5.768113 5.87205 5.994885 6.063783 6.114176 6.190948 6.307484 6.474806 6.709059 7.018901 7.364177 7.675988 7.909453 8.04528 8.102366 8.137012 8.151185 8.162209 8.190162 8.201579 8.198429 8.182681 8.157878 8.126382 8.088587 8.048429 8.007091 7.96339 7.922445 7.877957 7.824807 -9999 -9999 -9999 -9999 -9999 -9999 -9999 -9999 -9999 -9999 -9999 -9999 -9999 -9999 -9999 -9999 -9999 -9999
6.586224 6.508271 6.424019 6.337011 6.244885 6.150003 6.049609 5.946066 5.84331 5.744885 5.654334 5.590948 5.559845 5.560239 5.577562 5.599216 5.624019 5.65079 5.681105 5.715751 5.779137 5.88268 5.999609 6.070869 6.112208 6.183074 6.287011 6.426381 6.633468 6.922051 7.266539 7.592917 7.841342 8.006697 8.093705 8.138193 8.168901 8.180319 8.198035 8.216146 8.219689 8.210634 8.190162 8.162602 8.13032 8.09528 8.057485 8.01772 7.977957 7.936224 -9999 -9999 -9999 -9999 -9999 -9999 -9999 -9999 -9999 -9999 -9999 -9999 -9999 -9999 -9999 -9999 -9999 -9999 -9999
6.58583 6.506302 6.424413 6.33268 6.238586 6.142129 6.040161 5.93268 5.827956 5.728349 5.641735 5.58583 5.56457 5.571263 5.589767 5.608665 5.629137 5.653546 5.681499 5.714176 5.776774 5.885436 6.001578 6.062602 6.098428 6.16457 6.262208 6.383468 6.559846 6.824019 7.159452 7.497642 7.768902 7.954335 8.075595 8.135437 8.183075 8.205122 8.21339 8.229532 8.2378 8.232681 8.217327 8.193705 8.164965 8.133075 8.096854 8.058271 8.01969 7.981106 -9999 -9999 -9999 -9999 -9999 -9999 -9999 -9999 -9999 -9999 -9999 -9999 -9999 -9999 -9999 -9999 -9999 -9999 -9999
6.575594 6.498822 6.412602 6.322444 6.22835 6.130712 6.026381 5.920869 5.814176 5.713782 5.628349 5.579924 5.568901 5.578349 5.592523 5.610239 5.628349 5.65079 5.676775 5.707483 5.768113 5.874019 5.988586 6.042916 6.074806 6.13583 6.227169 6.33583 6.486618 6.726381 7.047248 7.390555 7.682681 7.892918 8.038587 8.133075 8.188981 8.220477 8.228745 8.240556 8.253154 8.252366 8.240162 8.220083 8.193312 8.162602 8.12717 8.090949 8.044493 8.007091 -9999 -9999 -9999 -9999 -9999 -9999 -9999 -9999 -9999 -9999 -9999 -9999 -9999 -9999 -9999 -9999 -9999 -9999 -9999
