ASPA-UH-SWB2_REPO/input/Gridded_rain/prism_ppt_tutuila_30yr_normal_03.asc
ncols         350
nrows         200
xllcorner     515000
yllcorner     8409000
cellsize      100
NODATA_value  -9999
[rows 31 to 61 of 200, columns 138 to 206 of 350]
-9999 -9999 -9999 -9999 -9999 -9999 -9999 -9999 -9999 -9999 -9999 -9999 -9999 -9999 -9999 -9999 -9999 -9999 -9999 -9999 -9999 -9999 -9999 -9999 -9999 -9999 -9999 -9999 -9999 -9999 -9999 -9999 -9999 -9999 -9999 -9999 -9999 -9999 -9999 -9999 -9999 -9999 -9999 -9999 -9999 -9999 -9999 -9999 -9999 -9999 -9999 -9999 -9999 -9999 -9999 -9999 -9999 -9999 -9999 10.49764 10.43504 10.42284 10.41772 10.41142 10.40394 10.39252 10.37678 10.35355 10.33465
-9999 -9999 -9999 -9999 -9999 -9999 -9999 -9999 -9999 -9999 -9999 -9999 -9999 -9999 -9999 -9999 -9999 -9999 -9999 -9999 -9999 -9999 -9999 -9999 -9999 -9999 -9999 -9999 -9999 -9999 -9999 -9999 -9999 -9999 -9999 -9999 -9999 -9999 -9999 -9999 -9999 -9999 -9999 -9999 -9999 -9999 -9999 -9999 -9999 -9999 -9999 -9999 -9999 10.69764 10.63544 10.63701 10.67323 10.69331 10.69134 10.66575 10.64292 10.63938 10.63229 10.62127 10.60827 10.59449 10.57442 10.55237 10.53032
-9999 -9999 -9999 -9999 -9999 -9999 -9999 -9999 -9999 -9999 -9999 -9999 -9999 -9999 -9999 -9999 -9999 -9999 -9999 -9999 -9999 -9999 -9999 -9999 -9999 -9999 -9999 -9999 -9999 -9999 -9999 -9999 -9999 -9999 -9999 -9999 -9999 -9999 -9999 -9999 -9999 -9999 -9999 -9999 -9999 -9999 -9999 -9999 -9999 10.8689 10.89016 -9999 10.89922 10.84371 10.8193 10.83701 10.86418 10.87875 10.88583 10.87796 10.87993 10.87284 10.863 10.85079 10.83504 10.81497 10.79213 10.76812 10.74253
-9999 -9999 -9999 -9999 -9999 -9999 -9999 -9999 -9999 -9999 -9999 -9999 -9999 -9999 -9999 -9999 -9999 -9999 -9999 -9999 -9999 -9999 -9999 -9999 -9999 -9999 -9999 -9999 -9999 -9999 -9999 -9999 -9999 -9999 -9999 -9999 -9999 -9999 -9999 -9999 -9999 -9999 -9999 -9999 -9999 -9999 -9999 -9999 11.01733 10.97638 10.98859 11.07717 11.06182 11.04489 11.0626 11.08898 11.11142 11.12442 11.12796 11.12993 11.12796 11.12245 11.11182 11.09882 11.07875 11.05591 11.02914 11.0004 10.96418
-9999 -9999 -9999 -9999 -9999 -9999 -9999 -9999 -9999 -9999 -9999 -9999 -9999 -9999 -9999 -9999 -9999 -9999 -9999 -9999 -9999 -9999 -9999 -9999 -9999 -9999 -9999 -9999 -9999 -9999 -9999 -9999 -9999 -9999 -9999 -9999 -9999 -9999 -9999 -9999 -9999 -9999 -9999 -9999 -9999 -9999 11.22166 11.20788 11.17638 11.15434 11.19725 11.27127 11.28229 11.31221 11.34292 11.36536 11.38505 11.39882 11.40119 11.39764 11.39292 11.38741 11.37953 11.36221 11.33741 11.31142 11.28111 11.24489 11.20827
-9999 -9999 -9999 -9999 -9999 -9999 -9999 -9999 -9999 -9999 -9999 -9999 -9999 -9999 -9999 -9999 -9999 -9999 -9999 -9999 -9999 -9999 -9999 -9999 -9999 -9999 -9999 -9999 -9999 -9999 -9999 -9999 -9999 -9999 -9999 -9999 -9999 -9999 -9999 -9999 -9999 -9999 -9999 -9999 -9999 -9999 11.36575 11.36497 11.3815 11.43268 11.48347 11.53347 11.57205 11.61103 11.63977 11.66418 11.68308 11.69056 11.69016 11.6878 11.68111 11.67245 11.65906 11.63938 11.61221 11.58229 11.54528 11.5067 11.46182
-9999 -9999 -9999 -9999 -9999 -9999 -9999 -9999 -9999 -9999 -9999 -9999 -9999 -9999 -9999 -9999 -9999 -9999 -9999 -9999 -9999 -9999 -9999 -9999 -9999 -9999 -9999 -9999 -9999 -9999 -9999 -9999 -9999 -9999 -9999 -9999 -9999 -9999 -9999 -9999 -9999 -9999 -9999 -9999 -9999 11.58465 11.57048 11.59528 11.67323 11.74016 11.80237 11.84764 11.88662 11.92205 11.95512 11.97796 11.99449 11.99961 12.0004 11.99253 11.98662 11.96812 11.95158 11.92914 11.89882 11.86142 11.82442 11.77796 11.73268
-9999 -9999 -9999 -9999 -9999 -9999 -9999 -9999 -9999 -9999 -9999 -9999 -9999 -9999 -9999 -9999 -9999 -9999 -9999 -9999 -9999 -9999 -9999 -9999 -9999 -9999 -9999 -9999 -9999 -9999 -9999 -9999 -9999 -9999 -9999 -9999 -9999 -9999 -9999 -9999 -9999 11.54764 11.62599 -9999 11.77481 11.80985 11.83465 11.91654 11.99725 12.07048 12.12757 12.17914 12.21694 12.25276 12.2819 12.30237 12.31733 12.3252 12.32127 12.31418 12.29764 12.27914 12.25631 12.22914 12.19331 12.15276 12.11221 12.0626 12.00591
-9999 -9999 -9999 -9999 -9999 -9999 -9999 -9999 -9999 -9999 -9999 -9999 -9999 -9999 -9999 -9999 -9999 -9999 -9999 -9999 -9999 -9999 -9999 -9999 -9999 -9999 -9999 -9999 -9999 -9999 -9999 -9999 -9999 -9999 -9999 -9999 -9999 -9999 -9999 -9999 11.69961 11.72717 11.80552 11.93662 12.02402 12.07481 12.16851 12.25473 12.33505 12.41024 12.47402 12.51694 12.56024 12.59371 12.62048 12.63898 12.65119 12.65867 12.65434 12.64253 12.62599 12.60355 12.5752 12.53977 12.49843 12.45709 12.4067 12.35316 12.29331
-9999 -9999 -9999 -9999 -9999 -9999 -9999 -9999 -9999 -9999 -9999 -9999 -9999 -9999 -9999 -9999 -9999 -9999 -9999 -9999 -9999 -9999 -9999 -9999 -9999 -9999 -9999 -9999 -9999 -9999 -9999 -9999 -9999 -9999 -9999 -9999 -9999 -9999 -9999 11.89568 11.91457 11.95985 12.0878 12.23308 12.3126 12.41536 12.51457 12.60355 12.68465 12.75946 12.82009 12.86969 12.90946 12.9441 12.96812 12.98583 12.99607 12.99568 12.9941 12.98662 12.96064 12.93111 12.89961 12.86182 12.81654 12.76772 12.71221 12.65237 12.58898
-9999 -9999 -9999 -9999 -9999 -9999 -9999 -9999 -9999 -9999 -9999 -9999 -9999 -9999 -9999 -9999 -9999 -9999 -9999 -9999 -9999 -9999 -9999 -9999 -9999 -9999 -9999 -9999 -9999 -9999 -9999 -9999 -9999 -9999 -9999 -9999 -9999 -9999 12.05867 12.09528 12.15473 12.29174 12.43071 12.55276 12.66182 12.7693 12.87087 12.96221 13.04607 13.11615 13.17363 13.22442 13.26812 13.30198 13.32442 13.34016 13.34883 13.34528 13.3382 13.32324 13.29883 13.26615 13.23268 13.18859 13.1382 13.08505 13.02599 12.96103 12.88583
-9999 -9999 -9999 -9999 -9999 -9999 -9999 -9999 -9999 -9999 -9999 -9999 -9999 -9999 -9999 -9999 -9999 -9999 -9999 -9999 -9999 -9999 -9999 -9999 -9999 -9999 -9999 -9999 -9999 -9999 -9999 -9999 -9999 11.52284 11.63111 11.77442 11.94056 12.10276 12.23032 12.33623 12.48071 12.63701 12.77993 12.9067 13.0189 13.1315 13.23623 13.32953 13.41182 13.4819 13.54174 13.59016 13.63308 13.66418 13.68938 13.70316 13.70473 13.70237 13.6882 13.66694 13.64292 13.60985 13.56851 13.52166 13.46772 13.4067 13.34371 13.27284 13.19213
-9999 -9999 -9999 -9999 -9999 -9999 -9999 -9999 -9999 -9999 -9999 -9999 -9999 -9999 -9999 -9999 -9999 -9999 -9999 -9999 -9999 -9999 -9999 -9999 -9999 -9999 -9999 -9999 -9999 -9999 -9999 11.61733 11.62087 11.6815 11.81969 11.99843 12.17835 12.35079 12.50827 12.66733 12.82678 12.98544 13.13111 13.26182 13.38111 13.49568 13.60198 13.7004 13.78544 13.85591 13.91654 13.96772 14.00631 14.03505 14.05788 14.0693 14.06851 14.06142 14.04686 14.02481 13.99331 13.95552 13.91221 13.85867 13.79646 13.73308 13.66221 13.58387 13.49961
-9999 -9999 -9999 -9999 -9999 -9999 -9999 -9999 -9999 -9999 -9999 -9999 -9999 -9999 -9999 -9999 -9999 -9999 -9999 -9999 -9999 -9999 -9999 -9999 -9999 -9999 -9999 -9999 -9999 -9999 11.713 11.73071 11.78977 11.9252 12.10552 12.29174 12.4819 12.66497 12.84489 13.01615 13.17875 13.34056 13.49174 13.62402 13.74922 13.86576 13.97442 14.07245 14.16103 14.23268 14.2945 14.34213 14.37914 14.40591 14.42284 14.43111 14.43229 14.42009 14.40158 14.37717 14.34135 14.30237 14.25276 14.19213 14.12481 14.05434 13.98032 13.89725 13.80709
-9999 -9999 -9999 -9999 -9999 -9999 -9999 -9999 -9999 -9999 -9999 -9999 -9999 -9999 -9999 -9999 -9999 -9999 -9999 -9999 -9999 -9999 -9999 -9999 -9999 -9999 -9999 -9999 -9999 11.79489 11.83072 11.89725 12.03977 12.22993 12.42284 12.61772 12.81221 13.00709 13.19253 13.3693 13.53544 13.69961 13.85513 13.99528 14.12638 14.24331 14.35158 14.44843 14.52875 14.60513 14.66536 14.71182 14.74292 14.76457 14.77954 14.78583 14.77875 14.76379 14.74174 14.713 14.67717 14.63505 14.58308 14.5193 14.44961 14.37442 14.29528 14.20709 14.10709
-9999 -9999 -9999 -9999 -9999 -9999 -9999 -9999 -9999 -9999 -9999 -9999 -9999 -9999 -9999 -9999 -9999 -9999 -9999 -9999 -9999 -9999 -9999 -9999 -9999 -9999 -9999 -9999 -9999 11.90709 11.98032 12.13859 12.35079 12.54646 12.74568 12.94804 13.15198 13.35276 13.5441 13.72402 13.8941 14.06103 14.22166 14.37087 14.50276 14.61969 14.72599 14.8189 14.89843 14.96379 15.02442 15.063 15.09371 15.10946 15.12087 15.12087 15.10828 15.08702 15.05946 15.02914 14.99568 14.95316 14.89843 14.83623 14.76497 14.68702 14.60198 14.5067 14.40276
-9999 -9999 -9999 -9999 -9999 -9999 -9999 -9999 -9999 -9999 -9999 -9999 -9999 -9999 -9999 -9999 -9999 -9999 -9999 -9999 -9999 -9999 -9999 -9999 -9999 -9999 -9999 -9999 11.96733 12.05079 12.20827 12.42402 12.64922 12.86261 13.06733 13.28229 13.48977 13.6941 13.89253 14.07717 14.25158 14.42363 14.58308 14.73544 14.86654 14.9878 15.08702 15.17324 15.24725 15.3067 15.3567 15.39961 15.41772 15.43072 15.43505 15.43229 15.41615 15.38977 15.35985 15.32914 15.29568 15.25119 15.19765 15.13308 15.06182 14.98111 14.89292 14.7941 14.68702
-9999 -9999 -9999 -9999 -9999 -9999 -9999 -9999 -9999 -9999 -9999 -9999 -9999 -9999 -9999 -9999 -9999 -9999 -9999 -9999 -9999 -9999 -9999 -9999 -9999 -9999 -9999 12.02284 12.11851 12.26772 12.49292 12.72087 12.94961 13.17087 13.39213 13.60394 13.8193 14.0319 14.23387 14.42402 14.60355 14.77442 14.93938 15.08111 15.21772 15.33072 15.42599 15.49843 15.56812 15.61969 15.66182 15.68938 15.71221 15.71654 15.71851 15.71221 15.69292 15.66772 15.63938 15.60946 15.57284 15.52993 15.47166 15.4067 15.33583 15.25631 15.16457 15.06221 14.95237
-9999 -9999 -9999 -9999 -9999 -9999 -9999 -9999 -9999 -9999 -9999 -9999 -9999 -9999 -9999 -9999 -9999 -9999 -9999 -9999 -9999 -9999 -9999 11.47323 -9999 -9999 12.06418 12.18229 12.33229 12.55749 12.78229 13.02402 13.24961 13.48505 13.71182 13.92757 14.14804 14.36418 14.56536 14.76143 14.94095 15.11812 15.27402 15.41339 15.53977 15.6441 15.7315 15.80119 15.85001 15.89371 15.92481 15.94961 15.96064 15.96379 15.96143 15.95158 15.93347 15.90867 15.88111 15.85276 15.82166 15.77363 15.71812 15.65434 15.58859 15.50749 15.41615 15.31379 15.19686
-9999 -9999 -9999 -9999 -9999 -9999 -9999 -9999 -9999 -9999 -9999 -9999 -9999 -9999 -9999 -9999 -9999 -9999 -9999 -9999 -9999 -9999 11.5193 11.6193 11.77323 12.01772 12.20276 12.3819 12.61772 12.85434 13.0878 13.31969 13.56221 13.79686 14.02481 14.25316 14.47245 14.68623 14.89095 15.08111 15.26339 15.43229 15.58623 15.71457 15.83229 15.92796 16.00119 16.05985 16.10119 16.12717 16.14804 16.16064 16.16576 16.16379 16.15867 16.14371 16.12442 16.1008 16.07717 16.05355 16.02324 15.98426 15.92796 15.87048 15.80552 15.72914 15.6378 15.53662 15.42009
-9999 -9999 -9999 -9999 -9999 -9999 -9999 -9999 -9999 -9999 -9999 -9999 -9999 -9999 -9999 -9999 -9999 -9999 -9999 -9999 -9999 11.57914 11.65512 11.7567 11.99292 12.21812 12.42323 12.66575 12.90749 13.14843 13.38898 13.62363 13.86615 14.10119 14.33387 14.56457 14.78623 14.99804 15.20158 15.38662 15.55828 15.72363 15.86694 15.98702 16.08347 16.16851 16.23111 16.2756 16.30709 16.32009 16.3256 16.32088 16.32127 16.31536 16.3004 16.28426 16.26379 16.24371 16.22639 16.20867 16.18623 16.14843 16.1008 16.04686 15.98859 15.91497 15.8252 15.72599 15.61497
-9999 -9999 -9999 -9999 -9999 -9999 -9999 -9999 -9999 -9999 -9999 -9999 -9999 -9999 -9999 -9999 -9999 -9999 -9999 -9999 11.63898 11.70512 11.81457 12.01064 12.24056 12.46733 12.70512 12.95119 13.19804 13.44135 13.68387 13.92678 14.16182 14.40198 14.63623 14.86418 15.08072 15.29371 15.49056 15.66851 15.83072 15.98347 16.11457 16.21615 16.29883 16.36497 16.413 16.44213 16.45709 16.45828 16.44686 16.43229 16.42166 16.40906 16.39213 16.37245 16.35394 16.34017 16.32993 16.32009 16.3004 16.27481 16.23465 16.1878 16.13347 16.06458 15.98032 15.88111 15.7756
-9999 -9999 -9999 -9999 -9999 -9999 -9999 -9999 -9999 -9999 -9999 -9999 -9999 -9999 -9999 -9999 -9999 -9999 -9999 -9999 11.75552 11.87402 12.06418 12.28662 12.51969 12.75276 12.99331 13.23662 13.4819 13.73111 13.97481 14.2189 14.45631 14.69174 14.92442 15.14568 15.35749 15.56064 15.74725 15.91576 16.07009 16.20906 16.32127 16.40709 16.47324 16.51969 16.54883 16.55828 16.55552 16.54253 16.52678 16.51024 16.48859 16.46891 16.4508 16.42717 16.40591 16.39135 16.38229 16.37678 16.36969 16.35198 16.32599 16.29135 16.2445 16.18032 16.10001 16.00985 15.90552
-9999 -9999 -9999 -9999 -9999 -9999 -9999 -9999 -9999 -9999 -9999 -9999 -9999 -9999 -9999 -9999 -9999 -9999 -9999 11.81851 11.93741 12.12363 12.34016 12.56615 12.80276 13.04489 13.28544 13.52481 13.77087 14.01772 14.263 14.50513 14.73977 14.97402 15.19725 15.41143 15.60985 15.79568 15.97127 16.1315 16.26694 16.38741 16.48662 16.55709 16.6067 16.63347 16.6378 16.62914 16.61851 16.60985 16.59489 16.5752 16.55828 16.53465 16.50552 16.47363 16.44253 16.41615 16.39843 16.38859 16.38702 16.38544 16.37402 16.35276 16.31694 16.26182 16.18938 16.10552 16.00828
-9999 -9999 -9999 -9999 -9999 -9999 -9999 -9999 -9999 -9999 -9999 -9999 -9999 -9999 -9999 -9999 -9999 11.8252 11.87481 11.99607 12.18898 12.40434 12.62087 12.85316 13.09371 13.33741 13.57875 13.82127 14.06536 14.3067 14.54883 14.78702 15.01812 15.24135 15.45631 15.65316 15.83505 16.00434 16.16576 16.30906 16.42678 16.52639 16.60749 16.66221 16.6941 16.7008 16.69095 16.67875 16.67481 16.67284 16.6693 16.65434 16.63662 16.60828 16.5693 16.52521 16.47796 16.43032 16.39489 16.37324 16.36733 16.37521 16.38111 16.37363 16.35001 16.30552 16.24292 16.16969 16.08111
-9999 -9999 -9999 -9999 -9999 -9999 -9999 -9999 -9999 -9999 -9999 -9999 -9999 -9999 -9999 -9999 11.8882 11.93071 12.04568 12.23662 12.46457 12.69016 12.913 13.14922 13.39213 13.63308 13.87796 14.12087 14.36103 14.59922 14.83623 15.06812 15.2878 15.49568 15.68898 15.87009 16.03269 16.18859 16.33308 16.4567 16.55906 16.63977 16.69765 16.73465 16.7441 16.73662 16.72717 16.72363 16.72757 16.73741 16.74174 16.72993 16.70119 16.66536 16.62127 16.56536 16.50434 16.43977 16.38032 16.34292 16.32836 16.33347 16.34922 16.35473 16.34332 16.313 16.26379 16.20001 16.12206
-9999 -9999 -9999 -9999 -9999 -9999 -9999 -9999 -9999 -9999 -9999 -9999 -9999 -9999 -9999 -9999 12.03071 12.10985 12.28308 12.51024 12.74843 12.98465 13.21733 13.45552 13.69883 13.94292 14.18229 14.42363 14.66103 14.89331 15.12087 15.34095 15.54725 15.73584 15.90001 16.05946 16.20946 16.3567 16.49135 16.60119 16.68544 16.74883 16.78505 16.79804 16.78505 16.76772 16.7567 16.75906 16.77402 16.78662 16.78426 16.763 16.73269 16.69017 16.63584 16.57284 16.50591 16.43111 16.35631 16.29843 16.2693 16.26615 16.2819 16.29725 16.29725 16.28347 16.25001 16.19962 16.12993
-9999 -9999 -9999 -9999 -9999 -9999 -9999 -9999 -9999 -9999 -9999 -9999 -9999 -9999 -9999 -9999 12.23898 12.37323 12.56575 12.80237 13.04764 13.28977 13.53623 13.77284 14.02166 14.26221 14.49804 14.73269 14.96694 15.19253 15.40316 15.60828 15.79883 15.95906 16.09962 16.24253 16.38702 16.52914 16.65749 16.7571 16.82717 16.87324 16.88544 16.86812 16.83702 16.80631 16.7878 16.79017 16.79607 16.79489 16.7819 16.75749 16.72284 16.67166 16.60946 16.54292 16.46851 16.38859 16.30709 16.23702 16.18977 16.17324 16.18111 16.20355 16.21891 16.21536 16.2008 16.16418 16.11221
-9999 -9999 -9999 -9999 -9999 -9999 -9999 -9999 -9999 -9999 -9999 -9999 -9999 -9999 -9999 12.45512 12.49568 12.65119 12.87481 13.11654 13.36576 13.61339 13.86457 14.11339 14.35355 14.59489 14.83072 15.05906 15.28072 15.49568 15.69528 15.88544 16.04213 16.17402 16.30788 16.44017 16.57717 16.71536 16.83465 16.92206 16.97166 16.99647 16.98465 16.93938 16.8878 16.84489 16.8193 16.80395 16.78505 16.76143 16.74056 16.71182 16.67009 16.61418 16.54528 16.47009 16.39292 16.31339 16.22993 16.15001 16.09017 16.05788 16.05749 16.08269 16.11064 16.12245 16.11733 16.1004 16.05946
-9999 -9999 -9999 -9999 -9999 -9999 -9999 -9999 -9999 -9999 -9999 -9999 -9999 -9999 12.52678 12.64686 12.7378 12.96457 13.20197 13.44922 13.70355 13.96182 14.20749 14.45788 14.70513 14.94371 15.17599 15.39883 15.61221 15.80906 15.99095 16.15434 16.2882 16.40906 16.52009 16.64371 16.77954 16.9067 17.0067 17.07954 17.11024 17.09843 17.05828 16.98977 16.92402 16.87324 16.83505 16.79292 16.74922 16.70828 16.66615 16.62993 16.5815 16.52206 16.44489 16.36379 16.28308 16.2008 16.11733 16.03623 15.96615 15.92087 15.91458 15.9382 15.97284 16.00119 16.01221 16.00513 15.98899
-9999 -9999 -9999 -9999 -9999 -9999 -9999 -9999 -9999 -9999 -9999 -9999 -9999 12.59449 12.70827 12.8193 13.05552 13.29253 13.5445 13.79804 14.06182 14.32245 14.57048 14.8189 15.07127 15.31418 15.54174 15.7508 15.95158 16.13623 16.29371 16.42521 16.5378 16.63269 16.74095 16.86261 16.9878 17.09765 17.17599 17.21536 17.22363 17.19725 17.12048 17.02835 16.94292 16.8819 16.82875 16.77009 16.7008 16.63544 16.57284 16.52087 16.46536 16.39332 16.31025 16.22442 16.13977 16.05434 15.97363 15.88898 15.81339 15.75985 15.7441 15.77284 15.81458 15.85276 15.87836 15.89017 15.87954
