ASPA-UH-SWB2_REPO/input/Gridded_rain/prism_ppt_tutuila_30yr_normal_10.asc
ncols         350
nrows         200
xllcorner     515000
yllcorner     8409000
cellsize      100
NODATA_value  -9999
[rows 155 to 185 of 200, columns 69 to 137 of 350]
-9999 -9999 -9999 -9999 -9999 -9999 -9999 12.04725 12.11812 12.20709 12.29764 12.3815 12.45394 12.50749 12.54331 12.56339 12.57127 12.57166 12.56851 12.56103 12.54961 12.53505 12.51457 12.49016 12.4693 12.4504 12.43032 12.40709 12.3756 12.34449 12.31654 12.29804 12.28229 12.2693 12.26379 12.26379 12.27205 12.29174 12.32323 12.363 12.4004 12.42638 12.4441 12.45316 12.45119 12.43386 12.40827 12.37008 12.32205 12.26182 12.19725 12.12166 12.03505 11.94292 11.84253 11.74016 11.63583 11.52284 11.4067 11.28977 11.17323 11.05788 10.9441 10.82756 10.70985 10.59646 10.49056 10.3815 10.27756
-9999 -9999 -9999 -9999 -9999 -9999 -9999 12.10316 12.17481 12.26418 12.35512 12.43741 12.49843 12.54095 12.56379 12.57323 12.5756 12.57599 12.57442 12.57009 12.56339 12.55276 12.5378 12.52166 12.50512 12.49095 12.47363 12.44686 12.41103 12.36772 12.32875 12.29607 12.27284 12.25552 12.24843 12.24961 12.26024 12.28308 12.31379 12.34883 12.37678 12.39371 12.40512 12.40985 12.40316 12.38229 12.34804 12.30749 12.25749 12.20119 12.13268 12.05945 11.9756 11.88386 11.78426 11.68111 11.57678 11.47205 11.35709 11.24056 11.12481 11.01103 10.89764 10.7815 10.66693 10.56064 10.45237 10.34843 10.24843
-9999 -9999 -9999 -9999 -9999 -9999 -9999 12.15355 12.2256 12.31497 12.40434 12.47835 12.52914 12.55827 12.57127 12.5752 12.57875 12.58072 12.5819 12.58072 12.57678 12.5693 12.56182 12.55158 12.53977 12.53071 12.5193 12.49764 12.46339 12.41418 12.363 12.32048 12.28938 12.27009 12.25985 12.26142 12.27323 12.29134 12.31497 12.33859 12.35552 12.36654 12.37284 12.37127 12.35906 12.33386 12.29961 12.25316 12.20079 12.14095 12.07323 11.99528 11.91379 11.82205 11.72481 11.62442 11.52087 11.41497 11.30709 11.19253 11.0756 10.96457 10.85001 10.7378 10.62441 10.5189 10.41772 10.31536 10.21851
-9999 -9999 -9999 -9999 -9999 -9999 -9999 12.19804 12.2689 12.35788 12.44331 12.50827 12.54804 12.56536 12.57245 12.57796 12.58268 12.58662 12.58938 12.59095 12.59016 12.58741 12.58426 12.57875 12.57363 12.57009 12.56615 12.55473 12.52717 12.48032 12.42402 12.37481 12.33701 12.30985 12.29528 12.2941 12.29843 12.30631 12.32048 12.33111 12.33898 12.34528 12.34331 12.33583 12.31851 12.29095 12.25316 12.20591 12.14961 12.08544 12.01418 11.93465 11.84922 11.76064 11.66339 11.56615 11.46575 11.36064 11.25276 11.14213 11.02796 10.91497 10.80355 10.69252 10.58229 10.48111 10.38308 10.28229 10.18583
-9999 -9999 -9999 -9999 -9999 -9999 -9999 12.23426 12.30473 12.39174 12.47166 12.52757 12.55709 12.56772 12.57481 12.58111 12.58701 12.59213 12.59725 12.6004 12.60316 12.60473 12.60434 12.60394 12.60434 12.60473 12.60749 12.60709 12.58977 12.55158 12.49568 12.44056 12.39646 12.363 12.34174 12.32993 12.32442 12.32284 12.3256 12.32638 12.32796 12.3256 12.31851 12.30276 12.27914 12.24646 12.20512 12.15709 12.09883 12.02914 11.95394 11.8752 11.78859 11.69804 11.60552 11.50709 11.40827 11.30552 11.19725 11.0878 10.97756 10.86497 10.7563 10.64725 10.54095 10.44371 10.34567 10.2504 10.15434
-9999 -9999 -9999 -9999 -9999 -9999 -9999 12.26615 12.33347 12.41536 12.49056 12.53938 12.56024 12.56969 12.57678 12.58387 12.59095 12.59764 12.60434 12.60985 12.61536 12.6193 12.62284 12.62638 12.62993 12.63505 12.64213 12.64764 12.64174 12.61221 12.55906 12.50119 12.45237 12.41418 12.38426 12.36221 12.34883 12.3378 12.32757 12.32284 12.31733 12.30827 12.2941 12.26969 12.23859 12.20237 12.15709 12.10355 12.03977 11.97048 11.89449 11.81457 11.73032 11.63977 11.54489 11.45001 11.34922 11.24607 11.14174 11.03268 10.9252 10.81772 10.71024 10.60434 10.50001 10.40473 10.31024 10.21733 10.12284
-9999 -9999 -9999 -9999 -9999 -9999 -9999 -9999 12.36654 12.43583 12.50237 12.54568 12.56339 12.57127 12.57914 12.58741 12.59528 12.60237 12.61024 12.61772 12.6256 12.63229 12.63898 12.64489 12.65158 12.66024 12.6693 12.67875 12.68111 12.6567 12.60749 12.54961 12.49725 12.45316 12.41812 12.38977 12.36694 12.34804 12.32993 12.31536 12.30276 12.28898 12.26654 12.23465 12.19922 12.15906 12.10906 12.04804 11.9815 11.90985 11.83544 11.75394 11.66851 11.58071 11.48662 11.39095 11.28977 11.1878 11.08465 10.97993 10.87481 10.76969 10.66615 10.56378 10.45945 10.36615 10.27442 10.1819 10.09174
-9999 -9999 -9999 -9999 -9999 -9999 -9999 -9999 12.40946 12.46142 12.51182 12.54961 12.56536 12.57323 12.58072 12.59016 12.59883 12.6067 12.61536 12.6252 12.63426 12.64371 12.65276 12.66024 12.6693 12.67993 12.69135 12.70394 12.70749 12.68859 12.64095 12.58387 12.52835 12.48032 12.44135 12.40749 12.37717 12.35158 12.32638 12.30473 12.28465 12.26418 12.23505 12.19961 12.15946 12.11497 12.06182 11.99686 11.92835 11.85434 11.77717 11.69567 11.60827 11.51772 11.42835 11.3319 11.23268 11.13111 11.03032 10.92796 10.8256 10.72363 10.62284 10.52166 10.4193 10.32678 10.24016 10.14882 10.06103
-9999 -9999 -9999 -9999 -9999 -9999 -9999 -9999 -9999 12.49331 12.52835 12.55158 12.56694 12.57481 12.58347 12.59253 12.60158 12.61103 12.62166 12.6319 12.64213 12.65237 12.66339 12.67284 12.68347 12.69528 12.70867 12.72166 12.72678 12.7067 12.66142 12.60355 12.54804 12.49843 12.45355 12.41536 12.37993 12.34764 12.31772 12.29134 12.26379 12.23426 12.2004 12.16221 12.1193 12.07008 12.01536 11.95119 11.87914 11.80434 11.72323 11.63977 11.55316 11.45985 11.36693 11.27284 11.1756 11.0756 10.97678 10.87953 10.7756 10.67678 10.57953 10.48071 10.37875 10.28583 10.20237 10.1189 10.03229
-9999 -9999 -9999 -9999 -9999 -9999 -9999 -9999 -9999 -9999 12.54331 12.56142 12.5689 12.57638 12.58465 12.59528 12.60512 12.61575 12.62599 12.63662 12.64804 12.66024 12.67166 12.68308 12.69449 12.70749 12.72205 12.73505 12.73701 12.71575 12.6689 12.61261 12.5567 12.50473 12.45749 12.41575 12.37796 12.33859 12.3067 12.27127 12.23859 12.20316 12.16457 12.12205 12.0756 12.0252 11.96654 11.90276 11.82953 11.75316 11.67127 11.58308 11.49253 11.40355 11.31024 11.21221 11.11654 11.02048 10.92363 10.82481 10.72638 10.63071 10.53623 10.44095 10.33898 10.24489 10.16063 10.08071 10.00119
-9999 -9999 -9999 -9999 -9999 -9999 -9999 -9999 -9999 -9999 -9999 12.56497 12.57323 12.57875 12.5878 12.59725 12.60788 12.61851 12.62914 12.64016 12.65316 12.66457 12.67835 12.69056 12.70237 12.71694 12.73268 12.74292 12.73859 12.71379 12.66457 12.60788 12.55276 12.50158 12.45237 12.40709 12.36575 12.32678 12.2878 12.24764 12.20788 12.16654 12.12481 12.07953 12.02914 11.97638 11.91497 11.84883 11.77638 11.69646 11.6126 11.5252 11.43544 11.3441 11.2504 11.15709 11.06024 10.96379 10.86693 10.77166 10.67953 10.58544 10.49489 10.40158 10.29882 10.20394 10.12284 10.04489 9.979532
-9999 -9999 -9999 -9999 -9999 -9999 -9999 -9999 -9999 -9999 -9999 -9999 12.5752 12.5819 12.58977 12.60001 12.60946 12.62048 12.6315 12.64331 12.65434 12.66812 12.6819 12.69449 12.70827 12.72245 12.7378 12.74331 12.73071 12.69804 12.64764 12.59174 12.5378 12.48544 12.43741 12.39135 12.34725 12.30591 12.26221 12.21851 12.17284 12.12599 12.08032 12.03268 11.98071 11.92245 11.86339 11.79292 11.71812 11.6382 11.55276 11.46654 11.37875 11.28859 11.19449 11.09961 11.00158 10.90788 10.81733 10.72402 10.63111 10.54331 10.4567 10.3626 10.2626 10.17166 10.09252 10.02875 9.983076
-9999 -9999 -9999 -9999 -9999 -9999 -9999 -9999 -9999 -9999 -9999 -9999 -9999 12.58387 12.59253 12.6004 12.61024 12.62048 12.63229 12.64292 12.65591 12.66969 12.68465 12.69764 12.71103 12.7252 12.73386 12.73229 12.7126 12.67245 12.62127 12.56772 12.51457 12.4626 12.41418 12.3689 12.32205 12.27835 12.23032 12.18268 12.13426 12.08426 12.03465 11.98386 11.92914 11.87087 11.80749 11.73898 11.66457 11.58268 11.49764 11.41064 11.32166 11.23268 11.14095 11.04568 10.95355 10.85945 10.76693 10.67363 10.58583 10.50315 10.41851 10.32717 10.23465 10.14764 10.06693 10.00276 9.966934
-9999 -9999 -9999 -9999 -9999 -9999 -9999 -9999 -9999 -9999 -9999 -9999 -9999 -9999 12.59331 12.60355 12.61221 12.62166 12.63268 12.64489 12.65749 12.67166 12.68623 12.69883 12.71024 12.71969 12.72009 12.70709 12.67953 12.63544 12.58583 12.53465 12.48347 12.43347 12.38426 12.33701 12.29174 12.24253 12.19371 12.14568 12.0941 12.04292 11.99056 11.93544 11.87757 11.8193 11.75316 11.68701 11.60867 11.52481 11.43977 11.35276 11.26339 11.17599 11.08701 10.99449 10.90197 10.81142 10.71654 10.6252 10.5378 10.4563 10.37835 10.2941 10.20276 10.1193 10.04725 9.999612 9.969296
-9999 -9999 -9999 -9999 -9999 -9999 -9999 -9999 -9999 -9999 -9999 -9999 -9999 -9999 -9999 -9999 12.61418 12.62323 12.63505 12.64883 12.66024 12.67245 12.68426 12.69489 12.70079 12.7004 12.69135 12.6693 12.63347 12.59016 12.54292 12.49449 12.44489 12.39646 12.34764 12.30079 12.25237 12.20158 12.15434 12.10355 12.05237 11.99922 11.9441 11.88701 11.82638 11.76457 11.7004 11.63032 11.55158 11.4689 11.38268 11.29292 11.20512 11.1189 11.03229 10.94252 10.85158 10.75867 10.66497 10.57284 10.48583 10.40788 10.33268 10.25512 10.1693 10.08662 10.02914 9.995674 -9999
-9999 -9999 -9999 -9999 -9999 -9999 -9999 -9999 -9999 -9999 -9999 -9999 -9999 -9999 -9999 -9999 -9999 -9999 -9999 12.65355 12.66221 12.67127 12.6752 12.67638 12.6752 12.66536 12.64686 12.61772 12.58072 12.53898 12.49449 12.44843 12.40079 12.35276 12.30512 12.25749 12.20788 12.15906 12.10749 12.0563 12.00512 11.95158 11.89331 11.83426 11.77402 11.70945 11.64449 11.57402 11.49646 11.41418 11.3252 11.23623 11.1504 11.06339 10.97678 10.88977 10.79922 10.70867 10.61536 10.52245 10.43741 10.36457 10.29213 10.21339 10.13111 10.06142 10.01457 9.985438 -9999
-9999 -9999 -9999 -9999 -9999 -9999 -9999 -9999 -9999 -9999 -9999 -9999 -9999 -9999 -9999 -9999 -9999 -9999 -9999 -9999 -9999 -9999 12.65473 12.6445 12.63505 12.61654 12.59016 12.55985 12.52481 12.48505 12.44174 12.39725 12.35158 12.30355 12.25631 12.20827 12.15946 12.10985 12.05709 12.00631 11.95316 11.89725 11.84056 11.77993 11.71812 11.65473 11.58859 11.51772 11.44213 11.35788 11.27087 11.18505 11.10276 11.01379 10.92678 10.83623 10.74843 10.66339 10.57245 10.4815 10.39961 10.3256 10.25355 10.1756 10.10552 10.05315 10.00867 -9999 -9999
-9999 -9999 -9999 -9999 -9999 -9999 -9999 -9999 -9999 -9999 -9999 -9999 -9999 -9999 -9999 -9999 -9999 -9999 -9999 -9999 -9999 -9999 -9999 12.60985 12.59095 12.563 12.52914 12.49804 12.46379 12.4252 12.38426 12.34174 12.29646 12.25001 12.20276 12.15591 12.10749 12.05709 12.00709 11.95512 11.89922 11.84331 11.78583 11.72599 11.663 11.59961 11.53229 11.46457 11.38662 11.30434 11.2193 11.14292 -9999 10.96142 10.87245 10.78701 10.70079 10.6189 10.5315 10.44371 10.36457 10.29095 10.21615 10.15079 10.09489 -9999 -9999 -9999 -9999
-9999 -9999 -9999 -9999 -9999 -9999 -9999 -9999 -9999 -9999 -9999 -9999 -9999 -9999 -9999 -9999 -9999 -9999 -9999 -9999 -9999 -9999 -9999 -9999 -9999 12.50749 12.47205 12.43898 12.39843 12.36103 12.32402 12.28583 12.23741 12.1941 12.14804 12.10197 12.05434 12.00394 11.95355 11.90119 11.84725 11.79056 11.73032 11.6689 11.60827 11.54371 11.47796 11.40709 11.33229 11.24883 11.17245 11.11733 -9999 -9999 -9999 10.72363 10.64961 10.5756 10.49253 10.40867 10.33032 10.25591 10.19489 10.13977 -9999 -9999 -9999 -9999 -9999
-9999 -9999 -9999 -9999 -9999 -9999 -9999 -9999 -9999 -9999 -9999 -9999 -9999 -9999 -9999 -9999 -9999 -9999 -9999 -9999 -9999 -9999 -9999 -9999 -9999 -9999 12.4193 12.3819 12.34095 12.29449 12.27048 12.2315 12.18505 12.13583 12.09134 12.04646 11.99961 11.9504 11.89882 11.84646 11.79174 11.73426 11.6756 11.61418 11.55079 11.48859 11.42008 11.35316 11.27599 11.20079 11.14567 11.10985 -9999 -9999 -9999 -9999 10.59804 10.53032 10.45709 10.37441 10.29725 10.23583 10.18465 -9999 -9999 -9999 -9999 -9999 -9999
-9999 -9999 -9999 -9999 -9999 -9999 -9999 -9999 -9999 -9999 -9999 -9999 -9999 -9999 -9999 -9999 -9999 -9999 -9999 -9999 -9999 -9999 -9999 -9999 -9999 -9999 -9999 -9999 12.27442 12.25001 12.2252 -9999 12.12678 12.07245 12.03229 11.98859 11.94174 11.89174 11.84095 11.78898 11.73623 11.67835 11.61812 11.55709 11.49528 11.43268 11.36654 11.29489 11.22638 11.17678 11.13623 -9999 -9999 -9999 -9999 -9999 -9999 10.49253 10.41536 10.34213 10.27835 10.22875 -9999 -9999 -9999 -9999 -9999 -9999 -9999
-9999 -9999 -9999 -9999 -9999 -9999 -9999 -9999 -9999 -9999 -9999 -9999 -9999 -9999 -9999 -9999 -9999 -9999 -9999 -9999 -9999 -9999 -9999 -9999 -9999 -9999 -9999 -9999 -9999 12.21615 -9999 -9999 -9999 12.00394 11.96772 11.92599 11.8815 11.83308 11.77914 11.73032 11.67914 11.62166 11.55985 11.50079 11.44213 11.37756 11.31142 11.2441 11.20079 11.16575 -9999 -9999 -9999 -9999 -9999 -9999 -9999 -9999 -9999 10.30867 10.26575 -9999 -9999 -9999 -9999 -9999 -9999 -9999 -9999
-9999 -9999 -9999 -9999 -9999 -9999 -9999 -9999 -9999 -9999 -9999 -9999 -9999 -9999 -9999 -9999 -9999 -9999 -9999 -9999 -9999 -9999 -9999 -9999 -9999 -9999 -9999 -9999 -9999 -9999 -9999 -9999 -9999 11.94174 11.90394 11.86221 11.8189 11.77205 11.72205 11.67127 11.61575 11.56103 11.50512 11.44646 11.38505 11.32166 11.25906 11.21575 11.18662 -9999 -9999 -9999 -9999 -9999 -9999 -9999 -9999 -9999 -9999 -9999 -9999 -9999 -9999 -9999 -9999 -9999 -9999 -9999 -9999
-9999 -9999 -9999 -9999 -9999 -9999 -9999 -9999 -9999 -9999 -9999 -9999 -9999 -9999 -9999 -9999 -9999 -9999 -9999 -9999 -9999 -9999 -9999 -9999 -9999 -9999 -9999 -9999 -9999 -9999 -9999 -9999 -9999 11.88977 11.84607 11.80237 11.75749 11.71142 11.66221 11.61064 11.55867 11.50394 11.44843 11.39056 11.33032 11.27087 11.22048 11.18859 -9999 -9999 -9999 -9999 -9999 -9999 -9999 -9999 -9999 -9999 -9999 -9999 -9999 -9999 -9999 -9999 -9999 -9999 -9999 -9999 -9999
-9999 -9999 -9999 -9999 -9999 -9999 -9999 -9999 -9999 -9999 -9999 -9999 -9999 -9999 -9999 -9999 -9999 -9999 -9999 -9999 -9999 -9999 -9999 -9999 -9999 -9999 -9999 -9999 -9999 -9999 -9999 -9999 -9999 -9999 11.79095 11.74095 11.69489 11.65237 11.60552 11.55316 11.50197 11.44882 11.39449 11.33898 11.27835 11.22205 11.1878 11.17008 -9999 -9999 -9999 -9999 -9999 -9999 -9999 -9999 -9999 -9999 -9999 -9999 -9999 -9999 -9999 -9999 -9999 -9999 -9999 -9999 -9999
-9999 -9999 -9999 -9999 -9999 -9999 -9999 -9999 -9999 -9999 -9999 -9999 -9999 -9999 -9999 -9999 -9999 -9999 -9999 -9999 -9999 -9999 -9999 -9999 -9999 -9999 -9999 -9999 -9999 -9999 -9999 -9999 -9999 -9999 11.72284 11.68071 11.63465 11.59213 11.54725 11.49804 11.44646 11.39567 11.3441 11.2878 11.2319 11.19253 11.16615 -9999 -9999 -9999 -9999 -9999 -9999 -9999 -9999 -9999 -9999 -9999 -9999 -9999 -9999 -9999 -9999 -9999 -9999 -9999 -9999 -9999 -9999
-9999 -9999 -9999 -9999 -9999 -9999 -9999 -9999 -9999 -9999 -9999 -9999 -9999 -9999 -9999 -9999 -9999 -9999 -9999 -9999 -9999 -9999 -9999 -9999 -9999 -9999 -9999 -9999 -9999 -9999 -9999 -9999 -9999 -9999 -9999 11.62402 11.57835 11.53347 11.48938 11.44134 11.39174 11.34213 11.29174 11.24292 11.20434 11.17442 -9999 -9999 -9999 -9999 -9999 -9999 -9999 -9999 -9999 -9999 -9999 -9999 -9999 -9999 -9999 -9999 -9999 -9999 -9999 -9999 -9999 -9999 -9999
-9999 -9999 -9999 -9999 -9999 -9999 -9999 -9999 -9999 -9999 -9999 -9999 -9999 -9999 -9999 -9999 -9999 -9999 -9999 -9999 -9999 -9999 -9999 -9999 -9999 -9999 -9999 -9999 -9999 -9999 -9999 -9999 -9999 -9999 -9999 -9999 11.53505 11.47993 11.43268 11.38347 11.33504 11.28701 11.2441 11.213 11.18898 -9999 -9999 -9999 -9999 -9999 -9999 -9999 -9999 -9999 -9999 -9999 -9999 -9999 -9999 -9999 -9999 -9999 -9999 -9999 -9999 -9999 -9999 -9999 -9999
-9999 -9999 -9999 -9999 -9999 -9999 -9999 -9999 -9999 -9999 -9999 -9999 -9999 -9999 -9999 -9999 -9999 -9999 -9999 -9999 -9999 -9999 -9999 -9999 -9999 -9999 -9999 -9999 -9999 -9999 -9999 -9999 -9999 -9999 -9999 -9999 -9999 -9999 11.37756 11.32638 11.27757 11.23583 11.20945 -9999 -9999 -9999 -9999 -9999 -9999 -9999 -9999 -9999 -9999 -9999 -9999 -9999 -9999 -9999 -9999 -9999 -9999 -9999 -9999 -9999 -9999 -9999 -9999 -9999 -9999
-9999 -9999 -9999 -9999 -9999 -9999 -9999 -9999 -9999 -9999 -9999 -9999 -9999 -9999 -9999 -9999 -9999 -9999 -9999 -9999 -9999 -9999 -9999 -9999 -9999 -9999 -9999 -9999 -9999 -9999 -9999 -9999 -9999 -9999 -9999 -9999 -9999 -9999 -9999 11.27048 11.22481 11.19843 11.18583 -9999 -9999 -9999 -9999 -9999 -9999 -9999 -9999 -9999 -9999 -9999 -9999 -9999 -9999 -9999 -9999 -9999 -9999 -9999 -9999 -9999 -9999 -9999 -9999 -9999 -9999
-9999 -9999 -9999 -9999 -9999 -9999 -9999 -9999 -9999 -9999 -9999 -9999 -9999 -9999 -9999 -9999 -9999 -9999 -9999 -9999 -9999 -9999 -9999 -9999 -9999 -9999 -9999 -9999 -9999 -9999 -9999 -9999 -9999 -9999 -9999 -9999 -9999 -9999 -9999 -9999 11.19174 11.17363 -9999 -9999 -9999 -9999 -9999 -9999 -9999 -9999 -9999 -9999 -9999 -9999 -9999 -9999 -9999 -9999 -9999 -9999 -9999 -9999 -9999 -9999 -9999 -9999 -9999 -9999 -9999
