ASPA-UH-SWB2_REPO/input/Gridded_rain/prism_ppt_tutuila_30yr_normal_07.asc
ncols         350
nrows         200
xllcorner     515000
yllcorner     8409000
cellsize      100
NODATA_value  -9999
[rows 124 to 154 of 200, columns 69 to 137 of 350]
10.75749 10.90355 11.00552 11.04528 11.07875 11.1126 11.14686 11.17993 11.21457 11.25316 11.29686 11.34528 11.39961 11.45276 11.50473 11.56339 11.62442 11.68229 11.73505 11.78701 11.83386 11.87323 11.90788 11.94056 11.9693 11.99725 12.02284 12.04528 12.06339 12.07953 12.09449 12.10709 12.1189 12.12914 12.13701 12.14528 12.15197 12.1567 12.16103 12.163 12.16182 12.15985 12.15119 12.13347 12.10709 12.07205 12.03229 11.98347 11.92323 11.84725 11.75316 11.64646 11.52127 11.37914 11.21654 11.03071 10.82638 10.60788 10.39016 10.17323 9.952368 9.735044 9.520083 9.304336 9.09843 8.900398 8.713784 8.535438 8.368114
10.27402 10.43465 10.57875 10.66575 10.7067 10.74882 10.79174 10.83544 10.87914 10.9252 10.97756 11.03465 11.09528 11.15552 11.2189 11.28268 11.35197 11.42048 11.48623 11.55237 11.61457 11.66733 11.71457 11.75749 11.79686 11.83308 11.86733 11.89882 11.9252 11.94764 11.96851 11.98938 12.00631 12.02048 12.0315 12.03977 12.04804 12.05316 12.05434 12.05079 12.0441 12.03426 12.01772 11.99213 11.95631 11.913 11.86142 11.80316 11.73111 11.64331 11.53938 11.42245 11.29016 11.13977 10.9752 10.79253 10.58977 10.37796 10.16378 9.945281 9.727958 9.511422 9.294099 9.082288 8.877563 8.683863 8.498429 8.324807 8.158666
9.79528 9.964178 10.13308 10.24961 10.31615 10.36733 10.41851 10.47323 10.52796 10.58268 10.64252 10.70867 10.77442 10.84213 10.913 10.9878 11.06142 11.13701 11.21379 11.28898 11.36221 11.4319 11.49292 11.54804 11.59764 11.6441 11.68977 11.73032 11.76536 11.79686 11.82481 11.84961 11.87127 11.8878 11.90158 11.91142 11.9193 11.92481 11.92205 11.91457 11.90276 11.88544 11.86182 11.83072 11.78819 11.73583 11.67717 11.60749 11.5256 11.42875 11.31851 11.19213 11.05276 10.89764 10.73032 10.54961 10.34922 10.14489 9.933864 9.71969 9.504335 9.288588 9.075595 8.865752 8.666146 8.479532 8.300004 8.129532 7.966146
9.350398 9.51969 9.691343 9.830713 9.911029 9.966934 10.02481 10.08898 10.15552 10.22363 10.29331 10.36733 10.44331 10.51772 10.59528 10.67678 10.75945 10.83938 10.92363 11.00591 11.08701 11.16615 11.24292 11.30906 11.3689 11.42599 11.48268 11.53386 11.57717 11.61772 11.65355 11.68268 11.7067 11.72717 11.74134 11.75473 11.76418 11.76536 11.76221 11.75237 11.73662 11.71418 11.68465 11.64804 11.60001 11.54213 11.4756 11.39922 11.30945 11.20473 11.08859 10.95867 10.813 10.65473 10.48701 10.30512 10.113 9.907485 9.701186 9.4941 9.282289 9.071658 8.865359 8.660241 8.466539 8.289768 8.117327 7.951579 7.791343
8.961422 9.099611 9.26969 9.407485 9.490162 9.551186 9.615359 9.684257 9.762604 9.844493 9.928351 10.01497 10.09961 10.18426 10.26693 10.35434 10.44567 10.53308 10.6189 10.70906 10.7941 10.88071 10.96733 11.04489 11.11339 11.17914 11.2441 11.30512 11.35749 11.40355 11.44804 11.48229 11.513 11.53544 11.55434 11.5693 11.57875 11.58111 11.57599 11.56457 11.54489 11.52087 11.49016 11.44607 11.39292 11.33229 11.263 11.17835 11.08229 10.97599 10.85316 10.72008 10.57442 10.41772 10.24764 10.0693 9.879927 9.674809 9.470477 9.26969 9.067721 8.863784 8.662996 8.468115 8.283075 8.107485 7.944492 7.784256 7.627563
8.594887 8.709847 8.857091 8.98032 9.064178 9.134256 9.204335 9.280713 9.366146 9.459847 9.558272 9.656698 9.749218 9.8378 9.930714 10.02442 10.12087 10.21615 10.30985 10.39922 10.49174 10.58308 10.67756 10.7626 10.84016 10.9126 10.9819 11.04922 11.10945 11.16615 11.21221 11.2567 11.29213 11.32127 11.34646 11.36182 11.37205 11.37638 11.36969 11.35788 11.3378 11.31418 11.27914 11.2319 11.17638 11.11457 11.03938 10.95079 10.85158 10.74016 10.62008 10.48386 10.33819 10.18111 10.01772 9.84095 9.649611 9.45158 9.25591 9.055122 8.860241 8.668509 8.474808 8.285438 8.103941 7.936618 7.776776 7.620476 7.470476
8.238587 8.331106 8.451973 8.557878 8.647248 8.72402 8.802366 8.890555 8.984651 9.083469 9.189769 9.294099 9.394887 9.490162 9.588588 9.690557 9.790556 9.894099 9.9941 10.08938 10.1815 10.28268 10.37875 10.47245 10.55512 10.63347 10.71103 10.78071 10.84725 10.90552 10.96497 11.01497 11.05749 11.09134 11.11733 11.13938 11.15197 11.15512 11.14922 11.13898 11.12087 11.09449 11.05788 11.01379 10.9567 10.8878 10.81221 10.72638 10.62008 10.50985 10.3878 10.25591 10.10749 9.95158 9.790556 9.619296 9.43032 9.239375 9.045674 8.858666 8.668509 8.481894 8.294493 8.11024 7.935437 7.771264 7.614964 7.467721 7.324413
7.884256 7.959846 8.053548 8.145674 8.237012 8.324807 8.41339 8.510634 8.614572 8.720477 8.827563 8.937407 9.041737 9.144099 9.247643 9.354336 9.46221 9.567327 9.672052 9.773627 9.873627 9.973233 10.07638 10.1756 10.26615 10.35079 10.43111 10.50749 10.57678 10.64764 10.70709 10.76379 10.81064 10.84882 10.87953 10.90355 10.91733 10.92127 10.92205 10.91103 10.89449 10.8689 10.83268 10.78819 10.73071 10.66142 10.58504 10.49213 10.39252 10.2815 10.16142 10.02835 9.882289 9.729139 9.568115 9.397643 9.222052 9.033863 8.848824 8.667327 8.487012 8.304335 8.124807 7.945673 7.777169 7.620083 7.469689 7.325988 7.190948
7.540949 7.601973 7.66772 7.749217 7.835831 7.9315 8.0315 8.137799 8.249611 8.362603 8.47402 8.586225 8.696068 8.803942 8.911422 9.02284 9.135832 9.243312 9.349611 9.456697 9.561816 9.664178 9.770477 9.87284 9.970477 10.06182 10.14843 10.22993 10.30827 10.38032 10.44922 10.50906 10.56064 10.60276 10.63544 10.66063 10.67835 10.68701 10.68819 10.67875 10.66339 10.63898 10.60552 10.55945 10.50079 10.43347 10.35316 10.263 10.1626 10.05709 9.935832 9.805123 9.663784 9.51221 9.355123 9.188981 9.017327 8.840556 8.664572 8.485831 8.311421 8.138193 7.965358 7.794098 7.633469 7.483469 7.34213 7.203547 7.073626
7.217327 7.266539 7.318902 7.388193 7.458665 7.558271 7.664571 7.776382 7.89528 8.01339 8.13032 8.24528 8.357879 8.470083 8.583076 8.695674 8.809847 8.922839 9.032681 9.139375 9.248824 9.358666 9.464572 9.566541 9.667328 9.765753 9.85906 9.94843 10.03347 10.11103 10.18308 10.2504 10.30473 10.35119 10.38819 10.41615 10.4378 10.45001 10.45158 10.44646 10.4315 10.4067 10.37363 10.32756 10.27127 10.20197 10.12638 10.03819 9.94095 9.832683 9.717328 9.588588 9.451973 9.303154 9.150004 8.993312 8.825201 8.655517 8.488194 8.317327 8.148429 7.979925 7.81339 7.653153 7.501185 7.359059 7.22087 7.089767 6.975988
6.909452 6.961814 7.018901 7.069295 7.127956 7.21024 7.316539 7.435043 7.554335 7.673626 7.792524 7.911028 8.027563 8.140949 8.254728 8.372051 8.490162 8.604335 8.716146 8.829139 8.939769 9.049611 9.155517 9.261816 9.365359 9.46654 9.566147 9.659453 9.751973 9.836619 9.913391 9.981108 10.04174 10.09252 10.13544 10.16812 10.19252 10.20906 10.21497 10.21182 10.19686 10.17284 10.13701 10.09449 10.03977 9.975595 9.902761 9.820084 9.724415 9.619296 9.504729 9.381894 9.24843 9.105516 8.957091 8.804336 8.646068 8.485044 8.322051 8.157484 7.993705 7.833468 7.675988 7.519689 7.376382 7.24213 7.11024 6.984256 6.890948
6.62087 6.684649 6.737011 6.782287 6.840161 6.896067 6.993704 7.112208 7.230712 7.349216 7.466933 7.585437 7.703547 7.818902 7.933862 8.051186 8.171264 8.290555 8.405123 8.517721 8.6315 8.745674 8.853548 8.959847 9.065359 9.169296 9.271265 9.372052 9.466146 9.55591 9.635438 9.705123 9.77284 9.828745 9.874414 9.912997 9.943706 9.964572 9.973627 9.972839 9.960241 9.936226 9.902368 9.860635 9.80906 9.75158 9.68465 9.60473 9.514572 9.411422 9.300399 9.184257 9.055516 8.917328 8.773626 8.625989 8.477564 8.321658 8.16339 8.007091 7.850791 7.696854 7.546461 7.400791 7.26339 7.133862 7.007484 6.891736 6.82835
6.351578 6.416539 6.478744 6.534256 6.572838 6.622051 6.701185 6.811421 6.929925 7.046854 7.161815 7.278744 7.397248 7.512996 7.627957 7.743705 7.862602 7.982681 8.097642 8.21024 8.328351 8.443312 8.554335 8.661816 8.768902 8.874807 8.978745 9.081107 9.180714 9.273627 9.35591 9.431108 9.500399 9.560635 9.611816 9.65591 9.690949 9.714572 9.727958 9.728352 9.720477 9.700005 9.671265 9.632288 9.584257 9.531501 9.470871 9.396855 9.307878 9.210634 9.106698 8.992918 8.86969 8.738194 8.601186 8.457091 8.313784 8.164571 8.015752 7.865358 7.715752 7.57087 7.430319 7.292523 7.160634 7.03583 6.913783 6.806303 6.776381
6.112602 6.17205 6.242917 6.306696 6.346066 6.394098 6.450397 6.538586 6.65394 6.766539 6.882681 7.000004 7.114177 7.229531 7.34213 7.455516 7.572051 7.688193 7.801579 7.91654 8.032681 8.145674 8.259059 8.368508 8.47717 8.586225 8.692918 8.79528 8.897642 8.997249 9.084256 9.163784 9.231501 9.296068 9.353942 9.401974 9.438981 9.464572 9.479532 9.483469 9.481501 9.468509 9.444493 9.40906 9.366934 9.319296 9.262997 9.191343 9.107879 9.016147 8.917328 8.80906 8.692524 8.564965 8.433469 8.298823 8.158666 8.01654 7.874807 7.731894 7.592524 7.457484 7.324413 7.192917 7.06457 6.945673 6.8315 6.753153 6.744492
5.92205 5.964176 6.033074 6.112208 6.162995 6.205515 6.252366 6.313783 6.401185 6.512602 6.627169 6.741736 6.854334 6.964177 7.075594 7.185437 7.296461 7.411815 7.526382 7.635831 7.746067 7.861028 7.97402 8.085831 8.194886 8.304729 8.413784 8.521264 8.628744 8.727957 8.818508 8.901579 8.974414 9.041344 9.101186 9.153154 9.194886 9.218903 9.234257 9.246068 9.249611 9.241343 9.222445 9.194099 9.157879 9.112209 9.058272 8.99213 8.914572 8.827169 8.731501 8.6315 8.521264 8.401579 8.276382 8.148429 8.014177 7.877957 7.744492 7.611028 7.480319 7.351579 7.225201 7.100791 6.975988 6.86024 6.75709 6.716539 6.736224
5.776774 5.821263 5.855908 5.938192 6.018507 6.054728 6.100791 6.144491 6.204334 6.286617 6.389767 6.500397 6.608665 6.714177 6.819688 6.92835 7.038193 7.151578 7.262602 7.369689 7.476776 7.590555 7.69961 7.81024 7.922051 8.033075 8.142918 8.252366 8.361028 8.466933 8.562603 8.644493 8.725202 8.79528 8.857485 8.91221 8.954729 8.983075 9.000005 9.018115 9.024808 9.021264 9.008272 8.985831 8.952761 8.91221 8.862603 8.799611 8.725988 8.645674 8.559453 8.462209 8.358272 8.250004 8.134256 8.007878 7.879138 7.753941 7.62835 7.501185 7.375594 7.253153 7.133862 7.011815 6.893704 6.784256 6.706303 6.696854 6.724413
-9999 5.730318 5.757483 5.790161 5.874806 5.944885 5.978743 6.024806 6.072051 6.124806 6.185042 6.277562 6.379925 6.483074 6.586617 6.689767 6.79646 6.90709 7.015752 7.118507 7.222445 7.3315 7.439768 7.547248 7.657878 7.768902 7.879925 7.990949 8.102366 8.212209 8.309059 8.399611 8.483469 8.557091 8.622839 8.681894 8.726382 8.755122 8.778745 8.796461 8.808272 8.810241 8.80276 8.786618 8.755516 8.720871 8.674414 8.617328 8.550398 8.476776 8.393312 8.304729 8.209453 8.107485 7.996461 7.876382 7.759453 7.63898 7.517327 7.399216 7.280319 7.161815 7.044098 6.926775 6.815752 6.71024 6.673232 6.69646 6.717326
-9999 -9999 5.6752 5.712601 5.757483 5.827562 5.897641 5.937405 5.979924 6.019294 6.060239 6.087011 6.1752 6.276381 6.377956 6.476381 6.576381 6.682287 6.787799 6.887405 6.985436 7.084256 7.190555 7.298035 7.408271 7.519689 7.631106 7.744492 7.86024 7.966933 8.063784 8.161028 8.250792 8.327169 8.39528 8.455516 8.503154 8.540162 8.563784 8.582288 8.600004 8.60591 8.60276 8.593311 8.571658 8.536225 8.494099 8.444492 8.388193 8.314571 8.239768 8.157091 8.068902 7.972051 7.866146 7.757878 7.641736 7.529531 7.416145 7.301972 7.187012 7.072051 6.961421 6.848035 6.741736 6.666539 6.662995 6.687011 6.723626
-9999 -9999 -9999 5.652365 5.695672 5.723231 5.792522 5.863782 5.912601 5.94646 5.961421 5.989767 6.027956 6.091735 6.188586 6.284255 6.381105 6.477956 6.5752 6.670082 6.764177 6.858271 6.95709 7.062208 7.1752 7.291342 7.40709 7.52087 7.632681 7.740555 7.840555 7.936618 8.024807 8.106303 8.176776 8.238194 8.294099 8.332682 8.361815 8.3815 8.398823 8.410634 8.413784 8.407878 8.390949 8.364178 8.326776 8.285438 8.227563 8.167327 8.096854 8.020476 7.934256 7.842917 7.747642 7.639768 7.535437 7.426382 7.320476 7.207484 7.097248 6.989374 6.881893 6.775594 6.67205 6.65709 6.667326 6.68898 6.704728
-9999 -9999 -9999 -9999 -9999 5.642129 5.694098 5.764964 5.844098 5.883861 5.905909 5.930318 5.956302 5.990948 6.047247 6.114176 6.201578 6.291342 6.383074 6.472051 6.561421 6.651185 6.74331 6.848429 6.963389 7.080712 7.19646 7.31024 7.421658 7.52835 7.630713 7.725595 7.814571 7.897248 7.97087 8.040162 8.09528 8.138587 8.170871 8.196461 8.214177 8.225595 8.235437 8.233469 8.220477 8.199217 8.170083 8.130713 8.087012 8.025595 7.961028 7.889374 7.811028 7.724413 7.630713 7.537012 7.433074 7.333862 7.224413 7.119295 7.014177 6.912208 6.809846 6.70709 6.65394 6.650003 6.669295 6.691736 6.67835
-9999 -9999 -9999 -9999 -9999 5.558664 5.606696 5.671657 5.747247 5.824806 5.872444 5.896853 5.923232 5.958664 5.981499 6.017326 6.074806 6.137405 6.208271 6.293704 6.379925 6.470476 6.573626 6.663389 6.770476 6.886224 6.998823 7.11024 7.222445 7.330319 7.431893 7.529925 7.621657 7.704729 7.781106 7.849216 7.908272 7.956303 7.993705 8.018508 8.039768 8.054335 8.063784 8.068114 8.062209 8.047248 8.021658 7.99213 7.948036 7.895673 7.833468 7.767327 7.692917 7.610634 7.522445 7.4315 7.342917 7.238193 7.138193 7.034649 6.933862 6.838192 6.741342 6.663389 6.63898 6.645279 6.666539 6.675988 6.631893
-9999 -9999 -9999 -9999 -9999 5.478743 5.532286 5.59331 5.662208 5.734649 5.808271 5.862995 5.911026 5.93268 5.956696 5.994098 6.021657 6.054334 6.101972 6.169294 6.253547 6.349609 6.440555 6.530712 6.610633 6.71024 6.818114 6.927169 7.037405 7.148823 7.251972 7.350398 7.440161 7.524807 7.601185 7.670083 7.728744 7.780319 7.818902 7.853154 7.875988 7.888193 7.902366 7.912209 7.911421 7.898429 7.880713 7.855516 7.820083 7.770083 7.71339 7.650004 7.577957 7.501972 7.420083 7.33465 7.240555 7.150397 7.051185 6.952366 6.857878 6.765751 6.680712 6.63898 6.628744 6.639373 6.654334 6.627563 6.587799
-9999 -9999 -9999 -9999 5.371263 5.416932 5.467326 5.525593 5.588192 5.651971 5.718507 5.784648 5.851184 5.897247 5.940554 5.97205 6.002365 6.03583 6.072838 6.123231 6.202365 6.28583 6.362996 6.437011 6.500397 6.568114 6.662602 6.766932 6.874807 6.982681 7.089374 7.185437 7.27402 7.355515 7.435043 7.503547 7.562603 7.61339 7.661027 7.706697 7.726776 7.737012 7.750792 7.764571 7.76654 7.759453 7.74528 7.727957 7.696461 7.651185 7.596461 7.537405 7.47087 7.397642 7.320083 7.23583 7.151185 7.061815 6.968114 6.872838 6.783468 6.700397 6.649216 6.626381 6.621657 6.636224 6.623625 6.585043 6.546066
-9999 -9999 -9999 -9999 5.331892 5.3689 5.414176 5.465751 5.520475 5.577168 5.637011 5.697641 5.756696 5.816932 5.873625 5.923625 5.975594 6.011027 6.051184 6.108271 6.168901 6.242523 6.314964 6.366145 6.417326 6.477169 6.546066 6.629137 6.72835 6.831893 6.934256 7.0315 7.118901 7.201972 7.279925 7.34961 7.409846 7.466933 7.525594 7.575988 7.596067 7.601973 7.610634 7.625595 7.633075 7.627957 7.617721 7.603547 7.579138 7.537405 7.487405 7.430319 7.368901 7.300397 7.224413 7.144492 7.063783 6.977956 6.887012 6.799216 6.711421 6.650791 6.628744 6.619689 6.622051 6.623232 6.582681 6.543311 6.505515
-9999 -9999 -9999 -9999 5.298034 5.324412 5.365357 5.410239 5.458271 5.510239 5.563782 5.616145 5.672444 5.726775 5.783468 5.842129 5.898035 5.946854 5.999609 6.055515 6.109452 6.167326 6.242917 6.301578 6.355515 6.413783 6.474019 6.535043 6.600003 6.695673 6.795279 6.887012 6.975201 7.059059 7.13583 7.209059 7.271264 7.32835 7.395673 7.457878 7.479138 7.473232 7.480712 7.498823 7.508272 7.507091 7.498823 7.487799 7.465358 7.428744 7.3815 7.32835 7.269689 7.205122 7.134255 7.056303 6.976381 6.894886 6.811421 6.724807 6.65709 6.627563 6.618901 6.618507 6.619689 6.587011 6.543311 6.502366 6.465751
-9999 -9999 -9999 -9999 5.268113 5.285042 5.317719 5.358271 5.401971 5.449215 5.496459 5.54646 5.596853 5.646853 5.701184 5.755121 5.810239 5.863782 5.917719 5.972838 6.026775 6.081893 6.149216 6.229925 6.302759 6.365751 6.423625 6.472838 6.519689 6.587405 6.677563 6.758271 6.845279 6.927563 7.003547 7.075594 7.136618 7.194886 7.268901 7.343311 7.358272 7.350791 7.357878 7.377956 7.392917 7.392917 7.38583 7.374413 7.355122 7.321657 7.275594 7.227563 7.172445 7.110633 7.041342 6.969295 6.892129 6.814177 6.737799 6.673625 6.637405 6.6252 6.616932 6.620082 6.594098 6.547641 6.503153 6.462996 6.424807
-9999 -9999 -9999 -9999 -9999 5.250396 5.277956 5.313782 5.351971 5.39331 5.438979 5.483468 5.530318 5.576775 5.626774 5.678743 5.731893 5.783861 5.83583 5.892523 5.947247 6.002365 6.066932 6.146066 6.233468 6.318901 6.37835 6.424019 6.475987 6.537011 6.595673 6.666145 6.73898 6.812208 6.88898 6.960633 7.018114 7.081106 7.161815 7.22087 7.233862 7.232287 7.24213 7.264965 7.280713 7.282287 7.2752 7.268114 7.247248 7.216146 7.177169 7.12835 7.074807 7.018901 6.955122 6.883862 6.809453 6.741342 6.698035 6.665358 6.642129 6.626381 6.624019 6.601184 6.553547 6.503547 6.462208 6.421263 6.383862
-9999 -9999 -9999 -9999 -9999 5.2252 5.242522 5.272837 5.308664 5.346459 5.385436 5.4252 5.468113 5.515357 5.559058 5.609058 5.659845 5.71142 5.766145 5.821263 5.875987 5.931893 5.994098 6.068901 6.15394 6.244098 6.329531 6.390161 6.452759 6.504728 6.562602 6.624806 6.681893 6.737405 6.808271 6.883468 6.944492 7.006697 7.06772 7.114571 7.115752 7.112208 7.128744 7.159059 7.173232 7.172051 7.171657 7.164177 7.147248 7.116146 7.081106 7.03583 6.985043 6.931106 6.869295 6.79961 6.747641 6.717326 6.695673 6.673625 6.654728 6.639373 6.608665 6.559059 6.507483 6.461421 6.421263 6.381499 6.346854
-9999 -9999 -9999 -9999 -9999 5.203546 5.218113 5.239767 5.272837 5.305121 5.338979 5.374019 5.412995 5.454333 5.499216 5.549215 5.600397 5.649216 5.701184 5.756696 5.811814 5.867326 5.928349 5.998034 6.075593 6.162208 6.251578 6.338586 6.409846 6.48583 6.547247 6.598429 6.650003 6.722051 6.787405 6.84961 6.916145 6.966933 7.012996 7.03583 7.029138 7.003153 7.02835 7.05709 7.070082 7.076775 7.074413 7.06772 7.051579 7.024807 6.987799 6.946066 6.896854 6.842523 6.797247 6.754334 6.730712 6.713389 6.696854 6.681106 6.658665 6.619295 6.567326 6.512995 6.463389 6.420476 6.380318 6.344098 6.31142
-9999 -9999 -9999 -9999 -9999 -9999 5.20079 5.215751 5.239767 5.268113 5.295672 5.329136 5.361814 5.403152 5.452759 5.50394 5.555121 5.601971 5.645278 5.69646 5.756302 5.81142 5.869294 5.933467 6.005121 6.085436 6.171657 6.256696 6.341342 6.424019 6.498428 6.555121 6.624806 6.685437 6.748429 6.815358 6.872445 6.921657 6.954334 6.980319 6.948035 6.92087 6.933862 6.960633 6.977169 6.984256 6.985436 6.974807 6.961027 6.934256 6.897641 6.856303 6.821657 6.79213 6.772838 6.758665 6.727169 6.714571 6.700397 6.672838 6.618901 6.569295 6.520476 6.468113 6.420476 6.380712 6.340161 6.305515 6.271657
-9999 -9999 -9999 -9999 -9999 -9999 -9999 5.189766 5.209058 5.233074 5.257877 5.283073 5.324806 5.370869 5.422444 5.471656 5.520475 5.566144 5.608665 5.656302 5.704334 5.761814 5.818901 5.879924 5.945673 6.020082 6.098822 6.179924 6.261814 6.33898 6.412208 6.487011 6.559452 6.620082 6.678743 6.740948 6.793311 6.845279 6.906696 6.92087 6.893704 6.869295 6.85394 6.870476 6.88583 6.893311 6.893311 6.891736 6.869689 6.866539 6.834649 6.804334 6.794492 6.793705 6.774019 6.759846 6.748035 6.71772 6.677563 6.618507 6.566539 6.518507 6.472051 6.4252 6.378744 6.33898 6.303546 6.268114 6.233861
