ASPA-UH-SWB2_REPO/input/Gridded_rain/prism_ppt_tutuila_30yr_normal_03.asc
ncols         350
nrows         200
xllcorner     515000
yllcorner     8409000
cellsize      100
NODATA_value  -9999
[rows 31 to 61 of 200, columns 207 to 275 of 350]
10.31182 10.28268 10.25985 10.27127 -9999 -9999 -9999 -9999 -9999 -9999 -9999 -9999 -9999 -9999 -9999 -9999 -9999 -9999 -9999 -9999 -9999 -9999 -9999 -9999 -9999 -9999 -9999 -9999 -9999 -9999 -9999 -9999 -9999 -9999 -9999 -9999 -9999 -9999 -9999 -9999 -9999 -9999 -9999 -9999 -9999 -9999 -9999 -9999 -9999 -9999 -9999 -9999 -9999 -9999 -9999 -9999 -9999 -9999 -9999 -9999 -9999 -9999 -9999 -9999 -9999 -9999 -9999 -9999 -9999
10.49961 10.46812 10.4378 10.42756 -9999 -9999 -9999 -9999 10.43504 -9999 -9999 -9999 -9999 -9999 -9999 -9999 -9999 -9999 -9999 -9999 -9999 -9999 -9999 -9999 -9999 -9999 -9999 -9999 -9999 -9999 -9999 -9999 -9999 -9999 -9999 -9999 -9999 -9999 -9999 -9999 -9999 -9999 -9999 -9999 -9999 -9999 -9999 -9999 -9999 -9999 -9999 -9999 -9999 -9999 -9999 -9999 -9999 -9999 -9999 -9999 -9999 -9999 -9999 -9999 -9999 -9999 -9999 -9999 -9999
10.70552 10.67008 10.6319 10.61221 -9999 -9999 10.63544 10.5567 10.49174 10.50473 -9999 -9999 -9999 -9999 -9999 -9999 -9999 -9999 -9999 -9999 -9999 -9999 -9999 -9999 -9999 -9999 -9999 -9999 -9999 -9999 -9999 -9999 -9999 -9999 -9999 -9999 -9999 -9999 -9999 -9999 -9999 -9999 -9999 -9999 -9999 -9999 -9999 -9999 -9999 -9999 -9999 -9999 -9999 -9999 -9999 -9999 -9999 -9999 -9999 -9999 -9999 -9999 -9999 -9999 -9999 -9999 -9999 -9999 -9999
10.9315 10.8878 10.84213 10.81103 10.83426 10.84292 10.73819 10.6567 10.58977 10.59567 10.62835 -9999 -9999 -9999 -9999 -9999 -9999 -9999 -9999 -9999 -9999 -9999 -9999 -9999 -9999 -9999 -9999 -9999 -9999 -9999 -9999 9.850005 -9999 -9999 -9999 -9999 -9999 9.646461 9.629139 -9999 -9999 -9999 -9999 -9999 -9999 -9999 -9999 -9999 -9999 -9999 9.178745 -9999 -9999 -9999 -9999 -9999 -9999 -9999 -9999 -9999 -9999 -9999 -9999 -9999 -9999 -9999 -9999 -9999 -9999
11.16418 11.12166 11.07127 11.02678 11.00079 10.96497 10.8878 10.81969 10.75749 10.72284 10.73938 10.75827 -9999 -9999 -9999 -9999 10.49253 10.46615 -9999 -9999 -9999 -9999 -9999 -9999 -9999 -9999 -9999 -9999 -9999 -9999 9.929533 9.896855 9.903154 -9999 -9999 -9999 9.746068 9.686226 9.676383 9.680714 -9999 -9999 -9999 -9999 -9999 -9999 -9999 -9999 -9999 9.242524 9.217721 9.206304 -9999 -9999 -9999 -9999 -9999 -9999 -9999 -9999 -9999 -9999 -9999 -9999 -9999 -9999 -9999 -9999 -9999
11.41536 11.36969 11.3189 11.25985 11.20709 11.15197 11.08701 11.02363 10.9626 10.9063 10.86615 10.87993 10.88938 -9999 -9999 10.64016 10.56772 10.53819 10.54489 -9999 -9999 -9999 -9999 -9999 -9999 10.29371 10.26969 -9999 -9999 10.09804 10.02914 9.987801 9.98347 9.985438 9.974415 9.912603 9.837406 9.778746 9.754729 9.763391 -9999 -9999 -9999 9.644099 9.626777 -9999 -9999 -9999 -9999 9.333076 9.275989 9.264572 9.27402 -9999 -9999 -9999 -9999 -9999 -9999 -9999 -9999 -9999 -9999 -9999 -9999 -9999 -9999 -9999 -9999
11.67953 11.62914 11.57087 11.50827 11.4441 11.37835 11.31221 11.24686 11.17993 11.11378 11.04922 11.01064 11.00945 -9999 10.87048 10.8004 10.70591 10.6504 10.66575 10.66969 -9999 -9999 -9999 -9999 10.41851 10.35945 10.33386 10.3256 10.27953 10.21654 10.16142 10.13032 10.10237 10.08701 10.05197 10.01378 9.955911 9.91221 9.873234 9.856304 9.853155 -9999 9.757879 9.703548 9.668902 9.666146 9.639375 -9999 9.49528 9.426383 9.375595 9.34095 9.339375 9.344887 -9999 -9999 -9999 -9999 -9999 -9999 -9999 -9999 -9999 -9999 -9999 -9999 -9999 -9999 -9999
11.95591 11.89489 11.83268 11.76536 11.69331 11.62284 11.55316 11.4819 11.40473 11.33229 11.26339 11.19134 11.14804 11.11418 11.04843 10.95552 10.88898 10.83308 10.78701 10.79686 10.79371 -9999 -9999 10.60906 10.56182 10.48623 10.45079 10.44213 10.40276 10.35119 10.3193 10.28977 10.25709 10.22166 10.18465 10.1441 10.10906 10.06615 10.02245 9.978745 9.959454 9.930714 9.878351 9.805517 9.764572 9.742131 9.71221 9.660241 9.600792 9.541738 9.495674 9.454729 9.415359 9.424021 9.426383 -9999 -9999 -9999 -9999 -9999 -9999 -9999 -9999 -9999 -9999 -9999 -9999 -9999 -9999
12.23111 12.16812 12.09764 12.02363 11.94804 11.87323 11.79725 11.71851 11.6378 11.55749 11.47717 11.40119 11.33268 11.27953 11.20867 11.1382 11.07757 11.02127 10.96536 10.92245 10.92205 10.91418 10.82953 10.77402 10.70079 10.65709 10.61969 10.58583 10.55749 10.52087 10.48623 10.4567 10.42205 10.38544 10.34882 10.31221 10.27166 10.2315 10.18859 10.14056 10.09371 10.05906 10.00158 9.949612 9.903548 9.862603 9.815359 9.776383 9.718903 9.671265 9.627171 9.579139 9.542524 9.501579 9.503942 9.506304 -9999 -9999 -9999 9.382682 -9999 -9999 -9999 -9999 -9999 -9999 -9999 -9999 -9999
12.51615 12.44528 12.36772 12.28583 12.20473 12.1252 12.04253 11.95591 11.87008 11.7819 11.69804 11.61851 11.54213 11.4689 11.39961 11.33111 11.26654 11.20749 11.15158 11.09607 11.05709 11.03819 10.99056 10.92441 10.87323 10.83504 10.79764 10.76418 10.7319 10.69882 10.66378 10.62993 10.59764 10.55906 10.5193 10.48583 10.4441 10.40512 10.36024 10.31418 10.26339 10.21182 10.16063 10.1063 10.06182 10.00867 9.961029 9.911029 9.859848 9.811028 9.763391 9.717328 9.667722 9.629927 9.593706 9.595281 9.595675 -9999 9.470477 9.44843 9.433076 -9999 -9999 -9999 -9999 -9999 -9999 -9999 -9999
12.81064 12.7319 12.64489 12.55552 12.46654 12.37875 12.28938 12.19489 12.10001 12.01024 11.9193 11.83465 11.75197 11.6756 11.59843 11.52363 11.45749 11.39764 11.34095 11.28544 11.23308 11.19489 11.1504 11.09961 11.06024 11.01969 10.97914 10.94686 10.91221 10.8819 10.84922 10.81379 10.77835 10.74056 10.70119 10.66221 10.62402 10.58229 10.53938 10.49253 10.44213 10.39056 10.33229 10.27835 10.2252 10.17284 10.12205 10.06733 10.01221 9.961029 9.910635 9.859454 9.80906 9.767328 9.725202 9.6878 9.672839 9.637012 9.586619 9.529139 9.519297 9.521659 -9999 -9999 -9999 -9999 -9999 -9999 -9999
13.11064 13.02205 12.92953 12.83268 12.73465 12.63583 12.53701 12.43544 12.3319 12.23465 12.13977 12.04607 11.95985 11.87638 11.79489 11.72048 11.64961 11.5878 11.5319 11.4752 11.42166 11.37402 11.33229 11.28938 11.24764 11.20867 11.1689 11.13229 11.10079 11.0689 11.03623 11.00276 10.96615 10.92756 10.88898 10.84882 10.81064 10.76772 10.72323 10.67796 10.62678 10.57127 10.51693 10.46103 10.4004 10.34843 10.29174 10.23386 10.17875 10.12323 10.06575 10.01221 9.961422 9.915359 9.870084 9.821658 9.781895 9.746068 9.694887 9.651186 9.617722 9.61654 9.621658 -9999 -9999 -9999 -9999 -9999 -9999
13.41103 13.31497 13.21457 13.10985 13.00198 12.89292 12.7819 12.67166 12.56064 12.45512 12.35237 12.25355 12.16142 12.07323 11.98938 11.91142 11.84016 11.77638 11.71772 11.66064 11.60591 11.55788 11.51733 11.47756 11.4382 11.39961 11.36221 11.32402 11.29331 11.26024 11.22717 11.19489 11.15827 11.12245 11.08347 11.04607 11.00512 10.96142 10.91733 10.86812 10.81654 10.76103 10.70552 10.65001 10.59134 10.53111 10.46851 10.41024 10.35158 10.29056 10.23111 10.17205 10.11851 10.06969 10.02127 9.970477 9.919296 9.874414 9.830713 9.790162 9.752367 9.720084 9.710635 9.699218 9.690949 9.696856 -9999 -9999 -9999
13.70749 13.60788 13.50001 13.38387 13.26654 13.14922 13.02796 12.90394 12.78662 12.67008 12.56142 12.45591 12.35788 12.26536 12.17914 12.09804 12.02481 11.95945 11.89725 11.83977 11.78662 11.74134 11.70001 11.66142 11.62599 11.59016 11.55434 11.5193 11.48583 11.45434 11.42205 11.38938 11.35591 11.32166 11.28583 11.24764 11.2067 11.16418 11.11733 11.06575 11.00985 10.95552 10.90316 10.84725 10.78662 10.72127 10.65434 10.58938 10.5252 10.4626 10.4004 10.33859 10.28229 10.23071 10.1756 10.12166 10.06812 10.02048 9.977564 9.935832 9.895281 9.85473 9.822446 9.798824 9.773627 9.767721 -9999 -9999 9.711816
14.00473 13.89686 13.78032 13.65591 13.52875 13.40119 13.27087 13.14016 13.00788 12.88623 12.76615 12.65591 12.5504 12.45276 12.363 12.27875 12.20237 12.13347 12.07363 12.01654 11.96575 11.92127 11.88111 11.84449 11.81024 11.77638 11.74449 11.71418 11.67993 11.65001 11.6189 11.58898 11.55749 11.52363 11.49134 11.45473 11.41182 11.3689 11.32205 11.27048 11.213 11.15749 11.10591 11.05001 10.98308 10.913 10.84331 10.77245 10.70434 10.63898 10.57363 10.50945 10.45119 10.39686 10.33623 10.27481 10.22008 10.17166 10.12756 10.08071 10.0378 9.996462 9.956305 9.92284 9.891737 9.869296 9.862603 9.848037 9.814178
14.2945 14.17993 14.05394 13.92402 13.7882 13.64725 13.50906 13.3693 13.23111 13.09686 12.97205 12.85119 12.74056 12.63583 12.54016 12.45473 12.37442 12.30709 12.24607 12.19174 12.14095 12.09646 12.05788 12.02245 11.98977 11.96142 11.93268 11.90355 11.87599 11.84843 11.8193 11.79095 11.76064 11.72914 11.69764 11.66221 11.62166 11.57717 11.53111 11.48032 11.42402 11.36772 11.31182 11.25197 11.18032 11.10591 11.03426 10.963 10.89016 10.81969 10.75237 10.68505 10.62205 10.5626 10.49764 10.43229 10.3752 10.32481 10.27796 10.22953 10.18111 10.13859 10.09725 10.063 10.02914 10 9.977564 9.954729 9.926383
14.57048 14.4508 14.32205 14.18072 14.03426 13.8878 13.73898 13.59174 13.44253 13.30513 13.17048 13.0441 12.92363 12.81379 12.71654 12.63032 12.55434 12.48544 12.42481 12.3689 12.3189 12.27442 12.23426 12.19843 12.16733 12.14292 12.11812 12.09292 12.0693 12.04489 12.02166 11.99449 11.96379 11.93544 11.90631 11.87245 11.83347 11.78938 11.74213 11.69174 11.63544 11.57796 11.51851 11.45237 11.37717 11.30355 11.23111 11.1567 11.0819 11.0067 10.93229 10.86221 10.78977 10.72402 10.65788 10.59253 10.53229 10.47875 10.42756 10.38032 10.32796 10.28111 10.2441 10.20512 10.17205 10.14134 10.10827 10.08189 10.05827
14.83308 14.70513 14.5689 14.42166 14.26733 14.113 13.95827 13.79843 13.64883 13.49961 13.36142 13.2256 13.10158 12.99331 12.89961 12.81694 12.74331 12.67914 12.6193 12.563 12.50906 12.46064 12.4193 12.38426 12.35276 12.32481 12.29883 12.28111 12.26103 12.24253 12.22166 12.19607 12.16772 12.14213 12.11694 12.08701 12.04646 12.00119 11.95394 11.90237 11.84764 11.78938 11.72402 11.65355 11.57678 11.50473 11.42914 11.35434 11.2752 11.19292 11.113 11.03701 10.95788 10.88465 10.8189 10.75237 10.68938 10.63347 10.57953 10.5256 10.47481 10.42678 10.38505 10.34882 10.31378 10.27914 10.24725 10.21851 10.19252
15.07481 14.93898 14.79568 14.64568 14.48741 14.3252 14.16024 13.99804 13.83741 13.68662 13.53701 13.40237 13.28111 13.17953 13.09331 13.01694 12.95079 12.8882 12.82638 12.76654 12.713 12.66339 12.61772 12.57875 12.5441 12.51497 12.48859 12.46575 12.45355 12.43977 12.42048 12.39764 12.37481 12.35158 12.33032 12.29646 12.25591 12.21142 12.16615 12.11457 12.0567 11.99489 11.92914 11.85827 11.78071 11.70434 11.62678 11.54568 11.46024 11.37678 11.29292 11.20827 11.12363 11.04882 10.97953 10.91024 10.84371 10.78347 10.72678 10.66969 10.61615 10.56693 10.52599 10.48426 10.4504 10.41497 10.38426 10.35119 10.32205
15.29292 15.15552 15.00788 14.85316 14.69371 14.52481 14.35552 14.18702 14.02009 13.85867 13.70906 13.57402 13.46536 13.37402 13.29922 13.22875 13.16339 13.10198 13.04174 12.9819 12.92481 12.87363 12.82796 12.78701 12.74843 12.71103 12.6815 12.66182 12.64686 12.63465 12.62048 12.60473 12.58426 12.56536 12.53701 12.50631 12.46654 12.42363 12.37442 12.32245 12.26615 12.20197 12.13268 12.06024 11.98111 11.90119 11.81694 11.73071 11.64016 11.55434 11.46654 11.3752 11.28977 11.21064 11.13347 11.0626 10.99331 10.92717 10.86693 10.81064 10.75315 10.7063 10.65434 10.6193 10.58032 10.54804 10.51182 10.47953 10.45355
15.48269 15.34686 15.20001 15.04056 14.87678 14.70827 14.53347 14.36142 14.18702 14.0252 13.8752 13.74922 13.65001 13.57363 13.50473 13.43977 13.37481 13.313 13.25434 13.19725 13.14135 13.09016 13.04253 12.99804 12.95709 12.91812 12.88426 12.85867 12.84016 12.8315 12.8256 12.81339 12.79883 12.77481 12.75119 12.71536 12.67875 12.63308 12.58662 12.5319 12.47245 12.40631 12.33268 12.25749 12.17678 12.09253 12.00512 11.91103 11.81772 11.72245 11.6319 11.54095 11.45119 11.36064 11.28111 11.20355 11.13268 11.06615 11.00276 10.94056 10.88426 10.83386 10.79056 10.74528 10.7067 10.67323 10.64174 10.60749 10.57599
15.65119 15.51182 15.36615 15.20828 15.04095 14.86733 14.69253 14.51733 14.34607 14.17835 14.03505 13.9252 13.83898 13.7693 13.70631 13.64292 13.5815 13.52481 13.46654 13.41103 13.35749 13.30591 13.25631 13.21103 13.17127 13.13111 13.0882 13.05631 13.03741 13.03268 13.02914 13.02087 13.00709 12.98859 12.95985 12.92678 12.88741 12.84764 12.79843 12.74016 12.67442 12.60709 12.53229 12.45001 12.36615 12.28071 12.18505 12.08465 11.98465 11.88465 11.78701 11.69646 11.59764 11.50788 11.42048 11.33741 11.263 11.19646 11.13071 11.06812 11.00827 10.95827 10.90906 10.86733 10.82638 10.79292 10.76024 10.72914 10.69961
15.78898 15.65631 15.50788 15.35119 15.18387 15.00946 14.83426 14.65828 14.48347 14.32284 14.19056 14.09292 14.02127 13.96103 13.90158 13.84056 13.7819 13.72678 13.67284 13.61891 13.56812 13.51654 13.46615 13.42166 13.38032 13.33977 13.29646 13.25709 13.23465 13.22717 13.22717 13.22324 13.21142 13.19253 13.16457 13.1319 13.09646 13.05394 13.00158 12.94056 12.87363 12.80119 12.72284 12.64095 12.5504 12.4567 12.35591 12.24922 12.14016 12.03268 11.93071 11.83308 11.73583 11.63701 11.54568 11.45867 11.38386 11.31536 11.24764 11.18229 11.12087 11.06575 11.02205 10.97323 10.93583 10.90316 10.87363 10.84449 10.81536
15.89686 15.77048 15.62954 15.47324 15.30828 15.13544 14.95985 14.78426 14.60946 14.45473 14.33505 14.25158 14.19135 14.13662 14.08268 14.02875 13.97402 13.9193 13.86969 13.8193 13.7689 13.72048 13.67205 13.62717 13.58583 13.54568 13.50079 13.45631 13.42875 13.42009 13.42087 13.41969 13.40867 13.38977 13.36418 13.33465 13.29686 13.25001 13.1945 13.13111 13.06182 12.98701 12.90512 12.81694 12.72048 12.62127 12.51379 12.40079 12.28071 12.16615 12.05867 11.95552 11.85473 11.75552 11.65591 11.5693 11.48977 11.42008 11.35237 11.28347 11.2189 11.16733 11.11575 11.07245 11.03111 10.99961 10.97284 10.94489 10.91733
15.97481 15.85513 15.72402 15.57481 15.413 15.24568 15.07205 14.89804 14.72757 14.57599 14.46576 14.39686 14.34371 14.2941 14.24804 14.19922 14.15079 14.10316 14.05552 14.00906 13.963 13.91772 13.87048 13.82796 13.7878 13.7445 13.69804 13.65237 13.62087 13.61142 13.613 13.61103 13.60119 13.58387 13.56103 13.52639 13.48701 13.4382 13.37993 13.31024 13.23583 13.15827 13.07324 12.9752 12.8752 12.76851 12.65394 12.53465 12.41024 12.28583 12.17166 12.06379 11.95749 11.85355 11.75591 11.66339 11.58111 11.50709 11.4378 11.36772 11.30355 11.25001 11.19843 11.15552 11.11693 11.08229 11.05552 11.0315 11.00591
16.02442 15.91536 15.79174 15.65198 15.49922 15.3382 15.17009 15.00119 14.83347 14.6882 14.58544 14.52599 14.47914 14.43702 14.39686 14.35434 14.31418 14.27442 14.23032 14.18938 14.14843 14.10513 14.06182 14.01851 13.97914 13.93387 13.88505 13.83898 13.80709 13.79725 13.79843 13.79764 13.78859 13.77048 13.74607 13.71261 13.6689 13.61654 13.55276 13.47914 13.39961 13.31418 13.22166 13.12048 13.0126 12.89843 12.77914 12.65276 12.52481 12.39528 12.27009 12.15709 12.04449 11.93583 11.83544 11.73898 11.65394 11.57638 11.50316 11.43426 11.37087 11.31536 11.26851 11.22599 11.18662 11.15316 11.12638 11.10394 11.08032
16.04725 15.94646 15.83347 15.70513 15.56339 15.41024 15.2504 15.09017 14.92678 14.7882 14.69253 14.63702 14.60001 14.56418 14.52678 14.49528 14.46261 14.42835 14.39331 14.35709 14.3189 14.27954 14.24016 14.19725 14.15552 14.11142 14.06024 14.01497 13.98387 13.97599 13.97796 13.97599 13.96615 13.94765 13.92127 13.88544 13.84016 13.78268 13.71379 13.63465 13.54804 13.45473 13.35473 13.24961 13.13268 13.01024 12.88505 12.75513 12.6189 12.48426 12.35473 12.23071 12.11379 12.0004 11.89371 11.79725 11.70906 11.62796 11.55079 11.48268 11.42284 11.36812 11.32402 11.28032 11.23977 11.21024 11.18465 11.1626 11.13977
16.03741 15.95237 15.85158 15.73269 15.60158 15.46182 15.31654 15.163 15.00828 14.8756 14.78347 14.72914 14.69804 14.67087 14.64292 14.61615 14.59056 14.56536 14.53938 14.50591 14.47363 14.43898 14.40001 14.36221 14.32048 14.27245 14.22402 14.18032 14.15394 14.14646 14.14961 14.14764 14.13308 14.11339 14.08387 14.04528 13.99292 13.93268 13.85906 13.77245 13.67835 13.57953 13.47087 13.35946 13.23662 13.10709 12.97127 12.83387 12.69213 12.55276 12.41969 12.28701 12.16142 12.04292 11.93583 11.83662 11.74489 11.65906 11.58268 11.51339 11.45552 11.40394 11.35827 11.31536 11.27678 11.24764 11.22756 11.20749 11.18544
16.00552 15.92993 15.84253 15.7382 15.62127 15.49568 15.36221 15.22363 15.08111 14.95276 14.85709 14.80316 14.77481 14.7567 14.7378 14.71851 14.70237 14.68505 14.66261 14.63583 14.60906 14.58032 14.54528 14.50828 14.46576 14.42245 14.37284 14.33387 14.31497 14.31064 14.31024 14.30552 14.29174 14.26576 14.23387 14.18623 14.13111 14.06024 13.98347 13.89331 13.79174 13.68072 13.56772 13.44883 13.32166 13.18426 13.03859 12.88938 12.74607 12.60158 12.45709 12.32284 12.19213 12.06969 11.95631 11.85434 11.75945 11.67363 11.59568 11.52678 11.46772 11.42402 11.37127 11.33032 11.29686 11.2693 11.25158 11.23662 11.21812
15.94174 15.88269 15.80906 15.7252 15.6256 15.51379 15.39686 15.27127 15.1441 15.01969 14.92442 14.86576 14.83465 14.82127 14.81418 14.80788 14.79765 14.7819 14.76576 14.74883 14.7256 14.70001 14.67166 14.63544 14.5945 14.55119 14.50985 14.47954 14.46418 14.46064 14.46103 14.45276 14.43308 14.40827 14.36615 14.31221 14.24725 14.17481 14.08741 13.99174 13.88347 13.76339 13.64253 13.51457 13.38268 13.23623 13.08308 12.92875 12.7756 12.62402 12.47757 12.33544 12.20197 12.0756 11.96064 11.85197 11.75788 11.67048 11.59253 11.52442 11.46694 11.41654 11.37245 11.32717 11.29843 11.27638 11.26024 11.24883 11.23347
15.85591 15.81615 15.75788 15.6882 15.60828 15.51772 15.41536 15.30788 15.19253 15.08111 14.98465 14.92127 14.88347 14.87009 14.87284 14.87363 14.86969 14.863 14.85316 14.83741 14.81969 14.8004 14.77402 14.74095 14.70631 14.66339 14.63268 14.61418 14.60237 14.60001 14.59568 14.5815 14.55828 14.5252 14.48308 14.41772 14.34607 14.26497 14.17245 14.06969 13.95355 13.82402 13.69095 13.55906 13.41812 13.26221 13.10316 12.94371 12.78032 12.62363 12.4756 12.32717 12.18898 12.06497 11.94449 11.83701 11.7382 11.65237 11.5752 11.50749 11.44725 11.39804 11.35355 11.3126 11.28386 11.2689 11.2567 11.24253 11.23308
