ASPA-UH-SWB2_REPO/input/Gridded_rain/prism_ppt_tutuila_30yr_normal_08.asc
ncols         350
nrows         200
xllcorner     515000
yllcorner     8409000
cellsize      100
NODATA_value  -9999
[rows 31 to 61 of 200, columns 138 to 206 of 350]
-9999 -9999 -9999 -9999 -9999 -9999 -9999 -9999 -9999 -9999 -9999 -9999 -9999 -9999 -9999 -9999 -9999 -9999 -9999 -9999 -9999 -9999 -9999 -9999 -9999 -9999 -9999 -9999 -9999 -9999 -9999 -9999 -9999 -9999 -9999 -9999 -9999 -9999 -9999 -9999 -9999 -9999 -9999 -9999 -9999 -9999 -9999 -9999 -9999 -9999 -9999 -9999 -9999 -9999 -9999 -9999 -9999 -9999 -9999 7.153153 7.091342 7.070082 7.053547 7.035043 7.015358 6.991736 6.964177 6.929531 6.898035
-9999 -9999 -9999 -9999 -9999 -9999 -9999 -9999 -9999 -9999 -9999 -9999 -9999 -9999 -9999 -9999 -9999 -9999 -9999 -9999 -9999 -9999 -9999 -9999 -9999 -9999 -9999 -9999 -9999 -9999 -9999 -9999 -9999 -9999 -9999 -9999 -9999 -9999 -9999 -9999 -9999 -9999 -9999 -9999 -9999 -9999 -9999 -9999 -9999 -9999 -9999 -9999 -9999 7.377169 7.32087 7.314177 7.333075 7.338586 7.326382 7.294886 7.265752 7.251578 7.234649 7.213783 7.191342 7.167326 7.137799 7.105515 7.073232
-9999 -9999 -9999 -9999 -9999 -9999 -9999 -9999 -9999 -9999 -9999 -9999 -9999 -9999 -9999 -9999 -9999 -9999 -9999 -9999 -9999 -9999 -9999 -9999 -9999 -9999 -9999 -9999 -9999 -9999 -9999 -9999 -9999 -9999 -9999 -9999 -9999 -9999 -9999 -9999 -9999 -9999 -9999 -9999 -9999 -9999 -9999 -9999 -9999 7.549216 7.558271 -9999 7.54528 7.493705 7.466933 7.472051 7.484256 7.487012 7.483862 7.468114 7.460634 7.44528 7.427563 7.407878 7.384649 7.357484 7.327563 7.295673 7.262208
-9999 -9999 -9999 -9999 -9999 -9999 -9999 -9999 -9999 -9999 -9999 -9999 -9999 -9999 -9999 -9999 -9999 -9999 -9999 -9999 -9999 -9999 -9999 -9999 -9999 -9999 -9999 -9999 -9999 -9999 -9999 -9999 -9999 -9999 -9999 -9999 -9999 -9999 -9999 -9999 -9999 -9999 -9999 -9999 -9999 -9999 -9999 -9999 7.664177 7.628744 7.632681 7.690555 7.670476 7.650004 7.656303 7.668508 7.67835 7.6815 7.677169 7.671264 7.662602 7.650398 7.63465 7.616146 7.591342 7.564177 7.532681 7.49961 7.459059
-9999 -9999 -9999 -9999 -9999 -9999 -9999 -9999 -9999 -9999 -9999 -9999 -9999 -9999 -9999 -9999 -9999 -9999 -9999 -9999 -9999 -9999 -9999 -9999 -9999 -9999 -9999 -9999 -9999 -9999 -9999 -9999 -9999 -9999 -9999 -9999 -9999 -9999 -9999 -9999 -9999 -9999 -9999 -9999 -9999 -9999 7.827957 7.814571 7.785043 7.762602 7.787405 7.835831 7.837406 7.853548 7.870477 7.881894 7.891737 7.896854 7.893311 7.885437 7.876382 7.866539 7.855122 7.835831 7.809453 7.781894 7.750792 7.71339 7.675201
-9999 -9999 -9999 -9999 -9999 -9999 -9999 -9999 -9999 -9999 -9999 -9999 -9999 -9999 -9999 -9999 -9999 -9999 -9999 -9999 -9999 -9999 -9999 -9999 -9999 -9999 -9999 -9999 -9999 -9999 -9999 -9999 -9999 -9999 -9999 -9999 -9999 -9999 -9999 -9999 -9999 -9999 -9999 -9999 -9999 -9999 7.93465 7.929532 7.935437 7.966539 7.998429 8.030319 8.053941 8.078744 8.096461 8.111028 8.122051 8.124807 8.121657 8.11654 8.108272 8.098823 8.085437 8.06654 8.040949 8.01339 7.979138 7.942917 7.900792
-9999 -9999 -9999 -9999 -9999 -9999 -9999 -9999 -9999 -9999 -9999 -9999 -9999 -9999 -9999 -9999 -9999 -9999 -9999 -9999 -9999 -9999 -9999 -9999 -9999 -9999 -9999 -9999 -9999 -9999 -9999 -9999 -9999 -9999 -9999 -9999 -9999 -9999 -9999 -9999 -9999 -9999 -9999 -9999 -9999 8.096067 8.082288 8.095674 8.146854 8.190949 8.232287 8.262603 8.288587 8.312603 8.335438 8.351579 8.362996 8.366146 8.36654 8.359847 8.354729 8.340161 8.327169 8.309059 8.284256 8.253154 8.222052 8.182287 8.142918
-9999 -9999 -9999 -9999 -9999 -9999 -9999 -9999 -9999 -9999 -9999 -9999 -9999 -9999 -9999 -9999 -9999 -9999 -9999 -9999 -9999 -9999 -9999 -9999 -9999 -9999 -9999 -9999 -9999 -9999 -9999 -9999 -9999 -9999 -9999 -9999 -9999 -9999 -9999 -9999 -9999 8.094886 8.144098 -9999 8.236225 8.256304 8.27087 8.325595 8.380713 8.431107 8.47087 8.507878 8.535438 8.561815 8.584256 8.600792 8.61339 8.620871 8.620083 8.616934 8.607091 8.59528 8.580319 8.561421 8.535438 8.505122 8.474808 8.436225 8.390162
-9999 -9999 -9999 -9999 -9999 -9999 -9999 -9999 -9999 -9999 -9999 -9999 -9999 -9999 -9999 -9999 -9999 -9999 -9999 -9999 -9999 -9999 -9999 -9999 -9999 -9999 -9999 -9999 -9999 -9999 -9999 -9999 -9999 -9999 -9999 -9999 -9999 -9999 -9999 -9999 8.202367 8.217721 8.268508 8.354335 8.411422 8.444492 8.508272 8.567721 8.624413 8.67835 8.724808 8.757878 8.791343 8.818115 8.840949 8.858273 8.871264 8.8815 8.883076 8.879138 8.871658 8.860635 8.844493 8.822446 8.796067 8.768902 8.734257 8.696855 8.652761
-9999 -9999 -9999 -9999 -9999 -9999 -9999 -9999 -9999 -9999 -9999 -9999 -9999 -9999 -9999 -9999 -9999 -9999 -9999 -9999 -9999 -9999 -9999 -9999 -9999 -9999 -9999 -9999 -9999 -9999 -9999 -9999 -9999 -9999 -9999 -9999 -9999 -9999 -9999 8.340161 8.350004 8.377957 8.462209 8.559847 8.61339 8.684257 8.753548 8.816934 8.875989 8.931107 8.977564 9.016933 9.049611 9.079533 9.102366 9.121264 9.135438 9.142525 9.148824 9.15158 9.140162 9.126777 9.112209 9.092525 9.066934 9.038194 9.003942 8.965359 8.923627
-9999 -9999 -9999 -9999 -9999 -9999 -9999 -9999 -9999 -9999 -9999 -9999 -9999 -9999 -9999 -9999 -9999 -9999 -9999 -9999 -9999 -9999 -9999 -9999 -9999 -9999 -9999 -9999 -9999 -9999 -9999 -9999 -9999 -9999 -9999 -9999 -9999 -9999 8.454729 8.476382 8.514177 8.604335 8.697642 8.781107 8.857091 8.932288 9.005123 9.071264 9.13347 9.186619 9.232288 9.273627 9.310635 9.341343 9.365359 9.38465 9.400004 9.407091 9.412603 9.412603 9.406304 9.394493 9.382288 9.361815 9.337012 9.309847 9.277958 9.240556 9.194099
-9999 -9999 -9999 -9999 -9999 -9999 -9999 -9999 -9999 -9999 -9999 -9999 -9999 -9999 -9999 -9999 -9999 -9999 -9999 -9999 -9999 -9999 -9999 -9999 -9999 -9999 -9999 -9999 -9999 -9999 -9999 -9999 -9999 8.127563 8.193705 8.282288 8.387012 8.490162 8.571264 8.639769 8.735044 8.839768 8.937407 9.025202 9.103942 9.183863 9.25906 9.32717 9.388981 9.442918 9.490162 9.531107 9.568903 9.599611 9.626777 9.647249 9.659453 9.670084 9.674021 9.672446 9.670084 9.661816 9.648036 9.63032 9.607879 9.58032 9.550399 9.514572 9.470083
-9999 -9999 -9999 -9999 -9999 -9999 -9999 -9999 -9999 -9999 -9999 -9999 -9999 -9999 -9999 -9999 -9999 -9999 -9999 -9999 -9999 -9999 -9999 -9999 -9999 -9999 -9999 -9999 -9999 -9999 -9999 8.199217 8.196461 8.231501 8.316934 8.429138 8.542918 8.653941 8.756304 8.861422 8.968509 9.076383 9.175595 9.266541 9.350398 9.431108 9.507485 9.578745 9.642131 9.696856 9.745674 9.788981 9.825202 9.855516 9.88347 9.903942 9.917722 9.927958 9.933864 9.935832 9.931895 9.924415 9.913785 9.896068 9.872446 9.848431 9.818509 9.783076 9.742525
-9999 -9999 -9999 -9999 -9999 -9999 -9999 -9999 -9999 -9999 -9999 -9999 -9999 -9999 -9999 -9999 -9999 -9999 -9999 -9999 -9999 -9999 -9999 -9999 -9999 -9999 -9999 -9999 -9999 -9999 8.264177 8.272052 8.306303 8.389375 8.502367 8.620083 8.741736 8.860635 8.979532 9.093705 9.203548 9.312997 9.415752 9.507092 9.593312 9.675201 9.752367 9.823627 9.889375 9.945674 9.995674 10.0378 10.07441 10.10512 10.13032 10.15158 10.1693 10.17875 10.18544 10.18898 10.18583 10.1819 10.17087 10.15315 10.13111 10.10749 10.0815 10.04882 10.01064
-9999 -9999 -9999 -9999 -9999 -9999 -9999 -9999 -9999 -9999 -9999 -9999 -9999 -9999 -9999 -9999 -9999 -9999 -9999 -9999 -9999 -9999 -9999 -9999 -9999 -9999 -9999 -9999 -9999 8.31969 8.339768 8.378744 8.466146 8.58465 8.706697 8.831501 8.957485 9.085044 9.207485 9.324808 9.436619 9.546462 9.650792 9.746068 9.835438 9.917328 9.9941 10.06457 10.1256 10.18504 10.23504 10.27756 10.31142 10.34056 10.36654 10.38859 10.40316 10.41378 10.42087 10.4252 10.42599 10.42402 10.41615 10.40119 10.38268 10.36142 10.3378 10.30788 10.2689
-9999 -9999 -9999 -9999 -9999 -9999 -9999 -9999 -9999 -9999 -9999 -9999 -9999 -9999 -9999 -9999 -9999 -9999 -9999 -9999 -9999 -9999 -9999 -9999 -9999 -9999 -9999 -9999 -9999 8.391343 8.43465 8.531107 8.662602 8.786225 8.91339 9.044099 9.176776 9.307485 9.433076 9.551579 9.663784 9.774414 9.880713 9.980714 10.07048 10.15237 10.22796 10.29646 10.35709 10.41024 10.46103 10.50001 10.53465 10.56182 10.58741 10.60749 10.62048 10.62993 10.63662 10.64331 10.64922 10.65119 10.64607 10.63701 10.62323 10.60591 10.58386 10.55552 10.52087
-9999 -9999 -9999 -9999 -9999 -9999 -9999 -9999 -9999 -9999 -9999 -9999 -9999 -9999 -9999 -9999 -9999 -9999 -9999 -9999 -9999 -9999 -9999 -9999 -9999 -9999 -9999 -9999 8.431107 8.481107 8.577169 8.71024 8.850792 8.986619 9.117722 9.25591 9.390162 9.522446 9.650792 9.770083 9.883863 9.996462 10.10197 10.20355 10.29253 10.37678 10.44843 10.513 10.57087 10.62127 10.66654 10.70906 10.73701 10.76379 10.78662 10.8063 10.81969 10.82796 10.83583 10.84528 10.85552 10.86024 10.86064 10.85473 10.84646 10.83268 10.81497 10.79095 10.76064
-9999 -9999 -9999 -9999 -9999 -9999 -9999 -9999 -9999 -9999 -9999 -9999 -9999 -9999 -9999 -9999 -9999 -9999 -9999 -9999 -9999 -9999 -9999 -9999 -9999 -9999 -9999 8.464965 8.523626 8.614965 8.753154 8.894886 9.038588 9.179138 9.320084 9.455911 9.593312 9.728745 9.857486 9.979139 10.09489 10.2063 10.31497 10.41024 10.50276 10.58268 10.65197 10.70867 10.76457 10.81024 10.85158 10.88505 10.91693 10.93898 10.96182 10.98111 10.9941 11.00552 11.01733 11.03071 11.04213 11.05158 11.05315 11.05237 11.04922 11.04213 11.02796 11.00749 10.98308
-9999 -9999 -9999 -9999 -9999 -9999 -9999 -9999 -9999 -9999 -9999 -9999 -9999 -9999 -9999 -9999 -9999 -9999 -9999 -9999 -9999 -9999 -9999 8.124807 -9999 -9999 8.488194 8.560241 8.651973 8.790556 8.929926 9.080713 9.223627 9.371658 9.514572 9.650792 9.789769 9.924809 10.05237 10.17678 10.29292 10.40788 10.51103 10.60512 10.69252 10.76733 10.83268 10.8882 10.9315 10.97245 11.00709 11.03898 11.06379 11.08583 11.10631 11.12481 11.14016 11.15394 11.1689 11.18623 11.20512 11.21497 11.22245 11.22678 11.23229 11.22993 11.22245 11.20867 11.18505
-9999 -9999 -9999 -9999 -9999 -9999 -9999 -9999 -9999 -9999 -9999 -9999 -9999 -9999 -9999 -9999 -9999 -9999 -9999 -9999 -9999 -9999 8.146068 8.21024 8.305516 8.455516 8.568508 8.677958 8.822052 8.968115 9.113784 9.259454 9.410635 9.557092 9.698824 9.840556 9.976383 10.10985 10.23898 10.36063 10.47796 10.58859 10.69134 10.77953 10.8626 10.93308 10.99056 11.03898 11.07757 11.10709 11.13505 11.15867 11.17993 11.19804 11.21733 11.23308 11.24922 11.26575 11.28544 11.30827 11.32993 11.35001 11.36064 11.37402 11.38505 11.39095 11.38898 11.38229 11.36654
-9999 -9999 -9999 -9999 -9999 -9999 -9999 -9999 -9999 -9999 -9999 -9999 -9999 -9999 -9999 -9999 -9999 -9999 -9999 -9999 -9999 8.170083 8.221264 8.287406 8.432288 8.570084 8.696068 8.843705 8.99213 9.141343 9.291344 9.437407 9.5878 9.732682 9.874808 10.01654 10.15315 10.28544 10.41378 10.53268 10.64449 10.75434 10.85197 10.93662 11.00827 11.07205 11.12284 11.1626 11.19371 11.21497 11.2319 11.24371 11.26103 11.27678 11.28938 11.30473 11.32087 11.34095 11.36654 11.39607 11.42599 11.44961 11.46969 11.48938 11.50945 11.52166 11.52599 11.52599 11.52087
-9999 -9999 -9999 -9999 -9999 -9999 -9999 -9999 -9999 -9999 -9999 -9999 -9999 -9999 -9999 -9999 -9999 -9999 -9999 -9999 8.188587 8.235831 8.308272 8.430713 8.572052 8.711422 8.856304 9.007092 9.159453 9.310241 9.460635 9.609454 9.753942 9.899218 10.04174 10.18111 10.31497 10.44804 10.57323 10.68898 10.79725 10.90079 10.99292 11.06812 11.1315 11.18426 11.22599 11.25512 11.2752 11.28741 11.29292 11.29804 11.30749 11.31812 11.32875 11.34134 11.35867 11.38347 11.41536 11.45158 11.48623 11.52048 11.54922 11.57678 11.60355 11.62363 11.63583 11.64095 11.64489
-9999 -9999 -9999 -9999 -9999 -9999 -9999 -9999 -9999 -9999 -9999 -9999 -9999 -9999 -9999 -9999 -9999 -9999 -9999 -9999 8.24528 8.324413 8.444886 8.583076 8.725988 8.869296 9.016933 9.167328 9.319296 9.472445 9.621658 9.769691 9.912997 10.05473 10.19567 10.33189 10.46379 10.59213 10.7126 10.82442 10.92993 11.02796 11.11024 11.17717 11.23111 11.27245 11.30158 11.31772 11.32599 11.32914 11.3315 11.33504 11.33741 11.34253 11.35119 11.35946 11.37323 11.39607 11.42835 11.4689 11.51379 11.5563 11.59686 11.63623 11.67087 11.69804 11.71654 11.73229 11.74174
-9999 -9999 -9999 -9999 -9999 -9999 -9999 -9999 -9999 -9999 -9999 -9999 -9999 -9999 -9999 -9999 -9999 -9999 -9999 8.254728 8.336225 8.45591 8.592131 8.732681 8.877957 9.026776 9.175989 9.324808 9.476383 9.626777 9.775202 9.920084 10.06103 10.20158 10.3378 10.47048 10.59607 10.71615 10.83268 10.94213 11.03938 11.12835 11.20473 11.263 11.30788 11.33662 11.35001 11.35552 11.36024 11.36772 11.37205 11.37481 11.38032 11.38229 11.3819 11.3819 11.38544 11.39686 11.41969 11.45552 11.50473 11.56064 11.61379 11.66457 11.70985 11.74528 11.77284 11.79646 11.81418
-9999 -9999 -9999 -9999 -9999 -9999 -9999 -9999 -9999 -9999 -9999 -9999 -9999 -9999 -9999 -9999 -9999 8.206697 8.255122 8.339375 8.462996 8.600004 8.736619 8.88032 9.029139 9.179926 9.329926 9.479926 9.629139 9.775202 9.920084 10.06221 10.20079 10.33662 10.4693 10.59331 10.71142 10.82481 10.93623 11.03898 11.12875 11.20788 11.2752 11.32481 11.35906 11.37599 11.3819 11.38741 11.39922 11.41339 11.42796 11.43583 11.44174 11.44016 11.43229 11.42087 11.40906 11.40119 11.40631 11.42875 11.47245 11.53426 11.60119 11.66418 11.71969 11.76497 11.80119 11.83465 11.86142
-9999 -9999 -9999 -9999 -9999 -9999 -9999 -9999 -9999 -9999 -9999 -9999 -9999 -9999 -9999 -9999 8.205516 8.249217 8.331894 8.45591 8.599217 8.740556 8.880713 9.027564 9.178351 9.328351 9.479532 9.628745 9.774808 9.917722 10.05906 10.19804 10.33189 10.46064 10.58347 10.70119 10.81142 10.92087 11.02638 11.12205 11.20591 11.27638 11.3319 11.37166 11.39253 11.40158 11.41024 11.42442 11.44449 11.4693 11.49095 11.50197 11.50119 11.49489 11.48268 11.46221 11.43859 11.41339 11.39646 11.40119 11.43229 11.48859 11.563 11.63623 11.70119 11.75749 11.80473 11.84607 11.8815
-9999 -9999 -9999 -9999 -9999 -9999 -9999 -9999 -9999 -9999 -9999 -9999 -9999 -9999 -9999 -9999 8.267327 8.327563 8.441343 8.58465 8.732681 8.879138 9.02402 9.172445 9.32402 9.475202 9.623627 9.770477 9.913391 10.05276 10.19016 10.32442 10.45276 10.57363 10.68386 10.79292 10.90079 11.01064 11.11615 11.20945 11.28701 11.35079 11.39449 11.42048 11.42796 11.43268 11.44292 11.463 11.49253 11.52166 11.54016 11.54528 11.54331 11.53268 11.513 11.48701 11.45788 11.42402 11.39056 11.37363 11.38701 11.43111 11.50197 11.58229 11.65631 11.72481 11.78308 11.83386 11.8752
-9999 -9999 -9999 -9999 -9999 -9999 -9999 -9999 -9999 -9999 -9999 -9999 -9999 -9999 -9999 -9999 8.353154 8.444886 8.568114 8.715359 8.865752 9.014965 9.166934 9.314965 9.468509 9.616934 9.761816 9.903942 10.04489 10.18229 10.313 10.44213 10.56497 10.67481 10.77638 10.88268 10.9941 11.10867 11.21772 11.31103 11.38583 11.44253 11.47442 11.48268 11.48032 11.47875 11.48583 11.50749 11.5319 11.55158 11.56379 11.56772 11.5626 11.54568 11.52048 11.49134 11.45631 11.41733 11.37638 11.34449 11.33662 11.36379 11.42284 11.5063 11.59095 11.66575 11.73662 11.79607 11.84922
-9999 -9999 -9999 -9999 -9999 -9999 -9999 -9999 -9999 -9999 -9999 -9999 -9999 -9999 -9999 8.405516 8.457484 8.559847 8.700005 8.848036 8.999217 9.150792 9.304729 9.457485 9.605516 9.752367 9.895281 10.03426 10.17048 10.30473 10.43268 10.55788 10.66851 10.76851 10.87323 10.98229 11.09922 11.22048 11.33308 11.42638 11.49449 11.54292 11.56221 11.55552 11.54213 11.53505 11.53938 11.55001 11.55709 11.56142 11.56733 11.56851 11.55945 11.53898 11.50867 11.47245 11.43386 11.39253 11.34882 11.30709 11.28229 11.28938 11.33583 11.41693 11.50827 11.59213 11.66733 11.7382 11.79686
-9999 -9999 -9999 -9999 -9999 -9999 -9999 -9999 -9999 -9999 -9999 -9999 -9999 -9999 8.387799 8.473626 8.546067 8.687013 8.831894 8.98032 9.133076 9.2878 9.437407 9.588982 9.737407 9.879927 10.02087 10.15788 10.29213 10.42127 10.54528 10.6626 10.76772 10.86969 10.97323 11.08898 11.21615 11.34174 11.45316 11.54489 11.60788 11.63938 11.6441 11.62599 11.60631 11.59646 11.5941 11.58623 11.5752 11.56536 11.55591 11.55158 11.53859 11.51575 11.47914 11.4378 11.39489 11.34961 11.30237 11.2563 11.2193 11.20867 11.24371 11.31733 11.40985 11.50237 11.58544 11.66024 11.73229
-9999 -9999 -9999 -9999 -9999 -9999 -9999 -9999 -9999 -9999 -9999 -9999 -9999 8.364572 8.444886 8.525989 8.669689 8.812209 8.960634 9.109847 9.263784 9.41654 9.563785 9.710635 9.857092 10 10.13819 10.27127 10.40355 10.5315 10.65079 10.76024 10.86378 10.96497 11.07914 11.2067 11.34174 11.4693 11.57796 11.65985 11.71654 11.7441 11.73111 11.7004 11.67048 11.65631 11.64489 11.6252 11.59528 11.56654 11.54095 11.52481 11.5067 11.4752 11.43386 11.38741 11.33938 11.28898 11.24056 11.18898 11.1441 11.12048 11.14056 11.21103 11.30355 11.39882 11.48741 11.57008 11.64095
