ASPA-UH-SWB2_REPO/input/Gridded_rain/prism_ppt_tutuila_30yr_normal_12.asc
ncols         350
nrows         200
xllcorner     515000
yllcorner     8409000
cellsize      100
NODATA_value  -9999
[rows 124 to 154 of 200, columns 69 to 137 of 350]
17.75277 17.82245 17.8945 17.96851 18.04332 18.11851 18.19529 18.27088 18.34804 18.42993 18.51891 18.61497 18.71812 18.82009 18.92048 19.02836 19.13859 19.24489 19.34568 19.44568 19.53899 19.62166 19.69647 19.76615 19.82796 19.88544 19.93544 19.97639 20.00552 20.026 20.03702 20.03662 20.026 20.00473 19.9697 19.92521 19.86773 19.79568 19.71222 19.61379 19.50001 19.37599 19.23426 19.07324 18.89568 18.70395 18.50631 18.29962 18.08505 17.86064 17.62717 17.39253 17.15395 16.91497 16.68032 16.45395 16.23741 16.03426 15.85276 15.68583 15.52757 15.38229 15.24883 15.12363 15.01339 14.91654 14.83583 14.7693 14.71969
17.29922 17.37324 17.44765 17.52324 17.60119 17.68032 17.76025 17.84017 17.92088 18.00395 18.0945 18.19213 18.2945 18.39765 18.50473 18.613 18.72717 18.84017 18.9504 19.06143 19.16773 19.26143 19.34686 19.42442 19.49568 19.55946 19.61733 19.66694 19.70434 19.73033 19.74725 19.7571 19.75355 19.73702 19.70749 19.66379 19.61103 19.54332 19.45985 19.36064 19.24725 19.12206 18.97993 18.82127 18.64528 18.45828 18.26261 18.06182 17.8508 17.63032 17.40277 17.17324 16.94213 16.70906 16.47993 16.25749 16.04292 15.84607 15.66733 15.50237 15.35158 15.213 15.08308 14.96654 14.86339 14.77678 14.70631 14.65237 14.60867
16.82088 16.90237 16.98387 17.06576 17.14647 17.22993 17.31339 17.39961 17.48544 17.57166 17.66261 17.76221 17.86221 17.96576 18.07363 18.18781 18.3004 18.41576 18.53269 18.64844 18.76143 18.8697 18.96655 19.05434 19.13308 19.20552 19.27442 19.33269 19.37836 19.41458 19.43859 19.45316 19.45513 19.44253 19.41694 19.37836 19.32796 19.26536 19.18229 19.08505 18.97285 18.84725 18.70828 18.55513 18.38505 18.20237 18.0134 17.81615 17.61024 17.39607 17.17717 16.95355 16.73032 16.50631 16.28702 16.07324 15.86261 15.67284 15.49686 15.33583 15.1882 15.05316 14.93111 14.82245 14.73032 14.6567 14.59804 14.55198 14.51221
16.32914 16.41812 16.50631 16.59647 16.68229 16.76615 16.85119 16.94135 17.03387 17.12796 17.22363 17.32402 17.42796 17.53072 17.6378 17.75198 17.86851 17.98229 18.10158 18.21891 18.33505 18.44804 18.55828 18.65434 18.74096 18.82166 18.9004 18.96812 19.02166 19.06733 19.1008 19.1193 19.12403 19.11694 19.0945 19.0634 19.01891 18.95552 18.87914 18.78544 18.67757 18.55592 18.42127 18.27442 18.11103 17.93702 17.75473 17.56458 17.36536 17.15788 16.94765 16.73544 16.52048 16.30749 16.1008 15.89725 15.70158 15.51339 15.34292 15.1882 15.04528 14.91654 14.80394 14.70316 14.62087 14.55985 14.50985 14.46694 14.42717
15.83938 15.93387 16.02678 16.12048 16.20828 16.29214 16.37836 16.46812 16.56694 16.6693 16.77363 16.8815 16.98662 17.09371 17.19922 17.31182 17.43072 17.54607 17.66064 17.78072 17.89489 18.01143 18.12757 18.23229 18.32363 18.41064 18.4941 18.57048 18.63308 18.68269 18.7256 18.75001 18.7634 18.76025 18.74607 18.72009 18.68032 18.62403 18.55198 18.46458 18.36182 18.24883 18.12403 17.98072 17.8256 17.66182 17.49056 17.30591 17.11418 16.92009 16.71812 16.51654 16.31497 16.11654 15.92009 15.7315 15.54804 15.36812 15.20395 15.05709 14.92481 14.80394 14.69843 14.60828 14.53465 14.47599 14.43072 14.38702 14.34331
15.3693 15.45906 15.55434 15.64922 15.73859 15.8256 15.91103 16.00237 16.10198 16.21064 16.32442 16.4382 16.54607 16.64961 16.75985 16.87166 16.98859 17.10552 17.22206 17.33387 17.45119 17.56773 17.68702 17.79489 17.89253 17.98308 18.06812 18.14804 18.21655 18.27796 18.32127 18.35788 18.37836 18.38465 18.38151 18.35946 18.32521 18.27757 18.21025 18.13151 18.0378 17.93584 17.81733 17.68269 17.53741 17.38584 17.22166 17.04646 16.86576 16.68032 16.4945 16.30316 16.11457 15.92757 15.74843 15.57205 15.39646 15.22993 15.07954 14.93859 14.81497 14.70709 14.60906 14.52363 14.45276 14.39804 14.34961 14.30198 14.25591
14.91733 15.00434 15.09883 15.19331 15.28702 15.37402 15.46142 15.55906 15.66143 15.76891 15.88426 15.99765 16.10788 16.21221 16.32166 16.43583 16.54883 16.66812 16.78426 16.89607 17.00591 17.12717 17.24332 17.35631 17.45513 17.54765 17.63938 17.71891 17.79214 17.85276 17.91221 17.95513 17.98544 17.99961 18.00001 17.99056 17.96418 17.92127 17.86221 17.79371 17.71221 17.61733 17.50749 17.3882 17.25316 17.1067 16.95473 16.79528 16.62127 16.44962 16.27442 16.1004 15.92087 15.74646 15.58032 15.41694 15.25119 15.09765 14.95513 14.83032 14.71497 14.61379 14.52127 14.43938 14.37245 14.31576 14.26379 14.21694 14.1693
14.48623 14.57324 14.66339 14.75355 14.85079 14.94253 15.03465 15.13505 15.24174 15.35001 15.45985 15.57205 15.67993 15.78505 15.89371 16.00631 16.12166 16.23584 16.3504 16.46261 16.57402 16.68662 16.80434 16.91812 17.02166 17.11733 17.20788 17.29174 17.36576 17.44017 17.49804 17.54962 17.58623 17.60828 17.61773 17.61497 17.59529 17.55946 17.51694 17.45513 17.38465 17.3004 17.20237 17.09332 16.96969 16.83465 16.6945 16.54056 16.38505 16.22442 16.06339 15.89922 15.73308 15.57087 15.41418 15.25946 15.11261 14.96772 14.83702 14.72127 14.61654 14.51969 14.43387 14.35591 14.29016 14.23426 14.1819 14.1315 14.08505
14.07835 14.16261 14.24961 14.34017 14.42993 14.52442 14.62324 14.72639 14.83544 14.94489 15.05316 15.16182 15.26851 15.37402 15.47954 15.59135 15.70591 15.81536 15.92521 16.03702 16.14843 16.25749 16.37284 16.48426 16.59056 16.68938 16.78269 16.86969 16.95198 17.02599 17.0945 17.14961 17.19332 17.22284 17.2378 17.24056 17.23111 17.20828 17.17206 17.12127 17.06103 16.98741 16.90237 16.80237 16.68859 16.56694 16.43387 16.2945 16.14961 16.00631 15.85513 15.70355 15.55119 15.4004 15.25394 15.11024 14.97284 14.84332 14.72442 14.61379 14.51654 14.42757 14.34686 14.27363 14.21064 14.15552 14.10473 14.05394 14.0067
13.69843 13.77757 13.85827 13.94725 14.03662 14.13465 14.23347 14.33741 14.44804 14.55749 14.66576 14.77205 14.8756 14.97954 15.08505 15.19135 15.3008 15.40985 15.51654 15.62166 15.73072 15.84253 15.9508 16.05591 16.16064 16.263 16.35985 16.45237 16.53977 16.61851 16.69017 16.75473 16.80237 16.83938 16.863 16.87363 16.87442 16.86221 16.83387 16.79568 16.7441 16.67954 16.60434 16.51458 16.41379 16.3004 16.18308 16.05631 15.9256 15.78977 15.65434 15.51418 15.37521 15.23387 15.09843 14.9693 14.83977 14.72048 14.613 14.51182 14.41969 14.33544 14.25946 14.19253 14.13229 14.07875 14.02599 13.97796 13.93072
13.34528 13.42127 13.49883 13.58229 13.6752 13.77205 13.87048 13.97599 14.08268 14.1882 14.29331 14.39804 14.5004 14.60001 14.7008 14.80591 14.91339 15.01694 15.1193 15.2252 15.32914 15.43347 15.53583 15.63938 15.74095 15.84213 15.94135 16.03505 16.12836 16.21379 16.28938 16.35513 16.41182 16.45631 16.49017 16.51143 16.52087 16.51891 16.50316 16.4752 16.43151 16.37639 16.30709 16.23072 16.14174 16.0441 15.93938 15.82835 15.70867 15.58583 15.46024 15.33387 15.20513 15.07639 14.9508 14.83032 14.71457 14.60591 14.50513 14.41064 14.32402 14.24686 14.17717 14.11024 14.05316 14.00158 13.95119 13.90276 13.85513
13.02363 13.09449 13.17166 13.25237 13.34528 13.44056 13.53938 13.64135 13.74253 13.84331 13.94292 14.04253 14.14213 14.23859 14.33505 14.43505 14.5382 14.64095 14.73977 14.8382 14.93898 15.04213 15.13898 15.23662 15.33426 15.43268 15.53032 15.62796 15.71969 15.80828 15.88662 15.95473 16.02087 16.07363 16.11457 16.14686 16.16891 16.17835 16.17284 16.15513 16.12245 16.07639 16.01812 15.95158 15.87481 15.79331 15.70434 15.60552 15.5008 15.3878 15.27363 15.16103 15.04331 14.92442 14.80867 14.69725 14.5941 14.49331 14.39883 14.31261 14.23268 14.16064 14.0945 14.03308 13.97717 13.92599 13.87757 13.83072 13.78347
12.73426 12.80119 12.87363 12.95591 13.04686 13.14056 13.2382 13.33505 13.43347 13.52993 13.62245 13.71694 13.81261 13.90513 13.99686 14.08898 14.18544 14.28347 14.37639 14.46812 14.56654 14.66261 14.75631 14.84804 14.94135 15.03583 15.12993 15.2252 15.3193 15.40906 15.48859 15.563 15.63269 15.69253 15.74331 15.78623 15.81851 15.83741 15.8445 15.83505 15.81536 15.78111 15.73702 15.6819 15.61812 15.5504 15.47639 15.39213 15.29646 15.19725 15.09686 14.99253 14.88583 14.77835 14.67324 14.5693 14.47402 14.38229 14.29686 14.21654 14.14292 14.07717 14.01694 13.95906 13.90434 13.85473 13.80788 13.76182 13.71733
12.47205 12.53662 12.60867 12.69135 12.77993 12.87284 12.96654 13.06182 13.15591 13.24568 13.3378 13.42953 13.51733 13.60591 13.69056 13.7756 13.86379 13.95119 14.03662 14.12402 14.21339 14.3004 14.38938 14.47639 14.56379 14.65513 14.74646 14.83623 14.92993 15.02442 15.10788 15.18702 15.25513 15.32245 15.38308 15.43465 15.47442 15.50237 15.51733 15.5193 15.51379 15.49528 15.46457 15.42166 15.37206 15.31812 15.2567 15.1819 15.09922 15.01221 14.92245 14.82954 14.73426 14.63544 14.53977 14.44765 14.35867 14.27481 14.19686 14.12324 14.05788 13.99883 13.94253 13.88662 13.83308 13.78583 13.74135 13.69765 13.64961
12.25512 12.30237 12.3756 12.45827 12.54568 12.63623 12.72599 12.81812 12.90749 12.99489 13.08465 13.17166 13.25591 13.33583 13.41576 13.49292 13.57048 13.65158 13.7315 13.80631 13.8815 13.96339 14.0445 14.12599 14.2067 14.29135 14.37953 14.47087 14.56772 14.66024 14.74765 14.82993 14.90355 14.97324 15.0378 15.09568 15.14528 15.17717 15.19922 15.21654 15.22442 15.21851 15.20119 15.17363 15.1378 15.09332 15.04174 14.97954 14.90906 14.83229 14.75158 14.67127 14.58662 14.49961 14.41339 14.33111 14.24922 14.17166 14.10198 14.03662 13.97757 13.92245 13.86891 13.81615 13.76339 13.71772 13.67678 13.63111 13.58465
12.08465 12.13741 12.17166 12.25512 12.34528 12.43111 12.51733 12.60355 12.6878 12.77324 12.85631 12.93938 13.01812 13.09174 13.163 13.23505 13.30709 13.38032 13.4504 13.51575 13.58072 13.65316 13.72166 13.7941 13.86969 13.94961 14.03583 14.12875 14.22678 14.32678 14.4193 14.50001 14.58111 14.65276 14.71851 14.77875 14.82914 14.86851 14.89804 14.92953 14.94765 14.95434 14.9504 14.93583 14.91064 14.87796 14.83702 14.78426 14.72324 14.65906 14.59253 14.51969 14.44528 14.37206 14.29804 14.21969 14.1445 14.07796 14.01536 13.95552 13.90001 13.84804 13.79804 13.74528 13.69686 13.65434 13.61142 13.56654 13.52048
-9999 12.02993 12.05709 12.08583 12.17008 12.25434 12.33859 12.41969 12.49804 12.57796 12.66064 12.73386 12.80552 12.8752 12.94292 13.00709 13.07166 13.1378 13.19922 13.25394 13.30867 13.36733 13.42678 13.48662 13.55473 13.63426 13.72245 13.81851 13.92166 14.02678 14.12205 14.21103 14.29292 14.36457 14.42993 14.49174 14.54135 14.57914 14.61733 14.65394 14.68426 14.70316 14.71182 14.71024 14.69371 14.67324 14.64135 14.60001 14.55079 14.49804 14.43938 14.37875 14.31615 14.25237 14.18505 14.11497 14.05158 13.98938 13.93072 13.87796 13.82678 13.77599 13.7256 13.6752 13.63072 13.59016 13.55001 13.5067 13.45985
-9999 -9999 11.96024 11.99764 12.03938 12.10591 12.18583 12.263 12.34095 12.41497 12.4878 12.56418 12.62717 12.69331 12.7567 12.81418 12.8693 12.92678 12.98032 13.0256 13.06694 13.10749 13.15552 13.20867 13.27599 13.3567 13.44764 13.5504 13.65946 13.76064 13.85434 13.94725 14.03347 14.10591 14.17087 14.22796 14.27639 14.31851 14.35434 14.39213 14.43465 14.46418 14.48268 14.4941 14.49292 14.47678 14.45473 14.42599 14.39253 14.3445 14.29765 14.24646 14.1941 14.13741 14.07757 14.0189 13.95749 13.90355 13.85158 13.80158 13.75198 13.70237 13.65591 13.60788 13.56615 13.52796 13.49095 13.4504 13.40709
-9999 -9999 -9999 11.92835 11.97205 11.99607 12.06064 12.13426 12.20867 12.28032 12.35276 12.4193 12.48505 12.54213 12.60158 12.65552 12.70473 12.74961 12.78977 12.82481 12.85591 12.88426 12.91733 12.96694 13.0382 13.1256 13.22442 13.32717 13.42953 13.52953 13.62205 13.71182 13.7941 13.86969 13.93426 13.99016 14.04095 14.07993 14.11654 14.15316 14.19607 14.23741 14.26851 14.28938 14.29883 14.29607 14.28347 14.26733 14.23701 14.20591 14.16654 14.12442 14.07678 14.02796 13.97914 13.92245 13.87205 13.82048 13.7752 13.72481 13.67757 13.63229 13.58741 13.5441 13.50316 13.47048 13.43583 13.39607 13.35591
-9999 -9999 -9999 -9999 -9999 11.91497 11.96497 12.0315 12.10197 12.17442 12.24095 12.30394 12.36536 12.42166 12.4756 12.52363 12.56379 12.60079 12.63347 12.65709 12.67678 12.69331 12.71575 12.76851 12.84371 12.93505 13.03347 13.13229 13.22914 13.32324 13.41457 13.49961 13.57993 13.65434 13.72009 13.7819 13.83072 13.86851 13.90237 13.94056 13.98229 14.02599 14.0689 14.09883 14.11694 14.1252 14.1252 14.11536 14.10198 14.07324 14.04292 14.00828 13.97009 13.92717 13.88111 13.8378 13.7882 13.74568 13.69646 13.65158 13.6067 13.56457 13.52284 13.48032 13.44174 13.40906 13.37678 13.33977 13.3004
-9999 -9999 -9999 -9999 -9999 11.83741 11.88544 11.94882 12.02009 12.08819 12.15552 12.21418 12.27127 12.32245 12.37166 12.41379 12.44646 12.4756 12.49804 12.51536 12.52638 12.53426 12.55709 12.60946 12.68623 12.77638 12.86812 12.95867 13.05158 13.14174 13.22757 13.31182 13.39135 13.46339 13.52953 13.58859 13.63977 13.67993 13.71339 13.74528 13.78583 13.83426 13.88072 13.92205 13.95079 13.97009 13.97796 13.98111 13.97087 13.95316 13.92796 13.90079 13.86851 13.8315 13.79095 13.7504 13.71418 13.66576 13.62324 13.57835 13.53623 13.49843 13.46024 13.41851 13.37953 13.34607 13.31339 13.27835 13.24095
-9999 -9999 -9999 -9999 -9999 11.76733 11.82402 11.88701 11.95434 12.02166 12.08544 12.14292 12.19489 12.24528 12.2878 12.32402 12.35276 12.37323 12.38898 12.39961 12.40237 12.40591 12.43032 12.48544 12.5626 12.64568 12.72757 12.81103 12.89725 12.98583 13.06772 13.14804 13.22205 13.29253 13.35631 13.41379 13.463 13.50552 13.53662 13.56694 13.60355 13.65394 13.70827 13.75788 13.79607 13.82127 13.84016 13.8504 13.85158 13.83898 13.82087 13.79883 13.77009 13.73938 13.70512 13.66969 13.62796 13.59174 13.54843 13.50631 13.46812 13.43268 13.39725 13.35552 13.31575 13.2819 13.24922 13.21615 13.18308
-9999 -9999 -9999 -9999 11.67087 11.71969 11.77638 11.83977 11.90473 11.96654 12.02717 12.08347 12.13623 12.18111 12.22127 12.25434 12.27993 12.29646 12.30749 12.3126 12.30985 12.31024 12.33386 12.3882 12.463 12.53938 12.61536 12.69253 12.77166 12.85237 12.93268 13.00591 13.07481 13.13859 13.20237 13.25709 13.30434 13.3441 13.37757 13.40355 13.43898 13.49135 13.55119 13.60827 13.65119 13.68465 13.70985 13.73032 13.7378 13.7319 13.71812 13.70158 13.67875 13.65119 13.62087 13.58583 13.55198 13.51497 13.4756 13.43544 13.40079 13.36851 13.33387 13.29253 13.25276 13.21851 13.18938 13.15906 13.12599
-9999 -9999 -9999 -9999 11.64489 11.68938 11.74449 11.80473 11.86536 11.92442 11.98268 12.0382 12.08741 12.1319 12.17166 12.20552 12.22993 12.24686 12.25631 12.25709 12.2504 12.24489 12.26457 12.31694 12.38386 12.45316 12.52402 12.59646 12.66772 12.73977 12.81221 12.8819 12.94528 13.00631 13.06536 13.11772 13.16339 13.20473 13.23544 13.25709 13.29135 13.34725 13.41024 13.47205 13.52245 13.55946 13.59016 13.61576 13.6315 13.63072 13.62284 13.60906 13.59135 13.56772 13.53898 13.50749 13.47639 13.44174 13.40355 13.3689 13.33505 13.30473 13.27166 13.23229 13.1945 13.16142 13.1319 13.10119 13.0693
-9999 -9999 -9999 -9999 11.62638 11.66536 11.7193 11.77678 11.83465 11.89371 11.95079 12.00355 12.05473 12.09883 12.13898 12.17481 12.2004 12.21812 12.22835 12.22757 12.21772 12.20867 12.22127 12.26654 12.32442 12.38701 12.45119 12.51615 12.58072 12.64568 12.71103 12.77245 12.8319 12.89016 12.94371 12.99607 13.04056 13.07481 13.10434 13.12757 13.16064 13.21733 13.2878 13.35394 13.40709 13.44843 13.48229 13.51221 13.53032 13.53544 13.53072 13.52087 13.50591 13.48623 13.46142 13.4315 13.40001 13.36851 13.33623 13.30237 13.27127 13.24331 13.21182 13.1752 13.13977 13.10788 13.0752 13.04331 13.013
-9999 -9999 -9999 -9999 11.61457 11.64882 11.69804 11.75512 11.81379 11.87363 11.92914 11.98465 12.03544 12.08032 12.12323 12.15906 12.1882 12.20749 12.21772 12.21851 12.20906 12.19725 12.20355 12.23741 12.28662 12.34095 12.39725 12.45473 12.51142 12.5689 12.62402 12.68032 12.73505 12.78859 12.8378 12.88583 12.92638 12.95788 12.98347 13.00749 13.04528 13.10512 13.17914 13.24843 13.30631 13.34922 13.38426 13.41379 13.43583 13.44371 13.44056 13.43465 13.42284 13.40552 13.3815 13.35591 13.32717 13.29804 13.26812 13.23662 13.20906 13.1815 13.15198 13.11772 13.08347 13.0504 13.01733 12.98583 12.95434
-9999 -9999 -9999 -9999 -9999 11.64135 11.68859 11.74449 11.80237 11.86064 11.92087 11.97599 12.02875 12.0756 12.12008 12.15906 12.19056 12.2126 12.22442 12.22875 12.22127 12.20788 12.20788 12.23032 12.26969 12.31457 12.36182 12.41024 12.45906 12.50512 12.55237 12.60355 12.65158 12.69764 12.74528 12.78505 12.81969 12.85198 12.8756 12.89764 12.9445 13.01024 13.08426 13.15631 13.21457 13.25827 13.29292 13.32599 13.34607 13.35591 13.35867 13.35198 13.34056 13.32757 13.30827 13.28308 13.25552 13.23111 13.20276 13.1752 13.14764 13.1193 13.08938 13.05709 13.02324 12.9882 12.95788 12.92599 12.8945
-9999 -9999 -9999 -9999 -9999 11.64607 11.68544 11.73977 11.80001 11.86024 11.9189 11.97481 12.02914 12.08347 12.12757 12.16969 12.20473 12.23032 12.24725 12.25394 12.24843 12.23544 12.22875 12.24016 12.26812 12.30316 12.34016 12.37835 12.41733 12.45591 12.49371 12.53505 12.57678 12.61851 12.65788 12.69331 12.72442 12.75119 12.77402 12.80749 12.85985 12.92875 13.00473 13.07717 13.13268 13.17284 13.21221 13.24371 13.26575 13.2752 13.28032 13.2756 13.26654 13.25473 13.23623 13.21182 13.1882 13.16615 13.14095 13.11339 13.08583 13.05749 13.02638 12.99331 12.95867 12.92638 12.89764 12.86654 12.8378
-9999 -9999 -9999 -9999 -9999 11.65316 11.69213 11.74371 11.8063 11.86615 11.9252 11.98268 12.04016 12.0941 12.14449 12.18898 12.22757 12.25552 12.27402 12.28347 12.2815 12.26969 12.25985 12.26182 12.2752 12.3004 12.32835 12.35709 12.38701 12.41536 12.44607 12.47599 12.5126 12.54883 12.58032 12.61024 12.63741 12.66024 12.6878 12.73229 12.79056 12.86497 12.94056 13.00749 13.05985 13.10512 13.14056 13.17127 13.19292 13.20434 13.20631 13.20434 13.19568 13.18229 13.16457 13.1445 13.12205 13.09804 13.07363 13.04764 13.02048 12.9941 12.96339 12.92914 12.89528 12.86615 12.83662 12.80867 12.7819
-9999 -9999 -9999 -9999 -9999 -9999 11.71103 11.76142 11.81654 11.87757 11.93583 11.99804 12.05552 12.11103 12.16536 12.20906 12.24607 12.27363 12.29253 12.30237 12.30788 12.30079 12.28938 12.28544 12.29056 12.30473 12.32442 12.34331 12.36379 12.38505 12.40552 12.42875 12.45709 12.48662 12.51221 12.53505 12.55709 12.58268 12.62008 12.67245 12.73859 12.81379 12.88623 12.94764 13.0004 13.04371 13.07993 13.10512 13.12717 13.13701 13.1378 13.13426 13.12678 13.11418 13.09568 13.07481 13.05355 13.03071 13.00434 12.97757 12.9504 12.92599 12.89961 12.86497 12.83308 12.80631 12.77599 12.74922 12.72048
-9999 -9999 -9999 -9999 -9999 -9999 -9999 11.77835 11.83072 11.89016 11.95197 12.01103 12.07323 12.12914 12.17757 12.21654 12.24843 12.27323 12.29056 12.30512 12.31142 12.31339 12.30827 12.30434 12.30552 12.31418 12.32638 12.3378 12.34961 12.36024 12.37284 12.39016 12.40985 12.43111 12.44922 12.46812 12.49095 12.52205 12.57127 12.6319 12.70276 12.77284 12.83859 12.89804 12.94607 12.98583 13.0189 13.04961 13.05906 13.0693 13.07245 13.06812 13.05827 13.04607 13.03071 13.00946 12.98623 12.96536 12.93938 12.90906 12.88387 12.85946 12.83347 12.80355 12.77127 12.74371 12.71772 12.68938 12.65985
