ASPA-UH-SWB2_REPO/input/Gridded_rain/prism_ppt_tutuila_30yr_normal_04.asc
ncols         350
nrows         200
xllcorner     515000
yllcorner     8409000
cellsize      100
NODATA_value  -9999
[rows 93 to 123 of 200, columns 0 to 68 of 350]
-9999 -9999 -9999 -9999 -9999 -9999 -9999 -9999 -9999 -9999 -9999 -9999 -9999 -9999 -9999 -9999 -9999 -9999 -9999 -9999 -9999 -9999 -9999 -9999 -9999 -9999 -9999 -9999 -9999 -9999 -9999 -9999 -9999 -9999 -9999 -9999 -9999 -9999 -9999 -9999 -9999 -9999 9.46654 9.513391 9.594099 -9999 -9999 -9999 10.37166 10.44489 10.56654 10.75079 10.94607 11.14607 11.34961 11.55316 11.74922 11.95158 12.15355 12.35197 12.54489 12.72638 12.90394 13.07402 13.23623 13.38387 13.52678 13.66261 13.79331
-9999 -9999 -9999 -9999 -9999 -9999 -9999 -9999 -9999 -9999 -9999 -9999 -9999 -9999 -9999 -9999 -9999 -9999 -9999 -9999 -9999 -9999 -9999 -9999 -9999 -9999 -9999 -9999 -9999 -9999 -9999 -9999 -9999 -9999 -9999 -9999 -9999 -9999 -9999 -9999 -9999 -9999 9.527958 9.601186 9.737013 9.901186 -9999 -9999 10.50394 10.60591 10.78898 10.99016 11.19095 11.40001 11.6126 11.82048 12.03386 12.24095 12.45197 12.66221 12.86379 13.05394 13.23583 13.40749 13.57166 13.72678 13.87245 14.00946 14.1382
-9999 -9999 -9999 -9999 -9999 -9999 -9999 -9999 -9999 -9999 -9999 -9999 -9999 -9999 -9999 -9999 -9999 -9999 -9999 -9999 -9999 -9999 -9999 -9999 -9999 -9999 -9999 -9999 -9999 -9999 -9999 -9999 -9999 -9999 -9999 -9999 -9999 -9999 -9999 -9999 9.421265 9.51221 9.606698 9.747249 9.908667 10.10512 10.30276 10.50434 10.63701 10.81339 11.02008 11.23308 11.44292 11.65709 11.87757 12.10473 12.32284 12.54095 12.75906 12.97442 13.18072 13.37953 13.56615 13.74646 13.91261 14.0693 14.21851 14.35828 14.49016
-9999 -9999 -9999 -9999 -9999 -9999 -9999 -9999 -9999 -9999 -9999 -9999 -9999 -9999 -9999 -9999 -9999 -9999 -9999 -9999 -9999 -9999 -9999 -9999 -9999 -9999 -9999 -9999 -9999 -9999 -9999 -9999 -9999 -9999 -9999 -9999 -9999 -9999 -9999 9.409847 9.494493 9.606304 9.753155 9.918902 10.09174 10.26536 10.47441 10.66221 10.83662 11.0441 11.25945 11.47678 11.69804 11.92323 12.15473 12.39056 12.61733 12.84371 13.0689 13.28662 13.49843 13.70158 13.89922 14.08347 14.25158 14.41261 14.56379 14.70867 14.84135
-9999 -9999 -9999 -9999 -9999 -9999 -9999 -9999 -9999 -9999 -9999 -9999 -9999 -9999 -9999 -9999 -9999 -9999 -9999 -9999 -9999 -9999 -9999 -9999 -9999 -9999 -9999 -9999 -9999 -9999 -9999 -9999 -9999 -9999 -9999 -9999 -9999 -9999 9.416934 9.496068 9.602367 9.755911 9.922052 10.09804 10.27756 10.46497 10.65867 10.8567 11.06339 11.27835 11.50316 11.7315 11.95945 12.1941 12.43544 12.67835 12.91418 13.14764 13.37363 13.59843 13.81615 14.0256 14.22678 14.41654 14.58938 14.75355 14.9067 15.0508 15.18505
-9999 -9999 -9999 -9999 -9999 -9999 -9999 -9999 -9999 -9999 -9999 -9999 -9999 -9999 -9999 -9999 -9999 -9999 -9999 -9999 -9999 -9999 -9999 -9999 -9999 -9999 -9999 -9999 -9999 -9999 -9999 -9999 -9999 -9999 -9999 -9999 -9999 9.424021 9.504729 9.60906 9.764178 9.925595 10.09804 10.2815 10.4756 10.67087 10.87048 11.08111 11.29686 11.5189 11.75158 11.98938 12.22835 12.47048 12.71969 12.96812 13.21221 13.45001 13.68268 13.91221 14.13465 14.35119 14.55788 14.74961 14.92678 15.0882 15.24253 15.38702 15.5193
-9999 -9999 -9999 -9999 -9999 -9999 -9999 -9999 -9999 -9999 -9999 -9999 -9999 -9999 -9999 -9999 -9999 -9999 -9999 -9999 -9999 -9999 -9999 -9999 -9999 -9999 -9999 -9999 -9999 -9999 -9999 -9999 -9999 -9999 -9999 -9999 9.423627 9.502761 9.614965 9.77284 9.934258 10.10591 10.28662 10.47875 10.67875 10.88347 11.09331 11.31103 11.53465 11.76812 12.00709 12.25079 12.49843 12.75001 13.00158 13.25591 13.50591 13.74922 13.99056 14.22402 14.45237 14.67324 14.8819 15.07678 15.25434 15.41654 15.56969 15.71261 15.84174
-9999 -9999 -9999 -9999 -9999 -9999 -9999 -9999 -9999 -9999 -9999 -9999 -9999 -9999 -9999 -9999 -9999 -9999 -9999 -9999 -9999 -9999 -9999 -9999 -9999 -9999 -9999 -9999 -9999 -9999 -9999 -9999 -9999 -9999 9.379533 9.419296 9.490162 9.607879 9.768903 9.938588 10.11142 10.29095 10.48229 10.68426 10.89134 11.10394 11.32245 11.54646 11.77953 12.02205 12.26851 12.51575 12.76733 13.0252 13.28111 13.53977 13.7941 14.04371 14.28938 14.52796 14.76143 14.98465 15.19568 15.39174 15.57048 15.73465 15.88308 16.02087 16.14765
-9999 -9999 -9999 -9999 -9999 -9999 -9999 -9999 -9999 -9999 -9999 -9999 -9999 -9999 -9999 -9999 -9999 -9999 -9999 -9999 -9999 -9999 -9999 -9999 -9999 -9999 -9999 -9999 -9999 -9999 -9999 -9999 -9999 9.377171 9.415752 9.478745 9.594493 9.757879 9.927565 10.10473 10.28898 10.47953 10.67993 10.89213 11.10788 11.32757 11.55316 11.78662 12.02953 12.27599 12.52835 12.77835 13.03426 13.29646 13.55867 13.8193 14.07324 14.33111 14.57914 14.82166 15.05749 15.28308 15.49686 15.69253 15.86969 16.03387 16.17875 16.313 16.43662
-9999 -9999 -9999 -9999 -9999 -9999 -9999 -9999 -9999 -9999 -9999 -9999 -9999 -9999 -9999 -9999 -9999 -9999 -9999 -9999 -9999 -9999 -9999 -9999 -9999 -9999 -9999 -9999 -9999 -9999 -9999 -9999 -9999 9.400398 9.468509 9.581895 9.740556 9.910635 10.09174 10.27599 10.46812 10.66812 10.87796 11.09489 11.32048 11.54961 11.7819 12.02245 12.26969 12.5252 12.77875 13.03386 13.29607 13.56142 13.83032 14.0882 14.34764 14.60591 14.85709 15.10276 15.34135 15.56851 15.77796 15.97284 16.15237 16.31339 16.45473 16.58426 16.70355
-9999 -9999 -9999 -9999 -9999 -9999 -9999 -9999 -9999 -9999 -9999 -9999 -9999 -9999 -9999 -9999 -9999 -9999 -9999 -9999 -9999 -9999 -9999 -9999 -9999 -9999 -9999 -9999 -9999 -9999 -9999 -9999 9.373233 9.448036 9.56221 9.716146 9.889375 10.07048 10.25867 10.45119 10.64922 10.85749 11.07205 11.29646 11.52993 11.76339 12.00631 12.2504 12.50434 12.76182 13.02009 13.28072 13.54686 13.81969 14.08544 14.34843 14.61064 14.86733 15.12245 15.36851 15.60591 15.8315 16.04095 16.23387 16.41143 16.57088 16.70906 16.8319 16.94371
-9999 -9999 -9999 -9999 -9999 -9999 -9999 -9999 -9999 -9999 -9999 -9999 -9999 -9999 -9999 -9999 -9999 -9999 -9999 -9999 -9999 -9999 -9999 -9999 -9999 -9999 -9999 -9999 -9999 -9999 9.208666 9.314965 9.408273 9.533075 9.688981 9.858666 10.03938 10.22993 10.42008 10.62323 10.83347 11.04646 11.26694 11.49568 11.73426 11.97796 12.22481 12.47481 12.72914 12.98977 13.25276 13.52009 13.78741 14.0567 14.32993 14.59568 14.85788 15.11339 15.3693 15.61576 15.84922 16.07363 16.27796 16.47087 16.64804 16.80001 16.9382 17.0567 17.16064
-9999 -9999 -9999 -9999 -9999 -9999 -9999 -9999 -9999 -9999 -9999 -9999 -9999 -9999 -9999 -9999 -9999 -9999 -9999 -9999 -9999 -9999 -9999 -9999 -9999 -9999 -9999 -9999 -9999 9.150398 9.244493 9.353154 9.496856 9.656698 9.822446 10.0004 10.18977 10.38544 10.58347 10.79292 11.01221 11.23386 11.46142 11.69489 11.9382 12.1882 12.43859 12.68741 12.94883 13.20906 13.47678 13.7445 14.01339 14.28544 14.55434 14.82048 15.08229 15.34568 15.59647 15.8378 16.07009 16.28702 16.49213 16.68151 16.85276 17.00473 17.13623 17.24961 17.35001
-9999 -9999 -9999 -9999 -9999 -9999 -9999 -9999 -9999 -9999 -9999 -9999 -9999 -9999 -9999 -9999 -9999 -9999 -9999 -9999 -9999 -9999 -9999 -9999 -9999 -9999 -9999 -9999 9.104336 9.192131 9.287406 9.443312 9.610241 9.777564 9.950792 10.1378 10.33701 10.53819 10.74882 10.96457 11.18544 11.41378 11.64843 11.88701 12.13544 12.39016 12.63741 12.89804 13.14922 13.41615 13.68701 13.95512 14.22363 14.48938 14.76143 15.0252 15.2878 15.54843 15.79568 16.03426 16.26143 16.47836 16.67835 16.85985 17.02678 17.17402 17.29804 17.41143 17.51024
-9999 -9999 -9999 -9999 -9999 -9999 -9999 -9999 -9999 -9999 -9999 -9999 -9999 -9999 -9999 -9999 -9999 -9999 -9999 -9999 -9999 -9999 -9999 -9999 -9999 -9999 -9999 9.060635 9.144493 9.233075 9.381894 9.546855 9.71654 9.891344 10.07835 10.27205 10.47914 10.68938 10.90394 11.12363 11.35079 11.58583 11.82363 12.06615 12.3189 12.57363 12.82757 13.08032 13.34095 13.60591 13.87324 14.14292 14.41221 14.6752 14.94017 15.20828 15.46891 15.71851 15.96812 16.20001 16.42048 16.63229 16.8319 17.00828 17.16615 17.30552 17.42836 17.54056 17.64017
-9999 -9999 -9999 -9999 -9999 -9999 -9999 -9999 -9999 -9999 -9999 -9999 -9999 -9999 -9999 -9999 -9999 -9999 -9999 -9999 -9999 -9999 -9999 -9999 -9999 -9999 9.005123 9.085044 9.175989 9.320871 9.476383 9.643312 9.820871 10.00591 10.19804 10.39725 10.60827 10.8256 11.04449 11.27048 11.50276 11.73741 11.98071 12.23071 12.48386 12.73898 12.99371 13.24922 13.50906 13.77284 14.03938 14.30788 14.57363 14.8382 15.10079 15.36221 15.62048 15.86851 16.10749 16.33583 16.55158 16.7571 16.94804 17.12206 17.27206 17.40513 17.53151 17.64135 17.74095
-9999 -9999 -9999 -9999 -9999 -9999 -9999 -9999 -9999 -9999 -9999 -9999 -9999 -9999 -9999 -9999 -9999 -9999 -9999 -9999 -9999 -9999 -9999 -9999 -9999 8.944886 9.017327 9.111029 9.253548 9.40158 9.564965 9.738587 9.921265 10.11063 10.30709 10.51575 10.72756 10.9441 11.1689 11.40079 11.63544 11.87678 12.12205 12.37205 12.62638 12.88387 13.13898 13.3941 13.65434 13.91576 14.17993 14.44489 14.70788 14.96969 15.22954 15.48898 15.74135 15.98308 16.21733 16.44095 16.65198 16.85001 17.03426 17.19883 17.34332 17.47836 17.60001 17.71221 17.81064
-9999 -9999 -9999 -9999 -9999 -9999 -9999 -9999 -9999 -9999 -9999 -9999 -9999 -9999 -9999 -9999 -9999 -9999 -9999 -9999 -9999 -9999 -9999 -9999 8.8878 8.951185 9.043705 9.176776 9.323234 9.479532 9.648036 9.825596 10.01103 10.20552 10.41024 10.62008 10.83386 11.05119 11.28032 11.51694 11.75473 11.99804 12.24371 12.49331 12.74725 13.00237 13.25867 13.51575 13.77324 14.03387 14.29135 14.55237 14.81457 15.06851 15.32481 15.5815 15.82678 16.06615 16.29528 16.51339 16.71891 16.91143 17.0882 17.24725 17.3878 17.51536 17.63584 17.74686 17.8441
-9999 -9999 -9999 -9999 -9999 -9999 -9999 -9999 -9999 -9999 -9999 -9999 -9999 -9999 -9999 -9999 -9999 -9999 -9999 -9999 -9999 -9999 -9999 -9999 8.892918 8.97402 9.097249 9.237407 9.388588 9.550005 9.722445 9.902368 10.09056 10.28701 10.49528 10.70867 10.92678 11.14804 11.37796 11.61693 11.85827 12.1004 12.34489 12.5941 12.84371 13.09883 13.35276 13.60985 13.86654 14.12205 14.37599 14.63268 14.88859 15.13938 15.39135 15.6382 15.88072 16.113 16.33623 16.54765 16.74765 16.93702 17.10906 17.26143 17.39686 17.51891 17.63544 17.74371 17.84095
-9999 -9999 -9999 -9999 -9999 -9999 -9999 -9999 -9999 -9999 -9999 -9999 -9999 -9999 -9999 -9999 -9999 -9999 -9999 -9999 -9999 -9999 -9999 -9999 8.917328 9.014571 9.147642 9.291344 9.444493 9.609454 9.785439 9.96654 10.15788 10.35709 10.56693 10.78347 11.00158 11.22638 11.46182 11.69882 11.94095 12.18268 12.4256 12.67087 12.91969 13.17087 13.42127 13.6752 13.92993 14.18229 14.43268 14.6815 14.9315 15.17796 15.42324 15.66457 15.89804 16.12245 16.3382 16.54489 16.73859 16.92127 17.09253 17.24371 17.37206 17.48977 17.60001 17.70355 17.8008
-9999 -9999 -9999 -9999 -9999 -9999 -9999 -9999 -9999 -9999 -9999 -9999 -9999 -9999 -9999 -9999 -9999 -9999 -9999 -9999 -9999 -9999 -9999 -9999 8.946462 9.050399 9.185831 9.334257 9.492918 9.657485 9.833469 10.02048 10.213 10.41457 10.62481 10.84253 11.06221 11.28819 11.52048 11.75867 11.99961 12.23859 12.47953 12.72402 12.96812 13.213 13.45552 13.70867 13.95906 14.20709 14.4508 14.69371 14.93465 15.17599 15.41221 15.64922 15.87442 16.09213 16.30001 16.50001 16.68977 16.86733 17.0378 17.18977 17.31733 17.42836 17.53229 17.63269 17.72442
-9999 -9999 -9999 -9999 -9999 -9999 -9999 -9999 -9999 -9999 -9999 -9999 -9999 -9999 -9999 8.198823 -9999 -9999 -9999 -9999 -9999 -9999 8.772446 8.863784 8.955123 9.075989 9.214966 9.368115 9.527958 9.693312 9.870872 10.05867 10.25355 10.45512 10.66615 10.88268 11.10512 11.32717 11.55355 11.79449 12.03032 12.26615 12.50512 12.74646 12.98505 13.22166 13.46142 13.70276 13.94607 14.18898 14.4252 14.66024 14.89489 15.12521 15.35513 15.58347 15.80316 16.01654 16.22442 16.41733 16.59883 16.77717 16.94646 17.09962 17.22914 17.3382 17.43544 17.53111 17.61812
-9999 -9999 -9999 -9999 -9999 -9999 -9999 -9999 -9999 -9999 -9999 -9999 -9999 -9999 -9999 8.19213 8.229138 -9999 8.396068 8.475988 8.55276 8.657485 8.75276 8.853548 8.964572 9.093705 9.238981 9.390556 9.546068 9.717328 9.894887 10.07835 10.27284 10.47875 10.68859 10.90197 11.11812 11.3378 11.56694 11.79961 12.03426 12.26733 12.49961 12.73544 12.97166 13.20197 13.4319 13.65946 13.8945 14.13032 14.35749 14.58308 14.80631 15.0319 15.25355 15.47402 15.68623 15.89804 16.10316 16.29332 16.47402 16.64725 16.81536 16.97009 17.10473 17.21339 17.31025 17.39765 17.48111
-9999 -9999 -9999 -9999 -9999 -9999 -9999 -9999 -9999 -9999 -9999 -9999 -9999 -9999 8.159453 8.192524 8.240162 8.30591 8.386619 8.460634 8.547249 8.64528 8.748429 8.859847 8.978351 9.107091 9.247249 9.398824 9.560241 9.728352 9.903942 10.08583 10.27993 10.47993 10.68977 10.90276 11.11575 11.32993 11.55276 11.78111 12.0126 12.24253 12.46772 12.69804 12.92245 13.14961 13.36812 13.58583 13.81064 14.03032 14.25198 14.46733 14.67953 14.89843 15.11576 15.32166 15.53072 15.73702 15.93426 16.12599 16.30591 16.47678 16.63898 16.8008 16.93465 17.04725 17.14725 17.23426 17.31694
-9999 -9999 -9999 -9999 -9999 -9999 -9999 -9999 -9999 -9999 -9999 -9999 -9999 8.112996 8.147248 8.188981 8.246461 8.311028 8.381106 8.459454 8.543705 8.641343 8.748429 8.862603 8.983075 9.109847 9.246855 9.398036 9.55906 9.725595 9.897643 10.07993 10.27048 10.46851 10.67402 10.88465 11.09292 11.30119 11.52087 11.74449 11.96969 12.18662 12.40591 12.6252 12.8441 13.05434 13.26969 13.47914 13.6878 13.89764 14.10552 14.31142 14.5193 14.72717 14.93268 15.1382 15.33583 15.52954 15.72402 15.91182 16.09174 16.26418 16.42757 16.57993 16.71773 16.83938 16.94174 17.0378 17.11812
-9999 -9999 -9999 -9999 -9999 -9999 -9999 -9999 -9999 -9999 -9999 -9999 8.067327 8.09961 8.135831 8.185043 8.244099 8.312209 8.381894 8.455516 8.538587 8.633076 8.74213 8.857485 8.975202 9.100792 9.24095 9.388194 9.5441 9.705911 9.879927 10.05749 10.24134 10.43544 10.6378 10.84371 11.04922 11.25512 11.46103 11.67993 11.89528 12.10591 12.30867 12.51733 12.72284 12.92875 13.12481 13.32796 13.52953 13.72914 13.92205 14.11339 14.31142 14.51064 14.71261 14.91142 15.09804 15.28583 15.47402 15.65788 15.83741 16.00906 16.17521 16.32206 16.45867 16.58465 16.6945 16.7941 16.87914
-9999 -9999 -9999 -9999 -9999 -9999 -9999 -9999 -9999 -9999 -9999 8.022445 8.054729 8.088981 8.130713 8.179138 8.239768 8.309059 8.378351 8.448036 8.530713 8.625595 8.728351 8.840949 8.959454 9.085044 9.220083 9.365753 9.519297 9.678351 9.843312 10.01693 10.19646 10.38386 10.57717 10.77796 10.97717 11.17678 11.37756 11.57914 11.78701 11.9882 12.18701 12.37796 12.57323 12.76457 12.95631 13.14371 13.33465 13.52442 13.70591 13.88111 14.06142 14.2567 14.44725 14.63426 14.8189 15.00119 15.18072 15.36379 15.54528 15.71497 15.87678 16.02521 16.15946 16.28544 16.40237 16.50355 16.59292
-9999 -9999 -9999 -9999 -9999 -9999 -9999 -9999 -9999 -9999 7.987406 8.011815 8.044493 8.084256 8.125988 8.173626 8.231107 8.297642 8.366934 8.440556 8.521264 8.610241 8.712603 8.819296 8.932682 9.057092 9.190163 9.331501 9.47717 9.63347 9.794494 9.964178 10.13623 10.31497 10.50079 10.69095 10.87993 11.07166 11.26339 11.45631 11.65079 11.84292 12.02993 12.21575 12.39489 12.57757 12.75473 12.92953 13.10512 13.2815 13.4504 13.61615 13.78623 13.96339 14.14331 14.32166 14.49922 14.67481 14.85276 15.03387 15.21103 15.38111 15.5378 15.68544 15.82245 15.94804 16.06812 16.17206 16.25985
-9999 -9999 -9999 -9999 -9999 -9999 -9999 -9999 -9999 -9999 7.981894 8.006304 8.040555 8.079138 8.119689 8.165752 8.221264 8.283469 8.35276 8.426382 8.505122 8.593705 8.689375 8.791737 8.900792 9.019296 9.148824 9.280713 9.422052 9.571265 9.729532 9.892131 10.05985 10.23032 10.4063 10.58465 10.76693 10.94686 11.12638 11.31064 11.49292 11.67481 11.85158 12.02245 12.1941 12.36142 12.52717 12.68111 12.84528 13.00473 13.16221 13.31812 13.4752 13.63898 13.80946 13.9756 14.14528 14.31576 14.49056 14.66576 14.83898 15.00709 15.16064 15.30946 15.44883 15.57796 15.69253 15.79568 15.88662
-9999 -9999 -9999 -9999 -9999 -9999 -9999 -9999 -9999 -9999 7.979138 8.003154 8.033862 8.069689 8.108272 8.153547 8.207484 8.26654 8.334256 8.401973 8.481501 8.56654 8.65591 8.753548 8.861815 8.976382 9.096461 9.224414 9.357485 9.501579 9.651974 9.807879 9.967722 10.12953 10.29489 10.46497 10.63347 10.80512 10.97717 11.14646 11.31575 11.48347 11.64646 11.80709 11.96536 12.12402 12.2693 12.41182 12.55709 12.69961 12.84607 12.98859 13.13347 13.28505 13.44253 13.60198 13.76261 13.9256 14.09607 14.26772 14.43662 14.59922 14.75394 14.89725 15.03387 15.16418 15.27954 15.38072 15.47009
-9999 -9999 -9999 -9999 -9999 -9999 -9999 -9999 -9999 -9999 7.980319 7.997642 8.020476 8.054335 8.092524 8.135437 8.187406 8.246067 8.306697 8.372051 8.446067 8.527957 8.612603 8.705123 8.811028 8.924414 9.038194 9.158666 9.287406 9.423233 9.566541 9.714572 9.862603 10.01536 10.17126 10.32796 10.48623 10.65119 10.8126 10.96536 11.12008 11.27284 11.42284 11.56694 11.71418 11.85788 11.99095 12.12008 12.24607 12.3756 12.50512 12.63347 12.76497 12.90355 13.04646 13.20001 13.35316 13.50946 13.67245 13.84056 14.00631 14.15906 14.30355 14.44056 14.5752 14.70198 14.8189 14.92166 15.01221
