ASPA-UH-SWB2_REPO/input/Gridded_rain/prism_ppt_tutuila_30yr_normal_09.asc
ncols         350
nrows         200
xllcorner     515000
yllcorner     8409000
cellsize      100
NODATA_value  -9999
[rows 155 to 185 of 200, columns 69 to 137 of 350]
-9999 -9999 -9999 -9999 -9999 -9999 -9999 6.473232 6.506696 6.551578 6.599216 6.64646 6.695673 6.751578 6.80709 6.863389 6.922051 6.982681 7.049216 7.116146 7.187799 7.262602 7.337012 7.411027 7.487012 7.563784 7.641736 7.716933 7.790555 7.862209 7.927563 7.996461 8.059059 8.114572 8.168509 8.214965 8.254728 8.2878 8.315752 8.333862 8.340161 8.336225 8.325595 8.309847 8.286618 8.251973 8.212603 8.166146 8.114572 8.056697 7.998035 7.93465 7.865752 7.79528 7.722051 7.649217 7.577957 7.503153 7.427957 7.354334 7.283074 7.214177 7.148035 7.081893 7.015752 6.953547 6.896067 6.837405 6.781499
-9999 -9999 -9999 -9999 -9999 -9999 -9999 6.44961 6.482287 6.523625 6.569295 6.615751 6.664176 6.718114 6.771263 6.824413 6.879531 6.939767 7.002759 7.069295 7.140161 7.21024 7.279531 7.354334 7.429138 7.505909 7.582681 7.65591 7.726382 7.796854 7.86339 7.925988 7.989374 8.046461 8.099216 8.143705 8.181107 8.214571 8.238587 8.253942 8.259847 8.254728 8.245673 8.231894 8.210634 8.179138 8.138193 8.094099 8.044886 7.992524 7.934256 7.874413 7.809453 7.740949 7.669295 7.597248 7.526775 7.458665 7.385043 7.312209 7.24213 7.1752 7.109452 7.043311 6.979137 6.92087 6.862208 6.806303 6.753153
-9999 -9999 -9999 -9999 -9999 -9999 -9999 6.429924 6.461027 6.500791 6.544098 6.58898 6.637011 6.686617 6.737405 6.787405 6.841736 6.89961 6.961814 7.026381 7.092917 7.15709 7.230712 7.300791 7.371657 7.448035 7.52402 7.597248 7.666933 7.733075 7.798429 7.86024 7.920476 7.977957 8.027169 8.071658 8.109847 8.137799 8.159453 8.174414 8.17835 8.175594 8.168115 8.155123 8.135043 8.105516 8.069689 8.025595 7.977957 7.926776 7.871264 7.810634 7.749217 7.682681 7.614177 7.545673 7.476776 7.408665 7.340949 7.270082 7.200004 7.135043 7.068901 7.005516 6.941736 6.884649 6.829925 6.774806 6.723626
-9999 -9999 -9999 -9999 -9999 -9999 -9999 6.414176 6.441736 6.481106 6.523625 6.566933 6.611814 6.65709 6.704334 6.753547 6.806303 6.862208 6.922444 6.984649 7.047641 7.112996 7.181893 7.24961 7.319689 7.393311 7.465752 7.537799 7.607484 7.672051 7.73465 7.796067 7.854335 7.906697 7.953941 7.998823 8.033468 8.059847 8.083468 8.094886 8.09961 8.100004 8.091737 8.079138 8.059847 8.033468 8.000004 7.959453 7.912602 7.861815 7.806303 7.746854 7.685043 7.622838 7.556303 7.491343 7.425988 7.359846 7.292523 7.225988 7.157878 7.09213 7.02835 6.965752 6.904334 6.84961 6.797247 6.74331 6.69213
-9999 -9999 -9999 -9999 -9999 -9999 -9999 6.400003 6.426381 6.463389 6.503153 6.544492 6.586224 6.629137 6.674413 6.722051 6.772838 6.826775 6.885043 6.943704 7.006303 7.071263 7.135043 7.201972 7.271657 7.339767 7.411027 7.481106 7.548429 7.612209 7.673232 7.732287 7.786224 7.835831 7.882288 7.923233 7.956697 7.983862 8.006304 8.018114 8.025201 8.025201 8.018508 8.004334 7.983862 7.958272 7.926776 7.889768 7.846067 7.794098 7.73898 7.683075 7.622445 7.561028 7.49961 7.435831 7.372838 7.309059 7.242917 7.177957 7.113389 7.048035 6.986618 6.925594 6.866539 6.81457 6.762208 6.711814 6.661027
-9999 -9999 -9999 -9999 -9999 -9999 -9999 6.390948 6.412995 6.444885 6.483468 6.522444 6.560633 6.602759 6.646066 6.691736 6.740555 6.792917 6.848035 6.905909 6.966933 7.02835 7.091736 7.15709 7.222051 7.289374 7.358665 7.424807 7.489768 7.553547 7.611815 7.666539 7.719296 7.768508 7.811421 7.849216 7.883862 7.909847 7.927169 7.942524 7.951579 7.952366 7.945673 7.928744 7.906697 7.881894 7.851185 7.814965 7.770476 7.722838 7.670476 7.616146 7.56024 7.500791 7.439768 7.379925 7.317327 7.254728 7.192523 7.12835 7.066539 7.005122 6.944492 6.88583 6.828743 6.777956 6.727956 6.679137 6.629531
-9999 -9999 -9999 -9999 -9999 -9999 -9999 -9999 6.407484 6.431106 6.464964 6.501578 6.539767 6.577562 6.619689 6.663783 6.711027 6.759846 6.812602 6.868507 6.928744 6.987405 7.050004 7.111814 7.174019 7.240161 7.305122 7.368508 7.433468 7.49213 7.549216 7.602366 7.653547 7.69961 7.74213 7.779531 7.810634 7.835831 7.85276 7.865752 7.875201 7.879138 7.87087 7.851579 7.830319 7.80591 7.775988 7.737012 7.694886 7.648429 7.600791 7.548429 7.494492 7.439374 7.380319 7.321657 7.261027 7.200004 7.140161 7.079531 7.020082 6.960633 6.903547 6.847641 6.790555 6.740948 6.693311 6.645279 6.598429
-9999 -9999 -9999 -9999 -9999 -9999 -9999 -9999 6.407484 6.425594 6.450397 6.484255 6.518901 6.554334 6.592917 6.637405 6.683074 6.728744 6.778744 6.834649 6.891342 6.949216 7.009452 7.066933 7.127169 7.189374 7.251185 7.314571 7.372445 7.432681 7.486618 7.53898 7.586618 7.630319 7.672839 7.707878 7.736225 7.760634 7.776776 7.789374 7.797642 7.801579 7.792917 7.775595 7.754335 7.729925 7.700397 7.662996 7.622445 7.577957 7.531106 7.481894 7.42835 7.373626 7.320476 7.262996 7.205122 7.146067 7.088586 7.030712 6.97402 6.917326 6.862208 6.80709 6.751972 6.703153 6.659059 6.611814 6.566933
-9999 -9999 -9999 -9999 -9999 -9999 -9999 -9999 -9999 6.427956 6.447248 6.466539 6.499216 6.532681 6.570869 6.611421 6.654728 6.69961 6.750791 6.801972 6.855515 6.911027 6.968901 7.024019 7.080712 7.139374 7.19961 7.257878 7.316933 7.37087 7.426382 7.474807 7.521657 7.564964 7.601579 7.635437 7.662602 7.684256 7.701579 7.714964 7.721657 7.721657 7.713783 7.699216 7.679532 7.654728 7.626776 7.592917 7.553154 7.511421 7.464964 7.416539 7.366146 7.311421 7.257878 7.203941 7.148823 7.09213 7.037012 6.983862 6.925988 6.872445 6.820476 6.767326 6.712996 6.66457 6.622444 6.580318 6.536618
-9999 -9999 -9999 -9999 -9999 -9999 -9999 -9999 -9999 -9999 6.442917 6.465751 6.48268 6.512602 6.547641 6.58898 6.630318 6.675594 6.722445 6.770082 6.821263 6.875594 6.929925 6.982681 7.036618 7.092917 7.149216 7.205122 7.261027 7.314964 7.365752 7.414571 7.458272 7.497642 7.533075 7.564964 7.592917 7.609847 7.629531 7.637799 7.644492 7.644098 7.636618 7.622445 7.603547 7.580712 7.551972 7.521264 7.484256 7.444098 7.39961 7.350398 7.29961 7.250397 7.198429 7.143311 7.090555 7.038193 6.98583 6.931893 6.878744 6.82835 6.77835 6.72835 6.674413 6.6252 6.583074 6.543704 6.505515
-9999 -9999 -9999 -9999 -9999 -9999 -9999 -9999 -9999 -9999 -9999 6.457877 6.476381 6.494492 6.529531 6.566933 6.608665 6.650003 6.693704 6.73898 6.789373 6.838192 6.892129 6.942917 6.992523 7.047248 7.103153 7.153547 7.206697 7.26024 7.30709 7.350791 7.393311 7.432681 7.464964 7.494098 7.519689 7.540949 7.555516 7.56339 7.566539 7.564177 7.557878 7.545673 7.527169 7.504728 7.476382 7.446067 7.412602 7.372445 7.329531 7.283468 7.23583 7.186618 7.136618 7.086224 7.034256 6.982287 6.930712 6.880712 6.833075 6.783862 6.737799 6.689767 6.635043 6.58583 6.546066 6.508271 6.478744
-9999 -9999 -9999 -9999 -9999 -9999 -9999 -9999 -9999 -9999 -9999 -9999 6.468901 6.488586 6.512602 6.548429 6.584649 6.624806 6.666539 6.71024 6.752759 6.803547 6.85394 6.901972 6.951578 7.001578 7.054728 7.105909 7.153547 7.20276 7.249217 7.289374 7.32835 7.363783 7.397642 7.4252 7.448822 7.470083 7.481894 7.488586 7.48898 7.484256 7.47835 7.467721 7.450397 7.426382 7.402366 7.37087 7.338193 7.300791 7.259059 7.216539 7.172051 7.125988 7.077169 7.027563 6.975594 6.927563 6.881106 6.833075 6.785437 6.741342 6.698822 6.650397 6.598429 6.551972 6.513783 6.483861 6.462208
-9999 -9999 -9999 -9999 -9999 -9999 -9999 -9999 -9999 -9999 -9999 -9999 -9999 6.481893 6.505515 6.530712 6.562995 6.599216 6.63898 6.67835 6.721657 6.769689 6.818901 6.863783 6.909452 6.957484 7.005516 7.057878 7.105122 7.148429 7.190948 7.229925 7.266145 7.298823 7.329925 7.358665 7.379531 7.398429 7.407484 7.412602 7.412602 7.408271 7.400791 7.390162 7.37402 7.35276 7.327563 7.299216 7.268507 7.232287 7.193311 7.151972 7.109059 7.065752 7.020082 6.971263 6.9252 6.877169 6.830712 6.783468 6.740161 6.700791 6.659452 6.613783 6.566933 6.524019 6.485043 6.456303 6.443704
-9999 -9999 -9999 -9999 -9999 -9999 -9999 -9999 -9999 -9999 -9999 -9999 -9999 -9999 6.499216 6.526381 6.550791 6.581893 6.618901 6.655909 6.695673 6.738586 6.785043 6.827169 6.868114 6.913389 6.960633 7.005516 7.051972 7.093311 7.132681 7.169295 7.204728 7.237011 7.265358 7.290161 7.312602 7.325201 7.335043 7.341342 7.340555 7.336618 7.329531 7.317327 7.300397 7.281894 7.255909 7.231894 7.199216 7.16339 7.126381 7.087011 7.045279 7.004728 6.962602 6.917326 6.872051 6.827956 6.780712 6.735436 6.693311 6.655121 6.619295 6.578743 6.533074 6.492917 6.459846 6.441736 6.434255
-9999 -9999 -9999 -9999 -9999 -9999 -9999 -9999 -9999 -9999 -9999 -9999 -9999 -9999 -9999 -9999 6.54961 6.576381 6.611421 6.648035 6.679531 6.712996 6.751184 6.789767 6.82835 6.869295 6.913389 6.955909 6.99646 7.037012 7.074019 7.11024 7.143704 7.1752 7.201579 7.225594 7.243311 7.254334 7.266539 7.27087 7.271657 7.268114 7.259846 7.248035 7.230319 7.211027 7.188193 7.161815 7.130713 7.096854 7.061027 7.021264 6.982287 6.944098 6.905122 6.862996 6.820082 6.7752 6.729531 6.685043 6.643704 6.608271 6.574807 6.539373 6.498822 6.459452 6.435043 6.423232 -9999
-9999 -9999 -9999 -9999 -9999 -9999 -9999 -9999 -9999 -9999 -9999 -9999 -9999 -9999 -9999 -9999 -9999 -9999 -9999 6.651578 6.674019 6.695673 6.720476 6.751578 6.789373 6.827169 6.866145 6.906303 6.945279 6.982287 7.01772 7.05276 7.084649 7.112996 7.137799 7.159452 7.174807 7.188193 7.195673 7.200397 7.202366 7.19961 7.189767 7.177563 7.162602 7.141736 7.120082 7.094098 7.065358 7.033468 6.99646 6.959059 6.923625 6.88583 6.847248 6.808665 6.766932 6.724807 6.680318 6.635437 6.59646 6.565752 6.534649 6.499216 6.461421 6.430712 6.414176 6.40709 -9999
-9999 -9999 -9999 -9999 -9999 -9999 -9999 -9999 -9999 -9999 -9999 -9999 -9999 -9999 -9999 -9999 -9999 -9999 -9999 -9999 -9999 -9999 6.699216 6.720082 6.752366 6.787799 6.823232 6.861027 6.898429 6.932681 6.964571 6.99646 7.027169 7.051972 7.074413 7.093311 7.108272 7.120082 7.125988 7.131894 7.132681 7.12835 7.121264 7.108665 7.093311 7.075594 7.053941 7.028744 7.002366 6.970082 6.93583 6.901578 6.871264 6.835043 6.796066 6.754334 6.715358 6.677956 6.636224 6.593704 6.55709 6.526381 6.496066 6.461814 6.431893 6.412208 6.401578 -9999 -9999
-9999 -9999 -9999 -9999 -9999 -9999 -9999 -9999 -9999 -9999 -9999 -9999 -9999 -9999 -9999 -9999 -9999 -9999 -9999 -9999 -9999 -9999 -9999 6.700791 6.726381 6.755515 6.784649 6.818901 6.851578 6.882287 6.912996 6.942917 6.968507 6.991736 7.011421 7.029531 7.043705 7.053941 7.062602 7.066539 7.064964 7.061421 7.054334 7.043705 7.027956 7.010633 6.989374 6.96772 6.940161 6.91024 6.877956 6.851185 -9999 6.790555 6.748429 6.70709 6.666933 6.63268 6.594098 6.554334 6.520476 6.490161 6.458665 6.432681 6.411814 -9999 -9999 -9999 -9999
-9999 -9999 -9999 -9999 -9999 -9999 -9999 -9999 -9999 -9999 -9999 -9999 -9999 -9999 -9999 -9999 -9999 -9999 -9999 -9999 -9999 -9999 -9999 -9999 -9999 6.74331 6.759452 6.780712 6.803547 6.831893 6.862602 6.891342 6.912208 6.935043 6.953153 6.969688 6.983468 6.99213 6.99961 7.003547 7.003547 6.999216 6.989768 6.977956 6.965358 6.947641 6.928744 6.905122 6.881106 6.851185 6.825201 6.81024 -9999 -9999 -9999 6.658665 6.623232 6.588586 6.553547 6.517326 6.484649 6.454728 6.431893 6.412208 -9999 -9999 -9999 -9999 -9999
-9999 -9999 -9999 -9999 -9999 -9999 -9999 -9999 -9999 -9999 -9999 -9999 -9999 -9999 -9999 -9999 -9999 -9999 -9999 -9999 -9999 -9999 -9999 -9999 -9999 -9999 6.742523 6.752366 6.766932 6.783074 6.814964 6.84646 6.868114 6.881106 6.897641 6.913389 6.925988 6.934649 6.940555 6.942917 6.941736 6.937011 6.929531 6.917326 6.90276 6.888193 6.867326 6.847641 6.822051 6.798035 6.786224 6.782287 -9999 -9999 -9999 -9999 6.582287 6.550397 6.51772 6.481893 6.450791 6.42835 6.411814 -9999 -9999 -9999 -9999 -9999 -9999
-9999 -9999 -9999 -9999 -9999 -9999 -9999 -9999 -9999 -9999 -9999 -9999 -9999 -9999 -9999 -9999 -9999 -9999 -9999 -9999 -9999 -9999 -9999 -9999 -9999 -9999 -9999 -9999 6.740948 6.749216 6.771657 -9999 6.827169 6.831893 6.844491 6.859059 6.869689 6.875988 6.8815 6.883468 6.884255 6.87835 6.868901 6.857484 6.844491 6.829925 6.811421 6.788586 6.769295 6.761027 6.754334 -9999 -9999 -9999 -9999 -9999 -9999 6.520869 6.484255 6.450791 6.426381 6.411027 -9999 -9999 -9999 -9999 -9999 -9999 -9999
-9999 -9999 -9999 -9999 -9999 -9999 -9999 -9999 -9999 -9999 -9999 -9999 -9999 -9999 -9999 -9999 -9999 -9999 -9999 -9999 -9999 -9999 -9999 -9999 -9999 -9999 -9999 -9999 -9999 6.726775 -9999 -9999 -9999 6.782287 6.792523 6.803547 6.814964 6.821263 6.821657 6.826382 6.827562 6.822051 6.810633 6.801185 6.790948 6.774019 6.755909 6.737011 6.731106 6.729531 -9999 -9999 -9999 -9999 -9999 -9999 -9999 -9999 -9999 6.425988 6.409846 -9999 -9999 -9999 -9999 -9999 -9999 -9999 -9999
-9999 -9999 -9999 -9999 -9999 -9999 -9999 -9999 -9999 -9999 -9999 -9999 -9999 -9999 -9999 -9999 -9999 -9999 -9999 -9999 -9999 -9999 -9999 -9999 -9999 -9999 -9999 -9999 -9999 -9999 -9999 -9999 -9999 6.739374 6.740948 6.750003 6.760633 6.767326 6.770082 6.772051 6.768114 6.76457 6.758271 6.748822 6.73583 6.720476 6.705122 6.696854 6.701185 -9999 -9999 -9999 -9999 -9999 -9999 -9999 -9999 -9999 -9999 -9999 -9999 -9999 -9999 -9999 -9999 -9999 -9999 -9999 -9999
-9999 -9999 -9999 -9999 -9999 -9999 -9999 -9999 -9999 -9999 -9999 -9999 -9999 -9999 -9999 -9999 -9999 -9999 -9999 -9999 -9999 -9999 -9999 -9999 -9999 -9999 -9999 -9999 -9999 -9999 -9999 -9999 -9999 6.705122 6.69961 6.70394 6.711027 6.716539 6.719688 6.718507 6.71772 6.712996 6.706303 6.697248 6.685043 6.672838 6.662208 6.662208 -9999 -9999 -9999 -9999 -9999 -9999 -9999 -9999 -9999 -9999 -9999 -9999 -9999 -9999 -9999 -9999 -9999 -9999 -9999 -9999 -9999
-9999 -9999 -9999 -9999 -9999 -9999 -9999 -9999 -9999 -9999 -9999 -9999 -9999 -9999 -9999 -9999 -9999 -9999 -9999 -9999 -9999 -9999 -9999 -9999 -9999 -9999 -9999 -9999 -9999 -9999 -9999 -9999 -9999 -9999 6.670082 6.662602 6.663389 6.671263 6.674413 6.671657 6.670082 6.665751 6.659846 6.651972 6.63898 6.627169 6.626775 6.635043 -9999 -9999 -9999 -9999 -9999 -9999 -9999 -9999 -9999 -9999 -9999 -9999 -9999 -9999 -9999 -9999 -9999 -9999 -9999 -9999 -9999
-9999 -9999 -9999 -9999 -9999 -9999 -9999 -9999 -9999 -9999 -9999 -9999 -9999 -9999 -9999 -9999 -9999 -9999 -9999 -9999 -9999 -9999 -9999 -9999 -9999 -9999 -9999 -9999 -9999 -9999 -9999 -9999 -9999 -9999 6.637011 6.627956 6.622838 6.625988 6.629925 6.629137 6.625594 6.622444 6.618114 6.609058 6.597248 6.592917 6.601184 -9999 -9999 -9999 -9999 -9999 -9999 -9999 -9999 -9999 -9999 -9999 -9999 -9999 -9999 -9999 -9999 -9999 -9999 -9999 -9999 -9999 -9999
-9999 -9999 -9999 -9999 -9999 -9999 -9999 -9999 -9999 -9999 -9999 -9999 -9999 -9999 -9999 -9999 -9999 -9999 -9999 -9999 -9999 -9999 -9999 -9999 -9999 -9999 -9999 -9999 -9999 -9999 -9999 -9999 -9999 -9999 -9999 6.599216 6.592523 6.587405 6.587405 6.586617 6.583862 6.580712 6.576381 6.570869 6.566933 6.569688 -9999 -9999 -9999 -9999 -9999 -9999 -9999 -9999 -9999 -9999 -9999 -9999 -9999 -9999 -9999 -9999 -9999 -9999 -9999 -9999 -9999 -9999 -9999
-9999 -9999 -9999 -9999 -9999 -9999 -9999 -9999 -9999 -9999 -9999 -9999 -9999 -9999 -9999 -9999 -9999 -9999 -9999 -9999 -9999 -9999 -9999 -9999 -9999 -9999 -9999 -9999 -9999 -9999 -9999 -9999 -9999 -9999 -9999 -9999 6.570476 6.559452 6.550791 6.544492 6.541736 6.53898 6.537798 6.540555 6.545672 -9999 -9999 -9999 -9999 -9999 -9999 -9999 -9999 -9999 -9999 -9999 -9999 -9999 -9999 -9999 -9999 -9999 -9999 -9999 -9999 -9999 -9999 -9999 -9999
-9999 -9999 -9999 -9999 -9999 -9999 -9999 -9999 -9999 -9999 -9999 -9999 -9999 -9999 -9999 -9999 -9999 -9999 -9999 -9999 -9999 -9999 -9999 -9999 -9999 -9999 -9999 -9999 -9999 -9999 -9999 -9999 -9999 -9999 -9999 -9999 -9999 -9999 6.520082 6.507877 6.500003 6.499609 6.505909 -9999 -9999 -9999 -9999 -9999 -9999 -9999 -9999 -9999 -9999 -9999 -9999 -9999 -9999 -9999 -9999 -9999 -9999 -9999 -9999 -9999 -9999 -9999 -9999 -9999 -9999
-9999 -9999 -9999 -9999 -9999 -9999 -9999 -9999 -9999 -9999 -9999 -9999 -9999 -9999 -9999 -9999 -9999 -9999 -9999 -9999 -9999 -9999 -9999 -9999 -9999 -9999 -9999 -9999 -9999 -9999 -9999 -9999 -9999 -9999 -9999 -9999 -9999 -9999 -9999 6.4752 6.465358 6.466932 6.47835 -9999 -9999 -9999 -9999 -9999 -9999 -9999 -9999 -9999 -9999 -9999 -9999 -9999 -9999 -9999 -9999 -9999 -9999 -9999 -9999 -9999 -9999 -9999 -9999 -9999 -9999
-9999 -9999 -9999 -9999 -9999 -9999 -9999 -9999 -9999 -9999 -9999 -9999 -9999 -9999 -9999 -9999 -9999 -9999 -9999 -9999 -9999 -9999 -9999 -9999 -9999 -9999 -9999 -9999 -9999 -9999 -9999 -9999 -9999 -9999 -9999 -9999 -9999 -9999 -9999 -9999 6.442523 6.444491 -9999 -9999 -9999 -9999 -9999 -9999 -9999 -9999 -9999 -9999 -9999 -9999 -9999 -9999 -9999 -9999 -9999 -9999 -9999 -9999 -9999 -9999 -9999 -9999 -9999 -9999 -9999
