ASPA-UH-SWB2_REPO/input/Gridded_rain/prism_ppt_tutuila_30yr_normal_01.asc
ncols         350
nrows         200
xllcorner     515000
yllcorner     8409000
cellsize      100
NODATA_value  -9999
[rows 124 to 154 of 200, columns 69 to 137 of 350]
17.07088 17.07639 17.07639 17.07402 17.07127 17.0693 17.06891 17.06851 17.07009 17.07481 17.08465 17.10001 17.12206 17.14489 17.16891 17.19962 17.23347 17.26694 17.29843 17.33111 17.36143 17.38741 17.41064 17.43308 17.45355 17.47442 17.49371 17.51064 17.52402 17.53584 17.54646 17.55513 17.563 17.56969 17.57363 17.57796 17.57993 17.57914 17.57836 17.57481 17.56891 17.56182 17.55001 17.52993 17.50158 17.46379 17.4193 17.36379 17.29528 17.21182 17.11261 17.00355 16.88032 16.74489 16.59489 16.43111 16.2567 16.0752 15.89922 15.72796 15.5567 15.39292 15.23347 15.0756 14.92639 14.78426 14.65158 14.52599 14.41024
16.74568 16.76418 16.77363 16.77481 16.77639 16.77914 16.78347 16.79017 16.79883 16.80985 16.82639 16.84804 16.87521 16.90395 16.93662 16.97127 17.01143 17.05237 17.09253 17.13465 17.17521 17.20985 17.24174 17.27088 17.29922 17.3256 17.35119 17.37521 17.39528 17.41221 17.42796 17.44371 17.45631 17.46576 17.47245 17.47678 17.48072 17.4815 17.47875 17.47284 17.46379 17.45237 17.43465 17.40788 17.37048 17.32402 17.26772 17.20276 17.12403 17.0319 16.92599 16.81064 16.68347 16.54332 16.39292 16.2319 16.05906 15.88387 15.71221 15.54135 15.37639 15.21536 15.05513 14.9004 14.75198 14.61221 14.48072 14.35946 14.24292
16.38465 16.4193 16.44371 16.45709 16.463 16.47048 16.47914 16.49174 16.5067 16.52363 16.54489 16.57363 16.60394 16.6382 16.67717 16.72166 16.76615 16.81379 16.86339 16.913 16.96221 17.00946 17.05119 17.08938 17.12363 17.15709 17.19095 17.22166 17.24843 17.27206 17.29292 17.31261 17.32875 17.34095 17.3508 17.3571 17.36143 17.36418 17.35985 17.35198 17.33977 17.32206 17.29765 17.26458 17.21969 17.16379 17.09922 17.02481 16.93938 16.84135 16.73229 16.61103 16.48032 16.33859 16.18859 16.03072 15.86103 15.69371 15.52639 15.36103 15.19883 15.03898 14.88268 14.72954 14.58426 14.4504 14.32402 14.20513 14.08898
15.99843 16.04922 16.08859 16.11851 16.13387 16.1441 16.15473 16.17245 16.19371 16.21851 16.24647 16.27954 16.31654 16.35394 16.39686 16.44607 16.49883 16.5508 16.60828 16.66497 16.72166 16.77796 16.83347 16.88072 16.92363 16.96497 17.00788 17.04607 17.07875 17.10985 17.13702 17.15946 17.17796 17.19371 17.20473 17.21497 17.22166 17.22127 17.21773 17.2067 17.19095 17.16733 17.13623 17.09686 17.04489 16.98308 16.91261 16.83387 16.74331 16.64056 16.52875 16.40749 16.27442 16.13229 15.98505 15.82954 15.66891 15.50276 15.34135 15.18387 15.0256 14.86969 14.71812 14.56772 14.42638 14.30119 14.18072 14.06379 13.94843
15.60119 15.66536 15.71851 15.76103 15.78584 15.80001 15.81458 15.83347 15.86103 15.8941 15.93111 15.97245 16.01379 16.05749 16.10198 16.15316 16.21143 16.26891 16.32717 16.39135 16.45237 16.51694 16.58229 16.64135 16.69213 16.74213 16.79174 16.83899 16.87993 16.91536 16.9508 16.97757 17.00198 17.01969 17.03426 17.04607 17.05276 17.05316 17.04686 17.03387 17.01221 16.98584 16.95198 16.90434 16.84804 16.78465 16.71379 16.62954 16.53623 16.43465 16.32048 16.19883 16.06772 15.93032 15.78426 15.63544 15.48072 15.31851 15.16103 15.00946 14.85946 14.70827 14.56024 14.41694 14.28347 14.15906 14.04489 13.93032 13.81339
15.21379 15.27835 15.34253 15.3945 15.42835 15.45119 15.4693 15.49174 15.52206 15.56182 15.60788 15.65631 15.70198 15.74646 15.79686 15.8508 15.90985 15.97127 16.03426 16.09607 16.163 16.23111 16.30395 16.37009 16.43072 16.4878 16.54253 16.59647 16.64489 16.69135 16.72875 16.76536 16.7945 16.81772 16.8378 16.84922 16.85631 16.85788 16.84804 16.83387 16.81103 16.78387 16.74607 16.69686 16.63977 16.57757 16.50395 16.41851 16.3252 16.22245 16.113 15.99095 15.863 15.72835 15.59135 15.44686 15.29489 15.14135 14.99331 14.84253 14.69804 14.55591 14.41261 14.27363 14.14371 14.0256 13.91142 13.79607 13.67993
14.83741 14.90237 14.97048 15.02954 15.07402 15.10237 15.12639 15.15788 15.19331 15.23387 15.28347 15.33308 15.38268 15.43032 15.48308 15.54174 15.60119 15.66694 15.7319 15.79568 15.85985 15.93544 16.00828 16.0815 16.14647 16.20867 16.27166 16.32836 16.38347 16.4319 16.4819 16.52442 16.56064 16.5882 16.60946 16.62678 16.63544 16.63544 16.62678 16.61379 16.59371 16.56536 16.52796 16.48347 16.42717 16.36143 16.28977 16.20946 16.113 16.01339 15.90473 15.78977 15.663 15.5319 15.40079 15.26458 15.11733 14.97245 14.82678 14.6882 14.54686 14.40827 14.26969 14.13583 14.01103 13.8941 13.77953 13.66654 13.55198
14.4756 14.54174 14.60985 14.67087 14.72324 14.76024 14.79253 14.82993 14.87166 14.91576 14.96221 15.013 15.06221 15.11261 15.16733 15.22717 15.29095 15.35591 15.42245 15.48977 15.55828 15.62914 15.70631 15.78269 15.85316 15.92009 15.98505 16.04725 16.10434 16.16497 16.21536 16.26458 16.30513 16.33741 16.36379 16.38387 16.3941 16.39528 16.39489 16.38229 16.36536 16.33977 16.30513 16.263 16.20906 16.14489 16.0752 15.99213 15.90316 15.80513 15.70119 15.5882 15.46654 15.34174 15.21457 15.08229 14.94922 14.80709 14.66969 14.53465 14.4004 14.26497 14.13426 14.00513 13.88465 13.77087 13.65749 13.54292 13.43229
14.12599 14.19292 14.26024 14.32599 14.37678 14.42087 14.46261 14.50552 14.55237 14.60001 14.64764 14.69725 14.74765 14.79883 14.85316 14.91457 14.98032 15.0441 15.11064 15.18032 15.25158 15.32284 15.40119 15.47835 15.55394 15.6256 15.69489 15.76143 15.82678 15.8878 15.94725 15.99922 16.04489 16.0819 16.11064 16.13268 16.14843 16.15591 16.15591 16.14725 16.13308 16.11103 16.08072 16.03938 15.98662 15.92678 15.85591 15.77717 15.69017 15.60001 15.49843 15.39056 15.27599 15.1567 15.03544 14.90946 14.78111 14.6504 14.5193 14.38623 14.25709 14.13032 14.00513 13.88229 13.76694 13.65591 13.54607 13.43268 13.32324
13.7878 13.85355 13.91891 13.98662 14.04174 14.09292 14.13938 14.18662 14.23898 14.29016 14.34056 14.39017 14.43938 14.49135 14.54725 14.60591 14.66969 14.73544 14.80158 14.86851 14.94135 15.01772 15.09371 15.16891 15.24607 15.32324 15.39804 15.47087 15.54253 15.60867 15.67087 15.73072 15.77835 15.82048 15.85394 15.87993 15.9004 15.913 15.91536 15.91221 15.90001 15.87954 15.85158 15.81221 15.76379 15.70473 15.64017 15.56536 15.48426 15.3945 15.30119 15.19804 15.09135 14.97757 14.86261 14.74686 14.62245 14.49765 14.37363 14.24686 14.12245 14.00001 13.88072 13.76694 13.65591 13.54804 13.43741 13.32835 13.22127
13.46142 13.52639 13.59174 13.65709 13.71772 13.77245 13.82284 13.87717 13.93072 13.98268 14.03426 14.08623 14.13741 14.1882 14.24213 14.30198 14.36615 14.42953 14.4945 14.56418 14.63544 14.70867 14.78268 14.85985 14.9378 15.01654 15.09607 15.17245 15.2504 15.32324 15.39017 15.4504 15.50513 15.55158 15.59174 15.62324 15.64765 15.66536 15.67363 15.67402 15.66379 15.64568 15.61694 15.58269 15.53859 15.48584 15.42639 15.35946 15.28229 15.19883 15.10906 15.01458 14.91418 14.80788 14.69922 14.5878 14.47245 14.35394 14.23387 14.11261 13.99331 13.87875 13.76733 13.65434 13.54804 13.44371 13.33662 13.22835 13.12402
13.15788 13.21812 13.28347 13.34489 13.4067 13.46221 13.51615 13.57205 13.62599 13.67914 13.73111 13.78386 13.83702 13.88938 13.94331 14.00198 14.06497 14.13032 14.19489 14.26143 14.3319 14.40709 14.47993 14.55513 14.63268 14.71221 14.79292 14.8756 14.95434 15.0315 15.10119 15.16379 15.2256 15.27757 15.32127 15.35946 15.39017 15.41339 15.42599 15.43032 15.42442 15.40788 15.38308 15.35198 15.31261 15.26851 15.21733 15.15591 15.08662 15.00788 14.92442 14.83898 14.74528 14.64568 14.54253 14.43583 14.32875 14.21418 14.09843 13.98465 13.87324 13.76418 13.65749 13.55158 13.44764 13.34528 13.24095 13.13623 13.03505
12.8819 12.9378 12.99607 13.05591 13.11418 13.16812 13.22284 13.27599 13.33111 13.38465 13.43544 13.48859 13.5441 13.59843 13.65316 13.71024 13.77245 13.83741 13.90119 13.96497 14.03701 14.10946 14.18229 14.25591 14.33268 14.41221 14.49292 14.57599 14.65906 14.73898 14.81103 14.87875 14.94331 15.00001 15.04961 15.09371 15.13032 15.15709 15.1752 15.18229 15.1819 15.17087 15.15276 15.12599 15.09213 15.05552 15.01261 14.95946 14.8945 14.82402 14.75001 14.66969 14.58308 14.49056 14.39371 14.29016 14.18662 14.07835 13.97087 13.86339 13.75828 13.6567 13.55709 13.45512 13.35394 13.25355 13.15237 13.05119 12.95591
12.62796 12.67993 12.73386 12.79056 12.84331 12.89568 12.94725 13.00001 13.05237 13.10198 13.15473 13.20946 13.26261 13.31851 13.37323 13.42993 13.49095 13.55316 13.61497 13.68032 13.74961 13.81772 13.89056 13.963 14.0382 14.11812 14.19961 14.28072 14.36576 14.45158 14.52796 14.6004 14.66339 14.7256 14.78229 14.8315 14.87127 14.90198 14.92324 14.93505 14.94174 14.93938 14.92796 14.9067 14.88111 14.85158 14.81536 14.76654 14.70906 14.64686 14.57993 14.5067 14.42757 14.33898 14.24686 14.15079 14.0504 13.94843 13.84764 13.74764 13.65158 13.55788 13.46261 13.36418 13.26497 13.1689 13.07127 12.97442 12.87757
12.413 12.44253 12.49253 12.54489 12.59489 12.6441 12.69253 12.74292 12.79135 12.83977 12.89174 12.9445 12.99686 13.04843 13.10355 13.15827 13.21575 13.27914 13.34292 13.40394 13.46654 13.53623 13.60709 13.67953 13.75237 13.83032 13.91182 13.99646 14.08583 14.17127 14.25198 14.32796 14.39568 14.46024 14.51969 14.57324 14.6193 14.65001 14.67363 14.69489 14.70985 14.71418 14.70946 14.69765 14.67953 14.65394 14.62245 14.58111 14.5319 14.47599 14.41418 14.34922 14.2756 14.1945 14.10709 14.01694 13.92166 13.8252 13.73308 13.64213 13.55316 13.46379 13.37245 13.27875 13.18111 13.08741 12.99528 12.89804 12.80434
12.23544 12.26497 12.26733 12.31497 12.36615 12.41221 12.45749 12.50394 12.54843 12.59607 12.64371 12.69331 12.74292 12.79056 12.84016 12.8941 12.95158 13.01339 13.0752 13.13426 13.19489 13.26379 13.32993 13.40001 13.47442 13.55158 13.63426 13.72166 13.81261 13.90552 13.99056 14.06536 14.14095 14.20749 14.26851 14.32402 14.37048 14.40631 14.43347 14.46379 14.48426 14.49568 14.49961 14.49528 14.48268 14.46418 14.43898 14.40316 14.35985 14.31182 14.25946 14.19765 14.12993 14.05749 13.97835 13.89016 13.80001 13.71418 13.62953 13.5445 13.45946 13.37363 13.28701 13.1941 13.10198 13.01339 12.92087 12.82599 12.73505
-9999 12.12205 12.11812 12.10591 12.15119 12.19528 12.23977 12.28229 12.32323 12.36733 12.41654 12.45946 12.50394 12.55079 12.59883 12.64804 12.70158 12.76103 12.81969 12.87481 12.93308 12.99686 13.0626 13.12953 13.20276 13.28347 13.37009 13.46221 13.55827 13.65591 13.74331 13.82599 13.90276 13.97048 14.03229 14.09017 14.13702 14.17166 14.20513 14.23741 14.26536 14.28505 14.29686 14.30119 14.29292 14.28268 14.263 14.23505 14.19922 14.15827 14.10906 14.05473 13.9945 13.92757 13.85237 13.77009 13.69135 13.61024 13.52993 13.45237 13.37166 13.28859 13.20237 13.11339 13.02638 12.94056 12.85316 12.76221 12.67127
-9999 -9999 11.97284 11.97127 11.97638 11.99528 12.03623 12.0756 12.11733 12.15749 12.19961 12.24764 12.28701 12.33347 12.38111 12.42678 12.47442 12.52875 12.58347 12.63465 12.68583 12.73898 12.80158 12.8689 12.94686 13.03347 13.1256 13.22481 13.32835 13.42442 13.51182 13.59922 13.68032 13.74961 13.81221 13.86772 13.91418 13.95394 13.98583 14.01812 14.05434 14.08072 14.09922 14.11261 14.11615 14.10788 14.0945 14.0752 14.05001 14.00946 13.96772 13.91891 13.86457 13.80237 13.73268 13.66103 13.58347 13.51103 13.4378 13.363 13.28505 13.20355 13.12245 13.03662 12.95394 12.87245 12.79016 12.70434 12.61851
-9999 -9999 -9999 11.86693 11.85512 11.82402 11.84922 11.88544 11.92481 11.96418 12.00749 12.04843 12.09292 12.13386 12.18111 12.22717 12.27363 12.31969 12.36615 12.41103 12.45631 12.50316 12.55709 12.62481 12.71024 12.8067 12.90906 13.013 13.11457 13.21261 13.30276 13.38938 13.4693 13.54253 13.60591 13.66142 13.71182 13.75001 13.78386 13.81536 13.85119 13.88544 13.91261 13.93229 13.94331 13.94489 13.9378 13.92638 13.90079 13.87284 13.83505 13.79174 13.73938 13.68229 13.62166 13.55198 13.48505 13.41576 13.34961 13.27481 13.20001 13.12402 13.04568 12.96536 12.88505 12.81142 12.73347 12.64961 12.5689
-9999 -9999 -9999 -9999 -9999 11.66221 11.67875 11.71221 11.74883 11.79016 11.82914 11.86851 11.91103 11.95434 11.99922 12.0441 12.08583 12.12914 12.17205 12.21142 12.25079 12.29056 12.33701 12.40946 12.50001 12.60198 12.70749 12.8126 12.91457 13.01221 13.10552 13.19135 13.27205 13.34686 13.41339 13.4756 13.5252 13.56457 13.59804 13.6319 13.66615 13.70158 13.73701 13.76261 13.77914 13.7878 13.78898 13.78032 13.76812 13.73977 13.70709 13.66812 13.62284 13.57009 13.51221 13.45512 13.38977 13.32993 13.26024 13.19174 13.12009 13.04843 12.97442 12.89607 12.81969 12.74686 12.67323 12.59449 12.51575
-9999 -9999 -9999 -9999 -9999 11.49922 11.52166 11.55237 11.59016 11.62835 11.66969 11.70709 11.74843 11.78819 11.83308 11.8756 11.91418 11.95394 11.99292 12.03111 12.06733 12.10394 12.15237 12.22481 12.31615 12.41812 12.52009 12.62127 12.72402 12.82323 12.91694 13.0067 13.09016 13.16576 13.23465 13.29607 13.34961 13.39253 13.42835 13.45867 13.49292 13.5315 13.5689 13.60158 13.6256 13.64095 13.64646 13.64843 13.63583 13.61576 13.58583 13.55198 13.51064 13.46261 13.40985 13.35631 13.30552 13.24016 13.17796 13.10985 13.04174 12.9756 12.90591 12.82953 12.75355 12.6819 12.60985 12.53465 12.45867
-9999 -9999 -9999 -9999 -9999 11.34725 11.37953 11.40945 11.4441 11.48347 11.52402 11.563 11.60158 11.6441 11.68465 11.72481 11.763 11.79804 11.83505 11.87205 11.90631 11.94253 11.99528 12.07048 12.16103 12.25631 12.35079 12.44804 12.54804 12.6504 12.74489 12.83505 12.91733 12.99489 13.06457 13.12678 13.18032 13.22678 13.26182 13.29331 13.3252 13.36615 13.40985 13.44883 13.47875 13.49686 13.51064 13.51654 13.513 13.49528 13.47009 13.43938 13.40079 13.35946 13.31339 13.26536 13.20985 13.15709 13.09449 13.02993 12.96694 12.90355 12.8378 12.763 12.6878 12.61654 12.54646 12.4752 12.40512
-9999 -9999 -9999 -9999 11.1756 11.22284 11.25158 11.2815 11.31615 11.35276 11.39292 11.43308 11.47481 11.51457 11.55552 11.59489 11.63229 11.66693 11.70197 11.7378 11.77087 11.80867 11.86221 11.9378 12.02757 12.11733 12.20749 12.3004 12.39568 12.49292 12.58938 12.67717 12.75867 12.83308 12.90591 12.96851 13.02205 13.06772 13.10591 13.13505 13.16812 13.21142 13.25946 13.30513 13.3378 13.36182 13.37953 13.39331 13.39331 13.37993 13.35749 13.33111 13.29843 13.26064 13.2193 13.17284 13.1252 13.07245 13.01418 12.95197 12.89292 12.83426 12.77048 12.69686 12.62245 12.55355 12.4882 12.42166 12.35316
-9999 -9999 -9999 -9999 11.08701 11.11693 11.14134 11.16969 11.20276 11.23859 11.27835 11.32008 11.35985 11.40119 11.44292 11.48426 11.52323 11.55985 11.59607 11.63032 11.6626 11.69725 11.7504 11.8256 11.90985 11.99568 12.08347 12.17323 12.2626 12.35276 12.44331 12.53111 12.60985 12.68583 12.75749 12.82087 12.87599 12.92481 12.96261 12.98859 13.02166 13.0693 13.12048 13.17009 13.20867 13.23544 13.25631 13.27284 13.27953 13.2693 13.25198 13.22835 13.20119 13.16812 13.12914 13.08623 13.04253 12.99174 12.93465 12.87875 12.82166 12.76615 12.70473 12.63426 12.56379 12.49764 12.43386 12.36851 12.30198
-9999 -9999 -9999 -9999 11.00867 11.01772 11.04292 11.07048 11.10237 11.13977 11.17914 11.21851 11.26182 11.30276 11.34607 11.39016 11.43111 11.46969 11.50827 11.54331 11.57481 11.60827 11.65749 11.72914 11.80788 11.89056 11.9756 12.06064 12.14528 12.23032 12.31575 12.39607 12.47402 12.54922 12.61851 12.68544 12.74213 12.78701 12.82481 12.85434 12.88701 12.93544 12.99449 13.04804 13.08898 13.1189 13.14135 13.16103 13.1693 13.16457 13.15001 13.13072 13.1067 13.07835 13.04371 13.00276 12.95867 12.91142 12.86064 12.80591 12.75237 12.70001 12.64174 12.57599 12.50946 12.44607 12.38072 12.31536 12.25198
-9999 -9999 -9999 -9999 10.93505 10.93229 10.95237 10.98071 11.01418 11.05276 11.09134 11.13386 11.17678 11.21851 11.26457 11.30906 11.35316 11.3941 11.43308 11.47087 11.50434 11.53819 11.58465 11.64922 11.72363 11.80237 11.88308 11.96497 12.04449 12.12481 12.20119 12.27875 12.35316 12.4256 12.49253 12.55749 12.61221 12.6567 12.69292 12.72363 12.76182 12.81379 12.87599 12.93268 12.97835 13.00985 13.03347 13.05237 13.06418 13.0626 13.05001 13.03583 13.01536 12.98938 12.95631 12.92008 12.87796 12.83347 12.78583 12.73426 12.68505 12.63426 12.57914 12.51733 12.45394 12.39056 12.32638 12.26339 12.20001
-9999 -9999 -9999 -9999 -9999 10.85709 10.87599 10.90591 10.93859 10.9756 11.0189 11.06064 11.10512 11.14843 11.19489 11.24213 11.28819 11.3315 11.37127 11.413 11.44961 11.48465 11.52875 11.58701 11.6567 11.73032 11.8063 11.88347 11.95945 12.03111 12.10197 12.17599 12.24528 12.31221 12.37914 12.43623 12.48701 12.53347 12.56969 12.59922 12.64607 12.70434 12.76654 12.82678 12.87323 12.90552 12.92914 12.95237 12.963 12.96418 12.95867 12.9441 12.9252 12.90355 12.8752 12.83898 12.79922 12.75946 12.71339 12.66694 12.6193 12.56812 12.51379 12.45512 12.3941 12.32953 12.27048 12.20867 12.14686
-9999 -9999 -9999 -9999 -9999 10.80001 10.81064 10.83977 10.8752 10.91378 10.95434 10.99607 11.04095 11.09095 11.13465 11.18386 11.2319 11.27796 11.32363 11.36615 11.40512 11.44174 11.48347 11.53701 11.60079 11.66969 11.74016 11.81142 11.8819 11.95001 12.01457 12.08111 12.14646 12.21064 12.27009 12.32442 12.37245 12.41497 12.4504 12.49135 12.54253 12.60316 12.66851 12.72953 12.77442 12.80394 12.83387 12.85709 12.87127 12.87284 12.87048 12.85906 12.84253 12.82284 12.79528 12.75985 12.72363 12.68662 12.64528 12.59961 12.55237 12.50276 12.44843 12.39016 12.32914 12.27009 12.21339 12.15434 12.09725
-9999 -9999 -9999 -9999 -9999 10.7563 10.76693 10.78701 10.82481 10.86142 10.90119 10.94213 10.9878 11.03465 11.08347 11.13268 11.18465 11.23308 11.27953 11.3252 11.36654 11.40434 11.44567 11.49449 11.55079 11.61457 11.68071 11.74725 11.81339 11.8752 11.93701 11.9941 12.05788 12.11851 12.17166 12.22166 12.26694 12.30552 12.34607 12.39568 12.45158 12.51772 12.58308 12.64016 12.68268 12.71969 12.74725 12.77087 12.78623 12.79095 12.78701 12.77835 12.7626 12.74135 12.71457 12.68426 12.64883 12.61103 12.57048 12.52757 12.4819 12.43544 12.38308 12.32481 12.26615 12.21182 12.15631 12.10197 12.04843
-9999 -9999 -9999 -9999 -9999 -9999 10.73504 10.75079 10.78111 10.81772 10.85394 10.89764 10.93938 10.98505 11.0378 11.08859 11.14056 11.19056 11.23819 11.28347 11.33111 11.37166 11.41142 11.45631 11.50709 11.56497 11.62678 11.6878 11.74843 11.80867 11.86379 11.9193 11.97678 12.03347 12.08308 12.12717 12.16851 12.21064 12.25749 12.313 12.37481 12.44174 12.50552 12.55945 12.60434 12.64056 12.67048 12.68977 12.7067 12.71142 12.70709 12.69804 12.68426 12.66339 12.63623 12.60473 12.57166 12.53583 12.49449 12.45119 12.4067 12.363 12.31615 12.25985 12.20394 12.15394 12.09883 12.04725 11.99371
-9999 -9999 -9999 -9999 -9999 -9999 -9999 10.71457 10.74213 10.77717 10.81418 10.85119 10.89686 10.9441 10.99489 11.04489 11.09528 11.14567 11.19449 11.24607 11.29095 11.33662 11.37875 11.42284 11.47008 11.52323 11.57914 11.63583 11.69253 11.74568 11.79725 11.85119 11.90394 11.95473 11.99922 12.04134 12.08347 12.12875 12.18544 12.24646 12.31103 12.37363 12.43308 12.48701 12.52953 12.56418 12.59253 12.6193 12.62442 12.63072 12.62914 12.61969 12.60473 12.58505 12.56103 12.52993 12.49528 12.46182 12.42166 12.37599 12.33426 12.29213 12.24725 12.19686 12.14292 12.09292 12.04449 11.99253 11.93898
