ASPA-UH-SWB2_REPO/input/Gridded_rain/prism_ppt_tutuila_30yr_normal_08.asc
ncols         350
nrows         200
xllcorner     515000
yllcorner     8409000
cellsize      100
NODATA_value  -9999
[rows 124 to 154 of 200, columns 69 to 137 of 350]
12.38938 12.39646 12.39922 12.39961 12.4004 12.40316 12.40867 12.41536 12.42481 12.4382 12.45709 12.48347 12.51615 12.54961 12.58308 12.62284 12.66654 12.71064 12.75552 12.80512 12.85394 12.90001 12.94331 12.98544 13.02363 13.05985 13.09174 13.11615 13.13229 13.14135 13.14253 13.13387 13.11576 13.0882 13.04883 12.99961 12.93859 12.86497 12.78111 12.68386 12.57481 12.45788 12.32875 12.18505 12.02796 11.85867 11.68268 11.49686 11.30276 11.1004 10.89095 10.68071 10.4693 10.25906 10.05552 9.861423 9.677171 9.501579 9.339768 9.185044 9.031895 8.88465 8.74213 8.600792 8.466539 8.338587 8.218508 8.104729 8.000792
12.17087 12.18386 12.18938 12.18662 12.18308 12.18111 12.1815 12.18426 12.19016 12.19961 12.21497 12.23741 12.26615 12.29804 12.33386 12.37205 12.41497 12.45946 12.50473 12.55434 12.60512 12.65158 12.69568 12.73741 12.77717 12.81379 12.84725 12.8756 12.89528 12.90631 12.90985 12.90749 12.8941 12.8693 12.83347 12.78583 12.72953 12.66064 12.57875 12.48505 12.38072 12.26654 12.13977 11.99883 11.84371 11.67678 11.50079 11.3189 11.12796 10.92953 10.7252 10.52008 10.31457 10.10827 9.906304 9.71221 9.524414 9.349611 9.186619 9.029926 8.881107 8.736619 8.593311 8.455516 8.322445 8.197642 8.079138 7.970477 7.868902
11.92993 11.95158 11.96497 11.96694 11.95985 11.95355 11.94843 11.94686 11.94882 11.95394 11.96457 11.98268 12.00473 12.03308 12.06733 12.10788 12.14882 12.1941 12.24174 12.29056 12.34095 12.39174 12.4378 12.4815 12.52127 12.55867 12.59568 12.62599 12.64843 12.66379 12.67087 12.67048 12.66024 12.63859 12.60631 12.563 12.51024 12.44764 12.3693 12.27953 12.17875 12.06575 11.94134 11.80434 11.65197 11.48741 11.31615 11.13701 10.95119 10.75749 10.56024 10.35985 10.16024 9.960241 9.763784 9.572052 9.382682 9.20906 9.044493 8.888587 8.738981 8.594099 8.453941 8.317327 8.188193 8.068902 7.95591 7.850398 7.751579
11.6689 11.70119 11.72323 11.73426 11.72875 11.71733 11.70552 11.69961 11.69725 11.70001 11.70709 11.72048 11.73898 11.76103 11.79056 11.82796 11.87048 11.913 11.96182 12.01182 12.063 12.11418 12.16693 12.2126 12.25355 12.29331 12.33347 12.36733 12.39213 12.41182 12.42323 12.42402 12.41536 12.39725 12.36733 12.33072 12.28386 12.22205 12.14961 12.06339 11.96536 11.85512 11.73268 11.59882 11.4504 11.29213 11.12599 10.95276 10.77205 10.58426 10.3941 10.20197 10.00749 9.813785 9.624808 9.4378 9.25591 9.078745 8.914572 8.760241 8.610635 8.466933 8.329138 8.194492 8.068508 7.956303 7.848035 7.745673 7.648823
11.3941 11.43623 11.46772 11.48662 11.48465 11.47008 11.45355 11.44016 11.43465 11.43505 11.44056 11.45276 11.46694 11.48623 11.50867 11.53977 11.58032 11.62205 11.66615 11.71733 11.76694 11.82048 11.87678 11.92678 11.97009 12.01221 12.05394 12.09213 12.12127 12.14213 12.15906 12.163 12.15946 12.14371 12.11969 12.08662 12.04253 11.98544 11.91575 11.83308 11.73741 11.63229 11.51575 11.38347 11.24134 11.09095 10.93386 10.76457 10.59016 10.41221 10.22756 10.04331 9.857092 9.672839 9.489375 9.310241 9.134256 8.959454 8.796067 8.643312 8.497249 8.354729 8.217721 8.087012 7.966146 7.85276 7.750004 7.64961 7.55276
11.11812 11.16142 11.20197 11.22717 11.22993 11.21694 11.19686 11.17914 11.16851 11.16575 11.17087 11.18032 11.19095 11.20355 11.22402 11.25001 11.28386 11.32284 11.36575 11.40945 11.45945 11.51221 11.57008 11.62245 11.66969 11.71418 11.75631 11.79646 11.82914 11.85788 11.87481 11.88701 11.8878 11.87796 11.86103 11.82993 11.78938 11.73741 11.66969 11.59213 11.50197 11.40434 11.29213 11.16654 11.0315 10.89095 10.73859 10.57717 10.41103 10.23938 10.06654 9.888194 9.710635 9.533075 9.359847 9.187407 9.014178 8.846855 8.689375 8.535831 8.391737 8.253942 8.118508 7.98898 7.868114 7.758666 7.655122 7.554729 7.459059
10.84213 10.88583 10.93032 10.96182 10.97127 10.95867 10.9378 10.92166 10.90788 10.90001 10.90079 10.90473 10.91142 10.91969 10.93583 10.95985 10.98701 11.02323 11.06182 11.10237 11.14489 11.19961 11.25394 11.30906 11.3567 11.40237 11.44843 11.48819 11.52481 11.55316 11.58071 11.59764 11.60512 11.60079 11.58623 11.56339 11.52757 11.47875 11.41693 11.34646 11.26497 11.17205 11.06693 10.95276 10.82599 10.68898 10.54686 10.39764 10.23544 10.07402 9.907879 9.741343 9.568903 9.398036 9.232682 9.068115 8.899611 8.738981 8.583469 8.438193 8.294493 8.157878 8.02402 7.895673 7.776776 7.666146 7.561815 7.464571 7.37087
10.5689 10.61418 10.65945 10.69331 10.70749 10.69843 10.67993 10.66339 10.65001 10.63898 10.63229 10.63111 10.6319 10.63662 10.64843 10.66812 10.6941 10.72402 10.75867 10.79646 10.83819 10.88426 10.9378 10.99174 11.04134 11.08819 11.13268 11.1752 11.21182 11.25001 11.27717 11.30001 11.31221 11.31379 11.30552 11.2878 11.25749 11.21379 11.16457 11.09961 11.02678 10.94213 10.84567 10.74016 10.62245 10.49449 10.36063 10.21536 10.06693 9.912997 9.756698 9.595675 9.431108 9.268509 9.107879 8.947642 8.79213 8.633469 8.483469 8.340161 8.201185 8.064571 7.934256 7.807091 7.689374 7.581106 7.47835 7.380713 7.289374
10.29686 10.34371 10.38938 10.42756 10.43977 10.43386 10.41851 10.40237 10.38938 10.37756 10.36654 10.36024 10.3567 10.35788 10.36457 10.38071 10.40394 10.42835 10.45788 10.49371 10.53268 10.57481 10.6252 10.67599 10.72678 10.77481 10.82087 10.86457 10.9067 10.9441 10.97914 11.00473 11.02245 11.02953 11.02599 11.013 10.99056 10.95709 10.913 10.8567 10.79174 10.71615 10.63032 10.5315 10.42127 10.30315 10.1752 10.03977 9.898824 9.756698 9.606304 9.453942 9.29843 9.142131 8.988587 8.83465 8.683075 8.533863 8.388193 8.24528 8.109059 7.97717 7.849216 7.725595 7.610634 7.504334 7.405122 7.308271 7.216539
10.0256 10.07245 10.11733 10.15827 10.17245 10.17048 10.1563 10.14056 10.12875 10.11654 10.10512 10.09528 10.08741 10.08504 10.08898 10.09843 10.11575 10.13819 10.16418 10.19331 10.23032 10.27284 10.31733 10.363 10.41182 10.46182 10.51024 10.55749 10.60355 10.64449 10.68111 10.71379 10.73465 10.74804 10.75119 10.74489 10.73032 10.70512 10.66772 10.62127 10.56339 10.49489 10.41693 10.32599 10.2256 10.11378 9.996856 9.870478 9.739375 9.601974 9.462604 9.316934 9.170871 9.021264 8.874021 8.729138 8.581107 8.435831 8.295673 8.156697 8.022445 7.892918 7.767327 7.649217 7.537799 7.434256 7.334256 7.240161 7.148429
9.754335 9.802761 9.849217 9.887406 9.905517 9.904336 9.892525 9.880713 9.868115 9.85473 9.842525 9.831895 9.823234 9.816541 9.815753 9.823234 9.837406 9.854336 9.875596 9.903942 9.936226 9.973233 10.013 10.05709 10.10355 10.15237 10.20315 10.25158 10.30197 10.34804 10.38819 10.42205 10.45001 10.4693 10.48071 10.4819 10.47402 10.45749 10.42953 10.39134 10.33977 10.27875 10.20512 10.12441 10.03268 9.931895 9.82402 9.70906 9.585044 9.456697 9.323627 9.188193 9.048823 8.907879 8.76654 8.626383 8.485831 8.345674 8.207878 8.072051 7.940162 7.814965 7.694492 7.575988 7.468114 7.36772 7.270082 7.1752 7.083468
9.492131 9.538981 9.586619 9.621264 9.639769 9.638981 9.63032 9.620084 9.607485 9.594099 9.580713 9.569296 9.560241 9.553548 9.550399 9.554336 9.564965 9.580713 9.59843 9.620872 9.650005 9.685438 9.721265 9.761422 9.805517 9.852761 9.902761 9.955123 10.00512 10.05434 10.09764 10.13426 10.1693 10.19489 10.21182 10.22166 10.22323 10.21497 10.19449 10.16378 10.12048 10.06575 10 9.926383 9.843706 9.754729 9.657879 9.551579 9.438194 9.31654 9.191737 9.066147 8.93465 8.800005 8.664572 8.528745 8.394886 8.257878 8.122445 7.991736 7.864571 7.74213 7.624413 7.511421 7.405516 7.306303 7.21024 7.116539 7.024807
9.2441 9.289375 9.331501 9.364178 9.379533 9.378745 9.37284 9.362603 9.35158 9.338982 9.324808 9.313391 9.305516 9.298823 9.29528 9.296068 9.303548 9.316934 9.331107 9.349217 9.376383 9.407091 9.440163 9.476383 9.517721 9.562997 9.611423 9.662997 9.716146 9.767721 9.813391 9.855124 9.894099 9.925595 9.950006 9.967722 9.977171 9.975989 9.964178 9.939375 9.905123 9.858273 9.802761 9.737013 9.662997 9.583863 9.498036 9.401974 9.294887 9.183076 9.068508 8.948824 8.825201 8.698036 8.568508 8.435437 8.304335 8.172445 8.042917 7.916146 7.792917 7.675201 7.562603 7.453154 7.348823 7.250791 7.155909 7.062996 6.974413
9.009454 9.051186 9.088588 9.117722 9.129532 9.129926 9.124808 9.117328 9.106698 9.092525 9.081501 9.072446 9.062997 9.057092 9.052367 9.051579 9.056698 9.065359 9.076383 9.092918 9.114965 9.139375 9.16969 9.202761 9.240556 9.284257 9.331501 9.380713 9.43465 9.49095 9.54095 9.588194 9.627564 9.665753 9.69843 9.723627 9.738981 9.7441 9.738194 9.720871 9.696462 9.661029 9.614572 9.557092 9.492918 9.423233 9.346067 9.256698 9.158666 9.05591 8.949217 8.8378 8.721658 8.59843 8.473626 8.347248 8.218115 8.090949 7.966539 7.844886 7.727957 7.616146 7.506697 7.39961 7.296461 7.200791 7.107878 7.016539 6.924019
8.806304 8.826383 8.858666 8.883076 8.892918 8.89528 8.891343 8.885044 8.875201 8.86339 8.853942 8.844887 8.836618 8.827957 8.823233 8.820477 8.821658 8.829532 8.839768 8.850004 8.864178 8.887012 8.912996 8.942918 8.976382 9.016147 9.061422 9.112997 9.170477 9.22717 9.281501 9.332288 9.377171 9.418902 9.456304 9.487407 9.510634 9.51969 9.518903 9.512997 9.498824 9.472053 9.43465 9.388194 9.333469 9.270083 9.199218 9.118902 9.029926 8.93465 8.834256 8.731107 8.620871 8.504335 8.384256 8.262603 8.138193 8.015359 7.897248 7.7815 7.669689 7.560634 7.454728 7.351185 7.248429 7.153547 7.062996 6.969688 6.877956
8.635044 8.653941 8.640555 8.660634 8.67402 8.676776 8.674414 8.668509 8.65906 8.650792 8.640949 8.632288 8.623627 8.613784 8.606303 8.60276 8.603154 8.608273 8.614965 8.621658 8.631106 8.649611 8.668902 8.693706 8.724808 8.762209 8.808272 8.861815 8.921659 8.984651 9.043312 9.094493 9.145674 9.190163 9.229138 9.263784 9.289768 9.305123 9.311028 9.315753 9.30906 9.291737 9.264178 9.226776 9.179138 9.124808 9.061815 8.988194 8.906303 8.819296 8.728351 8.629138 8.524808 8.41654 8.303548 8.183469 8.06339 7.948823 7.836225 7.724413 7.615358 7.509453 7.40709 7.303941 7.204728 7.112602 7.019689 6.926382 6.835436
-9999 8.50906 8.490162 8.457484 8.469296 8.47402 8.474808 8.470477 8.462209 8.453941 8.449217 8.438193 8.42835 8.420083 8.412996 8.406303 8.404335 8.406697 8.40906 8.41024 8.414178 8.425201 8.440162 8.458666 8.486619 8.526776 8.576777 8.635044 8.699611 8.767327 8.827957 8.885044 8.937013 8.981894 9.022052 9.05906 9.085832 9.101974 9.115753 9.125201 9.127563 9.11969 9.101186 9.073627 9.032681 8.987013 8.931107 8.865752 8.79213 8.712996 8.625989 8.533863 8.436225 8.333862 8.224808 8.109847 7.999217 7.888193 7.77835 7.672445 7.566539 7.462996 7.360634 7.259452 7.163783 7.072444 6.981894 6.890161 6.797641
-9999 -9999 8.342524 8.321658 8.303942 8.290162 8.291737 8.288587 8.285831 8.278745 8.271658 8.268902 8.257878 8.251973 8.246067 8.238194 8.231501 8.229138 8.22717 8.222838 8.218508 8.217327 8.225201 8.240949 8.272445 8.31772 8.373627 8.438981 8.509847 8.575595 8.635044 8.694886 8.749611 8.794887 8.83465 8.869296 8.896068 8.917328 8.931107 8.942918 8.955123 8.954729 8.944492 8.926776 8.897642 8.855516 8.806698 8.750005 8.687406 8.610241 8.530713 8.444492 8.35276 8.254335 8.150004 8.044493 7.935437 7.830713 7.725988 7.622445 7.518901 7.416539 7.318114 7.218901 7.125594 7.03583 6.948822 6.859452 6.770082
-9999 -9999 -9999 8.219296 8.185043 8.13465 8.127957 8.127563 8.126382 8.12402 8.122839 8.118114 8.114178 8.106697 8.102366 8.096067 8.088193 8.079532 8.069689 8.058271 8.046461 8.03583 8.033468 8.048823 8.086225 8.140555 8.205122 8.274414 8.342131 8.407878 8.467721 8.525201 8.577563 8.625201 8.664572 8.69843 8.727957 8.748036 8.763784 8.776776 8.790162 8.799217 8.798429 8.7878 8.76654 8.734257 8.69213 8.644886 8.582682 8.517327 8.44213 8.361028 8.272052 8.178744 8.083075 7.979138 7.879138 7.776382 7.677169 7.574019 7.473232 7.375594 7.27835 7.183074 7.090161 7.005909 6.921263 6.832287 6.745673
-9999 -9999 -9999 -9999 -9999 7.988587 7.982287 7.986225 7.988193 7.991736 7.99213 7.990161 7.98898 7.985831 7.982287 7.975988 7.965752 7.953941 7.940162 7.921264 7.901973 7.882681 7.872051 7.891737 7.93465 7.994099 8.060634 8.127563 8.192918 8.25591 8.316146 8.371264 8.422839 8.470083 8.511028 8.549217 8.577563 8.597248 8.61339 8.629138 8.643705 8.655123 8.662996 8.65906 8.643705 8.618902 8.585438 8.541343 8.491736 8.426776 8.357091 8.280713 8.198429 8.109453 8.01654 7.92402 7.824413 7.729532 7.627957 7.529531 7.432287 7.337405 7.243704 7.148823 7.057878 6.972838 6.890555 6.804334 6.718114
-9999 -9999 -9999 -9999 -9999 7.851973 7.856303 7.862209 7.870477 7.876382 7.883075 7.884256 7.885831 7.883469 7.8815 7.875201 7.862602 7.848035 7.829138 7.807091 7.7815 7.756303 7.746854 7.768114 7.814177 7.873626 7.935043 7.996461 8.059059 8.119689 8.17717 8.233075 8.285044 8.330713 8.372839 8.40906 8.439374 8.462209 8.479138 8.49213 8.507091 8.523232 8.534256 8.538194 8.530319 8.512997 8.483863 8.449217 8.401185 8.343705 8.277169 8.206304 8.12835 8.044493 7.95591 7.866146 7.778744 7.679532 7.58465 7.487012 7.392523 7.302366 7.211421 7.116539 7.0252 6.939767 6.856697 6.772444 6.687799
-9999 -9999 -9999 -9999 -9999 7.73465 7.748823 7.757878 7.768114 7.779531 7.789374 7.795673 7.798429 7.801579 7.798823 7.79213 7.779925 7.762209 7.740555 7.715752 7.685043 7.657091 7.651185 7.675988 7.723232 7.777169 7.830319 7.885437 7.942917 8.00276 8.057485 8.110634 8.15906 8.204729 8.24528 8.281107 8.310635 8.33465 8.350398 8.364572 8.377957 8.396854 8.414571 8.424808 8.423626 8.409847 8.388587 8.358665 8.31772 8.263391 8.201973 8.13465 8.059847 7.981894 7.899217 7.814571 7.723232 7.635043 7.540555 7.446461 7.355909 7.26772 7.179138 7.084649 6.992523 6.906303 6.823232 6.740948 6.660634
-9999 -9999 -9999 -9999 7.612209 7.643705 7.657878 7.669689 7.683862 7.696854 7.709846 7.72087 7.729532 7.733075 7.733862 7.728744 7.717721 7.69961 7.677169 7.649217 7.615752 7.587012 7.5815 7.607484 7.653547 7.701579 7.74961 7.799217 7.850398 7.903154 7.956303 8.004334 8.049216 8.089768 8.130713 8.164965 8.193312 8.215753 8.233469 8.244493 8.258666 8.280319 8.303154 8.31969 8.322445 8.314178 8.297248 8.27402 8.2378 8.188193 8.129532 8.066934 7.998035 7.922839 7.844886 7.761421 7.677169 7.589767 7.49961 7.407878 7.320476 7.235043 7.147248 7.053153 6.960633 6.8752 6.794885 6.715752 6.635437
-9999 -9999 -9999 -9999 7.550004 7.569689 7.583075 7.597641 7.613783 7.629925 7.646854 7.662209 7.673232 7.6815 7.686224 7.685437 7.677563 7.662602 7.640949 7.611815 7.575988 7.543705 7.536224 7.561421 7.601579 7.644098 7.687406 7.7315 7.775988 7.821264 7.867327 7.912209 7.952366 7.990949 8.027957 8.060634 8.087799 8.111815 8.127563 8.135831 8.150004 8.175201 8.201185 8.222445 8.230713 8.225595 8.212603 8.193312 8.162996 8.117721 8.064178 8.003942 7.939768 7.869296 7.792917 7.71339 7.633075 7.548035 7.459453 7.372445 7.286224 7.203153 7.116539 7.024807 6.934649 6.850397 6.770082 6.690555 6.611421
-9999 -9999 -9999 -9999 7.49646 7.503153 7.520082 7.537799 7.55709 7.578351 7.598823 7.616933 7.63465 7.646461 7.655516 7.66024 7.656697 7.645673 7.627169 7.598429 7.562209 7.527169 7.514571 7.534649 7.567327 7.603547 7.640949 7.678744 7.716539 7.755122 7.794886 7.831894 7.868114 7.903941 7.937012 7.969296 7.99528 8.014177 8.028745 8.038193 8.051972 8.078744 8.111028 8.136225 8.146854 8.145674 8.135437 8.119689 8.092524 8.051972 8.001972 7.945673 7.884256 7.818114 7.746067 7.668508 7.588193 7.506697 7.423232 7.337012 7.253547 7.172838 7.088586 7.000004 6.912602 6.829531 6.746854 6.666145 6.58898
-9999 -9999 -9999 -9999 7.448429 7.450397 7.466933 7.48898 7.51339 7.539768 7.564177 7.588587 7.61024 7.626776 7.641736 7.650004 7.65276 7.646067 7.629925 7.605122 7.570083 7.533468 7.516146 7.526382 7.551579 7.580712 7.611028 7.64213 7.672445 7.704335 7.73465 7.76654 7.798036 7.829138 7.858272 7.886618 7.909059 7.925595 7.937406 7.946461 7.963784 7.993311 8.029138 8.057485 8.072839 8.073627 8.064965 8.04961 8.025989 7.98898 7.940949 7.889374 7.8315 7.767721 7.697248 7.62402 7.545673 7.466539 7.38583 7.30276 7.222445 7.142523 7.061027 6.974807 6.889374 6.805515 6.722445 6.642917 6.56457
-9999 -9999 -9999 -9999 -9999 7.409059 7.42835 7.454728 7.482681 7.511815 7.544098 7.572051 7.598429 7.62087 7.640555 7.654728 7.662602 7.660634 7.649217 7.629531 7.597248 7.560634 7.537405 7.537405 7.553941 7.574807 7.597248 7.620083 7.643311 7.664965 7.687799 7.714571 7.739374 7.764177 7.790555 7.811815 7.829532 7.84528 7.855516 7.862602 7.886225 7.92087 7.956697 7.987799 8.004728 8.006697 7.998823 7.987406 7.962996 7.928744 7.886618 7.835043 7.778744 7.719296 7.65276 7.580319 7.504728 7.429532 7.350398 7.271264 7.192523 7.111814 7.030319 6.946854 6.862208 6.776381 6.696854 6.617326 6.539767
-9999 -9999 -9999 -9999 -9999 7.384649 7.401185 7.429925 7.46339 7.497642 7.531894 7.564571 7.595673 7.626776 7.64961 7.670083 7.683075 7.687012 7.682681 7.666933 7.63898 7.603547 7.574807 7.564177 7.569689 7.581893 7.595673 7.609453 7.62402 7.638193 7.65276 7.670083 7.68898 7.709059 7.727957 7.744886 7.758666 7.770083 7.77835 7.794098 7.821264 7.857878 7.896067 7.927957 7.943311 7.943705 7.940555 7.928744 7.907485 7.873232 7.83465 7.786224 7.731894 7.674413 7.609453 7.537799 7.465752 7.393311 7.318114 7.239768 7.161421 7.0815 6.999216 6.915751 6.830318 6.748822 6.670869 6.592523 6.518114
-9999 -9999 -9999 -9999 -9999 7.370082 7.38898 7.416539 7.455122 7.49213 7.529531 7.566145 7.603154 7.636618 7.667327 7.69213 7.711028 7.719689 7.718114 7.707484 7.685043 7.65276 7.621264 7.601973 7.594492 7.597248 7.602366 7.608272 7.614177 7.619295 7.626776 7.634256 7.648036 7.662209 7.673626 7.685043 7.695673 7.702366 7.713783 7.737799 7.768902 7.809453 7.847248 7.875595 7.88898 7.894099 7.889374 7.877957 7.85709 7.825988 7.785831 7.740161 7.687012 7.628744 7.564964 7.498035 7.427563 7.354728 7.279925 7.203941 7.126381 7.049216 6.968507 6.883862 6.800397 6.722051 6.644492 6.569688 6.497247
-9999 -9999 -9999 -9999 -9999 -9999 7.388587 7.416933 7.45276 7.493311 7.533075 7.575594 7.614964 7.65276 7.688587 7.715358 7.73465 7.744099 7.744886 7.737012 7.722445 7.696067 7.664965 7.641343 7.625988 7.619295 7.616933 7.61339 7.610634 7.609059 7.607484 7.609059 7.614177 7.622051 7.627957 7.632681 7.637799 7.646854 7.664571 7.693311 7.730319 7.771657 7.807091 7.831106 7.84528 7.84961 7.846461 7.831894 7.812603 7.781106 7.740555 7.694492 7.643311 7.585831 7.522445 7.455516 7.386224 7.314964 7.240161 7.163783 7.087405 7.012602 6.936224 6.852759 6.771263 6.695673 6.618114 6.545279 6.471263
-9999 -9999 -9999 -9999 -9999 -9999 -9999 7.420083 7.455909 7.498035 7.542523 7.585043 7.630319 7.670476 7.70276 7.726382 7.742524 7.751185 7.751973 7.748035 7.736618 7.720083 7.696461 7.673232 7.655516 7.644098 7.635437 7.625595 7.614571 7.603941 7.594492 7.589767 7.587799 7.587799 7.587012 7.587406 7.59213 7.604728 7.631106 7.665358 7.705516 7.74213 7.772445 7.79528 7.806303 7.808665 7.803154 7.794098 7.765358 7.735044 7.696854 7.651185 7.598823 7.542917 7.482287 7.415358 7.345673 7.277169 7.20276 7.124413 7.050397 6.976775 6.901578 6.823232 6.742523 6.666933 6.594885 6.520476 6.446066
