ASPA-UH-SWB2_REPO/input/Gridded_rain/prism_ppt_tutuila_30yr_normal_04.asc
ncols         350
nrows         200
xllcorner     515000
yllcorner     8409000
cellsize      100
NODATA_value  -9999
[rows 62 to 92 of 200, columns 276 to 344 of 350]
10.32127 10.3067 10.29843 10.28071 10.2693 10.25079 10.23465 10.21457 10.19607 10.17835 10.16142 10.13662 10.1126 10.0878 10.06221 10.03308 10 9.962997 9.917722 9.873627 9.825596 9.773233 9.717722 9.664178 9.601186 9.533469 9.455123 9.372052 9.279139 9.168509 9.039768 8.892131 8.74213 8.60276 8.480319 8.368508 8.259059 8.151579 8.04213 7.9315 7.822839 7.716539 7.611815 7.511027 7.408665 7.306303 7.218508 7.132287 7.071657 7.038586 -9999 -9999 -9999 -9999 -9999 -9999 -9999 -9999 -9999 -9999 -9999 -9999 -9999 -9999 -9999 -9999 -9999 -9999 -9999
10.27914 10.27678 10.26615 10.25709 10.24095 10.23032 10.2126 10.19371 10.17678 10.1626 10.14174 10.11733 10.08938 10.06457 10.03859 10.00473 9.970871 9.931501 9.885438 9.833076 9.779139 9.722445 9.666934 9.603548 9.538588 9.467328 9.388981 9.300399 9.209847 9.106698 8.97717 8.831501 8.683075 8.542524 8.40906 8.288194 8.176776 8.069689 7.96024 7.850791 7.746067 7.642524 7.542917 7.448822 7.354334 7.26024 7.174413 7.102759 7.053153 7.032287 -9999 -9999 -9999 -9999 -9999 -9999 -9999 -9999 -9999 -9999 -9999 -9999 -9999 -9999 -9999 -9999 -9999 -9999 -9999
10.2319 10.22441 10.21851 10.2126 10.20355 10.18819 10.17481 10.15985 10.14567 10.1256 10.10394 10.0815 10.05394 10.02638 9.993312 9.959454 9.923627 9.876777 9.828352 9.77599 9.715753 9.65906 9.594887 9.529926 9.461422 9.386619 9.30591 9.222052 9.126383 9.023626 8.901973 8.763784 8.618902 8.475988 8.340161 8.215359 8.097248 7.981894 7.875988 7.772445 7.668114 7.568902 7.475595 7.384256 7.298035 7.214177 7.140555 7.081106 7.043705 7.023626 -9999 -9999 -9999 -9999 -9999 -9999 -9999 -9999 -9999 -9999 -9999 -9999 -9999 -9999 -9999 -9999 -9999 -9999 -9999
10.15827 10.16103 10.15749 10.15158 10.14489 10.13426 10.12166 10.10788 10.09134 10.0756 10.05315 10.02442 9.998824 9.96969 9.935832 9.898824 9.85473 9.80906 9.754729 9.697249 9.642131 9.578745 9.511422 9.444493 9.374414 9.297643 9.217327 9.131107 9.037012 8.931107 8.814965 8.683075 8.544887 8.407091 8.273232 8.143312 8.020082 7.908272 7.800004 7.696461 7.596461 7.500004 7.411815 7.327169 7.24961 7.179531 7.118507 7.072838 7.040555 7.027169 -9999 -9999 -9999 -9999 -9999 -9999 -9999 -9999 -9999 -9999 -9999 -9999 -9999 -9999 -9999 -9999 -9999 -9999 -9999
10.06772 10.07481 10.07993 10.0756 10.0689 10.06457 10.05394 10.0378 10.02402 10.00315 9.977958 9.950792 9.923233 9.894493 9.859848 9.818903 9.774021 9.726383 9.671265 9.608273 9.545674 9.481501 9.414572 9.344887 9.27284 9.200005 9.11969 9.028351 8.935831 8.835044 8.719689 8.593705 8.462996 8.332288 8.203547 8.076776 7.95591 7.843705 7.731894 7.6315 7.535043 7.442523 7.356697 7.284256 7.215358 7.153153 7.11024 7.079137 7.051972 -9999 -9999 -9999 -9999 -9999 -9999 -9999 -9999 -9999 -9999 -9999 -9999 -9999 -9999 -9999 -9999 -9999 -9999 -9999 -9999
9.968903 9.976777 9.983076 9.984257 9.981894 9.978352 9.968903 9.953548 9.939375 9.919296 9.891737 9.860635 9.828745 9.800005 9.766147 9.724021 9.679533 9.627957 9.56969 9.508272 9.441343 9.372446 9.304729 9.233863 9.162603 9.089768 9.008666 8.920083 8.829139 8.728745 8.618508 8.500398 8.376382 8.253154 8.13032 8.012209 7.89528 7.782681 7.679138 7.578351 7.484256 7.39961 7.321264 7.253153 7.190948 7.144886 7.114964 7.085437 -9999 -9999 -9999 -9999 -9999 -9999 -9999 -9999 -9999 -9999 -9999 -9999 -9999 -9999 -9999 -9999 -9999 -9999 -9999 -9999 -9999
9.85473 9.86969 9.875989 9.879927 9.881895 9.876777 9.869296 9.858273 9.843312 9.82402 9.7941 9.758273 9.725989 9.693312 9.655517 9.614178 9.566541 9.516541 9.459454 9.394099 9.325595 9.257092 9.1878 9.116146 9.042918 8.967327 8.888981 8.804336 8.712209 8.615358 8.513391 8.400004 8.285044 8.170083 8.053154 7.941736 7.833468 7.726382 7.626776 7.530713 7.444492 7.364571 7.293705 7.229137 7.17835 7.142523 7.118507 -9999 -9999 -9999 -9999 -9999 -9999 -9999 -9999 -9999 -9999 -9999 -9999 -9999 -9999 -9999 -9999 -9999 -9999 -9999 -9999 -9999 -9999
9.732682 9.749218 9.761028 9.766147 9.768509 9.765359 9.758273 9.747643 9.73347 9.713784 9.68347 9.646461 9.611816 9.575989 9.533469 9.489375 9.443706 9.392525 9.333076 9.268509 9.201186 9.133076 9.062603 8.990556 8.915752 8.840162 8.762997 8.677958 8.589768 8.501185 8.399217 8.292917 8.188981 8.082288 7.973626 7.869296 7.766933 7.667327 7.572838 7.485831 7.404335 7.330712 7.264571 7.210634 7.173626 7.140161 -9999 -9999 -9999 -9999 -9999 -9999 -9999 -9999 7.025594 7.03583 7.044098 7.058271 -9999 -9999 -9999 -9999 -9999 -9999 -9999 -9999 -9999 -9999 -9999
9.602367 9.622446 9.636226 9.644887 9.645675 9.645675 9.638981 9.626383 9.612997 9.590162 9.560241 9.524808 9.486225 9.450005 9.407485 9.357091 9.308666 9.256698 9.195674 9.131501 9.064965 8.99843 8.929138 8.857091 8.782288 8.706697 8.63032 8.552366 8.468509 8.377957 8.280713 8.185437 8.089768 7.989768 7.890162 7.792524 7.696067 7.605515 7.514965 7.434256 7.359846 7.291342 7.236618 7.198429 -9999 -9999 -9999 -9999 -9999 -9999 6.997248 7.005122 7.017326 7.0315 7.042917 7.055909 7.069295 7.087011 7.102759 7.114571 7.123626 7.144098 -9999 -9999 -9999 -9999 -9999 -9999 -9999
9.471265 9.486619 9.501973 9.511816 9.518115 9.520477 9.514572 9.500793 9.484651 9.461028 9.429532 9.395674 9.361423 9.320084 9.27402 9.225595 9.170477 9.116146 9.055516 8.989768 8.924414 8.858666 8.79213 8.720477 8.648036 8.574807 8.500398 8.425201 8.342131 8.254335 8.166933 8.078351 7.988587 7.902366 7.803941 7.709846 7.629138 7.537799 7.455516 7.382287 7.312209 7.255122 7.213783 -9999 -9999 -9999 -9999 -9999 -9999 6.9815 6.992917 7.005909 7.023626 7.044886 7.066933 7.08583 7.104334 7.121657 7.135437 7.141342 7.148823 7.161421 7.177957 -9999 -9999 -9999 -9999 -9999 -9999
9.327564 9.345675 9.362603 9.376383 9.382682 9.385438 9.380713 9.368508 9.35158 9.327957 9.300005 9.265753 9.229138 9.187013 9.139375 9.088194 9.033863 8.975988 8.914178 8.848824 8.783469 8.718509 8.653941 8.587012 8.51654 8.444098 8.370871 8.29528 8.219689 8.137799 8.055122 7.972051 7.901579 7.824413 7.724413 7.642917 7.56339 7.47402 7.406697 7.342524 7.278744 7.229531 -9999 -9999 -9999 -9999 -9999 -9999 6.948822 6.966146 6.983468 7.003153 7.027563 7.055909 7.08583 7.107878 7.137405 7.159846 7.176382 7.183862 7.190161 7.195673 7.20276 7.205909 -9999 -9999 -9999 -9999 -9999
9.187013 9.204335 9.219296 9.233075 9.24528 9.244886 9.24095 9.234651 9.21654 9.192524 9.165752 9.134256 9.094099 9.051579 9.003154 8.951185 8.897642 8.836618 8.776776 8.714571 8.649217 8.585044 8.521264 8.456304 8.386619 8.317327 8.248035 8.173626 8.100398 8.024807 7.948429 7.890162 7.839374 -9999 7.661421 7.582287 -9999 7.443311 7.388193 -9999 -9999 -9999 -9999 -9999 -9999 -9999 -9999 6.900397 6.923625 6.949216 6.970476 6.992917 7.016933 7.045279 7.073232 7.106303 7.142917 7.177169 7.203547 7.222838 7.237011 7.243311 7.23583 7.228744 7.223232 -9999 -9999 -9999 -9999
9.035438 9.063391 9.079139 9.089375 9.09843 9.103942 9.10158 9.092131 9.073627 9.057485 9.027564 8.994099 8.95906 8.914966 8.868114 8.816146 8.756698 8.701973 8.643705 8.581894 8.51654 8.452367 8.396461 8.345674 8.280713 8.199611 8.125988 8.058665 7.986618 7.91654 7.859059 7.832681 -9999 -9999 -9999 -9999 -9999 -9999 -9999 -9999 -9999 -9999 -9999 -9999 -9999 -9999 6.846854 6.872838 6.904334 6.932681 6.953547 6.968114 6.987011 7.001972 7.020082 7.053547 7.096066 7.145673 7.190555 7.229925 7.264177 7.285043 7.282681 7.256303 7.247642 7.242523 -9999 -9999 -9999
8.893312 8.914178 8.933076 8.951185 8.956304 8.959847 8.958272 8.945674 8.936619 8.912603 8.886225 8.855516 8.81654 8.778351 8.731501 8.679532 8.625201 8.569296 8.510634 8.452761 8.391737 8.338981 8.309847 8.265752 8.194886 8.103547 8.012603 7.959059 7.876382 7.830319 7.797642 7.777957 -9999 -9999 -9999 -9999 -9999 -9999 -9999 -9999 -9999 -9999 -9999 -9999 -9999 6.797641 6.824413 6.863783 6.89961 6.926775 6.942917 6.951185 6.949216 6.947641 6.958272 6.979531 7.015752 7.068114 7.131106 7.196854 7.257878 7.301579 7.316539 7.301579 7.272839 7.264965 7.259059 -9999 -9999
8.753548 8.774414 8.79095 8.806698 8.815359 8.818508 8.814571 8.808666 8.793312 8.772052 8.746461 8.716933 8.679926 8.638587 8.594493 8.54528 8.491343 8.435437 8.380713 8.326383 8.279139 8.268902 8.259059 -9999 -9999 7.975595 7.924414 7.861422 7.804729 7.771657 7.750398 -9999 -9999 -9999 -9999 -9999 -9999 -9999 -9999 -9999 -9999 -9999 -9999 -9999 6.751184 6.782287 6.822051 6.866539 6.908665 6.93583 6.946066 6.938586 6.9252 6.91772 6.916933 6.924413 6.947641 6.987799 7.048035 7.129925 7.219689 7.289768 7.32835 7.330319 7.311421 7.28583 7.275594 7.267326 -9999
8.610635 8.635438 8.655517 8.668509 8.678744 8.6815 8.679532 8.671658 8.656697 8.637012 8.611815 8.579532 8.546855 8.504728 8.459846 8.412602 8.361422 8.310241 8.258666 8.214965 8.206304 8.203154 -9999 -9999 -9999 -9999 7.848823 -9999 7.768114 -9999 -9999 -9999 -9999 -9999 -9999 -9999 -9999 -9999 -9999 -9999 -9999 -9999 -9999 6.71024 6.735043 6.775988 6.830318 6.884649 6.924807 6.944885 6.94213 6.926775 6.916539 6.91024 6.90276 6.89961 6.905122 6.929531 6.977956 7.05709 7.157878 7.254334 7.318114 7.342917 7.339374 7.315358 7.290948 7.276381 -9999
8.477957 8.499611 8.519296 8.535044 8.545673 8.550398 8.546067 8.536225 8.521264 8.503548 8.477564 8.448429 8.414178 8.373233 8.329138 8.285044 8.237012 8.19213 8.148823 8.141736 8.149611 -9999 -9999 -9999 -9999 -9999 -9999 -9999 -9999 -9999 -9999 -9999 -9999 -9999 -9999 -9999 -9999 -9999 -9999 -9999 -9999 -9999 6.665358 6.683862 6.723232 6.775594 6.84646 6.905909 6.935437 6.939767 6.929531 6.919689 6.912996 6.905122 6.899216 6.892917 6.886224 6.892917 6.928744 6.998429 7.09646 7.203547 7.292917 7.341342 7.355515 7.340555 7.311421 7.287012 7.27087
8.350398 8.367327 8.387406 8.403154 8.414571 8.417721 8.41654 8.405516 8.389768 8.369296 8.346854 8.322839 8.288587 8.248823 8.20591 8.16339 8.12717 8.100792 8.082682 8.086618 -9999 -9999 -9999 -9999 -9999 -9999 -9999 -9999 -9999 -9999 -9999 -9999 -9999 -9999 -9999 -9999 -9999 -9999 -9999 -9999 -9999 6.629925 6.638586 6.662602 6.707484 6.783468 6.863783 6.912602 6.932287 6.928744 6.921263 6.91457 6.906696 6.900397 6.894492 6.886224 6.879531 6.877563 6.900003 6.954728 7.044492 7.155122 7.258271 7.329138 7.361027 7.358665 7.3315 7.29961 7.277169
8.231107 8.245673 8.262603 8.277957 8.288587 8.290162 8.288587 8.280713 8.264571 8.245673 8.224414 8.201185 8.170083 8.133469 8.095674 8.061815 8.047642 8.056697 8.046067 -9999 -9999 -9999 -9999 -9999 -9999 -9999 -9999 -9999 -9999 -9999 -9999 -9999 -9999 -9999 -9999 -9999 -9999 -9999 -9999 -9999 -9999 6.592523 6.605909 6.636224 6.697641 6.787799 6.868507 6.912602 6.922444 6.919295 6.913783 6.906303 6.899216 6.893311 6.887012 6.881106 6.8752 6.875594 6.88583 6.925988 7.005122 7.114571 7.22402 7.310634 7.36024 7.368508 7.344492 7.312209 7.284649
8.120083 8.1315 8.148036 8.161816 8.170083 8.171264 8.166146 8.161816 8.150791 8.1315 8.120083 8.096854 8.067327 8.038193 8.007484 7.98898 -9999 -9999 -9999 -9999 -9999 -9999 -9999 -9999 -9999 -9999 -9999 -9999 -9999 -9999 -9999 -9999 -9999 -9999 -9999 -9999 -9999 -9999 -9999 -9999 -9999 6.566539 6.573232 6.612208 6.689767 6.78583 6.866145 6.907877 6.913389 6.907484 6.90276 6.897641 6.891736 6.88583 6.879138 6.876775 6.875988 6.877169 6.881893 6.909452 6.97835 7.081893 7.194098 7.290948 7.355515 7.371657 7.352366 7.320083 7.291342
8.01772 8.025595 8.040949 8.053548 8.059847 8.059059 8.055516 8.05276 8.05276 8.045673 8.039768 8.023232 8.001185 7.982287 7.94961 -9999 -9999 -9999 -9999 -9999 -9999 -9999 -9999 -9999 -9999 -9999 -9999 -9999 -9999 -9999 -9999 -9999 -9999 -9999 -9999 -9999 -9999 -9999 -9999 -9999 -9999 6.539373 6.551185 6.592129 6.676775 6.776775 6.857878 6.895279 6.901185 6.896854 6.892129 6.888193 6.883862 6.879531 6.876775 6.877563 6.87835 6.879138 6.882287 6.901972 6.958665 7.056303 7.17087 7.2752 7.348035 7.371264 7.354728 7.322838 7.295673
7.94528 7.922445 7.938587 7.951579 7.956697 7.95276 7.957878 7.966146 7.978744 7.990555 -9999 -9999 -9999 -9999 -9999 -9999 -9999 -9999 -9999 -9999 -9999 -9999 -9999 -9999 -9999 -9999 -9999 -9999 -9999 -9999 -9999 -9999 -9999 -9999 -9999 -9999 -9999 -9999 -9999 -9999 -9999 -9999 6.545279 6.587405 6.655515 6.754728 6.840949 6.882681 6.889374 6.887012 6.884255 6.881106 6.879531 6.878744 6.879138 6.879531 6.880319 6.881106 6.882287 6.895279 6.944885 7.038586 7.155909 7.264571 7.34213 7.366933 7.350791 7.321264 7.297248
7.875988 7.859847 7.844099 7.854335 7.857878 7.864177 7.879138 7.902366 -9999 -9999 -9999 -9999 -9999 -9999 -9999 -9999 -9999 -9999 -9999 -9999 -9999 -9999 -9999 -9999 -9999 -9999 -9999 -9999 -9999 -9999 -9999 -9999 -9999 -9999 -9999 -9999 -9999 -9999 -9999 -9999 -9999 -9999 -9999 6.58898 6.651578 6.725988 6.816933 6.868114 6.881106 6.879138 6.878744 6.87835 6.87835 6.878744 6.879138 6.879138 6.879531 6.879531 6.877563 6.887405 6.937011 7.033074 7.150397 7.264571 7.33898 7.359059 7.341736 7.316145 7.297642
-9999 7.785437 7.776382 7.765358 7.782681 7.796461 -9999 -9999 -9999 -9999 -9999 -9999 -9999 -9999 -9999 -9999 -9999 -9999 -9999 -9999 -9999 -9999 -9999 -9999 -9999 -9999 -9999 -9999 -9999 -9999 -9999 -9999 -9999 -9999 -9999 -9999 -9999 -9999 -9999 -9999 -9999 -9999 -9999 -9999 6.652366 6.727169 6.787405 6.84961 6.872838 6.872838 6.871264 6.871264 6.871264 6.871657 6.872051 6.872445 6.872051 6.869295 6.868114 6.882681 6.937799 7.038193 7.162209 7.273232 7.333862 7.347248 7.331106 7.312209 -9999
-9999 -9999 7.714571 7.717721 7.727563 7.73465 -9999 -9999 -9999 -9999 -9999 -9999 -9999 -9999 -9999 -9999 -9999 -9999 -9999 -9999 -9999 -9999 -9999 -9999 -9999 -9999 -9999 -9999 -9999 -9999 -9999 -9999 -9999 -9999 -9999 -9999 -9999 -9999 -9999 -9999 -9999 -9999 -9999 -9999 -9999 6.71772 6.784256 6.816933 6.85394 6.861814 6.858665 6.85709 6.85709 6.85709 6.85709 6.857484 6.857484 6.856303 6.857484 6.883468 6.951185 7.061815 7.185831 7.280713 7.326382 7.332681 7.322838 7.311028 -9999
-9999 -9999 -9999 7.685831 -9999 -9999 -9999 -9999 -9999 -9999 -9999 -9999 -9999 -9999 -9999 -9999 -9999 -9999 -9999 -9999 -9999 -9999 -9999 -9999 -9999 -9999 -9999 -9999 -9999 -9999 -9999 -9999 -9999 -9999 -9999 -9999 -9999 -9999 -9999 -9999 -9999 -9999 -9999 -9999 -9999 -9999 6.76457 6.806303 6.821657 6.844098 6.848035 6.847641 6.847641 6.847641 6.847641 6.847641 6.847641 6.848823 6.858271 6.900003 6.983862 7.100004 7.21024 7.282287 7.314177 7.321657 7.312996 -9999 -9999
-9999 -9999 -9999 -9999 -9999 -9999 -9999 -9999 -9999 -9999 -9999 -9999 -9999 -9999 -9999 -9999 -9999 -9999 -9999 -9999 -9999 -9999 -9999 -9999 -9999 -9999 -9999 -9999 -9999 -9999 -9999 -9999 -9999 -9999 -9999 -9999 -9999 -9999 -9999 -9999 -9999 -9999 -9999 -9999 -9999 -9999 -9999 6.787405 6.809846 6.822444 6.841342 6.846066 6.846066 6.846066 6.845673 6.845673 6.846066 6.850791 6.877563 6.937405 7.032287 7.139768 7.225201 7.276381 7.303547 7.303547 -9999 -9999 -9999
-9999 -9999 -9999 -9999 -9999 -9999 -9999 -9999 -9999 -9999 -9999 -9999 -9999 -9999 -9999 -9999 -9999 -9999 -9999 -9999 -9999 -9999 -9999 -9999 -9999 -9999 -9999 -9999 -9999 -9999 -9999 -9999 -9999 -9999 -9999 -9999 -9999 -9999 -9999 -9999 -9999 -9999 -9999 -9999 -9999 -9999 -9999 -9999 6.79646 6.808271 6.820476 6.837799 6.844885 6.84646 6.846854 6.846854 6.850397 6.868901 6.915358 6.988193 7.080318 7.166145 7.226382 7.26772 7.282287 -9999 -9999 -9999 -9999
-9999 -9999 -9999 -9999 -9999 -9999 -9999 -9999 -9999 -9999 -9999 -9999 -9999 -9999 -9999 -9999 -9999 -9999 -9999 -9999 -9999 -9999 -9999 -9999 -9999 -9999 -9999 -9999 -9999 -9999 -9999 -9999 -9999 -9999 -9999 -9999 -9999 -9999 -9999 -9999 -9999 -9999 -9999 -9999 -9999 -9999 -9999 -9999 -9999 6.791342 6.794098 6.808271 6.82835 6.838586 6.845673 6.848035 6.864964 6.901972 6.959453 7.033468 7.111814 7.172838 7.21772 7.247248 -9999 -9999 -9999 -9999 -9999
-9999 -9999 -9999 -9999 -9999 -9999 -9999 -9999 -9999 -9999 -9999 -9999 -9999 -9999 -9999 -9999 -9999 -9999 -9999 -9999 -9999 -9999 -9999 -9999 -9999 -9999 -9999 -9999 -9999 -9999 -9999 -9999 -9999 -9999 -9999 -9999 -9999 -9999 -9999 -9999 -9999 -9999 -9999 -9999 -9999 -9999 -9999 -9999 -9999 -9999 6.768114 6.776775 6.79646 6.819295 6.839374 6.855122 6.885437 6.931106 6.990949 7.057878 7.118507 7.162209 7.197248 -9999 -9999 -9999 -9999 -9999 -9999
-9999 -9999 -9999 -9999 -9999 -9999 -9999 -9999 -9999 -9999 -9999 -9999 -9999 -9999 -9999 -9999 -9999 -9999 -9999 -9999 -9999 -9999 -9999 -9999 -9999 -9999 -9999 -9999 -9999 -9999 -9999 -9999 -9999 -9999 -9999 -9999 -9999 -9999 -9999 -9999 -9999 -9999 -9999 -9999 -9999 -9999 -9999 -9999 -9999 -9999 6.742917 6.759452 6.775988 6.800791 -9999 6.857484 6.905515 6.951578 7.005516 7.056303 7.101578 7.147642 -9999 -9999 -9999 -9999 -9999 -9999 -9999
