ASPA-UH-SWB2_REPO/input/Gridded_rain/prism_ppt_tutuila_30yr_normal_06.asc
ncols         350
nrows         200
xllcorner     515000
yllcorner     8409000
cellsize      100
NODATA_value  -9999
[rows 93 to 123 of 200, columns 0 to 68 of 350]
-9999 -9999 -9999 -9999 -9999 -9999 -9999 -9999 -9999 -9999 -9999 -9999 -9999 -9999 -9999 -9999 -9999 -9999 -9999 -9999 -9999 -9999 -9999 -9999 -9999 -9999 -9999 -9999 -9999 -9999 -9999 -9999 -9999 -9999 -9999 -9999 -9999 -9999 -9999 -9999 -9999 -9999 7.877563 7.918902 7.990949 -9999 -9999 -9999 8.67717 8.737012 8.840949 9.004729 9.177958 9.356304 9.538588 9.720871 9.897643 10.08111 10.26457 10.44646 10.62441 10.79371 10.96142 11.12323 11.27953 11.42205 11.55945 11.68662 11.80788
-9999 -9999 -9999 -9999 -9999 -9999 -9999 -9999 -9999 -9999 -9999 -9999 -9999 -9999 -9999 -9999 -9999 -9999 -9999 -9999 -9999 -9999 -9999 -9999 -9999 -9999 -9999 -9999 -9999 -9999 -9999 -9999 -9999 -9999 -9999 -9999 -9999 -9999 -9999 -9999 -9999 -9999 7.947642 8.007484 8.131106 8.280713 -9999 -9999 8.811028 8.897248 9.059847 9.238981 9.417722 9.605516 9.796068 9.98347 10.17717 10.36575 10.55945 10.75355 10.94174 11.12087 11.29489 11.46103 11.62048 11.77245 11.91379 12.04489 12.16654
-9999 -9999 -9999 -9999 -9999 -9999 -9999 -9999 -9999 -9999 -9999 -9999 -9999 -9999 -9999 -9999 -9999 -9999 -9999 -9999 -9999 -9999 -9999 -9999 -9999 -9999 -9999 -9999 -9999 -9999 -9999 -9999 -9999 -9999 -9999 -9999 -9999 -9999 -9999 -9999 7.87402 7.951185 8.0315 8.154729 8.298036 8.476382 8.654335 8.833076 8.945674 9.101974 9.285831 9.475989 9.664178 9.856698 10.05512 10.26064 10.45985 10.65945 10.86142 11.06221 11.2567 11.44607 11.62599 11.80158 11.96536 12.12048 12.26694 12.40316 12.53032
-9999 -9999 -9999 -9999 -9999 -9999 -9999 -9999 -9999 -9999 -9999 -9999 -9999 -9999 -9999 -9999 -9999 -9999 -9999 -9999 -9999 -9999 -9999 -9999 -9999 -9999 -9999 -9999 -9999 -9999 -9999 -9999 -9999 -9999 -9999 -9999 -9999 -9999 -9999 7.877957 7.950398 8.048036 8.177564 8.325201 8.478745 8.633076 8.821264 8.9878 9.140949 9.325989 9.518509 9.712997 9.911816 10.11418 10.32402 10.53859 10.74646 10.95552 11.16575 11.37087 11.57127 11.76615 11.95749 12.1382 12.30512 12.46575 12.61654 12.75985 12.89056
-9999 -9999 -9999 -9999 -9999 -9999 -9999 -9999 -9999 -9999 -9999 -9999 -9999 -9999 -9999 -9999 -9999 -9999 -9999 -9999 -9999 -9999 -9999 -9999 -9999 -9999 -9999 -9999 -9999 -9999 -9999 -9999 -9999 -9999 -9999 -9999 -9999 -9999 7.900004 7.966933 8.059847 8.196461 8.344493 8.501185 8.661028 8.827563 9.000005 9.176383 9.360635 9.552367 9.753942 9.958273 10.16378 10.3756 10.59489 10.81733 11.03465 11.25197 11.46418 11.67678 11.88426 12.08544 12.2815 12.46733 12.64056 12.80591 12.96064 13.10552 13.24095
-9999 -9999 -9999 -9999 -9999 -9999 -9999 -9999 -9999 -9999 -9999 -9999 -9999 -9999 -9999 -9999 -9999 -9999 -9999 -9999 -9999 -9999 -9999 -9999 -9999 -9999 -9999 -9999 -9999 -9999 -9999 -9999 -9999 -9999 -9999 -9999 -9999 7.92087 7.989768 8.080713 8.218902 8.36339 8.516933 8.68032 8.853154 9.026776 9.204729 9.392525 9.585044 9.783863 9.992131 10.20591 10.42127 10.64056 10.86851 11.09686 11.32323 11.54568 11.76497 11.98229 12.19489 12.40316 12.60434 12.79371 12.97127 13.13583 13.2941 13.44331 13.57993
-9999 -9999 -9999 -9999 -9999 -9999 -9999 -9999 -9999 -9999 -9999 -9999 -9999 -9999 -9999 -9999 -9999 -9999 -9999 -9999 -9999 -9999 -9999 -9999 -9999 -9999 -9999 -9999 -9999 -9999 -9999 -9999 -9999 -9999 -9999 -9999 7.934256 8.001972 8.100004 8.240949 8.385437 8.538587 8.699611 8.870477 9.048823 9.231107 9.418115 9.612209 9.811816 10.02087 10.23504 10.45473 10.67875 10.90788 11.13898 11.37402 11.60591 11.83386 12.06103 12.28268 12.5004 12.71339 12.91694 13.11024 13.28938 13.45709 13.61733 13.76812 13.90591
-9999 -9999 -9999 -9999 -9999 -9999 -9999 -9999 -9999 -9999 -9999 -9999 -9999 -9999 -9999 -9999 -9999 -9999 -9999 -9999 -9999 -9999 -9999 -9999 -9999 -9999 -9999 -9999 -9999 -9999 -9999 -9999 -9999 -9999 7.91339 7.943311 8.003548 8.106697 8.251185 8.402761 8.557091 8.716933 8.887406 9.066934 9.251185 9.440949 9.635832 9.835832 10.04371 10.26064 10.48229 10.70552 10.93426 11.17008 11.40552 11.64449 11.8815 12.11457 12.34568 12.57205 12.79489 13.01024 13.21694 13.41221 13.59449 13.76615 13.9252 14.07442 14.21379
-9999 -9999 -9999 -9999 -9999 -9999 -9999 -9999 -9999 -9999 -9999 -9999 -9999 -9999 -9999 -9999 -9999 -9999 -9999 -9999 -9999 -9999 -9999 -9999 -9999 -9999 -9999 -9999 -9999 -9999 -9999 -9999 -9999 7.921658 7.952366 8.005516 8.107878 8.253548 8.405516 8.563784 8.727957 8.897642 9.075989 9.264572 9.456697 9.652761 9.853548 10.06182 10.27835 10.49961 10.72678 10.95316 11.18662 11.42678 11.66851 11.90906 12.14489 12.38544 12.61851 12.84764 13.07324 13.29135 13.50119 13.69843 13.88111 14.05473 14.21261 14.36221 14.50198
-9999 -9999 -9999 -9999 -9999 -9999 -9999 -9999 -9999 -9999 -9999 -9999 -9999 -9999 -9999 -9999 -9999 -9999 -9999 -9999 -9999 -9999 -9999 -9999 -9999 -9999 -9999 -9999 -9999 -9999 -9999 -9999 -9999 7.950004 8.007878 8.107878 8.250004 8.402367 8.563784 8.728351 8.899218 9.07717 9.263784 9.456697 9.657485 9.861423 10.06812 10.28229 10.50315 10.73268 10.96142 11.19371 11.43229 11.6756 11.92245 12.16064 12.4004 12.64095 12.87638 13.10867 13.33662 13.55749 13.76497 13.96261 14.14922 14.32166 14.47875 14.62717 14.76851
-9999 -9999 -9999 -9999 -9999 -9999 -9999 -9999 -9999 -9999 -9999 -9999 -9999 -9999 -9999 -9999 -9999 -9999 -9999 -9999 -9999 -9999 -9999 -9999 -9999 -9999 -9999 -9999 -9999 -9999 -9999 -9999 7.936224 8.000398 8.101185 8.238587 8.394099 8.55591 8.723626 8.89528 9.071264 9.256304 9.447249 9.646855 9.853942 10.06103 10.27678 10.49449 10.72166 10.95316 11.18701 11.42402 11.66615 11.91536 12.15827 12.40001 12.64213 12.88072 13.1193 13.35158 13.57953 13.80001 14.00906 14.20552 14.39135 14.56418 14.72205 14.87009 15.01103
-9999 -9999 -9999 -9999 -9999 -9999 -9999 -9999 -9999 -9999 -9999 -9999 -9999 -9999 -9999 -9999 -9999 -9999 -9999 -9999 -9999 -9999 -9999 -9999 -9999 -9999 -9999 -9999 -9999 -9999 7.800398 7.893311 7.974413 8.085044 8.224808 8.376776 8.538194 8.707878 8.877563 9.057878 9.244886 9.434257 9.63032 9.833076 10.0441 10.25985 10.47914 10.70237 10.93071 11.16536 11.40276 11.64528 11.8878 12.13268 12.3819 12.62442 12.86576 13.10276 13.34174 13.5752 13.80079 14.02087 14.2256 14.42324 14.60946 14.77954 14.94331 15.09371 15.23387
-9999 -9999 -9999 -9999 -9999 -9999 -9999 -9999 -9999 -9999 -9999 -9999 -9999 -9999 -9999 -9999 -9999 -9999 -9999 -9999 -9999 -9999 -9999 -9999 -9999 -9999 -9999 -9999 -9999 7.755122 7.837406 7.933862 8.061815 8.205516 8.354335 8.513391 8.681894 8.856304 9.031895 9.218115 9.412997 9.609454 9.811028 10.01733 10.23229 10.45394 10.67638 10.89882 11.13308 11.36733 11.60827 11.8504 12.09331 12.33938 12.58308 12.8256 13.06536 13.30827 13.54331 13.77284 13.99765 14.21142 14.41733 14.61142 14.79725 14.97324 15.13662 15.2878 15.42993
-9999 -9999 -9999 -9999 -9999 -9999 -9999 -9999 -9999 -9999 -9999 -9999 -9999 -9999 -9999 -9999 -9999 -9999 -9999 -9999 -9999 -9999 -9999 -9999 -9999 -9999 -9999 -9999 7.722051 7.79961 7.883075 8.023232 8.173232 8.323233 8.478745 8.64528 8.821658 9.000792 9.1878 9.379139 9.574808 9.77717 9.984257 10.19449 10.41339 10.63898 10.85906 11.09174 11.31733 11.5567 11.79922 12.04016 12.2815 12.52087 12.76575 13.00513 13.24489 13.48544 13.71694 13.94489 14.16418 14.37796 14.57875 14.77009 14.95709 15.13426 15.29607 15.45158 15.5945
-9999 -9999 -9999 -9999 -9999 -9999 -9999 -9999 -9999 -9999 -9999 -9999 -9999 -9999 -9999 -9999 -9999 -9999 -9999 -9999 -9999 -9999 -9999 -9999 -9999 -9999 -9999 7.690949 7.765358 7.842917 7.97717 8.125595 8.277957 8.434257 8.600792 8.773232 8.956697 9.143312 9.333863 9.528745 9.729139 9.936226 10.14489 10.35867 10.5815 10.80709 11.03308 11.25827 11.49095 11.72756 11.96615 12.20749 12.44764 12.68308 12.92087 13.16221 13.39961 13.63032 13.86379 14.08426 14.29843 14.50631 14.70906 14.89922 15.08387 15.25867 15.42363 15.57914 15.72166
-9999 -9999 -9999 -9999 -9999 -9999 -9999 -9999 -9999 -9999 -9999 -9999 -9999 -9999 -9999 -9999 -9999 -9999 -9999 -9999 -9999 -9999 -9999 -9999 -9999 -9999 7.64961 7.719689 7.800398 7.930713 8.071264 8.22087 8.38032 8.54528 8.716146 8.893312 9.079926 9.27284 9.46654 9.665753 9.870084 10.07638 10.28938 10.50906 10.73229 10.95788 11.18426 11.41142 11.64253 11.87678 12.11339 12.35158 12.58741 12.82205 13.05631 13.29095 13.5252 13.75434 13.97796 14.1945 14.40276 14.60552 14.80237 14.99528 15.17757 15.3508 15.5193 15.67206 15.81536
-9999 -9999 -9999 -9999 -9999 -9999 -9999 -9999 -9999 -9999 -9999 -9999 -9999 -9999 -9999 -9999 -9999 -9999 -9999 -9999 -9999 -9999 -9999 -9999 -9999 7.60276 7.666539 7.74961 7.877957 8.012209 8.159453 8.315358 8.478745 8.647642 8.822446 9.007092 9.194493 9.386226 9.584257 9.788194 9.993706 10.20473 10.4193 10.63898 10.863 11.09016 11.31654 11.54174 11.77205 12.00276 12.23583 12.4689 12.7004 12.93111 13.16182 13.39331 13.62166 13.8445 14.063 14.27402 14.47678 14.67324 14.86654 15.05394 15.23465 15.41143 15.57599 15.73072 15.87324
-9999 -9999 -9999 -9999 -9999 -9999 -9999 -9999 -9999 -9999 -9999 -9999 -9999 -9999 -9999 -9999 -9999 -9999 -9999 -9999 -9999 -9999 -9999 -9999 7.558665 7.614177 7.696854 7.816539 7.949217 8.090555 8.242524 8.401973 8.567721 8.74095 8.922445 9.108273 9.297643 9.489769 9.690557 9.898037 10.10512 10.31733 10.5319 10.75079 10.97441 11.19882 11.42442 11.6504 11.87678 12.10552 12.33072 12.55867 12.78741 13.01024 13.23583 13.46379 13.68465 13.90355 14.11654 14.32127 14.51812 14.70906 14.89686 15.08229 15.26143 15.4315 15.59489 15.74922 15.89095
-9999 -9999 -9999 -9999 -9999 -9999 -9999 -9999 -9999 -9999 -9999 -9999 -9999 -9999 -9999 -9999 -9999 -9999 -9999 -9999 -9999 -9999 -9999 -9999 7.568508 7.641343 7.75276 7.879531 8.01654 8.162209 8.31772 8.479138 8.647248 8.822052 9.007092 9.196068 9.388981 9.583469 9.785045 9.993312 10.20315 10.41378 10.62717 10.84528 11.06457 11.2878 11.50985 11.73426 11.95827 12.18071 12.40079 12.62323 12.84489 13.063 13.28347 13.50119 13.71772 13.92914 14.13505 14.3319 14.52205 14.70946 14.89253 15.07245 15.24765 15.41261 15.57324 15.7252 15.86812
-9999 -9999 -9999 -9999 -9999 -9999 -9999 -9999 -9999 -9999 -9999 -9999 -9999 -9999 -9999 -9999 -9999 -9999 -9999 -9999 -9999 -9999 -9999 -9999 7.597641 7.685437 7.806303 7.937012 8.075201 8.224414 8.382682 8.54528 8.716146 8.893312 9.079139 9.271265 9.463784 9.661423 9.867328 10.07363 10.28347 10.49371 10.70552 10.92008 11.13741 11.35631 11.57363 11.79371 12.01379 12.2315 12.44686 12.65985 12.87481 13.08701 13.29922 13.51064 13.71694 13.91969 14.11694 14.30749 14.49056 14.66969 14.85001 15.02599 15.19371 15.35552 15.51064 15.65946 15.80316
-9999 -9999 -9999 -9999 -9999 -9999 -9999 -9999 -9999 -9999 -9999 -9999 -9999 -9999 -9999 -9999 -9999 -9999 -9999 -9999 -9999 -9999 -9999 -9999 7.6315 7.726382 7.849216 7.983862 8.127563 8.276382 8.43465 8.601973 8.773626 8.953155 9.139769 9.332682 9.526382 9.724808 9.927565 10.13465 10.34331 10.55119 10.76142 10.97441 11.18741 11.40001 11.60985 11.82757 12.04213 12.25394 12.46142 12.66733 12.87205 13.07717 13.27914 13.48347 13.68072 13.87481 14.06261 14.24528 14.42166 14.59371 14.76891 14.94135 15.10394 15.25985 15.40985 15.55788 15.69765
-9999 -9999 -9999 -9999 -9999 -9999 -9999 -9999 -9999 -9999 -9999 -9999 -9999 -9999 -9999 6.953547 -9999 -9999 -9999 -9999 -9999 -9999 7.485831 7.566539 7.647642 7.757484 7.884256 8.022839 8.167327 8.317327 8.476776 8.644886 8.818902 8.99843 9.185831 9.377563 9.573234 9.768115 9.965754 10.17481 10.37914 10.58426 10.79292 11.00316 11.21024 11.41536 11.62205 11.82875 12.03583 12.24213 12.44135 12.63898 12.83583 13.02914 13.22324 13.41694 13.60552 13.79213 13.97599 14.15001 14.31694 14.48426 14.65237 14.81969 14.97757 15.12757 15.27245 15.41812 15.55591
-9999 -9999 -9999 -9999 -9999 -9999 -9999 -9999 -9999 -9999 -9999 -9999 -9999 -9999 -9999 6.950004 6.985043 -9999 7.144098 7.218901 7.289374 7.385043 7.471657 7.562996 7.664177 7.782288 7.914177 8.051579 8.192918 8.347642 8.507484 8.672051 8.845674 9.028351 9.214966 9.403942 9.594493 9.787407 9.987013 10.18898 10.39252 10.59489 10.79725 11.00276 11.20749 11.4067 11.60434 11.79883 11.99843 12.19725 12.3882 12.57599 12.76182 12.94883 13.13347 13.31733 13.49607 13.67717 13.85513 14.02245 14.18505 14.34331 14.50276 14.66221 14.81654 14.95946 15.10001 15.23859 15.3756
-9999 -9999 -9999 -9999 -9999 -9999 -9999 -9999 -9999 -9999 -9999 -9999 -9999 -9999 6.923625 6.954334 7.000004 7.063389 7.139374 7.207878 7.28898 7.379138 7.473626 7.575988 7.685043 7.80276 7.930319 8.068508 8.214571 8.366934 8.525201 8.688193 8.861422 9.039768 9.225989 9.414572 9.602761 9.79095 9.985044 10.18308 10.38308 10.58268 10.77914 10.97914 11.17402 11.37048 11.55749 11.74331 11.93386 12.11812 12.30355 12.4819 12.65709 12.83701 13.01536 13.18505 13.35867 13.53111 13.69883 13.863 14.02009 14.17324 14.32245 14.47599 14.61891 14.75552 14.89135 15.02363 15.15906
-9999 -9999 -9999 -9999 -9999 -9999 -9999 -9999 -9999 -9999 -9999 -9999 -9999 6.88583 6.916933 6.956697 7.011815 7.074019 7.140161 7.213783 7.29213 7.382681 7.4815 7.586618 7.697642 7.814177 7.938981 8.076382 8.222838 8.37402 8.529139 8.692918 8.862997 9.039374 9.222839 9.40906 9.592525 9.77599 9.967328 10.16103 10.35591 10.54449 10.73583 10.92638 11.11575 11.29764 11.4819 11.65985 11.83623 12.01221 12.18505 12.35473 12.52481 12.6941 12.86103 13.02835 13.18938 13.34883 13.51024 13.6689 13.82205 13.97166 14.11772 14.25867 14.39371 14.52442 14.6504 14.7815 14.90828
-9999 -9999 -9999 -9999 -9999 -9999 -9999 -9999 -9999 -9999 -9999 -9999 6.848429 6.878744 6.912996 6.960633 7.017326 7.081893 7.148429 7.21772 7.295673 7.383862 7.48465 7.590949 7.699216 7.814571 7.942917 8.077169 8.218902 8.366146 8.523232 8.683075 8.847642 9.021264 9.201186 9.383863 9.565753 9.746856 9.926777 10.11615 10.30276 10.48544 10.66221 10.84371 11.02245 11.19922 11.36733 11.53977 11.70945 11.87638 12.03623 12.19331 12.35434 12.51536 12.67757 12.83662 12.98623 13.1378 13.29016 13.44174 13.59253 13.73859 13.88308 14.01576 14.1445 14.27009 14.39056 14.51221 14.6319
-9999 -9999 -9999 -9999 -9999 -9999 -9999 -9999 -9999 -9999 -9999 6.812208 6.84213 6.874019 6.915358 6.962996 7.021264 7.086618 7.15276 7.219295 7.296854 7.385043 7.480712 7.58465 7.694098 7.809453 7.933075 8.066146 8.206304 8.351579 8.500792 8.657485 8.818902 8.986225 9.158666 9.337406 9.514178 9.689769 9.865359 10.04095 10.22087 10.39567 10.56851 10.73504 10.90434 11.0693 11.23308 11.39253 11.55316 11.71103 11.86142 12.00434 12.15001 12.3067 12.45709 12.60473 12.7504 12.8941 13.03701 13.18308 13.33111 13.47324 13.61182 13.74292 13.86654 13.98898 14.10828 14.22245 14.33465
-9999 -9999 -9999 -9999 -9999 -9999 -9999 -9999 -9999 -9999 6.784256 6.80709 6.837799 6.877169 6.918114 6.964964 7.020476 7.084256 7.150004 7.220082 7.296067 7.379925 7.474807 7.574019 7.679138 7.793705 7.916146 8.045673 8.178744 8.321264 8.467721 8.620871 8.775989 8.936225 9.103154 9.27284 9.441343 9.610241 9.778746 9.947643 10.11654 10.28308 10.44567 10.60709 10.7626 10.92048 11.07205 11.22087 11.36812 11.51457 11.65355 11.78898 11.9252 12.06575 12.20749 12.34607 12.48347 12.61969 12.75749 12.89883 13.03898 13.17678 13.30788 13.43583 13.56024 13.67953 13.79843 13.90985 14.01497
-9999 -9999 -9999 -9999 -9999 -9999 -9999 -9999 -9999 -9999 6.784256 6.80709 6.840949 6.879531 6.919689 6.964964 7.018901 7.079137 7.144886 7.215358 7.289768 7.373232 7.462602 7.557878 7.659453 7.769295 7.888587 8.009847 8.139768 8.276382 8.420477 8.567721 8.719689 8.873233 9.031501 9.191737 9.35473 9.514572 9.673627 9.835045 9.993706 10.15197 10.30552 10.45394 10.60316 10.74764 10.89016 11.02127 11.15906 11.29174 11.42048 11.54725 11.67245 11.80119 11.93386 12.06142 12.19056 12.32009 12.45237 12.58583 12.7193 12.85198 12.97678 13.10198 13.22481 13.34449 13.45867 13.56733 13.67087
-9999 -9999 -9999 -9999 -9999 -9999 -9999 -9999 -9999 -9999 6.786618 6.811027 6.841736 6.877956 6.916539 6.961421 7.014177 7.071263 7.136224 7.201185 7.276381 7.35709 7.441342 7.532681 7.633469 7.740161 7.851185 7.969296 8.09213 8.224414 8.362209 8.504335 8.649217 8.795673 8.94528 9.098824 9.250399 9.403942 9.557092 9.706697 9.855124 10.00158 10.14331 10.28308 10.42048 10.55749 10.68308 10.80473 10.92717 11.04607 11.16575 11.28071 11.39567 11.51379 11.63426 11.75552 11.87599 11.99725 12.12363 12.25198 12.37953 12.50473 12.62757 12.74607 12.86339 12.98111 13.09253 13.19764 13.29883
-9999 -9999 -9999 -9999 -9999 -9999 -9999 -9999 -9999 -9999 6.793311 6.812208 6.836617 6.871264 6.909846 6.952759 7.003547 7.06024 7.119689 7.182287 7.253547 7.331106 7.411421 7.498429 7.597641 7.70276 7.808665 7.920476 8.039768 8.164965 8.296855 8.432681 8.568114 8.707091 8.848824 8.99095 9.134256 9.282681 9.42717 9.563785 9.701186 9.835832 9.96654 10.09252 10.22048 10.34489 10.45945 10.57048 10.67717 10.78544 10.89174 10.99449 11.09843 11.20552 11.31379 11.42835 11.54134 11.65512 11.77442 11.89804 12.02284 12.13977 12.25394 12.36615 12.47953 12.59095 12.69961 12.80198 12.9004
