ASPA-UH-SWB2_REPO/input/Gridded_rain/prism_ppt_tutuila_30yr_normal_06.asc
ncols         350
nrows         200
xllcorner     515000
yllcorner     8409000
cellsize      100
NODATA_value  -9999
[rows 62 to 92 of 200, columns 207 to 275 of 350]
12.17008 12.15355 12.13505 12.10788 12.07678 12.03977 11.99449 11.95001 11.90473 11.86142 11.82245 11.79371 11.7815 11.78583 11.80001 11.81615 11.8315 11.84134 11.84528 11.84489 11.84371 11.83701 11.82323 11.80197 11.77599 11.75237 11.72914 11.70827 11.68544 11.65827 11.62205 11.57796 11.52323 11.45355 11.37284 11.27402 11.15788 11.03859 10.90906 10.763 10.60197 10.43426 10.25709 10.08111 9.895281 9.700792 9.507092 9.314178 9.124414 8.936225 8.751185 8.577169 8.417327 8.271264 8.161422 8.068508 7.990949 7.926776 7.8815 7.86024 7.838587 7.800791 7.757878 7.722838 7.691342 7.664965 7.641343 7.616146 7.58898
12.08032 12.07402 12.06418 12.05119 12.03111 12.00394 11.97363 11.93977 11.9067 11.87048 11.84253 11.81812 11.80355 11.80355 11.81694 11.83623 11.85276 11.86851 11.87993 11.88741 11.89135 11.8882 11.87757 11.86064 11.84331 11.82717 11.81103 11.79331 11.77245 11.74292 11.70434 11.65473 11.59056 11.51575 11.42402 11.32166 11.20276 11.07087 10.9315 10.77914 10.61575 10.44056 10.25434 10.06733 9.871658 9.674415 9.473627 9.272052 9.075989 8.882288 8.694886 8.519296 8.355516 8.215359 8.104335 8.014571 7.934256 7.868902 7.825594 7.807484 7.787799 7.754335 7.715752 7.6815 7.654728 7.632681 7.611028 7.586225 7.564571
11.97796 11.98111 11.98111 11.97756 11.96851 11.95394 11.9378 11.91812 11.89213 11.87008 11.84961 11.83347 11.82205 11.82008 11.82993 11.84607 11.86182 11.87953 11.89764 11.91103 11.91812 11.92245 11.91654 11.90906 11.89961 11.88938 11.87678 11.86142 11.8378 11.8063 11.76339 11.70631 11.63583 11.55119 11.45709 11.34095 11.21772 11.08032 10.93071 10.76969 10.59686 10.413 10.22875 10.03071 9.827958 9.620872 9.414966 9.208272 9.002761 8.808272 8.622445 8.439768 8.276382 8.148036 8.035044 7.94213 7.861028 7.796854 7.757878 7.739768 7.718902 7.692523 7.658272 7.627169 7.602366 7.584256 7.563784 7.544886 7.522445
11.86772 11.87914 11.88505 11.88898 11.89292 11.89213 11.88662 11.87757 11.86772 11.85473 11.84686 11.83898 11.83505 11.83505 11.84213 11.85591 11.87205 11.88741 11.90709 11.9252 11.93859 11.94725 11.94961 11.94646 11.94371 11.9382 11.92678 11.90827 11.88111 11.84253 11.7941 11.7319 11.65473 11.56379 11.45867 11.33938 11.2067 11.06418 10.90552 10.73504 10.55434 10.36615 10.17126 9.969296 9.760242 9.545674 9.332288 9.120871 8.914178 8.713784 8.525595 8.344886 8.188193 8.056697 7.948429 7.858272 7.775988 7.711421 7.672445 7.659059 7.642917 7.616146 7.585437 7.55709 7.539374 7.522051 7.505909 7.490161 7.471264
11.75276 11.76654 11.77993 11.79213 11.80434 11.81457 11.82127 11.82599 11.82717 11.82757 11.82875 11.83426 11.83662 11.84331 11.85316 11.86536 11.88308 11.90119 11.92087 11.94095 11.95906 11.96851 11.9752 11.97717 11.97481 11.97166 11.95867 11.93544 11.89961 11.85434 11.80079 11.73111 11.64725 11.54686 11.43308 11.30552 11.16812 11.01733 10.85237 10.67284 10.48504 10.29213 10.08859 9.882289 9.666934 9.450398 9.23032 9.014571 8.806304 8.605123 8.41024 8.232681 8.078351 7.951185 7.848035 7.755909 7.675988 7.614177 7.577169 7.564964 7.551972 7.529138 7.501579 7.480319 7.462209 7.448822 7.435831 7.424019 7.411815
11.62796 11.64725 11.66733 11.6882 11.70709 11.7256 11.74528 11.76103 11.77284 11.78544 11.79804 11.81142 11.82284 11.83465 11.8504 11.86969 11.89016 11.91024 11.93111 11.95158 11.97009 11.98229 11.9878 11.99016 11.98977 11.98268 11.96772 11.9382 11.89607 11.84292 11.77914 11.70434 11.61339 11.50473 11.38032 11.24528 11.09961 10.94252 10.77048 10.58504 10.39095 10.18977 9.980714 9.769297 9.549217 9.328745 9.107879 8.890555 8.679532 8.476382 8.279531 8.101185 7.95276 7.833075 7.734256 7.641736 7.564177 7.507091 7.47087 7.461815 7.451972 7.436224 7.412996 7.393704 7.378744 7.368114 7.359846 7.34961 7.337799
11.49686 11.52127 11.54646 11.57284 11.60001 11.62796 11.65631 11.68268 11.70355 11.72678 11.7504 11.77127 11.79095 11.80945 11.8319 11.85906 11.88229 11.90552 11.92717 11.94764 11.96536 11.97914 11.98465 11.98465 11.98111 11.96812 11.94725 11.91457 11.86654 11.80591 11.73308 11.64961 11.55276 11.43623 11.30473 11.16142 11.00906 10.84292 10.66418 10.47284 10.27205 10.06418 9.849217 9.630713 9.410241 9.185831 8.963784 8.746855 8.535438 8.328351 8.131894 7.962603 7.821658 7.708272 7.611028 7.523626 7.449216 7.390949 7.363783 7.365752 7.355909 7.340949 7.316933 7.300791 7.28898 7.281894 7.276381 7.268114 7.257878
11.35788 11.38662 11.41772 11.44843 11.48347 11.5193 11.55473 11.58898 11.62127 11.65158 11.68623 11.71536 11.74292 11.77048 11.79883 11.82757 11.85591 11.87993 11.90394 11.92481 11.94134 11.95394 11.96024 11.95827 11.94843 11.92914 11.90316 11.86142 11.80788 11.74134 11.66339 11.57127 11.46457 11.34213 11.20394 11.05552 10.89449 10.72087 10.53347 10.33623 10.1315 9.918116 9.698824 9.476383 9.252761 9.02717 8.804729 8.587012 8.375201 8.167721 7.977957 7.816933 7.690949 7.585831 7.486618 7.40276 7.334256 7.28898 7.271657 -9999 7.2752 7.255909 7.227169 7.199216 7.19213 7.18898 7.185043 7.180712 7.174019
11.21024 11.24331 11.27796 11.31654 11.3567 11.39804 11.44056 11.48268 11.52323 11.56457 11.60473 11.6441 11.68071 11.71418 11.74607 11.77835 11.80945 11.83386 11.85827 11.87953 11.89568 11.90512 11.90867 11.90552 11.89135 11.86693 11.82835 11.78347 11.72284 11.6504 11.56497 11.46733 11.35276 11.22048 11.07678 10.92087 10.75591 10.57442 10.37953 10.17835 9.971265 9.754335 9.531107 9.307092 9.082288 8.856697 8.635044 8.416146 8.202367 8.000792 7.822051 7.676775 7.561815 7.46024 7.364964 7.285043 7.232287 7.212602 -9999 -9999 -9999 -9999 7.138587 7.11024 7.097248 7.090161 7.089767 7.08898 7.083862
11.06064 11.09213 11.1319 11.17442 11.21969 11.26615 11.31615 11.36379 11.41024 11.46064 11.50827 11.55434 11.59843 11.6378 11.67481 11.70788 11.74134 11.76851 11.79134 11.81182 11.8252 11.82993 11.83032 11.8252 11.8067 11.77678 11.73505 11.67875 11.61221 11.5315 11.44174 11.33426 11.213 11.07481 10.92284 10.76379 10.59174 10.40512 10.20788 10.00276 9.79095 9.571658 9.34843 9.122052 8.897248 8.674414 8.449217 8.233075 8.02402 7.828744 7.666539 7.537799 7.447642 7.347248 7.257484 7.186618 7.15276 -9999 -9999 -9999 -9999 -9999 -9999 7.037405 7.011027 6.991342 6.991342 6.990949 6.989768
10.90394 10.94056 10.98032 11.02717 11.0756 11.12599 11.17756 11.23308 11.28701 11.34174 11.39646 11.44646 11.49489 11.54016 11.5815 11.61812 11.6504 11.67993 11.70355 11.72048 11.73071 11.73111 11.72678 11.71575 11.69686 11.66497 11.61615 11.55316 11.4756 11.39016 11.29095 11.17875 11.05079 10.9063 10.74804 10.58426 10.40709 10.21733 10.01812 9.810242 9.595281 9.375989 9.151973 8.924021 8.699611 8.479532 8.256697 8.039768 7.836618 7.658665 7.51339 7.431106 7.352366 7.264571 7.179138 7.123232 7.100398 -9999 -9999 -9999 -9999 -9999 -9999 -9999 -9999 6.88898 6.889767 6.893704 6.894886
10.75315 10.78465 10.82599 10.87166 10.92284 10.97481 11.0319 11.09016 11.15079 11.21103 11.26654 11.31969 11.37363 11.42363 11.46457 11.50434 11.53701 11.56615 11.59016 11.60827 11.61221 11.60985 11.59961 11.58386 11.5626 11.52402 11.47205 11.40434 11.31969 11.22166 11.11812 11.00394 10.8689 10.71497 10.55473 10.38544 10.20394 10.01457 9.811816 9.601186 9.386619 9.168509 8.945674 8.722052 8.495673 8.274807 8.058271 7.844099 7.650791 7.494098 7.412602 7.357484 -9999 -9999 -9999 -9999 -9999 -9999 -9999 -9999 -9999 -9999 -9999 -9999 -9999 6.773232 6.785043 6.790555 6.79646
10.59449 10.63032 10.66812 10.71497 10.76615 10.82008 10.87717 10.94016 11.00434 11.06339 11.12402 11.17993 11.23308 11.2819 11.32599 11.36457 11.40276 11.4319 11.45394 11.46654 11.47245 11.46654 11.45197 11.42993 11.39804 11.35906 11.30158 11.2252 11.13583 11.03465 10.92402 10.80276 10.66182 10.50552 10.34371 10.17008 9.987013 9.791738 9.589768 9.381501 9.167721 8.953155 8.729532 8.506698 8.285438 8.065752 7.850791 7.64961 7.476382 7.36024 7.313783 -9999 -9999 -9999 -9999 -9999 -9999 -9999 -9999 -9999 -9999 -9999 -9999 -9999 6.624413 6.665358 6.679924 6.689373 6.694885
10.43465 10.47048 10.51064 10.55394 10.60434 10.66024 10.7189 10.7815 10.84449 10.90749 10.96457 11.02363 11.07796 11.1252 11.16812 11.20906 11.24686 11.27638 11.29882 11.30867 11.31064 11.3004 11.27993 11.25512 11.21654 11.1693 11.1067 11.0256 10.93229 10.82796 10.71379 10.58426 10.44056 10.28386 10.11497 9.944493 9.761028 9.565359 9.362209 9.153154 8.942918 8.72717 8.509453 8.285044 8.065358 7.850791 7.647642 7.462602 7.321657 7.247642 -9999 -9999 -9999 -9999 -9999 -9999 -9999 -9999 -9999 -9999 -9999 -9999 -9999 6.509452 6.53898 6.563389 6.5752 6.587405 6.59646
10.27166 10.30591 10.34489 10.38898 10.44134 10.49686 10.55512 10.61693 10.67756 10.73977 10.79961 10.85552 10.91064 10.9567 10.99843 11.0378 11.07402 11.10316 11.12127 11.12875 11.1252 11.113 11.09056 11.05749 11.01497 10.96064 10.89253 10.80985 10.7126 10.60434 10.48701 10.35473 10.20591 10.04686 9.881895 9.711816 9.528745 9.333076 9.131894 8.922445 8.709847 8.498823 8.283862 8.061421 7.844099 7.640555 7.448822 7.294098 7.200004 7.162602 -9999 -9999 -9999 -9999 -9999 -9999 -9999 -9999 -9999 -9999 -9999 -9999 6.411814 6.429137 6.453153 6.463783 6.475594 6.486224 6.49646
10.10591 10.13662 10.17284 10.21812 10.27048 10.3256 10.38347 10.44607 10.50591 10.56378 10.62323 10.67993 10.73229 10.77914 10.81812 10.85158 10.88623 10.90985 10.92284 10.92875 10.92284 10.90709 10.88347 10.84331 10.79764 10.73938 10.66536 10.57875 10.47678 10.36693 10.24607 10.10985 9.959061 9.800005 9.6378 9.467721 9.287013 9.094099 8.891343 8.685437 8.479532 8.270083 8.055122 7.837799 7.634256 7.435043 7.271657 7.169689 7.123232 -9999 -9999 -9999 -9999 -9999 -9999 -9999 -9999 -9999 -9999 -9999 -9999 6.37835 6.36024 6.351578 6.35394 6.367326 6.379137 6.392917 6.404728
9.938588 9.966146 9.999218 10.04213 10.09252 10.14882 10.2063 10.26457 10.32796 10.38386 10.43819 10.49292 10.54449 10.58859 10.62284 10.65552 10.68308 10.70197 10.71182 10.7126 10.70552 10.68859 10.65867 10.61851 10.56575 10.50237 10.42638 10.33386 10.23032 10.11772 9.992131 9.85473 9.705911 9.546855 9.385044 9.214178 9.035831 8.845674 8.648036 8.447642 8.244099 8.040949 7.832681 7.626776 7.424019 7.251185 7.140161 7.087799 -9999 -9999 -9999 -9999 -9999 -9999 -9999 -9999 -9999 -9999 -9999 -9999 -9999 -9999 6.318507 6.274413 6.264964 6.273232 6.28898 6.303153 6.313783
9.774808 9.796068 9.827958 9.866934 9.914966 9.966934 10.02205 10.08032 10.13898 10.19489 10.24607 10.29843 10.34686 10.38544 10.4193 10.44804 10.47008 10.48426 10.49134 10.4878 10.47875 10.45591 10.42284 10.38032 10.32087 10.25315 10.17323 10.07914 9.974809 9.858273 9.731501 9.594099 9.447249 9.29213 9.129139 8.95906 8.779532 8.593705 8.401973 8.207484 8.011421 7.812209 7.61339 7.412996 7.230319 7.114571 7.054334 7.031106 -9999 -9999 -9999 -9999 -9999 -9999 -9999 -9999 -9999 -9999 -9999 -9999 -9999 -9999 -9999 6.22087 6.195279 6.190161 6.20079 6.212996 6.227169
9.615753 9.632682 9.659847 9.694887 9.738587 9.785831 9.835832 9.890162 9.944099 9.996856 10.04922 10.09764 10.14213 10.17796 10.20749 10.23032 10.25001 10.2626 10.26221 10.25552 10.24016 10.21536 10.17796 10.12875 10.06575 9.994493 9.911423 9.817327 9.710241 9.593312 9.468115 9.330713 9.185438 9.035438 8.872445 8.702367 8.525989 8.345674 8.159453 7.968902 7.779925 7.590555 7.393311 7.204728 7.091736 7.023626 -9999 -9999 -9999 -9999 -9999 -9999 -9999 -9999 -9999 -9999 -9999 -9999 -9999 -9999 -9999 -9999 -9999 -9999 -9999 6.124019 6.120869 6.129924 6.143704
9.457879 9.470871 9.493312 9.525202 9.561816 9.603154 9.647643 9.696068 9.746462 9.797249 9.845281 9.89095 9.933076 9.96536 9.989375 10.00906 10.0252 10.02953 10.02835 10.01693 9.99725 9.968116 9.926383 9.869296 9.807092 9.731894 9.647643 9.552367 9.446068 9.329926 9.203941 9.070084 8.927958 8.776776 8.618508 8.451185 8.277563 8.101185 7.932288 7.748429 7.55276 7.368508 7.186224 7.067327 6.98898 -9999 -9999 -9999 -9999 -9999 -9999 -9999 -9999 -9999 -9999 -9999 -9999 -9999 -9999 -9999 -9999 -9999 -9999 -9999 -9999 -9999 6.05709 6.057483 6.066932
9.30591 9.311816 9.329533 9.35473 9.38465 9.420084 9.460241 9.501579 9.54843 9.595281 9.637406 9.68032 9.717328 9.7441 9.765359 9.783863 9.793312 9.796068 9.786619 9.774808 9.75158 9.717722 9.670478 9.614572 9.546462 9.471659 9.383863 9.290556 9.185044 9.068508 8.944099 8.812209 8.671658 8.522839 8.365358 8.203154 8.04213 7.899217 7.740161 7.550004 7.359059 7.178744 7.047641 6.95709 -9999 -9999 -9999 -9999 -9999 -9999 -9999 -9999 -9999 -9999 -9999 -9999 -9999 -9999 -9999 -9999 -9999 -9999 -9999 -9999 -9999 -9999 6.009452 6.000791 5.998822
9.157485 9.161816 9.172445 9.1878 9.209847 9.241737 9.276776 9.314571 9.353154 9.391737 9.429532 9.465753 9.495674 9.520083 9.538981 9.552367 9.560241 9.555517 9.544887 9.526776 9.503155 9.466146 9.416146 9.355123 9.286619 9.208272 9.128351 9.031107 8.923233 8.807091 8.687013 8.55591 8.418115 8.269296 8.118902 7.966539 7.873232 7.76024 7.656303 7.347641 7.194492 7.064964 6.950791 -9999 -9999 -9999 -9999 -9999 -9999 -9999 -9999 -9999 -9999 -9999 -9999 -9999 -9999 -9999 -9999 -9999 -9999 -9999 -9999 -9999 -9999 -9999 -9999 5.954334 5.949609
9.018115 9.013784 9.019296 9.029926 9.045674 9.06654 9.096461 9.129139 9.160635 9.192918 9.223627 9.250793 9.275596 9.296461 9.310635 9.319296 9.321264 9.314965 9.298823 9.279139 9.24843 9.209847 9.158666 9.100398 9.026382 8.950398 8.868114 8.77402 8.665359 8.549611 8.429138 8.303942 8.165752 8.025989 7.876776 7.824807 7.762209 -9999 -9999 -9999 -9999 -9999 -9999 -9999 -9999 -9999 -9999 -9999 -9999 -9999 -9999 -9999 -9999 -9999 -9999 -9999 -9999 -9999 -9999 -9999 -9999 -9999 -9999 -9999 -9999 -9999 -9999 -9999 5.913389
8.881107 8.86969 8.867328 8.86969 8.878745 8.896068 8.917721 8.946462 8.968903 8.994099 9.019296 9.043312 9.061815 9.072052 9.082288 9.088194 9.086618 9.07402 9.057485 9.027564 8.996068 8.954335 8.904335 8.840949 8.77284 8.696855 8.612603 8.518508 8.414965 8.300004 8.181107 8.058271 7.929138 7.78898 7.744492 7.679532 -9999 -9999 -9999 -9999 -9999 -9999 -9999 -9999 -9999 -9999 -9999 -9999 -9999 -9999 -9999 -9999 -9999 -9999 -9999 -9999 -9999 -9999 -9999 -9999 -9999 -9999 -9999 -9999 -9999 -9999 -9999 -9999 -9999
8.744886 8.725988 8.715359 8.712209 8.715359 8.725202 8.74213 8.762209 8.783469 8.799611 8.818508 8.836618 8.850004 8.85591 8.860241 8.861422 8.853154 8.841737 8.817721 8.788588 8.749611 8.706697 8.653547 8.593705 8.525201 8.448036 8.362996 8.27402 8.169689 8.059847 7.945673 7.824807 7.705516 7.658665 7.601579 -9999 -9999 -9999 -9999 -9999 -9999 -9999 -9999 -9999 -9999 -9999 -9999 -9999 -9999 -9999 -9999 -9999 -9999 -9999 -9999 -9999 -9999 -9999 -9999 -9999 -9999 -9999 -9999 -9999 -9999 -9999 -9999 -9999 -9999
8.612603 8.585044 8.568508 8.561421 8.558272 8.56339 8.57402 8.588587 8.59843 8.612209 8.624021 8.63465 8.642918 8.646854 8.648036 8.643705 8.633076 8.616146 8.589375 8.55591 8.514571 8.465753 8.412996 8.355123 8.283862 8.20591 8.123233 8.03465 7.938587 7.8315 7.720083 7.612996 7.562209 7.528744 -9999 -9999 -9999 -9999 -9999 -9999 -9999 -9999 -9999 -9999 -9999 -9999 -9999 -9999 -9999 -9999 -9999 -9999 -9999 -9999 -9999 -9999 -9999 -9999 -9999 -9999 -9999 -9999 -9999 -9999 -9999 -9999 -9999 -9999 -9999
8.483075 8.452367 8.430713 8.418509 8.411816 8.409847 8.415359 8.421264 8.426382 8.427564 8.432288 8.440162 8.443312 8.442524 8.440556 8.43465 8.419689 8.398036 8.36654 8.330319 8.285831 8.235831 8.183075 8.123626 8.05276 7.976382 7.896854 7.815752 7.723232 7.623626 7.522445 7.466933 7.44528 -9999 -9999 -9999 -9999 -9999 -9999 -9999 -9999 -9999 -9999 -9999 -9999 -9999 -9999 -9999 -9999 -9999 -9999 -9999 -9999 -9999 -9999 -9999 -9999 -9999 -9999 -9999 -9999 -9999 -9999 -9999 -9999 -9999 -9999 -9999 -9999
8.360241 8.323233 8.297642 8.281894 8.271658 8.262997 8.257091 8.259847 8.258272 8.253942 8.250004 8.251973 8.250004 8.246461 8.241343 8.229925 8.214177 8.194098 8.151579 8.112209 8.068902 8.01772 7.968114 7.912996 7.847248 7.76024 7.701972 7.644492 7.558271 7.466146 7.394886 7.363783 -9999 -9999 -9999 -9999 -9999 -9999 -9999 -9999 -9999 -9999 -9999 -9999 -9999 -9999 -9999 -9999 -9999 -9999 -9999 -9999 -9999 -9999 -9999 -9999 -9999 -9999 -9999 -9999 -9999 -9999 -9999 -9999 -9999 -9999 -9999 -9999 -9999
8.242524 8.20276 8.172839 8.150398 8.132288 8.118114 8.110634 8.104335 8.096067 8.088981 8.084256 8.077563 8.069689 8.060634 8.048823 8.035438 8.033468 8.019296 7.964571 7.912996 7.874413 7.830713 7.797248 7.753154 7.67835 7.600398 7.571264 7.556303 7.479531 7.398823 7.333862 -9999 -9999 -9999 -9999 -9999 -9999 -9999 -9999 -9999 -9999 -9999 -9999 -9999 -9999 -9999 -9999 -9999 -9999 -9999 -9999 -9999 -9999 -9999 -9999 -9999 -9999 -9999 -9999 -9999 -9999 -9999 -9999 -9999 -9999 -9999 -9999 -9999 -9999
8.142524 8.099216 8.065358 8.036618 8.004728 7.980713 7.966146 7.95591 7.956697 7.946067 7.937799 7.927957 7.908272 7.893311 7.879531 7.875988 7.886225 -9999 7.809059 7.757878 7.732287 7.707484 -9999 -9999 -9999 7.503547 -9999 -9999 -9999 -9999 -9999 -9999 -9999 -9999 -9999 -9999 -9999 -9999 -9999 -9999 -9999 -9999 -9999 -9999 -9999 -9999 -9999 -9999 -9999 -9999 -9999 -9999 -9999 -9999 -9999 -9999 -9999 -9999 -9999 -9999 -9999 -9999 -9999 -9999 -9999 -9999 -9999 -9999 -9999
8.064571 8.024413 7.985437 7.944492 7.899611 7.865358 7.843705 7.834256 7.84213 7.841342 7.828744 7.810634 7.780713 7.762209 7.762996 7.762602 -9999 -9999 -9999 7.674413 -9999 -9999 -9999 -9999 -9999 -9999 -9999 -9999 -9999 -9999 -9999 -9999 -9999 -9999 -9999 -9999 -9999 -9999 -9999 -9999 -9999 -9999 -9999 -9999 -9999 -9999 -9999 -9999 -9999 -9999 -9999 -9999 -9999 -9999 -9999 -9999 -9999 -9999 -9999 -9999 -9999 -9999 -9999 -9999 -9999 -9999 -9999 -9999 -9999
