ASPA-UH-SWB2_REPO/input/Gridded_rain/prism_ppt_tutuila_30yr_normal_02.asc
ncols         350
nrows         200
xllcorner     515000
yllcorner     8409000
cellsize      100
NODATA_value  -9999
[rows 93 to 123 of 200, columns 138 to 206 of 350]
18.57875 18.69922 18.81694 18.93269 19.04962 19.16418 19.27796 19.38623 19.49568 19.60434 19.70592 19.79804 19.88544 19.96655 20.03623 20.09253 20.13781 20.17009 20.19253 20.20513 20.20985 20.20552 20.19253 20.17206 20.14725 20.12127 20.09725 20.07048 20.03859 19.99765 19.94765 19.89332 19.82993 19.7571 19.68111 19.60277 19.51773 19.42757 19.32954 19.22048 19.09804 18.96182 18.81064 18.65631 18.5067 18.34686 18.16733 17.95788 17.71851 17.4508 17.16536 16.86261 16.55276 16.23387 15.92009 15.61694 15.32363 15.04528 14.79056 14.54883 14.32757 14.12245 13.93544 13.76379 13.60788 13.47678 13.37717 13.29213 13.22324
18.77324 18.88426 18.99647 19.1071 19.21497 19.3256 19.42718 19.53032 19.63308 19.73269 19.82599 19.913 19.99253 20.06694 20.12796 20.17718 20.2134 20.23466 20.24726 20.24883 20.24174 20.22678 20.20198 20.17403 20.13899 20.10513 20.07678 20.04647 20.00946 19.96261 19.9071 19.84253 19.77245 19.69292 19.6071 19.51733 19.42284 19.32206 19.213 19.09253 18.96143 18.81182 18.65158 18.49253 18.3378 18.17678 17.99804 17.79174 17.5571 17.29646 17.01851 16.72048 16.41339 16.10119 15.79686 15.5004 15.21418 14.9441 14.68938 14.45394 14.23347 14.0256 13.83347 13.66379 13.51969 13.42481 -9999 -9999 -9999
18.9504 19.05355 19.15592 19.25788 19.35828 19.45906 19.55592 19.65001 19.7441 19.83741 19.92363 20.00159 20.07403 20.13781 20.19174 20.23229 20.25907 20.27206 20.27442 20.26773 20.2504 20.22363 20.19174 20.15277 20.10907 20.06576 20.02993 19.99568 19.95473 19.90158 19.84017 19.77166 19.69056 19.6067 19.513 19.413 19.31025 19.19922 19.07836 18.94962 18.80631 18.64922 18.48269 18.3193 18.16143 18.0004 17.82206 17.61615 17.38229 17.13072 16.85473 16.56497 16.2567 15.95513 15.65749 15.36891 15.09528 14.82875 14.57796 14.3441 14.12717 13.92127 13.7319 13.56142 13.43465 13.3693 -9999 -9999 -9999
19.10473 19.2004 19.29332 19.38505 19.4756 19.56536 19.65552 19.74253 19.82954 19.9134 19.99017 20.05867 20.12363 20.17639 20.22166 20.25316 20.27048 20.27875 20.27206 20.25788 20.23426 20.19883 20.15788 20.10788 20.05277 20.00119 19.95552 19.91458 19.86891 19.81182 19.74607 19.66969 19.58741 19.49489 19.39607 19.28977 19.17639 19.05473 18.92678 18.78623 18.63544 18.47087 18.30158 18.13662 17.97836 17.81576 17.63465 17.42757 17.2004 16.94686 16.67914 16.3878 16.09095 15.79607 15.50867 15.22993 14.95749 14.7008 14.45631 14.23111 14.01103 13.80788 13.62599 13.47048 13.37205 -9999 -9999 -9999 -9999
19.23702 19.32206 19.40828 19.49056 19.57245 19.65158 19.73033 19.8071 19.88387 19.95828 20.02639 20.08584 20.13938 20.18308 20.21694 20.24096 20.25473 20.25355 20.24174 20.2197 20.18662 20.14568 20.09529 20.03466 19.9697 19.90788 19.85316 19.80198 19.74922 19.68859 19.61773 19.53938 19.45158 19.35434 19.24962 19.13741 19.01576 18.88702 18.75001 18.60395 18.4441 18.27717 18.10788 17.94765 17.78741 17.62048 17.43623 17.22914 17.0004 16.75434 16.48505 16.20158 15.91143 15.62481 15.34646 15.07442 14.81457 14.56497 14.32953 14.10355 13.89568 13.69765 13.52087 13.39607 13.32363 -9999 -9999 -9999 -9999
19.34686 19.41969 19.49529 19.5693 19.64174 19.70985 19.77718 19.84214 19.9067 19.97206 20.02914 20.07836 20.12245 20.15867 20.18466 20.2004 20.20631 20.19765 20.17836 20.14883 20.10867 20.06143 20.00198 19.93387 19.86064 19.78741 19.72166 19.66221 19.60001 19.53151 19.45867 19.37678 19.28347 19.18387 19.07403 18.95434 18.82757 18.6941 18.5504 18.39607 18.23584 18.06733 17.90591 17.74529 17.58662 17.41615 17.22639 17.01772 16.78977 16.54332 16.2819 16.00237 15.72206 15.44528 15.17442 14.91182 14.66221 14.4252 14.19568 13.98032 13.77442 13.59213 13.45316 13.36339 -9999 -9999 -9999 -9999 -9999
19.4319 19.49174 19.55277 19.61576 19.67796 19.73544 19.79174 19.84529 19.89765 19.95001 19.99725 20.03977 20.07363 20.09804 20.11458 20.12403 20.12127 20.10513 20.07796 20.04095 19.99725 19.94332 19.87914 19.80592 19.7256 19.64292 19.56615 19.4945 19.42048 19.3445 19.26576 19.17954 19.08584 18.98229 18.86851 18.74489 18.6134 18.47521 18.32599 18.16969 18.00788 17.84725 17.68859 17.53347 17.37403 17.19843 17.00473 16.79332 16.56654 16.32363 16.06339 15.79253 15.52127 15.2567 14.99607 14.74135 14.50119 14.27481 14.05906 13.84764 13.65473 13.51103 13.42284 -9999 -9999 -9999 -9999 -9999 -9999
19.48977 19.53544 19.58229 19.63308 19.68151 19.73033 19.77363 19.81418 19.85552 19.89568 19.93269 19.963 19.9882 20.00277 20.00552 20.00828 19.99686 19.97206 19.93977 19.89883 19.84962 19.79135 19.7256 19.64922 19.56221 19.47403 19.38899 19.30316 19.21812 19.1319 19.04489 18.95395 18.85631 18.75119 18.63387 18.50788 18.37442 18.23269 18.08387 17.92796 17.77048 17.613 17.45985 17.30749 17.1445 16.96536 16.76851 16.55395 16.32678 16.08583 15.8319 15.57087 15.31261 15.05867 14.80828 14.56457 14.33505 14.11694 13.90591 13.70946 13.56142 13.47166 13.40946 -9999 -9999 -9999 -9999 -9999 -9999
19.52363 19.55355 19.58584 19.62166 19.65749 19.6945 19.72481 19.75159 19.78032 19.8067 19.83308 19.85277 19.86379 19.86694 19.86379 19.85552 19.83584 19.80474 19.76694 19.72127 19.66812 19.6071 19.53741 19.45867 19.3697 19.27875 19.18623 19.09214 18.99725 18.90119 18.80395 18.70552 18.60198 18.49371 18.37442 18.24686 18.11418 17.97442 17.82796 17.67481 17.52284 17.37245 17.22166 17.06458 16.89647 16.71497 16.51615 16.29961 16.07245 15.83465 15.5882 15.34056 15.09607 14.85394 14.61457 14.3815 14.15985 13.9504 13.7504 13.59922 13.50709 13.44213 -9999 -9999 -9999 -9999 -9999 -9999 -9999
19.52914 19.54489 19.5634 19.58269 19.60316 19.62481 19.6441 19.65907 19.67127 19.68348 19.69725 19.70513 19.70395 19.69765 19.68662 19.66851 19.64095 19.60513 19.55867 19.50946 19.45237 19.38623 19.31379 19.23033 19.14292 19.05001 18.95355 18.85788 18.75591 18.65355 18.54844 18.44095 18.33269 18.21969 18.09883 17.97166 17.84056 17.70395 17.56025 17.41418 17.2693 17.12009 16.96536 16.80355 16.6315 16.44804 16.24686 16.03032 15.80552 15.57324 15.3378 15.10355 14.87087 14.64331 14.42363 14.20709 13.98387 13.79213 13.63347 13.52953 -9999 -9999 -9999 -9999 -9999 -9999 -9999 -9999 -9999
19.50749 19.50788 19.50946 19.51261 19.52127 19.52402 19.52875 19.53111 19.52954 19.52875 19.52678 19.52009 19.50828 19.49135 19.47403 19.44686 19.41261 19.36615 19.31418 19.26025 19.19804 19.12875 19.05198 18.96694 18.87717 18.7819 18.68781 18.59174 18.48859 18.38229 18.27402 18.16379 18.0504 17.93505 17.813 17.68662 17.55828 17.42599 17.28544 17.14489 17.0004 16.85001 16.69253 16.52599 16.35198 16.16654 15.96457 15.75119 15.53032 15.30631 15.08347 14.86064 14.64056 14.44095 14.26379 14.05119 13.8378 13.68308 13.563 -9999 -9999 -9999 -9999 -9999 -9999 -9999 -9999 -9999 -9999
19.45749 19.44292 19.42914 19.41576 19.4008 19.39214 19.37954 19.37009 19.35316 19.33741 19.32048 19.30237 19.27757 19.2504 19.22088 19.18938 19.14607 19.09056 19.03308 18.97206 18.9067 18.83348 18.75316 18.66497 18.57403 18.47993 18.3882 18.29017 18.1882 18.0819 17.97206 17.86261 17.7508 17.63308 17.51143 17.38741 17.26103 17.1319 16.99686 16.85592 16.70828 16.55828 16.4004 16.2319 16.05591 15.87048 15.67206 15.463 15.24883 15.03741 14.82481 14.61615 14.42875 14.30749 -9999 -9999 13.72166 -9999 -9999 -9999 -9999 -9999 -9999 -9999 -9999 -9999 -9999 -9999 -9999
19.38269 19.34765 19.31536 19.28505 19.25277 19.22166 19.19725 19.16773 19.13977 19.11222 19.08348 19.04844 19.01497 18.97757 18.93781 18.8945 18.84292 18.78151 18.71694 18.65001 18.58072 18.50119 18.41654 18.32875 18.23662 18.1441 18.0508 17.95316 17.85119 17.74647 17.64017 17.53072 17.41851 17.30709 17.18583 17.06379 16.94174 16.813 16.67914 16.53741 16.39292 16.2441 16.08426 15.91851 15.7441 15.55946 15.36694 15.16457 14.963 14.763 14.56576 14.3819 14.2819 14.21379 -9999 -9999 -9999 -9999 -9999 -9999 -9999 -9999 -9999 -9999 -9999 -9999 -9999 -9999 -9999
19.27875 19.22245 19.17048 19.12442 19.07639 19.0256 18.98032 18.94056 18.89804 18.85592 18.81694 18.77402 18.72678 18.67875 18.62678 18.57245 18.50788 18.44371 18.37206 18.29804 18.22245 18.13859 18.05158 17.95867 17.86851 17.77521 17.67796 17.58032 17.47796 17.37599 17.27521 17.16694 17.06103 16.9504 16.83308 16.71261 16.59332 16.46851 16.33505 16.19646 16.05316 15.90631 15.75198 15.58977 15.41733 15.2378 15.05276 14.86379 14.67599 14.49016 14.30985 14.23111 14.15946 -9999 -9999 -9999 -9999 -9999 -9999 -9999 -9999 -9999 -9999 -9999 -9999 -9999 -9999 -9999 -9999
19.14568 19.07245 19.00355 18.93781 18.87009 18.80631 18.74765 18.68741 18.63308 18.57836 18.52796 18.47678 18.41773 18.35592 18.29371 18.22206 18.15119 18.07836 18.00001 17.91891 17.83584 17.74843 17.65788 17.56536 17.47521 17.37757 17.27993 17.17914 17.07993 16.98269 16.88347 16.78623 16.68072 16.57127 16.4567 16.34174 16.22284 16.10198 15.97442 15.84056 15.70395 15.5567 15.41024 15.25198 15.08347 14.91457 14.74095 14.56261 14.38938 14.21694 14.16142 14.08426 -9999 -9999 -9999 -9999 -9999 -9999 -9999 -9999 -9999 -9999 -9999 -9999 -9999 -9999 -9999 -9999 -9999
18.99056 18.89292 18.80631 18.72245 18.64056 18.56064 18.48269 18.41339 18.3441 18.27954 18.21261 18.14804 18.08229 18.01497 17.93938 17.85552 17.77678 17.69213 17.60788 17.52088 17.42954 17.33584 17.2441 17.15198 17.06182 16.963 16.86182 16.76221 16.66536 16.57324 16.47954 16.38268 16.28269 16.17521 16.06851 15.95434 15.84135 15.7252 15.60316 15.47717 15.34213 15.20631 15.06064 14.90906 14.7508 14.59253 14.43229 14.2689 14.10591 14.05513 13.9882 -9999 -9999 -9999 -9999 -9999 -9999 -9999 -9999 -9999 -9999 -9999 -9999 -9999 -9999 -9999 -9999 -9999 -9999
18.80592 18.68977 18.58269 18.48072 18.38151 18.28781 18.19607 18.11458 18.03111 17.95158 17.87324 17.79607 17.72324 17.64686 17.55867 17.47284 17.38584 17.29528 17.2008 17.10631 17.01103 16.91536 16.81891 16.7256 16.63505 16.53623 16.43623 16.33859 16.24331 16.15316 16.063 15.97127 15.87402 15.77363 15.66851 15.56339 15.45473 15.34332 15.22757 15.10316 14.97875 14.84843 14.70906 14.56576 14.42481 14.2815 14.12914 13.98308 13.92599 13.87993 -9999 -9999 -9999 -9999 -9999 -9999 -9999 -9999 -9999 -9999 -9999 -9999 -9999 -9999 -9999 -9999 -9999 -9999 -9999
18.59371 18.46379 18.33741 18.21694 18.10001 17.98977 17.89056 17.79253 17.69647 17.60355 17.5134 17.42481 17.34174 17.25749 17.16733 17.0756 16.97796 16.88347 16.78702 16.68741 16.58977 16.48938 16.39017 16.29528 16.2004 16.10316 16.00788 15.91182 15.82048 15.7319 15.64568 15.55473 15.46418 15.36772 15.26851 15.16851 15.06457 14.95709 14.8445 14.7319 14.61064 14.48977 14.35985 14.23505 14.13111 14.02245 13.86694 13.78583 13.76064 -9999 -9999 -9999 -9999 -9999 -9999 -9999 -9999 -9999 -9999 -9999 -9999 -9999 -9999 -9999 -9999 -9999 -9999 -9999 -9999
18.35198 18.21221 18.0693 17.93229 17.80119 17.67757 17.56103 17.45001 17.34725 17.24253 17.14017 17.04371 16.94883 16.85749 16.76261 16.66339 16.56143 16.46261 16.36418 16.26497 16.16536 16.06497 15.96379 15.86221 15.76812 15.67324 15.58111 15.48859 15.4004 15.31576 15.23111 15.14528 15.05394 14.96261 14.86733 14.77205 14.6752 14.56969 14.46379 14.35828 14.24843 14.13544 14.02678 13.95631 13.93032 13.84489 13.69607 13.63859 -9999 -9999 -9999 -9999 -9999 -9999 -9999 -9999 -9999 -9999 -9999 -9999 -9999 -9999 -9999 -9999 -9999 -9999 -9999 -9999 -9999
18.08702 17.93623 17.78308 17.63072 17.48584 17.34962 17.2193 17.09686 16.98229 16.87284 16.76103 16.65119 16.54765 16.44528 16.3441 16.23899 16.13465 16.03229 15.9319 15.83544 15.73859 15.64017 15.53938 15.43623 15.34332 15.25119 15.15867 15.07009 14.98387 14.90001 14.81694 14.73662 14.64883 14.5567 14.47009 14.38072 14.28741 14.19174 14.0941 13.99528 13.89843 13.80001 13.74883 13.76024 13.80198 -9999 13.55552 -9999 -9999 -9999 -9999 -9999 -9999 -9999 -9999 -9999 -9999 -9999 -9999 -9999 -9999 -9999 -9999 -9999 -9999 -9999 -9999 -9999 -9999
17.79725 17.6378 17.47521 17.31221 17.15473 17.00867 16.86733 16.73505 16.60906 16.49056 16.3693 16.24686 16.13229 16.02442 15.91576 15.80591 15.69961 15.59568 15.49568 15.4004 15.30867 15.213 15.11615 15.02048 14.92914 14.83859 14.74725 14.65709 14.57127 14.48977 14.40946 14.33072 14.24843 14.16221 14.07835 13.99804 13.91339 13.8256 13.73898 13.65001 13.56182 13.49686 13.53859 13.613 -9999 -9999 -9999 -9999 -9999 -9999 -9999 -9999 -9999 -9999 -9999 -9999 -9999 -9999 -9999 -9999 -9999 -9999 -9999 -9999 -9999 -9999 -9999 -9999 -9999
17.48859 17.31851 17.14883 16.97954 16.81458 16.65985 16.50946 16.36497 16.22914 16.10001 15.97087 15.83977 15.71536 15.60355 15.49056 15.38072 15.27284 15.16654 15.06654 14.97009 14.87835 14.7878 14.69607 14.60631 14.5189 14.43111 14.3441 14.25434 14.17009 14.09056 14.01497 13.9382 13.85985 13.78347 13.70355 13.62953 13.55473 13.4752 13.39607 13.32009 13.24174 13.21654 -9999 -9999 -9999 -9999 -9999 -9999 -9999 -9999 -9999 -9999 -9999 -9999 -9999 -9999 -9999 -9999 -9999 -9999 -9999 -9999 -9999 -9999 -9999 -9999 -9999 -9999 -9999
17.16733 16.99489 16.81576 16.64095 16.47127 16.31182 16.1504 15.99332 15.85001 15.71261 15.57481 15.44017 15.31379 15.19804 15.08229 14.97166 14.863 14.75552 14.65355 14.55316 14.45906 14.36891 14.2819 14.19528 14.113 14.02875 13.94528 13.863 13.78465 13.70906 13.63583 13.56772 13.49331 13.4193 13.35001 13.28111 13.21261 13.14253 13.07205 13.0004 12.94135 12.94646 -9999 -9999 -9999 -9999 -9999 -9999 -9999 -9999 -9999 -9999 -9999 -9999 -9999 -9999 -9999 -9999 -9999 -9999 -9999 -9999 -9999 -9999 -9999 -9999 -9999 -9999 -9999
16.84095 16.66654 16.48505 16.30631 16.13268 15.95985 15.79568 15.63465 15.47796 15.33505 15.19607 15.05985 14.93347 14.81143 14.69646 14.5819 14.4693 14.36812 14.25906 14.15631 14.05788 13.96851 13.88308 13.79883 13.71851 13.63859 13.55946 13.48701 13.41615 13.34646 13.28032 13.21575 13.14961 13.0819 13.01536 12.95473 12.89095 12.82796 12.76654 12.70552 12.70434 12.7126 -9999 -9999 -9999 -9999 -9999 -9999 -9999 -9999 -9999 -9999 -9999 -9999 -9999 -9999 -9999 -9999 -9999 -9999 -9999 -9999 -9999 -9999 -9999 -9999 -9999 -9999 -9999
16.5193 16.33741 16.15434 15.97363 15.79056 15.6193 15.44922 15.27678 15.11615 14.97127 14.83387 14.69765 14.56615 14.44331 14.3252 14.20985 14.09883 13.99135 13.88505 13.78032 13.6819 13.59331 13.50946 13.4252 13.34686 13.27166 13.19725 13.12914 13.06654 13.00552 12.94135 12.88583 12.82914 12.76654 12.70394 12.6445 12.59134 12.53426 12.48071 12.48505 12.50276 -9999 -9999 -9999 -9999 -9999 -9999 -9999 -9999 -9999 -9999 -9999 -9999 -9999 -9999 -9999 -9999 -9999 -9999 -9999 -9999 -9999 -9999 -9999 -9999 -9999 -9999 -9999 -9999
16.20316 16.01418 15.82954 15.64213 15.45828 15.28308 15.10591 14.92717 14.76772 14.61851 14.47717 14.34528 14.21615 14.08977 13.96733 13.85237 13.74371 13.63583 13.5319 13.42953 13.33308 13.24213 13.16064 13.08268 13.0067 12.92875 12.86221 12.79568 12.73701 12.68072 12.62953 12.57914 12.52442 12.47284 12.41615 12.36064 12.30749 12.26339 12.26733 12.28859 -9999 -9999 -9999 -9999 -9999 -9999 -9999 -9999 -9999 -9999 -9999 -9999 -9999 -9999 -9999 -9999 -9999 -9999 -9999 -9999 -9999 -9999 -9999 -9999 -9999 -9999 -9999 -9999 -9999
15.89017 15.69922 15.50946 15.31891 15.13347 14.94686 14.76851 14.59292 14.42481 14.2752 14.13977 14.00434 13.87009 13.75119 13.62953 13.51221 13.40827 13.30316 13.20316 13.10316 13.01339 12.92166 12.83859 12.76812 12.69174 12.61418 12.54646 12.48938 12.43268 12.37993 12.33268 12.2941 12.24883 12.19922 12.14882 12.09961 12.05512 12.05552 12.08032 -9999 -9999 -9999 -9999 -9999 -9999 -9999 -9999 -9999 -9999 -9999 -9999 -9999 -9999 -9999 -9999 -9999 -9999 -9999 -9999 -9999 -9999 -9999 -9999 -9999 -9999 -9999 -9999 -9999 -9999
15.58308 15.38741 15.19253 15.00355 14.81103 14.62639 14.4445 14.27245 14.10316 13.95591 13.81812 13.6819 13.55473 13.42757 13.31457 13.20316 13.09843 12.99843 12.90158 12.80985 12.72048 12.63268 12.55355 12.47442 12.40276 12.33505 12.26536 12.20631 12.15512 12.10591 12.06379 12.02717 11.99489 11.95355 11.90631 11.86457 11.86103 11.89174 -9999 -9999 -9999 -9999 -9999 -9999 -9999 -9999 -9999 -9999 -9999 -9999 -9999 -9999 -9999 -9999 -9999 -9999 -9999 -9999 -9999 -9999 -9999 -9999 -9999 -9999 -9999 -9999 -9999 -9999 -9999
15.28938 15.08702 14.88859 14.69607 14.50237 14.31812 14.14331 13.96536 13.80355 13.65631 13.5193 13.38701 13.25591 13.13623 13.02324 12.92008 12.81654 12.7193 12.63032 12.54174 12.45197 12.3693 12.29056 12.21536 12.14686 12.07993 12.01615 11.95867 11.90788 11.86182 11.82127 11.79056 11.75985 11.72717 11.68938 11.66339 11.69371 -9999 -9999 -9999 -9999 -9999 -9999 -9999 -9999 -9999 -9999 -9999 -9999 -9999 -9999 -9999 -9999 -9999 -9999 -9999 -9999 -9999 -9999 -9999 -9999 -9999 -9999 -9999 -9999 -9999 -9999 -9999 -9999
15.00828 14.80316 14.60079 14.40434 14.20946 14.02639 13.85001 13.68072 13.52284 13.37678 13.24213 13.11182 12.98938 12.87363 12.76575 12.66221 12.5626 12.47284 12.38229 12.29568 12.213 12.1319 12.05473 11.98465 11.92008 11.85512 11.79686 11.74371 11.69253 11.64646 11.61064 11.57953 11.5504 11.52166 11.49371 11.47717 -9999 -9999 -9999 -9999 -9999 -9999 -9999 -9999 -9999 -9999 -9999 -9999 -9999 -9999 -9999 -9999 -9999 -9999 -9999 -9999 -9999 -9999 -9999 -9999 -9999 -9999 -9999 -9999 -9999 -9999 -9999 -9999 -9999
14.73977 14.52993 14.3256 14.12481 13.93387 13.74922 13.57953 13.41497 13.25749 13.11615 12.98898 12.86694 12.74607 12.63741 12.5315 12.43071 12.33544 12.24764 12.15985 12.07678 11.99961 11.92127 11.84686 11.77757 11.71457 11.65394 11.59882 11.54804 11.50276 11.46064 11.4256 11.3941 11.36497 11.34331 11.32048 11.30237 -9999 -9999 -9999 -9999 -9999 -9999 -9999 -9999 -9999 -9999 -9999 -9999 -9999 -9999 -9999 -9999 -9999 -9999 -9999 -9999 -9999 -9999 -9999 -9999 -9999 -9999 -9999 -9999 -9999 -9999 -9999 -9999 -9999
