ASPA-UH-SWB2_REPO/input/Gridded_rain/prism_ppt_tutuila_30yr_normal_01.asc
ncols         350
nrows         200
xllcorner     515000
yllcorner     8409000
cellsize      100
NODATA_value  -9999
[rows 93 to 123 of 200, columns 138 to 206 of 350]
18.42127 18.58426 18.74686 18.90985 19.07678 19.24292 19.41025 19.57285 19.7382 19.90316 20.06222 20.21261 20.35867 20.49883 20.62796 20.74332 20.84726 20.93702 21.01576 21.08229 21.13702 21.17678 21.20041 21.21025 21.20828 21.19607 21.17757 21.15198 21.1197 21.07678 21.02206 20.96064 20.88584 20.79411 20.69529 20.58781 20.46655 20.33229 20.18308 20.01458 19.82521 19.61458 19.38072 19.13111 18.87127 18.59017 18.29056 17.97048 17.62954 17.26418 16.88072 16.48072 16.08111 15.6815 15.29804 14.93268 14.58268 14.25316 13.95631 13.68032 13.43583 13.21575 13.02205 12.85079 12.70119 12.57914 12.48623 12.413 12.36339
18.56418 18.71891 18.87757 19.03741 19.19725 19.36103 19.51733 19.67718 19.8378 19.99568 20.14883 20.29607 20.43662 20.57285 20.69529 20.80592 20.90277 20.98387 21.05474 21.11261 21.15828 21.18938 21.20316 21.20631 21.19371 21.17442 21.15159 21.12206 21.08348 21.03348 20.97206 20.89765 20.81379 20.71458 20.60355 20.48308 20.35119 20.20631 20.04607 19.86733 19.67127 19.44922 19.20828 18.9567 18.6941 18.41576 18.12048 17.80867 17.47914 17.12678 16.7571 16.36851 15.97717 15.59056 15.22087 14.86497 14.52481 14.2067 13.91103 13.64371 13.40001 13.17638 12.9756 12.80473 12.66339 12.56575 -9999 -9999 -9999
18.68347 18.8315 18.9819 19.13505 19.28859 19.44371 19.59725 19.74962 19.90355 20.05749 20.20552 20.34607 20.4819 20.60946 20.72718 20.83111 20.92048 20.99529 21.05828 21.10985 21.14686 21.1693 21.17875 21.17245 21.15198 21.12324 21.0941 21.06104 21.01773 20.95946 20.88977 20.80985 20.71222 20.60789 20.48741 20.35434 20.21379 20.05867 19.88663 19.7004 19.49371 19.26655 19.02127 18.76654 18.50395 18.23032 17.94095 17.63544 17.31143 16.97442 16.61261 16.23899 15.85276 15.48269 15.12324 14.77835 14.45394 14.14174 13.85198 13.5878 13.34843 13.12678 12.92796 12.75434 12.62638 12.55237 -9999 -9999 -9999
18.77284 18.91497 19.0571 19.2008 19.34607 19.49253 19.64056 19.78781 19.93662 20.08387 20.22481 20.35789 20.48859 20.6071 20.71733 20.81458 20.89607 20.96773 21.02285 21.06891 21.10198 21.11812 21.12127 21.10631 21.07678 21.04174 21.00395 20.96418 20.91497 20.85119 20.7756 20.68584 20.58623 20.47088 20.3441 20.20473 20.05119 19.88505 19.7071 19.50946 19.29647 19.06418 18.81655 18.56103 18.30119 18.03111 17.74568 17.44607 17.13544 16.8008 16.45316 16.08387 15.71733 15.35867 15.01339 14.68111 14.35946 14.05946 13.77953 13.52678 13.28465 13.06575 12.87481 12.71457 12.60631 -9999 -9999 -9999 -9999
18.83426 18.96694 19.10434 19.23977 19.37717 19.51458 19.65355 19.79214 19.93308 20.07285 20.2071 20.33387 20.45473 20.56576 20.66733 20.75788 20.83781 20.90119 20.95277 20.99174 21.01615 21.02914 21.0256 21.00277 20.96615 20.92324 20.87796 20.82954 20.77245 20.70395 20.62127 20.52796 20.42088 20.29962 20.16615 20.0193 19.85828 19.68426 19.49765 19.29647 19.07639 18.84214 18.59332 18.34568 18.08623 17.81733 17.5378 17.24568 16.9382 16.61733 16.27284 15.9193 15.56497 15.21969 14.88623 14.56339 14.25749 13.96812 13.69961 13.44686 13.21969 13.0067 12.81969 12.6819 12.59725 -9999 -9999 -9999 -9999
18.86773 18.98977 19.11733 19.24647 19.37599 19.50395 19.63387 19.7634 19.89371 20.02639 20.15119 20.2697 20.38308 20.48859 20.58348 20.66733 20.74056 20.79725 20.84174 20.87324 20.89174 20.89922 20.88859 20.86103 20.81891 20.76773 20.71458 20.65946 20.5941 20.51576 20.43111 20.33269 20.21891 20.0941 19.95395 19.79962 19.63308 19.45473 19.26182 19.05395 18.83544 18.59804 18.35867 18.11024 17.8571 17.59332 17.31733 17.03072 16.72993 16.41221 16.08308 15.73977 15.40198 15.06969 14.74725 14.43662 14.1441 13.87087 13.61142 13.37245 13.14725 12.9504 12.79528 12.68583 -9999 -9999 -9999 -9999 -9999
18.87166 18.9819 19.09725 19.21694 19.33859 19.45788 19.57914 19.69883 19.8193 19.94056 20.05788 20.17088 20.276 20.37088 20.45749 20.53623 20.60119 20.65119 20.68781 20.71222 20.72678 20.72718 20.71222 20.68229 20.63505 20.57757 20.51773 20.45237 20.37718 20.29292 20.2008 20.09765 19.98229 19.85277 19.70867 19.54922 19.37836 19.19686 18.99922 18.78977 18.56733 18.33741 18.10198 17.86182 17.61497 17.35552 17.08387 16.80119 16.50749 16.19922 15.87757 15.54961 15.2252 14.90946 14.59922 14.29883 14.01969 13.76103 13.5189 13.28505 13.07402 12.91221 12.80158 -9999 -9999 -9999 -9999 -9999 -9999
18.84529 18.94332 19.04568 19.15592 19.26615 19.37954 19.48938 19.59922 19.71025 19.82166 19.92993 20.03269 20.12993 20.21576 20.29017 20.36261 20.41891 20.46064 20.49174 20.51182 20.52048 20.51576 20.49922 20.46615 20.41379 20.35277 20.28781 20.21182 20.12796 20.03544 19.93662 19.82914 19.70946 19.57796 19.42993 19.26891 19.09686 18.91143 18.71418 18.50316 18.28387 18.05749 17.82914 17.59725 17.35631 17.10316 16.83662 16.55709 16.26851 15.96772 15.65828 15.34607 15.03898 14.73702 14.44056 14.15434 13.88938 13.64253 13.4067 13.19016 13.02166 12.90867 12.82363 -9999 -9999 -9999 -9999 -9999 -9999
18.79174 18.87639 18.96733 19.06497 19.16536 19.2693 19.3693 19.46773 19.56851 19.66812 19.76773 19.86064 19.94489 20.02048 20.08938 20.1508 20.19922 20.23387 20.25946 20.27403 20.27718 20.26891 20.24686 20.21025 20.15631 20.09332 20.02166 19.94056 19.8504 19.7508 19.64371 19.52993 19.40552 19.27166 19.12166 18.95946 18.78781 18.60395 18.40788 18.19883 17.98505 17.76772 17.54489 17.31733 17.0815 16.83505 16.57402 16.29843 16.01458 15.72363 15.42835 15.13387 14.84371 14.5567 14.27481 14.00276 13.74922 13.513 13.29095 13.11772 13.00198 12.90788 -9999 -9999 -9999 -9999 -9999 -9999 -9999
18.70985 18.78229 18.86222 18.94607 19.03426 19.12599 19.21773 19.3067 19.3945 19.4819 19.57048 19.65316 19.72639 19.79292 19.85434 19.90592 19.94568 19.97481 19.99056 20.0004 19.99844 19.98347 19.95631 19.9134 19.86025 19.7945 19.71851 19.63662 19.54135 19.4382 19.32599 19.20434 19.07718 18.93977 18.78859 18.62757 18.45749 18.27599 18.08269 17.88151 17.67757 17.46536 17.24765 17.02481 16.79371 16.55316 16.29686 16.02678 15.7504 15.47127 15.19174 14.91379 14.6378 14.3693 14.10906 13.85709 13.60631 13.38938 13.20985 13.0819 -9999 -9999 -9999 -9999 -9999 -9999 -9999 -9999 -9999
18.60158 18.66143 18.72717 18.79804 18.87717 18.95355 19.03387 19.1134 19.18938 19.26655 19.34135 19.41103 19.47442 19.53072 19.58505 19.62757 19.65985 19.67718 19.68584 19.68938 19.68072 19.66025 19.62718 19.58032 19.52284 19.45355 19.37914 19.29686 19.2004 19.0941 18.97954 18.85749 18.72599 18.5878 18.43702 18.27717 18.11103 17.93544 17.74686 17.55513 17.3571 17.15237 16.94174 16.72166 16.49607 16.26064 16.00906 15.74686 15.48032 15.21418 14.95119 14.68702 14.42717 14.1882 13.97245 13.7252 13.48662 13.31142 13.16694 -9999 -9999 -9999 -9999 -9999 -9999 -9999 -9999 -9999 -9999
18.46773 18.51576 18.5693 18.62678 18.68702 18.75513 18.82127 18.89095 18.95434 19.01851 19.08032 19.13977 19.19056 19.23741 19.27914 19.31615 19.33859 19.34568 19.34725 19.34135 19.32757 19.3008 19.26261 19.21064 19.14962 19.08072 19.00749 18.92166 18.82639 18.71969 18.60355 18.48308 18.35473 18.21458 18.06576 17.90985 17.74804 17.57993 17.40158 17.21615 17.02324 16.82796 16.62442 16.40946 16.1878 15.9567 15.71339 15.46142 15.20709 14.9567 14.70552 14.45867 14.23465 14.07835 -9999 -9999 13.38308 -9999 -9999 -9999 -9999 -9999 -9999 -9999 -9999 -9999 -9999 -9999 -9999
18.31339 18.34529 18.38465 18.42914 18.4756 18.52481 18.58269 18.63544 18.68977 18.74371 18.79489 18.83859 18.88151 18.91812 18.94962 18.97363 18.98702 18.98662 18.97954 18.96576 18.94489 18.90985 18.86458 18.81103 18.74765 18.67875 18.60277 18.51654 18.42048 18.31536 18.20355 18.08269 17.95434 17.82245 17.67599 17.5256 17.37206 17.20906 17.03938 16.86064 16.67835 16.49056 16.28977 16.08308 15.86694 15.64056 15.40828 15.16812 14.92993 14.69371 14.46024 14.24095 14.10867 14.01379 -9999 -9999 -9999 -9999 -9999 -9999 -9999 -9999 -9999 -9999 -9999 -9999 -9999 -9999 -9999
18.13741 18.15316 18.17678 18.21025 18.2445 18.27875 18.31851 18.3634 18.40552 18.44647 18.48859 18.52481 18.55434 18.58032 18.59922 18.61182 18.61103 18.6067 18.59017 18.56733 18.53859 18.49686 18.44686 18.38623 18.32206 18.2508 18.1693 18.08269 17.98584 17.88347 17.77835 17.66025 17.54056 17.41182 17.27206 17.12678 16.9815 16.82875 16.66536 16.4945 16.31772 16.13544 15.9445 15.7441 15.53347 15.31772 15.09765 14.87442 14.65198 14.43268 14.2193 14.11024 14.01339 -9999 -9999 -9999 -9999 -9999 -9999 -9999 -9999 -9999 -9999 -9999 -9999 -9999 -9999 -9999 -9999
17.94213 17.94489 17.9567 17.97481 17.9945 18.01891 18.04804 18.07599 18.10788 18.13741 18.1693 18.19804 18.21655 18.22875 18.23623 18.2319 18.22324 18.20828 18.18387 18.15237 18.11418 18.06655 18.01103 17.94883 17.88308 17.80473 17.72166 17.63032 17.53623 17.43977 17.33702 17.23229 17.11576 16.99135 16.85867 16.72363 16.58308 16.4382 16.28387 16.12087 15.95355 15.77245 15.59174 15.39922 15.19725 14.99686 14.79174 14.5819 14.37678 14.17324 14.08977 13.9878 -9999 -9999 -9999 -9999 -9999 -9999 -9999 -9999 -9999 -9999 -9999 -9999 -9999 -9999 -9999 -9999 -9999
17.73544 17.72009 17.7193 17.72481 17.73387 17.74568 17.75946 17.77954 17.79844 17.81969 17.83662 17.85237 17.86418 17.87009 17.86458 17.84686 17.82954 17.80198 17.77009 17.73111 17.68269 17.62678 17.56812 17.50434 17.43741 17.3567 17.26891 17.17796 17.08584 16.99489 16.89883 16.79646 16.68702 16.56812 16.44646 16.31497 16.1819 16.04371 15.89607 15.74253 15.57835 15.41182 15.23623 15.05513 14.86772 14.68111 14.49213 14.30001 14.10749 14.02914 13.93623 -9999 -9999 -9999 -9999 -9999 -9999 -9999 -9999 -9999 -9999 -9999 -9999 -9999 -9999 -9999 -9999 -9999 -9999
17.5134 17.48544 17.46969 17.46221 17.45828 17.45946 17.46221 17.47284 17.47954 17.4878 17.4941 17.49804 17.50158 17.49843 17.47993 17.45906 17.4319 17.39686 17.35395 17.30591 17.25198 17.19253 17.12836 17.06221 16.99332 16.91261 16.8252 16.73662 16.64686 16.55828 16.46615 16.3693 16.26339 16.15237 16.03269 15.91024 15.78229 15.64922 15.50946 15.35946 15.20828 15.05158 14.88662 14.71694 14.5504 14.38072 14.20198 14.02835 13.94568 13.87127 -9999 -9999 -9999 -9999 -9999 -9999 -9999 -9999 -9999 -9999 -9999 -9999 -9999 -9999 -9999 -9999 -9999 -9999 -9999
17.28151 17.24213 17.21339 17.19213 17.17599 17.16497 17.16221 17.15946 17.15591 17.15198 17.14686 17.13977 17.13229 17.12009 17.09843 17.06969 17.03151 16.99095 16.9445 16.88977 16.83269 16.76812 16.7004 16.6315 16.55867 16.47836 16.39568 16.30867 16.22206 16.13505 16.04686 15.9504 15.85119 15.74213 15.62835 15.51103 15.38741 15.25867 15.12363 14.98898 14.8445 14.7008 14.54765 14.39883 14.2689 14.13387 13.95434 13.8504 13.79764 -9999 -9999 -9999 -9999 -9999 -9999 -9999 -9999 -9999 -9999 -9999 -9999 -9999 -9999 -9999 -9999 -9999 -9999 -9999 -9999
17.04528 16.99292 16.95119 16.9193 16.89292 16.87284 16.85631 16.84332 16.83347 16.81851 16.80237 16.78702 16.76812 16.74765 16.71891 16.68151 16.63662 16.59056 16.53977 16.48387 16.42363 16.35788 16.28741 16.21261 16.13898 16.06103 15.98032 15.89568 15.81103 15.72678 15.63859 15.54646 15.44528 15.34095 15.23072 15.11851 15.00355 14.87835 14.75237 14.62678 14.49607 14.36103 14.23111 14.13702 14.08465 13.96497 13.79331 13.7189 -9999 -9999 -9999 -9999 -9999 -9999 -9999 -9999 -9999 -9999 -9999 -9999 -9999 -9999 -9999 -9999 -9999 -9999 -9999 -9999 -9999
16.81064 16.74253 16.68938 16.64647 16.61103 16.5815 16.55552 16.53269 16.513 16.4941 16.4693 16.44174 16.41339 16.38072 16.3445 16.29804 16.24804 16.19489 16.13938 16.08308 16.02245 15.9571 15.88505 15.80709 15.73426 15.65788 15.57599 15.49371 15.40985 15.32442 15.23702 15.14922 15.05119 14.94646 14.84528 14.74056 14.63032 14.51694 14.40079 14.28268 14.16615 14.04607 13.97245 13.96221 13.98111 -9999 13.65079 -9999 -9999 -9999 -9999 -9999 -9999 -9999 -9999 -9999 -9999 -9999 -9999 -9999 -9999 -9999 -9999 -9999 -9999 -9999 -9999 -9999 -9999
16.57402 16.49292 16.42796 16.37599 16.33229 16.29646 16.26143 16.23111 16.20276 16.17639 16.14253 16.10276 16.06261 16.02166 15.97442 15.91969 15.86339 15.80434 15.74489 15.68505 15.62521 15.55828 15.48702 15.41339 15.34017 15.26379 15.18308 15.09961 15.01576 14.93268 14.84804 14.76182 14.66969 14.57166 14.47442 14.37953 14.27875 14.17402 14.06851 13.95985 13.85198 13.76694 13.78465 13.8319 -9999 -9999 -9999 -9999 -9999 -9999 -9999 -9999 -9999 -9999 -9999 -9999 -9999 -9999 -9999 -9999 -9999 -9999 -9999 -9999 -9999 -9999 -9999 -9999 -9999
16.33741 16.24371 16.16891 16.11064 16.06182 16.01969 15.97835 15.93898 15.90237 15.86576 15.82324 15.77206 15.7193 15.66969 15.61339 15.55355 15.49017 15.42402 15.35906 15.29331 15.22875 15.16221 15.09213 15.02087 14.94961 14.8752 14.79843 14.71654 14.63583 14.55709 14.47835 14.39489 14.30749 14.21969 14.12678 14.0378 13.94646 13.84961 13.75119 13.65552 13.55827 13.51457 -9999 -9999 -9999 -9999 -9999 -9999 -9999 -9999 -9999 -9999 -9999 -9999 -9999 -9999 -9999 -9999 -9999 -9999 -9999 -9999 -9999 -9999 -9999 -9999 -9999 -9999 -9999
16.10316 16.00473 15.92009 15.85591 15.80316 15.75749 15.70828 15.65788 15.61339 15.56733 15.513 15.45316 15.39332 15.33465 15.26969 15.20355 15.13347 15.05985 14.98741 14.91379 14.84292 14.77324 14.70394 14.63387 14.56536 14.49371 14.42087 14.34686 14.27402 14.2008 14.12678 14.05355 13.97127 13.88623 13.80316 13.71812 13.63308 13.5445 13.45473 13.36339 13.28701 13.27442 -9999 -9999 -9999 -9999 -9999 -9999 -9999 -9999 -9999 -9999 -9999 -9999 -9999 -9999 -9999 -9999 -9999 -9999 -9999 -9999 -9999 -9999 -9999 -9999 -9999 -9999 -9999
15.87284 15.77363 15.68583 15.61694 15.55946 15.50395 15.4504 15.39489 15.33662 15.28072 15.21891 15.15119 15.08465 15.01418 14.9445 14.86891 14.79056 14.71772 14.63505 14.55434 14.47639 14.40473 14.33505 14.26497 14.19725 14.12835 14.05906 13.9941 13.92914 13.86261 13.79646 13.72914 13.6567 13.57875 13.49922 13.42284 13.34174 13.26064 13.17993 13.09922 13.07599 13.06812 -9999 -9999 -9999 -9999 -9999 -9999 -9999 -9999 -9999 -9999 -9999 -9999 -9999 -9999 -9999 -9999 -9999 -9999 -9999 -9999 -9999 -9999 -9999 -9999 -9999 -9999 -9999
15.65237 15.55001 15.46142 15.38859 15.32324 15.26576 15.20513 15.13583 15.06733 15.00158 14.93308 14.85867 14.78072 14.70473 14.62757 14.54765 14.46772 14.38702 14.30434 14.22009 14.13938 14.06575 13.99528 13.92284 13.85513 13.78859 13.72245 13.65985 13.60158 13.54331 13.48111 13.42323 13.36221 13.29174 13.21812 13.14489 13.0752 12.99961 12.92717 12.90906 12.90355 -9999 -9999 -9999 -9999 -9999 -9999 -9999 -9999 -9999 -9999 -9999 -9999 -9999 -9999 -9999 -9999 -9999 -9999 -9999 -9999 -9999 -9999 -9999 -9999 -9999 -9999 -9999 -9999
15.44017 15.33544 15.24607 15.16733 15.09843 15.03505 14.96221 14.87954 14.80198 14.72402 14.6445 14.56576 14.48426 14.40079 14.31694 14.23583 14.15749 14.07599 13.99528 13.91261 13.8319 13.75434 13.68347 13.61457 13.54568 13.47481 13.413 13.35119 13.29489 13.24016 13.19016 13.13859 13.08072 13.02324 12.95827 12.89174 12.82402 12.7626 12.74528 12.74371 -9999 -9999 -9999 -9999 -9999 -9999 -9999 -9999 -9999 -9999 -9999 -9999 -9999 -9999 -9999 -9999 -9999 -9999 -9999 -9999 -9999 -9999 -9999 -9999 -9999 -9999 -9999 -9999 -9999
15.23269 15.12954 15.03702 14.95513 14.88072 14.80079 14.71812 14.62757 14.53387 14.44725 14.36576 14.27914 14.18977 14.10867 14.02284 13.9382 13.863 13.78465 13.70749 13.62717 13.55237 13.47245 13.39883 13.33465 13.26418 13.19174 13.12638 13.07087 13.01497 12.96261 12.91457 12.87442 12.82678 12.77245 12.71615 12.65827 12.60158 12.58465 12.58898 -9999 -9999 -9999 -9999 -9999 -9999 -9999 -9999 -9999 -9999 -9999 -9999 -9999 -9999 -9999 -9999 -9999 -9999 -9999 -9999 -9999 -9999 -9999 -9999 -9999 -9999 -9999 -9999 -9999 -9999
15.03032 14.92639 14.83072 14.74725 14.66064 14.57363 14.47914 14.3819 14.27993 14.18898 14.10119 14.00985 13.92245 13.83229 13.75119 13.6693 13.59135 13.51654 13.44213 13.3689 13.29489 13.2193 13.14804 13.07638 13.00906 12.9441 12.87638 12.81733 12.76457 12.71339 12.6689 12.62914 12.59331 12.54843 12.49568 12.44607 12.43111 12.44568 -9999 -9999 -9999 -9999 -9999 -9999 -9999 -9999 -9999 -9999 -9999 -9999 -9999 -9999 -9999 -9999 -9999 -9999 -9999 -9999 -9999 -9999 -9999 -9999 -9999 -9999 -9999 -9999 -9999 -9999 -9999
14.83702 14.72993 14.6319 14.54095 14.44765 14.35276 14.25473 14.14607 14.0445 13.94961 13.85788 13.76654 13.67323 13.58662 13.50394 13.42678 13.34804 13.27363 13.20512 13.13544 13.06142 12.98977 12.9189 12.84961 12.78583 12.72166 12.65867 12.59922 12.54489 12.49528 12.4504 12.41418 12.37835 12.34095 12.29764 12.26497 12.28386 -9999 -9999 -9999 -9999 -9999 -9999 -9999 -9999 -9999 -9999 -9999 -9999 -9999 -9999 -9999 -9999 -9999 -9999 -9999 -9999 -9999 -9999 -9999 -9999 -9999 -9999 -9999 -9999 -9999 -9999 -9999 -9999
14.65119 14.54331 14.44174 14.34528 14.2445 14.14292 14.03662 13.92953 13.82639 13.72796 13.63465 13.54213 13.45394 13.3689 13.28859 13.21024 13.13387 13.06457 12.99371 12.92481 12.85709 12.78662 12.71615 12.65001 12.58898 12.52678 12.46851 12.4126 12.35749 12.30552 12.2626 12.22442 12.18898 12.15394 12.12048 12.09843 -9999 -9999 -9999 -9999 -9999 -9999 -9999 -9999 -9999 -9999 -9999 -9999 -9999 -9999 -9999 -9999 -9999 -9999 -9999 -9999 -9999 -9999 -9999 -9999 -9999 -9999 -9999 -9999 -9999 -9999 -9999 -9999 -9999
14.47324 14.36379 14.26064 14.15749 14.05394 13.9441 13.83702 13.72835 13.62087 13.52245 13.43268 13.34449 13.25631 13.17638 13.09646 13.01969 12.94646 12.87796 12.80867 12.74174 12.67796 12.60946 12.53977 12.47245 12.41103 12.35276 12.29764 12.24449 12.19371 12.14449 12.10079 12.06064 12.02363 11.9941 11.96497 11.94174 -9999 -9999 -9999 -9999 -9999 -9999 -9999 -9999 -9999 -9999 -9999 -9999 -9999 -9999 -9999 -9999 -9999 -9999 -9999 -9999 -9999 -9999 -9999 -9999 -9999 -9999 -9999 -9999 -9999 -9999 -9999 -9999 -9999
