ASPA-UH-SWB2_REPO/input/Gridded_rain/prism_ppt_tutuila_30yr_normal_07.asc
ncols         350
nrows         200
xllcorner     515000
yllcorner     8409000
cellsize      100
NODATA_value  -9999
[rows 31 to 61 of 200, columns 276 to 344 of 350]
-9999 -9999 -9999 -9999 -9999 -9999 -9999 -9999 -9999 -9999 -9999 -9999 -9999 -9999 -9999 -9999 -9999 -9999 -9999 -9999 -9999 -9999 -9999 -9999 -9999 -9999 -9999 -9999 -9999 -9999 -9999 -9999 -9999 -9999 -9999 -9999 -9999 -9999 -9999 -9999 -9999 -9999 -9999 -9999 -9999 -9999 -9999 -9999 -9999 -9999 -9999 -9999 -9999 -9999 -9999 -9999 -9999 -9999 -9999 -9999 -9999 -9999 -9999 -9999 -9999 -9999 -9999 -9999 -9999
-9999 -9999 -9999 -9999 -9999 -9999 -9999 -9999 -9999 -9999 -9999 -9999 -9999 -9999 -9999 -9999 -9999 -9999 -9999 -9999 -9999 -9999 -9999 -9999 -9999 -9999 -9999 -9999 -9999 -9999 -9999 -9999 -9999 -9999 -9999 -9999 -9999 -9999 -9999 -9999 -9999 -9999 -9999 -9999 -9999 4.614963 4.608664 -9999 -9999 -9999 -9999 -9999 -9999 -9999 -9999 -9999 -9999 -9999 -9999 -9999 -9999 -9999 -9999 -9999 -9999 -9999 -9999 -9999 -9999
-9999 -9999 -9999 -9999 -9999 -9999 -9999 -9999 -9999 -9999 -9999 -9999 -9999 -9999 -9999 -9999 -9999 -9999 -9999 -9999 -9999 -9999 -9999 -9999 -9999 -9999 -9999 -9999 -9999 -9999 -9999 -9999 -9999 -9999 -9999 -9999 -9999 -9999 -9999 -9999 -9999 -9999 -9999 4.659451 4.640947 4.622837 4.611026 4.602758 -9999 -9999 -9999 -9999 -9999 -9999 -9999 -9999 -9999 -9999 -9999 -9999 -9999 -9999 -9999 -9999 -9999 -9999 -9999 -9999 -9999
-9999 -9999 -9999 -9999 -9999 -9999 -9999 -9999 -9999 -9999 -9999 -9999 -9999 -9999 -9999 -9999 -9999 -9999 -9999 -9999 -9999 -9999 -9999 -9999 -9999 -9999 -9999 -9999 -9999 4.817719 4.805908 4.80827 4.825199 -9999 -9999 -9999 -9999 4.795278 4.781105 4.769294 -9999 4.71142 4.691735 4.672837 4.653152 4.633073 4.61575 4.605121 4.596066 4.588192 -9999 -9999 -9999 -9999 -9999 -9999 -9999 -9999 -9999 -9999 -9999 -9999 -9999 -9999 -9999 -9999 -9999 -9999 -9999
-9999 -9999 -9999 -9999 -9999 -9999 -9999 -9999 -9999 -9999 -9999 -9999 -9999 -9999 -9999 -9999 -9999 -9999 -9999 -9999 -9999 -9999 -9999 -9999 -9999 -9999 -9999 -9999 4.859057 4.839767 4.83268 4.834648 4.840947 4.851971 4.866538 4.863389 4.845672 4.813388 4.793703 4.780711 4.754727 4.729136 4.707089 4.686616 4.665357 4.644097 4.624018 4.610632 4.59764 4.58701 4.577955 -9999 -9999 -9999 -9999 -9999 -9999 -9999 -9999 -9999 -9999 -9999 -9999 -9999 -9999 -9999 -9999 -9999 -9999
-9999 -9999 -9999 -9999 -9999 -9999 -9999 -9999 -9999 -9999 -9999 -9999 -9999 -9999 -9999 -9999 -9999 -9999 -9999 -9999 -9999 -9999 -9999 -9999 -9999 -9999 -9999 4.900002 4.881892 4.871656 4.869294 4.869294 4.872444 4.878349 4.883467 4.879924 4.865357 4.84016 4.816932 4.796459 4.774806 4.748428 4.725199 4.701183 4.677168 4.654333 4.634254 4.616144 4.601577 4.586617 4.575593 -9999 -9999 -9999 -9999 -9999 -9999 -9999 -9999 -9999 -9999 -9999 -9999 -9999 -9999 -9999 -9999 -9999 -9999
-9999 -9999 -9999 -9999 -9999 -9999 -9999 -9999 -9999 -9999 -9999 -9999 -9999 -9999 -9999 -9999 -9999 -9999 -9999 -9999 -9999 -9999 -9999 -9999 -9999 -9999 4.95079 4.931892 4.912601 4.912601 4.912207 4.911026 4.911026 4.915357 4.917325 4.912207 4.894885 4.87205 4.845278 4.820081 4.795672 4.769294 4.740947 4.71575 4.689373 4.662994 4.642128 4.62205 4.604727 4.588585 4.574018 4.561813 -9999 -9999 -9999 -9999 -9999 -9999 -9999 -9999 -9999 -9999 -9999 -9999 -9999 -9999 -9999 -9999 -9999
-9999 -9999 -9999 -9999 -9999 -9999 -9999 -9999 -9999 -9999 -9999 -9999 -9999 -9999 -9999 -9999 -9999 -9999 -9999 -9999 -9999 -9999 5.032286 5.030711 -9999 5.005121 4.989373 4.967719 4.963388 4.959845 4.959845 4.957483 4.956302 4.958664 4.959451 4.950396 4.930317 4.901971 4.87638 4.846459 4.817325 4.787798 4.75827 4.728349 4.698428 4.669687 4.646853 4.627168 4.606695 4.588585 4.572837 4.561026 4.551577 -9999 -9999 -9999 -9999 -9999 -9999 -9999 -9999 -9999 -9999 -9999 -9999 -9999 -9999 -9999 -9999
-9999 -9999 -9999 -9999 -9999 -9999 -9999 -9999 -9999 -9999 -9999 -9999 -9999 -9999 -9999 -9999 -9999 -9999 -9999 -9999 -9999 5.067326 5.055908 5.055908 5.055908 5.046459 5.027168 5.021263 5.015357 5.013782 5.009845 5.007876 5.005121 5.003546 5.002365 4.988979 4.965751 4.935042 4.902365 4.87205 4.837798 4.80512 4.77205 4.738192 4.706302 4.675593 4.648821 4.628349 4.608664 4.588979 4.572443 4.561026 -9999 -9999 -9999 -9999 -9999 -9999 -9999 -9999 -9999 -9999 -9999 -9999 -9999 -9999 -9999 -9999 -9999
-9999 -9999 -9999 -9999 -9999 -9999 -9999 -9999 -9999 -9999 -9999 -9999 -9999 -9999 -9999 -9999 -9999 -9999 -9999 -9999 5.12953 5.115357 5.100003 5.100396 5.101577 5.089373 5.081892 5.074806 5.0689 5.064176 5.062995 5.054727 5.05079 5.048821 5.044097 5.027562 4.998428 4.964963 4.927955 4.891341 4.857089 4.820475 4.783467 4.748821 4.715357 4.681499 4.652758 4.628743 4.60827 4.59016 4.576774 -9999 -9999 -9999 -9999 -9999 -9999 -9999 -9999 -9999 -9999 -9999 -9999 -9999 -9999 -9999 -9999 -9999 -9999
-9999 -9999 -9999 -9999 -9999 -9999 -9999 -9999 -9999 -9999 -9999 -9999 -9999 -9999 -9999 -9999 -9999 -9999 -9999 5.200003 5.181499 5.168113 5.164963 5.159845 5.154334 5.148428 5.140554 5.130318 5.12205 5.115751 5.107483 5.099609 5.09331 5.089767 5.081892 5.064963 5.030317 4.99016 4.948822 4.909451 4.870081 4.831105 4.794097 4.755514 4.719294 4.687404 4.655908 4.630711 4.609451 4.591341 4.583467 -9999 -9999 -9999 -9999 -9999 -9999 -9999 -9999 -9999 -9999 -9999 -9999 -9999 -9999 -9999 -9999 -9999 -9999
-9999 5.542916 -9999 -9999 -9999 -9999 -9999 -9999 -9999 -9999 -9999 -9999 -9999 -9999 -9999 -9999 -9999 -9999 5.279137 5.257483 5.240948 5.237798 5.234648 5.228349 5.220475 5.21142 5.20079 5.188979 5.178349 5.164569 5.152759 5.142916 5.131892 5.123625 5.115357 5.096066 5.059452 5.013389 4.968506 4.923231 4.879924 4.837798 4.797246 4.757876 4.720475 4.68701 4.655514 4.629136 4.605514 4.588585 4.581105 -9999 -9999 -9999 -9999 -9999 -9999 -9999 -9999 -9999 -9999 -9999 -9999 -9999 -9999 -9999 -9999 -9999 -9999
5.617326 5.585436 5.568507 5.559452 5.553153 -9999 -9999 5.488192 -9999 -9999 -9999 -9999 -9999 -9999 -9999 -9999 -9999 5.370869 5.342916 5.321656 5.318901 5.315357 5.309845 5.301184 5.290554 5.27953 5.265357 5.251184 5.231893 5.214176 5.19764 5.181892 5.166144 5.151971 5.139766 5.117719 5.08268 5.033861 4.981499 4.931892 4.883861 4.838192 4.792522 4.752759 4.71575 4.680711 4.650002 4.621262 4.597247 4.582286 4.576774 -9999 -9999 -9999 -9999 -9999 -9999 -9999 -9999 -9999 -9999 -9999 -9999 -9999 -9999 -9999 -9999 -9999 -9999
5.696066 5.658271 5.637798 5.614964 5.599609 5.586617 5.562208 5.536223 5.531105 -9999 -9999 -9999 -9999 -9999 -9999 -9999 5.464963 5.436223 5.414176 5.405515 5.402365 5.397641 5.389767 5.378349 5.365357 5.350003 5.331105 5.309452 5.286617 5.262995 5.239767 5.214963 5.192129 5.172443 5.154727 5.130711 5.094097 5.04331 4.987798 4.933074 4.87953 4.829136 4.781892 4.739766 4.703152 4.6689 4.637798 4.608664 4.587798 4.574412 4.570081 -9999 -9999 -9999 -9999 -9999 -9999 -9999 -9999 -9999 -9999 -9999 -9999 -9999 -9999 -9999 -9999 -9999 -9999
5.784255 5.75394 5.727168 5.700397 5.676775 5.65709 5.633861 5.608271 5.597247 5.60394 5.639373 5.656696 -9999 -9999 5.629137 5.542916 5.529531 5.509452 5.500003 5.494097 5.49016 5.483861 5.473231 5.459058 5.442129 5.422837 5.398822 5.370475 5.340554 5.309058 5.276774 5.244097 5.211814 5.18268 5.157876 5.129924 5.088585 5.040947 4.983861 4.923625 4.866931 4.812207 4.763782 4.720081 4.681892 4.648427 4.618506 4.592128 4.572443 4.561026 -9999 -9999 -9999 -9999 -9999 -9999 -9999 -9999 -9999 -9999 -9999 -9999 -9999 -9999 -9999 -9999 -9999 -9999 -9999
5.886223 5.856302 5.826381 5.798822 5.772838 5.748034 5.723625 5.701578 5.681893 5.673625 5.675593 5.682286 5.70079 5.677562 5.663389 5.635436 5.60709 5.597641 5.591735 5.586617 5.581499 5.574018 5.561027 5.542916 5.522444 5.497641 5.467326 5.431499 5.394097 5.353546 5.311814 5.268113 5.224412 5.183467 5.146853 5.110239 5.0689 5.019294 4.963782 4.904727 4.844884 4.78701 4.73701 4.691341 4.652365 4.6189 4.590947 4.5689 4.548428 4.529923 4.506301 -9999 -9999 -9999 -9999 -9999 -9999 -9999 -9999 -9999 -9999 -9999 -9999 -9999 -9999 -9999 -9999 -9999 -9999
5.990948 5.959452 5.929531 5.902759 5.877168 5.851184 5.825987 5.802759 5.782287 5.76457 5.752759 5.744491 5.747641 5.735436 5.723231 5.713389 5.699215 5.692523 5.687405 5.682286 5.677168 5.666932 5.650397 5.629137 5.604333 5.572837 5.534255 5.490948 5.444491 5.39646 5.34331 5.286617 5.230711 5.175987 5.124018 5.074806 5.028743 4.979136 4.929136 4.874805 4.815751 4.759058 4.706696 4.659845 4.617719 4.583467 4.555514 4.535435 4.514963 4.494097 4.480317 -9999 -9999 -9999 -9999 -9999 -9999 -9999 -9999 -9999 -9999 -9999 -9999 -9999 -9999 -9999 -9999 -9999 -9999
6.094885 6.064177 6.034255 6.00709 5.980712 5.95394 5.929531 5.90709 5.886223 5.866145 5.851578 5.837405 5.829924 5.821657 5.814176 5.806302 5.799609 5.794097 5.786617 5.781499 5.773625 5.761814 5.742129 5.718507 5.687011 5.648035 5.601184 5.548428 5.49331 5.434649 5.370869 5.303153 5.232286 5.162208 5.094491 5.03268 4.978349 4.935042 4.89016 4.839767 4.787404 4.733467 4.682286 4.633861 4.585042 4.543703 4.51142 4.485042 4.463782 4.443703 4.434254 -9999 -9999 -9999 -9999 -9999 -9999 -9999 -9999 -9999 -9999 -9999 -9999 -9999 -9999 -9999 -9999 -9999 -9999
6.198428 6.16772 6.136617 6.106302 6.078743 6.052759 6.029924 6.007877 5.988979 5.971263 5.953547 5.94331 5.930712 5.922444 5.916538 5.910239 5.905121 5.897247 5.892129 5.882287 5.874806 5.859058 5.837798 5.809845 5.771657 5.725594 5.670082 5.609058 5.544885 5.473625 5.396853 5.315751 5.231105 5.144097 5.064176 4.99764 4.942916 4.898427 4.856695 4.813388 4.765357 4.714963 4.663388 4.609057 4.553152 4.500002 4.456695 4.420081 4.390553 4.3689 4.35512 -9999 -9999 -9999 -9999 -9999 -9999 -9999 -9999 -9999 -9999 -9999 -9999 -9999 -9999 -9999 -9999 -9999 -9999
6.300397 6.268114 6.236224 6.207483 6.179531 6.153546 6.130318 6.11024 6.092523 6.074019 6.059058 6.046066 6.038586 6.028743 6.020869 6.016539 6.009846 6.005908 5.996853 5.989373 5.977956 5.961027 5.937011 5.905515 5.862601 5.807877 5.744097 5.6752 5.597247 5.51457 5.421263 5.324412 5.2252 5.129924 5.045278 4.978349 4.924018 4.87953 4.84016 4.795672 4.745672 4.694097 4.638979 4.57953 4.516144 4.452364 4.39449 4.345672 4.30827 4.281892 4.246459 -9999 -9999 -9999 -9999 -9999 -9999 -9999 -9999 -9999 -9999 -9999 -9999 -9999 -9999 -9999 -9999 -9999 -9999
6.401185 6.368507 6.33898 6.309846 6.282287 6.257877 6.235043 6.213389 6.192916 6.177168 6.165751 6.151184 6.141342 6.136224 6.12835 6.120082 6.116539 6.113389 6.105515 6.093704 6.085436 6.064964 6.039767 6.002365 5.954728 5.89331 5.822838 5.743704 5.655515 5.552759 5.448822 5.335042 5.222837 5.121656 5.040554 4.975199 4.924806 4.877955 4.83268 4.782286 4.727561 4.670475 4.610239 4.545671 4.478743 4.408664 4.33701 4.27953 4.234254 4.203939 4.179136 4.153939 -9999 -9999 -9999 -9999 -9999 -9999 -9999 -9999 -9999 -9999 -9999 -9999 -9999 -9999 -9999 -9999 -9999
6.497641 6.466539 6.436224 6.406696 6.380712 6.35709 6.336224 6.316145 6.295279 6.279531 6.266932 6.259058 6.249609 6.239373 6.231893 6.227956 6.225987 6.220082 6.211027 6.205122 6.188586 6.171263 6.140554 6.099609 6.04646 5.980712 5.900003 5.811814 5.711027 5.596853 5.471262 5.346853 5.225593 5.124412 5.045672 4.985042 4.931499 4.881105 4.825199 4.767719 4.707483 4.644491 4.580317 4.512994 4.442915 4.370868 4.298034 4.229923 4.175986 4.138585 4.121655 4.106301 4.093703 -9999 -9999 -9999 -9999 -9999 -9999 -9999 -9999 -9999 -9999 -9999 -9999 -9999 -9999 -9999 -9999
6.592129 6.561027 6.529531 6.499609 6.471657 6.450791 6.433468 6.41457 6.396066 6.380318 6.366932 6.357877 6.349609 6.341342 6.335436 6.333861 6.332287 6.325594 6.31772 6.303153 6.28898 6.266539 6.235436 6.192916 6.136224 6.06457 5.977562 5.877168 5.765357 5.635829 5.497641 5.358271 5.234255 5.135042 5.059452 4.996853 4.938191 4.87953 4.818113 4.753152 4.686223 4.618506 4.551183 4.482286 4.412207 4.341341 4.269293 4.196459 4.133073 4.089766 4.066537 4.060632 4.062207 -9999 -9999 -9999 -9999 -9999 -9999 -9999 -9999 -9999 -9999 -9999 -9999 -9999 -9999 -9999 -9999
6.676775 6.646066 6.61457 6.585043 6.558665 6.539767 6.524413 6.507877 6.490948 6.475594 6.463783 6.45394 6.444098 6.437799 6.434255 6.431893 6.429137 6.422444 6.406302 6.389767 6.372444 6.347641 6.315358 6.274806 6.218507 6.145279 6.053546 5.945279 5.815357 5.675987 5.524019 5.373231 5.244491 5.148821 5.072837 5.009058 4.944097 4.87638 4.808664 4.738192 4.664963 4.592522 4.521656 4.452758 4.383467 4.311419 4.239372 4.167719 4.100396 4.048427 4.020474 4.016144 4.032286 -9999 -9999 -9999 -9999 -9999 -9999 -9999 -9999 -9999 -9999 -9999 -9999 -9999 -9999 -9999 -9999
6.748429 6.719295 6.690948 6.663783 6.640554 6.621657 6.60709 6.594885 6.579137 6.563783 6.552759 6.543311 6.53583 6.529137 6.524019 6.518901 6.511815 6.498822 6.479925 6.455515 6.431499 6.405515 6.374413 6.334255 6.281499 6.211027 6.121657 6.005908 5.868507 5.715357 5.551184 5.391735 5.258664 5.161026 5.085436 5.013389 4.942129 4.871263 4.799215 4.721656 4.642916 4.567719 4.494884 4.423625 4.351971 4.280711 4.20827 4.138191 4.069293 4.013782 3.982285 3.979136 -9999 -9999 -9999 -9999 -9999 -9999 -9999 -9999 -9999 -9999 -9999 -9999 -9999 -9999 -9999 -9999 -9999
6.808271 6.781499 6.758665 6.733468 6.712602 6.696854 6.682681 6.669295 6.655515 6.644492 6.634255 6.627169 6.620476 6.611814 6.602759 6.592917 6.579531 6.561421 6.537011 6.507877 6.477956 6.448035 6.413783 6.373231 6.322838 6.25709 6.169294 6.05709 5.917719 5.754727 5.578743 5.410633 5.272444 5.171262 5.09016 5.012208 4.934648 4.860239 4.781892 4.702364 4.621262 4.543703 4.467719 4.393309 4.320081 4.246852 4.175593 4.105907 4.038979 3.983073 3.951577 3.950789 -9999 -9999 -9999 -9999 -9999 -9999 -9999 -9999 -9999 -9999 -9999 -9999 -9999 -9999 -9999 -9999 -9999
6.859846 6.834649 6.813783 6.793311 6.775594 6.761027 6.746854 6.731893 6.720476 6.714571 6.708665 6.702366 6.692523 6.680712 6.667326 6.652366 6.633862 6.611421 6.583074 6.551578 6.51772 6.482287 6.442523 6.396853 6.344491 6.281499 6.199216 6.092916 5.956302 5.787405 5.605908 5.428349 5.281892 5.1752 5.087404 5.004727 4.923231 4.841341 4.759845 4.678349 4.596459 4.516144 4.438979 4.362994 4.288191 4.214963 4.143309 4.074805 4.009845 3.955908 3.925986 -9999 -9999 -9999 -9999 -9999 -9999 -9999 -9999 -9999 -9999 -9999 -9999 -9999 -9999 -9999 -9999 -9999 -9999
6.899216 6.87835 6.857878 6.842523 6.827956 6.813389 6.799216 6.78583 6.777563 6.773625 6.772444 6.764177 6.750397 6.735043 6.716933 6.697248 6.674807 6.647641 6.619295 6.58583 6.545279 6.506302 6.462602 6.411814 6.352759 6.289373 6.213783 6.113389 5.980712 5.815357 5.628349 5.442129 5.286617 5.172837 5.079136 4.991341 4.904727 4.819687 4.734648 4.651184 4.568506 4.487404 4.40827 4.331892 4.256695 4.184648 4.115356 4.046853 3.98386 3.93386 3.906301 -9999 -9999 -9999 -9999 -9999 -9999 -9999 -9999 -9999 -9999 -9999 -9999 -9999 -9999 -9999 -9999 -9999 -9999
6.928744 6.911027 6.893704 6.879138 6.865752 6.854728 6.842917 6.829925 6.822444 6.822051 6.821263 6.813389 6.79646 6.776775 6.753547 6.729531 6.704334 6.673625 6.640948 6.60394 6.56457 6.520082 6.471657 6.416145 6.354728 6.288586 6.214964 6.120476 5.994885 5.835436 5.645278 5.453152 5.288192 5.162995 5.063388 4.97205 4.881892 4.792522 4.705908 4.621262 4.538191 4.456695 4.375987 4.29764 4.224018 4.154333 4.086616 4.020474 3.958663 3.914569 -9999 -9999 -9999 -9999 -9999 -9999 -9999 -9999 -9999 -9999 -9999 -9999 -9999 -9999 -9999 -9999 -9999 -9999 -9999
6.946066 6.929531 6.918508 6.902366 6.890555 6.882287 6.872838 6.860633 6.855909 6.857484 6.859059 6.84646 6.826382 6.802759 6.780318 6.752759 6.72087 6.687799 6.651185 6.612208 6.569295 6.522444 6.468507 6.412208 6.350791 6.280318 6.202759 6.113389 5.99646 5.844098 5.656696 5.460239 5.285042 5.146853 5.038192 4.942522 4.851577 4.759845 4.672443 4.588192 4.504727 4.422837 4.342522 4.264963 4.191734 4.12323 4.055514 3.990947 3.935435 3.897246 -9999 -9999 -9999 -9999 -9999 -9999 -9999 -9999 -9999 -9999 -9999 -9999 -9999 -9999 -9999 -9999 -9999 -9999 -9999
6.948429 6.937011 6.922444 6.911027 6.901972 6.895279 6.886618 6.880712 6.876775 6.879138 6.875594 6.864177 6.843704 6.819688 6.791342 6.762996 6.727956 6.691736 6.651972 6.607877 6.562602 6.511027 6.457484 6.399216 6.336224 6.263389 6.184255 6.094491 5.986224 5.840948 5.659845 5.46142 5.276381 5.125199 5.005908 4.905514 4.81142 4.721656 4.633467 4.549215 4.467719 4.387404 4.309057 4.233073 4.160238 4.091341 4.024805 3.964569 3.913388 3.883466 -9999 -9999 -9999 -9999 -9999 -9999 -9999 -9999 -9999 -9999 -9999 -9999 -9999 -9999 -9999 -9999 -9999 -9999 -9999
