ASPA-UH-SWB2_REPO/input/Gridded_rain/prism_ppt_tutuila_30yr_normal_08.asc
ncols         350
nrows         200
xllcorner     515000
yllcorner     8409000
cellsize      100
NODATA_value  -9999
[rows 31 to 61 of 200, columns 207 to 275 of 350]
6.862208 6.820869 6.78583 6.78583 -9999 -9999 -9999 -9999 -9999 -9999 -9999 -9999 -9999 -9999 -9999 -9999 -9999 -9999 -9999 -9999 -9999 -9999 -9999 -9999 -9999 -9999 -9999 -9999 -9999 -9999 -9999 -9999 -9999 -9999 -9999 -9999 -9999 -9999 -9999 -9999 -9999 -9999 -9999 -9999 -9999 -9999 -9999 -9999 -9999 -9999 -9999 -9999 -9999 -9999 -9999 -9999 -9999 -9999 -9999 -9999 -9999 -9999 -9999 -9999 -9999 -9999 -9999 -9999 -9999
7.032287 6.990161 6.949216 6.929531 -9999 -9999 -9999 -9999 6.85394 -9999 -9999 -9999 -9999 -9999 -9999 -9999 -9999 -9999 -9999 -9999 -9999 -9999 -9999 -9999 -9999 -9999 -9999 -9999 -9999 -9999 -9999 -9999 -9999 -9999 -9999 -9999 -9999 -9999 -9999 -9999 -9999 -9999 -9999 -9999 -9999 -9999 -9999 -9999 -9999 -9999 -9999 -9999 -9999 -9999 -9999 -9999 -9999 -9999 -9999 -9999 -9999 -9999 -9999 -9999 -9999 -9999 -9999 -9999 -9999
7.21772 7.173626 7.127563 7.09961 -9999 -9999 7.069689 6.983862 6.911421 6.916145 -9999 -9999 -9999 -9999 -9999 -9999 -9999 -9999 -9999 -9999 -9999 -9999 -9999 -9999 -9999 -9999 -9999 -9999 -9999 -9999 -9999 -9999 -9999 -9999 -9999 -9999 -9999 -9999 -9999 -9999 -9999 -9999 -9999 -9999 -9999 -9999 -9999 -9999 -9999 -9999 -9999 -9999 -9999 -9999 -9999 -9999 -9999 -9999 -9999 -9999 -9999 -9999 -9999 -9999 -9999 -9999 -9999 -9999 -9999
7.42087 7.371657 7.320476 7.281894 7.294492 7.288587 7.174413 7.084256 7.007484 7.003941 7.026775 -9999 -9999 -9999 -9999 -9999 -9999 -9999 -9999 -9999 -9999 -9999 -9999 -9999 -9999 -9999 -9999 -9999 -9999 -9999 -9999 5.903152 -9999 -9999 -9999 -9999 -9999 5.944491 5.947247 -9999 -9999 -9999 -9999 -9999 -9999 -9999 -9999 -9999 -9999 -9999 5.981105 -9999 -9999 -9999 -9999 -9999 -9999 -9999 -9999 -9999 -9999 -9999 -9999 -9999 -9999 -9999 -9999 -9999 -9999
7.629925 7.58465 7.5315 7.482287 7.44961 7.406697 7.322445 7.245673 7.173626 7.127563 7.135437 7.147248 -9999 -9999 -9999 -9999 6.786618 6.750003 -9999 -9999 -9999 -9999 -9999 -9999 -9999 -9999 -9999 -9999 -9999 -9999 5.943704 5.9252 5.940948 -9999 -9999 -9999 5.975594 5.963389 5.970082 5.982286 -9999 -9999 -9999 -9999 -9999 -9999 -9999 -9999 -9999 6.002365 5.996066 5.994491 -9999 -9999 -9999 -9999 -9999 -9999 -9999 -9999 -9999 -9999 -9999 -9999 -9999 -9999 -9999 -9999 -9999
7.856303 7.811028 7.76024 7.700791 7.646067 7.587406 7.51772 7.447642 7.378744 7.312209 7.262602 7.268901 7.273626 -9999 -9999 6.955122 6.868507 6.830712 6.828743 -9999 -9999 -9999 -9999 -9999 -9999 6.470082 6.43898 -9999 -9999 6.124806 6.033861 5.996066 6.005121 6.013389 6.028743 6.023625 6.01142 6.004334 6.011027 6.030712 -9999 -9999 -9999 6.071657 6.0752 -9999 -9999 -9999 -9999 6.036617 6.019688 6.020475 6.029531 -9999 -9999 -9999 -9999 -9999 -9999 -9999 -9999 -9999 -9999 -9999 -9999 -9999 -9999 -9999 -9999
8.095674 8.050004 7.995673 7.936224 7.87402 7.808272 7.740161 7.671658 7.598823 7.525594 7.451972 7.404728 7.396067 -9999 7.219689 7.135437 7.023232 6.951578 6.959059 6.956303 -9999 -9999 -9999 -9999 6.616932 6.545279 6.512208 6.493704 6.40394 6.287798 6.201972 6.163389 6.126775 6.109846 6.073232 6.073625 6.067719 6.068507 6.072051 6.08268 6.100003 -9999 6.109846 6.101972 6.097247 6.112208 6.116539 -9999 6.094098 6.075593 6.063389 6.056696 6.060633 6.066538 -9999 -9999 -9999 -9999 -9999 -9999 -9999 -9999 -9999 -9999 -9999 -9999 -9999 -9999 -9999
8.34961 8.298429 8.244493 8.183863 8.118114 8.051186 7.983469 7.911815 7.832287 7.755122 7.679138 7.597641 7.545673 7.501972 7.421264 7.310634 7.22835 7.155516 7.094098 7.097248 7.08898 -9999 -9999 6.84213 6.783862 6.692523 6.64646 6.629925 6.5752 6.492523 6.434255 6.373625 6.322444 6.266932 6.212996 6.163783 6.149216 6.150003 6.14961 6.14961 6.161027 6.168507 6.164964 6.148035 6.147641 6.155909 6.159058 6.153153 6.142129 6.129137 6.120869 6.111421 6.098822 6.105909 6.109452 -9999 -9999 -9999 -9999 -9999 -9999 -9999 -9999 -9999 -9999 -9999 -9999 -9999 -9999
8.605516 8.556697 8.500005 8.437406 8.371657 8.305516 8.235437 8.16024 8.079926 7.998035 7.912996 7.829532 7.751973 7.68898 7.604728 7.519295 7.443705 7.371264 7.299216 7.24213 7.234256 7.220476 7.108665 7.038586 6.949216 6.892523 6.843311 6.798822 6.761027 6.712996 6.659452 6.612602 6.550397 6.475594 6.404728 6.344098 6.292917 6.26457 6.247247 6.240948 6.237405 6.240554 6.231105 6.224412 6.22087 6.219688 6.21457 6.212996 6.201972 6.194885 6.187405 6.174413 6.163389 6.14646 6.150003 6.15394 -9999 -9999 -9999 6.089373 -9999 -9999 -9999 -9999 -9999 -9999 -9999 -9999 -9999
8.872052 8.820477 8.762209 8.698036 8.632682 8.566934 8.494493 8.416146 8.335044 8.248035 8.162602 8.078351 7.994099 7.910634 7.829138 7.74646 7.666933 7.59213 7.520082 7.448429 7.396067 7.367327 7.305122 7.221263 7.155516 7.105122 7.055909 7.011421 6.968901 6.924807 6.87835 6.833075 6.789373 6.717326 6.635043 6.565358 6.507483 6.446854 6.396853 6.364176 6.341735 6.331499 6.323625 6.314177 6.310239 6.301184 6.294885 6.287405 6.27835 6.269688 6.26024 6.248428 6.230318 6.215357 6.199609 6.204334 6.209058 -9999 6.150397 6.123625 6.08268 -9999 -9999 -9999 -9999 -9999 -9999 -9999 -9999
9.146461 9.094887 9.033863 8.968903 8.901973 8.834256 8.761028 8.68032 8.59528 8.510634 8.421264 8.33465 8.246461 8.161422 8.072445 7.983469 7.901973 7.826776 7.754335 7.682287 7.613783 7.562209 7.503547 7.437799 7.385437 7.332287 7.278744 7.23583 7.18898 7.147642 7.103153 7.055515 7.00709 6.955515 6.890555 6.824807 6.746067 6.674413 6.611421 6.546066 6.486618 6.452365 6.432287 6.420082 6.409452 6.39961 6.390554 6.379137 6.366539 6.355909 6.344491 6.329531 6.310239 6.292523 6.273625 6.258665 6.258665 6.249609 6.222838 6.169688 6.128743 6.100003 -9999 -9999 -9999 -9999 -9999 -9999 -9999
9.423627 9.370478 9.311816 9.247643 9.179532 9.107879 9.032681 8.950792 8.862997 8.776776 8.687799 8.595674 8.506698 8.416146 8.324413 8.237012 8.151185 8.073627 8.001972 7.927169 7.85709 7.793311 7.737012 7.679925 7.624413 7.572445 7.518901 7.468902 7.425988 7.3815 7.335831 7.288587 7.237405 7.183074 7.128744 7.072838 7.006303 6.934256 6.851185 6.770082 6.692523 6.622051 6.572838 6.54213 6.523232 6.511815 6.497641 6.48268 6.468901 6.455122 6.438192 6.421263 6.401185 6.380712 6.358665 6.336617 6.323232 6.312995 6.287798 6.249216 6.196066 6.180318 6.187405 -9999 -9999 -9999 -9999 -9999 -9999
9.697642 9.645675 9.5878 9.524808 9.455911 9.382682 9.303942 9.221265 9.133076 9.044493 8.953547 8.860635 8.76969 8.67717 8.585438 8.495673 8.409847 8.330319 8.255122 8.179532 8.105909 8.041343 7.985437 7.9315 7.876776 7.824413 7.772445 7.718902 7.675201 7.627563 7.579138 7.531106 7.477957 7.424807 7.368114 7.31339 7.253941 7.189374 7.115358 7.0252 6.930712 6.842523 6.766539 6.701578 6.663389 6.637405 6.616932 6.59961 6.582287 6.562995 6.544098 6.522838 6.500791 6.477169 6.452759 6.427956 6.406696 6.390554 6.371263 6.342523 6.301184 6.271263 6.271657 6.274019 6.275594 6.285436 -9999 -9999 -9999
9.964178 9.916934 9.861423 9.796855 9.727958 9.656304 9.576777 9.489375 9.403154 9.311422 9.220871 9.12717 9.035438 8.942918 8.85158 8.760634 8.67402 8.593311 8.512997 8.437013 8.364178 8.301186 8.243311 8.188981 8.137799 8.085831 8.033862 7.982681 7.932288 7.884256 7.834256 7.783862 7.731106 7.677563 7.621657 7.56339 7.501185 7.437799 7.370082 7.290161 7.192917 7.094098 7.004334 6.922444 6.848035 6.790555 6.750397 6.726775 6.703153 6.681499 6.659059 6.635043 6.610633 6.584255 6.554334 6.526381 6.501972 6.483468 6.465751 6.44331 6.41457 6.388192 6.37205 6.362996 6.348822 6.348428 -9999 -9999 6.294885
10.22796 10.1819 10.12756 10.06457 9.996462 9.924415 9.845675 9.761422 9.66969 9.582289 9.488194 9.397643 9.304336 9.211816 9.121264 9.029926 8.941343 8.857091 8.779925 8.703547 8.632682 8.56969 8.511422 8.456697 8.404335 8.35276 8.30276 8.253942 8.200005 8.151185 8.09961 8.048429 7.99528 7.938587 7.883862 7.823626 7.756303 7.689374 7.618902 7.543705 7.458272 7.369295 7.271657 7.173626 7.076382 6.98898 6.916145 6.864571 6.83583 6.809846 6.784256 6.75709 6.729925 6.700791 6.665751 6.631499 6.604334 6.584255 6.566539 6.547247 6.529531 6.511421 6.490948 6.471657 6.451578 6.436617 6.432287 6.41772 6.383074
10.48308 10.43977 10.38583 10.32717 10.26103 10.18662 10.11024 10.02796 9.940163 9.848824 9.759848 9.66654 9.574808 9.481894 9.389769 9.300399 9.20906 9.126383 9.048429 8.975595 8.904729 8.840949 8.783075 8.728351 8.675595 8.627957 8.577957 8.52717 8.478351 8.427958 8.375201 8.322051 8.266146 8.208666 8.150791 8.088193 8.01969 7.948429 7.875201 7.797642 7.714964 7.633469 7.54528 7.444098 7.327563 7.218508 7.11772 7.039767 6.98583 6.94961 6.920476 6.88898 6.857484 6.823232 6.783468 6.744492 6.714571 6.691736 6.672838 6.657484 6.646854 6.635437 6.614964 6.594098 6.570869 6.549216 6.530318 6.507877 6.477562
10.72441 10.68505 10.63819 10.57875 10.5126 10.44331 10.36733 10.2878 10.19961 10.11575 10.0256 9.935044 9.841344 9.748036 9.656698 9.567327 9.481894 9.39843 9.321264 9.247643 9.179532 9.11654 9.058272 9.003548 8.951973 8.907485 8.859059 8.808272 8.75906 8.708272 8.658272 8.601973 8.540949 8.483075 8.423233 8.359059 8.28898 8.21339 8.135437 8.055122 7.969689 7.884256 7.798036 7.701185 7.592524 7.461028 7.351972 7.255516 7.1752 7.109846 7.064964 7.029531 6.988586 6.949216 6.906696 6.866145 6.832287 6.805515 6.783468 6.773232 6.768901 6.759846 6.744098 6.718114 6.694098 6.670082 6.641736 6.615751 6.588192
10.95237 10.91457 10.87008 10.81536 10.75158 10.68583 10.61457 10.53268 10.45552 10.3693 10.28504 10.19371 10.10158 10.01024 9.921659 9.835438 9.751973 9.675201 9.600399 9.528745 9.458273 9.394099 9.3378 9.287406 9.238587 9.189769 9.139375 9.093311 9.043312 8.994099 8.941737 8.883076 8.820084 8.759847 8.701185 8.637406 8.560635 8.479925 8.398036 8.312603 8.225201 8.135831 8.040162 7.940162 7.835437 7.727563 7.605122 7.496067 7.395673 7.305122 7.225594 7.175594 7.127563 7.079925 7.03583 6.992917 6.955122 6.9252 6.900791 6.88898 6.892523 6.887012 6.868114 6.842917 6.816539 6.788192 6.759058 6.730319 6.700397
11.15985 11.12442 11.08268 11.03504 10.97796 10.91457 10.84489 10.77166 10.69371 10.61654 10.53032 10.44567 10.35512 10.26851 10.18504 10.10316 10.02835 9.954336 9.88032 9.807486 9.741343 9.679533 9.621658 9.570871 9.52284 9.477564 9.427958 9.375201 9.329926 9.281895 9.225202 9.163784 9.10276 9.040556 8.982288 8.908666 8.828351 8.744493 8.661028 8.572445 8.478351 8.381106 8.282681 8.179926 8.071658 7.967327 7.86024 7.741736 7.623232 7.512602 7.416539 7.329925 7.27087 7.220082 7.17087 7.123232 7.081106 7.04646 7.019689 7.00709 7.01339 7.009846 6.990949 6.96024 6.933468 6.903547 6.8752 6.841736 6.808271
11.34449 11.31575 11.27914 11.23623 11.18859 11.12993 11.06615 10.99882 10.92481 10.84646 10.76812 10.68308 10.60276 10.52323 10.44804 10.37127 10.29764 10.22875 10.15945 10.08977 10.02284 9.961816 9.906698 9.857879 9.810242 9.759454 9.711029 9.664572 9.614572 9.562997 9.507485 9.449218 9.386226 9.324808 9.253155 9.178745 9.095674 9.009847 8.918115 8.825989 8.730713 8.628351 8.522446 8.415359 8.303154 8.194098 8.083075 7.973232 7.847642 7.725201 7.611421 7.511027 7.421264 7.363783 7.305909 7.254728 7.208665 7.167326 7.137012 7.125988 7.131106 7.1315 7.102759 7.077169 7.045279 7.016539 6.982287 6.949216 6.91772
11.50158 11.4815 11.45394 11.41615 11.37402 11.3256 11.26733 11.20749 11.13662 11.06812 10.99253 10.91378 10.83859 10.7693 10.69922 10.63032 10.56064 10.49371 10.42914 10.36497 10.30158 10.24331 10.18859 10.13701 10.08938 10.04253 9.994493 9.945281 9.892919 9.842131 9.791344 9.732288 9.670871 9.599611 9.529139 9.444887 9.360635 9.268509 9.177564 9.079139 8.97717 8.86969 8.756698 8.644886 8.528745 8.412602 8.296855 8.177564 8.061421 7.931894 7.81024 7.696067 7.598429 7.503153 7.440555 7.3815 7.331893 7.28898 7.254728 7.238586 7.246067 7.243311 7.221263 7.185437 7.153153 7.122838 7.091736 7.055909 7.019295
11.6378 11.62087 11.60158 11.57323 11.53662 11.49253 11.44449 11.39134 11.33426 11.26694 11.19961 11.13347 11.06693 11.00197 10.94016 10.8756 10.813 10.75434 10.69292 10.63308 10.57481 10.51812 10.463 10.41221 10.36812 10.32245 10.26969 10.21812 10.16812 10.12087 10.0693 10.01064 9.944887 9.874808 9.792918 9.708273 9.617722 9.529532 9.432288 9.326383 9.215359 9.105123 8.988587 8.86654 8.74528 8.625989 8.500005 8.373233 8.249217 8.12717 7.997642 7.880713 7.760634 7.658272 7.572838 7.505909 7.451185 7.406697 7.369295 7.351579 7.355122 7.352366 7.324413 7.290555 7.255122 7.223626 7.190948 7.156697 7.121657
11.74568 11.73977 11.72402 11.70316 11.67402 11.63741 11.59764 11.55276 11.50079 11.44607 11.38977 11.33268 11.27717 11.22363 11.16851 11.11024 11.05315 10.99882 10.94489 10.88938 10.83662 10.7815 10.72796 10.67993 10.63505 10.59095 10.54134 10.48662 10.43583 10.38623 10.33544 10.27756 10.20945 10.13386 10.04961 9.961422 9.872052 9.77717 9.673233 9.561816 9.447249 9.329139 9.207485 9.083863 8.953941 8.82402 8.691737 8.556697 8.422839 8.292524 8.170477 8.043311 7.918508 7.79961 7.700004 7.621657 7.564964 7.516933 7.476776 7.455122 7.455909 7.446067 7.421658 7.381106 7.348035 7.316539 7.285437 7.252759 7.217327
11.8256 11.82953 11.82481 11.80985 11.78898 11.76024 11.72756 11.69056 11.64607 11.60158 11.55709 11.51142 11.46733 11.42205 11.37599 11.32796 11.27835 11.22717 11.18032 11.13111 11.0815 11.03268 10.98268 10.93623 10.89331 10.85119 10.80276 10.74607 10.69252 10.64252 10.59056 10.5319 10.46064 10.3819 10.29646 10.20788 10.1126 10.00945 9.898824 9.782682 9.662997 9.540556 9.412997 9.281107 9.144099 9.007485 8.866934 8.724808 8.578745 8.440556 8.312209 8.187406 8.057485 7.933862 7.819295 7.7315 7.666933 7.616539 7.574807 7.548823 7.543705 7.535043 7.502366 7.465752 7.428744 7.397248 7.368114 7.335831 7.301185
11.87953 11.89135 11.89843 11.89371 11.87993 11.86182 11.83623 11.8067 11.77245 11.73465 11.7004 11.6693 11.63308 11.59568 11.56024 11.52048 11.48032 11.43938 11.39686 11.35512 11.31221 11.26969 11.22323 11.1815 11.14213 11.09804 11.04843 10.99449 10.93938 10.88859 10.83623 10.77363 10.70079 10.62087 10.53544 10.43819 10.33819 10.22953 10.11339 9.987801 9.859848 9.732288 9.600005 9.456304 9.314178 9.168902 9.020477 8.871264 8.720871 8.572445 8.437013 8.309059 8.179926 8.047248 7.9315 7.832287 7.757484 7.700791 7.656303 7.627169 7.619689 7.607484 7.573626 7.536618 7.500791 7.466539 7.436618 7.406697 7.37402
11.90749 11.92993 11.94528 11.95079 11.94804 11.93938 11.92323 11.90316 11.87678 11.84883 11.8256 11.80473 11.77757 11.74961 11.72284 11.69213 11.6626 11.63268 11.59607 11.56221 11.52796 11.48898 11.44922 11.40906 11.37205 11.32757 11.27717 11.22441 11.17087 11.1193 11.06536 11.00197 10.92835 10.84449 10.75473 10.6567 10.54922 10.43504 10.31064 10.17875 10.04331 9.90473 9.762604 9.614178 9.462997 9.30906 9.155517 8.999217 8.84528 8.690949 8.543705 8.411422 8.279531 8.144886 8.022445 7.915359 7.831894 7.769295 7.720083 7.689768 7.680713 7.664571 7.633862 7.596067 7.559453 7.525594 7.494886 7.466146 7.434649
11.913 11.94174 11.96615 11.9815 11.99016 11.99016 11.98465 11.97599 11.95749 11.94134 11.93032 11.9189 11.90394 11.88426 11.86221 11.84528 11.8256 11.80316 11.77875 11.75158 11.72166 11.68898 11.65552 11.61733 11.57914 11.53741 11.48662 11.43505 11.3819 11.3315 11.27717 11.21142 11.13544 11.05001 10.9563 10.85473 10.7441 10.62205 10.49056 10.35079 10.2067 10.05827 9.90591 9.752367 9.590162 9.42717 9.267327 9.108273 8.946068 8.786618 8.63465 8.490556 8.354335 8.220083 8.089768 7.978744 7.889768 7.821264 7.766933 7.735437 7.727563 7.709846 7.681106 7.64213 7.603941 7.572445 7.542917 7.514177 7.483075
11.89095 11.93071 11.96379 11.98662 12.00355 12.01536 12.02363 12.02245 12.01575 12.01064 12.01142 12.00945 12.00473 11.99607 11.98505 11.97442 11.96339 11.95237 11.93938 11.91654 11.89449 11.86812 11.83701 11.80591 11.76851 11.72442 11.67756 11.62717 11.57599 11.52402 11.4689 11.40237 11.32087 11.23386 11.13623 11.03071 10.91142 10.78623 10.64843 10.49961 10.34607 10.19095 10.02835 9.866934 9.69843 9.527564 9.356304 9.189769 9.022446 8.859059 8.703547 8.549611 8.404729 8.265752 8.137405 8.021658 7.927957 7.85276 7.797642 7.764177 7.756697 7.740555 7.709846 7.671264 7.634256 7.603154 7.577563 7.550004 7.519295
11.85158 11.89568 11.93583 11.96851 11.99528 12.01812 12.03583 12.04843 12.05394 12.05827 12.06497 12.07481 12.08072 12.08347 12.08347 12.0815 12.08229 12.08072 12.07205 12.05788 12.04292 12.02481 11.99883 11.96969 11.93308 11.89528 11.84725 11.79804 11.7504 11.69804 11.6378 11.56851 11.48819 11.3941 11.29449 11.17875 11.0567 10.9193 10.77796 10.6252 10.46339 10.29489 10.12756 9.957485 9.783863 9.604336 9.423233 9.24528 9.076777 8.908273 8.741343 8.586225 8.435831 8.292917 8.15906 8.040949 7.942524 7.866933 7.81024 7.776776 7.767327 7.757484 7.720083 7.683468 7.650398 7.620476 7.596854 7.573626 7.545673
11.7878 11.84016 11.88701 11.9319 11.9693 12.00079 12.03071 12.05316 12.07205 12.08426 12.10119 12.11969 12.13544 12.14804 12.16142 12.17442 12.18229 12.18308 12.18229 12.17953 12.1693 12.15591 12.1378 12.11024 12.07678 12.03938 11.99764 11.95079 11.90119 11.84568 11.78583 11.71379 11.62757 11.53544 11.4256 11.30355 11.17127 11.03308 10.88071 10.72205 10.55315 10.3752 10.20001 10.02087 9.841344 9.652368 9.464178 9.281501 9.103548 8.927958 8.75906 8.595674 8.442524 8.296461 8.161028 8.036618 7.939768 7.862602 7.806303 7.773626 7.765752 7.750398 7.72087 7.679925 7.650791 7.625595 7.60276 7.583075 7.557878
11.70827 11.76969 11.82323 11.87363 11.92205 11.96694 12.00473 12.04016 12.06733 12.09253 12.11733 12.14568 12.1693 12.19371 12.22048 12.24174 12.25709 12.26812 12.27442 12.27402 12.27087 12.26418 12.24922 12.22599 12.20001 12.16142 12.12284 12.08111 12.02796 11.97127 11.90709 11.82953 11.74056 11.64135 11.5319 11.39922 11.26064 11.11457 10.95788 10.79253 10.61615 10.42835 10.24016 10.05827 9.869296 9.671265 9.478352 9.29095 9.102366 8.922445 8.752367 8.583076 8.424808 8.281107 8.138981 8.01654 7.917327 7.843705 7.788193 7.757484 7.748035 7.733862 7.703547 7.666539 7.637799 7.618114 7.599216 7.576776 7.556303
