ASPA-UH-SWB2_REPO/input/Gridded_rain/prism_ppt_tutuila_30yr_normal_05.asc
ncols         350
nrows         200
xllcorner     515000
yllcorner     8409000
cellsize      100
NODATA_value  -9999
[rows 62 to 92 of 200, columns 138 to 206 of 350]
-9999 -9999 -9999 -9999 -9999 -9999 -9999 -9999 -9999 -9999 -9999 -9999 12.87363 12.96142 13.0689 13.22953 13.39213 13.55473 13.71497 13.87914 14.04292 14.19922 14.35198 14.50355 14.65276 14.80709 14.96221 15.1193 15.28308 15.4504 15.62245 15.79843 15.97639 16.15513 16.33623 16.51615 16.6878 16.84922 16.99725 17.12521 17.23347 17.31615 17.37009 17.40277 17.42914 17.45552 17.47599 17.48623 17.48544 17.47206 17.44804 17.41064 17.36379 17.30828 17.24647 17.17796 17.10828 17.03859 16.96182 16.88662 16.81261 16.74371 16.69174 16.65828 16.62914 16.59213 16.54489 16.48544 16.41418
-9999 -9999 -9999 -9999 -9999 -9999 -9999 -9999 -9999 -9999 -9999 12.80867 12.88544 12.99292 13.15079 13.31497 13.47757 13.63544 13.79371 13.95158 14.10237 14.24725 14.39135 14.53072 14.6752 14.82599 14.97835 15.13544 15.29961 15.47048 15.64804 15.83072 16.01812 16.20473 16.39253 16.57599 16.75276 16.91576 17.06103 17.18859 17.2941 17.37127 17.41654 17.44292 17.45946 17.47639 17.48466 17.48702 17.47836 17.4567 17.42166 17.37757 17.32836 17.27284 17.20552 17.13072 17.05434 16.97481 16.89253 16.81025 16.72914 16.65513 16.60276 16.57127 16.54607 16.51497 16.47363 16.42048 16.3571
-9999 -9999 -9999 -9999 -9999 -9999 -9999 -9999 -9999 -9999 -9999 12.81615 12.92363 13.07324 13.23544 13.4004 13.55709 13.70946 13.86103 14.00552 14.14292 14.27599 14.40473 14.53623 14.67481 14.81969 14.96891 15.1256 15.29213 15.47009 15.6567 15.85158 16.04883 16.24765 16.44332 16.63584 16.82088 16.99017 17.13702 17.26261 17.36654 17.43977 17.47993 17.4945 17.49961 17.50395 17.50434 17.49489 17.47442 17.43938 17.39214 17.34213 17.28899 17.22954 17.16064 17.08308 16.99922 16.91221 16.82245 16.73111 16.64213 16.56458 16.513 16.48387 16.46182 16.43347 16.39528 16.34843 16.28977
-9999 -9999 -9999 -9999 -9999 -9999 -9999 -9999 -9999 -9999 12.74764 12.85552 13.00079 13.16142 13.32245 13.48032 13.63072 13.7752 13.91221 14.04135 14.16418 14.28072 14.39607 14.5189 14.65079 14.7882 14.93505 15.09174 15.263 15.44804 15.64489 15.85316 16.06576 16.27954 16.49095 16.69607 16.89253 17.07127 17.22639 17.3571 17.45749 17.52875 17.55867 17.56143 17.55237 17.54056 17.52757 17.50434 17.46655 17.41418 17.35001 17.28741 17.22914 17.16851 17.09843 17.02166 16.93859 16.8504 16.75591 16.65355 16.55788 16.47875 16.42639 16.39883 16.37875 16.35119 16.31536 16.27009 16.21851
-9999 -9999 -9999 -9999 -9999 -9999 -9999 -9999 12.6004 12.67953 12.7878 12.93111 13.09056 13.24843 13.40749 13.5567 13.69804 13.82835 13.94843 14.06103 14.16457 14.26536 14.37127 14.48741 14.61615 14.75434 14.90079 15.05985 15.23308 15.42127 15.62442 15.84056 16.06851 16.30276 16.53426 16.75985 16.97284 17.16576 17.3315 17.46773 17.5693 17.63426 17.65788 17.64725 17.62206 17.59017 17.5508 17.50395 17.44332 17.36536 17.28072 17.20473 17.13741 17.07206 17.00395 16.93308 16.85749 16.77678 16.68505 16.58229 16.47836 16.39883 16.34765 16.32009 16.29765 16.27009 16.23347 16.18977 16.14017
-9999 -9999 -9999 -9999 -9999 -9999 -9999 12.5256 12.61261 12.71969 12.86261 13.02205 13.18111 13.33741 13.4878 13.62796 13.75552 13.86969 13.97205 14.06497 14.15079 14.24213 14.34961 14.47324 14.60867 14.75473 14.90867 15.07205 15.2445 15.42914 15.62875 15.84253 16.07363 16.32284 16.57993 16.83072 17.06497 17.27324 17.44332 17.57718 17.67757 17.73662 17.75473 17.73859 17.69725 17.64214 17.57127 17.49253 17.4008 17.29646 17.18859 17.09765 17.02127 16.94962 16.88072 16.81182 16.74686 16.67599 16.5941 16.50119 16.40552 16.32402 16.27481 16.24528 16.21733 16.18505 16.14765 16.10631 16.05946
-9999 -9999 -9999 -9999 -9999 -9999 12.45552 12.54804 12.65197 12.79804 12.95709 13.11615 13.27442 13.42481 13.56536 13.69253 13.80473 13.90158 13.98544 14.05985 14.14016 14.23938 14.35946 14.49843 14.65237 14.81418 14.97914 15.14646 15.32009 15.49843 15.68544 15.89017 16.11261 16.35985 16.63072 16.90867 17.15788 17.36615 17.5319 17.65395 17.74332 17.79568 17.81261 17.79686 17.74804 17.67363 17.57954 17.4693 17.34725 17.21773 17.09174 16.98623 16.89765 16.81812 16.74135 16.66891 16.60591 16.54607 16.47717 16.40355 16.32914 16.25828 16.20513 16.16891 16.13426 16.09646 16.0567 16.01536 15.97363
-9999 -9999 -9999 -9999 -9999 12.40276 12.49174 12.58859 12.7378 12.89804 13.05906 13.21733 13.3693 13.51182 13.64056 13.75355 13.84725 13.92757 13.9945 14.06339 14.15473 14.27048 14.40906 14.57048 14.74213 14.91379 15.08662 15.25985 15.43662 15.61497 15.79725 15.98741 16.19725 16.43662 16.70552 16.97166 17.21969 17.42009 17.57127 17.67875 17.74883 17.79725 17.81536 17.80395 17.7567 17.67284 17.56103 17.42954 17.29174 17.14095 16.99883 16.87796 16.77875 16.68662 16.59607 16.51851 16.45001 16.39371 16.34804 16.29922 16.24765 16.19371 16.13977 16.09174 16.04646 16.00237 15.96103 15.92087 15.88032
-9999 -9999 -9999 -9999 12.36142 12.44528 12.5315 12.68386 12.84804 13.00827 13.16694 13.32127 13.46772 13.6004 13.713 13.81064 13.89056 13.95394 14.01103 14.08938 14.19804 14.33505 14.49922 14.67284 14.85158 15.02717 15.20395 15.38308 15.56339 15.74725 15.93544 16.12757 16.3256 16.55591 16.78741 17.01733 17.24017 17.42678 17.56143 17.65906 17.72757 17.77009 17.79135 17.78032 17.73387 17.6445 17.52363 17.38859 17.23505 17.07599 16.91812 16.78229 16.66379 16.55631 16.45552 16.36969 16.29883 16.24765 16.21773 16.19804 16.16733 16.12678 16.07166 16.01221 15.9567 15.90591 15.86182 15.82048 15.78072
-9999 -9999 -9999 12.3252 12.40276 12.48386 12.6378 12.79922 12.963 13.1256 13.28229 13.42914 13.56536 13.68544 13.78938 13.87087 13.9382 13.98662 14.04725 14.14135 14.2693 14.4315 14.60788 14.78583 14.96379 15.1441 15.32363 15.50395 15.6878 15.87836 16.07481 16.27835 16.49095 16.68662 16.87009 17.05158 17.22993 17.39647 17.53269 17.63347 17.70276 17.7508 17.76891 17.7567 17.7004 17.60788 17.48466 17.34253 17.19135 17.02521 16.85946 16.70434 16.56576 16.44017 16.33269 16.23859 16.16969 16.12521 16.10198 16.09528 16.08347 16.04804 15.99095 15.9256 15.86143 15.80591 15.75709 15.71615 15.67284
-9999 -9999 12.23623 12.33859 12.44764 12.6004 12.76024 12.92245 13.08701 13.24764 13.39843 13.53977 13.66379 13.77402 13.86812 13.94056 13.99174 14.0382 14.10473 14.21536 14.37009 14.54371 14.72087 14.9004 15.07993 15.25946 15.43938 15.62087 15.80788 16.00316 16.20788 16.42521 16.6445 16.81969 16.94686 17.07048 17.20631 17.36654 17.51103 17.62009 17.69804 17.74292 17.7634 17.74174 17.67599 17.57836 17.45355 17.31143 17.15906 17.0004 16.82678 16.66221 16.50355 16.36261 16.24253 16.14528 16.07442 16.0256 16.00198 15.99174 15.98308 15.94961 15.89017 15.82166 15.75552 15.69528 15.64686 15.60001 15.56103
-9999 12.19528 12.29371 12.4189 12.57402 12.73268 12.89095 13.05473 13.21851 13.37402 13.51812 13.65079 13.77127 13.87284 13.95631 14.01733 14.06103 14.10749 14.18583 14.31339 14.4815 14.66103 14.83859 15.01772 15.1945 15.37166 15.54804 15.72993 15.91891 16.11694 16.32875 16.5567 16.77324 16.92206 17.01103 17.08072 17.19371 17.34804 17.50198 17.62087 17.70237 17.75316 17.76694 17.7378 17.66773 17.56103 17.43662 17.30119 17.15395 16.99568 16.82875 16.64883 16.48032 16.3256 16.19332 16.0882 16.00198 15.94371 15.90552 15.8815 15.86379 15.83032 15.77206 15.70198 15.6319 15.57205 15.51812 15.47402 15.43426
12.17993 12.26969 12.39292 12.55276 12.713 12.87363 13.03268 13.19607 13.35355 13.50473 13.64528 13.77205 13.88505 13.9819 14.05709 14.11103 14.14804 14.19489 14.28387 14.42717 14.60119 14.77993 14.95788 15.1319 15.30631 15.47678 15.64961 15.82875 16.01694 16.21694 16.43426 16.66418 16.87442 17.00198 17.05473 17.0945 17.19292 17.34686 17.5071 17.63387 17.72127 17.7756 17.78465 17.75198 17.67954 17.57442 17.44883 17.31182 17.16891 17.01064 16.83702 16.65434 16.46969 16.30552 16.16143 16.03977 15.94056 15.86339 15.80631 15.77048 15.74017 15.70237 15.64528 15.57127 15.49883 15.43229 15.37914 15.33387 15.29922
12.25434 12.38544 12.54095 12.70001 12.86142 13.02442 13.18544 13.34292 13.49725 13.64331 13.77914 13.90237 14.01182 14.10394 14.17363 14.22205 14.25749 14.30513 14.40079 14.55119 14.7252 14.90119 15.07245 15.2441 15.41064 15.57599 15.74292 15.91694 16.10198 16.30198 16.52127 16.75788 16.95867 17.06654 17.08859 17.11536 17.20552 17.36064 17.52678 17.66143 17.75277 17.80513 17.82009 17.78938 17.71536 17.61221 17.48623 17.34529 17.19371 17.03072 16.84883 16.65591 16.46064 16.28387 16.12796 15.99095 15.87757 15.7882 15.71576 15.66339 15.62402 15.58111 15.51536 15.43623 15.35985 15.29174 15.23308 15.18898 15.15276
12.39331 12.54646 12.70355 12.86261 13.02363 13.18583 13.34449 13.49961 13.64843 13.78898 13.92127 14.04292 14.14961 14.23859 14.30788 14.35434 14.38938 14.4378 14.53229 14.68111 14.85079 15.02009 15.18741 15.35001 15.50985 15.66851 15.82954 15.99765 16.17678 16.37245 16.59765 16.86773 17.07599 17.15237 17.13859 17.14843 17.23111 17.39017 17.56103 17.7008 17.79725 17.85276 17.86851 17.84174 17.77206 17.66812 17.53977 17.39332 17.22954 17.05434 16.86458 16.65631 16.45434 16.26418 16.0941 15.94646 15.81969 15.71772 15.63623 15.57127 15.5193 15.46261 15.38702 15.30237 15.2193 15.15001 15.09056 15.03977 15.00552
12.56772 12.72324 12.87953 13.03701 13.19646 13.35552 13.51182 13.66261 13.8067 13.94489 14.07599 14.19528 14.30001 14.38938 14.46103 14.50946 14.54331 14.5878 14.67402 14.81261 14.97599 15.13859 15.29725 15.45395 15.60709 15.75867 15.91261 16.07324 16.2441 16.43977 16.69174 17.0067 17.23899 17.29568 17.263 17.2319 17.28426 17.43308 17.60828 17.7504 17.84922 17.9067 17.92481 17.90158 17.83702 17.73308 17.6004 17.44686 17.27442 17.08859 16.88544 16.66576 16.45158 16.25237 16.06772 15.90591 15.76969 15.65709 15.56458 15.48741 15.42402 15.34804 15.26064 15.16812 15.08347 15.01182 14.94725 14.89371 14.85394
12.75316 12.90985 13.06536 13.21969 13.37442 13.53111 13.68465 13.83387 13.97599 14.11457 14.24489 14.36339 14.46891 14.55946 14.63347 14.68583 14.71891 14.75276 14.82402 14.94607 15.1004 15.25631 15.40788 15.55867 15.70552 15.8508 15.99686 16.14725 16.30709 16.50473 16.78741 17.12678 17.42481 17.49883 17.44135 17.38623 17.40237 17.50198 17.663 17.80552 17.90355 17.96261 17.98072 17.95946 17.89883 17.79765 17.66261 17.50434 17.32875 17.12954 16.91418 16.68544 16.45867 16.24489 16.04843 15.87442 15.72678 15.60237 15.50119 15.41339 15.32639 15.23584 15.13623 15.03623 14.95001 14.87284 14.80552 14.74804 14.7008
12.9504 13.10473 13.25749 13.40867 13.55985 13.71497 13.86576 14.01497 14.15946 14.29804 14.42835 14.54765 14.65513 14.74843 14.82481 14.87914 14.90985 14.93465 14.98741 15.0878 15.22639 15.37678 15.52402 15.66851 15.81024 15.94922 16.08623 16.2252 16.37009 16.55513 16.82442 17.17678 17.54962 17.68584 17.63623 17.57678 17.5567 17.60592 17.72993 17.85906 17.95592 18.01497 18.03229 18.01261 17.95316 17.85473 17.72324 17.56418 17.3819 17.17757 16.94922 16.70985 16.4693 16.24371 16.03938 15.85355 15.69332 15.55946 15.4441 15.33898 15.23347 15.1256 15.01261 14.90788 14.81694 14.73583 14.66261 14.59883 14.54961
13.15591 13.30709 13.45631 13.60749 13.75749 13.91024 14.05946 14.20946 14.35591 14.49528 14.62639 14.74843 14.85828 14.95316 15.03072 15.08505 15.11576 15.13505 15.17127 15.24725 15.36182 15.50276 15.64765 15.78702 15.92442 16.0567 16.18465 16.31182 16.44095 16.58623 16.81615 17.17757 17.53229 17.76615 17.81733 17.77363 17.71969 17.7256 17.79686 17.91064 18.00355 18.06025 18.07639 18.05906 18.00198 17.9067 17.77875 17.62048 17.43662 17.22442 16.98544 16.73032 16.48347 16.25355 16.03623 15.84056 15.67245 15.52796 15.39253 15.26418 15.14174 15.01536 14.89213 14.78268 14.68544 14.59922 14.51969 14.45119 14.3945
13.36772 13.51536 13.66418 13.81497 13.96772 14.11812 14.26812 14.4193 14.56615 14.70591 14.8382 14.96103 15.07166 15.16654 15.24371 15.3008 15.3378 15.35631 15.37875 15.43308 15.52245 15.64174 15.77875 15.91851 16.05001 16.1756 16.29568 16.41103 16.52442 16.63859 16.813 17.11458 17.44804 17.7445 17.94056 17.94332 17.9004 17.86812 17.87245 17.95434 18.04214 18.09725 18.11576 18.09883 18.04607 17.95434 17.82875 17.67639 17.4878 17.26418 17.01261 16.75119 16.49961 16.26221 16.03741 15.83623 15.6567 15.49292 15.33898 15.19095 15.04765 14.90552 14.77639 14.66064 14.55749 14.46261 14.37757 14.30552 14.24371
13.58623 13.73308 13.88229 14.03505 14.18859 14.34056 14.48938 14.64095 14.78662 14.9256 15.05749 15.17875 15.2878 15.38308 15.463 15.52324 15.56654 15.59528 15.61497 15.64961 15.71615 15.81143 15.92954 16.06024 16.18938 16.31103 16.42127 16.52521 16.62324 16.71773 16.81969 17.03072 17.34607 17.67048 17.92402 18.09883 18.07678 18.02088 18.00237 18.00355 18.06733 18.12442 18.14647 18.13229 18.0819 17.9945 17.87284 17.71851 17.52363 17.28859 17.03151 16.76103 16.50985 16.26812 16.04056 15.82639 15.63032 15.4504 15.27835 15.11143 14.95001 14.80198 14.66694 14.54174 14.42993 14.33032 14.23859 14.15946 14.09095
13.81536 13.96142 14.10985 14.26457 14.4193 14.57245 14.72245 14.87284 15.01694 15.15434 15.2819 15.40237 15.51221 15.60631 15.68741 15.75316 15.80395 15.8441 15.87127 15.89765 15.94607 16.01969 16.11654 16.22639 16.34568 16.45709 16.56064 16.65355 16.73899 16.81654 16.8878 16.97914 17.25906 17.54214 17.8693 18.14883 18.23702 18.17678 18.12048 18.0941 18.08505 18.1378 18.16576 18.15749 18.10946 18.02363 17.90001 17.73584 17.52914 17.28899 17.02127 16.75946 16.50591 16.26458 16.02717 15.79961 15.59135 15.39489 15.20709 15.02442 14.85434 14.7004 14.55631 14.42638 14.30828 14.19765 14.10198 14.01497 13.94174
14.05276 14.19843 14.34686 14.50276 14.65867 14.81064 14.96379 15.11143 15.25198 15.38741 15.51379 15.63308 15.74135 15.83583 15.91654 15.98859 16.04765 16.0941 16.13387 16.17087 16.21143 16.26969 16.34686 16.43977 16.53269 16.62954 16.72009 16.80395 16.87678 16.94017 17.00237 17.07088 17.16025 17.46969 17.80552 18.10434 18.30119 18.30237 18.2256 18.15907 18.13544 18.13623 18.17245 18.17048 18.12363 18.03151 17.89332 17.71143 17.49843 17.24922 16.98544 16.72678 16.47954 16.2315 15.98702 15.75276 15.5315 15.32087 15.12127 14.93268 14.75709 14.59607 14.44607 14.30906 14.18505 14.07009 13.96339 13.87678 13.79528
14.29528 14.44174 14.59174 14.74843 14.90316 15.05552 15.20473 15.3508 15.48977 15.61969 15.74568 15.86221 15.9693 16.06654 16.14843 16.22284 16.28859 16.34607 16.39686 16.44568 16.49804 16.55395 16.61851 16.68977 16.7693 16.84647 16.92166 16.99017 17.04804 17.09568 17.14332 17.19725 17.26497 17.43229 17.72206 18.00867 18.23977 18.33426 18.27363 18.19529 18.13505 18.12166 18.14371 18.14568 18.09292 17.98623 17.83308 17.64489 17.42127 17.17481 16.92048 16.67166 16.42402 16.17717 15.92757 15.68623 15.45513 15.24135 15.03465 14.83898 14.65828 14.49056 14.33741 14.19489 14.063 13.94174 13.83032 13.73111 13.64922
14.5445 14.69213 14.84292 14.99646 15.15119 15.30158 15.4445 15.58662 15.72166 15.84961 15.97284 16.08977 16.1945 16.29056 16.37836 16.45591 16.52796 16.59332 16.65434 16.713 16.77442 16.83859 16.90119 16.96497 17.02993 17.09489 17.15237 17.2008 17.23859 17.26851 17.2945 17.32796 17.37599 17.44528 17.63111 17.87875 18.07127 18.18702 18.21773 18.14214 18.06536 18.02836 18.0445 18.04371 17.99135 17.88151 17.72363 17.52993 17.31261 17.08072 16.84253 16.59843 16.35513 16.10355 15.85355 15.60946 15.37639 15.15434 14.94253 14.74331 14.55946 14.38898 14.22875 14.0815 13.94174 13.81339 13.69765 13.59253 13.5004
14.80198 14.94804 15.09646 15.24765 15.39489 15.54056 15.68229 15.81851 15.94922 16.07678 16.19686 16.31064 16.41812 16.51261 16.6008 16.68465 16.76024 16.83072 16.89607 16.96261 17.02954 17.09568 17.16103 17.22009 17.27796 17.33072 17.37245 17.4008 17.41654 17.4256 17.43347 17.44725 17.46891 17.49922 17.56418 17.72678 17.86773 17.97166 18.01654 17.98702 17.91182 17.87442 17.8693 17.8693 17.82442 17.72048 17.57284 17.39371 17.19332 16.97836 16.74922 16.51576 16.27324 16.02402 15.77127 15.5256 15.29056 15.063 14.84646 14.6445 14.4567 14.28268 14.11615 13.96261 13.82009 13.68426 13.56182 13.45237 13.35158
15.06064 15.20316 15.34568 15.49095 15.63308 15.77481 15.91261 16.04568 16.17284 16.29804 16.41615 16.52796 16.63347 16.72954 16.81733 16.90001 16.97914 17.05158 17.12166 17.18938 17.25631 17.32206 17.38229 17.4382 17.48899 17.52954 17.55591 17.56654 17.56497 17.5567 17.5504 17.54568 17.54528 17.55276 17.56654 17.6067 17.69607 17.76969 17.79686 17.77993 17.7378 17.6941 17.68465 17.67481 17.63269 17.54332 17.41182 17.25158 17.0693 16.86654 16.64843 16.42009 16.18229 15.93347 15.67954 15.43111 15.19213 14.96379 14.74765 14.53859 14.34725 14.16969 13.99961 13.83859 13.69213 13.55513 13.42757 13.31103 13.20709
15.31221 15.45158 15.58623 15.72245 15.86261 15.99961 16.13426 16.26615 16.39213 16.51103 16.62678 16.73623 16.83899 16.93426 17.02166 17.10355 17.18111 17.25434 17.32363 17.38977 17.45434 17.51497 17.56812 17.61615 17.65749 17.68662 17.69922 17.69607 17.68269 17.663 17.64292 17.62481 17.60867 17.59607 17.58662 17.58229 17.59292 17.61576 17.63229 17.62639 17.5819 17.53702 17.51891 17.49253 17.44647 17.36812 17.25237 17.10631 16.9378 16.74568 16.53584 16.31536 16.08111 15.83072 15.5752 15.32796 15.08702 14.85749 14.63859 14.42953 14.23347 14.04883 13.87599 13.71221 13.56142 13.42284 13.29056 13.1689 13.06064
15.55355 15.68623 15.81576 15.94528 16.07954 16.21497 16.34765 16.4756 16.59804 16.71457 16.8256 16.93269 17.03229 17.12639 17.21221 17.29095 17.36654 17.43702 17.50119 17.56339 17.62245 17.67363 17.71891 17.75788 17.78741 17.80631 17.80788 17.7941 17.77166 17.74489 17.71576 17.68544 17.65473 17.62442 17.59725 17.57324 17.55237 17.53426 17.52481 17.50158 17.46458 17.41497 17.37127 17.32481 17.27206 17.19765 17.09332 16.95906 16.79843 16.61497 16.41221 16.19646 15.96418 15.71694 15.463 15.21339 14.97363 14.74331 14.52205 14.31379 14.11418 13.9256 13.74922 13.58505 13.42953 13.28662 13.15355 13.03032 12.91654
15.78032 15.90709 16.03308 16.15906 16.28741 16.41812 16.54607 16.66772 16.7882 16.90277 17.00906 17.11261 17.21064 17.3004 17.38465 17.46143 17.53032 17.5941 17.65355 17.70906 17.75867 17.80198 17.8382 17.86536 17.88505 17.89174 17.88387 17.86379 17.83505 17.80158 17.76536 17.72403 17.68032 17.63702 17.59529 17.55473 17.51733 17.4819 17.44568 17.40552 17.35749 17.29883 17.23111 17.16772 17.10513 17.0319 16.93426 16.80828 16.65434 16.47639 16.27875 16.06615 15.83583 15.59135 15.34056 15.09017 14.85079 14.62087 14.39804 14.1882 13.9878 13.79961 13.62127 13.45473 13.29843 13.15158 13.01654 12.89331 12.77875
15.98662 16.11261 16.23544 16.35749 16.48111 16.60316 16.72442 16.84213 16.95591 17.0693 17.17324 17.27088 17.36733 17.45395 17.53387 17.60592 17.66891 17.7256 17.77796 17.82521 17.86536 17.90001 17.92521 17.94253 17.9508 17.94725 17.93032 17.90591 17.87284 17.83269 17.78899 17.73977 17.68662 17.63111 17.57639 17.52324 17.47245 17.42284 17.37087 17.31379 17.2504 17.17757 17.0945 17.01418 16.94253 16.86694 16.77363 16.65355 16.50513 16.33072 16.13584 15.92599 15.69804 15.45355 15.20473 14.95906 14.7193 14.4878 14.26772 14.0567 13.85631 13.66851 13.49056 13.32205 13.16576 13.01694 12.89213 12.7693 12.67166
