ASPA-UH-SWB2_REPO/input/Gridded_rain/prism_ppt_tutuila_30yr_normal_05.asc
ncols         350
nrows         200
xllcorner     515000
yllcorner     8409000
cellsize      100
NODATA_value  -9999
[rows 93 to 123 of 200, columns 138 to 206 of 350]
16.17678 16.29843 16.41733 16.53465 16.65355 16.7693 16.88465 16.9941 17.10395 17.213 17.31576 17.40906 17.49883 17.58426 17.66025 17.72639 17.78426 17.83269 17.87521 17.91143 17.94292 17.96615 17.98032 17.98623 17.98426 17.97127 17.94922 17.9193 17.88269 17.8382 17.78505 17.72993 17.6693 17.60316 17.53899 17.47678 17.41339 17.3504 17.28544 17.21536 17.13702 17.04962 16.95237 16.85906 16.77954 16.7008 16.60906 16.49292 16.34843 16.17757 15.98662 15.7752 15.54765 15.30355 15.05828 14.81733 14.57914 14.34804 14.1315 13.92087 13.72205 13.53229 13.35355 13.18505 13.02757 12.89213 12.78977 12.69804 12.61733
16.34962 16.46182 16.57599 16.68899 16.80001 16.91339 17.01812 17.12481 17.23072 17.33269 17.42993 17.52127 17.60631 17.68859 17.75906 17.82088 17.87206 17.91103 17.9441 17.96969 17.98899 18.0008 18.00277 18.00001 17.98623 17.96536 17.93899 17.90591 17.86497 17.81497 17.75788 17.69371 17.62757 17.55591 17.48269 17.40985 17.33702 17.2634 17.18623 17.10355 17.01418 16.91143 16.80237 16.7004 16.613 16.5319 16.44095 16.32599 16.18269 16.01339 15.82402 15.61182 15.38229 15.14056 14.90001 14.66221 14.42875 14.20355 13.98623 13.78032 13.58229 13.39095 13.20946 13.04449 12.9004 12.80985 -9999 -9999 -9999
16.50119 16.60591 16.71103 16.81654 16.92127 17.02678 17.12875 17.22836 17.32796 17.42717 17.51969 17.60513 17.68623 17.76064 17.82678 17.88229 17.92639 17.95867 17.9819 17.99843 18.0067 18.00631 17.99961 17.98505 17.96182 17.93151 17.89962 17.86379 17.81969 17.76497 17.70316 17.63662 17.56103 17.48623 17.40631 17.32402 17.24292 17.15906 17.06969 16.97639 16.87324 16.75985 16.64174 16.53347 16.44135 16.35946 16.26772 16.15119 16.00513 15.83859 15.64765 15.43623 15.20198 14.96576 14.72835 14.49489 14.27009 14.04686 13.8319 13.62717 13.4319 13.24292 13.06536 12.90158 12.77796 12.72166 -9999 -9999 -9999
16.6256 16.72363 16.82009 16.91654 17.013 17.10946 17.2067 17.30198 17.39725 17.48977 17.57599 17.65513 17.7319 17.79844 17.85828 17.9067 17.94292 17.97087 17.98584 17.99489 17.99568 17.98544 17.96891 17.94213 17.90709 17.8693 17.82993 17.78977 17.74292 17.68544 17.62087 17.54843 17.47363 17.39174 17.30749 17.21969 17.12836 17.03347 16.93583 16.82993 16.71654 16.59292 16.4693 16.35788 16.26536 16.18151 16.08544 15.96497 15.82048 15.64883 15.45867 15.24174 15.01261 14.77875 14.54765 14.32009 14.09528 13.87914 13.6693 13.47087 13.27363 13.08741 12.91772 12.76969 12.68111 -9999 -9999 -9999 -9999
16.72284 16.81103 16.90237 16.99135 17.08072 17.16851 17.2571 17.3445 17.43229 17.51851 17.59922 17.67284 17.74135 17.80119 17.85237 17.89528 17.92875 17.94883 17.95906 17.96025 17.9504 17.93347 17.90709 17.86851 17.82324 17.77717 17.73072 17.68347 17.63229 17.57363 17.50591 17.43308 17.35395 17.26891 17.17914 17.08544 16.98702 16.88387 16.77639 16.66261 16.53859 16.40985 16.28505 16.17835 16.08505 15.99607 15.89489 15.76969 15.61969 15.44922 15.25276 15.03741 14.81024 14.58111 14.35513 14.1315 13.91536 13.70473 13.50198 13.30237 13.11536 12.93544 12.77166 12.65946 12.6004 -9999 -9999 -9999 -9999
16.79253 16.87009 16.95198 17.03465 17.11694 17.19647 17.27678 17.35552 17.43426 17.51418 17.58702 17.65355 17.71536 17.77009 17.81615 17.85237 17.87954 17.89332 17.89686 17.89017 17.87363 17.84962 17.81339 17.76733 17.71339 17.6567 17.60237 17.5504 17.49292 17.42796 17.36103 17.28623 17.20316 17.11654 17.02206 16.92166 16.81733 16.70867 16.59292 16.4693 16.34213 16.21103 16.09371 15.98859 15.89765 15.80395 15.6941 15.56261 15.40749 15.2315 15.03623 14.82009 14.59804 14.37442 14.15316 13.93583 13.72678 13.52639 13.32796 13.1378 12.95276 12.78741 12.66615 12.59568 -9999 -9999 -9999 -9999 -9999
16.83269 16.89883 16.96891 17.04253 17.11694 17.18899 17.26143 17.3319 17.40158 17.47245 17.53899 17.6008 17.65591 17.70158 17.74017 17.77206 17.79253 17.79962 17.79607 17.78308 17.763 17.7319 17.69056 17.63938 17.57836 17.5134 17.45119 17.38938 17.32363 17.25434 17.18308 17.10552 17.02284 16.93308 16.83544 16.73072 16.62048 16.50631 16.38387 16.25631 16.12678 16.00237 15.89017 15.79253 15.70119 15.60001 15.48072 15.34095 15.1819 15.00355 14.80473 14.59135 14.37442 14.15946 13.9441 13.73229 13.53111 13.33898 13.15158 12.96457 12.79292 12.6689 12.60276 -9999 -9999 -9999 -9999 -9999 -9999
16.84174 16.89568 16.95355 17.01851 17.08229 17.14843 17.21103 17.27245 17.33465 17.39686 17.45631 17.50985 17.55828 17.59686 17.62442 17.65158 17.66458 17.66497 17.65709 17.64095 17.61576 17.58072 17.5382 17.48387 17.41694 17.34686 17.27835 17.20552 17.13111 17.05473 16.97717 16.89647 16.81064 16.71891 16.61851 16.51103 16.39843 16.27954 16.15552 16.02796 15.90237 15.78387 15.67993 15.58662 15.48977 15.38072 15.25276 15.10394 14.93859 14.7567 14.55867 14.35079 14.14213 13.93426 13.72678 13.52324 13.33032 13.1445 12.96103 12.7878 12.66261 12.59646 12.55709 -9999 -9999 -9999 -9999 -9999 -9999
16.82166 16.863 16.90946 16.96221 17.01733 17.0756 17.12836 17.17954 17.23347 17.28544 17.3378 17.38347 17.42127 17.45119 17.47521 17.49332 17.50001 17.49529 17.48347 17.46339 17.43465 17.39765 17.35158 17.29489 17.22717 17.15552 17.08032 17.00158 16.91969 16.83544 16.75001 16.663 16.57245 16.47836 16.37521 16.26615 16.15316 16.03544 15.913 15.78859 15.67048 15.56221 15.463 15.36497 15.26024 15.14292 15.00591 14.84922 14.67875 14.49489 14.30001 14.10119 13.90198 13.70237 13.50355 13.30788 13.12087 12.94213 12.76851 12.64253 12.57481 12.53938 -9999 -9999 -9999 -9999 -9999 -9999 -9999
16.77048 16.8004 16.83702 16.87678 16.92088 16.96733 17.013 17.0567 17.09804 17.13977 17.18269 17.21969 17.24843 17.27166 17.29017 17.3004 17.30119 17.29292 17.27363 17.2504 17.21891 17.17757 17.12836 17.06812 17.00276 16.92993 16.85198 16.77324 16.68702 16.59843 16.5067 16.41221 16.31812 16.21969 16.11497 16.00591 15.8941 15.77835 15.66024 15.5445 15.43623 15.3319 15.22954 15.12442 15.01103 14.88505 14.73938 14.57717 14.40394 14.22127 14.03308 13.84331 13.65276 13.46457 13.28386 13.10434 12.91221 12.75079 12.61733 12.54016 -9999 -9999 -9999 -9999 -9999 -9999 -9999 -9999 -9999
16.68977 16.70828 16.7319 16.75985 16.79568 16.82796 16.86379 16.89843 16.92954 16.96221 16.99332 17.0193 17.04056 17.05552 17.0693 17.07245 17.06773 17.0504 17.02639 16.99922 16.96339 16.91891 16.86615 16.80473 16.73741 16.66379 16.58938 16.51182 16.42599 16.33583 16.24292 16.14765 16.04922 15.94883 15.84292 15.73426 15.62521 15.51536 15.40198 15.2945 15.18898 15.08387 14.97717 14.863 14.74174 14.60749 14.45591 14.29174 14.11812 13.93977 13.76024 13.57835 13.39804 13.23623 13.09804 12.92363 12.74056 12.61182 12.5193 -9999 -9999 -9999 -9999 -9999 -9999 -9999 -9999 -9999 -9999
16.58032 16.5878 16.6004 16.61615 16.63347 16.65906 16.6819 16.70828 16.72875 16.75001 16.77009 16.78741 16.79804 16.80513 16.80906 16.80946 16.79725 16.77166 16.74331 16.70946 16.67088 16.62284 16.56694 16.50198 16.43347 16.36143 16.29016 16.21221 16.12914 16.04095 15.94765 15.85513 15.75906 15.6567 15.55198 15.44646 15.34095 15.23702 15.13072 15.02481 14.91733 14.81143 14.70001 14.57914 14.45001 14.31103 14.15827 13.9941 13.82402 13.65434 13.4819 13.31142 13.16024 13.07363 -9999 -9999 12.61379 -9999 -9999 -9999 -9999 -9999 -9999 -9999 -9999 -9999 -9999 -9999 -9999
16.44607 16.4382 16.43741 16.44135 16.44686 16.45434 16.47009 16.4815 16.4941 16.50749 16.51851 16.52245 16.52678 16.52599 16.52166 16.51143 16.49253 16.46182 16.42678 16.3878 16.3445 16.29056 16.22993 16.16497 16.09528 16.02402 15.95119 15.87363 15.79095 15.70473 15.61654 15.52442 15.42914 15.33465 15.23229 15.13111 15.03269 14.93111 14.82914 14.72324 14.61772 14.51024 14.39292 14.27009 14.1382 13.99607 13.84568 13.68505 13.52324 13.36182 13.20197 13.05394 12.98662 12.94646 -9999 -9999 -9999 -9999 -9999 -9999 -9999 -9999 -9999 -9999 -9999 -9999 -9999 -9999 -9999
16.28544 16.26221 16.24725 16.24095 16.23544 16.22875 16.22875 16.23426 16.23702 16.23899 16.24292 16.24213 16.23505 16.2256 16.21064 16.19095 16.15946 16.12639 16.08426 16.0382 15.98899 15.93032 15.86654 15.79646 15.72639 15.65355 15.5752 15.49646 15.41261 15.32835 15.24568 15.15591 15.06891 14.97796 14.8815 14.78544 14.69253 14.59765 14.49725 14.3941 14.2882 14.17914 14.06418 13.94135 13.80788 13.66772 13.52087 13.37009 13.2193 13.06969 12.92481 12.87757 12.83268 -9999 -9999 -9999 -9999 -9999 -9999 -9999 -9999 -9999 -9999 -9999 -9999 -9999 -9999 -9999 -9999
16.1004 16.06576 16.03977 16.01969 16.0004 15.98584 15.97717 15.96772 15.963 15.9567 15.95276 15.94607 15.93032 15.90906 15.88465 15.84883 15.81103 15.76851 15.7193 15.66536 15.60788 15.5445 15.47599 15.40473 15.33347 15.25434 15.17481 15.09135 15.00906 14.92953 14.84843 14.76969 14.68505 14.59843 14.50828 14.41969 14.32993 14.23938 14.1445 14.04489 13.94331 13.8319 13.72087 13.59883 13.46694 13.33426 13.19607 13.05394 12.91536 12.77717 12.75158 12.70158 -9999 -9999 -9999 -9999 -9999 -9999 -9999 -9999 -9999 -9999 -9999 -9999 -9999 -9999 -9999 -9999 -9999
15.89922 15.84725 15.80985 15.77796 15.74961 15.7252 15.70316 15.68859 15.67324 15.66064 15.64371 15.62639 15.60552 15.57993 15.54331 15.49568 15.44961 15.39528 15.33898 15.27796 15.21024 15.13938 15.06772 14.99568 14.92402 14.84292 14.75906 14.67639 14.59646 14.52166 14.44646 14.3693 14.29056 14.20749 14.12599 14.03898 13.95434 13.86851 13.77757 13.68387 13.5819 13.47875 13.36654 13.24922 13.12481 13.0004 12.87402 12.74489 12.61497 12.59292 12.55512 -9999 -9999 -9999 -9999 -9999 -9999 -9999 -9999 -9999 -9999 -9999 -9999 -9999 -9999 -9999 -9999 -9999 -9999
15.67717 15.61379 15.56221 15.51891 15.47954 15.44646 15.41457 15.39213 15.36654 15.34174 15.31576 15.2878 15.26024 15.22678 15.17875 15.12954 15.0752 15.01458 14.94804 14.87875 14.8067 14.7319 14.65591 14.58111 14.50828 14.42757 14.34489 14.26457 14.18702 14.11457 14.04253 13.97048 13.8941 13.81694 13.73623 13.6567 13.5752 13.49174 13.40512 13.31103 13.21654 13.11694 13.00985 12.89843 12.78898 12.67875 12.55827 12.4441 12.41575 12.4004 -9999 -9999 -9999 -9999 -9999 -9999 -9999 -9999 -9999 -9999 -9999 -9999 -9999 -9999 -9999 -9999 -9999 -9999 -9999
15.44017 15.36694 15.30316 15.24686 15.19607 15.15119 15.11576 15.08032 15.0445 15.00867 14.97245 14.93387 14.89725 14.85631 14.8067 14.75119 14.6878 14.62402 14.55552 14.4819 14.40749 14.32835 14.24922 14.17245 14.09568 14.01576 13.93741 13.85906 13.78465 13.71379 13.64528 13.57363 13.50237 13.42717 13.3504 13.27402 13.19489 13.11261 13.02678 12.94213 12.84922 12.75709 12.65709 12.56182 12.4882 12.41142 12.28583 12.23111 12.23505 -9999 -9999 -9999 -9999 -9999 -9999 -9999 -9999 -9999 -9999 -9999 -9999 -9999 -9999 -9999 -9999 -9999 -9999 -9999 -9999
15.19213 15.10749 15.03111 14.96418 14.90394 14.8504 14.80158 14.75591 14.71497 14.6693 14.62206 14.57717 14.52993 14.48268 14.42796 14.36615 14.29843 14.23111 14.16103 14.0878 14.01221 13.93347 13.85276 13.77009 13.69292 13.61497 13.53859 13.46182 13.38977 13.32127 13.25355 13.18544 13.11261 13.04056 12.96575 12.89174 12.81733 12.73544 12.65394 12.57402 12.48977 12.40355 12.32205 12.27757 12.27757 12.22914 12.10985 12.07166 -9999 -9999 -9999 -9999 -9999 -9999 -9999 -9999 -9999 -9999 -9999 -9999 -9999 -9999 -9999 -9999 -9999 -9999 -9999 -9999 -9999
14.9378 14.83898 14.75276 14.67481 14.60513 14.54371 14.48505 14.43072 14.38032 14.33111 14.27678 14.22087 14.16615 14.10788 14.04764 13.97914 13.90867 13.83702 13.76418 13.69253 13.61851 13.54174 13.46064 13.37678 13.3004 13.22402 13.14646 13.07245 13.0004 12.93111 12.863 12.79843 12.72796 12.65394 12.58505 12.51536 12.44253 12.36851 12.29292 12.21772 12.14449 12.07048 12.04134 12.07166 12.1315 -9999 11.97599 -9999 -9999 -9999 -9999 -9999 -9999 -9999 -9999 -9999 -9999 -9999 -9999 -9999 -9999 -9999 -9999 -9999 -9999 -9999 -9999 -9999 -9999
14.6752 14.56418 14.46694 14.38111 14.30473 14.23662 14.17009 14.10867 14.05001 13.99489 13.93268 13.86576 13.80079 13.73662 13.66772 13.59292 13.5189 13.44331 13.36851 13.29607 13.22481 13.14883 13.07048 12.99213 12.91654 12.84095 12.76418 12.6878 12.61536 12.54686 12.48032 12.41536 12.34764 12.27757 12.21024 12.14764 12.0815 12.01379 11.94686 11.87875 11.8126 11.76733 11.82481 11.91693 -9999 -9999 -9999 -9999 -9999 -9999 -9999 -9999 -9999 -9999 -9999 -9999 -9999 -9999 -9999 -9999 -9999 -9999 -9999 -9999 -9999 -9999 -9999 -9999 -9999
14.40709 14.28426 14.17914 14.08859 14.00749 13.93426 13.86142 13.79135 13.7256 13.66142 13.59213 13.51615 13.44056 13.37048 13.29489 13.21733 13.1382 13.05788 12.98072 12.90434 12.83072 12.75749 12.6819 12.60709 12.53426 12.46064 12.38701 12.31103 12.23938 12.17245 12.10946 12.04528 11.97993 11.91733 11.85237 11.79371 11.73505 11.67363 11.6126 11.55552 11.49568 11.48505 -9999 -9999 -9999 -9999 -9999 -9999 -9999 -9999 -9999 -9999 -9999 -9999 -9999 -9999 -9999 -9999 -9999 -9999 -9999 -9999 -9999 -9999 -9999 -9999 -9999 -9999 -9999
14.1382 14.01221 13.89843 13.80316 13.7193 13.64292 13.56261 13.48308 13.41064 13.33859 13.25985 13.17757 13.09686 13.01969 12.9378 12.8567 12.77363 12.6882 12.60591 12.52402 12.44607 12.37087 12.29764 12.22442 12.15473 12.08386 12.0126 11.94292 11.87717 11.81339 11.75237 11.69567 11.63347 11.57166 11.51536 11.45945 11.40552 11.35079 11.29646 11.24174 11.19804 11.21379 -9999 -9999 -9999 -9999 -9999 -9999 -9999 -9999 -9999 -9999 -9999 -9999 -9999 -9999 -9999 -9999 -9999 -9999 -9999 -9999 -9999 -9999 -9999 -9999 -9999 -9999 -9999
13.87205 13.74686 13.63032 13.5315 13.4441 13.35788 13.2756 13.19213 13.10709 13.02717 12.94331 12.85552 12.77048 12.68386 12.59961 12.51103 12.42166 12.33938 12.24804 12.16064 12.07678 12.0004 11.92757 11.85512 11.78662 11.71812 11.65079 11.58938 11.52993 11.47127 11.41615 11.36221 11.30749 11.25119 11.19607 11.14725 11.09607 11.04646 10.99922 10.95355 10.96339 10.98071 -9999 -9999 -9999 -9999 -9999 -9999 -9999 -9999 -9999 -9999 -9999 -9999 -9999 -9999 -9999 -9999 -9999 -9999 -9999 -9999 -9999 -9999 -9999 -9999 -9999 -9999 -9999
13.61536 13.48701 13.37087 13.2693 13.17402 13.08898 13.00079 12.90512 12.8126 12.7252 12.63741 12.54489 12.45079 12.36024 12.27009 12.17835 12.08859 11.99883 11.90827 11.81733 11.7315 11.65434 11.58111 11.50749 11.43977 11.37442 11.31064 11.25197 11.19922 11.14804 11.09449 11.04882 11.00237 10.9504 10.89882 10.8504 10.80788 10.7626 10.72127 10.73504 10.763 -9999 -9999 -9999 -9999 -9999 -9999 -9999 -9999 -9999 -9999 -9999 -9999 -9999 -9999 -9999 -9999 -9999 -9999 -9999 -9999 -9999 -9999 -9999 -9999 -9999 -9999 -9999 -9999
13.36772 13.23662 13.12048 13.01418 12.91812 12.82796 12.72993 12.62363 12.52481 12.42717 12.33032 12.23623 12.14056 12.0441 11.94764 11.85552 11.76654 11.67599 11.58701 11.49804 11.4126 11.3319 11.25906 11.18977 11.12245 11.05394 10.99568 10.93819 10.8878 10.84016 10.79843 10.7567 10.71142 10.6693 10.62284 10.57756 10.53504 10.5004 10.51221 10.54134 -9999 -9999 -9999 -9999 -9999 -9999 -9999 -9999 -9999 -9999 -9999 -9999 -9999 -9999 -9999 -9999 -9999 -9999 -9999 -9999 -9999 -9999 -9999 -9999 -9999 -9999 -9999 -9999 -9999
13.1252 12.99607 12.87796 12.76969 12.67048 12.56654 12.46103 12.34922 12.23583 12.1319 12.03544 11.93505 11.8319 11.73898 11.64135 11.54568 11.46024 11.37245 11.28701 11.20001 11.12048 11.0378 10.9626 10.89882 10.82993 10.76064 10.70001 10.65001 10.6004 10.55512 10.51536 10.48465 10.44764 10.4067 10.36575 10.32638 10.29095 10.29843 10.32953 -9999 -9999 -9999 -9999 -9999 -9999 -9999 -9999 -9999 -9999 -9999 -9999 -9999 -9999 -9999 -9999 -9999 -9999 -9999 -9999 -9999 -9999 -9999 -9999 -9999 -9999 -9999 -9999 -9999 -9999
12.88938 12.76024 12.63977 12.53308 12.42363 12.31457 12.19961 12.08308 11.9626 11.85631 11.75394 11.64961 11.55001 11.44804 11.35631 11.26418 11.17678 11.09292 11.01024 10.93032 10.85158 10.77205 10.69922 10.62717 10.56182 10.49961 10.43701 10.38426 10.33859 10.29567 10.26024 10.22953 10.20394 10.17087 10.13229 10.09922 10.10237 10.13819 -9999 -9999 -9999 -9999 -9999 -9999 -9999 -9999 -9999 -9999 -9999 -9999 -9999 -9999 -9999 -9999 -9999 -9999 -9999 -9999 -9999 -9999 -9999 -9999 -9999 -9999 -9999 -9999 -9999 -9999 -9999
12.66497 12.53386 12.413 12.30119 12.18583 12.07048 11.95355 11.82599 11.70788 11.59804 11.49331 11.38977 11.28465 11.18701 11.09371 11.00788 10.91969 10.83741 10.76103 10.68426 10.60434 10.52914 10.45591 10.38623 10.32363 10.2626 10.20434 10.15158 10.10552 10.06497 10.02993 10.00434 9.979532 9.953942 9.923627 9.90473 9.939375 -9999 -9999 -9999 -9999 -9999 -9999 -9999 -9999 -9999 -9999 -9999 -9999 -9999 -9999 -9999 -9999 -9999 -9999 -9999 -9999 -9999 -9999 -9999 -9999 -9999 -9999 -9999 -9999 -9999 -9999 -9999 -9999
12.45197 12.32127 12.19843 12.08111 11.95945 11.8378 11.713 11.58859 11.47008 11.35788 11.25237 11.14804 11.04843 10.95316 10.863 10.7756 10.69056 10.61339 10.53504 10.45906 10.38505 10.31064 10.23819 10.17205 10.11221 10.05237 9.999218 9.950398 9.903942 9.862603 9.831107 9.804729 9.781107 9.758273 9.736619 9.725989 -9999 -9999 -9999 -9999 -9999 -9999 -9999 -9999 -9999 -9999 -9999 -9999 -9999 -9999 -9999 -9999 -9999 -9999 -9999 -9999 -9999 -9999 -9999 -9999 -9999 -9999 -9999 -9999 -9999 -9999 -9999 -9999 -9999
12.24961 12.11812 11.99371 11.8693 11.74528 11.61575 11.49134 11.36693 11.24528 11.13426 11.03268 10.93347 10.83386 10.7441 10.65434 10.5689 10.48701 10.41063 10.33386 10.25985 10.19095 10.11812 10.04686 9.98032 9.920871 9.864965 9.814965 9.768903 9.72717 9.688981 9.657485 9.63032 9.606304 9.589375 9.57284 9.559454 -9999 -9999 -9999 -9999 -9999 -9999 -9999 -9999 -9999 -9999 -9999 -9999 -9999 -9999 -9999 -9999 -9999 -9999 -9999 -9999 -9999 -9999 -9999 -9999 -9999 -9999 -9999 -9999 -9999 -9999 -9999 -9999 -9999
