ASPA-UH-SWB2_REPO/input/Gridded_rain/prism_ppt_tutuila_30yr_normal_12.asc
ncols         350
nrows         200
xllcorner     515000
yllcorner     8409000
cellsize      100
NODATA_value  -9999
[rows 93 to 123 of 200, columns 69 to 137 of 350]
16.31733 16.42442 16.51851 16.59489 16.66064 16.71773 16.75788 16.79646 16.82481 16.84686 16.86418 16.87284 16.87954 16.88662 16.8941 16.9008 16.9067 16.91536 16.92481 16.93426 16.9441 16.95355 16.963 16.96891 16.97087 16.96812 16.96418 16.96221 16.95867 16.94607 16.93347 16.91576 16.89528 16.87009 16.84528 16.81969 16.79568 16.76694 16.7378 16.713 16.68899 16.67048 16.65985 16.65473 16.65473 16.66182 16.67757 16.69883 16.7319 16.77048 16.81536 16.87678 16.95119 17.03308 17.12324 17.22009 17.33032 17.45395 17.57993 17.71497 17.85592 18.00355 18.16182 18.32284 18.48899 18.66103 18.84253 19.03308 19.23662
16.72166 16.82875 16.92363 17.00906 17.07914 17.12993 17.17363 17.20906 17.23977 17.26064 17.27363 17.28702 17.29135 17.29528 17.30001 17.30552 17.31103 17.31773 17.32442 17.3319 17.33938 17.34725 17.35552 17.36261 17.36261 17.36024 17.35788 17.35158 17.34292 17.32836 17.31536 17.29253 17.26654 17.23938 17.21025 17.18111 17.1504 17.12087 17.08977 17.05867 17.02875 17.00749 16.99489 16.98584 16.97993 16.98505 16.99529 17.01497 17.04332 17.07993 17.12678 17.18072 17.24647 17.32127 17.40473 17.49922 17.59883 17.71064 17.83072 17.95473 18.08426 18.22403 18.37284 18.52599 18.68347 18.84607 19.01773 19.20001 19.39568
17.12678 17.23702 17.33111 17.42009 17.48544 17.54056 17.58623 17.62048 17.64686 17.66891 17.6819 17.69017 17.7008 17.70198 17.70395 17.70592 17.70867 17.71221 17.71655 17.72127 17.72717 17.73584 17.74214 17.74804 17.74883 17.74686 17.74489 17.7378 17.72363 17.70946 17.69292 17.66969 17.63898 17.60592 17.57284 17.54017 17.50591 17.47048 17.43583 17.39883 17.3634 17.33938 17.32284 17.30985 17.30158 17.30001 17.30906 17.32166 17.34489 17.3819 17.42245 17.47442 17.52954 17.59371 17.67009 17.75395 17.84725 17.94607 18.0571 18.17324 18.28977 18.41851 18.55788 18.70237 18.84686 18.99922 19.16536 19.33741 19.51891
17.52954 17.63938 17.73741 17.81812 17.88702 17.94213 17.98584 18.02363 18.0504 18.06655 18.08111 18.09017 18.09489 18.09922 18.1004 18.09962 18.09962 18.10001 18.10158 18.10434 18.113 18.12088 18.12717 18.12836 18.12954 18.12717 18.12127 18.11497 18.1008 18.08387 18.06418 18.03977 18.00788 17.97127 17.93308 17.89489 17.85631 17.81379 17.77363 17.73347 17.69253 17.66339 17.64214 17.62442 17.61379 17.60906 17.61103 17.62087 17.64174 17.67127 17.70867 17.74883 17.79607 17.85355 17.91851 17.99056 18.07127 18.163 18.26182 18.35985 18.46891 18.58662 18.7134 18.84568 18.97757 19.11891 19.27048 19.43151 19.6004
17.9256 18.03229 18.12993 18.21182 18.27836 18.33111 18.37599 18.41497 18.44332 18.45788 18.47009 18.47875 18.48426 18.48544 18.48584 18.48584 18.48505 18.48269 18.4819 18.48584 18.49292 18.50355 18.5071 18.50788 18.50591 18.50119 18.49332 18.48387 18.4693 18.44922 18.42836 18.40316 18.36851 18.32875 18.28544 18.24174 18.19607 18.15198 18.10355 18.05788 18.01497 17.97954 17.95355 17.93032 17.91418 17.90513 17.90395 17.91143 17.92245 17.9508 17.97993 18.01221 18.04962 18.09568 18.14922 18.20985 18.27875 18.35395 18.43741 18.5256 18.62009 18.72245 18.83544 18.9508 19.07442 19.20277 19.33662 19.48426 19.64253
18.30906 18.41536 18.51025 18.5941 18.66182 18.713 18.75828 18.79647 18.82324 18.84056 18.84883 18.85552 18.86064 18.86143 18.85985 18.86103 18.85946 18.85631 18.85592 18.85749 18.863 18.87166 18.87796 18.87599 18.87088 18.86576 18.85906 18.8445 18.82796 18.80749 18.78308 18.75434 18.71812 18.67481 18.62914 18.57993 18.52757 18.47639 18.42718 18.37324 18.32914 18.28859 18.25513 18.22678 18.20316 18.19017 18.18387 18.18269 18.19332 18.21103 18.23466 18.25906 18.28662 18.32009 18.36182 18.40867 18.46221 18.52284 18.58899 18.66576 18.74253 18.82836 18.92521 19.02678 19.13072 19.24489 19.36773 19.49883 19.64174
18.67481 18.78269 18.87836 18.96615 19.03426 19.08741 19.12993 19.16615 19.19135 19.20749 19.21576 19.21969 19.22088 19.22048 19.22245 19.22127 19.21851 19.21655 19.21497 19.21458 19.21733 19.22403 19.2256 19.2256 19.22127 19.21576 19.20631 19.19174 19.17206 19.14922 19.12284 19.09095 19.05237 19.00749 18.95867 18.90552 18.8508 18.79332 18.73741 18.68229 18.62875 18.58623 18.54568 18.51064 18.48229 18.45946 18.44607 18.43938 18.44292 18.45316 18.46733 18.4819 18.49843 18.52088 18.55119 18.58269 18.62088 18.663 18.71497 18.77206 18.83741 18.9067 18.98308 19.06576 19.15513 19.25198 19.36025 19.47521 19.60316
19.02757 19.13544 19.23229 19.31969 19.3882 19.44292 19.48623 19.51891 19.54253 19.55631 19.563 19.56576 19.56655 19.56458 19.56379 19.56143 19.56064 19.55749 19.55474 19.55316 19.55395 19.55631 19.55867 19.5567 19.55316 19.54607 19.53426 19.51891 19.49607 19.47009 19.44489 19.40907 19.36812 19.32127 19.2697 19.21536 19.15946 19.09883 19.03623 18.97521 18.91773 18.86891 18.82245 18.78072 18.74607 18.71655 18.69607 18.68151 18.67718 18.67718 18.67875 18.68072 18.68584 18.69765 18.71221 18.73032 18.7508 18.77639 18.80985 18.85237 18.89962 18.95119 19.00867 19.07245 19.14292 19.22324 19.31379 19.41615 19.52639
19.36064 19.47009 19.56615 19.65198 19.72048 19.7756 19.81851 19.85159 19.87363 19.88505 19.89056 19.89017 19.89174 19.8882 19.88465 19.88347 19.88033 19.87639 19.87403 19.87324 19.87166 19.87127 19.87442 19.87166 19.86576 19.8571 19.84253 19.82285 19.8004 19.77402 19.74568 19.70749 19.6634 19.61576 19.56221 19.50749 19.44804 19.38781 19.32166 19.25631 19.19332 19.13505 19.08308 19.03623 18.9945 18.95985 18.93229 18.91025 18.89568 18.88662 18.87284 18.85985 18.85159 18.84883 18.85001 18.85159 18.85631 18.86143 18.87678 18.9008 18.92914 18.96143 18.99922 19.04529 19.09804 19.15788 19.23269 19.3193 19.413
19.66615 19.77718 19.87639 19.95828 20.026 20.0819 20.12836 20.16103 20.18229 20.19332 20.19725 20.19607 20.19332 20.19174 20.18584 20.18505 20.18032 20.17678 20.1756 20.17166 20.17048 20.17127 20.17048 20.16733 20.15907 20.14883 20.13308 20.11222 20.08859 20.06379 20.03151 19.99056 19.94371 19.89214 19.83741 19.78032 19.7193 19.65552 19.59056 19.52009 19.45001 19.38623 19.32796 19.27402 19.22678 19.18623 19.15119 19.12284 19.09843 19.07599 19.0504 19.02166 18.99725 18.97757 18.96261 18.95119 18.93623 18.92245 18.91733 18.92048 18.92954 18.94253 18.96025 18.98702 19.02088 19.06458 19.12088 19.1882 19.26497
19.94214 20.05434 20.15158 20.23466 20.30159 20.363 20.41103 20.44568 20.46536 20.47521 20.47836 20.47875 20.47718 20.47324 20.46891 20.46418 20.46143 20.45828 20.45631 20.45355 20.4508 20.45001 20.4445 20.44135 20.43348 20.42285 20.40946 20.38938 20.36733 20.34292 20.3071 20.2634 20.21261 20.15907 20.10001 20.03623 19.97245 19.90592 19.83702 19.763 19.68977 19.6193 19.55513 19.4945 19.44095 19.39371 19.34804 19.31221 19.28072 19.2445 19.20592 19.16458 19.12363 19.08544 19.05316 19.02206 18.99135 18.9567 18.9319 18.91379 18.90237 18.89371 18.89489 18.90119 18.91536 18.94253 18.97914 19.02757 19.0882
20.18623 20.29725 20.39686 20.48072 20.55474 20.613 20.66418 20.70119 20.72048 20.72954 20.73151 20.73623 20.73663 20.73072 20.72757 20.72088 20.71891 20.71733 20.713 20.71182 20.70907 20.70237 20.70001 20.69332 20.68741 20.68111 20.66851 20.65316 20.6319 20.60631 20.57166 20.52324 20.47088 20.41182 20.34962 20.28072 20.20788 20.13702 20.06418 19.98662 19.91064 19.83466 19.7634 19.69765 19.63702 19.57875 19.52875 19.48072 19.43505 19.39174 19.34214 19.28623 19.22639 19.17048 19.11773 19.06458 19.01733 18.96694 18.91773 18.87875 18.84804 18.81969 18.79962 18.78741 18.78387 18.79253 18.80946 18.84135 18.88426
20.40198 20.51182 20.61418 20.70434 20.77324 20.83781 20.88977 20.92718 20.94647 20.95552 20.96143 20.96576 20.96891 20.96182 20.95434 20.95237 20.94962 20.94607 20.94411 20.94371 20.93584 20.93229 20.92836 20.92167 20.92048 20.91891 20.91025 20.89411 20.87639 20.85237 20.81615 20.76576 20.71025 20.65119 20.58544 20.51025 20.42993 20.35159 20.27363 20.19411 20.11025 20.03229 19.95592 19.88111 19.81025 19.74568 19.68702 19.63111 19.57048 19.51733 19.45395 19.38229 19.3071 19.22993 19.15513 19.08584 19.01891 18.94843 18.88072 18.82127 18.76773 18.72009 18.67796 18.64686 18.62717 18.61654 18.62009 18.63111 18.65749
20.58308 20.69647 20.79922 20.88859 20.963 21.02836 21.08269 21.11891 21.14332 21.1571 21.16379 21.16379 21.16379 21.163 21.15631 21.15159 21.14962 21.14725 21.14686 21.14056 21.13781 21.13269 21.12796 21.12757 21.12875 21.13072 21.12718 21.11418 21.09568 21.07127 21.03466 20.98466 20.92914 20.87048 20.8008 20.72206 20.63781 20.55198 20.46497 20.37836 20.29214 20.20788 20.12521 20.04253 19.9634 19.89371 19.82718 19.75552 19.69292 19.62166 19.54292 19.45749 19.363 19.26576 19.17245 19.08623 18.99568 18.90788 18.82481 18.74371 18.66615 18.59765 18.53505 18.48544 18.44725 18.42009 18.40591 18.40355 18.41064
20.73033 20.8445 20.94686 21.03544 21.11261 21.17914 21.23308 21.27678 21.30552 21.32088 21.32954 21.33072 21.32993 21.3256 21.32206 21.3197 21.31852 21.31733 21.31182 21.30749 21.3067 21.30474 21.30119 21.30474 21.31261 21.31773 21.31615 21.30513 21.28702 21.26261 21.226 21.17639 21.12009 21.05867 20.98899 20.91025 20.82324 20.72915 20.63702 20.54214 20.45041 20.36222 20.27048 20.18072 20.09686 20.02048 19.94411 19.86812 19.78859 19.70434 19.61103 19.50591 19.39528 19.28269 19.1693 19.0571 18.95395 18.84607 18.74489 18.64174 18.54686 18.45867 18.37757 18.30906 18.25277 18.20592 18.17678 18.15867 18.15513
20.84489 20.95473 21.05552 21.14922 21.22639 21.29174 21.34647 21.39529 21.43072 21.45119 21.4571 21.46182 21.46103 21.45789 21.4571 21.45513 21.45277 21.44962 21.44765 21.44686 21.44607 21.44214 21.44844 21.45789 21.46773 21.47757 21.47796 21.46891 21.4508 21.42639 21.39135 21.33899 21.2819 21.21812 21.14765 21.06773 20.97954 20.88505 20.78623 20.68426 20.58505 20.48859 20.39529 20.29962 20.21064 20.12166 20.03741 19.95355 19.86222 19.76261 19.65355 19.53111 19.40158 19.27166 19.13899 19.01103 18.88623 18.76418 18.64017 18.52324 18.41418 18.30985 18.21261 18.12521 18.04804 17.98859 17.93662 17.90473 17.88741
20.92088 21.02875 21.12993 21.22088 21.30198 21.36891 21.42599 21.47521 21.51576 21.53977 21.55159 21.55474 21.55513 21.55513 21.55592 21.55552 21.55119 21.55119 21.55316 21.55513 21.55355 21.5571 21.56733 21.58033 21.59489 21.60867 21.61143 21.60316 21.58584 21.56222 21.52521 21.47678 21.41576 21.34922 21.27914 21.19725 21.10946 21.01458 20.90867 20.80119 20.69607 20.59489 20.49647 20.39686 20.29883 20.20355 20.10749 20.01103 19.90788 19.79922 19.67166 19.5319 19.38623 19.2378 19.09174 18.94489 18.80434 18.66615 18.53229 18.40237 18.27914 18.16103 18.0504 17.94568 17.85316 17.76812 17.70237 17.64843 17.61654
20.95513 21.0634 21.16261 21.25395 21.33426 21.40474 21.46458 21.51655 21.55985 21.59056 21.60395 21.61103 21.61694 21.61812 21.61891 21.6197 21.62166 21.62521 21.62993 21.63426 21.63899 21.64489 21.6567 21.67481 21.69411 21.70828 21.7134 21.70631 21.69371 21.6693 21.63348 21.58544 21.5256 21.45789 21.38348 21.30316 21.21182 21.11261 21.00631 20.89332 20.78151 20.67639 20.57285 20.46812 20.36222 20.25828 20.15158 20.04292 19.93151 19.80867 19.66497 19.51064 19.35001 19.18662 19.02324 18.86261 18.70985 18.56458 18.41773 18.27836 18.14332 18.01418 17.88898 17.77166 17.66339 17.56339 17.47324 17.40316 17.34725
20.9508 21.0567 21.15434 21.24371 21.32836 21.39883 21.45985 21.51655 21.56576 21.60119 21.62127 21.63348 21.64174 21.64489 21.65001 21.65395 21.65985 21.66655 21.6756 21.68426 21.69253 21.7008 21.71576 21.73781 21.75946 21.77442 21.78269 21.77993 21.76615 21.74568 21.7134 21.66458 21.6067 21.53977 21.4634 21.37914 21.28702 21.18466 21.07481 20.95946 20.84607 20.73505 20.62481 20.51537 20.40395 20.28899 20.17127 20.05355 19.93229 19.79253 19.63781 19.46969 19.29214 19.11261 18.93702 18.76851 18.6067 18.44568 18.29253 18.14292 17.99765 17.85867 17.72403 17.59607 17.47717 17.363 17.25788 17.16576 17.0945
20.90867 21.01221 21.10513 21.19489 21.27521 21.34962 21.41379 21.47363 21.52914 21.57206 21.60159 21.62127 21.63111 21.63899 21.64765 21.65631 21.66615 21.67599 21.68781 21.69844 21.71103 21.72363 21.74135 21.76497 21.78781 21.8067 21.81694 21.81773 21.80749 21.78702 21.76025 21.7134 21.65474 21.58938 21.51379 21.4256 21.32993 21.22757 21.11655 21.00001 20.88466 20.77009 20.65434 20.53899 20.42127 20.29765 20.17285 20.04686 19.90867 19.7567 19.5878 19.40395 19.21418 19.02363 18.83505 18.65907 18.48662 18.31615 18.15277 17.99292 17.83741 17.68977 17.54765 17.41339 17.28584 17.16339 17.04725 16.94174 16.85592
20.82915 20.92796 21.01891 21.10552 21.18387 21.25985 21.32678 21.38859 21.44962 21.50277 21.54292 21.5697 21.58702 21.6004 21.61103 21.62324 21.6382 21.65237 21.66418 21.68033 21.69489 21.71143 21.73072 21.75395 21.78072 21.80513 21.81812 21.82166 21.81458 21.79922 21.7697 21.72757 21.67206 21.60513 21.53033 21.44253 21.34529 21.24135 21.13229 21.01458 20.89568 20.77836 20.66143 20.53977 20.41497 20.28584 20.15237 20.01497 19.86458 19.69962 19.51536 19.31733 19.11615 18.91576 18.72127 18.53347 18.35316 18.17599 17.99922 17.82796 17.66694 17.51064 17.35985 17.22009 17.08702 16.95434 16.83505 16.7256 16.63032
20.71222 20.80788 20.89489 20.97875 21.06182 21.13426 21.20237 21.26812 21.33387 21.39411 21.44056 21.47757 21.50749 21.526 21.54174 21.55946 21.57639 21.5945 21.61222 21.62836 21.64765 21.66576 21.68623 21.71064 21.74096 21.7697 21.78781 21.79371 21.78938 21.77639 21.74922 21.70789 21.65434 21.59017 21.51694 21.42915 21.33348 21.22915 21.11615 21.0008 20.8819 20.76221 20.64174 20.51537 20.38505 20.24922 20.1067 19.95946 19.79844 19.61851 19.42009 19.21222 18.99962 18.79253 18.59174 18.39607 18.2071 18.01812 17.83308 17.65591 17.48466 17.32206 17.16772 17.01891 16.87639 16.74568 16.62324 16.51143 16.41261
20.56222 20.65434 20.7382 20.81733 20.90237 20.97954 21.04804 21.11418 21.17993 21.24332 21.29883 21.34765 21.38505 21.41261 21.43899 21.4634 21.48426 21.50631 21.52875 21.54883 21.57166 21.59332 21.61222 21.63899 21.67127 21.70119 21.72363 21.73426 21.73229 21.7197 21.69765 21.65907 21.60592 21.54489 21.47285 21.38741 21.29214 21.1882 21.07599 20.95907 20.83978 20.72127 20.59568 20.46655 20.33033 20.18584 20.03781 19.8819 19.70788 19.51182 19.30434 19.08623 18.86654 18.65158 18.4445 18.24174 18.04371 17.84371 17.65316 17.47206 17.29568 17.12678 16.96773 16.81458 16.67048 16.53623 16.41458 16.30316 16.20276
20.3819 20.46852 20.54922 20.62757 20.70749 20.78584 20.85552 20.92127 20.9882 21.05355 21.11694 21.17167 21.22048 21.263 21.29765 21.32718 21.35907 21.38899 21.41497 21.44056 21.46694 21.49096 21.51458 21.54017 21.57088 21.60159 21.62678 21.63899 21.64135 21.63426 21.61615 21.57836 21.52914 21.47088 21.4004 21.31812 21.22206 21.12048 21.013 20.89411 20.77481 20.65513 20.52639 20.39371 20.25159 20.10277 19.94765 19.78269 19.59489 19.38977 19.16655 18.94056 18.71458 18.49529 18.28347 18.07284 17.8634 17.66143 17.46694 17.27914 17.09922 16.92914 16.763 16.60946 16.46812 16.33229 16.21025 16.10198 16.0004
20.17166 20.25434 20.33111 20.4071 20.47954 20.55237 20.62166 20.68938 20.75749 20.8256 20.88977 20.95552 21.01655 21.0693 21.11694 21.1571 21.19686 21.23505 21.2697 21.30119 21.33111 21.36222 21.39174 21.41537 21.44096 21.47088 21.49607 21.51261 21.5197 21.51655 21.49962 21.46812 21.42285 21.36655 21.29962 21.2193 21.12718 21.03072 20.92363 20.81025 20.69135 20.56536 20.43702 20.29647 20.1504 20.0008 19.83938 19.66064 19.4634 19.24292 19.01654 18.77875 18.54804 18.32363 18.1067 17.89095 17.67993 17.47284 17.27521 17.08229 16.89883 16.72481 16.56221 16.40709 16.26379 16.13505 16.01497 15.90355 15.80867
19.92836 20.00985 20.08229 20.15198 20.22521 20.29095 20.35473 20.42048 20.48899 20.55788 20.63072 20.70277 20.77088 20.83584 20.89765 20.95237 21.00119 21.05001 21.09253 21.12875 21.16537 21.20631 21.23584 21.26182 21.29017 21.31615 21.33899 21.35828 21.37088 21.36852 21.35789 21.32954 21.28544 21.23269 21.17088 21.09371 21.00946 20.91497 20.81458 20.70395 20.58544 20.45631 20.32481 20.18387 20.03505 19.87757 19.70788 19.52127 19.31025 19.08466 18.84765 18.6071 18.36812 18.14135 17.91812 17.70395 17.4878 17.27993 17.07442 16.88229 16.69725 16.52087 16.35788 16.20473 16.06536 15.94095 15.82402 15.71733 15.6256
19.64135 19.72088 19.79844 19.87048 19.94056 20.00552 20.06851 20.13269 20.19922 20.26891 20.34135 20.41733 20.4945 20.57127 20.64411 20.70985 20.77127 20.82718 20.87914 20.92324 20.96733 21.01025 21.0504 21.08269 21.11222 21.13899 21.16418 21.18426 21.19489 21.19883 21.18859 21.16379 21.12363 21.07481 21.01576 20.94292 20.863 20.77757 20.68033 20.57127 20.45277 20.32914 20.19371 20.05316 19.9008 19.73741 19.55788 19.35907 19.13859 18.9067 18.66694 18.42402 18.18151 17.94725 17.72324 17.50119 17.29017 17.07481 16.87481 16.67914 16.49371 16.31812 16.15709 16.01064 15.87639 15.74922 15.64135 15.54253 15.44804
19.31025 19.39489 19.47639 19.55158 19.62048 19.69017 19.75985 19.8256 19.89214 19.96143 20.03347 20.10946 20.18859 20.27403 20.3571 20.43662 20.50473 20.56851 20.62718 20.68033 20.7319 20.78584 20.83466 20.876 20.90907 20.94056 20.96812 20.99017 21.00159 21.00237 20.99607 20.97403 20.93938 20.89371 20.83978 20.77442 20.69844 20.61536 20.52206 20.41458 20.29804 20.17678 20.04411 19.9004 19.74647 19.57403 19.38426 19.17245 18.94922 18.71694 18.47481 18.23072 17.98584 17.74607 17.51812 17.29528 17.07599 16.8693 16.66497 16.47324 16.28938 16.12048 15.96379 15.82048 15.68898 15.56772 15.463 15.36733 15.27993
18.95592 19.03781 19.11536 19.19214 19.26733 19.34056 19.41182 19.48269 19.55277 19.62403 19.69765 19.77639 19.86222 19.9504 20.04056 20.12521 20.2071 20.28032 20.34607 20.4071 20.46812 20.52914 20.58781 20.63702 20.68033 20.71891 20.74922 20.77127 20.78348 20.78977 20.78466 20.76576 20.73544 20.69529 20.64607 20.58662 20.51694 20.43584 20.34292 20.2382 20.12363 20.00355 19.87284 19.72599 19.5634 19.38584 19.18623 18.97285 18.7445 18.5134 18.27402 18.02836 17.78269 17.54095 17.30709 17.08269 16.86615 16.65277 16.45749 16.26851 16.09095 15.9256 15.77363 15.63623 15.50946 15.39765 15.28938 15.20001 15.12284
18.57718 18.65473 18.7319 18.80592 18.88111 18.95395 19.02757 19.10237 19.17639 19.2508 19.32914 19.41694 19.50552 19.59962 19.69489 19.78938 19.88033 19.963 20.03899 20.11222 20.18111 20.25119 20.31379 20.3697 20.42285 20.46694 20.50355 20.53032 20.54804 20.55513 20.55395 20.54095 20.51655 20.48151 20.43662 20.38151 20.31773 20.24174 20.14725 20.04647 19.93584 19.8134 19.67954 19.52796 19.35828 19.17206 18.97166 18.7567 18.53505 18.29962 18.06615 17.82127 17.5756 17.33269 17.09686 16.86969 16.64961 16.44646 16.2508 16.06733 15.89607 15.7378 15.59213 15.45788 15.33583 15.22639 15.13032 15.04725 14.9756
18.17718 18.25001 18.3256 18.39804 18.47009 18.5445 18.61969 18.6941 18.7693 18.84765 18.93347 19.02757 19.12442 19.21891 19.32009 19.42481 19.52442 19.61812 19.70867 19.7945 19.87442 19.94922 20.01773 20.07993 20.13663 20.18702 20.23151 20.26615 20.28781 20.3008 20.30513 20.29844 20.27993 20.25159 20.21182 20.16182 20.10119 20.02875 19.93977 19.83938 19.72914 19.60631 19.46773 19.30985 19.13308 18.94371 18.74174 18.53229 18.31261 18.08505 17.84804 17.60867 17.36536 17.12363 16.8878 16.65788 16.44095 16.2378 16.04883 15.87324 15.71024 15.55749 15.41694 15.2878 15.17166 15.06733 14.97835 14.90276 14.84253
