ASPA-UH-SWB2_REPO/input/Gridded_rain/prism_ppt_tutuila_30yr_normal_11.asc
ncols         350
nrows         200
xllcorner     515000
yllcorner     8409000
cellsize      100
NODATA_value  -9999
[rows 62 to 92 of 200, columns 276 to 344 of 350]
10.16733 10.10079 10.03898 9.967328 9.901186 9.821265 9.713784 9.584651 9.474414 9.399218 9.350792 9.310241 9.283075 9.261422 9.240556 9.217327 9.190556 9.160635 9.122839 9.088194 9.050399 9.010241 8.968509 8.93032 8.884256 8.835438 8.777957 8.716933 8.655517 8.59843 8.546461 8.484257 8.41654 8.342131 8.253942 8.167721 8.078351 7.988587 7.893705 7.796461 7.700004 7.60709 7.515752 7.426775 7.337799 7.24961 7.176775 7.11024 7.073626 7.04961 -9999 -9999 -9999 -9999 -9999 -9999 -9999 -9999 -9999 -9999 -9999 -9999 -9999 -9999 -9999 -9999 -9999 -9999 -9999
10.12717 10.07245 10.00867 9.945674 9.874021 9.794494 9.674415 9.545674 9.447642 9.38032 9.327957 9.287406 9.256698 9.235044 9.214572 9.185831 9.158666 9.126383 9.0878 9.044493 9.000399 8.95591 8.914572 8.865752 8.817721 8.764965 8.707091 8.640162 8.579138 8.525989 8.468902 8.405123 8.332682 8.253942 8.166146 8.079138 7.992918 7.906303 7.814965 7.722051 7.634256 7.547642 7.465358 7.389768 7.314177 7.238586 7.176775 7.140161 7.125594 7.124413 -9999 -9999 -9999 -9999 -9999 -9999 -9999 -9999 -9999 -9999 -9999 -9999 -9999 -9999 -9999 -9999 -9999 -9999 -9999
10.08426 10.0252 9.966146 9.906304 9.836619 9.732288 9.613391 9.493312 9.400398 9.338588 9.286225 9.247249 9.21654 9.192131 9.163784 9.135438 9.106304 9.06654 9.026382 8.983075 8.933469 8.889375 8.838981 8.789374 8.7378 8.6815 8.620871 8.559059 8.493705 8.440949 8.390162 8.329532 8.258666 8.17835 8.091737 8.004334 7.915359 7.822839 7.738193 7.65591 7.572838 7.495279 7.424807 7.356697 7.296461 7.24213 7.208272 7.198429 7.197641 7.1815 -9999 -9999 -9999 -9999 -9999 -9999 -9999 -9999 -9999 -9999 -9999 -9999 -9999 -9999 -9999 -9999 -9999 -9999 -9999
10.01772 9.969296 9.913391 9.853942 9.779532 9.673233 9.54095 9.419296 9.340556 9.286619 9.233075 9.185044 9.155123 9.128745 9.100005 9.069296 9.031501 8.993312 8.948036 8.900004 8.856697 8.806304 8.753154 8.702367 8.650004 8.592131 8.532681 8.469296 8.408272 8.355909 8.310241 8.253942 8.186619 8.110634 8.027957 7.938587 7.847642 7.762996 7.679532 7.600791 7.526382 7.456697 7.398036 7.345279 7.305122 7.2815 7.27402 7.277563 7.261815 7.262996 -9999 -9999 -9999 -9999 -9999 -9999 -9999 -9999 -9999 -9999 -9999 -9999 -9999 -9999 -9999 -9999 -9999 -9999 -9999
9.936619 9.893706 9.847643 9.788588 9.711816 9.616147 9.477564 9.342918 9.270871 9.214178 9.157091 9.108273 9.072446 9.04528 9.016541 8.982288 8.944886 8.90591 8.860241 8.807878 8.758272 8.707878 8.656697 8.604335 8.550792 8.497643 8.438587 8.373627 8.32087 8.277563 8.233863 8.1815 8.119689 8.050398 7.974413 7.891737 7.807484 7.726776 7.644492 7.574019 7.509059 7.450791 7.403153 7.374413 7.356303 7.352366 7.361027 7.346067 7.333862 -9999 -9999 -9999 -9999 -9999 -9999 -9999 -9999 -9999 -9999 -9999 -9999 -9999 -9999 -9999 -9999 -9999 -9999 -9999 -9999
9.849217 9.808666 9.765359 9.714966 9.650005 9.551186 9.422839 9.286225 9.190949 9.132682 9.07284 9.017327 8.973233 8.943706 8.915359 8.880713 8.844493 8.80276 8.755516 8.706697 8.653547 8.600398 8.549611 8.497249 8.446067 8.394492 8.337406 8.281107 8.238194 8.200397 8.162996 8.116933 8.061028 7.999217 7.9315 7.862209 7.788193 7.71339 7.645673 7.582681 7.52835 7.487012 7.45709 7.442523 7.442523 7.448035 7.436224 7.412996 -9999 -9999 -9999 -9999 -9999 -9999 -9999 -9999 -9999 -9999 -9999 -9999 -9999 -9999 -9999 -9999 -9999 -9999 -9999 -9999 -9999
9.749218 9.717328 9.673233 9.621658 9.568115 9.485044 9.364178 9.228745 9.112603 9.042918 8.981894 8.920083 8.871658 8.833469 8.798036 8.764965 8.727564 8.688981 8.644493 8.592917 8.540556 8.489374 8.438981 8.387406 8.336225 8.285438 8.237012 8.194098 8.157484 8.12835 8.099216 8.057485 8.009453 7.957484 7.898823 7.840555 7.781894 7.72087 7.666539 7.616933 7.579138 7.551579 7.538193 7.536618 7.536224 7.523626 7.49646 -9999 -9999 -9999 -9999 -9999 -9999 -9999 -9999 -9999 -9999 -9999 -9999 -9999 -9999 -9999 -9999 -9999 -9999 -9999 -9999 -9999 -9999
9.642131 9.613785 9.566934 9.514572 9.464572 9.401186 9.292918 9.166934 9.036619 8.942524 8.882682 8.818902 8.764965 8.719689 8.676382 8.637799 8.60276 8.564571 8.51969 8.47087 8.421658 8.373233 8.323627 8.274414 8.225201 8.180713 8.143312 8.109847 8.083862 8.06654 8.037406 8.001579 7.964571 7.922445 7.874807 7.828351 7.781894 7.737012 7.696461 7.664177 7.640555 7.627563 7.627169 7.623232 7.612209 7.572445 -9999 -9999 -9999 -9999 -9999 -9999 -9999 -9999 8.277563 8.305516 8.337012 8.382682 -9999 -9999 -9999 -9999 -9999 -9999 -9999 -9999 -9999 -9999 -9999
9.528352 9.496462 9.444887 9.396068 9.344887 9.297643 9.218509 9.092131 8.961816 8.844099 8.77284 8.714571 8.65591 8.607091 8.559847 8.511028 8.471264 8.432288 8.387799 8.341737 8.29528 8.250792 8.20591 8.161028 8.119689 8.08465 8.057878 8.038587 8.023626 8.005122 7.978744 7.95276 7.925201 7.891737 7.856697 7.822051 7.787012 7.757878 7.729532 7.711421 7.702366 7.702366 7.69961 7.690949 -9999 -9999 -9999 -9999 -9999 -9999 8.191342 8.214177 8.264177 8.318902 8.355516 8.39528 8.435437 8.479138 8.528745 8.56339 8.579138 8.619296 -9999 -9999 -9999 -9999 -9999 -9999 -9999
9.403942 9.362603 9.312997 9.262997 9.219689 9.185044 9.126777 9.016147 8.891737 8.753154 8.657091 8.606303 8.555516 8.501579 8.447642 8.39843 8.349216 8.306303 8.261421 8.215753 8.172839 8.133469 8.096067 8.059847 8.029138 8.00591 7.98898 7.979138 7.965752 7.948429 7.931107 7.911815 7.890949 7.868508 7.840949 7.816539 7.794098 7.77835 7.762996 7.751579 7.75276 7.756697 7.753547 -9999 -9999 -9999 -9999 -9999 -9999 8.226382 8.24213 8.285438 8.351579 8.418115 8.471264 8.520477 8.561421 8.596855 8.629138 8.639375 8.645674 8.66339 8.694099 -9999 -9999 -9999 -9999 -9999 -9999
9.259848 9.215359 9.174808 9.130713 9.095674 9.064178 9.022446 8.940949 8.809847 8.677958 8.562997 8.499217 8.451579 8.400398 8.346854 8.294099 8.244493 8.196855 8.150791 8.106303 8.067327 8.033075 8.004334 7.979138 7.958272 7.942917 7.932288 7.923233 7.915359 7.902366 7.889374 7.876382 7.865752 7.851579 7.829138 7.812603 7.803154 7.793311 7.787405 7.785043 7.785831 7.789374 -9999 -9999 -9999 -9999 -9999 -9999 8.241343 8.268508 8.313784 8.382682 8.455122 8.52402 8.586225 8.635044 8.683469 8.719689 8.744099 8.751973 8.751579 8.746461 8.756698 8.772446 -9999 -9999 -9999 -9999 -9999
9.112209 9.073233 9.02717 8.998036 8.975988 8.942131 8.905517 8.849217 8.737406 8.612209 8.472839 8.391343 8.346067 8.300398 8.250398 8.200791 8.153547 8.104729 8.061815 8.022839 7.987012 7.957878 7.935043 7.916933 7.901973 7.891737 7.885044 7.876382 7.869689 7.862209 7.855122 7.853154 7.84961 -9999 7.817327 7.81024 -9999 7.804729 7.801579 -9999 -9999 -9999 -9999 -9999 -9999 -9999 -9999 8.230713 8.27087 8.324807 8.398036 8.469296 8.533863 8.594887 8.649217 8.703547 8.757092 8.803154 8.8378 8.859453 8.867328 8.859453 8.836225 8.830319 8.826383 -9999 -9999 -9999 -9999
8.957091 8.929532 8.901186 8.876776 8.853154 8.825595 8.791343 8.750399 8.664965 8.531894 8.404729 8.294099 8.240162 8.198429 8.15591 8.111815 8.064178 8.025201 7.987799 7.952366 7.920083 7.894492 7.879138 7.871657 7.861422 7.847248 7.838193 7.835043 7.829138 7.826776 7.827957 7.835043 -9999 -9999 -9999 -9999 -9999 -9999 -9999 -9999 -9999 -9999 -9999 -9999 -9999 -9999 8.202367 8.254728 8.314178 8.397642 8.465359 8.518115 8.56654 8.605123 8.642131 8.690949 8.748429 8.811421 8.868114 8.914178 8.947642 8.959847 8.941343 8.894099 8.881107 8.867328 -9999 -9999 -9999
8.820477 8.801973 8.78465 8.767721 8.739374 8.710634 8.67835 8.635831 8.580319 8.464965 8.341737 8.225595 8.127957 8.095674 8.059059 8.020082 7.982681 7.947248 7.914177 7.886618 7.861422 7.844099 7.841736 7.839768 7.830713 7.81339 7.796461 7.798036 7.790555 7.797248 7.803547 7.809453 -9999 -9999 -9999 -9999 -9999 -9999 -9999 -9999 -9999 -9999 -9999 -9999 -9999 8.166539 8.228351 8.294099 8.390162 8.46339 8.515359 8.549611 8.566146 8.579532 8.603154 8.637406 8.686225 8.751185 8.828745 8.907091 8.974808 9.018115 9.023626 8.991343 8.934257 8.913784 8.893312 -9999 -9999
8.714965 8.696855 8.676776 8.657091 8.632288 8.603941 8.570084 8.535044 8.492524 8.40906 8.288587 8.169295 8.059059 7.990161 7.959453 7.92835 7.896461 7.865752 7.840949 7.82087 7.804729 7.807091 7.808665 -9999 -9999 7.774414 7.76654 7.759059 7.760634 7.768114 7.77835 -9999 -9999 -9999 -9999 -9999 -9999 -9999 -9999 -9999 -9999 -9999 -9999 -9999 8.12835 8.192918 8.261815 8.368902 8.45906 8.521264 8.55591 8.564965 8.562997 8.566934 8.576777 8.59528 8.629138 8.681107 8.754335 8.850398 8.952761 9.030319 9.06969 9.060241 9.014571 8.95591 8.925989 8.902367 -9999
8.612996 8.597248 8.580319 8.557878 8.534256 8.505516 8.47402 8.438587 8.397642 8.353941 8.24528 8.121264 8.005516 7.907091 7.859453 7.835437 7.811028 7.790162 7.772445 7.759847 7.763783 7.771264 -9999 -9999 -9999 -9999 7.739374 -9999 7.737799 -9999 -9999 -9999 -9999 -9999 -9999 -9999 -9999 -9999 -9999 -9999 -9999 -9999 -9999 8.083862 8.140555 8.213784 8.332288 8.440162 8.518508 8.56339 8.575595 8.57087 8.57087 8.574807 8.576383 8.582682 8.597642 8.631894 8.691737 8.783075 8.896855 9.006698 9.079139 9.101974 9.078351 9.018902 8.958272 8.918902 -9999
8.52402 8.50591 8.487012 8.466539 8.443706 8.41654 8.383075 8.346461 8.307091 8.26654 8.200791 8.083862 7.962996 7.848035 7.769689 7.74528 7.727957 7.716146 7.705122 7.713783 7.731894 -9999 -9999 -9999 -9999 -9999 -9999 -9999 -9999 -9999 -9999 -9999 -9999 -9999 -9999 -9999 -9999 -9999 -9999 -9999 -9999 -9999 8.026382 8.074807 8.151973 8.266933 8.396461 8.500792 8.559847 8.581107 8.580319 8.579926 8.581894 8.583076 8.586225 8.5878 8.589768 8.605123 8.650004 8.730319 8.840556 8.961422 9.064965 9.118902 9.120871 9.075595 9.003942 8.941737 8.896461
8.44213 8.420871 8.401579 8.381106 8.358272 8.330319 8.300004 8.262997 8.223232 8.181107 8.138587 8.058271 7.934256 7.814571 7.711815 7.661815 7.653547 7.655122 7.661027 7.67835 -9999 -9999 -9999 -9999 -9999 -9999 -9999 -9999 -9999 -9999 -9999 -9999 -9999 -9999 -9999 -9999 -9999 -9999 -9999 -9999 -9999 7.985831 8.012997 8.073627 8.178744 8.31654 8.451579 8.5378 8.579926 8.587406 8.5878 8.589375 8.589768 8.591343 8.593311 8.592917 8.593705 8.599217 8.629532 8.693706 8.794099 8.917721 9.036225 9.119296 9.144887 9.117328 9.049611 8.972445 8.91221
8.367721 8.347248 8.325595 8.304335 8.280713 8.251185 8.22087 8.187012 8.148036 8.107878 8.068508 8.021264 7.91654 7.790949 7.672051 7.597248 7.592917 7.619689 7.635831 -9999 -9999 -9999 -9999 -9999 -9999 -9999 -9999 -9999 -9999 -9999 -9999 -9999 -9999 -9999 -9999 -9999 -9999 -9999 -9999 -9999 -9999 7.97402 8.005516 8.082682 8.204335 8.354335 8.485831 8.562209 8.5878 8.593311 8.594887 8.594493 8.594887 8.595674 8.596855 8.597642 8.599217 8.60591 8.623627 8.671658 8.760634 8.881894 9.00591 9.107485 9.157091 9.144099 9.082682 9.005123 8.932682
8.302366 8.282681 8.260241 8.2378 8.211815 8.182287 8.149217 8.118902 8.08465 8.044886 8.011027 7.971264 7.901973 7.773626 7.638193 7.565358 -9999 -9999 -9999 -9999 -9999 -9999 -9999 -9999 -9999 -9999 -9999 -9999 -9999 -9999 -9999 -9999 -9999 -9999 -9999 -9999 -9999 -9999 -9999 -9999 -9999 7.972445 8.002366 8.088587 8.224414 8.379138 8.507091 8.576383 8.594099 8.59528 8.596855 8.598824 8.599217 8.599217 8.599217 8.603548 8.609059 8.61654 8.627563 8.66221 8.739374 8.854729 8.981107 9.093311 9.161422 9.159847 9.104729 9.027957 8.953547
8.246067 8.225988 8.20276 8.179138 8.151579 8.120871 8.088981 8.060241 8.032681 8.002366 7.972051 7.935831 7.887012 7.795673 7.605122 -9999 -9999 -9999 -9999 -9999 -9999 -9999 -9999 -9999 -9999 -9999 -9999 -9999 -9999 -9999 -9999 -9999 -9999 -9999 -9999 -9999 -9999 -9999 -9999 -9999 -9999 7.972051 8.006697 8.091343 8.232287 8.389768 8.516933 8.579138 8.595674 8.597642 8.59843 8.600398 8.601973 8.603548 8.606697 8.61339 8.620083 8.626776 8.635438 8.661422 8.726382 8.83465 8.96339 9.082288 9.159847 9.166934 9.115753 9.040162 8.971265
8.201579 8.174414 8.151185 8.12717 8.099216 8.065752 8.03898 8.016933 8.000792 7.982287 -9999 -9999 -9999 -9999 -9999 -9999 -9999 -9999 -9999 -9999 -9999 -9999 -9999 -9999 -9999 -9999 -9999 -9999 -9999 -9999 -9999 -9999 -9999 -9999 -9999 -9999 -9999 -9999 -9999 -9999 -9999 -9999 8.029138 8.11024 8.226382 8.381106 8.512209 8.579138 8.596067 8.599217 8.60158 8.603941 8.607879 8.612603 8.618114 8.624021 8.629926 8.636225 8.642918 8.661816 8.718903 8.823627 8.954335 9.076777 9.158273 9.16654 9.11654 9.045674 8.984257
8.162602 8.135043 8.107485 8.0815 8.052366 8.024413 8.004728 7.992524 -9999 -9999 -9999 -9999 -9999 -9999 -9999 -9999 -9999 -9999 -9999 -9999 -9999 -9999 -9999 -9999 -9999 -9999 -9999 -9999 -9999 -9999 -9999 -9999 -9999 -9999 -9999 -9999 -9999 -9999 -9999 -9999 -9999 -9999 -9999 8.138193 8.241343 8.359453 8.496067 8.57402 8.59843 8.601973 8.606303 8.610635 8.615752 8.620871 8.626383 8.631894 8.637012 8.641737 8.644886 8.659847 8.717327 8.82402 8.954729 9.081895 9.157091 9.15906 9.106698 9.044099 8.995674
-9999 8.09843 8.071658 8.042523 8.021658 8.003548 -9999 -9999 -9999 -9999 -9999 -9999 -9999 -9999 -9999 -9999 -9999 -9999 -9999 -9999 -9999 -9999 -9999 -9999 -9999 -9999 -9999 -9999 -9999 -9999 -9999 -9999 -9999 -9999 -9999 -9999 -9999 -9999 -9999 -9999 -9999 -9999 -9999 -9999 8.260241 8.375595 8.469689 8.561421 8.599217 8.605123 8.607879 8.612603 8.617328 8.622051 8.62717 8.631894 8.635831 8.637799 8.640949 8.660634 8.72402 8.835438 8.972839 9.094493 9.15158 9.143312 9.095281 9.046067 -9999
-9999 -9999 8.040162 8.022052 8.007091 7.992524 -9999 -9999 -9999 -9999 -9999 -9999 -9999 -9999 -9999 -9999 -9999 -9999 -9999 -9999 -9999 -9999 -9999 -9999 -9999 -9999 -9999 -9999 -9999 -9999 -9999 -9999 -9999 -9999 -9999 -9999 -9999 -9999 -9999 -9999 -9999 -9999 -9999 -9999 -9999 8.375595 8.476382 8.529925 8.586618 8.60276 8.603548 8.606303 8.610241 8.614572 8.618902 8.623233 8.627563 8.63032 8.635831 8.667327 8.743706 8.865752 9.003154 9.103548 9.139769 9.123627 9.090162 9.058666 -9999
-9999 -9999 -9999 8.01969 -9999 -9999 -9999 -9999 -9999 -9999 -9999 -9999 -9999 -9999 -9999 -9999 -9999 -9999 -9999 -9999 -9999 -9999 -9999 -9999 -9999 -9999 -9999 -9999 -9999 -9999 -9999 -9999 -9999 -9999 -9999 -9999 -9999 -9999 -9999 -9999 -9999 -9999 -9999 -9999 -9999 -9999 8.462209 8.52717 8.555516 8.591343 8.600792 8.603941 8.607879 8.611422 8.615358 8.619296 8.623233 8.627957 8.642131 8.690162 8.783863 8.911816 9.030713 9.101974 9.120477 9.113391 9.087012 -9999 -9999
-9999 -9999 -9999 -9999 -9999 -9999 -9999 -9999 -9999 -9999 -9999 -9999 -9999 -9999 -9999 -9999 -9999 -9999 -9999 -9999 -9999 -9999 -9999 -9999 -9999 -9999 -9999 -9999 -9999 -9999 -9999 -9999 -9999 -9999 -9999 -9999 -9999 -9999 -9999 -9999 -9999 -9999 -9999 -9999 -9999 -9999 -9999 8.511815 8.548036 8.570477 8.599217 8.609059 8.612996 8.61654 8.61969 8.623233 8.62717 8.635831 8.667721 8.735437 8.840556 8.956697 9.044493 9.087406 9.109059 9.094493 -9999 -9999 -9999
-9999 -9999 -9999 -9999 -9999 -9999 -9999 -9999 -9999 -9999 -9999 -9999 -9999 -9999 -9999 -9999 -9999 -9999 -9999 -9999 -9999 -9999 -9999 -9999 -9999 -9999 -9999 -9999 -9999 -9999 -9999 -9999 -9999 -9999 -9999 -9999 -9999 -9999 -9999 -9999 -9999 -9999 -9999 -9999 -9999 -9999 -9999 -9999 8.537406 8.557878 8.578351 8.604729 8.617328 8.622445 8.626776 8.629926 8.637012 8.660241 8.712996 8.793705 8.892131 8.980713 9.037406 9.07717 9.081895 -9999 -9999 -9999 -9999
-9999 -9999 -9999 -9999 -9999 -9999 -9999 -9999 -9999 -9999 -9999 -9999 -9999 -9999 -9999 -9999 -9999 -9999 -9999 -9999 -9999 -9999 -9999 -9999 -9999 -9999 -9999 -9999 -9999 -9999 -9999 -9999 -9999 -9999 -9999 -9999 -9999 -9999 -9999 -9999 -9999 -9999 -9999 -9999 -9999 -9999 -9999 -9999 -9999 8.540949 8.549611 8.572052 8.600792 8.618114 8.629532 8.635831 8.656697 8.698036 8.760634 8.839375 8.918902 8.977564 9.02284 9.048037 -9999 -9999 -9999 -9999 -9999
-9999 -9999 -9999 -9999 -9999 -9999 -9999 -9999 -9999 -9999 -9999 -9999 -9999 -9999 -9999 -9999 -9999 -9999 -9999 -9999 -9999 -9999 -9999 -9999 -9999 -9999 -9999 -9999 -9999 -9999 -9999 -9999 -9999 -9999 -9999 -9999 -9999 -9999 -9999 -9999 -9999 -9999 -9999 -9999 -9999 -9999 -9999 -9999 -9999 -9999 8.51969 8.53465 8.563784 8.596067 8.624807 8.644886 8.677958 8.724414 8.786225 8.854335 8.915359 8.957879 8.991343 -9999 -9999 -9999 -9999 -9999 -9999
-9999 -9999 -9999 -9999 -9999 -9999 -9999 -9999 -9999 -9999 -9999 -9999 -9999 -9999 -9999 -9999 -9999 -9999 -9999 -9999 -9999 -9999 -9999 -9999 -9999 -9999 -9999 -9999 -9999 -9999 -9999 -9999 -9999 -9999 -9999 -9999 -9999 -9999 -9999 -9999 -9999 -9999 -9999 -9999 -9999 -9999 -9999 -9999 -9999 -9999 8.490556 8.514571 8.53898 8.57402 -9999 8.646461 8.694492 8.737406 8.790162 8.840556 8.888981 8.93465 -9999 -9999 -9999 -9999 -9999 -9999 -9999
