ASPA-UH-SWB2_REPO/input/Gridded_rain/prism_ppt_tutuila_30yr_normal_07.asc
ncols         350
nrows         200
xllcorner     515000
yllcorner     8409000
cellsize      100
NODATA_value  -9999
[rows 93 to 123 of 200, columns 0 to 68 of 350]
-9999 -9999 -9999 -9999 -9999 -9999 -9999 -9999 -9999 -9999 -9999 -9999 -9999 -9999 -9999 -9999 -9999 -9999 -9999 -9999 -9999 -9999 -9999 -9999 -9999 -9999 -9999 -9999 -9999 -9999 -9999 -9999 -9999 -9999 -9999 -9999 -9999 -9999 -9999 -9999 -9999 -9999 5.923625 5.940948 6.003153 -9999 -9999 -9999 6.661814 6.724019 6.827956 6.988586 7.158271 7.331106 7.507091 7.681894 7.849216 8.021658 8.192524 8.360241 8.522839 8.675989 8.826777 8.970871 9.108273 9.231894 9.348824 9.455517 9.555517
-9999 -9999 -9999 -9999 -9999 -9999 -9999 -9999 -9999 -9999 -9999 -9999 -9999 -9999 -9999 -9999 -9999 -9999 -9999 -9999 -9999 -9999 -9999 -9999 -9999 -9999 -9999 -9999 -9999 -9999 -9999 -9999 -9999 -9999 -9999 -9999 -9999 -9999 -9999 -9999 -9999 -9999 5.992917 6.026775 6.11457 6.25709 -9999 -9999 6.790161 6.877169 7.037799 7.212996 7.387405 7.568508 7.751185 7.929925 8.111815 8.2878 8.466146 8.643312 8.812603 8.972839 9.126383 9.271658 9.410635 9.539768 9.658667 9.766934 9.865359
-9999 -9999 -9999 -9999 -9999 -9999 -9999 -9999 -9999 -9999 -9999 -9999 -9999 -9999 -9999 -9999 -9999 -9999 -9999 -9999 -9999 -9999 -9999 -9999 -9999 -9999 -9999 -9999 -9999 -9999 -9999 -9999 -9999 -9999 -9999 -9999 -9999 -9999 -9999 -9999 5.987405 6.015751 6.061814 6.140554 6.270082 6.448429 6.626381 6.805515 6.919295 7.073626 7.255122 7.440555 7.622445 7.807878 7.997248 8.19213 8.377957 8.562209 8.746855 8.927564 9.100398 9.267327 9.424415 9.576777 9.716934 9.848037 9.96969 10.08032 10.18111
-9999 -9999 -9999 -9999 -9999 -9999 -9999 -9999 -9999 -9999 -9999 -9999 -9999 -9999 -9999 -9999 -9999 -9999 -9999 -9999 -9999 -9999 -9999 -9999 -9999 -9999 -9999 -9999 -9999 -9999 -9999 -9999 -9999 -9999 -9999 -9999 -9999 -9999 -9999 6.005515 6.030712 6.079531 6.159846 6.289373 6.445673 6.601578 6.789373 6.955515 7.108665 7.290948 7.479138 7.668508 7.86024 8.054335 8.253154 8.454729 8.647642 8.838981 9.028745 9.211422 9.388194 9.558666 9.724808 9.879927 10.02205 10.1563 10.27953 10.3941 10.49568
-9999 -9999 -9999 -9999 -9999 -9999 -9999 -9999 -9999 -9999 -9999 -9999 -9999 -9999 -9999 -9999 -9999 -9999 -9999 -9999 -9999 -9999 -9999 -9999 -9999 -9999 -9999 -9999 -9999 -9999 -9999 -9999 -9999 -9999 -9999 -9999 -9999 -9999 6.054334 6.053153 6.09331 6.1752 6.301972 6.461421 6.623625 6.791342 6.963783 7.139768 7.322445 7.511027 7.707484 7.90591 8.103154 8.304729 8.511422 8.718903 8.918902 9.116146 9.30591 9.4941 9.676383 9.85158 10.02048 10.17993 10.3252 10.46142 10.58583 10.69961 10.80237
-9999 -9999 -9999 -9999 -9999 -9999 -9999 -9999 -9999 -9999 -9999 -9999 -9999 -9999 -9999 -9999 -9999 -9999 -9999 -9999 -9999 -9999 -9999 -9999 -9999 -9999 -9999 -9999 -9999 -9999 -9999 -9999 -9999 -9999 -9999 -9999 -9999 6.107877 6.100003 6.12835 6.197248 6.313389 6.47087 6.637011 6.811814 6.986618 7.164964 7.351579 7.541736 7.736618 7.939374 8.145674 8.351579 8.559453 8.77284 8.984257 9.190949 9.391343 9.587013 9.779532 9.96536 10.14607 10.3189 10.47914 10.62638 10.75945 10.88426 10.99804 11.09922
-9999 -9999 -9999 -9999 -9999 -9999 -9999 -9999 -9999 -9999 -9999 -9999 -9999 -9999 -9999 -9999 -9999 -9999 -9999 -9999 -9999 -9999 -9999 -9999 -9999 -9999 -9999 -9999 -9999 -9999 -9999 -9999 -9999 -9999 -9999 -9999 6.139373 6.138586 6.168507 6.234649 6.336224 6.486224 6.650791 6.824807 7.004728 7.188193 7.375201 7.56772 7.764571 7.969296 8.17717 8.388193 8.601186 8.816934 9.031501 9.247643 9.458666 9.664178 9.867328 10.063 10.25315 10.43701 10.61024 10.77127 10.91772 11.0504 11.17363 11.28662 11.38583
-9999 -9999 -9999 -9999 -9999 -9999 -9999 -9999 -9999 -9999 -9999 -9999 -9999 -9999 -9999 -9999 -9999 -9999 -9999 -9999 -9999 -9999 -9999 -9999 -9999 -9999 -9999 -9999 -9999 -9999 -9999 -9999 -9999 -9999 6.162208 6.158665 6.145672 6.186224 6.261421 6.354728 6.498822 6.663389 6.837405 7.019689 7.205909 7.396461 7.590555 7.78898 7.994099 8.205516 8.419689 8.633469 8.849611 9.070084 9.288194 9.507485 9.722839 9.93347 10.14016 10.33938 10.53347 10.71772 10.89134 11.05197 11.19804 11.3319 11.45158 11.56024 11.65788
-9999 -9999 -9999 -9999 -9999 -9999 -9999 -9999 -9999 -9999 -9999 -9999 -9999 -9999 -9999 -9999 -9999 -9999 -9999 -9999 -9999 -9999 -9999 -9999 -9999 -9999 -9999 -9999 -9999 -9999 -9999 -9999 -9999 6.170475 6.179924 6.174413 6.198822 6.262602 6.35709 6.499216 6.668901 6.843311 7.025594 7.216933 7.411027 7.607484 7.807878 8.014177 8.226776 8.44213 8.661028 8.876383 9.096067 9.320084 9.543706 9.764572 9.979532 10.19686 10.40473 10.60631 10.80119 10.98623 11.16064 11.32008 11.46418 11.59764 11.71418 11.82008 11.91536
-9999 -9999 -9999 -9999 -9999 -9999 -9999 -9999 -9999 -9999 -9999 -9999 -9999 -9999 -9999 -9999 -9999 -9999 -9999 -9999 -9999 -9999 -9999 -9999 -9999 -9999 -9999 -9999 -9999 -9999 -9999 -9999 -9999 6.19331 6.202365 6.222838 6.280712 6.359452 6.49331 6.663783 6.840161 7.023232 7.213783 7.409846 7.612209 7.817327 8.023232 8.235437 8.451973 8.674414 8.893705 9.113784 9.338194 9.564965 9.794494 10.01339 10.23229 10.44882 10.65827 10.86142 11.05749 11.24331 11.41339 11.57166 11.71694 11.84686 11.95985 12.06142 12.15355
-9999 -9999 -9999 -9999 -9999 -9999 -9999 -9999 -9999 -9999 -9999 -9999 -9999 -9999 -9999 -9999 -9999 -9999 -9999 -9999 -9999 -9999 -9999 -9999 -9999 -9999 -9999 -9999 -9999 -9999 -9999 -9999 6.184649 6.214964 6.240948 6.292523 6.370476 6.483861 6.65394 6.831893 7.013783 7.204334 7.399216 7.601579 7.811028 8.019296 8.234256 8.449217 8.671658 8.89528 9.118902 9.343705 9.571658 9.804729 10.0315 10.25434 10.47481 10.68938 10.90079 11.10316 11.29725 11.4815 11.65119 11.80709 11.95001 12.07757 12.18701 12.28308 12.36851
-9999 -9999 -9999 -9999 -9999 -9999 -9999 -9999 -9999 -9999 -9999 -9999 -9999 -9999 -9999 -9999 -9999 -9999 -9999 -9999 -9999 -9999 -9999 -9999 -9999 -9999 -9999 -9999 -9999 -9999 6.086617 6.154334 6.20709 6.250397 6.301578 6.373231 6.465358 6.632287 6.809059 6.996854 7.189767 7.384649 7.585043 7.791343 8.004728 8.222052 8.440162 8.660241 8.883076 9.109453 9.337012 9.567327 9.796855 10.02717 10.25985 10.48426 10.70355 10.91575 11.12717 11.32875 11.51969 11.70237 11.86772 12.02284 12.16457 12.28465 12.39331 12.48544 12.56497
-9999 -9999 -9999 -9999 -9999 -9999 -9999 -9999 -9999 -9999 -9999 -9999 -9999 -9999 -9999 -9999 -9999 -9999 -9999 -9999 -9999 -9999 -9999 -9999 -9999 -9999 -9999 -9999 -9999 6.054334 6.114176 6.186224 6.256302 6.30709 6.37205 6.458665 6.601578 6.782681 6.966539 7.159846 7.361421 7.563784 7.770083 7.980713 8.198429 8.420871 8.642524 8.861815 9.089768 9.316147 9.547643 9.778746 10.01024 10.24253 10.47087 10.69449 10.913 11.12993 11.33623 11.53386 11.72323 11.89961 12.06497 12.21615 12.35197 12.47205 12.57442 12.66182 12.7382
-9999 -9999 -9999 -9999 -9999 -9999 -9999 -9999 -9999 -9999 -9999 -9999 -9999 -9999 -9999 -9999 -9999 -9999 -9999 -9999 -9999 -9999 -9999 -9999 -9999 -9999 -9999 -9999 6.030712 6.086224 6.148428 6.238586 6.302365 6.364176 6.443704 6.563783 6.742129 6.929925 7.125594 7.324807 7.527563 7.736225 7.948823 8.164178 8.386225 8.612603 8.831894 9.061028 9.280713 9.512997 9.747643 9.979532 10.21024 10.43701 10.66654 10.8878 11.10512 11.32008 11.52284 11.71812 11.90316 12.07875 12.23898 12.38347 12.51536 12.63072 12.72638 12.8126 12.88741
-9999 -9999 -9999 -9999 -9999 -9999 -9999 -9999 -9999 -9999 -9999 -9999 -9999 -9999 -9999 -9999 -9999 -9999 -9999 -9999 -9999 -9999 -9999 -9999 -9999 -9999 -9999 6.009058 6.06142 6.118901 6.213783 6.28898 6.345673 6.420476 6.521657 6.68583 6.879925 7.076382 7.275594 7.478744 7.687012 7.901973 8.117327 8.336225 8.562209 8.78898 9.013784 9.236225 9.464178 9.695281 9.927565 10.16103 10.39213 10.61575 10.83898 11.0626 11.27796 11.48308 11.6878 11.87717 12.0567 12.22717 12.38701 12.52599 12.6504 12.75827 12.85237 12.93741 13.01064
-9999 -9999 -9999 -9999 -9999 -9999 -9999 -9999 -9999 -9999 -9999 -9999 -9999 -9999 -9999 -9999 -9999 -9999 -9999 -9999 -9999 -9999 -9999 -9999 -9999 -9999 5.980318 6.029137 6.087405 6.183074 6.277562 6.338192 6.393311 6.483468 6.625594 6.808665 7.006697 7.209453 7.41339 7.621657 7.835043 8.04961 8.270083 8.49528 8.722445 8.949611 9.175201 9.400398 9.628351 9.858666 10.09095 10.32363 10.55119 10.7752 10.99568 11.21339 11.42638 11.63032 11.82638 12.0126 12.18701 12.35197 12.50394 12.64095 12.75827 12.86064 12.9567 13.0382 13.11064
-9999 -9999 -9999 -9999 -9999 -9999 -9999 -9999 -9999 -9999 -9999 -9999 -9999 -9999 -9999 -9999 -9999 -9999 -9999 -9999 -9999 -9999 -9999 -9999 -9999 5.948428 5.992129 6.05079 6.143704 6.242917 6.32835 6.391736 6.452759 6.557878 6.72835 6.9252 7.124413 7.326776 7.536224 7.750792 7.966146 8.186619 8.409453 8.635044 8.86339 9.092918 9.31969 9.544493 9.773627 10.00276 10.23308 10.46221 10.68701 10.90827 11.12638 11.34134 11.54961 11.74843 11.94056 12.12323 12.29331 12.45119 12.59686 12.72599 12.8382 12.94135 13.03268 13.11457 13.18505
-9999 -9999 -9999 -9999 -9999 -9999 -9999 -9999 -9999 -9999 -9999 -9999 -9999 -9999 -9999 -9999 -9999 -9999 -9999 -9999 -9999 -9999 -9999 -9999 5.917719 5.955515 6.012601 6.098035 6.196854 6.303546 6.381893 6.432681 6.513783 6.645673 6.830712 7.029531 7.230712 7.434649 7.648036 7.866933 8.085831 8.308272 8.531501 8.757484 8.985831 9.214178 9.442131 9.669296 9.896855 10.12599 10.35079 10.57638 10.80001 11.01497 11.22914 11.44174 11.6441 11.84095 12.02953 12.20709 12.37245 12.5252 12.66418 12.78859 12.89686 12.99292 13.0819 13.16221 13.23032
-9999 -9999 -9999 -9999 -9999 -9999 -9999 -9999 -9999 -9999 -9999 -9999 -9999 -9999 -9999 -9999 -9999 -9999 -9999 -9999 -9999 -9999 -9999 -9999 5.923232 5.972838 6.050397 6.14331 6.247247 6.348822 6.42205 6.474413 6.56772 6.724019 6.917326 7.119689 7.325594 7.533468 7.748035 7.969296 8.191342 8.413784 8.636619 8.862603 9.0878 9.31654 9.542918 9.771265 9.998824 10.22402 10.44607 10.66772 10.88623 11.09804 11.30867 11.51379 11.71339 11.90434 12.08819 12.26024 12.42008 12.57009 12.70512 12.82323 12.92678 13.01733 13.10237 13.17875 13.24607
-9999 -9999 -9999 -9999 -9999 -9999 -9999 -9999 -9999 -9999 -9999 -9999 -9999 -9999 -9999 -9999 -9999 -9999 -9999 -9999 -9999 -9999 -9999 -9999 5.941341 6.001578 6.087405 6.184649 6.292523 6.386224 6.454334 6.511815 6.61772 6.791342 6.991736 7.197248 7.403941 7.615752 7.835831 8.05591 8.279531 8.501579 8.72402 8.947248 9.172445 9.398824 9.62284 9.849217 10.0756 10.29882 10.51812 10.73308 10.94646 11.15512 11.36024 11.56103 11.75316 11.9378 12.11497 12.28308 12.4382 12.58229 12.71575 12.83268 12.92953 13.01575 13.0941 13.16576 13.23111
-9999 -9999 -9999 -9999 -9999 -9999 -9999 -9999 -9999 -9999 -9999 -9999 -9999 -9999 -9999 -9999 -9999 -9999 -9999 -9999 -9999 -9999 -9999 -9999 5.962602 6.028349 6.117326 6.219295 6.333468 6.427956 6.487405 6.546854 6.670082 6.852759 7.053941 7.261421 7.470083 7.683468 7.901185 8.123626 8.346461 8.566934 8.788588 9.011816 9.233863 9.455517 9.673627 9.900792 10.12402 10.34449 10.55788 10.76812 10.97481 11.17914 11.37717 11.57402 11.75945 11.93898 12.10946 12.27205 12.42402 12.56339 12.69646 12.81339 12.90827 12.9882 13.06064 13.12875 13.1882
-9999 -9999 -9999 -9999 -9999 -9999 -9999 -9999 -9999 -9999 -9999 -9999 -9999 -9999 -9999 5.566538 -9999 -9999 -9999 -9999 -9999 -9999 5.862601 5.916145 5.971657 6.049216 6.142129 6.248428 6.365357 6.462602 6.523625 6.583468 6.715358 6.898429 7.101185 7.308271 7.520082 7.730712 7.944492 8.169689 8.389375 8.607879 8.828745 9.050792 9.268509 9.483863 9.700792 9.918509 10.13662 10.35394 10.56221 10.76654 10.96812 11.16378 11.35749 11.54725 11.72835 11.90355 12.07363 12.23071 12.37599 12.51615 12.64804 12.76457 12.86064 12.9378 13.00394 13.06733 13.12166
-9999 -9999 -9999 -9999 -9999 -9999 -9999 -9999 -9999 -9999 -9999 -9999 -9999 -9999 -9999 5.563782 5.580711 -9999 5.660633 5.701578 5.741735 5.798822 5.852759 5.912601 5.981105 6.06457 6.162995 6.270476 6.385437 6.48898 6.551185 6.609058 6.741342 6.928744 7.131106 7.336618 7.543705 7.75276 7.970083 8.188981 8.408666 8.626383 8.841737 9.060241 9.27717 9.488194 9.697642 9.90473 10.11733 10.32914 10.53111 10.72835 10.92205 11.11457 11.30197 11.48583 11.66103 11.83465 12.00237 12.15631 12.30119 12.4378 12.56733 12.68505 12.78426 12.86064 12.9252 12.98072 13.0315
-9999 -9999 -9999 -9999 -9999 -9999 -9999 -9999 -9999 -9999 -9999 -9999 -9999 -9999 5.549609 5.56457 5.586617 5.61772 5.656696 5.694098 5.739767 5.79331 5.852365 5.9189 5.99331 6.077562 6.173232 6.282287 6.402366 6.504728 6.566933 6.624019 6.756303 6.939373 7.142129 7.348035 7.553547 7.759059 7.971264 8.187406 8.405516 8.620871 8.831894 9.046461 9.254729 9.464966 9.665753 9.865359 10.07048 10.2693 10.46851 10.65906 10.84449 11.03268 11.21772 11.39056 11.56379 11.73347 11.8941 12.04843 12.19253 12.32757 12.45237 12.5752 12.67284 12.75079 12.81694 12.87087 12.9193
-9999 -9999 -9999 -9999 -9999 -9999 -9999 -9999 -9999 -9999 -9999 -9999 -9999 5.529137 5.544491 5.563782 5.59016 5.620869 5.655121 5.694885 5.739767 5.79331 5.855121 5.923625 5.999609 6.083467 6.178349 6.287405 6.409059 6.51024 6.569295 6.625594 6.755909 6.937799 7.137799 7.342917 7.544492 7.746067 7.956303 8.169689 8.383469 8.588981 8.796461 9.002761 9.207485 9.403548 9.603548 9.797643 9.990163 10.18229 10.37127 10.5563 10.73938 10.92048 11.09686 11.27087 11.43583 11.59568 11.75355 11.90512 12.04843 12.18386 12.30985 12.42481 12.5252 12.60906 12.67599 12.73544 12.78071
-9999 -9999 -9999 -9999 -9999 -9999 -9999 -9999 -9999 -9999 -9999 -9999 5.509452 5.523625 5.54016 5.562601 5.589767 5.62205 5.656696 5.694491 5.738585 5.791735 5.854334 5.924019 5.998428 6.081893 6.179137 6.286224 6.40394 6.501972 6.561814 6.614177 6.737799 6.916539 7.114964 7.316145 7.516933 7.717327 7.917327 8.12717 8.333862 8.535044 8.729138 8.927958 9.122839 9.316934 9.501579 9.691737 9.879533 10.06457 10.24253 10.41693 10.59489 10.77087 10.94607 11.11575 11.27363 11.42953 11.58268 11.73111 11.87402 12.00749 12.13583 12.24568 12.34489 12.43229 12.50394 12.56497 12.61221
-9999 -9999 -9999 -9999 -9999 -9999 -9999 -9999 -9999 -9999 -9999 5.49016 5.504333 5.519294 5.538192 5.560633 5.588979 5.621656 5.655909 5.692129 5.736617 5.789373 5.849216 5.916932 5.992129 6.075593 6.169688 6.275594 6.392129 6.488192 6.548429 6.603153 6.706303 6.877956 7.069295 7.267326 7.46339 7.659453 7.855516 8.051972 8.253548 8.448823 8.640949 8.825595 9.013391 9.196462 9.378745 9.557092 9.737013 9.915359 10.08583 10.24882 10.41339 10.58938 10.75709 10.91969 11.07638 11.22599 11.37363 11.52127 11.66418 11.78544 11.90512 12.01772 12.13072 12.2193 12.29686 12.35906 12.40788
-9999 -9999 -9999 -9999 -9999 -9999 -9999 -9999 -9999 -9999 5.475987 5.486223 5.499609 5.517326 5.536223 5.55827 5.585436 5.617326 5.651184 5.689373 5.73268 5.78268 5.842129 5.90709 5.979137 6.061814 6.154334 6.25709 6.367326 6.468507 6.540948 6.592129 6.677563 6.825594 7.009059 7.198429 7.387012 7.577169 7.766933 7.957484 8.148429 8.336618 8.520477 8.702367 8.877563 9.055516 9.22717 9.396461 9.564965 9.73347 9.894099 10.05158 10.21024 10.37284 10.53504 10.68662 10.82756 10.94528 11.08308 11.22323 11.3504 11.47599 11.58544 11.70945 11.84528 11.95158 12.04253 12.11851 12.16772
-9999 -9999 -9999 -9999 -9999 -9999 -9999 -9999 -9999 -9999 5.473231 5.483468 5.498034 5.515357 5.533861 5.555121 5.581105 5.611026 5.645278 5.683074 5.725594 5.7752 5.830712 5.892916 5.962602 6.040948 6.130712 6.227169 6.334255 6.447641 6.524413 6.578743 6.655121 6.766145 6.931893 7.111814 7.29528 7.476776 7.657091 7.840949 8.022839 8.204335 8.380713 8.551186 8.722052 8.888193 9.052367 9.205517 9.366146 9.522052 9.674809 9.825596 9.975202 10.12914 10.27205 10.37993 10.4756 10.56969 10.67127 10.78701 10.9063 11.02638 11.1504 11.29056 11.4504 11.58859 11.70867 11.81103 11.88505
-9999 -9999 -9999 -9999 -9999 -9999 -9999 -9999 -9999 -9999 5.471656 5.481499 5.494884 5.511026 5.528743 5.550003 5.5752 5.603546 5.637011 5.67205 5.714176 5.761814 5.814176 5.873231 5.941341 6.016932 6.100003 6.192523 6.29331 6.405121 6.501578 6.563389 6.620082 6.701578 6.840555 7.011815 7.184256 7.359453 7.535043 7.707484 7.879531 8.050398 8.216146 8.379532 8.540556 8.701579 8.850004 8.995674 9.142131 9.285438 9.431108 9.572052 9.71339 9.838194 9.930714 9.99843 10.05237 10.113 10.18701 10.28465 10.39686 10.50434 10.63111 10.79213 10.95394 11.12048 11.27127 11.40749 11.5256
-9999 -9999 -9999 -9999 -9999 -9999 -9999 -9999 -9999 -9999 5.471656 5.479136 5.488979 5.504333 5.52205 5.542129 5.566538 5.594491 5.624413 5.657877 5.697247 5.742523 5.791735 5.847641 5.913783 5.987405 6.065358 6.151578 6.248428 6.355122 6.462208 6.532287 6.581106 6.649216 6.746067 6.895279 7.059846 7.230319 7.397642 7.55709 7.718114 7.877563 8.033862 8.185043 8.338193 8.488194 8.628351 8.764571 8.896855 9.031501 9.164966 9.295674 9.411422 9.492131 9.548037 9.600792 9.636226 9.677564 9.749218 9.838982 9.940163 10.04331 10.15945 10.28898 10.44213 10.59764 10.75827 10.92205 11.08229
