ASPA-UH-SWB2_REPO/input/Gridded_rain/prism_ppt_tutuila_30yr_normal_03.asc
ncols         350
nrows         200
xllcorner     515000
yllcorner     8409000
cellsize      100
NODATA_value  -9999
[rows 62 to 92 of 200, columns 207 to 275 of 350]
15.74017 15.71339 15.67993 15.63032 15.57087 15.49961 15.41221 15.32166 15.22717 15.13268 15.04331 14.97127 14.92678 14.90906 14.90867 14.91536 14.92127 14.92206 14.91536 14.90513 14.8945 14.87796 14.85513 14.82442 14.79135 14.76457 14.74528 14.73426 14.72875 14.72363 14.71103 14.69174 14.66379 14.62245 14.57087 14.50316 14.41891 14.3319 14.23505 14.12245 13.99568 13.863 13.72087 13.57914 13.42757 13.26536 13.09961 12.9315 12.76615 12.60316 12.44371 12.29607 12.16182 12.03032 11.91103 11.79804 11.69961 11.61536 11.53859 11.47008 11.4126 11.35985 11.31575 11.28426 11.25985 11.24489 11.23505 11.2256 11.21615
15.5945 15.58702 15.57166 15.54765 15.50867 15.45591 15.39371 15.32205 15.24725 15.16576 15.09213 15.02363 14.97205 14.94371 14.93741 14.94213 14.94765 14.95355 14.95473 14.95276 14.94646 14.93308 14.91379 14.88977 14.86891 14.85355 14.84489 14.84056 14.8382 14.82835 14.81182 14.78583 14.74686 14.69961 14.63662 14.56379 14.4756 14.3752 14.26772 14.14804 14.01851 13.87717 13.7256 13.57284 13.41103 13.24528 13.07166 12.89489 12.72402 12.55591 12.39528 12.24607 12.10749 11.9756 11.85237 11.74174 11.64292 11.5567 11.48111 11.413 11.35512 11.30709 11.26733 11.23701 11.21733 11.20709 11.19961 11.19056 11.18741
15.4256 15.43898 15.44331 15.43859 15.42127 15.39056 15.35355 15.30631 15.24528 15.18583 15.12639 15.06969 15.02009 14.98544 14.97009 14.96654 14.96615 14.97166 14.97954 14.98269 14.98032 14.97599 14.96339 14.95237 14.94331 14.9378 14.93544 14.93505 14.92796 14.91536 14.89292 14.85828 14.81182 14.75276 14.68623 14.59883 14.50473 14.39764 14.27954 14.1504 14.01064 13.86064 13.70985 13.54568 13.37599 13.19922 13.02009 12.83898 12.65906 12.49056 12.3319 12.17638 12.03308 11.90591 11.78111 11.66536 11.56615 11.48308 11.40985 11.33938 11.27796 11.23623 11.20158 11.17402 11.15749 11.15119 11.14449 11.14174 11.13701
15.24135 15.27284 15.29292 15.30552 15.31261 15.30749 15.29056 15.26339 15.22993 15.18662 15.14686 15.10473 15.06615 15.03347 15.01182 15.00198 14.99883 14.99765 15.00513 15.01261 15.01772 15.01969 15.01812 15.01418 15.01458 15.01654 15.01615 15.01064 14.99883 14.97717 14.94804 14.90631 14.85237 14.78583 14.70631 14.61497 14.51024 14.39725 14.26851 14.12953 13.98111 13.8256 13.66379 13.49568 13.31851 13.13308 12.94646 12.76064 12.57993 12.4067 12.24607 12.09213 11.94961 11.81221 11.6882 11.57757 11.47875 11.39331 11.31851 11.25119 11.19292 11.14922 11.11851 11.09331 11.08426 11.07796 11.07638 11.07717 11.07599
15.04568 15.0878 15.1256 15.15709 15.18308 15.20001 15.2067 15.20355 15.19056 15.17009 15.14765 15.12639 15.09961 15.07757 15.05985 15.04686 15.04371 15.04371 15.04961 15.05867 15.06812 15.07166 15.07599 15.07914 15.08072 15.08505 15.08072 15.0693 15.04686 15.01694 14.98111 14.93072 14.86812 14.79095 14.70198 14.6004 14.49016 14.36733 14.2315 14.08308 13.92638 13.76575 13.59449 13.42009 13.23583 13.04804 12.85434 12.66457 12.48308 12.30945 12.14331 11.98859 11.84016 11.70473 11.58071 11.47008 11.37323 11.28898 11.21457 11.14922 11.09134 11.05119 11.02323 11.00552 10.99528 10.99292 10.99449 10.99922 11.00591
14.83229 14.88977 14.9445 14.99607 15.03859 15.07402 15.10473 15.12363 15.13032 15.13229 15.12993 15.12402 15.113 15.10079 15.09332 15.09056 15.09095 15.09332 15.09961 15.10828 15.11851 15.12481 15.12796 15.13032 15.13308 15.13111 15.12363 15.10434 15.07402 15.03465 14.98702 14.92993 14.85906 14.77245 14.67127 14.56064 14.44095 14.31103 14.16733 14.01142 13.84804 13.67835 13.5004 13.32009 13.12993 12.93741 12.74292 12.55198 12.3689 12.1941 12.02599 11.86457 11.71457 11.57953 11.45945 11.34843 11.25197 11.17166 11.09922 11.04056 10.98308 10.94646 10.92205 10.90591 10.89882 10.89961 10.90591 10.91221 10.9189
14.60709 14.67993 14.74961 14.81576 14.87717 14.93347 14.98269 15.02245 15.04804 15.07048 15.0878 15.09686 15.10119 15.10237 15.10591 15.11536 15.12127 15.12835 15.13623 15.14568 15.15473 15.16261 15.16457 15.16379 15.16142 15.15237 15.1378 15.11339 15.0756 15.02757 14.9693 14.90276 14.82402 14.72835 14.61851 14.49843 14.37048 14.23072 14.07914 13.91654 13.74568 13.56772 13.38308 13.19489 13.00316 12.8067 12.61142 12.42205 12.23859 12.06182 11.88977 11.72914 11.58071 11.44449 11.32599 11.2189 11.12363 11.04292 10.98505 10.9378 10.88111 10.84331 10.813 10.80001 10.79568 10.80001 10.80906 10.81693 10.8252
14.37087 14.45631 14.54135 14.62087 14.7004 14.77442 14.84135 14.89843 14.94646 14.98347 15.02127 15.04765 15.06694 15.08347 15.09883 15.11379 15.12796 15.1382 15.1504 15.16142 15.1693 15.1756 15.17835 15.17442 15.16457 15.14804 15.12717 15.09253 15.04765 14.99292 14.92796 14.85119 14.76182 14.65788 14.54056 14.41418 14.27678 14.12835 13.96733 13.79804 13.62166 13.43701 13.24725 13.05394 12.85906 12.66103 12.46575 12.27638 12.09371 11.91536 11.74371 11.58268 11.44056 11.30985 11.1878 11.0819 10.99095 10.92756 10.88741 -9999 10.79371 10.74646 10.71142 10.68426 10.68426 10.69292 10.70237 10.71536 10.72717
14.12402 14.22166 14.31812 14.41457 14.50828 14.59686 14.68032 14.75552 14.82087 14.87914 14.93072 14.9756 15.01182 15.04095 15.06497 15.0882 15.10946 15.12324 15.13741 15.14922 15.15828 15.16182 15.16142 15.15591 15.14135 15.11891 15.08426 15.04528 14.99292 14.93032 14.85709 14.77402 14.67481 14.56024 14.43583 14.30119 14.15867 14.00158 13.83229 13.65788 13.47757 13.28859 13.09371 12.89843 12.70237 12.50434 12.31024 12.12087 11.93701 11.76024 11.59056 11.43623 11.29528 11.16733 11.04725 10.94252 10.87048 10.83859 -9999 -9999 -9999 -9999 10.61142 10.58347 10.57599 10.57875 10.59253 10.60867 10.62205
13.87638 13.97835 14.0878 14.19607 14.30198 14.40394 14.50355 14.59253 14.67284 14.75001 14.81733 14.87678 14.92835 14.97009 15.00552 15.03387 15.06182 15.0815 15.09725 15.11064 15.11772 15.11733 15.11379 15.10709 15.08741 15.05946 15.02087 14.9693 14.91024 14.83898 14.76024 14.66536 14.55906 14.43741 14.30394 14.16457 14.01418 13.85079 13.67796 13.49843 13.313 13.12087 12.9252 12.72757 12.53111 12.33583 12.13977 11.95394 11.77402 11.59646 11.43229 11.28308 11.16536 11.03544 10.91812 10.82363 10.77481 -9999 -9999 -9999 -9999 -9999 -9999 10.50158 10.47835 10.46615 10.47914 10.49489 10.5126
13.62166 13.73701 13.85276 13.97284 14.0882 14.2008 14.30749 14.41379 14.50985 14.59922 14.6819 14.75276 14.81576 14.86969 14.91576 14.95316 14.98347 15.00985 15.02954 15.04174 15.04765 15.04371 15.03662 15.02363 15.00513 14.97481 14.92875 14.87048 14.79883 14.72245 14.63347 14.53268 14.41891 14.28977 14.14961 14.00473 13.84804 13.68072 13.50473 13.32166 13.13229 12.93938 12.74331 12.54331 12.34764 12.15631 11.96339 11.77717 11.59882 11.42835 11.2689 11.16339 11.05434 10.93623 10.82323 10.74646 10.7126 -9999 -9999 -9999 -9999 -9999 -9999 -9999 -9999 10.35119 10.36339 10.38347 10.40316
13.38111 13.49371 13.61694 13.73977 13.86497 13.98426 14.10355 14.21733 14.32835 14.43072 14.52087 14.60158 14.67678 14.74331 14.7941 14.84056 14.8756 14.90591 14.92914 14.94568 14.94725 14.94213 14.93032 14.91339 14.89371 14.85631 14.80749 14.7441 14.66536 14.5752 14.4815 14.37835 14.25709 14.11772 13.97402 13.82363 13.66221 13.4941 13.31418 13.12678 12.93741 12.74568 12.5504 12.35512 12.15827 11.96654 11.78071 11.59646 11.4193 11.25709 11.16418 11.08426 -9999 -9999 -9999 -9999 -9999 -9999 -9999 -9999 -9999 -9999 -9999 -9999 -9999 10.22048 10.24449 10.26536 10.29016
13.1382 13.25985 13.38072 13.50946 13.6382 13.76497 13.88898 14.01457 14.13426 14.24056 14.34213 14.43229 14.51221 14.58229 14.64213 14.69253 14.73938 14.77363 14.79804 14.81182 14.81812 14.81182 14.79765 14.7756 14.74489 14.70906 14.65513 14.58268 14.49961 14.40631 14.30513 14.1945 14.06694 13.92481 13.77953 13.62363 13.45985 13.28505 13.10512 12.92048 12.73229 12.5441 12.34843 12.15434 11.96221 11.77284 11.58859 11.41182 11.24331 11.11654 11.05473 -9999 -9999 -9999 -9999 -9999 -9999 -9999 -9999 -9999 -9999 -9999 -9999 -9999 10.04449 10.09804 10.1252 10.15079 10.1752
12.90591 13.02796 13.15316 13.27835 13.40906 13.54174 13.67205 13.80079 13.92402 14.03977 14.14135 14.23977 14.32678 14.4004 14.46379 14.52166 14.57324 14.61221 14.64174 14.65591 14.66103 14.65276 14.63387 14.61142 14.5756 14.5315 14.47324 14.39686 14.30985 14.21339 14.10867 13.99056 13.85946 13.71694 13.56379 13.41103 13.24646 13.07127 12.88977 12.70473 12.52009 12.3315 12.14213 11.94686 11.7567 11.57323 11.39843 11.22638 11.07835 10.99213 -9999 -9999 -9999 -9999 -9999 -9999 -9999 -9999 -9999 -9999 -9999 -9999 -9999 9.910635 9.948036 9.982682 10.00749 10.03583 10.06418
12.67757 12.80001 12.92363 13.0504 13.18426 13.31812 13.45001 13.5815 13.70552 13.82402 13.93387 14.03268 14.1256 14.20198 14.2689 14.32993 14.38387 14.42717 14.45591 14.47127 14.47324 14.46536 14.44765 14.41812 14.37953 14.32993 14.26694 14.19016 14.10001 14.00001 13.89253 13.77166 13.63544 13.49056 13.34135 13.18898 13.02481 12.85001 12.67127 12.48623 12.29961 12.11575 11.92953 11.73623 11.54922 11.37599 11.20473 11.04922 10.94449 10.89213 -9999 -9999 -9999 -9999 -9999 -9999 -9999 -9999 -9999 -9999 -9999 -9999 9.79095 9.821265 9.853155 9.872446 9.896855 9.923233 9.951974
12.45434 12.57284 12.6941 12.82323 12.95709 13.09056 13.22363 13.35749 13.48229 13.59922 13.71261 13.81654 13.90985 13.99213 14.05946 14.11812 14.17442 14.21536 14.24213 14.25946 14.26221 14.25434 14.23741 14.20276 14.16339 14.11103 14.04331 13.96379 13.86969 13.7693 13.65827 13.53386 13.39646 13.25158 13.10591 12.95316 12.79253 12.62087 12.44135 12.26024 12.08072 11.89882 11.7126 11.52481 11.35197 11.17835 11.02284 10.91812 10.86064 -9999 -9999 -9999 -9999 -9999 -9999 -9999 -9999 -9999 -9999 -9999 -9999 9.746068 9.735044 9.734257 9.744887 9.766934 9.79095 9.820084 9.850399
12.23465 12.35079 12.4693 12.59607 12.72757 12.863 12.99568 13.12442 13.25513 13.37205 13.4815 13.58662 13.68308 13.76536 13.8315 13.89253 13.9445 13.98387 14.01103 14.0256 14.03072 14.02481 14.00434 13.97245 13.92717 13.87166 13.80355 13.7193 13.6252 13.52245 13.40788 13.28308 13.14843 13.00394 12.85906 12.70749 12.54961 12.3815 12.20788 12.03268 11.85591 11.68032 11.50079 11.32402 11.15079 10.99253 10.88623 10.83229 -9999 -9999 -9999 -9999 -9999 -9999 -9999 -9999 -9999 -9999 -9999 -9999 -9999 -9999 9.691737 9.655123 9.64843 9.664572 9.692525 9.721265 9.750005
12.02599 12.13465 12.25237 12.3752 12.50512 12.63583 12.76497 12.8941 13.0193 13.13662 13.2441 13.34843 13.4445 13.52284 13.59253 13.65276 13.70158 13.73938 13.76654 13.78072 13.78701 13.77678 13.75513 13.72363 13.67402 13.61576 13.54528 13.46103 13.36772 13.26221 13.14764 13.02442 12.89213 12.75316 12.60867 12.45867 12.3004 12.1378 11.97048 11.80158 11.6319 11.46064 11.29056 11.12205 10.95827 10.85276 10.79725 10.77245 -9999 -9999 -9999 -9999 -9999 -9999 -9999 -9999 -9999 -9999 -9999 -9999 -9999 -9999 -9999 9.598037 9.574414 9.575202 9.597249 9.623627 9.65591
11.82993 11.93268 12.04489 12.16339 12.28898 12.41418 12.5378 12.66261 12.78229 12.89568 13.00513 13.10591 13.19843 13.27678 13.3441 13.4004 13.45001 13.48898 13.51142 13.52481 13.52717 13.51772 13.4945 13.45788 13.40631 13.34686 13.2752 13.19292 13.09804 12.99449 12.88308 12.76103 12.6319 12.50001 12.35631 12.20709 12.05316 11.89646 11.73465 11.57008 11.40788 11.24607 11.08071 10.92008 10.82166 10.75985 -9999 -9999 -9999 -9999 -9999 -9999 -9999 -9999 -9999 -9999 -9999 -9999 -9999 -9999 -9999 -9999 -9999 -9999 -9999 9.506304 9.511816 9.534257 9.564965
11.64213 11.7382 11.84449 11.95906 12.07599 12.19449 12.31182 12.42993 12.54607 12.65827 12.7626 12.86064 12.95158 13.02717 13.08977 13.14489 13.19331 13.2252 13.24961 13.26024 13.26064 13.24961 13.22402 13.1815 13.13347 13.07166 13.00119 12.91969 12.82757 12.72678 12.61654 12.49922 12.3752 12.24331 12.10552 11.95985 11.80945 11.6567 11.5126 11.35473 11.18544 11.0315 10.87953 10.78465 10.72087 -9999 -9999 -9999 -9999 -9999 -9999 -9999 -9999 -9999 -9999 -9999 -9999 -9999 -9999 -9999 -9999 -9999 -9999 -9999 -9999 -9999 9.445674 9.457091 9.482682
11.4693 11.55434 11.65237 11.75788 11.86575 11.97717 12.08938 12.19961 12.313 12.42127 12.5193 12.61536 12.70079 12.77127 12.8319 12.88701 12.92953 12.96221 12.97914 12.99213 12.99095 12.97717 12.94843 12.90946 12.85749 12.79843 12.72638 12.64961 12.56024 12.46064 12.35394 12.24056 12.1193 11.99056 11.85434 11.71457 11.57717 11.45749 11.32323 11.16024 10.99607 10.84489 10.74134 10.67245 -9999 -9999 -9999 -9999 -9999 -9999 -9999 -9999 -9999 -9999 -9999 -9999 -9999 -9999 -9999 -9999 -9999 -9999 -9999 -9999 -9999 -9999 9.400004 9.400004 9.411422
11.30945 11.38938 11.4756 11.56615 11.663 11.7689 11.8756 11.9815 12.08505 12.18426 12.27875 12.36812 12.44646 12.51457 12.57442 12.62481 12.66772 12.69331 12.71064 12.7189 12.71969 12.70434 12.67481 12.63308 12.58268 12.52205 12.46064 12.3815 12.29134 12.19331 12.09292 11.9815 11.86418 11.73662 11.60788 11.47796 11.4067 11.31615 11.23229 10.9693 10.83819 10.73071 10.64016 -9999 -9999 -9999 -9999 -9999 -9999 -9999 -9999 -9999 -9999 -9999 -9999 -9999 -9999 -9999 -9999 -9999 -9999 -9999 -9999 -9999 -9999 -9999 -9999 9.356304 9.362603
11.1689 11.23386 11.31024 11.39213 11.47835 11.5689 11.66851 11.76772 11.86339 11.95473 12.04174 12.12127 12.19528 12.26142 12.31654 12.36339 12.40119 12.42678 12.43977 12.44804 12.44253 12.42796 12.39922 12.36182 12.30749 12.25198 12.18938 12.11497 12.0256 11.92993 11.82914 11.7252 11.60788 11.49016 11.36339 11.32993 11.28386 -9999 -9999 -9999 -9999 -9999 -9999 -9999 -9999 -9999 -9999 -9999 -9999 -9999 -9999 -9999 -9999 -9999 -9999 -9999 -9999 -9999 -9999 -9999 -9999 -9999 -9999 -9999 -9999 -9999 -9999 -9999 9.329533
11.03898 11.09056 11.15316 11.22048 11.29607 11.37953 11.46733 11.56064 11.64371 11.72717 11.80827 11.88505 11.95237 12.00709 12.05945 12.10512 12.13977 12.15946 12.17481 12.17245 12.16851 12.15237 12.12678 12.08583 12.03938 11.98544 11.92166 11.84883 11.76575 11.67166 11.57402 11.47284 11.36575 11.24804 11.22323 11.1756 -9999 -9999 -9999 -9999 -9999 -9999 -9999 -9999 -9999 -9999 -9999 -9999 -9999 -9999 -9999 -9999 -9999 -9999 -9999 -9999 -9999 -9999 -9999 -9999 -9999 -9999 -9999 -9999 -9999 -9999 -9999 -9999 -9999
10.91693 10.95355 11.00197 11.05867 11.12323 11.19449 11.27402 11.35512 11.43583 11.50749 11.58032 11.6504 11.71221 11.7626 11.80945 11.85079 11.87953 11.90316 11.91024 11.91142 11.90001 11.88426 11.8567 11.82087 11.77638 11.72166 11.65906 11.59213 11.50945 11.42166 11.32993 11.23111 11.13465 11.10827 11.07087 -9999 -9999 -9999 -9999 -9999 -9999 -9999 -9999 -9999 -9999 -9999 -9999 -9999 -9999 -9999 -9999 -9999 -9999 -9999 -9999 -9999 -9999 -9999 -9999 -9999 -9999 -9999 -9999 -9999 -9999 -9999 -9999 -9999 -9999
10.80552 10.82678 10.8626 10.91103 10.96339 11.02599 11.09449 11.16733 11.2315 11.29961 11.363 11.42363 11.47914 11.52796 11.57166 11.60749 11.63505 11.65276 11.65827 11.65552 11.64371 11.62205 11.59607 11.56418 11.51733 11.46339 11.40434 11.33938 11.26654 11.18229 11.0941 11.01064 10.98071 10.96812 -9999 -9999 -9999 -9999 -9999 -9999 -9999 -9999 -9999 -9999 -9999 -9999 -9999 -9999 -9999 -9999 -9999 -9999 -9999 -9999 -9999 -9999 -9999 -9999 -9999 -9999 -9999 -9999 -9999 -9999 -9999 -9999 -9999 -9999 -9999
10.70158 10.71457 10.73977 10.77757 10.82205 10.87245 10.9315 10.99095 11.04764 11.09843 11.15197 11.20827 11.25749 11.30079 11.34095 11.3752 11.39804 11.41182 11.413 11.40788 11.39292 11.37166 11.34686 11.31457 11.2689 11.21733 11.16339 11.10709 11.03938 10.96418 10.88623 10.85276 10.85316 -9999 -9999 -9999 -9999 -9999 -9999 -9999 -9999 -9999 -9999 -9999 -9999 -9999 -9999 -9999 -9999 -9999 -9999 -9999 -9999 -9999 -9999 -9999 -9999 -9999 -9999 -9999 -9999 -9999 -9999 -9999 -9999 -9999 -9999 -9999 -9999
10.61064 10.61024 10.62638 10.65591 10.69252 10.73111 10.77323 10.82599 10.87205 10.91378 10.95591 11.00394 11.04607 11.08544 11.12166 11.15001 11.17166 11.18701 11.17678 11.1693 11.15591 11.13426 11.11339 11.08701 11.04843 10.98701 10.95473 10.9252 10.86536 10.79804 10.74843 10.7378 -9999 -9999 -9999 -9999 -9999 -9999 -9999 -9999 -9999 -9999 -9999 -9999 -9999 -9999 -9999 -9999 -9999 -9999 -9999 -9999 -9999 -9999 -9999 -9999 -9999 -9999 -9999 -9999 -9999 -9999 -9999 -9999 -9999 -9999 -9999 -9999 -9999
10.52835 10.52048 10.52678 10.54331 10.56654 10.59528 10.63229 10.67087 10.7063 10.74371 10.78308 10.81851 10.85316 10.88505 10.9126 10.93819 10.97284 10.99607 10.97402 10.95237 10.94528 10.93111 10.92796 10.91497 10.86851 10.81418 10.80827 10.82993 10.78229 10.7256 10.6815 -9999 -9999 -9999 -9999 -9999 -9999 -9999 -9999 -9999 -9999 -9999 -9999 -9999 -9999 -9999 -9999 -9999 -9999 -9999 -9999 -9999 -9999 -9999 -9999 -9999 -9999 -9999 -9999 -9999 -9999 -9999 -9999 -9999 -9999 -9999 -9999 -9999 -9999
10.46536 10.44843 10.44607 10.45158 10.4563 10.47087 10.49646 10.52756 10.5689 10.59922 10.63268 10.66378 10.68386 10.70749 10.7315 10.7626 10.80985 -9999 10.81024 10.78741 10.78977 10.79331 -9999 -9999 -9999 10.71103 -9999 -9999 -9999 -9999 -9999 -9999 -9999 -9999 -9999 -9999 -9999 -9999 -9999 -9999 -9999 -9999 -9999 -9999 -9999 -9999 -9999 -9999 -9999 -9999 -9999 -9999 -9999 -9999 -9999 -9999 -9999 -9999 -9999 -9999 -9999 -9999 -9999 -9999 -9999 -9999 -9999 -9999 -9999
10.42048 10.40079 10.38859 10.37953 10.37048 10.37127 10.38544 10.41024 10.4563 10.49607 10.52284 10.54528 10.55355 10.5693 10.60512 10.63465 -9999 -9999 -9999 10.69292 -9999 -9999 -9999 -9999 -9999 -9999 -9999 -9999 -9999 -9999 -9999 -9999 -9999 -9999 -9999 -9999 -9999 -9999 -9999 -9999 -9999 -9999 -9999 -9999 -9999 -9999 -9999 -9999 -9999 -9999 -9999 -9999 -9999 -9999 -9999 -9999 -9999 -9999 -9999 -9999 -9999 -9999 -9999 -9999 -9999 -9999 -9999 -9999 -9999
