ASPA-UH-SWB2_REPO/input/Gridded_rain/prism_ppt_tutuila_30yr_normal_04.asc
ncols         350
nrows         200
xllcorner     515000
yllcorner     8409000
cellsize      100
NODATA_value  -9999
[rows 155 to 185 of 200, columns 69 to 137 of 350]
-9999 -9999 -9999 -9999 -9999 -9999 -9999 9.446462 9.502367 9.57402 9.648036 9.718509 9.7878 9.859848 9.928745 9.99725 10.06693 10.13977 10.22008 10.30158 10.38898 10.48111 10.57323 10.66418 10.75867 10.85473 10.95237 11.04607 11.1378 11.22717 11.31103 11.40079 11.48347 11.55827 11.63268 11.69882 11.75827 11.8126 11.8626 11.90434 11.93386 11.9504 11.96103 11.96615 11.9626 11.94449 11.92048 11.88583 11.84489 11.79331 11.73977 11.67796 11.60631 11.53032 11.44764 11.36379 11.27953 11.18701 11.09213 10.99646 10.90158 10.80827 10.71615 10.62127 10.52481 10.43308 10.34843 10.25985 10.17599
-9999 -9999 -9999 -9999 -9999 -9999 -9999 9.44528 9.498824 9.565359 9.635044 9.701974 9.766147 9.833076 9.896068 9.957879 10.02205 10.09292 10.16812 10.24843 10.33426 10.42008 10.50591 10.59882 10.69213 10.78859 10.88465 10.9752 11.06221 11.14804 11.23111 11.31064 11.39292 11.46851 11.54095 11.60473 11.66182 11.71654 11.7626 11.80079 11.82796 11.84174 11.85197 11.85827 11.85512 11.83859 11.80945 11.77599 11.73544 11.69056 11.63583 11.57796 11.51103 11.43662 11.35631 11.27284 11.18938 11.10631 11.013 10.91851 10.8256 10.73465 10.6441 10.5504 10.45749 10.37363 10.28741 10.20473 10.1256
-9999 -9999 -9999 -9999 -9999 -9999 -9999 9.444099 9.494493 9.557486 9.622446 9.684257 9.744887 9.803549 9.861423 9.918509 9.981108 10.04922 10.12284 10.2004 10.28071 10.35945 10.4504 10.53741 10.62638 10.72205 10.81772 10.90867 10.99449 11.07402 11.15276 11.22953 11.3067 11.38268 11.45001 11.51418 11.57205 11.62008 11.66221 11.69764 11.72048 11.73623 11.74764 11.75276 11.74883 11.73268 11.70867 11.67284 11.63308 11.58741 11.53544 11.47481 11.41182 11.33938 11.26221 11.18308 11.10158 11.01851 10.93386 10.84213 10.74843 10.66142 10.57008 10.48111 10.39095 10.30827 10.22993 10.14922 10.07402
-9999 -9999 -9999 -9999 -9999 -9999 -9999 9.443706 9.489375 9.549611 9.610635 9.668509 9.722445 9.774021 9.826777 9.882682 9.942919 10.00867 10.07914 10.15355 10.22993 10.30945 10.39449 10.47835 10.56654 10.65985 10.75158 10.84213 10.92796 11.00552 11.07993 11.15473 11.22835 11.29646 11.36103 11.4252 11.47835 11.52245 11.56615 11.59568 11.61812 11.63662 11.64528 11.64882 11.64449 11.63111 11.60827 11.5756 11.53544 11.4878 11.43465 11.37402 11.30867 11.24134 11.16615 11.09134 11.01457 10.93347 10.84922 10.763 10.67323 10.58465 10.49764 10.41024 10.32402 10.24646 10.17166 10.09371 10.01969
-9999 -9999 -9999 -9999 -9999 -9999 -9999 9.440949 9.483863 9.539768 9.596068 9.64843 9.697249 9.744493 9.794887 9.848431 9.906698 9.96969 10.03819 10.10788 10.18308 10.26221 10.34095 10.42402 10.51221 10.59804 10.68898 10.77875 10.8626 10.93938 11.01103 11.0815 11.14922 11.213 11.27599 11.33386 11.38426 11.42835 11.4689 11.49764 11.52205 11.53898 11.54804 11.54804 11.54056 11.52599 11.50394 11.4752 11.43662 11.38662 11.3315 11.27442 11.20945 11.14174 11.07323 10.99843 10.92441 10.84686 10.76379 10.67993 10.59489 10.50749 10.42402 10.33977 10.25788 10.18504 10.11103 10.03938 9.966146
-9999 -9999 -9999 -9999 -9999 -9999 -9999 9.440949 9.477564 9.526382 9.578745 9.627171 9.670084 9.716146 9.764572 9.816147 9.871658 9.932288 9.99725 10.06575 10.13898 10.21339 10.29174 10.37284 10.45473 10.54016 10.62914 10.71418 10.79646 10.87363 10.94174 11.0063 11.07087 11.13386 11.19134 11.24449 11.29568 11.33741 11.37048 11.40197 11.42756 11.44449 11.45197 11.44646 11.43505 11.42087 11.39843 11.36851 11.32717 11.28111 11.22835 11.17205 11.11221 11.04646 10.97678 10.90788 10.83308 10.75591 10.67835 10.59528 10.51418 10.43268 10.35119 10.27087 10.19213 10.12205 10.05237 9.98347 9.91221
-9999 -9999 -9999 -9999 -9999 -9999 -9999 -9999 9.479138 9.516147 9.561422 9.605516 9.648036 9.689375 9.735832 9.785831 9.839375 9.895675 9.957879 10.02402 10.09607 10.16733 10.2441 10.32087 10.39922 10.48308 10.56615 10.64804 10.7315 10.80276 10.86969 10.9319 10.99371 11.05158 11.10788 11.16024 11.20591 11.24607 11.27717 11.30473 11.33032 11.34922 11.35355 11.3441 11.3319 11.31693 11.29371 11.25788 11.21851 11.17205 11.12442 11.06969 11.01064 10.95001 10.88268 10.81418 10.74095 10.66615 10.59056 10.51339 10.43544 10.35709 10.28071 10.20512 10.12678 10.05906 9.993312 9.925202 9.85906
-9999 -9999 -9999 -9999 -9999 -9999 -9999 -9999 9.487407 9.514178 9.546855 9.587013 9.625202 9.663784 9.706697 9.756698 9.808666 9.861423 9.920084 9.986225 10.05394 10.12441 10.19843 10.2693 10.34449 10.42363 10.50315 10.58504 10.65906 10.73347 10.79607 10.8567 10.913 10.96772 11.02363 11.07245 11.11418 11.15276 11.1819 11.20827 11.23071 11.24883 11.25119 11.24292 11.22993 11.21339 11.18898 11.15394 11.11497 11.07008 11.02205 10.96969 10.91064 10.84922 10.78859 10.72127 10.65079 10.57796 10.50552 10.4319 10.35827 10.28386 10.21103 10.13741 10.06182 9.996068 9.935438 9.869296 9.80591
-9999 -9999 -9999 -9999 -9999 -9999 -9999 -9999 -9999 9.520871 9.544887 9.567327 9.603154 9.639769 9.682288 9.727564 9.77717 9.829533 9.888982 9.949218 10.01378 10.08111 10.15158 10.22008 10.29095 10.36497 10.44213 10.51733 10.59292 10.65906 10.72363 10.77914 10.83465 10.8882 10.93583 10.98229 11.02205 11.0567 11.08662 11.11339 11.13268 11.14489 11.14725 11.14134 11.12953 11.11024 11.0878 11.0563 11.01654 10.97441 10.9252 10.87245 10.81693 10.75394 10.69174 10.62796 10.56103 10.49134 10.42205 10.35473 10.27993 10.21024 10.14174 10.07087 9.99725 9.931108 9.874021 9.816147 9.754729
-9999 -9999 -9999 -9999 -9999 -9999 -9999 -9999 -9999 -9999 9.541344 9.566934 9.584651 9.617328 9.65591 9.702367 9.750005 9.802367 9.857092 9.913391 9.974809 10.04056 10.10709 10.17205 10.23938 10.31064 10.38229 10.45434 10.52481 10.59056 10.65001 10.7063 10.7567 10.80512 10.85079 10.89489 10.93505 10.96339 10.99568 11.01497 11.03347 11.04331 11.04568 11.03938 11.02717 11.00985 10.98465 10.9567 10.9193 10.87796 10.82993 10.77481 10.71693 10.66063 10.59961 10.53308 10.4689 10.40512 10.33938 10.27127 10.20276 10.13741 10.07205 10.0063 9.932682 9.866147 9.80906 9.755123 9.702367
-9999 -9999 -9999 -9999 -9999 -9999 -9999 -9999 -9999 -9999 -9999 9.557092 9.576777 9.596068 9.635438 9.677958 9.725202 9.773233 9.824808 9.877958 9.938194 9.997643 10.06339 10.1256 10.1878 10.2567 10.32796 10.39252 10.45827 10.52323 10.57717 10.62678 10.67717 10.72481 10.76615 10.80591 10.84331 10.87599 10.90197 10.9193 10.93308 10.93938 10.94213 10.93741 10.92441 10.90709 10.88071 10.85237 10.81812 10.7756 10.72875 10.67678 10.62166 10.56418 10.50512 10.44528 10.3815 10.31693 10.25276 10.18937 10.12875 10.06575 10.00591 9.942131 9.868115 9.801187 9.747643 9.696462 9.65591
-9999 -9999 -9999 -9999 -9999 -9999 -9999 -9999 -9999 -9999 -9999 -9999 9.568115 9.589768 9.615753 9.656698 9.698036 9.744493 9.793312 9.845281 9.896068 9.957485 10.0193 10.07835 10.13977 10.20276 10.27008 10.33426 10.39252 10.45079 10.50355 10.54961 10.59528 10.63859 10.6815 10.71969 10.75394 10.78623 10.80749 10.82363 10.83229 10.83504 10.83701 10.83347 10.82127 10.8004 10.77993 10.74804 10.71339 10.67363 10.62678 10.57835 10.52756 10.47363 10.41497 10.35512 10.29095 10.23111 10.17441 10.11378 10.05315 9.997643 9.942525 9.878745 9.807879 9.74528 9.693706 9.653154 9.62284
-9999 -9999 -9999 -9999 -9999 -9999 -9999 -9999 -9999 -9999 -9999 -9999 -9999 9.581107 9.607879 9.635832 9.672839 9.714966 9.761816 9.808272 9.860241 9.918116 9.978352 10.03347 10.09056 10.15079 10.21064 10.2752 10.33111 10.38111 10.42953 10.47441 10.51654 10.55591 10.59607 10.63544 10.66615 10.69528 10.7126 10.7252 10.73308 10.73544 10.73465 10.72993 10.7189 10.7004 10.67638 10.64804 10.61654 10.57638 10.5319 10.48465 10.43465 10.38347 10.32875 10.26969 10.213 10.15355 10.09567 10.03623 9.981894 9.932288 9.879533 9.818903 9.756304 9.69843 9.646068 9.607879 9.592525
-9999 -9999 -9999 -9999 -9999 -9999 -9999 -9999 -9999 -9999 -9999 -9999 -9999 -9999 9.600005 9.630713 9.658667 9.694887 9.738194 9.782289 9.829926 9.881895 9.938588 9.990557 10.04095 10.09725 10.15512 10.20827 10.263 10.30985 10.35434 10.39646 10.43819 10.47756 10.51418 10.54804 10.58071 10.60158 10.6193 10.63347 10.63898 10.64174 10.64016 10.63268 10.6193 10.60394 10.57796 10.55473 10.5189 10.47835 10.43623 10.39056 10.34095 10.29331 10.24292 10.1878 10.13229 10.07756 10.01812 9.961029 9.907879 9.860241 9.814965 9.762604 9.701186 9.647249 9.602761 9.58032 9.573627
-9999 -9999 -9999 -9999 -9999 -9999 -9999 -9999 -9999 -9999 -9999 -9999 -9999 -9999 -9999 -9999 9.657091 9.688587 9.729532 9.773627 9.811028 9.85158 9.89843 9.945674 9.992919 10.04253 10.09489 10.14489 10.19134 10.23741 10.27914 10.32087 10.35985 10.39804 10.43229 10.46497 10.49134 10.50945 10.52993 10.54174 10.54882 10.55079 10.54764 10.53977 10.52442 10.50709 10.48504 10.45788 10.42245 10.38426 10.34213 10.29528 10.24882 10.20394 10.15749 10.1063 10.05355 9.996856 9.939375 9.882682 9.83032 9.786619 9.74528 9.699612 9.645281 9.591737 9.559848 9.545674 -9999
-9999 -9999 -9999 -9999 -9999 -9999 -9999 -9999 -9999 -9999 -9999 -9999 -9999 -9999 -9999 -9999 -9999 -9999 -9999 9.777564 9.805123 9.831501 9.861029 9.89843 9.944099 9.988587 10.03426 10.07993 10.12402 10.16536 10.20591 10.24607 10.28347 10.31812 10.3504 10.37993 10.40276 10.42363 10.4378 10.44882 10.45749 10.46024 10.45434 10.44489 10.43229 10.41221 10.39056 10.36339 10.33111 10.29449 10.2504 10.20552 10.16339 10.11812 10.07205 10.0252 9.973627 9.920871 9.864179 9.806698 9.757485 9.71969 9.681501 9.635044 9.584257 9.543706 9.523233 9.516934 -9999
-9999 -9999 -9999 -9999 -9999 -9999 -9999 -9999 -9999 -9999 -9999 -9999 -9999 -9999 -9999 -9999 -9999 -9999 -9999 -9999 -9999 -9999 9.833863 9.858273 9.896068 9.937013 9.976777 10.01969 10.06182 10.10001 10.13662 10.17323 10.20867 10.23938 10.26851 10.29449 10.31693 10.33544 10.34686 10.35945 10.36536 10.36536 10.3626 10.35237 10.33859 10.32127 10.29961 10.27284 10.24292 10.20473 10.16418 10.12323 10.0878 10.0441 9.996462 9.944493 9.896461 9.850005 9.796855 9.742131 9.696068 9.657879 9.620084 9.574808 9.535438 9.511028 9.500793 -9999 -9999
-9999 -9999 -9999 -9999 -9999 -9999 -9999 -9999 -9999 -9999 -9999 -9999 -9999 -9999 -9999 -9999 -9999 -9999 -9999 -9999 -9999 -9999 -9999 9.831501 9.860635 9.892919 9.924415 9.962604 9.999612 10.03386 10.0689 10.10276 10.13308 10.16142 10.18741 10.21221 10.23308 10.24922 10.26418 10.27363 10.27638 10.27678 10.27284 10.26418 10.24961 10.23308 10.21064 10.18819 10.15591 10.12087 10.0815 10.05 -9999 9.981108 9.927958 9.875202 9.823627 9.781501 9.732682 9.681501 9.638588 9.600792 9.560635 9.526776 9.500793 -9999 -9999 -9999 -9999
-9999 -9999 -9999 -9999 -9999 -9999 -9999 -9999 -9999 -9999 -9999 -9999 -9999 -9999 -9999 -9999 -9999 -9999 -9999 -9999 -9999 -9999 -9999 -9999 -9999 9.873234 9.888982 9.911423 9.935438 9.966934 10.00197 10.03544 10.05945 10.0878 10.11221 10.13505 10.15473 10.1693 10.1819 10.19056 10.19489 10.19371 10.18662 10.17599 10.16497 10.14686 10.12756 10.10119 10.07363 10.03741 10.0063 9.990557 -9999 -9999 -9999 9.806304 9.760242 9.715753 9.670871 9.624808 9.582682 9.544493 9.516541 9.491737 -9999 -9999 -9999 -9999 -9999
-9999 -9999 -9999 -9999 -9999 -9999 -9999 -9999 -9999 -9999 -9999 -9999 -9999 -9999 -9999 -9999 -9999 -9999 -9999 -9999 -9999 -9999 -9999 -9999 -9999 -9999 9.863785 9.872052 9.885832 9.901974 9.940163 9.976383 10.00197 10.01812 10.04016 10.06221 10.08032 10.09449 10.10434 10.11103 10.11339 10.11103 10.10552 10.0941 10.07993 10.06575 10.04292 10.02166 9.99095 9.962604 9.950006 9.948036 -9999 -9999 -9999 -9999 9.700398 9.659453 9.616147 9.56969 9.529532 9.501973 9.482682 -9999 -9999 -9999 -9999 -9999 -9999
-9999 -9999 -9999 -9999 -9999 -9999 -9999 -9999 -9999 -9999 -9999 -9999 -9999 -9999 -9999 -9999 -9999 -9999 -9999 -9999 -9999 -9999 -9999 -9999 -9999 -9999 -9999 -9999 9.849217 9.857092 9.883076 -9999 9.94843 9.953942 9.970871 9.991737 10.00709 10.01733 10.02678 10.03268 10.03701 10.03308 10.02442 10.01378 10.00079 9.986619 9.966146 9.939375 9.917722 9.909847 9.903548 -9999 -9999 -9999 -9999 -9999 -9999 9.615753 9.566541 9.522052 9.490162 9.472445 -9999 -9999 -9999 -9999 -9999 -9999 -9999
-9999 -9999 -9999 -9999 -9999 -9999 -9999 -9999 -9999 -9999 -9999 -9999 -9999 -9999 -9999 -9999 -9999 -9999 -9999 -9999 -9999 -9999 -9999 -9999 -9999 -9999 -9999 -9999 -9999 9.826777 -9999 -9999 -9999 9.889769 9.903548 9.918902 9.935438 9.945674 9.94843 9.957485 9.961816 9.957485 9.946462 9.937407 9.927958 9.910241 9.889769 9.868115 9.863391 9.864179 -9999 -9999 -9999 -9999 -9999 -9999 -9999 -9999 -9999 9.484651 9.463784 -9999 -9999 -9999 -9999 -9999 -9999 -9999 -9999
-9999 -9999 -9999 -9999 -9999 -9999 -9999 -9999 -9999 -9999 -9999 -9999 -9999 -9999 -9999 -9999 -9999 -9999 -9999 -9999 -9999 -9999 -9999 -9999 -9999 -9999 -9999 -9999 -9999 -9999 -9999 -9999 -9999 9.833469 9.836226 9.848431 9.864179 9.874808 9.88032 9.884651 9.882289 9.880713 9.875989 9.866934 9.853155 9.836619 9.820084 9.81221 9.820477 -9999 -9999 -9999 -9999 -9999 -9999 -9999 -9999 -9999 -9999 -9999 -9999 -9999 -9999 -9999 -9999 -9999 -9999 -9999 -9999
-9999 -9999 -9999 -9999 -9999 -9999 -9999 -9999 -9999 -9999 -9999 -9999 -9999 -9999 -9999 -9999 -9999 -9999 -9999 -9999 -9999 -9999 -9999 -9999 -9999 -9999 -9999 -9999 -9999 -9999 -9999 -9999 -9999 9.788588 9.781501 9.788194 9.79843 9.807879 9.812997 9.814178 9.814965 9.811816 9.80591 9.796855 9.783863 9.771265 9.760242 9.763391 -9999 -9999 -9999 -9999 -9999 -9999 -9999 -9999 -9999 -9999 -9999 -9999 -9999 -9999 -9999 -9999 -9999 -9999 -9999 -9999 -9999
-9999 -9999 -9999 -9999 -9999 -9999 -9999 -9999 -9999 -9999 -9999 -9999 -9999 -9999 -9999 -9999 -9999 -9999 -9999 -9999 -9999 -9999 -9999 -9999 -9999 -9999 -9999 -9999 -9999 -9999 -9999 -9999 -9999 -9999 9.742525 9.733076 9.735044 9.747249 9.753155 9.751186 9.751186 9.748036 9.742918 9.735438 9.720871 9.708667 9.711029 9.724808 -9999 -9999 -9999 -9999 -9999 -9999 -9999 -9999 -9999 -9999 -9999 -9999 -9999 -9999 -9999 -9999 -9999 -9999 -9999 -9999 -9999
-9999 -9999 -9999 -9999 -9999 -9999 -9999 -9999 -9999 -9999 -9999 -9999 -9999 -9999 -9999 -9999 -9999 -9999 -9999 -9999 -9999 -9999 -9999 -9999 -9999 -9999 -9999 -9999 -9999 -9999 -9999 -9999 -9999 -9999 9.699218 9.6878 9.681501 9.687013 9.693312 9.694099 9.691737 9.689769 9.686619 9.676777 9.663391 9.660241 9.674415 -9999 -9999 -9999 -9999 -9999 -9999 -9999 -9999 -9999 -9999 -9999 -9999 -9999 -9999 -9999 -9999 -9999 -9999 -9999 -9999 -9999 -9999
-9999 -9999 -9999 -9999 -9999 -9999 -9999 -9999 -9999 -9999 -9999 -9999 -9999 -9999 -9999 -9999 -9999 -9999 -9999 -9999 -9999 -9999 -9999 -9999 -9999 -9999 -9999 -9999 -9999 -9999 -9999 -9999 -9999 -9999 -9999 9.649218 9.641343 9.635044 9.636226 9.637406 9.63465 9.633076 9.629927 9.624021 9.621264 9.627171 -9999 -9999 -9999 -9999 -9999 -9999 -9999 -9999 -9999 -9999 -9999 -9999 -9999 -9999 -9999 -9999 -9999 -9999 -9999 -9999 -9999 -9999 -9999
-9999 -9999 -9999 -9999 -9999 -9999 -9999 -9999 -9999 -9999 -9999 -9999 -9999 -9999 -9999 -9999 -9999 -9999 -9999 -9999 -9999 -9999 -9999 -9999 -9999 -9999 -9999 -9999 -9999 -9999 -9999 -9999 -9999 -9999 -9999 -9999 9.611816 9.597643 9.587013 9.579926 9.577564 9.575596 9.576777 9.582289 9.591737 -9999 -9999 -9999 -9999 -9999 -9999 -9999 -9999 -9999 -9999 -9999 -9999 -9999 -9999 -9999 -9999 -9999 -9999 -9999 -9999 -9999 -9999 -9999 -9999
-9999 -9999 -9999 -9999 -9999 -9999 -9999 -9999 -9999 -9999 -9999 -9999 -9999 -9999 -9999 -9999 -9999 -9999 -9999 -9999 -9999 -9999 -9999 -9999 -9999 -9999 -9999 -9999 -9999 -9999 -9999 -9999 -9999 -9999 -9999 -9999 -9999 -9999 9.54528 9.529139 9.520477 9.521265 9.531895 -9999 -9999 -9999 -9999 -9999 -9999 -9999 -9999 -9999 -9999 -9999 -9999 -9999 -9999 -9999 -9999 -9999 -9999 -9999 -9999 -9999 -9999 -9999 -9999 -9999 -9999
-9999 -9999 -9999 -9999 -9999 -9999 -9999 -9999 -9999 -9999 -9999 -9999 -9999 -9999 -9999 -9999 -9999 -9999 -9999 -9999 -9999 -9999 -9999 -9999 -9999 -9999 -9999 -9999 -9999 -9999 -9999 -9999 -9999 -9999 -9999 -9999 -9999 -9999 -9999 9.484651 9.472053 9.475595 9.492524 -9999 -9999 -9999 -9999 -9999 -9999 -9999 -9999 -9999 -9999 -9999 -9999 -9999 -9999 -9999 -9999 -9999 -9999 -9999 -9999 -9999 -9999 -9999 -9999 -9999 -9999
-9999 -9999 -9999 -9999 -9999 -9999 -9999 -9999 -9999 -9999 -9999 -9999 -9999 -9999 -9999 -9999 -9999 -9999 -9999 -9999 -9999 -9999 -9999 -9999 -9999 -9999 -9999 -9999 -9999 -9999 -9999 -9999 -9999 -9999 -9999 -9999 -9999 -9999 -9999 -9999 9.440163 9.443706 -9999 -9999 -9999 -9999 -9999 -9999 -9999 -9999 -9999 -9999 -9999 -9999 -9999 -9999 -9999 -9999 -9999 -9999 -9999 -9999 -9999 -9999 -9999 -9999 -9999 -9999 -9999
