ASPA-UH-SWB2_REPO/input/Gridded_rain/prism_ppt_tutuila_30yr_normal_10.asc
ncols         350
nrows         200
xllcorner     515000
yllcorner     8409000
cellsize      100
NODATA_value  -9999
[rows 62 to 92 of 200, columns 276 to 344 of 350]
10.42638 10.38544 10.3504 10.30552 10.26654 10.21969 10.1756 10.12756 10.0815 10.0378 10 9.96536 9.938194 9.90591 9.857486 9.801187 9.752367 9.712604 9.667328 9.625202 9.577958 9.527564 9.481501 9.455517 9.422052 9.381894 9.343705 9.283469 9.201186 9.109847 9.008272 8.888981 8.764177 8.646461 8.54213 8.446855 8.35276 8.258666 8.161816 8.061815 7.962209 7.864177 7.765752 7.670083 7.572051 7.472445 7.385437 7.300791 7.242523 7.209846 -9999 -9999 -9999 -9999 -9999 -9999 -9999 -9999 -9999 -9999 -9999 -9999 -9999 -9999 -9999 -9999 -9999 -9999 -9999
10.38505 10.3563 10.3189 10.28268 10.23859 10.2004 10.15434 10.10709 10.0626 10.02205 9.980714 9.946068 9.912997 9.870872 9.823234 9.763784 9.71536 9.674415 9.627957 9.575596 9.521659 9.465359 9.41221 9.357879 9.316934 9.283075 9.252761 9.200398 9.132682 9.049611 8.948036 8.832682 8.71024 8.591343 8.476382 8.371657 8.275201 8.182287 8.085831 7.987799 7.892524 7.798036 7.705122 7.617327 7.527169 7.435831 7.35276 7.28583 7.24213 7.224413 -9999 -9999 -9999 -9999 -9999 -9999 -9999 -9999 -9999 -9999 -9999 -9999 -9999 -9999 -9999 -9999 -9999 -9999 -9999
10.33938 10.3063 10.27363 10.24056 10.20394 10.16063 10.1193 10.07638 10.03465 9.988194 9.943706 9.906304 9.857092 9.811028 9.755123 9.702761 9.657485 9.607485 9.55906 9.50591 9.444887 9.388588 9.32402 9.259454 9.205517 9.169296 9.14843 9.116146 9.046461 8.966146 8.878351 8.771264 8.654335 8.533863 8.416933 8.308272 8.204335 8.10276 8.009847 7.917721 7.82402 7.733862 7.648823 7.563784 7.483075 7.403941 7.337405 7.287012 7.255122 7.233862 -9999 -9999 -9999 -9999 -9999 -9999 -9999 -9999 -9999 -9999 -9999 -9999 -9999 -9999 -9999 -9999 -9999 -9999 -9999
10.26851 10.24567 10.21615 10.18347 10.14961 10.11182 10.07166 10.02993 9.986225 9.942525 9.88347 9.821265 9.772446 9.722445 9.66969 9.619296 9.572052 9.52599 9.470083 9.411029 9.35591 9.29213 9.224021 9.156697 9.094887 9.054336 9.044493 9.013784 8.947642 8.868902 8.79213 8.699217 8.591343 8.477957 8.362996 8.250004 8.140949 8.04213 7.946067 7.853941 7.764965 7.678744 7.59961 7.523232 7.454335 7.394492 7.343705 7.306303 7.272839 7.261027 -9999 -9999 -9999 -9999 -9999 -9999 -9999 -9999 -9999 -9999 -9999 -9999 -9999 -9999 -9999 -9999 -9999 -9999 -9999
10.1819 10.16418 10.14371 10.11339 10.07993 10.04882 10.01103 9.968116 9.925202 9.86969 9.802367 9.735438 9.673627 9.613391 9.563391 9.51969 9.474414 9.426777 9.370084 9.304729 9.241737 9.176776 9.109059 9.038981 8.974414 8.938193 8.929138 8.892525 8.833469 8.766147 8.694099 8.610635 8.518508 8.418509 8.311815 8.20276 8.096461 7.997248 7.898429 7.809846 7.725201 7.644098 7.569295 7.507484 7.450791 7.401578 7.369689 7.336618 7.30709 -9999 -9999 -9999 -9999 -9999 -9999 -9999 -9999 -9999 -9999 -9999 -9999 -9999 -9999 -9999 -9999 -9999 -9999 -9999 -9999
10.0878 10.07166 10.05315 10.02914 10.00079 9.971659 9.935832 9.894493 9.850793 9.796068 9.733076 9.657091 9.579926 9.515359 9.458666 9.411029 9.362603 9.309454 9.249611 9.187407 9.118902 9.048823 8.980713 8.90906 8.849217 8.814178 8.801186 8.770477 8.714965 8.651973 8.586618 8.514177 8.433075 8.349216 8.256697 8.159846 8.060241 7.962603 7.872445 7.785831 7.705516 7.63465 7.568902 7.509059 7.458665 7.425594 7.401185 7.36772 -9999 -9999 -9999 -9999 -9999 -9999 -9999 -9999 -9999 -9999 -9999 -9999 -9999 -9999 -9999 -9999 -9999 -9999 -9999 -9999 -9999
9.979532 9.971265 9.953548 9.933076 9.910241 9.879927 9.847249 9.810635 9.771659 9.723627 9.658667 9.584651 9.507879 9.435438 9.366146 9.306304 9.2441 9.185438 9.126383 9.060241 8.990556 8.921659 8.851973 8.783075 8.729532 8.696461 8.67717 8.648824 8.596461 8.535044 8.47717 8.409453 8.339375 8.267327 8.187406 8.103154 8.016146 7.927169 7.844492 7.764965 7.69528 7.630713 7.57087 7.515752 7.47087 7.439374 7.421264 -9999 -9999 -9999 -9999 -9999 -9999 -9999 -9999 -9999 -9999 -9999 -9999 -9999 -9999 -9999 -9999 -9999 -9999 -9999 -9999 -9999 -9999
9.863785 9.857879 9.847249 9.828745 9.807486 9.78032 9.747249 9.706697 9.665359 9.623233 9.563391 9.500399 9.427958 9.351186 9.277958 9.207879 9.144493 9.077957 9.009454 8.944099 8.876383 8.808666 8.741736 8.6815 8.627957 8.590162 8.569296 8.531501 8.480713 8.430319 8.367721 8.301186 8.240949 8.17717 8.105123 8.030713 7.953154 7.875201 7.801972 7.735044 7.674413 7.619295 7.56772 7.518114 7.478744 7.443311 -9999 -9999 -9999 -9999 -9999 -9999 -9999 -9999 7.468114 7.457484 7.44961 7.449216 -9999 -9999 -9999 -9999 -9999 -9999 -9999 -9999 -9999 -9999 -9999
9.740556 9.739375 9.731108 9.718115 9.696068 9.672446 9.635044 9.588588 9.543312 9.494886 9.442131 9.383076 9.320477 9.255123 9.1878 9.116146 9.049217 8.981501 8.913784 8.849217 8.783469 8.718115 8.653547 8.594887 8.54213 8.497643 8.466146 8.42402 8.375595 8.322839 8.262997 8.204729 8.147642 8.087406 8.023232 7.95591 7.887012 7.822839 7.757878 7.701972 7.65276 7.609453 7.568508 7.527169 -9999 -9999 -9999 -9999 -9999 -9999 7.522445 7.520082 7.525988 7.523232 7.504334 7.48898 7.476776 7.472051 7.467327 7.455122 7.453547 7.458665 -9999 -9999 -9999 -9999 -9999 -9999 -9999
9.61654 9.612209 9.606698 9.595675 9.580713 9.557486 9.512604 9.459454 9.410635 9.361029 9.30906 9.254729 9.200398 9.139375 9.075595 9.014178 8.940949 8.876383 8.814178 8.748823 8.685044 8.623233 8.562209 8.501185 8.451579 8.405516 8.360634 8.31772 8.270083 8.219296 8.169295 8.118902 8.065752 8.014571 7.951972 7.892524 7.839768 7.783469 7.731106 7.683075 7.642917 7.609847 7.578744 -9999 -9999 -9999 -9999 -9999 -9999 7.585437 7.566933 7.567327 7.572051 7.563784 7.547248 7.528744 7.512208 7.498035 7.485437 7.471264 7.464571 7.466539 7.470476 -9999 -9999 -9999 -9999 -9999 -9999
9.479926 9.48032 9.477958 9.471659 9.456697 9.429139 9.380713 9.32284 9.271658 9.22717 9.1815 9.129139 9.074808 9.015359 8.952367 8.888587 8.823233 8.75906 8.69528 8.629532 8.567721 8.50906 8.453941 8.400398 8.34961 8.301972 8.256697 8.21339 8.172445 8.127563 8.082288 8.037406 8.000792 7.958272 7.898036 7.849216 7.80591 7.755516 7.717327 7.680713 7.644492 7.616539 -9999 -9999 -9999 -9999 -9999 -9999 7.653547 7.640555 7.632681 7.636618 7.629925 7.612602 7.594099 7.568114 7.550791 7.530713 7.511421 7.492917 7.482681 7.479531 7.478744 7.471264 -9999 -9999 -9999 -9999 -9999
9.346067 9.347643 9.344887 9.34095 9.331501 9.292524 9.240556 9.187013 9.1378 9.096067 9.053154 9.00591 8.950005 8.892918 8.830319 8.766933 8.704335 8.637799 8.575201 8.514177 8.453547 8.397642 8.346461 8.297642 8.248823 8.204335 8.163784 8.121264 8.081894 8.042523 8.004334 7.977957 7.955516 -9999 7.856303 7.815358 -9999 7.74646 7.717327 -9999 -9999 -9999 -9999 -9999 -9999 -9999 -9999 7.709059 7.703154 7.703547 7.711028 7.705909 7.687012 7.66772 7.642524 7.618114 7.593311 7.568902 7.54213 7.518508 7.504334 7.496067 7.487012 7.476382 7.468114 -9999 -9999 -9999 -9999
9.1815 9.216146 9.215359 9.20906 9.191343 9.150398 9.098036 9.047249 9.001579 8.969296 8.924808 8.87717 8.828745 8.772052 8.714178 8.653154 8.586225 8.52717 8.468115 8.407878 8.348824 8.294493 8.250792 8.214571 8.170477 8.117721 8.073233 8.0378 7.999217 7.965752 7.940949 7.935831 -9999 -9999 -9999 -9999 -9999 -9999 -9999 -9999 -9999 -9999 -9999 -9999 -9999 -9999 7.74961 7.755516 7.753941 7.765752 7.768902 7.755122 7.739768 7.718902 7.696067 7.675594 7.648823 7.616146 7.580319 7.550397 7.529531 7.514965 7.498823 7.480712 7.474413 7.47402 -9999 -9999 -9999
9.03465 9.055122 9.072446 9.07402 9.0378 9.000399 8.953941 8.903548 8.875201 8.837406 8.798036 8.755122 8.703941 8.655123 8.59961 8.540556 8.481107 8.422839 8.364572 8.310635 8.256697 8.211815 8.187799 8.156697 8.109847 8.050004 7.993311 7.966539 7.922051 7.904335 7.894492 7.889768 -9999 -9999 -9999 -9999 -9999 -9999 -9999 -9999 -9999 -9999 -9999 -9999 -9999 7.78898 7.799217 7.785437 7.795673 7.803154 7.794098 7.781106 7.768508 7.754728 7.743311 7.72717 7.703547 7.670476 7.628744 7.587799 7.559453 7.537012 7.513783 7.489374 7.480319 7.4815 7.48465 -9999 -9999
8.890162 8.907091 8.918509 8.91339 8.889375 8.851973 8.809453 8.779139 8.749611 8.714965 8.67717 8.636225 8.589375 8.539374 8.488194 8.433469 8.376382 8.319296 8.266933 8.218115 8.174808 8.162209 8.151973 -9999 -9999 7.962996 7.932288 7.896854 7.869296 7.858272 7.854335 -9999 -9999 -9999 -9999 -9999 -9999 -9999 -9999 -9999 -9999 -9999 -9999 -9999 7.813784 7.822051 7.814177 7.814571 7.812603 7.807484 7.79528 7.78465 7.775595 7.772445 7.772445 7.762602 7.744099 7.716146 7.67835 7.635437 7.597641 7.564964 7.532681 7.501185 7.487799 7.487799 7.492524 7.495673 -9999
8.753154 8.767327 8.773626 8.764965 8.746855 8.715753 8.687406 8.664572 8.635438 8.603154 8.565752 8.523626 8.481894 8.432288 8.381894 8.330713 8.277563 8.22717 8.179138 8.138193 8.124807 8.117721 -9999 -9999 -9999 -9999 7.880713 -9999 7.839374 -9999 -9999 -9999 -9999 -9999 -9999 -9999 -9999 -9999 -9999 -9999 -9999 -9999 -9999 7.833468 7.833468 7.831106 7.829925 7.821264 7.81339 7.800791 7.792524 7.783075 7.779531 7.780319 7.779531 7.779138 7.768902 7.748823 7.718508 7.682681 7.640949 7.597641 7.555516 7.515752 7.496067 7.494098 7.498823 7.503941 -9999
8.643705 8.644099 8.644886 8.639769 8.623627 8.602366 8.581107 8.55591 8.52717 8.496855 8.459454 8.420871 8.377957 8.331106 8.282681 8.235831 8.187012 8.142524 8.100792 8.088981 8.088587 -9999 -9999 -9999 -9999 -9999 -9999 -9999 -9999 -9999 -9999 -9999 -9999 -9999 -9999 -9999 -9999 -9999 -9999 -9999 -9999 -9999 7.835831 7.834256 7.837406 7.842524 7.829925 7.820477 7.804729 7.79528 7.789374 7.785831 7.785043 7.783469 7.783862 7.783469 7.779925 7.768508 7.750398 7.723232 7.682287 7.632681 7.580712 7.532287 7.506303 7.500791 7.505122 7.51024 7.516146
8.55276 8.544493 8.538587 8.533075 8.518902 8.502367 8.483075 8.456697 8.426776 8.393705 8.360241 8.326383 8.285044 8.239768 8.193312 8.148823 8.11024 8.079926 8.058271 8.051579 -9999 -9999 -9999 -9999 -9999 -9999 -9999 -9999 -9999 -9999 -9999 -9999 -9999 -9999 -9999 -9999 -9999 -9999 -9999 -9999 -9999 7.83465 7.835831 7.835831 7.84528 7.835831 7.829138 7.811815 7.797642 7.79213 7.790555 7.789768 7.787405 7.787012 7.787012 7.783862 7.782288 7.780713 7.774807 7.754728 7.717721 7.666146 7.607484 7.550397 7.51772 7.507878 7.511027 7.516933 7.522445
8.47087 8.462209 8.451973 8.44213 8.429532 8.411028 8.390555 8.366146 8.335831 8.304335 8.272052 8.239374 8.201185 8.158666 8.117327 8.080319 8.059059 8.053548 8.033862 -9999 -9999 -9999 -9999 -9999 -9999 -9999 -9999 -9999 -9999 -9999 -9999 -9999 -9999 -9999 -9999 -9999 -9999 -9999 -9999 -9999 -9999 7.835831 7.835831 7.840161 7.843705 7.836225 7.821264 7.80276 7.792524 7.791736 7.791736 7.789374 7.787799 7.787012 7.786224 7.785043 7.784256 7.789374 7.791343 7.77835 7.745673 7.694492 7.630713 7.568508 7.529531 7.515752 7.518114 7.52402 7.529531
8.398036 8.389768 8.378351 8.366146 8.350398 8.330319 8.306697 8.285044 8.259059 8.22717 8.200791 8.168509 8.131894 8.09528 8.059847 8.03583 -9999 -9999 -9999 -9999 -9999 -9999 -9999 -9999 -9999 -9999 -9999 -9999 -9999 -9999 -9999 -9999 -9999 -9999 -9999 -9999 -9999 -9999 -9999 -9999 -9999 7.839374 7.839768 7.841342 7.841342 7.836618 7.814571 7.797248 7.790949 7.788193 7.788193 7.788587 7.787799 7.786224 7.78465 7.787012 7.791736 7.798036 7.802366 7.794886 7.766933 7.714571 7.647642 7.583468 7.540949 7.524413 7.524807 7.531106 7.537405
8.335831 8.326383 8.312997 8.298823 8.281107 8.259059 8.236225 8.215359 8.195674 8.172839 8.150398 8.120871 8.090949 8.064178 8.02087 -9999 -9999 -9999 -9999 -9999 -9999 -9999 -9999 -9999 -9999 -9999 -9999 -9999 -9999 -9999 -9999 -9999 -9999 -9999 -9999 -9999 -9999 -9999 -9999 -9999 -9999 7.838193 7.83898 7.839374 7.842917 7.833468 7.808272 7.789768 7.785831 7.785437 7.785043 7.785831 7.786224 7.786618 7.78898 7.794492 7.800398 7.80591 7.81024 7.806303 7.77835 7.723626 7.657484 7.592917 7.54961 7.532681 7.532681 7.53898 7.544492
8.285831 8.267721 8.254335 8.239374 8.220477 8.19528 8.17717 8.162996 8.154335 8.144098 -9999 -9999 -9999 -9999 -9999 -9999 -9999 -9999 -9999 -9999 -9999 -9999 -9999 -9999 -9999 -9999 -9999 -9999 -9999 -9999 -9999 -9999 -9999 -9999 -9999 -9999 -9999 -9999 -9999 -9999 -9999 -9999 7.835437 7.837012 7.840161 7.827169 7.804335 7.787012 7.781894 7.782288 7.783862 7.785437 7.788587 7.792524 7.797642 7.803154 7.808272 7.81339 7.816539 7.809846 7.779531 7.724807 7.659453 7.595673 7.55709 7.541736 7.541342 7.547248 7.551579
8.24528 8.22402 8.203547 8.186619 8.165752 8.146461 8.135043 8.130713 -9999 -9999 -9999 -9999 -9999 -9999 -9999 -9999 -9999 -9999 -9999 -9999 -9999 -9999 -9999 -9999 -9999 -9999 -9999 -9999 -9999 -9999 -9999 -9999 -9999 -9999 -9999 -9999 -9999 -9999 -9999 -9999 -9999 -9999 -9999 7.83465 7.83898 7.828744 7.804729 7.787012 7.782288 7.7815 7.785437 7.789768 7.794098 7.798823 7.803547 7.808272 7.812996 7.816539 7.815752 7.805122 7.77402 7.720083 7.653941 7.598035 7.564177 7.550397 7.551185 7.555516 7.558271
-9999 8.186225 8.164571 8.140949 8.128744 8.117327 -9999 -9999 -9999 -9999 -9999 -9999 -9999 -9999 -9999 -9999 -9999 -9999 -9999 -9999 -9999 -9999 -9999 -9999 -9999 -9999 -9999 -9999 -9999 -9999 -9999 -9999 -9999 -9999 -9999 -9999 -9999 -9999 -9999 -9999 -9999 -9999 -9999 -9999 7.844492 7.835043 7.811815 7.792524 7.783469 7.781894 7.784256 7.788587 7.792917 7.797248 7.801579 7.80591 7.809453 7.81024 7.808665 7.796854 7.76339 7.708272 7.649217 7.600004 7.57087 7.559846 7.560634 7.562603 -9999
-9999 -9999 8.130713 8.117327 8.107878 8.098036 -9999 -9999 -9999 -9999 -9999 -9999 -9999 -9999 -9999 -9999 -9999 -9999 -9999 -9999 -9999 -9999 -9999 -9999 -9999 -9999 -9999 -9999 -9999 -9999 -9999 -9999 -9999 -9999 -9999 -9999 -9999 -9999 -9999 -9999 -9999 -9999 -9999 -9999 -9999 7.836618 7.812603 7.796461 7.781106 7.776776 7.776382 7.778744 7.782681 7.786618 7.790555 7.794492 7.798429 7.800791 7.798429 7.783862 7.749217 7.698429 7.643311 7.600791 7.577563 7.569689 7.568508 7.569295 -9999
-9999 -9999 -9999 8.11024 -9999 -9999 -9999 -9999 -9999 -9999 -9999 -9999 -9999 -9999 -9999 -9999 -9999 -9999 -9999 -9999 -9999 -9999 -9999 -9999 -9999 -9999 -9999 -9999 -9999 -9999 -9999 -9999 -9999 -9999 -9999 -9999 -9999 -9999 -9999 -9999 -9999 -9999 -9999 -9999 -9999 -9999 7.810634 7.792524 7.781894 7.771657 7.771264 7.774414 7.777957 7.7815 7.785043 7.788587 7.79213 7.79528 7.791736 7.772839 7.736618 7.685831 7.636618 7.603154 7.585437 7.577957 7.577957 -9999 -9999
-9999 -9999 -9999 -9999 -9999 -9999 -9999 -9999 -9999 -9999 -9999 -9999 -9999 -9999 -9999 -9999 -9999 -9999 -9999 -9999 -9999 -9999 -9999 -9999 -9999 -9999 -9999 -9999 -9999 -9999 -9999 -9999 -9999 -9999 -9999 -9999 -9999 -9999 -9999 -9999 -9999 -9999 -9999 -9999 -9999 -9999 -9999 7.791736 7.785437 7.781106 7.777169 7.77835 7.7815 7.78465 7.787405 7.790949 7.794098 7.794886 7.785437 7.76024 7.719296 7.671658 7.632288 7.607484 7.592917 7.58898 -9999 -9999 -9999
-9999 -9999 -9999 -9999 -9999 -9999 -9999 -9999 -9999 -9999 -9999 -9999 -9999 -9999 -9999 -9999 -9999 -9999 -9999 -9999 -9999 -9999 -9999 -9999 -9999 -9999 -9999 -9999 -9999 -9999 -9999 -9999 -9999 -9999 -9999 -9999 -9999 -9999 -9999 -9999 -9999 -9999 -9999 -9999 -9999 -9999 -9999 -9999 7.793311 7.793705 7.792524 7.78898 7.78898 7.791343 7.793705 7.796461 7.797642 7.791736 7.772839 7.741736 7.700791 7.661815 7.633075 7.61339 7.603547 -9999 -9999 -9999 -9999
-9999 -9999 -9999 -9999 -9999 -9999 -9999 -9999 -9999 -9999 -9999 -9999 -9999 -9999 -9999 -9999 -9999 -9999 -9999 -9999 -9999 -9999 -9999 -9999 -9999 -9999 -9999 -9999 -9999 -9999 -9999 -9999 -9999 -9999 -9999 -9999 -9999 -9999 -9999 -9999 -9999 -9999 -9999 -9999 -9999 -9999 -9999 -9999 -9999 7.806303 7.809453 7.807091 7.801972 7.800004 7.799217 7.801185 7.795673 7.781106 7.756697 7.723626 7.688193 7.659453 7.638193 7.622838 -9999 -9999 -9999 -9999 -9999
-9999 -9999 -9999 -9999 -9999 -9999 -9999 -9999 -9999 -9999 -9999 -9999 -9999 -9999 -9999 -9999 -9999 -9999 -9999 -9999 -9999 -9999 -9999 -9999 -9999 -9999 -9999 -9999 -9999 -9999 -9999 -9999 -9999 -9999 -9999 -9999 -9999 -9999 -9999 -9999 -9999 -9999 -9999 -9999 -9999 -9999 -9999 -9999 -9999 -9999 7.824807 7.824413 7.818902 7.811815 7.805516 7.801579 7.789374 7.770083 7.743705 7.712996 7.685043 7.664571 7.647248 -9999 -9999 -9999 -9999 -9999 -9999
-9999 -9999 -9999 -9999 -9999 -9999 -9999 -9999 -9999 -9999 -9999 -9999 -9999 -9999 -9999 -9999 -9999 -9999 -9999 -9999 -9999 -9999 -9999 -9999 -9999 -9999 -9999 -9999 -9999 -9999 -9999 -9999 -9999 -9999 -9999 -9999 -9999 -9999 -9999 -9999 -9999 -9999 -9999 -9999 -9999 -9999 -9999 -9999 -9999 -9999 7.838193 7.833468 7.828744 7.821658 -9999 7.801972 7.7815 7.760634 7.736225 7.712996 7.69213 7.670476 -9999 -9999 -9999 -9999 -9999 -9999 -9999
