ASPA-UH-SWB2_REPO/input/Gridded_rain/prism_ppt_tutuila_30yr_normal_11.asc
ncols         350
nrows         200
xllcorner     515000
yllcorner     8409000
cellsize      100
NODATA_value  -9999
[rows 31 to 61 of 200, columns 138 to 206 of 350]
-9999 -9999 -9999 -9999 -9999 -9999 -9999 -9999 -9999 -9999 -9999 -9999 -9999 -9999 -9999 -9999 -9999 -9999 -9999 -9999 -9999 -9999 -9999 -9999 -9999 -9999 -9999 -9999 -9999 -9999 -9999 -9999 -9999 -9999 -9999 -9999 -9999 -9999 -9999 -9999 -9999 -9999 -9999 -9999 -9999 -9999 -9999 -9999 -9999 -9999 -9999 -9999 -9999 -9999 -9999 -9999 -9999 -9999 -9999 10.28189 10.19134 10.15906 10.13268 10.10434 10.07441 10.03819 9.99725 9.946068 9.898824
-9999 -9999 -9999 -9999 -9999 -9999 -9999 -9999 -9999 -9999 -9999 -9999 -9999 -9999 -9999 -9999 -9999 -9999 -9999 -9999 -9999 -9999 -9999 -9999 -9999 -9999 -9999 -9999 -9999 -9999 -9999 -9999 -9999 -9999 -9999 -9999 -9999 -9999 -9999 -9999 -9999 -9999 -9999 -9999 -9999 -9999 -9999 -9999 -9999 -9999 -9999 -9999 -9999 10.61733 10.53426 10.52284 10.54804 10.55394 10.53386 10.48623 10.44213 10.41969 10.39292 10.36063 10.32599 10.28898 10.24449 10.19646 10.14804
-9999 -9999 -9999 -9999 -9999 -9999 -9999 -9999 -9999 -9999 -9999 -9999 -9999 -9999 -9999 -9999 -9999 -9999 -9999 -9999 -9999 -9999 -9999 -9999 -9999 -9999 -9999 -9999 -9999 -9999 -9999 -9999 -9999 -9999 -9999 -9999 -9999 -9999 -9999 -9999 -9999 -9999 -9999 -9999 -9999 -9999 -9999 -9999 -9999 10.8752 10.88701 -9999 10.86457 10.78741 10.74725 10.75315 10.7689 10.76969 10.7626 10.7378 10.72441 10.70001 10.67166 10.64056 10.60434 10.563 10.51733 10.4693 10.41851
-9999 -9999 -9999 -9999 -9999 -9999 -9999 -9999 -9999 -9999 -9999 -9999 -9999 -9999 -9999 -9999 -9999 -9999 -9999 -9999 -9999 -9999 -9999 -9999 -9999 -9999 -9999 -9999 -9999 -9999 -9999 -9999 -9999 -9999 -9999 -9999 -9999 -9999 -9999 -9999 -9999 -9999 -9999 -9999 -9999 -9999 -9999 -9999 11.04568 10.99253 10.99725 11.08111 11.04922 11.01733 11.02481 11.04056 11.05276 11.05473 11.04568 11.03465 11.0189 10.99882 10.97245 10.94292 10.90434 10.86182 10.81379 10.763 10.70158
-9999 -9999 -9999 -9999 -9999 -9999 -9999 -9999 -9999 -9999 -9999 -9999 -9999 -9999 -9999 -9999 -9999 -9999 -9999 -9999 -9999 -9999 -9999 -9999 -9999 -9999 -9999 -9999 -9999 -9999 -9999 -9999 -9999 -9999 -9999 -9999 -9999 -9999 -9999 -9999 -9999 -9999 -9999 -9999 -9999 -9999 11.29016 11.26969 11.22481 11.19056 11.22638 11.29646 11.29646 11.31851 11.34174 11.35631 11.36772 11.37245 11.36457 11.35001 11.33347 11.31575 11.29568 11.26379 11.22245 11.17914 11.12993 11.07284 11.01418
-9999 -9999 -9999 -9999 -9999 -9999 -9999 -9999 -9999 -9999 -9999 -9999 -9999 -9999 -9999 -9999 -9999 -9999 -9999 -9999 -9999 -9999 -9999 -9999 -9999 -9999 -9999 -9999 -9999 -9999 -9999 -9999 -9999 -9999 -9999 -9999 -9999 -9999 -9999 -9999 -9999 -9999 -9999 -9999 -9999 -9999 11.44922 11.44134 11.44961 11.49489 11.54056 11.58662 11.62008 11.65434 11.67796 11.69725 11.71024 11.71103 11.70316 11.69253 11.67638 11.65867 11.63465 11.60316 11.56221 11.51733 11.46339 11.4067 11.34174
-9999 -9999 -9999 -9999 -9999 -9999 -9999 -9999 -9999 -9999 -9999 -9999 -9999 -9999 -9999 -9999 -9999 -9999 -9999 -9999 -9999 -9999 -9999 -9999 -9999 -9999 -9999 -9999 -9999 -9999 -9999 -9999 -9999 -9999 -9999 -9999 -9999 -9999 -9999 -9999 -9999 -9999 -9999 -9999 -9999 11.69174 11.67087 11.69056 11.76575 11.83072 11.89095 11.93465 11.97205 12.00552 12.03701 12.05749 12.07087 12.07166 12.06812 12.05434 12.04292 12.01615 11.99213 11.96103 11.91969 11.8693 11.8189 11.7567 11.69449
-9999 -9999 -9999 -9999 -9999 -9999 -9999 -9999 -9999 -9999 -9999 -9999 -9999 -9999 -9999 -9999 -9999 -9999 -9999 -9999 -9999 -9999 -9999 -9999 -9999 -9999 -9999 -9999 -9999 -9999 -9999 -9999 -9999 -9999 -9999 -9999 -9999 -9999 -9999 -9999 -9999 11.68938 11.76339 -9999 11.90355 11.93347 11.95512 12.03662 12.11851 12.19331 12.25198 12.30512 12.34449 12.3815 12.41182 12.43268 12.44764 12.45473 12.44882 12.43938 12.41851 12.39607 12.36733 12.33386 12.29016 12.24016 12.18977 12.12757 12.05552
-9999 -9999 -9999 -9999 -9999 -9999 -9999 -9999 -9999 -9999 -9999 -9999 -9999 -9999 -9999 -9999 -9999 -9999 -9999 -9999 -9999 -9999 -9999 -9999 -9999 -9999 -9999 -9999 -9999 -9999 -9999 -9999 -9999 -9999 -9999 -9999 -9999 -9999 -9999 -9999 11.84961 11.87323 11.9504 12.08111 12.16733 12.21772 12.31379 12.40355 12.4878 12.56812 12.63701 12.68426 12.73229 12.77009 12.8004 12.82205 12.83701 12.84686 12.8441 12.8319 12.81457 12.79135 12.76024 12.72127 12.6752 12.62835 12.57087 12.50867 12.4382
-9999 -9999 -9999 -9999 -9999 -9999 -9999 -9999 -9999 -9999 -9999 -9999 -9999 -9999 -9999 -9999 -9999 -9999 -9999 -9999 -9999 -9999 -9999 -9999 -9999 -9999 -9999 -9999 -9999 -9999 -9999 -9999 -9999 -9999 -9999 -9999 -9999 -9999 -9999 12.05473 12.07087 12.11457 12.24292 12.39135 12.47363 12.58111 12.68662 12.78229 12.87048 12.95316 13.02205 13.07875 13.1256 13.16733 13.19764 13.22127 13.23662 13.24135 13.2445 13.24095 13.21654 13.1882 13.15827 13.12087 13.07402 13.02363 12.96497 12.9004 12.8315
-9999 -9999 -9999 -9999 -9999 -9999 -9999 -9999 -9999 -9999 -9999 -9999 -9999 -9999 -9999 -9999 -9999 -9999 -9999 -9999 -9999 -9999 -9999 -9999 -9999 -9999 -9999 -9999 -9999 -9999 -9999 -9999 -9999 -9999 -9999 -9999 -9999 -9999 12.22402 12.25867 12.31772 12.45631 12.59922 12.72717 12.84331 12.95867 13.06969 13.17048 13.26418 13.3441 13.41142 13.47205 13.52599 13.5693 13.60119 13.6252 13.64253 13.64646 13.64646 13.6378 13.61891 13.59135 13.56261 13.52245 13.4752 13.42442 13.36694 13.30237 13.2252
-9999 -9999 -9999 -9999 -9999 -9999 -9999 -9999 -9999 -9999 -9999 -9999 -9999 -9999 -9999 -9999 -9999 -9999 -9999 -9999 -9999 -9999 -9999 -9999 -9999 -9999 -9999 -9999 -9999 -9999 -9999 -9999 -9999 11.72205 11.82245 11.95749 12.11615 12.27363 12.39883 12.50473 12.65158 12.8126 12.96221 13.09764 13.2193 13.34253 13.45827 13.56339 13.65788 13.74056 13.813 13.87402 13.92993 13.97363 14.01142 14.03701 14.04922 14.05709 14.05276 14.04056 14.0256 14.00158 13.96851 13.92914 13.88229 13.82757 13.77127 13.70591 13.62914
-9999 -9999 -9999 -9999 -9999 -9999 -9999 -9999 -9999 -9999 -9999 -9999 -9999 -9999 -9999 -9999 -9999 -9999 -9999 -9999 -9999 -9999 -9999 -9999 -9999 -9999 -9999 -9999 -9999 -9999 -9999 11.82166 11.82048 11.8756 12.00552 12.17599 12.35001 12.52009 12.67796 12.83977 13.00473 13.17048 13.32481 13.46575 13.59686 13.72402 13.8441 13.9567 14.0567 14.14331 14.22048 14.2878 14.34213 14.38702 14.4256 14.45158 14.46497 14.47127 14.46891 14.45985 14.44016 14.41418 14.3819 14.33977 14.2882 14.23583 14.1756 14.10749 14.03308
-9999 -9999 -9999 -9999 -9999 -9999 -9999 -9999 -9999 -9999 -9999 -9999 -9999 -9999 -9999 -9999 -9999 -9999 -9999 -9999 -9999 -9999 -9999 -9999 -9999 -9999 -9999 -9999 -9999 -9999 11.91418 11.92875 11.98268 12.10946 12.2815 12.46182 12.64883 12.8319 13.01418 13.19056 13.36024 13.53072 13.69213 13.83662 13.9756 14.10788 14.23387 14.3504 14.45827 14.5504 14.63268 14.7004 14.75709 14.80355 14.83898 14.86497 14.88308 14.88702 14.88387 14.87442 14.85316 14.82875 14.79331 14.74646 14.69371 14.6382 14.57993 14.513 14.4378
-9999 -9999 -9999 -9999 -9999 -9999 -9999 -9999 -9999 -9999 -9999 -9999 -9999 -9999 -9999 -9999 -9999 -9999 -9999 -9999 -9999 -9999 -9999 -9999 -9999 -9999 -9999 -9999 -9999 11.99174 12.02402 12.08544 12.2193 12.40001 12.58701 12.77875 12.97284 13.1689 13.35827 13.54095 13.71576 13.88977 14.05749 14.213 14.36142 14.49883 14.62914 14.74961 14.85434 14.95552 15.04095 15.11182 15.16654 15.21103 15.24765 15.27481 15.28702 15.28977 15.28544 15.27363 15.25434 15.22993 15.19489 15.14804 15.09607 15.04016 14.9815 14.91418 14.83426
-9999 -9999 -9999 -9999 -9999 -9999 -9999 -9999 -9999 -9999 -9999 -9999 -9999 -9999 -9999 -9999 -9999 -9999 -9999 -9999 -9999 -9999 -9999 -9999 -9999 -9999 -9999 -9999 -9999 12.09489 12.163 12.31064 12.51142 12.70079 12.89646 13.09764 13.30198 13.50473 13.7004 13.8878 14.06772 14.24765 14.42402 14.59253 14.74765 14.89056 15.02442 15.14646 15.25552 15.35119 15.44174 15.50906 15.56772 15.60985 15.64607 15.66891 15.67717 15.67521 15.66654 15.65473 15.64017 15.61654 15.58111 15.53938 15.48898 15.43426 15.37363 15.30316 15.22599
-9999 -9999 -9999 -9999 -9999 -9999 -9999 -9999 -9999 -9999 -9999 -9999 -9999 -9999 -9999 -9999 -9999 -9999 -9999 -9999 -9999 -9999 -9999 -9999 -9999 -9999 -9999 -9999 12.14725 12.2256 12.37284 12.5756 12.79095 12.99961 13.20158 13.41536 13.62363 13.83072 14.03465 14.22835 14.41615 14.60513 14.78583 14.96339 15.12324 15.27599 15.40946 15.53072 15.64095 15.73623 15.82127 15.89883 15.94883 15.99174 16.02324 16.04528 16.05158 16.04528 16.03426 16.02284 16.00906 15.98426 15.95198 15.90906 15.86182 15.80749 15.74765 15.67875 15.60316
-9999 -9999 -9999 -9999 -9999 -9999 -9999 -9999 -9999 -9999 -9999 -9999 -9999 -9999 -9999 -9999 -9999 -9999 -9999 -9999 -9999 -9999 -9999 -9999 -9999 -9999 -9999 12.19135 12.2815 12.42166 12.63268 12.84961 13.07048 13.28701 13.50513 13.71654 13.93268 14.14883 14.35867 14.56143 14.75828 14.95198 15.1441 15.31733 15.48859 15.64056 15.77717 15.89253 16.00473 16.09962 16.18269 16.24922 16.30828 16.34528 16.37717 16.39686 16.40001 16.39568 16.38584 16.37442 16.3567 16.33426 16.29646 16.25434 16.20985 16.15906 16.09883 16.03032 15.95828
-9999 -9999 -9999 -9999 -9999 -9999 -9999 -9999 -9999 -9999 -9999 -9999 -9999 -9999 -9999 -9999 -9999 -9999 -9999 -9999 -9999 -9999 -9999 11.6819 -9999 -9999 12.2193 12.32993 12.47009 12.68072 12.8945 13.1256 13.34489 13.57442 13.79725 14.01261 14.23583 14.45827 14.67206 14.88544 15.08859 15.29371 15.48347 15.66103 15.83072 15.9819 16.11851 16.23938 16.33859 16.43151 16.50946 16.57836 16.62954 16.66812 16.69607 16.713 16.71733 16.71103 16.7008 16.69017 16.67717 16.64686 16.61143 16.57088 16.53229 16.4819 16.42521 16.36182 16.28505
-9999 -9999 -9999 -9999 -9999 -9999 -9999 -9999 -9999 -9999 -9999 -9999 -9999 -9999 -9999 -9999 -9999 -9999 -9999 -9999 -9999 -9999 11.7126 11.80552 11.9441 12.16497 12.33505 12.50119 12.71969 12.94292 13.16576 13.39016 13.62402 13.85237 14.07717 14.30631 14.5315 14.7567 14.97914 15.19371 15.40552 15.60906 15.80473 15.97993 16.14961 16.30119 16.43269 16.5508 16.6508 16.73308 16.80709 16.86773 16.91654 16.95119 16.97717 16.9878 16.98859 16.9815 16.97206 16.96221 16.94607 16.92363 16.88465 16.84922 16.81182 16.76772 16.71261 16.65355 16.58308
-9999 -9999 -9999 -9999 -9999 -9999 -9999 -9999 -9999 -9999 -9999 -9999 -9999 -9999 -9999 -9999 -9999 -9999 -9999 -9999 -9999 11.74725 11.82048 11.91575 12.12757 12.33111 12.52009 12.74371 12.96969 13.19764 13.42757 13.65394 13.8882 14.11851 14.34961 14.58465 14.81694 15.04646 15.27363 15.48977 15.69843 15.90749 16.10119 16.27717 16.43544 16.58505 16.71457 16.82678 16.92521 17.00237 17.06654 17.11536 17.16182 17.1941 17.20985 17.21694 17.21261 17.20513 17.19725 17.18859 17.17639 17.14961 17.11654 17.0819 17.05001 17.00788 16.95552 16.9004 16.84056
-9999 -9999 -9999 -9999 -9999 -9999 -9999 -9999 -9999 -9999 -9999 -9999 -9999 -9999 -9999 -9999 -9999 -9999 -9999 -9999 11.77638 11.84253 11.94528 12.12284 12.32953 12.53623 12.75473 12.98308 13.21497 13.44568 13.67717 13.90985 14.13859 14.3756 14.61261 14.8504 15.08465 15.32127 15.54961 15.76654 15.97521 16.18072 16.37166 16.53898 16.69174 16.8315 16.95513 17.06143 17.15158 17.22481 17.27796 17.32048 17.3571 17.38347 17.39765 17.39922 17.39371 17.38741 17.37993 17.37245 17.35513 17.33505 17.30473 17.27324 17.24213 17.20316 17.15631 17.10198 17.0504
-9999 -9999 -9999 -9999 -9999 -9999 -9999 -9999 -9999 -9999 -9999 -9999 -9999 -9999 -9999 -9999 -9999 -9999 -9999 -9999 11.85985 11.97087 12.14331 12.34331 12.55355 12.76694 12.98977 13.21733 13.44843 13.68387 13.91576 14.1504 14.38308 14.61969 14.86103 15.09922 15.33623 15.57166 15.79843 16.01536 16.2256 16.42796 16.60946 16.76969 16.91458 17.04332 17.15709 17.25237 17.3319 17.39332 17.44292 17.4819 17.50749 17.52639 17.54017 17.53899 17.53151 17.52363 17.51261 17.50119 17.4882 17.46812 17.44528 17.42166 17.39371 17.3567 17.31182 17.26772 17.21851
-9999 -9999 -9999 -9999 -9999 -9999 -9999 -9999 -9999 -9999 -9999 -9999 -9999 -9999 -9999 -9999 -9999 -9999 -9999 11.88071 11.99331 12.16182 12.3567 12.56103 12.7756 12.99764 13.22166 13.44646 13.67835 13.91103 14.1445 14.37914 14.61339 14.85473 15.0945 15.33347 15.56615 15.79489 16.02166 16.24095 16.44371 16.63741 16.81458 16.96694 17.10276 17.22009 17.31694 17.39686 17.46536 17.52599 17.5693 17.59765 17.62403 17.6382 17.64253 17.63859 17.62836 17.61379 17.59843 17.5815 17.56576 17.55316 17.53741 17.52048 17.49883 17.46694 17.42796 17.38898 17.34765
-9999 -9999 -9999 -9999 -9999 -9999 -9999 -9999 -9999 -9999 -9999 -9999 -9999 -9999 -9999 -9999 -9999 11.83111 11.89174 12.00631 12.17875 12.37166 12.56772 12.77757 12.99686 13.22166 13.44607 13.67323 13.90237 14.13072 14.36339 14.59843 14.83505 15.07402 15.31379 15.54646 15.77402 15.99883 16.22324 16.43702 16.6319 16.81339 16.97993 17.12442 17.2504 17.35434 17.43623 17.50434 17.56773 17.62087 17.663 17.68662 17.70552 17.71339 17.71025 17.7004 17.68347 17.65906 17.63662 17.61576 17.59883 17.58899 17.5819 17.57166 17.55591 17.52993 17.49765 17.46773 17.43544
-9999 -9999 -9999 -9999 -9999 -9999 -9999 -9999 -9999 -9999 -9999 -9999 -9999 -9999 -9999 -9999 11.84331 11.89686 12.0067 12.17757 12.37796 12.57914 12.77993 12.9941 13.21575 13.43859 13.66497 13.89135 14.11694 14.3441 14.57599 14.81103 15.04528 15.27835 15.50906 15.7378 15.96024 16.18347 16.40119 16.60355 16.78859 16.95749 17.10828 17.24332 17.35631 17.44804 17.52166 17.58505 17.64017 17.68781 17.72521 17.74647 17.7504 17.74883 17.74017 17.72087 17.69607 17.66615 17.6319 17.60788 17.59253 17.58387 17.57993 17.57363 17.563 17.54646 17.52442 17.50158 17.47836
-9999 -9999 -9999 -9999 -9999 -9999 -9999 -9999 -9999 -9999 -9999 -9999 -9999 -9999 -9999 -9999 11.93741 12.01536 12.16969 12.36772 12.57599 12.78426 12.99331 13.20906 13.43072 13.65434 13.8756 14.10001 14.32363 14.54922 14.77875 15.01064 15.24095 15.46694 15.68387 15.90552 16.1256 16.34528 16.55591 16.74686 16.91733 17.07284 17.20985 17.3315 17.42993 17.51024 17.5756 17.63269 17.68426 17.72442 17.74843 17.75473 17.75473 17.7441 17.72324 17.69528 17.66497 17.62796 17.58899 17.55946 17.54214 17.53347 17.53032 17.52678 17.52009 17.51536 17.50552 17.49292 17.4756
-9999 -9999 -9999 -9999 -9999 -9999 -9999 -9999 -9999 -9999 -9999 -9999 -9999 -9999 -9999 -9999 12.07048 12.19213 12.35985 12.56418 12.77638 12.98898 13.20709 13.42087 13.64489 13.86418 14.08111 14.30001 14.52324 14.74804 14.97048 15.19765 15.42363 15.63702 15.84607 16.06064 16.27599 16.48977 16.69253 16.87127 17.02835 17.17127 17.29371 17.39607 17.4815 17.54725 17.6004 17.6504 17.68977 17.71536 17.72324 17.72284 17.71458 17.69174 17.66025 17.62678 17.5878 17.5441 17.50001 17.4693 17.44647 17.43583 17.43032 17.43151 17.43426 17.43347 17.43899 17.43781 17.43702
-9999 -9999 -9999 -9999 -9999 -9999 -9999 -9999 -9999 -9999 -9999 -9999 -9999 -9999 -9999 12.17402 12.23308 12.36969 12.56103 12.76694 12.98111 13.19607 13.41576 13.63583 13.85079 14.06694 14.28308 14.49843 14.71615 14.9378 15.15828 15.3815 15.59135 15.7945 16.00394 16.20867 16.41576 16.62127 16.81143 16.97836 17.11969 17.24922 17.3567 17.43899 17.50513 17.55552 17.59765 17.63072 17.6508 17.6567 17.65788 17.64725 17.62717 17.59568 17.55473 17.50946 17.46576 17.42166 17.37481 17.33465 17.31143 17.29607 17.28977 17.2945 17.30591 17.31615 17.32599 17.34253 17.34962
-9999 -9999 -9999 -9999 -9999 -9999 -9999 -9999 -9999 -9999 -9999 -9999 -9999 -9999 12.17757 12.28701 12.37678 12.56694 12.76575 12.97324 13.18859 13.40827 13.62048 13.8378 14.05316 14.26497 14.47835 14.69174 14.90788 15.12206 15.33583 15.54804 15.75119 15.95513 16.14765 16.34371 16.54371 16.73505 16.90828 17.06654 17.19725 17.29922 17.38702 17.44962 17.49922 17.53584 17.56103 17.57284 17.57481 17.56891 17.55198 17.53269 17.5004 17.46182 17.40828 17.35434 17.30473 17.25591 17.20828 17.16458 17.13505 17.11615 17.11143 17.11812 17.13465 17.15828 17.1819 17.20473 17.23662
-9999 -9999 -9999 -9999 -9999 -9999 -9999 -9999 -9999 -9999 -9999 -9999 -9999 12.17599 12.27678 12.37914 12.57166 12.76575 12.97127 13.17953 13.39686 13.61261 13.82166 14.0315 14.24568 14.45867 14.66851 14.8756 15.08741 15.29843 15.50276 15.70158 15.9004 16.09017 16.27914 16.47048 16.65867 16.83662 16.99725 17.1315 17.24765 17.34174 17.39961 17.44135 17.46851 17.48899 17.49725 17.4945 17.47639 17.45237 17.41891 17.38426 17.34135 17.28505 17.22206 17.16064 17.10434 17.05001 17.00434 16.95552 16.91891 16.89647 16.88898 16.90434 16.92835 16.96025 16.99686 17.0378 17.07009
