ASPA-UH-SWB2_REPO/input/Gridded_rain/prism_ppt_tutuila_30yr_normal_10.asc
ncols         350
nrows         200
xllcorner     515000
yllcorner     8409000
cellsize      100
NODATA_value  -9999
[rows 62 to 92 of 200, columns 207 to 275 of 350]
16.80709 16.77481 16.74529 16.70828 16.66969 16.62639 16.57363 16.52363 16.47324 16.42678 16.38465 16.35434 16.34292 16.35237 16.37284 16.39489 16.41497 16.42757 16.43072 16.42875 16.4256 16.41458 16.3941 16.36261 16.3252 16.28859 16.25198 16.21418 16.17166 16.12087 16.05749 15.9815 15.89213 15.7815 15.65631 15.50788 15.33702 15.16261 14.9756 14.76812 14.54135 14.30709 14.06221 13.82087 13.56851 13.30709 13.04883 12.79449 12.54528 12.29883 12.05709 11.83032 11.62323 11.42087 11.23544 11.06457 10.93426 10.84607 10.7752 10.713 10.66063 10.61064 10.57008 10.54725 10.53938 10.5378 10.52205 10.4941 10.46024
16.6445 16.62993 16.61654 16.60316 16.58229 16.55513 16.52521 16.49213 16.46064 16.42521 16.40001 16.37836 16.36694 16.37245 16.3945 16.42245 16.44528 16.46615 16.47993 16.48938 16.49292 16.48623 16.46969 16.4441 16.41654 16.38898 16.35946 16.32481 16.28387 16.22954 16.16221 16.07914 15.97599 15.85906 15.71969 15.56654 15.39174 15.2008 15.0004 14.78426 14.55473 14.31142 14.05513 13.79922 13.53386 13.2689 13.00198 12.73623 12.47914 12.2252 11.98071 11.75237 11.53859 11.33544 11.14646 10.98583 10.85906 10.76812 10.69961 10.63465 10.58032 10.53662 10.50158 10.48111 10.4815 10.48859 10.47796 10.4504 10.42402
16.45552 16.46064 16.46457 16.46773 16.46615 16.45828 16.45158 16.44056 16.42009 16.40591 16.39332 16.38505 16.38072 16.38623 16.40591 16.43229 16.45552 16.47993 16.50473 16.52127 16.52954 16.53347 16.52206 16.50788 16.48938 16.46812 16.44135 16.40867 16.36379 16.30709 16.23426 16.14095 16.02993 15.89922 15.7567 15.58505 15.40513 15.20709 14.99371 14.76576 14.52481 14.27009 14.01654 13.74607 13.47245 13.19489 12.92166 12.64922 12.37953 12.1252 11.88308 11.64528 11.4252 11.22796 11.03819 10.87717 10.75788 10.67245 10.60394 10.53426 10.4756 10.44016 10.41103 10.39449 10.40158 10.41733 10.40985 10.39095 10.36339
16.24883 16.27087 16.28859 16.30631 16.32639 16.34174 16.35158 16.35749 16.36261 16.36182 16.36851 16.37324 16.3815 16.39292 16.41103 16.43623 16.46221 16.48505 16.513 16.53662 16.55395 16.563 16.56182 16.55237 16.54135 16.52521 16.49883 16.46143 16.41143 16.34528 16.26536 16.16536 16.04607 15.90709 15.75001 15.57481 15.38229 15.17796 14.95276 14.71339 14.46182 14.20198 13.93465 13.66024 13.37875 13.09174 12.80946 12.53111 12.25985 11.99843 11.75316 11.51694 11.29725 11.08544 10.90355 10.75552 10.64134 10.5563 10.48229 10.41654 10.36182 10.32363 10.29843 10.28623 10.30552 10.3252 10.32678 10.313 10.29016
16.03072 16.06143 16.0941 16.12836 16.16418 16.19883 16.22875 16.25552 16.27796 16.29804 16.3193 16.3445 16.36261 16.38505 16.40946 16.43387 16.46457 16.49292 16.52087 16.54843 16.57166 16.5815 16.58583 16.58269 16.57166 16.55828 16.52914 16.48623 16.42442 16.34883 16.26221 16.15276 16.02442 15.87363 15.70552 15.52009 15.32205 15.1067 14.87402 14.62324 14.363 14.09764 13.8193 13.53977 13.2504 12.96221 12.67166 12.3878 12.11457 11.85158 11.59843 11.36024 11.1315 10.9252 10.75079 10.61024 10.50315 10.41969 10.34607 10.28308 10.22914 10.19449 10.17205 10.1693 10.18544 10.213 10.22638 10.2189 10.20552
15.79331 15.8382 15.88583 15.93741 15.98623 16.03544 16.08662 16.13229 16.17127 16.21025 16.24883 16.28662 16.31891 16.34962 16.38387 16.42048 16.45591 16.4882 16.5193 16.54765 16.57166 16.58505 16.5882 16.58505 16.57639 16.55749 16.52639 16.4752 16.40513 16.31891 16.21851 16.10276 15.96536 15.80513 15.62324 15.42835 15.22009 14.99765 14.75591 14.49804 14.22993 13.95473 13.67087 13.38544 13.09056 12.79725 12.50591 12.22048 11.94449 11.67914 11.42166 11.17363 10.94331 10.74528 10.58347 10.45001 10.34882 10.2693 10.19882 10.14489 10.09095 10.05985 10.04056 10.03583 10.05276 10.08701 10.1126 10.113 10.10158
15.5445 15.60316 15.66418 15.72717 15.79213 15.85828 15.92402 15.98702 16.04056 16.09646 16.15198 16.20119 16.24647 16.2882 16.33229 16.3815 16.42206 16.45985 16.49292 16.52206 16.54568 16.56182 16.56497 16.55906 16.54646 16.52009 16.4815 16.42599 16.34804 16.25316 16.14135 16.01497 15.87009 15.70001 15.50985 15.30434 15.0878 14.85394 14.60434 14.33977 14.06418 13.78072 13.49016 13.19646 12.90197 12.60434 12.31182 12.02757 11.75079 11.48111 11.21772 10.97008 10.74646 10.5563 10.40512 10.28504 10.1878 10.10867 10.0567 10.01654 9.964966 9.931501 9.903154 9.894887 9.912603 9.951186 9.985044 9.996856 9.989375
15.28465 15.35513 15.42914 15.50276 15.58229 15.66261 15.74174 15.81772 15.89017 15.9571 16.02914 16.09213 16.14883 16.20434 16.25867 16.31064 16.35906 16.39922 16.43662 16.46773 16.49017 16.50513 16.51024 16.50198 16.48111 16.44686 16.40198 16.33465 16.2504 16.14843 16.03032 15.89292 15.73662 15.55867 15.36103 15.15001 14.92284 14.68032 14.42048 14.14922 13.8693 13.57953 13.28426 12.98623 12.68859 12.39016 12.09764 11.8126 11.53583 11.263 10.99922 10.75315 10.54646 10.37323 10.22835 10.11575 10.0252 9.96654 9.935044 -9999 9.859454 9.814572 9.778746 9.751186 9.766541 9.803942 9.845675 9.872052 9.871658
15.01379 15.09528 15.17875 15.26772 15.35788 15.44883 15.54017 15.63032 15.71536 15.80001 15.8815 15.95946 16.03072 16.09528 16.15473 16.213 16.26654 16.30828 16.34725 16.37875 16.40198 16.41379 16.41576 16.4067 16.38111 16.34056 16.27914 16.20867 16.11615 16.0067 15.87954 15.73662 15.57009 15.38072 15.17639 14.9567 14.7252 14.47363 14.20513 13.92993 13.64804 13.35513 13.05513 12.75631 12.45827 12.16024 11.8689 11.58268 11.30315 11.0319 10.77048 10.54095 10.34725 10.18898 10.0567 9.949218 9.879927 9.856304 -9999 -9999 -9999 -9999 9.659453 9.627957 9.625202 9.652368 9.697642 9.73347 9.743312
14.74213 14.82639 14.92166 15.01969 15.11969 15.22048 15.32442 15.42363 15.5193 15.61851 15.71143 15.80001 15.88308 15.9567 16.02442 16.08387 16.14174 16.1878 16.22599 16.25828 16.27835 16.28465 16.28269 16.27284 16.24174 16.19489 16.13032 16.04489 15.94568 15.82678 15.69489 15.53938 15.36536 15.1693 14.95552 14.7319 14.49292 14.23544 13.96536 13.68623 13.4004 13.10552 12.80631 12.50552 12.20749 11.91418 11.6189 11.33662 11.06103 10.7878 10.53859 10.32756 10.17481 10.02638 9.904336 9.809454 9.765753 -9999 -9999 -9999 -9999 -9999 -9999 9.529139 9.502367 9.503549 9.541738 9.582289 9.60906
14.46182 14.55946 14.65946 14.76694 14.87402 14.98229 15.08977 15.20198 15.30946 15.41576 15.51969 15.61497 15.70473 15.7878 15.86221 15.92796 15.98465 16.03465 16.0752 16.10355 16.12009 16.12127 16.11418 16.09686 16.06694 16.0193 15.94568 15.85276 15.73898 15.61536 15.47245 15.31143 15.12993 14.92678 14.70631 14.47835 14.23308 13.97324 13.70237 13.42166 13.13229 12.8382 12.53977 12.23662 11.94056 11.65158 11.35985 11.07638 10.80276 10.53938 10.30709 10.163 10.03189 9.908667 9.793312 9.717722 9.688587 -9999 -9999 -9999 -9999 -9999 -9999 -9999 -9999 9.353154 9.3878 9.4315 9.466146
14.19607 14.28938 14.39528 14.50394 14.61851 14.73072 14.84765 14.96379 15.0819 15.19686 15.30276 15.40316 15.50119 15.59253 15.66733 15.7378 15.79607 15.84686 15.8878 15.9193 15.92835 15.92678 15.913 15.89017 15.85906 15.80237 15.72678 15.62796 15.5067 15.36694 15.21969 15.05788 14.86812 14.65355 14.43111 14.19765 13.95001 13.69213 13.41812 13.13426 12.84646 12.55552 12.25906 11.9626 11.66497 11.3756 11.09292 10.81024 10.53662 10.29213 10.15315 10.04567 -9999 -9999 -9999 -9999 -9999 -9999 -9999 -9999 -9999 -9999 -9999 -9999 -9999 9.199218 9.234651 9.27284 9.311816
13.92481 14.02717 14.12993 14.24292 14.35946 14.47678 14.59528 14.71969 14.84332 14.9567 15.07009 15.17481 15.27245 15.36182 15.44174 15.51182 15.57875 15.63032 15.66969 15.6945 15.70749 15.70198 15.68387 15.65316 15.60828 15.55316 15.47127 15.36261 15.23623 15.09371 14.9382 14.76812 14.57284 14.3567 14.13387 13.89686 13.64804 13.38426 13.11221 12.83347 12.54764 12.26221 11.96575 11.67127 11.38111 11.0941 10.81221 10.53898 10.27953 10.09134 9.99725 -9999 -9999 -9999 -9999 -9999 -9999 -9999 -9999 -9999 -9999 -9999 -9999 -9999 9.020871 9.063785 9.087012 9.121658 9.157091
13.66064 13.76379 13.87087 13.97954 14.09646 14.21772 14.34017 14.46497 14.5882 14.70788 14.81615 14.9252 15.02442 15.11182 15.19056 15.26458 15.33229 15.38505 15.42639 15.44804 15.4567 15.44646 15.42127 15.38859 15.33623 15.27009 15.18308 15.0693 14.93898 14.7941 14.63544 14.4567 14.25867 14.0441 13.81418 13.58308 13.33544 13.07205 12.79961 12.52009 12.24095 11.95473 11.66693 11.37166 11.08347 10.80355 10.53504 10.26812 10.04607 9.917328 -9999 -9999 -9999 -9999 -9999 -9999 -9999 -9999 -9999 -9999 -9999 -9999 -9999 8.901973 8.926382 8.946462 8.952367 8.976776 9.004729
13.39686 13.50001 13.60513 13.71576 13.83544 13.95709 14.07953 14.20513 14.3256 14.4441 14.5567 14.66142 14.76261 14.84804 14.9252 14.99765 15.063 15.11654 15.15276 15.17206 15.17442 15.16261 15.13623 15.09332 15.03662 14.96221 14.8693 14.75552 14.62166 14.47284 14.31182 14.13111 13.92835 13.71261 13.48938 13.25985 13.01418 12.75237 12.48347 12.20473 11.92323 11.6441 11.36142 11.0689 10.78504 10.51812 10.25276 10.01536 9.858666 9.779139 -9999 -9999 -9999 -9999 -9999 -9999 -9999 -9999 -9999 -9999 -9999 -9999 8.803154 8.82087 8.837012 8.837012 8.840162 8.843311 8.862997
13.13583 13.23386 13.33623 13.44883 13.56851 13.68938 13.81221 13.93859 14.05788 14.17166 14.28465 14.39056 14.4878 14.5752 14.64804 14.71261 14.77639 14.82284 14.85237 14.87048 14.87009 14.85513 14.82796 14.77678 14.71733 14.63898 14.53938 14.42205 14.28387 14.13465 13.97048 13.78623 13.58268 13.36812 13.15001 12.92205 12.68111 12.42363 12.15394 11.88111 11.60906 11.33308 11.05119 10.76615 10.50119 10.23386 9.992131 9.829926 9.74095 -9999 -9999 -9999 -9999 -9999 -9999 -9999 -9999 -9999 -9999 -9999 -9999 8.768509 8.75276 8.742524 8.736225 8.736225 8.736225 8.739768 8.742918
12.87678 12.97087 13.0693 13.17875 13.29568 13.41851 13.54056 13.66024 13.78465 13.89568 14.00198 14.10591 14.20316 14.28662 14.35355 14.41694 14.47127 14.51103 14.53701 14.54843 14.54765 14.53268 14.49804 14.44804 14.38032 14.29686 14.19568 14.07166 13.93347 13.7819 13.61339 13.42914 13.22993 13.01654 12.80001 12.57245 12.33505 12.08268 11.82127 11.5567 11.28898 11.02205 10.74922 10.47993 10.21379 9.96654 9.79843 9.709847 -9999 -9999 -9999 -9999 -9999 -9999 -9999 -9999 -9999 -9999 -9999 -9999 -9999 -9999 8.71339 8.669296 8.648824 8.643312 8.644493 8.64528 8.644493
12.62993 12.71379 12.80985 12.91379 13.02757 13.14489 13.26261 13.3819 13.49961 13.61024 13.71182 13.81221 13.90591 13.9819 14.04922 14.10788 14.15473 14.18898 14.21182 14.21851 14.21615 14.19331 14.15513 14.10316 14.02757 13.94016 13.83505 13.71064 13.57245 13.41694 13.24764 13.06497 12.8693 12.66261 12.44646 12.22048 11.98308 11.7378 11.48505 11.22953 10.97245 10.71182 10.45197 10.19331 9.934258 9.764572 9.672052 9.629927 -9999 -9999 -9999 -9999 -9999 -9999 -9999 -9999 -9999 -9999 -9999 -9999 -9999 -9999 -9999 8.615358 8.580319 8.56339 8.559059 8.555516 8.555516
12.39725 12.47284 12.56064 12.65788 12.76575 12.87481 12.98544 13.09961 13.20946 13.31575 13.41851 13.51339 13.6004 13.67363 13.73583 13.78701 13.83072 13.86379 13.87717 13.88032 13.87009 13.84528 13.80276 13.74253 13.663 13.57205 13.46418 13.34095 13.20001 13.04568 12.88032 12.69804 12.50591 12.30788 12.09174 11.86772 11.63544 11.39843 11.15394 10.90434 10.65788 10.41063 10.15788 9.903154 9.735044 9.629927 -9999 -9999 -9999 -9999 -9999 -9999 -9999 -9999 -9999 -9999 -9999 -9999 -9999 -9999 -9999 -9999 -9999 -9999 -9999 8.499611 8.484257 8.47717 8.47402
12.17245 12.24016 12.31969 12.41103 12.5067 12.60709 12.70827 12.81379 12.91851 13.02245 13.11851 13.20906 13.29371 13.36103 13.41576 13.463 13.50276 13.52442 13.5378 13.53465 13.5193 13.48977 13.44213 13.37284 13.29528 13.19922 13.09174 12.96812 12.82914 12.67717 12.51182 12.33583 12.14882 11.9504 11.74213 11.52245 11.29489 11.06379 10.8441 10.60473 10.34922 10.11221 9.87284 9.712604 9.594887 -9999 -9999 -9999 -9999 -9999 -9999 -9999 -9999 -9999 -9999 -9999 -9999 -9999 -9999 -9999 -9999 -9999 -9999 -9999 -9999 -9999 8.423626 8.410634 8.403547
11.96182 12.01694 12.0878 12.16733 12.25158 12.34213 12.43623 12.53032 12.63032 12.72796 12.81575 12.90316 12.97993 13.04016 13.09095 13.13544 13.16694 13.18701 13.18938 13.18623 13.16694 13.1319 13.07796 13.01103 12.92638 12.83268 12.72048 12.60079 12.46457 12.31339 12.15119 11.97914 11.79528 11.6004 11.39489 11.18268 10.97323 10.78819 10.58229 10.33544 10.08701 9.854336 9.6878 9.561422 -9999 -9999 -9999 -9999 -9999 -9999 -9999 -9999 -9999 -9999 -9999 -9999 -9999 -9999 -9999 -9999 -9999 -9999 -9999 -9999 -9999 -9999 8.376382 8.358272 8.343311
11.76182 11.81221 11.87008 11.93386 12.00512 12.08819 12.17402 12.26142 12.34883 12.43386 12.51575 12.59331 12.66064 12.71694 12.76497 12.80316 12.83268 12.84292 12.84331 12.83308 12.81339 12.77442 12.71772 12.64489 12.56103 12.463 12.36261 12.23859 12.10001 11.94961 11.79528 11.6252 11.44567 11.25237 11.0567 10.85867 10.74095 10.59686 10.46457 10.06497 9.866541 9.699612 9.553155 -9999 -9999 -9999 -9999 -9999 -9999 -9999 -9999 -9999 -9999 -9999 -9999 -9999 -9999 -9999 -9999 -9999 -9999 -9999 -9999 -9999 -9999 -9999 -9999 8.31339 8.297642
11.57953 11.61497 11.663 11.71733 11.77757 11.84371 11.92087 11.99922 12.0756 12.15001 12.22127 12.28544 12.34528 12.39764 12.4378 12.47048 12.49213 12.5004 12.4941 12.4819 12.45316 12.413 12.35512 12.28623 12.19568 12.10276 11.99961 11.88071 11.74213 11.59371 11.4382 11.27757 11.09843 10.91812 10.7256 10.6626 10.58465 -9999 -9999 -9999 -9999 -9999 -9999 -9999 -9999 -9999 -9999 -9999 -9999 -9999 -9999 -9999 -9999 -9999 -9999 -9999 -9999 -9999 -9999 -9999 -9999 -9999 -9999 -9999 -9999 -9999 -9999 -9999 8.263783
11.40434 11.42717 11.46142 11.50119 11.5504 11.60906 11.67323 11.74528 11.8063 11.87048 11.93268 11.99213 12.04174 12.07875 12.11418 12.14253 12.15946 12.15867 12.15276 12.12638 12.09764 12.05394 11.99843 11.92363 11.84134 11.74922 11.64449 11.52638 11.39489 11.24843 11.09686 10.93977 10.77481 10.59489 10.54213 10.46142 -9999 -9999 -9999 -9999 -9999 -9999 -9999 -9999 -9999 -9999 -9999 -9999 -9999 -9999 -9999 -9999 -9999 -9999 -9999 -9999 -9999 -9999 -9999 -9999 -9999 -9999 -9999 -9999 -9999 -9999 -9999 -9999 -9999
11.23465 11.24292 11.26339 11.29292 11.33111 11.37717 11.43308 11.49134 11.55001 11.60001 11.65197 11.70237 11.74489 11.77481 11.80158 11.82323 11.83072 11.83268 11.81575 11.79174 11.75237 11.70749 11.64804 11.57875 11.49725 11.40394 11.29922 11.18898 11.05749 10.91851 10.77442 10.62087 10.46969 10.41418 10.34528 -9999 -9999 -9999 -9999 -9999 -9999 -9999 -9999 -9999 -9999 -9999 -9999 -9999 -9999 -9999 -9999 -9999 -9999 -9999 -9999 -9999 -9999 -9999 -9999 -9999 -9999 -9999 -9999 -9999 -9999 -9999 -9999 -9999 -9999
11.07284 11.06654 11.07481 11.09725 11.12363 11.16182 11.2067 11.2563 11.29725 11.34253 11.38426 11.42363 11.45749 11.48426 11.5063 11.51969 11.52442 11.51772 11.49725 11.46733 11.42599 11.37284 11.31418 11.24883 11.16378 11.06969 10.9689 10.86024 10.74095 10.6067 10.46654 10.33229 10.27205 10.23504 -9999 -9999 -9999 -9999 -9999 -9999 -9999 -9999 -9999 -9999 -9999 -9999 -9999 -9999 -9999 -9999 -9999 -9999 -9999 -9999 -9999 -9999 -9999 -9999 -9999 -9999 -9999 -9999 -9999 -9999 -9999 -9999 -9999 -9999 -9999
10.91654 10.90316 10.90237 10.91497 10.93465 10.96103 10.99646 11.0319 11.06536 11.09174 11.12205 11.15631 11.18268 11.20316 11.22048 11.2315 11.22953 11.21733 11.19056 11.15591 11.11024 11.0563 10.99804 10.93071 10.84686 10.75512 10.65945 10.56103 10.44725 10.32402 10.19725 10.1315 10.11103 -9999 -9999 -9999 -9999 -9999 -9999 -9999 -9999 -9999 -9999 -9999 -9999 -9999 -9999 -9999 -9999 -9999 -9999 -9999 -9999 -9999 -9999 -9999 -9999 -9999 -9999 -9999 -9999 -9999 -9999 -9999 -9999 -9999 -9999 -9999 -9999
10.77205 10.74686 10.73859 10.7441 10.75709 10.77127 10.78938 10.8189 10.84134 10.85867 10.87678 10.90119 10.92008 10.93583 10.94804 10.95158 10.94764 10.93741 10.89567 10.85749 10.8126 10.75749 10.70355 10.64252 10.56615 10.46103 10.39371 10.32796 10.22323 10.10985 10.02284 9.989375 -9999 -9999 -9999 -9999 -9999 -9999 -9999 -9999 -9999 -9999 -9999 -9999 -9999 -9999 -9999 -9999 -9999 -9999 -9999 -9999 -9999 -9999 -9999 -9999 -9999 -9999 -9999 -9999 -9999 -9999 -9999 -9999 -9999 -9999 -9999 -9999 -9999
10.63544 10.60434 10.58741 10.58111 10.58111 10.58623 10.6004 10.61575 10.62717 10.64016 10.65591 10.66772 10.67756 10.68505 10.68701 10.68741 10.70119 10.69922 10.64095 10.58583 10.54843 10.50237 10.47048 10.42481 10.33701 10.24331 10.21339 10.20749 10.11654 10.01812 9.938981 -9999 -9999 -9999 -9999 -9999 -9999 -9999 -9999 -9999 -9999 -9999 -9999 -9999 -9999 -9999 -9999 -9999 -9999 -9999 -9999 -9999 -9999 -9999 -9999 -9999 -9999 -9999 -9999 -9999 -9999 -9999 -9999 -9999 -9999 -9999 -9999 -9999 -9999
10.52205 10.48386 10.45945 10.44252 10.42245 10.4126 10.41536 10.42402 10.44646 10.45237 10.46221 10.4693 10.46221 10.46064 10.45985 10.47087 10.50079 -9999 10.43229 10.37717 10.35473 10.33347 -9999 -9999 -9999 10.11182 -9999 -9999 -9999 -9999 -9999 -9999 -9999 -9999 -9999 -9999 -9999 -9999 -9999 -9999 -9999 -9999 -9999 -9999 -9999 -9999 -9999 -9999 -9999 -9999 -9999 -9999 -9999 -9999 -9999 -9999 -9999 -9999 -9999 -9999 -9999 -9999 -9999 -9999 -9999 -9999 -9999 -9999 -9999
10.43504 10.39843 10.36536 10.3315 10.29371 10.2689 10.26024 10.26654 10.29646 10.31615 10.3193 10.31575 10.2941 10.28583 10.30315 10.31615 -9999 -9999 -9999 10.26221 -9999 -9999 -9999 -9999 -9999 -9999 -9999 -9999 -9999 -9999 -9999 -9999 -9999 -9999 -9999 -9999 -9999 -9999 -9999 -9999 -9999 -9999 -9999 -9999 -9999 -9999 -9999 -9999 -9999 -9999 -9999 -9999 -9999 -9999 -9999 -9999 -9999 -9999 -9999 -9999 -9999 -9999 -9999 -9999 -9999 -9999 -9999 -9999 -9999
