ASPA-UH-SWB2_REPO/input/Gridded_rain/prism_ppt_tutuila_30yr_normal_05.asc
ncols         350
nrows         200
xllcorner     515000
yllcorner     8409000
cellsize      100
NODATA_value  -9999
[rows 31 to 61 of 200, columns 138 to 206 of 350]
-9999 -9999 -9999 -9999 -9999 -9999 -9999 -9999 -9999 -9999 -9999 -9999 -9999 -9999 -9999 -9999 -9999 -9999 -9999 -9999 -9999 -9999 -9999 -9999 -9999 -9999 -9999 -9999 -9999 -9999 -9999 -9999 -9999 -9999 -9999 -9999 -9999 -9999 -9999 -9999 -9999 -9999 -9999 -9999 -9999 -9999 -9999 -9999 -9999 -9999 -9999 -9999 -9999 -9999 -9999 -9999 -9999 -9999 -9999 11.74489 11.65473 11.61457 11.57678 11.53623 11.49331 11.44489 11.39213 11.33032 11.27087
-9999 -9999 -9999 -9999 -9999 -9999 -9999 -9999 -9999 -9999 -9999 -9999 -9999 -9999 -9999 -9999 -9999 -9999 -9999 -9999 -9999 -9999 -9999 -9999 -9999 -9999 -9999 -9999 -9999 -9999 -9999 -9999 -9999 -9999 -9999 -9999 -9999 -9999 -9999 -9999 -9999 -9999 -9999 -9999 -9999 -9999 -9999 -9999 -9999 -9999 -9999 -9999 -9999 12.10237 12.02284 12.00394 12.01339 12.00552 11.97442 11.91969 11.86772 11.83347 11.79489 11.75079 11.70394 11.65394 11.59764 11.53741 11.4756
-9999 -9999 -9999 -9999 -9999 -9999 -9999 -9999 -9999 -9999 -9999 -9999 -9999 -9999 -9999 -9999 -9999 -9999 -9999 -9999 -9999 -9999 -9999 -9999 -9999 -9999 -9999 -9999 -9999 -9999 -9999 -9999 -9999 -9999 -9999 -9999 -9999 -9999 -9999 -9999 -9999 -9999 -9999 -9999 -9999 -9999 -9999 -9999 -9999 12.36339 12.36379 -9999 12.32166 12.24646 12.20237 12.19528 12.19528 12.18308 12.16339 12.12796 12.10079 12.06418 12.02402 11.97993 11.9315 11.87757 11.8189 11.75788 11.69371
-9999 -9999 -9999 -9999 -9999 -9999 -9999 -9999 -9999 -9999 -9999 -9999 -9999 -9999 -9999 -9999 -9999 -9999 -9999 -9999 -9999 -9999 -9999 -9999 -9999 -9999 -9999 -9999 -9999 -9999 -9999 -9999 -9999 -9999 -9999 -9999 -9999 -9999 -9999 -9999 -9999 -9999 -9999 -9999 -9999 -9999 -9999 -9999 12.50512 12.45749 12.45434 12.51103 12.47363 12.43623 12.43032 12.43071 12.42678 12.41418 12.39292 12.36851 12.33898 12.30512 12.26536 12.22166 12.17048 12.11497 12.05394 11.99016 11.91772
-9999 -9999 -9999 -9999 -9999 -9999 -9999 -9999 -9999 -9999 -9999 -9999 -9999 -9999 -9999 -9999 -9999 -9999 -9999 -9999 -9999 -9999 -9999 -9999 -9999 -9999 -9999 -9999 -9999 -9999 -9999 -9999 -9999 -9999 -9999 -9999 -9999 -9999 -9999 -9999 -9999 -9999 -9999 -9999 -9999 -9999 12.71812 12.69764 12.65394 12.61772 12.63701 12.68426 12.67323 12.67875 12.68505 12.68386 12.67914 12.66812 12.64725 12.61969 12.58898 12.55631 12.51969 12.47363 12.4193 12.36221 12.29961 12.22993 12.15788
-9999 -9999 -9999 -9999 -9999 -9999 -9999 -9999 -9999 -9999 -9999 -9999 -9999 -9999 -9999 -9999 -9999 -9999 -9999 -9999 -9999 -9999 -9999 -9999 -9999 -9999 -9999 -9999 -9999 -9999 -9999 -9999 -9999 -9999 -9999 -9999 -9999 -9999 -9999 -9999 -9999 -9999 -9999 -9999 -9999 -9999 12.84883 12.83583 12.83387 12.86024 12.88741 12.91418 12.92993 12.94489 12.95158 12.95316 12.94922 12.93544 12.91339 12.8878 12.8567 12.82323 12.78308 12.73623 12.68111 12.62166 12.55434 12.48347 12.40552
-9999 -9999 -9999 -9999 -9999 -9999 -9999 -9999 -9999 -9999 -9999 -9999 -9999 -9999 -9999 -9999 -9999 -9999 -9999 -9999 -9999 -9999 -9999 -9999 -9999 -9999 -9999 -9999 -9999 -9999 -9999 -9999 -9999 -9999 -9999 -9999 -9999 -9999 -9999 -9999 -9999 -9999 -9999 -9999 -9999 13.04843 13.0256 13.03347 13.08387 13.1256 13.163 13.18741 13.20591 13.22087 13.2319 13.23426 13.22993 13.21536 13.19607 13.16772 13.13898 13.09843 13.05709 13.00906 12.95276 12.8882 12.82166 12.74528 12.66733
-9999 -9999 -9999 -9999 -9999 -9999 -9999 -9999 -9999 -9999 -9999 -9999 -9999 -9999 -9999 -9999 -9999 -9999 -9999 -9999 -9999 -9999 -9999 -9999 -9999 -9999 -9999 -9999 -9999 -9999 -9999 -9999 -9999 -9999 -9999 -9999 -9999 -9999 -9999 -9999 -9999 13.0752 13.12796 -9999 13.22324 13.23938 13.24961 13.30552 13.36024 13.40827 13.4445 13.4752 13.49489 13.51142 13.52205 13.52442 13.52048 13.50985 13.4878 13.46221 13.42599 13.38701 13.34174 13.29095 13.23072 13.16457 13.09646 13.01851 12.9315
-9999 -9999 -9999 -9999 -9999 -9999 -9999 -9999 -9999 -9999 -9999 -9999 -9999 -9999 -9999 -9999 -9999 -9999 -9999 -9999 -9999 -9999 -9999 -9999 -9999 -9999 -9999 -9999 -9999 -9999 -9999 -9999 -9999 -9999 -9999 -9999 -9999 -9999 -9999 -9999 13.20355 13.21772 13.27363 13.3689 13.42914 13.46103 13.52796 13.58938 13.64607 13.69843 13.74135 13.76812 13.79371 13.81064 13.82087 13.82284 13.8189 13.80946 13.78898 13.76024 13.72599 13.68465 13.63662 13.58032 13.51733 13.45158 13.37638 13.29607 13.20749
-9999 -9999 -9999 -9999 -9999 -9999 -9999 -9999 -9999 -9999 -9999 -9999 -9999 -9999 -9999 -9999 -9999 -9999 -9999 -9999 -9999 -9999 -9999 -9999 -9999 -9999 -9999 -9999 -9999 -9999 -9999 -9999 -9999 -9999 -9999 -9999 -9999 -9999 -9999 13.36772 13.37678 13.40473 13.49883 13.60827 13.66536 13.74174 13.81536 13.8815 13.94095 13.9945 14.0378 14.07087 14.09489 14.11379 14.12324 14.12638 14.12166 14.10749 14.09056 14.06654 14.02639 13.98111 13.9319 13.8752 13.81024 13.74016 13.66182 13.57796 13.4882
-9999 -9999 -9999 -9999 -9999 -9999 -9999 -9999 -9999 -9999 -9999 -9999 -9999 -9999 -9999 -9999 -9999 -9999 -9999 -9999 -9999 -9999 -9999 -9999 -9999 -9999 -9999 -9999 -9999 -9999 -9999 -9999 -9999 -9999 -9999 -9999 -9999 -9999 13.50355 13.52678 13.56733 13.66851 13.77324 13.86615 13.95001 14.0319 14.10946 14.17796 14.24056 14.29174 14.33308 14.36733 14.39489 14.41379 14.42284 14.42481 14.42048 14.40513 14.38505 14.3567 14.3193 14.27324 14.22363 14.16418 14.09725 14.0252 13.94568 13.85946 13.76261
-9999 -9999 -9999 -9999 -9999 -9999 -9999 -9999 -9999 -9999 -9999 -9999 -9999 -9999 -9999 -9999 -9999 -9999 -9999 -9999 -9999 -9999 -9999 -9999 -9999 -9999 -9999 -9999 -9999 -9999 -9999 -9999 -9999 13.12796 13.20473 13.30749 13.42796 13.54568 13.63859 13.71576 13.82402 13.94213 14.05198 14.15001 14.23741 14.32363 14.40276 14.47245 14.53347 14.58465 14.62717 14.66024 14.68741 14.70513 14.71694 14.71891 14.71024 14.69646 14.67284 14.64135 14.60513 14.56024 14.5067 14.44646 14.37835 14.30237 14.22205 14.13347 14.03465
-9999 -9999 -9999 -9999 -9999 -9999 -9999 -9999 -9999 -9999 -9999 -9999 -9999 -9999 -9999 -9999 -9999 -9999 -9999 -9999 -9999 -9999 -9999 -9999 -9999 -9999 -9999 -9999 -9999 -9999 -9999 13.20788 13.20591 13.24725 13.34646 13.47599 13.6067 13.73426 13.85237 13.97245 14.0945 14.21615 14.32757 14.42835 14.52009 14.60631 14.68583 14.75867 14.82087 14.87245 14.91576 14.95158 14.97717 14.9945 15.00591 15.00749 14.99883 14.98308 14.95985 14.92914 14.88898 14.84174 14.7878 14.72402 14.65158 14.5752 14.49016 14.39764 14.29804
-9999 -9999 -9999 -9999 -9999 -9999 -9999 -9999 -9999 -9999 -9999 -9999 -9999 -9999 -9999 -9999 -9999 -9999 -9999 -9999 -9999 -9999 -9999 -9999 -9999 -9999 -9999 -9999 -9999 -9999 13.27914 13.29056 13.33072 13.42717 13.55867 13.69489 13.83505 13.97245 14.10906 14.23977 14.36418 14.48702 14.60119 14.70119 14.79528 14.88268 14.96339 15.03662 15.10237 15.15591 15.20158 15.23623 15.26261 15.27993 15.28859 15.28977 15.28308 15.26536 15.24056 15.20906 15.16654 15.1193 15.06182 14.9941 14.91851 14.83859 14.75237 14.65788 14.55473
-9999 -9999 -9999 -9999 -9999 -9999 -9999 -9999 -9999 -9999 -9999 -9999 -9999 -9999 -9999 -9999 -9999 -9999 -9999 -9999 -9999 -9999 -9999 -9999 -9999 -9999 -9999 -9999 -9999 13.33741 13.363 13.40906 13.51142 13.64922 13.79135 13.93623 14.0819 14.22875 14.36891 14.50237 14.62796 14.75001 14.86497 14.9693 15.06733 15.15591 15.2382 15.31261 15.37481 15.43347 15.48032 15.51615 15.54017 15.55552 15.56458 15.56536 15.55434 15.53544 15.50906 15.4752 15.43308 15.38426 15.3256 15.25591 15.17914 15.09607 15.00749 14.90985 14.80079
-9999 -9999 -9999 -9999 -9999 -9999 -9999 -9999 -9999 -9999 -9999 -9999 -9999 -9999 -9999 -9999 -9999 -9999 -9999 -9999 -9999 -9999 -9999 -9999 -9999 -9999 -9999 -9999 -9999 13.41497 13.46733 13.57993 13.7319 13.87678 14.0256 14.17757 14.33032 14.47993 14.62206 14.75552 14.88111 15.00394 15.12206 15.23308 15.33347 15.42481 15.50828 15.58269 15.64686 15.7008 15.75001 15.78308 15.80906 15.82284 15.83072 15.82835 15.81497 15.79213 15.76261 15.72796 15.68741 15.6378 15.57717 15.50828 15.43032 15.34528 15.25237 15.15001 15.03859
-9999 -9999 -9999 -9999 -9999 -9999 -9999 -9999 -9999 -9999 -9999 -9999 -9999 -9999 -9999 -9999 -9999 -9999 -9999 -9999 -9999 -9999 -9999 -9999 -9999 -9999 -9999 -9999 13.45119 13.51221 13.6252 13.77953 13.94292 14.10158 14.25552 14.41497 14.56851 14.71772 14.86182 14.99646 15.12481 15.25158 15.37166 15.48741 15.58977 15.68623 15.76851 15.84174 15.90631 15.95946 16.00473 16.0441 16.06418 16.07796 16.08269 16.07954 16.06418 16.03859 16.0067 15.97127 15.93032 15.87875 15.81772 15.74646 15.66772 15.58032 15.48465 15.37954 15.26536
-9999 -9999 -9999 -9999 -9999 -9999 -9999 -9999 -9999 -9999 -9999 -9999 -9999 -9999 -9999 -9999 -9999 -9999 -9999 -9999 -9999 -9999 -9999 -9999 -9999 -9999 -9999 13.47757 13.54922 13.65788 13.8193 13.98465 14.15237 14.31694 14.47993 14.63583 14.79095 14.94331 15.08859 15.22678 15.36024 15.48898 15.61576 15.72796 15.83741 15.93268 16.01654 16.08583 16.15158 16.20434 16.24843 16.28032 16.30591 16.31576 16.32048 16.31536 16.29765 16.27245 16.24095 16.20434 16.16024 16.10788 16.04253 15.96969 15.88977 15.80198 15.70276 15.59371 15.47757
-9999 -9999 -9999 -9999 -9999 -9999 -9999 -9999 -9999 -9999 -9999 -9999 -9999 -9999 -9999 -9999 -9999 -9999 -9999 -9999 -9999 -9999 -9999 13.04922 -9999 -9999 13.48977 13.57717 13.68701 13.84883 14.013 14.18898 14.35631 14.52717 14.69056 14.84568 15.00276 15.1567 15.30316 15.44765 15.58505 15.72087 15.84568 15.96103 16.06969 16.16458 16.24922 16.32166 16.37914 16.43072 16.47087 16.50355 16.52324 16.53347 16.53505 16.52757 16.51024 16.48387 16.45119 16.41418 16.37166 16.31379 16.24883 16.17442 16.09607 16.00552 15.90513 15.79528 15.67284
-9999 -9999 -9999 -9999 -9999 -9999 -9999 -9999 -9999 -9999 -9999 -9999 -9999 -9999 -9999 -9999 -9999 -9999 -9999 -9999 -9999 -9999 13.06064 13.14095 13.25473 13.43347 13.5693 13.70001 13.86851 14.04016 14.21142 14.38229 14.55749 14.72481 14.88623 15.04725 15.20355 15.35906 15.51103 15.65709 15.79961 15.93583 16.06458 16.17954 16.28859 16.38465 16.46615 16.53662 16.59371 16.63702 16.67363 16.70001 16.71733 16.72402 16.72363 16.71221 16.69253 16.66497 16.63269 16.59568 16.5508 16.49647 16.42796 16.35552 16.2756 16.18583 16.08387 15.97363 15.8508
-9999 -9999 -9999 -9999 -9999 -9999 -9999 -9999 -9999 -9999 -9999 -9999 -9999 -9999 -9999 -9999 -9999 -9999 -9999 -9999 -9999 13.06615 13.13268 13.21694 13.38859 13.55158 13.70119 13.87402 14.04843 14.22402 14.39961 14.57009 14.74213 14.90749 15.07048 15.23387 15.39489 15.55355 15.70946 15.85749 15.99961 16.14056 16.27009 16.38702 16.49017 16.58505 16.66418 16.72993 16.78387 16.82245 16.85119 16.86812 16.88269 16.88702 16.87954 16.86536 16.84292 16.81497 16.78308 16.74725 16.70355 16.64686 16.58072 16.50788 16.42954 16.33859 16.23584 16.12442 16.00394
-9999 -9999 -9999 -9999 -9999 -9999 -9999 -9999 -9999 -9999 -9999 -9999 -9999 -9999 -9999 -9999 -9999 -9999 -9999 -9999 13.06103 13.12442 13.21654 13.36457 13.53111 13.69607 13.86694 14.04331 14.22245 14.39961 14.57402 14.74568 14.91142 15.07835 15.2445 15.41024 15.57324 15.73741 15.89568 16.04646 16.19135 16.33269 16.463 16.5756 16.6756 16.7634 16.83741 16.89647 16.94332 16.97639 16.99607 17.00788 17.01497 17.01497 17.00591 16.98859 16.96457 16.93741 16.9067 16.87087 16.8252 16.77206 16.7071 16.63465 16.55552 16.46536 16.36339 16.24961 16.13072
-9999 -9999 -9999 -9999 -9999 -9999 -9999 -9999 -9999 -9999 -9999 -9999 -9999 -9999 -9999 -9999 -9999 -9999 -9999 -9999 13.10788 13.20827 13.35394 13.51772 13.68623 13.85473 14.02914 14.20631 14.38465 14.563 14.73505 14.90473 15.07009 15.23662 15.40591 15.57363 15.74017 15.90591 16.06615 16.22048 16.37009 16.51221 16.63898 16.74804 16.84253 16.92127 16.98623 17.03623 17.07324 17.09725 17.113 17.12166 17.12087 17.11536 17.10552 17.08544 17.06064 17.03269 17.00001 16.963 16.92009 16.86694 16.80591 16.73741 16.65906 16.56851 16.46576 16.35552 16.23505
-9999 -9999 -9999 -9999 -9999 -9999 -9999 -9999 -9999 -9999 -9999 -9999 -9999 -9999 -9999 -9999 -9999 -9999 -9999 13.08741 13.19095 13.33583 13.49843 13.66457 13.83544 14.01024 14.18623 14.36221 14.53898 14.713 14.88268 15.05001 15.21576 15.38583 15.55591 15.72599 15.89332 16.05828 16.22284 16.38347 16.53269 16.67324 16.79883 16.90277 16.99017 17.05946 17.11103 17.14883 17.17717 17.20001 17.21103 17.21261 17.21182 17.20237 17.18544 17.163 17.13505 17.10237 17.06733 17.02796 16.98426 16.93623 16.87954 16.81458 16.73899 16.65001 16.54922 16.43977 16.32048
-9999 -9999 -9999 -9999 -9999 -9999 -9999 -9999 -9999 -9999 -9999 -9999 -9999 -9999 -9999 -9999 -9999 12.98386 13.05513 13.16182 13.31064 13.47324 13.63583 13.80513 13.97954 14.15709 14.33387 14.50906 14.6819 14.85001 15.01694 15.18387 15.35237 15.52284 15.69528 15.86458 16.03269 16.2008 16.36969 16.5319 16.68032 16.81654 16.93662 17.03544 17.11536 17.17402 17.21418 17.24371 17.26891 17.28702 17.29725 17.29568 17.28899 17.27442 17.25198 17.22363 17.19017 17.15119 17.11103 17.0693 17.02521 16.97993 16.92875 16.86773 16.79568 16.70946 16.61103 16.50434 16.3882
-9999 -9999 -9999 -9999 -9999 -9999 -9999 -9999 -9999 -9999 -9999 -9999 -9999 -9999 -9999 -9999 12.94883 13.01339 13.11851 13.26733 13.43623 13.60276 13.76812 13.94016 14.11694 14.29371 14.46969 14.64253 14.81024 14.9752 15.14135 15.30985 15.47835 15.64843 15.81851 15.98977 16.16024 16.33347 16.50395 16.663 16.80867 16.93859 17.05001 17.14292 17.21418 17.26536 17.30237 17.32993 17.3508 17.36576 17.37284 17.36733 17.3508 17.32914 17.30198 17.26694 17.22717 17.18308 17.13505 17.09017 17.04686 17.00276 16.95513 16.89804 16.82914 16.74765 16.65395 16.5504 16.43741
-9999 -9999 -9999 -9999 -9999 -9999 -9999 -9999 -9999 -9999 -9999 -9999 -9999 -9999 -9999 -9999 12.99961 13.07796 13.21457 13.38268 13.55434 13.72481 13.8945 14.06772 14.24489 14.42048 14.59174 14.75985 14.92442 15.0882 15.25434 15.42284 15.59213 15.76143 15.92757 16.1008 16.2756 16.45158 16.62087 16.7756 16.913 17.03544 17.13859 17.22363 17.28741 17.33584 17.37284 17.40198 17.42363 17.43308 17.43032 17.41576 17.39489 17.36694 17.3315 17.29017 17.24607 17.19647 17.14332 17.09371 17.04804 17.00434 16.95867 16.90513 16.84017 16.76576 16.67835 16.58032 16.46891
-9999 -9999 -9999 -9999 -9999 -9999 -9999 -9999 -9999 -9999 -9999 -9999 -9999 -9999 -9999 -9999 13.06733 13.17914 13.32442 13.4941 13.66694 13.83898 14.01379 14.18623 14.363 14.53347 14.69883 14.86143 15.02481 15.18938 15.35434 15.52363 15.69371 15.86024 16.02796 16.20276 16.37914 16.55473 16.72127 16.8693 16.99804 17.11221 17.20631 17.28072 17.33977 17.38623 17.42324 17.45513 17.47521 17.47914 17.46615 17.44568 17.4193 17.38387 17.34174 17.29646 17.24607 17.19135 17.13387 17.08072 17.03032 16.98465 16.93859 16.89017 16.83269 16.76221 16.68387 16.59135 16.4882
-9999 -9999 -9999 -9999 -9999 -9999 -9999 -9999 -9999 -9999 -9999 -9999 -9999 -9999 -9999 13.07087 13.14922 13.27087 13.43268 13.60158 13.77363 13.94607 14.12166 14.29568 14.46418 14.62914 14.79095 14.95119 15.11261 15.27796 15.44489 15.61536 15.7815 15.94843 16.12363 16.29646 16.47166 16.64489 16.80513 16.94646 17.06694 17.17363 17.25906 17.32206 17.37284 17.41615 17.45513 17.48505 17.49922 17.49725 17.48387 17.45749 17.42481 17.38426 17.33623 17.28387 17.22993 17.17284 17.11182 17.05119 16.99725 16.94686 16.9004 16.85631 16.8067 16.7445 16.67048 16.58741 16.48899
-9999 -9999 -9999 -9999 -9999 -9999 -9999 -9999 -9999 -9999 -9999 -9999 -9999 -9999 13.01142 13.11772 13.21024 13.37166 13.53544 13.70276 13.87363 14.04764 14.21615 14.38505 14.54883 14.70749 14.86576 15.0252 15.18859 15.35316 15.52087 15.69056 15.85985 16.03465 16.20552 16.37836 16.55276 16.71969 16.87206 17.01143 17.12875 17.22087 17.29528 17.34843 17.39253 17.43269 17.46773 17.49213 17.50237 17.49961 17.48111 17.45355 17.41497 17.37087 17.31654 17.25906 17.2008 17.13898 17.0752 17.00985 16.94883 16.89371 16.84686 16.80552 16.76221 16.70985 16.64489 16.56733 16.4819
-9999 -9999 -9999 -9999 -9999 -9999 -9999 -9999 -9999 -9999 -9999 -9999 -9999 12.94489 13.04331 13.14371 13.30552 13.46536 13.62993 13.79489 13.96457 14.13229 14.29371 14.45316 14.61064 14.76654 14.92284 15.08111 15.24489 15.41221 15.58032 15.7504 15.92599 16.1004 16.27481 16.4504 16.62245 16.78623 16.93623 17.06615 17.17914 17.27009 17.32914 17.37245 17.40709 17.44253 17.47166 17.49017 17.49568 17.48859 17.46733 17.43662 17.39528 17.34371 17.28505 17.22324 17.15985 17.09292 17.02678 16.95513 16.88662 16.8252 16.77521 16.73977 16.70316 16.65906 16.60316 16.53623 16.45395
