ASPA-UH-SWB2_REPO/input/Gridded_rain/prism_ppt_tutuila_30yr_normal_01.asc
ncols         350
nrows         200
xllcorner     515000
yllcorner     8409000
cellsize      100
NODATA_value  -9999
[rows 31 to 61 of 200, columns 138 to 206 of 350]
-9999 -9999 -9999 -9999 -9999 -9999 -9999 -9999 -9999 -9999 -9999 -9999 -9999 -9999 -9999 -9999 -9999 -9999 -9999 -9999 -9999 -9999 -9999 -9999 -9999 -9999 -9999 -9999 -9999 -9999 -9999 -9999 -9999 -9999 -9999 -9999 -9999 -9999 -9999 -9999 -9999 -9999 -9999 -9999 -9999 -9999 -9999 -9999 -9999 -9999 -9999 -9999 -9999 -9999 -9999 -9999 -9999 -9999 -9999 12.83229 12.75237 12.72245 12.69725 12.67048 12.64292 12.61103 12.5756 12.5319 12.49253
-9999 -9999 -9999 -9999 -9999 -9999 -9999 -9999 -9999 -9999 -9999 -9999 -9999 -9999 -9999 -9999 -9999 -9999 -9999 -9999 -9999 -9999 -9999 -9999 -9999 -9999 -9999 -9999 -9999 -9999 -9999 -9999 -9999 -9999 -9999 -9999 -9999 -9999 -9999 -9999 -9999 -9999 -9999 -9999 -9999 -9999 -9999 -9999 -9999 -9999 -9999 -9999 -9999 13.15394 13.0752 13.06064 13.07757 13.07717 13.05434 13.00788 12.96536 12.94174 12.91457 12.88308 12.85001 12.81536 12.77481 12.73229 12.68938
-9999 -9999 -9999 -9999 -9999 -9999 -9999 -9999 -9999 -9999 -9999 -9999 -9999 -9999 -9999 -9999 -9999 -9999 -9999 -9999 -9999 -9999 -9999 -9999 -9999 -9999 -9999 -9999 -9999 -9999 -9999 -9999 -9999 -9999 -9999 -9999 -9999 -9999 -9999 -9999 -9999 -9999 -9999 -9999 -9999 -9999 -9999 -9999 -9999 13.41694 13.42048 -9999 13.38268 13.3067 13.26497 13.26339 13.27048 13.26457 13.25198 13.22363 13.20552 13.17796 13.14764 13.11536 13.07875 13.0382 12.99449 12.94961 12.90316
-9999 -9999 -9999 -9999 -9999 -9999 -9999 -9999 -9999 -9999 -9999 -9999 -9999 -9999 -9999 -9999 -9999 -9999 -9999 -9999 -9999 -9999 -9999 -9999 -9999 -9999 -9999 -9999 -9999 -9999 -9999 -9999 -9999 -9999 -9999 -9999 -9999 -9999 -9999 -9999 -9999 -9999 -9999 -9999 -9999 -9999 -9999 -9999 13.57717 13.52363 13.52127 13.5882 13.5504 13.51339 13.51182 13.51772 13.52009 13.51339 13.49686 13.47875 13.4567 13.43072 13.39961 13.36576 13.3252 13.28111 13.23308 13.18347 13.1256
-9999 -9999 -9999 -9999 -9999 -9999 -9999 -9999 -9999 -9999 -9999 -9999 -9999 -9999 -9999 -9999 -9999 -9999 -9999 -9999 -9999 -9999 -9999 -9999 -9999 -9999 -9999 -9999 -9999 -9999 -9999 -9999 -9999 -9999 -9999 -9999 -9999 -9999 -9999 -9999 -9999 -9999 -9999 -9999 -9999 -9999 13.82087 13.79686 13.74646 13.70631 13.72993 13.78386 13.77402 13.78386 13.79489 13.79764 13.79764 13.79135 13.77402 13.75079 13.7256 13.69961 13.67087 13.63268 13.58662 13.53898 13.48741 13.42953 13.37087
-9999 -9999 -9999 -9999 -9999 -9999 -9999 -9999 -9999 -9999 -9999 -9999 -9999 -9999 -9999 -9999 -9999 -9999 -9999 -9999 -9999 -9999 -9999 -9999 -9999 -9999 -9999 -9999 -9999 -9999 -9999 -9999 -9999 -9999 -9999 -9999 -9999 -9999 -9999 -9999 -9999 -9999 -9999 -9999 -9999 -9999 13.97442 13.95788 13.95552 13.98623 14.01772 14.04804 14.06694 14.08662 14.09607 14.10119 14.1004 14.08859 14.06851 14.04646 14.0189 13.98977 13.95512 13.91418 13.86536 13.81379 13.75434 13.69371 13.62638
-9999 -9999 -9999 -9999 -9999 -9999 -9999 -9999 -9999 -9999 -9999 -9999 -9999 -9999 -9999 -9999 -9999 -9999 -9999 -9999 -9999 -9999 -9999 -9999 -9999 -9999 -9999 -9999 -9999 -9999 -9999 -9999 -9999 -9999 -9999 -9999 -9999 -9999 -9999 -9999 -9999 -9999 -9999 -9999 -9999 14.21339 14.18387 14.19095 14.24883 14.29607 14.33898 14.36615 14.38662 14.40355 14.41812 14.42205 14.4193 14.40513 14.38623 14.35828 14.3319 14.29213 14.25434 14.21024 14.15788 14.09764 14.0378 13.96851 13.89961
-9999 -9999 -9999 -9999 -9999 -9999 -9999 -9999 -9999 -9999 -9999 -9999 -9999 -9999 -9999 -9999 -9999 -9999 -9999 -9999 -9999 -9999 -9999 -9999 -9999 -9999 -9999 -9999 -9999 -9999 -9999 -9999 -9999 -9999 -9999 -9999 -9999 -9999 -9999 -9999 -9999 14.26457 14.32442 -9999 14.42835 14.44371 14.45198 14.51457 14.57639 14.63111 14.67087 14.70473 14.7256 14.74371 14.75513 14.75749 14.75355 14.74213 14.71851 14.69135 14.65394 14.61418 14.5693 14.5193 14.46064 14.39607 14.3315 14.25828 14.17678
-9999 -9999 -9999 -9999 -9999 -9999 -9999 -9999 -9999 -9999 -9999 -9999 -9999 -9999 -9999 -9999 -9999 -9999 -9999 -9999 -9999 -9999 -9999 -9999 -9999 -9999 -9999 -9999 -9999 -9999 -9999 -9999 -9999 -9999 -9999 -9999 -9999 -9999 -9999 -9999 14.42678 14.43977 14.50316 14.61221 14.67953 14.71261 14.78859 14.85749 14.92087 14.97993 15.02757 15.05552 15.08308 15.1004 15.10985 15.11143 15.10552 15.0941 15.07009 15.0378 15.00001 14.95513 14.90355 14.8445 14.77875 14.71221 14.63623 14.55709 14.47127
-9999 -9999 -9999 -9999 -9999 -9999 -9999 -9999 -9999 -9999 -9999 -9999 -9999 -9999 -9999 -9999 -9999 -9999 -9999 -9999 -9999 -9999 -9999 -9999 -9999 -9999 -9999 -9999 -9999 -9999 -9999 -9999 -9999 -9999 -9999 -9999 -9999 -9999 -9999 14.6378 14.64331 14.67245 14.78032 14.90709 14.97087 15.05749 15.14135 15.21654 15.28387 15.34489 15.39292 15.42914 15.45473 15.47402 15.48229 15.48347 15.47599 15.45749 15.43583 15.40709 15.35906 15.30591 15.2504 15.18741 15.11576 15.04056 14.95749 14.87009 14.77875
-9999 -9999 -9999 -9999 -9999 -9999 -9999 -9999 -9999 -9999 -9999 -9999 -9999 -9999 -9999 -9999 -9999 -9999 -9999 -9999 -9999 -9999 -9999 -9999 -9999 -9999 -9999 -9999 -9999 -9999 -9999 -9999 -9999 -9999 -9999 -9999 -9999 -9999 14.81733 14.83898 14.88268 15.0008 15.12245 15.22993 15.32678 15.42245 15.513 15.59332 15.66654 15.7256 15.77206 15.81064 15.84135 15.86064 15.86772 15.86654 15.85749 15.83505 15.80709 15.77009 15.72245 15.66576 15.6067 15.53623 15.45867 15.37717 15.28898 15.19528 15.09017
-9999 -9999 -9999 -9999 -9999 -9999 -9999 -9999 -9999 -9999 -9999 -9999 -9999 -9999 -9999 -9999 -9999 -9999 -9999 -9999 -9999 -9999 -9999 -9999 -9999 -9999 -9999 -9999 -9999 -9999 -9999 -9999 -9999 14.40237 14.48977 14.60906 14.74961 14.88702 14.99253 15.07993 15.20631 15.34686 15.47717 15.59371 15.69804 15.80237 15.89843 15.98347 16.0567 16.11773 16.16654 16.20355 16.23308 16.25001 16.25946 16.25631 16.23899 16.21654 16.18111 16.13662 16.0882 16.02993 15.96182 15.88741 15.80473 15.71418 15.62127 15.52048 15.40867
-9999 -9999 -9999 -9999 -9999 -9999 -9999 -9999 -9999 -9999 -9999 -9999 -9999 -9999 -9999 -9999 -9999 -9999 -9999 -9999 -9999 -9999 -9999 -9999 -9999 -9999 -9999 -9999 -9999 -9999 -9999 14.52402 14.51221 14.55552 14.67048 14.82245 14.97678 15.12717 15.26536 15.40828 15.55513 15.70276 15.84017 15.96457 16.07835 16.18702 16.28623 16.37717 16.45316 16.51458 16.56497 16.60434 16.63032 16.64528 16.65198 16.64607 16.62599 16.59804 16.56064 16.51458 16.45749 16.39213 16.32009 16.23741 16.14528 16.0508 15.94804 15.8378 15.72166
-9999 -9999 -9999 -9999 -9999 -9999 -9999 -9999 -9999 -9999 -9999 -9999 -9999 -9999 -9999 -9999 -9999 -9999 -9999 -9999 -9999 -9999 -9999 -9999 -9999 -9999 -9999 -9999 -9999 -9999 14.62678 14.63229 14.67481 14.78662 14.94095 15.10198 15.2693 15.43426 15.59961 15.76024 15.91458 16.07009 16.21536 16.34332 16.46339 16.5752 16.67757 16.76891 16.84962 16.91339 16.96576 17.00276 17.02796 17.04174 17.04292 17.03387 17.01497 16.9815 16.93899 16.88859 16.8252 16.75631 16.67599 16.58308 16.48347 16.37954 16.27127 16.15395 16.02954
-9999 -9999 -9999 -9999 -9999 -9999 -9999 -9999 -9999 -9999 -9999 -9999 -9999 -9999 -9999 -9999 -9999 -9999 -9999 -9999 -9999 -9999 -9999 -9999 -9999 -9999 -9999 -9999 -9999 14.71418 14.73859 14.78859 14.90749 15.07127 15.24056 15.41457 15.59213 15.77363 15.94961 16.11969 16.2815 16.44095 16.59135 16.72757 16.85434 16.96773 17.07206 17.16497 17.24095 17.31103 17.36458 17.40277 17.42402 17.43347 17.43387 17.42324 17.39607 17.35788 17.31025 17.25316 17.18662 17.11261 17.02639 16.92717 16.82127 16.70906 16.59213 16.46654 16.32914
-9999 -9999 -9999 -9999 -9999 -9999 -9999 -9999 -9999 -9999 -9999 -9999 -9999 -9999 -9999 -9999 -9999 -9999 -9999 -9999 -9999 -9999 -9999 -9999 -9999 -9999 -9999 -9999 -9999 14.82048 14.87796 15.01064 15.19331 15.36654 15.54686 15.73465 15.92717 16.1193 16.30473 16.48072 16.64725 16.81025 16.96694 17.11339 17.2441 17.36143 17.46773 17.56143 17.64056 17.70434 17.76182 17.79568 17.81851 17.82402 17.82127 17.80434 17.77048 17.72481 17.66969 17.60788 17.54017 17.46143 17.36851 17.26694 17.15473 17.03584 16.90867 16.77166 16.62678
-9999 -9999 -9999 -9999 -9999 -9999 -9999 -9999 -9999 -9999 -9999 -9999 -9999 -9999 -9999 -9999 -9999 -9999 -9999 -9999 -9999 -9999 -9999 -9999 -9999 -9999 -9999 -9999 14.88387 14.95158 15.08505 15.27127 15.47009 15.66457 15.8567 16.06103 16.26182 16.46103 16.65513 16.83662 17.00867 17.17914 17.33859 17.49213 17.62717 17.75355 17.85985 17.95237 18.03229 18.09529 18.14647 18.1882 18.20158 18.20552 18.19607 18.1756 18.13741 18.08426 18.02324 17.95749 17.88584 17.80001 17.70355 17.5941 17.47678 17.35001 17.21497 17.06969 16.91654
-9999 -9999 -9999 -9999 -9999 -9999 -9999 -9999 -9999 -9999 -9999 -9999 -9999 -9999 -9999 -9999 -9999 -9999 -9999 -9999 -9999 -9999 -9999 -9999 -9999 -9999 -9999 14.93583 15.01654 15.1445 15.34017 15.54174 15.7504 15.95867 16.17048 16.37757 16.58859 16.79646 16.99568 17.18465 17.36536 17.53977 17.71025 17.86064 18.00788 18.13387 18.24332 18.32954 18.41103 18.47206 18.52048 18.55001 18.57048 18.56694 18.55592 18.53072 18.48662 18.43151 18.36773 18.29804 18.21812 18.12875 18.02166 17.90631 17.78387 17.65198 17.50749 17.35316 17.19213
-9999 -9999 -9999 -9999 -9999 -9999 -9999 -9999 -9999 -9999 -9999 -9999 -9999 -9999 -9999 -9999 -9999 -9999 -9999 -9999 -9999 -9999 -9999 14.46418 -9999 -9999 14.97048 15.07127 15.2004 15.39725 15.59804 15.81851 16.0319 16.25749 16.47875 16.69253 16.91024 17.12363 17.32639 17.52599 17.71379 17.90119 18.07127 18.22836 18.37481 18.5004 18.60946 18.7004 18.76812 18.82678 18.86851 18.89844 18.90946 18.90513 18.88859 18.85788 18.81221 18.75316 18.68544 18.61261 18.5319 18.43072 18.31969 18.19883 18.07442 17.93505 17.78505 17.62481 17.4508
-9999 -9999 -9999 -9999 -9999 -9999 -9999 -9999 -9999 -9999 -9999 -9999 -9999 -9999 -9999 -9999 -9999 -9999 -9999 -9999 -9999 -9999 14.49213 14.5815 14.71379 14.92324 15.0819 15.23702 15.44253 15.65355 15.86851 16.08899 16.32166 16.55119 16.77717 17.00395 17.22402 17.44213 17.65473 17.85828 18.05749 18.24725 18.42599 18.5819 18.72836 18.85434 18.95788 19.0445 19.11064 19.1567 19.19253 19.213 19.21969 19.21025 19.18977 19.15119 19.1004 19.03741 18.96773 18.89214 18.80513 18.70592 18.58662 18.46458 18.33426 18.19213 18.03544 17.87009 17.69095
-9999 -9999 -9999 -9999 -9999 -9999 -9999 -9999 -9999 -9999 -9999 -9999 -9999 -9999 -9999 -9999 -9999 -9999 -9999 -9999 -9999 14.52166 14.59331 14.68544 14.8882 15.08072 15.25867 15.4693 15.68465 15.90591 16.13387 16.36221 16.6004 16.83426 17.06694 17.3004 17.52993 17.75513 17.97717 18.18781 18.38899 18.58702 18.76654 18.92442 19.06025 19.18269 19.28229 19.36103 19.42245 19.46064 19.48387 19.48977 19.49253 19.47875 19.44686 19.40395 19.34686 19.2819 19.21143 19.13465 19.04725 18.94056 18.82166 18.6945 18.56339 18.41615 18.25434 18.08387 17.90434
-9999 -9999 -9999 -9999 -9999 -9999 -9999 -9999 -9999 -9999 -9999 -9999 -9999 -9999 -9999 -9999 -9999 -9999 -9999 -9999 14.54292 14.60828 14.70906 14.87993 15.07639 15.27324 15.48072 15.69883 15.92481 16.15513 16.39017 16.62914 16.86536 17.1067 17.34686 17.58662 17.82284 18.06103 18.29135 18.50867 18.71536 18.91418 19.09332 19.24332 19.37324 19.48347 19.57363 19.64135 19.69095 19.72088 19.72993 19.72717 19.71733 19.69686 19.66261 19.61379 19.55395 19.48899 19.41812 19.33977 19.24568 19.14214 19.02166 18.89292 18.7567 18.6067 18.44253 18.26615 18.08505
-9999 -9999 -9999 -9999 -9999 -9999 -9999 -9999 -9999 -9999 -9999 -9999 -9999 -9999 -9999 -9999 -9999 -9999 -9999 -9999 14.61497 14.72442 14.89174 15.08347 15.28347 15.48702 15.70119 15.92402 16.15552 16.39568 16.63623 16.87993 17.12087 17.36497 17.61379 17.86064 18.1071 18.35277 18.58977 18.81458 19.02914 19.22914 19.40119 19.5441 19.663 19.75867 19.83269 19.88387 19.91733 19.93111 19.93229 19.92324 19.90001 19.87009 19.83426 19.78151 19.72048 19.65434 19.57954 19.49725 19.40513 19.29883 19.18229 19.0567 18.91891 18.76576 18.59765 18.42324 18.23702
-9999 -9999 -9999 -9999 -9999 -9999 -9999 -9999 -9999 -9999 -9999 -9999 -9999 -9999 -9999 -9999 -9999 -9999 -9999 14.62009 14.7319 14.89646 15.08505 15.28072 15.48544 15.69883 15.91891 16.14528 16.38268 16.62521 16.87009 17.11576 17.36143 17.61458 17.86891 18.12521 18.37875 18.62836 18.87521 19.11143 19.3256 19.52206 19.69135 19.82481 19.93032 20.00788 20.05749 20.08623 20.10277 20.11064 20.10119 20.07718 20.05119 20.01379 19.96615 19.90985 19.84607 19.77402 19.69647 19.61025 19.51576 19.41458 19.30198 19.17954 19.0441 18.89135 18.72442 18.54883 18.3634
-9999 -9999 -9999 -9999 -9999 -9999 -9999 -9999 -9999 -9999 -9999 -9999 -9999 -9999 -9999 -9999 -9999 14.5445 14.61182 14.72639 14.8945 15.0819 15.27127 15.47206 15.68308 15.90316 16.12954 16.36261 16.60237 16.8441 17.08977 17.33899 17.59174 17.85001 18.11458 18.37639 18.63741 18.89647 19.15237 19.39135 19.60395 19.79253 19.95198 20.07481 20.16615 20.22363 20.25159 20.26143 20.26615 20.26103 20.24489 20.21103 20.17245 20.12363 20.06497 20.00001 19.92836 19.84765 19.76536 19.67796 19.58466 19.48662 19.38072 19.26221 19.13033 18.97993 18.81536 18.64371 18.46143
-9999 -9999 -9999 -9999 -9999 -9999 -9999 -9999 -9999 -9999 -9999 -9999 -9999 -9999 -9999 -9999 14.53426 14.59528 14.70631 14.87284 15.06615 15.25946 15.45355 15.65906 15.87599 16.09962 16.3319 16.5693 16.80867 17.0508 17.29804 17.55198 17.80906 18.07284 18.34095 18.61379 18.88387 19.15237 19.40867 19.63938 19.84292 20.01891 20.163 20.27678 20.35395 20.39962 20.41969 20.42206 20.41182 20.3945 20.36615 20.32127 20.26103 20.19686 20.12757 20.04922 19.96733 19.88072 19.78859 19.70119 19.6134 19.5197 19.41733 19.30237 19.17363 19.03032 18.87245 18.70513 18.52796
-9999 -9999 -9999 -9999 -9999 -9999 -9999 -9999 -9999 -9999 -9999 -9999 -9999 -9999 -9999 -9999 14.60906 14.69016 14.84135 15.03269 15.23072 15.42993 15.63072 15.84095 16.06221 16.29095 16.52245 16.76024 16.99922 17.24174 17.49135 17.74843 18.01182 18.28111 18.55158 18.83269 19.10906 19.37403 19.61773 19.83151 20.01418 20.17245 20.30198 20.40592 20.47599 20.52088 20.54489 20.55119 20.54056 20.50631 20.45395 20.38505 20.31222 20.23229 20.1445 20.05355 19.96261 19.86733 19.77088 19.68111 19.59529 19.50631 19.40867 19.29765 19.17284 19.04017 18.89253 18.73347 18.56103
-9999 -9999 -9999 -9999 -9999 -9999 -9999 -9999 -9999 -9999 -9999 -9999 -9999 -9999 -9999 -9999 14.71142 14.83308 14.99568 15.19017 15.39095 15.59332 15.80395 16.01654 16.24292 16.47087 16.7008 16.93387 17.17324 17.41812 17.66733 17.92875 18.19962 18.47166 18.75001 19.02914 19.2941 19.54292 19.76694 19.95434 20.1134 20.25434 20.36891 20.45867 20.52836 20.57914 20.61064 20.62836 20.6197 20.57599 20.49607 20.40907 20.31891 20.2193 20.11536 20.01458 19.91143 19.8071 19.70434 19.61576 19.52954 19.44371 19.34962 19.24607 19.1319 19.00473 18.87245 18.72481 18.56694
-9999 -9999 -9999 -9999 -9999 -9999 -9999 -9999 -9999 -9999 -9999 -9999 -9999 -9999 -9999 14.763 14.83505 14.9693 15.15198 15.34646 15.54804 15.75355 15.96812 16.1882 16.40946 16.63584 16.86418 17.09489 17.33111 17.57678 17.83111 18.09922 18.36891 18.64686 18.93032 19.19056 19.43426 19.65907 19.85473 20.02048 20.16064 20.28662 20.38781 20.46103 20.52048 20.57048 20.61418 20.63741 20.626 20.57639 20.49607 20.38702 20.27481 20.15907 20.04017 19.92324 19.81222 19.70552 19.59962 19.50159 19.4193 19.33544 19.24686 19.15198 19.04962 18.93584 18.81143 18.68229 18.53465
-9999 -9999 -9999 -9999 -9999 -9999 -9999 -9999 -9999 -9999 -9999 -9999 -9999 -9999 14.72993 14.84135 14.93662 15.11733 15.30434 15.49843 15.7008 15.91182 16.12245 16.34174 16.56339 16.78426 17.00828 17.23741 17.47481 17.71969 17.97678 18.24568 18.52363 18.81143 19.07127 19.31064 19.53111 19.72599 19.89725 20.05552 20.18662 20.28781 20.37088 20.42757 20.47521 20.51694 20.55395 20.57481 20.56497 20.52048 20.43505 20.31773 20.18348 20.05277 19.91615 19.78702 19.66851 19.55631 19.44883 19.34883 19.263 19.18269 19.10159 19.01497 18.92324 18.82678 18.71969 18.60198 18.47993
-9999 -9999 -9999 -9999 -9999 -9999 -9999 -9999 -9999 -9999 -9999 -9999 -9999 14.69135 14.7941 14.89764 15.07835 15.25946 15.44922 15.64332 15.84804 16.05709 16.26458 16.47717 16.6941 16.91221 17.13229 17.3571 17.5941 17.84213 18.09962 18.3693 18.65552 18.92993 19.17521 19.39568 19.59017 19.76733 19.92993 20.06812 20.18781 20.28348 20.33938 20.37836 20.40592 20.43466 20.45513 20.46418 20.45198 20.40749 20.32009 20.19607 20.04765 19.89214 19.74174 19.60237 19.47639 19.35946 19.25513 19.15158 19.06182 18.98347 18.90749 18.83662 18.75867 18.67678 18.5882 18.49292 18.37954
