ASPA-UH-SWB2_REPO/input/Gridded_rain/prism_ppt_tutuila_30yr_normal_12.asc
ncols         350
nrows         200
xllcorner     515000
yllcorner     8409000
cellsize      100
NODATA_value  -9999
[rows 62 to 92 of 200, columns 276 to 344 of 350]
12.01103 11.99174 11.97953 11.95552 11.93741 11.90946 11.88229 11.84922 11.81615 11.78347 11.75355 11.72245 11.69804 11.67599 11.65394 11.62875 11.59961 11.56654 11.5256 11.48662 11.44331 11.39646 11.34646 11.29843 11.24095 11.17835 11.10473 11.0252 10.93819 10.84331 10.73977 10.61772 10.48741 10.35985 10.24292 10.13347 10.02284 9.912997 9.79843 9.680714 9.563785 9.449218 9.33465 9.223233 9.108273 8.99095 8.8878 8.788194 8.72402 8.695674 -9999 -9999 -9999 -9999 -9999 -9999 -9999 -9999 -9999 -9999 -9999 -9999 -9999 -9999 -9999 -9999 -9999 -9999 -9999
11.95985 11.95434 11.94016 11.92638 11.90316 11.88465 11.85631 11.82481 11.79371 11.76497 11.7315 11.7004 11.67205 11.65001 11.62796 11.59764 11.56772 11.53229 11.49016 11.44174 11.39253 11.34056 11.29016 11.23111 11.17087 11.10355 11.02835 10.94134 10.85552 10.76497 10.6563 10.53347 10.40316 10.27323 10.14292 10.02166 9.907879 9.796068 9.679926 9.56221 9.44843 9.335438 9.225202 9.120084 9.012603 8.903154 8.804336 8.727957 8.679532 8.660241 -9999 -9999 -9999 -9999 -9999 -9999 -9999 -9999 -9999 -9999 -9999 -9999 -9999 -9999 -9999 -9999 -9999 -9999 -9999
11.90276 11.89213 11.88347 11.87402 11.85946 11.83623 11.81379 11.78701 11.75945 11.7252 11.69095 11.66221 11.63386 11.60867 11.57875 11.54843 11.51654 11.47284 11.42835 11.37993 11.32323 11.27087 11.21103 11.15001 11.08504 11.013 10.93426 10.85158 10.75867 10.66654 10.56418 10.44567 10.31654 10.18229 10.04843 9.921265 9.797249 9.673627 9.559848 9.448036 9.333863 9.224808 9.120871 9.017721 8.920083 8.824414 8.746067 8.688981 8.658272 8.641737 -9999 -9999 -9999 -9999 -9999 -9999 -9999 -9999 -9999 -9999 -9999 -9999 -9999 -9999 -9999 -9999 -9999 -9999 -9999
11.81497 11.81694 11.81142 11.80316 11.79213 11.7756 11.75473 11.73032 11.70158 11.67245 11.63741 11.60119 11.57442 11.54764 11.51654 11.48308 11.44213 11.40001 11.34922 11.29489 11.24371 11.18426 11.12008 11.0563 10.98898 10.91418 10.83504 10.74882 10.65709 10.56142 10.463 10.34843 10.22402 10.09331 9.960635 9.82599 9.694099 9.573627 9.455123 9.341343 9.231107 9.124414 9.026382 8.932288 8.847642 8.774808 8.714571 8.675595 8.651186 8.647248 -9999 -9999 -9999 -9999 -9999 -9999 -9999 -9999 -9999 -9999 -9999 -9999 -9999 -9999 -9999 -9999 -9999 -9999 -9999
11.70788 11.71575 11.72166 11.71536 11.70591 11.69725 11.68032 11.65512 11.63032 11.59725 11.55945 11.52402 11.49371 11.46654 11.43465 11.39686 11.35552 11.31142 11.25945 11.19961 11.14056 11.07953 11.01575 10.94882 10.87875 10.80749 10.72717 10.63544 10.54646 10.4563 10.3567 10.24607 10.12717 10.00355 9.875202 9.7441 9.614965 9.492524 9.368902 9.258272 9.15158 9.050005 8.95591 8.879138 8.808272 8.746461 8.70906 8.683075 8.662996 -9999 -9999 -9999 -9999 -9999 -9999 -9999 -9999 -9999 -9999 -9999 -9999 -9999 -9999 -9999 -9999 -9999 -9999 -9999 -9999
11.59095 11.60079 11.60906 11.61064 11.60709 11.60119 11.58701 11.56379 11.54095 11.51024 11.47087 11.43032 11.3941 11.36575 11.33426 11.29568 11.25394 11.2063 11.15079 11.09292 11.02914 10.963 10.89764 10.82914 10.75945 10.68741 10.60631 10.51851 10.43308 10.34331 10.24764 10.14331 10.02953 9.912603 9.791344 9.671265 9.548037 9.425989 9.312603 9.202367 9.099611 9.008272 8.924808 8.853942 8.79213 8.748823 8.721264 8.694099 -9999 -9999 -9999 -9999 -9999 -9999 -9999 -9999 -9999 -9999 -9999 -9999 -9999 -9999 -9999 -9999 -9999 -9999 -9999 -9999 -9999
11.4567 11.4756 11.48426 11.49016 11.49331 11.48701 11.47717 11.46103 11.43898 11.41142 11.37087 11.32599 11.2878 11.25355 11.21654 11.17875 11.13426 11.08819 11.03426 10.97166 10.9063 10.84056 10.77363 10.70355 10.6319 10.55709 10.47914 10.39764 10.31182 10.22599 10.13701 10.03544 9.929926 9.821658 9.707091 9.594887 9.484257 9.370871 9.264965 9.161422 9.069296 8.984257 8.911028 8.844887 8.793705 8.756304 8.731894 -9999 -9999 -9999 -9999 -9999 -9999 -9999 -9999 -9999 -9999 -9999 -9999 -9999 -9999 -9999 -9999 -9999 -9999 -9999 -9999 -9999 -9999
11.3126 11.33386 11.3504 11.35867 11.36379 11.36182 11.35394 11.34095 11.32205 11.29646 11.25827 11.21221 11.17087 11.1319 11.08938 11.04646 11.00434 10.9567 10.90079 10.83938 10.77481 10.70985 10.64134 10.57087 10.49764 10.42323 10.34843 10.26772 10.18662 10.10945 10.0193 9.923233 9.827958 9.727958 9.62284 9.51969 9.416934 9.314571 9.21654 9.125989 9.041344 8.964965 8.897248 8.840556 8.801186 8.760241 -9999 -9999 -9999 -9999 -9999 -9999 -9999 -9999 8.563784 8.561421 8.556697 8.560241 -9999 -9999 -9999 -9999 -9999 -9999 -9999 -9999 -9999 -9999 -9999
11.15867 11.18465 11.20394 11.21851 11.22323 11.22638 11.22127 11.20827 11.19292 11.16615 11.13111 11.08898 11.0441 11.00394 10.95985 10.90945 10.863 10.81418 10.75709 10.69567 10.63229 10.56851 10.50158 10.4315 10.35906 10.28662 10.21418 10.14095 10.06575 9.984651 9.896855 9.811028 9.724021 9.630713 9.535831 9.441343 9.345675 9.255517 9.163784 9.081895 9.007092 8.937407 8.88032 8.838981 -9999 -9999 -9999 -9999 -9999 -9999 8.617721 8.627957 8.642918 8.638981 8.626383 8.61969 8.615358 8.620871 8.635831 8.638981 8.659453 8.725202 -9999 -9999 -9999 -9999 -9999 -9999 -9999
11.00316 11.02481 11.04646 11.06339 11.0756 11.08347 11.08111 11.0689 11.05315 11.02835 10.9941 10.95709 10.91851 10.87363 10.82481 10.77599 10.72127 10.66969 10.61182 10.54961 10.48701 10.42481 10.36103 10.29213 10.22284 10.15355 10.08347 10.01418 9.938194 9.858666 9.78032 9.700398 9.618509 9.538981 9.445674 9.356304 9.278351 9.189769 9.108666 9.035438 8.965753 8.908666 8.866146 -9999 -9999 -9999 -9999 -9999 -9999 8.709454 8.702761 8.712209 8.735437 8.75276 8.751185 8.746855 8.744099 8.744493 8.750005 8.746855 8.755122 8.788588 8.850004 -9999 -9999 -9999 -9999 -9999 -9999
10.83308 10.85827 10.88268 10.90473 10.9189 10.92835 10.92914 10.92127 10.90709 10.88465 10.8567 10.82166 10.78347 10.73938 10.69056 10.63859 10.58426 10.52835 10.4689 10.4063 10.3441 10.28268 10.22166 10.15827 10.09134 10.02284 9.953548 9.883863 9.814178 9.740163 9.665359 9.590556 9.527564 9.457879 9.362997 9.286225 9.21221 9.125989 9.061422 8.999217 8.936225 8.887012 -9999 -9999 -9999 -9999 -9999 -9999 8.826383 8.791737 8.800398 8.828745 8.855123 8.868114 8.871658 8.865752 8.870477 8.86969 8.869296 8.862997 8.862603 8.872052 8.899218 8.909847 -9999 -9999 -9999 -9999 -9999
10.66615 10.69056 10.713 10.73623 10.75788 10.76536 10.7693 10.7693 10.7563 10.73583 10.71182 10.6819 10.64292 10.60079 10.55237 10.50119 10.44882 10.38938 10.33189 10.27245 10.21064 10.14961 10.08938 10.02756 9.961029 9.894887 9.829139 9.759848 9.692525 9.623627 9.555123 9.504335 9.461422 -9999 9.297249 9.224021 -9999 9.095281 9.042918 -9999 -9999 -9999 -9999 -9999 -9999 -9999 -9999 8.893705 8.883862 8.882288 8.89528 8.914178 8.925201 8.928351 8.926382 8.928351 8.932682 8.935831 8.933863 8.93032 8.931107 8.932682 8.93032 8.920477 8.911422 -9999 -9999 -9999 -9999
10.48741 10.52323 10.54725 10.56654 10.58583 10.60079 10.60749 10.60591 10.5941 10.58504 10.55906 10.52953 10.49843 10.45709 10.41221 10.3626 10.30512 10.25315 10.19804 10.13898 10.07678 10.01615 9.963391 9.916147 9.853155 9.773627 9.702761 9.640162 9.57402 9.510634 9.460241 9.442131 -9999 -9999 -9999 -9999 -9999 -9999 -9999 -9999 -9999 -9999 -9999 -9999 -9999 -9999 8.93465 8.927564 8.920871 8.942524 8.944492 8.941737 8.942131 8.936225 8.938587 8.943312 8.949611 8.953155 8.949611 8.952367 8.95906 8.96339 8.955123 8.932288 8.924021 8.921659 -9999 -9999 -9999
10.31812 10.34646 10.37402 10.40237 10.41733 10.43111 10.44016 10.43623 10.43662 10.41969 10.4004 10.37599 10.34213 10.30867 10.26615 10.21772 10.16693 10.11457 10.05945 10.00512 9.947249 9.898037 9.873627 9.833469 9.764178 9.673627 9.583469 9.535045 9.456697 9.417722 9.391737 9.376777 -9999 -9999 -9999 -9999 -9999 -9999 -9999 -9999 -9999 -9999 -9999 -9999 -9999 8.931107 8.933863 8.938587 8.947248 8.952367 8.949611 8.94528 8.935831 8.940162 8.949611 8.95906 8.961422 8.95906 8.957091 8.957091 8.968903 8.979532 8.975202 8.953941 8.936619 8.934257 8.934257 -9999 -9999
10.15237 10.17953 10.20473 10.23032 10.24961 10.26418 10.27087 10.2756 10.27008 10.25749 10.24056 10.21851 10.18859 10.15355 10.11497 10.07087 10.02166 9.96969 9.919296 9.869296 9.82599 9.821265 9.814965 -9999 -9999 9.540556 9.49095 9.43032 9.378745 9.35158 9.336619 -9999 -9999 -9999 -9999 -9999 -9999 -9999 -9999 -9999 -9999 -9999 -9999 -9999 8.917328 8.927564 8.931107 8.939375 8.948036 8.950005 8.94843 8.944099 8.946855 8.959847 8.978351 8.985044 8.983863 8.977958 8.972839 8.970477 8.975988 8.986619 8.9878 8.970871 8.955123 8.945674 8.944886 8.944099 -9999
9.983076 10.01418 10.04331 10.06575 10.08662 10.1004 10.11024 10.11339 10.10867 10.09922 10.08347 10.06024 10.03583 10.00079 9.96221 9.921265 9.875596 9.829926 9.783076 9.744493 9.743312 9.746068 -9999 -9999 -9999 -9999 9.410241 -9999 9.335044 -9999 -9999 -9999 -9999 -9999 -9999 -9999 -9999 -9999 -9999 -9999 -9999 -9999 -9999 8.905123 8.912603 8.918902 8.93032 8.937799 8.944099 8.948824 8.953547 8.958666 8.969689 8.985831 8.999611 9.012209 9.007092 8.996461 8.985437 8.986225 8.994493 8.993706 8.993312 8.981894 8.969689 8.96024 8.953941 8.951973 -9999
9.825596 9.853155 9.880713 9.905517 9.927171 9.942919 9.949612 9.951186 9.947249 9.940557 9.924415 9.905517 9.879927 9.847249 9.810635 9.773627 9.731894 9.694099 9.65591 9.657879 9.675989 -9999 -9999 -9999 -9999 -9999 -9999 -9999 -9999 -9999 -9999 -9999 -9999 -9999 -9999 -9999 -9999 -9999 -9999 -9999 -9999 -9999 8.879138 8.887406 8.900792 8.91221 8.924414 8.938193 8.944099 8.953941 8.968509 8.981107 8.996068 9.007485 9.01969 9.016147 9.009847 9.003942 9.001185 9.004335 9.007485 9.011422 8.998823 8.987406 8.98032 8.972839 8.964572 8.958666 8.95591
9.672839 9.696068 9.722839 9.747643 9.769297 9.783076 9.793312 9.793706 9.788588 9.779139 9.768115 9.754335 9.729926 9.698824 9.663784 9.629533 9.601974 9.585044 9.575596 9.591737 -9999 -9999 -9999 -9999 -9999 -9999 -9999 -9999 -9999 -9999 -9999 -9999 -9999 -9999 -9999 -9999 -9999 -9999 -9999 -9999 -9999 8.856304 8.864178 8.873233 8.887012 8.904335 8.924808 8.937799 8.953941 8.968115 8.985437 9.005123 9.014965 9.018902 9.016541 9.010634 9.005516 9.003154 9.011816 9.019296 9.023233 9.02402 9.013784 8.99213 8.987406 8.982682 8.974414 8.966146 8.961028
9.52599 9.550793 9.573627 9.596461 9.61654 9.628351 9.6378 9.64095 9.635832 9.627957 9.618115 9.60591 9.585044 9.557878 9.529139 9.503942 9.502367 9.52717 9.531107 -9999 -9999 -9999 -9999 -9999 -9999 -9999 -9999 -9999 -9999 -9999 -9999 -9999 -9999 -9999 -9999 -9999 -9999 -9999 -9999 -9999 -9999 8.845674 8.85591 8.870477 8.885831 8.910241 8.935044 8.955123 8.970477 8.9878 9.003942 9.016541 9.016933 9.013391 9.009454 9.00591 9.002367 9.005123 9.012209 9.025989 9.035831 9.036619 9.026382 9.001185 8.991737 8.989768 8.982288 8.973233 8.96654
9.388981 9.414572 9.435832 9.456304 9.472839 9.482682 9.487407 9.494493 9.49528 9.486619 9.488587 9.476383 9.457485 9.438587 9.418509 9.409453 -9999 -9999 -9999 -9999 -9999 -9999 -9999 -9999 -9999 -9999 -9999 -9999 -9999 -9999 -9999 -9999 -9999 -9999 -9999 -9999 -9999 -9999 -9999 -9999 -9999 8.861815 8.866146 8.882288 8.907879 8.935044 8.961422 8.982682 8.992524 9.002367 9.012209 9.014571 9.010634 9.006304 9.001973 9.002761 9.005123 9.009847 9.014965 9.025202 9.042524 9.047249 9.033469 9.011422 8.998036 8.994493 8.988194 8.978745 8.971658
9.263391 9.2878 9.306698 9.324414 9.337406 9.344493 9.349611 9.358273 9.371658 9.377563 9.386226 9.383076 9.371264 9.362997 9.346067 -9999 -9999 -9999 -9999 -9999 -9999 -9999 -9999 -9999 -9999 -9999 -9999 -9999 -9999 -9999 -9999 -9999 -9999 -9999 -9999 -9999 -9999 -9999 -9999 -9999 -9999 8.874414 8.883076 8.902367 8.9315 8.959847 8.982288 8.995674 9.004729 9.006698 9.006304 9.005123 9.003548 9.001579 9.001185 9.00591 9.009847 9.014178 9.018115 9.026382 9.039768 9.048429 9.039374 9.025202 9.00591 8.997643 8.99213 8.982682 8.975595
9.159847 9.165359 9.183469 9.200398 9.210634 9.212604 9.227564 9.24843 9.274808 9.302761 -9999 -9999 -9999 -9999 -9999 -9999 -9999 -9999 -9999 -9999 -9999 -9999 -9999 -9999 -9999 -9999 -9999 -9999 -9999 -9999 -9999 -9999 -9999 -9999 -9999 -9999 -9999 -9999 -9999 -9999 -9999 -9999 8.898036 8.913784 8.930714 8.958272 8.984651 8.996461 8.999611 8.999217 8.999217 8.999217 9.000792 9.003154 9.006698 9.010634 9.014178 9.018115 9.020477 9.023233 9.031107 9.044887 9.048429 9.032681 9.014571 9.003154 8.993706 8.985044 8.978351
9.081107 9.073233 9.070477 9.082682 9.089768 9.10276 9.127563 9.165359 -9999 -9999 -9999 -9999 -9999 -9999 -9999 -9999 -9999 -9999 -9999 -9999 -9999 -9999 -9999 -9999 -9999 -9999 -9999 -9999 -9999 -9999 -9999 -9999 -9999 -9999 -9999 -9999 -9999 -9999 -9999 -9999 -9999 -9999 -9999 8.906303 8.924021 8.944492 8.973233 8.989375 8.994099 8.992918 8.995674 8.99843 9.001579 9.005123 9.008666 9.012209 9.015359 9.017721 9.016147 9.014571 9.022052 9.040162 9.051579 9.04213 9.024414 9.00591 8.993312 8.985831 8.98032
-9999 9.000399 8.989375 8.975988 8.997643 9.016933 -9999 -9999 -9999 -9999 -9999 -9999 -9999 -9999 -9999 -9999 -9999 -9999 -9999 -9999 -9999 -9999 -9999 -9999 -9999 -9999 -9999 -9999 -9999 -9999 -9999 -9999 -9999 -9999 -9999 -9999 -9999 -9999 -9999 -9999 -9999 -9999 -9999 -9999 8.919296 8.944492 8.960634 8.981501 8.988587 8.988194 8.989375 8.992524 8.995674 8.998823 9.001973 9.005123 9.007092 9.006304 9.004729 9.005123 9.014178 9.033863 9.05591 9.055516 9.026776 9.004729 8.992524 8.986619 -9999
-9999 -9999 8.915359 8.918115 8.930714 8.939769 -9999 -9999 -9999 -9999 -9999 -9999 -9999 -9999 -9999 -9999 -9999 -9999 -9999 -9999 -9999 -9999 -9999 -9999 -9999 -9999 -9999 -9999 -9999 -9999 -9999 -9999 -9999 -9999 -9999 -9999 -9999 -9999 -9999 -9999 -9999 -9999 -9999 -9999 -9999 8.938587 8.958666 8.964965 8.975595 8.97717 8.975988 8.976776 8.979926 8.982682 8.985437 8.988587 8.99095 8.991737 8.99095 8.995674 9.011028 9.038588 9.063391 9.060635 9.026382 9.002367 8.991737 8.9878 -9999
-9999 -9999 -9999 8.879926 -9999 -9999 -9999 -9999 -9999 -9999 -9999 -9999 -9999 -9999 -9999 -9999 -9999 -9999 -9999 -9999 -9999 -9999 -9999 -9999 -9999 -9999 -9999 -9999 -9999 -9999 -9999 -9999 -9999 -9999 -9999 -9999 -9999 -9999 -9999 -9999 -9999 -9999 -9999 -9999 -9999 -9999 8.945674 8.956304 8.957485 8.96339 8.965359 8.967721 8.970477 8.973233 8.975202 8.977958 8.98032 8.982682 8.985831 8.996461 9.019296 9.050005 9.071264 9.053942 9.024414 9.002367 8.99095 -9999 -9999
-9999 -9999 -9999 -9999 -9999 -9999 -9999 -9999 -9999 -9999 -9999 -9999 -9999 -9999 -9999 -9999 -9999 -9999 -9999 -9999 -9999 -9999 -9999 -9999 -9999 -9999 -9999 -9999 -9999 -9999 -9999 -9999 -9999 -9999 -9999 -9999 -9999 -9999 -9999 -9999 -9999 -9999 -9999 -9999 -9999 -9999 -9999 8.944886 8.952367 8.956697 8.964572 8.968115 8.970477 8.972839 8.975202 8.97717 8.979532 8.982682 8.991343 9.007878 9.033469 9.061422 9.067721 9.044887 9.022052 9.004729 -9999 -9999 -9999
-9999 -9999 -9999 -9999 -9999 -9999 -9999 -9999 -9999 -9999 -9999 -9999 -9999 -9999 -9999 -9999 -9999 -9999 -9999 -9999 -9999 -9999 -9999 -9999 -9999 -9999 -9999 -9999 -9999 -9999 -9999 -9999 -9999 -9999 -9999 -9999 -9999 -9999 -9999 -9999 -9999 -9999 -9999 -9999 -9999 -9999 -9999 -9999 8.950005 8.956304 8.962603 8.969689 8.97402 8.975988 8.978351 8.98032 8.983075 8.989768 9.003154 9.02284 9.047249 9.062603 9.061422 9.050005 9.014965 -9999 -9999 -9999 -9999
-9999 -9999 -9999 -9999 -9999 -9999 -9999 -9999 -9999 -9999 -9999 -9999 -9999 -9999 -9999 -9999 -9999 -9999 -9999 -9999 -9999 -9999 -9999 -9999 -9999 -9999 -9999 -9999 -9999 -9999 -9999 -9999 -9999 -9999 -9999 -9999 -9999 -9999 -9999 -9999 -9999 -9999 -9999 -9999 -9999 -9999 -9999 -9999 -9999 8.955123 8.958272 8.964572 8.972052 8.976776 8.98032 8.983075 8.988981 9.000005 9.015359 9.035044 9.05591 9.06654 9.064178 9.048823 -9999 -9999 -9999 -9999 -9999
-9999 -9999 -9999 -9999 -9999 -9999 -9999 -9999 -9999 -9999 -9999 -9999 -9999 -9999 -9999 -9999 -9999 -9999 -9999 -9999 -9999 -9999 -9999 -9999 -9999 -9999 -9999 -9999 -9999 -9999 -9999 -9999 -9999 -9999 -9999 -9999 -9999 -9999 -9999 -9999 -9999 -9999 -9999 -9999 -9999 -9999 -9999 -9999 -9999 -9999 8.953941 8.958272 8.965359 8.973233 8.98032 8.986619 8.995674 9.008272 9.02402 9.041737 9.057878 9.069296 9.065753 -9999 -9999 -9999 -9999 -9999 -9999
-9999 -9999 -9999 -9999 -9999 -9999 -9999 -9999 -9999 -9999 -9999 -9999 -9999 -9999 -9999 -9999 -9999 -9999 -9999 -9999 -9999 -9999 -9999 -9999 -9999 -9999 -9999 -9999 -9999 -9999 -9999 -9999 -9999 -9999 -9999 -9999 -9999 -9999 -9999 -9999 -9999 -9999 -9999 -9999 -9999 -9999 -9999 -9999 -9999 -9999 8.949217 8.954729 8.960634 8.969296 -9999 8.9878 9.001185 9.013784 9.027957 9.041344 9.053154 9.065359 -9999 -9999 -9999 -9999 -9999 -9999 -9999
