ASPA-UH-SWB2_REPO/input/Gridded_rain/prism_ppt_tutuila_30yr_normal_11.asc
ncols         350
nrows         200
xllcorner     515000
yllcorner     8409000
cellsize      100
NODATA_value  -9999
[rows 31 to 61 of 200, columns 276 to 344 of 350]
-9999 -9999 -9999 -9999 -9999 -9999 -9999 -9999 -9999 -9999 -9999 -9999 -9999 -9999 -9999 -9999 -9999 -9999 -9999 -9999 -9999 -9999 -9999 -9999 -9999 -9999 -9999 -9999 -9999 -9999 -9999 -9999 -9999 -9999 -9999 -9999 -9999 -9999 -9999 -9999 -9999 -9999 -9999 -9999 -9999 -9999 -9999 -9999 -9999 -9999 -9999 -9999 -9999 -9999 -9999 -9999 -9999 -9999 -9999 -9999 -9999 -9999 -9999 -9999 -9999 -9999 -9999 -9999 -9999
-9999 -9999 -9999 -9999 -9999 -9999 -9999 -9999 -9999 -9999 -9999 -9999 -9999 -9999 -9999 -9999 -9999 -9999 -9999 -9999 -9999 -9999 -9999 -9999 -9999 -9999 -9999 -9999 -9999 -9999 -9999 -9999 -9999 -9999 -9999 -9999 -9999 -9999 -9999 -9999 -9999 -9999 -9999 -9999 -9999 7.583075 7.589374 -9999 -9999 -9999 -9999 -9999 -9999 -9999 -9999 -9999 -9999 -9999 -9999 -9999 -9999 -9999 -9999 -9999 -9999 -9999 -9999 -9999 -9999
-9999 -9999 -9999 -9999 -9999 -9999 -9999 -9999 -9999 -9999 -9999 -9999 -9999 -9999 -9999 -9999 -9999 -9999 -9999 -9999 -9999 -9999 -9999 -9999 -9999 -9999 -9999 -9999 -9999 -9999 -9999 -9999 -9999 -9999 -9999 -9999 -9999 -9999 -9999 -9999 -9999 -9999 -9999 7.608665 7.592917 7.581106 7.573232 7.570083 -9999 -9999 -9999 -9999 -9999 -9999 -9999 -9999 -9999 -9999 -9999 -9999 -9999 -9999 -9999 -9999 -9999 -9999 -9999 -9999 -9999
-9999 -9999 -9999 -9999 -9999 -9999 -9999 -9999 -9999 -9999 -9999 -9999 -9999 -9999 -9999 -9999 -9999 -9999 -9999 -9999 -9999 -9999 -9999 -9999 -9999 -9999 -9999 -9999 -9999 7.618114 7.665358 7.676775 7.687012 -9999 -9999 -9999 -9999 7.792524 7.769295 7.755909 -9999 7.670083 7.640555 7.617721 7.594886 7.574413 7.561421 7.558271 7.54961 7.535437 -9999 -9999 -9999 -9999 -9999 -9999 -9999 -9999 -9999 -9999 -9999 -9999 -9999 -9999 -9999 -9999 -9999 -9999 -9999
-9999 -9999 -9999 -9999 -9999 -9999 -9999 -9999 -9999 -9999 -9999 -9999 -9999 -9999 -9999 -9999 -9999 -9999 -9999 -9999 -9999 -9999 -9999 -9999 -9999 -9999 -9999 -9999 7.544098 7.593705 7.629531 7.654335 7.682287 7.725595 7.82087 7.892524 7.880713 7.827957 7.797642 7.783469 7.748429 7.706697 7.671658 7.641736 7.609847 7.579925 7.559846 7.551185 7.538587 7.524413 7.50276 -9999 -9999 -9999 -9999 -9999 -9999 -9999 -9999 -9999 -9999 -9999 -9999 -9999 -9999 -9999 -9999 -9999 -9999
-9999 -9999 -9999 -9999 -9999 -9999 -9999 -9999 -9999 -9999 -9999 -9999 -9999 -9999 -9999 -9999 -9999 -9999 -9999 -9999 -9999 -9999 -9999 -9999 -9999 -9999 -9999 7.554729 7.559059 7.588193 7.621264 7.646854 7.687012 7.753941 7.838587 7.910634 7.918508 7.882681 7.849216 7.822051 7.791736 7.750398 7.714177 7.677169 7.639374 7.602366 7.573626 7.548429 7.535437 7.513783 7.494492 -9999 -9999 -9999 -9999 -9999 -9999 -9999 -9999 -9999 -9999 -9999 -9999 -9999 -9999 -9999 -9999 -9999 -9999
-9999 -9999 -9999 -9999 -9999 -9999 -9999 -9999 -9999 -9999 -9999 -9999 -9999 -9999 -9999 -9999 -9999 -9999 -9999 -9999 -9999 -9999 -9999 -9999 -9999 -9999 7.614177 7.608272 7.601185 7.640555 7.672051 7.697642 7.729532 7.798036 7.878351 7.944098 7.964965 7.937799 7.914177 7.877957 7.842524 7.801972 7.757484 7.717327 7.674807 7.631894 7.597248 7.564571 7.537799 7.514571 7.491343 7.469295 -9999 -9999 -9999 -9999 -9999 -9999 -9999 -9999 -9999 -9999 -9999 -9999 -9999 -9999 -9999 -9999 -9999
-9999 -9999 -9999 -9999 -9999 -9999 -9999 -9999 -9999 -9999 -9999 -9999 -9999 -9999 -9999 -9999 -9999 -9999 -9999 -9999 -9999 -9999 7.633075 7.608272 -9999 7.671264 7.672051 7.665358 7.697248 7.730319 7.765358 7.790162 7.812209 7.85709 7.927563 7.97402 7.976776 7.972839 7.957484 7.927169 7.888193 7.85276 7.805516 7.756697 7.707484 7.659453 7.62087 7.587799 7.553154 7.522445 7.494886 7.473232 7.457484 -9999 -9999 -9999 -9999 -9999 -9999 -9999 -9999 -9999 -9999 -9999 -9999 -9999 -9999 -9999 -9999
-9999 -9999 -9999 -9999 -9999 -9999 -9999 -9999 -9999 -9999 -9999 -9999 -9999 -9999 -9999 -9999 -9999 -9999 -9999 -9999 -9999 7.676382 7.644098 7.650398 7.67087 7.711421 7.725201 7.761028 7.796461 7.835437 7.865358 7.893311 7.91339 7.930713 7.969689 7.986225 7.994886 7.976382 7.951185 7.930713 7.910634 7.878744 7.844099 7.79528 7.740949 7.68898 7.642917 7.607484 7.572445 7.537405 7.505516 7.4815 -9999 -9999 -9999 -9999 -9999 -9999 -9999 -9999 -9999 -9999 -9999 -9999 -9999 -9999 -9999 -9999 -9999
-9999 -9999 -9999 -9999 -9999 -9999 -9999 -9999 -9999 -9999 -9999 -9999 -9999 -9999 -9999 -9999 -9999 -9999 -9999 -9999 7.723232 7.689374 7.687799 7.689374 7.74528 7.77835 7.818508 7.85709 7.894886 7.9315 7.968902 7.98898 8.010634 8.028745 8.037012 8.036618 8.003548 7.97717 7.945673 7.925988 7.894099 7.864571 7.844099 7.825988 7.780713 7.721264 7.670476 7.627563 7.589374 7.555909 7.527169 -9999 -9999 -9999 -9999 -9999 -9999 -9999 -9999 -9999 -9999 -9999 -9999 -9999 -9999 -9999 -9999 -9999 -9999
-9999 -9999 -9999 -9999 -9999 -9999 -9999 -9999 -9999 -9999 -9999 -9999 -9999 -9999 -9999 -9999 -9999 -9999 -9999 7.773232 7.734256 7.739768 7.733862 7.7815 7.828351 7.874413 7.916146 7.952366 7.989768 8.027563 8.056303 8.0815 8.102366 8.121657 8.127563 8.113784 8.069689 8.014571 7.971658 7.91654 7.878744 7.855516 7.834256 7.808272 7.784256 7.752366 7.700004 7.653547 7.612602 7.577957 7.561028 -9999 -9999 -9999 -9999 -9999 -9999 -9999 -9999 -9999 -9999 -9999 -9999 -9999 -9999 -9999 -9999 -9999 -9999
-9999 8.417327 -9999 -9999 -9999 -9999 -9999 -9999 -9999 -9999 -9999 -9999 -9999 -9999 -9999 -9999 -9999 -9999 7.787012 7.783862 7.790949 7.78465 7.835437 7.882681 7.927957 7.971658 8.012603 8.04961 8.087012 8.116933 8.144886 8.170477 8.188193 8.203154 8.211815 8.197642 8.152367 8.088981 8.025595 7.957484 7.89528 7.848823 7.816933 7.788193 7.76024 7.738586 7.717327 7.673232 7.629531 7.595673 7.579925 -9999 -9999 -9999 -9999 -9999 -9999 -9999 -9999 -9999 -9999 -9999 -9999 -9999 -9999 -9999 -9999 -9999 -9999
8.522052 8.469689 8.42835 8.388587 8.355123 -9999 -9999 8.207878 -9999 -9999 -9999 -9999 -9999 -9999 -9999 -9999 -9999 7.814177 7.814571 7.829532 7.841342 7.891737 7.940162 7.98465 8.028745 8.072051 8.111028 8.149217 8.177957 8.206304 8.232287 8.253942 8.268508 8.279139 8.28465 8.268902 8.227957 8.162602 8.087406 8.013783 7.939768 7.864571 7.801185 7.761815 7.731894 7.704335 7.683075 7.662996 7.634256 7.607484 7.591342 -9999 -9999 -9999 -9999 -9999 -9999 -9999 -9999 -9999 -9999 -9999 -9999 -9999 -9999 -9999 -9999 -9999 -9999
8.628744 8.564571 8.513391 8.451579 8.395674 8.35276 8.304335 8.259453 8.240949 -9999 -9999 -9999 -9999 -9999 -9999 -9999 7.866539 7.85709 7.879138 7.901185 7.950004 7.998823 8.044493 8.087799 8.13032 8.171264 8.207484 8.239374 8.268508 8.292917 8.314571 8.327957 8.338193 8.34528 8.346461 8.330713 8.28898 8.22087 8.143312 8.062603 7.979532 7.896854 7.814965 7.74646 7.697642 7.666146 7.641343 7.617721 7.606697 7.601185 7.594099 -9999 -9999 -9999 -9999 -9999 -9999 -9999 -9999 -9999 -9999 -9999 -9999 -9999 -9999 -9999 -9999 -9999 -9999
8.747249 8.690162 8.628744 8.554335 8.481501 8.426776 8.378351 8.331894 8.303548 8.296461 8.320477 8.329926 -9999 -9999 8.087799 7.948823 7.938981 7.940162 7.970083 8.011027 8.057485 8.103941 8.147248 8.188587 8.229138 8.268114 8.302366 8.329532 8.354335 8.37402 8.388587 8.397248 8.399611 8.39843 8.39528 8.376776 8.330319 8.268508 8.188193 8.09961 8.011421 7.92087 7.836618 7.755122 7.679532 7.627563 7.590555 7.568114 7.551972 7.548035 -9999 -9999 -9999 -9999 -9999 -9999 -9999 -9999 -9999 -9999 -9999 -9999 -9999 -9999 -9999 -9999 -9999 -9999 -9999
8.881107 8.825201 8.758272 8.675201 8.593311 8.526382 8.473626 8.429138 8.389768 8.365358 8.355123 8.350398 8.31339 8.185831 8.121657 8.048823 8.021264 8.042523 8.077169 8.116933 8.161816 8.206697 8.248035 8.286224 8.325595 8.361815 8.39213 8.415359 8.436619 8.451185 8.459846 8.46024 8.453547 8.441343 8.425988 8.400004 8.357485 8.293705 8.215359 8.127563 8.032681 7.936224 7.847248 7.761421 7.681894 7.608272 7.54961 7.513783 7.501579 7.481106 7.442523 -9999 -9999 -9999 -9999 -9999 -9999 -9999 -9999 -9999 -9999 -9999 -9999 -9999 -9999 -9999 -9999 -9999 -9999
9.018115 8.958272 8.890162 8.806698 8.719296 8.642918 8.586618 8.539768 8.497249 8.46024 8.433075 8.407485 8.332682 8.238194 8.165752 8.120083 8.118114 8.146068 8.179926 8.218115 8.262603 8.304335 8.342917 8.379138 8.416146 8.448429 8.472839 8.493312 8.510634 8.523626 8.525595 8.516146 8.500398 8.476382 8.446855 8.408666 8.362603 8.298823 8.226776 8.140949 8.042917 7.946461 7.85276 7.762996 7.677169 7.600398 7.540161 7.475595 7.445673 7.422445 7.399216 -9999 -9999 -9999 -9999 -9999 -9999 -9999 -9999 -9999 -9999 -9999 -9999 -9999 -9999 -9999 -9999 -9999 -9999
9.153154 9.092131 9.021658 8.941737 8.849217 8.765359 8.704335 8.656697 8.611422 8.56969 8.5378 8.450398 8.37402 8.290949 8.22717 8.20709 8.225595 8.251579 8.278745 8.315752 8.354729 8.39528 8.430713 8.466933 8.499217 8.526382 8.547249 8.562603 8.576777 8.586618 8.585044 8.571658 8.544493 8.508666 8.469296 8.420477 8.355516 8.299217 8.228745 8.142918 8.050004 7.952366 7.859453 7.768114 7.672051 7.60709 7.538587 7.465752 7.400004 7.360634 7.351185 -9999 -9999 -9999 -9999 -9999 -9999 -9999 -9999 -9999 -9999 -9999 -9999 -9999 -9999 -9999 -9999 -9999 -9999
9.287013 9.222445 9.155123 9.06969 8.97402 8.888981 8.823627 8.770477 8.725202 8.68465 8.586618 8.507091 8.416146 8.349216 8.306303 8.314178 8.331894 8.350004 8.377957 8.405123 8.444098 8.478745 8.514177 8.548036 8.575989 8.59961 8.61654 8.63032 8.643705 8.648036 8.640555 8.621264 8.5878 8.548429 8.50591 8.450791 8.371264 8.29961 8.226382 8.14528 8.054335 7.96024 7.865752 7.766146 7.695673 7.62087 7.550791 7.470476 7.384256 7.307878 7.268507 -9999 -9999 -9999 -9999 -9999 -9999 -9999 -9999 -9999 -9999 -9999 -9999 -9999 -9999 -9999 -9999 -9999 -9999
9.416934 9.348037 9.278745 9.200398 9.103548 9.014571 8.942918 8.888981 8.842918 8.739374 8.647248 8.545673 8.475988 8.412602 8.409847 8.418509 8.428744 8.447642 8.466539 8.493705 8.525989 8.559059 8.592131 8.625201 8.651579 8.670871 8.685437 8.700005 8.706304 8.707878 8.690949 8.664572 8.637012 8.609059 8.560241 8.493705 8.41654 8.315752 8.236225 8.151579 8.056303 7.959846 7.859453 7.78465 7.716933 7.657091 7.575201 7.480712 7.371657 7.283862 7.194886 -9999 -9999 -9999 -9999 -9999 -9999 -9999 -9999 -9999 -9999 -9999 -9999 -9999 -9999 -9999 -9999 -9999 -9999
9.544493 9.473233 9.403548 9.325202 9.233469 9.143705 9.07087 9.011422 8.920871 8.803548 8.692918 8.607091 8.528351 8.523232 8.51654 8.512603 8.520083 8.535438 8.550792 8.56969 8.604335 8.632288 8.665359 8.693706 8.719296 8.736619 8.75276 8.764965 8.77087 8.757092 8.744493 8.717721 8.694492 8.660241 8.619296 8.557878 8.464571 8.356697 8.247249 8.157484 8.058271 7.954729 7.876382 7.809453 7.746854 7.672445 7.605909 7.487799 7.369689 7.265358 7.168901 7.090555 -9999 -9999 -9999 -9999 -9999 -9999 -9999 -9999 -9999 -9999 -9999 -9999 -9999 -9999 -9999 -9999 -9999
9.665359 9.593312 9.51969 9.439769 9.353942 9.267327 9.196068 9.117722 8.99528 8.86969 8.755516 8.66654 8.644886 8.624021 8.610241 8.60591 8.609847 8.615358 8.624413 8.649217 8.668902 8.700792 8.725595 8.751579 8.774808 8.794493 8.80591 8.818115 8.821658 8.810241 8.785044 8.771658 8.744099 8.707485 8.67402 8.605123 8.507484 8.400004 8.27402 8.156303 8.05276 7.970083 7.906303 7.842917 7.769295 7.701579 7.587012 7.479925 7.375201 7.250397 7.155122 7.076382 7.029531 -9999 -9999 -9999 -9999 -9999 -9999 -9999 -9999 -9999 -9999 -9999 -9999 -9999 -9999 -9999 -9999
9.783863 9.708273 9.630713 9.549611 9.46339 9.38465 9.314178 9.201579 9.066147 8.937407 8.822446 8.77402 8.746067 8.720083 8.700398 8.693312 8.694099 8.696068 8.70591 8.71654 8.7378 8.758272 8.780713 8.801973 8.821264 8.837012 8.849611 8.857091 8.859847 8.844099 8.825989 8.805122 8.781107 8.747249 8.697248 8.637406 8.544099 8.429138 8.287406 8.159846 8.062209 8.000004 7.937012 7.869296 7.800791 7.692917 7.577169 7.462602 7.357484 7.253153 7.14961 7.066933 7.014571 -9999 -9999 -9999 -9999 -9999 -9999 -9999 -9999 -9999 -9999 -9999 -9999 -9999 -9999 -9999 -9999
9.8878 9.809848 9.729139 9.64843 9.566934 9.492524 9.398824 9.266933 9.129139 8.998823 8.914178 8.874414 8.836225 8.80591 8.785831 8.778351 8.780319 8.786618 8.786618 8.794099 8.80906 8.822839 8.837012 8.85276 8.864572 8.874021 8.883076 8.889769 8.879532 8.867722 8.850792 8.831107 8.800005 8.761422 8.704335 8.64843 8.571264 8.441736 8.291343 8.162209 8.084256 8.024413 7.96024 7.892918 7.791736 7.675594 7.561028 7.449216 7.344098 7.248035 7.144886 7.061421 7.023232 -9999 -9999 -9999 -9999 -9999 -9999 -9999 -9999 -9999 -9999 -9999 -9999 -9999 -9999 -9999 -9999
9.973233 9.894887 9.815753 9.736619 9.661423 9.577958 9.458273 9.32284 9.185438 9.066147 9.011816 8.964965 8.922839 8.890555 8.873233 8.868508 8.872445 8.875989 8.877563 8.87717 8.881894 8.888981 8.896461 8.902367 8.906303 8.906697 8.908273 8.903548 8.894886 8.881894 8.866146 8.844887 8.809847 8.761028 8.708666 8.646854 8.565359 8.440949 8.285831 8.170083 8.101185 8.041343 7.977563 7.881106 7.766146 7.65276 7.53898 7.430713 7.324413 7.231106 7.140161 7.069689 -9999 -9999 -9999 -9999 -9999 -9999 -9999 -9999 -9999 -9999 -9999 -9999 -9999 -9999 -9999 -9999 -9999
10.04253 9.96536 9.891344 9.811028 9.734257 9.642919 9.511028 9.362603 9.233075 9.154729 9.098824 9.049217 9.007878 8.978745 8.96339 8.961422 8.964965 8.967327 8.964572 8.957485 8.953547 8.953941 8.952761 8.948824 8.942524 8.933469 8.921265 8.907485 8.896461 8.885831 8.864965 8.840949 8.808272 8.756304 8.699217 8.635044 8.544887 8.408666 8.264965 8.168509 8.112602 8.05276 7.964177 7.851579 7.736618 7.622838 7.511815 7.404728 7.30276 7.210634 7.126775 7.071657 -9999 -9999 -9999 -9999 -9999 -9999 -9999 -9999 -9999 -9999 -9999 -9999 -9999 -9999 -9999 -9999 -9999
10.10119 10.02402 9.950398 9.874021 9.793312 9.689769 9.554336 9.398824 9.288981 9.231107 9.17717 9.12717 9.086226 9.060635 9.050005 9.049611 9.050399 9.048037 9.038588 9.027957 9.018115 9.009847 9.000005 8.986619 8.969689 8.949217 8.925595 8.904335 8.881894 8.861422 8.846461 8.822839 8.787012 8.736225 8.67835 8.607485 8.501185 8.361422 8.228745 8.146854 8.096461 8.037406 7.938193 7.815358 7.697642 7.585437 7.475988 7.372051 7.272445 7.179138 7.106697 -9999 -9999 -9999 -9999 -9999 -9999 -9999 -9999 -9999 -9999 -9999 -9999 -9999 -9999 -9999 -9999 -9999 -9999
10.14449 10.07127 9.99528 9.924021 9.845281 9.735832 9.594099 9.446856 9.35158 9.294493 9.244886 9.194886 9.15591 9.134256 9.125201 9.121658 9.11654 9.10591 9.096855 9.083863 9.062209 9.048823 9.032289 9.010634 8.981894 8.954729 8.924414 8.890555 8.85591 8.827169 8.808272 8.783863 8.748429 8.707878 8.645674 8.557878 8.437406 8.300398 8.173232 8.096854 8.044099 7.981894 7.882681 7.755909 7.629925 7.520476 7.418114 7.314964 7.218508 7.127169 7.071657 -9999 -9999 -9999 -9999 -9999 -9999 -9999 -9999 -9999 -9999 -9999 -9999 -9999 -9999 -9999 -9999 -9999 -9999
10.17481 10.10512 10.0315 9.959061 9.879927 9.779926 9.647643 9.505123 9.403154 9.346067 9.295674 9.252367 9.216146 9.196856 9.18465 9.173627 9.16339 9.147642 9.131501 9.111029 9.092131 9.068902 9.044887 9.014571 8.981894 8.948824 8.912603 8.867328 8.823627 8.787406 8.757484 8.728745 8.697642 8.655517 8.580319 8.482287 8.363784 8.223232 8.097642 8.018902 7.961421 7.880319 7.77087 7.651972 7.528744 7.415358 7.318114 7.222838 7.134255 7.068114 -9999 -9999 -9999 -9999 -9999 -9999 -9999 -9999 -9999 -9999 -9999 -9999 -9999 -9999 -9999 -9999 -9999 -9999 -9999
10.19134 10.12087 10.05473 9.978352 9.903942 9.816935 9.692525 9.551973 9.449611 9.38347 9.336619 9.291344 9.257485 9.238194 9.227564 9.210634 9.189375 9.168902 9.146068 9.122052 9.096855 9.070084 9.035831 9.003154 8.968509 8.926776 8.881894 8.832288 8.779532 8.734257 8.693706 8.660241 8.618508 8.556697 8.480713 8.381894 8.269296 8.137012 8.027957 7.934256 7.853941 7.764177 7.659846 7.542523 7.422839 7.32087 7.22835 7.139374 7.067327 7.020082 -9999 -9999 -9999 -9999 -9999 -9999 -9999 -9999 -9999 -9999 -9999 -9999 -9999 -9999 -9999 -9999 -9999 -9999 -9999
10.18819 10.12441 10.05237 9.981108 9.909847 9.832289 9.71654 9.586226 9.474414 9.402761 9.350005 9.310635 9.283075 9.264965 9.2441 9.225595 9.198824 9.172839 9.144493 9.112209 9.082682 9.046855 9.012209 8.975595 8.936619 8.888981 8.8378 8.779925 8.722445 8.670477 8.620871 8.570477 8.516146 8.446067 8.363784 8.268902 8.16339 8.064178 7.96339 7.86339 7.76654 7.673626 7.579925 7.466539 7.362602 7.272051 7.185043 7.108665 7.047641 7.007878 -9999 -9999 -9999 -9999 -9999 -9999 -9999 -9999 -9999 -9999 -9999 -9999 -9999 -9999 -9999 -9999 -9999 -9999 -9999
