ASPA-UH-SWB2_REPO/input/Gridded_rain/prism_ppt_tutuila_30yr_normal_03.asc
ncols         350
nrows         200
xllcorner     515000
yllcorner     8409000
cellsize      100
NODATA_value  -9999
[rows 62 to 92 of 200, columns 276 to 344 of 350]
11.20827 11.19567 11.18819 11.17166 11.15945 11.13859 11.1193 11.09489 11.07048 11.04686 11.0252 11.00276 10.98544 10.97048 10.95552 10.93859 10.91851 10.89607 10.86733 10.84095 10.81142 10.78071 10.74764 10.71733 10.68111 10.64213 10.59607 10.54764 10.49686 10.44686 10.39686 10.33662 10.2693 10.19882 10.1319 10.06693 10 9.934258 9.866934 9.800005 9.735438 9.674809 9.616934 9.564178 9.512997 9.463784 9.425595 9.394493 9.383863 9.372052 -9999 -9999 -9999 -9999 -9999 -9999 -9999 -9999 -9999 -9999 -9999 -9999 -9999 -9999 -9999 -9999 -9999 -9999 -9999
11.17481 11.17245 11.163 11.15394 11.13662 11.12323 11.10197 11.07835 11.05512 11.03386 11.00906 10.98623 10.96615 10.95119 10.93662 10.91575 10.89528 10.87087 10.84174 10.80867 10.7752 10.74056 10.70827 10.67048 10.63308 10.59134 10.54567 10.49331 10.44371 10.39764 10.34528 10.28583 10.22008 10.15197 10.07953 10.01182 9.947643 9.886226 9.823627 9.762604 9.706697 9.653942 9.606304 9.564571 9.525202 9.487013 9.461028 9.457091 9.466934 9.47717 -9999 -9999 -9999 -9999 -9999 -9999 -9999 -9999 -9999 -9999 -9999 -9999 -9999 -9999 -9999 -9999 -9999 -9999 -9999
11.1378 11.13111 11.1256 11.1189 11.10788 11.09016 11.07284 11.05197 11.03111 11.00473 10.97796 10.9567 10.93701 10.91969 10.89882 10.87835 10.85709 10.82678 10.79646 10.76379 10.72599 10.69213 10.65355 10.61536 10.5756 10.5319 10.48426 10.43623 10.38426 10.33977 10.2941 10.23938 10.17678 10.10827 10.03741 9.96969 9.903548 9.839375 9.783863 9.732682 9.683076 9.639769 9.602761 9.56969 9.5441 9.525596 9.52599 9.547643 9.566147 9.55591 -9999 -9999 -9999 -9999 -9999 -9999 -9999 -9999 -9999 -9999 -9999 -9999 -9999 -9999 -9999 -9999 -9999 -9999 -9999
11.07875 11.08071 11.07757 11.07087 11.06221 11.04843 11.0319 11.01221 10.98898 10.96575 10.93819 10.90985 10.89095 10.87284 10.85197 10.82953 10.80158 10.77323 10.73898 10.70276 10.67008 10.6319 10.59134 10.55276 10.5126 10.46851 10.42245 10.37402 10.32678 10.28386 10.2441 10.19489 10.13741 10.07441 10.00788 9.939769 9.873234 9.814965 9.761422 9.714572 9.674021 9.639375 9.614178 9.596068 9.590162 9.600005 9.625202 9.653548 9.650005 9.657091 -9999 -9999 -9999 -9999 -9999 -9999 -9999 -9999 -9999 -9999 -9999 -9999 -9999 -9999 -9999 -9999 -9999 -9999 -9999
11.0063 11.01221 11.01654 11.01142 11.00316 10.99489 10.97993 10.95906 10.93819 10.91103 10.88032 10.85197 10.82914 10.81064 10.78977 10.76497 10.73741 10.70867 10.67441 10.63544 10.59804 10.56064 10.52205 10.48229 10.44213 10.40237 10.35749 10.30867 10.2689 10.23504 10.19882 10.15552 10.10512 10.0504 9.991737 9.929926 9.870084 9.816147 9.765359 9.725989 9.694493 9.671265 9.658273 9.66221 9.677564 9.707091 9.740556 9.737407 9.735044 -9999 -9999 -9999 -9999 -9999 -9999 -9999 -9999 -9999 -9999 -9999 -9999 -9999 -9999 -9999 -9999 -9999 -9999 -9999 -9999
10.92717 10.93465 10.94016 10.94056 10.93623 10.92953 10.91615 10.89607 10.87599 10.84961 10.81615 10.78308 10.75512 10.73544 10.71497 10.68977 10.66378 10.63308 10.59804 10.56142 10.52245 10.48308 10.44528 10.4067 10.36851 10.33071 10.28859 10.24804 10.21733 10.18937 10.16063 10.1252 10.08268 10.03701 9.988194 9.939375 9.889769 9.842918 9.804729 9.774021 9.753549 9.745674 9.749218 9.768115 9.801579 9.832683 9.832683 9.818115 -9999 -9999 -9999 -9999 -9999 -9999 -9999 -9999 -9999 -9999 -9999 -9999 -9999 -9999 -9999 -9999 -9999 -9999 -9999 -9999 -9999
10.83662 10.8504 10.8567 10.85985 10.86024 10.85316 10.84253 10.82717 10.80709 10.7819 10.74725 10.70945 10.67875 10.65355 10.62875 10.60512 10.57756 10.54961 10.51733 10.47953 10.44095 10.40355 10.36693 10.32953 10.29253 10.25591 10.22245 10.19371 10.1693 10.15119 10.1315 10.10237 10.0693 10.03426 9.995674 9.959061 9.924415 9.891737 9.866934 9.849611 9.8441 9.849611 9.869296 9.901186 9.927171 9.929533 9.906304 -9999 -9999 -9999 -9999 -9999 -9999 -9999 -9999 -9999 -9999 -9999 -9999 -9999 -9999 -9999 -9999 -9999 -9999 -9999 -9999 -9999 -9999
10.73977 10.75591 10.76772 10.77284 10.77481 10.77048 10.76142 10.74804 10.73032 10.7063 10.67323 10.63386 10.59961 10.5693 10.53898 10.51182 10.48662 10.45906 10.42678 10.39134 10.35591 10.32127 10.28583 10.25119 10.21693 10.18662 10.16339 10.14371 10.13071 10.12323 10.10709 10.08544 10.06378 10.03977 10.01339 9.989769 9.968116 9.951186 9.94095 9.939375 9.947643 9.966934 9.998824 10.02166 10.02638 9.992919 -9999 -9999 -9999 -9999 -9999 -9999 -9999 -9999 10.94528 10.97678 11.01379 11.06654 -9999 -9999 -9999 -9999 -9999 -9999 -9999 -9999 -9999 -9999 -9999
10.63741 10.65709 10.67166 10.6815 10.68347 10.68347 10.67638 10.66339 10.64804 10.62363 10.59331 10.55709 10.5193 10.48662 10.45434 10.41969 10.39134 10.36378 10.33189 10.29882 10.26654 10.23544 10.20434 10.17402 10.14725 10.12717 10.11418 10.10788 10.10552 10.10001 10.08859 10.07756 10.06615 10.05197 10.03859 10.02717 10.01851 10.01654 10.0193 10.03189 10.05355 10.08504 10.10788 10.11457 -9999 -9999 -9999 -9999 -9999 -9999 10.84449 10.87087 10.92835 10.99174 11.03426 11.08032 11.12599 11.17481 11.23229 11.27323 11.29016 11.3319 -9999 -9999 -9999 -9999 -9999 -9999 -9999
10.53504 10.55197 10.5689 10.58111 10.58898 10.59292 10.58859 10.57678 10.56142 10.53938 10.51064 10.47875 10.44646 10.41024 10.37323 10.33898 10.30394 10.27363 10.24253 10.21064 10.18111 10.15512 10.1315 10.10945 10.09292 10.08386 10.08111 10.08465 10.08583 10.08347 10.08111 10.07796 10.07481 10.06969 10.06733 10.0689 10.06772 10.08386 10.09804 10.11418 10.14646 10.17717 10.19095 -9999 -9999 -9999 -9999 -9999 -9999 10.8941 10.90985 10.95945 11.03544 11.11024 11.16812 11.22323 11.26812 11.3067 11.34331 11.3567 11.3626 11.37914 11.41182 -9999 -9999 -9999 -9999 -9999 -9999
10.42284 10.44331 10.46339 10.47993 10.49016 10.49607 10.49528 10.48741 10.47441 10.45512 10.4319 10.40355 10.37323 10.33938 10.30276 10.26615 10.2319 10.19882 10.16693 10.13701 10.11142 10.09095 10.0756 10.06418 10.05749 10.05749 10.06182 10.06812 10.07441 10.07756 10.08111 10.08544 10.08859 10.09056 10.09607 10.10276 10.11812 10.14016 10.15985 10.1819 10.20945 10.23504 -9999 -9999 -9999 -9999 -9999 -9999 10.92599 10.95316 11.00316 11.0819 11.163 11.23741 11.30315 11.35788 11.40552 11.44253 11.46851 11.47835 11.47638 11.46812 11.47875 11.50237 -9999 -9999 -9999 -9999 -9999
10.31497 10.33544 10.35512 10.37402 10.39056 10.39607 10.39882 10.39804 10.38701 10.37127 10.35237 10.32993 10.30119 10.27127 10.2378 10.20473 10.17284 10.13977 10.11142 10.08662 10.06536 10.05 10.04095 10.03741 10.0378 10.04331 10.05237 10.06024 10.0693 10.07796 10.08819 10.09764 10.10276 -9999 10.11418 10.13268 -9999 10.1752 10.19134 -9999 -9999 -9999 -9999 -9999 -9999 -9999 -9999 10.93465 10.97441 11.02953 11.1126 11.19331 11.26536 11.33071 11.38938 11.44489 11.49646 11.54016 11.57402 11.59489 11.59961 11.58701 11.56418 11.56418 11.56575 -9999 -9999 -9999 -9999
10.19922 10.22914 10.25079 10.26812 10.28465 10.29764 10.30355 10.30315 10.29528 10.28898 10.27166 10.25158 10.23111 10.20473 10.17756 10.14882 10.11772 10.09331 10.07048 10.04961 10.03308 10.02245 10.01969 10.02323 10.02914 10.03583 10.04567 10.05827 10.0693 10.08426 10.09843 10.1067 -9999 -9999 -9999 -9999 -9999 -9999 -9999 -9999 -9999 -9999 -9999 -9999 -9999 -9999 10.9252 10.97756 11.03701 11.12756 11.20434 11.26575 11.32008 11.36575 11.40788 11.45512 11.50945 11.56694 11.62008 11.66103 11.6878 11.69371 11.67442 11.63268 11.62363 11.61064 -9999 -9999 -9999
10.09095 10.11693 10.14252 10.16812 10.18308 10.19686 10.2063 10.2067 10.20945 10.20079 10.19016 10.17638 10.15709 10.13977 10.11772 10.09449 10.07166 10.05158 10.03347 10.02008 10.01024 10.00512 10.00827 10.01575 10.0252 10.03347 10.04292 10.0567 10.07284 10.08938 10.10158 10.11024 -9999 -9999 -9999 -9999 -9999 -9999 -9999 -9999 -9999 -9999 -9999 -9999 -9999 10.90591 10.9689 11.03229 11.13426 11.21339 11.27323 11.31536 11.34134 11.363 11.39016 11.4252 11.47166 11.5315 11.60119 11.67087 11.72638 11.75945 11.76182 11.73308 11.67875 11.65906 11.63662 -9999 -9999
9.986619 10.0126 10.03819 10.06378 10.08347 10.09961 10.11024 10.11851 10.12008 10.11654 10.11063 10.10158 10.08859 10.07363 10.05827 10.04174 10.02481 10.00945 9.998824 9.992525 9.988194 9.990557 9.992525 -9999 -9999 10.03623 10.04253 10.05394 10.07048 10.08465 10.09804 -9999 -9999 -9999 -9999 -9999 -9999 -9999 -9999 -9999 -9999 -9999 -9999 -9999 10.88544 10.94764 11.01457 11.12678 11.2189 11.28583 11.32638 11.34489 11.35394 11.36457 11.37835 11.4004 11.43465 11.48386 11.55001 11.63268 11.71812 11.7819 11.81418 11.80709 11.76221 11.70237 11.67127 11.64607 -9999
9.879533 9.910635 9.940163 9.964966 9.988194 10.0067 10.02127 10.03111 10.03544 10.03741 10.03544 10.02875 10.02323 10.01221 10.00079 9.990557 9.979926 9.972839 9.968903 9.967722 9.971659 9.977171 -9999 -9999 -9999 -9999 10.04253 -9999 10.06339 -9999 -9999 -9999 -9999 -9999 -9999 -9999 -9999 -9999 -9999 -9999 -9999 -9999 -9999 10.85591 10.91064 10.98111 11.10158 11.21064 11.28977 11.33819 11.35709 11.363 11.37087 11.37953 11.3878 11.39843 11.41772 11.45197 11.5063 11.58386 11.67796 11.77048 11.83229 11.85355 11.82953 11.76772 11.70512 11.66418 -9999
9.781895 9.811422 9.842131 9.870872 9.896461 9.918116 9.93347 9.944887 9.953155 9.959847 9.960635 9.960635 9.957485 9.951974 9.946068 9.942131 9.938588 9.938588 9.938981 9.947249 9.959454 -9999 -9999 -9999 -9999 -9999 -9999 -9999 -9999 -9999 -9999 -9999 -9999 -9999 -9999 -9999 -9999 -9999 -9999 -9999 -9999 -9999 10.81615 10.863 10.93623 11.05119 11.17835 11.28032 11.34134 11.36733 11.37442 11.38071 11.3882 11.39528 11.40355 11.41064 11.4189 11.4378 11.47875 11.54568 11.63662 11.7378 11.82796 11.87717 11.87599 11.82757 11.75316 11.68898 11.64213
9.6878 9.715753 9.748036 9.778352 9.806698 9.829139 9.849217 9.862997 9.873234 9.881107 9.888588 9.895675 9.896855 9.896068 9.895281 9.896855 9.901974 9.909847 9.918509 9.931501 -9999 -9999 -9999 -9999 -9999 -9999 -9999 -9999 -9999 -9999 -9999 -9999 -9999 -9999 -9999 -9999 -9999 -9999 -9999 -9999 -9999 10.79213 10.81851 10.87835 10.98229 11.11497 11.24331 11.32875 11.37284 11.38544 11.39134 11.39764 11.40394 11.41024 11.41693 11.42284 11.42875 11.43859 11.46575 11.5193 11.60276 11.70591 11.80867 11.88386 11.90434 11.87205 11.80197 11.72205 11.65945
9.59843 9.628745 9.659847 9.691343 9.720871 9.7441 9.766147 9.784651 9.797643 9.809848 9.821265 9.832683 9.840162 9.844493 9.850793 9.857486 9.871264 9.891344 9.907092 -9999 -9999 -9999 -9999 -9999 -9999 -9999 -9999 -9999 -9999 -9999 -9999 -9999 -9999 -9999 -9999 -9999 -9999 -9999 -9999 -9999 -9999 10.80119 10.83111 10.90749 11.02599 11.16615 11.28977 11.36418 11.39253 11.40119 11.4067 11.41182 11.41733 11.42284 11.42835 11.43426 11.44016 11.44804 11.46418 11.50512 11.57914 11.68032 11.78819 11.87914 11.92087 11.90197 11.83741 11.75788 11.68268
9.515753 9.54843 9.579926 9.611816 9.64095 9.665753 9.687013 9.710635 9.73032 9.744887 9.764966 9.779532 9.790556 9.801579 9.813391 9.82599 -9999 -9999 -9999 -9999 -9999 -9999 -9999 -9999 -9999 -9999 -9999 -9999 -9999 -9999 -9999 -9999 -9999 -9999 -9999 -9999 -9999 -9999 -9999 -9999 -9999 10.81497 10.84804 10.93268 11.06024 11.20355 11.32284 11.38859 11.40867 11.41418 11.4193 11.42442 11.42953 11.43426 11.43898 11.44528 11.45237 11.45985 11.47048 11.5004 11.56497 11.6626 11.77245 11.87127 11.92875 11.92048 11.86221 11.78347 11.70631
9.441343 9.474414 9.50591 9.538194 9.566934 9.592131 9.61654 9.643312 9.672446 9.695674 9.720871 9.741737 9.755517 9.770871 9.791738 -9999 -9999 -9999 -9999 -9999 -9999 -9999 -9999 -9999 -9999 -9999 -9999 -9999 -9999 -9999 -9999 -9999 -9999 -9999 -9999 -9999 -9999 -9999 -9999 -9999 -9999 10.83189 10.86812 10.95158 11.0819 11.22638 11.34371 11.40394 11.42166 11.42638 11.43071 11.43544 11.44016 11.44489 11.4504 11.45709 11.46418 11.47087 11.47993 11.50237 11.55867 11.65197 11.76339 11.86693 11.9319 11.93071 11.87638 11.79843 11.72756
9.381107 9.403548 9.435832 9.469296 9.49843 9.52284 9.554729 9.588588 9.622446 9.656698 -9999 -9999 -9999 -9999 -9999 -9999 -9999 -9999 -9999 -9999 -9999 -9999 -9999 -9999 -9999 -9999 -9999 -9999 -9999 -9999 -9999 -9999 -9999 -9999 -9999 -9999 -9999 -9999 -9999 -9999 -9999 -9999 10.90197 10.9815 11.09095 11.23268 11.35158 11.41378 11.43229 11.43741 11.44174 11.44646 11.45158 11.4567 11.463 11.4689 11.4752 11.4815 11.48898 11.50709 11.55827 11.64922 11.76182 11.86772 11.93386 11.93308 11.87953 11.80709 11.74331
9.339768 9.35158 9.372446 9.404336 9.43347 9.464572 9.49843 9.540556 -9999 -9999 -9999 -9999 -9999 -9999 -9999 -9999 -9999 -9999 -9999 -9999 -9999 -9999 -9999 -9999 -9999 -9999 -9999 -9999 -9999 -9999 -9999 -9999 -9999 -9999 -9999 -9999 -9999 -9999 -9999 -9999 -9999 -9999 -9999 11.02048 11.11615 11.22481 11.34725 11.41851 11.44213 11.44804 11.45276 11.45749 11.4626 11.46812 11.47363 11.47914 11.48505 11.49016 11.49568 11.51221 11.56379 11.65631 11.7689 11.8752 11.93465 11.92835 11.87284 11.80827 11.75749
-9999 9.318509 9.332288 9.345675 9.381894 9.411816 -9999 -9999 -9999 -9999 -9999 -9999 -9999 -9999 -9999 -9999 -9999 -9999 -9999 -9999 -9999 -9999 -9999 -9999 -9999 -9999 -9999 -9999 -9999 -9999 -9999 -9999 -9999 -9999 -9999 -9999 -9999 -9999 -9999 -9999 -9999 -9999 -9999 -9999 11.14253 11.24607 11.3319 11.41418 11.44961 11.45749 11.46142 11.46615 11.47087 11.4756 11.48111 11.48583 11.49095 11.49449 11.5004 11.52008 11.57638 11.67205 11.78741 11.8878 11.93032 11.91536 11.86457 11.813 -9999
-9999 -9999 9.296855 9.31654 9.339768 9.357485 -9999 -9999 -9999 -9999 -9999 -9999 -9999 -9999 -9999 -9999 -9999 -9999 -9999 -9999 -9999 -9999 -9999 -9999 -9999 -9999 -9999 -9999 -9999 -9999 -9999 -9999 -9999 -9999 -9999 -9999 -9999 -9999 -9999 -9999 -9999 -9999 -9999 -9999 -9999 11.25355 11.34449 11.39567 11.44764 11.46418 11.46694 11.47087 11.47481 11.47914 11.48426 11.48859 11.49292 11.49725 11.50434 11.53268 11.59843 11.7004 11.81418 11.89568 11.92008 11.89843 11.8626 11.82953 -9999
-9999 -9999 -9999 9.2878 -9999 -9999 -9999 -9999 -9999 -9999 -9999 -9999 -9999 -9999 -9999 -9999 -9999 -9999 -9999 -9999 -9999 -9999 -9999 -9999 -9999 -9999 -9999 -9999 -9999 -9999 -9999 -9999 -9999 -9999 -9999 -9999 -9999 -9999 -9999 -9999 -9999 -9999 -9999 -9999 -9999 -9999 11.34016 11.40119 11.42953 11.46339 11.47323 11.47678 11.48032 11.48465 11.48859 11.49253 11.49686 11.50158 11.51497 11.5563 11.63426 11.74056 11.8378 11.89371 11.90316 11.89135 11.86379 -9999 -9999
-9999 -9999 -9999 -9999 -9999 -9999 -9999 -9999 -9999 -9999 -9999 -9999 -9999 -9999 -9999 -9999 -9999 -9999 -9999 -9999 -9999 -9999 -9999 -9999 -9999 -9999 -9999 -9999 -9999 -9999 -9999 -9999 -9999 -9999 -9999 -9999 -9999 -9999 -9999 -9999 -9999 -9999 -9999 -9999 -9999 -9999 -9999 11.39449 11.42756 11.44961 11.4756 11.48465 11.48859 11.49213 11.49607 11.49961 11.50355 11.51142 11.53859 11.59528 11.68229 11.77796 11.84843 11.87993 11.89449 11.87678 -9999 -9999 -9999
-9999 -9999 -9999 -9999 -9999 -9999 -9999 -9999 -9999 -9999 -9999 -9999 -9999 -9999 -9999 -9999 -9999 -9999 -9999 -9999 -9999 -9999 -9999 -9999 -9999 -9999 -9999 -9999 -9999 -9999 -9999 -9999 -9999 -9999 -9999 -9999 -9999 -9999 -9999 -9999 -9999 -9999 -9999 -9999 -9999 -9999 -9999 -9999 11.42166 11.44056 11.45906 11.48268 11.4941 11.49922 11.50355 11.5067 11.51339 11.53347 11.57757 11.64449 11.7256 11.79686 11.84056 11.87166 11.87087 -9999 -9999 -9999 -9999
-9999 -9999 -9999 -9999 -9999 -9999 -9999 -9999 -9999 -9999 -9999 -9999 -9999 -9999 -9999 -9999 -9999 -9999 -9999 -9999 -9999 -9999 -9999 -9999 -9999 -9999 -9999 -9999 -9999 -9999 -9999 -9999 -9999 -9999 -9999 -9999 -9999 -9999 -9999 -9999 -9999 -9999 -9999 -9999 -9999 -9999 -9999 -9999 -9999 11.42717 11.43544 11.45552 11.4815 11.49686 11.50709 11.51339 11.53111 11.56575 11.61733 11.6815 11.74568 11.79174 11.82757 11.84528 -9999 -9999 -9999 -9999 -9999
-9999 -9999 -9999 -9999 -9999 -9999 -9999 -9999 -9999 -9999 -9999 -9999 -9999 -9999 -9999 -9999 -9999 -9999 -9999 -9999 -9999 -9999 -9999 -9999 -9999 -9999 -9999 -9999 -9999 -9999 -9999 -9999 -9999 -9999 -9999 -9999 -9999 -9999 -9999 -9999 -9999 -9999 -9999 -9999 -9999 -9999 -9999 -9999 -9999 -9999 11.41103 11.42481 11.45001 11.47875 11.50355 11.52127 11.54843 11.58662 11.63662 11.69095 11.73977 11.77323 11.79922 -9999 -9999 -9999 -9999 -9999 -9999
-9999 -9999 -9999 -9999 -9999 -9999 -9999 -9999 -9999 -9999 -9999 -9999 -9999 -9999 -9999 -9999 -9999 -9999 -9999 -9999 -9999 -9999 -9999 -9999 -9999 -9999 -9999 -9999 -9999 -9999 -9999 -9999 -9999 -9999 -9999 -9999 -9999 -9999 -9999 -9999 -9999 -9999 -9999 -9999 -9999 -9999 -9999 -9999 -9999 -9999 11.38741 11.40827 11.42914 11.46024 -9999 11.52245 11.56103 11.59489 11.63662 11.67678 11.71615 11.75237 -9999 -9999 -9999 -9999 -9999 -9999 -9999
