ASPA-UH-SWB2_REPO/input/Gridded_rain/prism_ppt_tutuila_30yr_normal_10.asc
ncols         350
nrows         200
xllcorner     515000
yllcorner     8409000
cellsize      100
NODATA_value  -9999
[rows 31 to 61 of 200, columns 138 to 206 of 350]
-9999 -9999 -9999 -9999 -9999 -9999 -9999 -9999 -9999 -9999 -9999 -9999 -9999 -9999 -9999 -9999 -9999 -9999 -9999 -9999 -9999 -9999 -9999 -9999 -9999 -9999 -9999 -9999 -9999 -9999 -9999 -9999 -9999 -9999 -9999 -9999 -9999 -9999 -9999 -9999 -9999 -9999 -9999 -9999 -9999 -9999 -9999 -9999 -9999 -9999 -9999 -9999 -9999 -9999 -9999 -9999 -9999 -9999 -9999 10.69292 10.60079 10.56536 10.53465 10.50197 10.46733 10.42717 10.38229 10.32796 10.27756
-9999 -9999 -9999 -9999 -9999 -9999 -9999 -9999 -9999 -9999 -9999 -9999 -9999 -9999 -9999 -9999 -9999 -9999 -9999 -9999 -9999 -9999 -9999 -9999 -9999 -9999 -9999 -9999 -9999 -9999 -9999 -9999 -9999 -9999 -9999 -9999 -9999 -9999 -9999 -9999 -9999 -9999 -9999 -9999 -9999 -9999 -9999 -9999 -9999 -9999 -9999 -9999 -9999 11.04725 10.9626 10.94764 10.96694 10.96733 10.94252 10.89095 10.84292 10.81575 10.78426 10.74725 10.70788 10.66615 10.61772 10.56575 10.51339
-9999 -9999 -9999 -9999 -9999 -9999 -9999 -9999 -9999 -9999 -9999 -9999 -9999 -9999 -9999 -9999 -9999 -9999 -9999 -9999 -9999 -9999 -9999 -9999 -9999 -9999 -9999 -9999 -9999 -9999 -9999 -9999 -9999 -9999 -9999 -9999 -9999 -9999 -9999 -9999 -9999 -9999 -9999 -9999 -9999 -9999 -9999 -9999 -9999 11.3189 11.3256 -9999 11.29174 11.21221 11.1689 11.1693 11.17875 11.17402 11.16182 11.1319 11.1126 11.08308 11.05001 11.01379 10.97245 10.92599 10.8756 10.82284 10.76772
-9999 -9999 -9999 -9999 -9999 -9999 -9999 -9999 -9999 -9999 -9999 -9999 -9999 -9999 -9999 -9999 -9999 -9999 -9999 -9999 -9999 -9999 -9999 -9999 -9999 -9999 -9999 -9999 -9999 -9999 -9999 -9999 -9999 -9999 -9999 -9999 -9999 -9999 -9999 -9999 -9999 -9999 -9999 -9999 -9999 -9999 -9999 -9999 11.48426 11.43111 11.4319 11.50591 11.47008 11.43386 11.43544 11.44528 11.45079 11.44646 11.4319 11.41497 11.39331 11.36693 11.33504 11.29922 11.25512 11.20749 11.15394 11.09804 11.03229
-9999 -9999 -9999 -9999 -9999 -9999 -9999 -9999 -9999 -9999 -9999 -9999 -9999 -9999 -9999 -9999 -9999 -9999 -9999 -9999 -9999 -9999 -9999 -9999 -9999 -9999 -9999 -9999 -9999 -9999 -9999 -9999 -9999 -9999 -9999 -9999 -9999 -9999 -9999 -9999 -9999 -9999 -9999 -9999 -9999 -9999 11.72756 11.70512 11.65827 11.62087 11.6504 11.71182 11.7067 11.72166 11.7382 11.74607 11.75079 11.74883 11.73505 11.71457 11.69174 11.66733 11.63977 11.60158 11.55394 11.50473 11.44961 11.38701 11.32284
-9999 -9999 -9999 -9999 -9999 -9999 -9999 -9999 -9999 -9999 -9999 -9999 -9999 -9999 -9999 -9999 -9999 -9999 -9999 -9999 -9999 -9999 -9999 -9999 -9999 -9999 -9999 -9999 -9999 -9999 -9999 -9999 -9999 -9999 -9999 -9999 -9999 -9999 -9999 -9999 -9999 -9999 -9999 -9999 -9999 -9999 11.8815 11.86969 11.87284 11.91103 11.95001 11.98859 12.01497 12.04174 12.05867 12.07087 12.07717 12.07166 12.0567 12.03898 12.01654 11.99095 11.95985 11.92087 11.87245 11.82048 11.75985 11.69646 11.6256
-9999 -9999 -9999 -9999 -9999 -9999 -9999 -9999 -9999 -9999 -9999 -9999 -9999 -9999 -9999 -9999 -9999 -9999 -9999 -9999 -9999 -9999 -9999 -9999 -9999 -9999 -9999 -9999 -9999 -9999 -9999 -9999 -9999 -9999 -9999 -9999 -9999 -9999 -9999 -9999 -9999 -9999 -9999 -9999 -9999 12.11694 12.09331 12.10749 12.17442 12.2319 12.28426 12.32087 12.35119 12.37757 12.40158 12.41497 12.42166 12.41575 12.40473 12.38386 12.36379 12.33032 12.29764 12.25788 12.20827 12.15001 12.09095 12.02127 11.95079
-9999 -9999 -9999 -9999 -9999 -9999 -9999 -9999 -9999 -9999 -9999 -9999 -9999 -9999 -9999 -9999 -9999 -9999 -9999 -9999 -9999 -9999 -9999 -9999 -9999 -9999 -9999 -9999 -9999 -9999 -9999 -9999 -9999 -9999 -9999 -9999 -9999 -9999 -9999 -9999 -9999 12.13426 12.2004 -9999 12.32363 12.34804 12.36497 12.43859 12.51221 12.57875 12.62993 12.67599 12.70867 12.7382 12.76142 12.7752 12.78229 12.7815 12.76812 12.7504 12.72205 12.69056 12.65355 12.61024 12.55709 12.49764 12.43741 12.36575 12.28465
-9999 -9999 -9999 -9999 -9999 -9999 -9999 -9999 -9999 -9999 -9999 -9999 -9999 -9999 -9999 -9999 -9999 -9999 -9999 -9999 -9999 -9999 -9999 -9999 -9999 -9999 -9999 -9999 -9999 -9999 -9999 -9999 -9999 -9999 -9999 -9999 -9999 -9999 -9999 -9999 12.2878 12.30788 12.37835 12.49764 12.5756 12.61969 12.70788 12.78938 12.86576 12.9382 12.99883 13.03977 13.08032 13.11064 13.13347 13.14764 13.15434 13.15591 13.1445 13.12402 13.09804 13.06497 13.02402 12.97481 12.91851 12.86064 12.79213 12.7193 12.6378
-9999 -9999 -9999 -9999 -9999 -9999 -9999 -9999 -9999 -9999 -9999 -9999 -9999 -9999 -9999 -9999 -9999 -9999 -9999 -9999 -9999 -9999 -9999 -9999 -9999 -9999 -9999 -9999 -9999 -9999 -9999 -9999 -9999 -9999 -9999 -9999 -9999 -9999 -9999 12.48583 12.49883 12.53701 12.65512 12.79292 12.86772 12.96733 13.06379 13.15158 13.2319 13.30631 13.36733 13.41654 13.45631 13.48977 13.51221 13.52757 13.53465 13.53072 13.52402 13.51064 13.47717 13.43898 13.39764 13.34883 13.29056 13.22796 13.15709 13.07993 12.99843
-9999 -9999 -9999 -9999 -9999 -9999 -9999 -9999 -9999 -9999 -9999 -9999 -9999 -9999 -9999 -9999 -9999 -9999 -9999 -9999 -9999 -9999 -9999 -9999 -9999 -9999 -9999 -9999 -9999 -9999 -9999 -9999 -9999 -9999 -9999 -9999 -9999 -9999 12.65001 12.68032 12.73347 12.86142 12.99371 13.11261 13.22048 13.32678 13.42875 13.52087 13.60631 13.67796 13.73741 13.79016 13.83544 13.87048 13.8941 13.90985 13.91812 13.91261 13.90316 13.88426 13.85473 13.81615 13.7752 13.72245 13.66221 13.59764 13.52639 13.44725 13.35591
-9999 -9999 -9999 -9999 -9999 -9999 -9999 -9999 -9999 -9999 -9999 -9999 -9999 -9999 -9999 -9999 -9999 -9999 -9999 -9999 -9999 -9999 -9999 -9999 -9999 -9999 -9999 -9999 -9999 -9999 -9999 -9999 -9999 12.19686 12.2878 12.41064 12.5567 12.70119 12.81654 12.91339 13.04961 13.19883 13.3378 13.46339 13.57638 13.68977 13.79607 13.89174 13.97757 14.05198 14.11615 14.1693 14.21654 14.25198 14.28032 14.29686 14.3004 14.29843 14.28465 14.26143 14.23465 14.19804 14.15158 14.09843 14.03741 13.96772 13.89528 13.81339 13.72009
-9999 -9999 -9999 -9999 -9999 -9999 -9999 -9999 -9999 -9999 -9999 -9999 -9999 -9999 -9999 -9999 -9999 -9999 -9999 -9999 -9999 -9999 -9999 -9999 -9999 -9999 -9999 -9999 -9999 -9999 -9999 12.29528 12.29174 12.34056 12.45906 12.61536 12.7756 12.93308 13.07914 13.22953 13.38229 13.53583 13.67914 13.80946 13.93072 14.04764 14.15749 14.26064 14.35158 14.42953 14.49843 14.55709 14.60355 14.64017 14.66969 14.68662 14.69095 14.68702 14.67402 14.65276 14.62087 14.58111 14.53465 14.47717 14.40985 14.34056 14.26221 14.17599 14.08229
-9999 -9999 -9999 -9999 -9999 -9999 -9999 -9999 -9999 -9999 -9999 -9999 -9999 -9999 -9999 -9999 -9999 -9999 -9999 -9999 -9999 -9999 -9999 -9999 -9999 -9999 -9999 -9999 -9999 -9999 12.38347 12.39489 12.44292 12.55827 12.71694 12.88308 13.05552 13.2252 13.3945 13.55827 13.71497 13.87205 14.02127 14.15473 14.28308 14.40513 14.52087 14.62796 14.72639 14.80985 14.88387 14.94331 14.99213 15.03032 15.05709 15.07402 15.0819 15.0756 15.06103 15.03898 15.00473 14.96536 14.91457 14.85158 14.78111 14.70709 14.62835 14.54016 14.44331
-9999 -9999 -9999 -9999 -9999 -9999 -9999 -9999 -9999 -9999 -9999 -9999 -9999 -9999 -9999 -9999 -9999 -9999 -9999 -9999 -9999 -9999 -9999 -9999 -9999 -9999 -9999 -9999 -9999 12.45631 12.48505 12.54016 12.66221 12.82835 13.00079 13.17835 13.35788 13.53938 13.71379 13.88268 14.04371 14.20394 14.35906 14.50276 14.64017 14.76733 14.8878 14.99922 15.09528 15.1878 15.26458 15.32757 15.37481 15.41103 15.43898 15.4567 15.45946 15.45158 15.43544 15.41064 15.37717 15.33623 15.28465 15.21969 15.14843 15.07127 14.98977 14.89883 14.79489
-9999 -9999 -9999 -9999 -9999 -9999 -9999 -9999 -9999 -9999 -9999 -9999 -9999 -9999 -9999 -9999 -9999 -9999 -9999 -9999 -9999 -9999 -9999 -9999 -9999 -9999 -9999 -9999 -9999 12.55158 12.613 12.74804 12.9319 13.10709 13.2878 13.47363 13.66182 13.84804 14.02796 14.2004 14.36615 14.53268 14.69528 14.85158 14.99568 15.12835 15.25316 15.36654 15.46733 15.55513 15.63702 15.69765 15.74843 15.78308 15.81064 15.82481 15.82402 15.81143 15.79095 15.76536 15.73465 15.69371 15.63977 15.57757 15.50552 15.42757 15.34174 15.24489 15.14017
-9999 -9999 -9999 -9999 -9999 -9999 -9999 -9999 -9999 -9999 -9999 -9999 -9999 -9999 -9999 -9999 -9999 -9999 -9999 -9999 -9999 -9999 -9999 -9999 -9999 -9999 -9999 -9999 12.6004 12.67166 12.80631 12.99213 13.18977 13.38229 13.5689 13.76457 13.95552 14.14489 14.3315 14.50985 14.68308 14.85828 15.02599 15.19056 15.34017 15.48229 15.60749 15.72087 15.82363 15.91221 15.99017 16.06024 16.10355 16.13938 16.16339 16.17678 16.17402 16.15749 16.13465 16.10828 16.07757 16.03426 15.98111 15.91654 15.84489 15.76458 15.67639 15.57875 15.47206
-9999 -9999 -9999 -9999 -9999 -9999 -9999 -9999 -9999 -9999 -9999 -9999 -9999 -9999 -9999 -9999 -9999 -9999 -9999 -9999 -9999 -9999 -9999 -9999 -9999 -9999 -9999 12.63898 12.72205 12.8504 13.04371 13.24292 13.44568 13.6445 13.8441 14.03662 14.23387 14.4315 14.62363 14.81024 14.99331 15.17245 15.35158 15.51339 15.67363 15.81615 15.94489 16.05395 16.16024 16.24883 16.32639 16.38741 16.44056 16.47166 16.49607 16.50749 16.50198 16.48662 16.46418 16.4378 16.40198 16.35906 16.30001 16.23387 16.16261 16.08308 15.99174 15.89056 15.78387
-9999 -9999 -9999 -9999 -9999 -9999 -9999 -9999 -9999 -9999 -9999 -9999 -9999 -9999 -9999 -9999 -9999 -9999 -9999 -9999 -9999 -9999 -9999 12.16418 -9999 -9999 12.66142 12.763 12.89213 13.08505 13.2815 13.49292 13.6941 13.90237 14.10473 14.30079 14.50394 14.70709 14.90394 15.10119 15.28977 15.48032 15.65749 15.82481 15.98505 16.12796 16.25867 16.37402 16.47009 16.55906 16.63347 16.69804 16.7445 16.77757 16.79962 16.80828 16.80355 16.78702 16.7634 16.73662 16.70395 16.65316 16.5941 16.52717 16.45906 16.37678 16.28584 16.18544 16.07166
-9999 -9999 -9999 -9999 -9999 -9999 -9999 -9999 -9999 -9999 -9999 -9999 -9999 -9999 -9999 -9999 -9999 -9999 -9999 -9999 -9999 -9999 12.18583 12.27402 12.40276 12.60631 12.763 12.91615 13.11576 13.32009 13.52481 13.72953 13.94135 14.14804 14.35158 14.55906 14.76457 14.97127 15.17678 15.37521 15.57245 15.763 15.94646 16.11339 16.27481 16.42009 16.54804 16.66339 16.76182 16.84292 16.91576 16.97442 17.02048 17.05119 17.07166 17.0756 17.06773 17.04962 17.02678 16.99961 16.96339 16.91733 16.85394 16.78938 16.71969 16.64017 16.54804 16.44843 16.33583
-9999 -9999 -9999 -9999 -9999 -9999 -9999 -9999 -9999 -9999 -9999 -9999 -9999 -9999 -9999 -9999 -9999 -9999 -9999 -9999 -9999 12.20473 12.27717 12.3689 12.56457 12.75237 12.92638 13.13072 13.33741 13.54607 13.75513 13.96064 14.17166 14.37914 14.5882 14.80158 15.01418 15.2252 15.43544 15.63662 15.83229 16.02914 16.21261 16.3819 16.53544 16.6819 16.81025 16.92284 17.02206 17.10119 17.16733 17.21655 17.26182 17.29174 17.30355 17.30434 17.29253 17.27324 17.2508 17.22442 17.19017 17.13977 17.07914 17.01379 16.94686 16.86694 16.77402 16.67481 16.56772
-9999 -9999 -9999 -9999 -9999 -9999 -9999 -9999 -9999 -9999 -9999 -9999 -9999 -9999 -9999 -9999 -9999 -9999 -9999 -9999 12.21379 12.28111 12.3815 12.54804 12.73898 12.93032 13.13111 13.33977 13.55158 13.76182 13.97087 14.17993 14.38623 14.59922 14.81418 15.03072 15.24568 15.46379 15.67599 15.87914 16.07639 16.27205 16.45591 16.61969 16.77166 16.91182 17.0378 17.14765 17.24253 17.32009 17.37796 17.42363 17.46064 17.48623 17.49725 17.49371 17.47993 17.46182 17.43938 17.41261 17.37324 17.32718 17.26772 17.20355 17.13505 17.05591 16.96497 16.86418 16.76064
-9999 -9999 -9999 -9999 -9999 -9999 -9999 -9999 -9999 -9999 -9999 -9999 -9999 -9999 -9999 -9999 -9999 -9999 -9999 -9999 12.27638 12.38544 12.54843 12.73544 12.92993 13.12717 13.3319 13.54056 13.75079 13.96339 14.17205 14.3819 14.59095 14.80552 15.02442 15.24292 15.46103 15.67914 15.89135 16.09686 16.29765 16.49213 16.67048 16.8315 16.97875 17.11261 17.23269 17.33544 17.42324 17.49174 17.54765 17.59095 17.61891 17.6382 17.64962 17.6441 17.62954 17.61103 17.58465 17.55395 17.51694 17.46969 17.41576 17.3567 17.28938 17.20985 17.11851 17.02363 16.92009
-9999 -9999 -9999 -9999 -9999 -9999 -9999 -9999 -9999 -9999 -9999 -9999 -9999 -9999 -9999 -9999 -9999 -9999 -9999 12.2689 12.38111 12.54174 12.7256 12.91654 13.11497 13.32009 13.52599 13.7315 13.94095 14.1504 14.35946 14.57009 14.7815 15.0004 15.21969 15.43977 15.65591 15.87009 16.08387 16.29332 16.49017 16.68032 16.85749 17.01458 17.15749 17.28387 17.39135 17.48269 17.56143 17.62993 17.68032 17.71379 17.74292 17.75867 17.76221 17.75552 17.73977 17.71576 17.68741 17.65198 17.61221 17.57048 17.52166 17.46733 17.40434 17.32718 17.23938 17.14725 17.04804
-9999 -9999 -9999 -9999 -9999 -9999 -9999 -9999 -9999 -9999 -9999 -9999 -9999 -9999 -9999 -9999 -9999 12.17638 12.24843 12.36339 12.52835 12.71142 12.89646 13.09174 13.29489 13.50158 13.70788 13.91379 14.12009 14.3252 14.53426 14.74568 14.96064 15.17914 15.40001 15.61615 15.82954 16.04292 16.25749 16.46457 16.65749 16.84017 17.01143 17.16379 17.3008 17.41812 17.51418 17.59529 17.6693 17.73111 17.77993 17.80906 17.8315 17.84174 17.83938 17.82836 17.80788 17.77678 17.74332 17.7067 17.66694 17.62796 17.58584 17.53662 17.47796 17.40473 17.32166 17.23544 17.14214
-9999 -9999 -9999 -9999 -9999 -9999 -9999 -9999 -9999 -9999 -9999 -9999 -9999 -9999 -9999 -9999 12.15355 12.21812 12.33111 12.49528 12.68426 12.87323 13.0626 13.26182 13.46694 13.67166 13.87717 14.08229 14.28465 14.48898 14.69843 14.91182 15.12678 15.34253 15.55709 15.77245 15.98426 16.19883 16.41064 16.61143 16.79962 16.97442 17.13465 17.2819 17.40906 17.51615 17.60513 17.6819 17.74804 17.80473 17.84883 17.8756 17.88465 17.88662 17.87954 17.86024 17.83347 17.79922 17.7571 17.71969 17.68387 17.64725 17.60828 17.56261 17.50749 17.44253 17.36694 17.28623 17.19962
-9999 -9999 -9999 -9999 -9999 -9999 -9999 -9999 -9999 -9999 -9999 -9999 -9999 -9999 -9999 -9999 12.2193 12.30198 12.45158 12.63898 12.83347 13.02835 13.22324 13.42323 13.62796 13.8315 14.03268 14.23426 14.43623 14.64056 14.84961 15.063 15.27678 15.48859 15.69528 15.90788 16.12127 16.33623 16.54607 16.74174 16.92048 17.0882 17.23899 17.37639 17.49174 17.5882 17.66812 17.7378 17.80001 17.84962 17.88269 17.89725 17.90277 17.89686 17.87796 17.8508 17.8193 17.77875 17.73387 17.69332 17.65788 17.62403 17.5878 17.5445 17.49332 17.43859 17.37363 17.30158 17.2193
-9999 -9999 -9999 -9999 -9999 -9999 -9999 -9999 -9999 -9999 -9999 -9999 -9999 -9999 -9999 -9999 12.30827 12.42914 12.58938 12.78071 12.97757 13.1752 13.37638 13.57442 13.77835 13.97678 14.17324 14.37127 14.57402 14.77954 14.98623 15.19843 15.41103 15.61615 15.82048 16.0319 16.24607 16.46143 16.66969 16.85946 17.0319 17.19174 17.33269 17.45513 17.55828 17.64095 17.70788 17.76891 17.81851 17.85513 17.87442 17.88308 17.8819 17.86497 17.83702 17.80473 17.76458 17.71773 17.66812 17.62836 17.59017 17.55591 17.52048 17.48269 17.44056 17.39017 17.33938 17.27717 17.20946
-9999 -9999 -9999 -9999 -9999 -9999 -9999 -9999 -9999 -9999 -9999 -9999 -9999 -9999 -9999 12.33819 12.41536 12.54843 12.72875 12.92048 13.11733 13.31536 13.51575 13.71576 13.91103 14.10552 14.30119 14.49725 14.69804 14.90434 15.11182 15.32481 15.52914 15.73111 15.94095 16.14961 16.363 16.57796 16.7819 16.96694 17.13072 17.28269 17.41339 17.51891 17.60552 17.67284 17.72757 17.77127 17.80158 17.81851 17.8315 17.83229 17.82088 17.79646 17.75985 17.71694 17.67206 17.62442 17.57166 17.52245 17.48544 17.44922 17.41458 17.38269 17.35001 17.31025 17.26497 17.21969 17.15946
-9999 -9999 -9999 -9999 -9999 -9999 -9999 -9999 -9999 -9999 -9999 -9999 -9999 -9999 12.29095 12.40276 12.50079 12.67914 12.86379 13.05434 13.25001 13.44843 13.64056 13.83544 14.02796 14.21772 14.41103 14.60788 14.81024 15.01458 15.22166 15.43032 15.63544 15.8441 16.04765 16.2567 16.47166 16.68229 16.87875 17.06221 17.22166 17.35355 17.4693 17.55867 17.63072 17.68505 17.72324 17.74568 17.7571 17.76143 17.75552 17.74843 17.72717 17.69647 17.64883 17.59765 17.54686 17.4941 17.43977 17.38702 17.3441 17.30631 17.27521 17.24686 17.22087 17.19528 17.16339 17.12481 17.0878
-9999 -9999 -9999 -9999 -9999 -9999 -9999 -9999 -9999 -9999 -9999 -9999 -9999 12.23662 12.34016 12.44607 12.62481 12.80355 12.98977 13.17796 13.37087 13.56261 13.74764 13.93347 14.12127 14.31142 14.50276 14.69765 14.9004 15.10631 15.31221 15.51812 15.72796 15.93426 16.14332 16.35749 16.57166 16.77954 16.97284 17.14332 17.29528 17.42402 17.51576 17.58741 17.63859 17.67796 17.7008 17.70867 17.69962 17.68426 17.66143 17.63859 17.60788 17.56103 17.50513 17.44647 17.38898 17.33072 17.27717 17.21851 17.16812 17.12757 17.09528 17.07757 17.06064 17.0445 17.02639 17.00591 16.97166
