ASPA-UH-SWB2_REPO/input/Gridded_rain/prism_ppt_tutuila_30yr_normal_07.asc
ncols         350
nrows         200
xllcorner     515000
yllcorner     8409000
cellsize      100
NODATA_value  -9999
[rows 93 to 123 of 200, columns 138 to 206 of 350]
13.15355 13.35276 13.55237 13.75394 13.96024 14.16615 14.37442 14.57796 14.78544 14.99213 15.19017 15.37442 15.55001 15.71457 15.85985 15.9815 16.0819 16.15788 16.213 16.24528 16.25906 16.25355 16.23111 16.1941 16.14961 16.10591 16.06891 16.02678 15.97206 15.89725 15.8004 15.68662 15.54765 15.37717 15.18977 14.98387 14.75355 14.50237 14.23032 13.93505 13.61891 13.28505 12.93308 12.57363 12.21536 11.84646 11.4693 11.07953 10.68071 10.27205 9.864179 9.457879 9.063391 8.673627 8.297642 7.937799 7.617721 7.379925 7.222051 7.102759 7.003547 6.918114 6.845673 6.783074 6.728744 6.685043 6.654728 6.62835 6.607877
13.32678 13.51379 13.70631 13.90079 14.09528 14.29528 14.48702 14.68387 14.8815 15.07481 15.25985 15.43505 15.59883 15.75316 15.88623 15.99804 16.08702 16.1504 16.19528 16.21812 16.22206 16.20867 16.17678 16.13623 16.08347 16.03347 15.99095 15.94371 15.8819 15.79961 15.69686 15.57048 15.42599 15.25276 15.05788 14.84371 14.60985 14.35631 14.0815 13.78544 13.47127 13.13111 12.77717 12.42087 12.063 11.69882 11.32481 10.94134 10.55 10.1504 9.752367 9.351186 8.958666 8.574414 8.206304 7.851185 7.534256 7.304335 7.150397 7.040948 6.946854 6.864964 6.794098 6.73583 6.688192 6.659059 -9999 -9999 -9999
13.47127 13.64804 13.82835 14.01103 14.19528 14.38268 14.56851 14.75198 14.93741 15.12166 15.29568 15.45788 15.61143 15.7508 15.87442 15.97521 16.05355 16.10828 16.14332 16.16024 16.1567 16.13505 16.1008 16.05158 15.99253 15.93229 15.88072 15.82796 15.76024 15.6693 15.55867 15.42914 15.27087 15.09765 14.89686 14.67442 14.4382 14.18111 13.90198 13.6067 13.2882 12.9504 12.59843 12.24331 11.88898 11.53071 11.16339 10.78504 10.39725 10.01142 9.617722 9.229138 8.83465 8.461422 8.09961 7.744886 7.444886 7.223232 7.077169 6.974807 6.888586 6.811814 6.745673 6.689373 6.650003 6.632287 -9999 -9999 -9999
13.58072 13.74804 13.91576 14.08505 14.2567 14.43032 14.60631 14.78111 14.95631 15.12717 15.2882 15.43741 15.58111 15.7067 15.81812 15.90867 15.97639 16.02717 16.05395 16.06615 16.06024 16.03347 15.9941 15.93741 15.86812 15.80001 15.73662 15.67442 15.60001 15.50316 15.38662 15.24725 15.09095 14.90709 14.70473 14.4815 14.23741 13.97402 13.69646 13.39528 13.07835 12.74253 12.3941 12.04331 11.69489 11.34174 10.97835 10.60552 10.23268 9.848037 9.468903 9.080713 8.701579 8.33465 7.975988 7.626776 7.333862 7.138193 7.004728 6.911815 6.828743 6.75709 6.697248 6.649216 6.621263 -9999 -9999 -9999 -9999
13.65788 13.81142 13.97087 14.12835 14.2882 14.44804 14.61024 14.77127 14.93229 15.09017 15.23977 15.37796 15.50631 15.62048 15.71851 15.8004 15.86497 15.90631 15.92993 15.93583 15.92284 15.8945 15.84883 15.78387 15.70749 15.62993 15.55591 15.48111 15.39607 15.2941 15.17048 15.02914 14.86576 14.67953 14.47324 14.24725 14.00001 13.73583 13.45473 13.15749 12.84016 12.50946 12.16536 11.82835 11.48268 11.1319 10.7752 10.41182 10.04331 9.675201 9.29843 8.923233 8.552366 8.189768 7.833075 7.496067 7.222838 7.041736 6.934256 6.846854 6.774019 6.708271 6.65276 6.616932 6.598429 -9999 -9999 -9999 -9999
13.70276 13.84174 13.98662 14.13387 14.28229 14.42796 14.57599 14.72205 14.86772 15.01379 15.14883 15.27402 15.39056 15.49489 15.58426 15.6567 15.713 15.74725 15.76379 15.763 15.74489 15.713 15.66103 15.59174 15.50946 15.42127 15.33544 15.25119 15.15473 15.04095 14.91536 14.7693 14.6004 14.41379 14.20434 13.97402 13.72717 13.46497 13.18386 12.88583 12.57717 12.24883 11.92205 11.58741 11.25158 10.90749 10.55552 10.20001 9.84095 9.479532 9.118902 8.751579 8.393705 8.041737 7.681894 7.357878 7.114177 6.963783 6.866933 6.790161 6.721263 6.663783 6.622838 6.59961 -9999 -9999 -9999 -9999 -9999
13.71379 13.83702 13.96497 14.09843 14.23426 14.36694 14.50079 14.63229 14.76261 14.89292 15.01615 15.13229 15.23662 15.32678 15.40434 15.47009 15.51694 15.54292 15.55119 15.54371 15.52363 15.48662 15.4315 15.36064 15.27245 15.17599 15.08072 14.98229 14.87206 14.7508 14.61733 14.46694 14.29883 14.11024 13.90079 13.67048 13.42363 13.16339 12.88387 12.59016 12.28308 11.96969 11.65119 11.32914 11.00316 10.66575 10.32048 9.972446 9.625202 9.276382 8.922445 8.568902 8.22087 7.876776 7.526775 7.21772 7.011815 6.888586 6.805515 6.733074 6.67205 6.629531 6.606696 -9999 -9999 -9999 -9999 -9999 -9999
13.69135 13.79725 13.90827 14.02757 14.14646 14.26812 14.38583 14.50158 14.61851 14.73387 14.8445 14.94607 15.03938 15.11733 15.17914 15.23662 15.27324 15.29016 15.29331 15.28269 15.25709 15.21615 15.16182 15.08859 14.99528 14.8945 14.79213 14.67914 14.55788 14.42599 14.28544 14.1315 13.96103 13.77363 13.56418 13.33623 13.09331 12.83426 12.56064 12.27166 11.97402 11.66851 11.36103 11.05119 10.73386 10.40591 10.07008 9.729926 9.392525 9.053154 8.711816 8.371657 8.037406 7.696067 7.366933 7.090555 6.912208 6.815358 6.740555 6.677956 6.633862 6.61024 6.595673 -9999 -9999 -9999 -9999 -9999 -9999
13.63859 13.72678 13.82087 13.92284 14.02678 14.13426 14.23623 14.33583 14.43702 14.53583 14.63387 14.72205 14.79843 14.863 14.91733 14.96182 14.98898 14.99883 14.99646 14.98032 14.9508 14.90749 14.84883 14.77324 14.67953 14.57717 14.46654 14.34725 14.21772 14.07717 13.92757 13.76812 13.5941 13.4067 13.19843 12.97324 12.73623 12.48426 12.21733 11.93505 11.64804 11.35591 11.05788 10.75512 10.44528 10.12914 9.804729 9.474021 9.14528 8.81654 8.488587 8.166146 7.846067 7.512208 7.207878 6.973626 6.829925 6.746067 6.680318 6.634255 6.609846 6.594885 -9999 -9999 -9999 -9999 -9999 -9999 -9999
13.55355 13.6256 13.70473 13.78741 13.87442 13.96457 14.05316 14.13859 14.22127 14.30316 14.38544 14.45946 14.52127 14.57363 14.61891 14.65158 14.66969 14.67324 14.66103 14.64095 14.60709 14.55788 14.49528 14.41457 14.32363 14.2193 14.10473 13.98465 13.84922 13.70473 13.54922 13.3819 13.2067 13.01772 12.81103 12.59134 12.36064 12.11615 11.8567 11.58741 11.31418 11.02993 10.73938 10.44371 10.14292 9.838982 9.525202 9.205517 8.887012 8.57087 8.258272 7.950004 7.627563 7.31772 7.060634 6.872051 6.755122 6.68583 6.63583 6.606303 -9999 -9999 -9999 -9999 -9999 -9999 -9999 -9999 -9999
13.43938 13.4941 13.55513 13.62009 13.6941 13.76339 13.83623 13.90749 13.97363 14.04056 14.10394 14.16103 14.21024 14.25001 14.28662 14.30828 14.31812 14.30906 14.28977 14.26418 14.22442 14.17087 14.10355 14.02087 13.92678 13.81969 13.70788 13.58741 13.45158 13.30434 13.14686 12.98032 12.80158 12.61379 12.41024 12.19568 11.97323 11.73898 11.4878 11.23111 10.96654 10.69213 10.41103 10.12205 9.833469 9.540556 9.238194 8.93032 8.623233 8.320477 8.024413 7.716539 7.400004 7.13583 6.933074 6.784649 6.697248 6.645279 6.609452 -9999 -9999 -9999 -9999 -9999 -9999 -9999 -9999 -9999 -9999
13.29646 13.33583 13.37953 13.42717 13.47599 13.53386 13.5878 13.64528 13.69489 13.7445 13.79135 13.83465 13.86772 13.89568 13.91733 13.93387 13.93229 13.91221 13.88623 13.85158 13.80788 13.74922 13.67796 13.59095 13.49489 13.38898 13.28032 13.15709 13.02284 12.87638 12.71812 12.55473 12.3815 12.1941 11.99568 11.78859 11.57363 11.34882 11.11064 10.86221 10.60316 10.34134 10.07245 9.794887 9.516147 9.234257 8.944492 8.649217 8.355516 8.069689 7.785437 7.473626 7.20276 7.012602 -9999 -9999 6.655121 -9999 -9999 -9999 -9999 -9999 -9999 -9999 -9999 -9999 -9999 -9999 -9999
13.13032 13.14883 13.17402 13.20394 13.23465 13.26772 13.31024 13.34646 13.38268 13.4189 13.45119 13.4752 13.49843 13.51418 13.52442 13.52599 13.51536 13.48898 13.45434 13.41221 13.36261 13.29646 13.2193 13.13268 13.03544 12.9315 12.82087 12.69883 12.56497 12.42087 12.2693 12.10749 11.93623 11.76024 11.56575 11.36575 11.16064 10.94252 10.71379 10.47284 10.22835 9.978745 9.718509 9.457091 9.190556 8.917721 8.641737 8.359847 8.083862 7.81339 7.511815 7.250791 7.071263 6.945673 -9999 -9999 -9999 -9999 -9999 -9999 -9999 -9999 -9999 -9999 -9999 -9999 -9999 -9999 -9999
12.93898 12.93623 12.94135 12.95591 12.97048 12.98426 13.00355 13.02717 13.04607 13.06339 13.08347 13.09725 13.10394 13.10709 13.10355 13.09371 13.07048 13.04213 12.99961 12.95001 12.89331 12.82245 12.74174 12.65001 12.55394 12.45001 12.33544 12.21457 12.0815 11.94213 11.79922 11.64174 11.4815 11.30906 11.12245 10.92835 10.7315 10.52442 10.30315 10.07402 9.839768 9.602367 9.359453 9.111422 8.854335 8.594887 8.332682 8.069689 7.812209 7.518508 7.258665 7.100791 6.984256 -9999 -9999 -9999 -9999 -9999 -9999 -9999 -9999 -9999 -9999 -9999 -9999 -9999 -9999 -9999 -9999
12.72481 12.70512 12.6941 12.68938 12.68505 12.68386 12.68623 12.68505 12.6878 12.6882 12.69213 12.6941 12.68662 12.67402 12.65906 12.63268 12.60276 12.56733 12.52087 12.46654 12.40394 12.33032 12.24686 12.15552 12.06064 11.95158 11.83741 11.71379 11.58623 11.45512 11.31575 11.17363 11.01575 10.84843 10.6693 10.48583 10.29449 10.09725 9.889769 9.674021 9.455123 9.225989 8.999611 8.762997 8.516933 8.274807 8.029138 7.767721 7.50276 7.252366 7.106303 6.981106 -9999 -9999 -9999 -9999 -9999 -9999 -9999 -9999 -9999 -9999 -9999 -9999 -9999 -9999 -9999 -9999 -9999
12.49646 12.45316 12.42599 12.40394 12.38386 12.36379 12.34292 12.32835 12.31064 12.29725 12.28071 12.26575 12.24883 12.22875 12.19843 12.15788 12.12127 12.07442 12.02481 11.96733 11.89961 11.82323 11.74213 11.65394 11.56142 11.45237 11.33465 11.213 11.08938 10.96575 10.83504 10.69528 10.54607 10.38386 10.21772 10.03859 9.858273 9.672052 9.47717 9.277564 9.068115 8.858273 8.640162 8.416146 8.186619 7.959059 7.707484 7.447642 7.210634 7.090555 6.964571 -9999 -9999 -9999 -9999 -9999 -9999 -9999 -9999 -9999 -9999 -9999 -9999 -9999 -9999 -9999 -9999 -9999 -9999
12.24764 12.1878 12.14095 12.10119 12.06182 12.0252 11.98662 11.95591 11.92166 11.89056 11.86064 11.83032 11.80355 11.77205 11.72717 11.68268 11.63465 11.58111 11.52087 11.45749 11.38898 11.31339 11.2319 11.14725 11.05788 10.95197 10.8378 10.72048 10.6004 10.48032 10.35434 10.22284 10.07874 9.927958 9.766147 9.601974 9.431108 9.255517 9.07402 8.882288 8.690162 8.492524 8.285044 8.072839 7.857878 7.622445 7.380319 7.161027 7.0315 6.914964 -9999 -9999 -9999 -9999 -9999 -9999 -9999 -9999 -9999 -9999 -9999 -9999 -9999 -9999 -9999 -9999 -9999 -9999 -9999
11.98426 11.91024 11.84607 11.78701 11.72914 11.67363 11.62481 11.57599 11.52875 11.48308 11.43938 11.39607 11.3567 11.31497 11.26575 11.2126 11.15197 11.09174 11.02757 10.95709 10.88583 10.80709 10.7256 10.64213 10.55237 10.45237 10.34764 10.23544 10.12205 10.00552 9.886226 9.757092 9.624414 9.479926 9.329533 9.175201 9.014178 8.847249 8.67402 8.500398 8.313784 8.130713 7.932288 7.724413 7.53898 7.348035 7.126775 6.975201 6.874807 -9999 -9999 -9999 -9999 -9999 -9999 -9999 -9999 -9999 -9999 -9999 -9999 -9999 -9999 -9999 -9999 -9999 -9999 -9999 -9999
11.70945 11.62205 11.54095 11.46536 11.39213 11.32205 11.25512 11.19371 11.13859 11.08071 11.02402 10.97245 10.92008 10.87008 10.81379 10.75119 10.68347 10.61615 10.54646 10.47323 10.39686 10.31693 10.2319 10.14331 10.0563 9.962997 9.865359 9.761028 9.65473 9.546462 9.432288 9.312209 9.181108 9.046067 8.903154 8.758272 8.609059 8.446855 8.283862 8.118508 7.937799 7.758666 7.578744 7.427169 7.329138 7.174807 6.957878 6.842523 -9999 -9999 -9999 -9999 -9999 -9999 -9999 -9999 -9999 -9999 -9999 -9999 -9999 -9999 -9999 -9999 -9999 -9999 -9999 -9999 -9999
11.43071 11.32638 11.2319 11.14056 11.05315 10.96969 10.89016 10.81733 10.75119 10.68898 10.62402 10.55985 10.49922 10.43741 10.37323 10.30197 10.22914 10.15473 10.07914 10.00473 9.927171 9.845281 9.757879 9.665359 9.579533 9.490556 9.395674 9.298823 9.198824 9.095674 8.9878 8.87717 8.753942 8.621658 8.493705 8.357091 8.212996 8.060634 7.90276 7.739768 7.579138 7.412209 7.292523 7.244885 7.22835 -9999 6.805121 -9999 -9999 -9999 -9999 -9999 -9999 -9999 -9999 -9999 -9999 -9999 -9999 -9999 -9999 -9999 -9999 -9999 -9999 -9999 -9999 -9999 -9999
11.1441 11.02599 10.91693 10.813 10.713 10.62008 10.53032 10.44882 10.37363 10.30473 10.2319 10.1563 10.08504 10.01654 9.943313 9.864965 9.787407 9.708273 9.629927 9.552761 9.476776 9.393705 9.307092 9.218509 9.131501 9.042524 8.949217 8.85276 8.75591 8.668902 8.571264 8.464571 8.350004 8.230319 8.110634 7.985831 7.847642 7.705516 7.56024 7.411421 7.272445 7.159846 7.118507 7.11024 -9999 -9999 -9999 -9999 -9999 -9999 -9999 -9999 -9999 -9999 -9999 -9999 -9999 -9999 -9999 -9999 -9999 -9999 -9999 -9999 -9999 -9999 -9999 -9999 -9999
10.85237 10.71969 10.59882 10.48544 10.37678 10.27599 10.17875 10.0878 10.00512 9.927171 9.847249 9.76221 9.679533 9.603942 9.524808 9.444099 9.362997 9.280713 9.201579 9.122052 9.044099 8.964572 8.880713 8.794887 8.70906 8.61969 8.536618 8.453547 8.367721 8.30276 8.228351 8.124807 8.015752 7.906697 7.790555 7.675201 7.550791 7.420083 7.29528 7.177169 7.061027 6.996067 -9999 -9999 -9999 -9999 -9999 -9999 -9999 -9999 -9999 -9999 -9999 -9999 -9999 -9999 -9999 -9999 -9999 -9999 -9999 -9999 -9999 -9999 -9999 -9999 -9999 -9999 -9999
10.55827 10.4193 10.28504 10.163 10.04843 9.943313 9.838194 9.737407 9.648036 9.561816 9.471265 9.379139 9.29095 9.208666 9.123627 9.041737 8.958666 8.874807 8.793705 8.712209 8.633076 8.554335 8.474414 8.39213 8.339375 8.258272 8.20276 8.156303 8.104335 8.043311 7.978744 7.900004 7.788587 7.676382 7.565752 7.453941 7.339767 7.223232 7.113389 7.015358 6.932287 6.894886 -9999 -9999 -9999 -9999 -9999 -9999 -9999 -9999 -9999 -9999 -9999 -9999 -9999 -9999 -9999 -9999 -9999 -9999 -9999 -9999 -9999 -9999 -9999 -9999 -9999 -9999 -9999
10.26418 10.12166 9.981502 9.852761 9.733076 9.617722 9.511028 9.40591 9.303548 9.209454 9.114178 9.016541 8.925595 8.83465 8.748429 8.659847 8.572839 8.494099 8.407091 8.323627 8.262997 8.197248 8.122051 8.080713 8.057878 8.041343 8.000398 7.962209 7.930713 7.880713 7.81772 7.729532 7.622051 7.511815 7.404335 7.296461 7.189374 7.086618 6.991736 6.904728 6.853153 6.822051 -9999 -9999 -9999 -9999 -9999 -9999 -9999 -9999 -9999 -9999 -9999 -9999 -9999 -9999 -9999 -9999 -9999 -9999 -9999 -9999 -9999 -9999 -9999 -9999 -9999 -9999 -9999
9.976777 9.826777 9.68347 9.550399 9.423233 9.310241 9.197642 9.081895 8.973233 8.874021 8.776776 8.677564 8.578745 8.485831 8.394886 8.303154 8.215359 8.128744 8.056303 8.008272 7.97402 7.944886 7.919689 7.901579 7.891343 7.886225 7.882288 7.845673 7.787405 7.72402 7.642524 7.553941 7.461815 7.363783 7.264177 7.164964 7.071657 6.979137 6.893704 6.841736 6.79961 -9999 -9999 -9999 -9999 -9999 -9999 -9999 -9999 -9999 -9999 -9999 -9999 -9999 -9999 -9999 -9999 -9999 -9999 -9999 -9999 -9999 -9999 -9999 -9999 -9999 -9999 -9999 -9999
9.695674 9.539375 9.394099 9.25591 9.129139 9.012209 8.893312 8.77087 8.660241 8.554335 8.452761 8.356303 8.259059 8.161816 8.064178 7.97087 7.881894 7.815358 7.80591 7.807091 7.800398 7.786618 7.776776 7.775201 7.775595 7.757091 7.718902 7.677169 7.605515 7.529138 7.452366 7.374413 7.293705 7.214571 7.1315 7.047641 6.964177 6.886618 6.835043 6.794098 -9999 -9999 -9999 -9999 -9999 -9999 -9999 -9999 -9999 -9999 -9999 -9999 -9999 -9999 -9999 -9999 -9999 -9999 -9999 -9999 -9999 -9999 -9999 -9999 -9999 -9999 -9999 -9999 -9999
9.418902 9.26221 9.113391 8.974808 8.847642 8.721264 8.600398 8.477564 8.357091 8.250398 8.153941 8.054335 7.952366 7.860634 7.763783 7.671264 7.628744 7.616933 7.613783 7.619295 7.644492 7.648823 7.612996 7.579532 7.5815 7.53583 7.49213 7.448822 7.395673 7.335437 7.271657 7.209453 7.141736 7.073232 7.004334 6.93583 6.868901 6.823626 6.788586 -9999 -9999 -9999 -9999 -9999 -9999 -9999 -9999 -9999 -9999 -9999 -9999 -9999 -9999 -9999 -9999 -9999 -9999 -9999 -9999 -9999 -9999 -9999 -9999 -9999 -9999 -9999 -9999 -9999 -9999
9.14843 8.990556 8.841343 8.707091 8.57402 8.448429 8.323233 8.200791 8.079532 7.975201 7.876382 7.775201 7.681106 7.58465 7.529925 7.480712 7.462996 7.452366 7.448822 7.45276 7.446067 7.41024 7.375201 7.341736 7.31339 7.285437 7.253153 7.224413 7.193705 7.153941 7.108665 7.058665 7.006303 6.948035 6.887799 6.8315 6.79646 6.775594 -9999 -9999 -9999 -9999 -9999 -9999 -9999 -9999 -9999 -9999 -9999 -9999 -9999 -9999 -9999 -9999 -9999 -9999 -9999 -9999 -9999 -9999 -9999 -9999 -9999 -9999 -9999 -9999 -9999 -9999 -9999
8.893312 8.733469 8.586225 8.450005 8.31654 8.189768 8.068114 7.940555 7.825594 7.721657 7.625595 7.533075 7.462209 7.409059 7.380713 7.363389 7.325201 7.309453 7.29961 7.262208 7.205909 7.162602 7.125594 7.096854 7.07835 7.059453 7.040555 7.023232 7.005909 6.984649 6.95709 6.924807 6.882681 6.835436 6.784256 6.744098 6.733074 -9999 -9999 -9999 -9999 -9999 -9999 -9999 -9999 -9999 -9999 -9999 -9999 -9999 -9999 -9999 -9999 -9999 -9999 -9999 -9999 -9999 -9999 -9999 -9999 -9999 -9999 -9999 -9999 -9999 -9999 -9999 -9999
8.653154 8.495673 8.347642 8.209846 8.074413 7.946855 7.822445 7.70276 7.591736 7.495673 7.427957 7.372445 7.331893 7.306697 7.266539 7.241342 7.211421 7.16339 7.107484 7.044492 6.996854 6.952759 6.916539 6.887405 6.872838 6.861814 6.854334 6.847641 6.83898 6.828743 6.81772 6.79961 6.772051 6.734649 6.694885 6.66457 -9999 -9999 -9999 -9999 -9999 -9999 -9999 -9999 -9999 -9999 -9999 -9999 -9999 -9999 -9999 -9999 -9999 -9999 -9999 -9999 -9999 -9999 -9999 -9999 -9999 -9999 -9999 -9999 -9999 -9999 -9999 -9999 -9999
8.427564 8.27087 8.12402 7.981894 7.848035 7.717327 7.598429 7.483469 7.383862 7.332287 7.30709 7.281106 7.237405 7.203941 7.172445 7.111027 7.04961 6.977956 6.911815 6.856697 6.817327 6.777956 6.739767 6.706697 6.692523 6.687405 6.687799 6.68898 6.690555 6.690161 6.689767 6.683862 6.668901 6.646854 6.616932 6.589374 -9999 -9999 -9999 -9999 -9999 -9999 -9999 -9999 -9999 -9999 -9999 -9999 -9999 -9999 -9999 -9999 -9999 -9999 -9999 -9999 -9999 -9999 -9999 -9999 -9999 -9999 -9999 -9999 -9999 -9999 -9999 -9999 -9999
