ASPA-UH-SWB2_REPO/input/Gridded_rain/prism_ppt_tutuila_30yr_normal_06.asc
ncols         350
nrows         200
xllcorner     515000
yllcorner     8409000
cellsize      100
NODATA_value  -9999
[rows 93 to 123 of 200, columns 138 to 206 of 350]
14.61654 14.69292 14.76457 14.83308 14.90237 14.96969 15.03741 15.10198 15.17166 15.24489 15.31615 15.38308 15.45276 15.52481 15.59489 15.66182 15.72835 15.79213 15.8567 15.92048 15.98269 16.03741 16.08111 16.11339 16.13268 16.13072 16.10552 16.06261 16.00591 15.93111 15.83702 15.7319 15.60709 15.45946 15.30276 15.13623 14.95355 14.75749 14.54765 14.32205 14.08229 13.83032 13.56575 13.29646 13.02914 12.75788 12.48229 12.19922 11.91142 11.61851 11.33032 11.04489 10.76693 10.48938 10.22205 9.966934 9.723233 9.493312 9.285438 9.089375 8.91221 8.748823 8.601186 8.466146 8.344493 8.243311 8.170477 8.108665 8.059453
14.90749 14.97087 15.03308 15.09253 15.14843 15.20749 15.25828 15.31418 15.37245 15.4315 15.48938 15.54646 15.60316 15.66418 15.72048 15.7752 15.82757 15.87481 15.92363 15.97087 16.01654 16.05552 16.08347 16.10513 16.10985 16.09725 16.06733 16.01969 15.95591 15.87442 15.77639 15.65946 15.53032 15.38072 15.21733 15.04174 14.85434 14.65355 14.43859 14.20906 13.96772 13.7067 13.43741 13.16694 12.89764 12.62757 12.35355 12.07323 11.78859 11.5004 11.21654 10.93268 10.65316 10.37756 10.11497 9.862997 9.623233 9.399218 9.190556 8.999611 8.822839 8.656697 8.504728 8.371264 8.259059 8.187799 -9999 -9999 -9999
15.18505 15.23623 15.28505 15.33111 15.37521 15.41969 15.46182 15.50276 15.54765 15.59568 15.64056 15.68308 15.72717 15.77127 15.81458 15.85434 15.89095 15.92324 15.95473 15.98662 16.01497 16.0378 16.05473 16.06143 16.05316 16.02835 15.99213 15.94056 15.87245 15.78387 15.67954 15.56143 15.42127 15.27205 15.10394 14.92048 14.72914 14.52363 14.30237 14.07087 13.82284 13.56142 13.28977 13.01733 12.74843 12.4815 12.21142 11.93386 11.64922 11.3693 11.08701 10.80906 10.5252 10.2563 9.996462 9.749218 9.518115 9.296068 9.088981 8.899611 8.725202 8.560635 8.410634 8.276776 8.17835 8.131106 -9999 -9999 -9999
15.44331 15.48347 15.51812 15.54922 15.57875 15.60788 15.6378 15.66694 15.69922 15.7315 15.76103 15.7878 15.81891 15.8445 15.87166 15.89568 15.91458 15.93426 15.94883 15.96576 15.98072 15.9882 15.99135 15.9815 15.95867 15.92521 15.87954 15.82324 15.7508 15.65828 15.5504 15.42521 15.2882 15.1315 14.96103 14.77639 14.57717 14.36497 14.14331 13.90473 13.65552 13.39253 13.12087 12.84922 12.58347 12.31969 12.05079 11.77599 11.50119 11.22087 10.94686 10.66654 10.39213 10.1256 9.872446 9.631501 9.399611 9.184257 8.982682 8.799611 8.622051 8.459454 8.315752 8.193312 8.118508 -9999 -9999 -9999 -9999
15.68308 15.70828 15.73269 15.75001 15.76576 15.77875 15.79213 15.80513 15.82048 15.83702 15.85198 15.86339 15.8756 15.88544 15.89332 15.90119 15.90906 15.91103 15.91221 15.91182 15.90788 15.90276 15.88977 15.863 15.82796 15.78426 15.73111 15.66772 15.58898 15.4945 15.3819 15.2567 15.11497 14.95591 14.78268 14.59528 14.39253 14.17796 13.95237 13.71497 13.463 13.20197 12.9315 12.6693 12.40434 12.14135 11.87638 11.6067 11.33426 11.06497 10.79095 10.51733 10.24686 9.986225 9.738587 9.501579 9.279139 9.068902 8.874021 8.689375 8.522446 8.364178 8.223626 8.125595 8.071658 -9999 -9999 -9999 -9999
15.90355 15.91261 15.92127 15.9256 15.92717 15.92324 15.91969 15.91458 15.91143 15.913 15.90985 15.90394 15.89961 15.8945 15.88702 15.87875 15.87009 15.85552 15.83938 15.82166 15.80158 15.78111 15.75198 15.71261 15.66457 15.60867 15.54765 15.47954 15.39489 15.29213 15.17953 15.05119 14.90552 14.74646 14.57087 14.37953 14.17599 13.96221 13.73505 13.49568 13.24922 12.98701 12.72914 12.46812 12.21103 11.95197 11.68898 11.42363 11.15788 10.89174 10.62756 10.35749 10.09489 9.840556 9.59843 9.367722 9.152761 8.953155 8.762603 8.587406 8.420871 8.274807 8.164178 8.094492 -9999 -9999 -9999 -9999 -9999
16.10158 16.09292 16.08229 16.07088 16.05631 16.03662 16.01536 15.99292 15.97127 15.95276 15.93387 15.91418 15.89253 15.86812 15.84332 15.82048 15.7945 15.76339 15.72954 15.69489 15.66143 15.62481 15.5819 15.5319 15.47127 15.40394 15.33465 15.2567 15.16379 15.05788 14.94056 14.80946 14.66457 14.50434 14.32835 14.13623 13.93229 13.7193 13.49253 13.25513 13.00788 12.75709 12.50434 12.25316 12.00434 11.74883 11.48938 11.22875 10.97048 10.7126 10.45079 10.18898 9.933076 9.689375 9.453942 9.229138 9.021658 8.830713 8.651973 8.478351 8.322445 8.206697 8.136619 -9999 -9999 -9999 -9999 -9999 -9999
16.27442 16.24686 16.21615 16.1878 16.15355 16.1193 16.07875 16.03702 15.99765 15.96064 15.92442 15.88662 15.84922 15.80709 15.76064 15.72363 15.67954 15.6315 15.58387 15.53623 15.48741 15.43623 15.38308 15.32205 15.24922 15.17245 15.0945 15.00473 14.90434 14.79213 14.67087 14.5382 14.39174 14.23229 14.05591 13.86615 13.66497 13.45237 13.22875 12.99371 12.75276 12.50709 12.26379 12.02363 11.78071 11.5315 11.27796 11.02205 10.76969 10.51733 10.263 10.00985 9.765359 9.53032 9.303154 9.087012 8.888193 8.703941 8.528351 8.366934 8.246461 8.173626 8.12402 -9999 -9999 -9999 -9999 -9999 -9999
16.42324 16.37521 16.3252 16.2756 16.22324 16.17127 16.11143 16.04843 15.99017 15.93308 15.87993 15.82442 15.76576 15.70552 15.64646 15.59017 15.53072 15.46772 15.40631 15.34489 15.28308 15.22009 15.15394 15.0815 15.00001 14.91536 14.82599 14.72875 14.62206 14.50355 14.37639 14.24016 14.09174 13.93308 13.75788 13.56969 13.37284 13.16497 12.94607 12.71575 12.48308 12.24883 12.01379 11.77875 11.54056 11.29961 11.05355 10.80355 10.55709 10.31064 10.06497 9.824414 9.591737 9.366934 9.149218 8.941343 8.748823 8.57087 8.404335 8.278351 8.202367 8.148429 -9999 -9999 -9999 -9999 -9999 -9999 -9999
16.54371 16.47599 16.40709 16.33465 16.26103 16.18702 16.10985 16.02954 15.94804 15.86969 15.79725 15.72363 15.64646 15.57009 15.49686 15.42402 15.34961 15.27402 15.19607 15.12324 15.04922 14.97245 14.8945 14.80867 14.72166 14.62875 14.53032 14.42914 14.31536 14.1941 14.06221 13.92048 13.77205 13.61261 13.43898 13.25513 13.06339 12.86103 12.64764 12.42757 12.2067 11.97953 11.75119 11.52087 11.28898 11.0563 10.81733 10.5752 10.33465 10.09646 9.861423 9.632682 9.411029 9.199611 8.998036 8.803942 8.610241 8.446461 8.312603 8.22402 -9999 -9999 -9999 -9999 -9999 -9999 -9999 -9999 -9999
16.63387 16.54568 16.45395 16.35946 16.26851 16.16851 16.07127 15.97206 15.87048 15.77324 15.67875 15.58465 15.49095 15.39804 15.31182 15.22402 15.13623 15.04371 14.95316 14.86772 14.7819 14.6941 14.60394 14.50867 14.41182 14.30985 14.20827 14.10316 13.98623 13.86103 13.72757 13.58662 13.43544 13.27717 13.1067 12.92717 12.74213 12.54843 12.34174 12.13308 11.9193 11.70079 11.47914 11.25394 11.03071 10.80591 10.57402 10.34016 10.1067 9.877564 9.65473 9.437013 9.22717 9.038981 8.872445 8.681107 8.495673 8.362996 8.258666 -9999 -9999 -9999 -9999 -9999 -9999 -9999 -9999 -9999 -9999
16.69174 16.58308 16.47009 16.35276 16.23072 16.11457 15.99332 15.87639 15.75395 15.63623 15.52127 15.41024 15.29765 15.18938 15.08623 14.98859 14.88623 14.77875 14.67639 14.57835 14.48229 14.38426 14.28387 14.17875 14.07402 13.96772 13.86339 13.75158 13.63308 13.50631 13.37087 13.23229 13.08583 12.92757 12.76142 12.5882 12.40906 12.22363 12.02835 11.82638 11.61772 11.40906 11.19686 10.98032 10.76418 10.54725 10.32481 10.09922 9.875202 9.658273 9.444887 9.240556 9.059453 8.937799 -9999 -9999 8.401973 -9999 -9999 -9999 -9999 -9999 -9999 -9999 -9999 -9999 -9999 -9999 -9999
16.71812 16.58229 16.4445 16.30395 16.15867 16.01182 15.87402 15.7315 15.59292 15.45906 15.32757 15.19489 15.06969 14.94725 14.82954 14.71536 14.6004 14.4819 14.36812 14.25867 14.15316 14.04292 13.93268 13.82284 13.71221 13.60237 13.49253 13.37717 13.25591 13.12875 12.99725 12.85827 12.713 12.56418 12.40119 12.23386 12.06339 11.88308 11.69607 11.50079 11.30394 11.10552 10.9004 10.69607 10.48977 10.27914 10.06693 9.850399 9.639375 9.433863 9.236225 9.053942 8.947642 8.874021 -9999 -9999 -9999 -9999 -9999 -9999 -9999 -9999 -9999 -9999 -9999 -9999 -9999 -9999 -9999
16.70591 16.54214 16.37678 16.21536 16.04804 15.8756 15.70985 15.55316 15.39607 15.24331 15.09843 14.95513 14.81261 14.67599 14.54174 14.413 14.2815 14.15749 14.0319 13.91182 13.79607 13.67757 13.56024 13.44174 13.32835 13.21418 13.09686 12.97914 12.85552 12.72993 12.60355 12.46694 12.32914 12.18308 12.02599 11.86379 11.70079 11.53032 11.35001 11.16457 10.97717 10.78859 10.59843 10.40473 10.20552 10.00434 9.801973 9.600005 9.402761 9.211816 9.030319 8.940556 8.861815 -9999 -9999 -9999 -9999 -9999 -9999 -9999 -9999 -9999 -9999 -9999 -9999 -9999 -9999 -9999 -9999
16.65316 16.46536 16.27717 16.08859 15.89489 15.70473 15.52206 15.34017 15.16851 15.00001 14.84174 14.6878 14.53111 14.37757 14.23032 14.0815 13.94056 13.80473 13.67048 13.53977 13.41339 13.28859 13.16497 13.04371 12.92796 12.80631 12.68662 12.56379 12.44174 12.32087 12.19568 12.07048 11.93465 11.79174 11.64056 11.4878 11.32914 11.16812 11.00001 10.82678 10.65276 10.47126 10.29449 10.10945 9.918116 9.73032 9.540556 9.350005 9.168115 8.99095 8.919296 8.833863 -9999 -9999 -9999 -9999 -9999 -9999 -9999 -9999 -9999 -9999 -9999 -9999 -9999 -9999 -9999 -9999 -9999
16.56418 16.34332 16.13072 15.91733 15.70395 15.49371 15.28741 15.09489 14.90552 14.7256 14.54804 14.37875 14.21457 14.05473 13.89292 13.72993 13.57993 13.43111 13.28898 13.15119 13.01457 12.88111 12.75394 12.63111 12.51418 12.39016 12.26497 12.14174 12.02166 11.90552 11.78662 11.663 11.53308 11.39528 11.25552 11.10631 10.95827 10.80709 10.6504 10.49095 10.32481 10.15945 9.988194 9.812997 9.634257 9.458273 9.282681 9.108666 8.937013 8.867328 8.787406 -9999 -9999 -9999 -9999 -9999 -9999 -9999 -9999 -9999 -9999 -9999 -9999 -9999 -9999 -9999 -9999 -9999 -9999
16.42678 16.18111 15.94056 15.70276 15.46733 15.24017 15.01733 14.80985 14.60394 14.40709 14.21694 14.03426 13.86261 13.6941 13.52009 13.35631 13.19764 13.04292 12.89056 12.74449 12.60355 12.46733 12.33544 12.21024 12.09174 11.96694 11.84213 11.72087 11.60276 11.48859 11.37402 11.2567 11.1319 11.00316 10.86812 10.73229 10.59331 10.45119 10.3063 10.15315 10.00119 9.845675 9.683076 9.518509 9.357485 9.197248 9.031895 8.874414 8.798036 8.731107 -9999 -9999 -9999 -9999 -9999 -9999 -9999 -9999 -9999 -9999 -9999 -9999 -9999 -9999 -9999 -9999 -9999 -9999 -9999
16.23899 15.97717 15.71103 15.44883 15.19135 14.9441 14.71221 14.48544 14.26536 14.05355 13.85079 13.6567 13.4752 13.3004 13.12678 12.95827 12.79095 12.63386 12.4815 12.33111 12.18859 12.04804 11.91379 11.78741 11.66497 11.54174 11.42245 11.30315 11.18898 11.07796 10.96851 10.85394 10.73859 10.61654 10.49095 10.36418 10.23386 10.09961 9.961029 9.823234 9.677171 9.533469 9.382288 9.236225 9.109847 8.980713 8.815753 8.719689 8.670083 -9999 -9999 -9999 -9999 -9999 -9999 -9999 -9999 -9999 -9999 -9999 -9999 -9999 -9999 -9999 -9999 -9999 -9999 -9999 -9999
15.98859 15.72481 15.43898 15.15591 14.88072 14.61694 14.36418 14.12205 13.8945 13.67087 13.45552 13.25394 13.06221 12.88268 12.7067 12.53465 12.36654 12.20867 12.05709 11.91064 11.76851 11.63032 11.49489 11.36339 11.24253 11.12363 11.00827 10.8941 10.78426 10.67875 10.57323 10.46615 10.35276 10.23859 10.12008 10.00158 9.880713 9.75158 9.622052 9.493312 9.360635 9.225989 9.096461 9.002367 8.947642 8.832288 8.673233 8.604729 -9999 -9999 -9999 -9999 -9999 -9999 -9999 -9999 -9999 -9999 -9999 -9999 -9999 -9999 -9999 -9999 -9999 -9999 -9999 -9999 -9999
15.68426 15.4193 15.12835 14.82678 14.53387 14.25394 13.98505 13.73032 13.49016 13.26142 13.03701 12.82323 12.62481 12.43701 12.25945 12.08623 11.92166 11.76536 11.61733 11.47835 11.34371 11.21103 11.07875 10.94804 10.82993 10.71575 10.60197 10.49371 10.38819 10.28544 10.18386 10.08465 9.977564 9.864965 9.757485 9.647249 9.531895 9.414178 9.294493 9.174415 9.056304 8.937013 8.862603 8.846855 8.858666 -9999 8.544887 -9999 -9999 -9999 -9999 -9999 -9999 -9999 -9999 -9999 -9999 -9999 -9999 -9999 -9999 -9999 -9999 -9999 -9999 -9999 -9999 -9999 -9999
15.32678 15.063 14.77048 14.45906 14.15119 13.85906 13.57757 13.31142 13.05788 12.82048 12.5878 12.36339 12.15709 11.9689 11.78938 11.6189 11.45945 11.30906 11.1689 11.0378 10.91418 10.78977 10.66615 10.54607 10.4319 10.32087 10.21064 10.10276 9.999612 9.901186 9.804729 9.708667 9.608666 9.504335 9.401186 9.301579 9.196462 9.088981 8.981501 8.872052 8.764571 8.68032 8.691737 8.730319 -9999 -9999 -9999 -9999 -9999 -9999 -9999 -9999 -9999 -9999 -9999 -9999 -9999 -9999 -9999 -9999 -9999 -9999 -9999 -9999 -9999 -9999 -9999 -9999 -9999
14.92796 14.66142 14.3693 14.05631 13.73938 13.43859 13.14646 12.86615 12.60316 12.35552 12.11694 11.88662 11.67599 11.49056 11.31497 11.15197 10.99922 10.85552 10.72402 10.59961 10.48386 10.37127 10.25867 10.14882 10.04213 9.935832 9.831107 9.724808 9.623627 9.528745 9.4378 9.346067 9.251579 9.158273 9.061422 8.969296 8.875989 8.777957 8.679926 8.585044 8.489768 8.445674 -9999 -9999 -9999 -9999 -9999 -9999 -9999 -9999 -9999 -9999 -9999 -9999 -9999 -9999 -9999 -9999 -9999 -9999 -9999 -9999 -9999 -9999 -9999 -9999 -9999 -9999 -9999
14.50158 14.23898 13.94371 13.62914 13.30985 13.00434 12.69922 12.41024 12.14135 11.88859 11.64135 11.41024 11.20473 11.02284 10.85197 10.69725 10.55276 10.41654 10.29174 10.17284 10.06221 9.957485 9.856304 9.755517 9.658273 9.558666 9.458666 9.359847 9.265753 9.174415 9.086226 9.003548 8.914178 8.825595 8.74095 8.655517 8.570477 8.483469 8.395674 8.307091 8.233075 8.219689 -9999 -9999 -9999 -9999 -9999 -9999 -9999 -9999 -9999 -9999 -9999 -9999 -9999 -9999 -9999 -9999 -9999 -9999 -9999 -9999 -9999 -9999 -9999 -9999 -9999 -9999 -9999
14.06221 13.80158 13.50867 13.1945 12.86772 12.55079 12.25552 11.97009 11.69882 11.44725 11.19489 10.95788 10.75788 10.57717 10.41457 10.26221 10.12166 9.999612 9.875989 9.761816 9.655123 9.558272 9.465753 9.373233 9.283469 9.192131 9.100005 9.012603 8.926382 8.840556 8.75906 8.679532 8.599217 8.517721 8.437406 8.362209 8.283469 8.205122 8.12835 8.051972 8.030319 8.023232 -9999 -9999 -9999 -9999 -9999 -9999 -9999 -9999 -9999 -9999 -9999 -9999 -9999 -9999 -9999 -9999 -9999 -9999 -9999 -9999 -9999 -9999 -9999 -9999 -9999 -9999 -9999
13.62638 13.3567 13.06536 12.74607 12.41103 12.11142 11.8315 11.55473 11.29725 11.05237 10.80591 10.55512 10.33938 10.16339 10.00394 9.85591 9.720477 9.595675 9.479138 9.370084 9.270083 9.18032 9.095281 9.008666 8.926776 8.84528 8.762603 8.683075 8.607091 8.530319 8.450398 8.379138 8.307878 8.231107 8.155516 8.083075 8.016933 7.946067 7.878744 7.864571 7.861815 -9999 -9999 -9999 -9999 -9999 -9999 -9999 -9999 -9999 -9999 -9999 -9999 -9999 -9999 -9999 -9999 -9999 -9999 -9999 -9999 -9999 -9999 -9999 -9999 -9999 -9999 -9999 -9999
13.19725 12.91694 12.61733 12.29213 11.98386 11.69292 11.4252 11.17363 10.94371 10.70709 10.46103 10.19804 9.963391 9.785439 9.625595 9.48032 9.34843 9.224414 9.110241 9.004729 8.911422 8.825989 8.748429 8.672839 8.597642 8.518902 8.448429 8.375201 8.306697 8.237406 8.171264 8.104335 8.033862 7.967721 7.897248 7.829138 7.763783 7.70709 7.694886 7.698823 -9999 -9999 -9999 -9999 -9999 -9999 -9999 -9999 -9999 -9999 -9999 -9999 -9999 -9999 -9999 -9999 -9999 -9999 -9999 -9999 -9999 -9999 -9999 -9999 -9999 -9999 -9999 -9999 -9999
12.77166 12.47953 12.17993 11.87402 11.5819 11.31142 11.06693 10.83741 10.61418 10.39922 10.13544 9.861029 9.623627 9.436619 9.281895 9.138194 9.011422 8.889375 8.778745 8.674414 8.587012 8.504335 8.430319 8.366146 8.293705 8.218508 8.150791 8.090949 8.028351 7.966539 7.907091 7.853154 7.790949 7.725988 7.660634 7.597641 7.540555 7.525988 7.535043 -9999 -9999 -9999 -9999 -9999 -9999 -9999 -9999 -9999 -9999 -9999 -9999 -9999 -9999 -9999 -9999 -9999 -9999 -9999 -9999 -9999 -9999 -9999 -9999 -9999 -9999 -9999 -9999 -9999 -9999
12.33819 12.03741 11.75552 11.49253 11.22008 10.97717 10.74843 10.52205 10.30552 10.08898 9.812603 9.527958 9.29843 9.106698 8.966146 8.832682 8.709454 8.593311 8.484257 8.387406 8.29961 8.220083 8.152761 8.083075 8.01772 7.953547 7.887799 7.8315 7.777957 7.722838 7.671658 7.622445 7.574019 7.516146 7.452366 7.395279 7.373626 7.38583 -9999 -9999 -9999 -9999 -9999 -9999 -9999 -9999 -9999 -9999 -9999 -9999 -9999 -9999 -9999 -9999 -9999 -9999 -9999 -9999 -9999 -9999 -9999 -9999 -9999 -9999 -9999 -9999 -9999 -9999 -9999
11.90788 11.62875 11.3752 11.13583 10.90197 10.67717 10.45197 10.2256 10.00985 9.776383 9.524808 9.253548 9.014178 8.823233 8.67835 8.557878 8.439374 8.329926 8.229925 8.135043 8.042917 7.966933 7.901973 7.83898 7.778744 7.724807 7.686224 7.661815 7.615358 7.568114 7.521657 7.480319 7.433862 7.381894 7.322445 7.277563 7.262208 -9999 -9999 -9999 -9999 -9999 -9999 -9999 -9999 -9999 -9999 -9999 -9999 -9999 -9999 -9999 -9999 -9999 -9999 -9999 -9999 -9999 -9999 -9999 -9999 -9999 -9999 -9999 -9999 -9999 -9999 -9999 -9999
11.51733 11.26379 11.04213 10.83229 10.61339 10.38859 10.16339 9.94843 9.74095 9.52284 9.297249 9.060635 8.839768 8.651973 8.482681 8.353548 8.241736 8.14213 8.043705 7.946855 7.838587 7.750004 7.688587 7.636224 7.597641 7.596854 7.603547 7.607484 7.591736 7.55276 7.514177 7.474413 7.42835 7.373232 7.315358 7.269689 -9999 -9999 -9999 -9999 -9999 -9999 -9999 -9999 -9999 -9999 -9999 -9999 -9999 -9999 -9999 -9999 -9999 -9999 -9999 -9999 -9999 -9999 -9999 -9999 -9999 -9999 -9999 -9999 -9999 -9999 -9999 -9999 -9999
11.16497 10.94567 10.75985 10.55945 10.33859 10.10945 9.894099 9.686226 9.491343 9.312997 9.123627 8.929138 8.742918 8.566934 8.398823 8.260241 8.153153 8.055516 7.955516 7.84213 7.727563 7.622445 7.552366 7.52087 7.525201 7.561028 7.606697 7.632681 7.640162 7.618508 7.585437 7.548823 7.50276 7.449216 7.384649 7.324807 -9999 -9999 -9999 -9999 -9999 -9999 -9999 -9999 -9999 -9999 -9999 -9999 -9999 -9999 -9999 -9999 -9999 -9999 -9999 -9999 -9999 -9999 -9999 -9999 -9999 -9999 -9999 -9999 -9999 -9999 -9999 -9999 -9999
