ASPA-UH-SWB2_REPO/input/Gridded_rain/prism_ppt_tutuila_30yr_normal_08.asc
ncols         350
nrows         200
xllcorner     515000
yllcorner     8409000
cellsize      100
NODATA_value  -9999
[rows 62 to 92 of 200, columns 138 to 206 of 350]
-9999 -9999 -9999 -9999 -9999 -9999 -9999 -9999 -9999 -9999 -9999 -9999 8.337406 8.408272 8.497249 8.641737 8.789374 8.938193 9.085438 9.2378 9.390162 9.536619 9.681108 9.826383 9.967328 10.11024 10.24686 10.37678 10.5063 10.63071 10.74882 10.85749 10.95827 11.06536 11.19292 11.33465 11.47442 11.60001 11.70631 11.78465 11.83583 11.85237 11.8315 11.78741 11.74646 11.72048 11.69607 11.66182 11.61733 11.56772 11.52599 11.49056 11.45985 11.42323 11.37678 11.32284 11.26772 11.21457 11.15631 11.10237 11.05315 11.02048 11.03111 11.09568 11.18701 11.2819 11.37323 11.45827 11.53662
-9999 -9999 -9999 -9999 -9999 -9999 -9999 -9999 -9999 -9999 -9999 8.317327 8.376382 8.466146 8.609059 8.760634 8.91221 9.059453 9.20906 9.359847 9.50591 9.64843 9.79095 9.928351 10.06812 10.20867 10.34174 10.47087 10.59961 10.72481 10.84331 10.95197 11.05827 11.17638 11.31693 11.46812 11.61418 11.74095 11.84292 11.92048 11.96694 11.97638 11.94371 11.88938 11.83426 11.79292 11.74922 11.70001 11.64016 11.57127 11.50355 11.44961 11.40788 11.36536 11.31064 11.24804 11.18583 11.12284 11.06064 11.00119 10.94725 10.91024 10.91772 10.97678 11.06379 11.1567 11.24607 11.33071 11.41142
-9999 -9999 -9999 -9999 -9999 -9999 -9999 -9999 -9999 -9999 -9999 8.351186 8.441343 8.576383 8.726776 8.882682 9.031895 9.178745 9.327564 9.472839 9.613785 9.752367 9.885832 10.01969 10.1567 10.29213 10.42284 10.55158 10.6815 10.81064 10.93386 11.0504 11.163 11.29449 11.44764 11.60946 11.7626 11.89528 11.99883 12.07284 12.11694 12.12008 12.07914 12.00827 11.93465 11.87127 11.81064 11.74056 11.66064 11.5693 11.47717 11.40631 11.35079 11.29725 11.23426 11.16497 11.09253 11.02205 10.95394 10.88859 10.82953 10.79213 10.8004 10.8567 10.93938 11.02599 11.11103 11.19489 11.27402
-9999 -9999 -9999 -9999 -9999 -9999 -9999 -9999 -9999 -9999 8.325595 8.41654 8.546855 8.696855 8.849611 9.002367 9.149611 9.29528 9.4378 9.57717 9.71339 9.842918 9.96969 10.09922 10.2315 10.36103 10.49056 10.62008 10.75315 10.88701 11.01615 11.14213 11.26812 11.41339 11.58347 11.75709 11.92127 12.0626 12.17363 12.25316 12.29292 12.29253 12.23741 12.14804 12.0504 11.95827 11.87166 11.77835 11.67402 11.55945 11.44331 11.35001 11.27953 11.21536 11.14253 11.06575 10.9878 10.91221 10.83938 10.76654 10.70591 10.67127 10.67953 10.73386 10.81182 10.89174 10.97127 11.05001 11.13071
-9999 -9999 -9999 -9999 -9999 -9999 -9999 -9999 8.242524 8.29961 8.390162 8.519296 8.667721 8.818115 8.972839 9.122052 9.266933 9.407485 9.542918 9.675595 9.800793 9.92284 10.04489 10.17008 10.29961 10.42993 10.55945 10.69134 10.82599 10.963 11.09843 11.23032 11.37087 11.53465 11.72284 11.91457 12.09371 12.24922 12.37087 12.45512 12.49489 12.48623 12.42166 12.31182 12.18544 12.05906 11.93426 11.81064 11.67835 11.53505 11.3941 11.28071 11.19292 11.113 11.03111 10.94922 10.86812 10.79174 10.71497 10.64095 10.57796 10.54764 10.55906 10.61024 10.67953 10.75237 10.82481 10.89922 10.9756
-9999 -9999 -9999 -9999 -9999 -9999 -9999 8.211028 8.27402 8.36339 8.491343 8.639769 8.79095 8.943312 9.094099 9.240556 9.381501 9.515753 9.643705 9.766147 9.881501 9.997643 10.12048 10.25119 10.38465 10.52008 10.65512 10.79134 10.92717 11.06379 11.2004 11.33544 11.48268 11.66103 11.87048 12.08505 12.28386 12.45276 12.57599 12.65355 12.6878 12.6689 12.59489 12.47402 12.32284 12.16575 12.00394 11.84331 11.67678 11.50355 11.33544 11.20158 11.09607 11.00001 10.9067 10.81497 10.73268 10.65355 10.57638 10.50434 10.44882 10.42087 10.43583 10.48308 10.54056 10.60316 10.6689 10.74095 10.81536
-9999 -9999 -9999 -9999 -9999 -9999 8.181894 8.250004 8.335831 8.466539 8.61339 8.764177 8.918115 9.069296 9.21654 9.35906 9.494493 9.621658 9.74095 9.852367 9.964572 10.08426 10.21536 10.3563 10.50158 10.64843 10.79253 10.9319 11.07166 11.20788 11.34134 11.47835 11.62402 11.80512 12.02717 12.26575 12.47402 12.63505 12.7441 12.80079 12.81497 12.78229 12.70197 12.57875 12.42087 12.24686 12.06418 11.87402 11.6756 11.47127 11.27953 11.12323 10.99646 10.88386 10.77442 10.67127 10.58071 10.5004 10.42441 10.35985 10.31575 10.29686 10.30867 10.34607 10.39331 10.44567 10.50473 10.57166 10.64804
-9999 -9999 -9999 -9999 -9999 8.167721 8.233469 8.311815 8.444886 8.592131 8.743706 8.896855 9.049611 9.19843 9.342131 9.479532 9.605516 9.725202 9.836226 9.944099 10.06221 10.19331 10.33583 10.49095 10.64922 10.80355 10.95512 11.10158 11.24686 11.3878 11.5256 11.66064 11.80434 11.98386 12.20434 12.4252 12.62127 12.76103 12.84213 12.87009 12.85198 12.80552 12.72009 12.60119 12.45316 12.27953 12.08859 11.88465 11.67284 11.44371 11.22835 11.04843 10.90158 10.76693 10.63662 10.52284 10.42205 10.3378 10.27008 10.21654 10.18229 10.17048 10.17875 10.20276 10.23662 10.27993 10.33504 10.39961 10.47323
-9999 -9999 -9999 -9999 8.162602 8.226776 8.293705 8.428744 8.579532 8.729532 8.881107 9.03465 9.186619 9.333863 9.468903 9.599611 9.720084 9.830713 9.93465 10.04882 10.17835 10.32363 10.48308 10.64646 10.8126 10.97127 11.12678 11.28111 11.43268 11.58268 11.7319 11.87914 12.02402 12.2004 12.38032 12.55434 12.713 12.82323 12.87166 12.87717 12.84725 12.78426 12.69489 12.57599 12.43623 12.26812 12.07993 11.88111 11.65749 11.42481 11.18938 10.98544 10.80867 10.64961 10.50158 10.37402 10.26615 10.1815 10.12008 10.07914 10.05158 10.03938 10.04095 10.05237 10.0756 10.11063 10.16063 10.22245 10.2941
-9999 -9999 -9999 8.161816 8.222838 8.28465 8.420477 8.566934 8.718903 8.873627 9.027564 9.178351 9.327564 9.469296 9.603942 9.724415 9.840162 9.939769 10.04607 10.17166 10.31418 10.4756 10.6441 10.813 10.97717 11.14253 11.30315 11.46182 11.62008 11.7819 11.94528 12.11024 12.28032 12.4256 12.55119 12.66536 12.763 12.8378 12.87638 12.8756 12.8378 12.77284 12.67245 12.55158 12.40355 12.23898 12.05552 11.85473 11.64371 11.41064 11.17087 10.9378 10.72993 10.54174 10.37914 10.23583 10.12323 10.03977 9.98032 9.941343 9.915359 9.897643 9.890556 9.895281 9.90906 9.938981 9.982682 10.04331 10.10709
-9999 -9999 8.120871 8.201185 8.287406 8.420083 8.563784 8.712996 8.868114 9.02402 9.17717 9.328745 9.472053 9.611029 9.742131 9.859848 9.962604 10.06339 10.17323 10.30827 10.47008 10.63898 10.80867 10.97914 11.14764 11.31418 11.47953 11.64331 11.80906 11.98111 12.15867 12.34489 12.52717 12.65276 12.71654 12.76142 12.80119 12.85512 12.89253 12.89213 12.85591 12.77757 12.6756 12.54253 12.38505 12.21694 12.03071 11.83426 11.62993 11.41339 11.16969 10.92284 10.68032 10.46497 10.27953 10.12481 10.00394 9.910635 9.846068 9.79843 9.767328 9.742525 9.726383 9.725202 9.737407 9.761028 9.804336 9.855124 9.922446
-9999 8.114964 8.192918 8.295673 8.429926 8.57087 8.714965 8.868114 9.025989 9.1815 9.333076 9.482288 9.629139 9.763391 9.888588 9.997643 10.09764 10.19804 10.31575 10.46103 10.63071 10.8063 10.97756 11.1504 11.32008 11.48898 11.65434 11.82363 11.99725 12.17678 12.36654 12.56969 12.75316 12.85276 12.87323 12.8567 12.86379 12.90001 12.93229 12.93072 12.88938 12.81221 12.69686 12.55158 12.39095 12.21064 12.02323 11.83347 11.63859 11.42796 11.1941 10.9256 10.66221 10.4189 10.21024 10.04056 9.89843 9.792131 9.711422 9.649218 9.60473 9.573627 9.555123 9.550793 9.557486 9.580713 9.615359 9.666934 9.728352
8.135831 8.203941 8.304729 8.443312 8.585044 8.730319 8.878351 9.034257 9.189769 9.346461 9.500793 9.648824 9.791738 9.926383 10.04528 10.1504 10.24489 10.3441 10.46772 10.62402 10.79843 10.97481 11.15119 11.32363 11.49646 11.663 11.82993 12.00079 12.17835 12.36379 12.56339 12.77166 12.95158 13.0319 13.01733 12.96694 12.95591 12.98386 13.00946 13.00119 12.95473 12.87442 12.74764 12.59449 12.42953 12.24922 12.0567 11.86103 11.66733 11.45749 11.213 10.93741 10.64567 10.3815 10.15197 9.958667 9.800005 9.672839 9.572446 9.49843 9.440949 9.402761 9.383863 9.374021 9.377957 9.393312 9.427564 9.474808 9.540162
8.22402 8.331106 8.464571 8.604335 8.749611 8.900398 9.053154 9.207879 9.365359 9.522052 9.675595 9.824808 9.967328 10.09922 10.21497 10.31575 10.40749 10.5063 10.63347 10.79489 10.97166 11.14961 11.32442 11.50079 11.67127 11.8378 12.00316 12.17166 12.34961 12.53977 12.7441 12.95355 13.12442 13.1882 13.15198 13.09528 13.07757 13.10119 13.1252 13.11615 13.063 12.9689 12.84253 12.68583 12.5126 12.32796 12.12835 11.91969 11.70709 11.48465 11.22875 10.93465 10.62284 10.33623 10.0878 9.874808 9.699218 9.558666 9.441737 9.350005 9.283469 9.241737 9.214178 9.198824 9.198824 9.212996 9.24095 9.288588 9.349611
8.370477 8.501185 8.638587 8.780713 8.928744 9.082682 9.237407 9.394099 9.550399 9.705123 9.85906 10.00945 10.15119 10.2815 10.39764 10.49686 10.58662 10.68426 10.81103 10.97363 11.15079 11.32757 11.50473 11.67756 11.84646 12.01024 12.17284 12.33977 12.51457 12.70158 12.9067 13.11339 13.27678 13.3252 13.28465 13.23032 13.21812 13.24843 13.27599 13.26615 13.21142 13.113 12.97835 12.81733 12.63583 12.43977 12.22599 11.99922 11.76064 11.51339 11.24331 10.92402 10.59804 10.28977 10.02127 9.7941 9.603548 9.448036 9.320084 9.214966 9.1378 9.085832 9.050792 9.031501 9.024414 9.037406 9.064178 9.104729 9.166934
8.550792 8.686619 8.825989 8.969689 9.120477 9.275202 9.431894 9.588194 9.743312 9.899218 10.05394 10.20355 10.34449 10.4756 10.5941 10.6941 10.7819 10.87638 10.99882 11.15749 11.33504 11.51182 11.68465 11.85709 12.02245 12.18308 12.34174 12.50355 12.67284 12.85276 13.04883 13.24961 13.40591 13.44922 13.41103 13.36536 13.36615 13.40788 13.44174 13.43505 13.38032 13.27914 13.13938 12.9689 12.77796 12.56575 12.33386 12.08623 11.8252 11.55591 11.26064 10.92048 10.57363 10.25079 9.962604 9.718115 9.514965 9.346067 9.205517 9.0878 9.004335 8.940162 8.897642 8.871264 8.862603 8.872445 8.893705 8.930714 8.985437
8.74213 8.881894 9.02402 9.168902 9.318902 9.475595 9.632682 9.79095 9.946856 10.10512 10.26103 10.41024 10.55197 10.68386 10.80355 10.90709 10.99568 11.08229 11.19686 11.34804 11.52363 11.69843 11.8693 12.03859 12.20197 12.35906 12.5126 12.66615 12.8256 12.99371 13.17481 13.36221 13.51182 13.56024 13.5315 13.50119 13.51851 13.56851 13.60867 13.60552 13.55079 13.45119 13.30355 13.12323 12.92048 12.69253 12.4441 12.17914 11.90394 11.60709 11.28623 10.92638 10.55749 10.21418 9.911423 9.650792 9.432288 9.249611 9.098036 8.973627 8.875595 8.805122 8.755516 8.722839 8.711816 8.714571 8.732288 8.763784 8.809453
8.944886 9.086226 9.229532 9.375595 9.525596 9.683864 9.84095 10.00158 10.16221 10.32205 10.47875 10.62953 10.77284 10.9067 11.02875 11.13505 11.22284 11.3063 11.41024 11.54961 11.71654 11.89056 12.06064 12.22638 12.38701 12.54174 12.68859 12.83308 12.97757 13.12875 13.29095 13.45946 13.60198 13.65946 13.6504 13.64292 13.67599 13.73347 13.77402 13.76772 13.71457 13.61536 13.46418 13.2752 13.05749 12.81457 12.55276 12.2752 11.9819 11.66851 11.31812 10.93505 10.54253 10.18308 9.86969 9.594887 9.361029 9.165359 9.000399 8.867722 8.762997 8.68465 8.625989 8.587406 8.56969 8.567721 8.577169 8.600792 8.642524
9.157091 9.298823 9.442131 9.591344 9.743312 9.901974 10.05985 10.22323 10.38741 10.54922 10.70709 10.86024 11.00552 11.14213 11.26772 11.37599 11.46694 11.55001 11.64489 11.76812 11.91969 12.08859 12.25906 12.42245 12.5815 12.7315 12.87127 13.00513 13.13465 13.26497 13.40276 13.54883 13.67953 13.74528 13.77442 13.79607 13.84016 13.89961 13.93229 13.92205 13.86772 13.76812 13.61536 13.42481 13.19646 12.94095 12.66339 12.36969 12.0626 11.72678 11.34804 10.93465 10.52953 10.16339 9.834651 9.547249 9.303548 9.098824 8.920871 8.775595 8.665359 8.577169 8.509453 8.464571 8.438587 8.429138 8.430319 8.447248 8.479532
9.375201 9.516934 9.662997 9.814965 9.971659 10.12993 10.29095 10.45709 10.62245 10.78504 10.94371 11.09843 11.24646 11.38583 11.51379 11.62875 11.72953 11.81457 11.90119 12.01064 12.14371 12.29764 12.4626 12.62875 12.78347 12.92678 13.06024 13.18229 13.29686 13.4067 13.51733 13.63308 13.74646 13.83347 13.89725 13.95079 14.00591 14.05749 14.07757 14.06182 14.00631 13.90552 13.75985 13.57009 13.34056 13.0752 12.78308 12.47678 12.14371 11.77323 11.36221 10.93071 10.51575 10.14134 9.803549 9.511422 9.258272 9.041737 8.857485 8.704335 8.583076 8.483863 8.408666 8.354729 8.31969 8.298429 8.29213 8.303154 8.328351
9.59843 9.742131 9.891344 10.04725 10.20709 10.3689 10.53032 10.69804 10.8626 11.02402 11.18386 11.33938 11.48977 11.63308 11.76812 11.88938 11.99843 12.09568 12.18229 12.27757 12.39528 12.5315 12.68268 12.84016 12.99174 13.1319 13.25473 13.36536 13.46457 13.55473 13.63938 13.72127 13.82205 13.92481 14.01418 14.0941 14.16064 14.1945 14.2008 14.17953 14.12245 14.02875 13.89016 13.70788 13.48268 13.21457 12.91379 12.58741 12.2193 11.8063 11.3693 10.91457 10.49922 10.12087 9.783863 9.482682 9.222445 9.000792 8.809847 8.64843 8.515359 8.408666 8.323233 8.256304 8.209453 8.180319 8.164178 8.165752 8.1815
9.829533 9.974415 10.1252 10.28504 10.44804 10.61221 10.7752 10.94252 11.1067 11.2693 11.42835 11.58701 11.74213 11.88859 12.02835 12.15749 12.27481 12.38386 12.47875 12.5689 12.67323 12.79292 12.92796 13.06615 13.20827 13.33662 13.45198 13.55158 13.63898 13.71221 13.77127 13.8378 13.91851 14.02205 14.12442 14.21812 14.28072 14.30631 14.30079 14.26969 14.21536 14.13032 14.00237 13.8315 13.61457 13.35119 13.04135 12.68426 12.27914 11.83701 11.36339 10.90945 10.48977 10.11575 9.774414 9.467721 9.203548 8.976382 8.779139 8.607091 8.461816 8.344493 8.246067 8.170871 8.113784 8.070083 8.047248 8.036618 8.04528
10.06418 10.21103 10.36378 10.5256 10.69056 10.85473 11.02284 11.18898 11.35316 11.51772 11.67993 11.84253 12.00079 12.1504 12.29134 12.42914 12.55552 12.67008 12.77678 12.87757 12.97638 13.08426 13.20119 13.32638 13.44253 13.5567 13.65906 13.74961 13.82402 13.88229 13.93268 13.9815 14.04331 14.12638 14.22835 14.30788 14.36064 14.38308 14.37481 14.34017 14.28544 14.20867 14.0941 13.93387 13.72284 13.45827 13.1319 12.74449 12.31851 11.84804 11.3689 10.91654 10.50434 10.12363 9.778352 9.470871 9.199611 8.961028 8.751973 8.570084 8.414178 8.285044 8.176382 8.089375 8.023626 7.972445 7.93465 7.922839 7.918902
10.29961 10.44843 10.60316 10.76733 10.93229 11.09843 11.26536 11.43426 11.60079 11.76457 11.9319 12.09568 12.25552 12.41142 12.55512 12.69607 12.83032 12.95591 13.07284 13.18308 13.29253 13.39922 13.50513 13.60906 13.71418 13.80946 13.89686 13.97245 14.03111 14.07363 14.10985 14.14331 14.18229 14.24213 14.30434 14.36457 14.40198 14.41576 14.40631 14.37442 14.31812 14.24174 14.13623 13.98268 13.76536 13.48426 13.14135 12.74843 12.30631 11.83859 11.37363 10.93544 10.5252 10.14804 9.798037 9.483076 9.200005 8.955123 8.733863 8.538587 8.373233 8.231894 8.11654 8.020082 7.942524 7.8815 7.835831 7.807878 7.800791
10.53504 10.68623 10.84292 11.00552 11.17284 11.34016 11.50512 11.67442 11.84213 12.00867 12.17678 12.3441 12.50434 12.66064 12.813 12.95867 13.09922 13.23308 13.35867 13.47796 13.59449 13.70867 13.813 13.91024 14.0004 14.08505 14.15394 14.20946 14.24883 14.27324 14.28662 14.3004 14.32205 14.34253 14.36576 14.39056 14.40906 14.40946 14.38938 14.34607 14.28583 14.20552 14.08938 13.92835 13.70906 13.42442 13.07638 12.67914 12.24922 11.80788 11.37127 10.94371 10.54292 10.163 9.813391 9.492918 9.204335 8.94528 8.713784 8.510634 8.337406 8.190162 8.062996 7.958665 7.869689 7.798429 7.74528 7.707484 7.686224
10.77205 10.92284 11.07993 11.24292 11.40631 11.57284 11.74174 11.90946 12.07678 12.24686 12.41457 12.5815 12.74725 12.90394 13.05788 13.21064 13.35591 13.49371 13.62324 13.74961 13.87166 13.98662 14.09331 14.18583 14.2693 14.34056 14.39489 14.42953 14.44568 14.44961 14.44528 14.44095 14.43505 14.42796 14.42009 14.40827 14.39292 14.37127 14.33072 14.26772 14.18387 14.08347 13.95394 13.78623 13.56418 13.28505 12.95197 12.57599 12.17363 11.76103 11.34371 10.93741 10.54292 10.1693 9.818509 9.494886 9.201579 8.933469 8.692918 8.483469 8.30276 8.148036 8.010634 7.896854 7.801185 7.719296 7.65591 7.61024 7.576776
11.00473 11.15512 11.30906 11.47008 11.63268 11.80001 11.96812 12.13701 12.30434 12.47481 12.64331 12.81064 12.97638 13.13662 13.29056 13.44213 13.59056 13.73111 13.86536 13.99292 14.11536 14.22954 14.33032 14.42009 14.49686 14.55591 14.59371 14.61024 14.60828 14.5941 14.57639 14.55316 14.5256 14.49607 14.463 14.42284 14.37599 14.32245 14.25749 14.17127 14.06142 13.93268 13.78623 13.60749 13.38701 13.12245 12.81103 12.4626 12.08977 11.69922 11.30197 10.90945 10.52796 10.15985 9.809454 9.483469 9.185438 8.913784 8.672051 8.451185 8.262997 8.101973 7.958272 7.833075 7.731106 7.644098 7.572445 7.516539 7.475988
11.22717 11.37796 11.52835 11.68426 11.84883 12.01457 12.18308 12.35394 12.52245 12.68898 12.85788 13.02481 13.18938 13.34961 13.50355 13.65394 13.80079 13.94213 14.07678 14.20394 14.32442 14.43387 14.52757 14.60946 14.67757 14.7252 14.74883 14.74961 14.73505 14.70906 14.67639 14.63938 14.59646 14.54765 14.48938 14.42638 14.35473 14.27442 14.18347 14.07402 13.94331 13.79331 13.62402 13.4319 13.21497 12.96182 12.6689 12.34292 11.99253 11.62166 11.24174 10.86536 10.49568 10.13111 9.783076 9.461028 9.160635 8.8878 8.640162 8.417721 8.222445 8.050398 7.901579 7.77087 7.661027 7.569689 7.489374 7.424019 7.376382
11.4378 11.58544 11.73465 11.88701 12.04883 12.21615 12.38505 12.55434 12.72205 12.88898 13.05434 13.22048 13.38268 13.54213 13.69489 13.84213 13.98741 14.12678 14.25709 14.3815 14.49765 14.59804 14.68505 14.75828 14.81497 14.85276 14.86339 14.85158 14.82639 14.79253 14.7504 14.7008 14.64331 14.57481 14.50001 14.41615 14.32363 14.22166 14.10867 13.97914 13.83229 13.66576 13.47875 13.27717 13.05513 12.80591 12.52599 12.21694 11.8815 11.52796 11.16418 10.80001 10.43977 10.08583 9.744493 9.422446 9.125201 8.852366 8.60158 8.378351 8.176776 7.999217 7.844099 7.710634 7.592917 7.493311 7.408271 7.337405 7.279531
11.6319 11.77717 11.9252 12.07717 12.23583 12.4004 12.56733 12.7319 12.9004 13.06694 13.22914 13.39213 13.55316 13.70827 13.85985 14.00552 14.1441 14.27757 14.40434 14.52402 14.6319 14.72599 14.80552 14.86772 14.91497 14.93859 14.93859 14.91891 14.88583 14.8441 14.79489 14.73308 14.66024 14.57875 14.4882 14.3882 14.27914 14.15946 14.02835 13.88268 13.72048 13.54056 13.34135 13.12953 12.90158 12.65473 12.38229 12.08426 11.76221 11.42205 11.07087 10.71969 10.36851 10.02481 9.691343 9.372052 9.077563 8.806698 8.555516 8.329138 8.125201 7.946461 7.787799 7.648823 7.527169 7.419689 7.327957 7.253547 7.190948
11.80355 11.9504 12.09764 12.24764 12.40394 12.56182 12.72363 12.88701 13.0504 13.21733 13.37757 13.53505 13.6941 13.84607 13.99292 14.13465 14.26772 14.3945 14.51576 14.62875 14.72954 14.81733 14.88662 14.93977 14.9756 14.98859 14.97717 14.95198 14.91379 14.863 14.80473 14.73426 14.65119 14.55591 14.45119 14.3382 14.21536 14.08308 13.93741 13.7756 13.60079 13.41024 13.20079 12.97993 12.74804 12.50119 12.23347 11.94371 11.63426 11.30591 10.96575 10.6252 10.28544 9.948036 9.621658 9.311422 9.018902 8.747643 8.500398 8.273626 8.069689 7.890162 7.729925 7.587012 7.461421 7.347248 7.257091 7.177563 7.122838
