ASPA-UH-SWB2_REPO/input/Gridded_rain/prism_ppt_tutuila_30yr_normal_02.asc
ncols         350
nrows         200
xllcorner     515000
yllcorner     8409000
cellsize      100
NODATA_value  -9999
[rows 31 to 61 of 200, columns 276 to 344 of 350]
-9999 -9999 -9999 -9999 -9999 -9999 -9999 -9999 -9999 -9999 -9999 -9999 -9999 -9999 -9999 -9999 -9999 -9999 -9999 -9999 -9999 -9999 -9999 -9999 -9999 -9999 -9999 -9999 -9999 -9999 -9999 -9999 -9999 -9999 -9999 -9999 -9999 -9999 -9999 -9999 -9999 -9999 -9999 -9999 -9999 -9999 -9999 -9999 -9999 -9999 -9999 -9999 -9999 -9999 -9999 -9999 -9999 -9999 -9999 -9999 -9999 -9999 -9999 -9999 -9999 -9999 -9999 -9999 -9999
-9999 -9999 -9999 -9999 -9999 -9999 -9999 -9999 -9999 -9999 -9999 -9999 -9999 -9999 -9999 -9999 -9999 -9999 -9999 -9999 -9999 -9999 -9999 -9999 -9999 -9999 -9999 -9999 -9999 -9999 -9999 -9999 -9999 -9999 -9999 -9999 -9999 -9999 -9999 -9999 -9999 -9999 -9999 -9999 -9999 8.722052 8.71024 -9999 -9999 -9999 -9999 -9999 -9999 -9999 -9999 -9999 -9999 -9999 -9999 -9999 -9999 -9999 -9999 -9999 -9999 -9999 -9999 -9999 -9999
-9999 -9999 -9999 -9999 -9999 -9999 -9999 -9999 -9999 -9999 -9999 -9999 -9999 -9999 -9999 -9999 -9999 -9999 -9999 -9999 -9999 -9999 -9999 -9999 -9999 -9999 -9999 -9999 -9999 -9999 -9999 -9999 -9999 -9999 -9999 -9999 -9999 -9999 -9999 -9999 -9999 -9999 -9999 8.82402 8.78465 8.746855 8.724414 8.712603 -9999 -9999 -9999 -9999 -9999 -9999 -9999 -9999 -9999 -9999 -9999 -9999 -9999 -9999 -9999 -9999 -9999 -9999 -9999 -9999 -9999
-9999 -9999 -9999 -9999 -9999 -9999 -9999 -9999 -9999 -9999 -9999 -9999 -9999 -9999 -9999 -9999 -9999 -9999 -9999 -9999 -9999 -9999 -9999 -9999 -9999 -9999 -9999 -9999 -9999 8.907485 8.887012 8.899611 8.948824 -9999 -9999 -9999 -9999 9.066147 9.050792 9.049611 -9999 8.943706 8.901579 8.862603 8.822839 8.783075 8.749217 8.730713 8.716933 8.70906 -9999 -9999 -9999 -9999 -9999 -9999 -9999 -9999 -9999 -9999 -9999 -9999 -9999 -9999 -9999 -9999 -9999 -9999 -9999
-9999 -9999 -9999 -9999 -9999 -9999 -9999 -9999 -9999 -9999 -9999 -9999 -9999 -9999 -9999 -9999 -9999 -9999 -9999 -9999 -9999 -9999 -9999 -9999 -9999 -9999 -9999 -9999 8.99095 8.959847 8.952761 8.967327 8.988587 9.015359 9.058272 9.073627 9.074414 9.06969 9.063391 9.064178 9.035438 8.992918 8.948824 8.90906 8.867722 8.825989 8.785831 8.758666 8.734257 8.716933 8.704335 -9999 -9999 -9999 -9999 -9999 -9999 -9999 -9999 -9999 -9999 -9999 -9999 -9999 -9999 -9999 -9999 -9999 -9999
-9999 -9999 -9999 -9999 -9999 -9999 -9999 -9999 -9999 -9999 -9999 -9999 -9999 -9999 -9999 -9999 -9999 -9999 -9999 -9999 -9999 -9999 -9999 -9999 -9999 -9999 -9999 9.068115 9.044887 9.03465 9.044887 9.056698 9.068902 9.081107 9.091343 9.097643 9.093311 9.090162 9.078351 9.065753 9.060635 9.035831 9.003942 8.96339 8.915752 8.86969 8.829139 8.79095 8.759847 8.729926 8.711422 -9999 -9999 -9999 -9999 -9999 -9999 -9999 -9999 -9999 -9999 -9999 -9999 -9999 -9999 -9999 -9999 -9999 -9999
-9999 -9999 -9999 -9999 -9999 -9999 -9999 -9999 -9999 -9999 -9999 -9999 -9999 -9999 -9999 -9999 -9999 -9999 -9999 -9999 -9999 -9999 -9999 -9999 -9999 -9999 9.158273 9.137012 9.114572 9.135832 9.153548 9.16339 9.169296 9.176776 9.175595 9.164966 9.148036 9.122446 9.098036 9.088194 9.077957 9.055516 9.033863 9.005123 8.965753 8.914572 8.870083 8.827169 8.788588 8.753154 8.722839 8.700792 -9999 -9999 -9999 -9999 -9999 -9999 -9999 -9999 -9999 -9999 -9999 -9999 -9999 -9999 -9999 -9999 -9999
-9999 -9999 -9999 -9999 -9999 -9999 -9999 -9999 -9999 -9999 -9999 -9999 -9999 -9999 -9999 -9999 -9999 -9999 -9999 -9999 -9999 -9999 9.150398 9.164966 -9999 9.246068 9.235044 9.212604 9.231894 9.251185 9.272446 9.281895 9.285831 9.290162 9.287406 9.269296 9.2378 9.192131 9.154729 9.123627 9.095281 9.074414 9.044887 9.012997 8.984651 8.95591 8.90906 8.864965 8.818902 8.776776 8.739374 8.711028 8.690162 -9999 -9999 -9999 -9999 -9999 -9999 -9999 -9999 -9999 -9999 -9999 -9999 -9999 -9999 -9999 -9999
-9999 -9999 -9999 -9999 -9999 -9999 -9999 -9999 -9999 -9999 -9999 -9999 -9999 -9999 -9999 -9999 -9999 -9999 -9999 -9999 -9999 9.190556 9.201186 9.235044 9.283469 9.310241 9.307878 9.332288 9.355123 9.382288 9.39843 9.411029 9.413391 9.411422 9.407485 9.382682 9.346855 9.298037 9.244493 9.193312 9.136225 9.093311 9.053942 9.01969 8.987406 8.957091 8.931894 8.899218 8.851973 8.805122 8.761028 8.726382 -9999 -9999 -9999 -9999 -9999 -9999 -9999 -9999 -9999 -9999 -9999 -9999 -9999 -9999 -9999 -9999 -9999
-9999 -9999 -9999 -9999 -9999 -9999 -9999 -9999 -9999 -9999 -9999 -9999 -9999 -9999 -9999 -9999 -9999 -9999 -9999 -9999 9.265359 9.273627 9.281107 9.327564 9.375989 9.396855 9.425989 9.453942 9.481107 9.506304 9.531107 9.535045 9.539375 9.538981 9.529532 9.502367 9.456697 9.40591 9.344099 9.28032 9.217721 9.147249 9.081107 9.035831 8.99843 8.958272 8.927958 8.906303 8.88347 8.8378 8.796461 -9999 -9999 -9999 -9999 -9999 -9999 -9999 -9999 -9999 -9999 -9999 -9999 -9999 -9999 -9999 -9999 -9999 -9999
-9999 -9999 -9999 -9999 -9999 -9999 -9999 -9999 -9999 -9999 -9999 -9999 -9999 -9999 -9999 -9999 -9999 -9999 -9999 9.348037 9.350792 9.362997 9.403942 9.442918 9.481107 9.518903 9.551973 9.578351 9.60591 9.633076 9.648824 9.65906 9.662997 9.663784 9.65158 9.623627 9.56969 9.506698 9.439769 9.371658 9.300005 9.225595 9.150004 9.067327 9.008272 8.967327 8.92717 8.900398 8.88465 8.872445 8.850792 -9999 -9999 -9999 -9999 -9999 -9999 -9999 -9999 -9999 -9999 -9999 -9999 -9999 -9999 -9999 -9999 -9999 -9999
-9999 9.333863 -9999 -9999 -9999 -9999 -9999 -9999 -9999 -9999 -9999 -9999 -9999 -9999 -9999 -9999 -9999 -9999 9.442131 9.437407 9.44528 9.487801 9.531107 9.570871 9.60906 9.645281 9.678745 9.707485 9.736225 9.755123 9.771659 9.783469 9.784257 9.78032 9.770871 9.740556 9.68347 9.611423 9.539375 9.461028 9.383076 9.301186 9.218903 9.13347 9.047643 8.979138 8.92717 8.897248 8.877957 8.860635 8.856304 -9999 -9999 -9999 -9999 -9999 -9999 -9999 -9999 -9999 -9999 -9999 -9999 -9999 -9999 -9999 -9999 -9999 -9999
9.447249 9.405517 9.392919 9.396461 9.403154 -9999 -9999 9.388588 -9999 -9999 -9999 -9999 -9999 -9999 -9999 -9999 -9999 9.552367 9.535438 9.535438 9.577958 9.621658 9.664178 9.702761 9.740556 9.777564 9.809848 9.841738 9.861423 9.88032 9.895281 9.903942 9.902761 9.894493 9.880713 9.847643 9.792918 9.717328 9.632288 9.547643 9.461422 9.37284 9.278745 9.191343 9.105516 9.017721 8.937013 8.89528 8.857485 8.834256 8.825595 -9999 -9999 -9999 -9999 -9999 -9999 -9999 -9999 -9999 -9999 -9999 -9999 -9999 -9999 -9999 -9999 -9999 -9999
9.573234 9.524414 9.509454 9.492524 9.489769 9.493312 9.481107 9.46339 9.476776 -9999 -9999 -9999 -9999 -9999 -9999 -9999 9.662603 9.642919 9.641343 9.670871 9.714572 9.758273 9.799217 9.837406 9.874808 9.910635 9.940557 9.966146 9.987801 10.00355 10.01457 10.01536 10.01064 10.00079 9.983076 9.948824 9.89095 9.809454 9.721265 9.629139 9.532289 9.43465 9.335832 9.241737 9.152761 9.063785 8.977564 8.893705 8.84843 8.820477 8.808666 -9999 -9999 -9999 -9999 -9999 -9999 -9999 -9999 -9999 -9999 -9999 -9999 -9999 -9999 -9999 -9999 -9999 -9999
9.716146 9.681894 9.657091 9.63465 9.61969 9.612209 9.599611 9.585044 9.591737 9.626777 9.711029 9.762604 -9999 -9999 9.818115 9.753549 9.749611 9.748824 9.773233 9.809454 9.852367 9.894887 9.934258 9.971659 10.00749 10.04174 10.07127 10.09213 10.11024 10.12127 10.12638 10.12363 10.11221 10.09528 10.07402 10.03623 9.971265 9.894493 9.800793 9.699612 9.597643 9.490162 9.388194 9.287406 9.190949 9.099217 9.009454 8.925201 8.859847 8.827563 -9999 -9999 -9999 -9999 -9999 -9999 -9999 -9999 -9999 -9999 -9999 -9999 -9999 -9999 -9999 -9999 -9999 -9999 -9999
9.882682 9.850793 9.822052 9.798037 9.779139 9.762604 9.74843 9.738194 9.733076 9.746068 9.774414 9.808666 9.869296 9.870084 9.870872 9.868509 9.857092 9.878351 9.909454 9.946068 9.988587 10.03071 10.0689 10.10355 10.13938 10.17126 10.19646 10.21418 10.22875 10.23583 10.23583 10.2256 10.20591 10.17953 10.14764 10.10237 10.04095 9.960241 9.865753 9.763784 9.653154 9.538981 9.431108 9.32402 9.221659 9.124021 9.031895 8.949611 8.874807 8.831501 8.812209 -9999 -9999 -9999 -9999 -9999 -9999 -9999 -9999 -9999 -9999 -9999 -9999 -9999 -9999 -9999 -9999 -9999 -9999
10.05355 10.02048 9.992131 9.970477 9.951186 9.933076 9.916147 9.903548 9.895281 9.891737 9.897643 9.909454 9.940557 9.950006 9.958667 9.975595 9.986225 10.01182 10.04371 10.08032 10.12284 10.1626 10.19843 10.2315 10.26536 10.29331 10.3126 10.32756 10.33819 10.34489 10.33819 10.3189 10.29213 10.25512 10.21064 10.15512 10.09056 10.00827 9.918509 9.814572 9.697249 9.581895 9.468115 9.356304 9.246462 9.143705 9.046067 8.96221 8.882682 8.825989 8.801186 -9999 -9999 -9999 -9999 -9999 -9999 -9999 -9999 -9999 -9999 -9999 -9999 -9999 -9999 -9999 -9999 -9999 -9999
10.22323 10.19213 10.16378 10.14174 10.12087 10.10079 10.08426 10.07127 10.06024 10.05119 10.05079 10.05079 10.06221 10.07402 10.08859 10.10394 10.12441 10.15001 10.17599 10.21221 10.25001 10.28898 10.32166 10.35552 10.38386 10.4063 10.42166 10.4315 10.43938 10.44252 10.43308 10.41063 10.37323 10.32599 10.2693 10.20315 10.12678 10.05079 9.959847 9.851974 9.736619 9.617328 9.502761 9.389375 9.268509 9.156304 9.054336 8.961422 8.879926 8.816934 8.791343 -9999 -9999 -9999 -9999 -9999 -9999 -9999 -9999 -9999 -9999 -9999 -9999 -9999 -9999 -9999 -9999 -9999 -9999
10.39213 10.36103 10.33071 10.30315 10.28032 10.26024 10.24449 10.23032 10.22048 10.213 10.20473 10.20867 10.20788 10.21575 10.22953 10.2441 10.26378 10.28229 10.31064 10.33701 10.37599 10.40867 10.44174 10.47245 10.49607 10.51457 10.5252 10.53229 10.54016 10.53701 10.52205 10.49449 10.45197 10.3941 10.3256 10.25237 10.17166 10.08898 9.991737 9.885044 9.768903 9.650792 9.533863 9.41221 9.285438 9.159847 9.050399 8.948824 8.859059 8.792524 8.759454 -9999 -9999 -9999 -9999 -9999 -9999 -9999 -9999 -9999 -9999 -9999 -9999 -9999 -9999 -9999 -9999 -9999 -9999
10.55749 10.52442 10.49292 10.46733 10.44252 10.42087 10.40355 10.39016 10.38032 10.36812 10.35985 10.35552 10.35985 10.36142 10.36733 10.38071 10.3941 10.41575 10.43544 10.463 10.49489 10.52638 10.5567 10.58583 10.60709 10.62008 10.62796 10.63544 10.63465 10.62875 10.60355 10.5689 10.52245 10.46142 10.38347 10.30315 10.21772 10.1252 10.03032 9.919296 9.797643 9.675989 9.551973 9.422446 9.288981 9.157879 9.033469 8.921265 8.824808 8.751973 8.693312 -9999 -9999 -9999 -9999 -9999 -9999 -9999 -9999 -9999 -9999 -9999 -9999 -9999 -9999 -9999 -9999 -9999 -9999
10.72087 10.6878 10.65985 10.6319 10.60709 10.58662 10.56733 10.54922 10.5319 10.52008 10.51497 10.50355 10.49961 10.50394 10.50473 10.50709 10.52048 10.53977 10.55749 10.57678 10.61142 10.63662 10.66693 10.68977 10.70945 10.7193 10.72756 10.7319 10.72953 10.7067 10.68583 10.64213 10.58819 10.51693 10.44095 10.35473 10.26457 10.16536 10.06418 9.950398 9.825596 9.696856 9.564178 9.427958 9.29095 9.153154 9.015753 8.897248 8.795673 8.711816 8.650398 8.605516 -9999 -9999 -9999 -9999 -9999 -9999 -9999 -9999 -9999 -9999 -9999 -9999 -9999 -9999 -9999 -9999 -9999
10.87678 10.84607 10.81615 10.7878 10.76418 10.74253 10.72402 10.70591 10.68347 10.66812 10.6567 10.65119 10.64292 10.63386 10.63032 10.63426 10.64528 10.65512 10.66693 10.69331 10.71182 10.74213 10.76221 10.78229 10.79764 10.80867 10.81024 10.813 10.8067 10.78544 10.74607 10.70552 10.64292 10.56772 10.48741 10.39764 10.30158 10.20434 10.09016 9.968903 9.840556 9.706697 9.570477 9.4315 9.29095 9.149218 9.011422 8.885044 8.772446 8.680713 8.620083 8.578351 8.551579 -9999 -9999 -9999 -9999 -9999 -9999 -9999 -9999 -9999 -9999 -9999 -9999 -9999 -9999 -9999 -9999
11.02993 10.99804 10.96654 10.93544 10.90709 10.8882 10.87323 10.85276 10.83189 10.81221 10.7941 10.7819 10.77048 10.75867 10.75119 10.75434 10.763 10.7693 10.7819 10.79253 10.813 10.83111 10.84922 10.86418 10.87442 10.88071 10.8819 10.87796 10.8689 10.84016 10.80119 10.74961 10.68544 10.60985 10.52363 10.42875 10.32993 10.22481 10.10709 9.978745 9.842918 9.704729 9.567721 9.429926 9.29095 9.154335 9.017327 8.881894 8.760241 8.665359 8.596855 8.557878 8.541737 -9999 -9999 -9999 -9999 -9999 -9999 -9999 -9999 -9999 -9999 -9999 -9999 -9999 -9999 -9999 -9999
11.16575 11.13426 11.10158 11.07008 11.04253 11.0252 11.01103 10.99134 10.96812 10.94528 10.9256 10.90591 10.88623 10.87245 10.86536 10.86733 10.8756 10.88544 10.88623 10.89371 10.90788 10.9189 10.92914 10.93938 10.94371 10.94371 10.94056 10.93347 10.90945 10.88347 10.84056 10.78111 10.71064 10.63426 10.54331 10.45394 10.35197 10.23623 10.11418 9.981502 9.838194 9.694493 9.555517 9.420871 9.286619 9.149218 9.013784 8.88032 8.754729 8.650792 8.578745 8.543705 8.531894 -9999 -9999 -9999 -9999 -9999 -9999 -9999 -9999 -9999 -9999 -9999 -9999 -9999 -9999 -9999 -9999
11.28071 11.25158 11.22284 11.19449 11.16969 11.15001 11.13386 11.11812 11.0941 11.06615 11.04292 11.0189 10.99764 10.9815 10.9752 10.97756 10.98544 10.99056 10.99134 10.98938 10.99292 10.99843 11.00316 11.00552 11.00355 10.99568 10.98662 10.96733 10.94331 10.91103 10.86378 10.80001 10.72441 10.64213 10.5567 10.45945 10.35276 10.23938 10.11615 9.974021 9.825202 9.681108 9.541344 9.406304 9.26969 9.135044 8.999611 8.870871 8.744099 8.638193 8.566934 8.533469 -9999 -9999 -9999 -9999 -9999 -9999 -9999 -9999 -9999 -9999 -9999 -9999 -9999 -9999 -9999 -9999 -9999
11.37599 11.3504 11.32993 11.30276 11.28071 11.26379 11.24607 11.22481 11.20001 11.17599 11.14882 11.12402 11.10355 11.08819 11.08111 11.08308 11.0878 11.08977 11.08544 11.07678 11.07127 11.07008 11.06733 11.06103 11.05079 11.03544 11.01379 10.98741 10.96064 10.92402 10.87008 10.80276 10.72323 10.63819 10.54961 10.44882 10.33819 10.2252 10.09528 9.955517 9.807879 9.663391 9.521265 9.382288 9.245674 9.109847 8.977958 8.850792 8.729138 8.625989 8.560635 8.529925 -9999 -9999 -9999 -9999 -9999 -9999 -9999 -9999 -9999 -9999 -9999 -9999 -9999 -9999 -9999 -9999 -9999
11.45827 11.43465 11.41654 11.39646 11.37717 11.36024 11.33977 11.31339 11.28859 11.2689 11.24449 11.21969 11.19686 11.18229 11.17638 11.17756 11.17796 11.17442 11.16418 11.15237 11.14056 11.13071 11.11851 11.10316 11.08308 11.05867 11.02757 10.99528 10.95788 10.91378 10.8626 10.79056 10.70473 10.61693 10.52402 10.42323 10.31339 10.19095 10.06142 9.923627 9.779532 9.634257 9.4941 9.355123 9.217721 9.083863 8.953941 8.830713 8.714965 8.618508 8.559453 -9999 -9999 -9999 -9999 -9999 -9999 -9999 -9999 -9999 -9999 -9999 -9999 -9999 -9999 -9999 -9999 -9999 -9999
11.52087 11.50355 11.48465 11.47205 11.45709 11.43741 11.41497 11.38859 11.36575 11.34607 11.32678 11.3004 11.27678 11.263 11.25591 11.25197 11.24686 11.23544 11.2256 11.21142 11.1878 11.17284 11.15355 11.12953 11.09725 11.06654 11.03071 10.98741 10.93938 10.89134 10.83662 10.75906 10.67048 10.58308 10.48898 10.38544 10.27245 10.1504 10.0189 9.882682 9.742131 9.599611 9.459454 9.32284 9.188587 9.059847 8.937407 8.815359 8.706304 8.618508 8.561815 -9999 -9999 -9999 -9999 -9999 -9999 -9999 -9999 -9999 -9999 -9999 -9999 -9999 -9999 -9999 -9999 -9999 -9999
11.56694 11.55512 11.54056 11.52796 11.51339 11.49843 11.47717 11.45001 11.42599 11.40867 11.38898 11.36693 11.34292 11.32835 11.31693 11.30591 11.29568 11.27953 11.26221 11.24056 11.22008 11.19449 11.16772 11.13426 11.09764 11.06064 11.01969 10.96694 10.91064 10.85631 10.79371 10.71536 10.62599 10.53465 10.43938 10.33701 10.22245 10.09764 9.968509 9.835045 9.697642 9.559454 9.418902 9.282289 9.154729 9.034257 8.917721 8.803548 8.698036 8.622445 -9999 -9999 -9999 -9999 -9999 -9999 -9999 -9999 -9999 -9999 -9999 -9999 -9999 -9999 -9999 -9999 -9999 -9999 -9999
11.59449 11.58308 11.57835 11.56221 11.54961 11.5378 11.5189 11.49056 11.4689 11.45355 11.4378 11.41221 11.3878 11.37127 11.36103 11.3441 11.32284 11.30197 11.27796 11.25237 11.2252 11.19607 11.15906 11.12245 11.08386 11.03741 10.98701 10.93032 10.86615 10.80473 10.73741 10.65709 10.56654 10.47087 10.37284 10.2693 10.15906 10.03386 9.907879 9.779926 9.646461 9.511028 9.375595 9.2441 9.120871 9.005516 8.892918 8.78465 8.694099 8.629138 -9999 -9999 -9999 -9999 -9999 -9999 -9999 -9999 -9999 -9999 -9999 -9999 -9999 -9999 -9999 -9999 -9999 -9999 -9999
11.59725 11.59449 11.58308 11.57363 11.56418 11.55434 11.53544 11.51654 11.49489 11.47914 11.4567 11.43505 11.41457 11.39843 11.37796 11.35985 11.33268 11.30591 11.27678 11.24213 11.21024 11.17166 11.13347 11.09292 11.04922 10.99646 10.93898 10.87363 10.80591 10.73819 10.66733 10.58465 10.48977 10.39174 10.2941 10.18977 10.07717 9.961029 9.837013 9.712997 9.588194 9.459847 9.332288 9.208272 9.088981 8.97717 8.868508 8.77284 8.691343 8.638981 -9999 -9999 -9999 -9999 -9999 -9999 -9999 -9999 -9999 -9999 -9999 -9999 -9999 -9999 -9999 -9999 -9999 -9999 -9999
