ASPA-UH-SWB2_REPO/output/post_prcessed_with_MFR/actual_et_annual.asc
NCOLS 350
NROWS 200
XLLCENTER 515000.000000
YLLCENTER 8409000.000000
CELLSIZE 100.000000
NODATA_value -999.000000
[rows 144 to 179 of 200, columns 81 to 161 of 350]
53.76 53.71 46.75 55.48 54.48 54.58 39.39 54.30 46.43 54.17 46.33 44.62 14.54 53.96 42.67 46.30 46.27 46.24 53.84 42.51 46.13 46.09 46.14 46.00 14.34 14.32 52.43 41.44 14.25 14.22 14.20 41.18 44.67 53.58 52.83 52.78 45.22 45.79 45.79 45.82 46.43 54.49 42.99 54.85 55.10 54.55 54.84 55.15 55.46 55.78 56.09 56.39 56.70 45.99 46.37 57.92 50.41 58.60 58.93 59.27 59.98 60.32 60.67 61.01 42.75 61.67 61.99 63.00 26.21 0.00 0.00 0.00 0.00 0.00 0.00 0.00 0.00 0.00 0.00 0.00 0.00
53.89 43.69 43.64 54.70 43.54 54.58 54.52 39.43 54.40 54.34 46.48 46.56 14.60 14.58 46.48 46.45 46.43 46.41 42.72 53.99 42.65 53.93 46.25 46.20 14.41 14.39 14.37 14.35 14.33 14.31 43.20 14.26 52.19 53.17 45.55 45.51 41.89 14.19 46.07 42.93 20.90 20.97 54.99 55.21 54.62 54.89 55.17 55.48 55.79 56.09 56.40 56.70 57.00 57.52 57.55 50.35 47.55 58.87 59.20 16.53 59.84 60.55 60.87 61.19 61.51 62.49 43.17 61.96 62.24 0.00 0.00 0.00 0.00 0.00 0.00 0.00 0.00 0.00 0.00 0.00 0.00
54.03 47.08 43.78 54.86 54.81 54.75 43.59 46.78 43.49 43.45 54.48 46.71 43.06 14.65 46.64 46.62 42.95 46.58 46.56 54.18 46.51 42.81 42.77 42.74 42.79 14.48 14.46 14.44 14.42 14.40 14.38 14.36 52.45 42.24 42.20 45.80 45.79 14.30 45.82 46.92 14.37 43.48 54.55 54.74 54.98 55.24 55.52 55.81 56.11 56.81 57.15 57.00 57.18 49.77 57.83 58.14 50.95 48.16 48.55 59.75 60.05 60.75 61.06 61.36 61.66 61.96 17.75 62.06 62.32 0.00 0.00 0.00 0.00 0.00 0.00 0.00 0.00 0.00 0.00 0.00 0.00
55.18 47.23 55.08 16.51 54.98 47.04 46.99 43.70 46.90 46.85 46.81 47.05 54.47 54.46 46.81 43.15 54.42 43.10 54.40 46.73 46.71 46.68 42.97 42.94 54.26 54.22 14.54 14.53 14.51 14.49 14.47 14.46 14.44 46.17 42.49 53.72 53.70 46.12 46.15 46.21 14.49 55.63 54.93 55.13 55.35 55.61 55.88 56.16 56.44 56.73 57.02 49.59 57.48 57.80 58.10 50.66 50.96 51.25 51.55 51.84 52.55 60.52 61.85 61.51 61.35 61.62 17.80 17.94 18.08 62.62 0.00 0.00 0.00 0.00 0.00 0.00 0.00 0.00 0.00 0.00 0.00
44.16 55.30 55.26 16.56 55.17 43.95 43.90 43.86 43.82 43.77 46.99 47.04 43.40 54.64 54.64 54.63 43.31 21.59 46.94 46.92 46.90 46.89 46.87 46.84 46.81 54.46 54.42 14.62 14.60 14.59 45.76 14.56 14.55 54.13 42.79 42.79 46.45 54.09 46.51 42.94 43.04 47.91 56.26 55.53 47.92 55.99 56.24 56.51 56.78 57.06 46.27 15.74 50.04 50.33 58.36 58.64 58.92 17.76 61.38 52.03 49.56 60.67 60.94 50.73 53.71 53.98 61.97 17.98 18.11 0.00 0.00 0.00 0.00 0.00 0.00 0.00 0.00 0.00 0.00 0.00 0.00
55.50 55.47 55.43 44.19 55.36 44.11 44.07 44.03 43.99 43.95 45.50 54.86 43.59 43.56 47.17 54.83 55.09 54.82 54.81 42.12 47.11 54.79 47.08 47.06 47.04 47.02 46.99 14.72 14.70 14.69 14.68 53.66 14.67 54.48 43.11 54.45 43.14 46.84 43.23 43.31 54.68 54.81 57.45 44.65 56.14 56.37 56.61 56.86 57.12 46.30 15.74 46.83 49.30 49.64 58.60 41.73 51.40 59.38 51.93 51.87 17.06 60.81 61.06 61.31 17.62 61.80 62.03 18.02 0.00 0.00 0.00 0.00 0.00 0.00 0.00 0.00 0.00 0.00 0.00 0.00 0.00
55.66 44.43 44.39 44.36 44.32 55.52 55.48 47.49 47.45 47.41 47.43 55.06 55.05 47.56 47.37 47.36 55.03 55.03 55.03 55.92 55.02 47.31 47.30 47.28 47.27 47.40 47.23 47.21 47.19 14.80 14.78 47.14 47.13 47.13 43.44 43.45 43.48 43.53 43.60 42.31 55.11 55.24 42.49 57.40 56.53 56.74 56.97 57.21 46.35 15.74 50.08 47.16 47.47 16.23 58.83 59.07 48.71 59.56 52.11 17.00 60.70 17.26 61.17 17.53 17.66 61.86 55.67 0.00 0.00 0.00 0.00 0.00 0.00 0.00 0.00 0.00 0.00 0.00 0.00 0.00 0.00
55.82 55.81 55.79 44.52 44.49 55.72 55.88 44.39 55.62 47.61 47.62 47.60 47.58 47.57 47.75 43.91 43.89 43.96 47.71 43.86 47.52 55.25 55.24 55.24 47.50 47.49 55.21 47.46 47.46 47.45 14.90 47.44 47.45 55.18 47.47 43.79 47.53 47.58 43.97 55.43 55.53 54.83 56.22 55.14 56.90 15.45 15.54 46.43 57.78 50.28 47.18 47.47 47.76 16.33 16.45 48.64 48.94 49.23 16.94 17.07 50.27 61.05 54.70 54.96 55.22 61.92 62.14 0.00 0.00 0.00 0.00 0.00 0.00 0.00 0.00 0.00 0.00 0.00 0.00 0.00 0.00
48.07 44.75 44.72 55.95 55.94 55.92 56.11 47.87 47.84 47.81 47.81 47.79 44.15 15.07 47.76 44.10 55.46 44.08 44.07 47.74 47.74 47.73 55.48 22.00 44.03 55.47 55.47 55.75 55.47 44.01 55.49 55.50 56.42 55.52 47.80 44.13 44.18 47.94 55.75 55.84 48.23 42.67 44.40 44.58 44.77 49.65 49.87 15.78 58.08 50.42 50.64 50.85 51.06 51.28 48.59 59.44 51.95 52.18 17.02 17.14 17.26 50.68 54.81 0.00 0.00 0.00 0.00 0.00 0.00 0.00 0.00 0.00 0.00 0.00 0.00 0.00 0.00 0.00 0.00 0.00 0.00
56.14 44.92 44.89 56.14 56.13 48.12 16.83 56.07 44.72 44.69 48.01 44.35 44.34 44.32 47.96 44.30 55.68 55.68 15.12 15.11 15.11 15.11 15.11 44.27 44.26 47.96 47.96 44.27 55.75 55.77 55.79 55.81 56.77 55.86 55.89 48.17 55.99 56.05 48.38 44.81 56.34 48.73 44.75 55.91 56.08 48.73 46.86 23.33 58.35 47.53 50.88 51.08 59.02 48.56 48.82 49.07 16.86 52.32 49.84 17.20 17.32 54.66 0.00 0.00 0.00 0.00 0.00 0.00 0.00 0.00 0.00 0.00 0.00 0.00 0.00 0.00 0.00 0.00 0.00 0.00 0.00
15.35 56.31 48.37 48.35 56.31 44.98 56.29 56.28 56.26 44.58 44.65 48.19 44.62 48.17 48.16 48.15 44.49 15.20 15.20 48.15 48.16 15.19 15.19 44.49 44.49 44.50 48.20 48.22 48.24 42.87 56.08 48.32 48.54 48.39 48.43 44.78 44.85 48.63 48.11 48.82 48.94 57.22 56.10 56.26 48.86 56.61 56.79 58.43 50.73 50.92 51.10 48.30 51.47 51.66 51.85 52.04 16.93 62.09 49.98 50.21 54.24 0.00 0.00 0.00 0.00 0.00 0.00 0.00 0.00 0.00 0.00 0.00 0.00 0.00 0.00 0.00 0.00 0.00 0.00 0.00 0.00
0.00 45.25 48.54 56.49 56.49 45.15 45.13 56.47 56.46 48.40 48.39 15.30 48.37 44.71 56.11 44.69 56.12 44.69 15.27 48.36 15.27 15.27 15.27 15.28 15.28 48.42 48.44 48.47 48.49 15.31 15.32 15.33 44.91 44.48 44.54 44.61 44.78 15.47 44.87 48.50 45.24 15.67 15.73 45.55 45.72 45.90 49.48 50.01 60.82 58.89 51.31 16.50 48.77 48.99 16.80 52.18 54.06 17.11 54.19 54.13 0.00 0.00 0.00 0.00 0.00 0.00 0.00 0.00 0.00 0.00 0.00 0.00 0.00 0.00 0.00 0.00 0.00 0.00 0.00 0.00 0.00
46.14 45.41 48.70 48.68 45.34 56.66 56.66 56.92 56.66 56.33 45.02 44.91 44.90 44.90 44.89 44.98 48.76 44.88 48.56 48.56 15.35 15.35 15.36 15.36 15.36 48.65 48.67 48.70 48.73 15.40 15.41 45.98 58.15 58.21 58.51 58.37 15.55 15.59 45.16 45.28 45.40 15.79 49.13 49.26 49.41 46.17 46.35 46.53 48.12 48.43 59.23 59.38 59.53 49.17 49.38 52.31 52.49 50.90 17.27 60.63 0.00 0.00 0.00 0.00 0.00 0.00 0.00 0.00 0.00 0.00 0.00 0.00 0.00 0.00 0.00 0.00 0.00 0.00 0.00 0.00 0.00
0.00 56.81 48.87 56.82 45.50 45.48 45.47 45.45 47.50 56.88 45.10 45.09 48.75 56.53 45.08 45.08 48.75 48.75 48.76 48.76 48.77 48.78 48.80 15.44 48.84 48.87 48.90 48.93 48.96 49.00 15.51 15.52 15.54 15.57 15.59 15.62 58.80 15.70 15.74 46.96 45.67 15.89 46.11 46.09 46.25 49.80 46.58 46.76 46.93 48.55 48.75 51.81 42.17 52.11 59.93 49.73 49.92 51.03 51.25 0.00 0.00 0.00 0.00 0.00 0.00 0.00 0.00 0.00 0.00 0.00 0.00 0.00 0.00 0.00 0.00 0.00 0.00 0.00 0.00 0.00 0.00
0.00 49.04 49.20 56.98 45.66 45.65 48.97 57.02 57.03 56.72 48.93 56.73 56.73 57.85 45.26 48.95 48.95 48.96 48.96 48.97 15.50 48.99 49.40 49.03 49.06 49.30 49.11 49.15 49.58 15.58 15.60 50.35 15.64 15.66 15.69 15.72 15.76 15.80 59.35 23.31 47.38 49.48 49.60 49.73 46.47 50.01 46.79 46.96 50.46 51.66 51.81 49.12 49.31 59.90 60.04 60.16 52.69 53.10 60.59 0.00 0.00 0.00 0.00 0.00 0.00 0.00 0.00 0.00 0.00 0.00 0.00 0.00 0.00 0.00 0.00 0.00 0.00 0.00 0.00 0.00 0.00
57.12 45.98 57.13 57.14 57.15 45.81 57.18 49.13 49.10 56.91 56.91 45.44 56.93 49.12 49.13 49.36 15.57 15.57 49.38 15.57 15.58 15.58 15.59 47.46 47.48 15.61 47.54 49.36 57.26 49.44 50.69 15.70 15.73 15.75 15.78 15.82 15.85 15.89 15.94 59.77 16.04 49.69 49.81 49.93 46.68 50.20 46.98 50.48 50.62 51.81 52.35 49.28 49.46 60.00 60.12 60.25 53.05 53.13 0.00 0.00 0.00 0.00 0.00 0.00 0.00 0.00 0.00 0.00 0.00 0.00 0.00 0.00 0.00 0.00 0.00 0.00 0.00 0.00 0.00 0.00 0.00
57.26 57.27 57.28 57.29 57.70 49.48 49.30 49.30 49.26 15.65 57.10 57.11 57.12 57.13 49.30 45.73 15.64 49.34 45.84 45.66 49.60 49.38 49.40 49.43 57.32 57.35 57.39 47.78 15.73 15.75 15.77 15.79 15.81 15.84 15.87 15.90 15.94 15.98 16.03 16.07 16.12 46.47 46.59 50.12 46.87 50.37 50.50 50.63 50.76 50.90 52.06 59.85 59.96 60.08 60.20 53.02 53.08 0.00 0.00 0.00 0.00 0.00 0.00 0.00 0.00 0.00 0.00 0.00 0.00 0.00 0.00 0.00 0.00 0.00 0.00 0.00 0.00 0.00 0.00 0.00 0.00
57.41 57.42 57.43 57.44 49.47 57.48 49.46 49.46 49.42 45.98 57.28 45.78 57.30 49.46 49.47 49.49 49.51 49.52 49.53 15.72 49.79 47.94 47.82 49.61 49.64 57.55 47.94 47.98 48.02 15.82 15.84 15.87 15.89 15.92 15.95 15.99 16.02 16.07 16.11 16.16 16.20 46.65 46.78 16.37 16.43 47.17 47.31 47.46 47.60 47.75 52.17 49.56 60.05 52.94 53.00 53.05 0.00 0.00 0.00 0.00 0.00 0.00 0.00 0.00 0.00 0.00 0.00 0.00 0.00 0.00 0.00 0.00 0.00 0.00 0.00 0.00 0.00 0.00 0.00 0.00 0.00
0.00 57.57 57.58 57.59 46.28 46.27 49.62 57.67 49.57 49.58 57.82 57.47 57.48 57.50 49.64 49.66 49.67 49.69 15.78 15.78 49.72 49.74 49.76 49.79 49.81 49.84 50.13 49.92 49.96 57.91 15.92 15.94 15.97 16.00 16.03 50.37 50.45 51.76 16.19 16.23 16.28 16.33 50.32 16.44 16.50 50.66 50.78 50.89 47.73 47.88 52.28 52.39 24.97 52.97 0.00 0.00 0.00 0.00 0.00 0.00 0.00 0.00 0.00 0.00 0.00 0.00 0.00 0.00 0.00 0.00 0.00 0.00 0.00 0.00 0.00 0.00 0.00 0.00 0.00 0.00 0.00
0.00 0.00 0.00 0.00 57.76 57.78 57.80 57.83 57.60 57.61 49.74 58.01 57.66 49.78 49.80 49.82 49.83 15.84 15.84 15.85 15.85 49.91 15.87 15.88 15.89 15.91 50.04 50.08 46.44 50.17 15.99 16.02 16.04 16.07 16.11 16.14 50.62 16.22 16.26 16.31 52.31 16.40 16.45 50.57 47.33 50.78 50.89 51.01 51.12 48.00 48.14 17.05 53.74 0.00 0.00 0.00 0.00 0.00 0.00 0.00 0.00 0.00 0.00 0.00 0.00 0.00 0.00 0.00 0.00 0.00 0.00 0.00 0.00 0.00 0.00 0.00 0.00 0.00 0.00 0.00 0.00
0.00 0.00 0.00 0.00 0.00 0.00 0.00 57.75 57.76 46.37 49.89 46.24 49.92 46.26 49.95 49.97 49.99 15.90 15.91 15.91 15.92 15.93 15.94 51.24 15.96 15.97 15.99 16.00 23.43 46.66 16.06 16.09 16.12 16.15 16.18 16.21 0.00 0.00 0.00 0.00 16.43 52.61 50.60 50.69 50.79 50.90 51.00 51.11 51.22 48.11 48.24 17.11 0.00 0.00 0.00 0.00 0.00 0.00 0.00 0.00 0.00 0.00 0.00 0.00 0.00 0.00 0.00 0.00 0.00 0.00 0.00 0.00 0.00 0.00 0.00 0.00 0.00 0.00 0.00 0.00 0.00
0.00 0.00 0.00 0.00 0.00 0.00 0.00 0.00 58.29 57.94 15.95 50.05 23.31 15.95 50.10 50.39 15.96 15.96 15.97 15.97 15.98 15.99 16.00 16.01 16.03 16.04 16.05 16.07 16.09 46.82 16.13 16.16 16.19 16.22 16.25 16.28 0.00 0.00 0.00 0.00 0.00 47.26 47.37 50.81 50.90 16.75 16.81 51.21 48.08 48.21 48.34 59.23 0.00 0.00 0.00 0.00 0.00 0.00 0.00 0.00 0.00 0.00 0.00 0.00 0.00 0.00 0.00 0.00 0.00 0.00 0.00 0.00 0.00 0.00 0.00 0.00 0.00 0.00 0.00 0.00 0.00
0.00 0.00 0.00 0.00 0.00 0.00 0.00 0.00 0.00 0.00 59.83 47.50 58.15 58.17 58.20 48.55 16.02 16.02 16.03 16.04 16.04 16.05 16.06 16.08 16.09 16.10 16.12 16.14 16.16 47.99 16.20 16.23 16.26 16.29 0.00 0.00 0.00 0.00 0.00 0.00 0.00 50.74 47.50 47.60 16.76 16.81 16.87 48.06 48.18 48.31 59.20 0.00 0.00 0.00 0.00 0.00 0.00 0.00 0.00 0.00 0.00 0.00 0.00 0.00 0.00 0.00 0.00 0.00 0.00 0.00 0.00 0.00 0.00 0.00 0.00 0.00 0.00 0.00 0.00 0.00 0.00
0.00 0.00 0.00 0.00 0.00 0.00 0.00 0.00 0.00 0.00 0.00 60.01 60.03 60.05 16.07 16.07 16.08 16.08 16.09 16.10 16.11 0.00 0.00 50.19 16.15 16.17 16.19 16.20 16.22 48.15 16.27 16.30 16.32 16.35 0.00 0.00 0.00 0.00 0.00 0.00 0.00 0.00 0.00 16.77 16.82 16.87 59.51 48.17 48.29 48.41 49.41 0.00 0.00 0.00 0.00 0.00 0.00 0.00 0.00 0.00 0.00 0.00 0.00 0.00 0.00 0.00 0.00 0.00 0.00 0.00 0.00 0.00 0.00 0.00 0.00 0.00 0.00 0.00 0.00 0.00 0.00
0.00 0.00 0.00 0.00 0.00 0.00 0.00 0.00 0.00 0.00 0.00 0.00 0.00 0.00 60.24 16.13 16.14 16.14 16.15 0.00 0.00 0.00 0.00 0.00 0.00 0.00 0.00 0.00 16.29 16.31 48.38 16.36 16.39 0.00 0.00 0.00 0.00 0.00 0.00 0.00 0.00 0.00 0.00 0.00 24.47 51.73 16.99 48.27 17.11 48.51 0.00 0.00 0.00 0.00 0.00 0.00 0.00 0.00 0.00 0.00 0.00 0.00 0.00 0.00 0.00 0.00 0.00 0.00 0.00 0.00 0.00 0.00 0.00 0.00 0.00 0.00 0.00 0.00 0.00 0.00 0.00
0.00 0.00 0.00 0.00 0.00 0.00 0.00 0.00 0.00 0.00 0.00 0.00 0.00 0.00 0.00 0.00 0.00 16.20 0.00 0.00 0.00 0.00 0.00 0.00 0.00 0.00 0.00 0.00 16.35 16.38 48.55 16.43 16.46 16.49 50.99 0.00 0.00 0.00 0.00 0.00 0.00 0.00 0.00 0.00 16.94 16.99 17.05 17.10 48.48 49.46 0.00 0.00 0.00 0.00 0.00 0.00 0.00 0.00 0.00 0.00 0.00 0.00 0.00 0.00 0.00 0.00 0.00 0.00 0.00 0.00 0.00 0.00 0.00 0.00 0.00 0.00 0.00 0.00 0.00 0.00 0.00
0.00 0.00 0.00 0.00 0.00 0.00 0.00 0.00 0.00 0.00 0.00 0.00 0.00 0.00 0.00 0.00 0.00 16.26 0.00 0.00 0.00 0.00 0.00 0.00 0.00 0.00 0.00 0.00 16.42 16.44 16.47 48.78 16.52 16.56 16.59 0.00 0.00 0.00 0.00 0.00 0.00 0.00 0.00 0.00 0.00 0.00 48.37 48.47 48.58 0.00 0.00 0.00 0.00 0.00 0.00 0.00 0.00 0.00 0.00 0.00 0.00 0.00 0.00 0.00 0.00 0.00 0.00 0.00 0.00 0.00 0.00 0.00 0.00 0.00 0.00 0.00 0.00 0.00 0.00 0.00 0.00
0.00 0.00 0.00 0.00 0.00 0.00 0.00 0.00 0.00 0.00 0.00 0.00 0.00 0.00 0.00 0.00 0.00 0.00 0.00 0.00 0.00 0.00 0.00 0.00 0.00 0.00 0.00 0.00 16.49 16.51 16.54 48.94 16.59 16.62 49.64 0.00 0.00 0.00 0.00 0.00 0.00 0.00 0.00 0.00 0.00 0.00 0.00 0.00 0.00 0.00 0.00 0.00 0.00 0.00 0.00 0.00 0.00 0.00 0.00 0.00 0.00 0.00 0.00 0.00 0.00 0.00 0.00 0.00 0.00 0.00 0.00 0.00 0.00 0.00 0.00 0.00 0.00 0.00 0.00 0.00 0.00
0.00 0.00 0.00 0.00 0.00 0.00 0.00 0.00 0.00 0.00 0.00 0.00 0.00 0.00 0.00 0.00 0.00 0.00 0.00 0.00 0.00 0.00 0.00 0.00 0.00 0.00 0.00 16.53 16.55 48.98 49.04 16.63 16.66 16.69 0.00 0.00 0.00 0.00 0.00 0.00 0.00 0.00 0.00 0.00 0.00 0.00 0.00 0.00 0.00 0.00 0.00 0.00 0.00 0.00 0.00 0.00 0.00 0.00 0.00 0.00 0.00 0.00 0.00 0.00 0.00 0.00 0.00 0.00 0.00 0.00 0.00 0.00 0.00 0.00 0.00 0.00 0.00 0.00 0.00 0.00 0.00
0.00 0.00 0.00 0.00 0.00 0.00 0.00 0.00 0.00 0.00 0.00 0.00 0.00 0.00 0.00 0.00 0.00 0.00 0.00 0.00 0.00 0.00 0.00 0.00 0.00 16.55 16.57 16.60 16.62 49.14 16.67 16.70 16.73 48.29 0.00 0.00 0.00 0.00 0.00 0.00 0.00 0.00 0.00 0.00 0.00 0.00 0.00 0.00 0.00 0.00 0.00 0.00 0.00 0.00 0.00 0.00 0.00 0.00 0.00 0.00 0.00 0.00 0.00 0.00 0.00 0.00 0.00 0.00 0.00 0.00 0.00 0.00 0.00 0.00 0.00 0.00 0.00 0.00 0.00 0.00 0.00
0.00 0.00 0.00 0.00 0.00 0.00 0.00 0.00 0.00 0.00 0.00 0.00 0.00 0.00 0.00 0.00 0.00 0.00 0.00 0.00 0.00 0.00 0.00 0.00 0.00 16.62 16.64 16.66 16.69 16.71 16.74 16.77 52.44 0.00 0.00 0.00 0.00 0.00 0.00 0.00 0.00 0.00 0.00 0.00 0.00 0.00 0.00 0.00 0.00 0.00 0.00 0.00 0.00 0.00 0.00 0.00 0.00 0.00 0.00 0.00 0.00 0.00 0.00 0.00 0.00 0.00 0.00 0.00 0.00 0.00 0.00 0.00 0.00 0.00 0.00 0.00 0.00 0.00 0.00 0.00 0.00
0.00 0.00 0.00 0.00 0.00 0.00 0.00 0.00 0.00 0.00 0.00 0.00 0.00 0.00 0.00 0.00 0.00 0.00 0.00 0.00 0.00 0.00 0.00 0.00 0.00 0.00 16.71 16.73 16.76 16.78 16.81 48.47 0.00 0.00 0.00 0.00 0.00 0.00 0.00 0.00 0.00 0.00 0.00 0.00 0.00 0.00 0.00 0.00 0.00 0.00 0.00 0.00 0.00 0.00 0.00 0.00 0.00 0.00 0.00 0.00 0.00 0.00 0.00 0.00 0.00 0.00 0.00 0.00 0.00 0.00 0.00 0.00 0.00 0.00 0.00 0.00 0.00 0.00 0.00 0.00 0.00
0.00 0.00 0.00 0.00 0.00 0.00 0.00 0.00 0.00 0.00 0.00 0.00 0.00 0.00 0.00 0.00 0.00 0.00 0.00 0.00 0.00 0.00 0.00 0.00 0.00 0.00 16.78 16.80 16.83 16.85 48.57 50.12 0.00 0.00 0.00 0.00 0.00 0.00 0.00 0.00 0.00 0.00 0.00 0.00 0.00 0.00 0.00 0.00 0.00 0.00 0.00 0.00 0.00 0.00 0.00 0.00 0.00 0.00 0.00 0.00 0.00 0.00 0.00 0.00 0.00 0.00 0.00 0.00 0.00 0.00 0.00 0.00 0.00 0.00 0.00 0.00 0.00 0.00 0.00 0.00 0.00
0.00 0.00 0.00 0.00 0.00 0.00 0.00 0.00 0.00 0.00 0.00 0.00 0.00 0.00 0.00 0.00 0.00 0.00 0.00 0.00 0.00 0.00 0.00 0.00 0.00 0.00 0.00 16.87 16.90 16.93 0.00 0.00 0.00 0.00 0.00 0.00 0.00 0.00 0.00 0.00 0.00 0.00 0.00 0.00 0.00 0.00 0.00 0.00 0.00 0.00 0.00 0.00 0.00 0.00 0.00 0.00 0.00 0.00 0.00 0.00 0.00 0.00 0.00 0.00 0.00 0.00 0.00 0.00 0.00 0.00 0.00 0.00 0.00 0.00 0.00 0.00 0.00 0.00 0.00 0.00 0.00
0.00 0.00 0.00 0.00 0.00 0.00 0.00 0.00 0.00 0.00 0.00 0.00 0.00 0.00 0.00 0.00 0.00 0.00 0.00 0.00 0.00 0.00 0.00 0.00 0.00 0.00 0.00 16.94 16.97 52.91 0.00 0.00 0.00 0.00 0.00 0.00 0.00 0.00 0.00 0.00 0.00 0.00 0.00 0.00 0.00 0.00 0.00 0.00 0.00 0.00 0.00 0.00 0.00 0.00 0.00 0.00 0.00 0.00 0.00 0.00 0.00 0.00 0.00 0.00 0.00 0.00 0.00 0.00 0.00 0.00 0.00 0.00 0.00 0.00 0.00 0.00 0.00 0.00 0.00 0.00 0.00
0.00 0.00 0.00 0.00 0.00 0.00 0.00 0.00 0.00 0.00 0.00 0.00 0.00 0.00 0.00 0.00 0.00 0.00 0.00 0.00 0.00 0.00 0.00 0.00 0.00 0.00 0.00 60.48 53.02 60.56 0.00 0.00 0.00 0.00 0.00 0.00 0.00 0.00 0.00 0.00 0.00 0.00 0.00 0.00 0.00 0.00 0.00 0.00 0.00 0.00 0.00 0.00 0.00 0.00 0.00 0.00 0.00 0.00 0.00 0.00 0.00 0.00 0.00 0.00 0.00 0.00 0.00 0.00 0.00 0.00 0.00 0.00 0.00 0.00 0.00 0.00 0.00 0.00 0.00 0.00 0.00
