ASPA-UH-SWB2_REPO/output/post_prcessed_with_MFR/actual_et_annual.asc
NCOLS 350
NROWS 200
XLLCENTER 515000.000000
YLLCENTER 8409000.000000
CELLSIZE 100.000000
NODATA_value -999.000000
[rows 72 to 107 of 200, columns 162 to 242 of 350]
12.40 12.32 12.24 12.16 46.20 31.59 46.35 45.81 38.91 11.75 11.71 11.67 38.31 38.38 45.18 38.37 38.41 38.35 45.23 34.96 0.00 0.00 0.00 0.00 0.00 0.00 0.00 0.00 0.00 0.00 0.00 0.00 0.00 0.00 0.00 0.00 0.00 0.00 0.00 0.00 0.00 0.00 0.00 0.00 0.00 0.00 0.00 0.00 0.00 33.87 49.60 41.86 41.93 12.85 12.87 12.89 12.91 12.93 12.95 12.97 12.99 13.02 13.04 42.17 42.25 42.33 13.15 13.18 13.21 13.24 13.27 13.31 13.34 13.38 13.42 13.45 13.49 13.54 13.58 13.62 13.67
12.33 12.24 12.16 12.08 31.59 31.47 35.91 35.68 38.59 11.67 11.63 11.59 38.19 38.15 38.15 11.57 11.59 38.30 38.40 45.63 34.93 35.02 0.00 0.00 0.00 35.37 35.45 35.19 35.22 35.24 35.25 35.27 0.00 0.00 0.00 0.00 0.00 0.00 0.00 0.00 0.00 0.00 0.00 0.00 0.00 0.00 0.00 0.00 0.00 14.66 49.72 38.83 12.88 12.90 12.92 12.94 12.96 12.98 13.01 13.03 13.05 13.08 13.10 13.13 13.16 13.19 13.22 13.25 13.28 13.32 13.35 13.39 13.42 13.46 13.50 13.54 13.58 13.62 13.66 13.71 13.75
12.25 12.17 46.21 46.62 13.72 45.75 11.77 11.70 11.64 11.59 11.55 11.52 11.51 11.50 11.50 11.51 11.54 11.57 11.61 11.65 45.68 34.96 35.05 0.00 35.25 35.36 35.42 36.64 36.85 47.51 35.22 37.69 0.00 0.00 0.00 0.00 0.00 0.00 0.00 0.00 0.00 0.00 0.00 0.00 0.00 0.00 0.00 0.00 0.00 48.96 42.01 12.91 12.93 12.95 12.98 13.00 13.02 13.04 13.07 13.09 13.12 13.15 13.17 13.20 13.23 13.26 13.29 13.33 13.36 13.39 13.43 13.47 13.50 13.54 13.58 13.62 13.66 13.71 13.75 13.79 13.84
12.17 39.62 45.98 45.75 45.51 45.60 45.29 11.63 11.57 11.52 11.49 11.46 11.45 11.45 11.45 11.47 11.50 11.53 11.58 45.50 34.82 34.92 35.03 45.76 35.23 36.20 12.07 36.76 36.87 35.18 35.19 0.00 0.00 0.00 0.00 0.00 0.00 0.00 0.00 0.00 0.00 0.00 0.00 0.00 0.00 0.00 0.00 0.00 0.00 0.00 34.04 39.13 12.99 13.01 13.04 13.06 13.09 13.11 13.14 13.16 13.19 13.22 13.25 13.28 13.31 13.34 13.37 13.41 13.44 13.48 13.51 13.55 13.59 13.63 13.67 13.71 13.75 13.79 13.83 13.88 13.92
39.63 46.00 45.76 45.52 45.29 45.07 44.86 11.56 37.98 37.85 37.75 11.41 11.40 11.41 11.42 11.44 11.47 11.51 11.56 13.48 34.81 34.92 35.02 45.77 45.98 12.01 12.07 47.02 47.63 34.69 38.13 0.00 0.00 0.00 0.00 0.00 0.00 0.00 0.00 0.00 0.00 0.00 0.00 0.00 0.00 0.00 0.00 0.00 0.00 0.00 50.15 39.30 13.05 13.08 13.10 13.13 13.15 13.18 13.21 13.23 13.26 13.29 13.32 13.35 13.38 13.42 13.45 13.49 13.52 13.56 13.60 13.64 13.68 13.72 13.76 13.80 13.84 13.88 49.87 49.93 14.01
39.25 45.76 45.53 35.64 11.69 35.23 38.13 37.84 34.72 11.42 11.39 11.37 11.37 11.38 11.40 11.42 11.46 11.50 11.56 11.61 45.14 45.36 45.97 46.16 36.23 36.45 36.65 46.83 34.66 47.09 48.05 0.00 0.00 0.00 0.00 0.00 0.00 0.00 0.00 0.00 0.00 0.00 0.00 0.00 0.00 0.00 0.00 0.00 0.00 13.04 13.07 13.10 13.12 13.15 13.17 13.20 13.23 13.25 13.28 13.31 13.34 13.37 13.40 13.43 13.47 13.50 13.54 13.57 13.61 13.65 13.69 13.72 13.76 13.80 13.84 13.88 13.92 13.97 0.00 0.00 0.00
11.93 45.53 11.77 11.70 38.32 11.56 37.96 37.81 11.41 11.38 11.36 11.35 11.35 11.36 11.39 11.42 11.46 11.51 11.56 11.62 38.83 45.82 46.03 39.46 11.97 12.04 36.72 47.57 34.70 47.16 34.81 0.00 0.00 0.00 0.00 0.00 0.00 0.00 0.00 0.00 0.00 0.00 0.00 0.00 0.00 0.00 0.00 0.00 0.00 13.11 13.14 13.17 13.19 13.22 13.25 13.28 13.30 13.33 13.36 13.39 13.42 13.45 39.78 13.51 13.55 13.58 13.62 13.66 13.70 13.73 13.77 13.81 13.85 13.89 13.93 13.97 14.01 0.00 0.00 0.00 0.00
35.80 45.31 45.09 11.63 11.56 11.50 11.45 11.41 11.37 37.50 11.33 11.33 11.34 11.36 11.39 11.42 11.47 11.52 11.58 11.64 11.71 35.73 11.85 11.93 12.00 12.07 12.15 34.70 47.13 34.82 34.86 38.34 0.00 0.00 0.00 0.00 0.00 0.00 0.00 0.00 0.00 0.00 0.00 0.00 0.00 0.00 0.00 0.00 0.00 0.00 13.21 13.24 13.27 13.30 13.32 13.35 13.38 13.41 13.44 13.47 13.50 39.87 42.55 40.60 13.63 13.67 13.71 13.74 13.78 13.82 13.86 13.90 13.94 13.98 14.02 14.06 41.20 0.00 0.00 0.00 0.00
45.84 45.09 35.18 11.56 11.51 11.45 11.41 11.38 11.35 37.45 11.32 11.33 11.34 11.37 11.40 11.44 11.49 11.54 11.60 11.67 11.74 11.81 11.89 11.96 12.04 12.11 40.25 37.11 37.30 37.44 37.61 37.77 34.97 0.00 0.00 0.00 0.00 0.00 0.00 0.00 0.00 0.00 0.00 0.00 0.00 0.00 0.00 0.00 0.00 0.00 34.35 13.32 13.35 13.38 13.40 13.43 13.46 13.49 13.52 13.55 13.58 40.06 42.72 42.44 13.72 13.76 13.79 13.83 13.87 13.91 13.95 13.99 14.03 14.07 14.11 14.14 14.18 0.00 0.00 0.00 0.00
38.39 35.18 44.70 11.51 11.46 11.42 11.38 11.35 11.33 11.33 11.33 11.34 11.36 11.38 11.42 11.47 11.52 11.58 11.64 11.71 11.78 11.85 11.93 12.00 12.08 12.15 12.23 12.30 12.37 12.43 12.50 37.95 49.14 35.17 35.09 35.11 0.00 0.00 0.00 0.00 0.00 0.00 0.00 0.00 0.00 0.00 0.00 0.00 0.00 0.00 50.41 13.40 13.43 13.46 13.49 13.51 13.54 13.57 13.60 13.64 13.67 43.38 40.72 13.77 13.80 13.84 13.88 13.92 13.96 14.00 14.04 14.07 14.11 14.15 14.19 14.23 14.27 0.00 0.00 0.00 0.00
38.21 44.71 11.51 11.46 11.42 11.39 11.36 11.34 11.33 11.33 11.34 11.35 11.38 11.41 11.45 11.50 11.56 11.62 11.68 11.75 11.82 11.90 11.97 12.05 12.13 12.20 12.27 12.34 12.41 12.48 12.54 41.24 47.90 35.14 12.78 12.83 12.88 12.93 0.00 0.00 0.00 0.00 0.00 0.00 0.00 0.00 0.00 0.00 0.00 0.00 50.60 13.48 13.51 13.54 13.57 13.60 13.63 13.66 13.69 13.72 41.34 45.01 13.82 13.85 13.89 13.93 13.97 14.00 14.04 14.08 14.12 14.16 14.20 14.24 14.28 14.31 14.35 0.00 0.00 0.00 0.00
38.16 34.90 11.47 11.43 11.39 11.37 11.35 11.34 11.34 11.34 11.36 11.38 11.41 11.45 11.49 11.55 11.60 11.67 11.73 11.80 11.88 11.95 12.03 12.10 12.18 12.25 12.33 12.40 12.47 12.53 38.08 41.39 38.35 38.50 12.84 12.89 12.95 13.00 0.00 0.00 0.00 0.00 0.00 0.00 0.00 0.00 0.00 0.00 0.00 0.00 1.12 13.56 13.59 13.62 13.65 13.68 13.71 13.74 13.77 13.80 52.93 52.09 13.90 13.94 13.98 14.01 14.05 14.09 14.13 14.17 14.21 14.24 14.28 14.32 14.36 14.40 0.00 0.00 0.00 0.00 0.00
38.02 11.47 11.43 11.40 11.38 11.36 11.35 11.35 11.36 11.37 11.39 11.42 11.45 11.49 11.54 11.60 11.66 11.72 11.79 11.86 11.93 12.01 12.09 12.16 12.24 12.31 40.71 12.46 12.52 12.59 12.66 12.72 12.78 12.84 12.90 38.92 39.50 0.00 0.00 0.00 0.00 0.00 0.00 0.00 0.00 0.00 0.00 0.00 0.00 0.00 0.00 13.65 13.68 13.71 13.74 13.77 13.80 13.83 13.86 13.89 44.97 53.80 31.74 43.42 14.06 14.10 14.14 41.30 14.21 50.69 40.74 40.80 41.56 0.00 40.93 0.00 0.00 0.00 0.00 0.00 0.00
11.48 11.44 11.41 11.39 11.37 11.36 11.36 11.37 11.38 11.40 11.43 11.46 11.50 11.55 11.60 11.65 11.72 11.78 11.85 11.92 12.00 12.07 12.15 12.23 12.30 12.37 40.90 12.52 12.59 12.65 12.72 12.78 12.85 38.81 49.68 39.58 0.00 0.00 0.00 0.00 0.00 0.00 0.00 0.00 0.00 0.00 0.00 0.00 0.00 0.00 0.00 51.29 13.76 13.79 13.82 13.85 13.88 13.91 13.94 13.97 14.01 53.44 31.78 14.11 14.14 14.18 49.94 50.01 0.00 0.00 0.00 0.00 0.00 0.00 0.00 0.00 0.00 0.00 0.00 0.00 0.00
11.45 11.42 11.40 11.38 11.38 11.38 11.39 11.40 11.42 11.45 11.48 11.51 11.56 11.61 11.66 11.72 11.78 11.85 11.92 46.69 46.93 12.14 12.22 12.29 12.37 12.44 12.51 12.58 48.18 12.72 41.67 38.68 49.62 35.70 11.82 0.00 0.00 0.00 0.00 0.00 0.00 0.00 0.00 0.00 0.00 0.00 0.00 0.00 0.00 0.00 0.00 41.52 41.32 13.88 13.91 51.88 13.97 14.00 14.03 14.06 42.21 0.00 0.00 40.43 40.51 0.00 0.00 0.00 0.00 0.00 0.00 0.00 0.00 0.00 0.00 0.00 0.00 0.00 0.00 0.00 0.00
11.43 11.41 11.40 11.39 11.39 11.40 11.42 11.44 11.47 11.50 11.53 11.58 11.62 11.68 11.73 11.79 11.86 11.93 12.00 12.07 12.14 12.22 47.48 12.37 12.44 48.65 48.87 12.66 35.69 12.79 38.73 39.39 0.00 0.00 0.00 0.00 0.00 0.00 0.00 0.00 0.00 0.00 0.00 0.00 0.00 0.00 0.00 0.00 0.00 0.00 13.88 41.94 45.31 41.83 0.00 0.00 35.30 53.40 53.51 42.64 0.00 0.00 0.00 0.00 0.00 0.00 0.00 0.00 0.00 0.00 0.00 0.00 0.00 0.00 0.00 0.00 0.00 0.00 0.00 0.00 0.00
11.42 11.41 11.41 11.41 11.42 11.44 11.46 38.20 11.52 11.56 11.60 11.65 11.70 11.75 11.81 11.87 11.94 12.01 12.08 12.15 12.22 12.30 47.74 47.93 48.11 48.26 35.75 35.79 35.83 35.87 49.83 0.00 0.00 0.00 0.00 0.00 0.00 0.00 0.00 0.00 0.00 0.00 0.00 0.00 0.00 0.00 0.00 0.00 0.00 0.00 51.72 42.07 0.00 0.00 0.00 0.00 0.00 0.00 0.00 0.00 0.00 0.00 0.00 0.00 0.00 0.00 0.00 0.00 0.00 0.00 0.00 0.00 0.00 0.00 0.00 0.00 0.00 0.00 0.00 0.00 0.00
11.43 11.42 11.43 11.44 11.46 11.48 11.51 11.55 38.51 38.65 38.80 11.72 11.78 11.83 11.89 11.96 12.02 12.09 12.16 12.24 12.31 12.38 12.46 12.53 12.60 12.67 49.44 35.94 48.93 36.02 0.00 0.00 0.00 0.00 0.00 0.00 0.00 0.00 0.00 0.00 0.00 0.00 0.00 0.00 0.00 0.00 0.00 0.00 0.00 0.00 0.00 0.00 0.00 0.00 0.00 0.00 0.00 0.00 0.00 0.00 0.00 0.00 0.00 0.00 0.00 0.00 0.00 0.00 0.00 0.00 0.00 0.00 0.00 0.00 0.00 0.00 0.00 0.00 0.00 0.00 0.00
11.44 11.45 11.46 11.48 11.51 11.54 38.47 38.60 38.74 38.89 39.05 39.33 11.86 11.92 11.99 12.05 12.12 12.19 12.26 12.33 12.40 12.48 12.55 12.62 12.69 12.76 12.83 12.90 39.28 49.29 39.95 0.00 0.00 0.00 0.00 0.00 0.00 0.00 0.00 0.00 0.00 0.00 0.00 0.00 0.00 0.00 0.00 0.00 0.00 0.00 0.00 0.00 0.00 0.00 0.00 0.00 0.00 0.00 0.00 0.00 0.00 0.00 0.00 0.00 0.00 0.00 0.00 0.00 0.00 0.00 0.00 0.00 0.00 0.00 0.00 0.00 0.00 0.00 0.00 0.00 0.00
11.47 11.48 11.50 11.53 11.56 38.57 38.70 38.85 39.01 39.18 39.34 11.90 11.96 12.02 12.08 12.15 12.22 12.29 12.36 12.43 12.50 12.57 12.64 12.72 12.79 12.86 12.93 13.00 13.06 13.13 39.90 14.90 49.72 0.00 0.00 0.00 0.00 0.00 0.00 0.00 0.00 0.00 0.00 0.00 0.00 0.00 0.00 0.00 0.00 0.00 0.00 0.00 0.00 0.00 0.00 0.00 0.00 0.00 0.00 0.00 0.00 0.00 0.00 0.00 0.00 0.00 0.00 0.00 0.00 0.00 0.00 0.00 0.00 0.00 0.00 0.00 0.00 0.00 0.00 0.00 0.00
11.51 11.53 11.56 11.59 38.66 38.81 38.96 39.13 39.30 39.48 11.94 12.00 12.06 12.13 12.19 12.26 12.33 12.40 12.47 12.54 12.61 12.68 12.75 12.82 12.89 12.96 13.03 13.09 13.16 13.23 13.30 40.13 51.25 13.50 0.00 0.00 0.00 0.00 0.00 0.00 0.00 0.00 0.00 0.00 0.00 0.00 0.00 0.00 0.00 0.00 0.00 0.00 0.00 0.00 0.00 0.00 0.00 0.00 0.00 0.00 0.00 0.00 0.00 0.00 0.00 0.00 0.00 0.00 0.00 0.00 0.00 0.00 0.00 0.00 0.00 0.00 0.00 0.00 0.00 0.00 0.00
11.56 11.59 11.62 11.67 38.92 39.08 39.26 39.44 39.62 11.99 12.05 12.11 12.18 12.24 12.31 12.37 12.44 12.51 12.58 12.65 12.72 12.79 12.86 12.93 12.99 13.06 13.13 13.20 13.27 13.33 13.40 13.46 13.53 13.59 13.66 13.72 0.00 0.00 0.00 0.00 0.00 0.00 0.00 0.00 0.00 0.00 0.00 0.00 0.00 0.00 0.00 0.00 0.00 0.00 0.00 0.00 0.00 0.00 0.00 0.00 0.00 0.00 0.00 0.00 0.00 0.00 0.00 0.00 0.00 0.00 0.00 0.00 0.00 0.00 0.00 0.00 0.00 0.00 0.00 0.00 0.00
11.62 11.66 11.70 11.75 39.22 39.40 39.59 39.78 39.98 40.18 12.17 12.23 12.30 12.36 12.43 12.50 12.56 12.63 12.70 12.77 12.84 12.90 12.97 13.04 13.11 13.17 13.24 13.31 13.37 13.44 13.50 13.57 13.63 13.70 13.76 13.82 0.00 0.00 0.00 0.00 0.00 0.00 0.00 0.00 0.00 0.00 0.00 0.00 0.00 0.00 0.00 0.00 0.00 0.00 0.00 0.00 0.00 0.00 0.00 0.00 0.00 0.00 0.00 0.00 0.00 0.00 0.00 0.00 0.00 0.00 0.00 0.00 0.00 0.00 0.00 0.00 0.00 0.00 0.00 0.00 0.00
11.70 11.75 11.80 11.85 11.91 39.75 39.95 40.16 40.37 40.57 12.30 12.36 12.43 12.50 12.56 12.63 12.69 12.76 12.83 12.89 12.96 13.03 13.09 13.16 13.23 13.29 13.36 43.30 13.48 13.55 13.61 13.67 13.74 44.01 41.31 36.76 0.00 0.00 0.00 0.00 0.00 0.00 0.00 0.00 0.00 0.00 0.00 0.00 0.00 0.00 0.00 0.00 0.00 0.00 0.00 0.00 0.00 0.00 0.00 0.00 0.00 0.00 0.00 0.00 0.00 0.00 0.00 0.00 0.00 0.00 0.00 0.00 0.00 0.00 0.00 0.00 0.00 0.00 0.00 0.00 0.00
11.80 11.85 11.90 11.96 12.03 12.09 12.16 12.23 40.78 41.15 12.43 12.50 12.57 12.63 12.70 12.76 12.83 12.89 12.96 13.03 13.09 13.15 13.22 13.28 13.35 13.41 13.47 50.68 43.67 13.66 13.72 13.78 13.84 44.24 13.96 0.00 0.00 0.00 0.00 0.00 0.00 0.00 0.00 0.00 0.00 0.00 0.00 0.00 0.00 0.00 0.00 0.00 0.00 0.00 0.00 0.00 0.00 0.00 0.00 0.00 0.00 0.00 0.00 0.00 0.00 0.00 0.00 0.00 0.00 0.00 0.00 0.00 0.00 0.00 0.00 0.00 0.00 0.00 0.00 0.00 0.00
11.91 11.96 12.02 12.09 12.16 12.23 12.30 12.37 12.44 12.51 12.58 12.64 12.71 12.78 12.84 12.91 12.97 13.04 13.10 13.16 13.22 13.29 13.35 13.41 13.47 13.53 13.59 37.47 37.23 37.22 13.83 13.89 13.95 41.72 14.06 0.00 0.00 0.00 0.00 0.00 0.00 0.00 0.00 0.00 0.00 0.00 0.00 0.00 0.00 0.00 0.00 0.00 0.00 0.00 0.00 0.00 0.00 0.00 0.00 0.00 0.00 0.00 0.00 0.00 0.00 0.00 0.00 0.00 0.00 0.00 0.00 0.00 0.00 0.00 0.00 0.00 0.00 0.00 0.00 0.00 0.00
12.03 12.09 12.16 12.23 12.30 12.37 12.44 12.52 12.59 12.66 12.73 12.79 12.86 12.93 12.99 13.05 13.12 13.18 13.24 13.30 13.36 13.42 13.48 13.54 13.60 13.66 13.72 44.14 37.38 0.00 0.00 0.00 53.09 14.11 0.00 0.00 0.00 0.00 0.00 0.00 0.00 0.00 0.00 0.00 0.00 0.00 0.00 0.00 0.00 0.00 0.00 0.00 0.00 0.00 0.00 0.00 0.00 0.00 0.00 0.00 0.00 0.00 0.00 0.00 0.00 0.00 0.00 0.00 0.00 0.00 0.00 0.00 0.00 0.00 0.00 0.00 0.00 0.00 0.00 0.00 0.00
12.16 12.23 12.30 12.37 12.45 12.52 12.60 12.67 12.74 12.81 12.88 12.95 13.02 13.08 13.14 13.21 13.27 13.33 13.39 13.45 13.51 13.56 44.05 13.68 13.73 13.79 13.84 13.89 0.00 0.00 0.00 0.00 0.00 0.00 0.00 0.00 0.00 0.00 0.00 0.00 0.00 0.00 0.00 0.00 0.00 0.00 0.00 0.00 0.00 0.00 0.00 0.00 0.00 0.00 0.00 0.00 0.00 0.00 0.00 0.00 0.00 0.00 0.00 0.00 0.00 0.00 0.00 0.00 0.00 0.00 0.00 0.00 0.00 0.00 0.00 0.00 0.00 0.00 0.00 0.00 0.00
12.30 12.38 12.45 12.53 12.61 12.68 12.76 12.83 12.91 12.98 13.04 13.11 13.18 13.24 13.30 13.36 13.42 13.48 13.54 13.59 13.65 13.70 52.75 41.41 41.64 42.00 0.00 14.01 0.00 0.00 0.00 0.00 0.00 0.00 0.00 0.00 0.00 0.00 0.00 0.00 0.00 0.00 0.00 0.00 0.00 0.00 0.00 0.00 0.00 0.00 0.00 0.00 0.00 0.00 0.00 0.00 0.00 0.00 0.00 0.00 0.00 0.00 0.00 0.00 0.00 0.00 0.00 0.00 0.00 0.00 0.00 0.00 0.00 0.00 0.00 0.00 0.00 0.00 0.00 0.00 0.00
12.46 12.54 12.61 12.69 12.77 12.85 12.93 13.00 13.07 13.14 13.21 13.28 13.34 13.40 13.46 13.52 13.58 13.63 13.69 13.74 13.79 13.84 13.89 0.00 0.00 0.00 0.00 0.00 0.00 0.00 0.00 0.00 0.00 0.00 0.00 0.00 0.00 0.00 0.00 0.00 0.00 0.00 0.00 0.00 0.00 0.00 0.00 0.00 0.00 0.00 0.00 0.00 0.00 0.00 0.00 0.00 0.00 0.00 0.00 0.00 0.00 0.00 0.00 0.00 0.00 0.00 0.00 0.00 0.00 0.00 0.00 0.00 0.00 0.00 0.00 0.00 0.00 0.00 0.00 0.00 0.00
12.62 12.70 12.78 12.86 12.95 13.02 13.10 13.18 13.25 13.32 13.38 13.44 13.51 13.56 13.62 13.68 13.73 13.79 13.84 13.89 13.94 13.99 14.03 0.00 0.00 0.00 0.00 0.00 0.00 0.00 0.00 0.00 0.00 0.00 0.00 0.00 0.00 0.00 0.00 0.00 0.00 0.00 0.00 0.00 0.00 0.00 0.00 0.00 0.00 0.00 0.00 0.00 0.00 0.00 0.00 0.00 0.00 0.00 0.00 0.00 0.00 0.00 0.00 0.00 0.00 0.00 0.00 0.00 0.00 0.00 0.00 0.00 0.00 0.00 0.00 0.00 0.00 0.00 0.00 0.00 0.00
12.79 12.87 12.96 13.04 13.12 13.20 13.28 13.35 13.42 13.49 13.56 13.62 13.67 13.73 13.78 13.84 13.89 13.94 13.99 14.03 14.08 14.13 14.17 0.00 0.00 0.00 0.00 0.00 0.00 0.00 0.00 0.00 0.00 0.00 0.00 0.00 0.00 0.00 0.00 0.00 0.00 0.00 0.00 0.00 0.00 0.00 0.00 0.00 0.00 0.00 0.00 0.00 0.00 0.00 0.00 0.00 0.00 0.00 0.00 0.00 0.00 0.00 0.00 0.00 0.00 0.00 0.00 0.00 0.00 0.00 0.00 0.00 0.00 0.00 0.00 0.00 0.00 0.00 0.00 0.00 0.00
12.97 42.35 13.14 13.22 13.30 13.38 13.46 13.53 13.60 13.67 13.73 13.79 13.84 13.90 13.95 13.99 14.04 14.09 14.13 14.18 14.22 53.18 0.00 0.00 0.00 0.00 0.00 0.00 0.00 0.00 0.00 0.00 0.00 0.00 0.00 0.00 0.00 0.00 0.00 0.00 0.00 0.00 0.00 0.00 0.00 0.00 0.00 0.00 0.00 0.00 0.00 0.00 0.00 0.00 0.00 0.00 0.00 0.00 0.00 0.00 0.00 0.00 0.00 0.00 0.00 0.00 0.00 0.00 0.00 0.00 0.00 0.00 0.00 0.00 0.00 0.00 0.00 0.00 0.00 0.00 0.00
50.65 13.24 13.32 13.40 13.49 13.57 13.64 13.72 13.79 13.85 13.91 13.96 14.02 14.06 14.11 14.15 14.20 45.65 42.70 14.32 14.36 0.00 0.00 0.00 0.00 0.00 0.00 0.00 0.00 0.00 0.00 0.00 0.00 0.00 0.00 0.00 0.00 0.00 0.00 0.00 0.00 0.00 0.00 0.00 0.00 0.00 0.00 0.00 0.00 0.00 0.00 0.00 0.00 0.00 0.00 0.00 0.00 0.00 0.00 0.00 0.00 0.00 0.00 0.00 0.00 0.00 0.00 0.00 0.00 0.00 0.00 0.00 0.00 0.00 0.00 0.00 0.00 0.00 0.00 0.00 0.00
40.07 13.43 13.51 13.59 13.68 13.76 13.83 13.90 13.97 14.03 14.09 14.14 14.19 14.23 14.27 14.31 14.35 14.39 0.00 0.00 0.00 0.00 0.00 0.00 0.00 0.00 0.00 0.00 0.00 0.00 0.00 0.00 0.00 0.00 0.00 0.00 0.00 0.00 0.00 0.00 0.00 0.00 0.00 0.00 0.00 0.00 0.00 0.00 0.00 0.00 0.00 0.00 0.00 0.00 0.00 0.00 0.00 0.00 0.00 0.00 0.00 0.00 0.00 0.00 0.00 0.00 0.00 0.00 0.00 0.00 0.00 0.00 0.00 0.00 0.00 0.00 0.00 0.00 0.00 0.00 0.00
40.73 13.62 13.71 13.79 13.87 13.95 14.02 14.09 14.16 14.22 14.27 14.32 14.36 14.40 14.43 14.47 14.50 0.00 0.00 0.00 0.00 0.00 0.00 0.00 0.00 0.00 0.00 0.00 0.00 0.00 0.00 0.00 0.00 0.00 0.00 0.00 0.00 0.00 0.00 0.00 0.00 0.00 0.00 0.00 0.00 0.00 0.00 0.00 0.00 0.00 0.00 0.00 0.00 0.00 0.00 0.00 0.00 0.00 0.00 0.00 0.00 0.00 0.00 0.00 0.00 0.00 0.00 0.00 0.00 0.00 0.00 0.00 0.00 0.00 0.00 0.00 0.00 0.00 0.00 0.00 0.00
