ASPA-UH-SWB2_REPO/output/post_prcessed_with_MFR/actual_et_annual.asc
NCOLS 350
NROWS 200
XLLCENTER 515000.000000
YLLCENTER 8409000.000000
CELLSIZE 100.000000
NODATA_value -999.000000
[rows 108 to 143 of 200, columns 81 to 161 of 350]
14.24 14.21 14.17 14.14 14.10 14.07 14.03 13.99 13.95 44.54 43.79 43.59 43.34 43.21 43.09 42.96 50.02 41.45 13.51 13.46 13.41 13.37 13.32 13.27 13.23 13.19 13.14 13.10 13.06 13.03 12.99 12.96 12.92 12.89 12.86 12.83 12.80 12.77 12.74 12.70 12.67 12.63 12.59 12.54 12.49 12.44 12.37 12.30 12.22 12.14 12.06 11.97 11.89 11.81 11.74 11.68 11.64 11.62 11.62 11.64 11.69 11.75 11.83 11.92 12.02 12.12 12.22 12.32 12.43 12.54 12.65 12.76 12.88 12.99 13.10 13.20 13.30 39.39 39.53 42.67 51.04
14.21 14.18 14.15 14.11 14.07 14.04 14.00 13.96 43.71 43.60 43.49 43.38 20.16 13.71 50.23 50.08 49.93 13.53 13.48 13.43 13.38 13.34 13.29 13.25 13.20 13.16 13.12 13.08 13.04 13.01 12.97 12.94 12.90 12.87 12.84 12.81 12.78 12.75 12.72 12.69 12.66 12.62 12.58 12.54 12.49 12.43 12.37 12.30 12.22 12.14 12.05 11.97 11.88 11.81 11.74 36.60 11.64 11.63 11.64 11.67 11.73 11.81 11.90 12.00 12.11 12.22 12.33 12.44 12.56 12.67 12.79 12.92 13.04 13.16 13.28 13.39 13.50 40.18 51.13 40.74 51.69
14.19 14.15 14.12 14.08 14.05 14.01 13.97 13.93 13.90 43.53 50.89 43.30 43.18 13.68 50.33 50.00 39.68 13.50 13.45 13.41 13.36 13.31 13.27 13.23 13.18 41.54 42.17 13.06 13.02 12.99 12.95 12.92 12.89 12.86 12.83 12.80 12.77 12.75 12.72 12.69 12.65 12.62 12.58 12.54 12.49 12.43 12.37 12.30 12.23 12.15 12.06 11.98 11.89 11.82 11.75 11.70 37.98 37.50 11.68 11.72 11.79 11.88 11.98 46.07 12.22 12.33 12.45 12.57 12.69 12.81 12.94 13.08 13.21 13.34 19.76 41.77 13.70 43.27 51.59 44.50 52.36
14.17 14.13 14.10 14.06 14.03 13.99 13.95 13.91 13.87 45.22 52.73 43.24 43.12 39.95 42.88 42.75 42.62 42.49 42.48 42.35 13.34 13.30 42.62 41.73 41.61 41.50 13.09 13.05 13.01 12.98 12.94 12.91 12.88 12.85 12.82 40.47 40.38 40.30 12.71 12.69 12.66 12.62 12.58 12.54 12.50 12.44 12.38 12.32 12.24 12.17 12.09 38.45 11.92 11.85 11.78 11.74 38.10 44.13 11.74 11.79 11.87 11.97 12.09 12.21 46.99 36.97 12.58 12.71 12.83 12.96 13.10 13.24 39.25 40.03 20.04 42.33 13.91 14.02 52.45 37.38 16.65
14.15 14.12 14.08 14.04 14.01 13.97 13.93 13.89 13.85 45.17 52.67 44.91 44.78 44.65 42.83 42.70 42.58 42.45 42.32 42.20 42.07 41.94 41.82 41.80 41.58 13.12 13.08 13.04 13.00 12.97 12.94 12.91 12.88 12.85 40.59 40.46 40.38 40.29 40.21 12.69 12.66 12.63 12.60 12.56 12.51 12.46 12.41 12.34 12.28 12.20 38.79 39.14 11.97 11.90 11.84 11.80 44.48 11.79 11.82 11.89 11.98 39.20 12.21 12.33 47.04 40.12 12.72 12.85 12.98 13.12 13.26 42.48 50.43 51.13 51.59 42.89 36.52 53.70 53.12 43.41 47.46
14.14 14.10 14.07 14.03 13.99 13.95 13.91 13.88 45.24 41.59 45.00 44.86 44.73 44.61 44.74 44.34 44.21 44.07 42.29 42.17 42.04 41.92 41.80 41.68 41.57 41.45 41.44 41.34 41.24 41.00 39.72 12.90 12.88 12.85 12.82 40.47 12.77 40.31 40.23 12.70 12.68 12.65 12.62 12.58 12.54 12.49 12.44 12.38 12.32 12.25 39.04 37.85 12.04 11.97 11.92 11.89 44.49 11.89 11.94 12.01 12.10 39.57 39.95 12.47 12.61 48.02 48.03 13.00 13.14 13.28 41.31 13.59 43.61 36.78 37.03 53.55 37.48 42.53 43.74 44.03 44.29
14.13 14.09 14.05 14.02 13.98 13.94 45.44 45.33 45.21 45.08 45.26 41.43 44.71 52.06 51.92 44.31 51.64 44.05 43.91 51.89 43.65 41.91 41.79 41.67 41.56 41.45 48.26 41.20 41.10 41.01 12.94 12.91 12.88 12.85 12.83 12.81 12.78 12.76 12.74 41.95 12.69 12.67 12.64 12.61 12.57 12.53 12.48 12.43 12.37 40.47 12.25 39.54 12.12 12.07 12.03 44.89 12.00 12.02 12.07 12.15 12.25 12.36 12.49 12.62 12.76 47.88 49.01 41.68 13.31 13.46 49.79 35.75 53.13 37.04 53.71 42.39 47.93 57.38 0.00 0.00 0.00
14.12 14.08 14.05 14.01 13.97 13.93 13.89 13.85 45.18 45.34 44.93 44.81 44.69 41.05 51.89 51.76 51.62 51.48 40.16 51.19 51.04 50.90 50.76 43.27 43.15 48.46 48.28 48.16 19.07 12.97 12.94 12.92 12.89 12.86 12.84 42.30 12.80 12.78 42.08 42.23 12.72 12.70 12.67 41.66 12.61 12.58 12.54 12.49 12.44 12.39 39.43 39.80 12.22 17.86 37.95 12.13 12.14 12.17 12.23 12.31 12.41 12.53 12.66 12.79 12.93 48.39 14.85 49.95 36.25 51.12 53.17 53.21 53.78 46.27 45.15 53.88 21.64 0.00 0.00 0.00 0.00
14.11 14.08 14.04 14.00 13.97 13.93 13.89 13.85 13.81 45.42 44.91 45.18 44.94 44.54 44.42 44.28 44.15 51.47 52.03 51.19 19.52 19.46 51.31 50.64 50.50 50.22 13.08 13.05 13.02 12.99 12.96 12.93 12.90 12.88 12.86 42.42 42.28 42.53 42.53 12.77 12.75 12.73 12.71 12.69 12.66 12.63 12.60 12.56 12.51 12.47 40.91 40.56 39.95 46.78 46.69 12.28 12.29 12.33 12.39 12.48 12.58 12.70 12.83 12.97 38.56 48.93 35.79 36.02 52.27 53.31 53.87 53.84 55.04 54.93 55.45 48.72 44.81 0.00 0.00 0.00 15.41
14.11 14.08 14.04 14.00 13.96 13.92 13.88 13.84 13.80 13.76 13.72 44.78 44.66 44.54 40.91 44.29 44.15 44.03 19.65 13.35 13.31 51.51 39.96 13.20 13.16 13.13 13.09 42.87 43.38 51.13 12.97 12.95 12.92 12.90 12.88 42.41 38.88 38.91 42.23 12.80 12.78 42.05 12.75 12.74 12.71 12.69 12.66 12.63 12.60 12.56 12.52 12.49 40.80 37.45 36.86 12.43 12.46 12.50 12.57 12.66 12.77 12.89 13.02 13.16 39.91 51.90 51.93 43.68 44.09 43.22 44.37 54.45 37.86 55.52 44.82 58.01 15.16 15.29 0.00 0.00 0.00
14.11 14.08 14.04 14.00 13.96 13.92 13.89 13.85 13.81 13.77 13.72 13.68 44.94 44.81 44.42 44.30 13.48 40.56 51.34 13.36 13.32 42.07 19.43 13.21 13.18 13.14 13.11 13.08 42.83 51.19 51.02 43.09 42.70 12.92 39.03 39.10 39.06 39.01 12.85 12.84 12.83 12.81 12.80 12.79 12.77 12.75 12.73 12.71 12.68 12.65 12.63 12.60 34.75 12.57 37.84 34.67 39.71 12.68 12.75 12.85 12.96 13.08 13.21 13.35 13.49 52.08 53.13 45.23 44.64 43.79 45.48 47.02 55.58 56.10 0.00 0.00 0.00 0.00 0.00 0.00 0.00
14.12 14.08 14.04 14.01 13.97 13.93 13.89 13.85 13.81 13.77 13.73 13.69 44.67 44.55 44.43 44.31 13.49 13.45 13.41 43.84 19.56 19.51 43.72 13.23 13.20 13.16 43.29 13.10 39.48 39.40 43.34 43.17 39.35 39.29 39.24 42.92 50.13 42.83 42.43 12.88 12.87 12.86 12.85 12.84 12.83 12.82 12.80 12.79 12.77 41.69 38.93 12.72 34.97 48.88 48.91 48.99 49.56 12.86 47.64 48.22 13.15 13.27 13.41 36.22 52.22 52.71 53.19 53.82 54.32 54.81 47.12 47.58 54.18 57.65 57.32 0.00 0.00 0.00 0.00 0.00 0.00
14.13 14.09 14.05 14.01 13.97 13.94 13.90 13.86 13.82 13.78 13.74 20.09 41.37 13.62 13.58 44.71 13.50 13.46 13.43 51.89 13.35 13.32 13.28 13.25 13.22 43.47 43.37 43.28 39.56 39.48 42.66 43.26 39.45 15.26 50.81 50.75 42.71 42.96 42.71 12.92 12.92 12.91 12.91 12.90 12.90 12.89 12.88 12.87 49.27 42.66 39.13 39.08 49.34 12.85 12.87 38.79 12.96 49.96 13.12 50.62 35.85 51.44 51.89 52.36 52.84 53.33 53.81 37.42 45.23 47.23 54.81 54.16 57.68 57.33 57.78 0.00 0.00 0.00 0.00 0.00 0.00
14.13 14.10 14.06 14.02 13.98 13.94 13.91 13.87 13.83 13.79 13.75 13.71 13.67 13.63 13.59 13.55 13.52 13.48 13.44 13.41 13.37 13.34 13.31 13.27 13.24 39.97 43.45 43.36 39.71 43.20 42.93 42.66 43.30 51.00 50.94 50.89 43.12 39.37 12.97 12.97 12.97 12.97 12.97 12.96 12.96 42.48 12.96 12.95 39.28 12.95 39.33 50.66 50.69 42.37 42.46 13.06 13.12 13.19 13.29 42.32 39.68 50.25 40.40 52.96 20.66 44.47 54.41 55.67 14.69 47.77 46.50 57.83 57.63 57.77 58.21 58.62 0.00 0.00 0.00 0.00 0.00
14.14 14.11 14.07 14.03 14.00 13.96 13.92 13.88 13.84 13.80 13.76 13.72 13.68 13.65 13.61 13.57 13.54 13.50 13.47 13.43 13.40 13.37 13.33 13.30 43.73 40.05 13.21 13.19 13.16 50.85 43.02 42.75 43.42 51.14 39.58 39.55 39.53 13.03 13.02 13.02 13.02 13.02 42.71 13.03 13.03 42.67 42.65 50.79 39.59 51.00 51.02 39.61 43.37 42.75 42.86 13.20 13.27 39.25 49.63 42.77 43.10 50.78 43.85 45.70 54.17 46.58 47.02 55.46 56.75 45.55 47.18 58.36 57.75 58.56 58.61 59.02 41.87 0.00 0.00 0.00 0.00
14.16 14.12 14.08 14.05 14.01 13.97 13.93 13.89 13.85 13.82 13.78 45.29 13.70 13.66 13.63 13.59 13.56 13.52 13.49 13.46 13.42 13.39 13.36 13.33 13.30 43.73 13.25 51.14 13.20 51.07 19.29 43.05 51.34 19.22 51.24 39.68 39.66 13.07 51.11 13.07 13.07 13.08 13.08 13.09 42.85 42.85 51.05 51.28 51.30 43.55 51.38 43.65 43.73 43.10 42.01 42.16 13.41 39.63 42.87 50.52 50.84 51.26 52.74 36.80 46.64 43.59 14.76 38.20 38.41 40.54 47.73 40.95 59.41 50.70 59.00 59.41 59.79 48.89 0.00 0.00 0.00
14.17 14.14 14.10 14.06 14.02 13.99 13.95 13.91 20.35 13.83 13.80 45.34 13.72 13.69 13.65 13.62 13.58 13.55 13.52 13.48 13.45 13.42 13.39 13.36 13.34 13.31 51.35 51.26 13.23 43.53 43.23 43.77 43.72 51.43 39.55 43.56 43.54 43.52 43.51 43.60 13.13 51.50 39.63 13.15 43.02 39.16 39.12 51.55 40.04 51.64 43.88 43.96 51.90 40.46 42.33 13.46 42.70 39.99 40.27 40.59 51.28 51.71 52.16 52.62 16.52 44.05 38.20 37.93 56.68 40.77 40.98 41.19 41.39 58.95 59.38 59.80 42.21 60.56 0.00 0.00 0.00
14.19 14.15 14.11 14.08 14.04 14.00 13.97 13.93 13.89 13.85 13.82 13.78 20.16 13.71 13.68 13.64 13.61 13.58 13.55 13.51 13.48 13.46 13.43 13.40 51.65 51.56 51.47 51.39 13.27 43.40 43.33 40.09 51.73 51.68 43.72 43.70 43.68 43.67 43.66 43.17 39.76 51.44 51.44 51.76 51.45 51.46 51.76 43.96 40.27 44.07 44.15 43.94 42.34 44.52 39.66 39.84 43.02 50.56 50.89 40.93 51.68 52.11 52.57 53.02 53.47 53.91 54.34 40.50 40.70 40.95 41.14 41.34 58.88 41.77 41.99 42.20 42.40 60.96 0.00 0.00 0.00
14.20 14.17 14.13 14.10 14.06 14.02 13.99 13.95 13.91 13.88 45.10 20.25 20.20 13.74 13.70 13.67 13.64 13.61 13.58 13.55 13.52 13.49 13.46 13.44 51.77 42.29 51.59 13.34 13.31 43.51 43.44 44.04 43.99 51.84 51.80 43.84 43.82 43.91 43.81 43.30 43.82 51.81 51.83 51.87 40.17 51.95 44.12 44.18 51.66 40.57 40.66 42.50 40.79 44.49 44.68 40.12 50.60 51.90 15.37 36.49 52.04 36.91 52.92 53.37 53.83 54.27 40.50 40.65 40.85 41.09 41.28 41.49 41.71 41.94 42.17 62.32 60.99 61.35 61.69 0.00 0.00
14.22 14.19 14.15 14.12 14.08 14.04 14.01 13.97 13.94 45.22 45.13 20.29 13.80 13.76 13.73 13.70 13.67 13.64 13.61 13.58 13.55 13.53 13.50 13.47 51.88 13.42 13.40 13.38 43.95 40.11 44.23 44.18 44.13 52.00 51.97 51.95 51.93 43.95 43.95 40.26 51.97 40.32 52.02 52.09 52.11 52.16 52.22 44.09 44.15 44.24 44.34 44.46 44.60 43.10 13.71 50.65 50.92 4.20 36.45 36.64 52.37 52.80 15.97 53.70 54.16 56.48 40.64 40.79 40.98 41.16 58.70 41.65 41.88 18.03 60.58 61.00 61.39 61.75 62.09 62.41 0.00
14.24 14.21 14.17 14.14 14.10 14.07 14.03 14.00 13.96 45.24 43.66 41.85 13.83 13.79 13.76 13.73 13.70 13.67 13.65 13.62 13.59 13.56 13.54 13.51 13.49 13.46 13.44 40.57 40.51 43.72 44.36 44.31 44.27 52.16 52.13 52.11 40.38 44.19 44.19 44.21 52.14 40.48 40.52 52.25 52.30 44.44 52.43 44.27 44.08 44.17 13.57 13.61 13.67 41.34 52.62 13.90 13.99 14.10 36.59 15.68 52.80 53.11 53.81 54.27 56.70 45.48 47.98 22.94 23.18 41.30 17.61 59.51 60.01 60.51 60.98 61.40 61.80 62.15 43.40 43.57 43.73
14.26 14.23 14.19 54.39 14.12 14.09 14.06 14.02 13.99 20.47 13.92 13.89 13.86 13.83 13.80 13.77 13.74 13.71 13.68 13.66 13.63 13.60 13.58 13.55 13.53 13.51 13.48 44.32 44.17 44.55 44.50 40.62 44.41 40.55 40.53 52.27 44.33 40.53 40.54 44.35 44.38 40.62 52.58 52.43 44.55 44.62 44.38 44.18 44.27 15.61 52.16 52.44 52.48 41.59 52.91 14.00 14.10 14.21 14.33 52.57 52.98 54.63 55.33 40.27 56.88 57.29 57.40 41.04 41.24 41.44 41.66 41.91 60.40 60.90 61.37 61.80 62.19 62.54 43.60 63.15 0.00
14.28 14.25 14.22 14.18 14.15 14.12 14.08 14.05 14.02 13.98 13.95 13.92 13.89 13.86 13.83 13.80 13.77 13.75 13.72 13.70 13.67 13.64 13.62 13.60 13.57 13.55 13.53 13.50 44.28 13.47 44.63 44.58 44.54 44.51 44.48 52.43 44.46 40.66 44.48 44.49 44.52 44.56 52.55 52.61 40.94 44.48 52.33 52.02 52.13 52.26 13.72 41.42 52.74 41.81 53.19 14.10 14.20 14.32 14.44 52.87 53.29 53.73 56.31 56.74 57.15 57.57 59.17 41.18 41.49 50.25 50.79 59.88 42.45 61.28 61.75 62.17 43.43 43.62 43.78 43.92 0.00
14.31 14.27 14.24 46.58 14.17 14.14 14.11 14.08 14.05 14.01 13.98 13.95 13.92 13.89 13.87 13.84 13.81 13.79 13.76 13.74 13.71 13.69 13.66 13.64 13.62 13.59 13.57 13.55 13.53 13.51 44.76 44.71 44.67 44.64 40.79 52.58 44.59 40.79 52.58 44.63 44.66 40.91 52.71 52.78 52.85 44.63 51.99 52.22 52.34 52.48 44.93 53.41 53.00 14.01 53.48 14.20 14.31 14.43 14.56 37.23 54.84 55.94 40.33 57.02 57.44 58.28 41.12 41.32 17.64 59.63 61.85 42.27 18.34 61.63 62.09 62.51 62.87 43.77 43.92 44.06 44.18
14.33 14.30 14.27 43.12 43.04 14.17 14.14 14.11 14.08 14.05 14.02 13.99 13.96 13.93 13.90 13.88 13.85 13.83 13.80 13.78 13.75 13.73 13.71 13.68 13.66 13.64 13.61 44.56 44.23 44.16 44.90 44.85 44.82 44.77 44.74 40.91 52.71 52.71 40.93 44.76 44.79 52.82 44.89 44.95 44.71 44.42 44.60 44.71 44.84 41.53 41.70 53.69 15.98 54.23 14.20 14.31 14.42 14.54 14.67 37.39 56.93 56.24 56.64 57.04 57.45 57.87 58.28 23.76 59.51 59.99 60.48 60.98 61.48 43.23 62.39 18.84 63.13 63.42 63.68 44.16 0.00
14.36 14.32 14.29 42.52 43.11 43.02 14.17 14.14 14.11 14.08 14.05 14.02 14.00 13.97 13.94 13.92 13.89 13.87 45.59 13.82 13.80 13.77 13.75 13.73 13.70 13.68 13.66 44.67 44.34 44.28 45.03 44.98 44.93 44.89 41.04 41.03 41.03 41.03 44.86 52.88 52.92 52.96 52.00 40.95 41.03 20.08 20.14 44.90 45.13 45.30 53.12 53.32 53.55 53.80 54.08 54.55 54.88 53.31 16.11 40.02 56.41 56.82 56.95 57.35 59.29 58.18 58.61 23.98 24.30 60.34 17.04 61.32 61.80 62.25 62.66 63.03 63.34 63.61 63.85 64.07 0.00
14.38 14.35 14.32 42.57 45.75 46.04 14.20 14.17 14.14 14.12 14.09 14.06 14.03 14.01 13.98 13.96 13.94 13.91 45.92 44.84 13.84 13.82 13.80 13.77 13.75 44.90 44.83 44.77 44.46 13.64 44.32 41.26 41.22 45.02 44.99 52.99 52.98 44.96 44.98 45.00 53.05 40.94 44.47 41.08 44.63 41.40 44.94 45.08 45.24 45.52 53.37 42.39 42.63 54.10 54.39 54.88 41.90 42.11 40.00 56.35 56.75 56.88 57.27 57.68 58.09 17.55 17.79 17.93 24.53 16.98 17.21 61.63 62.09 62.52 43.60 43.78 63.52 63.76 63.98 64.20 64.40
14.41 53.27 45.93 42.61 42.62 42.47 14.24 14.21 20.79 20.75 14.13 14.10 14.07 14.05 14.03 14.00 13.98 46.08 46.02 45.96 13.89 13.87 13.84 44.71 45.06 45.00 44.94 13.73 13.71 13.68 40.96 41.39 44.57 40.99 45.11 53.12 53.11 45.08 45.09 53.14 41.36 41.06 41.12 41.21 13.76 41.50 41.64 45.18 45.36 45.56 53.63 53.87 54.13 54.41 14.53 55.47 55.84 55.92 16.89 56.70 57.09 57.21 57.61 58.02 58.76 59.20 59.65 16.70 60.57 61.03 17.37 61.93 43.29 43.51 18.93 63.42 44.01 63.89 64.10 44.35 44.46
53.50 46.04 45.97 45.90 42.87 14.30 14.27 14.25 20.83 14.19 14.17 14.14 45.04 43.26 20.58 14.05 45.12 45.06 45.00 44.94 44.26 13.91 13.89 13.87 44.00 43.93 43.86 13.77 13.75 13.73 41.08 44.75 52.89 41.10 52.30 15.98 53.46 13.64 53.23 53.26 41.47 41.17 41.24 52.50 43.40 20.34 45.20 45.38 45.57 45.89 54.62 54.16 54.43 14.53 55.04 55.56 55.91 56.26 56.65 58.28 58.77 40.91 46.93 41.38 59.12 59.55 16.64 60.45 60.90 61.34 61.78 43.20 43.42 62.98 43.80 43.95 44.07 44.19 44.29 44.39 0.00
42.93 53.84 53.77 53.70 14.37 14.34 45.09 20.91 20.88 14.23 14.21 14.18 45.41 14.14 14.12 14.09 14.07 45.17 45.21 45.06 45.00 13.96 13.94 44.18 44.11 44.04 43.97 43.90 43.82 13.78 44.67 13.74 41.32 52.48 44.69 52.37 52.34 52.32 40.59 53.39 41.22 44.75 44.83 44.93 20.34 52.94 45.39 53.31 53.68 46.13 54.17 54.45 54.75 55.06 14.77 14.90 56.26 48.68 57.01 58.12 58.21 59.02 47.32 58.70 59.47 16.59 52.39 49.92 52.66 53.16 62.05 64.65 65.09 43.73 63.47 63.71 44.14 66.59 64.30 0.00 0.00
56.31 56.22 53.84 53.76 14.40 14.38 14.35 41.33 41.27 14.28 14.25 14.23 45.49 14.18 14.16 14.14 14.12 45.29 45.33 45.18 45.22 14.01 44.36 13.97 44.24 44.17 13.90 40.48 43.95 43.87 40.27 41.26 52.69 44.87 44.81 52.49 52.46 52.44 44.73 44.76 41.33 44.87 44.96 20.35 45.22 45.39 53.31 45.79 53.92 54.18 54.46 54.75 55.06 55.38 55.91 56.25 47.19 56.96 40.75 40.94 58.14 58.55 58.96 59.03 59.81 60.23 62.49 61.07 61.49 61.90 62.29 64.90 43.64 63.34 43.96 44.08 57.65 57.87 64.38 0.00 0.00
56.41 56.32 56.24 53.85 46.03 14.42 45.23 44.38 14.35 14.32 14.30 14.28 14.26 14.23 14.21 14.19 14.17 45.42 14.13 14.11 41.67 14.07 40.93 44.43 14.00 13.98 13.96 13.93 44.08 44.00 43.93 43.85 41.54 45.00 52.69 40.77 40.73 52.57 44.85 44.88 52.64 45.00 20.36 20.43 20.52 45.57 45.78 46.02 46.27 54.45 46.94 14.64 55.39 55.71 56.03 56.36 48.83 40.74 40.92 17.43 58.93 58.89 59.30 41.89 42.10 42.31 62.84 61.34 61.74 43.15 62.50 62.86 43.72 43.88 57.28 57.54 0.00 0.00 0.00 0.00 0.00
43.44 53.26 54.01 53.94 46.12 14.47 14.44 14.42 14.39 45.47 14.35 14.33 47.23 14.29 14.27 14.25 14.23 41.95 45.51 45.46 41.17 41.12 44.63 14.09 14.06 14.04 14.02 44.30 44.22 44.15 44.07 44.26 44.18 45.15 52.86 53.32 45.00 41.50 44.99 45.01 41.59 45.15 45.26 45.40 42.11 42.31 42.59 54.00 54.44 16.42 55.06 55.18 55.71 22.01 48.52 56.63 56.99 57.37 41.03 50.29 60.10 41.58 59.62 42.05 60.42 42.46 63.16 63.63 61.97 62.34 62.69 43.63 43.79 52.12 52.36 0.00 0.00 0.00 0.00 0.00 0.00
39.12 53.36 43.12 43.06 53.98 14.51 14.49 14.47 14.44 45.94 53.61 45.84 52.78 42.25 14.32 45.89 42.12 45.71 45.66 53.26 41.30 41.26 41.21 14.15 14.13 41.04 44.53 44.46 44.38 51.61 13.98 44.42 44.35 52.22 41.11 41.70 45.25 41.65 45.14 45.17 41.75 45.31 45.43 42.12 42.31 42.53 53.99 54.43 54.55 54.85 55.17 21.80 56.02 56.35 56.68 56.96 57.33 17.31 58.06 50.60 50.97 59.17 59.91 52.35 60.68 61.06 61.44 42.99 43.18 43.36 43.53 63.15 0.00 0.00 0.00 0.00 0.00 0.00 0.00 0.00 0.00
39.14 53.47 43.27 54.25 54.19 54.12 14.54 14.52 14.50 53.79 39.27 53.68 53.66 53.67 53.64 45.98 41.58 53.54 41.57 54.15 20.76 14.25 14.23 14.21 44.83 44.77 41.14 44.63 44.56 14.07 44.41 44.33 40.97 44.89 44.83 41.88 45.35 41.84 45.33 45.36 45.41 45.51 45.64 42.33 42.53 42.76 46.49 54.53 54.84 55.15 55.47 55.79 56.34 56.67 58.25 57.29 57.65 41.18 58.37 58.72 59.43 59.81 60.19 60.56 60.93 61.29 61.65 43.09 43.27 62.67 0.00 0.00 0.00 0.00 0.00 0.00 0.00 0.00 0.00 0.00 0.00
39.18 53.58 54.46 54.39 43.28 42.56 54.13 54.06 54.08 54.02 53.96 53.91 14.48 42.56 53.78 46.14 53.73 53.70 53.67 53.63 54.30 45.90 45.85 14.28 45.01 41.37 41.31 41.25 14.17 14.15 14.12 40.98 40.91 52.65 45.04 45.00 53.36 45.54 45.55 45.57 45.64 45.73 42.72 46.52 46.74 55.06 54.53 54.83 55.14 55.46 55.78 56.09 56.40 56.99 57.25 49.76 50.12 58.31 60.28 59.35 51.75 60.08 60.44 60.79 61.15 42.83 43.01 62.16 62.49 0.00 0.00 0.00 0.00 0.00 0.00 0.00 0.00 0.00 0.00 0.00 0.00
