ASPA-UH-SWB2_REPO/output/post_prcessed_with_MFR/actual_et_annual.asc
NCOLS 350
NROWS 200
XLLCENTER 515000.000000
YLLCENTER 8409000.000000
CELLSIZE 100.000000
NODATA_value -999.000000
[rows 72 to 107 of 200, columns 162 to 242 of 350]
12.40 12.32 12.24 12.16 46.56 34.11 46.34 45.97 38.75 11.75 11.71 11.67 38.14 38.24 44.98 38.23 38.27 38.19 44.96 34.81 0.00 0.00 0.00 0.00 0.00 0.00 0.00 0.00 0.00 0.00 0.00 0.00 0.00 0.00 0.00 0.00 0.00 0.00 0.00 0.00 0.00 0.00 0.00 0.00 0.00 0.00 0.00 0.00 0.00 32.76 49.91 42.10 42.17 12.85 12.87 12.89 12.91 12.93 12.95 12.97 12.99 13.02 13.04 42.77 42.85 42.94 13.15 13.18 13.21 13.24 13.27 13.31 13.34 13.38 13.42 13.45 13.49 13.54 13.58 13.62 13.67
12.33 12.24 12.16 12.08 34.11 33.97 35.78 35.58 38.64 11.67 11.63 11.59 38.05 38.02 38.01 11.57 11.59 38.17 38.27 45.51 34.77 34.84 0.00 0.00 0.00 35.06 35.09 35.14 35.16 35.18 35.20 35.22 0.00 0.00 0.00 0.00 0.00 0.00 0.00 0.00 0.00 0.00 0.00 0.00 0.00 0.00 0.00 0.00 0.00 14.83 50.06 38.95 12.88 12.90 12.92 12.94 12.96 12.98 13.01 13.03 13.05 13.08 13.10 13.13 13.16 13.19 13.22 13.25 13.28 13.32 13.35 13.39 13.42 13.46 13.50 13.54 13.58 13.62 13.66 13.71 13.75
12.25 12.17 46.59 46.71 13.81 45.91 11.77 11.70 11.64 11.59 11.55 11.52 11.51 11.50 11.50 11.51 11.54 11.57 11.61 11.65 45.56 34.78 34.84 0.00 34.96 35.05 35.05 36.64 36.85 47.46 35.16 37.64 0.00 0.00 0.00 0.00 0.00 0.00 0.00 0.00 0.00 0.00 0.00 0.00 0.00 0.00 0.00 0.00 0.00 49.56 42.29 12.91 12.93 12.95 12.98 13.00 13.02 13.04 13.07 13.09 13.12 13.15 13.17 13.20 13.23 13.26 13.29 13.33 13.36 13.39 13.43 13.47 13.50 13.54 13.58 13.62 13.66 13.71 13.75 13.79 13.84
12.17 39.78 46.32 46.04 45.77 45.62 45.39 11.63 11.57 11.52 11.49 11.46 11.45 11.45 11.45 11.47 11.50 11.53 11.58 45.42 34.66 34.74 34.80 45.37 34.93 36.15 12.07 36.34 36.87 35.12 35.14 0.00 0.00 0.00 0.00 0.00 0.00 0.00 0.00 0.00 0.00 0.00 0.00 0.00 0.00 0.00 0.00 0.00 0.00 0.00 32.94 39.27 12.99 13.01 13.04 13.06 13.09 13.11 13.14 13.16 13.19 13.22 13.25 13.28 13.31 13.34 13.37 13.41 13.44 13.48 13.51 13.55 13.59 13.63 13.67 13.71 13.75 13.79 13.83 13.88 13.92
39.80 46.34 46.06 45.78 45.51 45.25 45.00 11.56 37.97 37.83 37.72 11.41 11.40 11.41 11.42 11.44 11.47 11.51 11.56 13.40 34.64 34.72 34.79 45.37 45.55 12.01 12.07 46.27 46.94 34.49 37.89 0.00 0.00 0.00 0.00 0.00 0.00 0.00 0.00 0.00 0.00 0.00 0.00 0.00 0.00 0.00 0.00 0.00 0.00 0.00 50.58 39.45 13.05 13.08 13.10 13.13 13.15 13.18 13.21 13.23 13.26 13.29 13.32 13.35 13.38 13.42 13.45 13.49 13.52 13.56 13.60 13.64 13.68 13.72 13.76 13.80 13.84 13.88 51.74 51.83 14.01
39.45 46.07 45.79 35.55 11.69 35.11 38.13 37.87 34.60 11.42 11.39 11.37 11.37 11.38 11.40 11.42 11.46 11.50 11.56 11.61 44.84 45.03 45.13 45.33 35.76 36.04 36.24 46.04 34.45 46.31 47.35 0.00 0.00 0.00 0.00 0.00 0.00 0.00 0.00 0.00 0.00 0.00 0.00 0.00 0.00 0.00 0.00 0.00 0.00 13.04 13.07 13.10 13.12 13.15 13.17 13.20 13.23 13.25 13.28 13.31 13.34 13.37 13.40 13.43 13.47 13.50 13.54 13.57 13.61 13.65 13.69 13.72 13.76 13.80 13.84 13.88 13.92 13.97 0.00 0.00 0.00
11.93 45.80 11.77 11.70 38.35 11.56 37.95 37.78 11.41 11.38 11.36 11.35 11.35 11.36 11.39 11.42 11.46 11.51 11.56 11.62 38.25 44.97 45.19 38.87 11.97 12.04 36.30 46.89 34.50 46.38 34.61 0.00 0.00 0.00 0.00 0.00 0.00 0.00 0.00 0.00 0.00 0.00 0.00 0.00 0.00 0.00 0.00 0.00 0.00 13.11 13.14 13.17 13.19 13.22 13.25 13.28 13.30 13.33 13.36 13.39 13.42 13.45 40.22 13.51 13.55 13.58 13.62 13.66 13.70 13.73 13.77 13.81 13.85 13.89 13.93 13.97 14.01 0.00 0.00 0.00 0.00
35.73 45.53 45.27 11.63 11.56 11.50 11.45 11.41 11.37 37.44 11.33 11.33 11.34 11.36 11.39 11.42 11.47 11.52 11.58 11.64 11.71 35.37 11.85 11.93 12.00 12.07 12.15 34.48 46.35 34.61 34.66 38.16 0.00 0.00 0.00 0.00 0.00 0.00 0.00 0.00 0.00 0.00 0.00 0.00 0.00 0.00 0.00 0.00 0.00 0.00 13.21 13.24 13.27 13.30 13.32 13.35 13.38 13.41 13.44 13.47 13.50 40.33 43.56 40.91 13.63 13.67 13.71 13.74 13.78 13.82 13.86 13.90 13.94 13.98 14.02 14.06 41.81 0.00 0.00 0.00 0.00
45.87 45.28 35.07 11.56 11.51 11.45 11.41 11.38 11.35 37.39 11.32 11.33 11.34 11.37 11.40 11.44 11.49 11.54 11.60 11.67 11.74 11.81 11.89 11.96 12.04 12.11 39.67 36.69 36.88 36.97 37.14 37.30 34.78 0.00 0.00 0.00 0.00 0.00 0.00 0.00 0.00 0.00 0.00 0.00 0.00 0.00 0.00 0.00 0.00 0.00 33.31 13.32 13.35 13.38 13.40 13.43 13.46 13.49 13.52 13.55 13.58 40.53 43.76 43.65 13.72 13.76 13.79 13.83 13.87 13.91 13.95 13.99 14.03 14.07 14.11 14.14 14.18 0.00 0.00 0.00 0.00
38.50 35.07 44.82 11.51 11.46 11.42 11.38 11.35 11.33 11.33 11.33 11.34 11.36 11.38 11.42 11.47 11.52 11.58 11.64 11.71 11.78 11.85 11.93 12.00 12.08 12.15 12.23 12.30 12.37 12.43 12.50 37.54 48.54 35.03 34.90 34.94 0.00 0.00 0.00 0.00 0.00 0.00 0.00 0.00 0.00 0.00 0.00 0.00 0.00 0.00 51.22 13.40 13.43 13.46 13.49 13.51 13.54 13.57 13.60 13.64 13.67 44.17 41.03 13.77 13.80 13.84 13.88 13.92 13.96 14.00 14.04 14.07 14.11 14.15 14.19 14.23 14.27 0.00 0.00 0.00 0.00
38.29 44.83 11.51 11.46 11.42 11.39 11.36 11.34 11.33 11.33 11.34 11.35 11.38 11.41 11.45 11.50 11.56 11.62 11.68 11.75 11.82 11.90 11.97 12.05 12.13 12.20 12.27 12.34 12.41 12.48 12.54 40.66 47.19 34.95 12.78 12.83 12.88 12.93 0.00 0.00 0.00 0.00 0.00 0.00 0.00 0.00 0.00 0.00 0.00 0.00 51.44 13.48 13.51 13.54 13.57 13.60 13.63 13.66 13.69 13.72 41.54 45.33 13.82 13.85 13.89 13.93 13.97 14.00 14.04 14.08 14.12 14.16 14.20 14.24 14.28 14.31 14.35 0.00 0.00 0.00 0.00
38.17 34.78 11.47 11.43 11.39 11.37 11.35 11.34 11.34 11.34 11.36 11.38 11.41 11.45 11.49 11.55 11.60 11.67 11.73 11.80 11.88 11.95 12.03 12.10 12.18 12.25 12.33 12.40 12.47 12.53 37.66 40.81 37.87 38.02 12.84 12.89 12.95 13.00 0.00 0.00 0.00 0.00 0.00 0.00 0.00 0.00 0.00 0.00 0.00 0.00 1.12 13.56 13.59 13.62 13.65 13.68 13.71 13.74 13.77 13.80 53.49 52.88 13.90 13.94 13.98 14.01 14.05 14.09 14.13 14.17 14.21 14.24 14.28 14.32 14.36 14.40 0.00 0.00 0.00 0.00 0.00
38.00 11.47 11.43 11.40 11.38 11.36 11.35 11.35 11.36 11.37 11.39 11.42 11.45 11.49 11.54 11.60 11.66 11.72 11.79 11.86 11.93 12.01 12.09 12.16 12.24 12.31 40.27 12.46 12.52 12.59 12.66 12.72 12.78 12.84 12.90 38.59 39.47 0.00 0.00 0.00 0.00 0.00 0.00 0.00 0.00 0.00 0.00 0.00 0.00 0.00 0.00 13.65 13.68 13.71 13.74 13.77 13.80 13.83 13.86 13.89 45.40 54.14 36.23 44.62 14.06 14.10 14.14 41.93 14.21 52.72 42.90 42.97 43.79 0.00 43.12 0.00 0.00 0.00 0.00 0.00 0.00
11.48 11.44 11.41 11.39 11.37 11.36 11.36 11.37 11.38 11.40 11.43 11.46 11.50 11.55 11.60 11.65 11.72 11.78 11.85 11.92 12.00 12.07 12.15 12.23 12.30 12.37 40.46 12.52 12.59 12.65 12.72 12.78 12.85 38.48 49.16 39.54 0.00 0.00 0.00 0.00 0.00 0.00 0.00 0.00 0.00 0.00 0.00 0.00 0.00 0.00 0.00 52.17 13.76 13.79 13.82 13.85 13.88 13.91 13.94 13.97 14.01 54.09 36.27 14.11 14.14 14.18 52.19 52.29 0.00 0.00 0.00 0.00 0.00 0.00 0.00 0.00 0.00 0.00 0.00 0.00 0.00
11.45 11.42 11.40 11.38 11.38 11.38 11.39 11.40 11.42 11.45 11.48 11.51 11.56 11.61 11.66 11.72 11.78 11.85 11.92 46.06 46.31 12.14 12.22 12.29 12.37 12.44 12.51 12.58 47.65 12.72 41.26 38.36 49.09 35.54 11.81 0.00 0.00 0.00 0.00 0.00 0.00 0.00 0.00 0.00 0.00 0.00 0.00 0.00 0.00 0.00 0.00 41.79 41.67 13.88 13.91 52.79 13.97 14.00 14.03 14.06 42.48 0.00 0.00 42.52 42.61 0.00 0.00 0.00 0.00 0.00 0.00 0.00 0.00 0.00 0.00 0.00 0.00 0.00 0.00 0.00 0.00
11.43 11.41 11.40 11.39 11.39 11.40 11.42 11.44 11.47 11.50 11.53 11.58 11.62 11.68 11.73 11.79 11.86 11.93 12.00 12.07 12.14 12.22 46.85 12.37 12.44 48.08 48.30 12.66 35.52 12.79 38.39 39.33 0.00 0.00 0.00 0.00 0.00 0.00 0.00 0.00 0.00 0.00 0.00 0.00 0.00 0.00 0.00 0.00 0.00 0.00 13.88 42.11 45.82 42.04 0.00 0.00 34.35 54.12 54.22 42.86 0.00 0.00 0.00 0.00 0.00 0.00 0.00 0.00 0.00 0.00 0.00 0.00 0.00 0.00 0.00 0.00 0.00 0.00 0.00 0.00 0.00
11.42 11.41 11.41 11.41 11.42 11.44 11.46 38.05 11.52 11.56 11.60 11.65 11.70 11.75 11.81 11.87 11.94 12.01 12.08 12.15 12.22 12.30 47.11 47.31 47.50 47.68 35.58 35.63 35.67 35.70 49.28 0.00 0.00 0.00 0.00 0.00 0.00 0.00 0.00 0.00 0.00 0.00 0.00 0.00 0.00 0.00 0.00 0.00 0.00 0.00 52.55 42.32 0.00 0.00 0.00 0.00 0.00 0.00 0.00 0.00 0.00 0.00 0.00 0.00 0.00 0.00 0.00 0.00 0.00 0.00 0.00 0.00 0.00 0.00 0.00 0.00 0.00 0.00 0.00 0.00 0.00
11.43 11.42 11.43 11.44 11.46 11.48 11.51 11.55 38.36 38.50 38.65 11.72 11.78 11.83 11.89 11.96 12.02 12.09 12.16 12.24 12.31 12.38 12.46 12.53 12.60 12.67 48.84 35.78 48.39 35.85 0.00 0.00 0.00 0.00 0.00 0.00 0.00 0.00 0.00 0.00 0.00 0.00 0.00 0.00 0.00 0.00 0.00 0.00 0.00 0.00 0.00 0.00 0.00 0.00 0.00 0.00 0.00 0.00 0.00 0.00 0.00 0.00 0.00 0.00 0.00 0.00 0.00 0.00 0.00 0.00 0.00 0.00 0.00 0.00 0.00 0.00 0.00 0.00 0.00 0.00 0.00
11.44 11.45 11.46 11.48 11.51 11.54 38.33 38.46 38.60 38.75 38.91 38.83 11.86 11.92 11.99 12.05 12.12 12.19 12.26 12.33 12.40 12.48 12.55 12.62 12.69 12.76 12.83 12.90 38.81 48.77 39.89 0.00 0.00 0.00 0.00 0.00 0.00 0.00 0.00 0.00 0.00 0.00 0.00 0.00 0.00 0.00 0.00 0.00 0.00 0.00 0.00 0.00 0.00 0.00 0.00 0.00 0.00 0.00 0.00 0.00 0.00 0.00 0.00 0.00 0.00 0.00 0.00 0.00 0.00 0.00 0.00 0.00 0.00 0.00 0.00 0.00 0.00 0.00 0.00 0.00 0.00
11.47 11.48 11.50 11.53 11.56 38.42 38.56 38.71 38.87 39.04 39.21 11.90 11.96 12.02 12.08 12.15 12.22 12.29 12.36 12.43 12.50 12.57 12.64 12.72 12.79 12.86 12.93 13.00 13.06 13.13 39.45 14.77 49.28 0.00 0.00 0.00 0.00 0.00 0.00 0.00 0.00 0.00 0.00 0.00 0.00 0.00 0.00 0.00 0.00 0.00 0.00 0.00 0.00 0.00 0.00 0.00 0.00 0.00 0.00 0.00 0.00 0.00 0.00 0.00 0.00 0.00 0.00 0.00 0.00 0.00 0.00 0.00 0.00 0.00 0.00 0.00 0.00 0.00 0.00 0.00 0.00
11.51 11.53 11.56 11.59 38.52 38.67 38.83 39.00 39.17 39.35 11.94 12.00 12.06 12.13 12.19 12.26 12.33 12.40 12.47 12.54 12.61 12.68 12.75 12.82 12.89 12.96 13.03 13.09 13.16 13.23 13.30 39.78 50.76 13.50 0.00 0.00 0.00 0.00 0.00 0.00 0.00 0.00 0.00 0.00 0.00 0.00 0.00 0.00 0.00 0.00 0.00 0.00 0.00 0.00 0.00 0.00 0.00 0.00 0.00 0.00 0.00 0.00 0.00 0.00 0.00 0.00 0.00 0.00 0.00 0.00 0.00 0.00 0.00 0.00 0.00 0.00 0.00 0.00 0.00 0.00 0.00
11.56 11.59 11.62 11.67 38.78 38.95 39.13 39.31 39.50 11.99 12.05 12.11 12.18 12.24 12.31 12.37 12.44 12.51 12.58 12.65 12.72 12.79 12.86 12.93 12.99 13.06 13.13 13.20 13.27 13.33 13.40 13.46 13.53 13.59 13.66 13.72 0.00 0.00 0.00 0.00 0.00 0.00 0.00 0.00 0.00 0.00 0.00 0.00 0.00 0.00 0.00 0.00 0.00 0.00 0.00 0.00 0.00 0.00 0.00 0.00 0.00 0.00 0.00 0.00 0.00 0.00 0.00 0.00 0.00 0.00 0.00 0.00 0.00 0.00 0.00 0.00 0.00 0.00 0.00 0.00 0.00
11.62 11.66 11.70 11.75 39.09 39.27 39.46 39.66 39.86 40.07 12.17 12.23 12.30 12.36 12.43 12.50 12.56 12.63 12.70 12.77 12.84 12.90 12.97 13.04 13.11 13.17 13.24 13.31 13.37 13.44 13.50 13.57 13.63 13.70 13.76 13.82 0.00 0.00 0.00 0.00 0.00 0.00 0.00 0.00 0.00 0.00 0.00 0.00 0.00 0.00 0.00 0.00 0.00 0.00 0.00 0.00 0.00 0.00 0.00 0.00 0.00 0.00 0.00 0.00 0.00 0.00 0.00 0.00 0.00 0.00 0.00 0.00 0.00 0.00 0.00 0.00 0.00 0.00 0.00 0.00 0.00
11.70 11.75 11.80 11.85 11.91 39.63 39.84 40.05 40.26 40.47 12.30 12.36 12.43 12.50 12.56 12.63 12.69 12.76 12.83 12.89 12.96 13.03 13.09 13.16 13.23 13.29 13.36 42.98 13.48 13.55 13.61 13.67 13.74 43.82 40.98 36.85 0.00 0.00 0.00 0.00 0.00 0.00 0.00 0.00 0.00 0.00 0.00 0.00 0.00 0.00 0.00 0.00 0.00 0.00 0.00 0.00 0.00 0.00 0.00 0.00 0.00 0.00 0.00 0.00 0.00 0.00 0.00 0.00 0.00 0.00 0.00 0.00 0.00 0.00 0.00 0.00 0.00 0.00 0.00 0.00 0.00
11.80 11.85 11.90 11.96 12.03 12.09 12.16 12.23 40.69 40.57 12.43 12.50 12.57 12.63 12.70 12.76 12.83 12.89 12.96 13.03 13.09 13.15 13.22 13.28 13.35 13.41 13.47 50.38 43.38 13.66 13.72 13.78 13.84 44.05 13.96 0.00 0.00 0.00 0.00 0.00 0.00 0.00 0.00 0.00 0.00 0.00 0.00 0.00 0.00 0.00 0.00 0.00 0.00 0.00 0.00 0.00 0.00 0.00 0.00 0.00 0.00 0.00 0.00 0.00 0.00 0.00 0.00 0.00 0.00 0.00 0.00 0.00 0.00 0.00 0.00 0.00 0.00 0.00 0.00 0.00 0.00
11.91 11.96 12.02 12.09 12.16 12.23 12.30 12.37 12.44 12.51 12.58 12.64 12.71 12.78 12.84 12.91 12.97 13.04 13.10 13.16 13.22 13.29 13.35 13.41 13.47 13.53 13.59 37.28 37.14 37.16 13.83 13.89 13.95 41.40 14.06 0.00 0.00 0.00 0.00 0.00 0.00 0.00 0.00 0.00 0.00 0.00 0.00 0.00 0.00 0.00 0.00 0.00 0.00 0.00 0.00 0.00 0.00 0.00 0.00 0.00 0.00 0.00 0.00 0.00 0.00 0.00 0.00 0.00 0.00 0.00 0.00 0.00 0.00 0.00 0.00 0.00 0.00 0.00 0.00 0.00 0.00
12.03 12.09 12.16 12.23 12.30 12.37 12.44 12.52 12.59 12.66 12.73 12.79 12.86 12.93 12.99 13.05 13.12 13.18 13.24 13.30 13.36 13.42 13.48 13.54 13.60 13.66 13.72 43.88 37.31 0.00 0.00 0.00 52.81 14.11 0.00 0.00 0.00 0.00 0.00 0.00 0.00 0.00 0.00 0.00 0.00 0.00 0.00 0.00 0.00 0.00 0.00 0.00 0.00 0.00 0.00 0.00 0.00 0.00 0.00 0.00 0.00 0.00 0.00 0.00 0.00 0.00 0.00 0.00 0.00 0.00 0.00 0.00 0.00 0.00 0.00 0.00 0.00 0.00 0.00 0.00 0.00
12.16 12.23 12.30 12.37 12.45 12.52 12.60 12.67 12.74 12.81 12.88 12.95 13.02 13.08 13.14 13.21 13.27 13.33 13.39 13.45 13.51 13.56 43.71 13.68 13.73 13.79 13.84 13.89 0.00 0.00 0.00 0.00 0.00 0.00 0.00 0.00 0.00 0.00 0.00 0.00 0.00 0.00 0.00 0.00 0.00 0.00 0.00 0.00 0.00 0.00 0.00 0.00 0.00 0.00 0.00 0.00 0.00 0.00 0.00 0.00 0.00 0.00 0.00 0.00 0.00 0.00 0.00 0.00 0.00 0.00 0.00 0.00 0.00 0.00 0.00 0.00 0.00 0.00 0.00 0.00 0.00
12.30 12.38 12.45 12.53 12.61 12.68 12.76 12.83 12.91 12.98 13.04 13.11 13.18 13.24 13.30 13.36 13.42 13.48 13.54 13.59 13.65 13.70 52.30 40.98 41.26 42.09 0.00 14.01 0.00 0.00 0.00 0.00 0.00 0.00 0.00 0.00 0.00 0.00 0.00 0.00 0.00 0.00 0.00 0.00 0.00 0.00 0.00 0.00 0.00 0.00 0.00 0.00 0.00 0.00 0.00 0.00 0.00 0.00 0.00 0.00 0.00 0.00 0.00 0.00 0.00 0.00 0.00 0.00 0.00 0.00 0.00 0.00 0.00 0.00 0.00 0.00 0.00 0.00 0.00 0.00 0.00
12.46 12.54 12.61 12.69 12.77 12.85 12.93 13.00 13.07 13.14 13.21 13.28 13.34 13.40 13.46 13.52 13.58 13.63 13.69 13.74 13.79 13.84 13.89 0.00 0.00 0.00 0.00 0.00 0.00 0.00 0.00 0.00 0.00 0.00 0.00 0.00 0.00 0.00 0.00 0.00 0.00 0.00 0.00 0.00 0.00 0.00 0.00 0.00 0.00 0.00 0.00 0.00 0.00 0.00 0.00 0.00 0.00 0.00 0.00 0.00 0.00 0.00 0.00 0.00 0.00 0.00 0.00 0.00 0.00 0.00 0.00 0.00 0.00 0.00 0.00 0.00 0.00 0.00 0.00 0.00 0.00
12.62 12.70 12.78 12.86 12.95 13.02 13.10 13.18 13.25 13.32 13.38 13.44 13.51 13.56 13.62 13.68 13.73 13.79 13.84 13.89 13.94 13.99 14.03 0.00 0.00 0.00 0.00 0.00 0.00 0.00 0.00 0.00 0.00 0.00 0.00 0.00 0.00 0.00 0.00 0.00 0.00 0.00 0.00 0.00 0.00 0.00 0.00 0.00 0.00 0.00 0.00 0.00 0.00 0.00 0.00 0.00 0.00 0.00 0.00 0.00 0.00 0.00 0.00 0.00 0.00 0.00 0.00 0.00 0.00 0.00 0.00 0.00 0.00 0.00 0.00 0.00 0.00 0.00 0.00 0.00 0.00
12.79 12.87 12.96 13.04 13.12 13.20 13.28 13.35 13.42 13.49 13.56 13.62 13.67 13.73 13.78 13.84 13.89 13.94 13.99 14.03 14.08 14.13 14.17 0.00 0.00 0.00 0.00 0.00 0.00 0.00 0.00 0.00 0.00 0.00 0.00 0.00 0.00 0.00 0.00 0.00 0.00 0.00 0.00 0.00 0.00 0.00 0.00 0.00 0.00 0.00 0.00 0.00 0.00 0.00 0.00 0.00 0.00 0.00 0.00 0.00 0.00 0.00 0.00 0.00 0.00 0.00 0.00 0.00 0.00 0.00 0.00 0.00 0.00 0.00 0.00 0.00 0.00 0.00 0.00 0.00 0.00
12.97 42.70 13.14 13.22 13.30 13.38 13.46 13.53 13.60 13.67 13.73 13.79 13.84 13.90 13.95 13.99 14.04 14.09 14.13 14.18 14.22 53.00 0.00 0.00 0.00 0.00 0.00 0.00 0.00 0.00 0.00 0.00 0.00 0.00 0.00 0.00 0.00 0.00 0.00 0.00 0.00 0.00 0.00 0.00 0.00 0.00 0.00 0.00 0.00 0.00 0.00 0.00 0.00 0.00 0.00 0.00 0.00 0.00 0.00 0.00 0.00 0.00 0.00 0.00 0.00 0.00 0.00 0.00 0.00 0.00 0.00 0.00 0.00 0.00 0.00 0.00 0.00 0.00 0.00 0.00 0.00
50.93 13.24 13.32 13.40 13.49 13.57 13.64 13.72 13.79 13.85 13.91 13.96 14.02 14.06 14.11 14.15 14.20 45.36 42.26 14.32 14.36 0.00 0.00 0.00 0.00 0.00 0.00 0.00 0.00 0.00 0.00 0.00 0.00 0.00 0.00 0.00 0.00 0.00 0.00 0.00 0.00 0.00 0.00 0.00 0.00 0.00 0.00 0.00 0.00 0.00 0.00 0.00 0.00 0.00 0.00 0.00 0.00 0.00 0.00 0.00 0.00 0.00 0.00 0.00 0.00 0.00 0.00 0.00 0.00 0.00 0.00 0.00 0.00 0.00 0.00 0.00 0.00 0.00 0.00 0.00 0.00
40.10 13.43 13.51 13.59 13.68 13.76 13.83 13.90 13.97 14.03 14.09 14.14 14.19 14.23 14.27 14.31 14.35 14.39 0.00 0.00 0.00 0.00 0.00 0.00 0.00 0.00 0.00 0.00 0.00 0.00 0.00 0.00 0.00 0.00 0.00 0.00 0.00 0.00 0.00 0.00 0.00 0.00 0.00 0.00 0.00 0.00 0.00 0.00 0.00 0.00 0.00 0.00 0.00 0.00 0.00 0.00 0.00 0.00 0.00 0.00 0.00 0.00 0.00 0.00 0.00 0.00 0.00 0.00 0.00 0.00 0.00 0.00 0.00 0.00 0.00 0.00 0.00 0.00 0.00 0.00 0.00
40.69 13.62 13.71 13.79 13.87 13.95 14.02 14.09 14.16 14.22 14.27 14.32 14.36 14.40 14.43 14.47 14.50 0.00 0.00 0.00 0.00 0.00 0.00 0.00 0.00 0.00 0.00 0.00 0.00 0.00 0.00 0.00 0.00 0.00 0.00 0.00 0.00 0.00 0.00 0.00 0.00 0.00 0.00 0.00 0.00 0.00 0.00 0.00 0.00 0.00 0.00 0.00 0.00 0.00 0.00 0.00 0.00 0.00 0.00 0.00 0.00 0.00 0.00 0.00 0.00 0.00 0.00 0.00 0.00 0.00 0.00 0.00 0.00 0.00 0.00 0.00 0.00 0.00 0.00 0.00 0.00
