ASPA-UH-SWB2_REPO/output/post_prcessed_with_MFR/actual_et_annual.asc
NCOLS 350
NROWS 200
XLLCENTER 515000.000000
YLLCENTER 8409000.000000
CELLSIZE 100.000000
NODATA_value -999.000000
[rows 36 to 71 of 200, columns 162 to 242 of 350]
0.00 0.00 0.00 0.00 0.00 0.00 0.00 0.00 0.00 0.00 0.00 0.00 0.00 0.00 0.00 0.00 0.00 0.00 0.00 0.00 0.00 0.00 0.00 0.00 0.00 0.00 0.00 0.00 0.00 0.00 0.00 0.00 0.00 0.00 0.00 0.00 13.53 19.84 13.52 13.51 13.50 13.50 0.00 0.00 0.00 0.00 0.00 0.00 0.00 0.00 0.00 0.00 0.00 0.00 0.00 0.00 0.00 0.00 0.00 0.00 0.00 0.00 0.00 0.00 0.00 0.00 0.00 0.00 0.00 0.00 0.00 0.00 0.00 0.00 0.00 0.00 0.00 0.00 0.00 0.00 0.00
0.00 0.00 0.00 0.00 0.00 0.00 0.00 0.00 0.00 0.00 0.00 0.00 0.00 0.00 0.00 0.00 0.00 0.00 0.00 0.00 0.00 0.00 0.00 0.00 0.00 0.00 0.00 0.00 0.00 0.00 0.00 0.00 0.00 0.00 0.00 13.50 13.49 13.48 13.47 13.47 13.46 40.05 0.00 0.00 0.00 0.00 0.00 0.00 0.00 0.00 0.00 0.00 0.00 0.00 0.00 0.00 0.00 0.00 0.00 0.00 0.00 0.00 0.00 0.00 0.00 0.00 0.00 0.00 0.00 0.00 0.00 0.00 0.00 0.00 0.00 0.00 0.00 0.00 0.00 0.00 0.00
0.00 0.00 0.00 0.00 0.00 0.00 0.00 0.00 0.00 0.00 0.00 0.00 0.00 0.00 0.00 0.00 0.00 0.00 0.00 0.00 0.00 0.00 0.00 0.00 0.00 0.00 0.00 0.00 0.00 0.00 13.52 0.00 0.00 0.00 13.47 13.46 13.45 13.44 13.43 13.42 51.02 0.00 0.00 0.00 0.00 0.00 0.00 0.00 0.00 0.00 0.00 0.00 0.00 0.00 0.00 0.00 0.00 0.00 0.00 0.00 0.00 0.00 0.00 0.00 0.00 0.00 0.00 0.00 0.00 0.00 0.00 0.00 0.00 0.00 0.00 0.00 0.00 0.00 0.00 0.00 0.00
0.00 0.00 0.00 0.00 0.00 0.00 0.00 0.00 0.00 0.00 0.00 0.00 0.00 0.00 0.00 0.00 0.00 0.00 0.00 0.00 0.00 0.00 0.00 0.00 0.00 0.00 0.00 0.00 0.00 0.00 13.48 13.46 13.45 13.44 13.43 13.42 40.18 13.40 13.39 13.38 0.00 0.00 0.00 0.00 0.00 0.00 0.00 0.00 0.00 0.00 0.00 0.00 0.00 0.00 0.00 0.00 0.00 0.00 0.00 0.00 0.00 0.00 0.00 0.00 0.00 0.00 0.00 0.00 0.00 0.00 0.00 0.00 0.00 0.00 0.00 0.00 0.00 0.00 0.00 0.00 0.00
0.00 0.00 0.00 0.00 0.00 0.00 0.00 0.00 0.00 0.00 0.00 0.00 0.00 0.00 0.00 0.00 0.00 0.00 0.00 0.00 0.00 0.00 0.00 0.00 0.00 0.00 0.00 0.00 0.00 0.00 13.43 13.42 13.41 13.40 13.38 13.37 13.36 13.35 51.02 0.00 0.00 0.00 0.00 0.00 0.00 0.00 0.00 0.00 0.00 0.00 0.00 0.00 0.00 13.32 0.00 0.00 0.00 0.00 0.00 0.00 0.00 0.00 0.00 0.00 0.00 0.00 0.00 0.00 0.00 0.00 0.00 0.00 0.00 0.00 0.00 0.00 0.00 0.00 0.00 0.00 0.00
0.00 0.00 0.00 0.00 0.00 0.00 0.00 0.00 0.00 0.00 0.00 0.00 0.00 0.00 0.00 0.00 0.00 0.00 0.00 0.00 0.00 0.00 0.00 0.00 13.49 13.47 13.45 0.00 0.00 13.41 13.39 13.38 13.37 13.35 13.34 13.33 13.32 43.05 0.00 0.00 0.00 0.00 0.00 0.00 0.00 0.00 0.00 13.27 13.27 0.00 0.00 13.27 13.27 13.28 0.00 0.00 0.00 0.00 0.00 0.00 0.00 0.00 0.00 0.00 0.00 0.00 0.00 0.00 0.00 0.00 0.00 0.00 0.00 0.00 0.00 0.00 47.83 0.00 0.00 0.00 0.00
0.00 0.00 0.00 0.00 0.00 0.00 0.00 0.00 0.00 0.00 0.00 0.00 0.00 0.00 0.00 0.00 0.00 0.00 0.00 0.00 0.00 0.00 49.70 13.47 13.45 13.43 13.41 13.39 13.38 13.36 13.35 13.34 13.32 13.31 13.30 13.29 39.81 50.98 0.00 0.00 0.00 0.00 0.00 0.00 0.00 0.00 13.23 13.23 13.23 13.23 13.23 13.23 13.24 13.24 0.00 0.00 0.00 0.00 0.00 0.00 0.00 0.00 0.00 0.00 0.00 0.00 0.00 0.00 0.00 0.00 0.00 0.00 0.00 0.00 0.00 0.00 13.12 0.00 0.00 0.00 0.00
0.00 0.00 0.00 0.00 0.00 0.00 0.00 0.00 0.00 0.00 0.00 0.00 0.00 0.00 0.00 0.00 0.00 0.00 0.00 0.00 0.00 0.00 13.44 13.42 13.40 13.39 13.37 13.35 13.34 13.32 13.31 13.29 13.28 13.27 13.26 39.75 39.91 37.00 0.00 0.00 0.00 0.00 0.00 0.00 0.00 13.19 13.19 13.19 13.19 13.19 13.19 13.19 13.20 13.20 40.59 0.00 0.00 0.00 0.00 0.00 0.00 13.20 13.20 0.00 0.00 0.00 0.00 0.00 0.00 0.00 0.00 48.27 0.00 0.00 0.00 0.00 13.08 13.07 0.00 0.00 39.11
0.00 0.00 0.00 0.00 0.00 0.00 0.00 0.00 0.00 0.00 0.00 0.00 0.00 0.00 0.00 0.00 0.00 0.00 0.00 0.00 0.00 0.00 0.00 13.38 13.36 13.34 13.33 13.31 13.30 43.21 43.23 13.25 13.24 13.23 13.22 19.37 42.87 37.04 0.00 0.00 0.00 0.00 0.00 0.00 13.15 13.15 13.15 13.15 13.15 13.15 13.15 13.15 13.16 13.16 13.16 0.00 0.00 0.00 0.00 0.00 0.00 13.16 40.10 0.00 0.00 0.00 0.00 0.00 0.00 0.00 13.09 13.08 48.20 0.00 0.00 0.00 13.03 13.02 13.01 13.01 13.00
0.00 0.00 0.00 0.00 0.00 0.00 0.00 0.00 0.00 0.00 0.00 0.00 0.00 0.00 0.00 0.00 0.00 0.00 13.45 0.00 0.00 0.00 0.00 0.00 13.32 13.30 13.28 13.27 13.25 13.24 13.23 13.21 13.20 13.19 13.18 39.73 51.24 50.84 37.05 37.02 36.99 41.08 39.60 13.12 13.11 13.11 13.11 13.11 13.11 13.11 13.11 13.12 13.12 13.12 13.12 0.00 0.00 0.00 13.13 13.13 39.61 13.12 0.00 0.00 0.00 0.00 0.00 0.00 0.00 0.00 13.05 13.04 39.06 0.00 0.00 0.00 12.98 12.97 12.97 12.96 12.96
0.00 0.00 0.00 0.00 0.00 0.00 0.00 0.00 0.00 0.00 0.00 0.00 0.00 0.00 0.00 0.00 0.00 0.00 13.40 13.38 0.00 0.00 0.00 0.00 13.28 13.26 13.24 13.23 13.21 13.20 13.19 13.17 13.16 13.15 13.14 42.75 41.23 19.23 39.51 39.39 42.62 42.97 50.80 39.32 19.18 13.07 13.07 13.07 13.07 13.07 13.07 13.08 13.08 13.08 13.08 0.00 0.00 0.00 13.09 13.09 13.09 40.19 0.00 0.00 0.00 0.00 0.00 0.00 0.00 0.00 0.00 13.00 0.00 0.00 0.00 0.00 12.94 12.93 12.92 12.92 12.91
0.00 0.00 0.00 0.00 0.00 0.00 0.00 0.00 0.00 0.00 0.00 0.00 0.00 0.00 0.00 0.00 0.00 13.38 13.35 13.33 13.31 0.00 0.00 0.00 13.23 13.22 13.20 13.19 13.17 13.16 13.15 13.13 13.12 13.11 13.10 42.67 13.08 13.07 39.41 39.30 39.37 13.05 13.04 39.39 13.04 13.04 13.03 13.03 13.03 13.03 13.04 13.04 13.04 13.04 13.05 13.05 39.17 13.05 13.05 13.05 13.05 0.00 0.00 0.00 0.00 0.00 0.00 0.00 0.00 0.00 0.00 12.96 12.95 0.00 0.00 12.91 12.90 12.89 12.88 12.88 12.87
0.00 0.00 0.00 0.00 0.00 0.00 0.00 0.00 0.00 0.00 0.00 0.00 0.00 13.44 13.41 13.38 13.36 13.33 13.31 13.28 13.26 13.24 13.22 0.00 13.19 13.17 13.16 13.14 13.13 13.12 13.11 13.09 13.08 13.07 13.06 13.05 13.05 39.34 13.03 13.02 13.02 13.01 13.01 39.29 13.00 13.00 13.00 12.99 12.99 13.00 13.00 13.00 13.00 13.00 13.01 13.01 39.09 13.01 13.01 13.01 13.01 13.01 0.00 0.00 0.00 0.00 0.00 0.00 0.00 0.00 0.00 41.65 12.91 12.90 12.89 12.87 12.86 12.85 12.85 12.84 12.83
0.00 0.00 0.00 0.00 0.00 0.00 0.00 0.00 0.00 0.00 13.49 13.46 13.42 13.39 13.36 13.33 13.31 13.28 13.26 13.24 13.21 13.20 13.18 13.16 13.14 13.13 13.12 13.10 13.09 13.08 13.07 13.06 13.05 13.04 13.03 13.02 13.01 42.58 12.99 12.99 12.98 40.84 39.07 12.97 19.01 19.01 19.00 12.96 12.96 12.96 12.96 12.96 12.96 12.97 12.97 39.00 39.00 12.97 12.97 12.97 12.97 0.00 0.00 0.00 0.00 0.00 0.00 0.00 0.00 0.00 12.90 12.89 12.87 12.86 12.85 12.84 12.83 12.82 12.81 12.81 12.80
0.00 0.00 0.00 0.00 0.00 0.00 0.00 0.00 0.00 0.00 13.44 13.40 13.37 13.34 13.31 13.28 13.26 13.23 13.21 13.19 13.17 13.15 13.13 13.11 13.10 13.09 13.07 13.06 13.05 13.04 13.03 13.02 13.01 13.00 12.99 12.98 12.97 12.96 12.96 12.95 12.94 12.94 12.93 12.93 18.96 40.69 40.81 12.92 12.92 12.92 12.92 12.92 12.93 12.93 12.93 12.93 12.94 12.94 12.94 12.94 12.94 0.00 0.00 0.00 0.00 0.00 0.00 0.00 0.00 12.87 12.86 41.53 12.84 12.83 12.82 12.81 12.80 12.79 12.78 12.78 12.77
0.00 0.00 0.00 0.00 0.00 0.00 0.00 0.00 0.00 0.00 13.38 13.35 13.31 13.28 13.26 13.23 13.20 13.18 13.16 13.14 13.12 13.10 13.08 13.07 13.06 13.04 13.03 13.02 13.01 13.00 12.99 12.98 12.97 12.96 12.95 12.95 12.94 12.93 12.92 12.92 12.91 12.90 12.90 18.91 12.89 18.90 12.88 12.88 12.88 12.88 12.89 12.89 12.89 12.89 12.90 12.90 12.90 12.90 12.90 12.90 12.90 0.00 0.00 0.00 0.00 12.88 12.87 12.86 12.85 12.84 41.52 12.82 12.81 12.80 12.79 12.78 12.78 12.77 12.76 12.76 12.75
0.00 0.00 0.00 0.00 0.00 0.00 0.00 0.00 0.00 13.35 13.32 13.29 13.26 13.23 13.20 13.17 13.15 13.13 13.11 13.09 13.07 13.05 13.04 13.02 13.01 13.00 12.99 12.98 12.97 12.96 12.95 12.94 12.93 12.93 12.92 12.91 12.90 12.90 12.89 12.88 12.88 12.87 12.86 18.86 12.86 12.85 12.85 12.85 12.85 12.85 12.85 12.85 12.86 12.86 12.86 12.86 12.87 12.87 12.87 12.87 12.87 0.00 0.00 0.00 0.00 41.68 12.84 12.83 12.82 12.82 12.81 12.80 12.79 12.78 12.77 12.76 12.75 12.75 12.74 37.84 12.74
0.00 0.00 0.00 0.00 0.00 0.00 0.00 0.00 49.84 13.29 13.26 13.23 13.20 13.17 13.14 13.12 13.09 13.07 13.05 13.03 13.02 13.00 12.99 12.98 12.96 12.95 12.95 12.94 12.93 12.92 12.91 12.91 12.90 12.89 12.88 12.88 12.87 12.86 12.85 12.85 12.84 12.84 12.83 12.83 12.82 12.82 12.82 12.81 12.81 12.81 12.82 12.82 12.82 12.82 12.83 12.83 12.83 12.83 12.84 12.84 12.84 47.47 0.00 0.00 34.27 38.07 38.17 12.81 12.80 12.79 12.78 12.77 12.77 12.76 12.75 12.75 12.74 12.73 40.77 12.73 12.73
0.00 0.00 0.00 0.00 0.00 0.00 0.00 0.00 49.71 13.23 13.19 13.16 13.13 13.11 13.08 13.06 13.03 13.01 13.00 12.98 12.96 12.95 12.94 12.93 12.92 12.91 12.90 12.90 12.89 12.88 12.88 12.87 12.86 12.86 12.85 12.84 12.83 12.83 12.82 12.82 12.81 12.80 12.80 12.79 12.79 12.79 12.78 12.78 12.78 12.78 12.78 12.79 12.79 12.79 12.80 12.80 12.80 12.80 12.80 12.81 37.96 37.80 32.04 34.28 40.97 38.03 38.13 12.78 12.78 12.77 12.76 12.76 12.75 12.74 12.74 12.73 12.73 12.73 39.81 39.80 12.72
0.00 0.00 0.00 0.00 0.00 0.00 0.00 49.62 13.19 13.16 13.13 13.10 13.07 13.04 13.02 12.99 12.97 12.96 12.94 12.92 12.91 12.90 12.89 12.88 12.87 12.86 12.86 12.85 12.85 12.84 12.84 12.83 12.83 12.82 12.81 12.81 12.80 12.80 12.79 12.78 12.78 12.77 12.77 12.76 12.76 12.76 12.75 12.75 12.75 12.75 12.75 12.76 12.76 12.76 12.77 12.77 12.77 12.77 12.78 12.78 12.78 37.74 41.16 38.02 38.01 41.50 12.77 12.76 12.76 12.75 12.75 12.74 12.74 12.73 12.73 12.73 12.72 40.83 41.13 41.12 37.88
0.00 40.77 13.40 0.00 0.00 0.00 0.00 49.47 13.13 13.09 13.06 13.03 13.00 12.97 12.95 12.93 12.91 12.89 12.88 12.86 12.85 12.84 12.83 12.83 12.82 12.82 12.81 12.81 12.81 12.80 12.80 12.80 12.79 12.79 12.78 12.78 12.77 12.77 12.76 12.75 12.75 12.74 12.74 12.73 12.73 12.73 12.72 12.72 12.72 12.72 12.73 12.73 12.73 12.74 12.74 12.74 12.75 12.75 12.75 12.75 12.76 47.34 37.69 37.99 12.75 12.75 12.75 12.75 12.74 12.74 12.73 12.73 12.73 12.73 12.73 12.72 12.72 41.18 18.67 18.67 39.66
13.45 13.39 13.34 0.00 0.00 0.00 40.36 13.09 13.05 13.02 12.99 12.96 12.93 12.90 12.88 12.86 12.84 12.83 12.82 12.80 12.79 12.79 12.78 12.78 12.77 12.77 12.77 12.77 12.77 12.76 12.76 12.76 12.76 12.75 12.75 12.74 12.74 12.74 12.73 12.73 12.72 12.72 12.71 12.71 12.70 12.70 12.70 12.70 12.70 12.70 12.70 12.70 12.71 12.71 12.72 12.72 12.72 12.73 12.73 12.73 12.74 41.07 47.31 47.82 40.89 12.74 12.74 12.73 12.73 12.73 12.73 12.73 12.73 12.73 12.73 12.73 40.92 40.92 18.69 12.75 39.73
13.38 13.32 13.27 13.21 13.16 13.11 13.06 13.02 12.98 12.94 12.91 12.88 12.86 12.83 12.81 12.79 12.78 12.76 12.75 12.74 12.73 12.73 12.73 12.72 12.72 12.72 12.72 12.72 12.72 12.72 12.72 12.72 12.72 12.72 12.72 12.71 12.71 12.71 12.70 12.70 12.69 12.69 12.69 12.68 12.68 12.68 12.67 12.67 12.67 12.68 12.68 12.68 12.69 12.69 12.69 12.70 12.70 12.71 12.71 12.72 12.72 12.72 12.72 37.94 38.22 12.73 12.73 12.73 12.73 12.73 12.73 12.73 12.73 12.73 12.73 12.74 12.74 12.75 12.76 12.77 12.78
13.32 13.26 13.20 13.14 19.19 13.04 12.99 12.94 12.90 12.87 12.83 12.81 12.78 12.76 12.74 12.72 12.70 12.69 12.68 12.68 12.67 12.67 12.67 12.67 12.67 12.67 12.68 12.68 12.68 12.68 12.68 12.69 12.69 12.69 12.68 12.68 12.68 12.68 12.68 12.67 12.67 12.67 12.66 12.66 12.66 12.65 12.65 12.65 12.65 12.65 12.66 12.66 12.67 12.67 12.68 12.68 12.69 12.69 12.70 12.70 12.70 12.71 12.71 12.71 12.72 12.72 12.72 12.72 12.72 12.73 12.73 12.73 12.74 12.74 12.75 12.75 12.76 12.77 12.78 12.80 12.81
13.25 13.19 13.13 13.07 13.01 12.96 12.91 12.87 12.83 12.79 12.76 12.73 12.70 12.68 12.66 12.64 12.63 12.62 12.61 12.61 12.61 12.61 12.61 12.61 12.62 12.62 12.63 12.63 12.64 12.64 12.65 12.65 12.65 12.65 12.65 12.65 12.65 12.65 12.65 12.65 12.65 12.64 12.64 12.64 12.64 12.63 12.63 12.63 12.63 12.64 12.64 12.64 12.65 12.65 12.66 12.67 12.67 12.68 12.68 12.69 12.69 12.70 12.70 12.71 40.87 12.72 12.72 12.72 12.73 12.73 12.74 12.74 12.75 12.76 12.77 12.77 12.79 12.80 12.81 12.83 12.85
13.18 13.12 13.06 13.00 12.94 12.89 12.84 12.79 12.75 12.71 12.68 12.65 12.62 12.60 12.58 12.56 12.55 12.54 12.54 12.54 12.54 12.54 12.55 12.55 12.56 12.57 12.58 12.59 12.59 12.60 12.61 12.61 12.62 41.21 12.62 12.62 12.63 12.63 12.63 12.63 12.62 12.62 12.62 12.62 12.62 12.62 12.62 12.62 12.62 12.62 12.63 12.63 12.64 12.64 12.65 12.66 12.66 12.67 12.68 12.68 12.69 12.69 12.70 40.88 37.94 12.72 12.72 12.73 12.73 12.74 12.75 12.76 12.77 12.78 12.79 12.80 12.82 12.83 12.85 12.87 12.89
13.11 13.05 12.98 12.92 12.86 12.81 12.76 12.71 12.67 12.63 12.59 12.56 12.54 12.51 12.50 12.48 12.47 12.47 12.46 12.46 12.47 12.47 12.48 12.49 12.50 12.51 12.53 12.54 12.55 12.56 12.57 12.57 38.03 41.09 41.09 12.60 12.60 12.60 12.60 12.61 12.61 12.61 12.61 12.60 12.60 12.60 12.60 12.60 12.61 12.61 12.62 12.62 41.65 38.31 12.64 12.65 12.66 12.66 12.67 12.68 12.69 12.69 12.70 12.71 38.09 40.93 12.73 12.74 12.75 12.76 12.77 12.78 12.79 12.80 12.82 12.83 12.85 12.87 12.89 12.91 12.94
13.04 12.98 12.91 12.85 12.79 12.73 12.68 12.63 12.58 12.54 12.51 12.48 12.45 12.43 12.41 12.40 12.39 12.38 12.38 12.39 12.39 12.40 12.41 12.43 12.44 12.46 12.47 12.49 12.50 40.92 37.87 37.90 47.71 36.35 36.34 11.65 36.31 48.72 12.59 12.59 12.59 12.59 12.59 12.59 12.59 12.59 12.59 41.68 38.20 38.21 38.23 38.24 49.40 38.28 37.57 37.59 12.66 40.60 12.67 12.68 12.69 12.70 12.71 12.72 12.73 40.98 12.75 12.76 12.77 12.78 12.79 12.81 12.82 12.84 12.85 12.87 12.89 12.92 12.94 12.97 12.99
12.97 12.90 12.84 12.77 12.71 12.65 12.60 37.78 12.50 12.46 12.42 40.54 37.33 40.24 12.32 12.31 12.30 12.30 12.30 12.31 12.32 12.33 12.35 12.36 12.38 12.40 12.42 40.86 40.73 40.76 38.68 0.00 0.00 0.00 0.00 0.00 0.00 0.00 0.00 36.22 41.51 12.58 12.58 12.58 12.59 38.17 12.59 12.59 12.60 48.91 48.92 41.62 38.27 41.66 38.32 12.65 12.66 40.62 18.60 12.69 12.70 41.16 12.72 12.73 12.75 12.76 41.07 12.78 12.79 12.81 12.82 12.84 12.86 12.88 12.90 12.92 12.94 12.97 12.99 13.02 13.06
12.90 12.83 12.76 12.70 12.63 12.57 37.69 37.54 12.41 37.28 40.20 47.73 37.00 39.97 12.23 12.22 12.22 12.22 12.22 12.23 36.91 40.00 12.28 12.30 40.38 37.32 47.20 36.09 36.10 0.00 0.00 0.00 0.00 0.00 0.00 0.00 0.00 0.00 0.00 0.00 0.00 11.71 12.58 18.45 38.14 12.59 0.00 32.61 48.88 14.67 32.64 49.40 48.98 41.68 41.71 12.66 12.67 12.68 12.69 12.71 41.34 41.21 41.60 12.76 12.77 12.78 12.80 12.81 12.83 12.84 12.86 12.88 12.90 12.92 12.94 12.97 12.99 13.02 13.05 13.09 13.12
12.83 12.76 12.69 41.26 40.79 47.58 47.42 36.10 37.15 47.00 46.87 46.77 46.68 46.61 46.56 35.80 46.52 46.52 46.54 39.67 46.61 39.77 46.73 35.89 35.88 35.90 35.92 35.93 0.00 0.00 0.00 0.00 0.00 0.00 0.00 0.00 0.00 0.00 0.00 0.00 0.00 0.00 0.00 0.00 0.00 0.00 0.00 0.00 32.62 48.92 48.95 48.98 41.69 12.65 12.67 12.68 12.69 12.70 12.71 12.73 41.41 41.28 41.68 12.78 12.80 12.81 12.83 12.85 12.86 12.88 12.90 12.92 12.95 12.97 13.00 13.02 13.05 13.08 13.12 13.15 13.19
12.76 12.69 12.61 12.54 37.58 37.39 47.16 46.99 46.84 46.69 46.56 46.45 0.00 0.00 0.00 0.00 0.00 0.00 0.00 35.62 35.64 35.66 35.68 35.72 35.75 35.74 35.76 0.00 0.00 0.00 0.00 0.00 0.00 0.00 0.00 0.00 0.00 0.00 0.00 0.00 0.00 0.00 0.00 0.00 0.00 0.00 0.00 0.00 0.00 48.94 14.69 49.02 12.66 12.67 12.69 12.70 12.71 12.73 12.74 41.44 41.49 41.37 41.77 12.82 12.83 12.85 12.87 12.89 12.91 12.93 12.95 12.98 13.00 13.03 13.06 13.09 13.12 13.15 13.19 13.22 13.27
12.69 12.61 12.54 12.47 37.35 47.09 46.89 35.81 46.54 46.39 46.25 46.14 0.00 0.00 0.00 0.00 0.00 0.00 0.00 0.00 0.00 0.00 0.00 0.00 0.00 0.00 0.00 0.00 0.00 0.00 0.00 0.00 0.00 0.00 0.00 0.00 0.00 0.00 0.00 0.00 0.00 0.00 0.00 0.00 0.00 0.00 0.00 0.00 0.00 0.00 32.67 12.67 12.68 12.70 12.71 12.72 12.74 12.75 12.77 41.75 41.86 41.47 41.88 42.33 42.00 42.06 42.12 12.94 12.96 12.98 13.01 13.03 13.06 13.09 13.12 13.15 13.19 13.22 13.26 13.30 13.34
12.62 12.54 12.46 12.39 47.37 47.58 46.63 47.05 35.57 35.52 45.94 35.36 0.00 0.00 0.00 0.00 0.00 0.00 0.00 0.00 0.00 0.00 0.00 0.00 0.00 0.00 0.00 0.00 0.00 0.00 0.00 0.00 0.00 0.00 0.00 0.00 0.00 0.00 0.00 0.00 0.00 0.00 0.00 0.00 0.00 0.00 0.00 0.00 0.00 0.00 49.74 12.70 12.71 12.73 12.74 12.76 42.49 41.74 41.58 41.62 41.67 41.73 42.00 42.06 42.13 42.19 42.26 12.99 13.01 13.04 13.07 13.10 13.12 13.16 13.19 13.22 13.26 13.30 13.34 13.38 13.42
12.55 12.47 12.39 12.31 47.10 34.38 46.62 35.52 46.54 38.96 35.25 35.18 35.12 37.02 11.10 0.00 0.00 0.00 0.00 0.00 0.00 0.00 0.00 0.00 0.00 0.00 0.00 0.00 0.00 0.00 0.00 0.00 0.00 0.00 0.00 0.00 0.00 0.00 0.00 0.00 0.00 0.00 0.00 0.00 0.00 0.00 0.00 0.00 0.00 0.00 12.71 12.73 12.74 12.76 12.78 12.79 12.81 12.83 41.67 41.73 41.80 41.86 42.38 42.45 42.52 13.00 13.02 13.05 13.07 13.10 13.13 13.16 13.19 13.23 13.26 13.30 13.33 13.37 13.41 13.46 13.50
12.47 12.39 12.31 40.11 46.83 46.58 46.33 46.41 39.13 11.83 11.79 35.52 45.12 45.06 45.24 45.24 45.05 0.00 0.00 0.00 0.00 0.00 0.00 0.00 0.00 0.00 0.00 0.00 0.00 0.00 0.00 0.00 0.00 0.00 0.00 0.00 0.00 0.00 0.00 0.00 0.00 0.00 0.00 0.00 0.00 0.00 0.00 0.00 0.00 0.00 12.75 12.77 42.05 42.11 12.82 12.84 12.86 12.88 12.90 12.92 12.94 42.00 42.53 42.61 42.68 42.76 13.08 13.11 13.14 13.17 13.20 13.23 13.27 13.30 13.34 13.37 13.41 13.45 13.49 13.54 13.59
