ASPA-UH-SWB2_REPO/output/post_prcessed_with_MFR/actual_et_annual.asc
NCOLS 350
NROWS 200
XLLCENTER 515000.000000
YLLCENTER 8409000.000000
CELLSIZE 100.000000
NODATA_value -999.000000
[rows 36 to 71 of 200, columns 243 to 323 of 350]
0.00 0.00 0.00 0.00 0.00 0.00 0.00 0.00 0.00 0.00 0.00 0.00 0.00 0.00 0.00 0.00 0.00 0.00 0.00 0.00 0.00 0.00 0.00 0.00 0.00 0.00 0.00 0.00 0.00 0.00 0.00 0.00 0.00 0.00 0.00 0.00 0.00 0.00 0.00 0.00 0.00 0.00 0.00 0.00 0.00 0.00 0.00 0.00 0.00 0.00 0.00 0.00 0.00 0.00 0.00 0.00 0.00 0.00 0.00 0.00 0.00 0.00 0.00 0.00 0.00 0.00 0.00 0.00 0.00 0.00 0.00 0.00 0.00 0.00 0.00 0.00 0.00 0.00 0.00 0.00 0.00
0.00 0.00 0.00 0.00 0.00 0.00 0.00 0.00 0.00 0.00 0.00 0.00 0.00 0.00 0.00 0.00 0.00 0.00 0.00 0.00 0.00 0.00 0.00 0.00 0.00 0.00 0.00 0.00 0.00 0.00 0.00 0.00 0.00 0.00 0.00 0.00 0.00 0.00 0.00 0.00 0.00 0.00 0.00 0.00 0.00 0.00 0.00 0.00 0.00 0.00 0.00 0.00 0.00 0.00 0.00 0.00 0.00 0.00 0.00 0.00 0.00 0.00 0.00 0.00 0.00 0.00 0.00 0.00 0.00 0.00 0.00 0.00 0.00 0.00 0.00 0.00 0.00 0.00 0.00 0.00 0.00
0.00 0.00 0.00 0.00 0.00 0.00 0.00 0.00 0.00 0.00 0.00 0.00 0.00 0.00 0.00 0.00 0.00 0.00 0.00 0.00 0.00 0.00 0.00 0.00 0.00 0.00 0.00 0.00 0.00 0.00 0.00 0.00 0.00 0.00 0.00 0.00 0.00 0.00 0.00 0.00 0.00 0.00 0.00 0.00 0.00 0.00 0.00 0.00 0.00 0.00 0.00 0.00 0.00 0.00 0.00 0.00 0.00 0.00 0.00 0.00 0.00 0.00 0.00 0.00 0.00 0.00 0.00 0.00 0.00 0.00 0.00 0.00 0.00 0.00 0.00 0.00 0.00 0.00 0.00 0.00 0.00
0.00 0.00 0.00 0.00 0.00 0.00 0.00 0.00 0.00 0.00 0.00 0.00 0.00 0.00 0.00 0.00 0.00 0.00 0.00 0.00 0.00 0.00 0.00 0.00 0.00 0.00 0.00 0.00 0.00 0.00 0.00 0.00 0.00 0.00 0.00 0.00 0.00 0.00 0.00 0.00 0.00 0.00 0.00 0.00 0.00 0.00 0.00 0.00 0.00 0.00 0.00 0.00 0.00 0.00 0.00 0.00 0.00 0.00 0.00 0.00 0.00 0.00 0.00 0.00 0.00 0.00 0.00 0.00 0.00 0.00 0.00 0.00 0.00 0.00 0.00 0.00 0.00 0.00 0.00 0.00 0.00
0.00 0.00 0.00 0.00 0.00 0.00 0.00 0.00 0.00 0.00 0.00 0.00 0.00 0.00 0.00 0.00 0.00 0.00 0.00 0.00 0.00 0.00 0.00 0.00 0.00 0.00 0.00 0.00 0.00 0.00 0.00 0.00 0.00 0.00 0.00 0.00 0.00 0.00 0.00 0.00 0.00 0.00 0.00 0.00 0.00 0.00 0.00 0.00 0.00 0.00 0.00 0.00 0.00 0.00 0.00 0.00 0.00 0.00 0.00 0.00 0.00 0.00 0.00 54.53 0.00 0.00 0.00 0.00 0.00 0.00 0.00 0.00 0.00 0.00 0.00 0.00 0.00 0.00 0.00 0.00 0.00
0.00 0.00 0.00 0.00 0.00 0.00 0.00 0.00 0.00 0.00 0.00 0.00 0.00 0.00 0.00 0.00 0.00 0.00 0.00 0.00 0.00 0.00 0.00 0.00 0.00 0.00 0.00 0.00 0.00 0.00 0.00 0.00 0.00 0.00 0.00 0.00 0.00 0.00 0.00 0.00 0.00 0.00 0.00 0.00 0.00 0.00 0.00 0.00 0.00 0.00 0.00 0.00 0.00 0.00 0.00 0.00 0.00 0.00 0.00 0.00 0.00 0.00 0.00 15.85 15.92 0.00 0.00 0.00 0.00 0.00 0.00 0.00 0.00 0.00 0.00 0.00 0.00 0.00 0.00 0.00 0.00
0.00 13.11 13.12 0.00 0.00 0.00 0.00 0.00 0.00 0.00 0.00 0.00 0.00 0.00 0.00 0.00 0.00 0.00 0.00 0.00 0.00 0.00 0.00 0.00 0.00 0.00 0.00 0.00 0.00 0.00 0.00 0.00 0.00 0.00 0.00 0.00 0.00 0.00 0.00 0.00 0.00 0.00 0.00 0.00 0.00 0.00 0.00 0.00 0.00 0.00 0.00 0.00 0.00 0.00 0.00 0.00 0.00 0.00 0.00 0.00 0.00 0.00 46.37 15.86 15.93 16.00 44.83 16.16 45.24 0.00 0.00 43.34 0.00 0.00 0.00 0.00 16.89 0.00 0.00 0.00 0.00
13.05 13.06 13.06 0.00 0.00 0.00 0.00 13.13 13.16 0.00 0.00 0.00 0.00 0.00 0.00 0.00 0.00 0.00 0.00 0.00 0.00 0.00 0.00 0.00 0.00 0.00 0.00 0.00 0.00 0.00 0.00 0.00 0.00 0.00 0.00 0.00 0.00 0.00 0.00 0.00 0.00 0.00 0.00 0.00 0.00 0.00 0.00 0.00 0.00 0.00 0.00 0.00 0.00 0.00 0.00 0.00 0.00 0.00 0.00 0.00 42.15 15.72 15.79 15.86 15.93 16.01 16.08 16.16 16.24 16.32 16.40 44.67 0.00 0.00 0.00 0.00 0.00 0.00 0.00 0.00 0.00
13.00 13.00 13.01 13.02 0.00 0.00 13.06 13.08 13.10 13.12 0.00 0.00 0.00 0.00 0.00 0.00 0.00 0.00 0.00 0.00 0.00 0.00 0.00 0.00 0.00 0.00 0.00 0.00 0.00 0.00 0.00 0.00 0.00 0.00 0.00 0.00 0.00 0.00 0.00 0.00 0.00 0.00 0.00 0.00 0.00 0.00 0.00 0.00 0.00 0.00 0.00 0.00 0.00 0.00 0.00 0.00 0.00 0.00 0.00 0.00 15.66 15.73 15.80 15.87 15.94 16.01 16.09 16.17 16.25 16.33 16.41 45.68 16.57 16.65 0.00 46.15 46.25 0.00 0.00 0.00 0.00
12.95 12.95 12.96 12.97 12.97 12.99 13.00 13.02 13.04 13.07 0.00 0.00 0.00 0.00 0.00 0.00 0.00 0.00 0.00 0.00 0.00 0.00 0.00 0.00 0.00 0.00 0.00 0.00 0.00 0.00 0.00 0.00 0.00 0.00 0.00 0.00 0.00 0.00 0.00 0.00 0.00 0.00 0.00 0.00 0.00 0.00 0.00 0.00 0.00 0.00 0.00 0.00 0.00 0.00 0.00 40.98 0.00 0.00 0.00 42.29 15.67 15.74 15.81 15.88 15.95 16.02 16.10 16.17 16.25 16.33 16.41 45.73 47.80 48.39 47.97 54.38 38.33 0.00 0.00 0.00 0.00
12.91 12.91 12.91 12.92 12.93 12.94 12.95 12.97 12.99 0.00 0.00 0.00 0.00 0.00 0.00 0.00 0.00 0.00 0.00 0.00 0.00 0.00 0.00 0.00 0.00 0.00 0.00 0.00 0.00 0.00 0.00 0.00 0.00 0.00 0.00 0.00 0.00 0.00 0.00 0.00 0.00 0.00 0.00 0.00 0.00 0.00 0.00 0.00 0.00 0.00 0.00 0.00 0.00 0.00 0.00 15.23 15.27 36.47 36.58 32.35 15.32 15.75 15.82 15.89 15.96 16.03 16.11 16.18 16.26 46.55 16.42 44.85 47.85 47.04 56.57 33.41 0.00 0.00 0.00 0.00 0.00
12.87 12.87 12.87 12.88 12.88 40.26 0.00 0.00 0.00 0.00 0.00 0.00 0.00 0.00 0.00 0.00 0.00 0.00 0.00 0.00 0.00 0.00 40.53 13.70 0.00 0.00 0.00 0.00 0.00 0.00 0.00 0.00 0.00 0.00 0.00 0.00 0.00 0.00 0.00 0.00 0.00 0.00 0.00 0.00 0.00 0.00 0.00 0.00 0.00 0.00 0.00 0.00 0.00 0.00 0.00 15.22 40.18 38.01 39.38 15.32 15.33 15.56 15.83 15.90 15.97 16.05 16.12 16.19 16.27 16.35 45.73 45.85 45.96 47.98 48.05 34.12 47.72 0.00 0.00 0.00 0.00
12.83 12.83 12.83 12.84 42.52 0.00 0.00 0.00 0.00 0.00 0.00 0.00 0.00 0.00 0.00 0.00 0.00 0.00 0.00 0.00 0.00 0.00 13.60 13.67 0.00 0.00 0.00 0.00 0.00 0.00 0.00 0.00 0.00 0.00 0.00 0.00 0.00 0.00 0.00 0.00 0.00 0.00 0.00 0.00 0.00 0.00 0.00 0.00 0.00 0.00 0.00 0.00 0.00 0.00 15.18 15.23 39.24 40.60 15.40 15.46 15.52 15.57 15.63 15.92 15.99 44.71 16.13 16.21 45.53 46.58 16.43 16.51 16.59 48.02 48.26 34.16 44.95 0.00 0.00 0.00 0.00
12.80 12.80 12.80 42.68 35.14 0.00 0.00 0.00 0.00 0.00 0.00 0.00 0.00 0.00 0.00 0.00 0.00 0.00 13.27 13.34 13.41 13.49 19.90 13.65 13.73 0.00 0.00 0.00 0.00 0.00 0.00 0.00 0.00 0.00 14.38 0.00 0.00 0.00 0.00 0.00 0.00 0.00 0.00 0.00 0.00 0.00 0.00 0.00 0.00 0.00 0.00 0.00 0.00 15.14 15.19 15.25 39.33 41.44 15.29 15.48 15.53 15.63 15.65 15.70 16.00 45.17 16.15 16.22 45.58 46.63 16.44 16.52 16.59 45.20 47.25 16.43 44.99 0.00 0.00 0.00 0.00
12.77 12.77 49.57 49.58 0.00 0.00 0.00 0.00 0.00 0.00 0.00 0.00 0.00 0.00 0.00 0.00 0.00 13.17 13.24 13.31 39.04 13.47 13.55 13.64 13.72 13.81 13.88 13.96 40.83 0.00 0.00 0.00 0.00 0.00 14.39 41.69 14.48 41.42 0.00 0.00 0.00 0.00 0.00 0.00 0.00 0.00 0.00 0.00 0.00 0.00 0.00 0.00 0.00 37.05 15.23 15.26 15.32 39.54 15.30 15.49 15.47 15.64 15.67 15.72 44.70 45.23 16.16 16.23 45.64 16.38 16.45 16.53 16.60 16.68 16.75 16.82 16.89 0.00 0.00 0.00 0.00
12.75 49.64 49.54 49.54 33.89 0.00 0.00 0.00 0.00 0.00 0.00 0.00 0.00 0.00 0.00 0.00 13.08 13.15 13.22 41.22 41.37 13.46 13.55 13.64 13.72 13.81 13.89 13.96 14.04 14.11 40.99 0.00 0.00 0.00 14.39 43.79 14.49 14.53 14.48 14.52 47.50 0.00 0.00 0.00 0.00 0.00 0.00 0.00 0.00 0.00 0.00 0.00 0.00 37.14 15.23 15.28 15.34 15.40 15.29 15.51 15.57 15.55 15.72 15.74 39.51 16.11 16.18 16.25 16.32 16.40 16.47 16.54 16.61 16.68 16.75 16.82 16.89 45.50 0.00 0.00 0.00
12.74 12.74 50.11 49.53 40.46 35.53 39.51 0.00 0.00 0.00 0.00 0.00 0.00 12.93 12.97 13.02 13.07 13.14 13.21 41.26 41.42 39.88 13.55 13.64 13.73 13.82 13.90 13.98 14.05 14.12 14.19 0.00 0.00 41.79 14.41 14.45 14.50 14.54 14.49 14.48 14.52 26.33 43.29 30.66 0.00 0.00 0.00 0.00 0.00 0.00 0.00 0.00 0.00 0.00 15.25 15.31 15.36 15.42 15.48 15.53 15.59 15.57 15.62 15.67 39.58 15.88 16.20 16.27 16.34 16.41 16.48 16.55 16.62 16.69 16.76 16.83 16.90 16.96 44.95 0.00 0.00
18.67 12.73 37.87 37.87 12.75 12.76 12.77 40.72 38.17 0.00 38.14 12.87 12.89 12.93 12.97 13.02 13.08 13.14 13.22 41.33 39.13 39.65 19.90 13.66 13.75 13.84 13.92 14.00 14.07 14.14 14.20 41.29 0.00 41.86 14.42 14.47 14.51 14.56 14.45 14.49 14.46 14.51 14.53 14.71 39.56 14.80 14.84 1.19 0.00 0.00 0.00 0.00 0.00 0.00 15.27 15.33 15.39 15.44 15.50 15.56 15.62 15.67 15.65 15.82 15.85 15.90 16.02 16.29 16.36 16.43 16.50 16.57 16.64 16.71 16.77 16.84 48.33 16.97 17.03 38.56 0.00
12.73 12.73 12.74 12.75 12.76 12.77 12.78 12.80 37.97 37.99 12.86 12.88 12.91 12.95 12.99 13.04 13.10 13.16 13.24 13.32 39.53 39.74 19.94 20.08 20.21 13.87 13.95 14.03 14.10 14.17 14.23 14.29 35.62 48.19 14.44 14.49 14.53 14.58 14.47 14.45 14.47 14.51 14.68 14.73 14.77 14.83 14.86 14.91 0.00 0.00 0.00 0.00 0.00 0.00 0.00 15.35 15.41 15.47 15.53 15.59 15.64 15.61 15.66 15.79 15.86 15.84 15.89 15.97 16.38 16.45 16.52 16.59 16.65 16.72 16.79 16.85 16.91 16.98 17.04 0.00 0.00
39.74 12.74 12.75 12.76 12.77 12.79 12.80 12.82 12.84 12.86 12.88 12.91 12.94 12.98 38.49 42.11 13.14 13.20 13.28 13.37 13.45 13.55 20.01 20.14 13.82 13.91 13.99 14.06 14.13 14.20 14.26 14.32 41.49 42.04 14.47 14.51 14.56 14.60 14.55 14.58 14.49 14.55 14.71 14.75 14.79 14.84 14.90 14.94 0.00 0.00 0.00 0.00 0.00 0.00 31.54 45.96 15.44 15.50 15.56 15.61 15.67 15.72 15.69 15.82 15.81 15.87 16.01 16.08 16.13 16.47 16.54 16.60 16.67 16.74 16.80 16.86 48.27 54.39 44.54 0.00 0.00
39.67 39.82 12.77 12.78 12.80 12.81 12.83 12.85 12.88 12.90 12.93 12.96 12.99 13.03 13.08 13.13 13.19 13.26 39.43 42.35 13.51 13.61 20.09 13.79 13.87 13.96 14.03 14.11 43.87 14.24 14.30 14.35 14.40 14.45 14.49 14.54 14.58 14.62 14.57 14.48 14.53 14.69 14.74 14.79 14.82 14.72 14.91 14.96 0.00 0.00 0.00 0.00 0.00 0.00 38.73 46.06 15.31 15.36 15.59 15.66 15.69 15.74 15.71 15.85 15.92 15.99 16.05 16.11 16.16 16.22 16.56 16.63 16.69 16.75 16.82 16.88 16.94 46.96 44.53 0.00 0.00
39.75 40.47 12.79 12.81 12.83 12.85 12.87 12.90 12.92 12.95 12.98 13.02 13.06 13.10 13.15 13.21 13.27 13.34 13.42 19.80 19.93 20.06 13.77 13.85 40.83 14.02 14.09 14.16 14.22 14.28 14.34 14.39 14.44 14.48 14.53 14.57 14.61 14.65 14.59 14.50 14.67 14.71 14.75 14.80 14.84 14.89 14.80 14.99 31.22 0.00 31.36 38.53 36.94 40.71 29.41 39.39 38.64 15.39 15.45 15.67 15.72 15.76 15.84 15.90 15.95 16.01 16.07 16.13 16.18 16.24 16.29 16.65 16.71 45.36 16.83 16.89 16.95 44.61 0.00 0.00 0.00
12.79 12.81 12.83 12.85 12.87 12.90 12.92 12.95 12.98 13.02 13.05 13.09 13.14 13.18 13.24 13.30 13.36 13.43 13.51 13.60 13.68 13.77 13.85 13.93 14.01 14.08 14.15 14.21 14.27 14.33 14.38 14.43 14.47 14.52 14.56 14.60 14.64 14.68 14.62 14.66 14.70 14.74 14.78 14.84 14.87 14.92 14.83 15.02 15.09 45.69 15.19 15.26 15.30 15.37 46.14 15.31 15.37 15.45 15.47 15.72 15.75 15.81 15.87 15.93 15.98 16.04 16.10 16.15 16.21 16.30 16.31 16.36 46.67 16.79 46.83 48.77 36.12 33.25 0.00 0.00 0.00
12.83 12.85 12.87 12.90 12.92 12.95 12.98 13.02 13.05 13.09 13.13 13.18 13.23 13.28 13.33 13.40 13.46 13.54 13.62 13.70 13.78 13.86 13.94 14.02 14.09 14.15 14.22 14.27 14.33 14.38 14.43 14.47 42.12 42.59 14.60 14.64 14.68 14.72 14.66 14.69 14.73 14.77 14.81 14.86 14.90 14.95 14.86 15.06 21.24 45.79 40.59 40.69 40.78 46.13 39.43 15.34 15.56 15.62 15.70 15.75 15.78 15.84 15.82 15.88 16.01 16.07 16.12 16.18 16.23 16.28 16.33 16.38 16.51 48.74 55.14 48.78 48.78 44.57 0.00 0.00 0.00
12.87 12.89 12.92 12.95 12.98 13.01 13.05 13.09 13.13 13.17 13.22 13.27 13.32 13.38 13.44 13.51 13.58 13.65 13.73 13.81 13.89 13.96 14.04 14.11 14.17 14.23 14.29 14.34 14.39 14.43 14.48 44.65 14.56 14.60 14.63 14.67 14.71 14.75 14.70 14.72 14.76 14.80 14.85 14.89 14.94 14.99 15.04 15.09 21.29 40.58 40.67 40.76 46.12 40.93 15.32 15.54 15.60 15.65 15.70 15.72 15.74 15.88 15.85 15.91 15.96 16.01 16.15 16.20 16.25 16.30 16.35 16.40 16.45 16.58 48.53 16.95 54.95 0.00 0.00 0.00 0.00
12.91 12.94 12.97 13.01 13.04 13.08 13.12 13.17 13.21 13.26 13.32 13.37 13.43 13.49 13.55 13.62 13.69 13.77 13.85 13.92 14.00 14.07 44.02 14.20 14.25 14.31 14.36 14.40 42.02 44.62 42.19 14.56 14.60 14.64 14.68 14.71 14.75 14.79 14.72 14.76 14.80 14.84 14.88 14.93 14.98 15.02 15.08 15.13 15.03 15.24 15.31 21.69 40.90 15.46 15.36 15.58 15.63 39.46 15.75 15.73 15.78 15.83 15.88 15.94 15.99 16.04 16.18 16.14 16.19 16.24 16.28 16.42 16.47 16.51 16.64 16.97 54.93 0.00 0.00 0.00 0.00
12.97 13.00 13.03 13.07 13.11 13.16 13.20 13.25 13.30 13.36 13.41 13.47 13.54 13.60 13.67 13.74 13.81 13.89 13.96 14.04 14.11 14.17 44.24 14.29 14.34 44.48 44.22 44.28 14.50 14.54 14.58 14.61 14.65 14.68 14.72 14.75 14.79 14.83 14.76 14.80 14.84 14.88 14.92 14.97 15.01 15.06 15.11 15.17 15.07 15.28 15.35 15.39 39.93 15.33 15.56 15.62 15.60 40.90 15.71 39.66 15.82 15.87 15.92 15.97 16.02 16.07 16.20 16.16 16.21 16.26 16.30 16.44 16.58 16.53 16.65 23.23 54.92 0.00 0.00 0.00 0.00
13.03 13.06 13.10 13.14 13.19 13.23 13.29 13.34 13.40 13.45 13.51 13.58 13.64 13.71 13.78 13.85 13.93 14.00 14.07 43.12 14.21 36.00 46.00 13.81 36.06 50.94 44.35 14.53 14.56 14.59 14.63 14.66 14.69 14.73 14.76 14.80 14.83 14.87 14.80 14.83 14.87 14.92 14.96 15.01 15.05 15.10 15.16 15.21 15.26 15.32 15.37 15.27 15.32 15.55 39.69 15.65 15.64 15.69 15.75 15.80 15.86 15.90 15.95 16.01 16.05 16.10 16.15 16.28 16.38 16.37 16.41 16.46 16.50 16.54 16.58 16.71 38.88 0.00 0.00 0.00 0.00
13.09 13.13 13.17 13.22 13.27 13.32 13.37 13.43 13.49 13.55 13.62 13.68 13.75 13.82 13.89 13.96 14.03 14.11 41.41 44.03 48.67 36.07 0.00 0.00 0.00 0.00 14.55 14.58 14.61 14.64 44.09 51.28 42.36 14.77 14.80 14.84 14.88 14.92 14.78 39.76 14.87 14.90 15.00 15.06 15.10 15.16 15.21 15.25 15.30 15.36 15.41 15.49 15.53 15.51 15.57 15.62 15.75 15.81 15.86 15.92 15.89 15.93 15.98 16.04 16.09 16.13 39.99 16.31 16.35 16.39 16.44 16.48 16.61 16.65 16.60 41.42 0.00 0.00 0.00 0.00 0.00
13.16 13.20 13.25 13.30 13.35 13.40 13.46 13.52 13.58 13.65 13.71 13.78 13.85 13.92 13.99 14.06 14.13 44.02 41.79 41.71 14.31 0.00 0.00 0.00 0.00 0.00 42.21 14.64 42.49 51.24 42.33 14.75 14.78 14.82 14.85 14.89 14.92 14.96 14.89 39.81 14.90 15.00 15.00 15.09 15.16 15.19 15.24 15.30 15.35 15.41 15.39 15.44 15.57 39.27 15.61 15.66 15.79 15.85 15.90 15.95 16.01 16.06 16.10 16.11 16.17 16.06 16.10 16.34 16.38 16.42 16.46 16.50 16.63 41.97 16.62 40.58 0.00 0.00 0.00 0.00 0.00
13.23 13.28 13.33 13.38 13.43 13.49 13.55 13.61 13.68 13.74 13.81 13.88 13.95 14.02 14.09 44.31 41.55 44.17 41.96 14.41 0.00 0.00 0.00 0.00 0.00 0.00 0.00 0.00 0.00 0.00 42.10 14.80 14.83 14.86 14.90 14.93 14.97 15.01 14.93 14.91 15.01 14.98 15.03 15.07 15.19 15.24 15.29 15.36 15.24 15.29 15.50 15.56 15.61 15.60 15.65 15.70 15.76 15.89 15.94 15.99 16.04 16.09 16.13 16.19 16.15 16.09 16.13 15.05 16.41 16.53 16.57 42.01 46.64 32.48 14.15 38.43 0.00 0.00 0.00 0.00 0.00
13.31 13.36 13.41 13.46 13.52 13.57 13.64 13.70 13.77 13.83 13.90 13.97 14.04 41.37 38.70 50.88 38.43 0.00 0.00 0.00 0.00 0.00 0.00 0.00 0.00 0.00 0.00 0.00 0.00 0.00 0.00 14.85 14.88 14.91 14.94 14.98 15.02 15.06 14.98 15.02 15.06 15.10 15.07 15.12 15.24 15.30 15.27 15.32 15.37 15.33 15.41 15.44 15.66 15.71 15.69 39.46 15.80 15.93 16.00 41.49 16.08 16.12 16.17 16.22 16.07 44.81 39.76 37.06 16.44 37.03 37.00 36.97 36.93 0.00 0.00 0.00 0.00 0.00 0.00 0.00 0.00
13.39 13.44 13.49 13.54 13.60 13.66 13.72 13.79 13.85 13.92 13.99 41.31 46.44 39.30 0.00 0.00 0.00 0.00 0.00 0.00 0.00 0.00 0.00 0.00 0.00 0.00 0.00 0.00 0.00 0.00 0.00 0.00 14.80 45.68 45.74 15.03 15.07 15.11 14.88 14.92 14.96 15.15 15.19 15.17 15.21 15.27 15.32 15.44 15.49 15.55 15.60 15.48 15.56 15.76 15.74 40.78 39.53 15.97 16.02 16.07 16.12 16.16 16.20 16.06 16.10 0.00 0.00 0.00 0.00 0.00 0.00 0.00 0.00 0.00 0.00 0.00 0.00 0.00 0.00 0.00 0.00
13.47 13.52 13.57 13.63 13.69 13.75 13.81 13.87 13.94 14.00 14.07 41.47 0.00 0.00 0.00 0.00 0.00 0.00 0.00 0.00 0.00 0.00 0.00 0.00 0.00 0.00 0.00 0.00 0.00 0.00 0.00 0.00 0.00 46.17 45.12 42.91 42.98 15.16 14.93 14.97 15.01 15.05 15.25 15.22 15.27 15.39 15.44 15.49 15.54 15.59 15.65 15.53 38.77 39.80 15.68 14.63 27.04 39.18 41.38 16.11 40.07 16.19 16.23 16.09 0.00 0.00 0.00 0.00 0.00 0.00 0.00 0.00 0.00 0.00 0.00 0.00 0.00 0.00 0.00 0.00 0.00
13.55 13.60 13.66 13.71 13.77 13.83 13.89 13.96 14.02 14.08 44.46 14.21 0.00 0.00 0.00 0.00 0.00 0.00 0.00 0.00 0.00 0.00 0.00 0.00 0.00 0.00 0.00 0.00 0.00 0.00 0.00 0.00 0.00 0.00 36.20 51.73 13.10 51.87 14.98 15.02 15.06 15.25 15.30 15.27 15.39 15.44 15.49 15.54 15.59 15.64 15.70 39.96 44.79 29.59 32.75 0.00 0.00 0.00 0.00 41.11 16.19 16.03 39.14 0.00 0.00 0.00 0.00 0.00 0.00 0.00 0.00 0.00 0.00 0.00 0.00 0.00 0.00 0.00 0.00 0.00 0.00
13.63 13.69 13.74 13.79 13.85 13.91 13.97 14.03 14.10 14.16 41.81 0.00 0.00 0.00 0.00 0.00 0.00 0.00 0.00 0.00 0.00 0.00 0.00 0.00 0.00 0.00 0.00 0.00 0.00 0.00 0.00 0.00 0.00 0.00 46.16 49.23 43.71 15.27 15.19 15.08 15.27 15.17 15.20 15.33 15.37 15.49 15.54 15.59 15.64 42.12 40.99 41.03 14.60 0.00 0.00 0.00 0.00 0.00 0.00 0.00 37.44 37.17 0.00 0.00 0.00 0.00 0.00 0.00 0.00 0.00 0.00 0.00 0.00 0.00 0.00 0.00 0.00 0.00 0.00 0.00 0.00
