ASPA-UH-SWB2_REPO/output/post_prcessed_with_MFR/actual_et_annual.asc
NCOLS 350
NROWS 200
XLLCENTER 515000.000000
YLLCENTER 8409000.000000
CELLSIZE 100.000000
NODATA_value -999.000000
[rows 36 to 71 of 200, columns 243 to 323 of 350]
0.00 0.00 0.00 0.00 0.00 0.00 0.00 0.00 0.00 0.00 0.00 0.00 0.00 0.00 0.00 0.00 0.00 0.00 0.00 0.00 0.00 0.00 0.00 0.00 0.00 0.00 0.00 0.00 0.00 0.00 0.00 0.00 0.00 0.00 0.00 0.00 0.00 0.00 0.00 0.00 0.00 0.00 0.00 0.00 0.00 0.00 0.00 0.00 0.00 0.00 0.00 0.00 0.00 0.00 0.00 0.00 0.00 0.00 0.00 0.00 0.00 0.00 0.00 0.00 0.00 0.00 0.00 0.00 0.00 0.00 0.00 0.00 0.00 0.00 0.00 0.00 0.00 0.00 0.00 0.00 0.00
0.00 0.00 0.00 0.00 0.00 0.00 0.00 0.00 0.00 0.00 0.00 0.00 0.00 0.00 0.00 0.00 0.00 0.00 0.00 0.00 0.00 0.00 0.00 0.00 0.00 0.00 0.00 0.00 0.00 0.00 0.00 0.00 0.00 0.00 0.00 0.00 0.00 0.00 0.00 0.00 0.00 0.00 0.00 0.00 0.00 0.00 0.00 0.00 0.00 0.00 0.00 0.00 0.00 0.00 0.00 0.00 0.00 0.00 0.00 0.00 0.00 0.00 0.00 0.00 0.00 0.00 0.00 0.00 0.00 0.00 0.00 0.00 0.00 0.00 0.00 0.00 0.00 0.00 0.00 0.00 0.00
0.00 0.00 0.00 0.00 0.00 0.00 0.00 0.00 0.00 0.00 0.00 0.00 0.00 0.00 0.00 0.00 0.00 0.00 0.00 0.00 0.00 0.00 0.00 0.00 0.00 0.00 0.00 0.00 0.00 0.00 0.00 0.00 0.00 0.00 0.00 0.00 0.00 0.00 0.00 0.00 0.00 0.00 0.00 0.00 0.00 0.00 0.00 0.00 0.00 0.00 0.00 0.00 0.00 0.00 0.00 0.00 0.00 0.00 0.00 0.00 0.00 0.00 0.00 0.00 0.00 0.00 0.00 0.00 0.00 0.00 0.00 0.00 0.00 0.00 0.00 0.00 0.00 0.00 0.00 0.00 0.00
0.00 0.00 0.00 0.00 0.00 0.00 0.00 0.00 0.00 0.00 0.00 0.00 0.00 0.00 0.00 0.00 0.00 0.00 0.00 0.00 0.00 0.00 0.00 0.00 0.00 0.00 0.00 0.00 0.00 0.00 0.00 0.00 0.00 0.00 0.00 0.00 0.00 0.00 0.00 0.00 0.00 0.00 0.00 0.00 0.00 0.00 0.00 0.00 0.00 0.00 0.00 0.00 0.00 0.00 0.00 0.00 0.00 0.00 0.00 0.00 0.00 0.00 0.00 0.00 0.00 0.00 0.00 0.00 0.00 0.00 0.00 0.00 0.00 0.00 0.00 0.00 0.00 0.00 0.00 0.00 0.00
0.00 0.00 0.00 0.00 0.00 0.00 0.00 0.00 0.00 0.00 0.00 0.00 0.00 0.00 0.00 0.00 0.00 0.00 0.00 0.00 0.00 0.00 0.00 0.00 0.00 0.00 0.00 0.00 0.00 0.00 0.00 0.00 0.00 0.00 0.00 0.00 0.00 0.00 0.00 0.00 0.00 0.00 0.00 0.00 0.00 0.00 0.00 0.00 0.00 0.00 0.00 0.00 0.00 0.00 0.00 0.00 0.00 0.00 0.00 0.00 0.00 0.00 0.00 49.38 0.00 0.00 0.00 0.00 0.00 0.00 0.00 0.00 0.00 0.00 0.00 0.00 0.00 0.00 0.00 0.00 0.00
0.00 0.00 0.00 0.00 0.00 0.00 0.00 0.00 0.00 0.00 0.00 0.00 0.00 0.00 0.00 0.00 0.00 0.00 0.00 0.00 0.00 0.00 0.00 0.00 0.00 0.00 0.00 0.00 0.00 0.00 0.00 0.00 0.00 0.00 0.00 0.00 0.00 0.00 0.00 0.00 0.00 0.00 0.00 0.00 0.00 0.00 0.00 0.00 0.00 0.00 0.00 0.00 0.00 0.00 0.00 0.00 0.00 0.00 0.00 0.00 0.00 0.00 0.00 15.84 15.91 0.00 0.00 0.00 0.00 0.00 0.00 0.00 0.00 0.00 0.00 0.00 0.00 0.00 0.00 0.00 0.00
0.00 13.11 13.12 0.00 0.00 0.00 0.00 0.00 0.00 0.00 0.00 0.00 0.00 0.00 0.00 0.00 0.00 0.00 0.00 0.00 0.00 0.00 0.00 0.00 0.00 0.00 0.00 0.00 0.00 0.00 0.00 0.00 0.00 0.00 0.00 0.00 0.00 0.00 0.00 0.00 0.00 0.00 0.00 0.00 0.00 0.00 0.00 0.00 0.00 0.00 0.00 0.00 0.00 0.00 0.00 0.00 0.00 0.00 0.00 0.00 0.00 0.00 42.26 15.83 15.92 15.99 41.09 16.14 41.37 0.00 0.00 39.14 0.00 0.00 0.00 0.00 16.76 0.00 0.00 0.00 0.00
13.05 13.06 13.06 0.00 0.00 0.00 0.00 13.13 13.16 0.00 0.00 0.00 0.00 0.00 0.00 0.00 0.00 0.00 0.00 0.00 0.00 0.00 0.00 0.00 0.00 0.00 0.00 0.00 0.00 0.00 0.00 0.00 0.00 0.00 0.00 0.00 0.00 0.00 0.00 0.00 0.00 0.00 0.00 0.00 0.00 0.00 0.00 0.00 0.00 0.00 0.00 0.00 0.00 0.00 0.00 0.00 0.00 0.00 0.00 0.00 38.27 15.68 15.78 15.84 15.92 15.98 16.07 16.15 16.22 16.30 16.38 40.68 0.00 0.00 0.00 0.00 0.00 0.00 0.00 0.00 0.00
13.00 13.00 13.01 13.02 0.00 0.00 13.06 13.08 13.10 13.12 0.00 0.00 0.00 0.00 0.00 0.00 0.00 0.00 0.00 0.00 0.00 0.00 0.00 0.00 0.00 0.00 0.00 0.00 0.00 0.00 0.00 0.00 0.00 0.00 0.00 0.00 0.00 0.00 0.00 0.00 0.00 0.00 0.00 0.00 0.00 0.00 0.00 0.00 0.00 0.00 0.00 0.00 0.00 0.00 0.00 0.00 0.00 0.00 0.00 0.00 15.62 15.72 15.79 15.84 15.91 15.99 16.06 16.15 16.23 16.31 16.39 41.77 16.54 16.62 0.00 42.14 42.23 0.00 0.00 0.00 0.00
12.95 12.95 12.96 12.97 12.97 12.99 13.00 13.02 13.04 13.07 0.00 0.00 0.00 0.00 0.00 0.00 0.00 0.00 0.00 0.00 0.00 0.00 0.00 0.00 0.00 0.00 0.00 0.00 0.00 0.00 0.00 0.00 0.00 0.00 0.00 0.00 0.00 0.00 0.00 0.00 0.00 0.00 0.00 0.00 0.00 0.00 0.00 0.00 0.00 0.00 0.00 0.00 0.00 0.00 0.00 38.67 0.00 0.00 0.00 40.26 15.63 15.73 15.80 15.87 15.92 16.01 16.07 16.14 16.24 16.31 16.39 41.82 43.48 44.76 43.63 49.15 34.18 0.00 0.00 0.00 0.00
12.91 12.91 12.91 12.92 12.93 12.94 12.95 12.97 12.99 0.00 0.00 0.00 0.00 0.00 0.00 0.00 0.00 0.00 0.00 0.00 0.00 0.00 0.00 0.00 0.00 0.00 0.00 0.00 0.00 0.00 0.00 0.00 0.00 0.00 0.00 0.00 0.00 0.00 0.00 0.00 0.00 0.00 0.00 0.00 0.00 0.00 0.00 0.00 0.00 0.00 0.00 0.00 0.00 0.00 0.00 15.23 15.27 34.90 34.99 30.56 15.32 15.71 15.81 15.88 15.93 16.01 16.09 16.17 16.24 42.14 16.40 40.83 43.53 43.14 51.10 29.68 0.00 0.00 0.00 0.00 0.00
12.87 12.87 12.87 12.88 12.88 40.70 0.00 0.00 0.00 0.00 0.00 0.00 0.00 0.00 0.00 0.00 0.00 0.00 0.00 0.00 0.00 0.00 41.14 13.70 0.00 0.00 0.00 0.00 0.00 0.00 0.00 0.00 0.00 0.00 0.00 0.00 0.00 0.00 0.00 0.00 0.00 0.00 0.00 0.00 0.00 0.00 0.00 0.00 0.00 0.00 0.00 0.00 0.00 0.00 0.00 15.22 38.08 35.83 37.30 15.32 15.33 15.56 15.82 15.89 15.96 16.03 16.11 16.18 16.25 16.33 41.81 41.90 41.99 43.64 43.71 30.35 42.40 0.00 0.00 0.00 0.00
12.83 12.83 12.83 12.84 42.54 0.00 0.00 0.00 0.00 0.00 0.00 0.00 0.00 0.00 0.00 0.00 0.00 0.00 0.00 0.00 0.00 0.00 13.60 13.67 0.00 0.00 0.00 0.00 0.00 0.00 0.00 0.00 0.00 0.00 0.00 0.00 0.00 0.00 0.00 0.00 0.00 0.00 0.00 0.00 0.00 0.00 0.00 0.00 0.00 0.00 0.00 0.00 0.00 0.00 15.18 15.23 37.18 38.38 15.40 15.46 15.52 15.57 15.63 15.91 15.98 40.91 16.12 16.19 41.66 42.87 16.41 16.49 16.56 43.69 43.94 30.37 39.59 0.00 0.00 0.00 0.00
12.80 12.80 12.80 42.61 35.60 0.00 0.00 0.00 0.00 0.00 0.00 0.00 0.00 0.00 0.00 0.00 0.00 0.00 13.27 13.34 13.41 13.49 19.90 13.65 13.73 0.00 0.00 0.00 0.00 0.00 0.00 0.00 0.00 0.00 14.38 0.00 0.00 0.00 0.00 0.00 0.00 0.00 0.00 0.00 0.00 0.00 0.00 0.00 0.00 0.00 0.00 0.00 0.00 15.14 15.19 15.25 37.28 39.11 15.29 15.48 15.53 15.63 15.65 15.70 15.99 41.42 16.13 16.20 41.71 42.92 16.40 16.49 16.51 41.08 43.39 15.68 39.63 0.00 0.00 0.00 0.00
12.77 12.77 50.05 50.05 0.00 0.00 0.00 0.00 0.00 0.00 0.00 0.00 0.00 0.00 0.00 0.00 0.00 13.17 13.24 13.31 39.35 13.47 13.55 13.64 13.72 13.81 13.88 13.96 41.18 0.00 0.00 0.00 0.00 0.00 14.39 42.19 14.48 42.44 0.00 0.00 0.00 0.00 0.00 0.00 0.00 0.00 0.00 0.00 0.00 0.00 0.00 0.00 0.00 35.49 15.23 15.26 15.32 37.48 15.30 15.49 15.47 15.64 15.67 15.72 40.95 41.48 16.15 16.22 41.76 16.36 16.43 16.50 16.58 16.65 16.69 16.79 16.78 0.00 0.00 0.00 0.00
12.75 49.68 50.00 50.01 34.24 0.00 0.00 0.00 0.00 0.00 0.00 0.00 0.00 0.00 0.00 0.00 13.08 13.15 13.22 41.66 41.82 13.46 13.55 13.64 13.72 13.81 13.89 13.96 14.04 14.11 41.77 0.00 0.00 0.00 14.39 44.13 14.49 14.53 14.48 14.52 45.20 0.00 0.00 0.00 0.00 0.00 0.00 0.00 0.00 0.00 0.00 0.00 0.00 35.59 15.23 15.28 15.34 15.40 15.29 15.51 15.57 15.55 15.72 15.74 37.25 16.10 16.17 16.24 16.31 16.38 16.43 16.52 16.57 16.63 16.70 16.79 16.86 41.36 0.00 0.00 0.00
12.74 12.74 50.11 49.99 40.70 35.25 39.66 0.00 0.00 0.00 0.00 0.00 0.00 12.93 12.97 13.02 13.07 13.14 13.21 41.71 41.88 40.18 13.55 13.64 13.73 13.82 13.90 13.98 14.05 14.12 14.19 0.00 0.00 42.19 14.41 14.45 14.50 14.54 14.49 14.48 14.52 24.87 41.02 29.18 0.00 0.00 0.00 0.00 0.00 0.00 0.00 0.00 0.00 0.00 15.25 15.31 15.36 15.42 15.48 15.53 15.59 15.57 15.62 15.67 37.32 15.88 16.18 16.25 16.32 16.39 16.44 16.51 16.60 16.67 16.73 16.80 16.86 16.92 39.52 0.00 0.00
18.67 12.73 37.98 37.99 12.75 12.76 12.77 41.01 38.63 0.00 38.64 12.87 12.89 12.93 12.97 13.02 13.08 13.14 13.22 41.79 39.47 40.01 19.90 13.66 13.75 13.84 13.92 14.00 14.07 14.14 14.20 42.08 0.00 42.27 14.42 14.47 14.51 14.56 14.45 14.49 14.46 14.51 14.53 14.71 37.57 14.80 14.84 1.19 0.00 0.00 0.00 0.00 0.00 0.00 15.27 15.33 15.39 15.44 15.50 15.56 15.62 15.67 15.65 15.82 15.85 15.90 16.02 16.26 16.36 16.39 16.48 16.52 16.59 16.65 16.72 16.81 43.98 16.93 17.01 34.25 0.00
12.73 12.73 12.74 12.75 12.76 12.77 12.78 12.80 38.15 38.18 12.86 12.88 12.91 12.95 12.99 13.04 13.10 13.16 13.24 13.32 39.88 40.11 19.94 20.08 20.21 13.87 13.95 14.03 14.10 14.17 14.23 14.29 36.36 48.15 14.44 14.49 14.53 14.58 14.47 14.45 14.47 14.51 14.68 14.73 14.77 14.83 14.86 14.91 0.00 0.00 0.00 0.00 0.00 0.00 0.00 15.35 15.41 15.47 15.53 15.59 15.64 15.61 15.66 15.79 15.86 15.84 15.89 15.97 16.36 16.43 16.49 16.56 16.60 16.69 16.75 16.82 16.88 16.86 17.01 0.00 0.00
39.41 12.74 12.75 12.76 12.77 12.79 12.80 12.82 12.84 12.86 12.88 12.91 12.94 12.98 38.79 42.33 13.14 13.20 13.28 13.37 13.45 13.55 20.01 20.14 13.82 13.91 13.99 14.06 14.13 14.20 14.26 14.32 41.88 42.52 14.47 14.51 14.56 14.60 14.55 14.58 14.49 14.55 14.71 14.75 14.79 14.84 14.90 14.94 0.00 0.00 0.00 0.00 0.00 0.00 30.05 43.57 15.44 15.50 15.56 15.61 15.67 15.72 15.69 15.82 15.81 15.87 16.01 16.08 16.13 16.45 16.51 16.58 16.64 16.71 16.77 16.83 43.87 49.14 39.11 0.00 0.00
39.24 39.49 12.77 12.78 12.80 12.81 12.83 12.85 12.88 12.90 12.93 12.96 12.99 13.03 13.08 13.13 13.19 13.26 39.73 42.67 13.51 13.61 20.09 13.79 13.87 13.96 14.03 14.11 44.29 14.24 14.30 14.35 14.40 14.45 14.49 14.54 14.58 14.62 14.57 14.48 14.53 14.69 14.74 14.79 14.82 14.72 14.91 14.96 0.00 0.00 0.00 0.00 0.00 0.00 36.85 43.67 15.31 15.36 15.59 15.66 15.69 15.74 15.71 15.85 15.92 15.99 16.05 16.11 16.16 16.22 16.54 16.60 16.66 16.72 16.78 16.84 16.90 42.95 39.08 0.00 0.00
39.32 40.47 12.79 12.81 12.83 12.85 12.87 12.90 12.92 12.95 12.98 13.02 13.06 13.10 13.15 13.21 13.27 13.34 13.42 19.80 19.93 20.06 13.77 13.85 41.24 14.02 14.09 14.16 14.22 14.28 14.34 14.39 14.44 14.48 14.53 14.57 14.61 14.65 14.59 14.50 14.67 14.71 14.75 14.80 14.84 14.89 14.80 14.99 29.76 0.00 29.90 36.67 35.44 38.69 27.75 37.27 36.50 15.39 15.45 15.67 15.72 15.76 15.84 15.90 15.95 16.01 16.07 16.13 16.18 16.24 16.29 16.63 16.68 41.24 16.80 16.88 16.92 39.16 0.00 0.00 0.00
12.79 12.81 12.83 12.85 12.87 12.90 12.92 12.95 12.98 13.02 13.05 13.09 13.14 13.18 13.24 13.30 13.36 13.43 13.51 13.60 13.68 13.77 13.85 13.93 14.01 14.08 14.15 14.21 14.27 14.33 14.38 14.43 14.47 14.52 14.56 14.60 14.64 14.68 14.62 14.66 14.70 14.74 14.78 14.84 14.87 14.92 14.83 15.02 15.09 43.35 15.19 15.26 15.30 15.37 43.77 15.31 15.37 15.45 15.47 15.72 15.75 15.81 15.87 15.93 15.98 16.04 16.10 16.15 16.21 16.30 16.31 16.36 42.73 16.78 42.84 44.44 32.37 29.40 0.00 0.00 0.00
12.83 12.85 12.87 12.90 12.92 12.95 12.98 13.02 13.05 13.09 13.13 13.18 13.23 13.28 13.33 13.40 13.46 13.54 13.62 13.70 13.78 13.86 13.94 14.02 14.09 14.15 14.22 14.27 14.33 14.38 14.43 14.47 42.56 43.13 14.60 14.64 14.68 14.72 14.66 14.69 14.73 14.77 14.81 14.86 14.90 14.95 14.86 15.06 21.16 43.45 38.60 38.69 38.77 43.77 37.33 15.34 15.56 15.62 15.70 15.75 15.78 15.84 15.82 15.88 16.01 16.07 16.12 16.18 16.23 16.28 16.33 16.38 16.51 44.41 49.98 44.45 44.44 39.08 0.00 0.00 0.00
12.87 12.89 12.92 12.95 12.98 13.01 13.05 13.09 13.13 13.17 13.22 13.27 13.32 13.38 13.44 13.51 13.58 13.65 13.73 13.81 13.89 13.96 14.04 14.11 14.17 14.23 14.29 14.34 14.39 14.43 14.48 45.11 14.56 14.60 14.63 14.67 14.71 14.75 14.70 14.72 14.76 14.80 14.85 14.89 14.94 14.99 15.04 15.09 21.21 38.59 38.68 38.76 43.77 38.92 15.32 15.54 15.60 15.65 15.70 15.72 15.74 15.88 15.85 15.91 15.96 16.01 16.15 16.20 16.25 16.30 16.35 16.40 16.45 16.58 44.20 16.93 49.73 0.00 0.00 0.00 0.00
12.91 12.94 12.97 13.01 13.04 13.08 13.12 13.17 13.21 13.26 13.32 13.37 13.43 13.49 13.55 13.62 13.69 13.77 13.85 13.92 14.00 14.07 44.41 14.20 14.25 14.31 14.36 14.40 42.45 45.07 42.62 14.56 14.60 14.64 14.68 14.71 14.75 14.79 14.72 14.76 14.80 14.84 14.88 14.93 14.98 15.02 15.08 15.13 15.03 15.24 15.31 21.64 38.90 15.46 15.36 15.58 15.63 37.30 15.75 15.73 15.78 15.83 15.88 15.94 15.99 16.04 16.18 16.14 16.19 16.24 16.28 16.42 16.47 16.51 16.64 16.95 49.67 0.00 0.00 0.00 0.00
12.97 13.00 13.03 13.07 13.11 13.16 13.20 13.25 13.30 13.36 13.41 13.47 13.54 13.60 13.67 13.74 13.81 13.89 13.96 14.04 14.11 14.17 44.63 14.29 14.34 44.90 44.63 44.69 14.50 14.54 14.58 14.61 14.65 14.68 14.72 14.75 14.79 14.83 14.76 14.80 14.84 14.88 14.92 14.97 15.01 15.06 15.11 15.17 15.07 15.28 15.35 15.39 37.97 15.33 15.56 15.62 15.60 38.90 15.71 37.48 15.82 15.87 15.92 15.97 16.02 16.07 16.20 16.16 16.21 16.26 16.30 16.44 16.58 16.53 16.65 22.90 49.63 0.00 0.00 0.00 0.00
13.03 13.06 13.10 13.14 13.19 13.23 13.29 13.34 13.40 13.45 13.51 13.58 13.64 13.71 13.78 13.85 13.93 14.00 14.07 43.40 14.21 36.68 46.23 13.89 36.78 51.43 44.75 14.53 14.56 14.59 14.63 14.66 14.69 14.73 14.76 14.80 14.83 14.87 14.80 14.83 14.87 14.92 14.96 15.01 15.05 15.10 15.16 15.21 15.26 15.32 15.37 15.27 15.32 15.55 37.57 15.65 15.64 15.69 15.75 15.80 15.86 15.90 15.95 16.01 16.05 16.10 16.15 16.28 16.38 16.37 16.41 16.46 16.50 16.54 16.58 16.71 37.03 0.00 0.00 0.00 0.00
13.09 13.13 13.17 13.22 13.27 13.32 13.37 13.43 13.49 13.55 13.62 13.68 13.75 13.82 13.89 13.96 14.03 14.11 41.72 44.37 48.39 36.77 0.00 0.00 0.00 0.00 14.55 14.58 14.61 14.64 44.45 51.86 42.76 14.77 14.80 14.84 14.88 14.92 14.78 37.76 14.87 14.90 15.00 15.06 15.10 15.16 15.21 15.25 15.30 15.36 15.41 15.49 15.53 15.51 15.57 15.62 15.75 15.81 15.86 15.92 15.89 15.93 15.98 16.04 16.09 16.13 37.67 16.31 16.35 16.39 16.44 16.48 16.61 16.65 16.60 39.11 0.00 0.00 0.00 0.00 0.00
13.16 13.20 13.25 13.30 13.35 13.40 13.46 13.52 13.58 13.65 13.71 13.78 13.85 13.92 13.99 14.06 14.13 44.34 42.14 42.02 14.33 0.00 0.00 0.00 0.00 0.00 43.04 14.64 42.89 51.82 42.72 14.75 14.78 14.82 14.85 14.89 14.92 14.96 14.89 37.81 14.90 15.00 15.00 15.09 15.16 15.19 15.24 15.30 15.35 15.41 15.39 15.44 15.57 37.16 15.61 15.66 15.79 15.85 15.90 15.95 16.01 16.06 16.10 16.11 16.17 16.06 16.10 16.34 16.38 16.42 16.46 16.50 16.63 39.64 16.62 38.13 0.00 0.00 0.00 0.00 0.00
13.23 13.28 13.33 13.38 13.43 13.49 13.55 13.61 13.68 13.74 13.81 13.88 13.95 14.02 14.09 44.65 41.84 44.49 42.30 14.41 0.00 0.00 0.00 0.00 0.00 0.00 0.00 0.00 0.00 0.00 42.97 14.80 14.83 14.86 14.90 14.93 14.97 15.01 14.93 14.91 15.01 14.98 15.03 15.07 15.19 15.24 15.29 15.36 15.24 15.29 15.50 15.56 15.61 15.60 15.65 15.70 15.76 15.89 15.94 15.99 16.04 16.09 16.13 16.19 16.15 16.09 16.13 14.51 16.41 16.53 16.57 39.70 43.98 30.81 13.31 36.58 0.00 0.00 0.00 0.00 0.00
13.31 13.36 13.41 13.46 13.52 13.57 13.64 13.70 13.77 13.83 13.90 13.97 14.04 41.62 38.18 51.19 38.84 0.00 0.00 0.00 0.00 0.00 0.00 0.00 0.00 0.00 0.00 0.00 0.00 0.00 0.00 14.85 14.88 14.91 14.94 14.98 15.02 15.06 14.98 15.02 15.06 15.10 15.07 15.12 15.24 15.30 15.27 15.32 15.37 15.33 15.41 15.44 15.66 15.71 15.69 37.32 15.80 15.93 16.00 39.46 16.08 16.12 16.17 16.22 16.07 42.55 37.69 35.47 16.44 35.39 35.34 35.29 35.24 0.00 0.00 0.00 0.00 0.00 0.00 0.00 0.00
13.39 13.44 13.49 13.54 13.60 13.66 13.72 13.79 13.85 13.92 13.99 41.54 46.21 39.69 0.00 0.00 0.00 0.00 0.00 0.00 0.00 0.00 0.00 0.00 0.00 0.00 0.00 0.00 0.00 0.00 0.00 0.00 14.86 46.15 46.23 15.03 15.07 15.11 14.88 14.92 14.96 15.15 15.19 15.17 15.21 15.27 15.32 15.44 15.49 15.55 15.60 15.48 15.56 15.76 15.74 38.81 37.38 15.97 16.02 16.07 16.12 16.16 16.20 16.06 16.10 0.00 0.00 0.00 0.00 0.00 0.00 0.00 0.00 0.00 0.00 0.00 0.00 0.00 0.00 0.00 0.00
13.47 13.52 13.57 13.63 13.69 13.75 13.81 13.87 13.94 14.00 14.07 41.72 0.00 0.00 0.00 0.00 0.00 0.00 0.00 0.00 0.00 0.00 0.00 0.00 0.00 0.00 0.00 0.00 0.00 0.00 0.00 0.00 0.00 46.96 45.58 43.29 43.37 15.16 14.93 14.97 15.01 15.05 15.25 15.22 15.27 15.39 15.44 15.49 15.54 15.59 15.65 15.53 36.67 37.60 15.68 14.20 25.71 37.41 39.37 16.11 37.89 16.19 16.23 16.09 0.00 0.00 0.00 0.00 0.00 0.00 0.00 0.00 0.00 0.00 0.00 0.00 0.00 0.00 0.00 0.00 0.00
13.55 13.60 13.66 13.71 13.77 13.83 13.89 13.96 14.02 14.08 44.75 14.21 0.00 0.00 0.00 0.00 0.00 0.00 0.00 0.00 0.00 0.00 0.00 0.00 0.00 0.00 0.00 0.00 0.00 0.00 0.00 0.00 0.00 0.00 37.14 52.38 13.27 52.52 14.98 15.02 15.06 15.25 15.30 15.27 15.39 15.44 15.49 15.54 15.59 15.64 15.70 38.08 42.73 27.99 31.20 0.00 0.00 0.00 0.00 38.85 16.19 16.03 36.95 0.00 0.00 0.00 0.00 0.00 0.00 0.00 0.00 0.00 0.00 0.00 0.00 0.00 0.00 0.00 0.00 0.00 0.00
13.63 13.69 13.74 13.79 13.85 13.91 13.97 14.03 14.10 14.16 42.14 0.00 0.00 0.00 0.00 0.00 0.00 0.00 0.00 0.00 0.00 0.00 0.00 0.00 0.00 0.00 0.00 0.00 0.00 0.00 0.00 0.00 0.00 0.00 47.04 49.71 44.12 15.27 15.19 15.08 15.27 15.17 15.20 15.33 15.37 15.49 15.54 15.59 15.64 40.02 39.04 39.08 14.29 0.00 0.00 0.00 0.00 0.00 0.00 0.00 35.89 35.62 0.00 0.00 0.00 0.00 0.00 0.00 0.00 0.00 0.00 0.00 0.00 0.00 0.00 0.00 0.00 0.00 0.00 0.00 0.00
