ASPA-UH-SWB2_REPO/output/post_prcessed_with_MFR/actual_et_annual.asc
NCOLS 350
NROWS 200
XLLCENTER 515000.000000
YLLCENTER 8409000.000000
CELLSIZE 100.000000
NODATA_value -999.000000
[rows 72 to 107 of 200, columns 81 to 161 of 350]
0.00 0.00 0.00 0.00 0.00 0.00 0.00 0.00 0.00 0.00 0.00 0.00 0.00 0.00 0.00 0.00 0.00 0.00 0.00 0.00 0.00 0.00 0.00 0.00 0.00 0.00 0.00 0.00 0.00 0.00 0.00 0.00 0.00 0.00 0.00 0.00 0.00 0.00 0.00 0.00 0.00 0.00 0.00 0.00 0.00 0.00 0.00 0.00 0.00 0.00 0.00 0.00 0.00 0.00 0.00 0.00 0.00 0.00 0.00 0.00 0.00 0.00 0.00 0.00 0.00 0.00 0.00 0.00 13.39 13.32 13.25 13.18 13.11 13.03 12.96 12.88 12.80 12.72 12.64 12.56 12.48
0.00 0.00 0.00 0.00 0.00 0.00 0.00 0.00 0.00 0.00 0.00 0.00 0.00 0.00 0.00 0.00 0.00 0.00 0.00 0.00 0.00 0.00 0.00 0.00 0.00 0.00 0.00 0.00 0.00 0.00 0.00 0.00 0.00 0.00 0.00 0.00 0.00 0.00 0.00 0.00 0.00 0.00 0.00 0.00 0.00 0.00 0.00 0.00 0.00 0.00 0.00 0.00 0.00 0.00 0.00 0.00 0.00 0.00 0.00 0.00 0.00 0.00 0.00 0.00 0.00 0.00 0.00 0.00 13.33 13.26 13.19 13.12 13.04 12.97 12.89 12.81 12.73 12.65 12.57 12.49 12.41
0.00 0.00 0.00 0.00 0.00 0.00 0.00 0.00 0.00 0.00 0.00 0.00 0.00 0.00 0.00 0.00 0.00 0.00 0.00 0.00 0.00 0.00 0.00 0.00 0.00 0.00 0.00 0.00 0.00 0.00 0.00 0.00 0.00 0.00 0.00 0.00 0.00 0.00 0.00 0.00 0.00 0.00 0.00 0.00 0.00 0.00 0.00 0.00 0.00 0.00 0.00 0.00 0.00 0.00 0.00 0.00 0.00 0.00 0.00 0.00 0.00 0.00 0.00 0.00 0.00 0.00 0.00 0.00 13.27 13.20 13.13 13.05 12.98 12.90 12.82 12.74 12.66 12.58 12.50 12.42 12.33
0.00 0.00 0.00 0.00 0.00 0.00 0.00 0.00 0.00 0.00 0.00 0.00 0.00 0.00 0.00 0.00 0.00 0.00 0.00 0.00 0.00 0.00 0.00 0.00 0.00 0.00 0.00 0.00 0.00 0.00 0.00 0.00 0.00 0.00 0.00 0.00 0.00 0.00 0.00 0.00 0.00 0.00 0.00 0.00 0.00 0.00 0.00 0.00 0.00 0.00 0.00 0.00 0.00 0.00 0.00 0.00 0.00 0.00 0.00 0.00 0.00 0.00 0.00 0.00 0.00 0.00 0.00 0.00 13.21 13.14 13.06 12.99 12.91 12.83 12.75 12.67 12.59 12.51 12.42 12.34 12.26
0.00 0.00 0.00 0.00 0.00 0.00 0.00 0.00 0.00 0.00 0.00 0.00 0.00 0.00 0.00 0.00 0.00 0.00 0.00 0.00 0.00 0.00 0.00 0.00 0.00 0.00 0.00 0.00 0.00 0.00 0.00 0.00 0.00 0.00 0.00 0.00 0.00 0.00 0.00 0.00 0.00 0.00 0.00 0.00 0.00 0.00 0.00 0.00 0.00 0.00 0.00 0.00 0.00 0.00 0.00 0.00 0.00 0.00 0.00 0.00 0.00 0.00 0.00 0.00 0.00 0.00 0.00 0.00 13.15 13.07 13.00 12.92 12.84 12.76 12.68 12.59 12.51 12.43 12.34 12.26 12.18
0.00 0.00 0.00 0.00 0.00 0.00 0.00 0.00 0.00 0.00 0.00 0.00 0.00 0.00 0.00 0.00 0.00 0.00 0.00 0.00 0.00 0.00 0.00 0.00 0.00 0.00 0.00 0.00 0.00 0.00 0.00 0.00 0.00 0.00 0.00 0.00 0.00 0.00 0.00 0.00 0.00 0.00 0.00 0.00 0.00 0.00 0.00 0.00 0.00 0.00 0.00 0.00 0.00 0.00 0.00 0.00 0.00 0.00 0.00 0.00 0.00 0.00 0.00 0.00 0.00 0.00 0.00 13.15 13.08 13.00 12.93 12.85 12.77 12.68 12.60 12.52 12.43 12.35 12.26 12.18 12.09
0.00 0.00 0.00 0.00 0.00 0.00 0.00 0.00 0.00 0.00 0.00 0.00 0.00 0.00 0.00 0.00 0.00 0.00 0.00 0.00 0.00 0.00 0.00 0.00 0.00 0.00 0.00 0.00 0.00 0.00 0.00 0.00 0.00 0.00 0.00 0.00 0.00 0.00 0.00 0.00 0.00 0.00 0.00 0.00 0.00 0.00 0.00 0.00 0.00 0.00 0.00 0.00 0.00 0.00 0.00 0.00 0.00 0.00 0.00 0.00 0.00 0.00 0.00 0.00 0.00 0.00 0.00 13.08 13.01 12.93 12.85 12.77 12.69 12.61 12.52 12.44 12.35 12.26 12.18 12.09 12.01
0.00 0.00 0.00 0.00 0.00 0.00 0.00 0.00 0.00 0.00 0.00 0.00 0.00 0.00 0.00 0.00 0.00 0.00 0.00 0.00 0.00 0.00 0.00 0.00 0.00 0.00 0.00 0.00 0.00 0.00 0.00 0.00 0.00 0.00 0.00 0.00 0.00 0.00 0.00 0.00 0.00 0.00 0.00 0.00 0.00 0.00 0.00 0.00 0.00 0.00 0.00 0.00 0.00 0.00 0.00 0.00 0.00 0.00 13.58 0.00 0.00 0.00 0.00 0.00 0.00 0.00 0.00 13.01 12.94 12.86 12.78 12.70 12.61 12.53 12.44 12.35 12.27 12.18 12.09 12.01 39.21
0.00 0.00 0.00 0.00 0.00 0.00 0.00 0.00 0.00 0.00 0.00 0.00 0.00 0.00 0.00 0.00 0.00 0.00 0.00 0.00 0.00 0.00 0.00 0.00 0.00 0.00 0.00 0.00 0.00 0.00 0.00 0.00 0.00 0.00 0.00 0.00 0.00 0.00 0.00 0.00 0.00 0.00 0.00 0.00 0.00 0.00 0.00 0.00 0.00 0.00 0.00 0.00 0.00 0.00 0.00 0.00 0.00 13.56 13.51 13.46 0.00 0.00 0.00 0.00 0.00 0.00 0.00 0.00 0.00 12.78 12.70 12.61 12.53 12.44 12.35 12.27 12.18 12.09 12.01 11.93 38.96
0.00 0.00 0.00 0.00 0.00 0.00 0.00 0.00 0.00 0.00 0.00 0.00 0.00 0.00 0.00 0.00 0.00 0.00 0.00 0.00 0.00 0.00 0.00 0.00 0.00 0.00 0.00 0.00 0.00 0.00 0.00 0.00 0.00 0.00 0.00 0.00 0.00 0.00 0.00 0.00 0.00 0.00 0.00 0.00 0.00 0.00 0.00 0.00 0.00 0.00 0.00 0.00 0.00 0.00 0.00 0.00 0.00 13.49 13.44 13.38 13.33 0.00 0.00 0.00 0.00 0.00 0.00 0.00 0.00 0.00 12.62 12.53 12.45 12.36 12.27 12.18 12.10 12.01 11.93 35.78 35.49
0.00 0.00 0.00 0.00 0.00 0.00 0.00 0.00 0.00 0.00 0.00 0.00 0.00 0.00 0.00 0.00 0.00 0.00 0.00 0.00 0.00 0.00 0.00 0.00 0.00 0.00 0.00 0.00 0.00 0.00 0.00 0.00 0.00 0.00 0.00 0.00 0.00 0.00 0.00 0.00 0.00 0.00 0.00 0.00 0.00 0.00 0.00 0.00 0.00 0.00 0.00 0.00 0.00 0.00 0.00 13.52 13.47 13.42 13.36 13.31 13.25 41.43 13.13 13.07 0.00 0.00 0.00 0.00 0.00 0.00 11.76 48.16 40.37 12.27 12.18 12.10 12.01 11.93 11.85 11.77 38.58
0.00 0.00 0.00 0.00 0.00 0.00 0.00 0.00 0.00 0.00 0.00 0.00 0.00 0.00 0.00 0.00 0.00 0.00 0.00 0.00 0.00 0.00 0.00 0.00 0.00 0.00 0.00 0.00 0.00 0.00 0.00 0.00 0.00 0.00 0.00 0.00 0.00 0.00 0.00 0.00 0.00 0.00 0.00 0.00 0.00 0.00 0.00 0.00 0.00 0.00 0.00 0.00 0.00 13.54 13.49 13.44 13.39 13.34 13.29 13.23 13.17 13.11 13.05 12.98 42.49 40.21 0.00 0.00 0.00 0.00 34.81 34.67 47.54 40.10 12.10 12.02 11.93 11.85 11.77 11.70 11.63
0.00 0.00 0.00 0.00 0.00 0.00 0.00 0.00 0.00 0.00 0.00 0.00 0.00 0.00 0.00 0.00 0.00 0.00 0.00 0.00 0.00 0.00 0.00 0.00 0.00 0.00 0.00 0.00 0.00 0.00 0.00 0.00 0.00 0.00 0.00 0.00 0.00 0.00 0.00 0.00 0.00 0.00 0.00 0.00 0.00 0.00 0.00 0.00 0.00 0.00 0.00 51.81 13.52 13.47 13.42 13.37 13.31 13.26 13.20 13.15 13.09 13.03 12.96 12.89 12.83 0.00 0.00 0.00 0.00 0.00 12.36 47.57 47.22 39.62 12.02 11.94 11.85 11.78 11.70 11.64 11.57
0.00 0.00 58.66 0.00 0.00 0.00 0.00 0.00 0.00 0.00 0.00 0.00 0.00 0.00 0.00 0.00 0.00 0.00 0.00 0.00 0.00 0.00 0.00 0.00 0.00 0.00 0.00 0.00 0.00 0.00 0.00 0.00 0.00 0.00 0.00 0.00 0.00 0.00 0.00 0.00 0.00 0.00 0.00 0.00 0.00 0.00 0.00 0.00 0.00 0.00 0.00 13.49 13.44 13.39 13.34 13.28 13.23 13.17 13.12 13.06 13.00 12.94 12.87 18.78 35.30 48.95 0.00 0.00 0.00 12.35 12.27 40.00 46.54 46.25 39.14 39.01 11.78 11.71 11.64 11.58 11.53
0.00 15.42 15.39 0.00 0.00 0.00 0.00 0.00 0.00 0.00 0.00 0.00 0.00 0.00 0.00 0.00 0.00 0.00 0.00 0.00 0.00 0.00 0.00 0.00 14.73 14.69 14.66 0.00 0.00 0.00 0.00 0.00 0.00 0.00 0.00 0.00 0.00 0.00 0.00 0.00 0.00 0.00 0.00 0.00 0.00 0.00 0.00 0.00 0.00 0.00 13.46 13.41 13.36 13.31 13.25 13.20 13.14 13.09 13.03 12.97 12.91 12.84 12.78 12.71 18.54 48.63 34.92 34.80 47.38 12.27 12.19 12.11 39.40 39.16 11.87 38.80 11.72 11.65 11.59 11.54 11.49
0.00 15.36 15.33 15.30 0.00 0.00 0.00 0.00 0.00 0.00 0.00 0.00 0.00 0.00 0.00 0.00 0.00 0.00 0.00 0.00 14.78 0.00 0.00 0.00 14.65 14.61 14.57 0.00 0.00 0.00 0.00 0.00 0.00 0.00 0.00 0.00 0.00 0.00 0.00 0.00 0.00 0.00 0.00 0.00 0.00 0.00 0.00 0.00 0.00 0.00 0.00 13.33 13.27 13.22 13.17 13.11 13.05 13.00 12.94 12.88 12.81 12.75 12.68 12.61 37.74 48.16 34.77 37.20 40.31 36.69 36.54 12.03 11.95 39.06 38.73 11.73 11.66 11.60 11.55 11.50 11.46
15.32 15.29 15.27 15.24 0.00 0.00 0.00 0.00 0.00 0.00 0.00 0.00 0.00 0.00 0.00 0.00 0.00 0.00 14.77 14.74 14.70 14.67 14.64 14.60 14.57 14.53 0.00 0.00 0.00 0.00 0.00 0.00 0.00 0.00 0.00 0.00 0.00 0.00 0.00 0.00 0.00 0.00 0.00 0.00 0.00 0.00 0.00 0.00 0.00 0.00 0.00 13.25 13.19 13.14 13.08 13.02 12.96 12.90 12.84 12.78 12.72 12.65 39.56 12.52 37.47 40.47 47.28 40.17 12.17 12.09 12.02 11.95 11.88 11.81 11.74 11.68 11.62 11.56 11.51 11.48 11.44
15.25 15.23 15.20 15.17 0.00 0.00 0.00 0.00 0.00 0.00 0.00 0.00 0.00 0.00 0.00 0.00 0.00 14.73 14.69 14.66 14.62 14.59 14.55 14.52 14.48 14.44 0.00 0.00 0.00 0.00 0.00 0.00 0.00 0.00 0.00 0.00 0.00 0.00 0.00 0.00 0.00 0.00 0.00 0.00 0.00 0.00 0.00 13.37 0.00 0.00 13.22 13.16 13.11 13.05 12.99 12.93 12.87 12.81 12.75 12.68 12.62 12.55 12.49 12.42 37.20 37.03 36.81 36.61 12.08 12.01 11.95 11.88 11.81 11.75 11.69 11.63 11.58 11.53 11.49 11.46 11.44
15.19 15.16 15.14 15.11 0.00 0.00 0.00 0.00 0.00 0.00 0.00 14.86 0.00 0.00 14.76 14.72 14.69 14.65 14.62 14.58 14.55 14.51 14.47 14.44 14.40 14.36 14.32 43.94 0.00 14.19 14.15 14.10 14.05 0.00 0.00 0.00 0.00 0.00 0.00 0.00 13.65 13.60 42.36 13.50 13.45 13.40 13.35 13.30 13.24 13.19 13.14 13.08 13.02 12.96 12.90 12.84 12.78 12.72 12.65 12.59 12.52 12.46 12.39 40.55 36.93 36.75 36.57 36.37 12.00 11.94 11.88 11.82 11.76 11.70 11.64 11.59 11.55 11.51 11.48 11.46 11.45
15.13 15.10 15.07 15.04 15.01 0.00 0.00 0.00 14.89 14.86 14.83 14.79 44.87 14.72 14.69 14.65 14.61 14.58 14.54 14.50 14.47 14.43 14.39 14.35 14.31 14.27 14.23 14.19 14.15 14.10 14.06 14.01 13.96 13.92 0.00 0.00 0.00 0.00 0.00 13.62 13.57 13.52 13.47 13.42 13.37 13.32 13.27 13.22 13.16 13.11 13.05 13.00 12.94 12.88 12.81 12.75 12.69 12.62 12.56 12.49 12.43 12.36 12.30 12.23 46.80 12.11 12.05 36.15 11.93 11.87 11.82 11.76 11.71 11.66 11.61 11.57 11.53 11.50 11.48 11.47 11.46
15.06 15.03 15.01 14.98 14.95 0.00 0.00 0.00 14.83 14.79 14.76 14.72 14.69 14.65 14.61 14.58 14.54 14.50 14.46 14.43 14.39 14.35 14.31 14.27 14.23 14.19 14.15 14.10 14.06 14.02 13.97 13.92 13.88 13.83 0.00 0.00 0.00 13.64 13.59 13.54 13.49 13.44 13.39 13.35 13.30 13.25 13.19 13.14 13.09 13.03 12.97 12.91 12.85 12.79 12.73 12.66 12.59 12.53 12.46 12.40 12.33 12.27 12.20 12.14 38.07 12.03 11.97 39.21 11.87 11.81 11.76 11.72 11.67 11.63 11.59 11.56 11.53 11.51 11.50 11.49 11.49
15.00 14.97 14.94 14.91 14.88 45.19 0.00 14.79 14.76 14.72 14.69 14.65 14.62 14.58 14.54 14.50 14.47 14.43 14.39 14.35 14.31 14.27 14.23 14.19 14.15 14.10 14.06 14.02 13.97 13.93 13.88 13.84 13.79 13.74 0.00 0.00 0.00 13.55 13.51 13.46 13.41 13.37 13.32 13.27 13.22 13.17 13.12 13.07 13.01 12.95 12.89 12.83 12.77 12.70 12.64 12.57 12.50 12.44 12.37 12.30 12.24 12.18 12.12 12.06 12.01 36.05 11.90 11.86 11.81 11.77 11.72 11.68 11.65 11.61 11.58 11.56 11.54 11.53 11.52 11.53 11.54
14.93 14.91 14.88 14.85 21.74 14.79 14.76 14.73 14.69 14.66 14.62 14.59 14.55 14.51 14.47 14.43 14.39 14.35 14.31 14.27 14.23 14.19 14.15 14.10 14.06 14.02 13.98 13.93 13.89 13.84 13.80 13.75 13.70 13.66 0.00 0.00 13.52 13.47 13.43 13.38 13.34 13.29 13.24 13.20 13.15 13.10 13.05 12.99 12.94 12.88 12.82 12.75 12.69 12.62 12.55 12.49 12.42 12.35 12.28 12.22 12.15 12.09 12.04 11.98 11.93 11.89 11.84 11.80 11.76 11.73 11.69 11.66 11.63 11.61 11.59 11.57 11.56 11.56 11.56 11.58 11.60
14.87 14.84 14.82 14.79 14.76 14.73 14.69 14.66 14.63 14.59 14.56 14.52 14.48 14.44 14.40 14.36 14.32 14.28 14.24 14.20 14.15 14.11 14.07 14.02 13.98 13.94 13.89 13.85 13.80 13.76 13.71 13.66 13.62 13.57 13.53 13.48 13.44 13.39 13.35 13.31 13.26 13.22 13.17 13.13 13.08 13.03 12.98 12.92 12.86 12.80 12.74 12.67 12.61 12.54 12.47 12.40 12.33 12.26 12.20 12.13 12.07 12.02 11.96 11.91 11.87 11.83 11.79 11.76 11.73 11.70 11.68 11.65 11.64 11.62 11.61 11.60 11.60 11.61 11.62 11.64 11.67
14.81 14.78 14.75 14.72 14.69 14.66 14.63 14.60 14.56 14.53 14.49 14.45 14.41 14.37 14.33 14.29 14.25 14.21 14.16 14.12 14.08 14.03 13.99 13.95 13.90 13.86 13.81 13.76 13.72 13.67 13.63 13.58 13.54 13.49 13.45 13.40 13.36 13.32 13.28 13.24 13.19 13.15 13.11 13.06 13.01 12.96 12.91 12.85 12.79 12.73 12.67 12.60 12.53 12.46 12.39 12.32 12.25 12.18 12.12 12.06 12.00 11.95 11.90 11.85 11.82 11.78 11.75 11.73 11.71 11.69 11.67 11.66 11.65 11.64 11.64 11.64 11.65 11.67 11.69 11.72 11.75
14.75 14.72 14.69 14.66 14.63 14.60 14.57 14.53 14.50 14.46 14.43 14.39 14.35 14.31 14.27 14.22 14.18 14.14 14.09 14.05 14.00 13.96 13.91 13.87 13.82 13.78 13.73 13.69 13.64 13.59 13.55 13.50 13.46 13.42 13.37 13.33 13.29 13.25 13.21 13.17 13.13 13.08 13.04 12.99 12.95 12.90 12.84 12.78 12.72 12.66 12.59 12.53 12.46 12.38 12.31 12.24 12.17 12.11 12.04 11.98 11.93 11.88 11.84 11.80 11.77 11.75 11.73 11.71 11.70 11.69 11.68 11.68 11.68 11.68 11.69 11.70 11.72 11.74 11.77 11.81 11.85
14.69 14.66 14.63 14.60 14.57 14.54 14.51 14.47 14.44 14.40 14.36 14.33 14.28 14.24 14.20 14.16 14.11 14.07 14.02 13.98 13.93 13.89 13.84 13.79 13.75 13.70 13.66 13.61 13.56 13.52 13.47 13.43 13.39 13.34 13.30 13.26 13.22 13.18 13.14 13.10 13.06 13.02 12.98 12.93 12.89 12.83 12.78 12.72 12.66 12.59 12.53 12.45 12.38 12.31 12.24 12.17 12.10 12.04 11.98 11.92 11.87 11.83 11.79 11.77 11.74 11.73 11.71 11.71 11.70 11.70 11.71 11.71 11.72 11.74 11.76 11.78 11.80 11.84 11.87 11.92 11.97
14.63 14.60 14.58 14.54 14.51 14.48 14.45 14.41 14.38 14.34 14.30 14.26 14.22 14.18 14.14 14.09 14.05 14.00 13.96 13.91 13.86 13.82 13.77 13.72 13.68 13.63 13.58 13.54 13.49 13.45 13.40 13.36 13.32 13.27 13.23 13.19 13.16 13.12 13.08 13.04 13.00 12.96 12.92 12.88 12.83 12.78 12.72 12.66 12.60 12.53 12.46 12.39 12.31 12.24 12.17 12.10 12.03 11.97 11.91 11.86 11.82 11.78 11.76 11.74 11.72 11.71 11.71 11.71 11.72 11.73 11.75 11.76 11.78 11.81 11.83 11.87 11.90 11.94 11.99 12.04 12.10
14.58 14.55 14.52 14.49 14.46 14.42 14.39 14.36 14.32 14.28 14.24 14.20 14.16 14.12 14.08 14.03 13.99 13.94 13.89 13.85 13.80 13.75 13.70 13.66 13.61 13.56 13.52 13.47 13.42 13.38 13.34 13.29 13.25 13.21 13.17 13.13 13.10 13.06 13.02 12.99 12.95 12.91 12.87 12.82 12.77 12.72 12.66 12.60 12.54 12.47 12.40 12.32 12.25 12.17 12.10 12.03 11.97 11.91 11.86 11.81 11.78 11.75 11.73 11.72 11.71 11.71 11.72 11.74 11.75 11.78 11.80 11.83 11.86 11.89 11.93 11.97 12.01 12.06 12.11 12.17 12.24
14.53 14.50 14.47 14.44 14.40 14.37 14.34 14.30 14.26 14.23 14.19 14.15 14.11 14.06 14.02 13.97 13.93 13.88 13.83 13.78 13.74 13.69 13.64 13.59 13.55 13.50 13.45 13.41 13.36 13.32 13.27 13.23 13.19 13.15 13.11 13.08 13.04 13.01 12.97 12.93 12.90 12.86 12.82 12.77 12.72 12.67 12.61 12.55 12.48 12.41 12.34 12.26 12.19 12.11 12.04 11.97 11.91 11.85 11.81 11.77 11.74 11.72 11.71 11.71 11.71 11.73 11.75 11.77 11.80 11.83 11.87 11.91 11.95 11.99 12.04 12.08 12.14 12.19 12.25 12.31 12.38
14.48 14.45 14.42 14.38 14.35 14.32 14.28 14.25 14.21 14.17 14.13 14.09 14.05 14.01 13.96 13.92 13.87 13.82 13.77 13.73 13.68 13.63 13.58 13.53 13.49 13.44 13.39 13.35 13.30 13.26 13.22 13.18 13.14 13.10 13.06 13.03 12.99 12.96 12.92 12.89 12.85 12.81 12.77 12.72 12.67 12.62 12.56 12.50 12.43 12.36 12.28 12.20 12.13 12.05 11.98 11.91 11.85 11.80 11.76 11.73 11.71 11.70 11.70 11.71 11.72 11.75 11.78 11.82 11.86 11.90 11.95 12.00 12.05 12.10 12.16 12.21 12.27 12.33 12.40 12.47 12.54
14.43 14.40 14.37 14.34 14.30 14.27 14.23 14.20 14.16 14.12 14.08 14.04 14.00 13.95 13.91 13.86 13.82 13.77 13.72 13.67 13.62 13.57 13.53 13.48 13.43 13.38 13.34 13.29 13.25 13.21 13.17 13.13 13.09 13.05 13.02 12.98 12.95 12.91 12.88 12.84 12.81 12.77 12.73 12.68 12.63 12.58 12.52 12.45 12.38 12.31 12.23 12.15 12.07 12.00 11.92 11.86 11.80 11.76 11.72 11.70 11.68 11.68 11.69 11.72 11.75 11.78 11.83 11.87 11.93 11.98 12.04 12.10 12.16 12.23 12.29 12.35 12.42 12.49 12.56 12.63 12.71
14.38 14.35 14.32 14.29 14.26 14.22 14.19 14.15 14.11 14.07 14.03 13.99 13.95 13.90 13.86 13.81 13.77 13.72 13.67 13.62 13.57 13.52 13.48 13.43 13.38 13.34 13.29 13.25 13.20 13.16 13.12 13.08 13.04 13.01 12.97 12.94 12.91 12.87 12.84 12.81 12.77 12.73 12.69 12.64 12.59 12.54 12.47 12.41 12.34 12.26 12.18 12.10 12.02 11.94 11.87 11.81 11.76 11.71 11.68 11.67 11.67 11.68 11.70 11.73 11.78 11.83 11.88 11.94 12.01 12.07 12.14 12.22 12.29 12.36 12.43 12.50 12.58 12.65 12.73 12.80 12.88
14.34 14.31 14.28 14.25 14.21 14.18 14.14 14.11 14.07 14.03 13.99 13.95 45.50 13.86 13.81 13.77 13.72 13.67 13.62 13.57 13.53 13.48 13.43 13.38 13.34 13.29 13.25 13.20 13.16 13.12 13.08 13.04 13.01 12.97 12.94 12.90 12.87 12.84 12.81 12.77 12.74 12.70 12.66 12.61 12.56 12.50 12.44 12.37 12.30 12.22 12.14 12.06 11.98 11.90 11.83 11.76 11.71 11.68 11.65 11.65 11.65 11.68 11.71 11.76 11.82 11.88 11.95 12.02 12.10 12.18 12.26 12.34 12.42 12.50 12.59 12.67 12.74 12.82 12.90 12.98 50.63
14.31 14.27 14.24 14.21 14.17 14.14 14.10 14.06 14.03 13.99 45.64 44.96 44.83 44.70 13.77 13.72 44.29 44.66 44.51 13.53 13.48 13.44 13.39 13.34 13.30 13.25 13.21 13.16 13.12 13.08 13.05 13.01 12.97 12.94 12.91 12.87 12.84 12.81 12.78 12.74 12.71 12.67 12.63 12.58 12.53 12.47 12.41 12.34 12.26 12.19 12.10 12.02 11.94 11.86 11.79 11.73 11.68 11.65 11.63 11.63 11.65 11.69 11.74 11.80 11.87 11.95 12.03 12.11 12.20 12.29 12.38 12.47 12.57 12.66 12.75 12.84 12.92 13.00 13.09 43.04 43.30
14.27 14.24 14.21 14.17 14.14 14.10 14.06 14.03 13.99 45.65 44.98 41.45 44.72 20.20 20.14 44.32 44.18 44.04 44.40 13.49 13.45 13.40 13.35 13.31 13.26 13.22 13.17 13.13 13.09 13.05 13.02 12.98 12.95 12.91 12.88 12.85 12.82 12.79 12.75 12.72 12.69 12.65 12.61 12.56 12.51 12.45 12.39 12.32 12.24 12.16 12.08 11.99 11.91 11.83 11.76 11.70 11.65 11.63 11.62 11.63 11.66 11.71 11.78 11.86 11.94 12.03 12.12 12.21 12.31 12.41 12.51 12.61 12.72 12.82 12.92 13.01 13.11 13.19 13.28 40.40 40.75
