ASPA-UH-SWB2_REPO/output/post_prcessed_with_MFR/direct_net_infiltation_annual.asc
NCOLS 350
NROWS 200
XLLCENTER 515000.000000
YLLCENTER 8409000.000000
CELLSIZE 100.000000
NODATA_value -999.000000
[rows 111 to 147 of 200, columns 84 to 167 of 350]
0.00 0.00 0.00 0.00 0.00 0.00 3.33 29.46 0.67 0.00 0.00 0.67 24.14 0.67 0.00 0.00 0.00 0.00 0.00 0.00 0.00 0.00 0.00 0.00 0.00 0.00 0.00 0.00 0.00 0.00 0.00 0.00 0.00 0.00 0.00 0.00 0.00 0.00 0.00 0.00 0.00 0.00 0.00 0.00 0.00 0.00 0.00 0.00 22.81 97.24 97.24 97.24 97.24 99.90 26.80 2.00 0.00 0.00 0.00 0.00 22.81 24.81 2.00 0.00 0.00 0.00 0.00 0.00 0.00 24.14 2.00 1.33 0.00 0.67 0.67 22.81 24.14 26.14 2.66 0.67 0.00 0.00 0.00 0.00
0.00 0.00 0.00 0.00 0.00 0.00 1.33 29.46 5.32 0.00 0.67 24.14 0.67 0.00 0.00 0.00 0.00 0.00 0.00 0.00 0.00 0.00 0.00 0.00 0.00 0.00 1.33 0.00 0.00 0.00 0.00 0.67 0.67 0.00 0.00 0.00 0.00 0.00 0.00 0.00 0.00 0.00 0.00 0.00 0.00 0.00 0.00 22.81 97.24 97.24 97.24 97.24 97.91 28.13 27.47 0.00 0.00 0.00 0.00 0.00 0.00 24.14 1.33 0.67 0.00 0.00 0.00 0.00 23.48 23.48 23.48 0.67 0.67 24.14 23.48 1.33 0.67 2.00 3.33 1.33 1.33 0.00 0.00 0.00
0.00 0.00 0.00 0.00 0.00 0.00 0.00 5.32 29.46 26.14 1.33 25.47 25.47 0.67 0.00 0.67 1.33 0.00 0.00 0.00 0.00 0.00 0.00 1.33 1.33 1.33 3.33 1.33 0.00 0.00 0.00 0.67 0.00 0.00 0.00 0.00 0.00 0.00 0.00 0.00 0.00 0.00 0.00 0.00 0.00 0.00 22.81 23.48 97.91 97.24 97.24 97.91 100.57 28.80 2.66 0.00 0.00 0.00 0.00 0.00 0.00 1.33 24.81 1.33 1.33 0.00 0.00 0.67 23.48 0.00 22.81 22.81 24.81 24.81 22.81 0.67 0.00 0.67 3.33 3.33 1.33 0.00 0.00 0.00
0.00 0.00 0.00 0.00 0.00 0.00 0.00 1.33 3.99 27.47 28.13 27.47 27.47 25.47 26.80 26.14 28.13 4.66 3.99 1.33 0.00 0.00 1.33 5.32 4.66 0.67 2.00 0.67 0.00 0.00 0.00 0.00 0.00 0.00 0.00 0.00 0.00 0.00 0.00 0.00 0.00 0.00 0.00 0.00 0.00 0.00 22.81 24.14 98.57 97.24 97.24 99.90 24.81 1.33 0.00 0.00 0.00 0.00 0.00 0.00 0.00 4.66 5.99 24.81 2.00 1.33 3.33 3.33 26.14 24.14 1.33 1.33 1.33 24.14 24.14 0.00 0.00 0.00 0.00 0.00 0.00 0.00 0.00 0.00
0.00 0.00 0.00 0.00 0.00 0.00 0.00 0.00 0.00 0.00 26.14 30.13 32.12 29.46 30.79 30.79 29.46 28.13 28.80 30.13 2.66 2.00 3.99 28.13 25.47 0.00 0.00 0.00 0.00 0.00 0.00 0.00 0.00 0.00 0.00 0.00 0.00 0.00 0.00 0.00 0.00 0.00 0.00 0.00 0.00 0.00 0.00 24.14 99.24 97.24 97.91 121.38 22.81 0.00 0.00 0.00 0.00 0.00 0.00 0.00 0.00 3.33 6.65 23.48 23.48 24.14 25.47 26.80 26.80 24.14 1.33 2.00 0.67 1.33 0.00 0.00 0.00 0.00 0.00 0.00 0.00 0.00 0.00 0.00
0.00 0.00 0.00 0.00 0.00 0.00 0.00 0.00 0.00 0.00 0.67 29.46 27.47 24.81 28.80 30.13 28.13 25.47 24.81 4.66 26.80 25.47 28.13 25.47 0.00 0.00 0.00 0.00 0.00 0.00 0.00 0.00 1.33 2.00 2.00 2.00 0.67 0.00 0.00 0.00 0.00 0.00 0.00 0.00 0.00 0.00 0.00 24.81 98.57 98.57 98.57 120.05 0.67 0.00 0.00 0.00 0.00 0.00 0.00 0.00 0.00 0.00 0.00 23.48 23.48 24.14 2.00 2.00 0.67 24.14 0.67 0.67 2.00 1.33 0.00 0.00 0.00 0.00 0.00 0.00 0.00 0.00 0.00 0.00
0.00 0.00 0.00 0.00 0.00 0.00 0.00 0.00 0.00 0.00 0.67 2.00 0.00 0.00 1.33 24.81 2.66 1.33 24.14 0.00 2.00 0.67 2.00 22.81 22.81 22.81 3.33 3.33 1.33 0.00 0.00 0.67 2.00 25.47 27.47 3.33 0.00 0.00 0.00 0.00 0.00 0.00 0.00 0.00 0.00 0.00 0.00 120.72 99.24 100.57 98.57 23.48 2.66 2.66 0.00 0.00 0.00 0.00 0.00 0.00 0.00 97.24 120.05 120.72 0.00 0.67 2.00 0.67 1.33 23.48 24.14 0.00 2.66 2.66 1.33 0.00 0.00 0.00 0.00 0.00 0.00 0.00 0.00 0.00
0.00 0.00 0.00 0.00 0.00 0.00 0.00 0.00 0.00 0.00 0.00 0.00 0.00 0.00 0.00 0.00 0.00 0.67 0.67 23.48 1.33 0.00 0.00 0.00 0.67 24.14 26.80 28.80 5.32 2.66 2.00 2.66 26.14 2.66 3.33 0.67 0.00 0.00 0.00 0.00 0.00 0.00 0.00 0.00 0.00 0.00 0.00 120.05 121.38 99.90 97.91 120.05 99.24 101.23 1.33 0.67 0.00 0.00 0.00 0.67 97.91 120.72 122.05 122.05 99.24 1.33 0.67 0.67 2.00 0.67 23.48 0.00 0.00 0.00 0.00 0.00 0.00 0.00 0.00 0.00 0.00 0.00 0.00 0.00
0.00 0.00 0.00 0.00 0.00 0.00 0.00 0.00 0.00 0.00 0.00 0.00 0.00 0.00 0.00 0.00 0.00 0.00 0.67 0.67 0.00 0.00 0.00 1.33 3.99 0.00 3.33 2.66 26.80 25.47 4.66 4.66 26.14 3.99 2.00 0.00 0.00 0.00 0.00 0.00 0.00 0.00 0.00 0.00 0.00 1.33 24.14 123.38 122.05 120.72 120.72 120.05 120.05 120.72 22.81 24.14 0.67 1.33 1.33 24.14 121.38 99.24 98.57 121.38 104.56 106.55 3.99 0.00 1.33 3.33 3.33 23.48 0.00 0.00 0.00 0.00 0.00 0.00 0.00 0.00 0.00 0.00 0.00 0.00
0.00 0.00 0.00 0.00 0.00 0.00 0.00 0.00 0.00 0.00 0.00 0.00 0.00 0.00 0.00 0.00 0.00 0.00 0.00 0.00 0.00 0.00 0.67 2.66 5.32 2.66 2.00 2.66 2.00 4.66 32.12 32.79 29.46 3.99 0.67 0.00 0.00 0.00 0.00 0.00 0.00 0.00 0.00 0.00 2.00 3.99 99.24 123.38 123.38 101.23 97.24 97.24 97.24 97.91 120.72 121.38 120.72 121.38 122.71 120.72 122.05 98.57 97.91 97.24 123.38 105.22 99.90 2.00 26.80 30.79 28.80 24.14 0.00 0.00 0.00 0.00 0.00 0.00 0.00 0.00 0.00 0.00 0.00 0.00
0.00 0.00 0.00 0.00 0.00 0.00 0.00 0.00 0.00 0.00 0.00 0.00 0.00 0.00 0.00 0.00 0.00 0.00 0.00 0.00 0.00 0.67 1.33 0.67 0.67 2.66 0.00 0.67 0.67 5.32 13.97 10.64 25.47 1.33 1.33 0.67 0.00 0.00 0.00 0.00 0.00 0.00 0.00 0.00 5.32 101.90 23.48 121.38 124.04 126.70 99.24 97.24 0.00 0.67 0.67 120.05 0.00 0.00 1.33 0.67 100.57 122.05 97.91 98.57 120.72 98.57 97.24 2.66 28.13 31.46 32.12 27.47 24.81 0.00 0.00 0.00 0.00 0.00 0.00 0.00 0.00 0.00 0.00 0.00
0.00 0.00 0.00 0.00 0.00 0.00 0.00 0.00 0.00 0.00 0.00 0.00 0.00 0.00 0.00 0.00 0.00 0.00 0.00 0.00 0.00 0.67 0.67 0.00 0.00 1.33 2.66 0.67 0.00 4.66 6.65 5.32 25.47 2.00 0.67 1.33 0.67 0.00 0.00 0.00 0.00 0.00 0.00 1.33 126.70 124.04 121.38 99.24 102.56 128.70 101.23 97.24 0.00 0.00 24.14 24.14 1.33 0.67 0.00 0.67 107.88 126.04 97.91 98.57 121.38 99.90 2.66 5.99 28.80 27.47 31.46 28.80 26.14 24.14 0.00 0.00 0.00 0.00 0.00 0.00 0.00 0.00 0.00 0.00
0.00 0.00 0.00 0.00 0.00 0.00 0.00 0.00 0.00 0.00 0.00 0.00 0.00 0.00 0.00 0.00 0.00 0.00 0.00 0.00 0.00 0.00 0.00 0.00 0.00 1.33 5.32 2.66 0.00 2.00 2.66 25.47 2.66 1.33 0.67 1.33 0.67 0.00 0.00 0.00 0.00 0.67 25.47 121.38 124.71 122.71 101.90 101.90 103.23 106.55 124.71 0.00 0.00 0.67 24.14 23.48 1.33 0.00 0.00 23.48 33.45 103.89 97.24 97.91 121.38 102.56 4.66 26.80 26.80 26.14 28.13 30.13 26.14 26.14 1.33 0.00 0.00 0.00 0.00 0.00 0.00 0.00 0.00 0.00
0.00 0.00 0.00 0.00 0.00 0.00 0.00 0.00 0.67 0.67 0.00 0.00 0.00 0.00 0.00 0.00 0.00 0.00 0.00 0.00 0.00 0.00 0.00 0.00 0.00 1.33 2.66 0.67 0.00 1.33 2.66 26.80 2.66 0.67 0.67 0.67 0.67 0.67 120.72 0.00 0.00 2.66 125.37 121.38 120.72 101.90 101.90 99.90 99.90 99.90 98.57 0.00 0.00 0.67 23.48 22.81 1.33 2.00 0.67 22.81 2.00 98.57 97.91 98.57 23.48 28.13 28.13 1.33 3.99 28.80 28.80 29.46 31.46 31.46 26.14 0.00 0.00 0.00 0.00 0.00 0.00 0.00 0.00 0.00
0.00 0.00 0.00 0.00 0.00 0.00 0.00 0.00 0.67 0.67 0.00 0.00 0.00 0.00 0.00 0.00 0.00 0.00 0.00 0.00 0.00 0.00 0.00 0.00 0.00 0.00 0.67 2.00 24.81 1.33 2.00 26.14 2.66 0.67 0.00 0.00 0.00 0.67 120.72 120.05 97.24 122.05 122.05 120.05 121.38 122.71 98.57 97.91 0.00 1.33 0.67 0.00 0.00 0.00 23.48 23.48 0.67 24.81 22.81 23.48 24.14 23.48 22.81 23.48 26.14 26.80 26.80 30.79 28.80 27.47 25.47 28.80 29.46 29.46 25.47 0.00 0.00 0.00 0.00 0.00 0.00 0.00 0.00 0.00
0.00 0.00 0.00 0.00 0.00 0.00 0.00 0.00 0.00 0.00 0.00 0.00 0.00 0.00 0.00 0.00 0.00 0.00 0.00 0.00 0.00 0.00 0.67 0.67 0.00 0.00 0.67 2.00 1.33 26.14 28.13 27.47 5.32 3.33 0.00 0.00 0.00 0.00 120.05 120.05 120.05 120.05 97.24 97.91 98.57 22.81 120.05 97.24 0.00 0.00 0.67 0.67 1.33 22.81 24.14 24.14 26.14 2.00 1.33 2.66 24.14 24.14 3.99 30.13 6.65 26.80 26.14 28.80 7.32 30.79 29.46 26.80 26.80 24.81 23.48 0.00 0.00 0.00 0.00 0.00 0.00 0.00 0.00 0.00
0.67 0.00 0.00 0.00 0.00 0.00 0.00 0.00 0.00 0.00 0.00 0.00 0.00 0.00 0.00 0.00 0.00 0.00 0.00 0.00 0.00 0.00 0.00 0.00 0.00 0.00 0.00 1.33 99.24 2.66 28.13 31.46 32.12 28.13 24.81 22.81 0.00 0.00 0.00 23.48 120.72 120.05 97.24 97.24 2.00 1.33 0.00 22.81 0.00 0.00 0.00 0.00 24.14 23.48 22.81 24.81 1.33 0.67 0.67 1.33 23.48 2.00 3.33 5.32 4.66 3.33 23.48 24.14 26.14 26.80 26.80 23.48 24.81 2.66 24.14 0.00 0.67 0.00 0.00 0.00 0.00 0.00 0.00 0.00
0.67 0.67 0.00 0.00 0.00 0.00 0.00 0.00 0.00 0.00 0.00 0.00 0.00 0.00 0.00 0.00 0.00 0.00 0.00 0.00 0.00 0.00 0.00 0.00 0.00 0.00 0.00 121.38 124.04 25.47 27.47 30.79 30.13 4.66 1.33 0.00 0.00 0.00 0.67 0.67 121.38 120.72 120.05 97.91 0.67 0.67 2.66 2.00 23.48 0.00 0.67 22.81 22.81 0.00 0.67 22.81 22.81 22.81 22.81 22.81 22.81 23.48 2.00 0.00 1.33 3.33 1.33 23.48 23.48 0.00 0.00 0.00 0.00 0.00 22.81 0.00 0.67 0.00 0.00 0.00 0.00 0.00 0.00 0.00
2.66 2.00 0.00 0.00 0.00 0.00 0.00 0.00 0.00 0.00 0.00 0.00 0.00 0.00 0.00 0.00 0.00 0.00 0.00 0.00 0.00 0.00 0.00 0.00 0.00 0.00 97.24 123.38 126.70 4.66 2.00 28.13 30.79 3.33 0.67 0.00 0.00 2.00 2.66 0.67 120.72 120.05 97.24 0.00 1.33 0.67 2.00 2.00 23.48 23.48 23.48 23.48 0.00 0.67 1.33 0.00 22.81 22.81 22.81 22.81 22.81 22.81 2.66 3.33 2.66 28.13 25.47 24.81 24.81 0.00 0.00 0.00 0.00 0.67 22.81 0.67 0.00 0.00 0.00 0.00 0.00 0.00 0.00 0.00
2.00 24.81 0.67 0.00 0.00 0.00 0.00 0.00 0.00 0.00 0.00 0.00 0.00 0.00 0.00 0.00 0.00 0.00 0.00 0.00 0.00 0.00 0.00 0.00 0.00 0.00 0.67 99.90 101.23 2.66 97.91 3.33 30.13 5.32 0.67 1.33 0.00 2.00 1.33 120.72 121.38 99.90 1.33 0.00 0.67 1.33 2.66 1.33 0.67 23.48 22.81 22.81 0.00 0.67 0.00 0.00 22.81 22.81 22.81 22.81 22.81 23.48 24.14 1.33 25.47 2.00 0.67 2.00 4.66 24.81 1.33 0.00 24.81 25.47 25.47 3.99 0.67 0.00 0.00 0.00 0.00 0.00 0.00 0.00
0.67 24.14 0.00 0.00 0.00 0.00 0.00 0.00 0.00 0.00 0.00 0.00 0.00 0.00 117.74 0.00 0.00 0.00 0.00 0.00 0.00 0.00 0.00 0.00 0.00 0.00 0.67 98.57 97.91 100.57 101.23 3.99 30.79 5.99 3.99 3.99 0.67 1.33 2.00 121.38 100.57 102.56 5.32 1.33 0.00 0.00 1.33 0.67 1.33 24.14 22.81 0.00 0.00 0.00 0.00 0.00 24.14 24.81 24.14 0.00 22.81 0.67 0.67 24.81 2.66 2.00 1.33 2.66 28.13 5.32 29.46 25.47 3.33 25.47 27.47 30.13 1.33 0.00 0.00 0.00 0.00 0.00 0.00 0.00
0.67 23.48 0.67 0.67 0.00 0.00 0.00 0.00 0.00 0.00 0.00 0.00 0.00 0.00 0.00 0.00 0.00 0.00 0.00 0.00 0.00 0.00 0.00 0.00 0.00 0.00 0.00 97.24 97.91 100.57 101.90 3.99 6.65 27.47 5.32 4.66 0.67 1.33 126.70 124.71 122.71 2.66 2.66 2.00 0.67 0.00 0.00 0.00 2.00 24.81 23.48 0.67 1.33 0.00 0.67 0.67 24.14 1.33 0.67 0.00 24.14 22.81 23.48 24.14 2.00 2.66 0.67 4.66 26.80 5.32 7.32 7.32 27.47 23.48 23.48 3.99 1.33 0.00 0.00 0.00 0.00 0.00 0.00 0.00
2.00 24.81 0.67 0.00 0.00 0.00 0.00 0.00 0.00 0.00 0.00 0.00 0.00 0.00 0.00 117.74 0.00 0.00 0.00 0.00 0.00 0.00 0.00 0.00 0.00 0.00 0.00 97.24 98.57 99.90 98.57 99.24 3.33 26.80 2.66 0.67 2.66 30.13 128.03 6.65 3.33 2.00 0.00 1.33 0.67 0.00 0.00 0.00 24.14 27.47 23.48 2.66 2.66 0.67 23.48 23.48 23.48 24.14 24.14 25.47 24.14 23.48 0.00 0.00 22.81 1.33 0.00 2.66 25.47 2.00 2.66 26.80 26.14 24.14 0.67 0.00 0.00 0.00 0.00 0.00 0.00 0.00 0.00 0.00
2.00 26.14 1.33 0.00 0.00 0.00 0.00 0.00 0.00 0.00 0.00 0.00 0.00 0.00 0.00 117.74 0.00 0.00 0.00 0.00 0.00 0.00 0.00 0.00 0.67 0.00 0.00 0.00 98.57 98.57 97.91 97.24 98.57 26.14 1.33 0.00 2.66 128.03 7.98 3.99 2.00 2.00 2.00 1.33 0.00 24.14 24.81 24.81 26.14 28.80 25.47 3.33 2.66 0.67 0.00 0.00 23.48 0.67 1.33 2.00 1.33 0.00 0.00 22.81 24.81 2.00 0.00 0.00 0.00 24.14 22.81 22.81 0.67 23.48 0.67 0.00 0.00 0.00 0.00 0.00 0.67 0.00 0.00 0.00
27.47 5.32 0.00 0.00 0.00 0.00 0.00 0.00 0.00 0.00 0.00 0.00 0.00 0.00 117.74 117.74 117.74 0.00 0.00 0.00 0.00 0.00 0.00 0.67 0.67 0.00 0.00 0.00 99.24 2.00 22.81 123.38 127.37 124.04 120.05 97.24 122.71 101.90 0.67 4.66 0.67 0.67 0.67 0.67 22.81 0.67 2.00 3.33 4.66 2.00 2.00 2.66 1.33 0.67 1.33 23.48 0.00 0.00 0.00 23.48 22.81 22.81 22.81 22.81 2.00 2.00 0.67 0.00 23.48 24.14 0.00 0.00 0.00 0.00 0.00 0.00 0.00 0.00 0.00 0.00 0.00 0.00 0.00 0.00
27.47 5.32 0.67 0.00 0.00 0.00 0.00 0.00 117.74 117.74 22.81 22.81 22.81 140.55 117.74 117.74 117.74 0.67 0.00 0.00 0.00 0.00 0.67 2.00 1.33 0.00 0.00 0.00 24.81 26.14 2.00 2.66 107.22 102.56 120.72 120.72 122.05 122.71 24.81 26.80 1.33 0.00 2.00 22.81 0.67 0.67 1.33 3.33 2.66 2.66 0.67 0.00 2.66 3.33 2.00 23.48 0.00 0.00 0.00 0.00 24.14 1.33 0.00 0.67 0.67 1.33 24.14 24.14 2.00 1.33 0.00 0.00 0.00 0.00 0.00 0.00 0.00 0.00 0.00 0.00 0.00 0.00 0.00 0.00
30.79 5.32 0.00 0.00 0.00 0.00 0.00 0.00 0.00 117.74 117.74 140.55 117.74 117.74 140.55 117.74 117.74 118.40 0.67 0.00 0.00 0.00 0.00 2.00 2.66 0.67 0.00 0.00 24.14 24.14 1.33 0.67 2.66 2.00 27.47 29.46 100.57 0.67 24.81 1.33 23.48 25.47 26.14 23.48 1.33 2.00 2.00 2.66 2.00 26.14 23.48 23.48 5.99 5.32 3.99 25.47 24.14 23.48 0.00 0.00 23.48 1.33 0.00 0.00 22.81 24.14 1.33 1.33 1.33 0.00 0.00 0.00 0.00 0.00 0.00 0.00 0.00 0.00 0.00 0.00 0.00 0.00 0.00 0.00
26.80 4.66 0.00 0.00 0.00 0.00 0.00 0.00 0.00 117.74 117.74 117.74 117.74 117.74 140.55 117.74 118.40 119.07 0.67 0.00 0.00 0.00 0.00 0.00 24.81 2.66 0.00 0.00 0.67 23.48 1.33 3.33 7.32 30.79 30.13 5.32 2.66 1.33 2.00 2.00 0.67 0.67 23.48 0.67 28.80 32.79 27.47 24.14 26.14 26.80 0.67 0.67 24.81 25.47 27.47 27.47 1.33 1.33 0.67 0.00 1.33 22.81 24.14 23.48 22.81 0.00 0.00 0.00 0.00 0.00 0.00 0.00 0.00 0.00 0.00 0.00 0.00 0.00 0.00 0.00 0.00 0.00 0.00 0.00
2.66 1.33 0.00 0.00 0.00 0.00 0.00 0.00 0.00 0.00 117.74 117.74 117.74 117.74 140.55 118.40 118.40 119.73 0.67 0.00 0.00 0.00 0.00 0.00 23.48 1.33 0.67 0.67 0.67 1.33 22.81 25.47 32.12 31.46 30.13 24.14 2.00 3.99 2.00 0.67 0.67 0.00 23.48 1.33 33.45 38.11 30.79 0.67 2.66 25.47 0.67 0.00 2.00 22.81 23.48 22.81 22.81 22.81 23.48 0.67 2.00 22.81 23.48 0.00 0.00 0.00 0.00 0.00 0.00 0.00 0.00 0.00 0.00 0.00 0.00 0.00 0.00 0.00 0.00 0.00 0.00 0.00 0.00 0.00
6.65 4.66 0.00 0.00 0.00 0.00 0.67 2.00 0.67 0.67 117.74 117.74 118.40 118.40 141.21 119.73 122.39 3.33 0.00 0.00 0.00 0.67 0.67 1.33 24.14 0.00 1.33 0.67 0.00 0.67 2.00 26.80 5.99 5.32 2.66 1.33 0.00 0.67 1.33 0.00 0.00 0.00 0.00 27.47 26.80 5.32 28.13 0.00 22.81 23.48 22.81 0.00 2.66 1.33 24.14 1.33 1.33 0.67 24.81 26.14 24.81 0.00 0.00 0.00 0.00 0.00 0.00 0.00 0.00 0.00 0.00 0.00 0.00 0.00 0.00 0.00 0.00 0.00 0.00 0.00 0.00 0.00 0.00 0.00
5.32 5.99 2.66 0.67 0.67 117.74 118.40 123.06 122.39 121.73 121.73 121.73 121.06 119.07 121.73 147.20 126.39 3.99 0.00 0.00 0.00 0.67 0.67 1.33 24.81 23.48 1.33 24.14 22.81 0.00 0.67 26.80 2.00 0.00 0.00 0.67 0.67 0.00 0.67 1.33 0.67 0.00 1.33 1.33 23.48 23.48 22.81 22.81 0.00 24.14 28.13 24.14 23.48 23.48 22.81 2.66 1.33 23.48 24.81 2.66 2.66 0.67 0.00 0.00 0.00 0.00 0.00 0.00 0.00 0.00 0.00 0.00 0.00 0.00 0.00 0.00 0.00 0.00 0.00 0.00 0.00 0.00 0.00 0.00
5.99 4.66 1.33 1.33 142.54 119.73 147.20 149.20 147.20 148.53 30.13 29.46 30.13 28.80 30.13 37.44 13.97 5.32 0.00 0.00 0.00 0.00 0.00 0.00 0.67 23.48 25.47 2.66 23.48 22.81 22.81 24.81 24.81 2.66 0.00 0.67 2.66 0.67 0.00 1.33 0.67 1.33 24.81 23.48 23.48 0.67 0.00 22.81 25.47 29.46 30.79 27.47 1.33 0.00 0.00 24.14 24.14 22.81 0.00 0.67 0.67 0.67 0.00 0.00 0.00 0.67 0.00 0.00 0.00 0.00 0.00 0.00 0.00 0.00 0.00 0.00 0.00 0.00 0.00 0.00 0.00 0.00 0.00 0.00
32.79 4.66 1.33 1.33 146.53 32.79 11.31 7.98 3.33 3.99 3.33 2.66 5.99 6.65 9.98 14.63 34.78 6.65 2.00 0.00 0.00 0.00 1.33 2.66 2.66 1.33 0.67 26.14 25.47 26.80 25.47 24.81 26.14 4.66 1.33 0.67 3.33 2.66 0.00 0.00 1.33 1.33 24.14 22.81 0.00 0.00 0.00 0.00 26.80 5.32 1.33 24.14 1.33 0.00 22.81 22.81 0.00 0.67 0.67 0.00 0.00 0.00 0.00 0.00 0.67 0.67 0.00 0.00 0.00 0.00 0.00 0.00 0.00 0.00 0.00 0.00 0.00 0.00 0.00 0.00 0.00 0.00 0.00 0.00
5.99 28.80 29.46 28.80 30.13 6.65 7.98 3.99 0.00 0.67 1.33 0.67 0.67 2.66 5.99 7.32 28.80 3.99 2.00 0.00 0.00 0.00 0.67 1.33 1.33 0.00 0.67 0.67 3.33 6.65 26.80 1.33 3.33 3.33 0.67 0.00 1.33 2.00 24.81 2.00 23.48 22.81 0.00 0.00 0.00 0.00 0.00 0.00 0.00 24.81 2.00 1.33 24.14 23.48 27.47 7.32 4.66 0.00 0.00 0.00 0.00 0.00 0.00 1.33 24.14 23.48 0.00 0.00 0.00 0.00 0.00 0.00 0.00 0.00 0.00 0.00 0.00 0.00 0.00 0.00 0.00 0.00 0.00 0.00
4.66 28.13 29.46 33.45 32.12 28.80 29.46 3.33 0.67 0.00 0.00 0.00 0.00 0.00 1.33 4.66 27.47 2.00 0.67 0.67 0.00 0.00 0.00 0.00 0.00 0.00 0.00 0.00 0.67 2.66 24.81 2.00 2.00 0.67 0.67 0.67 0.67 24.14 26.14 26.80 2.00 0.00 0.00 0.00 0.00 2.66 2.66 0.00 0.00 23.48 24.81 23.48 0.00 5.99 38.77 38.77 33.45 0.67 0.00 0.00 0.00 0.00 24.14 27.47 27.47 3.33 0.00 0.00 0.00 0.00 0.00 0.00 0.00 0.00 0.00 0.00 0.00 0.00 0.00 0.00 0.00 0.00 0.00 0.00
28.80 6.65 5.99 5.99 30.13 3.99 3.99 26.80 24.81 0.67 0.67 0.00 1.33 0.00 0.00 1.33 26.14 2.66 0.67 0.00 0.00 0.00 0.00 0.00 0.00 0.00 0.00 0.00 0.00 1.33 22.81 1.33 1.33 0.67 0.67 1.33 2.00 24.14 3.33 28.80 3.99 1.33 0.00 0.00 0.00 1.33 24.14 0.00 0.00 24.14 25.47 1.33 0.00 2.66 7.98 10.64 33.45 28.80 22.81 22.81 22.81 23.48 26.14 28.13 28.80 4.66 0.00 0.00 0.00 0.00 0.00 0.00 0.00 0.00 0.00 0.00 0.00 0.00 0.00 0.00 0.00 0.00 0.00 0.00
34.12 10.64 4.66 2.00 1.33 23.48 1.33 2.66 7.98 30.79 28.80 3.33 4.66 2.66 0.67 2.66 28.13 2.00 0.67 1.33 1.33 0.00 0.00 0.00 0.00 0.00 0.00 0.00 0.00 0.00 23.48 2.66 2.00 0.00 0.00 0.67 2.00 24.81 2.00 4.66 27.47 1.33 0.00 0.00 0.00 0.00 22.81 22.81 22.81 25.47 26.80 26.14 27.47 2.00 5.99 5.32 2.00 2.00 0.67 0.00 0.67 3.33 27.47 26.14 2.66 1.33 2.00 0.00 0.00 0.00 0.00 0.00 0.00 0.00 0.00 0.00 0.00 0.00 0.00 0.00 0.00 0.00 0.00 0.00
