ASPA-UH-SWB2_REPO/output/post_prcessed_with_MFR/direct_net_infiltation_annual.asc
NCOLS 350
NROWS 200
XLLCENTER 515000.000000
YLLCENTER 8409000.000000
CELLSIZE 100.000000
NODATA_value -999.000000
[rows 111 to 147 of 200, columns 84 to 167 of 350]
0.00 0.00 0.00 0.00 0.00 0.00 3.33 29.46 0.67 0.00 0.00 0.67 24.14 0.67 0.00 0.00 0.00 0.00 0.00 0.00 0.00 0.00 0.00 0.00 0.00 0.00 0.00 0.00 0.00 0.00 0.00 0.00 0.00 0.00 0.00 0.00 0.00 0.00 0.00 0.00 0.00 0.00 0.00 0.00 0.00 0.00 0.00 0.00 22.81 99.69 99.69 99.69 99.69 102.35 26.80 2.00 0.00 0.00 0.00 0.00 22.81 24.81 2.00 0.00 0.00 0.00 0.00 0.00 0.00 24.14 2.00 1.33 0.00 0.67 0.67 22.81 24.14 26.14 2.66 0.67 0.00 0.00 0.00 0.00
0.00 0.00 0.00 0.00 0.00 0.00 1.33 29.46 5.32 0.00 0.67 24.14 0.67 0.00 0.00 0.00 0.00 0.00 0.00 0.00 0.00 0.00 0.00 0.00 0.00 0.00 1.33 0.00 0.00 0.00 0.00 0.67 0.67 0.00 0.00 0.00 0.00 0.00 0.00 0.00 0.00 0.00 0.00 0.00 0.00 0.00 0.00 22.81 99.69 99.69 99.69 99.69 100.36 28.13 27.47 0.00 0.00 0.00 0.00 0.00 0.00 24.14 1.33 0.67 0.00 0.00 0.00 0.00 23.48 23.48 23.48 0.67 0.67 24.14 23.48 1.33 0.67 2.00 3.33 1.33 1.33 0.00 0.00 0.00
0.00 0.00 0.00 0.00 0.00 0.00 0.00 5.32 29.46 26.14 1.33 25.47 25.47 0.67 0.00 0.67 1.33 0.00 0.00 0.00 0.00 0.00 0.00 1.33 1.33 1.33 3.33 1.33 0.00 0.00 0.00 0.67 0.00 0.00 0.00 0.00 0.00 0.00 0.00 0.00 0.00 0.00 0.00 0.00 0.00 0.00 22.81 23.48 100.36 99.69 99.69 100.36 103.02 28.80 2.66 0.00 0.00 0.00 0.00 0.00 0.00 1.33 24.81 1.33 1.33 0.00 0.00 0.67 23.48 0.00 22.81 22.81 24.81 24.81 22.81 0.67 0.00 0.67 3.33 3.33 1.33 0.00 0.00 0.00
0.00 0.00 0.00 0.00 0.00 0.00 0.00 1.33 3.99 27.47 28.13 27.47 27.47 25.47 26.80 26.14 28.13 4.66 3.99 1.33 0.00 0.00 1.33 5.32 4.66 0.67 2.00 0.67 0.00 0.00 0.00 0.00 0.00 0.00 0.00 0.00 0.00 0.00 0.00 0.00 0.00 0.00 0.00 0.00 0.00 0.00 22.81 24.14 101.02 99.69 99.69 102.35 24.81 1.33 0.00 0.00 0.00 0.00 0.00 0.00 0.00 4.66 5.99 24.81 2.00 1.33 3.33 3.33 26.14 24.14 1.33 1.33 1.33 24.14 24.14 0.00 0.00 0.00 0.00 0.00 0.00 0.00 0.00 0.00
0.00 0.00 0.00 0.00 0.00 0.00 0.00 0.00 0.00 0.00 26.14 30.13 32.12 29.46 30.79 30.79 29.46 28.13 28.80 30.13 2.66 2.00 3.99 28.13 25.47 0.00 0.00 0.00 0.00 0.00 0.00 0.00 0.00 0.00 0.00 0.00 0.00 0.00 0.00 0.00 0.00 0.00 0.00 0.00 0.00 0.00 0.00 24.14 101.69 99.69 100.36 123.83 22.81 0.00 0.00 0.00 0.00 0.00 0.00 0.00 0.00 3.33 6.65 23.48 23.48 24.14 25.47 26.80 26.80 24.14 1.33 2.00 0.67 1.33 0.00 0.00 0.00 0.00 0.00 0.00 0.00 0.00 0.00 0.00
0.00 0.00 0.00 0.00 0.00 0.00 0.00 0.00 0.00 0.00 0.67 29.46 27.47 24.81 28.80 30.13 28.13 25.47 24.81 4.66 26.80 25.47 28.13 25.47 0.00 0.00 0.00 0.00 0.00 0.00 0.00 0.00 1.33 2.00 2.00 2.00 0.67 0.00 0.00 0.00 0.00 0.00 0.00 0.00 0.00 0.00 0.00 24.81 101.02 101.02 101.02 122.50 0.67 0.00 0.00 0.00 0.00 0.00 0.00 0.00 0.00 0.00 0.00 23.48 23.48 24.14 2.00 2.00 0.67 24.14 0.67 0.67 2.00 1.33 0.00 0.00 0.00 0.00 0.00 0.00 0.00 0.00 0.00 0.00
0.00 0.00 0.00 0.00 0.00 0.00 0.00 0.00 0.00 0.00 0.67 2.00 0.00 0.00 1.33 24.81 2.66 1.33 24.14 0.00 2.00 0.67 2.00 22.81 22.81 22.81 3.33 3.33 1.33 0.00 0.00 0.67 2.00 25.47 27.47 3.33 0.00 0.00 0.00 0.00 0.00 0.00 0.00 0.00 0.00 0.00 0.00 123.17 101.69 103.02 101.02 23.48 2.66 2.66 0.00 0.00 0.00 0.00 0.00 0.00 0.00 99.69 122.50 123.17 0.00 0.67 2.00 0.67 1.33 23.48 24.14 0.00 2.66 2.66 1.33 0.00 0.00 0.00 0.00 0.00 0.00 0.00 0.00 0.00
0.00 0.00 0.00 0.00 0.00 0.00 0.00 0.00 0.00 0.00 0.00 0.00 0.00 0.00 0.00 0.00 0.00 0.67 0.67 23.48 1.33 0.00 0.00 0.00 0.67 24.14 26.80 28.80 5.32 2.66 2.00 2.66 26.14 2.66 3.33 0.67 0.00 0.00 0.00 0.00 0.00 0.00 0.00 0.00 0.00 0.00 0.00 122.50 123.83 102.35 100.36 122.50 101.69 103.68 1.33 0.67 0.00 0.00 0.00 0.67 100.36 123.17 124.50 124.50 101.69 1.33 0.67 0.67 2.00 0.67 23.48 0.00 0.00 0.00 0.00 0.00 0.00 0.00 0.00 0.00 0.00 0.00 0.00 0.00
0.00 0.00 0.00 0.00 0.00 0.00 0.00 0.00 0.00 0.00 0.00 0.00 0.00 0.00 0.00 0.00 0.00 0.00 0.67 0.67 0.00 0.00 0.00 1.33 3.99 0.00 3.33 2.66 26.80 25.47 4.66 4.66 26.14 3.99 2.00 0.00 0.00 0.00 0.00 0.00 0.00 0.00 0.00 0.00 0.00 1.33 24.14 125.83 124.50 123.17 123.17 122.50 122.50 123.17 22.81 24.14 0.67 1.33 1.33 24.14 123.83 101.69 101.02 123.83 107.01 109.00 3.99 0.00 1.33 3.33 3.33 23.48 0.00 0.00 0.00 0.00 0.00 0.00 0.00 0.00 0.00 0.00 0.00 0.00
0.00 0.00 0.00 0.00 0.00 0.00 0.00 0.00 0.00 0.00 0.00 0.00 0.00 0.00 0.00 0.00 0.00 0.00 0.00 0.00 0.00 0.00 0.67 2.66 5.32 2.66 2.00 2.66 2.00 4.66 32.12 32.79 29.46 3.99 0.67 0.00 0.00 0.00 0.00 0.00 0.00 0.00 0.00 0.00 2.00 3.99 101.69 125.83 125.83 103.68 99.69 99.69 99.69 100.36 123.17 123.83 123.17 123.83 125.16 123.17 124.50 101.02 100.36 99.69 125.83 107.67 102.35 2.00 26.80 30.79 28.80 24.14 0.00 0.00 0.00 0.00 0.00 0.00 0.00 0.00 0.00 0.00 0.00 0.00
0.00 0.00 0.00 0.00 0.00 0.00 0.00 0.00 0.00 0.00 0.00 0.00 0.00 0.00 0.00 0.00 0.00 0.00 0.00 0.00 0.00 0.67 1.33 0.67 0.67 2.66 0.00 0.67 0.67 5.32 13.97 10.64 25.47 1.33 1.33 0.67 0.00 0.00 0.00 0.00 0.00 0.00 0.00 0.00 5.32 104.35 23.48 123.83 126.49 129.15 101.69 99.69 0.00 0.67 0.67 122.50 0.00 0.00 1.33 0.67 103.02 124.50 100.36 101.02 123.17 101.02 99.69 2.66 28.13 31.46 32.12 27.47 24.81 0.00 0.00 0.00 0.00 0.00 0.00 0.00 0.00 0.00 0.00 0.00
0.00 0.00 0.00 0.00 0.00 0.00 0.00 0.00 0.00 0.00 0.00 0.00 0.00 0.00 0.00 0.00 0.00 0.00 0.00 0.00 0.00 0.67 0.67 0.00 0.00 1.33 2.66 0.67 0.00 4.66 6.65 5.32 25.47 2.00 0.67 1.33 0.67 0.00 0.00 0.00 0.00 0.00 0.00 1.33 129.15 126.49 123.83 101.69 105.01 131.15 103.68 99.69 0.00 0.00 24.14 24.14 1.33 0.67 0.00 0.67 110.33 128.49 100.36 101.02 123.83 102.35 2.66 5.99 28.80 27.47 31.46 28.80 26.14 24.14 0.00 0.00 0.00 0.00 0.00 0.00 0.00 0.00 0.00 0.00
0.00 0.00 0.00 0.00 0.00 0.00 0.00 0.00 0.00 0.00 0.00 0.00 0.00 0.00 0.00 0.00 0.00 0.00 0.00 0.00 0.00 0.00 0.00 0.00 0.00 1.33 5.32 2.66 0.00 2.00 2.66 25.47 2.66 1.33 0.67 1.33 0.67 0.00 0.00 0.00 0.00 0.67 25.47 123.83 127.16 125.16 104.35 104.35 105.68 109.00 127.16 0.00 0.00 0.67 24.14 23.48 1.33 0.00 0.00 23.48 33.45 106.34 99.69 100.36 123.83 105.01 4.66 26.80 26.80 26.14 28.13 30.13 26.14 26.14 1.33 0.00 0.00 0.00 0.00 0.00 0.00 0.00 0.00 0.00
0.00 0.00 0.00 0.00 0.00 0.00 0.00 0.00 0.67 0.67 0.00 0.00 0.00 0.00 0.00 0.00 0.00 0.00 0.00 0.00 0.00 0.00 0.00 0.00 0.00 1.33 2.66 0.67 0.00 1.33 2.66 26.80 2.66 0.67 0.67 0.67 0.67 0.67 123.17 0.00 0.00 2.66 127.82 123.83 123.17 104.35 104.35 102.35 102.35 102.35 101.02 0.00 0.00 0.67 23.48 22.81 1.33 2.00 0.67 22.81 2.00 101.02 100.36 101.02 23.48 28.13 28.13 1.33 3.99 28.80 28.80 29.46 31.46 31.46 26.14 0.00 0.00 0.00 0.00 0.00 0.00 0.00 0.00 0.00
0.00 0.00 0.00 0.00 0.00 0.00 0.00 0.00 0.67 0.67 0.00 0.00 0.00 0.00 0.00 0.00 0.00 0.00 0.00 0.00 0.00 0.00 0.00 0.00 0.00 0.00 0.67 2.00 24.81 1.33 2.00 26.14 2.66 0.67 0.00 0.00 0.00 0.67 123.17 122.50 99.69 124.50 124.50 122.50 123.83 125.16 101.02 100.36 0.00 1.33 0.67 0.00 0.00 0.00 23.48 23.48 0.67 24.81 22.81 23.48 24.14 23.48 22.81 23.48 26.14 26.80 26.80 30.79 28.80 27.47 25.47 28.80 29.46 29.46 25.47 0.00 0.00 0.00 0.00 0.00 0.00 0.00 0.00 0.00
0.00 0.00 0.00 0.00 0.00 0.00 0.00 0.00 0.00 0.00 0.00 0.00 0.00 0.00 0.00 0.00 0.00 0.00 0.00 0.00 0.00 0.00 0.67 0.67 0.00 0.00 0.67 2.00 1.33 26.14 28.13 27.47 5.32 3.33 0.00 0.00 0.00 0.00 122.50 122.50 122.50 122.50 99.69 100.36 101.02 22.81 122.50 99.69 0.00 0.00 0.67 0.67 1.33 22.81 24.14 24.14 26.14 2.00 1.33 2.66 24.14 24.14 3.99 30.13 6.65 26.80 26.14 28.80 7.32 30.79 29.46 26.80 26.80 24.81 23.48 0.00 0.00 0.00 0.00 0.00 0.00 0.00 0.00 0.00
0.67 0.00 0.00 0.00 0.00 0.00 0.00 0.00 0.00 0.00 0.00 0.00 0.00 0.00 0.00 0.00 0.00 0.00 0.00 0.00 0.00 0.00 0.00 0.00 0.00 0.00 0.00 1.33 101.69 2.66 28.13 31.46 32.12 28.13 24.81 22.81 0.00 0.00 0.00 23.48 123.17 122.50 99.69 99.69 2.00 1.33 0.00 22.81 0.00 0.00 0.00 0.00 24.14 23.48 22.81 24.81 1.33 0.67 0.67 1.33 23.48 2.00 3.33 5.32 4.66 3.33 23.48 24.14 26.14 26.80 26.80 23.48 24.81 2.66 24.14 0.00 0.67 0.00 0.00 0.00 0.00 0.00 0.00 0.00
0.67 0.67 0.00 0.00 0.00 0.00 0.00 0.00 0.00 0.00 0.00 0.00 0.00 0.00 0.00 0.00 0.00 0.00 0.00 0.00 0.00 0.00 0.00 0.00 0.00 0.00 0.00 123.83 126.49 25.47 27.47 30.79 30.13 4.66 1.33 0.00 0.00 0.00 0.67 0.67 123.83 123.17 122.50 100.36 0.67 0.67 2.66 2.00 23.48 0.00 0.67 22.81 22.81 0.00 0.67 22.81 22.81 22.81 22.81 22.81 22.81 23.48 2.00 0.00 1.33 3.33 1.33 23.48 23.48 0.00 0.00 0.00 0.00 0.00 22.81 0.00 0.67 0.00 0.00 0.00 0.00 0.00 0.00 0.00
2.66 2.00 0.00 0.00 0.00 0.00 0.00 0.00 0.00 0.00 0.00 0.00 0.00 0.00 0.00 0.00 0.00 0.00 0.00 0.00 0.00 0.00 0.00 0.00 0.00 0.00 99.69 125.83 129.15 4.66 2.00 28.13 30.79 3.33 0.67 0.00 0.00 2.00 2.66 0.67 123.17 122.50 99.69 0.00 1.33 0.67 2.00 2.00 23.48 23.48 23.48 23.48 0.00 0.67 1.33 0.00 22.81 22.81 22.81 22.81 22.81 22.81 2.66 3.33 2.66 28.13 25.47 24.81 24.81 0.00 0.00 0.00 0.00 0.67 22.81 0.67 0.00 0.00 0.00 0.00 0.00 0.00 0.00 0.00
2.00 24.81 0.67 0.00 0.00 0.00 0.00 0.00 0.00 0.00 0.00 0.00 0.00 0.00 0.00 0.00 0.00 0.00 0.00 0.00 0.00 0.00 0.00 0.00 0.00 0.00 0.67 102.35 103.68 2.66 100.36 3.33 30.13 5.32 0.67 1.33 0.00 2.00 1.33 123.17 123.83 102.35 1.33 0.00 0.67 1.33 2.66 1.33 0.67 23.48 22.81 22.81 0.00 0.67 0.00 0.00 22.81 22.81 22.81 22.81 22.81 23.48 24.14 1.33 25.47 2.00 0.67 2.00 4.66 24.81 1.33 0.00 24.81 25.47 25.47 3.99 0.67 0.00 0.00 0.00 0.00 0.00 0.00 0.00
0.67 24.14 0.00 0.00 0.00 0.00 0.00 0.00 0.00 0.00 0.00 0.00 0.00 0.00 129.06 0.00 0.00 0.00 0.00 0.00 0.00 0.00 0.00 0.00 0.00 0.00 0.67 101.02 100.36 103.02 103.68 3.99 30.79 5.99 3.99 3.99 0.67 1.33 2.00 123.83 103.02 105.01 5.32 1.33 0.00 0.00 1.33 0.67 1.33 24.14 22.81 0.00 0.00 0.00 0.00 0.00 24.14 24.81 24.14 0.00 22.81 0.67 0.67 24.81 2.66 2.00 1.33 2.66 28.13 5.32 29.46 25.47 3.33 25.47 27.47 30.13 1.33 0.00 0.00 0.00 0.00 0.00 0.00 0.00
0.67 23.48 0.67 0.67 0.00 0.00 0.00 0.00 0.00 0.00 0.00 0.00 0.00 0.00 0.00 0.00 0.00 0.00 0.00 0.00 0.00 0.00 0.00 0.00 0.00 0.00 0.00 99.69 100.36 103.02 104.35 3.99 6.65 27.47 5.32 4.66 0.67 1.33 129.15 127.16 125.16 2.66 2.66 2.00 0.67 0.00 0.00 0.00 2.00 24.81 23.48 0.67 1.33 0.00 0.67 0.67 24.14 1.33 0.67 0.00 24.14 22.81 23.48 24.14 2.00 2.66 0.67 4.66 26.80 5.32 7.32 7.32 27.47 23.48 23.48 3.99 1.33 0.00 0.00 0.00 0.00 0.00 0.00 0.00
2.00 24.81 0.67 0.00 0.00 0.00 0.00 0.00 0.00 0.00 0.00 0.00 0.00 0.00 0.00 129.06 0.00 0.00 0.00 0.00 0.00 0.00 0.00 0.00 0.00 0.00 0.00 99.69 101.02 102.35 101.02 101.69 3.33 26.80 2.66 0.67 2.66 30.13 130.48 6.65 3.33 2.00 0.00 1.33 0.67 0.00 0.00 0.00 24.14 27.47 23.48 2.66 2.66 0.67 23.48 23.48 23.48 24.14 24.14 25.47 24.14 23.48 0.00 0.00 22.81 1.33 0.00 2.66 25.47 2.00 2.66 26.80 26.14 24.14 0.67 0.00 0.00 0.00 0.00 0.00 0.00 0.00 0.00 0.00
2.00 26.14 1.33 0.00 0.00 0.00 0.00 0.00 0.00 0.00 0.00 0.00 0.00 0.00 0.00 129.06 0.00 0.00 0.00 0.00 0.00 0.00 0.00 0.00 0.67 0.00 0.00 0.00 101.02 101.02 100.36 99.69 101.02 26.14 1.33 0.00 2.66 130.48 7.98 3.99 2.00 2.00 2.00 1.33 0.00 24.14 24.81 24.81 26.14 28.80 25.47 3.33 2.66 0.67 0.00 0.00 23.48 0.67 1.33 2.00 1.33 0.00 0.00 22.81 24.81 2.00 0.00 0.00 0.00 24.14 22.81 22.81 0.67 23.48 0.67 0.00 0.00 0.00 0.00 0.00 0.67 0.00 0.00 0.00
27.47 5.32 0.00 0.00 0.00 0.00 0.00 0.00 0.00 0.00 0.00 0.00 0.00 0.00 129.06 129.06 129.06 0.00 0.00 0.00 0.00 0.00 0.00 0.67 0.67 0.00 0.00 0.00 101.69 2.00 22.81 125.83 129.82 126.49 122.50 99.69 125.16 104.35 0.67 4.66 0.67 0.67 0.67 0.67 22.81 0.67 2.00 3.33 4.66 2.00 2.00 2.66 1.33 0.67 1.33 23.48 0.00 0.00 0.00 23.48 22.81 22.81 22.81 22.81 2.00 2.00 0.67 0.00 23.48 24.14 0.00 0.00 0.00 0.00 0.00 0.00 0.00 0.00 0.00 0.00 0.00 0.00 0.00 0.00
27.47 5.32 0.67 0.00 0.00 0.00 0.00 0.00 129.06 129.06 22.81 22.81 22.81 151.87 129.06 129.06 129.06 0.67 0.00 0.00 0.00 0.00 0.67 2.00 1.33 0.00 0.00 0.00 24.81 26.14 2.00 2.66 109.67 105.01 123.17 123.17 124.50 125.16 24.81 26.80 1.33 0.00 2.00 22.81 0.67 0.67 1.33 3.33 2.66 2.66 0.67 0.00 2.66 3.33 2.00 23.48 0.00 0.00 0.00 0.00 24.14 1.33 0.00 0.67 0.67 1.33 24.14 24.14 2.00 1.33 0.00 0.00 0.00 0.00 0.00 0.00 0.00 0.00 0.00 0.00 0.00 0.00 0.00 0.00
30.79 5.32 0.00 0.00 0.00 0.00 0.00 0.00 0.00 129.06 129.06 151.87 129.06 129.06 151.87 129.06 129.06 129.72 0.67 0.00 0.00 0.00 0.00 2.00 2.66 0.67 0.00 0.00 24.14 24.14 1.33 0.67 2.66 2.00 27.47 29.46 103.02 0.67 24.81 1.33 23.48 25.47 26.14 23.48 1.33 2.00 2.00 2.66 2.00 26.14 23.48 23.48 5.99 5.32 3.99 25.47 24.14 23.48 0.00 0.00 23.48 1.33 0.00 0.00 22.81 24.14 1.33 1.33 1.33 0.00 0.00 0.00 0.00 0.00 0.00 0.00 0.00 0.00 0.00 0.00 0.00 0.00 0.00 0.00
26.80 4.66 0.00 0.00 0.00 0.00 0.00 0.00 0.00 129.06 129.06 129.06 129.06 129.06 151.87 129.06 129.72 130.39 0.67 0.00 0.00 0.00 0.00 0.00 24.81 2.66 0.00 0.00 0.67 23.48 1.33 3.33 7.32 30.79 30.13 5.32 2.66 1.33 2.00 2.00 0.67 0.67 23.48 0.67 28.80 32.79 27.47 24.14 26.14 26.80 0.67 0.67 24.81 25.47 27.47 27.47 1.33 1.33 0.67 0.00 1.33 22.81 24.14 23.48 22.81 0.00 0.00 0.00 0.00 0.00 0.00 0.00 0.00 0.00 0.00 0.00 0.00 0.00 0.00 0.00 0.00 0.00 0.00 0.00
2.66 1.33 0.00 0.00 0.00 0.00 0.00 0.00 0.00 0.00 129.06 129.06 129.06 129.06 151.87 129.72 129.72 131.05 0.67 0.00 0.00 0.00 0.00 0.00 23.48 1.33 0.67 0.67 0.67 1.33 22.81 25.47 32.12 31.46 30.13 24.14 2.00 3.99 2.00 0.67 0.67 0.00 23.48 1.33 33.45 38.11 30.79 0.67 2.66 25.47 0.67 0.00 2.00 22.81 23.48 22.81 22.81 22.81 23.48 0.67 2.00 22.81 23.48 0.00 0.00 0.00 0.00 0.00 0.00 0.00 0.00 0.00 0.00 0.00 0.00 0.00 0.00 0.00 0.00 0.00 0.00 0.00 0.00 0.00
6.65 4.66 0.00 0.00 0.00 0.00 0.67 2.00 0.67 0.67 129.06 129.06 129.72 129.72 152.53 131.05 133.71 3.33 0.00 0.00 0.00 0.67 0.67 1.33 24.14 0.00 1.33 0.67 0.00 0.67 2.00 26.80 5.99 5.32 2.66 1.33 0.00 0.67 1.33 0.00 0.00 0.00 0.00 27.47 26.80 5.32 28.13 0.00 22.81 23.48 22.81 0.00 2.66 1.33 24.14 1.33 1.33 0.67 24.81 26.14 24.81 0.00 0.00 0.00 0.00 0.00 0.00 0.00 0.00 0.00 0.00 0.00 0.00 0.00 0.00 0.00 0.00 0.00 0.00 0.00 0.00 0.00 0.00 0.00
5.32 5.99 2.66 0.67 0.67 129.06 129.72 134.38 133.71 133.05 133.05 133.05 132.38 130.39 133.05 158.52 137.70 3.99 0.00 0.00 0.00 0.67 0.67 1.33 24.81 23.48 1.33 24.14 22.81 0.00 0.67 26.80 2.00 0.00 0.00 0.67 0.67 0.00 0.67 1.33 0.67 0.00 1.33 1.33 23.48 23.48 22.81 22.81 0.00 24.14 28.13 24.14 23.48 23.48 22.81 2.66 1.33 23.48 24.81 2.66 2.66 0.67 0.00 0.00 0.00 0.00 0.00 0.00 0.00 0.00 0.00 0.00 0.00 0.00 0.00 0.00 0.00 0.00 0.00 0.00 0.00 0.00 0.00 0.00
5.99 4.66 1.33 1.33 153.86 131.05 158.52 160.51 158.52 159.85 30.13 29.46 30.13 28.80 30.13 37.44 13.97 5.32 0.00 0.00 0.00 0.00 0.00 0.00 0.67 23.48 25.47 2.66 23.48 22.81 22.81 24.81 24.81 2.66 0.00 0.67 2.66 0.67 0.00 1.33 0.67 1.33 24.81 23.48 23.48 0.67 0.00 22.81 25.47 29.46 30.79 27.47 1.33 0.00 0.00 24.14 24.14 22.81 0.00 0.67 0.67 0.67 0.00 0.00 0.00 0.67 0.00 0.00 0.00 0.00 0.00 0.00 0.00 0.00 0.00 0.00 0.00 0.00 0.00 0.00 0.00 0.00 0.00 0.00
32.79 4.66 1.33 1.33 157.85 32.79 11.31 7.98 3.33 3.99 3.33 2.66 5.99 6.65 9.98 14.63 34.78 6.65 2.00 0.00 0.00 0.00 1.33 2.66 2.66 1.33 0.67 26.14 25.47 26.80 25.47 24.81 26.14 4.66 1.33 0.67 3.33 2.66 0.00 0.00 1.33 1.33 24.14 22.81 0.00 0.00 0.00 0.00 26.80 5.32 1.33 24.14 1.33 0.00 22.81 22.81 0.00 0.67 0.67 0.00 0.00 0.00 0.00 0.00 0.67 0.67 0.00 0.00 0.00 0.00 0.00 0.00 0.00 0.00 0.00 0.00 0.00 0.00 0.00 0.00 0.00 0.00 0.00 0.00
5.99 28.80 29.46 28.80 30.13 6.65 7.98 3.99 0.00 0.67 1.33 0.67 0.67 2.66 5.99 7.32 28.80 3.99 2.00 0.00 0.00 0.00 0.67 1.33 1.33 0.00 0.67 0.67 3.33 6.65 26.80 1.33 3.33 3.33 0.67 0.00 1.33 2.00 24.81 2.00 23.48 22.81 0.00 0.00 0.00 0.00 0.00 0.00 0.00 24.81 2.00 1.33 24.14 23.48 27.47 7.32 4.66 0.00 0.00 0.00 0.00 0.00 0.00 1.33 24.14 23.48 0.00 0.00 0.00 0.00 0.00 0.00 0.00 0.00 0.00 0.00 0.00 0.00 0.00 0.00 0.00 0.00 0.00 0.00
4.66 28.13 29.46 33.45 32.12 28.80 29.46 3.33 0.67 0.00 0.00 0.00 0.00 0.00 1.33 4.66 27.47 2.00 0.67 0.67 0.00 0.00 0.00 0.00 0.00 0.00 0.00 0.00 0.67 2.66 24.81 2.00 2.00 0.67 0.67 0.67 0.67 24.14 26.14 26.80 2.00 0.00 0.00 0.00 0.00 2.66 2.66 0.00 0.00 23.48 24.81 23.48 0.00 5.99 38.77 38.77 33.45 0.67 0.00 0.00 0.00 0.00 24.14 27.47 27.47 3.33 0.00 0.00 0.00 0.00 0.00 0.00 0.00 0.00 0.00 0.00 0.00 0.00 0.00 0.00 0.00 0.00 0.00 0.00
28.80 6.65 5.99 5.99 30.13 3.99 3.99 26.80 24.81 0.67 0.67 0.00 1.33 0.00 0.00 1.33 26.14 2.66 0.67 0.00 0.00 0.00 0.00 0.00 0.00 0.00 0.00 0.00 0.00 1.33 22.81 1.33 1.33 0.67 0.67 1.33 2.00 24.14 3.33 28.80 3.99 1.33 0.00 0.00 0.00 1.33 24.14 0.00 0.00 24.14 25.47 1.33 0.00 2.66 7.98 10.64 33.45 28.80 22.81 22.81 22.81 23.48 26.14 28.13 28.80 4.66 0.00 0.00 0.00 0.00 0.00 0.00 0.00 0.00 0.00 0.00 0.00 0.00 0.00 0.00 0.00 0.00 0.00 0.00
34.12 10.64 4.66 2.00 1.33 23.48 1.33 2.66 7.98 30.79 28.80 3.33 4.66 2.66 0.67 2.66 28.13 2.00 0.67 1.33 1.33 0.00 0.00 0.00 0.00 0.00 0.00 0.00 0.00 0.00 23.48 2.66 2.00 0.00 0.00 0.67 2.00 24.81 2.00 4.66 27.47 1.33 0.00 0.00 0.00 0.00 22.81 22.81 22.81 25.47 26.80 26.14 27.47 2.00 5.99 5.32 2.00 2.00 0.67 0.00 0.67 3.33 27.47 26.14 2.66 1.33 2.00 0.00 0.00 0.00 0.00 0.00 0.00 0.00 0.00 0.00 0.00 0.00 0.00 0.00 0.00 0.00 0.00 0.00
