ASPA-UH-SWB2_REPO/output/post_prcessed_with_MFR/interception_annual.asc
NCOLS 350
NROWS 200
XLLCENTER 515000.000000
YLLCENTER 8409000.000000
CELLSIZE 100.000000
NODATA_value -999.000000
[rows 36 to 71 of 200, columns 162 to 242 of 350]
0.00 0.00 0.00 0.00 0.00 0.00 0.00 0.00 0.00 0.00 0.00 0.00 0.00 0.00 0.00 0.00 0.00 0.00 0.00 0.00 0.00 0.00 0.00 0.00 0.00 0.00 0.00 0.00 0.00 0.00 0.00 0.00 0.00 0.00 0.00 0.00 22.11 16.66 23.15 23.11 20.76 20.72 0.00 0.00 0.00 0.00 0.00 0.00 0.00 0.00 0.00 0.00 0.00 0.00 0.00 0.00 0.00 0.00 0.00 0.00 0.00 0.00 0.00 0.00 0.00 0.00 0.00 0.00 0.00 0.00 0.00 0.00 0.00 0.00 0.00 0.00 0.00 0.00 0.00 0.00 0.00
0.00 0.00 0.00 0.00 0.00 0.00 0.00 0.00 0.00 0.00 0.00 0.00 0.00 0.00 0.00 0.00 0.00 0.00 0.00 0.00 0.00 0.00 0.00 0.00 0.00 0.00 0.00 0.00 0.00 0.00 0.00 0.00 0.00 0.00 0.00 20.83 22.41 22.38 23.47 23.43 21.01 0.00 0.00 0.00 0.00 0.00 0.00 0.00 0.00 0.00 0.00 0.00 0.00 0.00 0.00 0.00 0.00 0.00 0.00 0.00 0.00 0.00 0.00 0.00 0.00 0.00 0.00 0.00 0.00 0.00 0.00 0.00 0.00 0.00 0.00 0.00 0.00 0.00 0.00 0.00 0.00
0.00 0.00 0.00 0.00 0.00 0.00 0.00 0.00 0.00 0.00 0.00 0.00 0.00 0.00 0.00 0.00 0.00 0.00 0.00 0.00 0.00 0.00 0.00 0.00 0.00 0.00 0.00 0.00 0.00 0.00 19.80 0.00 0.00 0.00 23.55 23.53 23.33 23.30 20.35 20.32 0.00 0.00 0.00 0.00 0.00 0.00 0.00 0.00 0.00 0.00 0.00 0.00 0.00 0.00 0.00 0.00 0.00 0.00 0.00 0.00 0.00 0.00 0.00 0.00 0.00 0.00 0.00 0.00 0.00 0.00 0.00 0.00 0.00 0.00 0.00 0.00 0.00 0.00 0.00 0.00 0.00
0.00 0.00 0.00 0.00 0.00 0.00 0.00 0.00 0.00 0.00 0.00 0.00 0.00 0.00 0.00 0.00 0.00 0.00 0.00 0.00 0.00 0.00 0.00 0.00 0.00 0.00 0.00 0.00 0.00 0.00 20.04 20.05 21.71 21.71 23.91 23.90 0.00 23.66 20.61 20.58 0.00 0.00 0.00 0.00 0.00 0.00 0.00 0.00 0.00 0.00 0.00 0.00 0.00 0.00 0.00 0.00 0.00 0.00 0.00 0.00 0.00 0.00 0.00 0.00 0.00 0.00 0.00 0.00 0.00 0.00 0.00 0.00 0.00 0.00 0.00 0.00 0.00 0.00 0.00 0.00 0.00
0.00 0.00 0.00 0.00 0.00 0.00 0.00 0.00 0.00 0.00 0.00 0.00 0.00 0.00 0.00 0.00 0.00 0.00 0.00 0.00 0.00 0.00 0.00 0.00 0.00 0.00 0.00 0.00 0.00 0.00 21.10 21.11 24.46 24.46 23.13 23.12 19.55 19.53 0.00 0.00 0.00 0.00 0.00 0.00 0.00 0.00 0.00 0.00 0.00 0.00 0.00 0.00 0.00 22.06 0.00 0.00 0.00 0.00 0.00 0.00 0.00 0.00 0.00 0.00 0.00 0.00 0.00 0.00 0.00 0.00 0.00 0.00 0.00 0.00 0.00 0.00 0.00 0.00 0.00 0.00 0.00
0.00 0.00 0.00 0.00 0.00 0.00 0.00 0.00 0.00 0.00 0.00 0.00 0.00 0.00 0.00 0.00 0.00 0.00 0.00 0.00 0.00 0.00 0.00 0.00 19.75 19.80 19.67 0.00 0.00 18.57 21.38 21.39 24.84 24.83 23.46 23.44 19.78 0.00 0.00 0.00 0.00 0.00 0.00 0.00 0.00 0.00 0.00 20.29 20.20 0.00 0.00 20.80 22.46 22.34 0.00 0.00 0.00 0.00 0.00 0.00 0.00 0.00 0.00 0.00 0.00 0.00 0.00 0.00 0.00 0.00 0.00 0.00 0.00 0.00 0.00 0.00 0.00 0.00 0.00 0.00 0.00
0.00 0.00 0.00 0.00 0.00 0.00 0.00 0.00 0.00 0.00 0.00 0.00 0.00 0.00 0.00 0.00 0.00 0.00 0.00 0.00 0.00 0.00 0.00 19.38 20.57 20.62 20.33 20.36 21.50 21.36 24.58 24.59 23.86 23.86 19.13 19.12 0.00 0.00 0.00 0.00 0.00 0.00 0.00 0.00 0.00 0.00 20.16 20.09 21.20 21.11 22.80 22.69 23.09 22.97 0.00 0.00 0.00 0.00 0.00 0.00 0.00 0.00 0.00 0.00 0.00 0.00 0.00 0.00 0.00 0.00 0.00 0.00 0.00 0.00 0.00 0.00 14.98 0.00 0.00 0.00 0.00
0.00 0.00 0.00 0.00 0.00 0.00 0.00 0.00 0.00 0.00 0.00 0.00 0.00 0.00 0.00 0.00 0.00 0.00 0.00 0.00 0.00 0.00 19.54 19.61 20.83 20.88 20.58 20.61 21.78 21.80 24.94 24.95 24.20 24.20 19.33 0.00 0.00 0.00 0.00 0.00 0.00 0.00 0.00 0.00 0.00 18.41 20.38 20.31 21.45 21.36 23.09 22.97 23.38 23.25 0.00 0.00 0.00 0.00 0.00 0.00 0.00 20.50 20.72 0.00 0.00 0.00 0.00 0.00 0.00 0.00 0.00 0.00 0.00 0.00 0.00 0.00 15.18 15.13 0.00 0.00 0.00
0.00 0.00 0.00 0.00 0.00 0.00 0.00 0.00 0.00 0.00 0.00 0.00 0.00 0.00 0.00 0.00 0.00 0.00 0.00 0.00 0.00 0.00 0.00 18.01 20.12 20.17 21.75 21.78 23.40 0.00 0.00 23.13 19.93 19.92 17.31 14.57 0.00 0.00 0.00 0.00 0.00 0.00 0.00 0.00 18.13 18.08 20.48 20.41 22.60 22.50 23.71 23.59 21.24 21.14 18.21 0.00 0.00 0.00 0.00 0.00 0.00 20.65 0.00 0.00 0.00 0.00 0.00 0.00 0.00 0.00 14.03 13.99 0.00 0.00 0.00 0.00 14.99 14.95 16.66 16.61 17.25
0.00 0.00 0.00 0.00 0.00 0.00 0.00 0.00 0.00 0.00 0.00 0.00 0.00 0.00 0.00 0.00 0.00 0.00 19.23 0.00 0.00 0.00 0.00 0.00 20.34 20.39 22.01 22.04 23.70 23.72 23.58 23.59 20.13 20.13 17.45 0.00 0.00 0.00 0.00 0.00 0.00 0.00 0.00 16.83 18.28 18.23 20.70 20.62 22.87 22.76 24.00 23.87 21.46 21.35 18.36 0.00 0.00 0.00 19.53 19.45 0.00 20.86 0.00 0.00 0.00 0.00 0.00 0.00 0.00 0.00 14.20 14.17 0.00 0.00 0.00 0.00 15.20 15.16 16.91 16.86 17.52
0.00 0.00 0.00 0.00 0.00 0.00 0.00 0.00 0.00 0.00 0.00 0.00 0.00 0.00 0.00 0.00 0.00 0.00 19.22 19.30 0.00 0.00 0.00 0.00 19.70 19.75 22.81 22.84 23.12 23.14 21.34 21.34 20.04 19.86 17.66 0.00 0.00 14.35 0.00 0.00 0.00 0.00 0.00 0.00 14.50 17.10 19.55 19.49 23.61 23.49 23.48 23.35 19.71 19.62 17.69 0.00 0.00 0.00 20.44 20.35 20.52 0.00 0.00 0.00 0.00 0.00 0.00 0.00 0.00 0.00 0.00 13.48 0.00 0.00 0.00 0.00 15.64 15.59 18.74 18.67 19.00
0.00 0.00 0.00 0.00 0.00 0.00 0.00 0.00 0.00 0.00 0.00 0.00 0.00 0.00 0.00 0.00 0.00 18.59 19.40 19.48 18.48 0.00 0.00 0.00 19.89 19.93 23.06 23.10 23.37 23.38 21.54 21.55 20.22 20.20 17.79 0.00 16.86 16.85 0.00 0.00 0.00 16.87 16.60 0.00 17.26 17.22 19.72 19.66 23.86 23.74 23.73 23.60 19.87 19.78 17.82 17.75 0.00 18.03 20.62 20.53 20.71 0.00 0.00 0.00 0.00 0.00 0.00 0.00 0.00 0.00 0.00 13.63 12.85 0.00 0.00 12.51 15.87 15.82 19.05 18.98 19.31
0.00 0.00 0.00 0.00 0.00 0.00 0.00 0.00 0.00 0.00 0.00 0.00 0.00 19.31 18.71 18.80 19.24 19.33 20.34 20.44 19.16 19.21 18.43 0.00 20.50 20.53 22.39 22.42 22.33 22.34 22.09 22.09 20.91 20.89 18.16 17.97 18.03 0.00 17.95 17.93 16.73 16.71 15.99 0.00 16.00 15.97 17.84 17.79 23.12 23.01 24.43 24.30 20.75 20.65 17.65 17.59 0.00 18.19 21.25 21.16 16.66 16.60 0.00 0.00 0.00 0.00 0.00 0.00 0.00 0.00 0.00 0.00 13.31 13.29 14.44 14.41 18.58 18.52 19.27 19.21 16.54
0.00 0.00 0.00 0.00 0.00 0.00 0.00 0.00 0.00 0.00 19.35 19.46 19.36 19.47 18.85 18.94 19.40 19.49 20.54 20.62 19.31 19.36 18.56 18.59 20.66 20.69 22.58 22.61 22.51 22.52 22.27 22.26 21.06 21.04 18.26 18.25 18.14 0.00 18.06 18.03 16.81 0.00 0.00 16.04 14.03 14.01 14.98 17.90 23.33 23.22 24.66 24.52 20.91 20.81 17.76 0.00 0.00 18.31 21.45 18.16 16.83 0.00 0.00 0.00 0.00 0.00 0.00 0.00 0.00 0.00 13.74 13.72 13.45 13.43 14.62 14.59 18.86 18.81 19.58 19.52 16.78
0.00 0.00 0.00 0.00 0.00 0.00 0.00 0.00 0.00 0.00 19.92 20.05 20.95 21.08 20.00 20.11 20.01 20.11 20.67 21.39 21.06 21.12 20.95 20.99 21.67 21.70 22.01 22.03 22.51 22.52 23.18 23.17 21.31 21.30 19.18 19.17 19.75 19.56 18.79 18.77 16.89 16.87 15.94 15.92 14.07 0.00 0.00 18.41 23.24 23.13 25.15 25.01 21.20 21.10 17.97 17.91 20.33 17.00 18.89 18.82 15.30 0.00 0.00 0.00 0.00 0.00 0.00 0.00 0.00 13.21 14.33 0.00 14.99 14.97 18.79 18.75 19.22 19.16 15.36 15.31 13.09
0.00 0.00 0.00 0.00 0.00 0.00 0.00 0.00 0.00 0.00 20.08 20.21 21.12 21.26 20.16 20.26 20.17 20.26 20.83 21.56 21.22 21.28 21.09 21.13 21.82 21.84 22.15 22.15 22.64 22.64 23.30 23.29 21.41 21.40 19.26 19.25 19.84 19.82 18.87 18.85 16.96 16.93 16.00 14.00 16.18 14.08 18.56 18.50 23.41 23.30 25.35 25.21 21.35 21.24 18.07 14.70 17.21 17.14 19.08 19.01 15.43 0.00 0.00 0.00 0.00 12.31 12.61 12.58 13.37 13.35 0.00 14.46 15.17 15.14 19.06 19.02 19.50 19.45 15.55 15.51 13.23
0.00 0.00 0.00 0.00 0.00 0.00 0.00 0.00 0.00 17.86 20.72 20.85 22.02 22.17 21.33 21.44 21.02 21.12 21.21 21.95 21.96 22.02 22.05 22.08 22.52 22.53 22.39 22.39 23.31 23.30 23.74 23.72 21.50 21.49 20.63 20.62 21.24 21.23 20.22 20.02 18.41 18.38 17.44 14.74 18.08 18.04 21.09 21.02 24.60 24.48 24.48 24.35 22.17 18.77 18.33 18.25 20.18 20.10 17.23 17.18 13.63 0.00 0.00 0.00 0.00 0.00 12.90 12.88 14.79 14.76 15.65 15.61 17.60 17.56 19.37 19.34 14.81 14.78 11.63 0.00 11.62
0.00 0.00 0.00 0.00 0.00 0.00 0.00 0.00 0.00 17.96 20.87 21.00 22.19 22.34 21.48 21.60 21.17 21.26 21.35 21.42 22.10 22.14 22.16 22.19 22.62 22.62 22.48 22.47 23.39 23.38 23.81 23.79 21.55 21.54 20.68 20.67 21.30 21.28 20.28 20.26 18.46 18.43 17.48 17.45 18.13 18.10 21.19 21.11 24.74 24.62 24.62 24.50 18.98 18.88 18.45 18.37 20.35 20.29 17.37 17.33 13.72 0.00 0.00 0.00 0.00 0.00 0.00 13.00 14.95 14.92 15.83 15.79 17.82 17.78 19.63 19.60 14.98 14.95 0.00 11.69 11.71
0.00 0.00 0.00 0.00 0.00 0.00 0.00 0.00 0.00 18.52 21.68 21.83 22.72 22.87 22.27 22.40 21.45 21.54 21.17 21.23 22.45 22.48 22.78 22.79 23.22 23.22 23.09 23.08 24.40 24.38 24.66 24.63 22.89 22.87 23.00 22.98 22.97 22.96 21.98 21.96 21.33 21.12 20.59 20.55 21.30 21.25 23.70 19.97 22.00 21.90 21.31 21.48 20.85 20.74 21.38 21.30 19.15 19.11 14.12 14.10 0.00 0.00 0.00 0.00 0.00 0.00 0.00 12.49 15.41 15.38 17.75 17.71 18.98 18.94 16.56 16.54 11.66 11.64 0.00 0.00 11.18
0.00 0.00 0.00 0.00 0.00 0.00 0.00 0.00 18.52 18.62 21.83 21.98 22.87 23.02 22.41 22.54 21.57 21.65 21.27 21.32 22.55 22.57 22.86 22.86 23.29 23.29 23.16 23.15 24.47 24.45 24.71 24.68 22.93 22.90 23.02 23.00 22.98 22.97 21.99 21.98 21.36 21.33 16.88 16.85 17.64 17.59 20.11 20.04 22.09 21.99 21.40 21.58 20.95 20.85 21.50 21.43 19.27 19.24 14.19 14.17 12.47 0.00 0.00 0.00 0.00 0.00 12.61 12.59 15.57 15.54 17.95 17.91 19.21 19.17 16.74 16.72 11.75 0.00 0.00 0.00 0.00
0.00 0.00 16.85 0.00 0.00 0.00 0.00 0.00 20.53 20.66 23.18 23.34 23.48 23.64 23.28 23.41 22.19 22.27 22.01 22.06 22.89 23.61 24.01 24.02 24.42 24.42 25.23 25.21 27.05 27.01 26.82 26.77 25.74 25.70 25.30 25.26 24.96 24.95 24.63 24.62 24.24 20.33 19.77 19.73 20.65 20.60 22.86 22.78 23.09 22.99 21.75 21.93 22.07 21.96 20.73 20.67 16.65 16.63 12.82 12.81 12.29 0.00 0.00 0.00 11.53 11.51 12.85 12.84 15.33 15.31 18.50 18.45 18.22 18.18 13.69 13.67 10.46 0.00 8.80 8.79 0.00
17.99 18.10 16.92 0.00 0.00 0.00 0.00 17.40 20.64 20.78 23.31 23.47 23.61 23.76 23.40 23.51 22.27 22.34 22.07 22.11 22.94 23.67 24.07 24.08 24.49 24.48 25.28 25.25 27.09 27.04 26.84 26.78 25.74 25.69 25.28 25.24 24.93 24.91 24.59 24.58 24.22 20.32 19.77 19.74 20.66 20.61 22.89 22.82 23.13 23.04 21.81 21.72 22.15 22.05 20.81 20.76 16.72 16.71 12.86 12.85 12.33 0.00 0.00 0.00 0.00 11.57 12.94 12.92 15.46 15.44 18.68 18.63 18.40 18.36 13.79 13.78 0.00 0.00 8.83 10.14 0.00
18.78 18.90 18.28 18.38 18.89 19.00 22.38 22.55 24.93 25.12 25.53 25.72 25.17 25.33 24.89 25.01 24.36 24.43 24.79 24.82 25.29 26.01 26.45 26.47 27.31 27.29 28.44 28.39 26.41 26.36 23.56 23.52 22.35 22.30 22.48 22.44 22.64 22.62 23.47 23.47 24.37 20.48 21.69 21.66 23.07 23.02 21.86 21.81 19.07 19.02 17.81 17.76 19.25 19.18 18.71 18.68 17.20 17.19 14.57 14.56 14.01 14.01 13.78 0.00 0.00 11.52 12.31 12.29 14.44 14.42 17.83 17.79 18.09 18.05 14.38 14.36 11.59 11.57 11.14 11.12 12.37
18.89 19.00 18.37 18.47 15.58 19.09 22.51 22.68 25.08 25.26 25.68 25.85 25.28 25.43 24.97 25.07 24.41 24.47 24.81 24.84 25.30 25.31 26.46 26.48 27.31 27.28 28.43 28.37 26.38 26.31 23.52 23.47 22.30 22.26 22.43 22.38 22.57 22.55 23.39 23.39 24.29 20.42 21.63 21.61 23.02 22.99 21.84 21.79 19.07 19.02 17.83 17.78 18.99 19.22 18.76 18.72 17.24 17.24 14.60 14.60 14.05 14.05 13.82 11.74 11.57 11.57 12.36 12.35 14.53 14.51 17.97 17.93 18.23 18.20 14.47 14.45 11.65 11.63 11.19 11.17 12.43
20.31 20.44 22.82 22.99 25.71 25.92 27.13 27.36 25.92 26.12 25.06 25.21 24.54 24.67 24.11 24.20 24.71 24.76 25.13 25.14 25.44 25.45 26.40 26.41 25.69 25.66 23.05 23.00 19.33 19.29 17.43 17.40 16.96 16.94 17.75 17.73 18.15 18.13 19.25 19.25 21.12 17.23 19.97 19.96 19.79 19.76 15.63 15.61 13.28 13.26 13.46 13.44 14.38 14.65 15.71 15.69 17.63 17.62 17.94 17.95 15.96 15.96 14.24 12.16 0.00 11.60 13.00 12.99 15.23 15.20 17.26 17.23 17.37 17.34 16.01 15.99 14.52 14.49 13.60 13.56 15.47
20.42 20.55 22.96 23.12 25.87 26.07 27.29 27.51 26.05 26.23 25.16 25.30 24.61 24.72 24.16 24.23 24.74 24.78 25.12 25.12 25.41 25.41 25.65 26.35 25.63 25.60 22.99 22.94 19.28 19.24 17.39 17.35 16.92 0.00 17.70 17.67 18.09 18.07 19.18 19.18 17.14 17.15 19.88 19.88 19.71 19.70 15.60 15.59 13.26 13.25 13.45 13.44 14.39 14.66 15.73 15.71 17.65 17.65 17.98 17.98 16.00 16.00 14.27 0.00 0.00 11.63 13.05 13.04 15.29 15.27 17.35 17.32 17.47 17.44 16.10 16.08 14.59 14.55 13.66 13.61 15.54
21.08 24.64 27.48 27.70 25.38 25.57 21.97 22.10 20.90 21.01 20.91 21.00 20.50 20.57 20.50 20.54 21.12 21.13 21.88 21.87 21.87 21.86 21.41 22.12 21.19 21.17 18.83 18.80 17.01 16.98 16.34 16.32 0.00 0.00 0.00 16.44 16.77 16.75 17.63 17.63 15.56 15.57 17.07 17.07 16.23 16.23 13.67 13.67 11.90 11.90 11.44 11.43 0.00 0.00 12.85 12.84 14.82 14.82 18.10 18.11 18.27 18.28 13.85 13.85 0.00 0.00 13.65 13.64 14.89 14.88 15.90 15.88 17.17 17.14 17.74 17.70 16.94 16.89 17.24 17.16 19.05
21.23 21.42 27.65 27.87 25.52 25.70 22.06 22.19 20.97 21.07 20.96 21.05 20.54 20.60 20.52 20.56 21.13 21.14 21.87 21.85 21.84 21.83 21.37 22.06 21.13 21.10 18.77 18.73 16.97 0.00 0.00 0.00 0.00 0.00 0.00 0.00 0.00 0.00 17.56 17.56 15.47 15.49 16.97 16.98 16.16 16.16 13.63 0.00 0.00 0.00 0.00 0.00 0.00 0.00 0.00 0.00 14.83 0.00 18.11 18.12 18.28 18.29 13.87 13.87 12.86 0.00 13.68 13.67 14.93 14.92 15.95 15.93 17.23 17.21 17.81 17.77 17.00 16.94 17.28 17.20 19.10
23.87 24.09 24.26 24.42 19.31 19.41 18.06 0.00 18.26 18.32 18.44 0.00 0.00 0.00 18.69 18.71 19.50 19.50 19.95 19.92 19.80 19.78 19.15 19.12 19.27 19.23 18.33 0.00 0.00 0.00 0.00 0.00 0.00 0.00 0.00 0.00 0.00 0.00 0.00 0.00 0.00 14.82 15.25 15.26 14.52 0.00 13.07 13.08 11.97 0.00 0.00 0.00 0.00 0.00 0.00 12.35 13.86 0.00 13.30 17.16 19.81 0.00 16.73 16.74 13.84 13.84 0.00 13.22 13.86 13.85 15.17 15.15 17.06 17.03 18.93 18.88 19.48 19.40 19.31 19.21 18.21
24.05 24.25 21.00 24.53 19.37 19.46 0.00 0.00 18.30 0.00 0.00 0.00 0.00 0.00 18.72 18.74 19.52 19.51 19.95 19.92 0.00 0.00 19.11 19.08 0.00 0.00 0.00 0.00 0.00 0.00 0.00 0.00 0.00 0.00 0.00 0.00 0.00 0.00 0.00 0.00 0.00 0.00 15.16 12.34 0.00 14.46 0.00 0.00 0.00 0.00 0.00 0.00 0.00 0.00 0.00 12.35 13.86 13.86 17.15 17.16 0.00 0.00 0.00 16.74 13.84 13.85 13.23 13.23 13.88 13.87 15.19 15.18 17.09 17.06 18.96 18.91 19.50 19.42 19.32 19.21 18.21
22.62 22.81 16.80 0.00 0.00 0.00 0.00 0.00 0.00 0.00 0.00 0.00 0.00 0.00 0.00 0.00 0.00 0.00 0.00 0.00 0.00 0.00 0.00 0.00 0.00 0.00 0.00 0.00 0.00 0.00 0.00 0.00 0.00 0.00 0.00 0.00 0.00 0.00 0.00 0.00 0.00 0.00 0.00 0.00 0.00 0.00 0.00 0.00 0.00 0.00 0.00 0.00 0.00 11.89 12.71 13.01 15.17 15.17 18.80 18.82 0.00 0.00 0.00 18.82 15.76 15.77 15.64 15.64 15.39 15.38 16.49 16.47 17.96 17.92 19.55 19.49 19.72 19.62 17.78 17.68 16.23
22.79 22.97 16.89 16.98 0.00 0.00 0.00 0.00 0.00 0.00 0.00 0.00 0.00 0.00 0.00 0.00 0.00 0.00 0.00 0.00 0.00 0.00 0.00 0.00 0.00 0.00 0.00 0.00 0.00 0.00 0.00 0.00 0.00 0.00 0.00 0.00 0.00 0.00 0.00 0.00 0.00 0.00 0.00 0.00 0.00 0.00 0.00 0.00 0.00 0.00 0.00 0.00 11.86 11.87 12.69 12.70 15.15 15.16 18.78 0.00 0.00 0.00 0.00 18.82 15.76 15.77 15.65 15.65 15.39 15.38 16.49 16.47 17.96 17.91 19.53 19.46 19.68 19.58 17.74 17.62 16.18
20.76 20.91 14.40 14.47 0.00 0.00 0.00 0.00 0.00 0.00 0.00 0.00 0.00 0.00 0.00 0.00 0.00 0.00 0.00 0.00 0.00 0.00 0.00 0.00 0.00 0.00 0.00 0.00 0.00 0.00 0.00 0.00 0.00 0.00 0.00 0.00 0.00 0.00 0.00 0.00 0.00 0.00 0.00 0.00 0.00 0.00 0.00 0.00 0.00 0.00 0.00 12.71 13.80 13.82 15.27 15.30 18.24 18.26 21.74 0.00 0.00 0.00 0.00 0.00 0.00 0.00 0.00 17.05 16.14 16.14 17.48 17.46 18.16 18.11 19.18 19.10 19.05 18.95 17.63 17.51 16.63
20.94 21.09 14.48 14.55 0.00 0.00 0.00 0.00 0.00 0.00 0.00 0.00 0.00 0.00 0.00 0.00 0.00 0.00 0.00 0.00 0.00 0.00 0.00 0.00 0.00 0.00 0.00 0.00 0.00 0.00 0.00 0.00 0.00 0.00 0.00 0.00 0.00 0.00 0.00 0.00 0.00 0.00 0.00 0.00 0.00 0.00 0.00 0.00 0.00 0.00 0.00 12.67 13.76 13.78 15.22 15.25 0.00 0.00 0.00 0.00 0.00 0.00 0.00 0.00 0.00 0.00 0.00 17.02 16.11 16.11 17.44 17.41 18.11 18.06 19.11 19.03 18.96 18.85 17.54 17.42 16.54
17.99 18.10 12.90 12.95 0.00 0.00 0.00 0.00 0.00 0.00 0.00 0.00 0.00 0.00 0.00 0.00 0.00 0.00 0.00 0.00 0.00 0.00 0.00 0.00 0.00 0.00 0.00 0.00 0.00 0.00 0.00 0.00 0.00 0.00 0.00 0.00 0.00 0.00 0.00 0.00 0.00 0.00 0.00 0.00 0.00 0.00 0.00 0.00 0.00 0.00 14.04 14.07 15.22 15.26 17.49 17.54 21.84 22.17 0.00 0.00 0.00 0.00 0.00 0.00 0.00 17.09 16.25 16.25 16.75 16.74 17.66 17.62 18.03 17.97 18.85 18.76 18.14 18.03 18.13 18.00 17.87
18.14 18.25 12.96 0.00 0.00 0.00 0.00 0.00 0.00 17.53 18.52 0.00 0.00 0.00 0.00 0.00 0.00 0.00 0.00 0.00 0.00 0.00 0.00 0.00 0.00 0.00 0.00 0.00 0.00 0.00 0.00 0.00 0.00 0.00 0.00 0.00 0.00 0.00 0.00 0.00 0.00 0.00 0.00 0.00 0.00 0.00 0.00 0.00 0.00 0.00 13.97 14.00 0.00 0.00 17.40 17.45 21.71 21.78 23.06 23.12 20.89 0.00 0.00 0.00 0.00 0.00 16.19 16.19 16.68 16.66 17.57 17.53 17.93 17.87 18.73 18.64 18.01 17.90 17.99 17.85 17.73
