ASPA-UH-SWB2_REPO/output/post_prcessed_with_MFR/interception_annual.asc
NCOLS 350
NROWS 200
XLLCENTER 515000.000000
YLLCENTER 8409000.000000
CELLSIZE 100.000000
NODATA_value -999.000000
[rows 72 to 107 of 200, columns 81 to 161 of 350]
0.00 0.00 0.00 0.00 0.00 0.00 0.00 0.00 0.00 0.00 0.00 0.00 0.00 0.00 0.00 0.00 0.00 0.00 0.00 0.00 0.00 0.00 0.00 0.00 0.00 0.00 0.00 0.00 0.00 0.00 0.00 0.00 0.00 0.00 0.00 0.00 0.00 0.00 0.00 0.00 0.00 0.00 0.00 0.00 0.00 0.00 0.00 0.00 0.00 0.00 0.00 0.00 0.00 0.00 0.00 0.00 0.00 0.00 0.00 0.00 0.00 0.00 0.00 0.00 0.00 0.00 0.00 0.00 14.51 15.17 15.28 16.21 16.32 17.47 17.60 20.79 20.96 23.74 23.95 20.20 20.35
0.00 0.00 0.00 0.00 0.00 0.00 0.00 0.00 0.00 0.00 0.00 0.00 0.00 0.00 0.00 0.00 0.00 0.00 0.00 0.00 0.00 0.00 0.00 0.00 0.00 0.00 0.00 0.00 0.00 0.00 0.00 0.00 0.00 0.00 0.00 0.00 0.00 0.00 0.00 0.00 0.00 0.00 0.00 0.00 0.00 0.00 0.00 0.00 0.00 0.00 0.00 0.00 0.00 0.00 0.00 0.00 0.00 0.00 0.00 0.00 0.00 0.00 0.00 0.00 0.00 0.00 0.00 0.00 14.61 15.29 15.40 16.34 16.45 17.63 17.75 21.00 21.17 24.00 24.22 20.40 20.54
0.00 0.00 0.00 0.00 0.00 0.00 0.00 0.00 0.00 0.00 0.00 0.00 0.00 0.00 0.00 0.00 0.00 0.00 0.00 0.00 0.00 0.00 0.00 0.00 0.00 0.00 0.00 0.00 0.00 0.00 0.00 0.00 0.00 0.00 0.00 0.00 0.00 0.00 0.00 0.00 0.00 0.00 0.00 0.00 0.00 0.00 0.00 0.00 0.00 0.00 0.00 0.00 0.00 0.00 0.00 0.00 0.00 0.00 0.00 0.00 0.00 0.00 0.00 0.00 0.00 0.00 0.00 0.00 14.54 16.31 16.43 17.69 17.81 20.19 20.34 22.64 22.84 20.45 20.60 15.20 15.27
0.00 0.00 0.00 0.00 0.00 0.00 0.00 0.00 0.00 0.00 0.00 0.00 0.00 0.00 0.00 0.00 0.00 0.00 0.00 0.00 0.00 0.00 0.00 0.00 0.00 0.00 0.00 0.00 0.00 0.00 0.00 0.00 0.00 0.00 0.00 0.00 0.00 0.00 0.00 0.00 0.00 0.00 0.00 0.00 0.00 0.00 0.00 0.00 0.00 0.00 0.00 0.00 0.00 0.00 0.00 0.00 0.00 0.00 0.00 0.00 0.00 0.00 0.00 0.00 0.00 0.00 0.00 0.00 14.65 16.45 16.58 17.86 17.98 20.40 20.56 22.89 23.09 20.65 20.80 15.30 15.37
0.00 0.00 0.00 0.00 0.00 0.00 0.00 0.00 0.00 0.00 0.00 0.00 0.00 0.00 0.00 0.00 0.00 0.00 0.00 0.00 0.00 0.00 0.00 0.00 0.00 0.00 0.00 0.00 0.00 0.00 0.00 0.00 0.00 0.00 0.00 0.00 0.00 0.00 0.00 0.00 0.00 0.00 0.00 0.00 0.00 0.00 0.00 0.00 0.00 0.00 0.00 0.00 0.00 0.00 0.00 0.00 0.00 0.00 0.00 0.00 0.00 0.00 0.00 0.00 0.00 0.00 0.00 0.00 15.50 17.44 17.57 19.27 19.41 20.80 20.96 20.43 20.59 17.77 17.88 14.23 14.29
0.00 0.00 0.00 0.00 0.00 0.00 0.00 0.00 0.00 0.00 0.00 0.00 0.00 0.00 0.00 0.00 0.00 0.00 0.00 0.00 0.00 0.00 0.00 0.00 0.00 0.00 0.00 0.00 0.00 0.00 0.00 0.00 0.00 0.00 0.00 0.00 0.00 0.00 0.00 0.00 0.00 0.00 0.00 0.00 0.00 0.00 0.00 0.00 0.00 0.00 0.00 0.00 0.00 0.00 0.00 0.00 0.00 0.00 0.00 0.00 0.00 0.00 0.00 0.00 0.00 0.00 0.00 15.52 15.63 17.61 17.74 19.47 19.62 21.03 21.19 20.64 20.80 17.92 18.02 14.31 14.36
0.00 0.00 0.00 0.00 0.00 0.00 0.00 0.00 0.00 0.00 0.00 0.00 0.00 0.00 0.00 0.00 0.00 0.00 0.00 0.00 0.00 0.00 0.00 0.00 0.00 0.00 0.00 0.00 0.00 0.00 0.00 0.00 0.00 0.00 0.00 0.00 0.00 0.00 0.00 0.00 0.00 0.00 0.00 0.00 0.00 0.00 0.00 0.00 0.00 0.00 0.00 0.00 0.00 0.00 0.00 0.00 0.00 0.00 0.00 0.00 0.00 0.00 0.00 0.00 0.00 0.00 0.00 16.19 16.31 16.75 16.87 17.38 17.50 18.06 18.17 18.33 18.45 17.95 18.05 14.55 14.60
0.00 0.00 0.00 0.00 0.00 0.00 0.00 0.00 0.00 0.00 0.00 0.00 0.00 0.00 0.00 0.00 0.00 0.00 0.00 0.00 0.00 0.00 0.00 0.00 0.00 0.00 0.00 0.00 0.00 0.00 0.00 0.00 0.00 0.00 0.00 0.00 0.00 0.00 0.00 0.00 0.00 0.00 0.00 0.00 0.00 0.00 0.00 0.00 0.00 0.00 0.00 0.00 0.00 0.00 0.00 0.00 0.00 0.00 16.78 0.00 0.00 0.00 0.00 0.00 0.00 0.00 0.00 16.34 16.46 16.91 17.04 17.54 17.66 18.23 18.34 18.49 18.60 18.09 18.18 14.63 0.00
0.00 0.00 0.00 0.00 0.00 0.00 0.00 0.00 0.00 0.00 0.00 0.00 0.00 0.00 0.00 0.00 0.00 0.00 0.00 0.00 0.00 0.00 0.00 0.00 0.00 0.00 0.00 0.00 0.00 0.00 0.00 0.00 0.00 0.00 0.00 0.00 0.00 0.00 0.00 0.00 0.00 0.00 0.00 0.00 0.00 0.00 0.00 0.00 0.00 0.00 0.00 0.00 0.00 0.00 0.00 0.00 0.00 16.38 16.49 17.16 0.00 0.00 0.00 0.00 0.00 0.00 0.00 0.00 0.00 14.16 14.24 14.57 14.64 15.23 15.31 16.82 16.90 18.16 18.25 15.63 0.00
0.00 0.00 0.00 0.00 0.00 0.00 0.00 0.00 0.00 0.00 0.00 0.00 0.00 0.00 0.00 0.00 0.00 0.00 0.00 0.00 0.00 0.00 0.00 0.00 0.00 0.00 0.00 0.00 0.00 0.00 0.00 0.00 0.00 0.00 0.00 0.00 0.00 0.00 0.00 0.00 0.00 0.00 0.00 0.00 0.00 0.00 0.00 0.00 0.00 0.00 0.00 0.00 0.00 0.00 0.00 0.00 0.00 16.55 16.66 17.34 17.47 0.00 0.00 0.00 0.00 0.00 0.00 0.00 0.00 0.00 14.34 14.67 14.74 15.35 15.41 16.95 17.03 18.30 18.37 0.00 0.00
0.00 0.00 0.00 0.00 0.00 0.00 0.00 0.00 0.00 0.00 0.00 0.00 0.00 0.00 0.00 0.00 0.00 0.00 0.00 0.00 0.00 0.00 0.00 0.00 0.00 0.00 0.00 0.00 0.00 0.00 0.00 0.00 0.00 0.00 0.00 0.00 0.00 0.00 0.00 0.00 0.00 0.00 0.00 0.00 0.00 0.00 0.00 0.00 0.00 0.00 0.00 0.00 0.00 0.00 0.00 15.25 15.34 18.01 18.14 19.17 19.32 0.00 17.73 15.40 0.00 0.00 0.00 0.00 0.00 0.00 0.00 0.00 0.00 12.84 12.88 15.01 15.06 18.15 18.22 17.19 0.00
0.00 0.00 0.00 0.00 0.00 0.00 0.00 0.00 0.00 0.00 0.00 0.00 0.00 0.00 0.00 0.00 0.00 0.00 0.00 0.00 0.00 0.00 0.00 0.00 0.00 0.00 0.00 0.00 0.00 0.00 0.00 0.00 0.00 0.00 0.00 0.00 0.00 0.00 0.00 0.00 0.00 0.00 0.00 0.00 0.00 0.00 0.00 0.00 0.00 0.00 0.00 0.00 0.00 14.11 14.18 15.40 15.48 18.22 18.35 19.40 19.55 17.79 17.92 15.54 0.00 0.00 0.00 0.00 0.00 0.00 0.00 0.00 0.00 0.00 12.94 15.10 15.15 18.27 18.33 17.29 17.33
0.00 0.00 0.00 0.00 0.00 0.00 0.00 0.00 0.00 0.00 0.00 0.00 0.00 0.00 0.00 0.00 0.00 0.00 0.00 0.00 0.00 0.00 0.00 0.00 0.00 0.00 0.00 0.00 0.00 0.00 0.00 0.00 0.00 0.00 0.00 0.00 0.00 0.00 0.00 0.00 0.00 0.00 0.00 0.00 0.00 0.00 0.00 0.00 0.00 0.00 0.00 0.00 14.19 14.93 15.01 17.18 17.29 20.50 20.65 19.70 19.86 16.45 16.56 13.82 13.89 0.00 0.00 0.00 0.00 0.00 12.54 0.00 0.00 0.00 12.20 13.75 13.78 17.57 17.62 18.86 18.91
0.00 0.00 0.00 0.00 0.00 0.00 0.00 0.00 0.00 0.00 0.00 0.00 0.00 0.00 0.00 0.00 0.00 0.00 0.00 0.00 0.00 0.00 0.00 0.00 0.00 0.00 0.00 0.00 0.00 0.00 0.00 0.00 0.00 0.00 0.00 0.00 0.00 0.00 0.00 0.00 0.00 0.00 0.00 0.00 0.00 0.00 0.00 0.00 0.00 0.00 0.00 14.25 14.31 15.07 15.15 17.37 17.47 20.75 20.91 19.93 20.09 16.61 16.71 11.49 0.00 0.00 0.00 0.00 0.00 12.56 12.60 0.00 0.00 0.00 0.00 0.00 13.84 17.67 17.72 18.97 19.00
0.00 20.76 20.78 0.00 0.00 0.00 0.00 0.00 0.00 0.00 0.00 0.00 0.00 0.00 0.00 0.00 0.00 0.00 0.00 0.00 0.00 0.00 0.00 0.00 19.95 19.72 19.72 0.00 0.00 0.00 0.00 0.00 0.00 0.00 0.00 0.00 0.00 0.00 0.00 0.00 0.00 0.00 0.00 0.00 0.00 0.00 0.00 0.00 0.00 0.00 13.55 14.83 14.90 16.87 16.96 20.38 20.52 21.02 21.17 16.62 16.73 13.82 13.89 12.25 10.67 0.00 0.00 0.00 0.00 12.51 12.55 13.31 0.00 0.00 13.01 0.00 13.41 16.37 16.41 20.02 20.05
0.00 21.01 21.03 21.56 0.00 0.00 0.00 0.00 0.00 0.00 0.00 0.00 0.00 0.00 0.00 0.00 0.00 0.00 0.00 0.00 18.94 0.00 0.00 0.00 20.17 19.94 19.93 0.00 0.00 0.00 0.00 0.00 0.00 0.00 0.00 0.00 0.00 0.00 0.00 0.00 0.00 0.00 0.00 0.00 0.00 0.00 0.00 0.00 0.00 0.00 0.00 17.11 15.03 17.04 17.14 20.63 20.77 21.27 21.43 16.78 16.89 13.92 13.98 12.32 0.00 0.00 0.00 0.00 0.00 0.00 0.00 13.37 13.41 0.00 0.00 13.43 13.45 16.44 16.47 20.12 20.14
19.85 22.19 22.21 19.39 0.00 0.00 0.00 0.00 0.00 0.00 0.00 0.00 0.00 0.00 0.00 0.00 0.00 0.00 17.83 19.49 19.49 20.49 20.49 20.26 20.25 18.25 0.00 0.00 0.00 0.00 0.00 0.00 0.00 0.00 0.00 0.00 0.00 0.00 0.00 0.00 0.00 0.00 0.00 0.00 0.00 0.00 0.00 0.00 0.00 0.00 0.00 17.36 17.43 18.74 18.85 21.38 21.53 18.41 18.52 13.88 13.95 12.28 0.00 11.36 0.00 0.00 0.00 0.00 11.84 12.62 12.65 14.18 14.23 15.12 15.16 15.05 15.08 17.50 17.53 21.77 21.79
20.08 22.49 22.50 19.61 0.00 0.00 0.00 0.00 0.00 0.00 0.00 0.00 0.00 0.00 0.00 0.00 0.00 18.00 18.00 19.69 19.70 20.72 20.71 20.47 20.47 18.43 0.00 0.00 0.00 0.00 0.00 0.00 0.00 0.00 0.00 0.00 0.00 0.00 0.00 0.00 0.00 0.00 0.00 0.00 0.00 0.00 0.00 15.59 0.00 0.00 16.15 17.51 17.57 21.08 21.20 21.63 21.77 18.59 18.70 13.97 14.04 12.33 12.38 11.40 0.00 0.00 0.00 0.00 11.87 12.66 12.69 14.24 14.28 15.18 15.22 15.10 15.13 17.56 17.58 21.85 21.86
21.18 21.20 21.21 17.17 0.00 0.00 0.00 0.00 0.00 0.00 0.00 16.75 0.00 0.00 16.31 16.77 16.77 18.34 18.34 20.11 20.11 20.45 20.44 18.82 18.81 17.14 17.14 0.00 0.00 17.40 17.39 18.26 18.26 0.00 0.00 0.00 0.00 0.00 0.00 0.00 16.77 17.08 0.00 16.77 16.81 16.22 16.26 15.78 15.83 15.57 15.62 16.81 16.87 19.89 19.99 22.30 20.26 17.73 17.83 13.90 13.96 11.85 11.88 0.00 0.00 0.00 0.00 0.00 11.64 13.34 13.38 16.09 16.14 19.83 19.89 21.43 21.48 22.93 22.96 23.21 23.22
21.45 21.47 21.48 17.33 17.34 0.00 0.00 0.00 15.94 16.96 16.97 16.89 0.00 16.44 16.44 16.91 16.91 18.51 18.51 20.33 20.32 20.67 20.66 19.00 18.99 17.29 17.28 16.65 16.65 17.54 17.54 18.43 18.43 17.25 0.00 0.00 0.00 0.00 0.00 16.92 20.08 17.21 17.25 16.90 16.94 16.33 16.38 15.89 15.93 15.67 15.72 16.94 17.00 20.07 20.16 22.50 22.62 20.06 17.97 13.98 14.04 11.89 11.92 10.92 0.00 10.87 10.89 0.00 11.67 13.38 13.41 16.14 16.19 19.90 19.95 21.50 21.54 22.99 23.01 23.26 23.26
21.94 19.52 19.52 15.56 15.56 0.00 0.00 0.00 15.69 17.58 17.59 17.13 17.14 16.70 16.71 17.31 17.31 18.82 18.81 20.48 20.47 20.46 20.45 18.57 18.56 17.50 17.49 16.68 16.67 17.76 17.76 18.41 18.41 16.55 0.00 0.00 0.00 15.74 15.76 17.11 20.29 18.00 18.04 17.82 17.87 17.11 17.16 16.64 16.69 16.45 16.50 16.99 17.05 18.91 18.98 21.27 21.37 21.38 21.48 14.95 15.02 12.12 12.16 11.33 0.00 11.01 11.03 0.00 11.81 15.71 15.76 21.49 21.57 24.86 24.93 24.26 24.30 23.24 23.25 20.04 20.04
22.22 19.73 19.74 15.67 15.68 0.00 0.00 15.80 15.80 17.74 17.75 17.28 17.28 16.84 16.84 17.46 17.46 19.00 18.99 20.69 20.69 20.67 20.66 18.74 18.73 17.64 17.63 16.80 16.80 17.91 17.90 18.57 18.57 16.67 0.00 0.00 0.00 15.84 15.86 20.40 20.43 21.35 18.19 17.97 18.02 17.24 17.28 16.74 16.79 16.55 16.59 17.09 17.14 19.02 19.09 21.41 21.51 21.51 21.61 17.23 17.29 12.16 12.19 11.35 11.37 0.00 11.05 11.80 11.82 15.75 15.80 21.55 21.62 24.92 24.98 24.30 24.33 23.26 23.26 20.05 20.04
20.93 16.51 16.51 14.13 12.38 14.15 14.16 16.02 16.03 18.00 18.01 17.72 17.72 17.11 17.11 17.62 17.62 19.12 19.12 20.69 20.68 20.70 20.69 19.49 19.48 18.38 18.37 16.92 16.91 17.36 17.36 18.57 18.57 17.49 0.00 0.00 16.20 16.50 16.51 20.49 20.52 21.85 18.69 19.29 19.34 18.72 18.78 17.92 17.97 18.75 18.81 20.64 20.71 22.15 22.24 22.54 22.64 21.98 22.08 19.28 19.36 16.82 14.66 13.36 13.40 12.81 12.84 15.21 15.26 20.86 20.94 25.02 25.10 23.45 23.49 20.61 20.63 18.87 18.87 17.18 17.17
21.17 16.64 16.64 14.20 14.21 14.23 14.23 16.14 16.14 18.16 18.16 17.87 17.87 17.24 17.24 17.76 17.75 19.29 19.29 20.89 20.88 20.89 20.88 19.67 19.66 18.53 18.52 17.04 17.03 17.49 17.48 18.72 18.72 17.62 17.63 16.29 16.30 16.60 16.62 20.63 20.66 22.01 18.83 19.44 19.49 18.85 18.90 18.03 18.07 18.86 18.91 20.76 20.83 22.28 22.37 22.67 22.76 22.09 22.18 19.35 19.42 16.86 16.91 13.39 13.42 12.82 12.86 15.23 15.27 20.89 20.96 25.03 25.11 23.45 23.49 20.60 20.61 18.85 18.84 17.15 17.14
17.73 14.74 14.74 14.04 14.04 14.73 14.73 16.83 16.83 18.68 18.68 18.21 18.21 17.57 17.57 18.22 18.21 19.32 19.31 20.81 20.80 21.68 21.66 21.08 21.07 19.06 19.04 16.63 16.62 17.37 17.37 19.46 19.46 18.98 18.98 16.83 16.84 16.51 19.74 21.26 21.29 22.20 22.24 19.83 19.88 20.32 20.38 20.66 20.72 23.24 23.32 25.59 25.69 24.77 24.87 23.04 23.13 21.82 21.91 21.48 21.56 21.05 21.12 20.33 20.40 18.34 18.41 21.42 21.50 24.42 24.51 23.97 24.03 21.66 21.69 19.66 19.66 17.57 17.56 16.22 16.20
17.88 14.82 14.82 14.10 14.10 14.80 14.81 16.95 16.95 18.83 18.84 18.35 18.34 17.70 17.69 18.35 18.34 19.47 19.46 20.98 20.97 21.87 21.85 21.26 21.24 19.20 19.19 16.73 16.72 17.49 17.48 19.60 19.60 19.11 19.12 16.93 16.94 16.60 19.85 21.39 21.42 22.34 22.37 19.97 20.01 20.45 20.50 20.79 20.84 23.37 23.45 25.74 25.83 24.90 24.98 23.12 23.21 21.88 21.96 21.53 21.60 21.08 21.15 20.34 20.41 20.53 18.40 21.41 21.49 24.39 24.47 23.92 23.98 21.61 21.64 19.60 19.61 17.52 17.51 16.18 16.15
14.75 14.41 14.41 14.96 14.96 15.48 15.48 17.24 17.24 19.14 19.14 18.85 18.85 18.08 18.08 18.94 18.94 20.23 20.22 21.90 21.88 22.93 22.92 21.56 21.55 18.91 18.90 16.92 16.91 18.10 18.09 20.32 20.32 19.00 19.00 16.15 16.16 19.20 19.21 21.24 21.26 22.82 22.86 23.28 20.06 20.89 20.94 23.89 23.95 26.38 26.46 23.86 23.92 20.12 20.17 19.69 19.74 19.64 19.69 19.69 19.74 19.60 19.66 20.67 20.73 23.08 23.15 24.96 22.87 23.67 23.73 22.39 22.43 20.85 20.87 19.39 19.39 17.25 17.23 15.44 15.42
14.82 14.47 14.48 15.03 15.03 15.56 15.56 17.35 17.35 19.27 19.27 18.98 18.97 18.20 18.19 19.07 19.07 20.38 20.37 22.07 22.05 23.12 23.10 21.72 21.70 19.03 19.02 17.01 17.00 18.21 18.20 20.46 20.46 19.12 19.12 16.22 16.23 19.28 19.29 21.35 21.37 22.95 22.98 23.40 20.17 21.01 21.05 24.01 24.07 26.51 26.58 23.94 24.00 20.17 20.21 19.72 19.76 19.65 19.70 19.69 19.74 19.60 19.64 20.65 20.70 23.03 23.10 24.89 24.96 23.57 23.63 22.29 22.32 20.75 20.76 19.29 19.28 17.16 17.15 15.37 15.35
14.33 15.63 15.63 16.38 16.38 16.23 16.23 17.50 17.50 19.40 19.40 19.57 19.57 19.36 19.36 20.09 20.09 22.02 22.01 23.71 23.69 22.16 22.14 19.63 19.61 17.86 17.85 16.86 16.85 18.50 18.50 20.66 20.66 17.96 17.96 15.27 15.28 18.73 18.74 20.73 20.75 22.54 22.57 23.44 20.20 22.14 22.18 25.89 25.94 24.95 25.00 19.25 19.27 16.15 16.17 16.59 16.61 17.12 17.14 16.27 16.29 16.13 16.16 18.90 18.93 22.10 22.15 24.50 24.56 25.02 25.06 19.92 19.95 18.50 18.50 18.32 18.31 17.17 17.15 15.05 15.03
14.39 15.71 15.71 16.46 16.46 16.31 16.31 17.60 17.60 19.52 19.52 19.70 19.70 19.49 19.48 20.23 20.22 22.18 22.17 23.89 23.87 22.32 22.30 19.74 19.72 17.95 17.94 16.93 16.93 18.60 18.59 20.78 20.78 18.05 18.05 15.32 18.62 18.80 18.80 20.82 20.83 22.64 22.66 23.54 23.56 22.24 22.26 26.00 26.04 25.03 25.07 19.28 19.30 16.16 16.17 16.59 16.61 17.11 17.13 16.25 16.27 16.11 16.13 18.85 18.88 22.01 22.05 24.38 24.42 24.87 24.90 21.98 19.81 18.38 18.38 18.19 18.18 17.05 17.03 14.96 14.94
14.39 16.92 16.92 18.34 18.34 18.09 18.09 18.67 18.66 19.87 19.87 20.53 20.52 20.58 20.57 21.15 21.13 23.46 23.45 22.85 22.82 19.09 19.07 16.95 16.93 16.10 16.09 16.45 16.45 19.67 19.66 20.52 20.51 16.59 16.59 14.84 18.15 19.18 19.19 21.46 21.48 23.14 23.16 24.11 24.13 23.09 23.11 26.60 26.63 23.34 23.35 17.50 17.51 15.17 15.18 15.07 15.08 15.01 15.02 14.82 14.83 16.50 16.51 19.74 19.76 22.40 22.44 24.53 24.56 23.16 23.19 20.63 20.64 19.22 17.02 16.15 16.14 15.25 15.23 14.02 14.00
14.43 17.00 17.00 18.44 18.44 18.19 18.18 18.77 18.76 19.99 19.98 20.65 20.65 20.71 20.70 21.28 21.27 23.63 23.61 23.01 22.98 19.20 19.18 17.02 17.00 16.16 16.15 16.51 16.50 19.76 19.75 20.62 20.61 16.65 16.65 14.88 18.20 19.24 19.24 21.54 21.54 23.22 23.23 24.18 24.20 26.42 23.18 26.67 26.69 23.37 23.38 17.50 17.51 15.16 15.17 15.06 15.07 14.99 15.00 14.79 14.80 16.45 16.46 19.65 19.67 22.26 22.29 24.34 24.37 22.98 23.00 20.48 20.48 19.08 19.07 16.02 16.01 15.13 15.11 13.92 13.90
14.41 17.62 17.61 20.18 20.18 20.45 20.44 20.26 20.26 20.83 20.82 21.72 21.71 21.84 21.84 22.14 22.13 22.99 22.97 21.15 21.13 17.82 17.80 15.96 15.95 15.80 15.78 18.33 18.31 21.28 21.27 18.78 18.78 15.26 15.26 18.87 18.88 21.09 21.09 22.67 22.68 23.53 23.54 24.68 24.69 27.89 24.65 26.40 26.40 20.30 20.30 16.11 16.11 14.72 14.72 14.15 14.15 14.30 14.30 16.31 16.32 19.39 19.40 20.70 20.72 22.75 22.77 23.49 23.50 21.47 21.48 20.00 20.00 18.09 18.08 16.53 14.31 13.41 13.40 12.12 12.10
14.45 17.69 17.68 20.28 20.27 20.55 20.54 20.36 20.35 20.93 20.93 21.83 0.00 21.97 21.97 22.27 22.26 23.13 23.11 21.27 21.25 17.90 17.88 16.02 16.00 15.84 15.83 18.40 18.38 21.37 21.36 18.85 18.84 15.29 15.29 18.92 18.92 21.14 21.15 22.74 22.74 23.59 23.59 24.74 24.74 27.94 24.69 26.43 26.41 20.31 20.29 16.10 16.09 14.70 14.70 14.13 14.13 14.28 14.27 16.26 16.26 19.28 19.29 20.56 20.57 22.56 22.57 23.27 23.27 21.27 21.27 19.82 19.81 17.94 17.92 16.41 16.39 15.52 13.29 12.04 0.00
15.74 18.62 18.62 20.70 20.70 21.37 21.36 21.32 21.32 21.66 0.00 0.00 0.00 0.00 22.14 21.69 0.00 0.00 0.00 20.21 20.18 17.76 17.74 16.17 16.15 17.09 17.07 20.57 20.54 20.45 20.44 16.97 16.96 15.64 15.64 20.39 20.39 22.23 22.23 22.99 22.99 24.01 24.01 26.10 26.09 29.82 29.80 23.83 23.80 17.07 17.05 15.04 15.03 14.40 14.40 14.23 14.22 15.33 15.32 18.43 18.43 20.05 20.05 20.60 20.60 22.24 22.24 21.68 21.68 20.14 20.14 18.68 18.67 17.65 17.63 16.28 16.27 15.25 15.23 0.00 0.00
15.78 18.68 18.67 20.78 20.78 21.45 21.44 21.40 21.40 0.00 0.00 0.00 0.00 16.72 16.72 0.00 0.00 0.00 0.00 20.29 20.27 17.82 17.80 16.21 16.19 17.14 17.12 20.64 20.61 20.52 20.50 17.01 17.00 15.67 18.99 20.43 20.43 22.27 22.27 23.03 23.03 24.06 24.05 26.13 26.12 29.84 29.81 23.82 23.78 17.05 17.03 15.02 15.01 14.38 14.37 14.20 14.19 15.28 15.27 18.33 18.32 19.91 19.90 20.43 20.42 22.02 22.01 21.45 21.44 19.94 19.92 18.50 18.48 17.48 17.46 16.14 16.12 15.14 15.10 0.00 0.00
