ASPA-UH-SWB2_REPO/output/post_prcessed_with_MFR/net_infiltration_annual.asc
NCOLS 350
NROWS 200
XLLCENTER 515000.000000
YLLCENTER 8409000.000000
CELLSIZE 100.000000
NODATA_value -999.000000
[rows 140 to 174 of 200, columns 79 to 157 of 350]
91.81 11.31 84.75 101.25 100.04 74.98 81.70 69.19 69.98 70.82 71.54 83.09 76.43 76.60 92.59 214.12 215.09 217.28 218.31 234.04 209.70 213.32 99.45 96.91 94.03 102.34 103.46 103.47 104.42 120.37 96.44 97.86 97.17 96.06 96.41 97.60 114.05 98.03 98.97 98.98 93.10 90.67 93.66 89.50 86.73 85.16 87.12 85.49 120.08 97.61 74.28 48.31 65.58 86.91 85.84 100.05 67.32 63.49 60.84 82.42 19.56 63.74 58.90 41.89 78.00 41.07 49.62 15.60 50.95 49.94 45.71 44.83 44.03 13.93 13.73 51.61 51.09 0.00 0.00
0.00 57.85 56.18 96.28 80.46 82.79 73.48 70.33 69.06 69.83 206.75 197.97 195.89 203.74 175.79 207.46 216.63 214.33 208.17 208.04 234.50 206.53 97.53 94.33 95.05 100.05 111.01 97.34 94.77 118.54 117.50 87.93 126.58 116.67 93.67 85.47 53.86 98.08 101.52 94.54 90.76 89.72 91.45 87.33 86.60 88.01 85.77 85.54 72.56 92.91 91.41 89.06 87.43 79.09 85.43 87.94 82.52 83.54 82.29 40.08 58.98 63.05 83.97 77.53 53.87 59.43 49.72 48.06 47.09 14.83 14.55 14.28 14.04 43.04 0.00 0.00 0.00 0.00 0.00
0.00 0.00 56.46 98.25 78.95 70.91 70.48 68.01 68.49 229.61 207.44 216.97 171.86 218.55 218.97 101.54 101.97 111.85 52.82 105.87 62.09 97.11 101.55 98.43 99.07 98.39 90.31 90.75 94.67 92.08 115.18 125.52 94.72 115.55 118.14 113.76 115.37 119.11 92.75 92.91 89.17 90.19 87.09 85.22 85.25 86.65 85.86 107.79 101.39 91.88 67.43 65.13 86.32 87.41 89.72 89.69 91.89 60.69 58.14 18.17 79.79 78.58 75.68 51.73 51.33 50.24 49.22 47.57 46.65 14.70 15.09 44.15 0.00 0.00 0.00 0.00 0.00 0.00 0.00
0.00 0.00 52.17 96.54 92.26 96.43 80.07 59.58 67.33 213.18 99.96 79.07 76.36 72.54 91.99 84.56 73.09 85.58 79.20 83.54 89.17 110.23 88.39 87.28 86.02 96.49 88.14 93.44 95.15 95.49 108.49 98.86 124.48 119.10 120.36 106.40 113.57 114.46 85.25 89.09 87.62 89.36 87.67 83.84 85.81 82.07 80.58 93.83 91.66 67.26 65.66 64.07 62.48 87.72 64.78 59.29 84.00 66.63 64.07 78.98 81.36 53.37 59.58 51.83 50.09 49.05 48.10 15.15 14.85 46.03 45.26 0.00 0.00 0.00 0.00 0.00 0.00 0.00 0.00
0.00 74.75 94.25 70.91 76.21 73.57 92.07 101.34 49.65 95.21 79.92 74.08 78.34 75.40 86.72 68.87 81.10 78.29 81.32 85.64 79.81 114.20 86.40 85.20 93.17 84.62 96.20 95.31 80.80 92.12 94.84 96.97 97.13 95.06 94.87 111.47 80.23 81.90 89.51 86.91 85.46 85.94 94.15 98.69 86.50 94.82 92.82 69.23 67.72 66.13 64.57 63.04 61.50 59.94 83.31 71.56 69.67 82.05 86.80 82.95 61.60 57.80 51.67 50.61 49.57 48.58 15.30 46.73 47.17 75.47 83.98 0.00 0.00 0.00 0.00 0.00 0.00 0.00 0.00
0.00 71.38 96.32 76.72 75.43 66.42 101.48 92.34 96.83 52.77 93.08 94.19 76.28 72.83 84.78 85.90 74.93 75.88 76.86 79.18 87.29 99.03 86.36 73.82 82.67 82.66 94.50 92.99 93.31 92.96 93.18 94.65 87.82 96.42 81.65 102.19 87.36 87.07 89.19 94.89 84.68 87.12 113.28 114.26 98.16 72.10 69.46 68.07 66.56 65.02 66.18 64.67 60.51 58.98 81.03 84.20 82.14 63.79 78.48 93.61 92.48 104.38 52.21 50.08 49.08 48.12 47.22 76.87 42.09 72.62 47.78 0.00 0.00 0.00 0.00 0.00 0.00 0.00 0.00
69.24 66.94 92.51 73.54 76.84 89.90 68.29 68.09 79.51 100.74 78.25 78.63 90.97 95.80 76.28 84.99 73.53 75.75 79.15 76.24 78.49 96.04 81.44 84.04 84.10 84.73 94.38 100.38 100.75 91.37 91.60 93.48 93.74 93.93 78.67 110.57 88.95 84.86 83.80 93.41 83.17 83.28 113.45 86.41 99.60 73.55 69.59 66.88 65.43 63.93 63.80 93.15 67.50 58.04 84.25 91.01 59.26 56.85 64.63 71.11 72.63 85.54 79.82 72.42 71.42 70.51 70.30 72.13 92.03 73.68 48.85 0.00 0.00 0.00 0.00 0.00 0.00 0.00 0.00
69.42 72.23 86.78 72.40 89.46 52.30 71.75 73.94 71.66 74.62 93.74 71.87 73.66 86.26 93.63 92.38 75.69 81.64 68.62 79.32 70.26 104.60 79.20 78.58 83.78 84.39 71.61 72.09 90.19 89.95 90.18 92.07 92.35 92.58 92.69 105.77 88.73 75.84 73.51 81.12 81.12 81.66 113.10 71.87 74.17 95.78 68.40 65.73 64.30 62.88 61.43 82.85 81.44 88.05 84.87 85.10 83.36 90.18 63.62 66.55 64.81 60.42 66.26 50.17 54.74 47.95 50.21 73.55 89.77 65.39 63.49 45.35 0.00 0.00 0.00 0.00 0.00 0.00 0.00
60.83 60.26 72.68 87.79 67.61 52.85 90.84 74.18 72.56 74.84 75.72 74.60 72.34 75.99 87.72 98.15 96.19 91.57 79.97 85.32 79.68 102.54 81.76 79.78 79.08 79.02 78.88 70.52 70.89 89.12 89.34 90.06 81.35 90.71 90.83 95.47 84.60 85.76 80.89 71.56 79.74 83.53 104.82 77.42 70.83 93.90 97.30 64.57 63.22 61.82 83.25 81.93 69.39 79.30 88.12 66.84 86.68 66.83 85.29 26.01 69.17 58.59 59.03 50.40 51.50 59.92 57.69 79.06 47.71 62.28 62.37 0.00 0.00 0.00 0.00 0.00 0.00 0.00 0.00
70.34 72.44 64.12 89.57 88.85 98.47 88.58 98.06 73.60 76.53 76.72 76.22 73.31 67.45 79.11 81.74 76.63 90.06 100.12 71.16 75.79 55.38 79.16 72.36 78.38 76.28 76.76 77.16 77.50 87.77 88.14 88.87 98.00 81.29 90.27 94.72 85.85 73.62 83.38 79.67 82.91 107.00 95.45 70.37 76.08 102.95 88.82 86.24 84.94 84.26 59.49 70.53 76.44 70.32 89.89 65.87 63.21 28.17 69.05 86.33 69.05 59.31 70.39 50.66 51.79 77.75 90.18 70.26 70.23 62.05 0.00 0.00 0.00 0.00 0.00 0.00 0.00 0.00 0.00
67.64 71.70 62.70 75.70 99.12 73.53 74.02 86.16 87.15 95.22 73.24 73.37 73.33 67.73 67.60 79.65 71.39 73.93 68.44 95.77 94.30 101.25 93.44 102.05 77.81 75.63 76.05 84.36 76.78 77.02 77.36 87.25 87.73 77.85 78.70 100.86 85.14 86.99 84.00 83.53 82.94 51.26 94.80 96.57 49.09 66.53 66.17 65.66 61.76 61.84 74.91 79.98 66.96 94.37 68.32 74.51 58.55 60.89 65.98 80.48 59.91 71.86 50.51 67.25 72.90 68.17 64.18 69.28 51.85 0.00 0.00 0.00 0.00 0.00 0.00 0.00 0.00 0.00 0.00
0.00 70.34 61.30 86.09 86.63 74.11 73.27 84.73 70.78 73.62 67.99 73.22 70.47 74.14 73.27 70.45 79.09 76.48 78.94 109.25 83.02 78.35 77.04 92.91 90.72 89.15 75.48 75.82 68.67 79.08 78.76 75.83 87.30 76.60 77.42 91.36 77.32 82.36 76.85 79.69 83.01 93.05 92.91 69.08 72.17 70.35 70.39 84.59 79.69 72.61 63.69 68.59 94.15 95.58 68.22 73.93 74.37 68.33 65.39 86.61 72.59 68.14 57.44 48.58 53.90 52.39 50.95 44.84 44.21 0.00 0.00 0.00 0.00 0.00 0.00 0.00 0.00 0.00 0.00
0.00 59.29 93.17 73.61 74.19 86.44 64.12 62.51 92.79 69.50 72.98 71.75 67.62 70.56 75.31 82.76 69.87 77.37 88.08 98.24 75.16 71.75 71.51 75.94 68.24 91.64 102.31 94.68 94.97 104.20 95.00 103.36 91.12 91.40 101.24 92.86 76.13 79.82 78.84 77.85 91.87 87.86 97.29 44.93 76.25 80.56 77.51 70.35 67.91 79.17 60.10 93.38 92.27 66.32 63.86 62.14 63.35 54.35 85.47 57.77 68.55 67.36 67.95 57.48 52.21 0.00 0.00 0.00 0.00 0.00 0.00 0.00 0.00 0.00 0.00 0.00 0.00 0.00 0.00
0.00 67.93 59.90 95.04 73.50 87.05 65.34 74.15 44.98 85.58 74.77 73.54 68.74 72.67 73.01 73.41 68.78 76.23 87.58 63.74 82.18 82.45 83.44 92.88 86.10 76.81 79.08 76.91 79.90 86.08 69.88 91.06 90.75 70.17 79.30 95.08 92.33 98.29 88.45 88.64 96.27 99.43 63.80 72.52 79.17 68.97 65.30 70.75 71.87 75.13 81.26 71.52 68.05 63.61 56.62 64.42 63.38 85.93 71.27 59.24 60.52 66.90 66.23 53.99 0.00 0.00 0.00 0.00 0.00 0.00 0.00 0.00 0.00 0.00 0.00 0.00 0.00 0.00 0.00
0.00 0.00 101.48 82.59 68.76 71.21 88.59 76.52 65.57 87.92 66.60 72.72 81.00 68.72 79.53 68.67 69.06 71.39 99.59 83.52 90.00 69.71 70.66 83.02 84.58 77.83 76.76 75.07 75.05 74.79 75.84 46.37 66.31 74.03 83.25 75.42 75.97 78.96 76.54 72.27 73.17 71.70 93.77 95.48 91.12 88.84 96.33 84.85 81.78 82.79 69.28 68.30 65.30 66.56 63.87 61.55 60.60 81.17 91.77 50.09 60.69 58.56 53.34 0.00 0.00 0.00 0.00 0.00 0.00 0.00 0.00 0.00 0.00 0.00 0.00 0.00 0.00 0.00 0.00
0.00 0.00 0.00 71.42 69.24 62.51 84.96 97.63 75.02 64.04 90.40 70.73 67.62 80.16 67.38 74.05 86.73 97.56 64.48 75.19 82.00 69.14 81.62 81.75 82.63 81.88 82.81 70.55 70.98 71.43 73.81 109.12 84.52 83.90 76.31 78.01 77.87 78.26 85.67 83.65 74.94 70.91 82.58 82.91 82.86 74.94 73.98 72.25 67.22 98.02 91.27 84.39 66.57 77.56 67.46 65.13 70.50 57.77 85.13 67.38 55.81 55.00 0.00 0.00 0.00 0.00 0.00 0.00 0.00 0.00 0.00 0.00 0.00 0.00 0.00 0.00 0.00 0.00 0.00
0.00 0.00 68.33 70.56 68.32 69.32 94.40 86.81 65.51 73.48 86.78 62.30 79.78 70.59 70.86 73.15 99.61 82.64 77.64 73.43 69.19 68.61 81.19 81.10 81.31 81.00 81.27 69.98 70.40 70.83 93.97 82.98 83.16 74.92 61.50 62.05 70.17 60.85 82.86 82.29 73.95 73.34 72.62 80.49 67.61 68.01 67.06 70.02 68.27 67.17 68.15 76.04 82.73 83.77 60.00 64.54 61.60 58.54 80.55 57.65 67.00 47.80 0.00 0.00 0.00 0.00 0.00 0.00 0.00 0.00 0.00 0.00 0.00 0.00 0.00 0.00 0.00 0.00 0.00
0.00 0.00 0.00 59.87 67.35 85.30 97.39 72.17 73.73 75.94 93.65 91.20 72.09 71.04 70.96 86.62 73.30 74.89 68.73 68.17 68.22 68.29 68.35 68.47 68.64 80.74 69.22 69.55 69.91 71.58 93.99 70.69 82.67 82.01 82.03 82.56 82.41 82.21 59.49 89.64 80.87 71.30 72.96 83.06 79.35 69.02 69.40 65.20 67.42 65.69 65.26 66.42 67.43 66.22 47.64 65.06 58.34 62.82 81.49 80.58 55.74 0.00 0.00 0.00 0.00 0.00 0.00 0.00 0.00 0.00 0.00 0.00 0.00 0.00 0.00 0.00 0.00 0.00 0.00
0.00 0.00 0.00 66.70 76.80 85.64 74.93 72.55 69.48 85.99 86.86 83.86 70.18 64.32 65.30 94.64 76.52 72.46 68.01 68.12 68.17 68.21 80.84 68.27 84.62 68.65 68.90 77.30 70.79 73.02 111.13 81.18 81.28 69.01 81.49 82.86 82.69 82.44 82.09 80.86 57.39 77.46 70.84 71.88 69.70 66.18 68.50 65.02 65.23 64.87 60.69 62.75 62.50 63.79 64.86 84.08 81.95 56.31 59.36 78.91 48.22 0.00 0.00 0.00 0.00 0.00 0.00 0.00 0.00 0.00 0.00 0.00 0.00 0.00 0.00 0.00 0.00 0.00 0.00
0.00 0.00 57.67 79.55 86.36 65.17 63.48 73.60 86.18 68.78 68.04 59.48 84.57 76.59 87.93 73.65 69.39 77.12 89.17 81.03 76.28 80.96 80.94 80.29 80.37 70.01 70.19 80.79 70.61 70.50 83.94 69.44 76.65 80.99 80.92 82.24 82.03 81.78 81.42 80.14 79.62 55.67 77.88 68.27 66.15 65.95 67.61 64.84 67.70 62.25 61.93 62.05 68.27 63.14 64.24 81.53 80.74 78.64 82.43 54.31 0.00 0.00 0.00 0.00 0.00 0.00 0.00 0.00 0.00 0.00 0.00 0.00 0.00 0.00 0.00 0.00 0.00 0.00 0.00
0.00 0.00 60.05 87.78 64.58 67.53 93.62 101.98 68.96 66.56 65.17 80.66 85.02 83.36 86.36 63.94 67.90 79.57 80.92 68.15 88.51 71.93 76.23 68.10 68.10 68.18 60.11 60.23 60.33 93.05 80.69 79.95 79.77 80.75 80.62 81.90 81.86 81.84 81.22 80.12 79.60 77.92 77.63 67.94 67.78 63.10 65.39 61.99 63.07 60.78 59.84 57.55 59.85 59.75 60.26 82.31 76.90 57.24 55.19 0.00 0.00 0.00 0.00 0.00 0.00 0.00 0.00 0.00 0.00 0.00 0.00 0.00 0.00 0.00 0.00 0.00 0.00 0.00 0.00
0.00 0.00 58.47 86.17 86.45 89.39 74.04 62.52 67.36 66.33 64.97 90.33 86.84 94.99 84.14 69.27 67.02 67.42 67.82 68.06 68.17 80.54 76.11 77.73 69.44 67.92 67.97 59.82 69.63 69.69 92.56 79.52 79.27 80.19 80.03 81.26 81.20 81.10 80.47 79.35 86.96 77.18 76.89 67.04 67.56 75.43 74.04 63.61 62.70 61.77 60.83 59.88 60.57 65.26 81.84 84.98 55.48 54.78 0.00 0.00 0.00 0.00 0.00 0.00 0.00 0.00 0.00 0.00 0.00 0.00 0.00 0.00 0.00 0.00 0.00 0.00 0.00 0.00 0.00
0.00 0.00 0.00 59.10 82.83 88.45 77.76 74.73 66.41 60.90 66.10 93.22 99.05 90.94 85.95 60.83 67.47 67.24 67.62 67.92 80.61 79.66 67.81 67.65 67.60 67.59 67.58 67.60 75.66 67.59 91.06 59.99 79.37 79.49 79.30 80.25 80.15 65.82 65.29 63.28 78.38 76.98 76.38 76.10 62.87 74.10 74.06 59.69 59.49 58.61 60.10 59.86 58.64 57.84 90.53 57.00 0.00 0.00 0.00 0.00 0.00 0.00 0.00 0.00 0.00 0.00 0.00 0.00 0.00 0.00 0.00 0.00 0.00 0.00 0.00 0.00 0.00 0.00 0.00
0.00 0.00 0.00 0.00 0.00 0.00 82.48 84.10 84.44 84.77 82.44 90.77 75.86 97.19 85.76 67.56 66.64 67.04 67.44 80.39 80.49 79.49 87.60 67.34 78.49 78.36 78.33 79.18 67.06 67.03 94.12 66.87 78.81 78.92 78.72 79.62 79.52 79.82 64.47 78.25 85.83 76.01 60.31 74.75 74.10 61.23 64.18 58.91 58.74 57.92 56.37 82.64 58.97 68.67 78.30 0.00 0.00 0.00 0.00 0.00 0.00 0.00 0.00 0.00 0.00 0.00 0.00 0.00 0.00 0.00 0.00 0.00 0.00 0.00 0.00 0.00 0.00 0.00 0.00
0.00 0.00 0.00 0.00 0.00 0.00 0.00 0.00 0.00 80.48 58.01 80.93 68.30 72.27 67.66 69.69 66.44 66.83 67.18 79.14 87.43 78.03 77.88 78.18 77.87 65.41 78.24 78.22 78.42 78.53 77.48 92.64 78.49 78.46 78.02 78.64 78.30 78.65 0.00 0.00 0.00 0.00 75.13 58.64 60.54 60.39 59.60 58.14 57.34 56.51 55.68 58.49 57.66 90.73 0.00 0.00 0.00 0.00 0.00 0.00 0.00 0.00 0.00 0.00 0.00 0.00 0.00 0.00 0.00 0.00 0.00 0.00 0.00 0.00 0.00 0.00 0.00 0.00 0.00
0.00 0.00 0.00 0.00 0.00 0.00 0.00 0.00 0.00 0.00 63.36 57.39 78.22 65.04 76.53 79.32 66.19 74.57 79.98 78.87 78.84 85.89 77.55 77.87 77.75 78.13 78.07 77.86 77.78 78.06 77.95 91.89 86.05 77.87 77.40 77.99 77.62 77.96 0.00 0.00 0.00 0.00 0.00 64.24 63.47 58.96 58.17 69.90 69.23 55.78 57.98 57.17 79.19 68.38 0.00 0.00 0.00 0.00 0.00 0.00 0.00 0.00 0.00 0.00 0.00 0.00 0.00 0.00 0.00 0.00 0.00 0.00 0.00 0.00 0.00 0.00 0.00 0.00 0.00
0.00 0.00 0.00 0.00 0.00 0.00 0.00 0.00 0.00 0.00 0.00 0.00 53.78 67.65 56.79 57.15 57.54 67.63 86.65 77.22 77.18 77.92 77.79 79.02 78.93 87.34 87.24 78.76 78.64 77.43 77.26 90.49 76.69 77.23 76.97 77.49 0.00 0.00 0.00 0.00 0.00 0.00 0.00 61.68 64.66 85.36 93.27 70.06 77.02 58.08 80.10 79.35 68.58 0.00 0.00 0.00 0.00 0.00 0.00 0.00 0.00 0.00 0.00 0.00 0.00 0.00 0.00 0.00 0.00 0.00 0.00 0.00 0.00 0.00 0.00 0.00 0.00 0.00 0.00
0.00 0.00 0.00 0.00 0.00 0.00 0.00 0.00 0.00 0.00 0.00 0.00 0.00 53.77 54.10 54.46 78.93 77.72 78.09 76.78 76.73 77.48 77.36 0.00 0.00 66.13 78.61 78.28 78.12 76.89 76.70 89.72 75.87 84.68 76.31 76.84 0.00 0.00 0.00 0.00 0.00 0.00 0.00 0.00 0.00 70.52 69.89 92.97 79.82 80.19 56.64 55.94 55.49 0.00 0.00 0.00 0.00 0.00 0.00 0.00 0.00 0.00 0.00 0.00 0.00 0.00 0.00 0.00 0.00 0.00 0.00 0.00 0.00 0.00 0.00 0.00 0.00 0.00 0.00
0.00 0.00 0.00 0.00 0.00 0.00 0.00 0.00 0.00 0.00 0.00 0.00 0.00 0.00 0.00 0.00 54.29 85.08 77.01 76.88 76.83 0.00 0.00 0.00 0.00 0.00 0.00 0.00 0.00 0.00 77.26 74.93 88.65 74.54 82.42 0.00 0.00 0.00 0.00 0.00 0.00 0.00 0.00 0.00 0.00 0.00 66.72 62.30 67.34 56.69 65.44 55.29 0.00 0.00 0.00 0.00 0.00 0.00 0.00 0.00 0.00 0.00 0.00 0.00 0.00 0.00 0.00 0.00 0.00 0.00 0.00 0.00 0.00 0.00 0.00 0.00 0.00 0.00 0.00
0.00 0.00 0.00 0.00 0.00 0.00 0.00 0.00 0.00 0.00 0.00 0.00 0.00 0.00 0.00 0.00 0.00 0.00 0.00 76.35 0.00 0.00 0.00 0.00 0.00 0.00 0.00 0.00 0.00 0.00 76.70 74.37 87.87 73.94 73.61 74.66 61.60 0.00 0.00 0.00 0.00 0.00 0.00 0.00 0.00 0.00 68.48 66.72 66.09 65.45 55.26 54.93 0.00 0.00 0.00 0.00 0.00 0.00 0.00 0.00 0.00 0.00 0.00 0.00 0.00 0.00 0.00 0.00 0.00 0.00 0.00 0.00 0.00 0.00 0.00 0.00 0.00 0.00 0.00
0.00 0.00 0.00 0.00 0.00 0.00 0.00 0.00 0.00 0.00 0.00 0.00 0.00 0.00 0.00 0.00 0.00 0.00 0.00 76.89 0.00 0.00 0.00 0.00 0.00 0.00 0.00 0.00 0.00 0.00 75.94 81.29 73.01 63.87 72.22 73.45 73.07 0.00 0.00 0.00 0.00 0.00 0.00 0.00 0.00 0.00 0.00 0.00 56.05 55.29 54.60 0.00 0.00 0.00 0.00 0.00 0.00 0.00 0.00 0.00 0.00 0.00 0.00 0.00 0.00 0.00 0.00 0.00 0.00 0.00 0.00 0.00 0.00 0.00 0.00 0.00 0.00 0.00 0.00
0.00 0.00 0.00 0.00 0.00 0.00 0.00 0.00 0.00 0.00 0.00 0.00 0.00 0.00 0.00 0.00 0.00 0.00 0.00 0.00 0.00 0.00 0.00 0.00 0.00 0.00 0.00 0.00 0.00 0.00 75.32 72.66 72.40 63.04 71.58 72.82 61.88 0.00 0.00 0.00 0.00 0.00 0.00 0.00 0.00 0.00 0.00 0.00 0.00 0.00 0.00 0.00 0.00 0.00 0.00 0.00 0.00 0.00 0.00 0.00 0.00 0.00 0.00 0.00 0.00 0.00 0.00 0.00 0.00 0.00 0.00 0.00 0.00 0.00 0.00 0.00 0.00 0.00 0.00
0.00 0.00 0.00 0.00 0.00 0.00 0.00 0.00 0.00 0.00 0.00 0.00 0.00 0.00 0.00 0.00 0.00 0.00 0.00 0.00 0.00 0.00 0.00 0.00 0.00 0.00 0.00 0.00 0.00 73.24 72.99 62.97 62.61 71.88 71.54 72.68 0.00 0.00 0.00 0.00 0.00 0.00 0.00 0.00 0.00 0.00 0.00 0.00 0.00 0.00 0.00 0.00 0.00 0.00 0.00 0.00 0.00 0.00 0.00 0.00 0.00 0.00 0.00 0.00 0.00 0.00 0.00 0.00 0.00 0.00 0.00 0.00 0.00 0.00 0.00 0.00 0.00 0.00 0.00
0.00 0.00 0.00 0.00 0.00 0.00 0.00 0.00 0.00 0.00 0.00 0.00 0.00 0.00 0.00 0.00 0.00 0.00 0.00 0.00 0.00 0.00 0.00 0.00 0.00 0.00 0.00 75.04 74.85 80.47 72.42 62.19 70.47 71.25 70.93 61.30 0.00 0.00 0.00 0.00 0.00 0.00 0.00 0.00 0.00 0.00 0.00 0.00 0.00 0.00 0.00 0.00 0.00 0.00 0.00 0.00 0.00 0.00 0.00 0.00 0.00 0.00 0.00 0.00 0.00 0.00 0.00 0.00 0.00 0.00 0.00 0.00 0.00 0.00 0.00 0.00 0.00 0.00 0.00
0.00 0.00 0.00 0.00 0.00 0.00 0.00 0.00 0.00 0.00 0.00 0.00 0.00 0.00 0.00 0.00 0.00 0.00 0.00 0.00 0.00 0.00 0.00 0.00 0.00 0.00 0.00 73.04 72.83 70.96 70.72 70.74 70.45 71.16 56.74 0.00 0.00 0.00 0.00 0.00 0.00 0.00 0.00 0.00 0.00 0.00 0.00 0.00 0.00 0.00 0.00 0.00 0.00 0.00 0.00 0.00 0.00 0.00 0.00 0.00 0.00 0.00 0.00 0.00 0.00 0.00 0.00 0.00 0.00 0.00 0.00 0.00 0.00 0.00 0.00 0.00 0.00 0.00 0.00
