ASPA-UH-SWB2_REPO/output/post_prcessed_with_MFR/net_infiltration_annual.asc
NCOLS 350
NROWS 200
XLLCENTER 515000.000000
YLLCENTER 8409000.000000
CELLSIZE 100.000000
NODATA_value -999.000000
[rows 70 to 104 of 200, columns 158 to 236 of 350]
134.70 137.69 82.98 84.47 98.98 100.49 107.21 109.96 120.12 65.21 123.63 57.39 129.03 130.21 57.69 57.25 54.75 131.44 55.60 0.00 0.00 0.00 0.00 0.00 0.00 0.00 0.00 0.00 0.00 0.00 0.00 0.00 0.00 0.00 0.00 0.00 0.00 0.00 0.00 0.00 0.00 0.00 0.00 0.00 0.00 0.00 0.00 0.00 0.00 0.00 0.00 0.00 0.00 0.00 124.42 97.06 96.01 96.71 95.19 95.83 92.17 96.10 90.10 90.53 90.95 91.33 90.25 90.50 90.68 100.45 101.36 86.16 85.59 125.28 103.25 102.79 101.80 101.10 99.35
83.51 85.08 84.86 93.49 101.01 102.55 109.30 100.98 121.00 125.10 127.78 177.41 183.02 114.84 115.06 134.04 123.39 124.00 123.40 122.06 122.01 0.00 0.00 0.00 0.00 0.00 0.00 0.00 0.00 0.00 0.00 0.00 0.00 0.00 0.00 0.00 0.00 0.00 0.00 0.00 0.00 0.00 0.00 0.00 0.00 0.00 0.00 0.00 0.00 0.00 0.00 0.00 0.00 0.00 123.32 94.71 79.15 79.92 93.82 94.55 90.99 95.48 94.59 95.08 97.78 90.21 89.16 89.40 89.59 89.68 100.36 100.33 99.75 103.42 102.13 101.64 100.54 99.79 97.98
83.64 85.19 97.79 99.40 106.65 108.15 112.23 116.17 121.26 56.56 157.55 106.23 106.30 115.54 114.89 114.91 108.22 131.29 101.33 106.52 106.81 106.95 121.02 53.21 0.00 0.00 0.00 0.00 0.00 0.00 0.00 0.00 0.00 0.00 0.00 0.00 0.00 0.00 0.00 0.00 0.00 0.00 0.00 0.00 0.00 0.00 0.00 0.00 0.00 0.00 0.00 0.00 0.00 54.63 86.97 82.38 78.62 93.53 90.82 91.59 88.23 92.73 95.61 96.16 99.92 100.34 100.14 88.05 88.21 88.27 99.84 99.77 97.49 101.15 100.16 99.61 98.69 175.59 135.70
85.59 94.38 99.95 101.54 108.84 110.29 114.30 118.90 59.48 56.56 166.46 114.46 108.23 117.11 116.24 115.98 131.93 108.72 108.14 113.20 110.75 106.66 127.76 124.08 52.64 51.32 0.00 0.00 0.00 49.17 24.94 24.04 23.31 46.77 46.81 45.62 0.00 0.00 0.00 0.00 0.00 0.00 0.00 0.00 0.00 0.00 0.00 0.00 0.00 0.00 0.00 0.00 0.00 60.34 89.52 84.30 90.85 91.75 89.16 89.97 132.66 91.23 94.13 94.69 98.45 97.28 98.68 98.98 99.28 99.34 98.34 98.23 95.94 95.70 98.51 97.93 96.98 96.07 95.02
98.64 100.34 107.51 109.11 113.28 115.31 99.46 131.26 56.48 126.19 176.27 230.76 174.43 175.01 117.56 117.08 115.84 170.23 167.26 111.62 110.35 109.00 110.30 132.53 122.92 52.67 51.28 0.00 49.14 66.52 49.57 106.66 103.92 98.37 45.82 74.84 0.00 0.00 0.00 0.00 0.00 0.00 0.00 0.00 0.00 0.00 0.00 0.00 0.00 0.00 0.00 0.00 0.00 97.88 85.32 178.30 131.76 88.37 129.26 85.86 89.62 90.34 95.80 95.92 99.04 97.94 98.79 99.08 98.58 98.67 96.38 96.23 93.37 93.03 95.89 95.27 94.87 93.93 94.78
100.89 102.57 109.76 111.36 115.47 104.43 124.55 126.55 102.38 181.49 108.00 124.81 121.32 121.43 118.82 118.23 172.10 171.46 168.52 112.44 111.09 109.58 110.86 123.52 57.48 56.74 51.31 109.10 51.05 116.57 116.83 107.05 103.15 44.87 44.85 0.00 0.00 0.00 0.00 0.00 0.00 0.00 0.00 0.00 0.00 0.00 0.00 0.00 0.00 0.00 0.00 0.00 0.00 0.00 36.14 80.70 85.50 86.45 83.21 84.01 87.79 88.52 93.89 94.00 97.11 96.01 96.86 97.18 96.66 96.73 94.43 94.24 91.41 91.02 90.03 89.39 133.26 91.69 92.49
106.23 107.89 113.21 114.71 105.93 104.61 130.08 127.36 128.56 106.92 109.40 126.60 115.04 113.78 113.33 120.07 116.08 115.45 113.33 112.32 114.25 112.63 136.30 51.47 54.98 54.87 52.72 111.85 112.37 98.59 113.85 96.63 99.23 45.37 96.71 0.00 0.00 0.00 0.00 0.00 0.00 0.00 0.00 0.00 0.00 0.00 0.00 0.00 0.00 0.00 0.00 0.00 0.00 0.00 77.01 76.51 81.60 82.49 80.35 81.18 86.67 87.42 92.17 92.76 95.21 94.09 95.47 95.74 94.45 94.46 91.00 90.80 130.11 129.51 87.94 87.27 86.14 88.77 90.02
108.56 110.14 115.43 116.86 109.66 110.82 134.87 139.94 125.76 174.19 115.72 116.77 119.80 125.48 123.34 122.64 117.24 116.57 114.39 113.30 115.19 113.49 137.13 135.57 118.52 115.82 112.22 112.61 121.98 92.09 108.51 95.83 46.02 68.55 92.48 0.00 0.00 0.00 0.00 0.00 0.00 0.00 0.00 0.00 0.00 0.00 0.00 0.00 0.00 0.00 0.00 0.00 0.00 105.37 84.62 81.58 79.62 80.52 78.40 79.23 81.00 85.39 90.09 90.65 93.00 91.86 93.83 94.06 92.12 92.12 88.70 88.50 86.77 86.34 85.57 84.86 83.72 86.24 87.44
110.95 112.45 117.39 118.75 126.30 133.12 181.79 125.63 113.45 126.44 115.95 116.13 126.54 126.41 124.28 123.56 119.04 116.99 115.73 114.62 116.00 137.10 113.24 111.65 102.12 116.31 112.66 92.58 97.30 92.46 108.37 100.75 45.89 66.61 45.49 0.00 0.00 0.00 0.00 0.00 0.00 0.00 0.00 0.00 0.00 0.00 0.00 0.00 0.00 0.00 0.00 0.00 0.00 99.44 76.24 77.16 76.44 77.36 76.62 77.40 79.30 83.64 87.54 88.06 90.61 89.39 82.94 95.34 88.43 128.22 85.40 85.15 84.70 84.21 83.29 82.56 120.44 83.39 84.35
97.05 114.59 119.50 110.05 138.71 133.22 109.45 127.27 126.50 127.12 127.03 127.62 127.60 117.83 125.37 124.65 120.09 117.99 116.69 115.54 116.94 138.85 114.94 112.60 110.78 125.13 104.37 101.51 95.59 92.65 91.20 46.13 92.68 44.82 47.97 95.43 0.00 0.00 0.00 0.00 0.00 0.00 0.00 0.00 0.00 0.00 0.00 0.00 0.00 0.00 0.00 0.00 0.00 0.00 79.55 75.12 74.42 75.30 74.58 75.33 77.18 81.45 85.23 85.75 88.69 75.35 99.27 119.10 85.93 85.91 82.89 82.62 82.16 81.62 80.67 79.93 78.32 77.34 81.57
98.97 100.11 120.64 112.24 136.46 131.90 119.90 128.50 126.91 127.35 183.72 127.41 127.78 118.77 125.71 125.04 120.31 119.52 117.53 116.36 139.41 173.85 167.85 111.00 108.40 105.67 101.76 98.86 96.36 93.29 105.21 105.36 81.03 100.09 99.11 99.08 46.31 0.00 0.00 0.00 0.00 0.00 0.00 0.00 0.00 0.00 0.00 0.00 0.00 0.00 0.00 0.00 0.00 0.00 47.51 77.91 72.32 113.45 72.76 73.52 74.85 79.02 82.41 82.89 85.91 73.95 95.88 74.68 82.25 82.19 79.56 79.26 79.21 78.64 78.38 77.61 76.19 75.18 78.05
100.77 101.83 139.07 117.59 117.44 143.02 112.41 186.96 128.17 128.43 129.82 130.75 128.36 128.34 183.97 125.87 121.14 120.31 118.25 176.83 114.59 113.04 114.12 111.80 109.19 161.35 102.38 99.41 96.75 93.50 91.63 88.17 85.11 82.11 78.17 97.10 132.35 58.96 42.26 40.45 0.00 0.00 0.00 0.00 0.00 0.00 0.00 0.00 0.00 0.00 0.00 0.00 0.00 0.00 75.61 74.58 70.28 71.05 70.66 71.38 76.13 76.76 80.05 80.47 86.06 71.75 96.53 84.26 79.65 79.55 114.06 76.62 76.49 75.94 75.64 74.86 73.45 72.45 75.24
102.80 158.69 145.95 139.76 141.46 139.54 133.78 130.75 129.41 129.52 128.65 128.67 125.69 125.68 122.62 122.19 119.81 118.95 116.88 115.84 115.88 114.40 112.35 110.26 107.31 104.70 101.92 98.97 96.26 94.11 90.32 86.72 82.99 79.95 77.80 66.22 80.21 43.98 109.70 67.62 89.65 86.69 0.00 0.00 0.00 0.00 0.00 0.00 0.00 0.00 0.00 0.00 0.00 0.00 70.16 93.61 67.65 68.35 68.20 68.84 73.97 74.54 77.36 77.76 71.33 92.59 80.33 77.70 75.35 75.22 74.11 73.73 73.91 73.30 109.57 72.55 71.00 70.03 69.18
104.45 105.34 124.94 125.70 119.00 126.78 131.75 131.26 130.45 130.42 128.01 127.87 126.04 125.93 180.69 122.55 116.92 115.66 117.29 116.21 116.26 114.86 112.89 110.88 107.97 105.37 102.56 99.47 96.58 93.10 89.24 85.80 82.11 79.84 71.07 65.21 67.08 64.83 67.39 68.20 90.81 87.10 0.00 0.00 0.00 0.00 0.00 0.00 0.00 0.00 0.00 0.00 0.00 0.00 0.67 91.14 65.82 66.42 66.18 70.10 71.72 72.20 74.93 75.97 66.77 85.83 121.50 77.06 72.72 72.60 71.48 71.07 71.20 70.60 70.61 70.57 68.36 67.40 67.25
106.80 107.61 125.09 125.78 120.60 128.64 130.85 130.92 131.19 131.05 126.90 126.65 122.94 184.38 122.84 119.01 121.60 120.34 120.86 119.71 118.36 116.97 115.30 113.33 111.28 108.64 105.74 102.44 98.76 95.07 81.10 86.95 83.04 79.99 77.08 74.46 71.65 70.51 67.36 60.75 82.59 0.00 0.00 0.00 0.00 0.00 0.00 0.00 0.00 0.00 0.00 0.00 0.00 0.00 0.00 88.20 63.34 63.85 68.15 68.64 69.95 70.37 71.59 71.90 63.60 154.96 33.54 66.28 69.53 70.67 74.23 66.06 77.16 74.00 80.09 79.96 111.70 0.00 76.92
108.22 108.95 108.33 127.13 129.60 129.81 131.92 131.89 132.11 131.92 127.71 127.40 123.58 119.43 119.55 119.23 121.77 120.52 121.01 119.84 118.43 117.04 115.42 113.52 111.46 108.76 105.79 102.50 98.74 97.08 83.03 88.38 85.77 80.06 76.51 73.90 71.72 91.08 83.23 80.95 0.00 0.00 0.00 0.00 0.00 0.00 0.00 0.00 0.00 0.00 0.00 0.00 0.00 0.00 0.00 66.75 64.31 62.06 68.21 69.97 67.89 68.24 69.32 69.58 76.60 86.75 54.85 74.42 66.99 74.81 81.99 77.54 0.00 0.00 0.00 0.00 0.00 0.00 0.00
110.91 111.56 108.47 127.42 127.80 186.00 130.67 130.59 130.10 129.89 126.12 125.77 122.13 121.68 124.01 123.53 122.11 121.29 180.03 178.38 117.76 116.32 116.02 98.04 96.79 134.82 109.24 104.52 100.77 99.85 92.80 89.98 72.34 82.51 67.02 67.09 85.38 50.04 25.07 0.00 0.00 0.00 0.00 0.00 0.00 0.00 0.00 0.00 0.00 0.00 0.00 0.00 0.00 0.00 0.00 75.43 53.19 89.92 93.47 53.26 75.59 71.87 67.47 69.66 83.80 0.00 0.00 79.36 77.81 0.00 0.00 0.00 0.00 0.00 0.00 0.00 0.00 0.00 0.00
188.87 112.62 109.42 128.47 128.75 128.76 131.50 131.38 130.85 130.63 126.81 122.44 122.66 122.10 124.24 123.54 121.95 182.37 118.67 117.35 117.17 174.96 115.23 113.29 169.42 110.58 112.60 106.00 123.86 107.07 102.66 113.41 24.91 83.16 70.52 88.92 0.00 0.00 0.00 0.00 0.00 0.00 0.00 0.00 0.00 0.00 0.00 0.00 0.00 0.00 0.00 0.00 0.00 0.00 58.58 79.30 73.37 54.02 0.00 0.00 44.05 76.73 74.20 77.74 0.00 0.00 0.00 0.00 0.00 0.00 0.00 0.00 0.00 0.00 0.00 0.00 0.00 0.00 0.00
189.66 112.54 108.61 127.77 127.79 127.74 130.73 130.59 130.60 130.32 129.84 119.31 126.02 125.34 123.51 122.63 118.21 117.15 116.16 114.75 115.47 113.75 113.32 111.32 110.53 107.97 88.11 110.24 85.28 102.51 48.41 46.67 48.95 46.60 87.75 0.00 0.00 0.00 0.00 0.00 0.00 0.00 0.00 0.00 0.00 0.00 0.00 0.00 0.00 0.00 0.00 0.00 0.00 0.00 35.92 49.52 0.00 0.00 0.00 0.00 0.00 0.00 0.00 0.00 0.00 0.00 0.00 0.00 0.00 0.00 0.00 0.00 0.00 0.00 0.00 0.00 0.00 0.00 0.00
112.96 113.28 109.23 128.45 128.40 128.31 131.30 131.15 254.28 130.77 126.25 125.72 118.75 117.84 179.17 122.03 117.96 114.13 113.03 111.56 114.74 112.92 112.33 110.24 109.46 162.07 105.96 126.44 152.45 98.73 103.50 51.16 72.67 45.12 0.00 0.00 0.00 0.00 0.00 0.00 0.00 0.00 0.00 0.00 0.00 0.00 0.00 0.00 0.00 0.00 0.00 0.00 0.00 0.00 0.00 0.00 0.00 0.00 0.00 0.00 0.00 0.00 0.00 0.00 0.00 0.00 0.00 0.00 0.00 0.00 0.00 0.00 0.00 0.00 0.00 0.00 0.00 0.00 0.00
108.33 108.53 108.39 124.62 126.70 129.58 193.39 190.21 131.08 126.75 120.27 119.53 118.66 117.62 116.46 115.27 113.51 112.23 114.15 112.56 111.60 109.71 110.81 108.66 107.63 105.17 102.69 99.84 95.82 141.76 90.35 87.91 126.61 88.25 90.59 0.00 0.00 0.00 0.00 0.00 0.00 0.00 0.00 0.00 0.00 0.00 0.00 0.00 0.00 0.00 0.00 0.00 0.00 0.00 0.00 0.00 0.00 0.00 0.00 0.00 0.00 0.00 0.00 0.00 0.00 0.00 0.00 0.00 0.00 0.00 0.00 0.00 0.00 0.00 0.00 0.00 0.00 0.00 0.00
108.79 125.11 125.00 124.98 127.02 126.88 130.70 130.46 127.25 184.28 120.13 119.30 180.91 181.57 113.25 177.07 113.05 111.67 113.49 111.82 110.78 108.83 107.36 107.62 106.53 104.10 101.67 98.89 146.04 91.93 88.29 85.26 83.63 81.32 110.98 39.41 53.29 0.00 0.00 0.00 0.00 0.00 0.00 0.00 0.00 0.00 0.00 0.00 0.00 0.00 0.00 0.00 0.00 0.00 0.00 0.00 0.00 0.00 0.00 0.00 0.00 0.00 0.00 0.00 0.00 0.00 0.00 0.00 0.00 0.00 0.00 0.00 0.00 0.00 0.00 0.00 0.00 0.00 0.00
125.05 125.22 128.45 128.38 129.72 129.52 128.00 127.73 121.09 120.45 119.69 118.78 117.72 113.80 114.92 113.19 114.70 113.25 113.69 111.92 110.08 108.07 106.36 104.12 101.75 101.72 153.67 95.91 92.37 89.46 135.13 82.98 80.12 77.22 74.75 65.34 80.66 88.93 22.81 0.00 0.00 0.00 0.00 0.00 0.00 0.00 0.00 0.00 0.00 0.00 0.00 0.00 0.00 0.00 0.00 0.00 0.00 0.00 0.00 0.00 0.00 0.00 0.00 0.00 0.00 0.00 0.00 0.00 0.00 0.00 0.00 0.00 0.00 0.00 0.00 0.00 0.00 0.00 0.00
125.22 125.30 128.45 128.30 129.57 129.30 127.73 127.40 121.53 120.81 119.93 118.95 114.14 114.63 113.66 112.41 113.85 112.33 112.71 110.91 109.00 106.92 163.74 102.91 100.55 98.16 95.10 92.53 89.12 86.33 82.92 80.07 79.30 76.44 74.03 112.24 67.81 65.50 61.89 82.83 0.00 0.00 0.00 0.00 0.00 0.00 0.00 0.00 0.00 0.00 0.00 0.00 0.00 0.00 0.00 0.00 0.00 0.00 0.00 0.00 0.00 0.00 0.00 0.00 0.00 0.00 0.00 0.00 0.00 0.00 0.00 0.00 0.00 0.00 0.00 0.00 0.00 0.00 0.00
129.49 129.48 131.02 130.81 130.17 192.70 128.59 128.21 120.65 119.85 118.91 117.81 116.59 111.62 115.46 114.11 114.00 112.43 111.23 109.39 107.53 105.39 103.59 101.32 99.08 96.74 93.88 91.35 88.28 85.56 82.42 79.60 76.15 73.39 71.65 69.09 66.06 103.38 59.85 58.06 0.00 0.00 0.00 0.00 0.00 0.00 0.00 0.00 0.00 0.00 0.00 0.00 0.00 0.00 0.00 0.00 0.00 0.00 0.00 0.00 0.00 0.00 0.00 0.00 0.00 0.00 0.00 0.00 0.00 0.00 0.00 0.00 0.00 0.00 0.00 0.00 0.00 0.00 0.00
129.14 129.05 130.53 130.23 129.52 129.09 127.78 127.35 125.20 118.59 117.58 116.44 115.11 110.15 114.30 112.88 112.72 111.10 109.84 107.98 106.06 103.92 102.10 99.83 97.60 95.30 92.48 89.99 86.98 84.36 82.59 69.28 75.06 72.39 68.79 66.32 63.44 51.36 52.03 36.46 0.00 0.00 0.00 0.00 0.00 0.00 0.00 0.00 0.00 0.00 0.00 0.00 0.00 0.00 0.00 0.00 0.00 0.00 0.00 0.00 0.00 0.00 0.00 0.00 0.00 0.00 0.00 0.00 0.00 0.00 0.00 0.00 0.00 0.00 0.00 0.00 0.00 0.00 0.00
129.77 191.95 130.67 130.28 130.45 129.94 129.97 129.47 126.61 187.58 121.10 120.11 113.39 108.61 113.96 112.52 112.60 110.90 109.29 107.36 105.59 103.41 101.11 98.84 96.23 93.95 90.89 88.43 85.80 83.19 182.46 93.03 72.82 74.86 68.50 66.09 63.06 50.33 81.80 0.00 0.00 0.00 0.00 0.00 0.00 0.00 0.00 0.00 0.00 0.00 0.00 0.00 0.00 0.00 0.00 0.00 0.00 0.00 0.00 0.00 0.00 0.00 0.00 0.00 0.00 0.00 0.00 0.00 0.00 0.00 0.00 0.00 0.00 0.00 0.00 0.00 0.00 0.00 0.00
128.82 128.62 129.61 191.40 129.21 128.63 128.57 127.98 125.06 124.29 119.51 118.51 116.95 111.72 112.29 110.81 110.84 109.12 107.46 105.54 103.74 101.58 99.30 97.11 94.51 92.24 89.23 86.83 84.23 81.72 84.45 72.69 62.72 48.59 91.51 65.68 65.42 54.03 80.99 0.00 0.00 0.00 0.00 0.00 0.00 0.00 0.00 0.00 0.00 0.00 0.00 0.00 0.00 0.00 0.00 0.00 0.00 0.00 0.00 0.00 0.00 0.00 0.00 0.00 0.00 0.00 0.00 0.00 0.00 0.00 0.00 0.00 0.00 0.00 0.00 0.00 0.00 0.00 0.00
127.78 127.53 128.89 190.53 129.87 129.18 128.74 128.07 123.68 243.23 118.16 117.12 115.79 113.98 110.19 108.67 164.57 106.47 105.14 103.19 215.81 98.79 153.63 94.98 93.65 91.40 88.45 86.07 82.81 80.33 78.13 75.05 56.90 0.00 0.00 0.00 73.43 84.62 0.00 0.00 0.00 0.00 0.00 0.00 0.00 0.00 0.00 0.00 0.00 0.00 0.00 0.00 0.00 0.00 0.00 0.00 0.00 0.00 0.00 0.00 0.00 0.00 0.00 0.00 0.00 0.00 0.00 0.00 0.00 0.00 0.00 0.00 0.00 0.00 0.00 0.00 0.00 0.00 0.00
126.20 125.88 187.62 126.61 128.05 127.28 126.76 125.98 121.55 179.44 115.97 114.90 113.05 111.75 111.27 109.69 105.95 104.24 102.89 100.96 98.70 96.66 95.06 92.97 144.51 90.82 78.90 84.22 81.04 79.97 77.81 77.96 0.00 0.00 0.00 0.00 0.00 0.00 0.00 0.00 0.00 0.00 0.00 0.00 0.00 0.00 0.00 0.00 0.00 0.00 0.00 0.00 0.00 0.00 0.00 0.00 0.00 0.00 0.00 0.00 0.00 0.00 0.00 0.00 0.00 0.00 0.00 0.00 0.00 0.00 0.00 0.00 0.00 0.00 0.00 0.00 0.00 0.00 0.00
124.17 123.81 125.41 124.81 125.92 125.11 123.93 123.04 118.16 117.18 113.00 111.91 110.54 109.24 108.87 107.30 103.29 101.58 100.48 98.57 95.79 93.80 91.61 89.62 89.00 88.84 80.36 80.58 93.37 90.14 0.00 94.90 0.00 0.00 0.00 0.00 0.00 0.00 0.00 0.00 0.00 0.00 0.00 0.00 0.00 0.00 0.00 0.00 0.00 0.00 0.00 0.00 0.00 0.00 0.00 0.00 0.00 0.00 0.00 0.00 0.00 0.00 0.00 0.00 0.00 0.00 0.00 0.00 0.00 0.00 0.00 0.00 0.00 0.00 0.00 0.00 0.00 0.00 0.00
121.95 121.55 123.07 122.44 123.52 122.69 180.70 120.50 173.86 114.57 110.38 109.25 107.83 106.53 106.14 104.59 103.69 99.00 97.92 96.07 93.38 91.45 89.32 87.37 86.77 85.34 88.50 28.80 0.00 0.00 0.00 0.00 0.00 0.00 0.00 0.00 0.00 0.00 0.00 0.00 0.00 0.00 0.00 0.00 0.00 0.00 0.00 0.00 0.00 0.00 0.00 0.00 0.00 0.00 0.00 0.00 0.00 0.00 0.00 0.00 0.00 0.00 0.00 0.00 0.00 0.00 0.00 0.00 0.00 0.00 0.00 0.00 0.00 0.00 0.00 0.00 0.00 0.00 0.00
121.09 120.63 121.27 120.58 120.94 120.09 175.43 116.84 111.74 110.67 107.37 106.18 104.55 103.24 102.99 101.47 100.87 99.19 94.94 93.18 91.41 89.55 87.40 85.47 83.86 81.86 103.22 0.00 0.00 0.00 0.00 0.00 0.00 0.00 0.00 0.00 0.00 0.00 0.00 0.00 0.00 0.00 0.00 0.00 0.00 0.00 0.00 0.00 0.00 0.00 0.00 0.00 0.00 0.00 0.00 0.00 0.00 0.00 0.00 0.00 0.00 0.00 0.00 0.00 0.00 0.00 0.00 0.00 0.00 0.00 0.00 0.00 0.00 0.00 0.00 0.00 0.00 0.00 0.00
118.23 117.73 118.30 117.60 117.90 117.68 170.62 113.82 108.79 107.69 104.43 102.69 101.57 100.26 100.00 98.51 97.95 96.33 92.20 90.50 88.79 87.01 84.92 83.03 82.13 80.84 100.95 0.00 0.00 0.00 0.00 0.00 0.00 0.00 0.00 0.00 0.00 0.00 0.00 0.00 0.00 0.00 0.00 0.00 0.00 0.00 0.00 0.00 0.00 0.00 0.00 0.00 0.00 0.00 0.00 0.00 0.00 0.00 0.00 0.00 0.00 0.00 0.00 0.00 0.00 0.00 0.00 0.00 0.00 0.00 0.00 0.00 0.00 0.00 0.00 0.00 0.00 0.00 0.00
116.67 116.13 116.74 119.32 118.31 100.01 112.08 110.44 104.93 103.84 100.95 99.22 98.50 97.18 96.99 95.54 95.01 93.46 91.69 87.40 86.11 84.39 84.42 81.90 81.83 82.54 0.00 0.00 0.00 0.00 0.00 0.00 0.00 0.00 0.00 0.00 0.00 0.00 0.00 0.00 0.00 0.00 0.00 0.00 0.00 0.00 0.00 0.00 0.00 0.00 0.00 0.00 0.00 0.00 0.00 0.00 0.00 0.00 0.00 0.00 0.00 0.00 0.00 0.00 0.00 0.00 0.00 0.00 0.00 0.00 0.00 0.00 0.00 0.00 0.00 0.00 0.00 0.00 0.00
