ASPA-UH-SWB2_REPO/output/post_prcessed_with_MFR/net_infiltration_annual.asc
NCOLS 350
NROWS 200
XLLCENTER 515000.000000
YLLCENTER 8409000.000000
CELLSIZE 100.000000
NODATA_value -999.000000
[rows 105 to 139 of 200, columns 0 to 78 of 350]
0.00 0.00 0.00 0.00 0.00 0.00 0.00 0.00 0.00 0.00 0.00 0.00 0.00 0.00 0.00 0.00 0.00 0.00 0.00 0.00 0.00 0.00 0.00 0.00 0.00 0.00 0.00 0.00 0.00 0.00 0.00 0.00 0.00 0.00 0.00 0.00 0.00 0.00 34.80 45.94 45.88 47.18 70.17 71.51 74.01 75.45 56.81 58.30 122.43 62.93 63.37 87.80 88.20 67.01 67.80 69.37 70.47 72.01 73.80 75.24 76.64 152.63 78.36 79.52 79.78 80.78 82.50 83.33 84.95 85.73 88.44 105.74 106.25 123.58 125.28 125.61 129.01 175.89 132.06
0.00 0.00 0.00 0.00 0.00 0.00 0.00 0.00 0.00 0.00 0.00 0.00 0.00 0.00 0.00 0.00 0.00 0.00 0.00 0.00 0.00 0.00 0.00 0.00 0.00 0.00 0.00 0.00 0.00 0.00 0.00 0.00 0.00 0.00 0.00 0.00 0.00 0.00 36.44 47.12 70.53 71.89 72.39 50.96 51.82 53.28 78.94 80.47 84.00 120.75 54.01 66.94 91.77 69.90 70.97 72.54 73.97 75.54 77.15 78.60 78.82 80.14 80.31 81.45 83.04 84.05 86.20 87.06 87.92 88.69 88.16 88.74 88.82 123.35 126.93 127.27 129.85 130.00 132.64
0.00 0.00 0.00 0.00 0.00 0.00 0.00 0.00 0.00 0.00 0.00 0.00 0.00 0.00 0.00 0.00 0.00 0.00 0.00 0.00 0.00 0.00 0.00 0.00 0.00 0.00 0.00 0.00 0.00 0.00 0.00 0.00 0.00 0.00 0.00 0.00 0.00 14.38 62.94 48.80 71.58 72.97 50.66 52.07 52.95 54.41 57.32 120.38 85.23 86.83 153.08 157.56 121.73 71.10 72.11 73.71 75.12 76.62 78.24 79.65 79.82 81.10 81.26 82.37 83.94 84.92 87.08 87.94 167.62 89.50 89.03 89.61 89.68 124.47 126.17 268.67 129.14 131.20 133.88
0.00 0.00 0.00 0.00 0.00 0.00 0.00 0.00 0.00 0.00 0.00 0.00 0.00 0.00 0.00 0.00 0.00 0.00 0.00 0.00 0.00 0.00 0.00 0.00 0.00 0.00 0.00 0.00 0.00 0.00 0.00 0.00 0.00 0.00 90.84 92.93 44.73 70.17 71.13 104.01 50.67 74.88 76.06 54.73 114.39 56.43 57.19 58.67 62.32 149.38 67.19 68.81 70.20 208.99 213.36 145.77 77.10 78.60 80.58 81.98 82.18 83.44 83.83 84.97 86.82 87.79 89.51 90.36 90.55 91.27 90.07 90.64 90.18 125.23 126.12 174.37 128.24 128.45 177.26
0.00 0.00 0.00 0.00 0.00 0.00 0.00 0.00 0.00 0.00 0.00 0.00 0.00 0.00 0.00 0.00 0.00 0.00 0.00 0.00 0.00 0.00 0.00 0.00 0.00 0.00 0.00 0.00 0.00 0.00 0.00 0.00 0.00 40.95 65.09 66.33 98.00 69.62 71.28 72.67 74.34 189.58 76.97 55.64 55.85 57.35 58.11 59.59 63.27 64.83 68.12 69.71 71.08 72.63 73.83 75.36 77.90 79.36 81.31 82.67 82.83 84.04 162.13 85.49 87.32 88.30 89.99 90.85 91.02 91.74 90.52 91.09 90.61 125.81 126.78 127.14 128.86 177.26 130.33
0.00 0.00 0.00 0.00 0.00 0.00 0.00 0.00 0.00 0.00 0.00 0.00 0.00 0.00 0.00 0.00 0.00 0.00 0.00 0.00 0.00 0.00 0.00 0.00 0.00 0.00 0.00 0.00 0.00 0.00 0.00 0.00 32.12 34.64 55.47 55.42 71.12 48.96 49.03 50.45 131.61 44.54 44.77 235.97 57.96 59.48 59.85 61.36 62.75 129.61 67.18 68.72 69.96 71.44 73.36 74.85 78.00 79.43 155.30 82.40 83.85 85.04 86.07 87.15 88.22 89.17 170.07 90.59 90.10 90.78 171.75 155.61 90.79 108.34 109.38 127.50 127.87 128.12 176.13
0.00 0.00 0.00 0.00 0.00 0.00 0.00 0.00 0.00 0.00 0.00 0.00 0.00 0.00 0.00 0.00 0.00 0.00 0.00 0.00 0.00 0.00 0.00 0.00 0.00 0.00 0.00 0.00 0.00 0.00 38.38 39.40 30.82 55.46 33.22 59.97 61.34 198.22 50.36 51.12 53.53 96.08 56.01 57.50 120.10 60.15 60.49 62.00 63.38 130.52 67.77 203.73 70.48 71.94 73.83 75.26 78.39 79.78 230.80 82.66 84.07 85.24 86.24 87.28 88.31 169.01 89.78 90.60 171.15 90.77 89.83 90.38 107.80 108.33 109.37 109.72 110.09 128.20 128.06
0.00 0.00 0.00 0.00 0.00 0.00 0.00 0.00 0.00 0.00 0.00 0.00 0.00 0.00 0.00 0.00 0.00 0.00 0.00 0.00 0.00 0.00 0.00 0.00 0.00 0.00 0.00 0.00 0.00 0.00 38.60 77.05 63.37 63.87 32.38 44.21 69.99 48.54 105.12 51.58 52.75 54.18 115.62 57.69 59.55 61.06 62.15 63.66 63.98 65.45 66.19 134.42 138.58 140.91 73.24 74.63 77.44 151.21 79.75 80.96 82.98 84.08 85.67 86.68 165.88 246.97 87.98 88.76 88.09 88.82 88.77 89.36 107.93 108.36 109.19 109.57 109.15 130.53 130.62
0.00 0.00 0.00 0.00 0.00 0.00 0.00 0.00 0.00 0.00 0.00 0.00 0.00 0.00 0.00 0.00 0.00 0.00 0.00 0.00 0.00 0.00 0.00 0.00 0.00 0.00 0.00 0.00 0.00 0.00 43.50 58.15 108.15 41.46 40.05 41.37 43.60 48.99 50.60 52.03 53.19 54.61 56.65 177.91 59.95 123.29 189.06 63.98 64.27 65.72 66.41 67.79 69.03 140.85 73.28 74.63 148.76 78.66 154.25 80.78 82.76 159.50 85.38 164.33 86.70 87.52 166.50 88.33 168.35 88.29 88.29 105.68 107.28 107.85 108.62 109.02 108.64 129.98 130.06
0.00 0.00 0.00 0.00 0.00 0.00 0.00 0.00 0.00 0.00 0.00 0.00 0.00 0.00 0.00 0.00 0.00 0.00 0.00 0.00 0.00 0.00 0.00 0.00 0.00 0.00 0.00 0.00 0.00 0.00 45.78 68.42 45.68 46.97 48.04 44.37 46.89 102.20 50.37 51.79 52.88 54.27 55.94 57.38 59.00 60.42 61.71 126.89 64.01 65.43 65.09 66.41 67.30 68.57 71.12 72.39 74.44 75.64 77.68 78.78 80.96 81.99 83.52 84.49 84.52 85.30 84.95 164.49 85.82 86.44 104.76 105.34 106.85 237.74 107.45 107.87 173.03 108.06 130.11
0.00 0.00 0.00 0.00 0.00 0.00 0.00 0.00 0.00 0.00 0.00 0.00 0.00 0.00 0.00 0.00 0.00 0.00 0.00 0.00 0.00 0.00 0.00 0.00 0.00 0.00 0.00 0.00 0.00 67.85 68.81 68.62 68.69 47.19 48.26 49.63 47.06 48.37 154.48 108.85 53.01 54.40 56.03 57.44 59.06 60.44 61.68 63.03 63.87 65.25 64.87 66.14 66.97 75.26 77.86 79.18 81.26 82.54 84.64 85.80 88.04 156.38 82.82 83.76 238.56 84.55 84.17 84.84 101.35 102.03 103.73 104.30 105.77 106.34 106.37 106.88 106.63 107.10 129.03
0.00 0.00 0.00 0.00 0.00 0.00 0.00 0.00 0.00 0.00 0.00 0.00 0.00 0.00 0.00 0.00 0.00 0.00 0.00 0.00 0.00 0.00 0.00 0.00 0.00 0.00 0.00 0.00 0.00 69.99 67.67 45.99 69.35 70.65 71.64 50.21 51.69 53.07 49.35 50.69 51.99 53.34 54.58 55.94 116.70 58.42 59.59 60.87 61.26 62.52 62.87 124.65 73.23 74.54 77.25 78.48 80.73 81.97 84.58 85.74 86.83 87.87 88.14 81.29 81.52 176.59 99.09 162.12 101.73 102.38 104.48 105.05 105.84 170.77 105.69 106.15 105.98 126.96 128.74
0.00 0.00 0.00 0.00 0.00 0.00 0.00 0.00 0.00 0.00 0.00 0.00 0.00 0.00 0.00 0.00 0.00 0.00 0.00 0.00 0.00 0.00 0.00 0.00 0.00 0.00 0.00 0.00 0.00 96.02 68.61 46.94 58.18 70.66 71.63 50.19 51.65 53.00 54.64 56.07 109.32 53.15 54.36 55.66 56.78 112.88 178.16 60.43 60.74 61.95 68.87 70.13 72.46 73.72 76.34 77.58 79.74 80.90 83.47 84.61 85.69 86.72 94.68 95.67 96.01 96.83 97.72 98.46 100.31 100.93 102.99 103.55 104.33 104.85 104.14 104.60 124.75 125.25 127.06
0.00 0.00 0.00 0.00 0.00 0.00 0.00 0.00 0.00 0.00 0.00 0.00 0.00 0.00 0.00 0.00 0.00 0.00 0.00 0.00 0.00 0.00 0.00 0.00 0.00 0.00 0.00 0.00 55.69 44.67 32.58 68.08 62.16 47.41 48.53 96.76 99.02 52.47 54.01 55.41 56.15 51.85 52.29 53.52 54.76 62.01 63.05 64.34 65.45 66.70 69.51 70.71 73.94 75.18 77.35 78.57 80.56 81.70 82.92 84.03 142.16 92.39 93.11 94.05 95.89 96.72 98.59 99.30 101.15 101.78 103.33 103.86 104.07 104.60 103.01 103.46 123.21 123.73 125.88
0.00 0.00 0.00 0.00 0.00 0.00 0.00 0.00 0.00 0.00 0.00 0.00 0.00 0.00 0.00 0.00 0.00 0.00 0.00 0.00 0.00 0.00 0.00 0.00 0.00 0.00 0.00 0.00 68.34 44.57 36.42 56.52 71.44 47.85 48.25 49.55 51.73 53.03 54.55 54.92 107.09 56.93 57.45 58.68 59.96 61.20 62.22 120.00 64.48 65.68 68.41 69.52 72.64 73.86 75.96 77.11 79.07 80.18 81.34 147.08 89.59 90.66 91.35 92.29 94.10 94.92 96.79 97.48 99.28 99.87 101.37 101.92 102.14 102.65 101.09 101.54 121.02 121.55 123.70
0.00 0.00 0.00 0.00 0.00 0.00 0.00 0.00 0.00 0.00 0.00 0.00 0.00 0.00 0.00 0.00 0.00 0.00 0.00 0.00 0.00 0.00 0.00 0.00 0.00 0.00 30.58 84.47 41.81 34.68 39.13 56.95 70.52 90.67 47.25 48.48 51.21 100.86 53.70 54.96 55.07 56.30 56.01 57.20 59.03 60.22 116.27 62.98 64.77 65.92 69.59 70.69 73.31 74.46 76.46 77.58 78.66 79.72 79.34 80.41 87.86 88.92 90.08 91.02 93.05 93.88 96.33 97.03 98.74 99.30 100.26 100.81 221.66 100.41 98.40 98.89 118.58 119.11 121.27
0.00 0.00 0.00 0.00 0.00 0.00 0.00 0.00 0.00 0.00 0.00 0.00 0.00 0.00 0.00 0.00 0.00 0.00 0.00 0.00 0.00 0.00 28.18 37.43 77.33 38.85 39.75 80.98 40.88 77.31 66.85 46.36 89.16 45.10 46.77 47.94 50.62 51.82 53.00 54.21 54.26 106.94 107.45 57.16 58.93 60.03 60.66 61.69 63.41 64.47 68.04 69.09 71.62 72.69 74.62 75.66 76.66 77.69 77.29 140.28 85.57 86.61 87.74 88.69 90.72 91.58 93.98 94.69 96.40 96.96 97.89 98.42 157.76 98.09 96.14 115.69 116.04 116.60 118.74
0.00 0.00 0.00 0.00 0.00 0.00 0.00 0.00 0.00 0.00 0.00 0.00 0.00 0.00 0.00 0.00 0.00 0.00 17.22 71.60 34.33 72.87 34.73 35.36 35.72 36.46 77.19 38.01 81.40 64.28 43.33 44.30 44.73 45.76 47.97 49.12 47.66 39.51 52.02 53.16 52.79 53.89 55.30 56.36 58.33 59.39 60.62 170.94 63.74 63.82 67.18 68.16 71.03 72.04 73.82 74.82 74.58 75.55 74.37 82.07 83.11 84.11 85.33 86.26 87.84 88.72 91.69 92.40 94.50 95.09 94.95 95.50 93.61 94.15 93.01 112.23 113.00 113.59 115.01
0.00 0.00 0.00 0.00 0.00 0.00 0.00 0.00 0.00 0.00 0.00 0.00 0.00 0.00 0.00 0.00 0.00 0.00 0.00 24.70 34.16 34.71 73.03 35.13 35.48 36.20 36.91 37.68 38.87 62.55 66.37 43.84 44.20 45.18 47.30 48.38 37.43 51.36 51.14 52.19 51.77 52.80 54.13 55.11 57.01 57.99 59.15 60.05 62.08 62.99 66.19 67.09 68.96 69.88 71.55 72.50 231.96 73.17 72.00 79.48 80.49 81.43 82.58 83.45 85.00 85.84 88.77 89.50 91.59 149.32 92.11 149.18 148.84 91.39 108.55 109.18 109.98 110.62 112.07
0.00 0.00 0.00 0.00 0.00 0.00 0.00 0.00 0.00 0.00 0.00 0.00 0.00 0.00 0.00 0.00 0.00 0.00 0.00 0.00 26.48 34.03 34.11 34.69 35.24 35.95 37.19 35.53 40.73 55.86 57.50 43.98 45.70 33.42 48.00 49.01 49.69 50.76 49.81 50.81 50.41 51.36 53.00 53.92 55.80 56.69 57.69 58.54 60.34 61.16 64.62 65.45 68.33 69.16 70.07 121.64 55.93 70.08 126.45 70.05 77.66 78.54 79.83 80.63 81.28 82.08 84.79 85.57 88.12 184.16 143.00 88.67 87.06 87.63 105.31 105.99 106.58 107.27 108.11
0.00 0.00 0.00 0.00 0.00 0.00 0.00 0.00 0.00 0.00 0.00 0.00 0.00 0.00 0.00 0.00 0.00 0.00 0.00 0.00 0.00 0.00 0.00 0.00 34.92 35.57 36.79 37.49 40.24 64.54 59.22 38.03 77.04 36.63 47.21 48.17 93.91 49.72 48.73 49.66 49.21 50.08 51.65 52.50 54.26 55.07 56.01 56.78 58.50 59.23 62.54 63.28 66.70 51.68 122.06 68.42 121.93 68.34 67.38 67.32 74.62 75.45 76.65 77.39 77.99 78.79 81.44 82.22 137.14 123.61 84.84 85.48 137.94 84.58 101.88 102.60 103.25 104.00 104.90
0.00 0.00 0.00 0.00 0.00 0.00 0.00 0.00 0.00 0.00 0.00 0.00 0.00 0.00 0.00 0.00 0.00 0.00 0.00 0.00 0.00 0.00 0.00 0.00 0.00 28.79 37.49 38.85 54.37 0.00 63.28 59.28 40.02 38.73 36.56 35.68 46.62 93.22 46.49 47.32 94.26 48.62 50.58 51.34 52.72 53.46 54.16 54.86 56.78 57.44 60.27 60.91 57.12 59.10 59.25 72.40 69.70 52.12 64.90 65.60 66.45 73.06 73.49 74.22 74.23 74.98 76.79 77.57 115.81 66.84 80.73 133.67 80.84 98.29 98.85 99.62 99.44 100.26 100.83
0.00 0.00 0.00 0.00 0.00 0.00 0.00 0.00 0.00 0.00 0.00 0.00 0.00 0.00 0.00 0.00 0.00 0.00 0.00 0.00 0.00 0.00 0.00 0.00 0.00 0.00 0.00 0.00 0.00 0.00 0.00 0.00 68.17 19.88 36.05 78.91 45.62 46.40 45.33 46.10 46.52 47.23 49.09 39.28 51.11 51.73 52.34 52.99 104.54 43.58 44.26 47.93 60.17 77.06 81.61 0.00 131.60 66.35 62.13 62.75 51.41 69.85 71.05 71.74 71.79 71.63 73.38 74.13 76.83 111.55 127.73 78.06 90.76 91.58 95.21 96.00 95.90 96.78 97.45
0.00 0.00 0.00 0.00 0.00 0.00 0.00 0.00 0.00 0.00 0.00 0.00 0.00 0.00 0.00 0.00 0.00 0.00 0.00 0.00 0.00 0.00 0.00 0.00 0.00 0.00 0.00 0.00 0.00 0.00 0.00 0.00 0.00 61.29 38.72 45.05 43.08 43.76 43.83 44.52 45.71 46.35 36.91 37.63 49.38 49.95 50.43 50.96 53.05 53.56 55.83 79.81 28.13 0.00 0.00 0.00 0.00 85.79 63.08 60.33 60.37 54.64 67.51 68.16 68.36 69.03 69.97 70.67 72.27 59.76 60.31 74.69 87.04 91.17 91.44 92.27 126.84 92.70 93.64
0.00 0.00 0.00 0.00 0.00 0.00 0.00 0.00 0.00 0.00 0.00 0.00 0.00 0.00 0.00 0.00 0.00 0.00 0.00 0.00 0.00 0.00 0.00 0.00 0.00 0.00 0.00 0.00 0.00 0.00 0.00 0.00 0.00 0.00 54.78 43.38 85.22 42.71 85.96 43.31 44.43 44.99 35.37 36.00 47.77 48.28 48.68 49.12 51.11 44.03 79.15 0.00 0.00 0.00 0.00 0.00 0.00 0.00 21.26 62.24 57.59 63.46 64.44 56.15 65.29 65.92 66.86 67.49 69.83 70.51 57.95 72.16 86.55 87.40 87.74 121.88 88.17 89.15 90.16
0.00 0.00 0.00 0.00 0.00 0.00 0.00 0.00 0.00 0.00 0.00 0.00 0.00 0.00 0.00 0.00 0.00 0.00 0.00 0.00 0.00 0.00 0.00 0.00 0.00 0.00 0.00 0.00 0.00 0.00 0.00 0.00 0.00 0.00 39.79 56.61 52.23 36.29 44.56 43.15 43.29 43.76 33.89 34.44 45.62 46.06 46.67 47.04 49.43 45.49 0.00 0.00 0.00 0.00 0.00 0.00 0.00 0.00 72.46 61.26 98.18 54.86 60.89 61.50 139.62 62.77 63.39 64.03 66.05 66.72 55.27 68.57 83.17 81.08 84.16 84.40 84.62 85.65 86.95
0.00 0.00 0.00 0.00 0.00 0.00 0.00 0.00 0.00 0.00 0.00 0.00 0.00 0.00 0.00 0.00 0.00 0.00 0.00 0.00 0.00 0.00 0.00 0.00 0.00 0.00 0.00 0.00 0.00 0.00 0.00 0.00 0.00 0.00 38.86 0.00 0.00 0.00 57.67 64.72 64.81 42.46 43.29 43.70 44.78 44.46 45.02 45.99 39.03 62.81 0.00 0.00 0.00 0.00 0.00 0.00 0.00 0.00 62.08 47.06 51.84 40.45 58.15 47.75 51.23 51.24 60.52 61.14 63.08 54.30 57.46 95.58 79.66 77.50 78.10 81.74 82.03 83.12 83.77
0.00 0.00 0.00 0.00 0.00 0.00 0.00 0.00 0.00 0.00 0.00 0.00 0.00 0.00 0.00 0.00 0.00 0.00 0.00 0.00 0.00 0.00 0.00 0.00 0.00 0.00 0.00 0.00 0.00 0.00 0.00 0.00 0.00 0.00 0.00 0.00 0.00 0.00 0.00 0.00 0.00 64.30 64.83 67.86 36.49 45.48 43.04 34.77 52.04 0.00 0.00 0.00 0.00 0.00 0.00 0.00 0.00 0.00 42.72 110.08 40.16 49.29 55.29 69.12 102.17 58.33 57.64 58.23 50.62 73.32 55.39 63.96 75.64 73.70 65.82 78.42 79.31 80.45 81.49
0.00 0.00 0.00 0.00 0.00 0.00 0.00 0.00 0.00 0.00 0.00 0.00 0.00 0.00 0.00 0.00 0.00 0.00 0.00 0.00 0.00 0.00 0.00 0.00 0.00 0.00 0.00 0.00 0.00 0.00 0.00 0.00 0.00 0.00 0.00 0.00 0.00 0.00 0.00 0.00 0.00 0.00 0.00 0.00 0.00 66.86 41.57 54.64 0.00 0.00 0.00 0.00 0.00 0.00 0.00 0.00 0.00 0.00 0.00 54.36 48.03 53.73 54.25 69.06 82.93 59.87 55.11 48.68 40.83 0.00 43.24 62.58 72.54 70.52 62.55 75.42 76.35 77.53 78.60
0.00 0.00 0.00 0.00 0.00 0.00 0.00 0.00 0.00 0.00 0.00 0.00 0.00 0.00 0.00 0.00 0.00 0.00 0.00 0.00 0.00 0.00 0.00 0.00 0.00 0.00 0.00 0.00 0.00 0.00 0.00 0.00 0.00 0.00 0.00 0.00 0.00 0.00 0.00 0.00 0.00 0.00 0.00 0.00 0.00 0.00 55.49 0.00 0.00 0.00 0.00 0.00 0.00 0.00 0.00 0.00 0.00 0.00 0.00 0.00 60.30 74.56 0.00 0.00 0.00 96.96 54.53 75.87 0.00 0.00 0.00 79.20 69.20 64.75 61.50 64.48 73.30 74.47 75.51
0.00 0.00 0.00 0.00 0.00 0.00 0.00 0.00 0.00 0.00 0.00 0.00 0.00 0.00 0.00 0.00 0.00 0.00 0.00 0.00 0.00 0.00 0.00 0.00 0.00 0.00 0.00 0.00 0.00 0.00 0.00 0.00 0.00 0.00 0.00 0.00 0.00 0.00 0.00 0.00 0.00 0.00 0.00 0.00 0.00 0.00 0.00 0.00 0.00 0.00 0.00 0.00 0.00 0.00 0.00 0.00 0.00 0.00 0.00 0.00 0.00 0.00 0.00 0.00 0.00 0.00 75.22 0.00 0.00 0.00 0.00 76.30 67.95 65.55 59.12 56.66 72.10 100.58 72.96
0.00 0.00 0.00 0.00 0.00 0.00 0.00 0.00 0.00 0.00 0.00 0.00 0.00 0.00 0.00 0.00 0.00 0.00 0.00 0.00 0.00 0.00 0.00 0.00 0.00 0.00 0.00 0.00 0.00 0.00 0.00 0.00 0.00 0.00 0.00 0.00 0.00 0.00 0.00 0.00 0.00 0.00 0.00 0.00 0.00 0.00 0.00 0.00 0.00 0.00 0.00 0.00 0.00 0.00 0.00 0.00 0.00 0.00 0.00 0.00 0.00 0.00 0.00 0.00 0.00 0.00 0.00 0.00 0.00 0.00 0.00 0.00 87.92 0.00 0.00 78.11 68.82 68.62 63.06
0.00 0.00 0.00 0.00 0.00 0.00 0.00 0.00 0.00 0.00 0.00 0.00 0.00 0.00 0.00 0.00 0.00 0.00 0.00 0.00 0.00 0.00 0.00 0.00 0.00 0.00 0.00 0.00 0.00 0.00 0.00 0.00 0.00 0.00 0.00 0.00 0.00 0.00 0.00 0.00 0.00 0.00 0.00 0.00 0.00 0.00 0.00 0.00 0.00 0.00 0.00 0.00 0.00 0.00 0.00 0.00 0.00 0.00 0.00 0.00 0.00 0.00 0.00 0.00 0.00 0.00 0.00 0.00 0.00 0.00 0.00 0.00 0.00 0.00 0.00 0.00 107.93 58.90 78.00
0.00 0.00 0.00 0.00 0.00 0.00 0.00 0.00 0.00 0.00 0.00 0.00 0.00 0.00 0.00 0.00 0.00 0.00 0.00 0.00 0.00 0.00 0.00 0.00 0.00 0.00 0.00 0.00 0.00 0.00 0.00 0.00 0.00 0.00 0.00 0.00 0.00 0.00 0.00 0.00 0.00 0.00 0.00 0.00 0.00 0.00 0.00 0.00 0.00 0.00 0.00 0.00 0.00 0.00 0.00 0.00 0.00 0.00 0.00 0.00 0.00 0.00 0.00 0.00 0.00 0.00 0.00 0.00 0.00 0.00 0.00 0.00 0.00 0.00 0.00 0.00 78.58 67.44 77.53
0.00 0.00 0.00 0.00 0.00 0.00 0.00 0.00 0.00 0.00 0.00 0.00 0.00 0.00 0.00 0.00 0.00 0.00 0.00 0.00 0.00 0.00 0.00 0.00 0.00 0.00 0.00 0.00 0.00 0.00 0.00 0.00 0.00 0.00 0.00 0.00 0.00 0.00 0.00 0.00 0.00 0.00 0.00 0.00 0.00 0.00 0.00 0.00 0.00 0.00 0.00 0.00 0.00 0.00 0.00 0.00 0.00 0.00 0.00 0.00 0.00 0.00 0.00 0.00 0.00 0.00 0.00 0.00 0.00 0.00 0.00 0.00 0.00 0.00 0.00 0.00 73.92 0.00 0.00
