ASPA-UH-SWB2_REPO/output/post_prcessed_with_MFR/net_infiltration_annual.asc
NCOLS 350
NROWS 200
XLLCENTER 515000.000000
YLLCENTER 8409000.000000
CELLSIZE 100.000000
NODATA_value -999.000000
[rows 35 to 69 of 200, columns 237 to 315 of 350]
0.00 0.00 0.00 0.00 0.00 0.00 0.00 0.00 0.00 0.00 0.00 0.00 0.00 0.00 0.00 0.00 0.00 0.00 0.00 0.00 0.00 0.00 0.00 0.00 0.00 0.00 0.00 0.00 0.00 0.00 0.00 0.00 0.00 0.00 0.00 0.00 0.00 0.00 0.00 0.00 0.00 0.00 0.00 0.00 0.00 0.00 0.00 0.00 0.00 0.00 0.00 0.00 0.00 0.00 0.00 0.00 0.00 0.00 0.00 0.00 0.00 0.00 0.00 0.00 0.00 0.00 0.00 0.00 0.00 0.00 0.00 0.00 0.00 0.00 0.00 0.00 0.00 0.00 0.00
0.00 0.00 0.00 0.00 0.00 0.00 0.00 0.00 0.00 0.00 0.00 0.00 0.00 0.00 0.00 0.00 0.00 0.00 0.00 0.00 0.00 0.00 0.00 0.00 0.00 0.00 0.00 0.00 0.00 0.00 0.00 0.00 0.00 0.00 0.00 0.00 0.00 0.00 0.00 0.00 0.00 0.00 0.00 0.00 0.00 0.00 0.00 0.00 0.00 0.00 0.00 0.00 0.00 0.00 0.00 0.00 0.00 0.00 0.00 0.00 0.00 0.00 0.00 0.00 0.00 0.00 0.00 0.00 0.00 0.00 0.00 0.00 0.00 0.00 0.00 0.00 0.00 0.00 0.00
0.00 0.00 0.00 0.00 0.00 0.00 0.00 0.00 0.00 0.00 0.00 0.00 0.00 0.00 0.00 0.00 0.00 0.00 0.00 0.00 0.00 0.00 0.00 0.00 0.00 0.00 0.00 0.00 0.00 0.00 0.00 0.00 0.00 0.00 0.00 0.00 0.00 0.00 0.00 0.00 0.00 0.00 0.00 0.00 0.00 0.00 0.00 0.00 0.00 0.00 0.00 0.00 0.00 0.00 0.00 0.00 0.00 0.00 0.00 0.00 0.00 0.00 0.00 0.00 0.00 0.00 0.00 0.00 0.00 0.00 0.00 0.00 0.00 0.00 0.00 0.00 0.00 0.00 0.00
0.00 0.00 0.00 0.00 0.00 0.00 0.00 0.00 0.00 0.00 0.00 0.00 0.00 0.00 0.00 0.00 0.00 0.00 0.00 0.00 0.00 0.00 0.00 0.00 0.00 0.00 0.00 0.00 0.00 0.00 0.00 0.00 0.00 0.00 0.00 0.00 0.00 0.00 0.00 0.00 0.00 0.00 0.00 0.00 0.00 0.00 0.00 0.00 0.00 0.00 0.00 0.00 0.00 0.00 0.00 0.00 0.00 0.00 0.00 0.00 0.00 0.00 0.00 0.00 0.00 0.00 0.00 0.00 0.00 0.00 0.00 0.00 0.00 0.00 0.00 0.00 0.00 0.00 0.00
0.00 0.00 0.00 0.00 0.00 0.00 0.00 0.00 0.00 0.00 0.00 0.00 0.00 0.00 0.00 0.00 0.00 0.00 0.00 0.00 0.00 0.00 0.00 0.00 0.00 0.00 0.00 0.00 0.00 0.00 0.00 0.00 0.00 0.00 0.00 0.00 0.00 0.00 0.00 0.00 0.00 0.00 0.00 0.00 0.00 0.00 0.00 0.00 0.00 0.00 0.00 0.00 0.00 0.00 0.00 0.00 0.00 0.00 0.00 0.00 0.00 0.00 0.00 0.00 0.00 0.00 0.00 0.00 0.00 0.00 0.00 0.00 0.00 0.00 0.00 0.00 0.00 0.00 0.00
0.00 0.00 0.00 0.00 0.00 0.00 0.00 0.00 0.00 0.00 0.00 0.00 0.00 0.00 0.00 0.00 0.00 0.00 0.00 0.00 0.00 0.00 0.00 0.00 0.00 0.00 0.00 0.00 0.00 0.00 0.00 0.00 0.00 0.00 0.00 0.00 0.00 0.00 0.00 0.00 0.00 0.00 0.00 0.00 0.00 0.00 0.00 0.00 0.00 0.00 0.00 0.00 0.00 0.00 0.00 0.00 0.00 0.00 0.00 0.00 0.00 0.00 0.00 0.00 0.00 0.00 0.00 0.00 0.00 46.65 0.00 0.00 0.00 0.00 0.00 0.00 0.00 0.00 0.00
0.00 28.79 0.00 0.00 0.00 0.00 0.00 0.00 0.00 0.00 0.00 0.00 0.00 0.00 0.00 0.00 0.00 0.00 0.00 0.00 0.00 0.00 0.00 0.00 0.00 0.00 0.00 0.00 0.00 0.00 0.00 0.00 0.00 0.00 0.00 0.00 0.00 0.00 0.00 0.00 0.00 0.00 0.00 0.00 0.00 0.00 0.00 0.00 0.00 0.00 0.00 0.00 0.00 0.00 0.00 0.00 0.00 0.00 0.00 0.00 0.00 0.00 0.00 0.00 0.00 0.00 0.00 0.00 0.00 67.33 42.51 0.00 0.00 0.00 0.00 0.00 0.00 0.00 0.00
0.00 48.89 0.00 0.00 0.00 0.00 0.00 52.66 47.73 0.00 0.00 0.00 0.00 0.00 0.00 0.00 0.00 0.00 0.00 0.00 0.00 0.00 0.00 0.00 0.00 0.00 0.00 0.00 0.00 0.00 0.00 0.00 0.00 0.00 0.00 0.00 0.00 0.00 0.00 0.00 0.00 0.00 0.00 0.00 0.00 0.00 0.00 0.00 0.00 0.00 0.00 0.00 0.00 0.00 0.00 0.00 0.00 0.00 0.00 0.00 0.00 0.00 0.00 0.00 0.00 0.00 0.00 0.00 59.44 67.42 65.37 63.77 59.29 66.09 79.28 0.00 0.00 60.51 0.00
0.00 50.64 58.99 0.00 0.00 48.26 56.13 54.56 49.60 0.00 0.00 0.00 0.00 46.86 46.29 0.00 0.00 0.00 0.00 0.00 0.00 0.00 0.00 0.00 0.00 0.00 0.00 0.00 0.00 0.00 0.00 0.00 0.00 0.00 0.00 0.00 0.00 0.00 0.00 0.00 0.00 0.00 0.00 0.00 0.00 0.00 0.00 0.00 0.00 0.00 0.00 0.00 0.00 0.00 0.00 0.00 0.00 0.00 0.00 0.00 0.00 0.00 0.00 0.00 0.00 0.00 64.13 69.60 65.99 45.39 43.30 66.51 66.97 43.32 43.05 63.83 42.83 60.32 0.00
0.00 85.06 61.43 92.09 58.81 57.65 89.23 56.55 51.54 52.31 0.00 0.00 50.06 48.60 47.96 77.98 0.00 0.00 0.00 0.00 0.00 0.00 0.00 0.00 0.00 0.00 0.00 0.00 0.00 0.00 0.00 0.00 0.00 0.00 0.00 0.00 0.00 0.00 0.00 0.00 0.00 0.00 0.00 0.00 0.00 0.00 0.00 0.00 0.00 0.00 0.00 0.00 0.00 0.00 0.00 0.00 0.00 0.00 0.00 0.00 0.00 0.00 0.00 0.00 0.00 0.00 48.85 66.28 46.92 45.70 43.60 43.64 43.49 43.22 42.94 64.76 42.98 35.69 66.15
0.00 54.83 54.43 61.33 60.91 59.72 92.30 58.57 53.53 54.34 53.66 52.64 52.01 50.49 49.76 49.87 0.00 0.00 0.00 0.00 0.00 0.00 0.00 0.00 0.00 0.00 0.00 0.00 0.00 0.00 0.00 0.00 0.00 0.00 0.00 0.00 0.00 0.00 0.00 0.00 0.00 0.00 0.00 0.00 0.00 0.00 0.00 0.00 0.00 0.00 0.00 0.00 0.00 0.00 0.00 0.00 0.00 0.00 0.00 0.00 0.00 29.38 0.00 0.00 0.00 80.18 50.94 47.62 47.65 46.37 46.34 44.26 44.13 65.47 43.55 44.06 43.56 35.60 33.30
0.00 99.90 56.23 52.64 95.88 94.81 60.13 61.71 56.60 57.71 57.02 56.99 56.29 54.77 53.94 0.00 0.00 0.00 0.00 0.00 0.00 0.00 0.00 0.00 0.00 0.00 0.00 0.00 0.00 0.00 0.00 0.00 0.00 0.00 0.00 0.00 0.00 0.00 0.00 0.00 0.00 0.00 0.00 0.00 0.00 0.00 0.00 0.00 0.00 0.00 0.00 0.00 0.00 0.00 0.00 0.00 0.00 0.00 0.00 0.00 0.00 58.93 43.52 63.36 64.84 45.34 43.25 48.34 48.28 46.90 46.85 44.82 44.58 46.14 45.80 37.03 45.97 60.02 56.60
108.44 148.60 58.30 54.62 63.73 98.07 62.29 63.88 58.70 59.85 67.13 80.24 0.00 0.00 0.00 0.00 0.00 0.00 0.00 0.00 0.00 0.00 0.00 0.00 0.00 0.00 0.00 0.00 66.40 54.34 0.00 0.00 0.00 0.00 0.00 0.00 0.00 0.00 0.00 0.00 0.00 0.00 0.00 0.00 0.00 0.00 0.00 0.00 0.00 0.00 0.00 0.00 0.00 0.00 0.00 0.00 0.00 0.00 0.00 0.00 0.00 41.93 32.21 38.11 37.54 60.41 42.49 40.51 48.93 47.52 47.42 45.34 45.11 46.65 46.29 47.01 37.32 59.43 58.65
109.91 58.33 57.91 66.51 66.08 68.18 67.56 69.77 64.41 72.54 85.02 0.00 0.00 0.00 0.00 0.00 0.00 0.00 0.00 0.00 0.00 0.00 0.00 0.00 0.00 0.00 0.00 0.00 45.76 55.84 0.00 0.00 0.00 0.00 0.00 0.00 0.00 0.00 0.00 0.00 0.00 0.00 0.00 0.00 0.00 0.00 0.00 0.00 0.00 0.00 0.00 0.00 0.00 0.00 0.00 0.00 0.00 0.00 0.00 0.00 42.48 42.14 33.12 50.27 42.23 41.81 41.89 40.81 40.86 48.09 48.00 40.63 46.64 48.41 39.00 59.34 47.28 67.45 45.09
102.47 60.31 70.02 68.76 68.35 70.46 69.82 72.09 92.86 83.47 89.60 0.00 0.00 0.00 0.00 0.00 0.00 0.00 0.00 0.00 0.00 0.00 0.00 0.00 50.99 49.28 48.66 66.31 56.20 57.17 56.70 0.00 0.00 0.00 0.00 0.00 0.00 0.00 0.00 0.00 53.29 0.00 0.00 0.00 0.00 0.00 0.00 0.00 0.00 0.00 0.00 0.00 0.00 0.00 0.00 0.00 0.00 0.00 0.00 42.80 42.98 42.64 33.60 68.47 61.08 42.28 42.37 77.90 41.35 40.32 46.38 40.72 47.14 48.89 39.47 59.89 47.72 46.18 45.53
101.56 72.63 72.21 75.54 75.05 76.64 75.99 98.74 51.20 77.83 0.00 0.00 0.00 0.00 0.00 0.00 0.00 0.00 0.00 0.00 0.00 0.00 0.00 84.22 74.90 72.55 44.39 48.55 58.73 59.53 59.02 58.86 58.29 57.76 50.11 0.00 0.00 0.00 0.00 0.00 55.69 66.61 73.37 64.92 0.00 0.00 0.00 0.00 0.00 0.00 0.00 0.00 0.00 0.00 0.00 0.00 0.00 0.00 0.00 35.06 61.93 42.93 43.13 34.19 60.89 41.89 42.10 60.33 41.90 41.26 41.89 41.20 47.82 92.99 39.87 47.58 46.96 45.39 66.03
75.75 74.86 74.48 77.84 77.36 102.44 101.13 53.44 52.36 58.79 54.18 0.00 0.00 0.00 0.00 0.00 0.00 0.00 0.00 0.00 0.00 0.00 56.54 77.02 76.20 66.94 43.26 49.70 60.01 60.77 60.26 60.06 59.55 58.90 58.42 76.64 49.31 0.00 0.00 0.00 115.10 67.76 51.58 94.35 67.68 67.53 59.42 28.80 0.00 0.00 0.00 0.00 0.00 0.00 0.00 0.00 0.00 0.00 0.00 35.48 44.26 43.38 43.57 42.71 43.05 42.35 42.46 42.42 60.87 41.66 34.62 48.48 48.16 48.95 48.46 47.89 47.28 45.64 66.39
77.90 82.06 81.64 84.95 94.07 106.40 82.22 80.40 93.28 55.83 93.95 95.88 124.33 0.00 0.00 0.00 0.00 0.00 0.00 84.90 83.82 58.24 80.02 53.71 52.83 68.87 45.79 77.76 62.39 62.67 62.11 61.05 60.47 59.39 58.87 59.01 58.57 0.00 0.00 72.33 58.53 55.50 52.44 51.38 45.13 45.60 50.61 42.87 56.49 65.57 0.00 0.00 0.00 0.00 0.00 0.00 0.00 0.00 0.00 0.00 45.67 44.23 44.41 43.22 43.36 42.60 42.72 42.51 42.52 41.73 34.93 40.31 47.25 47.50 47.01 68.78 46.18 45.35 44.55
80.04 84.30 83.88 93.94 110.04 109.31 104.10 105.74 92.87 91.90 74.35 110.55 72.83 61.67 88.32 29.46 85.94 89.23 88.01 63.51 84.54 82.34 58.49 54.85 53.91 70.65 72.17 58.83 61.88 63.76 63.17 81.67 61.50 79.52 59.84 60.00 59.58 52.29 0.00 75.37 59.49 56.41 53.30 52.19 45.91 46.33 46.73 67.67 47.98 44.90 35.18 43.59 42.70 0.00 0.00 0.00 0.00 0.00 0.00 0.00 46.63 44.50 44.65 43.42 43.55 42.81 42.95 42.65 42.74 61.57 40.66 40.51 79.42 47.70 67.69 46.94 46.26 43.32 44.70
85.37 89.90 89.45 97.16 73.06 111.51 166.87 84.65 78.96 75.85 74.86 73.23 72.14 73.71 67.17 67.18 73.34 101.96 65.29 61.42 60.29 57.64 56.59 55.56 76.69 90.11 84.39 59.21 63.14 62.34 61.65 81.78 81.03 60.72 60.19 61.21 60.81 66.85 49.65 81.39 84.50 57.55 57.08 52.39 46.07 65.92 46.44 46.43 45.83 44.29 43.98 61.89 43.06 44.49 0.00 0.00 0.00 0.00 0.00 0.00 0.00 50.87 46.33 45.62 45.72 43.85 43.99 41.66 41.69 40.27 39.03 40.40 40.10 40.19 45.87 46.07 45.41 44.81 44.08
87.43 92.02 100.24 76.27 97.13 76.65 73.91 86.58 121.28 77.63 116.20 74.91 73.79 75.31 74.04 110.68 72.02 67.83 66.50 63.16 58.58 88.34 80.95 80.53 90.65 90.35 66.57 66.57 63.95 63.12 64.31 62.80 62.20 61.45 60.94 61.93 61.53 64.94 80.75 96.81 100.12 58.29 57.82 55.82 46.56 47.18 46.99 65.96 46.32 44.76 44.41 43.72 62.85 45.62 0.00 0.00 0.00 0.00 0.00 0.00 77.20 42.12 47.25 45.81 45.86 43.94 44.02 41.59 41.73 40.33 38.09 39.33 38.89 40.12 39.67 46.05 45.42 44.83 44.03
92.59 95.43 101.04 90.03 131.41 76.96 76.10 74.91 82.18 118.49 116.97 76.54 75.35 76.73 75.35 72.56 108.35 101.63 64.19 60.74 82.58 59.17 70.19 70.56 87.92 83.13 87.83 87.09 64.09 84.84 63.80 62.82 82.09 62.90 53.17 62.78 62.37 85.48 104.24 60.96 80.17 58.48 76.70 56.27 46.90 47.10 66.04 46.08 64.85 63.07 43.72 44.72 44.32 48.97 0.00 0.00 0.00 0.00 0.00 0.00 93.62 45.71 51.84 46.75 46.52 80.59 43.19 39.77 39.92 41.07 38.76 41.91 41.56 42.22 41.74 41.29 47.07 46.52 45.08
94.47 80.58 80.75 135.50 95.93 78.77 77.88 116.91 83.78 79.36 78.20 77.87 76.59 77.97 115.28 73.57 72.12 66.37 87.92 74.22 72.74 71.50 70.15 69.81 69.22 90.18 89.05 88.18 65.90 85.12 81.04 106.06 85.52 86.81 86.28 63.25 62.85 85.93 62.70 61.45 61.00 58.98 58.54 56.79 47.31 47.48 46.84 46.43 46.06 44.47 44.13 44.94 44.95 49.45 70.30 25.47 68.20 82.32 67.26 65.76 45.27 44.43 39.92 46.88 46.79 43.15 43.11 39.63 37.52 38.78 38.63 41.79 41.44 42.09 41.62 41.16 64.02 46.30 45.60
140.20 98.12 140.57 97.39 96.66 94.59 93.69 90.18 84.22 80.10 78.86 78.12 76.76 75.53 74.03 69.00 67.53 77.71 76.11 76.23 74.69 74.34 72.86 71.81 70.53 69.44 68.35 67.14 89.11 88.35 64.94 64.73 64.20 64.08 87.04 85.99 82.39 85.28 84.84 84.14 60.92 59.33 58.94 56.58 47.06 46.45 46.00 45.63 45.27 64.23 44.70 46.01 46.03 47.39 69.68 36.12 50.74 69.22 49.50 71.64 60.29 49.32 47.87 63.77 44.87 59.72 40.94 37.60 37.56 40.05 39.90 41.97 41.66 41.92 41.44 60.97 62.94 62.74 59.21
97.28 99.65 99.12 98.87 141.82 95.96 95.01 91.38 85.37 81.17 79.86 79.00 118.42 76.26 74.74 69.61 81.56 78.16 76.54 76.62 74.96 74.60 73.05 71.96 70.61 69.50 68.38 67.17 66.32 65.56 64.95 64.83 64.23 64.13 63.67 63.30 85.78 86.13 77.35 95.01 61.21 59.62 59.22 72.11 51.63 46.70 46.24 45.86 45.52 45.29 45.00 46.33 46.37 47.71 45.01 37.65 39.77 36.94 39.42 34.35 63.54 48.02 46.99 44.76 63.29 59.58 40.76 37.38 37.40 39.85 39.61 41.69 41.38 41.66 41.18 40.49 39.87 39.02 38.97
97.22 98.22 97.65 97.86 97.05 94.14 93.11 89.86 83.84 80.95 79.59 77.04 75.60 112.74 110.58 83.45 81.57 82.18 80.39 80.35 78.60 77.07 75.46 73.77 72.38 70.95 69.82 68.86 68.00 67.27 66.67 66.35 65.82 65.32 64.91 86.68 86.36 74.62 85.61 61.15 60.77 58.91 58.46 56.40 70.87 46.70 46.24 46.72 46.38 46.62 46.32 46.77 46.61 47.97 44.55 38.68 37.16 40.28 38.47 61.36 48.69 44.59 44.42 42.29 42.07 61.30 38.46 38.69 38.66 40.12 39.98 40.89 40.47 40.36 39.90 39.41 38.81 38.26 37.67
98.37 144.99 98.73 98.88 143.04 95.03 93.94 90.59 84.52 81.55 80.12 77.48 75.91 73.17 85.66 83.58 81.64 82.19 80.29 80.21 78.43 76.84 75.17 73.51 72.06 70.64 69.48 68.57 56.54 66.99 66.37 66.07 65.54 65.08 78.01 75.80 77.97 104.62 62.05 61.10 60.78 58.87 58.47 53.56 46.92 46.73 46.31 46.79 46.44 46.65 46.39 46.88 46.73 48.04 48.08 48.67 86.53 65.92 39.93 71.96 47.18 44.41 44.22 38.55 43.51 41.44 38.14 38.44 38.26 39.69 39.54 40.43 40.02 40.03 39.61 39.13 38.60 37.95 37.37
97.72 97.91 97.28 96.11 95.24 92.22 91.05 88.87 82.82 96.38 94.64 92.84 90.96 89.36 87.39 87.15 85.07 84.47 82.50 80.68 78.77 77.06 75.43 74.20 73.42 72.05 70.21 71.40 63.21 77.17 70.60 59.10 59.54 77.87 87.29 83.04 63.32 62.96 62.67 61.43 61.08 58.38 58.00 53.33 46.71 47.17 46.76 47.43 47.07 47.17 46.90 47.19 47.03 47.36 47.37 46.98 65.70 46.94 37.42 67.37 44.14 44.06 43.93 36.58 44.09 36.15 42.09 38.74 38.53 39.76 39.59 40.10 39.69 39.20 38.82 38.07 37.57 36.91 74.59
98.42 190.64 97.84 142.09 124.01 108.66 107.29 104.80 98.37 96.45 94.68 92.80 90.83 89.11 87.04 86.76 84.61 83.92 81.89 80.01 78.08 76.36 96.85 73.44 74.65 86.26 97.64 51.02 87.96 51.38 49.00 78.16 85.00 88.42 63.98 63.12 62.93 63.25 62.35 61.10 60.81 58.10 57.79 55.95 46.54 46.98 46.57 47.26 46.92 47.00 46.73 47.00 46.83 47.16 46.94 46.75 46.51 46.88 45.93 84.31 59.61 43.69 43.49 43.24 42.95 41.92 41.58 38.26 38.07 39.25 39.07 39.57 39.30 38.59 58.07 37.51 37.04 36.50 35.95
97.82 96.51 95.74 94.84 110.12 109.65 108.23 106.52 99.93 97.95 96.06 95.39 93.38 91.81 89.61 88.27 86.04 84.11 81.99 79.09 77.18 75.47 73.75 72.67 65.61 85.06 88.71 49.38 0.00 0.00 0.00 0.00 89.69 63.29 63.02 86.90 78.90 70.68 53.38 60.46 60.13 57.93 76.42 56.38 46.97 38.91 65.52 46.04 45.59 64.79 45.43 64.91 102.65 45.63 45.41 45.16 44.88 62.87 67.67 67.44 44.39 45.03 44.61 43.94 43.61 41.62 41.41 37.58 37.37 39.15 38.98 39.60 30.40 38.15 37.81 37.11 36.63 36.45 35.84
85.24 96.64 95.81 111.26 110.02 109.52 107.99 106.24 99.55 97.48 95.51 94.78 92.66 91.05 88.77 87.35 85.06 83.11 80.96 78.04 76.10 74.41 72.71 59.40 61.40 61.56 94.06 0.00 0.00 0.00 0.00 0.00 76.37 85.90 76.00 44.82 59.74 91.43 61.72 97.74 78.33 57.45 57.17 75.43 50.84 38.50 45.76 45.61 83.59 45.36 64.00 45.38 45.18 45.20 44.97 45.78 45.60 44.73 44.32 59.95 43.85 44.45 44.02 43.33 42.99 41.02 40.70 39.81 36.71 58.17 78.21 39.18 38.92 37.64 37.30 36.62 36.22 36.73 36.82
84.59 112.93 111.92 112.47 111.12 110.98 109.38 107.38 100.58 98.33 96.26 95.03 92.80 90.96 88.59 86.57 84.23 82.23 80.75 78.87 75.55 63.25 64.25 61.97 61.31 89.76 0.00 0.00 0.00 0.00 0.00 0.00 0.00 0.00 0.00 0.00 56.63 85.75 60.16 58.90 58.74 58.06 57.79 56.98 51.83 50.47 49.99 44.47 44.10 44.11 43.69 44.17 43.95 81.70 45.33 45.45 44.96 44.90 44.56 67.98 45.55 45.04 44.02 42.69 42.37 40.25 39.90 39.35 36.32 38.23 38.18 39.74 43.48 43.74 37.34 37.99 39.62 32.13 26.09
84.27 112.49 111.41 111.87 110.41 110.18 136.49 133.76 99.58 97.27 95.14 93.82 91.53 89.63 87.21 85.16 82.84 104.28 105.44 72.16 93.19 78.07 89.41 0.00 0.00 0.00 0.00 0.00 0.00 0.00 0.00 0.00 0.00 0.00 0.00 0.00 0.00 103.54 78.54 58.83 57.98 57.31 57.10 56.34 51.28 49.87 49.48 48.12 43.63 43.62 43.16 62.33 44.54 44.83 44.57 44.80 96.86 44.43 43.90 66.53 68.30 59.82 43.95 41.97 58.34 30.91 39.25 35.91 35.77 37.68 40.44 48.90 75.07 57.02 59.71 55.21 57.60 57.30 56.29
102.91 112.33 111.17 111.02 109.49 108.61 106.86 105.56 98.63 97.46 95.24 92.73 90.37 87.77 85.38 83.25 80.96 72.41 70.36 117.61 0.00 0.00 0.00 0.00 0.00 0.00 0.00 0.00 0.00 0.00 0.00 0.00 0.00 0.00 0.00 0.00 0.00 0.00 84.07 50.59 47.81 57.99 57.80 75.59 52.23 50.88 50.52 47.59 43.06 41.92 41.51 43.51 43.22 43.99 43.72 44.25 43.95 44.62 78.43 43.69 44.14 59.53 39.80 43.28 41.62 38.95 38.73 35.95 35.84 38.91 64.23 0.00 0.00 0.00 0.00 0.00 0.00 0.00 0.00
131.16 111.31 110.06 109.83 108.25 107.31 105.48 104.10 123.93 95.86 93.61 91.04 88.62 85.99 83.59 82.15 79.89 69.79 0.00 0.00 0.00 0.00 0.00 0.00 0.00 0.00 0.00 0.00 0.00 0.00 0.00 0.00 0.00 0.00 0.00 0.00 0.00 0.00 0.00 71.84 48.86 49.05 50.16 56.98 51.53 50.21 49.88 47.16 46.60 41.36 42.03 42.79 42.45 43.25 42.95 43.48 43.84 44.50 37.65 56.01 48.14 74.82 42.94 75.04 54.53 38.29 28.05 35.41 35.36 59.87 0.00 0.00 0.00 0.00 0.00 0.00 0.00 0.00 0.00
