ASPA-UH-SWB2_REPO/output/post_prcessed_with_MFR/net_infiltration_annual.asc
NCOLS 350
NROWS 200
XLLCENTER 515000.000000
YLLCENTER 8409000.000000
CELLSIZE 100.000000
NODATA_value -999.000000
[rows 105 to 139 of 200, columns 79 to 157 of 350]
122.84 179.45 122.91 119.62 175.53 116.95 116.92 172.99 116.51 116.64 172.89 115.95 115.95 171.29 106.20 114.96 114.96 114.61 114.55 113.58 121.77 123.30 122.99 125.98 125.60 126.99 126.52 126.22 125.81 122.89 122.61 119.47 165.38 121.80 121.71 125.19 125.21 167.27 121.90 165.53 165.69 118.57 164.36 117.97 163.68 117.06 162.57 113.99 117.02 115.25 103.15 109.16 109.05 113.11 113.02 114.29 114.23 114.68 214.25 214.07 114.44 112.47 168.78 109.55 109.60 108.44 108.49 106.56 164.00 105.95 105.91 107.87 107.79 109.12 108.95 110.57 110.21 111.31 110.86
123.33 179.61 123.01 120.13 120.08 117.95 117.91 117.18 117.12 117.08 117.04 116.67 107.55 109.95 110.74 109.56 116.37 116.86 117.50 117.25 117.80 126.04 125.72 127.78 127.37 128.44 127.94 173.45 125.98 122.03 121.71 121.59 121.47 124.82 170.33 172.16 172.10 121.39 121.51 119.78 119.89 119.24 119.30 118.31 118.36 116.33 116.31 112.52 157.91 118.03 105.75 112.23 111.97 113.71 113.46 113.83 113.61 170.21 212.90 211.62 168.09 108.58 108.52 106.81 106.70 106.08 220.62 160.61 104.25 104.74 104.63 105.99 105.81 107.02 106.76 107.41 107.02 107.88 107.37
124.50 124.20 181.53 177.76 121.22 119.08 119.05 118.32 118.23 118.20 118.19 108.80 110.51 117.00 121.34 125.25 125.32 119.03 119.04 120.34 119.34 127.42 127.10 129.16 128.74 129.82 129.29 127.74 127.20 123.15 122.76 122.59 122.42 125.77 125.66 126.94 123.73 122.32 122.37 120.59 120.66 119.94 119.95 118.92 118.87 116.70 116.64 112.74 112.55 105.91 105.59 111.90 111.50 113.08 112.69 112.91 112.52 255.29 311.32 210.07 165.64 106.82 106.60 104.77 104.55 103.82 158.81 101.82 101.62 101.99 101.79 103.02 102.72 103.81 103.40 103.96 103.51 104.28 103.74
120.17 119.49 121.40 120.47 120.45 120.35 120.31 120.12 120.06 119.48 119.48 109.87 228.19 186.45 120.61 120.15 120.29 120.36 113.17 121.57 129.26 129.93 129.59 130.79 130.36 129.38 128.84 125.75 125.16 123.79 123.33 125.84 125.65 126.79 126.67 125.76 122.55 167.56 121.28 121.40 121.42 120.85 120.79 119.06 118.93 115.48 115.30 113.29 100.89 106.19 108.76 113.48 112.92 113.27 112.71 111.91 254.05 252.93 252.25 150.80 107.71 104.28 103.93 102.16 101.81 101.34 101.03 100.53 100.24 100.01 99.70 99.83 99.47 101.11 100.59 100.75 100.20 99.81 99.20
120.85 120.15 120.15 119.24 119.23 119.14 120.99 120.82 177.92 120.23 111.62 112.39 115.90 138.25 128.05 129.61 114.15 137.05 114.27 130.44 130.17 130.93 130.57 131.76 131.33 130.32 129.78 126.67 126.03 124.60 124.09 126.57 126.34 220.89 127.33 172.76 123.15 121.81 121.80 168.28 121.86 121.23 121.12 119.30 177.23 161.21 115.26 170.46 100.58 105.72 108.12 112.66 111.98 112.20 111.52 153.35 252.11 240.43 249.94 302.82 147.53 102.20 101.69 99.81 99.34 99.41 98.33 97.72 97.30 96.97 96.55 96.59 96.15 97.62 97.07 97.13 96.52 96.03 95.39
176.31 118.62 118.58 119.12 119.11 177.37 119.48 119.64 119.62 121.13 121.22 115.09 183.18 124.86 121.81 131.05 164.15 137.90 174.95 131.89 131.62 131.64 131.28 130.91 130.45 176.62 127.74 119.37 117.94 126.37 125.80 126.05 125.80 125.30 125.13 167.83 120.90 120.74 120.73 121.57 214.28 121.01 120.84 118.42 106.01 102.49 102.08 103.09 102.44 107.26 109.51 112.22 111.37 133.82 152.84 250.75 249.65 248.35 235.54 137.38 127.71 98.91 98.29 95.52 94.93 111.36 97.47 96.70 96.17 94.30 93.78 93.10 92.58 94.40 93.80 94.61 89.63 80.37 91.29
167.99 118.79 118.77 119.32 119.34 119.75 119.76 177.82 119.96 119.57 119.61 114.65 141.72 122.74 122.36 125.65 123.46 147.04 123.60 122.92 171.81 171.80 131.94 131.51 120.71 121.07 120.54 119.95 126.06 126.85 126.26 126.48 126.20 125.68 125.49 121.32 121.18 116.90 116.91 116.87 180.21 225.72 166.78 106.19 105.83 102.19 101.64 102.44 101.65 106.29 105.39 110.97 110.01 119.56 250.35 248.48 247.24 245.75 235.35 152.68 103.30 148.18 95.82 93.01 92.32 116.74 160.13 88.99 93.11 91.18 140.31 89.82 89.23 90.93 105.23 119.66 87.15 76.14 88.22
126.31 118.57 118.63 118.67 118.71 119.24 119.28 235.61 119.97 120.08 120.15 121.09 141.97 125.99 120.97 121.91 147.24 123.90 123.29 123.27 123.21 123.00 122.71 122.37 121.95 169.78 120.90 127.20 126.45 173.10 124.67 125.28 123.64 123.62 123.40 120.59 176.82 105.40 104.67 104.58 104.45 108.39 108.10 105.30 104.80 102.58 101.85 103.23 102.30 106.08 105.05 109.75 118.76 236.07 247.71 245.66 244.25 255.05 203.66 126.26 97.84 92.16 91.33 84.40 88.73 91.48 187.90 120.46 91.19 88.30 87.62 87.16 86.48 98.44 89.88 125.42 101.31 72.62 44.26
125.92 126.57 118.34 118.42 118.49 119.04 119.12 119.82 218.77 276.73 119.52 123.21 125.29 150.09 147.10 122.61 196.02 147.14 122.43 121.79 123.98 124.47 122.87 122.52 122.11 121.61 121.04 120.43 169.21 168.09 167.34 109.15 108.10 123.80 108.11 108.43 108.91 104.70 109.02 104.44 104.23 108.14 107.77 104.87 104.25 101.87 100.97 102.23 101.16 104.76 103.65 131.02 159.35 235.72 245.26 243.02 242.17 243.14 110.09 99.12 95.44 89.73 88.81 81.32 80.15 88.68 89.21 132.09 157.04 86.58 84.47 83.93 74.03 107.37 69.71 53.39 52.97 124.00 54.18
125.96 126.96 127.16 127.00 127.11 119.26 127.68 128.55 118.90 119.05 119.23 119.43 169.96 176.67 147.80 141.68 141.30 148.96 139.61 148.45 147.73 147.46 125.84 126.42 123.35 121.52 120.97 121.69 105.57 111.30 106.82 107.81 112.33 112.30 108.93 110.13 109.90 110.86 110.66 110.23 109.91 101.73 107.59 104.87 104.11 101.43 100.41 101.07 99.90 103.22 101.97 115.01 170.08 232.23 241.84 239.54 240.57 104.56 96.46 90.45 138.19 84.83 83.87 84.80 83.90 86.41 90.21 109.61 136.90 109.98 83.28 84.19 65.00 45.64 115.92 30.40 96.79 101.21 117.26
124.98 126.05 126.29 126.13 126.32 126.84 126.98 127.89 128.01 128.03 118.72 167.74 119.17 119.48 119.84 149.81 143.51 145.73 143.20 144.59 81.14 143.13 141.57 141.95 142.91 122.34 121.13 117.05 128.13 124.94 111.00 111.88 111.58 112.13 108.72 109.88 109.63 102.37 110.28 109.76 101.49 217.39 164.46 160.87 103.17 97.77 99.23 99.75 98.49 101.67 100.32 101.13 154.89 230.07 239.14 234.00 259.95 116.78 92.76 135.36 86.94 82.40 81.39 82.25 81.32 83.68 86.06 106.03 52.65 119.23 53.67 124.04 122.22 115.24 111.08 94.82 95.65 84.84 101.32
124.80 126.21 126.53 127.00 127.25 127.95 128.18 128.74 128.90 177.50 128.43 117.76 118.48 217.03 168.12 120.13 149.25 147.84 145.34 141.97 148.62 141.21 150.89 198.12 164.70 138.61 136.75 126.56 135.88 112.02 113.57 114.12 113.79 110.40 110.00 110.70 110.41 103.09 103.53 102.70 160.54 107.95 106.63 102.96 101.94 99.52 98.24 99.05 97.69 99.58 150.80 98.55 151.52 225.89 224.64 215.84 235.51 90.06 88.12 83.69 82.55 80.78 79.72 81.10 80.08 81.49 106.73 95.25 52.93 52.46 112.63 94.39 92.81 84.55 111.82 81.49 80.07 87.09 89.52
123.20 124.68 125.10 125.63 125.97 126.75 127.04 127.66 127.91 127.35 127.53 126.77 126.95 117.88 118.17 119.17 124.29 119.08 119.63 121.07 150.12 128.55 126.90 135.32 122.32 124.93 110.54 112.41 132.73 126.89 125.70 104.04 114.74 111.28 109.59 110.21 110.54 103.16 129.69 130.99 103.12 106.34 105.61 97.44 157.03 98.21 96.86 97.55 96.11 97.87 96.35 96.60 257.30 236.70 222.88 222.25 143.46 89.74 88.46 81.40 80.21 78.44 77.35 78.62 77.62 78.95 201.53 217.15 210.70 94.76 93.86 94.92 91.27 80.86 48.44 100.60 86.14 74.66 96.40
122.17 123.53 124.01 124.97 125.42 127.05 127.42 128.09 177.10 127.55 127.79 126.33 223.93 125.00 165.78 166.14 117.66 117.93 125.11 122.12 111.27 124.22 124.65 133.83 145.67 158.63 156.72 159.12 158.56 113.54 127.31 180.39 122.72 106.64 104.09 112.10 106.90 129.70 32.04 105.84 108.17 104.09 159.57 100.00 98.76 98.09 96.62 97.82 96.24 96.40 94.79 93.85 253.18 254.93 136.86 226.14 238.46 134.39 214.04 81.59 79.69 77.68 76.53 76.01 75.66 175.64 230.67 209.73 213.47 200.85 90.56 89.58 86.80 85.39 74.49 95.80 0.00 0.00 0.00
120.08 121.48 122.03 123.09 123.62 125.32 125.79 126.52 223.41 174.53 126.46 125.03 125.29 123.84 115.83 116.11 116.39 116.65 123.90 123.44 123.82 117.38 122.23 121.64 151.37 156.11 155.63 158.15 150.30 116.22 105.83 108.81 103.53 127.35 129.37 108.15 107.70 124.96 95.11 99.60 97.39 102.88 101.95 98.63 97.33 96.54 95.06 96.11 94.51 94.55 94.20 105.58 160.47 249.70 156.71 227.26 224.58 222.59 226.76 100.85 85.83 94.85 75.64 75.09 96.81 150.98 184.92 182.44 203.55 193.97 194.38 87.80 81.09 80.87 84.48 79.97 90.50 0.00 0.00
117.74 119.39 119.98 121.71 122.33 171.24 124.82 124.91 125.36 124.26 124.64 123.15 123.49 120.50 117.63 122.70 122.89 114.82 123.32 122.76 122.78 155.67 216.97 121.05 155.08 157.03 156.63 148.87 150.48 152.69 107.59 106.58 103.57 101.60 107.59 59.42 123.26 119.34 101.36 96.90 151.68 100.98 99.98 97.89 96.53 96.41 94.80 95.60 93.88 95.07 77.66 218.18 159.55 158.87 206.70 219.03 217.10 207.11 213.21 215.80 232.82 211.91 151.57 210.30 206.51 206.00 180.69 178.18 175.81 149.72 189.85 181.38 78.46 96.95 105.05 93.81 87.84 0.00 0.00
115.32 116.97 117.63 119.37 120.06 122.06 122.69 122.86 123.38 122.36 122.83 121.43 121.86 120.67 120.98 121.30 121.52 121.76 121.87 121.35 121.45 120.14 120.03 119.86 153.68 155.71 156.04 151.76 147.13 146.68 151.73 145.02 145.31 100.10 103.34 103.71 99.79 113.98 96.83 213.42 103.19 99.49 98.42 96.30 94.90 94.72 93.07 84.02 92.00 96.47 224.00 147.70 156.63 227.69 228.09 206.84 202.62 112.08 110.96 108.74 228.77 94.49 95.72 85.12 92.90 181.22 237.57 184.25 173.76 199.42 192.96 175.40 78.72 97.84 102.80 94.09 88.14 84.28 0.00
155.80 159.06 114.63 117.49 118.23 119.18 119.89 118.83 119.42 257.04 118.92 118.52 119.00 118.91 119.31 120.17 120.45 121.49 121.65 121.19 121.25 119.63 119.57 120.07 153.65 154.58 146.32 149.59 153.26 165.53 153.39 138.60 143.73 98.18 101.34 94.97 104.50 123.92 99.65 102.09 101.84 99.01 97.35 95.63 87.38 93.54 91.80 81.96 81.40 199.04 159.85 226.75 202.22 214.64 234.77 205.79 199.65 109.37 107.55 122.32 110.35 92.88 90.47 80.73 86.89 193.15 210.27 179.61 178.60 191.82 173.86 78.40 79.03 103.85 88.03 98.44 86.80 82.90 42.17
108.93 111.21 111.96 114.79 115.57 116.59 162.92 116.42 117.12 161.07 116.82 116.48 163.08 108.06 117.43 118.36 118.71 119.82 120.02 119.62 119.73 118.18 118.16 118.71 118.59 152.97 152.70 143.63 151.71 135.22 151.83 152.35 162.97 140.61 89.39 104.26 111.53 99.47 97.26 100.53 83.73 259.99 95.59 93.85 92.41 91.71 82.43 105.32 193.42 232.15 227.69 212.21 202.01 208.76 209.77 226.41 98.47 96.37 105.77 119.54 114.07 92.12 79.72 77.86 104.37 57.17 184.46 179.55 189.56 144.96 125.67 24.89 105.40 46.16 89.01 100.83 85.72 80.49 79.30
105.13 107.94 108.75 111.62 112.41 156.78 113.69 112.83 113.60 113.00 111.47 114.07 114.58 106.47 116.15 116.65 117.06 118.39 118.66 118.26 118.42 117.80 117.91 118.25 118.16 117.48 150.28 149.38 133.76 133.33 150.25 142.48 140.04 137.79 138.26 87.75 53.85 93.96 91.05 90.01 88.84 141.89 94.84 205.31 86.58 90.79 82.32 150.32 145.76 225.41 215.65 201.66 205.09 202.67 192.51 200.50 95.75 104.20 92.34 116.22 113.76 90.51 79.07 75.80 96.07 73.43 121.28 177.60 121.83 49.37 89.80 50.05 20.36 22.59 46.96 83.45 82.87 83.68 48.09
102.07 104.88 105.74 108.60 109.47 109.94 154.16 110.08 110.93 110.44 111.31 111.68 112.33 113.47 111.92 114.49 114.96 116.35 116.68 116.34 116.55 116.01 116.18 116.55 116.50 115.84 132.22 131.98 131.63 131.20 146.99 138.57 139.25 164.25 128.18 127.84 116.46 92.10 89.11 87.35 86.14 85.49 88.17 197.37 195.12 176.28 193.59 191.71 224.48 231.18 233.81 203.50 200.40 98.06 98.79 93.75 96.07 94.03 89.15 103.54 101.72 87.40 99.41 95.46 94.24 93.14 90.77 88.49 87.66 45.84 46.08 45.60 49.16 46.73 81.34 42.60 45.53 45.83 45.48
98.15 101.76 102.64 105.49 106.41 107.64 108.57 108.05 108.97 107.86 108.80 108.69 100.54 108.04 108.60 112.38 112.92 114.99 115.38 115.52 115.78 115.57 115.78 115.45 115.44 113.48 129.85 139.68 129.99 145.71 145.18 136.28 136.93 134.61 158.47 151.52 149.71 92.79 89.76 139.04 84.06 83.38 81.29 233.32 231.21 228.99 155.47 201.38 207.50 205.73 117.77 226.10 200.89 97.20 96.74 91.66 89.53 93.02 102.39 106.87 46.92 49.86 74.28 23.92 71.23 90.99 89.33 67.59 51.97 25.73 45.45 44.31 46.54 24.65 47.72 45.99 42.94 79.41 72.09
94.93 98.50 99.45 102.29 103.90 105.17 105.49 105.02 106.00 104.98 148.46 96.76 97.70 105.37 107.99 109.90 110.52 112.62 113.08 113.28 113.61 113.51 113.67 113.39 113.40 124.16 127.29 142.54 142.22 143.40 133.50 136.64 132.86 232.41 132.42 148.90 151.06 150.45 145.05 107.99 104.74 84.27 110.01 119.65 129.35 237.83 223.85 198.63 196.25 104.49 101.44 97.73 118.20 93.06 90.80 90.35 96.79 103.47 100.95 51.15 48.43 24.41 70.82 69.04 21.31 88.40 65.28 63.11 26.59 23.15 21.40 41.14 76.92 42.91 43.19 41.48 71.21 71.42 48.30
91.31 95.07 96.06 99.49 100.47 102.59 103.68 102.11 103.08 101.43 102.42 93.67 96.15 140.66 104.93 107.76 108.43 110.89 111.34 112.27 112.75 113.09 113.32 112.23 112.29 108.79 140.01 139.37 139.06 134.84 134.33 130.43 252.67 254.47 152.48 145.49 147.66 145.68 130.49 121.83 118.80 117.02 107.21 117.57 115.46 224.77 221.84 226.70 194.28 100.61 98.66 98.33 105.04 123.99 98.63 100.36 100.04 118.44 94.10 93.05 45.83 43.82 99.38 89.33 87.37 85.70 90.83 71.38 65.79 75.56 76.45 18.47 38.91 73.31 48.58 47.37 46.20 45.10 44.18
88.04 91.79 92.82 96.19 97.89 77.95 101.80 98.99 100.00 98.38 140.11 97.39 100.34 142.40 102.19 104.95 105.72 108.12 108.63 109.71 110.13 110.56 110.84 109.84 109.98 106.54 106.50 136.69 136.39 140.57 127.93 226.38 251.82 258.14 128.86 128.99 153.95 143.53 122.58 122.16 119.86 114.27 114.39 116.86 106.92 221.49 226.50 201.38 99.83 99.20 96.29 27.73 85.51 113.96 102.61 120.74 98.68 91.00 93.14 92.14 89.33 91.02 89.32 92.39 90.44 42.09 80.54 58.89 58.44 20.13 45.20 42.13 41.07 40.68 47.11 45.96 44.82 43.83 43.61
84.96 87.55 88.62 92.12 93.17 97.10 120.97 96.15 135.66 94.91 95.91 96.02 96.96 98.42 99.22 101.65 102.40 105.18 105.82 107.56 108.10 108.60 108.94 107.20 107.36 104.11 134.33 133.27 133.01 134.44 125.01 134.37 225.44 226.01 124.06 220.70 122.53 140.12 121.81 119.45 114.68 111.63 111.74 109.13 221.04 219.64 207.66 101.04 89.69 88.65 87.11 86.25 100.18 91.00 100.59 109.08 96.06 89.06 91.24 88.82 87.43 89.37 87.72 86.03 82.19 80.55 79.70 78.90 59.52 42.51 20.83 59.14 59.12 52.01 39.79 45.99 43.63 67.50 39.17
81.86 84.42 85.49 88.96 90.03 77.13 155.10 92.42 93.46 91.95 92.99 93.08 94.05 95.52 96.37 98.86 99.55 102.33 143.31 233.74 105.33 105.89 106.28 104.63 104.84 101.68 131.37 130.36 130.21 131.64 129.95 143.02 221.20 219.82 221.60 221.25 124.27 137.98 119.79 120.11 106.75 109.69 108.52 111.08 219.20 196.34 196.25 102.75 89.40 85.81 83.68 82.85 87.75 83.97 99.35 113.83 71.48 87.60 89.15 87.47 86.12 45.08 92.91 83.95 18.83 79.14 55.47 61.39 41.85 19.29 16.93 49.52 53.87 43.20 18.69 72.98 68.04 45.02 66.37
79.71 81.39 82.46 84.65 85.71 103.21 127.48 90.18 91.22 88.33 89.38 89.79 90.76 92.90 93.80 95.60 96.31 98.80 99.58 101.94 143.28 102.91 103.35 101.06 101.30 98.96 128.15 127.64 127.52 119.37 119.27 118.86 217.00 216.97 230.21 219.14 117.68 122.93 130.59 107.05 116.61 107.15 106.05 224.04 228.12 224.14 100.02 98.39 95.54 92.10 89.36 90.74 88.66 82.78 46.84 100.37 88.60 87.49 84.77 86.81 85.51 44.63 66.22 59.07 56.84 79.41 76.61 75.91 75.27 71.14 50.93 47.68 50.43 71.38 48.81 23.29 48.90 39.70 63.49
76.93 78.60 79.66 82.48 83.55 101.59 125.05 102.32 87.66 123.04 86.55 87.00 87.95 90.03 90.93 92.75 93.57 96.00 96.82 99.17 214.25 100.24 100.70 98.51 110.01 125.08 125.23 124.80 124.71 116.40 116.34 115.95 214.11 214.78 215.33 213.05 216.52 116.97 139.16 113.61 106.33 98.71 124.49 223.03 98.55 104.47 101.13 101.45 100.90 90.18 96.88 94.70 75.67 97.85 99.30 93.53 70.97 69.09 65.42 88.59 42.53 42.96 82.55 80.98 81.04 78.19 80.56 51.26 49.95 91.01 68.49 45.90 70.03 69.04 44.52 44.23 67.55 66.12 63.37
73.92 76.03 77.11 80.50 82.89 98.06 120.41 131.63 84.55 81.63 82.66 84.18 85.10 88.08 88.98 90.47 91.26 93.08 93.95 96.09 238.60 83.91 97.63 95.50 95.84 121.95 122.16 113.52 113.55 114.12 113.41 121.06 112.58 215.81 215.07 209.70 208.07 200.29 124.17 106.05 103.28 104.41 222.58 110.68 101.43 101.07 95.71 116.24 91.03 87.69 109.83 117.54 98.81 109.42 110.28 94.03 70.18 67.64 21.20 20.05 19.57 82.18 57.84 57.23 56.38 54.27 51.51 15.04 37.37 39.00 68.15 67.15 66.27 42.65 65.85 63.66 35.94 13.55 62.03
71.42 73.49 75.23 106.45 114.25 120.14 108.69 95.42 81.92 79.74 79.15 80.42 82.45 85.35 86.24 87.65 88.51 90.35 91.21 234.21 235.11 235.90 94.99 92.97 93.34 83.00 110.24 110.47 111.22 120.18 118.07 118.43 113.24 213.68 110.25 133.85 231.67 226.60 222.14 224.88 200.69 216.71 206.14 101.32 103.57 97.79 112.04 93.99 92.04 108.89 84.79 84.19 75.75 75.25 70.83 69.14 86.87 73.16 70.78 61.84 41.19 57.54 56.00 54.76 76.73 74.67 72.93 71.60 70.34 70.47 47.18 44.70 65.65 65.36 37.59 13.19 11.82 38.66 12.47
61.80 73.85 80.06 88.99 89.67 113.81 129.07 76.61 76.88 75.88 75.88 79.35 80.23 212.29 201.82 123.32 104.33 108.48 253.62 231.83 232.75 233.59 106.73 88.64 89.06 86.79 108.26 109.21 110.70 115.27 125.27 114.74 110.49 131.03 129.56 110.49 99.15 137.99 204.09 232.77 214.00 213.94 224.94 123.53 123.85 85.46 91.55 98.00 109.15 85.11 83.21 81.90 79.58 71.87 70.15 84.87 64.19 65.03 64.19 61.38 81.37 61.20 59.60 17.47 63.29 40.64 50.50 47.86 69.23 46.10 45.65 67.33 66.28 15.51 14.57 39.59 12.75 12.52 12.30
108.05 104.97 85.36 76.58 79.88 106.64 80.38 73.69 64.60 72.53 73.46 76.95 111.95 80.87 223.27 234.58 258.46 237.10 238.10 251.30 239.63 230.32 231.75 112.76 112.69 104.75 105.20 105.53 107.73 108.47 106.46 112.26 104.36 136.94 151.62 96.15 102.52 95.94 94.27 118.64 58.10 190.46 99.08 118.20 93.11 113.57 121.79 104.95 108.21 76.49 75.18 81.18 72.30 69.91 92.35 88.07 105.43 86.60 65.04 70.21 82.32 94.72 84.80 67.21 62.32 73.45 49.65 68.88 53.73 78.30 76.19 52.23 42.75 45.67 43.52 12.81 38.28 37.59 12.16
109.25 74.30 68.11 72.73 78.63 100.01 76.36 70.51 71.38 67.01 67.93 74.52 75.35 77.99 220.13 231.36 242.06 233.69 234.72 248.08 236.22 227.82 239.44 109.47 101.12 107.34 102.26 102.59 107.58 131.33 105.74 103.01 106.32 105.60 116.46 101.54 102.90 98.38 120.94 119.24 100.99 97.12 97.91 93.63 92.07 96.78 87.41 108.46 76.17 110.27 104.61 97.54 92.50 92.83 91.81 64.08 62.32 84.93 93.55 84.68 45.62 19.04 54.31 52.21 50.15 50.50 70.32 70.42 72.70 66.71 42.80 41.76 40.79 43.71 12.88 38.52 12.44 12.23 42.98
98.31 71.49 66.53 74.40 94.41 73.43 80.88 68.63 60.13 61.90 70.16 72.37 73.13 75.69 74.22 205.06 238.68 230.85 231.86 245.04 234.97 235.90 230.58 106.79 101.76 98.85 105.20 104.89 105.10 129.40 101.79 101.14 101.03 100.80 103.29 120.79 115.13 60.45 59.53 117.26 117.96 94.63 87.63 91.98 97.00 95.36 93.17 107.04 83.21 113.62 116.56 99.62 75.65 86.78 89.35 63.00 60.81 61.33 88.60 41.76 40.65 38.85 82.18 74.17 49.97 17.71 38.11 38.40 48.51 43.27 42.20 13.51 40.25 39.44 12.73 12.52 43.93 43.29 0.00
