ASPA-UH-SWB2_REPO/output/post_prcessed_with_MFR/net_infiltration_annual.asc
NCOLS 350
NROWS 200
XLLCENTER 515000.000000
YLLCENTER 8409000.000000
CELLSIZE 100.000000
NODATA_value -999.000000
[rows 70 to 104 of 200, columns 79 to 157 of 350]
0.00 0.00 0.00 0.00 0.00 0.00 0.00 0.00 0.00 0.00 0.00 0.00 0.00 0.00 0.00 0.00 0.00 0.00 0.00 0.00 0.00 0.00 0.00 0.00 0.00 0.00 0.00 0.00 0.00 0.00 0.00 0.00 0.00 0.00 0.00 0.00 0.00 0.00 0.00 0.00 0.00 0.00 0.00 0.00 0.00 0.00 0.00 0.00 0.00 0.00 0.00 0.00 0.00 0.00 0.00 0.00 0.00 0.00 0.00 0.00 0.00 0.00 0.00 0.00 0.00 0.00 0.00 0.00 0.00 0.00 0.00 74.69 76.43 77.48 79.15 80.83 82.43 82.37 83.91
0.00 0.00 0.00 0.00 0.00 0.00 0.00 0.00 0.00 0.00 0.00 0.00 0.00 0.00 0.00 0.00 0.00 0.00 0.00 0.00 0.00 0.00 0.00 0.00 0.00 0.00 0.00 0.00 0.00 0.00 0.00 0.00 0.00 0.00 0.00 0.00 0.00 0.00 0.00 0.00 0.00 0.00 0.00 0.00 0.00 0.00 0.00 0.00 0.00 0.00 0.00 0.00 0.00 0.00 0.00 0.00 0.00 0.00 0.00 0.00 0.00 0.00 0.00 0.00 0.00 0.00 0.00 0.00 0.00 0.00 75.10 125.11 78.23 79.32 80.95 133.91 84.23 136.53 85.79
0.00 0.00 0.00 0.00 0.00 0.00 0.00 0.00 0.00 0.00 0.00 0.00 0.00 0.00 0.00 0.00 0.00 0.00 0.00 0.00 0.00 0.00 0.00 0.00 0.00 0.00 0.00 0.00 0.00 0.00 0.00 0.00 0.00 0.00 0.00 0.00 0.00 0.00 0.00 0.00 0.00 0.00 0.00 0.00 0.00 0.00 0.00 0.00 0.00 0.00 0.00 0.00 0.00 0.00 0.00 0.00 0.00 0.00 0.00 0.00 0.00 0.00 0.00 0.00 0.00 0.00 0.00 0.00 0.00 0.00 70.87 77.98 79.71 80.63 82.29 134.85 84.46 82.99 193.22
0.00 0.00 0.00 0.00 0.00 0.00 0.00 0.00 0.00 0.00 0.00 0.00 0.00 0.00 0.00 0.00 0.00 0.00 0.00 0.00 0.00 0.00 0.00 0.00 0.00 0.00 0.00 0.00 0.00 0.00 0.00 0.00 0.00 0.00 0.00 0.00 0.00 0.00 0.00 0.00 0.00 0.00 0.00 0.00 0.00 0.00 0.00 0.00 0.00 0.00 0.00 0.00 0.00 0.00 0.00 0.00 0.00 0.00 0.00 0.00 0.00 0.00 0.00 0.00 0.00 0.00 0.00 0.00 0.00 0.00 128.28 73.74 81.69 82.58 84.22 84.80 86.44 84.96 86.57
0.00 0.00 0.00 0.00 0.00 0.00 0.00 0.00 0.00 0.00 0.00 0.00 0.00 0.00 0.00 0.00 0.00 0.00 0.00 0.00 0.00 0.00 0.00 0.00 0.00 0.00 0.00 0.00 0.00 0.00 0.00 0.00 0.00 0.00 0.00 0.00 0.00 0.00 0.00 0.00 0.00 0.00 0.00 0.00 0.00 0.00 0.00 0.00 0.00 0.00 0.00 0.00 0.00 0.00 0.00 0.00 0.00 0.00 0.00 0.00 0.00 0.00 0.00 0.00 0.00 0.00 0.00 0.00 0.00 0.00 74.69 74.72 82.84 83.41 137.86 84.45 86.05 85.55 87.19
0.00 0.00 0.00 0.00 0.00 0.00 0.00 0.00 0.00 0.00 0.00 0.00 0.00 0.00 0.00 0.00 0.00 0.00 0.00 0.00 0.00 0.00 0.00 0.00 0.00 0.00 0.00 0.00 0.00 0.00 0.00 0.00 0.00 0.00 0.00 0.00 0.00 0.00 0.00 0.00 0.00 0.00 0.00 0.00 0.00 0.00 0.00 0.00 0.00 0.00 0.00 0.00 0.00 0.00 0.00 0.00 0.00 0.00 0.00 0.00 0.00 0.00 0.00 0.00 0.00 0.00 0.00 0.00 0.00 0.00 76.64 135.10 78.34 85.51 87.16 86.52 88.14 87.62 96.55
0.00 0.00 0.00 0.00 0.00 0.00 0.00 0.00 0.00 0.00 0.00 0.00 0.00 0.00 0.00 0.00 0.00 0.00 0.00 0.00 0.00 0.00 0.00 0.00 0.00 0.00 0.00 0.00 0.00 0.00 0.00 0.00 0.00 0.00 0.00 0.00 0.00 0.00 0.00 0.00 0.00 0.00 0.00 0.00 0.00 0.00 0.00 0.00 0.00 0.00 0.00 0.00 0.00 0.00 0.00 0.00 0.00 0.00 0.00 0.00 0.00 0.00 0.00 0.00 0.00 0.00 0.00 0.00 0.00 0.00 77.91 77.82 79.49 86.44 88.09 88.50 90.13 85.12 86.65
0.00 0.00 0.00 0.00 0.00 0.00 0.00 0.00 0.00 0.00 0.00 0.00 0.00 0.00 0.00 0.00 0.00 0.00 0.00 0.00 0.00 0.00 0.00 0.00 0.00 0.00 0.00 0.00 0.00 0.00 0.00 0.00 0.00 0.00 0.00 0.00 0.00 0.00 0.00 0.00 0.00 0.00 0.00 0.00 0.00 0.00 0.00 0.00 0.00 0.00 0.00 0.00 0.00 0.00 0.00 0.00 0.00 0.00 0.00 0.00 0.00 0.00 0.00 0.00 0.00 0.00 0.00 0.00 0.00 78.20 79.94 79.82 81.51 81.59 83.16 83.44 84.95 87.15 88.64
0.00 0.00 0.00 0.00 0.00 0.00 0.00 0.00 0.00 0.00 0.00 0.00 0.00 0.00 0.00 0.00 0.00 0.00 0.00 0.00 0.00 0.00 0.00 0.00 0.00 0.00 0.00 0.00 0.00 0.00 0.00 0.00 0.00 0.00 0.00 0.00 0.00 0.00 0.00 0.00 0.00 0.00 0.00 0.00 0.00 0.00 0.00 0.00 0.00 0.00 0.00 0.00 0.00 0.00 0.00 0.00 0.00 0.00 0.00 0.00 0.00 0.00 0.00 0.00 0.00 0.00 0.00 0.00 0.00 79.75 81.49 82.91 84.63 85.94 87.58 88.71 90.21 91.66 93.14
0.00 0.00 0.00 0.00 0.00 0.00 0.00 0.00 0.00 0.00 0.00 0.00 0.00 0.00 0.00 0.00 0.00 0.00 0.00 0.00 0.00 0.00 0.00 0.00 0.00 0.00 0.00 0.00 0.00 0.00 0.00 0.00 0.00 0.00 0.00 0.00 0.00 0.00 0.00 0.00 0.00 0.00 0.00 0.00 0.00 0.00 0.00 0.00 0.00 0.00 0.00 0.00 0.00 0.00 0.00 0.00 0.00 0.00 0.00 0.00 82.92 0.00 0.00 0.00 0.00 0.00 0.00 0.00 0.00 81.88 83.64 85.06 86.78 88.09 89.73 90.82 92.29 93.69 163.14
0.00 0.00 0.00 0.00 0.00 0.00 0.00 0.00 0.00 0.00 0.00 0.00 0.00 0.00 0.00 0.00 0.00 0.00 0.00 0.00 0.00 0.00 0.00 0.00 0.00 0.00 0.00 0.00 0.00 0.00 0.00 0.00 0.00 0.00 0.00 0.00 0.00 0.00 0.00 0.00 0.00 0.00 0.00 0.00 0.00 0.00 0.00 0.00 0.00 0.00 0.00 0.00 0.00 0.00 0.00 0.00 0.00 0.00 0.00 84.24 85.76 69.63 0.00 0.00 0.00 0.00 0.00 0.00 0.00 0.00 0.00 90.80 93.23 93.38 95.02 96.05 97.54 97.52 98.87
0.00 0.00 0.00 0.00 0.00 0.00 0.00 0.00 0.00 0.00 0.00 0.00 0.00 0.00 0.00 0.00 0.00 0.00 0.00 0.00 0.00 0.00 0.00 0.00 0.00 0.00 0.00 0.00 0.00 0.00 0.00 0.00 0.00 0.00 0.00 0.00 0.00 0.00 0.00 0.00 0.00 0.00 0.00 0.00 0.00 0.00 0.00 0.00 0.00 0.00 0.00 0.00 0.00 0.00 0.00 0.00 0.00 0.00 0.00 86.66 88.18 71.70 73.12 0.00 0.00 0.00 0.00 0.00 0.00 0.00 0.00 0.00 119.60 98.20 97.83 98.18 99.60 99.52 100.81
0.00 0.00 0.00 0.00 0.00 0.00 0.00 0.00 0.00 0.00 0.00 0.00 0.00 0.00 0.00 0.00 0.00 0.00 0.00 0.00 0.00 0.00 0.00 0.00 0.00 0.00 0.00 0.00 0.00 0.00 0.00 0.00 0.00 0.00 0.00 0.00 0.00 0.00 0.00 0.00 0.00 0.00 0.00 0.00 0.00 0.00 0.00 0.00 0.00 0.00 0.00 0.00 0.00 0.00 0.00 0.00 0.00 87.52 88.95 87.86 89.38 72.21 73.64 68.44 78.55 82.57 0.00 0.00 0.00 0.00 0.00 0.00 55.89 95.26 94.61 104.15 104.26 103.52 104.72
0.00 0.00 0.00 0.00 0.00 0.00 0.00 0.00 0.00 0.00 0.00 0.00 0.00 0.00 0.00 0.00 0.00 0.00 0.00 0.00 0.00 0.00 0.00 0.00 0.00 0.00 0.00 0.00 0.00 0.00 0.00 0.00 0.00 0.00 0.00 0.00 0.00 0.00 0.00 0.00 0.00 0.00 0.00 0.00 0.00 0.00 0.00 0.00 0.00 0.00 0.00 0.00 0.00 0.00 0.00 88.51 89.85 90.08 91.50 90.38 73.88 74.35 75.81 79.22 80.78 84.86 138.23 78.46 0.00 0.00 0.00 0.00 60.97 70.85 183.87 232.83 106.22 105.34 106.47
0.00 0.00 0.00 0.00 0.00 0.00 0.00 0.00 0.00 0.00 0.00 0.00 0.00 0.00 0.00 0.00 0.00 0.00 0.00 0.00 0.00 0.00 0.00 0.00 0.00 0.00 0.00 0.00 0.00 0.00 0.00 0.00 0.00 0.00 0.00 0.00 0.00 0.00 0.00 0.00 0.00 0.00 0.00 0.00 0.00 0.00 0.00 0.00 0.00 0.00 0.00 0.00 0.00 66.92 89.73 90.38 91.75 91.03 92.46 90.89 73.98 76.44 77.92 144.69 84.54 89.67 95.34 0.00 0.00 0.00 0.00 0.00 132.65 127.39 187.64 96.73 110.13 109.15 109.56
0.00 0.00 0.00 0.00 70.07 0.00 0.00 0.00 0.00 0.00 0.00 0.00 0.00 0.00 0.00 0.00 0.00 0.00 0.00 0.00 0.00 0.00 0.00 0.00 0.00 0.00 0.00 0.00 0.00 0.00 0.00 0.00 0.00 0.00 0.00 0.00 0.00 0.00 0.00 0.00 0.00 0.00 0.00 0.00 0.00 0.00 0.00 0.00 0.00 0.00 0.00 0.00 0.00 91.02 92.30 92.95 94.34 93.61 136.15 93.40 94.94 78.61 80.09 85.21 86.78 90.33 30.21 107.86 0.00 0.00 0.00 127.10 176.52 93.41 114.47 115.40 100.84 101.34 111.11
0.00 0.00 0.00 62.77 107.56 0.00 0.00 0.00 0.00 0.00 0.00 0.00 0.00 0.00 0.00 0.00 0.00 0.00 0.00 0.00 0.00 0.00 0.00 0.00 0.00 0.00 78.51 78.71 76.58 0.00 0.00 0.00 0.00 0.00 0.00 0.00 0.00 0.00 0.00 0.00 0.00 0.00 0.00 0.00 0.00 0.00 0.00 0.00 0.00 0.00 0.00 0.00 93.14 93.16 94.45 93.91 95.29 93.38 94.78 95.91 78.22 84.29 85.79 90.34 91.94 95.92 95.19 111.59 60.83 59.40 111.14 107.06 106.55 107.29 97.85 99.99 114.18 101.76 113.06
0.00 0.00 0.00 64.94 77.12 76.83 0.00 0.00 0.00 0.00 0.00 0.00 0.00 0.00 0.00 0.00 0.00 0.00 0.00 0.00 0.00 0.00 82.20 0.00 0.00 0.00 80.90 78.94 78.91 0.00 0.00 0.00 0.00 0.00 0.00 0.00 0.00 0.00 0.00 0.00 0.00 0.00 0.00 0.00 0.00 0.00 0.00 0.00 0.00 0.00 0.00 0.00 0.00 94.75 97.06 96.49 139.75 95.90 97.32 79.02 80.34 86.49 87.98 92.54 94.11 97.42 111.54 108.95 62.86 103.27 166.96 96.86 98.38 109.00 110.31 99.66 101.04 113.61 114.38
0.00 0.00 68.45 66.29 78.76 81.81 0.00 0.00 0.00 0.00 0.00 0.00 0.00 0.00 0.00 0.00 0.00 0.00 0.00 0.00 85.92 84.31 84.32 83.31 83.30 83.49 81.24 83.21 0.00 0.00 0.00 0.00 0.00 0.00 0.00 0.00 0.00 0.00 0.00 0.00 0.00 0.00 0.00 0.00 0.00 0.00 0.00 0.00 0.00 0.00 0.00 0.00 0.00 97.20 140.74 97.52 98.91 97.89 79.71 84.22 85.58 91.68 93.15 96.38 85.17 101.86 115.81 90.87 85.14 92.20 180.67 108.69 110.07 109.84 111.04 111.32 112.31 113.29 113.95
121.11 70.63 70.81 68.61 81.36 84.48 0.00 0.00 0.00 0.00 0.00 0.00 0.00 0.00 0.00 0.00 0.00 0.00 0.00 88.44 88.51 121.91 86.85 85.80 121.60 124.10 83.65 85.67 0.00 0.00 0.00 0.00 0.00 0.00 0.00 0.00 0.00 0.00 0.00 0.00 0.00 0.00 0.00 0.00 0.00 0.00 0.00 0.00 0.00 96.71 0.00 0.00 99.81 99.75 101.05 98.99 100.37 100.33 81.74 86.32 87.65 93.78 95.20 98.44 99.96 103.17 118.63 235.32 95.82 97.46 109.63 184.57 111.57 111.28 112.39 112.55 113.43 192.02 114.90
74.72 72.22 72.40 85.45 85.64 89.88 0.00 0.00 0.00 0.00 0.00 0.00 0.00 91.77 0.00 0.00 92.67 92.33 92.42 90.94 90.99 89.23 89.22 88.86 164.51 88.04 87.99 89.61 89.52 115.53 0.00 89.14 89.14 88.30 127.12 0.00 0.00 0.00 0.00 0.00 0.00 0.00 91.85 92.23 121.83 94.12 94.97 96.57 139.09 99.21 100.35 101.82 145.20 103.09 104.40 102.81 104.18 103.37 85.40 89.29 90.61 95.91 232.07 100.87 102.34 229.30 118.64 120.26 170.67 99.25 111.42 186.12 112.30 110.77 111.77 109.05 109.81 108.93 109.40
77.31 74.74 74.89 88.25 88.41 92.73 92.89 0.00 0.00 0.00 95.01 94.16 94.34 94.60 81.25 95.37 95.45 95.09 95.17 93.65 93.67 91.87 91.85 91.46 91.41 90.61 90.54 92.14 130.96 92.63 92.59 131.20 91.65 90.80 90.87 131.73 0.00 0.00 0.00 0.00 0.00 134.79 90.38 94.71 95.43 137.92 97.49 99.08 142.07 101.76 102.89 104.36 105.53 105.57 106.85 105.15 106.47 105.58 106.95 90.14 92.40 301.95 99.06 102.63 104.07 106.54 86.34 132.98 110.87 100.85 112.76 112.33 113.47 111.84 112.76 187.70 110.55 125.41 109.96
79.14 77.08 77.21 93.30 93.45 97.57 97.72 0.00 0.00 0.00 98.33 96.60 96.78 97.40 135.01 98.09 98.16 97.65 97.73 96.28 96.26 132.91 94.58 135.27 92.00 93.80 93.70 94.67 94.57 95.31 134.87 94.09 94.09 93.47 93.54 95.55 0.00 0.00 0.00 97.46 97.88 97.08 92.76 96.54 97.25 140.37 99.17 100.92 101.93 103.59 104.68 106.08 107.24 107.99 109.21 108.66 109.95 109.04 110.38 90.63 91.86 98.52 99.80 104.06 105.43 107.62 96.24 110.70 112.02 98.94 113.78 111.10 112.12 107.41 108.21 105.66 122.00 123.27 123.69
81.80 79.67 93.60 96.24 96.38 100.59 100.75 85.96 0.00 139.34 101.28 99.52 99.69 100.31 100.45 100.97 101.02 100.49 100.56 99.03 99.04 97.30 97.26 97.18 94.57 96.39 96.30 97.27 97.15 97.87 97.80 96.61 96.60 95.97 96.04 98.05 0.00 0.00 0.00 99.98 100.38 94.61 95.21 94.98 99.69 143.04 101.56 103.33 104.28 105.89 106.94 108.31 109.46 154.82 111.33 110.69 111.91 110.93 112.23 113.66 93.32 98.98 100.21 105.46 106.74 181.69 110.17 174.16 113.06 113.54 114.66 111.85 112.83 108.02 108.72 121.87 122.44 123.61 123.93
83.48 83.83 98.09 102.65 102.77 105.28 100.08 105.54 105.69 103.97 143.22 102.28 102.44 102.88 103.00 103.67 103.74 103.28 103.31 101.79 101.80 100.17 100.10 99.99 139.71 98.39 98.27 99.25 99.12 100.44 100.34 99.80 99.80 98.60 98.64 99.83 0.00 0.00 101.81 101.90 102.34 97.09 97.65 96.99 101.69 101.89 102.68 104.22 105.14 150.98 107.98 108.29 109.37 108.70 109.79 109.53 157.11 111.64 112.88 114.91 94.23 98.25 99.42 174.14 105.41 107.91 109.10 110.92 112.08 110.87 111.90 107.33 108.21 104.99 121.33 123.65 124.11 127.38 127.61
166.44 100.87 101.02 105.66 105.75 108.29 108.39 148.33 108.61 106.84 106.94 105.09 105.22 105.64 105.72 146.44 106.46 105.97 146.67 145.09 104.38 183.36 102.63 102.51 140.32 100.88 143.93 101.75 101.62 145.90 145.62 102.26 102.24 101.01 101.05 144.93 145.10 146.72 104.22 104.30 104.72 142.40 99.96 99.23 103.94 148.01 149.24 106.33 107.21 109.05 109.96 110.20 111.23 110.50 157.87 111.17 112.27 160.86 114.33 116.30 95.31 99.29 100.38 104.09 105.22 108.69 109.79 111.52 188.34 111.33 188.49 107.62 248.03 105.10 121.40 123.63 124.02 127.19 127.36
89.01 107.39 107.49 110.59 110.70 111.47 111.55 110.95 111.02 109.03 109.17 107.47 107.57 108.10 108.15 108.81 191.22 108.17 108.13 106.98 106.94 105.39 105.31 104.32 186.84 102.00 101.90 103.77 103.63 105.87 105.73 104.86 104.82 146.15 102.77 103.34 103.47 105.82 106.12 106.80 102.21 101.17 101.66 144.80 101.95 105.90 106.61 107.00 107.82 108.38 109.25 107.71 108.64 107.40 108.30 110.26 111.25 114.21 115.27 117.77 96.53 98.01 99.00 100.58 160.10 103.46 104.46 106.40 107.37 105.34 106.15 104.11 104.77 121.61 122.18 125.02 125.36 189.92 127.70
106.57 110.23 110.33 113.46 113.53 114.31 156.68 156.04 113.80 154.09 111.88 110.12 110.17 110.67 110.67 111.30 111.27 152.06 110.53 109.34 109.29 107.70 107.60 106.58 103.72 104.21 148.64 106.04 105.90 108.19 108.03 195.04 107.09 104.95 104.97 105.54 105.67 108.07 152.56 109.02 104.39 103.31 103.77 103.40 103.96 107.88 108.54 108.84 109.58 110.11 110.89 109.24 110.10 108.74 101.58 103.42 104.25 107.09 108.04 110.39 111.38 112.91 113.91 115.52 116.53 162.60 104.60 105.45 167.61 165.83 121.25 119.22 119.90 121.10 121.60 124.39 124.64 126.82 126.85
112.73 116.20 116.29 116.69 116.74 116.26 116.31 115.83 115.89 114.19 114.25 112.43 112.47 112.72 112.68 113.41 113.38 112.45 112.39 111.02 153.65 109.17 109.05 107.85 104.93 106.15 106.03 108.55 108.45 110.28 199.58 153.02 108.77 106.50 106.50 107.89 108.02 111.05 111.33 150.99 107.19 105.61 106.04 104.99 105.51 105.69 110.40 110.24 110.89 108.71 109.38 107.74 108.49 103.87 104.58 109.20 110.00 111.34 112.21 113.25 114.15 115.14 116.08 117.21 118.12 118.09 118.98 117.59 118.48 117.55 119.30 119.26 119.88 121.79 122.21 124.13 124.31 125.86 125.82
115.35 118.86 118.91 119.30 119.36 162.62 118.88 118.38 162.18 116.63 116.65 114.75 114.73 114.98 114.95 115.69 115.65 114.70 114.62 113.21 113.11 111.28 111.14 109.90 106.90 108.11 107.98 110.52 110.43 112.33 112.21 155.77 110.82 108.50 108.49 109.87 109.98 113.05 158.72 199.04 109.11 152.49 107.88 106.78 107.27 107.38 112.04 111.78 112.37 110.05 110.68 108.92 101.48 104.78 105.41 109.95 110.65 111.89 112.66 113.58 114.36 115.22 116.06 117.09 117.91 117.77 118.55 117.06 117.82 116.81 117.48 118.36 118.86 120.66 121.02 122.85 122.95 124.41 124.30
120.87 121.94 121.98 120.70 165.19 120.01 120.04 120.20 120.19 118.90 118.87 116.94 116.92 160.97 116.67 116.83 116.78 115.97 115.87 113.82 157.75 111.85 111.69 156.82 109.91 112.23 112.07 113.66 113.53 114.43 114.34 112.62 112.54 110.30 110.28 113.00 113.09 115.94 116.17 157.01 111.49 109.88 110.26 108.93 109.36 108.96 113.57 112.13 159.68 109.49 110.02 111.57 103.97 110.27 110.80 114.51 115.11 115.35 116.00 116.18 116.84 118.43 119.17 120.09 120.84 118.84 119.52 117.08 117.74 116.06 116.62 116.72 117.12 121.42 121.71 123.32 123.34 123.46 123.30
123.28 124.34 169.50 123.06 123.06 122.33 122.33 122.46 122.43 121.10 121.04 163.38 119.05 163.75 118.79 118.96 118.90 118.05 117.95 115.86 115.74 113.82 110.66 111.98 111.75 114.07 113.86 115.44 115.28 116.17 116.09 160.48 114.28 112.02 111.99 114.74 114.83 117.70 112.79 112.88 113.14 111.45 111.79 110.40 157.14 110.33 110.71 113.33 113.74 110.48 110.91 112.36 104.59 110.81 111.23 114.81 115.29 115.42 115.94 116.00 116.52 117.98 118.59 119.39 120.03 117.93 176.51 115.95 116.48 114.72 174.64 115.15 115.45 118.62 119.83 121.33 121.29 121.35 121.14
126.60 126.67 126.67 124.14 124.12 122.70 122.69 122.90 122.86 122.20 122.14 120.88 120.86 120.17 120.13 120.03 119.96 164.71 119.18 116.73 116.58 113.96 113.73 117.19 116.92 118.77 118.50 119.08 118.89 118.35 118.24 161.52 114.89 113.97 113.94 117.88 117.96 119.85 114.89 114.10 114.33 112.33 112.62 158.31 111.65 111.08 158.02 113.61 113.91 110.78 111.10 114.72 106.80 112.95 113.24 115.90 116.28 116.76 117.13 117.62 118.03 118.69 119.19 118.03 176.14 115.78 116.22 114.03 114.43 112.78 113.13 114.81 115.02 117.75 117.83 119.25 120.17 120.82 120.56
128.71 128.78 128.78 126.19 126.17 124.70 124.68 124.88 124.82 124.15 124.08 122.81 122.77 122.09 168.09 121.96 121.91 121.24 121.15 118.67 118.50 115.81 115.56 119.04 118.73 120.53 120.22 120.75 120.49 119.90 166.99 116.40 116.35 115.42 115.38 119.35 119.39 121.30 163.14 162.64 115.68 113.63 113.88 112.49 207.47 112.11 112.36 110.34 114.70 111.43 111.64 106.91 107.08 113.11 113.26 115.80 116.02 116.35 116.58 116.92 117.22 117.74 118.07 116.80 117.13 114.32 114.65 112.36 112.64 110.89 111.10 112.67 112.77 115.39 115.38 116.70 116.49 118.09 117.78
130.71 130.77 130.78 173.78 127.50 124.89 124.86 124.54 124.45 124.56 124.50 170.42 123.84 122.92 122.91 122.78 122.74 122.39 122.30 121.33 121.16 119.60 119.32 122.28 121.94 123.38 122.98 122.76 122.43 167.43 167.46 116.32 116.25 118.67 118.62 122.10 122.15 116.79 116.92 114.92 162.62 113.73 113.91 113.28 113.48 112.53 112.71 109.67 113.87 112.23 104.08 110.20 110.24 114.45 114.48 115.91 115.97 116.61 116.71 116.67 213.99 115.00 115.16 112.29 224.50 167.91 111.66 109.80 109.95 109.38 109.49 111.57 111.58 113.03 112.98 114.70 114.41 115.60 116.25
