ASPA-UH-SWB2_REPO/output/post_prcessed_with_MFR/net_infiltration_annual.asc
NCOLS 350
NROWS 200
XLLCENTER 515000.000000
YLLCENTER 8409000.000000
CELLSIZE 100.000000
NODATA_value -999.000000
[rows 105 to 139 of 200, columns 0 to 78 of 350]
0.00 0.00 0.00 0.00 0.00 0.00 0.00 0.00 0.00 0.00 0.00 0.00 0.00 0.00 0.00 0.00 0.00 0.00 0.00 0.00 0.00 0.00 0.00 0.00 0.00 0.00 0.00 0.00 0.00 0.00 0.00 0.00 0.00 0.00 0.00 0.00 0.00 0.00 33.83 45.88 45.82 47.13 70.12 71.47 73.98 75.43 56.79 58.29 122.27 62.93 63.37 87.80 88.20 67.01 67.80 69.36 70.47 72.00 73.78 75.22 76.62 152.51 78.34 79.50 79.76 80.76 82.47 83.31 84.92 85.70 88.67 106.05 106.55 123.92 125.62 125.95 129.35 176.23 132.40
0.00 0.00 0.00 0.00 0.00 0.00 0.00 0.00 0.00 0.00 0.00 0.00 0.00 0.00 0.00 0.00 0.00 0.00 0.00 0.00 0.00 0.00 0.00 0.00 0.00 0.00 0.00 0.00 0.00 0.00 0.00 0.00 0.00 0.00 0.00 0.00 0.00 0.00 35.56 47.06 70.48 71.84 72.35 50.93 51.80 53.26 78.93 80.46 84.00 120.72 53.83 66.94 91.77 69.89 70.96 72.53 73.96 75.52 77.12 78.58 78.80 80.12 80.29 81.42 83.02 84.02 86.16 87.03 87.88 88.66 88.12 88.71 88.79 123.21 127.27 127.61 130.19 130.34 132.98
0.00 0.00 0.00 0.00 0.00 0.00 0.00 0.00 0.00 0.00 0.00 0.00 0.00 0.00 0.00 0.00 0.00 0.00 0.00 0.00 0.00 0.00 0.00 0.00 0.00 0.00 0.00 0.00 0.00 0.00 0.00 0.00 0.00 0.00 0.00 0.00 0.00 13.92 62.10 48.75 71.53 72.93 50.62 52.04 52.93 54.40 57.31 120.22 85.24 86.83 152.93 157.42 122.69 71.09 72.10 73.69 75.10 76.60 78.22 79.62 79.79 81.07 81.23 82.35 83.91 84.89 87.04 87.90 167.52 89.46 88.99 89.57 89.64 124.33 126.04 268.60 129.01 131.54 134.22
0.00 0.00 0.00 0.00 0.00 0.00 0.00 0.00 0.00 0.00 0.00 0.00 0.00 0.00 0.00 0.00 0.00 0.00 0.00 0.00 0.00 0.00 0.00 0.00 0.00 0.00 0.00 0.00 0.00 0.00 0.00 0.00 0.00 0.00 90.71 92.79 44.65 70.11 71.07 103.86 50.62 74.84 76.03 54.71 114.24 56.42 57.19 58.67 62.33 149.24 67.19 68.80 70.19 208.89 213.26 145.64 77.08 78.58 80.55 81.95 82.15 83.41 83.80 84.94 86.78 87.75 89.47 90.32 90.50 91.23 90.03 90.60 90.14 125.09 125.99 174.28 128.11 128.31 177.16
0.00 0.00 0.00 0.00 0.00 0.00 0.00 0.00 0.00 0.00 0.00 0.00 0.00 0.00 0.00 0.00 0.00 0.00 0.00 0.00 0.00 0.00 0.00 0.00 0.00 0.00 0.00 0.00 0.00 0.00 0.00 0.00 0.00 40.85 65.00 66.25 97.86 69.56 71.23 72.63 74.30 189.45 76.95 55.63 55.84 57.35 58.11 59.60 63.28 64.83 68.12 69.71 71.07 72.62 73.81 75.34 77.87 79.33 81.27 82.63 82.80 84.01 162.02 85.45 87.28 88.26 89.95 90.80 90.98 91.69 90.48 91.05 90.57 125.67 126.65 127.00 128.72 177.17 130.19
0.00 0.00 0.00 0.00 0.00 0.00 0.00 0.00 0.00 0.00 0.00 0.00 0.00 0.00 0.00 0.00 0.00 0.00 0.00 0.00 0.00 0.00 0.00 0.00 0.00 0.00 0.00 0.00 0.00 0.00 0.00 0.00 31.01 33.58 54.28 53.86 71.05 48.90 48.98 50.40 131.46 43.99 44.27 235.88 57.96 59.48 59.85 61.37 62.76 129.46 67.18 68.71 69.96 71.43 73.34 74.83 77.97 79.40 155.18 82.36 83.82 85.00 86.04 87.12 88.18 89.12 169.97 90.55 90.05 90.74 171.65 155.51 90.75 108.23 109.27 127.37 127.74 127.99 176.04
0.00 0.00 0.00 0.00 0.00 0.00 0.00 0.00 0.00 0.00 0.00 0.00 0.00 0.00 0.00 0.00 0.00 0.00 0.00 0.00 0.00 0.00 0.00 0.00 0.00 0.00 0.00 0.00 0.00 0.00 38.27 39.30 29.51 54.23 32.07 59.08 60.52 198.73 50.31 51.08 53.50 96.86 55.99 57.49 119.95 60.15 60.50 62.01 63.39 130.38 67.77 203.63 70.48 71.93 73.81 75.24 78.36 79.75 230.72 82.62 84.04 85.20 86.20 87.24 88.27 168.91 89.73 90.55 171.06 90.72 89.79 90.34 107.69 108.21 109.26 109.61 109.97 128.07 127.92
0.00 0.00 0.00 0.00 0.00 0.00 0.00 0.00 0.00 0.00 0.00 0.00 0.00 0.00 0.00 0.00 0.00 0.00 0.00 0.00 0.00 0.00 0.00 0.00 0.00 0.00 0.00 0.00 0.00 0.00 38.49 77.39 63.28 63.78 31.27 44.14 69.93 48.49 104.98 51.55 52.73 54.16 115.47 57.68 59.55 61.06 62.16 63.67 63.98 65.46 66.19 134.28 138.45 140.78 73.22 74.61 77.41 151.09 79.73 80.93 82.95 84.05 85.63 86.64 165.78 246.90 87.94 88.72 88.05 88.78 88.73 89.33 107.82 108.25 109.07 109.45 109.04 130.40 130.48
0.00 0.00 0.00 0.00 0.00 0.00 0.00 0.00 0.00 0.00 0.00 0.00 0.00 0.00 0.00 0.00 0.00 0.00 0.00 0.00 0.00 0.00 0.00 0.00 0.00 0.00 0.00 0.00 0.00 0.00 43.41 57.15 108.03 41.37 39.88 41.25 43.50 48.94 50.56 51.99 53.17 54.59 56.64 177.79 59.95 123.14 188.95 63.99 64.27 65.72 66.41 67.80 69.03 140.72 73.26 74.61 148.64 78.64 154.13 80.75 82.73 159.39 85.34 164.22 86.66 87.49 166.40 88.29 168.26 88.25 88.26 105.56 107.17 107.74 108.51 108.91 108.52 129.85 129.93
0.00 0.00 0.00 0.00 0.00 0.00 0.00 0.00 0.00 0.00 0.00 0.00 0.00 0.00 0.00 0.00 0.00 0.00 0.00 0.00 0.00 0.00 0.00 0.00 0.00 0.00 0.00 0.00 0.00 0.00 45.69 68.34 45.61 46.90 47.99 44.30 46.83 102.06 50.33 51.76 52.85 54.26 55.93 57.38 59.00 60.42 61.72 126.74 64.02 65.43 65.10 66.42 67.31 68.58 71.11 72.38 74.42 75.62 77.66 78.76 80.93 81.96 83.49 84.45 84.49 85.27 84.92 164.39 85.79 86.41 104.65 105.23 106.73 237.67 107.34 107.76 172.94 107.95 129.98
0.00 0.00 0.00 0.00 0.00 0.00 0.00 0.00 0.00 0.00 0.00 0.00 0.00 0.00 0.00 0.00 0.00 0.00 0.00 0.00 0.00 0.00 0.00 0.00 0.00 0.00 0.00 0.00 0.00 67.76 68.73 68.54 68.62 47.13 48.21 49.59 47.00 48.33 154.36 108.70 52.99 54.38 56.02 57.44 59.06 60.44 61.69 63.04 63.88 65.25 64.88 66.15 66.98 75.20 77.79 79.11 81.18 82.46 84.55 85.71 87.93 156.27 82.79 83.73 238.49 84.52 84.15 84.81 101.24 101.92 103.62 104.19 105.66 106.22 106.26 106.77 106.52 106.99 128.90
0.00 0.00 0.00 0.00 0.00 0.00 0.00 0.00 0.00 0.00 0.00 0.00 0.00 0.00 0.00 0.00 0.00 0.00 0.00 0.00 0.00 0.00 0.00 0.00 0.00 0.00 0.00 0.00 0.00 69.90 67.59 45.92 69.29 70.59 71.59 50.17 51.66 53.05 49.31 50.66 51.96 53.33 54.57 55.93 116.54 58.43 59.60 60.88 61.27 62.53 62.89 124.51 73.18 74.48 77.18 78.41 80.65 81.89 84.48 85.64 86.73 87.77 88.04 81.26 81.49 176.48 98.98 162.02 101.62 102.27 104.37 104.94 105.73 170.67 105.58 106.03 105.86 126.82 128.61
0.00 0.00 0.00 0.00 0.00 0.00 0.00 0.00 0.00 0.00 0.00 0.00 0.00 0.00 0.00 0.00 0.00 0.00 0.00 0.00 0.00 0.00 0.00 0.00 0.00 0.00 0.00 0.00 0.00 95.72 68.64 46.97 56.98 70.60 71.58 50.15 51.62 52.97 54.62 56.05 109.17 53.13 54.35 55.66 56.78 112.73 178.04 60.44 60.76 61.97 68.83 70.08 72.41 73.66 76.28 77.51 79.67 80.83 83.38 84.51 85.59 86.63 94.57 95.56 95.90 96.73 97.61 98.35 100.20 100.82 102.88 103.44 104.22 104.73 104.03 104.49 124.62 125.11 126.92
0.00 0.00 0.00 0.00 0.00 0.00 0.00 0.00 0.00 0.00 0.00 0.00 0.00 0.00 0.00 0.00 0.00 0.00 0.00 0.00 0.00 0.00 0.00 0.00 0.00 0.00 0.00 0.00 55.72 44.70 32.74 68.15 62.12 47.44 48.55 96.96 98.88 52.44 53.99 55.40 56.15 51.83 52.28 53.51 54.75 62.00 63.04 64.32 65.43 66.67 69.46 70.66 73.88 75.12 77.28 78.50 80.48 81.62 82.83 83.94 142.04 92.28 93.00 93.94 95.77 96.60 98.48 99.19 101.04 101.66 103.21 103.74 103.95 104.49 102.90 103.35 123.07 123.59 125.74
0.00 0.00 0.00 0.00 0.00 0.00 0.00 0.00 0.00 0.00 0.00 0.00 0.00 0.00 0.00 0.00 0.00 0.00 0.00 0.00 0.00 0.00 0.00 0.00 0.00 0.00 0.00 0.00 68.36 44.60 36.59 56.95 71.47 47.87 48.28 49.58 51.76 53.06 54.58 54.91 106.94 56.92 57.45 58.68 59.96 61.19 62.21 119.85 64.46 65.65 68.37 69.48 72.58 73.80 75.89 77.04 79.00 80.10 81.26 146.95 89.48 90.55 91.23 92.18 93.99 94.81 96.68 97.36 99.17 99.76 101.26 101.80 102.02 102.53 100.97 101.43 120.88 121.40 123.56
0.00 0.00 0.00 0.00 0.00 0.00 0.00 0.00 0.00 0.00 0.00 0.00 0.00 0.00 0.00 0.00 0.00 0.00 0.00 0.00 0.00 0.00 0.00 0.00 0.00 0.00 30.59 84.62 41.83 34.64 39.09 57.39 70.55 90.83 47.27 48.50 51.24 101.06 53.73 55.00 55.10 56.33 56.01 57.21 59.03 60.22 116.12 62.96 64.75 65.89 69.55 70.64 73.25 74.39 76.39 77.51 78.58 79.64 79.26 80.33 87.75 88.81 89.96 90.91 92.94 93.77 96.21 96.91 98.63 99.18 100.14 100.69 221.58 100.30 98.28 98.78 118.43 118.96 121.12
0.00 0.00 0.00 0.00 0.00 0.00 0.00 0.00 0.00 0.00 0.00 0.00 0.00 0.00 0.00 0.00 0.00 0.00 0.00 0.00 0.00 0.00 28.00 37.43 77.48 38.86 39.76 81.13 40.90 76.93 66.87 46.39 89.32 45.12 46.79 47.96 50.65 51.85 53.03 54.24 54.29 107.14 107.66 57.19 58.97 60.08 60.65 61.68 63.40 64.44 68.00 69.04 71.56 72.63 74.55 75.59 76.59 77.61 77.22 140.15 85.45 86.49 87.63 88.58 90.60 91.46 93.87 94.57 96.28 96.84 97.78 98.30 157.64 97.98 96.03 115.54 115.89 116.45 118.60
0.00 0.00 0.00 0.00 0.00 0.00 0.00 0.00 0.00 0.00 0.00 0.00 0.00 0.00 0.00 0.00 0.00 0.00 17.17 71.72 34.33 73.00 34.73 35.36 35.72 36.46 77.34 38.02 81.55 64.29 43.35 44.32 44.76 45.79 48.00 49.15 47.73 39.72 52.05 53.19 52.82 53.92 55.33 56.40 58.37 59.44 60.67 171.15 63.81 63.80 67.14 68.12 70.97 71.98 73.76 74.75 74.52 75.48 74.31 81.96 83.00 83.99 85.22 86.15 87.73 88.60 91.58 92.29 94.39 94.97 94.84 95.38 93.50 94.03 92.90 112.08 112.85 113.45 114.86
0.00 0.00 0.00 0.00 0.00 0.00 0.00 0.00 0.00 0.00 0.00 0.00 0.00 0.00 0.00 0.00 0.00 0.00 0.00 24.46 34.16 34.71 73.16 35.13 35.48 36.20 36.91 37.69 38.87 62.57 66.39 43.86 44.23 45.21 47.33 48.41 37.64 51.40 51.17 52.22 51.80 52.83 54.17 55.15 57.04 58.03 59.20 60.10 62.14 63.05 66.27 67.17 68.91 69.83 71.49 72.44 232.71 73.11 71.95 79.37 80.39 81.32 82.47 83.34 84.89 85.72 88.65 89.38 91.47 149.20 91.99 149.06 148.72 91.28 108.40 109.04 109.83 110.47 111.92
0.00 0.00 0.00 0.00 0.00 0.00 0.00 0.00 0.00 0.00 0.00 0.00 0.00 0.00 0.00 0.00 0.00 0.00 0.00 0.00 26.28 34.03 34.11 34.69 35.24 35.95 37.19 35.60 40.74 55.80 57.45 44.01 45.73 33.58 48.03 49.05 49.72 50.79 49.84 50.84 50.44 51.39 53.03 53.96 55.84 56.73 57.73 58.59 60.39 61.21 64.70 65.53 68.42 69.26 70.17 121.60 56.02 70.04 126.30 70.00 77.56 78.44 79.72 80.53 81.18 81.98 84.68 85.45 88.00 184.92 142.87 88.55 86.95 87.52 105.17 105.85 106.43 107.12 107.97
0.00 0.00 0.00 0.00 0.00 0.00 0.00 0.00 0.00 0.00 0.00 0.00 0.00 0.00 0.00 0.00 0.00 0.00 0.00 0.00 0.00 0.00 0.00 0.00 34.92 35.57 36.80 37.50 40.25 64.56 59.23 38.05 76.89 36.64 47.24 48.20 94.09 49.75 48.76 49.69 49.24 50.11 51.68 52.53 54.29 55.11 56.04 56.82 58.55 59.28 62.61 63.35 66.78 51.69 122.25 68.51 122.12 68.44 67.47 67.28 74.52 75.35 76.55 77.29 77.88 78.68 81.33 82.11 137.00 124.44 84.72 85.36 137.81 84.47 101.73 102.46 103.11 103.86 104.75
0.00 0.00 0.00 0.00 0.00 0.00 0.00 0.00 0.00 0.00 0.00 0.00 0.00 0.00 0.00 0.00 0.00 0.00 0.00 0.00 0.00 0.00 0.00 0.00 0.00 28.62 37.50 38.86 54.24 0.00 63.83 59.53 40.14 39.12 36.81 35.84 46.65 93.40 46.52 47.35 94.44 48.65 50.61 51.38 52.75 53.50 54.20 54.90 56.82 57.49 60.32 60.97 56.85 59.17 59.29 72.48 69.78 52.02 64.98 65.69 66.54 73.17 73.40 74.13 74.14 74.89 76.69 77.47 116.60 67.27 80.62 133.53 80.74 98.14 98.71 99.48 99.30 100.12 100.69
0.00 0.00 0.00 0.00 0.00 0.00 0.00 0.00 0.00 0.00 0.00 0.00 0.00 0.00 0.00 0.00 0.00 0.00 0.00 0.00 0.00 0.00 0.00 0.00 0.00 0.00 0.00 0.00 0.00 0.00 0.00 0.00 68.75 20.00 36.44 78.73 45.65 46.43 45.37 46.13 46.55 47.27 49.12 39.43 51.15 51.77 52.38 53.03 104.75 43.64 44.30 47.68 59.90 77.42 81.97 0.00 131.49 66.42 62.20 62.83 51.31 69.95 71.15 71.85 71.90 71.55 73.29 74.04 76.73 112.24 127.59 77.96 90.72 91.55 95.06 95.86 95.76 96.64 97.31
0.00 0.00 0.00 0.00 0.00 0.00 0.00 0.00 0.00 0.00 0.00 0.00 0.00 0.00 0.00 0.00 0.00 0.00 0.00 0.00 0.00 0.00 0.00 0.00 0.00 0.00 0.00 0.00 0.00 0.00 0.00 0.00 0.00 61.54 38.96 45.07 43.10 43.79 43.85 44.55 45.74 46.38 37.08 37.79 49.41 49.99 50.47 51.01 53.10 53.61 55.88 79.86 28.13 0.00 0.00 0.00 0.00 85.86 63.14 60.40 60.43 54.28 67.60 68.26 68.45 69.13 70.07 70.77 72.19 60.02 60.56 74.59 87.00 91.03 91.30 92.13 126.69 92.56 93.50
0.00 0.00 0.00 0.00 0.00 0.00 0.00 0.00 0.00 0.00 0.00 0.00 0.00 0.00 0.00 0.00 0.00 0.00 0.00 0.00 0.00 0.00 0.00 0.00 0.00 0.00 0.00 0.00 0.00 0.00 0.00 0.00 0.00 0.00 54.94 43.40 85.39 42.73 86.13 43.34 44.47 45.02 35.52 36.15 47.81 48.32 48.72 49.16 51.15 43.89 79.20 0.00 0.00 0.00 0.00 0.00 0.00 0.00 21.37 62.30 57.65 63.53 64.52 55.71 65.37 66.00 66.95 67.59 69.93 70.61 57.58 72.27 86.41 87.26 87.60 121.73 88.03 89.01 90.02
0.00 0.00 0.00 0.00 0.00 0.00 0.00 0.00 0.00 0.00 0.00 0.00 0.00 0.00 0.00 0.00 0.00 0.00 0.00 0.00 0.00 0.00 0.00 0.00 0.00 0.00 0.00 0.00 0.00 0.00 0.00 0.00 0.00 0.00 39.80 56.53 52.57 36.44 44.58 43.18 43.31 43.79 34.03 34.58 45.66 46.10 46.71 47.08 49.48 45.37 0.00 0.00 0.00 0.00 0.00 0.00 0.00 0.00 72.58 61.31 98.41 54.92 60.95 61.57 139.06 62.84 63.46 64.11 66.14 66.81 54.91 68.66 83.35 81.14 84.34 84.27 84.49 85.52 86.82
0.00 0.00 0.00 0.00 0.00 0.00 0.00 0.00 0.00 0.00 0.00 0.00 0.00 0.00 0.00 0.00 0.00 0.00 0.00 0.00 0.00 0.00 0.00 0.00 0.00 0.00 0.00 0.00 0.00 0.00 0.00 0.00 0.00 0.00 38.86 0.00 0.00 0.00 57.62 64.74 64.83 42.48 43.32 43.73 44.81 44.50 45.05 46.03 38.92 62.93 0.00 0.00 0.00 0.00 0.00 0.00 0.00 0.00 62.52 46.92 51.90 40.49 58.20 47.49 50.83 50.83 60.58 61.20 63.16 53.95 57.08 95.76 79.83 77.55 78.15 81.91 82.20 83.29 83.64
0.00 0.00 0.00 0.00 0.00 0.00 0.00 0.00 0.00 0.00 0.00 0.00 0.00 0.00 0.00 0.00 0.00 0.00 0.00 0.00 0.00 0.00 0.00 0.00 0.00 0.00 0.00 0.00 0.00 0.00 0.00 0.00 0.00 0.00 0.00 0.00 0.00 0.00 0.00 0.00 0.00 64.32 64.86 67.88 36.62 45.51 43.07 34.90 52.55 0.00 0.00 0.00 0.00 0.00 0.00 0.00 0.00 0.00 42.85 109.66 40.05 49.35 55.33 68.91 102.39 58.37 57.69 58.29 50.30 73.38 55.31 64.03 75.79 73.74 65.51 78.58 79.47 80.61 81.66
0.00 0.00 0.00 0.00 0.00 0.00 0.00 0.00 0.00 0.00 0.00 0.00 0.00 0.00 0.00 0.00 0.00 0.00 0.00 0.00 0.00 0.00 0.00 0.00 0.00 0.00 0.00 0.00 0.00 0.00 0.00 0.00 0.00 0.00 0.00 0.00 0.00 0.00 0.00 0.00 0.00 0.00 0.00 0.00 0.00 66.88 41.60 54.77 0.00 0.00 0.00 0.00 0.00 0.00 0.00 0.00 0.00 0.00 0.00 54.73 48.08 53.76 54.28 68.69 82.53 59.91 55.15 48.34 40.74 0.00 43.15 62.63 72.68 70.55 62.28 75.57 76.50 77.68 78.76
0.00 0.00 0.00 0.00 0.00 0.00 0.00 0.00 0.00 0.00 0.00 0.00 0.00 0.00 0.00 0.00 0.00 0.00 0.00 0.00 0.00 0.00 0.00 0.00 0.00 0.00 0.00 0.00 0.00 0.00 0.00 0.00 0.00 0.00 0.00 0.00 0.00 0.00 0.00 0.00 0.00 0.00 0.00 0.00 0.00 0.00 55.40 0.00 0.00 0.00 0.00 0.00 0.00 0.00 0.00 0.00 0.00 0.00 0.00 0.00 60.32 74.59 0.00 0.00 0.00 96.62 54.57 75.91 0.00 0.00 0.00 79.24 69.33 64.47 61.27 64.22 73.44 74.61 75.66
0.00 0.00 0.00 0.00 0.00 0.00 0.00 0.00 0.00 0.00 0.00 0.00 0.00 0.00 0.00 0.00 0.00 0.00 0.00 0.00 0.00 0.00 0.00 0.00 0.00 0.00 0.00 0.00 0.00 0.00 0.00 0.00 0.00 0.00 0.00 0.00 0.00 0.00 0.00 0.00 0.00 0.00 0.00 0.00 0.00 0.00 0.00 0.00 0.00 0.00 0.00 0.00 0.00 0.00 0.00 0.00 0.00 0.00 0.00 0.00 0.00 0.00 0.00 0.00 0.00 0.00 75.25 0.00 0.00 0.00 0.00 76.33 68.07 65.26 59.07 56.48 72.23 100.80 73.09
0.00 0.00 0.00 0.00 0.00 0.00 0.00 0.00 0.00 0.00 0.00 0.00 0.00 0.00 0.00 0.00 0.00 0.00 0.00 0.00 0.00 0.00 0.00 0.00 0.00 0.00 0.00 0.00 0.00 0.00 0.00 0.00 0.00 0.00 0.00 0.00 0.00 0.00 0.00 0.00 0.00 0.00 0.00 0.00 0.00 0.00 0.00 0.00 0.00 0.00 0.00 0.00 0.00 0.00 0.00 0.00 0.00 0.00 0.00 0.00 0.00 0.00 0.00 0.00 0.00 0.00 0.00 0.00 0.00 0.00 0.00 0.00 88.03 0.00 0.00 78.11 68.93 68.74 62.85
0.00 0.00 0.00 0.00 0.00 0.00 0.00 0.00 0.00 0.00 0.00 0.00 0.00 0.00 0.00 0.00 0.00 0.00 0.00 0.00 0.00 0.00 0.00 0.00 0.00 0.00 0.00 0.00 0.00 0.00 0.00 0.00 0.00 0.00 0.00 0.00 0.00 0.00 0.00 0.00 0.00 0.00 0.00 0.00 0.00 0.00 0.00 0.00 0.00 0.00 0.00 0.00 0.00 0.00 0.00 0.00 0.00 0.00 0.00 0.00 0.00 0.00 0.00 0.00 0.00 0.00 0.00 0.00 0.00 0.00 0.00 0.00 0.00 0.00 0.00 0.00 107.67 58.70 77.68
0.00 0.00 0.00 0.00 0.00 0.00 0.00 0.00 0.00 0.00 0.00 0.00 0.00 0.00 0.00 0.00 0.00 0.00 0.00 0.00 0.00 0.00 0.00 0.00 0.00 0.00 0.00 0.00 0.00 0.00 0.00 0.00 0.00 0.00 0.00 0.00 0.00 0.00 0.00 0.00 0.00 0.00 0.00 0.00 0.00 0.00 0.00 0.00 0.00 0.00 0.00 0.00 0.00 0.00 0.00 0.00 0.00 0.00 0.00 0.00 0.00 0.00 0.00 0.00 0.00 0.00 0.00 0.00 0.00 0.00 0.00 0.00 0.00 0.00 0.00 0.00 78.39 67.53 77.35
0.00 0.00 0.00 0.00 0.00 0.00 0.00 0.00 0.00 0.00 0.00 0.00 0.00 0.00 0.00 0.00 0.00 0.00 0.00 0.00 0.00 0.00 0.00 0.00 0.00 0.00 0.00 0.00 0.00 0.00 0.00 0.00 0.00 0.00 0.00 0.00 0.00 0.00 0.00 0.00 0.00 0.00 0.00 0.00 0.00 0.00 0.00 0.00 0.00 0.00 0.00 0.00 0.00 0.00 0.00 0.00 0.00 0.00 0.00 0.00 0.00 0.00 0.00 0.00 0.00 0.00 0.00 0.00 0.00 0.00 0.00 0.00 0.00 0.00 0.00 0.00 73.87 0.00 0.00
