ASPA-UH-SWB2_REPO/output/post_prcessed_with_MFR/net_infiltration_annual.asc
NCOLS 350
NROWS 200
XLLCENTER 515000.000000
YLLCENTER 8409000.000000
CELLSIZE 100.000000
NODATA_value -999.000000
[rows 105 to 139 of 200, columns 0 to 78 of 350]
0.00 0.00 0.00 0.00 0.00 0.00 0.00 0.00 0.00 0.00 0.00 0.00 0.00 0.00 0.00 0.00 0.00 0.00 0.00 0.00 0.00 0.00 0.00 0.00 0.00 0.00 0.00 0.00 0.00 0.00 0.00 0.00 0.00 0.00 0.00 0.00 0.00 0.00 38.59 50.03 50.04 51.43 74.49 75.91 78.50 81.50 62.96 64.55 122.34 69.39 69.94 94.47 94.97 73.88 74.78 76.45 77.66 79.31 81.18 82.72 84.20 152.55 86.09 87.32 87.65 88.71 90.47 91.35 93.01 93.83 96.57 100.80 101.28 114.39 116.06 116.37 119.76 175.88 122.80
0.00 0.00 0.00 0.00 0.00 0.00 0.00 0.00 0.00 0.00 0.00 0.00 0.00 0.00 0.00 0.00 0.00 0.00 0.00 0.00 0.00 0.00 0.00 0.00 0.00 0.00 0.00 0.00 0.00 0.00 0.00 0.00 0.00 0.00 0.00 0.00 0.00 0.00 40.37 51.27 74.76 76.20 76.78 55.43 56.38 59.41 85.17 86.80 90.44 120.78 60.48 73.69 98.63 76.86 78.03 79.71 81.24 82.90 84.60 86.15 86.46 87.86 88.10 89.31 90.97 92.04 94.23 95.15 96.05 96.86 96.36 96.98 97.08 114.04 117.62 117.94 120.51 120.65 123.29
0.00 0.00 0.00 0.00 0.00 0.00 0.00 0.00 0.00 0.00 0.00 0.00 0.00 0.00 0.00 0.00 0.00 0.00 0.00 0.00 0.00 0.00 0.00 0.00 0.00 0.00 0.00 0.00 0.00 0.00 0.00 0.00 0.00 0.00 0.00 0.00 0.00 15.52 66.92 53.01 75.87 77.34 55.11 56.60 57.57 60.62 63.63 120.31 91.75 93.45 153.12 157.49 121.62 78.13 79.25 80.95 82.46 84.05 85.77 87.26 87.51 88.87 89.11 90.29 91.92 92.96 95.17 96.08 167.72 97.72 97.29 97.90 97.99 115.09 116.77 287.44 119.70 121.78 124.45
0.00 0.00 0.00 0.00 0.00 0.00 0.00 0.00 0.00 0.00 0.00 0.00 0.00 0.00 0.00 0.00 0.00 0.00 0.00 0.00 0.00 0.00 0.00 0.00 0.00 0.00 0.00 0.00 0.00 0.00 0.00 0.00 0.00 0.00 90.80 92.88 48.75 74.28 75.31 103.92 55.01 79.30 80.57 59.33 114.30 61.21 63.57 65.16 68.91 149.49 73.97 75.70 77.19 201.83 205.99 145.67 84.50 86.09 88.15 89.64 89.92 91.26 91.72 92.93 94.84 95.87 97.64 98.54 98.77 99.54 98.37 98.97 98.53 115.80 116.66 174.41 118.75 118.94 177.20
0.00 0.00 0.00 0.00 0.00 0.00 0.00 0.00 0.00 0.00 0.00 0.00 0.00 0.00 0.00 0.00 0.00 0.00 0.00 0.00 0.00 0.00 0.00 0.00 0.00 0.00 0.00 0.00 0.00 0.00 0.00 0.00 0.00 44.79 69.00 70.31 97.88 73.77 75.51 76.98 78.73 184.97 81.53 60.29 60.59 62.18 63.03 66.14 69.92 71.57 74.97 76.66 78.13 79.79 81.08 82.71 85.34 86.89 88.92 90.36 90.60 91.89 162.06 93.47 95.37 96.41 98.15 99.06 99.28 100.03 98.85 99.45 98.99 116.34 117.29 117.62 119.33 177.28 120.78
0.00 0.00 0.00 0.00 0.00 0.00 0.00 0.00 0.00 0.00 0.00 0.00 0.00 0.00 0.00 0.00 0.00 0.00 0.00 0.00 0.00 0.00 0.00 0.00 0.00 0.00 0.00 0.00 0.00 0.00 0.00 0.00 35.79 38.37 59.24 59.21 75.23 53.15 53.30 54.80 131.57 48.86 49.16 226.24 62.74 64.35 64.82 66.42 69.45 129.57 74.07 75.71 77.06 78.64 80.65 82.24 85.47 86.99 155.28 90.12 91.66 92.91 94.02 95.16 96.29 97.29 170.02 98.82 98.36 99.09 171.72 165.06 99.18 107.26 108.30 117.97 118.32 118.56 176.13
0.00 0.00 0.00 0.00 0.00 0.00 0.00 0.00 0.00 0.00 0.00 0.00 0.00 0.00 0.00 0.00 0.00 0.00 0.00 0.00 0.00 0.00 0.00 0.00 0.00 0.00 0.00 0.00 0.00 0.00 42.11 43.18 34.48 59.19 37.02 63.89 65.34 189.51 54.66 55.50 58.00 96.05 60.65 62.23 119.98 65.06 65.50 67.10 68.57 131.98 74.70 196.78 77.61 79.16 81.15 82.68 85.89 87.36 223.05 90.40 91.89 93.12 94.19 95.29 96.39 168.96 97.95 98.82 171.13 99.07 98.16 98.75 106.73 107.25 108.29 108.64 109.01 118.63 118.48
0.00 0.00 0.00 0.00 0.00 0.00 0.00 0.00 0.00 0.00 0.00 0.00 0.00 0.00 0.00 0.00 0.00 0.00 0.00 0.00 0.00 0.00 0.00 0.00 0.00 0.00 0.00 0.00 0.00 0.00 42.35 76.97 67.23 67.80 36.21 48.29 74.16 52.79 105.07 56.00 57.25 58.77 115.54 62.45 64.40 66.00 67.19 68.79 69.19 70.75 73.14 136.01 138.48 140.82 80.58 82.05 84.94 151.31 87.42 88.71 90.79 91.96 93.62 94.69 165.86 238.77 96.14 96.96 96.33 97.10 97.08 97.71 106.85 107.28 108.11 108.48 108.07 126.07 126.14
0.00 0.00 0.00 0.00 0.00 0.00 0.00 0.00 0.00 0.00 0.00 0.00 0.00 0.00 0.00 0.00 0.00 0.00 0.00 0.00 0.00 0.00 0.00 0.00 0.00 0.00 0.00 0.00 0.00 0.00 42.70 57.51 113.06 45.41 44.18 45.59 47.91 53.26 54.96 56.47 57.72 59.22 61.34 173.07 64.82 123.28 183.90 69.12 69.49 71.02 71.81 74.85 76.19 140.78 80.61 82.06 148.87 86.24 154.20 88.51 90.56 159.57 93.31 164.31 94.74 95.61 166.54 96.50 168.32 96.54 96.57 104.60 106.21 106.77 107.54 107.94 107.56 125.54 125.60
0.00 0.00 0.00 0.00 0.00 0.00 0.00 0.00 0.00 0.00 0.00 0.00 0.00 0.00 0.00 0.00 0.00 0.00 0.00 0.00 0.00 0.00 0.00 0.00 0.00 0.00 0.00 0.00 0.00 0.00 44.97 67.58 44.83 46.09 47.14 48.49 51.10 102.20 54.73 56.25 57.41 58.89 60.65 62.17 63.88 65.38 66.76 126.90 69.23 70.73 70.48 71.89 74.45 75.81 78.44 79.80 81.92 83.21 85.32 86.49 88.73 89.83 91.42 92.44 92.53 93.35 93.04 164.54 93.99 94.65 103.69 104.27 105.77 238.82 106.37 106.79 173.03 106.98 125.68
0.00 0.00 0.00 0.00 0.00 0.00 0.00 0.00 0.00 0.00 0.00 0.00 0.00 0.00 0.00 0.00 0.00 0.00 0.00 0.00 0.00 0.00 0.00 0.00 0.00 0.00 0.00 0.00 0.00 67.06 67.99 67.78 67.83 46.31 47.36 48.70 51.27 52.67 155.54 108.77 57.55 59.02 60.74 62.23 63.93 65.40 66.72 68.16 69.07 70.53 70.23 71.59 72.50 73.82 76.40 77.70 79.76 81.02 83.10 84.24 86.46 156.37 90.67 91.67 230.61 92.55 92.21 92.92 100.29 100.97 102.66 103.23 104.71 105.27 105.30 105.81 105.56 106.03 124.63
0.00 0.00 0.00 0.00 0.00 0.00 0.00 0.00 0.00 0.00 0.00 0.00 0.00 0.00 0.00 0.00 0.00 0.00 0.00 0.00 0.00 0.00 0.00 0.00 0.00 0.00 0.00 0.00 0.00 69.19 66.85 45.15 68.49 69.76 70.73 49.27 50.74 52.09 53.72 55.14 56.52 57.96 59.27 60.71 116.80 63.36 64.61 65.96 66.43 67.77 68.21 131.49 71.83 73.11 75.80 77.02 79.24 80.46 83.05 84.19 85.27 86.30 86.55 89.14 89.42 167.49 98.04 162.12 100.67 101.32 103.42 103.99 104.78 170.77 104.63 105.08 104.91 122.62 124.39
0.00 0.00 0.00 0.00 0.00 0.00 0.00 0.00 0.00 0.00 0.00 0.00 0.00 0.00 0.00 0.00 0.00 0.00 0.00 0.00 0.00 0.00 0.00 0.00 0.00 0.00 0.00 0.00 0.00 96.03 67.77 46.07 57.50 69.77 70.72 49.26 50.69 52.02 53.63 55.03 109.27 57.75 59.03 60.41 61.61 119.08 179.35 65.49 65.88 67.16 67.53 68.76 71.07 72.30 74.91 76.12 78.27 79.41 81.96 83.08 84.14 85.17 93.65 94.63 94.96 95.79 96.67 97.40 99.25 99.88 101.94 102.49 103.27 103.79 103.08 103.55 120.50 120.98 122.77
0.00 0.00 0.00 0.00 0.00 0.00 0.00 0.00 0.00 0.00 0.00 0.00 0.00 0.00 0.00 0.00 0.00 0.00 0.00 0.00 0.00 0.00 0.00 0.00 0.00 0.00 0.00 0.00 55.25 43.85 32.09 67.18 61.53 46.50 47.59 96.78 99.02 51.49 53.01 54.38 55.10 56.42 56.93 58.23 59.55 60.83 61.84 63.10 64.19 65.41 68.18 69.35 72.57 73.78 75.94 77.14 79.11 80.23 81.43 82.53 141.64 91.37 92.08 93.02 94.85 95.68 97.54 98.26 100.11 100.73 102.28 102.81 103.02 103.55 101.96 102.41 119.02 119.52 121.65
0.00 0.00 0.00 0.00 0.00 0.00 0.00 0.00 0.00 0.00 0.00 0.00 0.00 0.00 0.00 0.00 0.00 0.00 0.00 0.00 0.00 0.00 0.00 0.00 0.00 0.00 0.00 0.00 67.54 43.76 35.94 56.39 70.56 46.94 47.32 48.60 50.75 52.03 53.53 53.91 107.11 55.86 56.36 57.57 58.82 60.03 61.02 120.02 63.23 64.40 67.11 68.20 71.28 72.49 74.57 75.70 77.65 78.74 79.88 147.10 88.58 89.64 90.33 91.26 93.07 93.88 95.75 96.44 98.24 98.83 100.33 100.87 101.10 101.60 100.04 100.50 116.91 117.42 119.54
0.00 0.00 0.00 0.00 0.00 0.00 0.00 0.00 0.00 0.00 0.00 0.00 0.00 0.00 0.00 0.00 0.00 0.00 0.00 0.00 0.00 0.00 0.00 0.00 0.00 0.00 30.28 84.48 41.02 34.22 38.60 56.84 69.65 90.68 46.32 47.53 50.24 100.89 52.69 53.93 54.01 55.22 54.94 56.11 57.91 59.07 116.27 61.78 63.54 64.66 68.31 69.38 71.98 73.11 75.09 76.20 77.26 78.31 77.91 78.97 86.85 87.91 89.06 90.00 92.03 92.85 95.30 96.00 97.71 98.27 99.22 99.78 222.70 99.38 97.36 97.86 114.55 115.06 117.19
0.00 0.00 0.00 0.00 0.00 0.00 0.00 0.00 0.00 0.00 0.00 0.00 0.00 0.00 0.00 0.00 0.00 0.00 0.00 0.00 0.00 0.00 27.88 36.71 77.33 38.11 39.00 80.96 40.09 77.32 66.02 45.52 89.18 44.21 45.85 47.00 49.66 50.84 51.99 53.19 53.22 106.99 107.47 56.06 57.81 58.89 59.51 60.51 62.21 63.24 66.79 67.81 70.31 71.37 73.28 74.30 75.30 76.31 75.90 140.29 84.56 85.60 86.73 87.68 89.70 90.56 92.96 93.67 95.37 95.93 96.87 97.40 157.77 97.07 95.12 111.77 112.09 112.63 114.75
0.00 0.00 0.00 0.00 0.00 0.00 0.00 0.00 0.00 0.00 0.00 0.00 0.00 0.00 0.00 0.00 0.00 0.00 17.21 71.60 33.65 72.87 34.03 34.65 35.00 35.72 77.18 37.25 81.41 63.48 42.51 43.46 43.87 44.88 47.06 48.19 46.68 38.88 51.03 52.15 51.76 52.85 54.23 55.28 57.22 58.27 59.48 172.24 62.57 62.62 65.96 66.92 69.76 70.75 72.52 73.50 73.25 74.20 73.02 81.08 82.11 83.10 84.32 85.25 86.83 87.70 90.68 91.39 93.49 94.08 93.94 94.49 92.60 93.13 92.00 108.40 109.15 109.72 111.11
0.00 0.00 0.00 0.00 0.00 0.00 0.00 0.00 0.00 0.00 0.00 0.00 0.00 0.00 0.00 0.00 0.00 0.00 0.00 24.65 33.48 34.02 73.04 34.42 34.76 35.47 36.17 36.93 38.09 61.76 65.56 43.01 43.35 44.31 46.41 47.46 36.86 50.41 50.16 51.20 50.76 51.77 53.09 54.05 55.92 56.89 58.04 58.92 60.94 61.83 65.02 65.90 67.73 68.63 70.28 71.22 234.67 71.86 70.69 78.49 79.50 80.44 81.58 82.45 83.99 84.83 87.76 88.49 90.59 149.33 91.11 149.18 148.85 90.39 104.85 105.46 106.23 106.84 108.26
0.00 0.00 0.00 0.00 0.00 0.00 0.00 0.00 0.00 0.00 0.00 0.00 0.00 0.00 0.00 0.00 0.00 0.00 0.00 0.00 26.26 33.35 33.42 33.99 34.53 35.22 36.45 34.78 39.96 55.50 57.07 43.16 44.86 32.91 47.12 48.11 48.77 49.82 48.85 49.83 49.41 50.35 51.97 52.88 54.74 55.62 56.60 57.44 59.22 60.03 63.48 64.29 67.16 67.98 68.88 121.67 54.90 68.83 126.46 68.77 76.69 77.56 78.84 79.64 80.29 81.09 83.80 84.57 87.12 185.16 143.00 87.67 86.07 86.63 101.72 102.37 102.93 103.59 104.41
0.00 0.00 0.00 0.00 0.00 0.00 0.00 0.00 0.00 0.00 0.00 0.00 0.00 0.00 0.00 0.00 0.00 0.00 0.00 0.00 0.00 0.00 0.00 0.00 34.21 34.86 36.06 36.75 39.48 63.77 58.79 37.55 77.07 36.08 46.34 47.28 93.92 48.80 47.79 48.70 48.23 49.09 50.64 51.47 53.22 54.02 54.94 55.70 57.41 58.13 61.43 62.16 65.57 50.60 122.09 67.25 121.94 67.16 66.19 66.10 73.65 74.48 75.68 76.42 77.01 77.81 80.46 81.23 137.13 123.62 83.85 84.49 137.94 83.60 98.39 99.09 99.71 100.43 101.29
0.00 0.00 0.00 0.00 0.00 0.00 0.00 0.00 0.00 0.00 0.00 0.00 0.00 0.00 0.00 0.00 0.00 0.00 0.00 0.00 0.00 0.00 0.00 0.00 0.00 28.46 36.77 38.12 54.00 0.00 62.75 58.92 39.95 38.43 36.06 35.17 45.74 93.25 45.58 46.39 94.28 47.66 49.60 50.35 51.71 52.44 53.13 53.81 55.72 56.37 59.18 59.82 56.03 58.13 58.24 71.27 68.57 51.01 63.75 64.44 65.27 72.12 72.53 73.26 73.27 74.02 75.83 76.60 115.81 65.87 79.76 133.67 79.88 94.95 95.48 96.22 96.01 96.79 97.33
0.00 0.00 0.00 0.00 0.00 0.00 0.00 0.00 0.00 0.00 0.00 0.00 0.00 0.00 0.00 0.00 0.00 0.00 0.00 0.00 0.00 0.00 0.00 0.00 0.00 0.00 0.00 0.00 0.00 0.00 0.00 0.00 67.62 19.81 35.75 78.93 44.76 45.53 44.45 45.20 45.60 46.30 48.13 38.63 50.13 50.74 51.34 51.98 104.58 42.76 43.41 46.90 59.12 76.37 80.65 0.00 131.64 65.24 61.02 61.63 50.32 68.92 70.12 70.81 70.86 70.69 72.44 73.18 75.88 111.55 127.73 77.10 87.56 88.35 91.95 92.71 92.58 93.42 94.05
0.00 0.00 0.00 0.00 0.00 0.00 0.00 0.00 0.00 0.00 0.00 0.00 0.00 0.00 0.00 0.00 0.00 0.00 0.00 0.00 0.00 0.00 0.00 0.00 0.00 0.00 0.00 0.00 0.00 0.00 0.00 0.00 0.00 60.93 38.25 44.22 42.24 42.91 42.96 43.64 44.82 45.44 36.33 37.03 48.43 48.99 49.45 49.98 52.06 52.56 54.82 78.79 28.13 0.00 0.00 0.00 0.00 84.72 62.00 59.25 59.28 53.71 66.60 67.25 67.44 68.11 69.05 69.75 71.34 58.84 59.39 73.75 83.96 88.06 88.30 89.10 126.92 89.45 90.35
0.00 0.00 0.00 0.00 0.00 0.00 0.00 0.00 0.00 0.00 0.00 0.00 0.00 0.00 0.00 0.00 0.00 0.00 0.00 0.00 0.00 0.00 0.00 0.00 0.00 0.00 0.00 0.00 0.00 0.00 0.00 0.00 0.00 0.00 54.42 42.57 85.24 41.87 85.98 42.45 43.57 44.11 34.82 35.44 46.86 47.35 47.74 48.17 50.15 43.22 78.17 0.00 0.00 0.00 0.00 0.00 0.00 0.00 21.07 61.19 56.54 62.57 63.55 55.26 64.39 65.02 65.95 66.59 68.92 69.60 57.06 71.25 83.59 84.41 84.71 121.92 85.07 86.01 86.98
0.00 0.00 0.00 0.00 0.00 0.00 0.00 0.00 0.00 0.00 0.00 0.00 0.00 0.00 0.00 0.00 0.00 0.00 0.00 0.00 0.00 0.00 0.00 0.00 0.00 0.00 0.00 0.00 0.00 0.00 0.00 0.00 0.00 0.00 39.02 56.21 52.16 35.85 43.74 42.31 42.44 42.91 33.37 33.90 44.74 45.17 45.77 46.13 48.51 44.73 0.00 0.00 0.00 0.00 0.00 0.00 0.00 0.00 71.76 60.25 98.05 53.84 60.01 60.62 140.52 61.89 62.50 63.15 65.16 65.82 54.36 67.67 80.34 78.19 81.27 81.45 81.63 82.62 83.87
0.00 0.00 0.00 0.00 0.00 0.00 0.00 0.00 0.00 0.00 0.00 0.00 0.00 0.00 0.00 0.00 0.00 0.00 0.00 0.00 0.00 0.00 0.00 0.00 0.00 0.00 0.00 0.00 0.00 0.00 0.00 0.00 0.00 0.00 38.10 0.00 0.00 0.00 57.27 63.90 63.99 41.63 42.46 42.85 43.92 43.60 44.14 45.11 38.33 62.20 0.00 0.00 0.00 0.00 0.00 0.00 0.00 0.00 61.53 46.21 50.87 39.70 57.29 46.86 50.37 50.38 59.65 60.27 62.21 53.38 56.53 97.44 76.94 74.71 75.28 78.91 79.17 80.21 80.79
0.00 0.00 0.00 0.00 0.00 0.00 0.00 0.00 0.00 0.00 0.00 0.00 0.00 0.00 0.00 0.00 0.00 0.00 0.00 0.00 0.00 0.00 0.00 0.00 0.00 0.00 0.00 0.00 0.00 0.00 0.00 0.00 0.00 0.00 0.00 0.00 0.00 0.00 0.00 0.00 0.00 63.50 64.02 67.03 36.00 44.65 42.19 34.25 51.76 0.00 0.00 0.00 0.00 0.00 0.00 0.00 0.00 0.00 42.06 110.05 39.38 48.37 54.45 68.25 102.18 57.48 56.79 57.38 49.73 72.46 54.52 63.09 73.01 71.02 63.25 75.69 76.54 77.63 78.63
0.00 0.00 0.00 0.00 0.00 0.00 0.00 0.00 0.00 0.00 0.00 0.00 0.00 0.00 0.00 0.00 0.00 0.00 0.00 0.00 0.00 0.00 0.00 0.00 0.00 0.00 0.00 0.00 0.00 0.00 0.00 0.00 0.00 0.00 0.00 0.00 0.00 0.00 0.00 0.00 0.00 0.00 0.00 0.00 0.00 66.05 40.76 54.16 0.00 0.00 0.00 0.00 0.00 0.00 0.00 0.00 0.00 0.00 0.00 54.00 47.14 52.90 53.42 68.19 82.95 59.04 54.28 47.79 40.56 0.00 42.98 61.73 70.00 67.93 60.06 72.78 73.67 74.80 75.82
0.00 0.00 0.00 0.00 0.00 0.00 0.00 0.00 0.00 0.00 0.00 0.00 0.00 0.00 0.00 0.00 0.00 0.00 0.00 0.00 0.00 0.00 0.00 0.00 0.00 0.00 0.00 0.00 0.00 0.00 0.00 0.00 0.00 0.00 0.00 0.00 0.00 0.00 0.00 0.00 0.00 0.00 0.00 0.00 0.00 0.00 55.08 0.00 0.00 0.00 0.00 0.00 0.00 0.00 0.00 0.00 0.00 0.00 0.00 0.00 59.73 73.76 0.00 0.00 0.00 96.96 53.71 75.05 0.00 0.00 0.00 78.36 66.74 62.38 59.09 62.04 70.69 71.81 72.81
0.00 0.00 0.00 0.00 0.00 0.00 0.00 0.00 0.00 0.00 0.00 0.00 0.00 0.00 0.00 0.00 0.00 0.00 0.00 0.00 0.00 0.00 0.00 0.00 0.00 0.00 0.00 0.00 0.00 0.00 0.00 0.00 0.00 0.00 0.00 0.00 0.00 0.00 0.00 0.00 0.00 0.00 0.00 0.00 0.00 0.00 0.00 0.00 0.00 0.00 0.00 0.00 0.00 0.00 0.00 0.00 0.00 0.00 0.00 0.00 0.00 0.00 0.00 0.00 0.00 0.00 74.41 0.00 0.00 0.00 0.00 75.48 65.58 63.26 56.82 54.32 69.56 100.61 70.34
0.00 0.00 0.00 0.00 0.00 0.00 0.00 0.00 0.00 0.00 0.00 0.00 0.00 0.00 0.00 0.00 0.00 0.00 0.00 0.00 0.00 0.00 0.00 0.00 0.00 0.00 0.00 0.00 0.00 0.00 0.00 0.00 0.00 0.00 0.00 0.00 0.00 0.00 0.00 0.00 0.00 0.00 0.00 0.00 0.00 0.00 0.00 0.00 0.00 0.00 0.00 0.00 0.00 0.00 0.00 0.00 0.00 0.00 0.00 0.00 0.00 0.00 0.00 0.00 0.00 0.00 0.00 0.00 0.00 0.00 0.00 0.00 85.61 0.00 0.00 75.84 66.34 66.10 60.62
0.00 0.00 0.00 0.00 0.00 0.00 0.00 0.00 0.00 0.00 0.00 0.00 0.00 0.00 0.00 0.00 0.00 0.00 0.00 0.00 0.00 0.00 0.00 0.00 0.00 0.00 0.00 0.00 0.00 0.00 0.00 0.00 0.00 0.00 0.00 0.00 0.00 0.00 0.00 0.00 0.00 0.00 0.00 0.00 0.00 0.00 0.00 0.00 0.00 0.00 0.00 0.00 0.00 0.00 0.00 0.00 0.00 0.00 0.00 0.00 0.00 0.00 0.00 0.00 0.00 0.00 0.00 0.00 0.00 0.00 0.00 0.00 0.00 0.00 0.00 0.00 107.97 56.55 78.00
0.00 0.00 0.00 0.00 0.00 0.00 0.00 0.00 0.00 0.00 0.00 0.00 0.00 0.00 0.00 0.00 0.00 0.00 0.00 0.00 0.00 0.00 0.00 0.00 0.00 0.00 0.00 0.00 0.00 0.00 0.00 0.00 0.00 0.00 0.00 0.00 0.00 0.00 0.00 0.00 0.00 0.00 0.00 0.00 0.00 0.00 0.00 0.00 0.00 0.00 0.00 0.00 0.00 0.00 0.00 0.00 0.00 0.00 0.00 0.00 0.00 0.00 0.00 0.00 0.00 0.00 0.00 0.00 0.00 0.00 0.00 0.00 0.00 0.00 0.00 0.00 76.31 65.01 77.53
0.00 0.00 0.00 0.00 0.00 0.00 0.00 0.00 0.00 0.00 0.00 0.00 0.00 0.00 0.00 0.00 0.00 0.00 0.00 0.00 0.00 0.00 0.00 0.00 0.00 0.00 0.00 0.00 0.00 0.00 0.00 0.00 0.00 0.00 0.00 0.00 0.00 0.00 0.00 0.00 0.00 0.00 0.00 0.00 0.00 0.00 0.00 0.00 0.00 0.00 0.00 0.00 0.00 0.00 0.00 0.00 0.00 0.00 0.00 0.00 0.00 0.00 0.00 0.00 0.00 0.00 0.00 0.00 0.00 0.00 0.00 0.00 0.00 0.00 0.00 0.00 71.68 0.00 0.00
