ASPA-UH-SWB2_REPO/output/post_prcessed_with_MFR/net_infiltration_annual.asc
NCOLS 350
NROWS 200
XLLCENTER 515000.000000
YLLCENTER 8409000.000000
CELLSIZE 100.000000
NODATA_value -999.000000
[rows 140 to 174 of 200, columns 79 to 157 of 350]
91.90 11.31 84.51 101.40 100.31 75.26 81.98 69.09 69.88 70.72 71.44 83.41 76.32 76.49 93.07 213.66 214.63 216.82 217.85 235.13 211.06 214.68 100.86 98.31 95.48 101.90 103.02 103.04 103.98 121.86 97.93 99.36 98.67 97.57 97.92 97.82 114.35 98.37 99.21 99.17 93.35 90.93 93.86 89.76 86.99 85.43 87.33 85.70 120.30 97.99 74.65 48.42 65.98 87.36 86.27 101.25 67.67 61.15 58.36 79.80 18.97 62.08 56.64 41.17 74.70 40.28 46.08 14.71 47.84 46.70 41.68 40.69 39.78 12.82 12.60 49.20 48.64 0.00 0.00
0.00 57.92 56.25 96.38 80.56 82.89 73.73 70.24 68.97 69.74 206.59 198.25 196.20 204.03 177.24 208.61 216.17 215.65 209.29 209.41 235.87 208.43 98.96 95.76 96.48 99.61 110.58 98.78 96.23 120.01 118.99 89.72 126.14 118.18 95.18 87.48 53.92 98.25 101.76 94.73 90.99 89.96 91.65 87.58 86.86 88.21 85.97 85.75 72.94 93.28 91.81 89.48 87.87 80.29 85.89 88.45 83.09 81.12 79.72 39.27 56.15 61.32 82.12 74.30 50.51 57.25 46.12 44.34 43.25 13.84 13.52 13.22 12.94 38.64 0.00 0.00 0.00 0.00 0.00
0.00 0.00 56.53 98.29 79.03 71.13 70.70 68.24 68.41 229.46 207.29 217.24 171.92 218.85 220.79 103.41 103.85 113.22 53.35 107.78 62.62 98.86 101.38 97.99 98.63 97.95 91.75 92.19 96.12 93.54 116.65 125.08 96.21 117.04 119.48 115.17 116.78 119.27 92.96 93.08 89.39 90.42 87.32 85.46 85.50 86.85 86.05 107.99 101.67 92.28 67.85 65.57 86.79 87.93 90.21 90.24 90.37 58.18 55.49 17.58 76.88 75.53 72.51 48.43 47.91 46.71 45.58 43.81 42.76 13.69 14.05 39.94 0.00 0.00 0.00 0.00 0.00 0.00 0.00
0.00 0.00 52.23 96.55 92.44 96.62 80.14 59.70 67.55 213.40 100.21 79.32 76.63 72.82 91.55 85.75 74.97 86.96 81.09 85.44 91.08 112.15 90.16 88.67 87.42 96.05 89.55 94.91 96.62 96.96 108.05 98.42 124.05 120.57 121.83 108.43 114.99 115.88 85.54 89.29 87.83 89.58 87.89 84.07 85.87 82.26 80.78 94.08 92.05 67.68 66.09 64.53 62.99 88.28 65.42 59.91 81.54 65.24 62.55 76.12 79.14 50.27 57.63 48.47 46.62 45.48 44.41 14.20 13.86 42.00 41.12 0.00 0.00 0.00 0.00 0.00 0.00 0.00 0.00
0.00 74.42 94.23 70.90 76.40 73.72 92.25 101.55 49.70 95.42 80.15 74.31 78.58 76.77 86.28 70.72 82.30 79.68 82.71 87.04 81.72 115.38 87.80 86.60 94.54 86.03 95.76 94.88 82.40 93.61 94.40 96.53 96.69 96.54 96.33 113.27 82.27 83.95 90.94 87.10 85.67 86.15 94.31 98.94 86.55 95.05 93.05 69.62 68.12 66.56 65.02 63.53 62.05 60.55 84.01 70.99 69.06 79.37 85.21 80.01 58.53 54.61 48.36 47.20 46.05 44.96 14.38 42.88 43.22 71.68 84.12 0.00 0.00 0.00 0.00 0.00 0.00 0.00 0.00
0.00 71.37 96.30 76.80 75.50 66.60 101.55 92.51 97.00 52.83 93.28 94.39 76.52 74.23 84.34 85.46 76.34 77.29 78.26 80.59 88.49 100.93 87.56 75.74 84.08 84.08 94.06 92.55 92.88 92.52 92.75 94.21 89.48 95.98 83.33 104.22 88.79 88.51 90.33 94.44 84.88 87.15 114.50 115.48 98.38 72.31 69.84 68.47 66.98 65.47 66.66 65.21 61.11 59.66 81.79 81.67 79.47 62.24 77.84 90.60 89.35 104.58 48.86 46.61 45.52 44.45 43.45 73.23 41.08 68.59 43.64 0.00 0.00 0.00 0.00 0.00 0.00 0.00 0.00
68.99 67.17 92.49 73.71 76.91 90.10 68.48 68.28 79.59 100.94 78.34 78.72 91.19 97.22 77.53 84.56 74.95 77.17 80.38 77.66 79.91 97.93 82.86 85.25 85.31 85.94 95.51 99.94 100.31 90.93 91.17 93.04 93.31 93.49 80.30 111.75 90.12 86.30 85.24 92.97 84.63 83.41 114.95 86.44 99.96 73.93 69.99 67.30 65.87 64.40 64.32 93.65 68.04 58.78 81.69 89.53 56.50 53.99 62.90 70.10 71.49 82.24 76.42 68.91 67.82 66.80 66.48 68.22 92.24 69.62 44.70 0.00 0.00 0.00 0.00 0.00 0.00 0.00 0.00
69.48 72.30 87.00 72.57 89.67 52.36 71.96 74.12 71.84 74.70 93.94 72.08 73.88 87.66 95.44 94.20 77.12 82.89 70.47 80.57 72.12 106.03 80.62 80.00 85.01 85.62 73.52 74.01 89.75 89.51 89.74 91.63 91.92 92.14 92.25 107.22 89.93 77.88 75.56 82.58 82.59 83.14 114.60 72.04 74.55 96.17 68.81 66.16 64.77 63.39 62.01 83.50 82.17 88.49 82.22 82.35 80.52 88.45 61.80 64.63 62.79 58.31 64.30 46.65 51.31 44.21 46.41 69.67 89.98 65.60 63.70 41.07 0.00 0.00 0.00 0.00 0.00 0.00 0.00
61.09 60.49 72.74 88.01 67.82 52.91 91.06 74.25 72.63 74.92 75.80 74.69 72.55 77.42 89.00 99.96 98.01 93.40 81.24 85.10 81.11 103.97 83.19 81.21 80.51 80.45 80.31 72.42 72.81 88.69 88.91 89.63 82.72 90.27 90.40 97.46 85.83 87.00 82.37 73.62 81.23 84.78 106.08 77.56 70.98 94.31 97.59 65.03 63.72 62.38 83.88 82.63 69.61 79.49 86.58 65.20 83.76 63.83 82.19 25.06 66.53 56.44 57.40 46.85 47.85 58.05 55.11 76.40 43.70 62.49 62.58 0.00 0.00 0.00 0.00 0.00 0.00 0.00 0.00
70.40 72.49 64.36 89.79 89.07 98.53 88.79 98.13 73.67 76.61 76.80 76.31 74.79 69.27 80.42 83.04 78.07 91.88 102.00 72.99 77.63 55.94 80.59 74.22 79.81 77.72 78.20 78.60 78.95 87.32 87.70 88.43 97.56 82.89 89.82 96.70 87.11 75.64 84.64 81.17 84.18 108.28 97.58 72.53 76.27 103.06 89.28 86.73 85.49 84.88 60.18 70.73 77.90 69.55 88.87 64.73 60.22 27.45 67.11 83.09 66.94 57.57 70.60 47.07 48.11 73.98 90.39 66.32 66.20 62.26 0.00 0.00 0.00 0.00 0.00 0.00 0.00 0.00 0.00
67.68 71.74 62.94 75.75 99.17 73.58 74.08 86.38 87.37 95.38 73.40 73.55 74.77 69.55 69.42 81.08 72.83 75.37 70.26 97.59 96.12 103.12 95.27 103.49 79.25 77.07 77.49 85.77 78.23 78.48 78.82 86.81 87.30 79.32 80.18 102.34 86.43 88.28 85.29 84.83 84.25 51.85 96.93 98.74 49.71 66.66 66.67 66.20 62.36 62.51 75.09 81.44 65.48 93.54 67.40 74.70 55.49 57.76 64.67 77.20 57.75 72.06 46.98 67.45 69.19 68.38 64.39 65.31 48.85 0.00 0.00 0.00 0.00 0.00 0.00 0.00 0.00 0.00 0.00
0.00 70.38 61.57 86.34 86.86 74.16 73.32 84.94 70.91 73.68 68.21 73.38 71.91 75.58 74.71 71.90 80.53 77.81 80.26 110.51 84.44 79.66 78.48 94.74 92.54 90.99 76.93 77.27 70.52 80.54 80.23 77.30 86.86 78.07 78.90 93.32 78.82 83.67 78.36 81.22 84.34 95.14 95.04 70.99 74.12 72.33 70.94 86.05 81.16 72.77 64.49 69.06 93.32 94.68 67.21 74.13 74.57 67.04 64.01 85.12 72.80 68.34 55.73 44.92 51.25 49.64 48.10 40.85 40.14 0.00 0.00 0.00 0.00 0.00 0.00 0.00 0.00 0.00 0.00
0.00 59.59 93.30 73.65 74.23 86.67 64.33 62.72 92.92 69.64 73.12 71.90 69.06 72.00 76.66 82.33 71.32 78.71 89.91 99.58 76.50 73.20 72.96 77.39 70.05 91.41 103.64 96.51 96.81 106.10 96.86 104.69 93.01 93.32 103.17 94.81 77.64 81.16 80.19 79.39 93.93 89.96 98.89 45.51 77.83 82.17 79.15 70.73 68.31 80.63 60.97 91.85 90.65 64.61 62.05 60.24 62.05 51.12 83.37 55.60 68.75 67.57 68.15 55.62 49.52 0.00 0.00 0.00 0.00 0.00 0.00 0.00 0.00 0.00 0.00 0.00 0.00 0.00 0.00
0.00 67.70 60.19 95.07 73.53 87.28 65.56 74.28 45.04 85.79 74.84 73.61 70.18 74.04 74.38 74.77 70.23 77.60 89.41 65.57 81.75 82.02 83.01 92.43 85.67 78.16 80.44 78.38 81.37 87.44 71.72 92.93 92.63 72.07 81.23 97.03 94.29 99.81 90.46 90.68 97.83 100.83 65.92 74.16 80.78 70.89 67.24 72.42 72.02 76.31 82.19 70.64 66.37 61.84 53.58 63.15 62.01 84.47 71.47 57.03 58.82 67.11 66.44 51.35 0.00 0.00 0.00 0.00 0.00 0.00 0.00 0.00 0.00 0.00 0.00 0.00 0.00 0.00 0.00
0.00 0.00 101.41 82.87 68.88 71.33 88.83 76.57 65.79 88.13 66.81 74.10 82.32 70.17 80.85 70.12 70.52 72.86 100.96 83.09 89.56 71.18 72.12 82.58 84.14 79.21 78.14 76.45 76.52 76.27 77.32 46.95 68.18 75.52 84.72 76.93 77.48 80.35 77.93 73.83 74.64 73.30 95.40 97.64 92.99 90.73 97.96 86.77 83.72 83.70 67.70 66.64 63.56 65.42 61.96 59.55 58.52 79.03 91.98 46.70 58.93 56.71 50.71 0.00 0.00 0.00 0.00 0.00 0.00 0.00 0.00 0.00 0.00 0.00 0.00 0.00 0.00 0.00 0.00
0.00 0.00 0.00 71.45 69.34 62.77 85.21 97.68 75.07 64.26 90.62 72.18 69.08 79.73 68.84 75.45 88.57 98.96 66.32 76.59 81.57 70.61 81.19 81.31 82.19 81.45 82.37 72.03 72.46 72.92 75.30 108.68 84.08 83.47 77.71 79.54 79.40 79.80 87.18 83.22 76.52 72.40 84.13 82.48 82.44 76.63 75.70 74.00 68.89 99.70 89.87 81.53 64.77 77.76 66.16 63.72 70.71 55.58 83.27 67.59 53.53 52.41 0.00 0.00 0.00 0.00 0.00 0.00 0.00 0.00 0.00 0.00 0.00 0.00 0.00 0.00 0.00 0.00 0.00
0.00 0.00 68.10 70.59 68.43 69.44 94.45 87.07 65.75 73.58 87.00 64.15 81.13 72.01 72.27 74.57 101.02 83.99 79.10 74.85 70.66 70.08 80.76 80.67 80.87 80.56 80.84 71.47 71.89 72.33 95.46 82.55 82.72 75.78 63.73 64.29 72.32 63.13 82.43 81.86 75.55 74.96 74.26 80.06 69.18 69.60 68.67 71.78 70.06 68.99 67.13 75.18 79.75 80.70 56.86 63.07 60.04 56.31 78.26 56.34 67.21 44.21 0.00 0.00 0.00 0.00 0.00 0.00 0.00 0.00 0.00 0.00 0.00 0.00 0.00 0.00 0.00 0.00 0.00
0.00 0.00 0.00 60.19 67.45 85.60 97.44 72.23 73.79 76.01 93.68 93.09 73.53 72.48 72.43 88.47 74.73 76.32 70.20 69.65 69.71 69.77 69.83 69.95 70.13 80.31 70.71 71.04 71.41 73.09 95.50 72.21 82.23 81.57 81.59 82.13 81.97 81.78 61.82 89.18 80.44 72.28 74.63 82.64 80.99 70.75 71.16 66.83 69.22 67.51 67.11 65.26 66.18 64.26 46.86 62.94 55.02 61.12 79.71 79.21 54.31 0.00 0.00 0.00 0.00 0.00 0.00 0.00 0.00 0.00 0.00 0.00 0.00 0.00 0.00 0.00 0.00 0.00 0.00
0.00 0.00 0.00 66.81 76.90 85.96 74.98 72.61 69.60 86.25 87.11 85.72 71.66 66.18 67.17 96.52 77.97 73.94 69.49 69.60 69.66 69.70 80.41 69.77 86.10 70.15 70.41 78.80 72.31 74.54 112.62 80.74 80.85 70.49 81.06 82.42 82.25 82.00 81.65 80.42 59.78 77.22 71.87 73.43 71.27 67.77 70.27 66.64 67.04 66.70 62.35 60.88 60.56 62.40 63.37 80.81 78.61 52.90 57.00 76.32 44.62 0.00 0.00 0.00 0.00 0.00 0.00 0.00 0.00 0.00 0.00 0.00 0.00 0.00 0.00 0.00 0.00 0.00 0.00
0.00 0.00 58.05 79.59 86.71 65.51 63.80 73.66 86.48 68.91 69.52 61.35 86.44 78.06 89.80 75.14 70.88 78.61 88.73 80.60 77.77 80.53 80.50 79.86 79.94 71.70 71.89 80.36 72.31 72.04 85.85 70.99 78.04 80.56 80.48 81.80 81.59 81.34 80.98 79.70 79.19 58.09 77.45 69.83 67.71 67.53 69.39 66.45 69.52 63.89 63.58 60.14 66.54 61.69 62.70 78.24 77.38 75.20 79.86 51.71 0.00 0.00 0.00 0.00 0.00 0.00 0.00 0.00 0.00 0.00 0.00 0.00 0.00 0.00 0.00 0.00 0.00 0.00 0.00
0.00 0.00 60.44 88.16 64.95 67.88 93.76 102.10 69.08 66.69 66.66 80.22 86.89 85.23 88.24 65.82 69.40 80.98 80.49 69.66 89.86 73.43 77.74 69.62 69.63 69.71 62.00 62.13 62.24 94.79 80.26 79.52 79.34 80.32 80.19 81.46 81.43 81.40 80.78 79.68 79.17 77.49 77.21 69.68 69.53 64.68 67.18 63.59 64.69 62.42 61.48 59.22 57.84 56.57 57.01 78.99 73.52 54.70 52.61 0.00 0.00 0.00 0.00 0.00 0.00 0.00 0.00 0.00 0.00 0.00 0.00 0.00 0.00 0.00 0.00 0.00 0.00 0.00 0.00
0.00 0.00 58.88 86.56 86.83 89.76 74.15 62.86 67.48 66.46 66.47 91.70 88.72 96.50 86.03 70.78 68.53 68.94 69.34 69.59 69.69 80.10 77.63 79.36 71.18 69.46 69.52 61.74 71.40 71.46 94.34 79.09 78.84 79.75 79.60 80.83 80.76 80.66 80.03 78.92 86.52 76.75 76.47 68.80 69.33 75.02 73.63 65.43 64.54 63.62 62.70 61.77 58.52 63.70 78.57 82.50 52.97 52.23 0.00 0.00 0.00 0.00 0.00 0.00 0.00 0.00 0.00 0.00 0.00 0.00 0.00 0.00 0.00 0.00 0.00 0.00 0.00 0.00 0.00
0.00 0.00 0.00 59.51 83.23 88.84 77.82 74.80 66.53 61.23 67.61 94.73 100.98 92.83 87.85 62.74 68.99 68.76 69.15 69.45 80.17 79.23 69.36 69.21 69.16 69.15 69.15 69.17 77.23 69.18 92.66 61.96 78.94 79.06 78.87 79.81 79.72 67.50 66.98 64.98 77.95 76.56 75.96 75.69 64.44 73.69 73.65 61.30 61.11 60.25 61.98 61.75 56.56 55.69 90.65 54.52 0.00 0.00 0.00 0.00 0.00 0.00 0.00 0.00 0.00 0.00 0.00 0.00 0.00 0.00 0.00 0.00 0.00 0.00 0.00 0.00 0.00 0.00 0.00
0.00 0.00 0.00 0.00 0.00 0.00 82.86 84.48 84.80 85.12 84.33 92.66 77.39 99.13 87.67 69.09 68.17 68.58 68.98 79.96 80.06 79.06 87.16 68.91 78.06 77.93 77.91 78.75 68.67 68.64 95.74 68.50 78.38 78.49 78.29 79.18 79.08 79.38 66.19 77.82 85.40 75.58 62.10 74.33 73.69 62.82 66.01 60.52 60.36 59.55 58.01 84.55 60.89 68.88 75.89 0.00 0.00 0.00 0.00 0.00 0.00 0.00 0.00 0.00 0.00 0.00 0.00 0.00 0.00 0.00 0.00 0.00 0.00 0.00 0.00 0.00 0.00 0.00 0.00
0.00 0.00 0.00 0.00 0.00 0.00 0.00 0.00 0.00 82.35 59.89 82.40 69.84 73.83 69.20 71.25 67.98 68.38 68.73 78.71 86.99 77.60 77.45 77.75 77.44 67.01 77.81 77.80 77.99 78.10 77.30 94.30 78.06 78.03 77.59 78.21 77.86 78.21 0.00 0.00 0.00 0.00 74.70 60.47 62.12 61.99 61.21 59.76 58.97 58.15 57.33 60.41 59.59 90.94 0.00 0.00 0.00 0.00 0.00 0.00 0.00 0.00 0.00 0.00 0.00 0.00 0.00 0.00 0.00 0.00 0.00 0.00 0.00 0.00 0.00 0.00 0.00 0.00 0.00
0.00 0.00 0.00 0.00 0.00 0.00 0.00 0.00 0.00 0.00 65.29 59.27 77.78 66.58 76.37 78.88 67.74 76.11 79.54 78.44 78.41 85.45 77.12 77.44 77.33 77.70 77.64 77.43 77.35 77.63 77.52 93.59 85.61 77.44 76.97 77.56 77.19 77.52 0.00 0.00 0.00 0.00 0.00 66.06 65.30 60.56 59.78 69.50 68.83 57.43 59.90 59.10 81.14 69.64 0.00 0.00 0.00 0.00 0.00 0.00 0.00 0.00 0.00 0.00 0.00 0.00 0.00 0.00 0.00 0.00 0.00 0.00 0.00 0.00 0.00 0.00 0.00 0.00 0.00
0.00 0.00 0.00 0.00 0.00 0.00 0.00 0.00 0.00 0.00 0.00 0.00 56.08 68.72 58.71 59.08 59.48 69.45 86.21 76.79 76.75 77.48 77.36 78.59 78.49 86.90 86.80 78.33 78.20 77.01 76.84 91.63 76.26 76.81 76.54 77.06 0.00 0.00 0.00 0.00 0.00 0.00 0.00 63.27 66.52 87.23 92.87 69.66 76.63 60.00 82.04 81.30 69.86 0.00 0.00 0.00 0.00 0.00 0.00 0.00 0.00 0.00 0.00 0.00 0.00 0.00 0.00 0.00 0.00 0.00 0.00 0.00 0.00 0.00 0.00 0.00 0.00 0.00 0.00
0.00 0.00 0.00 0.00 0.00 0.00 0.00 0.00 0.00 0.00 0.00 0.00 0.00 56.07 56.42 56.79 78.49 77.28 77.65 76.35 76.30 77.05 76.93 0.00 0.00 66.97 78.18 77.85 77.69 76.46 76.27 90.88 75.44 84.24 75.88 76.41 0.00 0.00 0.00 0.00 0.00 0.00 0.00 0.00 0.00 70.11 69.49 92.57 81.62 82.12 58.59 57.91 56.34 0.00 0.00 0.00 0.00 0.00 0.00 0.00 0.00 0.00 0.00 0.00 0.00 0.00 0.00 0.00 0.00 0.00 0.00 0.00 0.00 0.00 0.00 0.00 0.00 0.00 0.00
0.00 0.00 0.00 0.00 0.00 0.00 0.00 0.00 0.00 0.00 0.00 0.00 0.00 0.00 0.00 0.00 56.63 84.64 76.58 76.45 76.39 0.00 0.00 0.00 0.00 0.00 0.00 0.00 0.00 0.00 76.83 74.51 89.86 74.11 81.99 0.00 0.00 0.00 0.00 0.00 0.00 0.00 0.00 0.00 0.00 0.00 66.82 63.99 66.95 58.65 65.05 57.27 0.00 0.00 0.00 0.00 0.00 0.00 0.00 0.00 0.00 0.00 0.00 0.00 0.00 0.00 0.00 0.00 0.00 0.00 0.00 0.00 0.00 0.00 0.00 0.00 0.00 0.00 0.00
0.00 0.00 0.00 0.00 0.00 0.00 0.00 0.00 0.00 0.00 0.00 0.00 0.00 0.00 0.00 0.00 0.00 0.00 0.00 75.92 0.00 0.00 0.00 0.00 0.00 0.00 0.00 0.00 0.00 0.00 76.27 73.95 89.12 73.52 73.19 74.23 62.54 0.00 0.00 0.00 0.00 0.00 0.00 0.00 0.00 0.00 68.08 66.33 65.70 65.06 57.24 55.77 0.00 0.00 0.00 0.00 0.00 0.00 0.00 0.00 0.00 0.00 0.00 0.00 0.00 0.00 0.00 0.00 0.00 0.00 0.00 0.00 0.00 0.00 0.00 0.00 0.00 0.00 0.00
0.00 0.00 0.00 0.00 0.00 0.00 0.00 0.00 0.00 0.00 0.00 0.00 0.00 0.00 0.00 0.00 0.00 0.00 0.00 76.45 0.00 0.00 0.00 0.00 0.00 0.00 0.00 0.00 0.00 0.00 75.51 80.86 72.59 65.16 71.80 73.02 72.65 0.00 0.00 0.00 0.00 0.00 0.00 0.00 0.00 0.00 0.00 0.00 58.03 57.28 56.60 0.00 0.00 0.00 0.00 0.00 0.00 0.00 0.00 0.00 0.00 0.00 0.00 0.00 0.00 0.00 0.00 0.00 0.00 0.00 0.00 0.00 0.00 0.00 0.00 0.00 0.00 0.00 0.00
0.00 0.00 0.00 0.00 0.00 0.00 0.00 0.00 0.00 0.00 0.00 0.00 0.00 0.00 0.00 0.00 0.00 0.00 0.00 0.00 0.00 0.00 0.00 0.00 0.00 0.00 0.00 0.00 0.00 0.00 74.89 72.24 71.98 64.37 71.17 72.39 62.81 0.00 0.00 0.00 0.00 0.00 0.00 0.00 0.00 0.00 0.00 0.00 0.00 0.00 0.00 0.00 0.00 0.00 0.00 0.00 0.00 0.00 0.00 0.00 0.00 0.00 0.00 0.00 0.00 0.00 0.00 0.00 0.00 0.00 0.00 0.00 0.00 0.00 0.00 0.00 0.00 0.00 0.00
0.00 0.00 0.00 0.00 0.00 0.00 0.00 0.00 0.00 0.00 0.00 0.00 0.00 0.00 0.00 0.00 0.00 0.00 0.00 0.00 0.00 0.00 0.00 0.00 0.00 0.00 0.00 0.00 0.00 72.82 72.57 64.31 63.97 71.46 71.12 72.26 0.00 0.00 0.00 0.00 0.00 0.00 0.00 0.00 0.00 0.00 0.00 0.00 0.00 0.00 0.00 0.00 0.00 0.00 0.00 0.00 0.00 0.00 0.00 0.00 0.00 0.00 0.00 0.00 0.00 0.00 0.00 0.00 0.00 0.00 0.00 0.00 0.00 0.00 0.00 0.00 0.00 0.00 0.00
0.00 0.00 0.00 0.00 0.00 0.00 0.00 0.00 0.00 0.00 0.00 0.00 0.00 0.00 0.00 0.00 0.00 0.00 0.00 0.00 0.00 0.00 0.00 0.00 0.00 0.00 0.00 74.61 74.42 80.04 71.99 63.56 70.05 70.83 70.51 63.30 0.00 0.00 0.00 0.00 0.00 0.00 0.00 0.00 0.00 0.00 0.00 0.00 0.00 0.00 0.00 0.00 0.00 0.00 0.00 0.00 0.00 0.00 0.00 0.00 0.00 0.00 0.00 0.00 0.00 0.00 0.00 0.00 0.00 0.00 0.00 0.00 0.00 0.00 0.00 0.00 0.00 0.00 0.00
0.00 0.00 0.00 0.00 0.00 0.00 0.00 0.00 0.00 0.00 0.00 0.00 0.00 0.00 0.00 0.00 0.00 0.00 0.00 0.00 0.00 0.00 0.00 0.00 0.00 0.00 0.00 72.61 72.40 70.54 70.30 70.32 70.03 70.74 58.91 0.00 0.00 0.00 0.00 0.00 0.00 0.00 0.00 0.00 0.00 0.00 0.00 0.00 0.00 0.00 0.00 0.00 0.00 0.00 0.00 0.00 0.00 0.00 0.00 0.00 0.00 0.00 0.00 0.00 0.00 0.00 0.00 0.00 0.00 0.00 0.00 0.00 0.00 0.00 0.00 0.00 0.00 0.00 0.00
