ASPA-UH-SWB2_REPO/output/post_prcessed_with_MFR/net_infiltration_annual.asc
NCOLS 350
NROWS 200
XLLCENTER 515000.000000
YLLCENTER 8409000.000000
CELLSIZE 100.000000
NODATA_value -999.000000
[rows 70 to 104 of 200, columns 158 to 236 of 350]
136.56 139.58 82.99 84.46 96.82 98.29 104.99 107.71 116.74 64.06 120.15 56.10 124.76 125.94 56.43 56.00 53.51 127.50 54.43 0.00 0.00 0.00 0.00 0.00 0.00 0.00 0.00 0.00 0.00 0.00 0.00 0.00 0.00 0.00 0.00 0.00 0.00 0.00 0.00 0.00 0.00 0.00 0.00 0.00 0.00 0.00 0.00 0.00 0.00 0.00 0.00 0.00 0.00 0.00 120.07 92.66 91.58 92.24 90.69 91.29 87.62 91.58 85.71 86.12 86.51 86.87 87.09 87.32 87.50 99.36 100.27 91.27 90.69 134.36 101.92 101.47 100.49 99.82 98.09
83.53 85.07 84.82 91.23 98.73 100.23 106.97 97.23 117.47 121.51 124.15 177.42 182.97 110.26 110.52 129.86 119.09 119.76 119.27 118.01 117.98 0.00 0.00 0.00 0.00 0.00 0.00 0.00 0.00 0.00 0.00 0.00 0.00 0.00 0.00 0.00 0.00 0.00 0.00 0.00 0.00 0.00 0.00 0.00 0.00 0.00 0.00 0.00 0.00 0.00 0.00 0.00 0.00 0.00 119.05 90.39 76.22 76.95 89.38 90.07 86.48 90.71 90.08 90.55 93.23 85.78 86.05 86.27 86.45 86.54 99.31 99.28 98.70 102.13 100.84 100.36 99.29 98.56 96.77
83.58 85.10 95.49 97.05 104.28 105.73 109.80 113.72 117.57 55.33 157.65 102.31 101.84 110.86 110.25 110.33 103.93 127.10 97.17 102.50 102.88 103.07 117.13 52.12 0.00 0.00 0.00 0.00 0.00 0.00 0.00 0.00 0.00 0.00 0.00 0.00 0.00 0.00 0.00 0.00 0.00 0.00 0.00 0.00 0.00 0.00 0.00 0.00 0.00 0.00 0.00 0.00 0.00 53.84 84.30 79.59 75.78 89.19 86.45 87.18 83.78 88.02 91.15 91.68 95.40 95.80 99.19 84.99 85.14 85.19 98.84 98.77 96.48 99.89 98.92 98.38 97.49 182.07 138.38
85.45 91.99 97.53 99.07 106.35 107.76 111.75 116.33 58.22 55.29 166.49 109.98 103.98 112.34 111.52 111.32 127.60 104.48 104.00 108.89 106.54 102.80 123.99 120.44 51.58 50.28 0.00 0.00 0.00 48.19 23.98 23.20 22.50 45.98 46.04 44.87 0.00 0.00 0.00 0.00 0.00 0.00 0.00 0.00 0.00 0.00 0.00 0.00 0.00 0.00 0.00 0.00 0.00 59.65 86.95 81.48 86.63 87.49 84.86 85.62 131.55 86.58 89.74 90.27 93.99 96.39 97.78 98.07 98.35 98.41 97.40 97.29 94.99 94.75 97.32 96.77 95.84 94.96 93.94
96.22 97.86 105.00 106.54 110.68 112.68 95.60 126.96 55.28 122.04 178.24 237.35 176.25 176.89 112.74 112.33 111.17 169.90 166.93 107.26 106.10 104.84 106.25 128.57 119.35 51.63 50.26 0.00 48.15 66.44 48.61 103.78 101.12 95.74 45.07 72.41 0.00 0.00 0.00 0.00 0.00 0.00 0.00 0.00 0.00 0.00 0.00 0.00 0.00 0.00 0.00 0.00 0.00 95.69 82.78 180.20 130.65 84.18 128.08 81.59 85.08 85.76 91.17 91.55 94.64 97.13 97.96 98.24 97.72 97.81 95.49 95.35 92.47 92.15 94.77 94.17 93.80 92.89 93.79
98.35 99.96 107.12 108.67 112.76 100.14 120.53 122.47 98.24 181.69 103.66 122.04 118.56 118.71 113.91 113.39 171.98 171.25 168.31 108.02 106.78 105.38 106.77 119.86 56.40 55.69 50.28 105.50 50.06 113.48 113.43 103.97 100.37 44.11 44.10 0.00 0.00 0.00 0.00 0.00 0.00 0.00 0.00 0.00 0.00 0.00 0.00 0.00 0.00 0.00 0.00 0.00 0.00 0.00 35.43 78.05 81.45 82.35 79.07 79.83 83.31 84.01 89.33 89.71 92.79 95.27 96.10 96.40 95.88 95.93 93.62 93.43 90.58 90.20 89.22 88.60 135.62 90.72 91.58
103.58 105.17 110.46 111.92 101.57 100.51 125.91 123.12 124.27 102.59 105.03 123.74 110.42 109.17 108.77 115.15 111.24 110.71 108.71 107.82 109.88 108.37 132.16 50.29 53.89 53.80 51.68 108.23 108.81 95.85 111.22 93.29 96.07 44.45 94.05 0.00 0.00 0.00 0.00 0.00 0.00 0.00 0.00 0.00 0.00 0.00 0.00 0.00 0.00 0.00 0.00 0.00 0.00 0.00 74.77 73.95 77.63 78.47 76.29 77.07 82.27 82.98 87.69 88.25 90.97 93.43 94.79 95.05 93.73 93.74 90.25 90.05 132.76 132.16 87.21 86.56 85.45 87.88 89.19
105.79 107.32 112.57 113.96 105.23 106.57 130.55 135.06 122.80 174.18 110.99 112.09 114.94 122.60 120.50 119.86 112.31 111.76 109.69 108.73 110.75 109.17 132.93 131.49 114.64 112.02 108.31 108.80 118.56 88.83 105.36 92.44 45.08 65.34 89.50 0.00 0.00 0.00 0.00 0.00 0.00 0.00 0.00 0.00 0.00 0.00 0.00 0.00 0.00 0.00 0.00 0.00 0.00 101.62 80.82 77.73 75.73 76.58 74.43 75.21 76.93 81.03 85.68 86.21 88.84 91.28 93.23 93.45 91.48 91.47 88.03 87.83 86.10 85.68 84.92 84.23 83.11 85.44 86.69
108.06 109.51 114.43 115.76 123.29 128.72 183.65 122.59 108.66 123.41 111.12 111.30 123.56 123.47 121.38 120.71 116.26 112.11 110.96 109.97 111.49 132.71 108.97 107.50 98.15 112.25 108.71 88.97 94.44 89.71 105.22 97.52 44.95 63.43 44.60 0.00 0.00 0.00 0.00 0.00 0.00 0.00 0.00 0.00 0.00 0.00 0.00 0.00 0.00 0.00 0.00 0.00 0.00 95.77 72.52 73.40 72.63 73.51 72.72 73.45 75.31 79.36 83.22 83.70 86.52 88.88 80.14 94.80 87.87 130.90 84.80 84.55 84.11 83.63 82.72 82.02 123.17 82.68 83.68
99.15 111.55 116.44 105.41 133.71 128.69 104.86 124.17 123.40 124.03 123.95 124.57 124.57 112.97 122.42 121.76 117.27 113.06 111.87 110.84 112.37 135.08 111.30 109.08 107.40 121.37 101.24 98.51 92.71 89.89 88.57 45.16 89.40 43.92 47.08 92.96 0.00 0.00 0.00 0.00 0.00 0.00 0.00 0.00 0.00 0.00 0.00 0.00 0.00 0.00 0.00 0.00 0.00 0.00 75.92 71.43 70.69 71.52 70.76 71.46 73.27 77.25 80.99 81.48 84.38 72.66 97.14 119.33 85.45 85.43 82.38 82.11 81.66 81.13 80.20 79.47 77.89 76.94 81.00
101.09 102.26 117.48 107.47 131.52 127.24 114.77 125.34 123.76 124.21 185.59 124.31 124.72 113.85 122.72 122.12 117.46 116.77 113.35 112.29 135.46 179.77 168.09 107.43 104.97 102.37 98.60 95.82 93.45 90.52 101.93 102.33 78.12 97.25 96.36 96.42 45.46 0.00 0.00 0.00 0.00 0.00 0.00 0.00 0.00 0.00 0.00 0.00 0.00 0.00 0.00 0.00 0.00 0.00 46.96 74.30 68.67 112.34 69.02 69.74 71.03 74.90 78.26 78.71 81.69 71.37 93.85 72.83 81.85 81.78 79.14 78.84 78.80 78.25 78.01 77.26 75.86 74.88 77.56
102.93 104.02 133.93 112.43 112.51 137.83 107.60 188.87 124.97 125.26 126.67 127.63 125.28 125.29 185.76 122.94 118.27 117.53 114.05 182.60 105.19 103.73 110.37 108.18 105.71 167.13 99.18 96.34 93.82 90.71 88.99 85.67 82.74 79.84 76.00 94.50 131.97 58.84 41.44 39.64 0.00 0.00 0.00 0.00 0.00 0.00 0.00 0.00 0.00 0.00 0.00 0.00 0.00 0.00 74.16 71.04 66.71 67.43 67.01 67.68 72.13 72.72 75.97 76.38 81.93 69.59 93.85 83.98 79.35 79.24 116.69 76.29 76.18 75.64 75.36 74.60 73.21 72.24 74.85
105.02 166.12 142.64 134.71 136.44 134.67 130.52 127.52 126.20 126.34 125.49 125.55 122.60 122.62 119.61 119.25 116.94 116.16 107.30 106.30 106.41 105.01 103.07 101.13 98.34 95.91 93.35 90.62 88.14 91.31 87.67 84.22 80.62 77.70 75.64 63.48 77.36 43.15 110.04 65.77 87.83 84.90 0.00 0.00 0.00 0.00 0.00 0.00 0.00 0.00 0.00 0.00 0.00 0.00 68.82 90.13 64.14 64.81 64.62 65.22 70.05 70.58 73.37 73.75 68.73 90.11 80.13 77.49 75.12 74.99 73.86 73.49 73.69 73.10 112.29 72.38 70.85 69.90 69.09
106.74 107.66 121.58 122.34 113.85 121.51 128.47 128.01 127.23 127.23 124.86 124.75 122.96 122.90 182.53 119.63 108.75 105.99 107.65 106.61 106.73 105.41 103.55 101.67 98.92 96.51 93.91 91.06 88.43 85.23 81.66 78.49 75.06 77.59 68.39 62.48 64.53 62.34 65.51 62.39 85.10 81.45 0.00 0.00 0.00 0.00 0.00 0.00 0.00 0.00 0.00 0.00 0.00 0.00 0.67 87.72 62.37 62.93 62.67 66.28 67.87 68.33 71.03 72.04 64.64 83.97 124.25 76.94 72.58 72.45 71.32 70.92 71.06 70.48 70.51 70.49 68.30 67.36 67.23
109.19 110.03 121.71 122.40 115.40 125.31 127.56 127.66 127.98 127.87 123.74 123.53 119.85 191.43 119.87 110.79 113.39 110.61 111.16 110.07 108.78 107.47 105.90 104.06 102.17 99.72 97.04 94.00 90.59 87.19 72.96 79.63 75.98 73.17 74.93 72.40 69.66 64.46 61.45 54.38 77.08 0.00 0.00 0.00 0.00 0.00 0.00 0.00 0.00 0.00 0.00 0.00 0.00 0.00 0.00 84.82 59.94 60.42 64.42 64.89 66.18 66.57 67.77 68.06 61.41 158.04 33.13 64.75 69.47 70.61 74.17 63.98 77.12 73.12 79.54 79.44 113.82 0.00 76.51
110.71 111.48 110.89 123.76 126.25 126.49 128.64 128.65 128.91 128.75 124.56 124.29 120.49 111.20 111.30 110.97 113.53 110.76 111.28 110.17 108.82 107.51 105.99 104.22 102.32 99.82 97.08 94.05 90.56 89.19 74.88 81.05 78.69 73.22 69.90 67.49 65.50 84.45 76.83 75.34 0.00 0.00 0.00 0.00 0.00 0.00 0.00 0.00 0.00 0.00 0.00 0.00 0.00 0.00 0.00 65.83 60.96 58.69 64.55 66.28 64.18 64.51 65.57 65.81 72.81 84.86 54.49 74.45 67.01 74.82 81.41 76.98 0.00 0.00 0.00 0.00 0.00 0.00 0.00
113.52 114.20 111.15 124.07 124.47 187.89 127.41 127.37 126.91 126.73 122.97 122.65 113.84 113.39 115.73 115.25 112.31 111.51 180.39 178.76 108.15 106.79 106.60 87.97 86.91 125.90 100.55 96.09 92.61 91.96 85.18 82.63 64.86 75.65 59.95 60.09 78.62 48.07 23.36 0.00 0.00 0.00 0.00 0.00 0.00 0.00 0.00 0.00 0.00 0.00 0.00 0.00 0.00 0.00 0.00 73.75 51.41 86.33 89.85 51.96 71.94 68.19 63.79 65.96 81.59 0.00 0.00 78.87 77.33 0.00 0.00 0.00 0.00 0.00 0.00 0.00 0.00 0.00 0.00
190.70 115.37 112.20 125.15 125.46 125.50 128.28 128.19 127.68 127.48 123.67 114.06 114.30 113.74 115.92 115.24 112.15 182.73 108.96 107.70 107.60 175.38 105.87 104.07 169.84 101.72 103.31 97.61 115.73 98.49 94.36 106.06 22.60 76.28 63.30 82.58 0.00 0.00 0.00 0.00 0.00 0.00 0.00 0.00 0.00 0.00 0.00 0.00 0.00 0.00 0.00 0.00 0.00 0.00 55.35 79.69 71.58 52.05 0.00 0.00 43.57 75.11 72.56 75.68 0.00 0.00 0.00 0.00 0.00 0.00 0.00 0.00 0.00 0.00 0.00 0.00 0.00 0.00 0.00
191.47 115.38 111.49 124.47 124.52 124.50 127.53 127.42 127.44 127.17 126.71 108.98 117.61 116.96 115.16 114.31 108.40 107.40 106.47 105.14 105.95 104.35 104.04 102.18 101.56 99.18 78.89 101.29 76.61 94.14 45.93 44.27 46.63 44.36 80.55 0.00 0.00 0.00 0.00 0.00 0.00 0.00 0.00 0.00 0.00 0.00 0.00 0.00 0.00 0.00 0.00 0.00 0.00 0.00 35.53 47.65 0.00 0.00 0.00 0.00 0.00 0.00 0.00 0.00 0.00 0.00 0.00 0.00 0.00 0.00 0.00 0.00 0.00 0.00 0.00 0.00 0.00 0.00 0.00
115.83 116.20 112.18 125.17 125.15 125.10 128.12 127.98 266.65 127.63 117.74 117.23 108.41 107.55 179.14 112.16 108.15 110.88 109.81 108.37 105.29 103.58 103.13 101.19 100.58 162.51 97.46 118.17 152.83 90.92 95.25 48.76 65.20 42.89 0.00 0.00 0.00 0.00 0.00 0.00 0.00 0.00 0.00 0.00 0.00 0.00 0.00 0.00 0.00 0.00 0.00 0.00 0.00 0.00 0.00 0.00 0.00 0.00 0.00 0.00 0.00 0.00 0.00 0.00 0.00 0.00 0.00 0.00 0.00 0.00 0.00 0.00 0.00 0.00 0.00 0.00 0.00 0.00 0.00
111.24 111.49 111.40 124.56 126.65 126.39 192.09 192.08 127.94 118.16 109.82 109.13 108.30 107.32 106.23 104.75 110.24 108.98 110.94 109.39 108.47 106.63 101.68 99.69 98.83 96.55 94.26 91.63 87.82 142.04 82.81 80.60 126.56 81.08 84.05 0.00 0.00 0.00 0.00 0.00 0.00 0.00 0.00 0.00 0.00 0.00 0.00 0.00 0.00 0.00 0.00 0.00 0.00 0.00 0.00 0.00 0.00 0.00 0.00 0.00 0.00 0.00 0.00 0.00 0.00 0.00 0.00 0.00 0.00 0.00 0.00 0.00 0.00 0.00 0.00 0.00 0.00 0.00 0.00
111.75 125.05 124.93 124.92 126.97 126.84 127.53 127.31 118.61 184.21 109.66 108.88 180.81 174.80 109.57 177.38 109.78 108.44 110.30 108.67 107.68 105.77 104.35 98.72 97.81 95.55 93.32 90.75 146.52 84.21 80.80 77.99 76.58 74.49 110.64 37.42 46.87 0.00 0.00 0.00 0.00 0.00 0.00 0.00 0.00 0.00 0.00 0.00 0.00 0.00 0.00 0.00 0.00 0.00 0.00 0.00 0.00 0.00 0.00 0.00 0.00 0.00 0.00 0.00 0.00 0.00 0.00 0.00 0.00 0.00 0.00 0.00 0.00 0.00 0.00 0.00 0.00 0.00 0.00
124.99 125.15 128.41 128.33 129.68 129.49 127.97 127.70 110.56 109.95 109.24 108.39 107.39 110.12 113.10 109.90 111.45 110.04 110.52 108.79 106.99 105.03 103.37 101.19 98.86 93.25 148.50 87.83 84.49 81.80 130.49 75.75 73.11 70.42 68.17 58.39 74.06 82.92 22.81 0.00 0.00 0.00 0.00 0.00 0.00 0.00 0.00 0.00 0.00 0.00 0.00 0.00 0.00 0.00 0.00 0.00 0.00 0.00 0.00 0.00 0.00 0.00 0.00 0.00 0.00 0.00 0.00 0.00 0.00 0.00 0.00 0.00 0.00 0.00 0.00 0.00 0.00 0.00 0.00
125.15 125.23 128.41 128.26 129.54 129.27 127.70 127.37 119.61 118.90 118.03 117.06 110.45 112.80 110.36 109.15 110.62 109.14 109.56 107.80 105.94 103.91 164.10 100.01 97.69 95.36 92.36 89.84 86.50 83.78 80.44 77.66 72.34 69.69 67.49 112.54 61.65 59.52 56.07 77.15 0.00 0.00 0.00 0.00 0.00 0.00 0.00 0.00 0.00 0.00 0.00 0.00 0.00 0.00 0.00 0.00 0.00 0.00 0.00 0.00 0.00 0.00 0.00 0.00 0.00 0.00 0.00 0.00 0.00 0.00 0.00 0.00 0.00 0.00 0.00 0.00 0.00 0.00 0.00
129.44 129.44 130.99 130.78 130.15 194.59 128.57 128.19 118.74 117.96 117.03 115.95 114.75 107.99 112.19 110.87 110.80 109.27 108.10 106.31 104.49 102.41 100.66 98.44 96.25 93.97 91.16 88.70 85.69 83.03 79.96 77.21 73.83 71.14 65.16 62.79 59.95 103.78 57.90 56.16 0.00 0.00 0.00 0.00 0.00 0.00 0.00 0.00 0.00 0.00 0.00 0.00 0.00 0.00 0.00 0.00 0.00 0.00 0.00 0.00 0.00 0.00 0.00 0.00 0.00 0.00 0.00 0.00 0.00 0.00 0.00 0.00 0.00 0.00 0.00 0.00 0.00 0.00 0.00
129.10 129.01 130.50 130.21 129.51 129.08 127.77 127.35 125.20 116.72 115.72 114.60 113.29 106.57 111.05 109.67 109.55 107.97 106.75 104.94 103.07 100.97 99.21 96.99 94.81 92.56 89.80 87.37 84.42 81.86 80.16 66.46 72.76 70.15 66.62 64.22 61.40 48.86 49.43 35.70 0.00 0.00 0.00 0.00 0.00 0.00 0.00 0.00 0.00 0.00 0.00 0.00 0.00 0.00 0.00 0.00 0.00 0.00 0.00 0.00 0.00 0.00 0.00 0.00 0.00 0.00 0.00 0.00 0.00 0.00 0.00 0.00 0.00 0.00 0.00 0.00 0.00 0.00 0.00
129.74 193.81 130.66 130.28 130.45 129.95 129.99 129.49 126.62 189.48 121.11 120.13 111.61 104.62 110.75 109.34 109.46 107.81 106.24 104.35 102.63 100.50 98.25 96.03 93.47 91.25 88.24 85.85 83.27 80.72 185.64 90.09 70.08 72.66 66.36 64.01 61.04 47.85 79.88 0.00 0.00 0.00 0.00 0.00 0.00 0.00 0.00 0.00 0.00 0.00 0.00 0.00 0.00 0.00 0.00 0.00 0.00 0.00 0.00 0.00 0.00 0.00 0.00 0.00 0.00 0.00 0.00 0.00 0.00 0.00 0.00 0.00 0.00 0.00 0.00 0.00 0.00 0.00 0.00
128.81 128.61 129.61 193.29 129.23 128.65 128.61 128.02 125.10 124.33 119.54 118.55 117.01 108.52 109.12 107.68 107.75 106.07 104.45 102.57 100.82 98.71 96.48 94.34 91.79 89.58 86.62 84.28 81.73 79.29 82.08 72.54 61.85 47.74 89.39 63.62 63.42 51.43 79.10 0.00 0.00 0.00 0.00 0.00 0.00 0.00 0.00 0.00 0.00 0.00 0.00 0.00 0.00 0.00 0.00 0.00 0.00 0.00 0.00 0.00 0.00 0.00 0.00 0.00 0.00 0.00 0.00 0.00 0.00 0.00 0.00 0.00 0.00 0.00 0.00 0.00 0.00 0.00 0.00
127.78 127.53 128.90 192.44 129.91 129.23 128.80 128.14 123.74 246.93 118.22 117.19 115.87 112.59 107.06 105.59 163.18 103.46 102.18 100.27 219.45 95.96 154.06 92.26 90.98 88.78 85.88 83.56 80.35 77.94 75.80 72.33 56.04 0.00 0.00 0.00 70.76 82.70 0.00 0.00 0.00 0.00 0.00 0.00 0.00 0.00 0.00 0.00 0.00 0.00 0.00 0.00 0.00 0.00 0.00 0.00 0.00 0.00 0.00 0.00 0.00 0.00 0.00 0.00 0.00 0.00 0.00 0.00 0.00 0.00 0.00 0.00 0.00 0.00 0.00 0.00 0.00 0.00 0.00
126.21 125.90 189.48 126.65 128.11 127.35 126.84 126.07 121.63 181.31 116.05 115.00 111.67 110.39 109.92 108.37 102.96 101.28 99.98 98.09 95.88 93.88 92.33 90.29 144.89 88.25 75.89 81.76 78.63 77.61 75.52 75.72 0.00 0.00 0.00 0.00 0.00 0.00 0.00 0.00 0.00 0.00 0.00 0.00 0.00 0.00 0.00 0.00 0.00 0.00 0.00 0.00 0.00 0.00 0.00 0.00 0.00 0.00 0.00 0.00 0.00 0.00 0.00 0.00 0.00 0.00 0.00 0.00 0.00 0.00 0.00 0.00 0.00 0.00 0.00 0.00 0.00 0.00 0.00
124.21 123.85 125.46 124.87 126.01 125.21 124.03 123.15 118.26 117.29 113.11 112.03 109.19 107.91 107.56 106.01 100.35 98.68 97.62 95.75 93.02 91.07 88.93 86.99 86.43 86.31 77.27 77.55 90.43 87.81 0.00 92.71 0.00 0.00 0.00 0.00 0.00 0.00 0.00 0.00 0.00 0.00 0.00 0.00 0.00 0.00 0.00 0.00 0.00 0.00 0.00 0.00 0.00 0.00 0.00 0.00 0.00 0.00 0.00 0.00 0.00 0.00 0.00 0.00 0.00 0.00 0.00 0.00 0.00 0.00 0.00 0.00 0.00 0.00 0.00 0.00 0.00 0.00 0.00
122.01 121.62 123.16 122.53 123.62 122.80 182.63 120.63 175.77 114.71 110.52 109.40 106.52 105.23 104.86 103.33 102.46 96.16 95.12 93.31 90.66 88.78 86.70 84.79 84.24 82.86 86.08 28.80 0.00 0.00 0.00 0.00 0.00 0.00 0.00 0.00 0.00 0.00 0.00 0.00 0.00 0.00 0.00 0.00 0.00 0.00 0.00 0.00 0.00 0.00 0.00 0.00 0.00 0.00 0.00 0.00 0.00 0.00 0.00 0.00 0.00 0.00 0.00 0.00 0.00 0.00 0.00 0.00 0.00 0.00 0.00 0.00 0.00 0.00 0.00 0.00 0.00 0.00 0.00
121.18 120.73 121.38 120.71 121.08 120.23 177.33 117.00 111.89 110.83 107.54 106.36 103.27 101.98 101.75 100.25 99.68 98.01 92.20 90.48 88.75 86.94 84.83 82.95 81.38 79.44 100.85 0.00 0.00 0.00 0.00 0.00 0.00 0.00 0.00 0.00 0.00 0.00 0.00 0.00 0.00 0.00 0.00 0.00 0.00 0.00 0.00 0.00 0.00 0.00 0.00 0.00 0.00 0.00 0.00 0.00 0.00 0.00 0.00 0.00 0.00 0.00 0.00 0.00 0.00 0.00 0.00 0.00 0.00 0.00 0.00 0.00 0.00 0.00 0.00 0.00 0.00 0.00 0.00
118.36 117.87 118.45 117.75 118.07 117.86 172.50 114.01 108.98 107.89 104.63 101.43 100.33 99.04 98.80 97.33 96.78 95.18 89.53 87.87 86.19 84.46 82.41 80.56 79.71 78.46 98.62 0.00 0.00 0.00 0.00 0.00 0.00 0.00 0.00 0.00 0.00 0.00 0.00 0.00 0.00 0.00 0.00 0.00 0.00 0.00 0.00 0.00 0.00 0.00 0.00 0.00 0.00 0.00 0.00 0.00 0.00 0.00 0.00 0.00 0.00 0.00 0.00 0.00 0.00 0.00 0.00 0.00 0.00 0.00 0.00 0.00 0.00 0.00 0.00 0.00 0.00 0.00 0.00
116.85 116.30 116.93 119.52 118.52 98.88 112.29 110.67 105.15 104.07 101.18 98.00 97.30 95.99 95.82 94.39 93.88 92.35 90.60 84.83 83.58 81.90 81.97 79.50 79.47 79.76 0.00 0.00 0.00 0.00 0.00 0.00 0.00 0.00 0.00 0.00 0.00 0.00 0.00 0.00 0.00 0.00 0.00 0.00 0.00 0.00 0.00 0.00 0.00 0.00 0.00 0.00 0.00 0.00 0.00 0.00 0.00 0.00 0.00 0.00 0.00 0.00 0.00 0.00 0.00 0.00 0.00 0.00 0.00 0.00 0.00 0.00 0.00 0.00 0.00 0.00 0.00 0.00 0.00
