ASPA-UH-SWB2_REPO/output/post_prcessed_with_MFR/net_infiltration_annual.asc
NCOLS 350
NROWS 200
XLLCENTER 515000.000000
YLLCENTER 8409000.000000
CELLSIZE 100.000000
NODATA_value -999.000000
[rows 35 to 69 of 200, columns 158 to 236 of 350]
0.00 0.00 0.00 0.00 0.00 0.00 0.00 0.00 0.00 0.00 0.00 0.00 0.00 0.00 0.00 0.00 0.00 0.00 0.00 0.00 0.00 0.00 0.00 0.00 0.00 0.00 0.00 0.00 0.00 0.00 0.00 0.00 0.00 0.00 0.00 0.00 0.00 0.00 0.00 0.00 0.00 93.69 51.94 50.58 51.57 51.30 53.31 0.00 0.00 0.00 0.00 0.00 0.00 0.00 0.00 0.00 0.00 0.00 0.00 0.00 0.00 0.00 0.00 0.00 0.00 0.00 0.00 0.00 0.00 0.00 0.00 0.00 0.00 0.00 0.00 0.00 0.00 0.00 0.00
0.00 0.00 0.00 0.00 0.00 0.00 0.00 0.00 0.00 0.00 0.00 0.00 0.00 0.00 0.00 0.00 0.00 0.00 0.00 0.00 0.00 0.00 0.00 0.00 0.00 0.00 0.00 0.00 0.00 0.00 0.00 0.00 0.00 0.00 0.00 0.00 0.00 0.00 0.00 0.00 96.95 93.68 54.25 54.03 56.06 55.78 0.00 0.00 0.00 0.00 0.00 0.00 0.00 0.00 0.00 0.00 0.00 0.00 0.00 0.00 0.00 0.00 0.00 0.00 0.00 0.00 0.00 0.00 0.00 0.00 0.00 0.00 0.00 0.00 0.00 0.00 0.00 0.00 0.00
0.00 0.00 0.00 0.00 0.00 0.00 0.00 0.00 0.00 0.00 0.00 0.00 0.00 0.00 0.00 0.00 0.00 0.00 0.00 0.00 0.00 0.00 0.00 0.00 0.00 0.00 0.00 0.00 0.00 0.00 0.00 0.00 0.00 0.00 0.00 0.00 0.00 0.00 0.00 58.55 56.86 57.67 56.38 56.15 62.23 53.86 0.00 0.00 0.00 0.00 0.00 0.00 0.00 0.00 0.00 0.00 0.00 0.00 0.00 0.00 0.00 0.00 0.00 0.00 0.00 0.00 0.00 0.00 0.00 0.00 0.00 0.00 0.00 0.00 0.00 0.00 0.00 0.00 0.00
0.00 0.00 0.00 0.00 0.00 0.00 0.00 0.00 0.00 0.00 0.00 0.00 0.00 0.00 0.00 0.00 0.00 0.00 0.00 0.00 0.00 0.00 0.00 0.00 0.00 0.00 0.00 0.00 0.00 0.00 0.00 0.00 0.00 0.00 62.21 0.00 0.00 0.00 58.61 100.90 59.58 59.42 62.12 64.53 80.14 0.00 0.00 0.00 0.00 0.00 0.00 0.00 0.00 0.00 0.00 0.00 0.00 0.00 0.00 0.00 0.00 0.00 0.00 0.00 0.00 0.00 0.00 0.00 0.00 0.00 0.00 0.00 0.00 0.00 0.00 0.00 0.00 0.00 0.00
0.00 0.00 0.00 0.00 0.00 0.00 0.00 0.00 0.00 0.00 0.00 0.00 0.00 0.00 0.00 0.00 0.00 0.00 0.00 0.00 0.00 0.00 0.00 0.00 0.00 0.00 0.00 0.00 0.00 0.00 0.00 0.00 0.00 0.00 64.73 64.86 109.43 63.31 61.05 62.03 59.18 61.89 67.31 89.15 0.00 0.00 0.00 0.00 0.00 0.00 0.00 0.00 0.00 0.00 0.00 0.00 0.00 0.00 0.00 0.00 0.00 0.00 0.00 0.00 0.00 0.00 0.00 0.00 0.00 0.00 0.00 0.00 0.00 0.00 0.00 0.00 0.00 0.00 0.00
0.00 0.00 0.00 0.00 0.00 0.00 0.00 0.00 0.00 0.00 0.00 0.00 0.00 0.00 0.00 0.00 0.00 0.00 0.00 0.00 0.00 0.00 0.00 0.00 0.00 0.00 0.00 0.00 0.00 0.00 0.00 0.00 0.00 0.00 66.58 66.70 63.44 63.44 64.73 65.80 69.11 72.22 86.35 0.00 0.00 0.00 0.00 0.00 0.00 0.00 0.00 0.00 0.00 0.00 0.00 0.00 0.00 97.39 0.00 0.00 0.00 0.00 0.00 0.00 0.00 0.00 0.00 0.00 0.00 0.00 0.00 0.00 0.00 0.00 0.00 0.00 0.00 0.00 0.00
0.00 0.00 0.00 0.00 0.00 0.00 0.00 0.00 0.00 0.00 0.00 0.00 0.00 0.00 0.00 0.00 0.00 0.00 0.00 0.00 0.00 0.00 0.00 0.00 0.00 0.00 0.00 0.00 68.57 69.09 69.67 0.00 0.00 71.88 69.26 69.37 113.48 65.99 68.47 68.36 71.83 65.97 27.47 0.00 0.00 0.00 0.00 0.00 0.00 0.00 0.00 65.60 64.88 0.00 0.00 61.78 101.76 58.35 0.00 0.00 0.00 0.00 0.00 0.00 0.00 0.00 0.00 0.00 0.00 0.00 0.00 0.00 0.00 0.00 0.00 0.00 0.00 0.00 0.00
0.00 0.00 0.00 0.00 0.00 0.00 0.00 0.00 0.00 0.00 0.00 0.00 0.00 0.00 0.00 0.00 0.00 0.00 0.00 0.00 0.00 0.00 0.00 0.00 0.00 0.00 53.31 71.24 70.71 71.22 72.03 121.91 71.56 121.98 69.04 69.15 71.12 71.11 75.72 75.59 68.21 70.27 0.00 0.00 0.00 0.00 0.00 0.00 0.00 0.00 114.86 113.74 66.53 65.75 108.02 105.93 61.02 60.15 0.00 0.00 0.00 0.00 0.00 0.00 0.00 0.00 0.00 0.00 0.00 0.00 0.00 0.00 0.00 0.00 0.00 0.00 0.00 0.00 0.00
0.00 0.00 0.00 0.00 0.00 0.00 0.00 0.00 0.00 0.00 0.00 0.00 0.00 0.00 0.00 0.00 0.00 0.00 0.00 0.00 0.00 0.00 0.00 0.00 0.00 0.00 73.25 73.98 73.43 73.95 74.74 75.14 74.27 74.49 71.65 121.70 73.77 73.74 78.51 71.40 72.89 51.21 0.00 0.00 0.00 0.00 0.00 0.00 0.00 74.40 71.66 70.90 68.89 68.07 65.40 109.54 63.14 62.24 57.22 0.00 0.00 0.00 0.00 0.00 0.00 98.09 52.37 0.00 0.00 0.00 0.00 0.00 0.00 0.00 0.00 34.35 0.00 0.00 0.00
0.00 0.00 0.00 0.00 0.00 0.00 0.00 0.00 0.00 0.00 0.00 0.00 0.00 0.00 0.00 0.00 0.00 0.00 0.00 0.00 0.00 0.00 0.00 0.00 0.00 0.00 0.00 78.49 77.08 77.62 76.55 76.94 75.62 68.88 70.35 77.79 81.02 80.95 83.43 80.90 102.47 58.08 0.00 0.00 0.00 0.00 0.00 0.00 78.11 124.51 74.20 73.42 70.30 69.44 67.26 66.36 67.63 66.69 68.55 0.00 0.00 0.00 0.00 0.00 0.00 59.47 48.38 0.00 0.00 0.00 0.00 0.00 0.00 0.00 56.33 55.93 35.99 0.00 0.00
0.00 0.00 0.00 0.00 0.00 0.00 0.00 0.00 0.00 0.00 0.00 0.00 0.00 0.00 0.00 0.00 0.00 0.00 0.00 0.00 0.00 0.00 126.05 0.00 0.00 0.00 0.00 0.00 79.75 80.33 79.22 133.08 129.31 79.73 80.02 80.10 106.50 106.42 109.61 153.76 247.71 150.38 52.17 54.69 51.88 99.87 98.08 106.25 81.26 79.87 76.59 75.78 72.57 71.68 69.42 68.48 69.79 68.77 70.71 0.00 0.00 0.00 65.40 65.21 104.93 103.83 0.00 0.00 0.00 0.00 0.00 0.00 0.00 0.00 58.32 57.94 47.33 0.00 0.00
0.00 0.00 0.00 0.00 0.00 0.00 0.00 0.00 0.00 0.00 0.00 0.00 0.00 0.00 0.00 0.00 0.00 0.00 0.00 0.00 0.00 0.00 78.30 79.40 0.00 0.00 0.00 0.00 83.30 83.82 81.28 81.60 136.34 83.15 85.08 85.12 86.36 138.86 88.55 76.74 78.58 85.39 83.49 87.19 80.92 78.54 97.64 78.19 81.23 83.57 80.28 79.41 74.32 73.40 72.32 71.35 73.87 72.84 73.62 0.00 0.00 0.00 66.63 66.42 60.91 52.99 0.00 0.00 0.00 0.00 0.00 0.00 0.00 0.00 0.00 60.85 0.00 0.00 0.00
0.00 0.00 0.00 0.00 0.00 0.00 0.00 0.00 0.00 0.00 0.00 0.00 0.00 0.00 0.00 0.00 0.00 0.00 0.00 0.00 0.00 80.21 80.88 82.01 137.54 0.00 0.00 0.00 85.89 86.39 83.72 85.49 85.43 85.59 87.51 141.98 88.78 88.63 90.97 79.31 91.44 198.26 82.07 82.43 80.46 90.53 111.59 101.28 109.52 85.92 82.54 81.68 76.45 75.49 74.40 73.38 75.96 74.86 122.55 121.83 65.39 72.19 118.10 63.09 62.06 0.00 0.00 0.00 0.00 0.00 0.00 0.00 0.00 0.00 0.00 62.89 63.30 0.00 0.00
0.00 0.00 0.00 0.00 0.00 0.00 0.00 0.00 0.00 0.00 0.00 0.00 0.00 0.00 0.00 0.00 0.00 76.36 78.52 79.91 80.87 135.36 82.67 83.75 86.15 87.05 88.67 0.00 143.36 88.36 142.67 87.20 88.98 89.08 89.40 89.40 90.48 90.33 92.86 93.00 147.63 84.20 92.00 200.44 92.25 91.73 91.73 133.11 113.12 89.51 86.71 85.80 79.43 78.43 75.89 74.88 125.97 76.16 77.97 77.57 68.83 74.76 70.00 64.50 67.96 67.26 0.00 0.00 0.00 0.00 0.00 0.00 0.00 0.00 0.00 50.55 65.07 64.73 109.52
0.00 0.00 0.00 0.00 0.00 0.00 0.00 0.00 0.00 0.00 0.00 0.00 0.00 0.00 73.72 126.01 77.11 78.67 80.85 82.30 137.51 84.62 85.09 86.17 88.57 89.43 91.04 91.67 146.59 90.54 89.01 89.27 91.01 91.10 147.53 91.37 148.49 92.31 94.91 94.69 94.71 83.19 94.03 148.42 94.33 82.93 84.03 93.22 88.07 110.08 85.37 138.05 131.08 129.59 77.73 76.69 79.10 78.01 79.90 70.67 70.90 123.69 122.54 69.37 69.95 0.00 0.00 0.00 0.00 0.00 0.00 0.00 0.00 0.00 67.53 67.20 67.13 66.83 65.38
0.00 0.00 0.00 0.00 0.00 0.00 0.00 0.00 0.00 0.00 0.00 0.00 0.00 0.00 75.45 77.10 77.90 79.45 136.07 83.57 85.15 86.46 87.19 87.85 89.22 90.05 90.96 91.52 149.41 149.83 91.61 91.80 92.95 93.01 92.36 92.29 94.01 93.85 95.78 152.05 94.77 94.80 151.03 94.74 96.14 95.65 150.53 95.28 90.01 81.98 132.71 141.84 83.34 82.37 79.20 78.16 80.77 79.68 81.62 80.54 77.02 132.22 76.41 70.87 73.69 0.00 0.00 0.00 0.00 0.00 0.00 0.00 0.00 70.70 69.17 54.99 67.85 67.56 63.41
0.00 0.00 0.00 0.00 0.00 0.00 0.00 0.00 0.00 0.00 0.00 0.00 0.00 0.00 77.52 79.18 80.02 81.59 84.34 85.78 87.33 146.02 89.35 89.97 91.25 92.03 151.13 93.37 93.10 93.35 93.22 150.58 94.44 94.46 150.88 93.64 95.35 95.19 97.17 97.01 96.20 95.91 96.62 96.23 97.69 153.24 153.33 147.76 95.91 90.84 91.77 144.55 84.92 83.95 80.79 79.75 82.44 81.33 83.36 85.36 81.84 81.04 73.37 72.78 75.73 0.00 0.00 0.00 0.00 126.56 74.93 74.47 73.23 72.84 57.61 70.93 69.90 119.15 65.36
0.00 0.00 0.00 0.00 0.00 0.00 0.00 0.00 0.00 0.00 0.00 0.00 0.00 80.04 79.03 80.71 81.31 82.92 85.42 143.34 88.71 89.99 91.11 91.64 92.49 93.16 152.98 94.11 93.98 94.15 153.69 94.37 95.00 94.97 94.45 94.32 96.37 96.23 96.95 153.88 95.97 95.73 153.21 96.35 97.54 97.07 97.43 93.18 95.42 94.66 144.90 89.85 85.28 84.32 83.21 82.20 83.23 85.24 84.53 83.58 80.78 80.07 77.19 76.65 79.59 0.00 0.00 0.00 0.00 115.07 76.94 76.45 74.09 178.56 72.45 72.04 69.66 119.69 67.28
0.00 0.00 0.00 0.00 0.00 0.00 0.00 0.00 0.00 0.00 0.00 0.00 61.57 81.95 80.93 82.62 83.22 84.83 87.34 88.77 148.00 91.88 92.92 93.78 94.13 94.68 95.11 95.38 95.12 95.19 155.12 155.06 95.88 95.79 95.25 95.08 97.13 96.97 154.99 97.54 96.74 96.53 154.42 96.97 98.52 98.07 98.45 97.87 96.51 95.81 91.89 91.03 86.44 139.38 84.43 83.46 87.59 86.56 85.94 85.08 82.35 76.59 78.96 78.46 82.17 88.29 0.00 0.00 45.33 69.05 66.98 78.54 76.15 75.78 74.49 74.09 71.62 111.53 80.27
0.00 0.00 0.00 0.00 0.00 0.00 0.00 0.00 0.00 0.00 0.00 0.00 63.55 83.34 137.18 83.75 84.65 86.21 88.47 89.90 92.24 93.41 154.26 95.63 95.34 95.76 155.89 156.01 95.50 95.55 95.65 155.53 95.74 95.60 95.12 94.91 96.40 96.17 95.83 95.66 95.51 95.38 96.16 153.10 96.24 152.90 96.17 95.64 150.05 93.61 90.38 92.86 89.88 88.99 88.53 87.41 86.98 86.00 136.83 83.66 136.73 79.42 83.92 83.47 96.78 77.03 30.70 52.74 71.85 69.80 69.11 81.19 77.84 77.47 74.75 74.33 72.57 114.01 85.64
0.00 0.00 0.00 0.00 0.00 0.00 0.00 0.00 0.00 0.00 0.00 63.56 136.79 85.08 83.77 85.43 86.30 87.85 90.11 91.52 93.81 154.30 96.26 96.94 96.53 96.81 96.65 96.70 156.46 96.33 96.44 96.33 94.87 96.26 95.70 95.41 96.81 96.48 96.05 95.82 95.65 95.55 96.41 153.34 96.62 153.28 100.00 99.52 154.34 97.55 94.32 93.61 90.68 144.13 89.43 88.35 87.96 87.05 85.47 79.44 81.12 80.74 85.37 85.67 111.11 100.28 131.77 102.05 74.18 123.68 83.57 83.13 79.75 79.41 76.59 76.19 74.41 85.61 87.70
0.00 0.00 0.00 0.00 0.00 63.06 75.39 0.00 0.00 0.00 0.00 65.42 83.04 84.78 84.12 85.76 87.36 88.91 90.87 92.18 94.64 155.50 96.72 97.32 96.89 96.67 96.36 96.40 156.85 96.02 95.16 155.59 151.37 94.23 94.06 93.69 94.27 93.86 93.80 150.63 93.60 93.50 150.80 93.65 93.82 97.18 97.35 96.95 152.25 94.98 92.08 91.44 90.34 144.87 89.89 88.87 87.79 193.86 87.32 81.32 84.94 84.61 88.08 88.44 89.30 93.50 102.89 102.45 88.56 143.72 85.18 84.81 81.92 81.60 77.99 77.58 89.15 88.74 92.89
0.00 0.00 68.04 69.72 72.27 123.09 77.08 0.00 0.00 0.00 74.41 85.95 84.59 142.58 142.02 87.15 88.74 208.17 92.14 93.34 95.68 96.54 97.54 98.03 97.51 97.26 96.97 97.05 157.80 96.64 95.66 95.39 93.22 92.87 94.21 93.76 152.46 93.81 93.67 93.29 93.32 93.19 93.45 93.39 93.61 153.97 97.32 96.99 95.61 151.14 92.30 91.74 146.37 90.03 96.15 95.32 88.47 87.67 82.62 82.17 85.89 85.65 89.23 88.98 89.27 132.78 94.64 95.13 75.19 88.50 86.81 86.49 83.58 83.24 79.60 79.18 90.94 90.53 94.77
0.00 0.00 69.73 71.42 73.26 124.68 77.42 79.14 80.48 82.23 80.69 82.39 81.88 140.31 84.77 86.31 88.52 89.94 91.79 92.85 94.45 95.18 95.42 95.77 95.56 95.31 95.01 95.14 94.33 94.21 92.74 145.32 93.94 101.17 103.38 102.87 103.43 102.87 102.09 101.63 101.05 94.87 93.92 144.34 92.95 96.43 95.06 94.82 93.07 92.67 93.35 98.70 100.76 100.09 100.53 99.80 97.57 96.80 96.55 85.02 86.22 86.06 88.53 146.49 88.69 146.93 89.25 103.43 159.64 147.47 89.01 88.68 86.21 85.90 82.04 93.85 93.07 92.69 96.02
0.00 0.00 0.00 73.10 74.86 76.55 78.98 80.68 79.22 83.71 82.12 139.62 83.17 84.70 86.02 87.46 89.58 150.46 92.61 93.55 95.02 95.64 95.76 157.04 95.67 95.81 95.14 156.30 94.38 94.19 92.69 99.91 101.34 100.80 102.93 102.32 102.84 102.26 101.46 100.92 100.30 100.03 99.05 99.04 98.16 101.74 94.50 94.37 92.69 98.29 99.00 98.57 100.73 100.16 100.71 100.08 98.17 97.30 97.11 85.54 86.80 86.69 89.24 89.14 89.58 89.51 89.65 150.97 116.29 150.57 90.30 90.03 87.55 200.87 83.37 127.05 94.55 94.22 97.62
0.00 0.00 124.45 74.58 75.10 76.74 76.16 77.77 76.86 78.43 79.00 80.55 83.71 85.24 139.08 89.20 91.31 92.47 94.13 95.01 95.22 95.64 95.58 95.67 95.45 103.17 102.63 95.07 148.87 103.09 105.26 104.76 107.76 107.11 108.22 107.51 107.26 106.61 105.15 104.57 103.65 103.31 102.03 102.02 100.23 103.95 101.20 101.11 101.19 100.92 104.73 104.37 106.30 105.84 105.10 104.57 103.03 102.25 100.60 100.21 98.06 86.82 86.47 86.49 147.56 88.47 90.14 92.03 100.34 93.02 90.75 148.91 205.62 146.25 85.30 84.95 96.90 96.57 142.63
0.00 77.04 77.77 79.44 76.55 78.20 77.57 79.13 78.16 128.06 86.96 88.53 91.77 93.26 95.90 97.25 99.31 100.45 102.09 102.86 103.03 103.43 103.20 103.18 102.85 102.89 102.69 102.21 102.77 102.49 104.60 104.03 106.94 106.16 107.18 106.41 106.10 94.07 104.00 103.38 102.41 102.02 100.71 100.73 102.67 102.79 100.16 100.21 100.30 100.20 104.11 103.86 105.87 105.57 104.96 104.54 103.14 102.45 100.92 100.56 98.42 98.35 98.06 86.96 89.03 89.10 90.84 77.74 102.90 93.19 91.66 91.46 88.95 88.70 86.26 85.96 98.09 97.75 98.75
75.88 77.54 77.52 79.16 77.40 75.69 74.60 76.05 80.04 88.26 93.61 95.21 98.08 99.55 101.17 102.48 104.23 105.27 106.30 106.99 106.96 107.21 106.48 106.31 106.13 106.03 106.37 105.74 106.39 106.02 107.81 107.11 108.69 107.81 106.89 106.06 101.16 124.13 98.60 112.36 109.47 103.05 100.63 100.69 102.71 102.90 101.58 101.71 102.62 102.62 105.07 104.99 106.59 106.42 107.31 107.64 91.28 93.47 104.66 103.71 101.49 101.44 98.22 98.37 87.12 87.25 151.07 91.66 103.25 78.20 91.76 91.59 90.11 89.86 88.58 88.33 99.45 99.15 144.27
77.43 129.42 79.01 80.58 78.77 80.35 75.86 83.89 87.96 89.51 94.84 96.37 99.20 100.59 102.13 103.33 105.01 105.95 106.82 107.40 107.24 107.38 106.49 106.22 105.89 105.64 105.78 105.02 105.53 105.03 106.65 106.52 108.01 95.30 99.43 101.10 114.56 59.37 57.16 60.12 60.78 118.32 105.59 101.01 101.09 101.32 100.07 100.26 101.26 101.37 103.94 89.40 92.84 96.10 99.30 97.81 90.63 119.55 116.76 114.59 125.15 89.34 98.38 98.52 98.57 87.43 91.88 151.60 115.85 78.62 92.21 92.09 90.62 90.43 89.19 88.99 87.44 99.91 98.89
77.55 79.13 77.70 79.22 77.63 79.12 87.23 88.74 95.50 97.10 100.79 95.29 103.08 104.45 105.65 97.16 101.48 99.44 109.29 109.71 109.21 109.22 108.50 108.04 107.65 107.21 107.37 106.85 106.35 106.33 109.04 101.00 95.49 115.25 118.94 0.00 0.00 0.00 0.00 0.00 0.00 0.00 27.47 50.76 90.04 102.18 100.04 100.31 101.28 90.52 106.48 111.30 136.03 114.23 120.25 120.73 119.98 115.27 92.98 104.21 103.33 88.75 97.24 99.55 97.10 77.47 89.11 89.26 92.26 92.33 78.81 92.88 92.12 91.99 90.51 90.33 88.16 87.86 98.33
129.24 80.57 130.59 80.58 78.92 86.94 91.86 90.03 98.80 101.02 99.59 98.61 105.48 102.95 104.55 110.79 112.56 104.37 111.29 111.65 111.66 111.56 109.99 108.03 126.77 99.48 108.04 107.34 99.43 103.65 116.85 40.71 56.53 0.00 0.00 0.00 0.00 0.00 0.00 0.00 0.00 0.00 0.00 0.00 0.00 51.46 125.76 123.02 93.33 105.22 0.00 62.14 120.17 39.20 38.88 117.51 85.43 90.63 88.67 103.99 102.54 198.75 99.42 99.55 88.39 77.46 77.53 89.28 92.34 92.46 93.13 93.08 212.12 211.56 90.82 90.63 88.45 88.12 85.75
79.91 81.41 78.82 126.65 81.78 89.90 97.55 88.56 117.39 112.79 115.11 37.06 128.88 118.95 120.93 127.43 127.79 123.94 121.18 57.70 122.86 121.25 122.63 125.97 118.74 123.96 118.02 55.27 52.19 53.15 52.10 54.38 0.00 0.00 0.00 0.00 0.00 0.00 0.00 0.00 0.00 0.00 0.00 0.00 0.00 0.00 0.00 0.00 0.00 0.00 0.00 0.00 59.79 90.31 86.00 83.64 92.35 103.52 102.91 102.90 100.95 101.10 97.67 97.85 88.30 77.39 77.50 87.23 90.47 90.63 150.81 90.80 91.02 210.92 89.71 89.51 87.71 87.30 85.14
81.38 82.85 80.22 81.68 89.88 91.37 99.06 101.21 96.79 97.53 113.93 120.07 118.21 116.95 116.26 117.41 0.00 0.00 0.00 0.00 0.00 0.00 0.00 53.27 55.55 57.15 56.09 53.70 28.48 29.28 28.83 0.00 0.00 0.00 0.00 0.00 0.00 0.00 0.00 0.00 0.00 0.00 0.00 0.00 0.00 0.00 0.00 0.00 0.00 0.00 0.00 0.00 0.00 108.36 36.51 111.93 106.27 102.62 102.17 102.51 100.47 100.73 97.37 87.85 88.09 77.24 77.38 87.18 90.42 150.46 90.77 90.77 151.02 90.91 89.66 89.44 106.80 87.13 84.90
82.09 135.88 81.07 82.54 141.22 95.29 103.42 105.52 99.34 112.85 113.63 54.16 117.73 95.57 94.19 118.14 0.00 0.00 0.00 0.00 0.00 0.00 0.00 0.00 0.00 0.00 0.00 0.00 0.00 0.00 0.00 0.00 0.00 0.00 0.00 0.00 0.00 0.00 0.00 0.00 0.00 0.00 0.00 0.00 0.00 0.00 0.00 0.00 0.00 0.00 0.00 0.00 0.00 0.00 57.16 156.64 99.78 99.59 98.64 99.09 96.67 97.02 141.56 131.20 146.92 76.89 77.07 136.23 77.41 77.51 77.57 89.16 149.81 130.32 88.36 107.32 106.16 105.57 103.74
83.73 85.24 82.70 84.20 95.63 97.14 105.35 108.75 117.25 126.55 116.24 123.62 57.75 48.82 95.73 54.12 0.00 0.00 0.00 0.00 0.00 0.00 0.00 0.00 0.00 0.00 0.00 0.00 0.00 0.00 0.00 0.00 0.00 0.00 0.00 0.00 0.00 0.00 0.00 0.00 0.00 0.00 0.00 0.00 0.00 0.00 0.00 0.00 0.00 0.00 0.00 0.00 0.00 0.00 153.57 101.52 97.78 98.39 97.53 98.12 84.38 129.23 86.26 90.62 90.98 91.32 76.54 76.74 76.90 77.00 77.04 88.76 89.59 89.44 107.04 106.69 105.44 104.80 142.46
