ASPA-UH-SWB2_REPO/output/post_prcessed_with_MFR/rainfall_annual.asc
NCOLS 350
NROWS 200
XLLCENTER 515000.000000
YLLCENTER 8409000.000000
CELLSIZE 100.000000
NODATA_value -999.000000
[rows 140 to 174 of 200, columns 78 to 155 of 350]
0.00 125.27 126.47 127.67 128.83 129.96 131.05 132.15 133.25 134.30 135.27 136.23 137.22 138.20 139.16 140.17 141.23 142.31 143.44 144.59 145.74 146.77 147.74 148.63 149.42 150.13 150.79 151.29 151.64 151.93 152.17 152.32 152.34 152.24 152.01 151.61 151.14 150.53 149.78 148.91 147.96 146.89 145.75 144.52 143.22 141.80 140.28 138.80 137.27 135.74 134.25 132.76 131.27 129.82 128.42 127.11 125.85 124.65 123.50 122.33 121.26 120.19 119.13 118.11 117.05 116.10 115.16 114.29 113.45 112.69 111.98 111.25 110.58 109.98 109.53 109.11 108.76 108.41
0.00 0.00 124.93 126.00 127.11 128.19 129.20 130.18 131.18 132.14 133.02 133.86 134.68 135.57 136.48 137.47 138.53 139.62 140.78 141.97 143.07 144.09 145.10 146.03 146.83 147.55 148.19 148.70 149.12 149.41 149.66 149.90 149.99 149.96 149.83 149.55 149.09 148.55 147.90 147.17 146.22 145.25 144.18 143.03 141.78 140.43 139.04 137.56 136.13 134.69 133.25 131.79 130.34 128.95 127.58 126.34 125.16 124.05 122.95 121.85 120.77 119.67 118.65 117.60 116.59 115.64 114.77 113.92 113.13 112.36 111.65 110.98 110.34 109.75 109.26 0.00 0.00 0.00
0.00 0.00 0.00 124.74 125.71 126.72 127.67 128.58 129.44 130.25 131.01 131.74 132.44 133.18 134.04 135.05 136.15 137.30 138.46 139.59 140.69 141.71 142.69 143.59 144.43 145.15 145.78 146.35 146.76 147.09 147.34 147.59 147.76 147.82 147.76 147.55 147.21 146.73 146.19 145.44 144.65 143.73 142.73 141.61 140.43 139.19 137.81 136.46 135.07 133.71 132.28 130.87 129.48 128.12 126.83 125.61 124.57 123.54 122.45 121.39 120.30 119.21 118.15 117.11 116.16 115.30 114.41 113.59 112.80 112.06 111.36 110.70 110.13 0.00 0.00 0.00 0.00 0.00
0.00 0.00 0.00 123.77 124.68 125.57 126.42 127.21 127.96 128.68 129.32 129.92 130.50 131.10 131.96 132.98 134.09 135.22 136.35 137.45 138.51 139.53 140.48 141.37 142.20 142.94 143.64 144.19 144.62 144.96 145.26 145.50 145.69 145.84 145.83 145.68 145.42 145.04 144.52 143.94 143.15 142.30 141.35 140.32 139.19 137.97 136.75 135.41 134.13 132.74 131.38 130.03 128.70 127.38 126.10 124.95 123.98 122.99 121.95 120.88 119.76 118.68 117.63 116.67 115.78 114.89 114.05 113.29 112.52 111.76 111.09 110.49 0.00 0.00 0.00 0.00 0.00 0.00
0.00 0.00 122.20 123.08 123.90 124.69 125.43 126.09 126.73 127.31 127.87 128.37 128.85 129.44 130.23 131.22 132.29 133.37 134.42 135.50 136.54 137.52 138.48 139.38 140.19 140.94 141.61 142.19 142.65 143.02 143.30 143.55 143.79 143.95 144.03 143.96 143.78 143.45 143.05 142.47 141.78 140.96 140.08 139.10 138.02 136.86 135.67 134.51 133.17 131.87 130.53 129.22 127.96 126.71 125.44 124.32 123.35 122.40 121.39 120.32 119.25 118.18 117.20 116.26 115.39 114.53 113.72 112.95 112.21 111.49 110.86 110.29 0.00 0.00 0.00 0.00 0.00 0.00
0.00 0.00 121.73 122.56 123.34 124.04 124.69 125.26 125.76 126.24 126.70 127.11 127.53 128.09 128.87 129.80 130.78 131.75 132.75 133.76 134.80 135.76 136.69 137.54 138.35 139.08 139.74 140.30 140.79 141.15 141.45 141.69 141.95 142.19 142.34 142.34 142.19 141.95 141.61 141.13 140.46 139.71 138.86 137.91 136.90 135.82 134.70 133.47 132.29 131.00 129.71 128.47 127.25 126.03 124.80 123.69 122.71 121.79 120.80 119.79 118.77 117.78 116.81 115.92 115.00 114.19 113.38 112.65 111.93 111.24 110.62 110.07 0.00 0.00 0.00 0.00 0.00 0.00
0.00 120.46 121.33 122.15 122.87 123.55 124.14 124.66 125.10 125.50 125.87 126.20 126.55 127.06 127.80 128.67 129.54 130.44 131.37 132.31 133.28 134.23 135.10 135.91 136.66 137.40 138.03 138.58 139.05 139.44 139.72 139.97 140.26 140.55 140.76 140.80 140.71 140.52 140.27 139.84 139.23 138.49 137.70 136.82 135.84 134.81 133.70 132.59 131.41 130.19 128.93 127.74 126.58 125.42 124.20 123.07 122.10 121.22 120.29 119.30 118.33 117.38 116.46 115.54 114.67 113.83 113.07 112.34 111.67 111.03 110.42 109.86 0.00 0.00 0.00 0.00 0.00 0.00
0.00 120.21 121.04 121.80 122.51 123.17 123.76 124.27 124.69 125.05 125.36 125.61 125.87 126.32 126.99 127.77 128.56 129.38 130.23 131.09 131.96 132.84 133.68 134.44 135.18 135.87 136.49 137.03 137.51 137.89 138.14 138.40 138.72 139.03 139.30 139.40 139.35 139.20 138.98 138.62 138.06 137.38 136.61 135.79 134.86 133.86 132.80 131.73 130.59 129.39 128.22 127.05 125.95 124.83 123.65 122.54 121.58 120.66 119.76 118.82 117.89 116.96 116.04 115.16 114.28 113.50 112.75 112.08 111.41 110.78 110.20 109.68 109.15 0.00 0.00 0.00 0.00 0.00
0.00 120.09 120.86 121.62 122.29 122.93 123.52 124.02 124.44 124.79 125.06 125.24 125.43 125.79 126.39 127.08 127.81 128.55 129.31 130.06 130.85 131.65 132.40 133.13 133.84 134.49 135.12 135.65 136.07 136.45 136.73 136.97 137.29 137.68 137.99 138.12 138.10 137.98 137.80 137.47 136.96 136.31 135.59 134.79 133.93 132.98 131.95 130.88 129.79 128.67 127.51 126.40 125.36 124.30 123.17 122.08 121.08 120.14 119.25 118.35 117.43 116.53 115.66 114.76 113.95 113.17 112.44 111.78 111.15 110.54 110.00 109.45 0.00 0.00 0.00 0.00 0.00 0.00
0.00 120.06 120.84 121.56 122.22 122.85 123.41 123.92 124.32 124.65 124.91 125.08 125.21 125.49 126.01 126.63 127.28 127.94 128.61 129.26 129.94 130.63 131.32 131.99 132.65 133.26 133.85 134.35 134.75 135.09 135.38 135.66 136.01 136.42 136.76 136.95 136.95 136.84 136.66 136.36 135.89 135.26 134.59 133.84 133.00 132.07 131.10 130.07 129.01 127.94 126.84 125.81 124.81 123.78 122.71 121.60 120.55 119.62 118.74 117.86 116.96 116.12 115.29 114.45 113.62 112.87 112.14 111.48 110.87 110.29 109.75 0.00 0.00 0.00 0.00 0.00 0.00 0.00
0.00 120.16 120.91 121.62 122.27 122.88 123.44 123.93 124.34 124.65 124.92 125.06 125.17 125.39 125.81 126.37 126.95 127.52 128.09 128.67 129.23 129.80 130.42 131.01 131.59 132.18 132.69 133.12 133.53 133.87 134.11 134.46 134.86 135.28 135.65 135.85 135.86 135.75 135.61 135.30 134.85 134.30 133.63 132.89 132.12 131.24 130.28 129.28 128.29 127.27 126.27 125.27 124.26 123.25 122.18 121.07 119.99 119.07 118.20 117.36 116.54 115.72 114.91 114.12 113.32 112.56 111.83 111.18 110.58 110.03 0.00 0.00 0.00 0.00 0.00 0.00 0.00 0.00
0.00 0.00 121.03 121.73 122.40 122.96 123.52 124.01 124.42 124.77 125.00 125.13 125.21 125.38 125.73 126.21 126.75 127.26 127.74 128.21 128.69 129.16 129.67 130.18 130.69 131.18 131.65 132.05 132.40 132.70 133.03 133.39 133.81 134.25 134.64 134.81 134.79 134.75 134.60 134.33 133.88 133.38 132.74 132.03 131.28 130.43 129.48 128.55 127.64 126.69 125.71 124.73 123.73 122.68 121.59 120.48 119.44 118.53 117.68 116.89 116.10 115.30 114.53 113.74 113.01 112.26 111.54 110.88 110.29 109.76 0.00 0.00 0.00 0.00 0.00 0.00 0.00 0.00
0.00 0.00 121.19 121.88 122.50 123.09 123.64 124.15 124.54 124.82 125.04 125.17 125.25 125.39 125.67 126.06 126.54 127.04 127.49 127.88 128.24 128.65 129.02 129.48 129.94 130.35 130.74 131.11 131.40 131.71 132.09 132.49 132.92 133.37 133.71 133.85 133.91 133.84 133.69 133.43 133.03 132.50 131.90 131.21 130.45 129.62 128.76 127.87 126.97 126.04 125.10 124.13 123.15 122.10 121.00 119.92 118.92 117.99 117.19 116.43 115.63 114.86 114.13 113.39 112.64 111.95 0.00 0.00 0.00 0.00 0.00 0.00 0.00 0.00 0.00 0.00 0.00 0.00
0.00 0.00 121.39 122.00 122.61 123.23 123.77 124.23 124.57 124.81 124.98 125.16 125.24 125.37 125.61 125.95 126.36 126.80 127.22 127.58 127.91 128.17 128.49 128.87 129.26 129.60 129.92 130.22 130.53 130.88 131.31 131.72 132.16 132.57 132.87 133.03 133.08 133.03 132.84 132.60 132.19 131.66 131.06 130.41 129.68 128.89 128.05 127.18 126.30 125.38 124.42 123.43 122.47 121.49 120.41 119.37 118.42 117.47 116.66 115.90 115.18 114.43 113.67 112.99 112.34 0.00 0.00 0.00 0.00 0.00 0.00 0.00 0.00 0.00 0.00 0.00 0.00 0.00
0.00 0.00 0.00 122.14 122.75 123.32 123.78 124.17 124.45 124.63 124.83 124.98 125.20 125.35 125.55 125.81 126.19 126.61 126.96 127.30 127.56 127.78 128.01 128.31 128.61 128.88 129.15 129.43 129.76 130.23 130.69 131.12 131.51 131.84 132.12 132.26 132.28 132.21 132.11 131.73 131.36 130.87 130.29 129.65 128.97 128.21 127.39 126.53 125.66 124.72 123.71 122.76 121.82 120.86 119.86 118.83 117.88 116.98 116.15 115.37 114.67 113.99 113.29 112.61 0.00 0.00 0.00 0.00 0.00 0.00 0.00 0.00 0.00 0.00 0.00 0.00 0.00 0.00
0.00 0.00 0.00 0.00 122.80 123.28 123.71 124.03 124.23 124.42 124.59 124.82 125.09 125.31 125.50 125.74 126.06 126.44 126.79 127.04 127.26 127.42 127.62 127.79 127.99 128.25 128.51 128.82 129.21 129.69 130.21 130.65 130.96 131.22 131.43 131.55 131.54 131.45 131.24 130.97 130.57 130.14 129.61 128.96 128.28 127.52 126.72 125.91 124.99 124.04 123.07 122.12 121.17 120.24 119.28 118.29 117.35 116.48 115.62 114.86 114.20 113.52 112.88 0.00 0.00 0.00 0.00 0.00 0.00 0.00 0.00 0.00 0.00 0.00 0.00 0.00 0.00 0.00
0.00 0.00 0.00 122.26 122.76 123.19 123.54 123.81 124.05 124.23 124.43 124.70 124.95 125.19 125.45 125.72 126.04 126.37 126.66 126.90 127.03 127.18 127.28 127.40 127.56 127.81 128.09 128.42 128.86 129.33 129.83 130.22 130.46 130.69 130.85 130.94 130.90 130.74 130.53 130.24 129.89 129.42 128.91 128.29 127.59 126.82 126.00 125.16 124.33 123.39 122.43 121.49 120.56 119.63 118.67 117.72 116.86 115.96 115.12 114.38 113.71 113.11 112.49 0.00 0.00 0.00 0.00 0.00 0.00 0.00 0.00 0.00 0.00 0.00 0.00 0.00 0.00 0.00
0.00 0.00 0.00 0.00 122.66 123.03 123.32 123.62 123.88 124.11 124.33 124.56 124.81 125.15 125.43 125.72 126.07 126.41 126.68 126.90 127.02 127.08 127.16 127.24 127.38 127.58 127.88 128.25 128.63 129.06 129.47 129.79 130.03 130.22 130.35 130.40 130.33 130.17 129.90 129.59 129.20 128.73 128.15 127.55 126.84 126.07 125.27 124.45 123.60 122.74 121.80 120.85 119.95 119.01 118.09 117.16 116.30 115.48 114.64 113.90 113.21 112.64 0.00 0.00 0.00 0.00 0.00 0.00 0.00 0.00 0.00 0.00 0.00 0.00 0.00 0.00 0.00 0.00
0.00 0.00 0.00 0.00 122.51 122.83 123.14 123.46 123.75 124.01 124.24 124.46 124.75 125.08 125.41 125.75 126.13 126.51 126.84 127.06 127.19 127.25 127.30 127.34 127.40 127.56 127.85 128.16 128.46 128.83 129.12 129.38 129.61 129.76 129.85 129.85 129.76 129.59 129.31 128.94 128.50 127.99 127.39 126.74 126.06 125.30 124.54 123.75 122.91 122.05 121.15 120.23 119.31 118.41 117.50 116.60 115.79 115.00 114.17 113.41 112.78 112.18 0.00 0.00 0.00 0.00 0.00 0.00 0.00 0.00 0.00 0.00 0.00 0.00 0.00 0.00 0.00 0.00
0.00 0.00 0.00 122.06 122.35 122.66 122.97 123.30 123.62 123.91 124.15 124.41 124.70 125.01 125.38 125.77 126.16 126.60 127.00 127.27 127.44 127.54 127.56 127.54 127.54 127.64 127.84 128.07 128.31 128.58 128.80 129.01 129.18 129.30 129.32 129.26 129.14 128.93 128.65 128.26 127.77 127.21 126.63 125.97 125.27 124.56 123.79 123.02 122.21 121.34 120.47 119.58 118.67 117.79 116.91 116.05 115.28 114.49 113.72 112.95 112.30 0.00 0.00 0.00 0.00 0.00 0.00 0.00 0.00 0.00 0.00 0.00 0.00 0.00 0.00 0.00 0.00 0.00
0.00 0.00 0.00 121.92 122.20 122.50 122.81 123.14 123.48 123.80 124.08 124.37 124.65 124.98 125.35 125.73 126.16 126.63 127.06 127.42 127.66 127.77 127.77 127.71 127.66 127.69 127.80 127.98 128.15 128.29 128.48 128.65 128.77 128.83 128.77 128.65 128.49 128.24 127.92 127.48 126.99 126.44 125.85 125.22 124.53 123.80 123.07 122.28 121.47 120.64 119.77 118.91 118.05 117.19 116.34 115.51 114.75 114.00 113.26 112.50 0.00 0.00 0.00 0.00 0.00 0.00 0.00 0.00 0.00 0.00 0.00 0.00 0.00 0.00 0.00 0.00 0.00 0.00
0.00 0.00 0.00 121.81 122.06 122.36 122.67 123.00 123.33 123.68 124.01 124.33 124.64 124.99 125.33 125.70 126.13 126.59 127.04 127.49 127.77 127.89 127.89 127.79 127.68 127.67 127.74 127.83 127.94 128.03 128.13 128.25 128.34 128.33 128.20 128.04 127.84 127.56 127.15 126.70 126.20 125.67 125.07 124.44 123.78 123.06 122.32 121.53 120.73 119.93 119.10 118.27 117.43 116.61 115.80 114.97 114.23 113.52 112.78 0.00 0.00 0.00 0.00 0.00 0.00 0.00 0.00 0.00 0.00 0.00 0.00 0.00 0.00 0.00 0.00 0.00 0.00 0.00
0.00 0.00 0.00 0.00 121.93 122.21 122.53 122.86 123.18 123.53 123.92 124.29 124.64 124.99 125.32 125.70 126.11 126.55 127.04 127.47 127.80 127.91 127.89 127.74 127.60 127.57 127.59 127.62 127.67 127.70 127.76 127.81 127.85 127.78 127.63 127.43 127.19 126.88 126.45 125.98 125.46 124.91 124.32 123.67 122.99 122.32 121.58 120.82 120.02 119.24 118.44 117.64 116.84 116.05 115.25 114.43 113.71 0.00 0.00 0.00 0.00 0.00 0.00 0.00 0.00 0.00 0.00 0.00 0.00 0.00 0.00 0.00 0.00 0.00 0.00 0.00 0.00 0.00
0.00 0.00 0.00 0.00 0.00 0.00 0.00 122.71 123.04 123.42 123.80 124.19 124.58 124.97 125.32 125.69 126.10 126.55 127.01 127.46 127.72 127.85 127.76 127.60 127.46 127.37 127.36 127.35 127.34 127.34 127.36 127.35 127.31 127.20 127.03 126.82 126.54 126.22 125.80 125.31 124.79 124.21 123.60 122.96 122.25 121.55 120.84 120.10 119.33 118.56 117.82 117.00 116.24 115.48 114.71 113.90 0.00 0.00 0.00 0.00 0.00 0.00 0.00 0.00 0.00 0.00 0.00 0.00 0.00 0.00 0.00 0.00 0.00 0.00 0.00 0.00 0.00 0.00
0.00 0.00 0.00 0.00 0.00 0.00 0.00 0.00 0.00 0.00 123.66 124.04 124.46 124.87 125.26 125.65 126.07 126.51 126.96 127.36 127.60 127.65 127.55 127.38 127.22 127.12 127.08 127.05 126.98 126.98 126.91 126.86 126.76 126.62 126.42 126.18 125.89 125.53 125.13 0.00 0.00 0.00 0.00 122.19 121.54 120.84 120.09 119.36 118.64 117.90 117.14 116.38 115.65 114.92 114.18 0.00 0.00 0.00 0.00 0.00 0.00 0.00 0.00 0.00 0.00 0.00 0.00 0.00 0.00 0.00 0.00 0.00 0.00 0.00 0.00 0.00 0.00 0.00
0.00 0.00 0.00 0.00 0.00 0.00 0.00 0.00 0.00 0.00 0.00 123.91 124.29 124.72 125.12 125.51 125.95 126.42 126.82 127.15 127.36 127.33 127.20 127.06 126.92 126.80 126.73 126.67 126.62 126.54 126.43 126.32 126.17 126.00 125.79 125.52 125.21 124.82 124.40 0.00 0.00 0.00 0.00 0.00 120.79 120.09 119.40 118.66 117.93 117.20 116.47 115.78 115.07 114.38 113.67 0.00 0.00 0.00 0.00 0.00 0.00 0.00 0.00 0.00 0.00 0.00 0.00 0.00 0.00 0.00 0.00 0.00 0.00 0.00 0.00 0.00 0.00 0.00
0.00 0.00 0.00 0.00 0.00 0.00 0.00 0.00 0.00 0.00 0.00 0.00 0.00 124.53 124.92 125.33 125.75 126.21 126.59 126.83 126.95 126.92 126.79 126.66 126.52 126.42 126.33 126.25 126.18 126.06 125.92 125.74 125.54 125.35 125.12 124.84 124.48 0.00 0.00 0.00 0.00 0.00 0.00 0.00 120.09 119.39 118.68 117.94 117.24 116.57 115.87 115.17 114.52 113.88 0.00 0.00 0.00 0.00 0.00 0.00 0.00 0.00 0.00 0.00 0.00 0.00 0.00 0.00 0.00 0.00 0.00 0.00 0.00 0.00 0.00 0.00 0.00 0.00
0.00 0.00 0.00 0.00 0.00 0.00 0.00 0.00 0.00 0.00 0.00 0.00 0.00 0.00 124.73 125.12 125.53 125.91 126.25 126.45 126.49 126.44 126.35 126.22 0.00 0.00 125.90 125.79 125.69 125.53 125.35 125.15 124.92 124.69 124.44 124.14 123.80 0.00 0.00 0.00 0.00 0.00 0.00 0.00 0.00 0.00 118.01 117.33 116.63 115.94 115.25 114.60 114.00 113.38 0.00 0.00 0.00 0.00 0.00 0.00 0.00 0.00 0.00 0.00 0.00 0.00 0.00 0.00 0.00 0.00 0.00 0.00 0.00 0.00 0.00 0.00 0.00 0.00
0.00 0.00 0.00 0.00 0.00 0.00 0.00 0.00 0.00 0.00 0.00 0.00 0.00 0.00 0.00 0.00 0.00 125.57 125.80 125.96 125.97 125.92 0.00 0.00 0.00 0.00 0.00 0.00 0.00 0.00 0.00 124.57 124.33 124.08 123.79 123.46 0.00 0.00 0.00 0.00 0.00 0.00 0.00 0.00 0.00 0.00 0.00 116.69 116.03 115.32 114.64 114.00 113.42 0.00 0.00 0.00 0.00 0.00 0.00 0.00 0.00 0.00 0.00 0.00 0.00 0.00 0.00 0.00 0.00 0.00 0.00 0.00 0.00 0.00 0.00 0.00 0.00 0.00
0.00 0.00 0.00 0.00 0.00 0.00 0.00 0.00 0.00 0.00 0.00 0.00 0.00 0.00 0.00 0.00 0.00 0.00 0.00 0.00 125.41 0.00 0.00 0.00 0.00 0.00 0.00 0.00 0.00 0.00 0.00 123.98 123.73 123.45 123.15 122.79 122.42 122.02 0.00 0.00 0.00 0.00 0.00 0.00 0.00 0.00 0.00 116.07 115.39 114.69 114.01 113.37 112.82 0.00 0.00 0.00 0.00 0.00 0.00 0.00 0.00 0.00 0.00 0.00 0.00 0.00 0.00 0.00 0.00 0.00 0.00 0.00 0.00 0.00 0.00 0.00 0.00 0.00
0.00 0.00 0.00 0.00 0.00 0.00 0.00 0.00 0.00 0.00 0.00 0.00 0.00 0.00 0.00 0.00 0.00 0.00 0.00 0.00 124.84 0.00 0.00 0.00 0.00 0.00 0.00 0.00 0.00 0.00 0.00 123.36 123.11 122.80 122.47 122.13 121.73 121.33 0.00 0.00 0.00 0.00 0.00 0.00 0.00 0.00 0.00 0.00 0.00 114.09 113.39 112.78 0.00 0.00 0.00 0.00 0.00 0.00 0.00 0.00 0.00 0.00 0.00 0.00 0.00 0.00 0.00 0.00 0.00 0.00 0.00 0.00 0.00 0.00 0.00 0.00 0.00 0.00
0.00 0.00 0.00 0.00 0.00 0.00 0.00 0.00 0.00 0.00 0.00 0.00 0.00 0.00 0.00 0.00 0.00 0.00 0.00 0.00 0.00 0.00 0.00 0.00 0.00 0.00 0.00 0.00 0.00 0.00 0.00 122.70 122.43 122.14 121.80 121.44 121.06 120.64 0.00 0.00 0.00 0.00 0.00 0.00 0.00 0.00 0.00 0.00 0.00 0.00 0.00 0.00 0.00 0.00 0.00 0.00 0.00 0.00 0.00 0.00 0.00 0.00 0.00 0.00 0.00 0.00 0.00 0.00 0.00 0.00 0.00 0.00 0.00 0.00 0.00 0.00 0.00 0.00
0.00 0.00 0.00 0.00 0.00 0.00 0.00 0.00 0.00 0.00 0.00 0.00 0.00 0.00 0.00 0.00 0.00 0.00 0.00 0.00 0.00 0.00 0.00 0.00 0.00 0.00 0.00 0.00 0.00 0.00 122.32 122.05 121.78 121.47 121.14 120.77 120.39 0.00 0.00 0.00 0.00 0.00 0.00 0.00 0.00 0.00 0.00 0.00 0.00 0.00 0.00 0.00 0.00 0.00 0.00 0.00 0.00 0.00 0.00 0.00 0.00 0.00 0.00 0.00 0.00 0.00 0.00 0.00 0.00 0.00 0.00 0.00 0.00 0.00 0.00 0.00 0.00 0.00
0.00 0.00 0.00 0.00 0.00 0.00 0.00 0.00 0.00 0.00 0.00 0.00 0.00 0.00 0.00 0.00 0.00 0.00 0.00 0.00 0.00 0.00 0.00 0.00 0.00 0.00 0.00 0.00 122.11 121.91 121.69 121.44 121.15 120.82 120.47 120.13 119.73 0.00 0.00 0.00 0.00 0.00 0.00 0.00 0.00 0.00 0.00 0.00 0.00 0.00 0.00 0.00 0.00 0.00 0.00 0.00 0.00 0.00 0.00 0.00 0.00 0.00 0.00 0.00 0.00 0.00 0.00 0.00 0.00 0.00 0.00 0.00 0.00 0.00 0.00 0.00 0.00 0.00
0.00 0.00 0.00 0.00 0.00 0.00 0.00 0.00 0.00 0.00 0.00 0.00 0.00 0.00 0.00 0.00 0.00 0.00 0.00 0.00 0.00 0.00 0.00 0.00 0.00 0.00 0.00 0.00 121.51 121.30 121.06 120.80 120.50 120.19 119.83 119.46 0.00 0.00 0.00 0.00 0.00 0.00 0.00 0.00 0.00 0.00 0.00 0.00 0.00 0.00 0.00 0.00 0.00 0.00 0.00 0.00 0.00 0.00 0.00 0.00 0.00 0.00 0.00 0.00 0.00 0.00 0.00 0.00 0.00 0.00 0.00 0.00 0.00 0.00 0.00 0.00 0.00 0.00
