ASPA-UH-SWB2_REPO/output/post_prcessed_with_MFR/rainfall_annual.asc
NCOLS 350
NROWS 200
XLLCENTER 515000.000000
YLLCENTER 8409000.000000
CELLSIZE 100.000000
NODATA_value -999.000000
[rows 70 to 104 of 200, columns 78 to 155 of 350]
0.00 0.00 0.00 0.00 0.00 0.00 0.00 0.00 0.00 0.00 0.00 0.00 0.00 0.00 0.00 0.00 0.00 0.00 0.00 0.00 0.00 0.00 0.00 0.00 0.00 0.00 0.00 0.00 0.00 0.00 0.00 0.00 0.00 0.00 0.00 0.00 0.00 0.00 0.00 0.00 0.00 0.00 0.00 0.00 0.00 0.00 0.00 0.00 0.00 0.00 0.00 0.00 0.00 0.00 0.00 0.00 0.00 0.00 0.00 0.00 0.00 0.00 0.00 0.00 0.00 0.00 0.00 0.00 0.00 0.00 0.00 0.00 152.02 154.51 156.86 159.22 161.52 163.75
0.00 0.00 0.00 0.00 0.00 0.00 0.00 0.00 0.00 0.00 0.00 0.00 0.00 0.00 0.00 0.00 0.00 0.00 0.00 0.00 0.00 0.00 0.00 0.00 0.00 0.00 0.00 0.00 0.00 0.00 0.00 0.00 0.00 0.00 0.00 0.00 0.00 0.00 0.00 0.00 0.00 0.00 0.00 0.00 0.00 0.00 0.00 0.00 0.00 0.00 0.00 0.00 0.00 0.00 0.00 0.00 0.00 0.00 0.00 0.00 0.00 0.00 0.00 0.00 0.00 0.00 0.00 0.00 0.00 0.00 0.00 152.09 154.60 157.05 159.47 161.76 164.09 166.24
0.00 0.00 0.00 0.00 0.00 0.00 0.00 0.00 0.00 0.00 0.00 0.00 0.00 0.00 0.00 0.00 0.00 0.00 0.00 0.00 0.00 0.00 0.00 0.00 0.00 0.00 0.00 0.00 0.00 0.00 0.00 0.00 0.00 0.00 0.00 0.00 0.00 0.00 0.00 0.00 0.00 0.00 0.00 0.00 0.00 0.00 0.00 0.00 0.00 0.00 0.00 0.00 0.00 0.00 0.00 0.00 0.00 0.00 0.00 0.00 0.00 0.00 0.00 0.00 0.00 0.00 0.00 0.00 0.00 0.00 0.00 154.78 157.23 159.70 162.14 164.48 166.70 168.95
0.00 0.00 0.00 0.00 0.00 0.00 0.00 0.00 0.00 0.00 0.00 0.00 0.00 0.00 0.00 0.00 0.00 0.00 0.00 0.00 0.00 0.00 0.00 0.00 0.00 0.00 0.00 0.00 0.00 0.00 0.00 0.00 0.00 0.00 0.00 0.00 0.00 0.00 0.00 0.00 0.00 0.00 0.00 0.00 0.00 0.00 0.00 0.00 0.00 0.00 0.00 0.00 0.00 0.00 0.00 0.00 0.00 0.00 0.00 0.00 0.00 0.00 0.00 0.00 0.00 0.00 0.00 0.00 0.00 0.00 0.00 157.49 160.05 162.51 164.94 167.23 169.50 171.78
0.00 0.00 0.00 0.00 0.00 0.00 0.00 0.00 0.00 0.00 0.00 0.00 0.00 0.00 0.00 0.00 0.00 0.00 0.00 0.00 0.00 0.00 0.00 0.00 0.00 0.00 0.00 0.00 0.00 0.00 0.00 0.00 0.00 0.00 0.00 0.00 0.00 0.00 0.00 0.00 0.00 0.00 0.00 0.00 0.00 0.00 0.00 0.00 0.00 0.00 0.00 0.00 0.00 0.00 0.00 0.00 0.00 0.00 0.00 0.00 0.00 0.00 0.00 0.00 0.00 0.00 0.00 0.00 0.00 0.00 0.00 160.38 162.94 165.47 167.86 170.17 172.43 174.72
0.00 0.00 0.00 0.00 0.00 0.00 0.00 0.00 0.00 0.00 0.00 0.00 0.00 0.00 0.00 0.00 0.00 0.00 0.00 0.00 0.00 0.00 0.00 0.00 0.00 0.00 0.00 0.00 0.00 0.00 0.00 0.00 0.00 0.00 0.00 0.00 0.00 0.00 0.00 0.00 0.00 0.00 0.00 0.00 0.00 0.00 0.00 0.00 0.00 0.00 0.00 0.00 0.00 0.00 0.00 0.00 0.00 0.00 0.00 0.00 0.00 0.00 0.00 0.00 0.00 0.00 0.00 0.00 0.00 0.00 0.00 163.39 165.99 168.53 170.92 173.23 175.51 177.81
0.00 0.00 0.00 0.00 0.00 0.00 0.00 0.00 0.00 0.00 0.00 0.00 0.00 0.00 0.00 0.00 0.00 0.00 0.00 0.00 0.00 0.00 0.00 0.00 0.00 0.00 0.00 0.00 0.00 0.00 0.00 0.00 0.00 0.00 0.00 0.00 0.00 0.00 0.00 0.00 0.00 0.00 0.00 0.00 0.00 0.00 0.00 0.00 0.00 0.00 0.00 0.00 0.00 0.00 0.00 0.00 0.00 0.00 0.00 0.00 0.00 0.00 0.00 0.00 0.00 0.00 0.00 0.00 0.00 0.00 0.00 166.49 169.10 171.65 174.10 176.43 178.73 181.05
0.00 0.00 0.00 0.00 0.00 0.00 0.00 0.00 0.00 0.00 0.00 0.00 0.00 0.00 0.00 0.00 0.00 0.00 0.00 0.00 0.00 0.00 0.00 0.00 0.00 0.00 0.00 0.00 0.00 0.00 0.00 0.00 0.00 0.00 0.00 0.00 0.00 0.00 0.00 0.00 0.00 0.00 0.00 0.00 0.00 0.00 0.00 0.00 0.00 0.00 0.00 0.00 0.00 0.00 0.00 0.00 0.00 0.00 0.00 0.00 0.00 0.00 0.00 0.00 0.00 0.00 0.00 0.00 0.00 0.00 167.01 169.66 172.28 174.86 177.38 179.75 182.06 184.37
0.00 0.00 0.00 0.00 0.00 0.00 0.00 0.00 0.00 0.00 0.00 0.00 0.00 0.00 0.00 0.00 0.00 0.00 0.00 0.00 0.00 0.00 0.00 0.00 0.00 0.00 0.00 0.00 0.00 0.00 0.00 0.00 0.00 0.00 0.00 0.00 0.00 0.00 0.00 0.00 0.00 0.00 0.00 0.00 0.00 0.00 0.00 0.00 0.00 0.00 0.00 0.00 0.00 0.00 0.00 0.00 0.00 0.00 0.00 0.00 0.00 0.00 0.00 0.00 0.00 0.00 0.00 0.00 0.00 0.00 170.29 172.96 175.59 178.19 180.72 183.15 185.48 187.70
0.00 0.00 0.00 0.00 0.00 0.00 0.00 0.00 0.00 0.00 0.00 0.00 0.00 0.00 0.00 0.00 0.00 0.00 0.00 0.00 0.00 0.00 0.00 0.00 0.00 0.00 0.00 0.00 0.00 0.00 0.00 0.00 0.00 0.00 0.00 0.00 0.00 0.00 0.00 0.00 0.00 0.00 0.00 0.00 0.00 0.00 0.00 0.00 0.00 0.00 0.00 0.00 0.00 0.00 0.00 0.00 0.00 0.00 0.00 0.00 0.00 151.76 0.00 0.00 0.00 0.00 0.00 0.00 0.00 0.00 173.68 176.35 179.00 181.61 184.16 186.59 188.87 191.04
0.00 0.00 0.00 0.00 0.00 0.00 0.00 0.00 0.00 0.00 0.00 0.00 0.00 0.00 0.00 0.00 0.00 0.00 0.00 0.00 0.00 0.00 0.00 0.00 0.00 0.00 0.00 0.00 0.00 0.00 0.00 0.00 0.00 0.00 0.00 0.00 0.00 0.00 0.00 0.00 0.00 0.00 0.00 0.00 0.00 0.00 0.00 0.00 0.00 0.00 0.00 0.00 0.00 0.00 0.00 0.00 0.00 0.00 0.00 0.00 152.95 155.02 157.13 0.00 0.00 0.00 0.00 0.00 0.00 0.00 0.00 0.00 182.48 185.09 187.63 190.02 192.24 194.38
0.00 0.00 0.00 0.00 0.00 0.00 0.00 0.00 0.00 0.00 0.00 0.00 0.00 0.00 0.00 0.00 0.00 0.00 0.00 0.00 0.00 0.00 0.00 0.00 0.00 0.00 0.00 0.00 0.00 0.00 0.00 0.00 0.00 0.00 0.00 0.00 0.00 0.00 0.00 0.00 0.00 0.00 0.00 0.00 0.00 0.00 0.00 0.00 0.00 0.00 0.00 0.00 0.00 0.00 0.00 0.00 0.00 0.00 0.00 0.00 156.27 158.34 160.49 162.75 0.00 0.00 0.00 0.00 0.00 0.00 0.00 0.00 0.00 188.55 191.04 193.41 195.64 197.68
0.00 0.00 0.00 0.00 0.00 0.00 0.00 0.00 0.00 0.00 0.00 0.00 0.00 0.00 0.00 0.00 0.00 0.00 0.00 0.00 0.00 0.00 0.00 0.00 0.00 0.00 0.00 0.00 0.00 0.00 0.00 0.00 0.00 0.00 0.00 0.00 0.00 0.00 0.00 0.00 0.00 0.00 0.00 0.00 0.00 0.00 0.00 0.00 0.00 0.00 0.00 0.00 0.00 0.00 0.00 0.00 0.00 0.00 155.73 157.64 159.65 161.75 163.95 166.26 168.66 171.12 173.60 0.00 0.00 0.00 0.00 0.00 0.00 191.91 194.39 196.70 198.88 200.93
0.00 0.00 0.00 0.00 0.00 0.00 0.00 0.00 0.00 0.00 0.00 0.00 0.00 0.00 0.00 0.00 0.00 0.00 0.00 0.00 0.00 0.00 0.00 0.00 0.00 0.00 0.00 0.00 0.00 0.00 0.00 0.00 0.00 0.00 0.00 0.00 0.00 0.00 0.00 0.00 0.00 0.00 0.00 0.00 0.00 0.00 0.00 0.00 0.00 0.00 0.00 0.00 0.00 0.00 0.00 0.00 155.56 157.34 159.18 161.09 163.14 165.26 167.47 169.83 172.26 174.74 177.23 179.82 182.41 0.00 0.00 0.00 0.00 195.25 197.65 199.93 202.05 204.06
0.00 0.00 0.00 0.00 0.00 0.00 0.00 0.00 0.00 0.00 0.00 0.00 0.00 0.00 0.00 0.00 0.00 0.00 0.00 0.00 0.00 0.00 0.00 0.00 0.00 0.00 0.00 0.00 0.00 0.00 0.00 0.00 0.00 0.00 0.00 0.00 0.00 0.00 0.00 0.00 0.00 0.00 0.00 0.00 0.00 0.00 0.00 0.00 0.00 0.00 0.00 0.00 0.00 0.00 155.56 157.23 158.99 160.82 162.65 164.61 166.67 168.80 171.03 173.42 175.86 178.31 180.86 183.40 0.00 0.00 0.00 0.00 0.00 198.54 200.83 203.06 205.12 206.99
0.00 0.00 0.00 0.00 0.00 139.71 0.00 0.00 0.00 0.00 0.00 0.00 0.00 0.00 0.00 0.00 0.00 0.00 0.00 0.00 0.00 0.00 0.00 0.00 0.00 0.00 0.00 0.00 0.00 0.00 0.00 0.00 0.00 0.00 0.00 0.00 0.00 0.00 0.00 0.00 0.00 0.00 0.00 0.00 0.00 0.00 0.00 0.00 0.00 0.00 0.00 0.00 0.00 0.00 158.95 160.66 162.45 164.30 166.18 168.12 170.20 172.35 174.60 177.00 179.43 181.88 184.37 186.90 189.43 0.00 0.00 0.00 199.36 201.73 203.91 206.02 208.01 209.83
0.00 0.00 0.00 0.00 142.72 142.96 0.00 0.00 0.00 0.00 0.00 0.00 0.00 0.00 0.00 0.00 0.00 0.00 0.00 0.00 0.00 0.00 0.00 0.00 0.00 0.00 0.00 145.94 145.85 145.78 0.00 0.00 0.00 0.00 0.00 0.00 0.00 0.00 0.00 0.00 0.00 0.00 0.00 0.00 0.00 0.00 0.00 0.00 0.00 0.00 0.00 0.00 0.00 160.79 162.42 164.14 165.94 167.82 169.71 171.66 173.73 175.90 178.17 180.52 182.95 185.39 187.81 190.29 192.76 195.20 197.66 200.11 202.43 204.68 206.84 208.86 210.77 212.51
0.00 0.00 0.00 0.00 146.13 146.37 146.64 0.00 0.00 0.00 0.00 0.00 0.00 0.00 0.00 0.00 0.00 0.00 0.00 0.00 0.00 0.00 0.00 149.46 0.00 0.00 0.00 149.20 149.13 149.02 0.00 0.00 0.00 0.00 0.00 0.00 0.00 0.00 0.00 0.00 0.00 0.00 0.00 0.00 0.00 0.00 0.00 0.00 0.00 0.00 0.00 0.00 0.00 0.00 165.90 167.63 169.45 171.35 173.23 175.21 177.28 179.44 181.68 184.02 186.36 188.75 191.16 193.56 195.95 198.36 200.73 203.07 205.37 207.50 209.56 211.54 213.35 214.98
0.00 0.00 0.00 149.47 149.69 149.93 150.18 0.00 0.00 0.00 0.00 0.00 0.00 0.00 0.00 0.00 0.00 0.00 0.00 0.00 0.00 152.83 152.85 152.81 152.76 152.69 152.59 152.50 152.42 0.00 0.00 0.00 0.00 0.00 0.00 0.00 0.00 0.00 0.00 0.00 0.00 0.00 0.00 0.00 0.00 0.00 0.00 0.00 0.00 0.00 0.00 0.00 0.00 0.00 169.35 171.08 172.90 174.81 176.71 178.71 180.78 182.90 185.08 187.35 189.64 191.98 194.34 196.68 199.00 201.34 203.65 205.90 208.09 210.16 212.11 213.95 215.67 217.18
152.33 152.62 152.87 153.13 153.37 153.60 153.84 0.00 0.00 0.00 0.00 0.00 0.00 0.00 0.00 0.00 0.00 0.00 0.00 0.00 156.24 156.29 156.28 156.24 156.16 156.06 155.97 155.86 155.75 0.00 0.00 0.00 0.00 0.00 0.00 0.00 0.00 0.00 0.00 0.00 0.00 0.00 0.00 0.00 0.00 0.00 0.00 0.00 0.00 0.00 166.52 0.00 0.00 171.11 172.76 174.48 176.32 178.20 180.13 182.10 184.13 186.24 188.33 190.48 192.75 195.02 197.33 199.64 201.91 204.12 206.34 208.50 210.59 212.57 214.40 216.12 217.70 219.11
156.16 156.43 156.67 156.90 157.14 157.36 157.58 157.78 0.00 0.00 0.00 0.00 0.00 0.00 159.13 0.00 0.00 159.58 159.68 159.75 159.80 159.82 159.79 159.73 159.66 159.53 159.42 159.28 159.14 158.99 158.84 0.00 158.66 158.58 158.56 158.63 0.00 0.00 0.00 0.00 0.00 0.00 0.00 162.02 162.86 163.77 164.81 165.91 167.17 168.51 169.94 171.43 172.96 174.52 176.12 177.84 179.64 181.49 183.38 185.31 187.31 189.35 191.38 193.45 195.63 197.87 200.12 202.36 204.54 206.69 208.79 210.86 212.84 214.72 216.46 218.04 219.49 220.76
160.11 160.36 160.59 160.80 161.01 161.20 161.38 161.56 0.00 0.00 0.00 162.32 162.50 162.69 162.89 163.04 163.16 163.26 163.34 163.39 163.44 163.42 163.38 163.30 163.19 163.07 162.93 162.77 162.58 162.43 162.25 162.13 162.04 161.98 161.95 161.99 162.12 0.00 0.00 0.00 0.00 0.00 164.54 165.33 166.19 167.12 168.13 169.29 170.51 171.89 173.32 174.79 176.31 177.83 179.40 181.09 182.81 184.59 186.42 188.30 190.28 192.23 194.21 196.23 198.33 200.49 202.65 204.76 206.90 208.98 210.97 212.92 214.82 216.57 218.21 219.68 220.96 222.08
164.16 164.40 164.58 164.76 164.94 165.11 165.27 165.43 0.00 0.00 0.00 166.20 166.37 166.56 166.73 166.84 166.92 167.00 167.07 167.12 167.14 167.06 167.04 166.92 166.78 166.63 166.48 166.28 166.09 165.90 165.71 165.54 165.43 165.36 165.34 165.37 165.50 0.00 0.00 0.00 166.71 167.21 167.86 168.64 169.50 170.43 171.45 172.60 173.83 175.16 176.57 178.01 179.47 180.98 182.53 184.14 185.77 187.49 189.22 191.03 192.93 194.88 196.81 198.76 200.78 202.80 204.84 206.87 208.88 210.91 212.81 214.63 216.44 218.09 219.59 220.94 222.09 223.05
168.24 168.48 168.64 168.78 168.93 169.09 169.23 169.38 169.55 0.00 169.90 170.08 170.26 170.44 170.58 170.68 170.74 170.78 170.84 170.88 170.83 170.78 170.69 170.56 170.38 170.20 170.01 169.83 169.61 169.37 169.17 168.98 168.83 168.76 168.74 168.76 168.85 0.00 0.00 0.00 170.04 170.53 171.19 171.96 172.80 173.72 174.70 175.81 177.05 178.29 179.62 180.99 182.41 183.91 185.41 186.93 188.48 190.09 191.76 193.52 195.32 197.21 199.08 200.97 202.89 204.80 206.74 208.62 210.54 212.47 214.31 216.02 217.67 219.24 220.65 221.86 222.90 223.73
172.32 172.51 172.71 172.83 172.94 173.06 173.19 173.32 173.47 173.61 173.77 173.92 174.08 174.24 174.39 174.47 174.51 174.56 174.57 174.54 174.47 174.43 174.29 174.12 173.95 173.75 173.54 173.31 173.09 172.85 172.61 172.37 172.21 172.14 172.10 172.08 172.18 0.00 0.00 172.89 173.32 173.86 174.48 175.20 176.00 176.89 177.88 178.91 180.06 181.27 182.51 183.79 185.15 186.58 188.02 189.47 190.93 192.45 194.05 195.73 197.46 199.21 201.01 202.82 204.62 206.47 208.23 210.05 211.87 213.66 215.38 217.02 218.55 220.03 221.31 222.42 223.34 224.03
176.34 176.53 176.67 176.83 176.91 176.99 177.08 177.18 177.29 177.41 177.53 177.66 177.82 177.95 178.06 178.12 178.14 178.16 178.13 178.04 177.97 177.89 177.75 177.56 177.36 177.16 176.96 176.74 176.48 176.23 175.94 175.67 175.51 175.42 175.36 175.35 175.40 175.55 175.75 176.06 176.52 177.03 177.67 178.33 179.07 179.92 180.84 181.85 182.90 184.06 185.25 186.43 187.70 189.05 190.43 191.77 193.14 194.62 196.12 197.67 199.29 200.93 202.60 204.28 205.98 207.70 209.40 211.08 212.79 214.49 216.10 217.61 219.04 220.37 221.56 222.55 223.34 223.92
180.25 180.44 180.58 180.68 180.78 180.84 180.90 180.96 181.03 181.11 181.21 181.35 181.48 181.58 181.60 181.61 181.59 181.53 181.48 181.37 181.26 181.14 181.01 180.83 180.62 180.41 180.21 180.00 179.73 179.47 179.18 178.88 178.69 178.57 178.49 178.48 178.53 178.65 178.84 179.16 179.59 180.12 180.68 181.30 182.02 182.81 183.66 184.58 185.61 186.68 187.73 188.86 190.06 191.31 192.58 193.81 195.09 196.44 197.83 199.26 200.75 202.29 203.82 205.37 206.93 208.51 210.12 211.71 213.31 214.87 216.35 217.73 219.07 220.24 221.31 222.18 222.85 223.37
184.08 184.23 184.35 184.45 184.50 184.55 184.60 184.65 184.68 184.73 184.82 184.92 185.03 185.04 185.02 184.96 184.88 184.78 184.69 184.56 184.41 184.28 184.13 183.92 183.70 183.47 183.26 183.03 182.82 182.55 182.27 181.98 181.75 181.62 181.51 181.48 181.52 181.64 181.85 182.10 182.55 183.05 183.58 184.16 184.82 185.55 186.34 187.20 188.10 189.07 190.06 191.08 192.15 193.29 194.41 195.58 196.75 197.92 199.19 200.52 201.86 203.25 204.70 206.12 207.56 209.00 210.46 211.91 213.37 214.80 216.17 217.43 218.61 219.66 220.57 221.34 221.97 222.37
187.77 187.87 187.96 188.04 188.08 188.10 188.15 188.17 188.18 188.22 188.25 188.29 188.33 188.33 188.24 188.12 188.03 187.93 187.79 187.65 187.49 187.31 187.12 186.89 186.63 186.38 186.14 185.89 185.67 185.46 185.19 184.95 184.72 184.54 184.41 184.34 184.37 184.48 184.65 184.94 185.35 185.83 186.33 186.88 187.48 188.15 188.86 189.61 190.43 191.26 192.18 193.06 194.00 195.01 196.01 197.00 198.04 199.11 200.22 201.40 202.62 203.85 205.15 206.46 207.78 209.07 210.39 211.69 212.99 214.30 215.52 216.64 217.69 218.64 219.45 220.12 220.64 220.95
191.27 191.36 191.41 191.44 191.45 191.49 191.50 191.50 191.51 191.50 191.47 191.44 191.43 191.34 191.25 191.15 191.05 190.93 190.78 190.61 190.43 190.23 190.00 189.74 189.44 189.15 188.86 188.59 188.34 188.13 187.92 187.69 187.51 187.30 187.15 187.07 187.05 187.14 187.30 187.57 187.95 188.39 188.86 189.36 189.92 190.54 191.16 191.83 192.50 193.26 194.02 194.83 195.63 196.46 197.30 198.15 199.03 199.97 200.91 201.94 202.99 204.06 205.17 206.35 207.53 208.69 209.87 211.02 212.16 213.31 214.41 215.44 216.36 217.15 217.83 218.42 218.82 219.04
194.59 194.66 194.68 194.69 194.68 194.68 194.67 194.68 194.65 194.60 194.52 194.43 194.35 194.27 194.16 194.07 193.96 193.83 193.68 193.48 193.26 193.06 192.78 192.47 192.13 191.79 191.45 191.15 190.87 190.62 190.41 190.22 190.06 189.88 189.70 189.61 189.57 189.64 189.78 190.03 190.37 190.74 191.16 191.62 192.15 192.68 193.24 193.79 194.36 194.98 195.65 196.31 196.97 197.63 198.30 198.97 199.69 200.45 201.27 202.12 202.99 203.87 204.81 205.83 206.85 207.90 208.90 209.89 210.90 211.90 212.86 213.74 214.55 215.21 215.72 216.21 216.50 216.60
197.75 197.79 197.78 197.79 197.75 197.72 197.71 197.67 197.61 197.53 197.43 197.29 197.18 197.11 197.01 196.91 196.80 196.65 196.46 196.26 196.03 195.80 195.48 195.12 194.74 194.34 193.97 193.59 193.27 192.96 192.74 192.55 192.38 192.22 192.06 191.95 191.91 191.97 192.10 192.34 192.63 192.93 193.27 193.68 194.14 194.62 195.09 195.55 195.98 196.47 196.99 197.51 198.01 198.49 198.99 199.50 200.01 200.61 201.27 201.93 202.63 203.33 204.09 204.93 205.80 206.70 207.55 208.37 209.22 210.05 210.88 211.62 212.25 212.77 213.20 213.54 213.72 213.73
200.73 200.76 200.72 200.68 200.65 200.58 200.56 200.49 200.41 200.31 200.16 200.02 199.92 199.83 199.75 199.64 199.52 199.37 199.18 198.97 198.75 198.47 198.12 197.72 197.29 196.85 196.41 195.97 195.57 195.22 194.92 194.69 194.52 194.38 194.22 194.10 194.06 194.10 194.23 194.44 194.68 194.94 195.21 195.55 195.93 196.33 196.75 197.09 197.39 197.73 198.09 198.45 198.78 199.08 199.40 199.72 200.06 200.46 200.91 201.39 201.90 202.43 203.04 203.68 204.37 205.09 205.81 206.48 207.14 207.79 208.46 209.06 209.53 209.93 210.26 210.47 210.55 210.49
203.47 203.48 203.45 203.41 203.34 203.28 203.20 203.13 203.03 202.90 202.75 202.60 202.50 202.39 202.32 202.23 202.12 201.99 201.81 201.61 201.41 201.09 200.71 200.27 199.81 199.30 198.77 198.27 197.79 197.36 196.98 196.70 196.51 196.36 196.20 196.07 196.01 196.00 196.12 196.34 196.52 196.73 196.97 197.23 197.52 197.84 198.14 198.40 198.56 198.76 198.95 199.14 199.27 199.42 199.54 199.65 199.82 200.00 200.23 200.52 200.83 201.18 201.59 202.05 202.61 203.11 203.66 204.20 204.68 205.19 205.66 206.08 206.42 206.68 206.92 207.02 207.01 206.81
205.94 205.92 205.93 205.90 205.80 205.73 205.63 205.55 205.44 205.28 205.14 205.01 204.87 204.80 204.71 204.64 204.58 204.47 204.34 204.16 203.94 203.63 203.20 202.74 202.21 201.67 201.07 200.46 199.90 199.38 198.92 198.59 198.35 198.18 198.02 197.88 197.77 197.76 197.84 197.97 198.16 198.35 198.53 198.70 198.91 199.11 199.28 199.45 199.52 199.52 199.55 199.57 199.52 199.46 199.39 199.31 199.27 199.22 199.25 199.32 199.42 199.60 199.84 200.12 200.41 200.80 201.15 201.55 201.86 202.19 202.49 202.76 202.94 203.07 203.16 203.20 203.06 202.75
