ASPA-UH-SWB2_REPO/output/post_prcessed_with_MFR/rainfall_annual.asc
NCOLS 350
NROWS 200
XLLCENTER 515000.000000
YLLCENTER 8409000.000000
CELLSIZE 100.000000
NODATA_value -999.000000
[rows 105 to 139 of 200, columns 78 to 155 of 350]
208.13 208.15 208.14 208.13 208.01 207.89 207.82 207.72 207.58 207.43 207.31 207.14 207.05 206.98 206.90 206.89 206.88 206.81 206.67 206.52 206.31 205.99 205.53 205.04 204.51 203.92 203.26 202.55 201.90 201.29 200.76 200.31 200.05 199.86 199.67 199.49 199.36 199.32 199.38 199.43 199.61 199.75 199.87 199.98 200.06 200.14 200.22 200.27 200.21 200.07 199.93 199.74 199.50 199.22 198.94 198.68 198.41 198.20 197.96 197.81 197.72 197.68 197.73 197.82 197.93 198.06 198.29 198.47 198.65 198.84 198.99 199.07 199.14 199.15 199.11 198.99 198.75 198.36
210.09 210.10 210.05 210.00 209.93 209.82 209.71 209.61 209.47 209.34 209.17 209.06 208.97 208.91 208.90 208.91 208.94 208.92 208.81 208.65 208.43 208.10 207.64 207.14 206.61 205.98 205.28 204.53 203.78 203.06 202.42 201.91 201.56 201.33 201.12 200.91 200.79 200.73 200.70 200.79 200.87 200.95 201.03 201.05 201.01 200.99 200.99 200.86 200.68 200.44 200.10 199.68 199.23 198.71 198.23 197.75 197.28 196.83 196.40 195.99 195.71 195.46 195.29 195.23 195.17 195.09 195.09 195.14 195.15 195.16 195.19 195.17 195.07 194.95 194.76 194.52 194.13 193.71
211.68 211.71 211.67 211.60 211.50 211.41 211.33 211.23 211.10 210.92 210.77 210.69 210.64 210.59 210.63 210.71 210.77 210.77 210.68 210.52 210.30 209.96 209.50 208.98 208.43 207.79 207.08 206.30 205.46 204.67 203.92 203.32 202.91 202.60 202.36 202.16 202.02 201.95 201.92 201.92 201.95 201.97 201.95 201.90 201.81 201.66 201.46 201.28 200.94 200.55 199.99 199.37 198.70 197.97 197.27 196.58 195.87 195.21 194.56 193.97 193.42 192.99 192.66 192.39 192.13 191.92 191.75 191.56 191.43 191.27 191.16 191.03 190.79 190.50 190.19 189.75 189.29 188.77
212.95 212.95 212.95 212.89 212.80 212.73 212.64 212.52 212.37 212.23 212.12 212.05 211.98 212.04 212.13 212.23 212.34 212.35 212.28 212.11 211.89 211.57 211.08 210.55 209.97 209.32 208.59 207.79 206.95 206.08 205.24 204.54 204.03 203.71 203.44 203.23 203.03 202.94 202.91 202.87 202.82 202.78 202.67 202.52 202.34 202.07 201.77 201.42 200.95 200.29 199.54 198.74 197.85 196.92 195.99 195.07 194.22 193.30 192.47 191.67 190.94 190.26 189.76 189.32 188.91 188.51 188.12 187.82 187.49 187.21 186.90 186.60 186.28 185.91 185.44 184.85 184.30 183.65
213.83 213.89 213.87 213.82 213.76 213.70 213.62 213.48 213.36 213.26 213.18 213.10 213.11 213.20 213.33 213.48 213.62 213.65 213.59 213.43 213.21 212.87 212.42 211.85 211.23 210.59 209.84 209.05 208.19 207.25 206.33 205.56 205.00 204.63 204.34 204.09 203.88 203.73 203.64 203.56 203.51 203.37 203.17 202.94 202.64 202.30 201.86 201.34 200.64 199.79 198.81 197.76 196.66 195.55 194.41 193.32 192.20 191.18 190.11 189.15 188.20 187.36 186.65 186.03 185.43 184.88 184.33 183.88 183.39 182.94 182.49 182.04 181.62 181.14 180.51 179.89 179.23 178.50
214.34 214.41 214.43 214.44 214.39 214.32 214.25 214.17 214.08 214.00 213.95 213.93 213.96 214.07 214.25 214.45 214.59 214.65 214.59 214.47 214.25 213.92 213.47 212.91 212.29 211.60 210.86 210.03 209.14 208.19 207.22 206.36 205.76 205.35 205.04 204.74 204.51 204.30 204.15 204.05 203.95 203.73 203.46 203.15 202.77 202.29 201.68 200.93 200.04 198.93 197.74 196.47 195.17 193.84 192.54 191.26 190.01 188.73 187.55 186.36 185.27 184.29 183.40 182.59 181.81 181.08 180.44 179.81 179.19 178.58 177.99 177.40 176.86 176.28 175.62 174.91 174.12 173.33
214.46 214.58 214.66 214.69 214.66 214.64 214.60 214.56 214.50 214.46 214.44 214.45 214.50 214.64 214.87 215.08 215.23 215.32 215.30 215.18 214.99 214.69 214.24 213.70 213.08 212.37 211.60 210.76 209.83 208.85 207.86 206.99 206.34 205.89 205.54 205.22 204.93 204.66 204.48 204.35 204.15 203.90 203.57 203.14 202.63 202.00 201.21 200.25 199.05 197.73 196.33 194.87 193.41 191.92 190.44 189.00 187.56 186.13 184.75 183.44 182.20 181.07 180.01 179.04 178.11 177.24 176.42 175.65 174.95 174.22 173.49 172.81 172.13 171.47 170.74 169.93 169.08 168.23
214.19 214.39 214.53 214.58 214.60 214.62 214.63 214.64 214.62 214.61 214.60 214.64 214.73 214.89 215.12 215.35 215.54 215.65 215.67 215.58 215.39 215.15 214.71 214.17 213.56 212.86 212.06 211.18 210.26 209.26 208.26 207.39 206.73 206.25 205.87 205.51 205.16 204.87 204.66 204.43 204.17 203.85 203.41 202.91 202.28 201.43 200.43 199.20 197.76 196.24 194.66 193.04 191.42 189.79 188.17 186.57 184.96 183.36 181.83 180.41 179.04 177.75 176.56 175.43 174.36 173.36 172.40 171.52 170.70 169.92 169.09 168.28 167.50 166.71 165.90 165.02 164.12 163.21
213.51 213.82 214.01 214.14 214.22 214.26 214.32 214.39 214.42 214.41 214.45 214.50 214.62 214.79 215.02 215.28 215.52 215.66 215.70 215.64 215.50 215.24 214.85 214.34 213.72 213.03 212.23 211.34 210.40 209.43 208.43 207.56 206.91 206.44 206.02 205.63 205.24 204.90 204.62 204.32 204.00 203.57 203.04 202.43 201.63 200.61 199.34 197.88 196.27 194.54 192.77 191.03 189.25 187.45 185.70 183.97 182.15 180.44 178.80 177.27 175.77 174.34 173.01 171.76 170.57 169.48 168.41 167.43 166.50 165.65 164.74 163.79 162.90 162.04 161.13 160.18 159.24 158.28
212.47 212.82 213.10 213.34 213.47 213.58 213.70 213.80 213.89 213.95 213.99 214.07 214.19 214.36 214.60 214.89 215.18 215.36 215.43 215.40 215.29 215.04 214.65 214.16 213.58 212.91 212.11 211.24 210.30 209.30 208.35 207.53 206.91 206.43 205.96 205.53 205.10 204.71 204.37 204.01 203.58 203.05 202.44 201.69 200.74 199.51 198.01 196.35 194.54 192.66 190.76 188.83 186.91 185.00 183.06 181.13 179.27 177.43 175.67 174.02 172.43 170.85 169.41 168.07 166.81 165.63 164.48 163.39 162.39 161.42 160.43 159.39 158.37 157.44 156.47 155.50 154.52 153.53
211.00 211.44 211.83 212.13 212.35 212.57 212.76 212.92 213.06 213.18 213.27 213.38 213.51 213.65 213.90 214.22 214.51 214.74 214.86 214.85 214.74 214.54 214.19 213.70 213.15 212.49 211.71 210.85 209.93 208.95 208.05 207.28 206.72 206.20 205.71 205.23 204.74 204.31 203.91 203.46 202.91 202.30 201.58 200.71 199.58 198.13 196.43 194.59 192.58 190.58 188.56 186.50 184.43 182.39 180.32 178.28 176.28 174.35 172.50 170.73 169.05 167.42 165.85 164.44 163.12 161.91 160.67 159.47 158.39 157.34 156.23 155.11 154.04 153.04 152.01 151.01 150.01 148.99
209.15 209.68 210.13 210.53 210.89 211.19 211.44 211.71 211.94 212.12 212.27 212.43 212.56 212.73 212.95 213.24 213.55 213.80 213.93 213.97 213.92 213.76 213.42 212.97 212.45 211.80 211.06 210.19 209.30 208.42 207.56 206.88 206.33 205.78 205.27 204.72 204.20 203.72 203.25 202.69 202.06 201.30 200.48 199.46 198.16 196.54 194.64 192.59 190.50 188.37 186.21 184.03 181.87 179.65 177.49 175.39 173.27 171.24 169.33 167.44 165.68 164.03 162.42 160.95 159.58 158.25 157.00 155.76 154.54 153.41 152.24 151.05 149.95 148.86 147.81 146.75 145.69 144.73
206.91 207.47 208.03 208.55 209.01 209.44 209.79 210.15 210.47 210.76 210.99 211.18 211.39 211.59 211.77 211.99 212.28 212.54 212.71 212.80 212.79 212.65 212.36 211.96 211.45 210.85 210.13 209.31 208.51 207.70 206.98 206.34 205.75 205.20 204.61 204.02 203.49 202.95 202.36 201.72 200.94 200.12 199.12 197.98 196.52 194.73 192.68 190.53 188.30 186.06 183.76 181.46 179.16 176.90 174.62 172.39 170.26 168.15 166.09 164.22 162.41 160.69 159.06 157.55 156.09 154.79 153.50 152.15 150.87 149.67 148.48 147.24 146.03 144.91 143.81 142.71 141.66 140.62
204.25 204.92 205.57 206.17 206.76 207.32 207.82 208.27 208.71 209.09 209.39 209.66 209.97 210.17 210.34 210.57 210.80 211.02 211.22 211.36 211.36 211.28 211.04 210.65 210.18 209.63 208.96 208.26 207.55 206.88 206.24 205.64 205.01 204.41 203.81 203.19 202.58 201.96 201.30 200.51 199.66 198.68 197.58 196.26 194.68 192.72 190.61 188.33 186.02 183.60 181.23 178.82 176.40 174.03 171.67 169.39 167.21 165.05 162.96 161.06 159.22 157.45 155.80 154.23 152.80 151.46 150.09 148.67 147.37 146.09 144.82 143.58 142.35 141.17 140.00 138.90 137.85 0.00
201.36 202.06 202.77 203.48 204.19 204.88 205.49 206.07 206.60 207.08 207.48 207.85 208.19 208.50 208.73 208.95 209.16 209.38 209.57 209.68 209.74 209.67 209.46 209.11 208.70 208.21 207.63 207.04 206.48 205.90 205.31 204.71 204.10 203.44 202.83 202.16 201.49 200.78 200.00 199.10 198.13 197.03 195.81 194.36 192.63 190.60 188.33 186.03 183.54 181.12 178.61 176.10 173.59 171.13 168.76 166.45 164.13 162.01 159.97 157.94 156.09 154.31 152.64 151.08 149.64 148.20 146.81 145.38 143.95 142.65 141.40 140.09 138.79 137.64 136.48 135.34 134.36 133.40
198.28 198.99 199.73 200.49 201.31 202.10 202.86 203.52 204.13 204.70 205.20 205.68 206.16 206.57 206.90 207.15 207.39 207.61 207.80 207.91 207.93 207.89 207.72 207.44 207.09 206.69 206.24 205.75 205.26 204.75 204.17 203.55 202.94 202.31 201.63 200.94 200.18 199.36 198.44 197.46 196.39 195.16 193.81 192.25 190.40 188.30 185.96 183.49 181.02 178.45 175.90 173.30 170.77 168.27 165.84 163.47 161.15 159.00 156.93 154.93 153.02 151.24 149.57 148.08 146.58 145.14 143.68 142.23 140.77 139.47 138.15 136.80 135.56 134.32 133.27 132.22 131.26 130.33
194.94 195.67 196.45 197.29 198.16 199.04 199.87 200.67 201.39 202.04 202.63 203.22 203.80 204.34 204.77 205.15 205.47 205.72 205.90 206.00 206.07 206.05 205.92 205.71 205.44 205.13 204.77 204.37 203.91 203.39 202.81 202.19 201.56 200.94 200.22 199.44 198.63 197.70 196.71 195.60 194.42 193.10 191.61 189.95 188.04 185.88 183.48 180.96 178.32 175.77 173.15 170.53 167.94 165.42 162.97 160.59 158.33 156.04 153.98 152.02 150.10 148.32 146.70 145.19 143.69 142.23 140.79 139.25 137.83 136.49 135.19 133.87 132.58 131.43 130.39 129.44 128.46 127.55
191.30 192.08 192.95 193.83 194.76 195.71 196.64 197.54 198.36 199.12 199.85 200.53 201.22 201.83 202.36 202.86 203.27 203.60 203.84 204.01 204.10 204.13 204.07 203.94 203.74 203.48 203.16 202.81 202.39 201.84 201.26 200.66 200.01 199.35 198.58 197.73 196.81 195.83 194.75 193.59 192.25 190.85 189.25 187.50 185.55 183.35 180.93 178.31 175.70 173.04 170.39 167.76 165.17 162.65 160.17 157.77 155.47 153.29 151.22 149.22 147.36 145.63 144.02 142.51 140.98 139.48 137.97 136.50 135.11 133.78 132.52 131.26 130.08 128.97 127.92 126.94 126.00 125.12
187.37 188.26 189.21 190.19 191.13 192.13 193.17 194.17 195.10 196.00 196.86 197.65 198.40 199.09 199.71 200.27 200.77 201.21 201.55 201.79 201.96 202.05 202.07 202.00 201.87 201.66 201.39 201.06 200.65 200.13 199.55 198.95 198.29 197.58 196.75 195.82 194.83 193.77 192.63 191.37 189.98 188.41 186.73 184.90 182.91 180.71 178.27 175.69 173.01 170.33 167.69 165.08 162.49 159.96 157.48 155.09 152.79 150.62 148.54 146.60 144.80 143.10 141.53 139.97 138.43 136.86 135.40 133.95 132.56 131.32 130.18 129.04 127.87 126.82 125.78 124.77 123.84 122.96
183.24 184.21 185.23 186.30 187.34 188.36 189.45 190.55 191.61 192.61 193.61 194.53 195.36 196.11 196.82 197.44 198.03 198.55 198.98 199.31 199.56 199.74 199.83 199.84 199.78 199.62 199.39 199.08 198.68 198.21 197.66 197.02 196.35 195.62 194.75 193.77 192.69 191.57 190.34 189.00 187.51 185.86 184.11 182.20 180.16 177.95 175.54 172.97 170.28 167.64 165.04 162.42 159.87 157.36 154.86 152.49 150.22 148.04 145.97 144.08 142.34 140.72 139.16 137.61 135.99 134.46 133.00 131.58 130.26 129.11 128.03 126.96 125.89 124.83 123.83 122.80 121.91 121.04
178.92 179.96 181.06 182.18 183.29 184.42 185.54 186.71 187.86 188.97 190.08 191.13 192.07 192.92 193.70 194.42 195.07 195.67 196.20 196.62 196.94 197.19 197.38 197.47 197.46 197.35 197.15 196.89 196.53 196.07 195.52 194.89 194.24 193.46 192.57 191.54 190.42 189.20 187.92 186.49 184.92 183.20 181.39 179.44 177.34 175.11 172.74 170.19 167.58 164.99 162.38 159.82 157.30 154.77 152.33 149.97 147.72 145.55 143.56 141.72 140.03 138.45 136.91 135.39 133.76 132.22 130.82 129.47 128.22 127.08 126.04 125.01 123.99 122.96 121.94 121.00 120.13 119.29
174.47 175.57 176.74 177.90 179.07 180.26 181.50 182.69 183.91 185.12 186.30 187.44 188.53 189.49 190.37 191.16 191.90 192.61 193.22 193.72 194.14 194.47 194.71 194.86 194.90 194.85 194.69 194.47 194.17 193.72 193.19 192.57 191.90 191.10 190.20 189.14 187.96 186.71 185.34 183.86 182.24 180.50 178.61 176.62 174.49 172.25 169.91 167.39 164.88 162.33 159.78 157.26 154.74 152.28 149.86 147.54 145.35 143.28 141.35 139.57 137.93 136.37 134.84 133.30 131.74 130.26 128.89 127.61 126.38 125.26 124.24 123.21 122.20 121.20 120.25 119.36 118.49 117.67
169.90 171.08 172.30 173.55 174.76 176.00 177.28 178.57 179.81 181.09 182.33 183.54 184.70 185.83 186.81 187.69 188.51 189.32 190.02 190.61 191.12 191.53 191.82 192.01 192.11 192.09 192.02 191.86 191.55 191.16 190.65 190.04 189.35 188.54 187.61 186.53 185.34 184.05 182.66 181.14 179.48 177.71 175.82 173.79 171.65 169.43 167.09 164.68 162.16 159.68 157.22 154.74 152.28 149.89 147.52 145.26 143.18 141.20 139.35 137.65 136.01 134.45 132.92 131.36 129.92 128.51 127.19 125.93 124.74 123.58 122.55 121.56 120.56 119.62 118.71 117.89 117.03 116.25
165.18 166.48 167.82 169.12 170.42 171.69 173.00 174.35 175.65 176.92 178.22 179.46 180.69 181.91 183.01 183.97 184.88 185.75 186.56 187.23 187.80 188.31 188.67 188.94 189.08 189.13 189.11 188.98 188.73 188.36 187.87 187.25 186.59 185.79 184.82 183.74 182.57 181.30 179.87 178.33 176.69 174.88 172.99 170.98 168.88 166.66 164.39 162.03 159.53 157.08 154.70 152.33 149.94 147.61 145.33 143.17 141.12 139.26 137.50 135.85 134.23 132.65 131.12 129.69 128.26 126.93 125.64 124.42 123.23 122.07 121.03 120.04 119.10 118.19 117.34 116.53 115.78 115.03
160.46 161.90 163.33 164.70 166.00 167.35 168.70 170.08 171.43 172.76 174.02 175.31 176.58 177.87 179.02 180.08 181.05 181.96 182.83 183.59 184.28 184.81 185.29 185.63 185.86 186.02 186.01 185.92 185.72 185.35 184.90 184.31 183.70 182.90 181.94 180.88 179.75 178.47 177.04 175.50 173.84 172.11 170.21 168.22 166.14 164.02 161.79 159.43 157.03 154.68 152.30 150.01 147.76 145.50 143.27 141.14 139.21 137.40 135.70 134.10 132.54 130.97 129.49 128.12 126.77 125.44 124.22 122.98 121.81 120.72 119.68 118.72 117.78 116.92 116.11 115.38 114.68 113.97
155.92 157.41 158.87 160.30 161.65 163.03 164.44 165.82 167.24 168.60 169.89 171.14 172.49 173.77 175.00 176.09 177.11 178.11 178.99 179.82 180.52 181.21 181.76 182.20 182.50 182.67 182.78 182.73 182.55 182.23 181.82 181.31 180.70 179.93 179.06 178.03 176.87 175.63 174.27 172.69 171.08 169.35 167.53 165.55 163.50 161.44 159.29 156.97 154.66 152.34 150.12 147.87 145.68 143.47 141.30 139.27 137.37 135.61 134.01 132.46 130.93 129.46 128.05 126.73 125.39 124.13 122.84 121.66 120.53 119.49 118.50 117.56 116.66 115.80 115.07 114.36 113.71 113.11
151.61 153.08 154.57 156.00 157.40 158.81 160.24 161.68 163.08 164.46 165.79 167.10 168.39 169.71 170.98 172.13 173.20 174.21 175.15 175.99 176.84 177.53 178.16 178.65 179.02 179.27 179.42 179.42 179.27 179.07 178.69 178.27 177.69 176.97 176.14 175.16 174.03 172.82 171.43 169.96 168.37 166.69 164.89 162.96 160.97 158.93 156.81 154.66 152.38 150.17 148.00 145.86 143.70 141.58 139.47 137.51 135.70 134.02 132.43 130.95 129.49 128.07 126.73 125.41 124.18 122.85 121.63 120.45 119.38 118.38 117.44 116.54 115.72 114.91 114.15 113.45 112.85 112.33
147.49 148.97 150.45 151.90 153.30 154.72 156.17 157.63 159.02 160.39 161.75 163.09 164.37 165.70 166.97 168.18 169.29 170.35 171.33 172.26 173.11 173.90 174.57 175.13 175.55 175.84 176.03 176.10 176.05 175.88 175.57 175.20 174.68 174.03 173.23 172.27 171.21 170.00 168.67 167.22 165.73 164.07 162.32 160.46 158.52 156.54 154.49 152.39 150.26 148.13 146.00 143.92 141.86 139.81 137.80 135.92 134.21 132.62 131.06 129.60 128.18 126.82 125.52 124.26 123.00 121.75 120.51 119.37 118.35 117.40 116.51 115.67 114.85 114.05 113.30 112.67 112.10 111.60
143.54 145.06 146.54 147.99 149.42 150.86 152.28 153.69 155.11 156.47 157.80 159.14 160.48 161.77 163.00 164.21 165.38 166.49 167.54 168.53 169.43 170.25 171.01 171.60 172.08 172.44 172.68 172.83 172.85 172.73 172.50 172.17 171.69 171.09 170.33 169.44 168.39 167.26 165.98 164.60 163.11 161.54 159.84 158.07 156.18 154.27 152.33 150.28 148.22 146.20 144.14 142.12 140.10 138.13 136.25 134.48 132.85 131.28 129.79 128.36 126.99 125.67 124.43 123.21 121.96 120.73 119.54 118.43 117.44 116.49 115.68 114.88 114.03 113.28 112.58 111.97 111.44 111.00
139.80 141.32 142.82 144.28 145.70 147.10 148.54 149.97 151.35 152.69 154.02 155.34 156.63 157.89 159.13 160.34 161.52 162.67 163.74 164.80 165.77 166.63 167.39 168.06 168.61 169.05 169.37 169.57 169.67 169.63 169.47 169.17 168.73 168.14 167.45 166.61 165.65 164.58 163.40 162.07 160.64 159.11 157.51 155.79 154.00 152.15 150.26 148.33 146.36 144.38 142.39 140.42 138.49 136.62 134.79 133.12 131.57 130.06 128.59 127.20 125.91 124.67 123.45 122.24 121.00 119.81 118.69 117.60 116.59 115.71 114.93 114.14 113.37 112.59 111.93 111.42 110.95 110.50
136.31 137.80 139.29 140.75 142.16 143.55 144.95 146.36 147.75 149.08 150.38 151.68 152.99 154.19 155.39 156.59 157.76 158.91 160.05 161.10 162.11 163.01 163.79 164.54 165.15 165.64 166.04 166.34 166.51 166.53 166.43 166.19 165.78 165.24 164.60 163.82 162.97 162.00 160.88 159.65 158.26 156.80 155.30 153.66 151.93 150.15 148.32 146.50 144.58 142.66 140.75 138.86 137.00 135.21 133.50 131.89 130.39 128.93 127.51 126.17 124.92 123.75 122.58 121.36 120.14 118.95 117.90 116.85 115.89 115.03 114.23 113.50 112.76 112.03 111.43 110.97 110.53 110.05
133.14 134.59 136.04 137.50 138.90 140.26 141.62 142.98 144.34 145.63 146.89 148.19 149.44 150.65 151.83 152.99 154.15 155.29 156.41 157.51 158.54 159.45 160.29 161.06 161.73 162.30 162.78 163.14 163.37 163.47 163.41 163.23 162.89 162.43 161.84 161.14 160.37 159.50 158.48 157.28 156.00 154.64 153.18 151.62 149.98 148.28 146.49 144.72 142.89 141.05 139.21 137.39 135.63 133.95 132.32 130.78 129.32 127.90 126.53 125.29 124.09 122.91 121.78 120.58 119.37 118.26 117.19 116.22 115.28 114.42 113.64 112.93 112.20 111.54 111.01 110.54 110.10 109.64
130.29 131.74 133.19 134.58 135.95 137.27 138.58 139.89 141.17 142.40 143.64 144.88 146.06 147.25 148.39 149.52 150.67 151.80 152.89 153.99 155.07 156.02 156.91 157.67 158.39 159.04 159.58 159.99 160.27 160.41 160.41 160.32 160.09 159.71 159.19 158.58 157.90 157.11 156.14 155.03 153.83 152.55 151.17 149.70 148.11 146.47 144.79 143.05 141.29 139.53 137.77 136.06 134.41 132.80 131.25 129.75 128.35 126.99 125.69 124.44 123.29 122.17 121.04 119.88 118.72 117.64 116.62 115.68 114.76 113.90 113.13 112.39 111.69 111.07 110.56 110.15 109.70 109.22
127.84 129.26 130.65 132.00 133.30 134.58 135.82 137.04 138.28 139.49 140.62 141.74 142.90 144.04 145.15 146.24 147.34 148.45 149.56 150.69 151.75 152.74 153.65 154.46 155.21 155.89 156.49 156.97 157.26 157.43 157.54 157.54 157.39 157.10 156.69 156.17 155.53 154.79 153.91 152.89 151.76 150.53 149.26 147.86 146.36 144.79 143.18 141.50 139.80 138.14 136.48 134.87 133.28 131.74 130.27 128.81 127.44 126.14 124.87 123.68 122.51 121.43 120.34 119.25 118.14 117.09 116.11 115.18 114.32 113.47 112.66 111.93 111.26 110.65 110.16 109.76 109.34 108.89
0.00 127.08 128.41 129.70 130.91 132.10 133.29 134.46 135.64 136.77 137.83 138.87 139.98 141.01 142.06 143.12 144.19 145.29 146.40 147.52 148.65 149.67 150.56 151.44 152.22 152.91 153.54 154.03 154.38 154.59 154.81 154.88 154.81 154.61 154.29 153.84 153.28 152.61 151.78 150.82 149.79 148.68 147.44 146.12 144.74 143.27 141.68 140.06 138.49 136.91 135.33 133.76 132.24 130.78 129.33 127.94 126.63 125.35 124.13 122.97 121.84 120.76 119.71 118.64 117.60 116.55 115.64 114.70 113.89 113.08 112.29 111.57 110.89 110.30 109.81 109.43 109.04 108.64
