ASPA-UH-SWB2_REPO/output/post_prcessed_with_MFR/rainfall_annual.asc
NCOLS 350
NROWS 200
XLLCENTER 515000.000000
YLLCENTER 8409000.000000
CELLSIZE 100.000000
NODATA_value -999.000000
[rows 105 to 139 of 200, columns 78 to 155 of 350]
208.15 208.16 208.16 208.14 208.02 207.90 207.83 207.73 207.59 207.45 207.32 207.16 207.06 206.99 206.91 206.90 206.89 206.82 206.69 206.54 206.33 206.00 205.55 205.05 204.53 203.94 203.27 202.57 201.91 201.30 200.77 200.33 200.06 199.87 199.69 199.50 199.37 199.34 199.37 199.42 199.60 199.74 199.86 199.97 200.05 200.13 200.21 200.26 200.20 200.07 199.93 199.74 199.50 199.21 198.94 198.68 198.41 198.19 197.95 197.80 197.71 197.68 197.72 197.82 197.93 198.06 198.29 198.46 198.65 198.83 198.99 199.06 199.14 199.15 199.11 198.99 198.75 198.36
210.11 210.12 210.07 210.01 209.95 209.83 209.73 209.62 209.49 209.36 209.18 209.08 208.99 208.92 208.91 208.93 208.96 208.94 208.83 208.67 208.45 208.12 207.66 207.16 206.63 206.00 205.29 204.55 203.80 203.08 202.43 201.92 201.58 201.35 201.13 200.93 200.80 200.74 200.69 200.78 200.86 200.94 201.02 201.04 201.00 200.98 200.98 200.85 200.67 200.43 200.10 199.67 199.23 198.71 198.23 197.75 197.27 196.83 196.40 195.99 195.71 195.45 195.28 195.22 195.16 195.09 195.08 195.14 195.15 195.16 195.19 195.17 195.07 194.95 194.76 194.52 194.13 193.71
211.70 211.73 211.68 211.62 211.52 211.43 211.34 211.24 211.11 210.93 210.79 210.71 210.66 210.61 210.65 210.73 210.79 210.79 210.69 210.53 210.32 209.98 209.52 209.00 208.44 207.80 207.09 206.31 205.48 204.69 203.93 203.34 202.93 202.62 202.38 202.17 202.04 201.94 201.91 201.91 201.94 201.96 201.94 201.89 201.80 201.65 201.45 201.27 200.93 200.54 199.98 199.37 198.69 197.97 197.27 196.58 195.86 195.21 194.55 193.96 193.41 192.99 192.65 192.39 192.13 191.92 191.75 191.56 191.43 191.27 191.16 191.03 190.79 190.50 190.19 189.75 189.28 188.77
212.98 212.98 212.98 212.91 212.82 212.75 212.66 212.54 212.39 212.25 212.14 212.07 212.00 212.05 212.15 212.25 212.36 212.37 212.29 212.13 211.91 211.59 211.10 210.57 209.98 209.33 208.61 207.81 206.97 206.10 205.25 204.55 204.05 203.72 203.46 203.25 203.05 202.93 202.90 202.86 202.81 202.77 202.66 202.51 202.32 202.06 201.76 201.40 200.94 200.28 199.53 198.73 197.85 196.92 195.99 195.07 194.22 193.30 192.47 191.67 190.93 190.26 189.76 189.32 188.90 188.51 188.12 187.81 187.49 187.21 186.90 186.60 186.27 185.91 185.44 184.85 184.30 183.65
213.86 213.92 213.90 213.85 213.79 213.73 213.65 213.50 213.38 213.27 213.19 213.11 213.12 213.21 213.34 213.49 213.64 213.67 213.60 213.45 213.23 212.89 212.43 211.87 211.25 210.61 209.86 209.06 208.21 207.26 206.35 205.58 205.01 204.65 204.36 204.10 203.89 203.72 203.63 203.55 203.50 203.35 203.16 202.92 202.63 202.29 201.85 201.32 200.63 199.77 198.80 197.76 196.66 195.54 194.40 193.32 192.20 191.17 190.11 189.15 188.20 187.35 186.65 186.03 185.43 184.88 184.33 183.88 183.39 182.93 182.49 182.03 181.61 181.14 180.51 179.89 179.22 178.50
214.37 214.44 214.46 214.47 214.42 214.35 214.28 214.20 214.11 214.03 213.97 213.95 213.98 214.09 214.27 214.46 214.61 214.66 214.60 214.49 214.27 213.93 213.48 212.93 212.30 211.62 210.88 210.05 209.15 208.21 207.23 206.38 205.77 205.37 205.06 204.76 204.50 204.29 204.14 204.04 203.94 203.72 203.45 203.14 202.76 202.28 201.67 200.92 200.03 198.92 197.73 196.46 195.17 193.83 192.53 191.26 190.00 188.73 187.54 186.35 185.27 184.29 183.40 182.59 181.81 181.07 180.44 179.80 179.18 178.58 177.99 177.40 176.85 176.27 175.61 174.91 174.11 173.33
214.49 214.61 214.69 214.72 214.69 214.67 214.63 214.59 214.53 214.49 214.47 214.48 214.53 214.67 214.88 215.10 215.25 215.34 215.32 215.19 215.01 214.71 214.25 213.71 213.10 212.39 211.62 210.78 209.85 208.87 207.87 207.00 206.36 205.90 205.56 205.24 204.92 204.65 204.47 204.34 204.14 203.89 203.56 203.13 202.62 201.99 201.20 200.24 199.03 197.72 196.31 194.86 193.41 191.92 190.44 189.00 187.55 186.13 184.75 183.44 182.19 181.07 180.01 179.04 178.11 177.24 176.42 175.65 174.95 174.22 173.49 172.81 172.13 171.46 170.73 169.93 169.08 168.23
214.22 214.42 214.56 214.61 214.63 214.65 214.66 214.67 214.65 214.64 214.63 214.67 214.76 214.92 215.15 215.38 215.57 215.67 215.68 215.60 215.41 215.16 214.73 214.18 213.58 212.88 212.07 211.20 210.27 209.28 208.27 207.41 206.75 206.26 205.88 205.52 205.15 204.86 204.65 204.42 204.16 203.83 203.40 202.90 202.27 201.42 200.42 199.19 197.75 196.22 194.65 193.03 191.42 189.79 188.17 186.56 184.96 183.36 181.82 180.40 179.04 177.74 176.55 175.42 174.36 173.36 172.40 171.51 170.69 169.91 169.09 168.28 167.50 166.71 165.90 165.02 164.12 163.21
213.55 213.85 214.04 214.17 214.25 214.29 214.35 214.42 214.45 214.44 214.48 214.53 214.65 214.82 215.05 215.31 215.55 215.69 215.73 215.67 215.53 215.26 214.86 214.35 213.73 213.05 212.24 211.36 210.42 209.44 208.44 207.58 206.93 206.46 206.03 205.62 205.23 204.89 204.61 204.31 203.99 203.56 203.03 202.41 201.62 200.60 199.33 197.87 196.26 194.53 192.76 191.02 189.25 187.44 185.70 183.96 182.15 180.44 178.80 177.27 175.77 174.33 173.01 171.75 170.57 169.47 168.41 167.42 166.50 165.64 164.73 163.79 162.89 162.03 161.13 160.18 159.23 158.28
212.50 212.85 213.13 213.37 213.50 213.61 213.73 213.83 213.92 213.98 214.02 214.10 214.22 214.39 214.62 214.92 215.21 215.39 215.46 215.43 215.32 215.07 214.68 214.19 213.60 212.92 212.12 211.26 210.32 209.31 208.37 207.55 206.92 206.44 205.98 205.52 205.09 204.70 204.36 204.00 203.57 203.04 202.43 201.68 200.73 199.50 198.00 196.34 194.53 192.65 190.75 188.82 186.90 184.99 183.06 181.12 179.26 177.42 175.66 174.02 172.42 170.84 169.40 168.07 166.80 165.63 164.48 163.39 162.38 161.42 160.43 159.38 158.37 157.44 156.47 155.49 154.51 153.52
211.03 211.47 211.86 212.16 212.38 212.60 212.79 212.95 213.09 213.21 213.30 213.41 213.54 213.68 213.93 214.25 214.54 214.77 214.89 214.88 214.77 214.57 214.22 213.73 213.18 212.52 211.74 210.88 209.94 208.97 208.06 207.30 206.73 206.21 205.73 205.22 204.73 204.30 203.90 203.45 202.90 202.29 201.57 200.70 199.56 198.12 196.42 194.58 192.57 190.56 188.55 186.49 184.42 182.38 180.31 178.28 176.27 174.35 172.50 170.73 169.05 167.41 165.85 164.44 163.12 161.91 160.67 159.47 158.38 157.33 156.23 155.11 154.04 153.04 152.01 151.01 150.01 148.99
209.18 209.71 210.16 210.56 210.92 211.22 211.47 211.74 211.97 212.15 212.30 212.46 212.59 212.76 212.98 213.27 213.58 213.83 213.96 214.00 213.95 213.79 213.45 213.00 212.48 211.83 211.09 210.22 209.33 208.45 207.59 206.90 206.35 205.80 205.26 204.72 204.19 203.71 203.24 202.67 202.05 201.29 200.47 199.45 198.15 196.53 194.63 192.58 190.49 188.36 186.20 184.02 181.86 179.64 177.49 175.39 173.26 171.24 169.32 167.44 165.68 164.03 162.42 160.95 159.58 158.25 157.00 155.76 154.54 153.41 152.24 151.05 149.95 148.85 147.81 146.74 145.69 144.73
206.94 207.49 208.06 208.58 209.04 209.47 209.82 210.17 210.50 210.79 211.02 211.21 211.42 211.62 211.80 212.02 212.31 212.57 212.74 212.83 212.81 212.67 212.39 211.99 211.48 210.88 210.16 209.34 208.54 207.73 207.01 206.37 205.78 205.22 204.60 204.01 203.48 202.94 202.35 201.71 200.93 200.11 199.11 197.97 196.51 194.71 192.67 190.52 188.29 186.05 183.75 181.45 179.15 176.89 174.62 172.38 170.26 168.15 166.09 164.21 162.41 160.69 159.06 157.55 156.09 154.79 153.50 152.15 150.87 149.67 148.48 147.24 146.03 144.90 143.81 142.71 141.65 140.61
204.28 204.95 205.60 206.20 206.79 207.35 207.85 208.30 208.74 209.12 209.42 209.69 210.00 210.20 210.37 210.60 210.83 211.05 211.25 211.39 211.39 211.31 211.07 210.68 210.21 209.66 208.99 208.29 207.57 206.91 206.27 205.67 205.04 204.44 203.80 203.18 202.57 201.95 201.29 200.50 199.65 198.67 197.57 196.25 194.67 192.71 190.60 188.32 186.01 183.59 181.22 178.81 176.39 174.02 171.66 169.39 167.21 165.05 162.96 161.05 159.22 157.44 155.80 154.23 152.79 151.46 150.09 148.67 147.37 146.09 144.82 143.58 142.35 141.17 140.00 138.90 137.84 0.00
201.39 202.09 202.80 203.51 204.22 204.91 205.52 206.10 206.63 207.11 207.50 207.88 208.22 208.53 208.76 208.98 209.19 209.41 209.60 209.71 209.77 209.70 209.49 209.14 208.73 208.24 207.66 207.07 206.51 205.93 205.34 204.73 204.13 203.47 202.82 202.15 201.48 200.77 199.99 199.09 198.12 197.02 195.79 194.35 192.62 190.59 188.31 186.02 183.53 181.11 178.60 176.09 173.58 171.12 168.75 166.44 164.13 162.01 159.96 157.94 156.09 154.31 152.64 151.08 149.64 148.20 146.80 145.38 143.95 142.65 141.39 140.08 138.79 137.64 136.48 135.34 134.35 133.39
198.31 199.02 199.76 200.52 201.34 202.13 202.89 203.55 204.16 204.73 205.23 205.71 206.18 206.60 206.93 207.18 207.42 207.64 207.83 207.93 207.95 207.92 207.75 207.47 207.12 206.72 206.26 205.78 205.29 204.77 204.19 203.58 202.97 202.30 201.62 200.93 200.17 199.35 198.43 197.45 196.38 195.15 193.80 192.24 190.39 188.29 185.95 183.48 181.01 178.44 175.89 173.29 170.76 168.26 165.83 163.47 161.15 159.00 156.92 154.92 153.02 151.23 149.57 148.08 146.58 145.14 143.68 142.23 140.77 139.47 138.15 136.80 135.56 134.32 133.27 132.22 131.25 130.32
194.96 195.70 196.47 197.32 198.19 199.07 199.90 200.69 201.41 202.06 202.66 203.25 203.83 204.37 204.80 205.17 205.50 205.75 205.93 206.03 206.10 206.08 205.95 205.74 205.47 205.16 204.80 204.39 203.94 203.42 202.84 202.21 201.59 200.93 200.21 199.44 198.62 197.69 196.70 195.59 194.41 193.09 191.60 189.94 188.03 185.86 183.47 180.95 178.31 175.76 173.14 170.52 167.93 165.41 162.96 160.58 158.32 156.04 153.98 152.02 150.10 148.32 146.69 145.19 143.69 142.23 140.78 139.25 137.83 136.49 135.18 133.87 132.58 131.43 130.38 129.44 128.45 127.54
191.32 192.11 192.98 193.86 194.79 195.73 196.67 197.57 198.39 199.15 199.88 200.56 201.25 201.86 202.39 202.89 203.29 203.63 203.87 204.04 204.13 204.16 204.10 203.97 203.76 203.51 203.19 202.84 202.42 201.87 201.29 200.69 200.04 199.34 198.57 197.72 196.80 195.82 194.74 193.58 192.24 190.84 189.24 187.49 185.54 183.34 180.92 178.30 175.69 173.03 170.38 167.75 165.16 162.64 160.16 157.76 155.47 153.29 151.21 149.22 147.36 145.63 144.02 142.51 140.98 139.48 137.97 136.50 135.11 133.77 132.52 131.26 130.08 128.96 127.91 126.93 125.99 125.12
187.40 188.28 189.24 190.21 191.16 192.16 193.20 194.19 195.12 196.02 196.88 197.68 198.43 199.12 199.73 200.30 200.80 201.23 201.58 201.81 201.98 202.08 202.10 202.03 201.89 201.68 201.42 201.08 200.68 200.16 199.58 198.98 198.32 197.57 196.74 195.81 194.82 193.76 192.62 191.36 189.97 188.40 186.72 184.89 182.90 180.70 178.26 175.68 173.00 170.32 167.68 165.07 162.48 159.95 157.47 155.08 152.79 150.62 148.54 146.60 144.80 143.10 141.53 139.97 138.43 136.86 135.39 133.95 132.56 131.32 130.18 129.04 127.87 126.81 125.77 124.77 123.83 122.95
183.27 184.23 185.25 186.32 187.37 188.39 189.47 190.58 191.64 192.64 193.63 194.56 195.39 196.14 196.84 197.47 198.06 198.58 199.01 199.33 199.59 199.77 199.86 199.87 199.81 199.65 199.42 199.11 198.71 198.24 197.68 197.05 196.38 195.61 194.74 193.76 192.68 191.56 190.33 188.99 187.50 185.85 184.10 182.19 180.15 177.94 175.53 172.96 170.27 167.63 165.03 162.41 159.86 157.35 154.85 152.48 150.21 148.04 145.97 144.08 142.33 140.71 139.16 137.60 135.99 134.46 133.00 131.58 130.25 129.11 128.03 126.95 125.89 124.82 123.82 122.80 121.90 121.03
178.95 179.99 181.09 182.21 183.32 184.45 185.57 186.74 187.89 189.00 190.10 191.16 192.09 192.94 193.72 194.44 195.10 195.70 196.23 196.64 196.97 197.21 197.41 197.50 197.49 197.38 197.18 196.92 196.56 196.09 195.54 194.92 194.23 193.45 192.56 191.53 190.41 189.19 187.91 186.48 184.91 183.19 181.38 179.43 177.33 175.10 172.73 170.18 167.57 164.98 162.37 159.81 157.29 154.76 152.32 149.96 147.71 145.55 143.56 141.72 140.03 138.45 136.91 135.38 133.76 132.22 130.82 129.47 128.22 127.08 126.03 125.00 123.98 122.95 121.94 120.99 120.13 119.28
174.50 175.60 176.77 177.93 179.10 180.29 181.52 182.72 183.93 185.14 186.32 187.46 188.55 189.52 190.40 191.19 191.93 192.64 193.25 193.75 194.17 194.49 194.74 194.89 194.93 194.88 194.72 194.50 194.20 193.75 193.22 192.60 191.89 191.09 190.19 189.13 187.95 186.70 185.34 183.85 182.23 180.49 178.60 176.61 174.48 172.24 169.90 167.38 164.87 162.32 159.77 157.25 154.73 152.27 149.85 147.53 145.35 143.27 141.35 139.57 137.93 136.36 134.83 133.29 131.74 130.25 128.89 127.61 126.37 125.25 124.23 123.20 122.20 121.19 120.24 119.36 118.48 117.66
169.92 171.10 172.33 173.57 174.79 176.03 177.31 178.60 179.84 181.11 182.35 183.56 184.73 185.86 186.83 187.71 188.54 189.35 190.05 190.63 191.15 191.56 191.85 192.04 192.14 192.12 192.05 191.88 191.58 191.19 190.68 190.07 189.34 188.53 187.60 186.52 185.33 184.04 182.65 181.13 179.47 177.70 175.81 173.78 171.64 169.42 167.08 164.67 162.15 159.67 157.21 154.73 152.27 149.88 147.51 145.25 143.17 141.19 139.35 137.65 136.01 134.45 132.91 131.36 129.92 128.51 127.19 125.92 124.73 123.58 122.54 121.55 120.56 119.62 118.70 117.88 117.03 116.24
165.20 166.51 167.84 169.14 170.44 171.71 173.02 174.38 175.67 176.94 178.25 179.48 180.72 181.94 183.04 183.99 184.90 185.78 186.59 187.26 187.82 188.34 188.69 188.97 189.10 189.16 189.14 189.01 188.76 188.38 187.89 187.28 186.58 185.78 184.81 183.73 182.56 181.29 179.86 178.32 176.68 174.87 172.98 170.97 168.87 166.66 164.38 162.02 159.52 157.07 154.69 152.32 149.93 147.60 145.33 143.16 141.12 139.25 137.50 135.85 134.23 132.64 131.12 129.69 128.26 126.93 125.63 124.42 123.22 122.07 121.02 120.03 119.09 118.18 117.33 116.53 115.78 115.02
160.48 161.92 163.36 164.72 166.03 167.38 168.73 170.10 171.46 172.78 174.04 175.33 176.60 177.89 179.05 180.10 181.08 181.99 182.86 183.61 184.31 184.84 185.32 185.66 185.89 186.04 186.04 185.95 185.75 185.38 184.93 184.34 183.69 182.89 181.93 180.87 179.74 178.46 177.03 175.49 173.83 172.10 170.20 168.21 166.13 164.01 161.78 159.42 157.02 154.67 152.29 150.00 147.75 145.49 143.26 141.13 139.20 137.39 135.69 134.10 132.54 130.97 129.49 128.11 126.77 125.44 124.21 122.98 121.81 120.71 119.67 118.71 117.77 116.92 116.10 115.38 114.68 113.97
155.94 157.43 158.90 160.32 161.67 163.06 164.47 165.85 167.26 168.62 169.92 171.16 172.51 173.79 175.03 176.12 177.14 178.14 179.02 179.84 180.55 181.24 181.79 182.22 182.52 182.70 182.80 182.76 182.57 182.25 181.85 181.34 180.69 179.92 179.05 178.02 176.86 175.62 174.26 172.68 171.07 169.34 167.52 165.54 163.49 161.43 159.28 156.96 154.65 152.33 150.11 147.87 145.67 143.46 141.30 139.26 137.36 135.61 134.00 132.46 130.93 129.46 128.05 126.73 125.39 124.13 122.83 121.66 120.53 119.48 118.50 117.55 116.65 115.79 115.06 114.35 113.70 113.10
151.64 153.10 154.59 156.02 157.42 158.83 160.26 161.70 163.10 164.48 165.81 167.12 168.41 169.74 171.00 172.16 173.23 174.23 175.18 176.02 176.86 177.55 178.19 178.68 179.04 179.30 179.44 179.44 179.29 179.10 178.72 178.26 177.68 176.96 176.14 175.15 174.02 172.81 171.42 169.95 168.36 166.68 164.88 162.95 160.96 158.92 156.80 154.65 152.38 150.16 147.99 145.85 143.69 141.57 139.46 137.50 135.70 134.02 132.42 130.94 129.49 128.07 126.73 125.41 124.17 122.85 121.62 120.44 119.37 118.38 117.43 116.54 115.71 114.90 114.14 113.44 112.85 112.33
147.48 148.96 150.44 151.89 153.33 154.74 156.19 157.66 159.05 160.41 161.78 163.11 164.40 165.73 167.00 168.20 169.32 170.37 171.35 172.28 173.13 173.93 174.59 175.15 175.58 175.87 176.05 176.13 176.07 175.91 175.60 175.19 174.67 174.02 173.22 172.27 171.20 169.99 168.66 167.21 165.72 164.06 162.31 160.45 158.51 156.54 154.48 152.38 150.25 148.13 145.99 143.91 141.85 139.80 137.79 135.92 134.20 132.61 131.05 129.59 128.17 126.82 125.51 124.26 122.99 121.75 120.50 119.36 118.34 117.39 116.50 115.66 114.84 114.04 113.29 112.66 112.09 111.60
143.53 145.05 146.54 147.98 149.42 150.85 152.27 153.72 155.13 156.49 157.82 159.16 160.50 161.79 163.02 164.24 165.41 166.51 167.56 168.55 169.45 170.27 171.03 171.62 172.11 172.47 172.71 172.86 172.88 172.75 172.53 172.17 171.68 171.08 170.32 169.43 168.38 167.25 165.97 164.60 163.10 161.54 159.83 158.06 156.17 154.26 152.32 150.27 148.21 146.19 144.14 142.11 140.09 138.12 136.24 134.47 132.84 131.27 129.78 128.35 126.99 125.67 124.43 123.20 121.95 120.72 119.53 118.42 117.43 116.48 115.68 114.87 114.02 113.27 112.57 111.96 111.43 111.00
139.79 141.31 142.81 144.27 145.69 147.09 148.53 149.96 151.34 152.68 154.05 155.36 156.66 157.91 159.15 160.36 161.54 162.69 163.77 164.82 165.79 166.66 167.42 168.09 168.63 169.08 169.39 169.60 169.70 169.65 169.49 169.16 168.72 168.13 167.44 166.60 165.64 164.57 163.39 162.06 160.63 159.10 157.50 155.79 153.99 152.14 150.25 148.32 146.35 144.38 142.38 140.41 138.49 136.61 134.78 133.11 131.56 130.05 128.58 127.19 125.90 124.66 123.44 122.23 120.99 119.80 118.69 117.60 116.59 115.71 114.92 114.13 113.36 112.58 111.92 111.41 110.95 110.49
136.30 137.79 139.28 140.74 142.15 143.54 144.94 146.36 147.74 149.07 150.37 151.67 152.98 154.21 155.42 156.61 157.78 158.94 160.07 161.13 162.14 163.03 163.81 164.56 165.17 165.66 166.07 166.36 166.54 166.56 166.45 166.18 165.78 165.23 164.59 163.81 162.96 161.99 160.87 159.64 158.25 156.79 155.29 153.65 151.92 150.14 148.31 146.49 144.58 142.65 140.74 138.85 136.99 135.20 133.49 131.89 130.38 128.92 127.50 126.16 124.92 123.74 122.57 121.35 120.13 118.95 117.89 116.84 115.88 115.02 114.22 113.49 112.76 112.02 111.42 110.97 110.52 110.04
133.13 134.58 136.04 137.49 138.89 140.26 141.61 142.98 144.34 145.63 146.88 148.18 149.44 150.64 151.82 152.99 154.15 155.28 156.41 157.50 158.53 159.44 160.28 161.06 161.73 162.29 162.77 163.14 163.37 163.47 163.40 163.22 162.88 162.42 161.83 161.13 160.36 159.49 158.47 157.27 155.99 154.63 153.17 151.62 149.97 148.27 146.49 144.71 142.88 141.05 139.21 137.38 135.62 133.94 132.32 130.78 129.31 127.89 126.52 125.28 124.08 122.91 121.77 120.57 119.37 118.25 117.18 116.21 115.28 114.42 113.64 112.92 112.20 111.54 111.00 110.53 110.09 109.64
130.28 131.74 133.18 134.57 135.95 137.27 138.57 139.88 141.16 142.40 143.63 144.87 146.05 147.24 148.38 149.52 150.66 151.79 152.88 153.98 155.07 156.02 156.90 157.66 158.39 159.04 159.58 159.99 160.27 160.41 160.40 160.31 160.08 159.71 159.18 158.57 157.89 157.10 156.13 155.02 153.82 152.54 151.17 149.69 148.10 146.46 144.78 143.04 141.28 139.53 137.77 136.05 134.40 132.80 131.24 129.75 128.34 126.98 125.68 124.43 123.28 122.16 121.04 119.88 118.71 117.64 116.61 115.67 114.75 113.90 113.13 112.39 111.69 111.06 110.55 110.15 109.69 109.22
127.83 129.25 130.65 132.00 133.29 134.57 135.81 137.03 138.27 139.48 140.62 141.73 142.89 144.03 145.14 146.23 147.33 148.44 149.55 150.69 151.75 152.73 153.64 154.45 155.20 155.89 156.48 156.97 157.25 157.42 157.53 157.53 157.38 157.09 156.68 156.16 155.53 154.79 153.90 152.88 151.75 150.52 149.25 147.85 146.35 144.78 143.17 141.49 139.79 138.13 136.48 134.86 133.27 131.74 130.26 128.80 127.43 126.13 124.86 123.67 122.51 121.42 120.33 119.24 118.14 117.09 116.10 115.17 114.31 113.46 112.66 111.93 111.26 110.65 110.15 109.75 109.34 108.89
0.00 127.07 128.40 129.69 130.91 132.09 133.28 134.45 135.63 136.76 137.82 138.87 139.97 141.00 142.05 143.12 144.19 145.28 146.39 147.52 148.64 149.66 150.55 151.43 152.21 152.91 153.53 154.03 154.37 154.59 154.80 154.87 154.80 154.61 154.29 153.83 153.28 152.60 151.77 150.82 149.78 148.67 147.43 146.11 144.73 143.26 141.67 140.05 138.48 136.90 135.32 133.75 132.23 130.77 129.32 127.93 126.63 125.34 124.12 122.96 121.83 120.75 119.70 118.64 117.60 116.55 115.63 114.70 113.89 113.07 112.28 111.57 110.88 110.29 109.81 109.42 109.04 108.63
