ASPA-UH-SWB2_REPO/output/post_prcessed_with_MFR/rainfall_annual.asc
NCOLS 350
NROWS 200
XLLCENTER 515000.000000
YLLCENTER 8409000.000000
CELLSIZE 100.000000
NODATA_value -999.000000
[rows 70 to 104 of 200, columns 156 to 233 of 350]
165.90 168.09 170.35 172.66 175.02 177.36 179.69 181.82 183.82 185.75 187.55 189.28 190.94 192.49 193.93 195.38 196.61 197.62 198.38 198.72 198.53 0.00 0.00 0.00 0.00 0.00 0.00 0.00 0.00 0.00 0.00 0.00 0.00 0.00 0.00 0.00 0.00 0.00 0.00 0.00 0.00 0.00 0.00 0.00 0.00 0.00 0.00 0.00 0.00 0.00 0.00 0.00 0.00 0.00 0.00 0.00 167.49 168.51 169.51 170.46 171.40 172.29 173.14 173.92 174.61 175.24 175.86 176.42 176.85 177.25 177.59 177.83 177.96 177.99 177.91 177.66 177.26 176.65
168.44 170.75 173.08 175.49 177.90 180.24 182.43 184.56 186.53 188.36 190.09 191.79 193.40 194.92 196.39 197.51 198.35 198.98 199.29 199.31 198.93 198.16 197.03 0.00 0.00 0.00 0.00 0.00 0.00 0.00 0.00 0.00 0.00 0.00 0.00 0.00 0.00 0.00 0.00 0.00 0.00 0.00 0.00 0.00 0.00 0.00 0.00 0.00 0.00 0.00 0.00 0.00 0.00 0.00 0.00 0.00 165.11 166.26 167.36 168.41 169.50 170.52 171.48 172.38 173.18 173.90 174.54 175.15 175.63 176.03 176.37 176.59 176.66 176.66 176.57 176.26 175.80 175.16
171.19 173.54 176.04 178.46 180.81 183.10 185.27 187.32 189.23 191.00 192.69 194.33 195.90 197.42 198.78 199.73 200.14 200.28 200.22 200.02 199.51 198.61 197.40 195.76 193.97 191.84 0.00 0.00 0.00 0.00 0.00 0.00 0.00 0.00 0.00 0.00 0.00 0.00 0.00 0.00 0.00 0.00 0.00 0.00 0.00 0.00 0.00 0.00 0.00 0.00 0.00 0.00 0.00 0.00 0.00 161.44 162.64 163.82 165.05 166.23 167.39 168.52 169.55 170.53 171.42 172.23 172.93 173.54 174.07 174.50 174.81 174.99 175.02 174.96 174.79 174.51 174.03 173.30
174.10 176.50 179.01 181.48 183.78 186.04 188.14 190.13 191.92 193.66 195.31 196.86 198.38 199.89 201.15 201.75 201.85 201.57 201.24 200.86 200.28 199.31 197.96 196.26 194.20 191.84 189.34 186.64 0.00 0.00 0.00 174.89 171.69 168.39 165.28 162.33 159.69 157.46 155.52 0.00 0.00 0.00 0.00 0.00 0.00 0.00 0.00 0.00 0.00 0.00 0.00 0.00 0.00 0.00 0.00 158.80 160.03 161.31 162.58 163.86 165.12 166.27 167.35 168.42 169.40 170.21 170.97 171.59 172.14 172.59 172.93 173.04 173.04 172.92 172.70 172.40 171.84 171.08
177.08 179.56 182.06 184.47 186.81 188.99 191.06 192.90 194.63 196.26 197.84 199.33 200.81 202.23 203.33 203.74 203.47 202.88 202.37 201.90 201.23 200.19 198.75 196.98 194.70 192.15 189.49 186.63 183.62 0.00 177.48 174.23 170.88 167.53 164.14 161.05 158.24 155.78 0.00 0.00 0.00 0.00 0.00 0.00 0.00 0.00 0.00 0.00 0.00 0.00 0.00 0.00 0.00 0.00 0.00 156.12 157.40 158.70 160.05 161.39 162.63 163.86 164.99 166.05 167.02 167.88 168.64 169.35 169.92 170.35 170.63 170.78 170.75 170.58 170.29 169.85 169.30 168.49
180.21 182.69 185.17 187.55 189.77 191.95 193.90 195.66 197.25 198.76 200.24 201.70 203.11 204.43 205.40 205.61 205.06 204.31 203.65 203.07 202.34 201.24 199.70 197.73 195.43 192.75 189.88 186.88 183.69 180.41 177.08 173.74 170.24 166.72 163.14 159.84 156.88 0.00 0.00 0.00 0.00 0.00 0.00 0.00 0.00 0.00 0.00 0.00 0.00 0.00 0.00 0.00 0.00 0.00 0.00 0.00 154.72 156.06 157.42 158.76 160.05 161.23 162.41 163.49 164.44 165.29 166.09 166.82 167.39 167.85 168.10 168.22 168.14 167.90 167.59 167.08 166.43 165.56
183.44 185.89 188.31 190.59 192.79 194.81 196.66 198.29 199.77 201.19 202.56 203.91 205.27 206.53 207.40 207.39 206.73 205.86 205.10 204.45 203.63 202.43 200.81 198.73 196.29 193.54 190.54 187.37 184.00 180.52 176.96 173.43 169.80 165.99 162.30 158.81 155.66 0.00 0.00 0.00 0.00 0.00 0.00 0.00 0.00 0.00 0.00 0.00 0.00 0.00 0.00 0.00 0.00 0.00 0.00 0.00 152.02 153.36 154.73 156.04 157.33 158.56 159.69 160.79 161.72 162.56 163.34 164.05 164.64 165.04 165.27 165.32 165.23 164.99 164.58 164.02 163.29 162.37
186.71 189.09 191.45 193.63 195.67 197.60 199.31 200.83 202.20 203.51 204.76 205.99 207.24 208.47 209.26 209.14 208.40 207.47 206.64 205.94 205.04 203.76 202.05 199.88 197.35 194.48 191.38 188.05 184.53 180.87 177.12 173.36 169.50 165.48 161.60 157.97 154.62 0.00 0.00 0.00 0.00 0.00 0.00 0.00 0.00 0.00 0.00 0.00 0.00 0.00 0.00 0.00 0.00 0.00 0.00 147.93 149.25 150.59 151.97 153.27 154.52 155.75 156.90 157.96 158.91 159.71 160.41 161.10 161.62 161.96 162.18 162.21 162.09 161.84 161.34 160.77 160.00 159.01
189.96 192.26 194.52 196.58 198.48 200.28 201.89 203.30 204.56 205.71 206.82 207.92 209.04 210.16 210.92 210.79 210.03 209.07 208.21 207.40 206.46 205.14 203.36 201.17 198.51 195.53 192.35 188.87 185.18 181.37 177.51 173.49 169.41 165.22 161.11 157.27 153.77 0.00 0.00 0.00 0.00 0.00 0.00 0.00 0.00 0.00 0.00 0.00 0.00 0.00 0.00 0.00 0.00 0.00 0.00 145.11 146.45 147.78 149.09 150.44 151.66 152.83 153.96 155.02 155.94 156.68 157.38 157.97 158.42 158.73 158.88 158.91 158.79 158.47 157.99 157.33 156.51 155.51
193.21 195.39 197.50 199.47 201.26 202.91 204.40 205.72 206.84 207.84 208.75 209.65 210.61 211.58 212.33 212.29 211.55 210.61 209.73 208.84 207.83 206.45 204.66 202.48 199.75 196.67 193.32 189.71 185.92 182.00 177.97 173.82 169.50 165.10 160.74 156.72 153.10 149.82 0.00 0.00 0.00 0.00 0.00 0.00 0.00 0.00 0.00 0.00 0.00 0.00 0.00 0.00 0.00 0.00 0.00 0.00 143.63 144.90 146.21 147.49 148.71 149.83 150.93 151.96 152.80 153.55 154.20 154.72 155.12 155.39 155.50 155.52 155.32 154.97 154.47 153.73 152.87 151.83
196.44 198.48 200.45 202.28 203.98 205.49 206.87 208.05 209.03 209.86 210.58 211.23 211.95 212.76 213.39 213.45 212.95 212.10 211.17 210.23 209.12 207.71 205.92 203.69 200.93 197.84 194.37 190.65 186.72 182.67 178.53 174.22 169.66 164.98 160.48 156.38 152.57 149.13 146.14 0.00 0.00 0.00 0.00 0.00 0.00 0.00 0.00 0.00 0.00 0.00 0.00 0.00 0.00 0.00 0.00 0.00 140.89 142.07 143.29 144.49 145.66 146.79 147.84 148.80 149.62 150.31 150.89 151.39 151.78 151.96 152.04 151.97 151.76 151.36 150.79 150.01 149.11 148.04
199.64 201.56 203.36 205.05 206.58 208.03 209.24 210.25 211.09 211.74 212.27 212.69 213.11 213.63 214.13 214.29 214.04 213.36 212.46 211.45 210.22 208.79 207.01 204.77 202.10 199.01 195.54 191.73 187.67 183.52 179.16 174.58 169.76 164.91 160.30 156.05 152.12 148.62 145.51 142.78 140.40 138.39 0.00 0.00 0.00 0.00 0.00 0.00 0.00 0.00 0.00 0.00 0.00 0.00 0.00 0.00 138.21 139.26 140.37 141.50 142.62 143.69 144.69 145.63 146.38 147.01 147.55 148.01 148.28 148.47 148.49 148.37 148.11 147.67 146.99 146.23 145.29 144.21
202.81 204.57 206.24 207.79 209.20 210.44 211.50 212.38 213.02 213.49 213.81 214.03 214.16 214.31 214.61 214.82 214.70 214.31 213.50 212.41 211.14 209.64 207.86 205.74 203.15 200.13 196.70 192.87 188.74 184.42 179.81 174.89 169.88 164.79 160.13 155.79 151.83 148.21 145.00 142.20 139.73 137.62 135.85 134.42 0.00 0.00 0.00 0.00 0.00 0.00 0.00 0.00 0.00 0.00 0.00 0.00 135.60 136.55 137.53 138.58 139.62 140.58 141.53 142.37 143.05 143.64 144.17 144.55 144.80 144.87 144.89 144.74 144.43 143.91 143.25 142.42 141.49 140.37
205.85 207.49 209.03 210.44 211.72 212.78 213.68 214.35 214.84 215.14 215.30 215.31 215.17 215.07 215.13 215.19 215.20 214.94 214.24 213.15 211.83 210.27 208.51 206.50 204.04 201.13 197.77 193.97 189.78 185.25 180.36 175.25 169.92 164.84 160.05 155.70 151.65 147.94 144.67 141.80 139.26 137.02 135.11 133.57 0.00 0.00 0.00 0.00 0.00 0.00 0.00 0.00 0.00 0.00 0.00 0.00 133.12 133.99 134.88 135.77 136.66 137.53 138.36 139.09 139.72 140.27 140.72 141.09 141.23 141.28 141.23 141.08 140.72 140.17 139.45 138.63 137.67 136.69
208.70 210.28 211.70 212.98 214.07 215.03 215.71 216.23 216.55 216.70 216.70 216.58 216.37 216.10 215.83 215.77 215.71 215.41 214.78 213.72 212.34 210.74 208.99 207.04 204.73 201.93 198.63 194.84 190.56 185.81 180.82 175.47 170.12 164.97 160.21 155.72 151.59 147.85 144.49 141.48 138.81 136.47 134.45 0.00 0.00 0.00 0.00 0.00 0.00 0.00 0.00 0.00 0.00 0.00 0.00 0.00 0.00 131.53 132.32 133.10 133.86 134.60 135.28 135.91 136.47 136.94 137.32 137.58 137.70 137.68 137.60 137.35 137.00 136.45 135.78 134.90 134.02 133.04
211.45 212.90 214.23 215.39 216.35 217.09 217.67 218.00 218.17 218.19 218.11 217.91 217.65 217.30 216.89 216.59 216.25 215.82 215.12 214.08 212.65 211.02 209.19 207.24 205.01 202.32 198.99 195.11 190.73 185.99 180.88 175.58 170.28 165.22 160.41 155.92 151.69 147.84 144.34 141.27 138.48 135.98 0.00 0.00 0.00 0.00 0.00 0.00 0.00 0.00 0.00 0.00 0.00 0.00 0.00 0.00 0.00 129.13 129.85 130.48 131.13 131.77 132.39 132.91 133.31 133.71 134.03 134.23 134.26 134.24 134.01 133.77 133.38 132.87 0.00 0.00 0.00 0.00
214.05 215.39 216.58 217.63 218.45 219.05 219.44 219.66 219.66 219.61 219.48 219.25 218.91 218.49 218.01 217.37 216.74 216.07 215.22 214.07 212.63 210.86 208.96 206.92 204.62 201.90 198.63 194.76 190.37 185.60 180.58 175.46 170.37 165.36 160.60 156.02 151.76 147.82 144.26 141.03 138.12 0.00 0.00 0.00 0.00 0.00 0.00 0.00 0.00 0.00 0.00 0.00 0.00 0.00 0.00 0.00 0.00 126.82 127.40 128.00 128.51 129.04 129.57 130.01 130.34 130.64 130.89 0.00 0.00 130.91 130.71 0.00 0.00 0.00 0.00 0.00 0.00 0.00
216.39 217.64 218.71 219.59 220.30 220.75 221.01 221.08 221.04 220.92 220.73 220.47 220.06 219.55 218.89 218.08 217.16 216.19 215.08 213.79 212.22 210.33 208.19 206.00 203.58 200.83 197.57 193.79 189.53 184.92 180.08 175.16 170.20 165.36 160.62 156.07 151.75 147.75 0.00 0.00 0.00 0.00 0.00 0.00 0.00 0.00 0.00 0.00 0.00 0.00 0.00 0.00 0.00 0.00 0.00 0.00 124.21 124.65 125.15 125.56 0.00 0.00 126.86 127.22 127.51 127.76 0.00 0.00 0.00 0.00 0.00 0.00 0.00 0.00 0.00 0.00 0.00 0.00
218.50 219.61 220.54 221.29 221.83 222.18 222.31 222.29 222.21 222.06 221.84 221.48 221.01 220.36 219.54 218.59 217.49 216.24 214.88 213.36 211.63 209.58 207.29 204.82 202.27 199.43 196.20 192.56 188.48 184.07 179.46 174.69 169.88 165.13 160.49 155.97 151.62 0.00 0.00 0.00 0.00 0.00 0.00 0.00 0.00 0.00 0.00 0.00 0.00 0.00 0.00 0.00 0.00 0.00 0.00 0.00 122.31 122.66 0.00 0.00 0.00 0.00 0.00 0.00 0.00 0.00 0.00 0.00 0.00 0.00 0.00 0.00 0.00 0.00 0.00 0.00 0.00 0.00
220.30 221.28 222.08 222.69 223.09 223.31 223.35 223.29 223.18 222.99 222.72 222.27 221.66 220.92 220.01 218.93 217.64 216.21 214.62 212.88 210.96 208.79 206.33 203.71 200.94 197.96 194.76 191.23 187.31 183.08 178.65 174.03 169.34 164.72 160.18 155.66 0.00 0.00 0.00 0.00 0.00 0.00 0.00 0.00 0.00 0.00 0.00 0.00 0.00 0.00 0.00 0.00 0.00 0.00 0.00 0.00 0.00 0.00 0.00 0.00 0.00 0.00 0.00 0.00 0.00 0.00 0.00 0.00 0.00 0.00 0.00 0.00 0.00 0.00 0.00 0.00 0.00 0.00
221.81 222.66 223.33 223.78 224.07 224.18 224.13 224.04 223.89 223.65 223.29 222.77 222.08 221.24 220.22 218.98 217.57 215.99 214.24 212.32 210.23 207.91 205.37 202.61 199.67 196.59 193.34 189.83 186.04 181.96 177.64 173.16 168.60 164.08 159.60 155.17 150.86 0.00 0.00 0.00 0.00 0.00 0.00 0.00 0.00 0.00 0.00 0.00 0.00 0.00 0.00 0.00 0.00 0.00 0.00 0.00 0.00 0.00 0.00 0.00 0.00 0.00 0.00 0.00 0.00 0.00 0.00 0.00 0.00 0.00 0.00 0.00 0.00 0.00 0.00 0.00 0.00 0.00
223.00 223.73 224.26 224.60 224.79 224.78 224.67 224.50 224.30 224.01 223.56 222.95 222.21 221.26 220.10 218.75 217.23 215.53 213.66 211.61 209.38 206.94 204.29 201.43 198.36 195.19 191.87 188.39 184.68 180.71 176.50 172.12 167.66 163.25 158.84 154.51 150.27 146.18 142.43 0.00 0.00 0.00 0.00 0.00 0.00 0.00 0.00 0.00 0.00 0.00 0.00 0.00 0.00 0.00 0.00 0.00 0.00 0.00 0.00 0.00 0.00 0.00 0.00 0.00 0.00 0.00 0.00 0.00 0.00 0.00 0.00 0.00 0.00 0.00 0.00 0.00 0.00 0.00
223.86 224.47 224.88 225.13 225.20 225.11 224.91 224.65 224.36 224.02 223.51 222.81 221.97 220.93 219.68 218.22 216.57 214.78 212.82 210.69 208.35 205.78 203.03 200.09 196.93 193.66 190.31 186.85 183.19 179.31 175.22 170.95 166.58 162.25 157.95 153.66 149.49 145.49 141.73 138.29 135.20 0.00 0.00 0.00 0.00 0.00 0.00 0.00 0.00 0.00 0.00 0.00 0.00 0.00 0.00 0.00 0.00 0.00 0.00 0.00 0.00 0.00 0.00 0.00 0.00 0.00 0.00 0.00 0.00 0.00 0.00 0.00 0.00 0.00 0.00 0.00 0.00 0.00
224.38 224.86 225.17 225.31 225.27 225.07 224.78 224.43 224.08 223.64 223.08 222.32 221.35 220.25 218.92 217.32 215.60 213.74 211.68 209.45 207.04 204.41 201.57 198.54 195.30 191.97 188.64 185.17 181.55 177.75 173.78 169.62 165.39 161.10 156.87 152.64 148.55 144.64 140.93 137.50 134.46 131.65 0.00 0.00 0.00 0.00 0.00 0.00 0.00 0.00 0.00 0.00 0.00 0.00 0.00 0.00 0.00 0.00 0.00 0.00 0.00 0.00 0.00 0.00 0.00 0.00 0.00 0.00 0.00 0.00 0.00 0.00 0.00 0.00 0.00 0.00 0.00 0.00
224.56 224.91 225.10 225.11 224.94 224.68 224.27 223.83 223.42 222.93 222.29 221.44 220.41 219.17 217.77 216.13 214.32 212.35 210.22 207.92 205.44 202.75 199.89 196.75 193.46 190.13 186.78 183.34 179.77 176.03 172.15 168.10 163.99 159.77 155.58 151.42 147.44 143.61 139.97 136.65 133.61 130.88 0.00 0.00 0.00 0.00 0.00 0.00 0.00 0.00 0.00 0.00 0.00 0.00 0.00 0.00 0.00 0.00 0.00 0.00 0.00 0.00 0.00 0.00 0.00 0.00 0.00 0.00 0.00 0.00 0.00 0.00 0.00 0.00 0.00 0.00 0.00 0.00
224.34 224.60 224.66 224.56 224.33 223.95 223.45 222.89 222.38 221.83 221.13 220.20 219.09 217.81 216.27 214.61 212.73 210.65 208.47 206.10 203.53 200.82 197.86 194.71 191.41 188.07 184.73 181.34 177.83 174.15 170.30 166.40 162.35 158.27 154.07 150.05 146.14 142.39 138.91 135.64 132.65 129.96 0.00 0.00 0.00 0.00 0.00 0.00 0.00 0.00 0.00 0.00 0.00 0.00 0.00 0.00 0.00 0.00 0.00 0.00 0.00 0.00 0.00 0.00 0.00 0.00 0.00 0.00 0.00 0.00 0.00 0.00 0.00 0.00 0.00 0.00 0.00 0.00
223.67 223.85 223.87 223.68 223.36 222.86 222.23 221.58 220.95 220.31 219.54 218.56 217.39 216.01 214.49 212.73 210.81 208.70 206.41 203.96 201.37 198.56 195.59 192.41 189.12 185.80 182.51 179.16 175.68 172.05 168.35 164.46 160.56 156.48 152.45 148.51 144.72 141.09 137.63 134.49 131.59 0.00 0.00 0.00 0.00 0.00 0.00 0.00 0.00 0.00 0.00 0.00 0.00 0.00 0.00 0.00 0.00 0.00 0.00 0.00 0.00 0.00 0.00 0.00 0.00 0.00 0.00 0.00 0.00 0.00 0.00 0.00 0.00 0.00 0.00 0.00 0.00 0.00
222.62 222.70 222.61 222.37 221.96 221.34 220.61 219.85 219.11 218.35 217.48 216.46 215.22 213.83 212.24 210.44 208.47 206.32 203.98 201.49 198.84 196.03 193.02 189.87 186.59 183.40 180.12 176.78 173.36 169.81 166.14 162.42 158.53 154.59 150.65 146.82 143.13 139.59 136.29 133.25 130.49 0.00 0.00 0.00 0.00 0.00 0.00 0.00 0.00 0.00 0.00 0.00 0.00 0.00 0.00 0.00 0.00 0.00 0.00 0.00 0.00 0.00 0.00 0.00 0.00 0.00 0.00 0.00 0.00 0.00 0.00 0.00 0.00 0.00 0.00 0.00 0.00 0.00
221.10 221.09 220.91 220.61 220.10 219.42 218.60 217.72 216.86 216.01 215.03 213.89 212.64 211.20 209.55 207.75 205.73 203.53 201.17 198.67 195.99 193.14 190.19 187.04 183.93 180.74 177.55 174.27 170.87 167.39 163.81 160.13 156.40 152.54 148.75 0.00 0.00 0.00 134.86 132.00 0.00 0.00 0.00 0.00 0.00 0.00 0.00 0.00 0.00 0.00 0.00 0.00 0.00 0.00 0.00 0.00 0.00 0.00 0.00 0.00 0.00 0.00 0.00 0.00 0.00 0.00 0.00 0.00 0.00 0.00 0.00 0.00 0.00 0.00 0.00 0.00 0.00 0.00
219.08 218.98 218.76 218.37 217.81 217.09 216.19 215.22 214.25 213.25 212.14 210.93 209.60 208.12 206.49 204.65 202.62 200.40 198.02 195.52 192.83 190.01 187.05 184.04 180.99 177.93 174.82 171.59 168.23 164.80 161.32 157.76 154.09 150.37 0.00 0.00 0.00 0.00 0.00 0.00 0.00 0.00 0.00 0.00 0.00 0.00 0.00 0.00 0.00 0.00 0.00 0.00 0.00 0.00 0.00 0.00 0.00 0.00 0.00 0.00 0.00 0.00 0.00 0.00 0.00 0.00 0.00 0.00 0.00 0.00 0.00 0.00 0.00 0.00 0.00 0.00 0.00 0.00
216.57 216.42 216.12 215.68 215.11 214.35 213.39 212.35 211.30 210.15 208.92 207.60 206.20 204.68 203.02 201.19 199.14 196.93 194.58 192.07 189.42 186.63 183.75 180.81 177.87 174.92 171.88 168.71 165.43 162.06 158.65 155.17 0.00 148.04 0.00 0.00 0.00 0.00 0.00 0.00 0.00 0.00 0.00 0.00 0.00 0.00 0.00 0.00 0.00 0.00 0.00 0.00 0.00 0.00 0.00 0.00 0.00 0.00 0.00 0.00 0.00 0.00 0.00 0.00 0.00 0.00 0.00 0.00 0.00 0.00 0.00 0.00 0.00 0.00 0.00 0.00 0.00 0.00
213.64 213.41 213.07 212.59 211.96 211.16 210.18 209.12 207.98 206.75 205.44 204.02 202.52 200.94 199.23 197.39 195.35 193.15 190.84 188.39 185.80 183.06 180.28 177.47 174.61 171.71 168.73 165.66 162.46 159.15 0.00 0.00 0.00 0.00 0.00 0.00 0.00 0.00 0.00 0.00 0.00 0.00 0.00 0.00 0.00 0.00 0.00 0.00 0.00 0.00 0.00 0.00 0.00 0.00 0.00 0.00 0.00 0.00 0.00 0.00 0.00 0.00 0.00 0.00 0.00 0.00 0.00 0.00 0.00 0.00 0.00 0.00 0.00 0.00 0.00 0.00 0.00 0.00
210.28 210.01 209.60 209.05 208.37 207.51 206.55 205.46 204.27 203.04 201.65 200.19 198.62 196.95 195.22 193.35 191.32 189.17 186.91 184.52 181.99 179.37 176.73 173.99 171.19 168.35 165.43 162.45 159.33 0.00 0.00 0.00 0.00 0.00 0.00 0.00 0.00 0.00 0.00 0.00 0.00 0.00 0.00 0.00 0.00 0.00 0.00 0.00 0.00 0.00 0.00 0.00 0.00 0.00 0.00 0.00 0.00 0.00 0.00 0.00 0.00 0.00 0.00 0.00 0.00 0.00 0.00 0.00 0.00 0.00 0.00 0.00 0.00 0.00 0.00 0.00 0.00 0.00
206.52 206.17 205.70 205.09 204.36 203.47 202.47 201.34 200.18 198.94 197.55 196.05 194.46 192.80 191.01 189.15 187.14 185.02 182.84 180.54 178.08 175.59 173.02 170.37 167.66 164.85 162.03 159.13 156.09 0.00 0.00 0.00 0.00 0.00 0.00 0.00 0.00 0.00 0.00 0.00 0.00 0.00 0.00 0.00 0.00 0.00 0.00 0.00 0.00 0.00 0.00 0.00 0.00 0.00 0.00 0.00 0.00 0.00 0.00 0.00 0.00 0.00 0.00 0.00 0.00 0.00 0.00 0.00 0.00 0.00 0.00 0.00 0.00 0.00 0.00 0.00 0.00 0.00
202.38 201.93 201.41 200.74 199.95 199.01 197.99 196.88 195.74 194.47 193.10 191.60 190.00 188.36 186.63 184.76 182.79 180.73 178.61 176.41 174.08 171.66 169.14 166.60 163.99 161.27 158.51 155.70 0.00 0.00 0.00 0.00 0.00 0.00 0.00 0.00 0.00 0.00 0.00 0.00 0.00 0.00 0.00 0.00 0.00 0.00 0.00 0.00 0.00 0.00 0.00 0.00 0.00 0.00 0.00 0.00 0.00 0.00 0.00 0.00 0.00 0.00 0.00 0.00 0.00 0.00 0.00 0.00 0.00 0.00 0.00 0.00 0.00 0.00 0.00 0.00 0.00 0.00
