ASPA-UH-SWB2_REPO/output/post_prcessed_with_MFR/rainfall_annual.asc
NCOLS 350
NROWS 200
XLLCENTER 515000.000000
YLLCENTER 8409000.000000
CELLSIZE 100.000000
NODATA_value -999.000000
[rows 35 to 69 of 200, columns 156 to 233 of 350]
0.00 0.00 0.00 0.00 0.00 0.00 0.00 0.00 0.00 0.00 0.00 0.00 0.00 0.00 0.00 0.00 0.00 0.00 0.00 0.00 0.00 0.00 0.00 0.00 0.00 0.00 0.00 0.00 0.00 0.00 0.00 0.00 0.00 0.00 0.00 0.00 0.00 0.00 0.00 0.00 0.00 0.00 0.00 128.18 127.93 127.56 127.10 126.63 126.10 0.00 0.00 0.00 0.00 0.00 0.00 0.00 0.00 0.00 0.00 0.00 0.00 0.00 0.00 0.00 0.00 0.00 0.00 0.00 0.00 0.00 0.00 0.00 0.00 0.00 0.00 0.00 0.00 0.00
0.00 0.00 0.00 0.00 0.00 0.00 0.00 0.00 0.00 0.00 0.00 0.00 0.00 0.00 0.00 0.00 0.00 0.00 0.00 0.00 0.00 0.00 0.00 0.00 0.00 0.00 0.00 0.00 0.00 0.00 0.00 0.00 0.00 0.00 0.00 0.00 0.00 0.00 0.00 0.00 0.00 0.00 131.74 131.50 131.20 130.82 130.35 129.84 0.00 0.00 0.00 0.00 0.00 0.00 0.00 0.00 0.00 0.00 0.00 0.00 0.00 0.00 0.00 0.00 0.00 0.00 0.00 0.00 0.00 0.00 0.00 0.00 0.00 0.00 0.00 0.00 0.00 0.00
0.00 0.00 0.00 0.00 0.00 0.00 0.00 0.00 0.00 0.00 0.00 0.00 0.00 0.00 0.00 0.00 0.00 0.00 0.00 0.00 0.00 0.00 0.00 0.00 0.00 0.00 0.00 0.00 0.00 0.00 0.00 0.00 0.00 0.00 0.00 0.00 0.00 0.00 0.00 0.00 0.00 135.50 135.31 134.97 134.66 134.26 133.77 133.19 0.00 0.00 0.00 0.00 0.00 0.00 0.00 0.00 0.00 0.00 0.00 0.00 0.00 0.00 0.00 0.00 0.00 0.00 0.00 0.00 0.00 0.00 0.00 0.00 0.00 0.00 0.00 0.00 0.00 0.00
0.00 0.00 0.00 0.00 0.00 0.00 0.00 0.00 0.00 0.00 0.00 0.00 0.00 0.00 0.00 0.00 0.00 0.00 0.00 0.00 0.00 0.00 0.00 0.00 0.00 0.00 0.00 0.00 0.00 0.00 0.00 0.00 0.00 0.00 0.00 0.00 139.40 0.00 0.00 0.00 139.49 139.31 139.02 138.70 138.33 137.90 137.36 0.00 0.00 0.00 0.00 0.00 0.00 0.00 0.00 0.00 0.00 0.00 0.00 0.00 0.00 0.00 0.00 0.00 0.00 0.00 0.00 0.00 0.00 0.00 0.00 0.00 0.00 0.00 0.00 0.00 0.00 0.00
0.00 0.00 0.00 0.00 0.00 0.00 0.00 0.00 0.00 0.00 0.00 0.00 0.00 0.00 0.00 0.00 0.00 0.00 0.00 0.00 0.00 0.00 0.00 0.00 0.00 0.00 0.00 0.00 0.00 0.00 0.00 0.00 0.00 0.00 0.00 0.00 143.35 143.51 143.60 143.62 143.50 143.28 143.01 142.67 142.25 141.74 0.00 0.00 0.00 0.00 0.00 0.00 0.00 0.00 0.00 0.00 0.00 0.00 0.00 0.00 0.00 0.00 0.00 0.00 0.00 0.00 0.00 0.00 0.00 0.00 0.00 0.00 0.00 0.00 0.00 0.00 0.00 0.00
0.00 0.00 0.00 0.00 0.00 0.00 0.00 0.00 0.00 0.00 0.00 0.00 0.00 0.00 0.00 0.00 0.00 0.00 0.00 0.00 0.00 0.00 0.00 0.00 0.00 0.00 0.00 0.00 0.00 0.00 0.00 0.00 0.00 0.00 0.00 0.00 147.48 147.65 147.73 147.69 147.62 147.48 147.12 146.72 146.29 0.00 0.00 0.00 0.00 0.00 0.00 0.00 0.00 0.00 0.00 0.00 0.00 0.00 0.00 132.05 0.00 0.00 0.00 0.00 0.00 0.00 0.00 0.00 0.00 0.00 0.00 0.00 0.00 0.00 0.00 0.00 0.00 0.00
0.00 0.00 0.00 0.00 0.00 0.00 0.00 0.00 0.00 0.00 0.00 0.00 0.00 0.00 0.00 0.00 0.00 0.00 0.00 0.00 0.00 0.00 0.00 0.00 0.00 0.00 0.00 0.00 0.00 0.00 148.68 149.45 150.09 0.00 0.00 151.46 151.69 151.85 151.93 151.86 151.74 151.53 151.21 150.80 150.36 0.00 0.00 0.00 0.00 0.00 0.00 0.00 0.00 142.87 141.70 0.00 0.00 138.08 136.75 135.37 0.00 0.00 0.00 0.00 0.00 0.00 0.00 0.00 0.00 0.00 0.00 0.00 0.00 0.00 0.00 0.00 0.00 0.00
0.00 0.00 0.00 0.00 0.00 0.00 0.00 0.00 0.00 0.00 0.00 0.00 0.00 0.00 0.00 0.00 0.00 0.00 0.00 0.00 0.00 0.00 0.00 0.00 0.00 0.00 0.00 0.00 150.93 151.97 152.88 153.66 154.33 154.87 155.33 155.67 155.93 156.08 156.08 156.03 155.85 155.59 155.29 154.89 0.00 0.00 0.00 0.00 0.00 0.00 0.00 0.00 147.77 146.62 145.40 144.15 142.86 141.55 140.18 138.74 0.00 0.00 0.00 0.00 0.00 0.00 0.00 0.00 0.00 0.00 0.00 0.00 0.00 0.00 0.00 0.00 0.00 0.00
0.00 0.00 0.00 0.00 0.00 0.00 0.00 0.00 0.00 0.00 0.00 0.00 0.00 0.00 0.00 0.00 0.00 0.00 0.00 0.00 0.00 0.00 0.00 0.00 0.00 0.00 0.00 0.00 155.08 156.18 157.12 157.90 158.58 159.15 159.57 159.90 160.16 160.28 160.27 160.18 160.01 159.76 159.39 158.95 0.00 0.00 0.00 0.00 0.00 0.00 0.00 152.65 151.52 150.32 149.06 147.74 146.38 144.97 143.54 142.06 140.62 0.00 0.00 0.00 0.00 0.00 0.00 131.17 130.06 0.00 0.00 0.00 0.00 0.00 0.00 0.00 0.00 122.65
0.00 0.00 0.00 0.00 0.00 0.00 0.00 0.00 0.00 0.00 0.00 0.00 0.00 0.00 0.00 0.00 0.00 0.00 0.00 0.00 0.00 0.00 0.00 0.00 0.00 0.00 0.00 0.00 0.00 160.34 161.32 162.13 162.83 163.37 163.79 164.11 164.31 164.42 164.44 164.32 164.11 163.84 163.45 163.01 0.00 0.00 0.00 0.00 0.00 0.00 157.48 156.35 155.22 153.99 152.64 151.26 149.86 148.38 146.83 145.33 143.79 0.00 0.00 0.00 0.00 0.00 0.00 134.19 133.07 0.00 0.00 0.00 0.00 0.00 0.00 0.00 126.41 125.73
0.00 0.00 0.00 0.00 0.00 0.00 0.00 0.00 0.00 0.00 0.00 0.00 0.00 0.00 0.00 0.00 0.00 0.00 0.00 0.00 0.00 0.00 0.00 0.00 157.88 0.00 0.00 0.00 0.00 0.00 165.43 166.30 167.00 167.54 167.92 168.19 168.39 168.49 168.44 168.29 168.06 167.75 167.36 166.91 166.34 165.64 164.88 164.07 163.21 162.25 161.16 160.04 158.86 157.57 156.17 154.73 153.25 151.72 150.15 148.52 146.98 0.00 0.00 0.00 141.03 139.69 138.38 137.14 0.00 0.00 0.00 0.00 0.00 0.00 0.00 0.00 129.55 128.92
0.00 0.00 0.00 0.00 0.00 0.00 0.00 0.00 0.00 0.00 0.00 0.00 0.00 0.00 0.00 0.00 0.00 0.00 0.00 0.00 0.00 0.00 0.00 0.00 161.88 163.53 0.00 0.00 0.00 0.00 169.56 170.34 171.06 171.54 171.93 172.16 172.33 172.37 172.26 172.05 171.77 171.45 171.09 170.64 170.05 169.39 168.62 167.80 166.89 165.88 164.78 163.63 162.41 161.05 159.64 158.14 156.57 154.99 153.38 151.73 150.09 0.00 0.00 0.00 144.00 142.61 141.31 140.05 0.00 0.00 0.00 0.00 0.00 0.00 0.00 0.00 0.00 132.14
0.00 0.00 0.00 0.00 0.00 0.00 0.00 0.00 0.00 0.00 0.00 0.00 0.00 0.00 0.00 0.00 0.00 0.00 0.00 0.00 0.00 0.00 0.00 164.02 165.79 167.50 169.00 0.00 0.00 0.00 173.51 174.25 174.88 175.43 175.71 175.92 176.02 176.03 175.89 175.63 175.32 175.00 174.64 174.16 173.59 172.90 172.15 171.31 170.39 169.36 168.25 167.04 165.80 164.46 162.96 161.39 159.80 158.16 156.51 154.79 153.18 151.54 149.95 148.39 146.90 145.51 144.23 0.00 0.00 0.00 0.00 0.00 0.00 0.00 0.00 0.00 0.00 135.35
0.00 0.00 0.00 0.00 0.00 0.00 0.00 0.00 0.00 0.00 0.00 0.00 0.00 0.00 0.00 0.00 0.00 0.00 0.00 159.58 161.80 163.89 165.88 167.80 169.66 171.30 172.88 174.23 175.40 0.00 177.21 177.90 178.48 178.88 179.23 179.35 179.44 179.41 179.23 178.98 178.67 178.35 177.95 177.49 176.86 176.17 175.43 174.61 173.66 172.61 171.50 170.28 168.98 167.59 166.08 164.47 162.85 161.20 159.45 157.80 156.09 154.47 152.82 151.24 149.79 148.47 147.24 146.10 0.00 0.00 0.00 0.00 0.00 0.00 0.00 0.00 0.00 138.49
0.00 0.00 0.00 0.00 0.00 0.00 0.00 0.00 0.00 0.00 0.00 0.00 0.00 0.00 0.00 0.00 155.88 158.27 160.70 163.07 165.30 167.48 169.52 171.54 173.35 175.00 176.52 177.82 178.95 179.88 180.58 181.22 181.70 182.09 182.32 182.44 182.47 182.40 182.23 181.96 181.65 181.33 180.98 180.45 179.84 179.16 178.46 177.63 176.69 175.66 174.48 173.27 171.92 170.49 168.99 167.39 165.72 164.02 162.31 160.58 158.92 157.22 155.62 154.09 152.73 151.50 150.38 0.00 0.00 0.00 0.00 0.00 0.00 0.00 0.00 0.00 142.28 141.74
0.00 0.00 0.00 0.00 0.00 0.00 0.00 0.00 0.00 0.00 0.00 0.00 0.00 0.00 0.00 0.00 159.12 161.64 164.05 166.43 168.74 170.92 173.04 175.02 176.87 178.45 179.93 181.19 182.21 183.06 183.71 184.18 184.58 184.85 185.02 185.08 185.08 184.94 184.74 184.46 184.17 183.87 183.50 183.05 182.41 181.78 181.09 180.30 179.37 178.36 177.21 175.96 174.62 173.18 171.67 170.11 168.43 166.73 165.02 163.28 161.55 159.90 158.32 156.95 155.72 154.66 153.62 0.00 0.00 0.00 0.00 0.00 0.00 0.00 0.00 146.17 145.53 144.97
0.00 0.00 0.00 0.00 0.00 0.00 0.00 0.00 0.00 0.00 0.00 0.00 0.00 0.00 0.00 159.70 162.26 164.81 167.30 169.71 172.07 174.27 176.33 178.35 180.15 181.70 183.02 184.20 185.14 185.87 186.45 186.80 187.04 187.14 187.26 187.27 187.15 186.98 186.73 186.46 186.20 185.94 185.62 185.14 184.58 183.96 183.33 182.56 181.64 180.65 179.58 178.29 177.00 175.61 174.09 172.53 170.91 169.21 167.52 165.76 164.10 162.47 161.01 159.76 158.72 157.74 156.79 0.00 0.00 0.00 0.00 152.34 151.56 150.83 150.14 149.50 148.87 148.29
0.00 0.00 0.00 0.00 0.00 0.00 0.00 0.00 0.00 0.00 0.00 0.00 0.00 0.00 0.00 162.67 165.27 167.85 170.36 172.86 175.23 177.44 179.50 181.46 183.20 184.62 185.83 186.85 187.66 188.25 188.67 188.91 188.98 188.97 188.96 188.89 188.74 188.51 188.25 188.01 187.79 187.55 187.22 186.83 186.31 185.75 185.13 184.40 183.53 182.54 181.52 180.34 179.03 177.68 176.22 174.67 173.04 171.41 169.75 168.09 166.41 164.90 163.65 162.56 161.61 160.73 159.83 0.00 0.00 0.00 0.00 155.67 154.90 154.15 153.47 152.86 152.24 151.56
0.00 0.00 0.00 0.00 0.00 0.00 0.00 0.00 0.00 0.00 0.00 0.00 0.00 0.00 162.83 165.47 168.13 170.73 173.29 175.79 178.15 180.36 182.43 184.34 185.96 187.27 188.34 189.17 189.79 190.18 190.41 190.48 190.48 190.42 190.27 190.10 189.92 189.64 189.35 189.09 188.85 188.61 188.36 188.00 187.58 187.11 186.55 185.84 185.00 184.10 183.10 182.01 180.78 179.43 178.01 176.50 174.92 173.33 171.71 170.08 168.54 167.20 166.10 165.20 164.40 163.59 162.75 161.93 0.00 0.00 159.62 158.88 158.13 157.39 156.73 156.11 155.50 154.84
0.00 0.00 0.00 0.00 0.00 0.00 0.00 0.00 0.00 0.00 0.00 0.00 0.00 0.00 165.48 168.18 170.84 173.47 176.01 178.46 180.85 183.10 185.09 186.91 188.45 189.63 190.54 191.17 191.52 191.69 191.77 191.83 191.76 191.60 191.45 191.21 190.90 190.54 190.17 189.80 189.48 189.19 188.94 188.70 188.39 188.01 187.53 186.89 186.11 185.27 184.33 183.30 182.16 180.90 179.51 178.05 176.53 174.98 173.43 171.85 170.44 169.27 168.35 167.62 166.91 166.21 165.49 164.76 164.01 163.32 162.62 161.91 161.23 160.53 159.88 159.29 158.70 158.03
0.00 0.00 0.00 0.00 0.00 0.00 0.00 0.00 0.00 0.00 0.00 0.00 0.00 165.35 168.04 170.73 173.42 176.02 178.53 180.98 183.37 185.57 187.49 189.17 190.58 191.63 192.37 192.78 192.93 192.96 193.01 193.02 192.96 192.76 192.53 192.19 191.76 191.29 190.77 190.22 189.76 189.38 189.10 188.93 188.74 188.47 188.07 187.51 186.81 186.06 185.21 184.23 183.16 182.02 180.73 179.33 177.90 176.41 174.92 173.45 172.11 171.08 170.37 169.74 169.13 168.55 167.93 167.30 166.68 166.04 165.42 164.80 164.18 163.53 162.93 162.37 161.75 161.08
0.00 0.00 0.00 0.00 0.00 0.00 0.00 151.78 154.46 0.00 0.00 0.00 0.00 167.78 170.46 173.13 175.76 178.35 180.86 183.32 185.65 187.72 189.52 191.05 192.27 193.19 193.76 194.03 194.14 194.17 194.16 194.15 194.05 193.79 193.37 192.91 192.38 191.77 191.11 190.43 189.77 189.28 188.96 188.78 188.66 188.47 188.16 187.72 187.13 186.46 185.70 184.80 183.85 182.80 181.62 180.34 179.01 177.60 176.21 174.82 173.59 172.69 172.12 171.59 171.10 170.63 170.11 169.62 169.13 168.56 168.04 167.52 166.94 166.37 165.78 165.25 164.62 163.93
0.00 0.00 0.00 0.00 146.46 148.99 151.60 154.24 156.87 0.00 0.00 0.00 167.39 170.07 172.73 175.36 177.88 180.46 182.96 185.36 187.57 189.48 191.08 192.42 193.46 194.23 194.66 194.91 195.06 195.17 195.21 195.10 194.82 194.36 193.85 193.26 192.58 191.85 191.11 190.32 189.53 188.90 188.49 188.26 188.15 188.02 187.79 187.49 187.05 186.49 185.80 185.06 184.18 183.24 182.19 181.04 179.81 178.53 177.26 175.95 174.84 174.08 173.59 173.22 172.82 172.41 172.06 171.69 171.30 170.88 170.44 169.97 169.47 168.97 168.41 167.86 167.26 166.56
0.00 0.00 0.00 0.00 148.84 151.38 154.03 156.62 159.17 161.73 164.34 166.95 169.55 172.20 174.85 177.38 179.88 182.38 184.78 187.06 189.12 190.81 192.20 193.36 194.22 194.77 195.15 195.41 195.61 195.81 195.85 195.63 195.13 194.54 193.90 193.15 192.33 191.52 190.67 189.80 188.94 188.22 187.68 187.37 187.20 187.15 187.05 186.82 186.55 186.12 185.60 184.92 184.20 183.38 182.42 181.39 180.32 179.22 178.03 176.85 175.86 175.19 174.78 174.52 174.26 173.98 173.71 173.45 173.20 172.92 172.54 172.17 171.75 171.27 170.80 170.26 169.63 168.98
0.00 0.00 0.00 0.00 0.00 153.81 156.33 158.87 161.40 163.92 166.47 169.06 171.65 174.28 176.80 179.27 181.77 184.11 186.35 188.45 190.28 191.79 192.97 193.96 194.63 194.98 195.22 195.46 195.74 195.94 195.89 195.56 195.03 194.29 193.48 192.61 191.67 190.73 189.82 188.93 188.03 187.20 186.58 186.15 185.94 185.92 185.93 185.84 185.65 185.41 184.98 184.51 183.87 183.18 182.37 181.49 180.57 179.60 178.61 177.57 176.66 176.02 175.68 175.50 175.38 175.24 175.08 174.97 174.84 174.62 174.34 174.06 173.74 173.33 172.88 172.35 171.81 171.14
0.00 0.00 0.00 0.00 153.46 156.03 158.55 161.03 163.53 166.02 168.55 171.07 173.61 176.15 178.64 181.14 183.40 185.57 187.65 189.51 191.11 192.52 193.58 194.27 194.71 194.88 195.01 195.19 195.40 195.51 195.40 195.06 194.44 193.63 192.67 191.69 190.62 189.57 188.59 187.65 186.72 185.86 185.14 184.62 184.39 184.37 184.46 184.53 184.48 184.33 184.15 183.72 183.24 182.68 182.08 181.37 180.59 179.80 178.95 178.10 177.26 176.68 176.37 176.24 176.21 176.24 176.27 176.25 176.14 176.02 175.88 175.66 175.41 175.10 174.68 174.18 173.64 173.08
0.00 0.00 0.00 153.19 155.65 158.11 160.64 163.12 165.57 168.00 170.48 172.97 175.43 177.85 180.32 182.64 184.80 186.83 188.70 190.39 191.85 193.01 193.91 194.52 194.67 194.64 194.59 194.67 194.75 194.74 194.54 194.14 193.46 192.58 191.51 190.35 189.17 188.04 187.00 185.99 185.09 184.16 183.37 182.78 182.48 182.54 182.71 182.87 182.97 183.01 182.87 182.67 182.38 181.96 181.49 180.98 180.41 179.77 179.11 178.38 177.71 177.17 176.89 176.77 176.82 177.00 177.13 177.19 177.22 177.19 177.09 176.95 176.78 176.52 176.15 175.75 175.21 174.74
0.00 150.37 152.92 155.36 157.76 160.21 162.63 165.14 167.55 169.90 172.30 174.69 177.10 179.48 181.80 183.98 186.05 187.96 189.66 191.17 192.48 193.49 194.23 194.62 194.63 194.39 194.17 194.06 193.95 193.73 193.40 192.89 192.17 191.15 189.93 188.65 187.39 186.16 185.02 184.01 182.98 182.08 181.27 180.62 180.31 180.38 180.64 180.90 181.13 181.27 181.32 181.27 181.10 180.92 180.64 180.33 179.95 179.45 178.96 178.46 177.97 177.54 177.23 177.11 177.21 177.42 177.65 177.86 177.98 178.02 177.99 177.96 177.84 177.62 177.30 176.91 176.53 176.16
150.17 152.67 155.10 157.47 159.87 162.20 164.61 167.05 169.40 171.68 174.01 176.34 178.68 180.97 183.22 185.29 187.25 189.00 190.60 191.98 193.08 193.95 194.53 194.74 194.55 194.16 193.73 193.41 193.03 192.62 192.10 191.42 190.51 189.35 188.05 186.72 185.34 184.00 182.79 181.67 180.64 179.69 178.87 178.22 177.95 178.05 178.35 178.69 178.99 179.23 179.42 179.54 179.54 179.53 179.51 179.38 179.17 178.92 178.62 178.31 177.95 177.70 177.47 177.36 177.42 177.65 177.93 178.17 178.38 178.52 178.61 178.65 178.57 178.40 178.13 177.85 177.57 177.27
152.46 154.86 157.22 159.55 161.84 164.15 166.51 168.86 171.14 173.36 175.62 177.92 180.20 182.46 184.58 186.58 188.39 190.05 191.57 192.85 193.79 194.45 194.88 194.93 194.58 193.95 193.29 192.70 192.12 191.45 190.67 189.72 188.61 187.35 185.96 184.51 183.04 0.00 0.00 0.00 0.00 0.00 0.00 0.00 175.43 175.58 175.93 176.30 176.66 177.01 177.28 177.53 177.73 177.91 178.06 178.14 178.14 178.13 178.06 177.88 177.76 177.63 177.55 177.50 177.56 177.77 178.04 178.27 178.52 178.77 178.94 179.02 179.06 178.94 178.79 178.60 178.39 178.13
154.63 156.98 159.31 161.55 163.77 166.04 168.34 170.57 172.76 174.95 177.16 179.39 181.60 183.80 185.86 187.78 189.54 191.12 192.56 193.74 194.59 195.16 195.38 195.28 194.69 193.81 192.87 191.96 191.09 190.15 189.08 187.88 186.53 185.08 183.58 0.00 0.00 0.00 0.00 0.00 0.00 0.00 0.00 0.00 0.00 0.00 0.00 173.80 174.21 174.61 175.02 175.35 0.00 176.04 176.34 176.65 176.89 177.07 177.18 177.27 177.29 177.37 177.43 177.52 177.64 177.82 178.08 178.35 178.57 178.86 179.10 179.28 179.37 179.36 179.26 179.15 179.00 178.74
156.80 159.11 161.33 163.52 165.70 167.91 170.14 172.32 174.43 176.55 178.69 180.84 182.99 185.06 187.08 188.97 190.70 192.27 193.64 194.73 195.52 195.99 196.08 195.76 194.98 193.82 192.56 191.27 189.99 188.74 187.38 185.86 184.25 182.63 0.00 0.00 0.00 0.00 0.00 0.00 0.00 0.00 0.00 0.00 0.00 0.00 0.00 0.00 0.00 0.00 0.00 0.00 0.00 0.00 174.45 174.92 175.37 175.76 176.10 176.38 176.62 176.86 177.13 177.33 177.56 177.82 178.07 178.38 178.66 178.95 179.23 179.47 179.57 179.62 179.59 179.49 179.36 179.07
158.99 161.22 163.36 165.49 167.68 169.91 172.11 174.26 176.35 178.42 180.45 182.49 184.50 186.45 188.38 190.25 191.98 193.54 0.00 0.00 0.00 0.00 0.00 0.00 0.00 193.93 192.30 190.66 188.97 187.34 185.64 183.82 181.91 0.00 0.00 0.00 0.00 0.00 0.00 0.00 0.00 0.00 0.00 0.00 0.00 0.00 0.00 0.00 0.00 0.00 0.00 0.00 0.00 0.00 0.00 173.04 173.64 174.26 174.80 175.26 175.70 176.13 176.54 176.89 177.21 177.56 177.94 178.31 178.63 178.95 179.24 179.49 179.63 179.66 179.64 179.56 179.38 179.07
161.23 163.37 165.49 167.63 169.86 172.13 174.36 176.55 178.65 180.63 182.60 184.52 186.34 188.18 189.92 191.66 193.38 194.94 0.00 0.00 0.00 0.00 0.00 0.00 0.00 0.00 0.00 0.00 0.00 0.00 0.00 0.00 0.00 0.00 0.00 0.00 0.00 0.00 0.00 0.00 0.00 0.00 0.00 0.00 0.00 0.00 0.00 0.00 0.00 0.00 0.00 0.00 0.00 0.00 0.00 0.00 171.77 172.54 173.26 173.88 174.51 175.12 175.65 176.14 176.58 177.05 177.56 177.98 178.36 178.70 179.01 179.25 179.42 179.45 179.40 179.28 179.02 178.64
163.51 165.64 167.80 170.02 172.28 174.62 176.93 179.10 181.18 183.12 185.01 186.80 188.56 190.21 191.77 193.37 194.97 196.31 0.00 0.00 0.00 0.00 0.00 0.00 0.00 0.00 0.00 0.00 0.00 0.00 0.00 0.00 0.00 0.00 0.00 0.00 0.00 0.00 0.00 0.00 0.00 0.00 0.00 0.00 0.00 0.00 0.00 0.00 0.00 0.00 0.00 0.00 0.00 0.00 0.00 0.00 169.72 170.62 171.48 172.29 173.04 173.84 174.52 175.13 175.73 176.30 176.84 177.35 177.75 178.14 178.47 178.70 178.86 178.92 178.85 178.65 178.31 177.86
