ASPA-UH-SWB2_REPO/output/post_prcessed_with_MFR/rainfall_annual.asc
NCOLS 350
NROWS 200
XLLCENTER 515000.000000
YLLCENTER 8409000.000000
CELLSIZE 100.000000
NODATA_value -999.000000
[rows 70 to 104 of 200, columns 156 to 233 of 350]
165.87 168.07 170.32 172.64 175.00 177.33 179.67 181.79 183.79 185.72 187.53 189.25 190.91 192.51 193.95 195.40 196.63 197.64 198.40 198.74 198.55 0.00 0.00 0.00 0.00 0.00 0.00 0.00 0.00 0.00 0.00 0.00 0.00 0.00 0.00 0.00 0.00 0.00 0.00 0.00 0.00 0.00 0.00 0.00 0.00 0.00 0.00 0.00 0.00 0.00 0.00 0.00 0.00 0.00 0.00 0.00 167.49 168.51 169.51 170.46 171.40 172.29 173.14 173.91 174.60 175.24 175.85 176.42 176.84 177.25 177.58 177.83 177.95 177.98 177.90 177.65 177.25 176.64
168.42 170.73 173.06 175.46 177.87 180.21 182.40 184.53 186.50 188.33 190.06 191.76 193.37 194.89 196.41 197.53 198.37 199.00 199.31 199.33 198.95 198.18 197.05 0.00 0.00 0.00 0.00 0.00 0.00 0.00 0.00 0.00 0.00 0.00 0.00 0.00 0.00 0.00 0.00 0.00 0.00 0.00 0.00 0.00 0.00 0.00 0.00 0.00 0.00 0.00 0.00 0.00 0.00 0.00 0.00 0.00 165.11 166.26 167.35 168.41 169.50 170.52 171.48 172.38 173.17 173.90 174.53 175.15 175.62 176.03 176.37 176.58 176.66 176.65 176.56 176.26 175.80 175.16
171.16 173.51 176.02 178.43 180.78 183.08 185.25 187.29 189.21 190.98 192.66 194.30 195.87 197.39 198.80 199.75 200.16 200.30 200.24 200.04 199.53 198.63 197.42 195.78 193.99 191.86 0.00 0.00 0.00 0.00 0.00 0.00 0.00 0.00 0.00 0.00 0.00 0.00 0.00 0.00 0.00 0.00 0.00 0.00 0.00 0.00 0.00 0.00 0.00 0.00 0.00 0.00 0.00 0.00 0.00 161.44 162.64 163.82 165.05 166.23 167.39 168.52 169.55 170.53 171.42 172.22 172.93 173.53 174.06 174.49 174.80 174.99 175.01 174.96 174.79 174.50 174.03 173.30
174.08 176.48 178.98 181.45 183.75 186.01 188.12 190.10 191.89 193.63 195.28 196.83 198.35 199.86 201.12 201.77 201.87 201.59 201.26 200.88 200.30 199.33 197.98 196.28 194.22 191.86 189.36 186.65 0.00 0.00 0.00 174.91 171.71 168.40 165.28 162.33 159.69 157.46 155.52 0.00 0.00 0.00 0.00 0.00 0.00 0.00 0.00 0.00 0.00 0.00 0.00 0.00 0.00 0.00 0.00 158.80 160.03 161.31 162.58 163.86 165.11 166.27 167.35 168.42 169.39 170.20 170.97 171.59 172.14 172.58 172.92 173.04 173.04 172.91 172.69 172.40 171.83 171.08
177.05 179.54 182.04 184.45 186.78 188.96 191.03 192.87 194.60 196.23 197.81 199.30 200.78 202.20 203.30 203.71 203.49 202.90 202.39 201.92 201.25 200.21 198.77 197.00 194.72 192.17 189.50 186.65 183.64 0.00 177.49 174.24 170.90 167.53 164.14 161.05 158.24 155.78 0.00 0.00 0.00 0.00 0.00 0.00 0.00 0.00 0.00 0.00 0.00 0.00 0.00 0.00 0.00 0.00 0.00 156.12 157.40 158.70 160.05 161.39 162.63 163.86 164.99 166.05 167.01 167.87 168.63 169.35 169.91 170.34 170.62 170.78 170.74 170.58 170.28 169.84 169.30 168.49
180.18 182.67 185.14 187.52 189.75 191.93 193.87 195.63 197.22 198.73 200.21 201.67 203.08 204.40 205.37 205.58 205.08 204.33 203.67 203.09 202.36 201.26 199.72 197.75 195.45 192.77 189.90 186.90 183.71 180.42 177.10 173.76 170.26 166.72 163.14 159.85 156.89 0.00 0.00 0.00 0.00 0.00 0.00 0.00 0.00 0.00 0.00 0.00 0.00 0.00 0.00 0.00 0.00 0.00 0.00 0.00 154.72 156.06 157.42 158.76 160.05 161.23 162.41 163.49 164.43 165.28 166.08 166.81 167.39 167.85 168.10 168.21 168.13 167.90 167.58 167.07 166.42 165.55
183.41 185.87 188.28 190.56 192.76 194.79 196.63 198.26 199.74 201.16 202.53 203.88 205.24 206.50 207.37 207.36 206.70 205.88 205.12 204.47 203.65 202.45 200.83 198.75 196.31 193.56 190.56 187.39 184.02 180.54 176.98 173.43 169.80 165.99 162.30 158.80 155.66 0.00 0.00 0.00 0.00 0.00 0.00 0.00 0.00 0.00 0.00 0.00 0.00 0.00 0.00 0.00 0.00 0.00 0.00 0.00 152.02 153.36 154.73 156.04 157.33 158.55 159.69 160.79 161.72 162.56 163.34 164.04 164.63 165.04 165.27 165.32 165.23 164.98 164.57 164.02 163.28 162.36
186.68 189.07 191.42 193.60 195.64 197.57 199.28 200.80 202.17 203.48 204.73 205.96 207.21 208.44 209.23 209.11 208.37 207.44 206.66 205.96 205.06 203.78 202.07 199.91 197.37 194.50 191.40 188.07 184.53 180.87 177.12 173.36 169.50 165.48 161.60 157.97 154.62 0.00 0.00 0.00 0.00 0.00 0.00 0.00 0.00 0.00 0.00 0.00 0.00 0.00 0.00 0.00 0.00 0.00 0.00 147.93 149.25 150.59 151.97 153.27 154.52 155.75 156.90 157.96 158.91 159.71 160.41 161.10 161.61 161.95 162.18 162.20 162.08 161.83 161.34 160.76 159.99 159.00
189.93 192.23 194.49 196.56 198.46 200.26 201.86 203.27 204.53 205.68 206.79 207.89 209.01 210.13 210.89 210.76 210.00 209.03 208.18 207.42 206.48 205.16 203.38 201.19 198.53 195.55 192.35 188.87 185.18 181.37 177.51 173.49 169.41 165.22 161.11 157.27 153.77 0.00 0.00 0.00 0.00 0.00 0.00 0.00 0.00 0.00 0.00 0.00 0.00 0.00 0.00 0.00 0.00 0.00 0.00 145.11 146.45 147.78 149.09 150.44 151.66 152.83 153.96 155.02 155.94 156.68 157.37 157.96 158.42 158.72 158.88 158.91 158.78 158.46 157.99 157.32 156.51 155.50
193.18 195.36 197.47 199.44 201.23 202.88 204.37 205.69 206.81 207.81 208.72 209.62 210.58 211.55 212.30 212.26 211.52 210.58 209.70 208.86 207.85 206.47 204.68 202.48 199.75 196.67 193.32 189.70 185.92 182.00 177.97 173.82 169.50 165.10 160.74 156.72 153.10 149.82 0.00 0.00 0.00 0.00 0.00 0.00 0.00 0.00 0.00 0.00 0.00 0.00 0.00 0.00 0.00 0.00 0.00 0.00 143.63 144.90 146.21 147.49 148.71 149.83 150.93 151.96 152.80 153.55 154.20 154.71 155.11 155.39 155.50 155.51 155.32 154.96 154.47 153.73 152.87 151.83
196.42 198.45 200.42 202.25 203.95 205.46 206.84 208.02 209.00 209.83 210.55 211.20 211.92 212.73 213.36 213.42 212.91 212.07 211.14 210.20 209.12 207.71 205.92 203.69 200.93 197.84 194.37 190.65 186.72 182.67 178.53 174.22 169.66 164.98 160.48 156.38 152.57 149.13 146.14 0.00 0.00 0.00 0.00 0.00 0.00 0.00 0.00 0.00 0.00 0.00 0.00 0.00 0.00 0.00 0.00 0.00 140.89 142.07 143.29 144.49 145.66 146.79 147.84 148.80 149.62 150.31 150.89 151.38 151.77 151.95 152.03 151.97 151.76 151.36 150.78 150.00 149.11 148.04
199.61 201.53 203.33 205.02 206.55 208.00 209.21 210.22 211.06 211.71 212.24 212.65 213.08 213.60 214.10 214.26 214.01 213.33 212.43 211.42 210.22 208.79 207.01 204.77 202.10 199.00 195.54 191.73 187.67 183.52 179.16 174.58 169.76 164.91 160.30 156.05 152.12 148.62 145.51 142.78 140.40 138.39 0.00 0.00 0.00 0.00 0.00 0.00 0.00 0.00 0.00 0.00 0.00 0.00 0.00 0.00 138.21 139.26 140.37 141.50 142.62 143.69 144.69 145.63 146.38 147.01 147.55 148.00 148.28 148.46 148.48 148.37 148.11 147.66 146.98 146.23 145.29 144.21
202.78 204.54 206.21 207.76 209.17 210.41 211.47 212.35 212.99 213.46 213.78 214.00 214.13 214.28 214.58 214.78 214.67 214.28 213.47 212.38 211.14 209.64 207.86 205.74 203.15 200.13 196.70 192.87 188.74 184.42 179.81 174.89 169.88 164.79 160.13 155.79 151.83 148.21 145.00 142.20 139.73 137.62 135.85 134.42 0.00 0.00 0.00 0.00 0.00 0.00 0.00 0.00 0.00 0.00 0.00 0.00 135.60 136.55 137.53 138.58 139.62 140.57 141.53 142.37 143.05 143.64 144.17 144.55 144.79 144.86 144.89 144.73 144.42 143.90 143.24 142.41 141.48 140.37
205.82 207.46 209.00 210.41 211.69 212.74 213.64 214.31 214.81 215.11 215.27 215.28 215.14 215.03 215.09 215.16 215.17 214.91 214.21 213.15 211.82 210.27 208.51 206.50 204.04 201.13 197.77 193.97 189.78 185.25 180.36 175.25 169.92 164.84 160.04 155.70 151.65 147.94 144.67 141.80 139.26 137.02 135.11 133.57 0.00 0.00 0.00 0.00 0.00 0.00 0.00 0.00 0.00 0.00 0.00 0.00 133.12 133.99 134.88 135.77 136.66 137.53 138.36 139.09 139.72 140.27 140.72 141.08 141.23 141.28 141.22 141.07 140.71 140.16 139.45 138.63 137.67 136.68
208.67 210.25 211.67 212.94 214.04 215.00 215.68 216.20 216.52 216.67 216.67 216.54 216.33 216.07 215.80 215.74 215.68 215.38 214.75 213.72 212.34 210.74 208.99 207.04 204.73 201.93 198.63 194.84 190.56 185.81 180.82 175.47 170.12 164.97 160.21 155.72 151.59 147.85 144.49 141.48 138.81 136.47 134.45 0.00 0.00 0.00 0.00 0.00 0.00 0.00 0.00 0.00 0.00 0.00 0.00 0.00 0.00 131.53 132.32 133.10 133.86 134.60 135.28 135.91 136.47 136.93 137.32 137.58 137.69 137.67 137.59 137.35 136.99 136.44 135.78 134.90 134.02 133.03
211.42 212.87 214.20 215.36 216.32 217.06 217.64 217.97 218.14 218.16 218.08 217.88 217.62 217.27 216.86 216.56 216.22 215.79 215.09 214.08 212.65 211.02 209.19 207.23 205.01 202.31 198.99 195.11 190.73 185.99 180.87 175.58 170.28 165.22 160.41 155.92 151.69 147.84 144.34 141.27 138.48 135.98 0.00 0.00 0.00 0.00 0.00 0.00 0.00 0.00 0.00 0.00 0.00 0.00 0.00 0.00 0.00 129.13 129.85 130.48 131.13 131.77 132.39 132.91 133.31 133.71 134.03 134.23 134.25 134.23 134.01 133.77 133.37 132.86 0.00 0.00 0.00 0.00
214.02 215.36 216.55 217.60 218.41 219.02 219.41 219.63 219.63 219.58 219.45 219.22 218.88 218.46 217.98 217.34 216.71 216.04 215.22 214.07 212.63 210.86 208.96 206.92 204.62 201.90 198.63 194.76 190.37 185.60 180.57 175.46 170.37 165.36 160.60 156.02 151.76 147.82 144.26 141.03 138.12 0.00 0.00 0.00 0.00 0.00 0.00 0.00 0.00 0.00 0.00 0.00 0.00 0.00 0.00 0.00 0.00 126.82 127.40 128.00 128.51 129.04 129.57 130.01 130.34 130.64 130.89 0.00 0.00 130.90 130.71 0.00 0.00 0.00 0.00 0.00 0.00 0.00
216.36 217.61 218.68 219.56 220.26 220.72 220.98 221.04 221.01 220.89 220.70 220.43 220.03 219.52 218.86 218.04 217.13 216.15 215.07 213.79 212.22 210.33 208.19 206.00 203.57 200.83 197.57 193.79 189.53 184.92 180.07 175.16 170.20 165.36 160.62 156.07 151.75 147.75 0.00 0.00 0.00 0.00 0.00 0.00 0.00 0.00 0.00 0.00 0.00 0.00 0.00 0.00 0.00 0.00 0.00 0.00 124.21 124.65 125.14 125.56 0.00 0.00 126.86 127.22 127.51 127.75 0.00 0.00 0.00 0.00 0.00 0.00 0.00 0.00 0.00 0.00 0.00 0.00
218.47 219.58 220.51 221.26 221.79 222.15 222.28 222.26 222.18 222.03 221.81 221.45 220.98 220.32 219.51 218.56 217.46 216.21 214.88 213.36 211.63 209.58 207.28 204.82 202.27 199.43 196.19 192.56 188.48 184.07 179.46 174.69 169.88 165.13 160.49 155.97 151.62 0.00 0.00 0.00 0.00 0.00 0.00 0.00 0.00 0.00 0.00 0.00 0.00 0.00 0.00 0.00 0.00 0.00 0.00 0.00 122.31 122.66 0.00 0.00 0.00 0.00 0.00 0.00 0.00 0.00 0.00 0.00 0.00 0.00 0.00 0.00 0.00 0.00 0.00 0.00 0.00 0.00
220.27 221.25 222.05 222.66 223.06 223.28 223.32 223.26 223.15 222.96 222.69 222.24 221.63 220.89 219.98 218.90 217.60 216.21 214.61 212.88 210.96 208.78 206.33 203.71 200.94 197.96 194.76 191.23 187.31 183.08 178.65 174.03 169.34 164.72 160.18 155.66 0.00 0.00 0.00 0.00 0.00 0.00 0.00 0.00 0.00 0.00 0.00 0.00 0.00 0.00 0.00 0.00 0.00 0.00 0.00 0.00 0.00 0.00 0.00 0.00 0.00 0.00 0.00 0.00 0.00 0.00 0.00 0.00 0.00 0.00 0.00 0.00 0.00 0.00 0.00 0.00 0.00 0.00
221.77 222.63 223.30 223.75 224.03 224.14 224.10 224.01 223.86 223.62 223.26 222.74 222.05 221.21 220.19 218.94 217.54 215.99 214.23 212.32 210.23 207.91 205.37 202.61 199.67 196.59 193.34 189.83 186.04 181.96 177.64 173.15 168.60 164.08 159.60 155.17 150.86 0.00 0.00 0.00 0.00 0.00 0.00 0.00 0.00 0.00 0.00 0.00 0.00 0.00 0.00 0.00 0.00 0.00 0.00 0.00 0.00 0.00 0.00 0.00 0.00 0.00 0.00 0.00 0.00 0.00 0.00 0.00 0.00 0.00 0.00 0.00 0.00 0.00 0.00 0.00 0.00 0.00
222.97 223.70 224.23 224.57 224.76 224.75 224.64 224.46 224.26 223.97 223.52 222.92 222.18 221.22 220.06 218.72 217.20 215.53 213.66 211.61 209.38 206.94 204.29 201.43 198.36 195.19 191.87 188.39 184.68 180.71 176.50 172.12 167.66 163.25 158.84 154.51 150.27 146.18 142.43 0.00 0.00 0.00 0.00 0.00 0.00 0.00 0.00 0.00 0.00 0.00 0.00 0.00 0.00 0.00 0.00 0.00 0.00 0.00 0.00 0.00 0.00 0.00 0.00 0.00 0.00 0.00 0.00 0.00 0.00 0.00 0.00 0.00 0.00 0.00 0.00 0.00 0.00 0.00
223.83 224.44 224.85 225.10 225.17 225.07 224.88 224.62 224.33 223.99 223.47 222.78 221.94 220.90 219.65 218.18 216.54 214.78 212.82 210.69 208.35 205.78 203.03 200.09 196.93 193.66 190.31 186.85 183.19 179.31 175.22 170.95 166.58 162.25 157.95 153.66 149.49 145.49 141.73 138.29 135.20 0.00 0.00 0.00 0.00 0.00 0.00 0.00 0.00 0.00 0.00 0.00 0.00 0.00 0.00 0.00 0.00 0.00 0.00 0.00 0.00 0.00 0.00 0.00 0.00 0.00 0.00 0.00 0.00 0.00 0.00 0.00 0.00 0.00 0.00 0.00 0.00 0.00
224.35 224.83 225.14 225.27 225.23 225.04 224.75 224.40 224.04 223.61 223.05 222.29 221.32 220.22 218.88 217.29 215.60 213.74 211.68 209.45 207.04 204.41 201.57 198.53 195.30 191.97 188.64 185.17 181.55 177.75 173.78 169.62 165.39 161.10 156.87 152.64 148.55 144.64 140.93 137.50 134.46 131.65 0.00 0.00 0.00 0.00 0.00 0.00 0.00 0.00 0.00 0.00 0.00 0.00 0.00 0.00 0.00 0.00 0.00 0.00 0.00 0.00 0.00 0.00 0.00 0.00 0.00 0.00 0.00 0.00 0.00 0.00 0.00 0.00 0.00 0.00 0.00 0.00
224.53 224.88 225.06 225.08 224.91 224.65 224.24 223.80 223.39 222.89 222.25 221.41 220.38 219.14 217.74 216.10 214.32 212.35 210.22 207.92 205.44 202.75 199.88 196.75 193.46 190.13 186.78 183.34 179.77 176.03 172.15 168.10 163.99 159.77 155.58 151.42 147.44 143.61 139.97 136.65 133.61 130.88 0.00 0.00 0.00 0.00 0.00 0.00 0.00 0.00 0.00 0.00 0.00 0.00 0.00 0.00 0.00 0.00 0.00 0.00 0.00 0.00 0.00 0.00 0.00 0.00 0.00 0.00 0.00 0.00 0.00 0.00 0.00 0.00 0.00 0.00 0.00 0.00
224.31 224.56 224.63 224.53 224.30 223.92 223.41 222.86 222.35 221.80 221.10 220.17 219.06 217.78 216.24 214.58 212.73 210.65 208.47 206.10 203.53 200.81 197.86 194.71 191.41 188.07 184.73 181.34 177.83 174.15 170.30 166.40 162.35 158.27 154.06 150.05 146.14 142.39 138.91 135.64 132.65 129.96 0.00 0.00 0.00 0.00 0.00 0.00 0.00 0.00 0.00 0.00 0.00 0.00 0.00 0.00 0.00 0.00 0.00 0.00 0.00 0.00 0.00 0.00 0.00 0.00 0.00 0.00 0.00 0.00 0.00 0.00 0.00 0.00 0.00 0.00 0.00 0.00
223.64 223.82 223.84 223.64 223.33 222.83 222.20 221.55 220.91 220.28 219.51 218.53 217.36 215.98 214.46 212.73 210.81 208.70 206.41 203.96 201.37 198.56 195.59 192.41 189.12 185.80 182.51 179.16 175.68 172.05 168.35 164.46 160.56 156.48 152.45 148.51 144.72 141.09 137.63 134.49 131.59 0.00 0.00 0.00 0.00 0.00 0.00 0.00 0.00 0.00 0.00 0.00 0.00 0.00 0.00 0.00 0.00 0.00 0.00 0.00 0.00 0.00 0.00 0.00 0.00 0.00 0.00 0.00 0.00 0.00 0.00 0.00 0.00 0.00 0.00 0.00 0.00 0.00
222.59 222.67 222.58 222.34 221.93 221.31 220.58 219.82 219.08 218.32 217.45 216.42 215.19 213.80 212.20 210.44 208.47 206.32 203.98 201.49 198.84 196.03 193.02 189.87 186.59 183.39 180.12 176.78 173.36 169.81 166.14 162.42 158.53 154.59 150.65 146.82 143.13 139.59 136.29 133.25 130.49 0.00 0.00 0.00 0.00 0.00 0.00 0.00 0.00 0.00 0.00 0.00 0.00 0.00 0.00 0.00 0.00 0.00 0.00 0.00 0.00 0.00 0.00 0.00 0.00 0.00 0.00 0.00 0.00 0.00 0.00 0.00 0.00 0.00 0.00 0.00 0.00 0.00
221.07 221.06 220.88 220.58 220.07 219.39 218.57 217.68 216.82 215.97 215.00 213.86 212.61 211.17 209.52 207.75 205.73 203.52 201.17 198.67 195.99 193.14 190.19 187.04 183.93 180.74 177.55 174.27 170.87 167.39 163.80 160.13 156.40 152.54 148.75 0.00 0.00 0.00 134.86 132.00 0.00 0.00 0.00 0.00 0.00 0.00 0.00 0.00 0.00 0.00 0.00 0.00 0.00 0.00 0.00 0.00 0.00 0.00 0.00 0.00 0.00 0.00 0.00 0.00 0.00 0.00 0.00 0.00 0.00 0.00 0.00 0.00 0.00 0.00 0.00 0.00 0.00 0.00
219.05 218.94 218.73 218.34 217.78 217.06 216.16 215.18 214.22 213.22 212.11 210.90 209.57 208.09 206.49 204.65 202.62 200.40 198.02 195.52 192.83 190.01 187.05 184.04 180.99 177.93 174.82 171.59 168.23 164.80 161.32 157.76 154.09 150.37 0.00 0.00 0.00 0.00 0.00 0.00 0.00 0.00 0.00 0.00 0.00 0.00 0.00 0.00 0.00 0.00 0.00 0.00 0.00 0.00 0.00 0.00 0.00 0.00 0.00 0.00 0.00 0.00 0.00 0.00 0.00 0.00 0.00 0.00 0.00 0.00 0.00 0.00 0.00 0.00 0.00 0.00 0.00 0.00
216.54 216.39 216.09 215.65 215.08 214.32 213.35 212.32 211.27 210.12 208.89 207.57 206.17 204.65 203.02 201.19 199.14 196.93 194.58 192.07 189.42 186.63 183.75 180.81 177.86 174.92 171.88 168.71 165.43 162.06 158.65 155.17 0.00 148.04 0.00 0.00 0.00 0.00 0.00 0.00 0.00 0.00 0.00 0.00 0.00 0.00 0.00 0.00 0.00 0.00 0.00 0.00 0.00 0.00 0.00 0.00 0.00 0.00 0.00 0.00 0.00 0.00 0.00 0.00 0.00 0.00 0.00 0.00 0.00 0.00 0.00 0.00 0.00 0.00 0.00 0.00 0.00 0.00
213.61 213.38 213.04 212.56 211.93 211.13 210.15 209.09 207.95 206.72 205.41 203.99 202.49 200.91 199.23 197.39 195.35 193.15 190.84 188.39 185.80 183.06 180.28 177.47 174.61 171.71 168.73 165.66 162.46 159.15 0.00 0.00 0.00 0.00 0.00 0.00 0.00 0.00 0.00 0.00 0.00 0.00 0.00 0.00 0.00 0.00 0.00 0.00 0.00 0.00 0.00 0.00 0.00 0.00 0.00 0.00 0.00 0.00 0.00 0.00 0.00 0.00 0.00 0.00 0.00 0.00 0.00 0.00 0.00 0.00 0.00 0.00 0.00 0.00 0.00 0.00 0.00 0.00
210.25 209.98 209.57 209.02 208.34 207.48 206.52 205.43 204.24 203.01 201.62 200.16 198.59 196.92 195.22 193.35 191.32 189.17 186.91 184.52 181.99 179.37 176.73 173.99 171.19 168.35 165.43 162.45 159.33 0.00 0.00 0.00 0.00 0.00 0.00 0.00 0.00 0.00 0.00 0.00 0.00 0.00 0.00 0.00 0.00 0.00 0.00 0.00 0.00 0.00 0.00 0.00 0.00 0.00 0.00 0.00 0.00 0.00 0.00 0.00 0.00 0.00 0.00 0.00 0.00 0.00 0.00 0.00 0.00 0.00 0.00 0.00 0.00 0.00 0.00 0.00 0.00 0.00
206.49 206.14 205.67 205.06 204.33 203.44 202.44 201.31 200.15 198.91 197.52 196.02 194.43 192.80 191.01 189.15 187.14 185.02 182.84 180.54 178.08 175.59 173.02 170.37 167.66 164.85 162.03 159.13 156.09 0.00 0.00 0.00 0.00 0.00 0.00 0.00 0.00 0.00 0.00 0.00 0.00 0.00 0.00 0.00 0.00 0.00 0.00 0.00 0.00 0.00 0.00 0.00 0.00 0.00 0.00 0.00 0.00 0.00 0.00 0.00 0.00 0.00 0.00 0.00 0.00 0.00 0.00 0.00 0.00 0.00 0.00 0.00 0.00 0.00 0.00 0.00 0.00 0.00
202.38 201.90 201.38 200.71 199.92 198.98 197.96 196.85 195.72 194.44 193.07 191.57 189.97 188.36 186.63 184.76 182.79 180.73 178.61 176.41 174.08 171.66 169.14 166.60 163.99 161.27 158.51 155.70 0.00 0.00 0.00 0.00 0.00 0.00 0.00 0.00 0.00 0.00 0.00 0.00 0.00 0.00 0.00 0.00 0.00 0.00 0.00 0.00 0.00 0.00 0.00 0.00 0.00 0.00 0.00 0.00 0.00 0.00 0.00 0.00 0.00 0.00 0.00 0.00 0.00 0.00 0.00 0.00 0.00 0.00 0.00 0.00 0.00 0.00 0.00 0.00 0.00 0.00
