ASPA-UH-SWB2_REPO/output/post_prcessed_with_MFR/rainfall_annual.asc
NCOLS 350
NROWS 200
XLLCENTER 515000.000000
YLLCENTER 8409000.000000
CELLSIZE 100.000000
NODATA_value -999.000000
[rows 140 to 174 of 200, columns 78 to 155 of 350]
0.00 125.28 126.48 127.67 128.84 129.97 131.06 132.16 133.26 134.31 135.28 136.24 137.23 138.21 139.17 140.18 141.23 142.32 143.44 144.60 145.75 146.78 147.74 148.64 149.43 150.14 150.79 151.30 151.64 151.94 152.18 152.33 152.35 152.25 152.02 151.61 151.15 150.54 149.79 148.92 147.97 146.90 145.76 144.53 143.22 141.81 140.29 138.80 137.28 135.75 134.26 132.76 131.28 129.83 128.43 127.12 125.85 124.66 123.50 122.34 121.27 120.20 119.14 118.12 117.05 116.10 115.16 114.30 113.46 112.70 111.98 111.26 110.58 109.99 109.54 109.12 108.77 108.42
0.00 0.00 124.93 126.01 127.12 128.20 129.20 130.18 131.19 132.15 133.03 133.86 134.68 135.58 136.49 137.48 138.53 139.63 140.78 141.98 143.08 144.09 145.10 146.04 146.84 147.56 148.19 148.71 149.12 149.42 149.66 149.91 150.00 149.96 149.84 149.56 149.10 148.56 147.91 147.17 146.23 145.26 144.19 143.04 141.79 140.43 139.05 137.57 136.14 134.70 133.25 131.80 130.34 128.96 127.59 126.34 125.16 124.06 122.95 121.86 120.77 119.68 118.65 117.61 116.60 115.65 114.77 113.92 113.13 112.37 111.66 110.99 110.35 109.75 109.27 0.00 0.00 0.00
0.00 0.00 0.00 124.75 125.72 126.73 127.68 128.59 129.44 130.26 131.02 131.75 132.45 133.19 134.05 135.06 136.16 137.31 138.46 139.60 140.70 141.71 142.70 143.60 144.44 145.16 145.79 146.36 146.77 147.09 147.35 147.59 147.77 147.83 147.77 147.56 147.22 146.74 146.19 145.45 144.66 143.74 142.74 141.62 140.44 139.20 137.82 136.47 135.07 133.72 132.28 130.87 129.49 128.13 126.84 125.61 124.58 123.55 122.46 121.40 120.30 119.21 118.15 117.12 116.17 115.31 114.42 113.60 112.80 112.07 111.36 110.71 110.14 0.00 0.00 0.00 0.00 0.00
0.00 0.00 0.00 123.78 124.68 125.58 126.42 127.21 127.97 128.69 129.33 129.93 130.50 131.11 131.97 132.98 134.09 135.23 136.36 137.46 138.52 139.54 140.49 141.38 142.21 142.95 143.64 144.20 144.63 144.97 145.26 145.51 145.69 145.84 145.84 145.69 145.42 145.05 144.53 143.95 143.16 142.30 141.36 140.33 139.20 137.98 136.76 135.42 134.14 132.75 131.39 130.03 128.71 127.39 126.11 124.96 123.98 123.00 121.96 120.89 119.77 118.68 117.63 116.67 115.78 114.90 114.06 113.29 112.52 111.77 111.10 110.50 0.00 0.00 0.00 0.00 0.00 0.00
0.00 0.00 122.20 123.09 123.91 124.70 125.43 126.10 126.73 127.32 127.88 128.38 128.85 129.44 130.24 131.22 132.30 133.37 134.43 135.51 136.54 137.53 138.49 139.38 140.20 140.94 141.61 142.19 142.66 143.03 143.30 143.56 143.79 143.95 144.03 143.97 143.78 143.45 143.06 142.48 141.79 140.97 140.09 139.10 138.02 136.87 135.68 134.52 133.17 131.88 130.54 129.23 127.97 126.71 125.44 124.33 123.36 122.41 121.40 120.32 119.25 118.19 117.20 116.27 115.40 114.53 113.73 112.95 112.22 111.49 110.87 110.29 0.00 0.00 0.00 0.00 0.00 0.00
0.00 0.00 121.74 122.57 123.34 124.04 124.70 125.27 125.77 126.25 126.71 127.12 127.53 128.10 128.88 129.81 130.78 131.76 132.75 133.77 134.81 135.77 136.70 137.55 138.36 139.09 139.74 140.31 140.80 141.16 141.46 141.70 141.96 142.19 142.34 142.35 142.19 141.96 141.61 141.13 140.47 139.71 138.87 137.91 136.91 135.82 134.70 133.48 132.30 131.01 129.72 128.48 127.26 126.04 124.81 123.70 122.71 121.80 120.80 119.80 118.77 117.79 116.82 115.93 115.01 114.19 113.39 112.66 111.93 111.25 110.63 110.07 0.00 0.00 0.00 0.00 0.00 0.00
0.00 120.47 121.33 122.16 122.88 123.56 124.15 124.66 125.11 125.51 125.87 126.20 126.56 127.07 127.81 128.68 129.55 130.45 131.37 132.32 133.28 134.24 135.11 135.92 136.67 137.40 138.04 138.59 139.05 139.44 139.73 139.98 140.27 140.55 140.77 140.81 140.72 140.53 140.28 139.84 139.23 138.50 137.71 136.82 135.85 134.82 133.71 132.59 131.42 130.19 128.94 127.75 126.59 125.42 124.20 123.07 122.11 121.22 120.29 119.31 118.33 117.39 116.47 115.54 114.68 113.84 113.08 112.35 111.68 111.03 110.42 109.86 0.00 0.00 0.00 0.00 0.00 0.00
0.00 120.22 121.05 121.81 122.52 123.18 123.77 124.28 124.70 125.06 125.37 125.61 125.88 126.33 127.00 127.77 128.57 129.39 130.24 131.10 131.97 132.84 133.69 134.45 135.18 135.88 136.50 137.04 137.52 137.90 138.15 138.40 138.73 139.04 139.30 139.41 139.35 139.21 138.99 138.63 138.06 137.39 136.62 135.79 134.87 133.87 132.81 131.74 130.60 129.40 128.23 127.06 125.95 124.84 123.66 122.55 121.59 120.67 119.77 118.83 117.90 116.97 116.04 115.16 114.29 113.50 112.75 112.08 111.42 110.78 110.21 109.68 109.16 0.00 0.00 0.00 0.00 0.00
0.00 120.09 120.87 121.62 122.30 122.94 123.53 124.03 124.44 124.80 125.07 125.25 125.43 125.80 126.40 127.09 127.81 128.56 129.31 130.07 130.85 131.66 132.41 133.14 133.84 134.49 135.13 135.66 136.08 136.45 136.73 136.98 137.30 137.69 137.99 138.13 138.11 137.99 137.81 137.47 136.96 136.32 135.60 134.80 133.93 132.98 131.95 130.89 129.80 128.67 127.52 126.41 125.37 124.31 123.18 122.09 121.09 120.15 119.26 118.36 117.43 116.54 115.67 114.77 113.95 113.18 112.45 111.79 111.16 110.55 110.00 109.46 0.00 0.00 0.00 0.00 0.00 0.00
0.00 120.07 120.84 121.57 122.23 122.86 123.42 123.92 124.33 124.66 124.92 125.08 125.22 125.50 126.01 126.63 127.28 127.94 128.61 129.27 129.95 130.63 131.32 132.00 132.66 133.27 133.86 134.35 134.75 135.10 135.39 135.67 136.01 136.43 136.77 136.96 136.96 136.85 136.66 136.37 135.89 135.27 134.60 133.85 133.01 132.08 131.11 130.08 129.02 127.94 126.85 125.82 124.82 123.79 122.71 121.61 120.56 119.63 118.75 117.87 116.97 116.13 115.30 114.46 113.63 112.87 112.14 111.49 110.87 110.29 109.76 0.00 0.00 0.00 0.00 0.00 0.00 0.00
0.00 120.17 120.91 121.63 122.27 122.89 123.44 123.94 124.34 124.66 124.93 125.07 125.18 125.39 125.82 126.38 126.96 127.53 128.09 128.68 129.24 129.80 130.43 131.02 131.60 132.19 132.69 133.13 133.54 133.87 134.12 134.47 134.87 135.28 135.65 135.85 135.86 135.75 135.62 135.30 134.86 134.31 133.63 132.90 132.12 131.25 130.29 129.29 128.30 127.28 126.27 125.28 124.27 123.25 122.19 121.08 120.00 119.08 118.21 117.37 116.55 115.73 114.92 114.13 113.33 112.56 111.84 111.19 110.58 110.03 0.00 0.00 0.00 0.00 0.00 0.00 0.00 0.00
0.00 0.00 121.04 121.74 122.41 122.97 123.52 124.02 124.43 124.78 125.01 125.14 125.21 125.39 125.73 126.22 126.75 127.27 127.74 128.22 128.69 129.16 129.67 130.18 130.69 131.19 131.65 132.05 132.41 132.70 133.04 133.40 133.82 134.26 134.64 134.82 134.80 134.75 134.61 134.33 133.89 133.38 132.75 132.04 131.29 130.44 129.49 128.56 127.65 126.70 125.72 124.73 123.74 122.69 121.60 120.49 119.45 118.53 117.69 116.90 116.10 115.31 114.53 113.75 113.01 112.27 111.54 110.89 110.30 109.77 0.00 0.00 0.00 0.00 0.00 0.00 0.00 0.00
0.00 0.00 121.20 121.89 122.50 123.10 123.65 124.16 124.55 124.83 125.05 125.18 125.26 125.40 125.67 126.06 126.55 127.04 127.49 127.89 128.24 128.65 129.03 129.48 129.95 130.36 130.75 131.11 131.41 131.72 132.10 132.49 132.93 133.37 133.71 133.86 133.91 133.84 133.70 133.44 133.03 132.50 131.91 131.21 130.45 129.63 128.77 127.88 126.98 126.05 125.10 124.14 123.15 122.10 121.01 119.93 118.93 117.99 117.19 116.43 115.64 114.87 114.13 113.40 112.65 111.96 0.00 0.00 0.00 0.00 0.00 0.00 0.00 0.00 0.00 0.00 0.00 0.00
0.00 0.00 121.40 122.00 122.62 123.24 123.78 124.24 124.58 124.81 124.98 125.17 125.25 125.38 125.61 125.95 126.36 126.80 127.22 127.59 127.91 128.17 128.49 128.88 129.26 129.61 129.93 130.22 130.53 130.89 131.32 131.73 132.17 132.58 132.87 133.04 133.09 133.04 132.85 132.60 132.20 131.67 131.07 130.41 129.69 128.89 128.06 127.19 126.31 125.38 124.42 123.44 122.48 121.50 120.42 119.38 118.43 117.48 116.66 115.91 115.18 114.44 113.67 113.00 112.34 0.00 0.00 0.00 0.00 0.00 0.00 0.00 0.00 0.00 0.00 0.00 0.00 0.00
0.00 0.00 0.00 122.14 122.76 123.32 123.79 124.18 124.45 124.64 124.84 124.99 125.20 125.36 125.55 125.82 126.19 126.61 126.97 127.31 127.57 127.78 128.02 128.32 128.62 128.88 129.15 129.44 129.77 130.23 130.69 131.13 131.52 131.85 132.13 132.26 132.29 132.22 132.11 131.73 131.37 130.88 130.29 129.65 128.97 128.22 127.39 126.53 125.67 124.73 123.71 122.76 121.82 120.87 119.87 118.84 117.89 116.99 116.16 115.38 114.68 114.00 113.30 112.62 0.00 0.00 0.00 0.00 0.00 0.00 0.00 0.00 0.00 0.00 0.00 0.00 0.00 0.00
0.00 0.00 0.00 0.00 122.80 123.29 123.72 124.03 124.23 124.43 124.59 124.82 125.09 125.31 125.50 125.75 126.07 126.44 126.80 127.04 127.27 127.43 127.63 127.80 128.00 128.25 128.52 128.83 129.22 129.70 130.22 130.66 130.97 131.22 131.43 131.55 131.54 131.46 131.25 130.97 130.58 130.15 129.61 128.97 128.28 127.53 126.73 125.92 124.99 124.04 123.08 122.13 121.18 120.25 119.28 118.30 117.36 116.49 115.63 114.87 114.20 113.53 112.88 0.00 0.00 0.00 0.00 0.00 0.00 0.00 0.00 0.00 0.00 0.00 0.00 0.00 0.00 0.00
0.00 0.00 0.00 122.26 122.77 123.20 123.54 123.82 124.06 124.23 124.44 124.70 124.95 125.19 125.46 125.73 126.04 126.37 126.66 126.90 127.04 127.19 127.28 127.41 127.57 127.81 128.09 128.43 128.86 129.34 129.84 130.22 130.47 130.69 130.86 130.94 130.90 130.74 130.54 130.25 129.90 129.43 128.91 128.30 127.60 126.83 126.00 125.17 124.33 123.39 122.44 121.49 120.57 119.64 118.68 117.73 116.86 115.97 115.12 114.39 113.72 113.11 112.49 0.00 0.00 0.00 0.00 0.00 0.00 0.00 0.00 0.00 0.00 0.00 0.00 0.00 0.00 0.00
0.00 0.00 0.00 0.00 122.66 123.03 123.33 123.63 123.89 124.12 124.34 124.57 124.81 125.15 125.44 125.72 126.07 126.41 126.69 126.91 127.03 127.09 127.17 127.24 127.38 127.59 127.89 128.25 128.64 129.06 129.47 129.79 130.03 130.22 130.36 130.40 130.33 130.18 129.91 129.59 129.21 128.74 128.16 127.55 126.84 126.07 125.28 124.45 123.61 122.75 121.81 120.85 119.96 119.02 118.10 117.16 116.31 115.49 114.65 113.91 113.22 112.65 0.00 0.00 0.00 0.00 0.00 0.00 0.00 0.00 0.00 0.00 0.00 0.00 0.00 0.00 0.00 0.00
0.00 0.00 0.00 0.00 122.52 122.84 123.15 123.46 123.75 124.02 124.25 124.47 124.75 125.09 125.41 125.75 126.14 126.52 126.84 127.07 127.19 127.26 127.31 127.35 127.40 127.57 127.86 128.16 128.47 128.83 129.12 129.38 129.62 129.76 129.85 129.85 129.77 129.60 129.32 128.94 128.51 127.99 127.40 126.74 126.06 125.30 124.54 123.75 122.92 122.05 121.16 120.23 119.32 118.41 117.51 116.61 115.79 115.00 114.18 113.41 112.79 112.19 0.00 0.00 0.00 0.00 0.00 0.00 0.00 0.00 0.00 0.00 0.00 0.00 0.00 0.00 0.00 0.00
0.00 0.00 0.00 122.07 122.36 122.67 122.98 123.31 123.63 123.92 124.16 124.41 124.70 125.01 125.38 125.78 126.17 126.60 127.01 127.28 127.44 127.54 127.57 127.54 127.54 127.65 127.84 128.07 128.31 128.58 128.80 129.02 129.19 129.30 129.33 129.27 129.14 128.93 128.65 128.27 127.77 127.22 126.63 125.97 125.28 124.57 123.79 123.02 122.21 121.35 120.47 119.59 118.68 117.80 116.92 116.06 115.28 114.50 113.73 112.96 112.31 0.00 0.00 0.00 0.00 0.00 0.00 0.00 0.00 0.00 0.00 0.00 0.00 0.00 0.00 0.00 0.00 0.00
0.00 0.00 0.00 121.93 122.21 122.51 122.82 123.15 123.49 123.81 124.09 124.37 124.66 124.98 125.35 125.74 126.17 126.63 127.07 127.42 127.66 127.78 127.77 127.71 127.67 127.69 127.80 127.98 128.15 128.30 128.49 128.66 128.78 128.84 128.78 128.66 128.49 128.25 127.92 127.49 127.00 126.44 125.85 125.23 124.53 123.80 123.07 122.28 121.47 120.65 119.78 118.92 118.06 117.20 116.35 115.51 114.76 114.01 113.27 112.51 0.00 0.00 0.00 0.00 0.00 0.00 0.00 0.00 0.00 0.00 0.00 0.00 0.00 0.00 0.00 0.00 0.00 0.00
0.00 0.00 0.00 121.82 122.07 122.36 122.68 123.00 123.33 123.69 124.01 124.33 124.64 124.99 125.33 125.70 126.14 126.59 127.05 127.50 127.77 127.90 127.89 127.80 127.69 127.68 127.74 127.84 127.94 128.03 128.14 128.26 128.35 128.33 128.20 128.04 127.85 127.56 127.16 126.71 126.20 125.67 125.08 124.44 123.79 123.06 122.33 121.54 120.74 119.93 119.11 118.27 117.44 116.62 115.81 114.97 114.24 113.52 112.79 0.00 0.00 0.00 0.00 0.00 0.00 0.00 0.00 0.00 0.00 0.00 0.00 0.00 0.00 0.00 0.00 0.00 0.00 0.00
0.00 0.00 0.00 0.00 121.93 122.21 122.54 122.87 123.19 123.54 123.93 124.29 124.64 125.00 125.33 125.70 126.11 126.55 127.04 127.47 127.81 127.92 127.90 127.75 127.61 127.58 127.59 127.62 127.68 127.71 127.76 127.81 127.86 127.78 127.63 127.43 127.20 126.88 126.45 125.99 125.47 124.92 124.33 123.67 122.99 122.32 121.59 120.82 120.03 119.24 118.44 117.65 116.84 116.05 115.25 114.44 113.72 0.00 0.00 0.00 0.00 0.00 0.00 0.00 0.00 0.00 0.00 0.00 0.00 0.00 0.00 0.00 0.00 0.00 0.00 0.00 0.00 0.00
0.00 0.00 0.00 0.00 0.00 0.00 0.00 122.72 123.05 123.43 123.80 124.19 124.59 124.97 125.33 125.69 126.10 126.56 127.01 127.46 127.73 127.86 127.77 127.61 127.47 127.38 127.36 127.35 127.35 127.35 127.37 127.36 127.31 127.20 127.04 126.83 126.55 126.22 125.81 125.31 124.80 124.21 123.60 122.96 122.26 121.56 120.85 120.10 119.33 118.57 117.83 117.01 116.24 115.49 114.72 113.91 0.00 0.00 0.00 0.00 0.00 0.00 0.00 0.00 0.00 0.00 0.00 0.00 0.00 0.00 0.00 0.00 0.00 0.00 0.00 0.00 0.00 0.00
0.00 0.00 0.00 0.00 0.00 0.00 0.00 0.00 0.00 0.00 123.66 124.05 124.46 124.88 125.27 125.65 126.08 126.52 126.97 127.36 127.61 127.65 127.56 127.38 127.22 127.12 127.08 127.06 126.98 126.98 126.91 126.86 126.77 126.62 126.43 126.18 125.90 125.54 125.13 0.00 0.00 0.00 0.00 122.20 121.54 120.84 120.09 119.37 118.64 117.90 117.14 116.38 115.65 114.92 114.19 0.00 0.00 0.00 0.00 0.00 0.00 0.00 0.00 0.00 0.00 0.00 0.00 0.00 0.00 0.00 0.00 0.00 0.00 0.00 0.00 0.00 0.00 0.00
0.00 0.00 0.00 0.00 0.00 0.00 0.00 0.00 0.00 0.00 0.00 123.91 124.29 124.72 125.12 125.52 125.96 126.42 126.83 127.15 127.36 127.34 127.21 127.06 126.93 126.81 126.73 126.67 126.62 126.55 126.44 126.32 126.17 126.01 125.80 125.52 125.22 124.83 124.41 0.00 0.00 0.00 0.00 0.00 120.80 120.10 119.40 118.67 117.94 117.20 116.48 115.79 115.07 114.39 113.67 0.00 0.00 0.00 0.00 0.00 0.00 0.00 0.00 0.00 0.00 0.00 0.00 0.00 0.00 0.00 0.00 0.00 0.00 0.00 0.00 0.00 0.00 0.00
0.00 0.00 0.00 0.00 0.00 0.00 0.00 0.00 0.00 0.00 0.00 0.00 0.00 124.54 124.93 125.34 125.76 126.21 126.59 126.83 126.96 126.92 126.80 126.66 126.52 126.43 126.34 126.25 126.19 126.06 125.93 125.75 125.54 125.35 125.13 124.84 124.49 0.00 0.00 0.00 0.00 0.00 0.00 0.00 120.10 119.40 118.69 117.95 117.25 116.58 115.87 115.18 114.53 113.88 0.00 0.00 0.00 0.00 0.00 0.00 0.00 0.00 0.00 0.00 0.00 0.00 0.00 0.00 0.00 0.00 0.00 0.00 0.00 0.00 0.00 0.00 0.00 0.00
0.00 0.00 0.00 0.00 0.00 0.00 0.00 0.00 0.00 0.00 0.00 0.00 0.00 0.00 124.73 125.12 125.53 125.91 126.26 126.46 126.49 126.45 126.35 126.22 0.00 0.00 125.91 125.79 125.70 125.53 125.35 125.15 124.93 124.70 124.44 124.15 123.80 0.00 0.00 0.00 0.00 0.00 0.00 0.00 0.00 0.00 118.02 117.34 116.63 115.95 115.25 114.60 114.01 113.38 0.00 0.00 0.00 0.00 0.00 0.00 0.00 0.00 0.00 0.00 0.00 0.00 0.00 0.00 0.00 0.00 0.00 0.00 0.00 0.00 0.00 0.00 0.00 0.00
0.00 0.00 0.00 0.00 0.00 0.00 0.00 0.00 0.00 0.00 0.00 0.00 0.00 0.00 0.00 0.00 0.00 125.57 125.80 125.96 125.98 125.92 0.00 0.00 0.00 0.00 0.00 0.00 0.00 0.00 0.00 124.57 124.34 124.08 123.79 123.46 0.00 0.00 0.00 0.00 0.00 0.00 0.00 0.00 0.00 0.00 0.00 116.70 116.04 115.33 114.65 114.01 113.42 0.00 0.00 0.00 0.00 0.00 0.00 0.00 0.00 0.00 0.00 0.00 0.00 0.00 0.00 0.00 0.00 0.00 0.00 0.00 0.00 0.00 0.00 0.00 0.00 0.00
0.00 0.00 0.00 0.00 0.00 0.00 0.00 0.00 0.00 0.00 0.00 0.00 0.00 0.00 0.00 0.00 0.00 0.00 0.00 0.00 125.41 0.00 0.00 0.00 0.00 0.00 0.00 0.00 0.00 0.00 0.00 123.99 123.74 123.46 123.15 122.79 122.43 122.03 0.00 0.00 0.00 0.00 0.00 0.00 0.00 0.00 0.00 116.08 115.39 114.69 114.01 113.37 112.83 0.00 0.00 0.00 0.00 0.00 0.00 0.00 0.00 0.00 0.00 0.00 0.00 0.00 0.00 0.00 0.00 0.00 0.00 0.00 0.00 0.00 0.00 0.00 0.00 0.00
0.00 0.00 0.00 0.00 0.00 0.00 0.00 0.00 0.00 0.00 0.00 0.00 0.00 0.00 0.00 0.00 0.00 0.00 0.00 0.00 124.84 0.00 0.00 0.00 0.00 0.00 0.00 0.00 0.00 0.00 0.00 123.37 123.12 122.81 122.48 122.13 121.73 121.33 0.00 0.00 0.00 0.00 0.00 0.00 0.00 0.00 0.00 0.00 0.00 114.09 113.40 112.78 0.00 0.00 0.00 0.00 0.00 0.00 0.00 0.00 0.00 0.00 0.00 0.00 0.00 0.00 0.00 0.00 0.00 0.00 0.00 0.00 0.00 0.00 0.00 0.00 0.00 0.00
0.00 0.00 0.00 0.00 0.00 0.00 0.00 0.00 0.00 0.00 0.00 0.00 0.00 0.00 0.00 0.00 0.00 0.00 0.00 0.00 0.00 0.00 0.00 0.00 0.00 0.00 0.00 0.00 0.00 0.00 0.00 122.71 122.43 122.14 121.80 121.44 121.06 120.65 0.00 0.00 0.00 0.00 0.00 0.00 0.00 0.00 0.00 0.00 0.00 0.00 0.00 0.00 0.00 0.00 0.00 0.00 0.00 0.00 0.00 0.00 0.00 0.00 0.00 0.00 0.00 0.00 0.00 0.00 0.00 0.00 0.00 0.00 0.00 0.00 0.00 0.00 0.00 0.00
0.00 0.00 0.00 0.00 0.00 0.00 0.00 0.00 0.00 0.00 0.00 0.00 0.00 0.00 0.00 0.00 0.00 0.00 0.00 0.00 0.00 0.00 0.00 0.00 0.00 0.00 0.00 0.00 0.00 0.00 122.32 122.05 121.78 121.48 121.15 120.78 120.39 0.00 0.00 0.00 0.00 0.00 0.00 0.00 0.00 0.00 0.00 0.00 0.00 0.00 0.00 0.00 0.00 0.00 0.00 0.00 0.00 0.00 0.00 0.00 0.00 0.00 0.00 0.00 0.00 0.00 0.00 0.00 0.00 0.00 0.00 0.00 0.00 0.00 0.00 0.00 0.00 0.00
0.00 0.00 0.00 0.00 0.00 0.00 0.00 0.00 0.00 0.00 0.00 0.00 0.00 0.00 0.00 0.00 0.00 0.00 0.00 0.00 0.00 0.00 0.00 0.00 0.00 0.00 0.00 0.00 122.11 121.91 121.69 121.44 121.15 120.82 120.47 120.13 119.73 0.00 0.00 0.00 0.00 0.00 0.00 0.00 0.00 0.00 0.00 0.00 0.00 0.00 0.00 0.00 0.00 0.00 0.00 0.00 0.00 0.00 0.00 0.00 0.00 0.00 0.00 0.00 0.00 0.00 0.00 0.00 0.00 0.00 0.00 0.00 0.00 0.00 0.00 0.00 0.00 0.00
0.00 0.00 0.00 0.00 0.00 0.00 0.00 0.00 0.00 0.00 0.00 0.00 0.00 0.00 0.00 0.00 0.00 0.00 0.00 0.00 0.00 0.00 0.00 0.00 0.00 0.00 0.00 0.00 121.52 121.30 121.07 120.81 120.51 120.19 119.84 119.46 0.00 0.00 0.00 0.00 0.00 0.00 0.00 0.00 0.00 0.00 0.00 0.00 0.00 0.00 0.00 0.00 0.00 0.00 0.00 0.00 0.00 0.00 0.00 0.00 0.00 0.00 0.00 0.00 0.00 0.00 0.00 0.00 0.00 0.00 0.00 0.00 0.00 0.00 0.00 0.00 0.00 0.00
