ASPA-UH-SWB2_REPO/output/post_prcessed_with_MFR/runoff_annual.asc
NCOLS 350
NROWS 200
XLLCENTER 515000.000000
YLLCENTER 8409000.000000
CELLSIZE 100.000000
NODATA_value -999.000000
[rows 144 to 179 of 200, columns 81 to 161 of 350]
8.00 8.05 8.11 8.15 8.20 8.24 8.28 8.31 8.34 8.38 8.41 8.47 8.53 8.60 8.67 8.74 8.81 8.87 8.94 9.00 9.06 9.11 9.16 9.20 9.24 9.27 9.30 9.31 9.33 9.35 9.36 9.36 9.36 9.35 9.32 9.30 9.26 9.22 9.16 9.11 9.04 8.97 8.90 8.82 8.74 8.66 8.57 8.48 8.40 8.32 8.24 8.15 8.08 8.02 7.96 7.89 7.82 7.75 7.68 7.62 7.56 7.50 7.44 7.39 7.34 7.29 7.25 7.21 7.17 0.00 0.00 0.00 0.00 0.00 0.00 0.00 0.00 0.00 0.00 0.00 0.00
7.97 8.02 8.06 8.10 8.14 8.17 8.21 8.24 8.26 8.29 8.33 8.38 8.44 8.50 8.56 8.63 8.69 8.76 8.82 8.88 8.94 8.99 9.04 9.08 9.12 9.15 9.17 9.19 9.21 9.23 9.24 9.25 9.25 9.24 9.23 9.20 9.17 9.13 9.08 9.03 8.96 8.90 8.83 8.76 8.68 8.60 8.52 8.43 8.35 8.27 8.19 8.11 8.04 7.98 7.92 7.85 7.79 7.72 7.66 7.59 7.53 7.48 7.42 7.37 7.32 7.28 7.23 7.19 7.15 0.00 0.00 0.00 0.00 0.00 0.00 0.00 0.00 0.00 0.00 0.00 0.00
7.94 7.99 8.03 8.07 8.10 8.13 8.16 8.18 8.20 8.23 8.26 8.31 8.36 8.42 8.48 8.54 8.60 8.66 8.73 8.78 8.83 8.88 8.93 8.97 9.01 9.04 9.06 9.08 9.10 9.12 9.14 9.15 9.15 9.15 9.13 9.12 9.09 9.05 9.00 8.95 8.89 8.83 8.76 8.69 8.62 8.54 8.46 8.38 8.30 8.23 8.15 8.07 8.00 7.94 7.88 7.82 7.75 7.69 7.63 7.57 7.51 7.45 7.40 7.35 7.30 7.26 7.22 7.18 7.14 0.00 0.00 0.00 0.00 0.00 0.00 0.00 0.00 0.00 0.00 0.00 0.00
7.92 7.96 8.01 8.04 8.08 8.10 8.13 8.15 8.16 8.18 8.21 8.25 8.30 8.36 8.41 8.47 8.52 8.58 8.63 8.69 8.74 8.79 8.83 8.87 8.91 8.94 8.96 8.98 9.00 9.02 9.04 9.05 9.06 9.06 9.05 9.03 9.01 8.97 8.93 8.88 8.83 8.77 8.70 8.63 8.56 8.49 8.41 8.33 8.26 8.19 8.11 8.04 7.97 7.90 7.84 7.78 7.72 7.66 7.60 7.54 7.49 7.43 7.38 7.33 7.28 7.24 7.20 7.16 7.13 7.09 0.00 0.00 0.00 0.00 0.00 0.00 0.00 0.00 0.00 0.00 0.00
7.91 7.95 7.99 8.03 8.06 8.09 8.11 8.13 8.14 8.15 8.18 8.22 8.26 8.31 8.36 8.40 8.45 8.51 8.56 8.61 8.65 8.70 8.74 8.78 8.82 8.84 8.87 8.89 8.90 8.92 8.95 8.97 8.98 8.98 8.97 8.96 8.94 8.90 8.86 8.81 8.76 8.71 8.64 8.58 8.51 8.44 8.36 8.29 8.22 8.15 8.08 8.01 7.94 7.87 7.81 7.75 7.69 7.63 7.57 7.52 7.46 7.41 7.36 7.31 7.27 7.22 7.19 7.15 7.11 0.00 0.00 0.00 0.00 0.00 0.00 0.00 0.00 0.00 0.00 0.00 0.00
7.90 7.94 7.99 8.02 8.05 8.08 8.10 8.12 8.13 8.14 8.16 8.19 8.23 8.27 8.32 8.36 8.40 8.45 8.49 8.54 8.58 8.62 8.66 8.70 8.73 8.76 8.78 8.80 8.82 8.84 8.87 8.89 8.90 8.90 8.89 8.88 8.86 8.83 8.79 8.75 8.70 8.65 8.58 8.52 8.45 8.39 8.32 8.24 8.18 8.11 8.05 7.98 7.90 7.84 7.78 7.72 7.66 7.60 7.55 7.49 7.44 7.39 7.34 7.29 7.25 7.21 7.17 7.13 0.00 0.00 0.00 0.00 0.00 0.00 0.00 0.00 0.00 0.00 0.00 0.00 0.00
7.91 7.95 7.99 8.02 8.06 8.08 8.10 8.12 8.13 8.14 8.15 8.18 8.21 8.25 8.29 8.33 8.36 8.40 8.44 8.48 8.52 8.55 8.59 8.62 8.65 8.68 8.70 8.72 8.74 8.77 8.79 8.82 8.83 8.83 8.82 8.81 8.79 8.77 8.73 8.69 8.64 8.59 8.53 8.47 8.40 8.34 8.27 8.21 8.14 8.08 8.01 7.94 7.87 7.80 7.74 7.68 7.63 7.58 7.52 7.47 7.42 7.37 7.32 7.27 7.23 7.19 7.15 0.00 0.00 0.00 0.00 0.00 0.00 0.00 0.00 0.00 0.00 0.00 0.00 0.00 0.00
7.91 7.96 7.99 8.03 8.06 8.09 8.11 8.13 8.13 8.14 8.15 8.17 8.20 8.24 8.27 8.30 8.33 8.36 8.40 8.43 8.46 8.49 8.53 8.56 8.58 8.61 8.63 8.65 8.67 8.70 8.73 8.75 8.76 8.76 8.76 8.75 8.73 8.70 8.67 8.63 8.58 8.53 8.48 8.42 8.36 8.30 8.24 8.17 8.11 8.04 7.97 7.90 7.83 7.76 7.70 7.65 7.60 7.55 7.49 7.44 7.39 7.35 7.30 7.25 7.21 7.17 7.13 0.00 0.00 0.00 0.00 0.00 0.00 0.00 0.00 0.00 0.00 0.00 0.00 0.00 0.00
7.92 7.96 8.00 8.04 8.07 8.10 8.11 8.13 8.14 8.14 8.15 8.17 8.19 8.23 8.26 8.29 8.31 8.34 8.36 8.39 8.42 8.45 8.47 8.50 8.52 8.54 8.56 8.59 8.61 8.64 8.67 8.69 8.70 8.70 8.70 8.69 8.67 8.65 8.61 8.57 8.53 8.48 8.43 8.37 8.31 8.25 8.19 8.13 8.07 8.00 7.94 7.86 7.79 7.73 7.67 7.62 7.57 7.52 7.47 7.42 7.37 7.32 7.28 0.00 0.00 0.00 0.00 0.00 0.00 0.00 0.00 0.00 0.00 0.00 0.00 0.00 0.00 0.00 0.00 0.00 0.00
7.93 7.97 8.01 8.04 8.07 8.10 8.11 8.12 8.14 8.14 8.15 8.16 8.19 8.21 8.24 8.27 8.29 8.31 8.33 8.35 8.38 8.40 8.42 8.44 8.46 8.48 8.51 8.54 8.56 8.59 8.62 8.64 8.65 8.65 8.65 8.63 8.62 8.59 8.56 8.52 8.48 8.43 8.38 8.32 8.27 8.21 8.15 8.09 8.02 7.96 7.90 7.83 7.76 7.70 7.64 7.58 7.53 7.49 7.44 7.39 7.34 7.30 0.00 0.00 0.00 0.00 0.00 0.00 0.00 0.00 0.00 0.00 0.00 0.00 0.00 0.00 0.00 0.00 0.00 0.00 0.00
7.94 7.98 8.02 8.05 8.07 8.09 8.10 8.11 8.12 8.14 8.15 8.16 8.18 8.20 8.23 8.25 8.27 8.29 8.31 8.32 8.34 8.36 8.38 8.39 8.41 8.43 8.46 8.49 8.52 8.55 8.57 8.59 8.60 8.60 8.59 8.59 8.56 8.54 8.51 8.47 8.43 8.38 8.33 8.28 8.22 8.17 8.11 8.04 7.98 7.92 7.86 7.79 7.72 7.66 7.60 7.55 7.50 7.45 7.41 7.36 7.32 0.00 0.00 0.00 0.00 0.00 0.00 0.00 0.00 0.00 0.00 0.00 0.00 0.00 0.00 0.00 0.00 0.00 0.00 0.00 0.00
0.00 7.98 8.01 8.04 8.06 8.07 8.09 8.10 8.11 8.13 8.14 8.16 8.17 8.19 8.22 8.24 8.26 8.27 8.28 8.30 8.31 8.32 8.34 8.35 8.37 8.40 8.43 8.46 8.49 8.51 8.53 8.54 8.55 8.55 8.54 8.53 8.51 8.49 8.46 8.42 8.38 8.34 8.29 8.24 8.18 8.12 8.06 8.00 7.94 7.88 7.82 7.75 7.69 7.63 7.57 7.52 7.47 7.42 7.38 7.34 0.00 0.00 0.00 0.00 0.00 0.00 0.00 0.00 0.00 0.00 0.00 0.00 0.00 0.00 0.00 0.00 0.00 0.00 0.00 0.00 0.00
7.95 7.98 8.01 8.03 8.05 8.06 8.07 8.09 8.11 8.12 8.14 8.15 8.17 8.19 8.21 8.23 8.25 8.26 8.27 8.27 8.28 8.29 8.31 8.33 8.35 8.38 8.41 8.44 8.46 8.48 8.49 8.51 8.51 8.51 8.50 8.48 8.47 8.44 8.41 8.38 8.34 8.29 8.24 8.19 8.14 8.08 8.02 7.96 7.90 7.84 7.78 7.71 7.65 7.60 7.54 7.48 7.43 7.39 7.35 7.31 0.00 0.00 0.00 0.00 0.00 0.00 0.00 0.00 0.00 0.00 0.00 0.00 0.00 0.00 0.00 0.00 0.00 0.00 0.00 0.00 0.00
0.00 7.97 8.00 8.02 8.04 8.05 8.07 8.08 8.10 8.11 8.13 8.15 8.17 8.19 8.22 8.23 8.25 8.26 8.26 8.27 8.27 8.28 8.29 8.31 8.34 8.36 8.39 8.42 8.44 8.45 8.46 8.47 8.48 8.47 8.46 8.44 8.42 8.40 8.37 8.33 8.29 8.24 8.19 8.14 8.09 8.03 7.98 7.92 7.86 7.80 7.74 7.68 7.62 7.56 7.51 7.45 7.40 7.36 7.32 0.00 0.00 0.00 0.00 0.00 0.00 0.00 0.00 0.00 0.00 0.00 0.00 0.00 0.00 0.00 0.00 0.00 0.00 0.00 0.00 0.00 0.00
0.00 7.96 7.98 8.00 8.02 8.04 8.06 8.08 8.09 8.11 8.13 8.15 8.17 8.20 8.22 8.24 8.26 8.27 8.27 8.27 8.28 8.28 8.29 8.31 8.33 8.35 8.37 8.39 8.41 8.42 8.43 8.44 8.44 8.43 8.42 8.41 8.38 8.35 8.32 8.28 8.24 8.19 8.14 8.09 8.04 7.99 7.93 7.88 7.81 7.76 7.70 7.64 7.58 7.53 7.47 7.42 7.37 7.33 7.29 0.00 0.00 0.00 0.00 0.00 0.00 0.00 0.00 0.00 0.00 0.00 0.00 0.00 0.00 0.00 0.00 0.00 0.00 0.00 0.00 0.00 0.00
7.93 7.95 7.97 7.99 8.01 8.04 8.05 8.07 8.09 8.11 8.13 8.15 8.18 8.20 8.23 8.26 8.27 8.28 8.29 8.29 8.29 8.29 8.30 8.31 8.32 8.34 8.36 8.37 8.39 8.40 8.40 8.41 8.40 8.39 8.38 8.36 8.34 8.30 8.27 8.23 8.19 8.14 8.10 8.05 8.00 7.94 7.89 7.83 7.77 7.71 7.66 7.60 7.54 7.49 7.44 7.39 7.34 7.30 0.00 0.00 0.00 0.00 0.00 0.00 0.00 0.00 0.00 0.00 0.00 0.00 0.00 0.00 0.00 0.00 0.00 0.00 0.00 0.00 0.00 0.00 0.00
7.92 7.94 7.96 7.98 8.00 8.03 8.05 8.07 8.08 8.10 8.12 8.15 8.17 8.20 8.23 8.26 8.28 8.30 8.31 8.30 8.30 8.30 8.30 8.31 8.32 8.33 8.34 8.35 8.36 8.37 8.37 8.37 8.36 8.35 8.34 8.31 8.29 8.25 8.22 8.18 8.14 8.09 8.05 8.00 7.95 7.90 7.84 7.79 7.73 7.67 7.62 7.56 7.51 7.46 7.41 7.36 7.31 0.00 0.00 0.00 0.00 0.00 0.00 0.00 0.00 0.00 0.00 0.00 0.00 0.00 0.00 0.00 0.00 0.00 0.00 0.00 0.00 0.00 0.00 0.00 0.00
7.92 7.93 7.95 7.97 7.99 8.02 8.04 8.06 8.08 8.10 8.12 8.15 8.17 8.20 8.23 8.26 8.29 8.30 8.31 8.31 8.31 8.30 8.30 8.30 8.31 8.32 8.32 8.33 8.34 8.34 8.34 8.33 8.32 8.31 8.29 8.27 8.24 8.20 8.17 8.13 8.09 8.05 8.00 7.95 7.90 7.85 7.80 7.74 7.69 7.63 7.58 7.53 7.47 7.43 7.38 7.33 0.00 0.00 0.00 0.00 0.00 0.00 0.00 0.00 0.00 0.00 0.00 0.00 0.00 0.00 0.00 0.00 0.00 0.00 0.00 0.00 0.00 0.00 0.00 0.00 0.00
0.00 7.93 7.94 7.96 7.99 8.01 8.03 8.06 8.08 8.10 8.12 8.15 8.17 8.20 8.23 8.26 8.29 8.31 8.31 8.31 8.30 8.29 8.29 8.29 8.30 8.30 8.30 8.30 8.31 8.31 8.31 8.30 8.28 8.27 8.25 8.22 8.19 8.16 8.12 8.08 8.04 7.99 7.95 7.90 7.85 7.80 7.75 7.70 7.65 7.59 7.54 7.49 7.44 7.39 0.00 0.00 0.00 0.00 0.00 0.00 0.00 0.00 0.00 0.00 0.00 0.00 0.00 0.00 0.00 0.00 0.00 0.00 0.00 0.00 0.00 0.00 0.00 0.00 0.00 0.00 0.00
0.00 0.00 0.00 0.00 7.98 8.00 8.02 8.05 8.07 8.10 8.12 8.15 8.17 8.20 8.23 8.26 8.28 8.30 8.31 8.30 8.29 8.29 8.28 8.28 8.28 8.28 8.28 8.28 8.28 8.27 8.27 8.26 8.24 8.23 8.20 8.18 8.14 8.11 8.07 8.03 7.99 7.95 7.90 7.85 7.81 7.76 7.71 7.66 7.61 7.56 7.51 7.46 7.40 0.00 0.00 0.00 0.00 0.00 0.00 0.00 0.00 0.00 0.00 0.00 0.00 0.00 0.00 0.00 0.00 0.00 0.00 0.00 0.00 0.00 0.00 0.00 0.00 0.00 0.00 0.00 0.00
0.00 0.00 0.00 0.00 0.00 0.00 0.00 8.04 8.06 8.09 8.12 8.14 8.17 8.19 8.22 8.25 8.28 8.29 8.30 8.29 8.28 8.27 8.26 8.26 8.26 8.25 8.25 8.25 8.25 8.24 8.23 8.22 8.20 8.18 8.16 8.13 0.00 0.00 0.00 0.00 7.94 7.90 7.85 7.81 7.76 7.71 7.66 7.61 7.56 7.52 7.47 7.42 0.00 0.00 0.00 0.00 0.00 0.00 0.00 0.00 0.00 0.00 0.00 0.00 0.00 0.00 0.00 0.00 0.00 0.00 0.00 0.00 0.00 0.00 0.00 0.00 0.00 0.00 0.00 0.00 0.00
0.00 0.00 0.00 0.00 0.00 0.00 0.00 0.00 8.05 8.08 8.11 8.13 8.16 8.19 8.22 8.24 8.26 8.28 8.28 8.27 8.26 8.25 8.24 8.24 8.23 8.23 8.23 8.22 8.21 8.20 8.19 8.18 8.16 8.14 8.11 8.09 0.00 0.00 0.00 0.00 0.00 7.85 7.81 7.76 7.71 7.67 7.62 7.57 7.53 7.48 7.43 7.39 0.00 0.00 0.00 0.00 0.00 0.00 0.00 0.00 0.00 0.00 0.00 0.00 0.00 0.00 0.00 0.00 0.00 0.00 0.00 0.00 0.00 0.00 0.00 0.00 0.00 0.00 0.00 0.00 0.00
0.00 0.00 0.00 0.00 0.00 0.00 0.00 0.00 0.00 0.00 8.09 8.12 8.15 8.17 8.20 8.23 8.24 8.25 8.25 8.24 8.23 8.22 8.22 8.21 8.21 8.20 8.19 8.18 8.17 8.16 8.15 8.13 8.11 8.09 0.00 0.00 0.00 0.00 0.00 0.00 0.00 7.81 7.76 7.71 7.67 7.62 7.58 7.53 7.49 7.44 7.40 0.00 0.00 0.00 0.00 0.00 0.00 0.00 0.00 0.00 0.00 0.00 0.00 0.00 0.00 0.00 0.00 0.00 0.00 0.00 0.00 0.00 0.00 0.00 0.00 0.00 0.00 0.00 0.00 0.00 0.00
0.00 0.00 0.00 0.00 0.00 0.00 0.00 0.00 0.00 0.00 0.00 8.11 8.13 8.16 8.18 8.21 8.22 8.22 8.22 8.21 8.20 0.00 0.00 8.18 8.18 8.17 8.16 8.15 8.13 8.12 8.10 8.09 8.07 8.05 0.00 0.00 0.00 0.00 0.00 0.00 0.00 0.00 0.00 7.67 7.63 7.58 7.54 7.49 7.45 7.41 7.37 0.00 0.00 0.00 0.00 0.00 0.00 0.00 0.00 0.00 0.00 0.00 0.00 0.00 0.00 0.00 0.00 0.00 0.00 0.00 0.00 0.00 0.00 0.00 0.00 0.00 0.00 0.00 0.00 0.00 0.00
0.00 0.00 0.00 0.00 0.00 0.00 0.00 0.00 0.00 0.00 0.00 0.00 0.00 0.00 8.16 8.18 8.19 8.19 8.18 0.00 0.00 0.00 0.00 0.00 0.00 0.00 0.00 0.00 8.10 8.08 8.06 8.05 8.02 0.00 0.00 0.00 0.00 0.00 0.00 0.00 0.00 0.00 0.00 0.00 7.59 7.54 7.50 7.45 7.41 7.37 0.00 0.00 0.00 0.00 0.00 0.00 0.00 0.00 0.00 0.00 0.00 0.00 0.00 0.00 0.00 0.00 0.00 0.00 0.00 0.00 0.00 0.00 0.00 0.00 0.00 0.00 0.00 0.00 0.00 0.00 0.00
0.00 0.00 0.00 0.00 0.00 0.00 0.00 0.00 0.00 0.00 0.00 0.00 0.00 0.00 0.00 0.00 0.00 8.15 0.00 0.00 0.00 0.00 0.00 0.00 0.00 0.00 0.00 0.00 8.06 8.04 8.02 8.00 7.98 7.96 7.93 0.00 0.00 0.00 0.00 0.00 0.00 0.00 0.00 0.00 7.54 7.50 7.45 7.41 7.37 7.33 0.00 0.00 0.00 0.00 0.00 0.00 0.00 0.00 0.00 0.00 0.00 0.00 0.00 0.00 0.00 0.00 0.00 0.00 0.00 0.00 0.00 0.00 0.00 0.00 0.00 0.00 0.00 0.00 0.00 0.00 0.00
0.00 0.00 0.00 0.00 0.00 0.00 0.00 0.00 0.00 0.00 0.00 0.00 0.00 0.00 0.00 0.00 0.00 8.11 0.00 0.00 0.00 0.00 0.00 0.00 0.00 0.00 0.00 0.00 8.02 8.00 7.98 7.96 7.94 7.91 7.89 0.00 0.00 0.00 0.00 0.00 0.00 0.00 0.00 0.00 0.00 0.00 7.42 7.37 7.33 0.00 0.00 0.00 0.00 0.00 0.00 0.00 0.00 0.00 0.00 0.00 0.00 0.00 0.00 0.00 0.00 0.00 0.00 0.00 0.00 0.00 0.00 0.00 0.00 0.00 0.00 0.00 0.00 0.00 0.00 0.00 0.00
0.00 0.00 0.00 0.00 0.00 0.00 0.00 0.00 0.00 0.00 0.00 0.00 0.00 0.00 0.00 0.00 0.00 0.00 0.00 0.00 0.00 0.00 0.00 0.00 0.00 0.00 0.00 0.00 7.98 7.96 7.94 7.92 7.89 7.87 7.84 0.00 0.00 0.00 0.00 0.00 0.00 0.00 0.00 0.00 0.00 0.00 0.00 0.00 0.00 0.00 0.00 0.00 0.00 0.00 0.00 0.00 0.00 0.00 0.00 0.00 0.00 0.00 0.00 0.00 0.00 0.00 0.00 0.00 0.00 0.00 0.00 0.00 0.00 0.00 0.00 0.00 0.00 0.00 0.00 0.00 0.00
0.00 0.00 0.00 0.00 0.00 0.00 0.00 0.00 0.00 0.00 0.00 0.00 0.00 0.00 0.00 0.00 0.00 0.00 0.00 0.00 0.00 0.00 0.00 0.00 0.00 0.00 0.00 7.95 7.93 7.92 7.90 7.87 7.85 7.83 0.00 0.00 0.00 0.00 0.00 0.00 0.00 0.00 0.00 0.00 0.00 0.00 0.00 0.00 0.00 0.00 0.00 0.00 0.00 0.00 0.00 0.00 0.00 0.00 0.00 0.00 0.00 0.00 0.00 0.00 0.00 0.00 0.00 0.00 0.00 0.00 0.00 0.00 0.00 0.00 0.00 0.00 0.00 0.00 0.00 0.00 0.00
0.00 0.00 0.00 0.00 0.00 0.00 0.00 0.00 0.00 0.00 0.00 0.00 0.00 0.00 0.00 0.00 0.00 0.00 0.00 0.00 0.00 0.00 0.00 0.00 0.00 7.94 7.92 7.91 7.89 7.87 7.85 7.83 7.81 7.78 0.00 0.00 0.00 0.00 0.00 0.00 0.00 0.00 0.00 0.00 0.00 0.00 0.00 0.00 0.00 0.00 0.00 0.00 0.00 0.00 0.00 0.00 0.00 0.00 0.00 0.00 0.00 0.00 0.00 0.00 0.00 0.00 0.00 0.00 0.00 0.00 0.00 0.00 0.00 0.00 0.00 0.00 0.00 0.00 0.00 0.00 0.00
0.00 0.00 0.00 0.00 0.00 0.00 0.00 0.00 0.00 0.00 0.00 0.00 0.00 0.00 0.00 0.00 0.00 0.00 0.00 0.00 0.00 0.00 0.00 0.00 0.00 7.90 7.88 7.87 7.85 7.83 7.81 7.79 7.76 0.00 0.00 0.00 0.00 0.00 0.00 0.00 0.00 0.00 0.00 0.00 0.00 0.00 0.00 0.00 0.00 0.00 0.00 0.00 0.00 0.00 0.00 0.00 0.00 0.00 0.00 0.00 0.00 0.00 0.00 0.00 0.00 0.00 0.00 0.00 0.00 0.00 0.00 0.00 0.00 0.00 0.00 0.00 0.00 0.00 0.00 0.00 0.00
0.00 0.00 0.00 0.00 0.00 0.00 0.00 0.00 0.00 0.00 0.00 0.00 0.00 0.00 0.00 0.00 0.00 0.00 0.00 0.00 0.00 0.00 0.00 0.00 0.00 0.00 7.84 7.83 7.81 7.79 7.77 7.75 0.00 0.00 0.00 0.00 0.00 0.00 0.00 0.00 0.00 0.00 0.00 0.00 0.00 0.00 0.00 0.00 0.00 0.00 0.00 0.00 0.00 0.00 0.00 0.00 0.00 0.00 0.00 0.00 0.00 0.00 0.00 0.00 0.00 0.00 0.00 0.00 0.00 0.00 0.00 0.00 0.00 0.00 0.00 0.00 0.00 0.00 0.00 0.00 0.00
0.00 0.00 0.00 0.00 0.00 0.00 0.00 0.00 0.00 0.00 0.00 0.00 0.00 0.00 0.00 0.00 0.00 0.00 0.00 0.00 0.00 0.00 0.00 0.00 0.00 0.00 7.80 7.79 7.77 7.75 7.73 7.71 0.00 0.00 0.00 0.00 0.00 0.00 0.00 0.00 0.00 0.00 0.00 0.00 0.00 0.00 0.00 0.00 0.00 0.00 0.00 0.00 0.00 0.00 0.00 0.00 0.00 0.00 0.00 0.00 0.00 0.00 0.00 0.00 0.00 0.00 0.00 0.00 0.00 0.00 0.00 0.00 0.00 0.00 0.00 0.00 0.00 0.00 0.00 0.00 0.00
0.00 0.00 0.00 0.00 0.00 0.00 0.00 0.00 0.00 0.00 0.00 0.00 0.00 0.00 0.00 0.00 0.00 0.00 0.00 0.00 0.00 0.00 0.00 0.00 0.00 0.00 0.00 7.75 7.73 7.71 0.00 0.00 0.00 0.00 0.00 0.00 0.00 0.00 0.00 0.00 0.00 0.00 0.00 0.00 0.00 0.00 0.00 0.00 0.00 0.00 0.00 0.00 0.00 0.00 0.00 0.00 0.00 0.00 0.00 0.00 0.00 0.00 0.00 0.00 0.00 0.00 0.00 0.00 0.00 0.00 0.00 0.00 0.00 0.00 0.00 0.00 0.00 0.00 0.00 0.00 0.00
0.00 0.00 0.00 0.00 0.00 0.00 0.00 0.00 0.00 0.00 0.00 0.00 0.00 0.00 0.00 0.00 0.00 0.00 0.00 0.00 0.00 0.00 0.00 0.00 0.00 0.00 0.00 7.71 7.69 7.67 0.00 0.00 0.00 0.00 0.00 0.00 0.00 0.00 0.00 0.00 0.00 0.00 0.00 0.00 0.00 0.00 0.00 0.00 0.00 0.00 0.00 0.00 0.00 0.00 0.00 0.00 0.00 0.00 0.00 0.00 0.00 0.00 0.00 0.00 0.00 0.00 0.00 0.00 0.00 0.00 0.00 0.00 0.00 0.00 0.00 0.00 0.00 0.00 0.00 0.00 0.00
0.00 0.00 0.00 0.00 0.00 0.00 0.00 0.00 0.00 0.00 0.00 0.00 0.00 0.00 0.00 0.00 0.00 0.00 0.00 0.00 0.00 0.00 0.00 0.00 0.00 0.00 0.00 7.67 7.65 7.64 0.00 0.00 0.00 0.00 0.00 0.00 0.00 0.00 0.00 0.00 0.00 0.00 0.00 0.00 0.00 0.00 0.00 0.00 0.00 0.00 0.00 0.00 0.00 0.00 0.00 0.00 0.00 0.00 0.00 0.00 0.00 0.00 0.00 0.00 0.00 0.00 0.00 0.00 0.00 0.00 0.00 0.00 0.00 0.00 0.00 0.00 0.00 0.00 0.00 0.00 0.00
