ASPA-UH-SWB2_REPO/output/post_prcessed_with_MFR/runoff_annual.asc
NCOLS 350
NROWS 200
XLLCENTER 515000.000000
YLLCENTER 8409000.000000
CELLSIZE 100.000000
NODATA_value -999.000000
[rows 108 to 143 of 200, columns 81 to 161 of 350]
47.94 47.92 47.90 47.89 47.86 47.83 47.80 47.78 47.76 47.75 47.76 47.79 51.06 51.08 51.09 51.07 51.03 50.97 50.90 50.78 50.65 50.51 50.35 50.17 49.98 49.77 49.56 49.35 49.17 49.04 48.94 48.86 48.79 48.72 48.68 48.65 48.62 48.58 48.54 48.49 48.43 48.36 48.27 48.17 48.07 47.94 56.10 55.89 55.66 55.41 55.16 54.90 54.64 54.41 12.56 12.51 12.46 12.41 53.35 53.22 53.11 53.00 52.90 52.81 52.74 52.66 52.59 52.52 52.44 52.36 52.27 52.15 51.99 51.85 51.67 51.49 51.29 51.06 50.81 50.56 11.61
48.14 48.13 48.12 48.10 48.08 48.05 48.03 48.02 48.00 48.00 48.02 48.05 51.36 51.39 51.40 51.38 51.35 51.29 51.21 51.10 50.96 50.81 50.65 50.47 50.28 50.07 49.84 49.61 49.42 49.27 49.17 49.08 49.00 48.93 48.87 48.82 48.78 48.74 48.68 48.60 48.51 48.41 48.31 48.18 48.03 47.85 55.95 55.68 55.39 55.08 54.77 54.46 54.16 12.49 12.43 12.36 12.29 12.23 12.18 52.36 52.20 52.04 51.90 51.76 51.65 51.53 51.41 51.30 51.19 51.08 50.96 50.79 50.63 50.45 50.25 50.04 49.82 49.58 11.38 11.32 11.25
48.28 48.27 48.26 48.25 48.23 48.21 48.20 48.19 48.19 48.20 48.22 51.55 51.59 51.63 51.64 51.63 51.60 51.54 51.46 51.35 51.22 51.07 50.90 50.72 50.52 50.30 50.07 49.83 49.61 49.46 49.34 49.25 49.15 49.08 49.00 48.94 48.89 48.84 48.75 48.66 48.55 48.43 56.67 56.49 56.28 56.03 55.71 55.38 55.03 54.67 54.30 53.94 12.43 12.35 12.27 12.19 12.11 12.04 51.69 51.46 51.25 51.04 50.85 50.69 50.53 50.37 50.21 50.06 49.91 49.77 49.62 49.44 49.25 49.04 48.83 48.61 48.36 48.12 47.85 10.97 10.91
48.34 48.33 48.33 48.32 48.32 48.31 48.30 48.30 48.30 48.32 45.06 51.69 51.75 51.78 51.80 51.80 51.77 51.72 51.65 51.54 51.41 51.26 51.09 50.90 50.69 50.47 50.23 49.98 49.76 49.60 49.47 49.37 49.27 49.17 49.09 49.01 48.96 48.88 48.78 48.67 56.93 56.77 56.59 56.36 56.09 55.75 55.38 54.99 54.59 54.18 53.77 53.36 12.29 12.19 12.10 12.01 11.92 11.84 50.80 50.52 50.27 50.02 49.80 49.58 49.38 49.20 49.01 48.82 48.65 48.47 48.29 48.10 47.88 10.99 47.43 47.19 46.94 46.69 10.70 10.63 10.56
48.31 48.32 48.33 48.33 48.34 48.33 48.33 48.34 48.35 45.08 45.11 51.76 51.81 51.86 51.88 51.89 51.87 51.82 51.76 51.65 51.52 51.37 51.20 51.01 50.79 50.57 50.33 50.08 49.86 49.69 49.56 49.44 49.33 49.23 49.13 57.41 57.33 57.25 57.14 57.01 56.86 56.67 56.42 56.14 55.79 55.39 54.97 54.53 54.08 53.63 53.18 12.23 12.13 12.02 11.92 11.82 11.73 50.23 49.88 49.57 49.27 48.99 48.73 48.48 11.15 11.10 47.83 47.62 47.40 47.20 46.98 46.77 46.53 10.67 10.61 45.79 45.55 10.43 10.37 10.30 10.23
48.21 48.23 48.25 48.26 48.28 48.29 48.29 45.02 45.03 45.05 45.09 51.73 51.79 51.85 51.88 51.89 51.88 51.85 51.78 51.69 51.56 51.41 51.24 51.05 50.83 50.60 50.36 58.50 58.26 58.08 57.94 49.48 57.70 57.59 57.48 57.39 57.30 57.19 57.06 56.90 56.72 56.49 56.20 55.84 55.43 54.98 54.50 54.01 53.53 53.03 12.18 12.07 11.96 11.84 11.73 11.62 49.74 49.33 48.95 48.59 48.26 47.95 47.66 47.38 47.12 10.82 10.77 46.42 46.17 45.93 45.70 45.46 45.20 10.35 10.29 10.23 10.17 10.11 10.05 9.98 9.92
44.78 44.81 44.83 48.12 44.88 44.90 44.91 44.92 44.94 44.96 45.00 45.05 45.11 51.77 51.81 51.83 51.82 51.79 51.73 51.64 51.52 51.38 51.21 51.02 50.81 50.58 58.75 58.48 58.25 58.07 57.94 57.80 57.67 57.55 57.43 57.32 57.21 57.08 56.92 56.73 56.51 56.24 55.89 55.47 55.01 54.50 53.98 53.45 52.92 52.39 12.02 11.90 11.77 11.65 11.53 49.30 48.85 48.42 47.99 47.60 47.25 46.91 46.61 46.30 46.02 10.56 10.49 10.43 44.96 44.69 44.44 44.17 10.11 10.04 9.98 9.92 9.86 9.80 0.00 0.00 0.00
44.53 44.57 44.62 44.66 44.69 44.72 44.75 44.77 44.79 44.82 44.85 44.90 44.97 45.03 51.66 51.69 51.69 51.66 51.61 51.53 51.41 51.27 51.11 50.92 50.71 50.49 58.65 58.40 58.18 58.02 57.87 57.73 57.59 57.44 57.31 57.19 57.05 56.89 56.70 56.49 56.24 55.91 55.51 55.03 54.52 53.96 53.40 52.85 52.28 51.71 11.86 11.72 11.59 11.46 11.33 48.43 47.95 47.49 47.05 46.63 46.25 45.91 45.59 45.26 44.94 10.30 10.23 10.15 10.08 10.01 9.95 9.88 9.82 9.75 9.68 9.62 9.56 0.00 0.00 0.00 0.00
44.20 44.27 44.33 44.38 44.44 44.49 44.53 44.56 44.59 44.62 44.66 44.71 44.77 44.83 44.88 51.47 51.48 51.46 51.42 51.34 51.23 51.10 50.95 50.76 50.55 58.75 58.50 58.26 58.07 57.91 57.75 57.61 57.45 57.29 57.15 57.00 56.83 56.65 56.42 56.18 55.89 55.52 55.07 54.54 53.97 53.38 52.80 52.20 51.60 51.00 11.68 11.54 11.40 11.26 11.13 47.56 47.05 46.57 46.12 45.69 45.30 44.94 44.59 44.26 10.12 10.05 9.97 9.90 9.82 9.75 9.68 9.61 9.54 9.47 9.41 9.34 9.27 0.00 0.00 0.00 9.04
43.79 43.88 43.97 44.04 44.12 44.18 44.24 44.29 44.33 44.38 44.42 44.46 44.51 44.57 44.62 44.66 51.19 51.19 51.15 51.08 50.99 50.86 50.71 50.54 58.75 58.53 58.30 58.10 57.92 57.75 57.59 57.42 57.25 57.09 56.93 56.76 56.56 56.33 56.10 55.81 55.48 55.06 54.56 53.99 53.40 52.78 52.16 51.52 50.89 50.25 11.50 11.35 11.21 11.07 10.93 46.67 46.16 45.67 45.21 44.77 44.37 43.99 43.64 43.30 9.89 9.81 9.73 9.65 9.57 9.49 9.42 9.35 9.28 9.21 9.14 9.07 9.01 8.95 0.00 0.00 0.00
43.29 43.41 43.53 43.63 43.73 43.82 43.90 43.96 44.02 44.08 44.12 44.16 44.21 44.26 44.30 44.34 44.37 50.84 50.82 50.76 50.67 50.55 50.42 13.58 13.54 13.49 13.45 57.89 57.72 57.54 57.37 57.19 57.01 56.83 56.65 56.46 56.23 55.98 55.70 55.38 55.00 54.55 54.01 53.42 52.79 52.15 51.48 50.82 50.16 49.49 11.31 11.16 11.01 10.87 10.73 10.59 10.47 44.80 44.33 43.89 43.47 43.09 42.73 42.36 9.66 9.58 9.50 9.41 9.33 9.25 9.18 9.10 9.03 8.96 0.00 0.00 0.00 0.00 0.00 0.00 0.00
42.74 42.88 43.02 43.15 43.27 43.38 43.48 43.56 43.64 43.71 43.78 43.82 43.87 43.91 43.96 44.00 44.02 44.03 50.43 50.38 50.30 43.81 13.53 13.50 13.46 13.42 13.38 57.63 57.46 57.28 57.09 56.92 56.72 56.53 56.32 56.09 55.83 55.55 55.24 54.89 54.47 53.99 53.42 52.79 52.15 51.46 50.79 50.10 49.41 48.72 11.12 10.97 10.82 10.67 10.53 10.40 10.27 43.95 43.47 9.92 42.61 42.22 41.83 9.54 9.45 9.36 9.27 9.19 9.11 9.02 8.95 8.87 8.80 8.73 8.67 0.00 0.00 0.00 0.00 0.00 0.00
42.12 42.28 42.45 42.60 42.74 42.87 42.98 43.09 43.19 43.28 43.37 43.44 43.49 43.54 43.59 43.63 43.65 43.65 43.65 43.61 43.55 43.47 13.43 13.41 13.37 13.34 13.31 13.27 57.13 56.96 56.78 56.58 56.38 56.16 55.93 55.66 55.38 55.07 54.72 54.33 53.89 53.37 52.78 52.13 51.45 50.77 50.06 49.35 48.64 11.10 10.94 10.78 10.63 10.48 10.33 10.20 10.07 9.95 9.83 9.72 9.63 9.53 9.43 9.34 9.25 9.15 9.07 8.98 8.89 8.81 8.73 8.66 8.59 8.53 8.47 0.00 0.00 0.00 0.00 0.00 0.00
41.46 41.63 41.81 41.98 42.15 42.29 42.43 42.55 42.67 42.79 42.90 42.99 43.07 43.14 43.19 43.23 43.25 43.26 43.26 43.23 43.18 43.13 13.33 13.31 13.28 13.25 13.22 13.18 13.14 13.10 13.06 56.19 55.96 55.73 55.46 55.18 54.86 54.52 54.15 53.72 53.25 52.72 52.11 51.45 50.75 50.02 49.32 48.59 11.08 10.92 10.75 10.59 10.44 10.29 10.14 10.01 9.88 9.76 9.64 9.54 9.44 9.34 9.25 9.15 9.05 8.96 8.87 8.79 8.70 8.62 8.54 8.48 8.41 8.35 8.29 8.24 0.00 0.00 0.00 0.00 0.00
40.74 40.93 41.12 41.31 41.50 41.66 41.82 41.97 42.11 42.25 42.38 42.49 42.59 42.68 42.75 42.80 42.83 42.85 42.85 42.84 42.81 42.76 13.23 13.21 13.18 13.16 13.12 13.08 13.04 13.00 12.96 55.73 55.48 55.22 54.94 54.63 54.30 53.92 53.52 53.07 52.57 52.03 51.41 50.74 50.02 49.30 48.56 47.83 10.90 10.74 10.57 10.41 10.26 10.11 9.96 9.83 9.70 9.58 9.47 9.36 9.26 9.16 9.07 8.97 8.87 8.78 8.70 8.61 8.53 8.46 8.38 8.31 8.25 8.19 8.13 8.08 8.02 0.00 0.00 0.00 0.00
39.98 40.18 40.38 40.59 40.80 40.99 41.17 41.35 41.51 41.67 41.81 41.93 42.05 42.15 42.24 42.31 42.36 42.40 42.41 42.42 42.40 42.37 42.32 13.09 13.07 13.04 13.01 12.97 12.93 12.89 12.84 12.79 54.95 54.67 54.37 54.05 53.69 53.29 52.84 52.37 51.86 51.30 50.68 50.00 49.29 48.55 47.81 10.90 10.73 10.56 10.40 10.24 10.08 9.93 9.79 9.65 9.53 9.41 9.30 9.20 9.10 9.00 8.90 8.80 8.71 8.62 8.54 8.46 8.39 8.31 8.24 8.18 8.11 8.05 7.99 7.93 7.88 7.83 0.00 0.00 0.00
39.18 39.39 39.60 39.82 40.05 40.26 40.47 40.67 40.86 41.03 41.19 41.33 41.46 41.58 41.69 41.77 41.84 41.89 41.93 41.94 41.94 41.92 41.89 41.83 12.94 12.91 12.88 12.85 12.81 12.76 12.72 12.66 12.59 54.07 53.76 53.41 53.03 52.60 52.14 51.64 51.11 50.54 49.92 49.25 48.54 47.80 47.07 10.73 10.56 10.39 10.23 10.07 9.91 9.76 9.62 9.49 9.37 9.25 9.15 9.05 8.94 8.84 8.74 8.65 8.55 8.47 8.39 8.32 8.25 8.18 8.11 8.05 7.98 7.92 7.87 7.81 7.76 7.71 0.00 0.00 0.00
38.33 38.55 38.78 39.01 39.25 39.48 39.71 39.94 40.15 40.34 40.52 40.68 40.83 40.96 41.08 41.19 41.28 41.34 41.39 41.43 41.44 41.44 41.41 41.36 12.80 12.77 12.74 12.71 12.67 12.63 12.57 12.52 12.45 12.38 53.10 52.73 52.33 51.88 51.40 50.89 50.35 49.76 49.14 48.48 47.77 47.05 10.72 10.55 10.39 10.22 10.06 9.90 9.75 9.60 9.46 9.33 9.21 9.10 9.00 8.90 8.80 8.69 8.59 8.50 8.42 8.33 8.26 8.19 8.13 8.06 7.99 7.93 7.86 7.81 7.75 7.70 7.65 7.60 0.00 0.00 0.00
37.44 37.67 37.91 38.17 38.41 38.66 38.91 39.15 39.38 39.60 39.80 39.98 40.14 40.30 40.44 40.57 40.67 40.75 40.82 40.87 40.89 40.90 40.88 40.84 12.64 12.62 12.59 12.56 12.52 12.47 12.42 12.36 12.29 12.22 12.14 52.01 51.60 51.14 50.65 50.12 49.57 11.34 11.20 11.04 10.88 10.72 10.55 10.39 10.22 10.06 9.90 9.74 9.59 9.45 9.31 9.19 9.07 8.97 8.86 8.76 8.66 8.56 8.47 8.38 8.29 8.21 8.14 8.08 8.01 7.94 7.88 7.82 7.76 7.70 7.65 7.60 7.55 7.51 7.47 0.00 0.00
36.53 36.78 37.03 37.29 37.55 37.80 38.06 38.32 38.57 38.80 39.04 39.24 39.42 39.59 39.75 39.90 40.01 40.12 40.20 40.26 40.29 40.31 40.30 40.28 12.47 12.45 12.43 12.39 12.35 12.31 12.25 12.19 12.12 12.05 11.96 11.87 11.77 50.37 49.88 49.35 11.30 11.16 11.01 10.86 10.70 10.54 10.38 10.22 10.06 9.90 9.74 9.59 9.44 9.31 9.18 9.06 8.95 8.84 8.74 8.64 8.54 8.44 8.35 8.27 8.19 8.11 8.03 7.97 7.90 7.84 7.78 7.72 7.66 7.61 7.56 7.51 7.47 7.43 7.39 7.36 0.00
35.61 35.87 36.13 36.39 36.67 36.93 37.19 37.46 37.71 37.96 38.22 38.44 38.64 38.82 39.00 39.17 39.30 39.42 39.52 39.59 39.65 39.67 39.68 39.67 12.28 12.27 12.24 12.21 12.17 12.13 12.08 12.01 11.94 11.87 11.78 11.69 11.59 11.48 11.37 11.24 11.11 10.98 10.83 10.69 10.53 10.37 10.21 10.06 9.90 9.75 9.59 9.45 9.31 9.17 9.05 8.94 8.83 8.73 8.62 8.52 8.43 8.34 8.25 8.17 8.09 8.01 7.93 7.87 7.80 7.74 7.68 7.63 7.57 7.53 7.48 7.43 7.39 7.36 7.33 7.29 7.26
34.69 34.96 35.23 35.50 35.78 36.05 36.32 36.58 36.84 37.10 37.36 37.60 37.82 38.02 38.20 38.38 38.54 38.68 38.79 38.88 38.95 38.99 39.02 39.01 38.99 12.07 12.05 12.02 11.98 11.94 11.89 11.83 11.76 11.68 11.60 11.51 11.41 11.30 11.19 11.06 10.93 10.80 10.66 10.52 10.36 10.21 10.05 9.90 9.75 9.60 9.46 9.31 9.17 9.05 8.93 8.82 8.72 8.62 8.51 8.42 8.33 8.24 8.15 8.07 7.99 7.92 7.85 7.78 7.72 7.66 7.60 7.55 7.50 7.45 7.41 7.37 7.34 7.30 7.27 7.24 0.00
33.78 34.05 34.33 34.61 34.89 35.17 35.45 35.71 35.97 36.24 36.50 36.76 36.98 37.19 37.39 37.57 37.74 37.88 38.03 38.14 38.22 38.28 38.31 38.33 11.88 11.87 11.84 11.82 11.79 11.75 11.70 11.64 11.57 11.50 11.42 11.33 11.22 11.12 11.01 10.89 10.76 10.63 10.49 10.35 10.20 10.05 9.90 9.76 9.61 9.47 9.33 9.18 9.05 8.93 8.81 8.71 8.61 8.51 8.41 8.32 8.24 8.15 8.07 7.98 7.91 7.83 7.77 7.70 7.64 7.58 7.53 7.48 7.43 7.39 7.35 7.32 7.28 7.25 7.22 7.18 0.00
32.88 33.16 33.45 33.73 34.02 34.30 34.58 34.85 35.12 35.38 35.65 35.91 36.14 36.36 36.57 36.76 36.93 37.11 37.25 37.37 37.47 37.55 37.59 37.62 11.66 11.65 11.64 11.62 11.59 11.55 11.50 11.45 11.39 11.31 11.23 11.14 11.05 10.94 10.84 10.72 10.59 10.46 10.33 10.19 10.05 9.90 9.76 9.62 9.48 9.34 9.20 9.07 8.94 8.82 8.71 8.61 8.51 8.42 8.32 8.24 8.15 8.07 7.99 7.91 7.83 7.76 7.69 7.63 7.58 7.52 7.47 7.42 7.37 7.34 7.30 7.27 7.24 7.20 7.17 7.14 7.11
32.03 32.31 32.59 10.15 10.25 33.46 33.73 34.01 34.27 34.54 34.81 35.06 35.31 35.54 35.75 35.95 36.14 36.32 36.48 36.62 36.73 36.81 36.87 36.90 11.45 11.44 11.43 11.41 11.39 11.35 11.31 11.26 11.20 11.13 11.05 10.96 10.87 10.77 10.66 10.55 10.43 10.30 10.18 10.04 9.91 9.77 9.63 9.49 9.35 9.22 9.09 8.96 8.84 8.72 8.62 8.52 8.42 8.33 8.24 8.16 8.08 8.00 7.91 7.83 7.76 7.69 7.63 7.57 7.52 7.46 7.41 7.36 7.32 7.29 7.25 7.23 7.20 7.16 7.13 7.10 0.00
31.22 31.50 31.79 9.90 9.99 10.08 32.91 33.18 33.45 33.72 33.98 34.23 34.48 34.71 34.94 35.15 35.36 35.54 35.71 35.86 35.98 36.08 36.15 11.22 11.23 11.24 11.23 11.21 11.19 11.16 11.12 11.07 11.01 10.95 10.87 10.79 10.70 10.60 10.50 10.39 10.27 10.15 10.03 9.90 9.77 9.63 9.50 9.37 9.24 9.11 8.98 8.86 8.74 8.64 8.53 8.44 8.34 8.25 8.17 8.09 8.01 7.93 7.85 7.77 7.70 7.63 7.57 7.52 7.47 7.41 7.36 7.32 7.28 7.24 7.22 7.19 7.16 7.12 7.09 7.06 0.00
30.45 30.73 31.00 9.65 9.75 9.84 32.12 32.38 32.65 32.91 33.16 33.41 33.66 33.90 34.13 34.35 34.57 34.77 10.83 35.10 35.24 35.35 35.44 11.01 11.02 11.03 11.03 11.02 11.00 10.97 10.93 10.88 10.83 10.77 10.70 10.62 10.53 10.44 10.34 10.24 10.13 10.01 9.89 9.77 9.64 9.51 9.38 9.26 9.13 9.00 8.88 8.76 8.65 8.55 8.45 8.36 8.27 8.18 8.10 8.02 7.95 7.87 7.79 7.72 7.64 7.58 7.52 7.47 7.42 7.37 7.32 7.28 7.24 7.21 7.18 7.15 7.12 7.09 7.06 7.04 7.01
29.71 9.24 9.33 9.42 9.51 9.60 31.36 31.62 31.88 32.14 32.38 32.63 32.87 33.11 33.34 33.57 33.79 10.54 10.60 10.65 34.49 34.62 34.72 34.80 10.81 10.82 10.82 10.82 10.80 10.78 10.74 10.70 10.65 10.59 10.53 10.46 10.38 10.29 10.19 10.09 9.99 9.88 9.76 9.64 9.52 9.40 9.27 9.15 9.03 8.91 8.79 8.68 8.57 8.48 8.38 8.29 8.20 8.12 8.04 7.97 7.89 7.81 7.73 7.66 7.60 7.53 7.48 7.42 7.38 7.33 7.28 7.24 7.21 7.18 7.15 7.12 7.09 7.06 7.03 7.01 6.99
29.03 9.03 9.12 9.20 9.29 30.38 30.64 30.89 31.15 31.40 31.64 31.88 32.11 10.02 32.57 32.80 10.24 10.31 10.36 10.42 10.47 33.90 34.01 34.11 10.60 10.62 10.63 10.62 10.61 10.59 10.56 10.52 10.47 10.42 10.37 10.30 10.22 10.14 10.05 9.96 9.86 9.75 9.64 9.52 9.41 9.29 9.17 9.05 8.93 8.82 8.71 8.60 8.50 8.41 8.31 8.22 8.14 8.07 7.99 7.92 7.84 7.76 7.69 7.62 7.55 7.49 7.44 7.39 7.34 7.29 7.25 7.22 7.18 7.16 7.13 7.09 7.06 7.03 7.01 6.99 0.00
8.75 8.84 8.92 9.01 29.47 29.72 29.96 30.21 30.45 30.69 30.92 31.15 9.72 9.79 9.87 9.94 10.01 10.08 10.14 10.20 10.25 10.30 10.34 10.37 10.40 10.42 10.43 10.43 10.42 10.41 10.38 10.35 10.31 10.26 10.21 10.15 10.08 10.00 9.92 9.83 9.73 9.63 9.52 9.41 9.30 9.18 9.07 8.96 8.84 8.74 8.63 8.53 8.43 8.34 8.25 8.17 8.09 8.01 7.94 7.87 7.79 7.72 7.65 7.58 7.52 7.46 7.40 7.35 7.31 7.26 7.22 7.19 7.16 7.13 7.10 7.07 7.04 7.01 6.99 0.00 0.00
8.58 8.66 8.75 8.83 28.87 29.12 29.35 29.57 29.79 30.02 30.25 30.47 9.51 9.58 9.65 9.72 9.80 9.86 9.93 9.99 10.04 10.09 10.13 10.17 10.20 10.22 10.23 10.24 10.24 10.23 10.21 10.18 10.15 10.11 10.06 10.00 9.94 9.86 9.78 9.70 9.61 9.51 9.41 9.31 9.20 9.09 8.98 8.87 8.77 8.66 8.56 8.47 8.37 8.28 8.20 8.12 8.04 7.96 7.89 7.82 7.75 7.68 7.61 7.55 7.49 7.43 7.38 7.32 7.28 7.23 7.19 7.16 7.13 7.11 7.08 7.05 7.02 7.00 6.98 0.00 0.00
8.43 8.51 8.59 8.66 8.74 28.56 28.78 28.99 29.19 29.41 29.61 29.82 30.03 30.24 9.44 9.52 9.59 9.66 9.73 9.79 9.84 9.89 9.94 9.98 10.01 10.03 10.05 10.06 10.07 10.06 10.05 10.03 10.00 9.96 9.92 9.87 9.80 9.74 9.66 9.58 9.50 9.41 9.31 9.21 9.10 9.00 8.90 8.80 8.69 8.60 8.50 8.41 8.32 8.23 8.15 8.07 7.99 7.92 7.85 7.78 7.71 7.64 7.58 7.52 7.46 7.40 7.35 7.30 7.25 7.21 7.17 7.14 7.11 7.09 7.06 7.03 0.00 0.00 0.00 0.00 0.00
8.30 8.37 8.45 8.52 8.59 28.07 28.27 28.46 28.64 8.92 29.02 29.21 29.41 9.18 9.25 9.32 9.40 9.47 9.54 9.60 9.66 9.71 9.76 9.80 9.83 9.86 9.88 9.89 9.90 9.90 9.90 9.88 9.85 9.82 9.78 9.74 9.68 9.62 9.55 9.47 9.39 9.31 9.22 9.12 9.02 8.92 8.82 8.73 8.63 8.53 8.44 8.35 8.26 8.18 8.10 8.03 7.95 7.88 7.81 7.74 7.68 7.61 7.55 7.49 7.43 7.37 7.33 7.28 7.23 7.19 7.15 7.12 7.09 7.07 7.05 0.00 0.00 0.00 0.00 0.00 0.00
8.19 8.26 8.33 8.40 8.46 27.64 27.82 27.99 8.70 8.75 8.81 8.87 28.84 9.00 9.08 9.15 9.23 9.30 9.37 9.43 9.49 9.54 9.59 9.63 9.67 9.69 9.71 9.73 9.74 9.75 9.75 9.74 9.72 9.69 9.66 9.61 9.57 9.50 9.44 9.37 9.30 9.22 9.13 9.04 8.94 8.85 8.76 8.66 8.57 8.47 8.38 8.29 8.21 8.14 8.06 7.99 7.92 7.85 7.78 7.71 7.64 7.58 7.52 7.46 7.40 7.35 7.30 7.26 7.21 7.17 7.13 7.10 0.00 0.00 0.00 0.00 0.00 0.00 0.00 0.00 0.00
8.11 8.17 8.24 8.30 8.36 8.41 27.43 8.52 8.56 8.61 8.66 8.71 8.78 8.85 8.92 9.00 9.07 9.15 9.21 9.28 9.33 9.39 9.44 9.48 9.51 9.54 9.56 9.58 9.59 9.61 9.61 9.60 9.59 9.57 9.54 9.50 9.45 9.40 9.34 9.28 9.21 9.13 9.05 8.96 8.87 8.78 8.69 8.60 8.51 8.42 8.33 8.24 8.16 8.10 8.03 7.96 7.89 7.82 7.75 7.68 7.61 7.55 7.50 7.44 7.38 7.33 7.28 7.24 7.20 7.16 0.00 0.00 0.00 0.00 0.00 0.00 0.00 0.00 0.00 0.00 0.00
8.05 8.10 8.16 8.22 8.27 26.98 8.36 8.41 8.45 8.48 8.52 8.58 8.64 8.72 8.79 8.86 8.93 9.00 9.07 9.13 9.19 9.24 9.29 9.34 9.37 9.40 9.42 9.44 9.46 9.47 9.48 9.48 9.47 9.45 9.43 9.39 9.36 9.31 9.25 9.19 9.12 9.05 8.97 8.89 8.80 8.72 8.63 8.54 8.45 8.37 8.28 8.20 8.12 8.06 8.00 7.93 7.86 7.78 7.71 7.65 7.58 7.53 7.47 7.41 7.36 7.31 7.27 7.22 7.18 0.00 0.00 0.00 0.00 0.00 0.00 0.00 0.00 0.00 0.00 0.00 0.00
