ASPA-UH-SWB2_REPO/output/post_prcessed_with_MFR/runoff_annual.asc
NCOLS 350
NROWS 200
XLLCENTER 515000.000000
YLLCENTER 8409000.000000
CELLSIZE 100.000000
NODATA_value -999.000000
[rows 72 to 107 of 200, columns 162 to 242 of 350]
49.44 50.00 50.55 51.06 51.56 52.07 52.56 53.06 53.53 53.88 54.09 54.23 54.34 54.44 54.45 54.34 54.13 53.80 53.41 52.92 0.00 0.00 0.00 0.00 0.00 0.00 0.00 0.00 0.00 0.00 0.00 0.00 0.00 0.00 0.00 0.00 0.00 0.00 0.00 0.00 0.00 0.00 0.00 0.00 0.00 0.00 0.00 0.00 0.00 44.59 44.85 45.10 45.37 45.63 45.88 46.13 46.36 42.70 42.90 43.08 43.23 43.36 43.48 43.57 43.64 43.68 43.68 43.66 43.62 39.66 39.56 39.39 39.19 38.94 38.66 38.35 37.99 37.59 37.14 36.65 36.15
50.11 50.66 51.17 51.68 52.17 52.66 53.15 53.65 54.09 54.35 54.46 54.48 54.52 54.58 54.59 54.48 54.25 53.91 53.46 52.92 52.32 51.64 0.00 0.00 0.00 48.61 47.77 46.89 46.07 45.30 44.61 44.03 43.53 0.00 0.00 0.00 0.00 0.00 0.00 0.00 0.00 0.00 0.00 0.00 0.00 0.00 0.00 0.00 0.00 43.93 44.20 44.48 44.76 45.05 45.33 45.58 41.98 42.22 42.43 42.61 42.78 42.91 43.03 43.13 43.20 43.22 43.22 43.18 43.13 43.05 39.08 38.91 38.69 38.42 38.11 37.79 37.43 37.01 36.53 36.04 35.52
50.78 51.30 51.80 52.28 52.76 53.23 53.71 54.19 54.59 54.79 54.80 54.73 54.73 54.77 54.78 54.66 54.42 54.08 53.58 52.99 52.35 51.64 50.88 0.00 49.30 48.45 47.58 46.69 45.80 44.99 44.26 43.62 0.00 0.00 0.00 0.00 0.00 0.00 0.00 0.00 0.00 0.00 0.00 0.00 0.00 0.00 0.00 0.00 0.00 43.27 43.55 43.84 44.14 44.44 44.71 44.99 41.43 41.66 41.88 42.07 42.23 42.39 42.51 42.61 42.66 42.69 42.68 42.63 42.56 42.44 38.52 38.34 38.10 37.82 37.51 37.16 36.78 36.35 35.87 35.38 34.85
51.44 51.94 52.40 52.86 53.31 53.78 54.24 54.70 55.06 55.20 55.12 55.01 54.97 55.00 54.99 54.88 54.62 54.24 53.74 53.13 52.44 51.70 50.89 50.06 49.20 48.33 47.43 46.50 45.56 44.70 43.93 0.00 0.00 0.00 0.00 0.00 0.00 0.00 0.00 0.00 0.00 0.00 0.00 0.00 0.00 0.00 0.00 0.00 0.00 0.00 42.88 43.18 43.48 43.78 44.07 44.33 40.82 41.06 41.27 41.46 41.63 41.79 41.92 42.02 42.07 42.09 42.06 42.00 41.91 41.78 41.62 41.41 37.45 37.16 36.84 36.48 36.09 35.65 35.17 34.66 34.15
52.08 52.55 52.99 53.42 53.85 54.28 54.74 55.19 55.53 55.61 55.48 55.33 55.26 55.27 55.25 55.12 54.86 54.45 53.92 53.30 52.58 51.80 50.96 50.08 49.17 48.26 47.32 46.33 45.36 44.45 43.62 0.00 0.00 0.00 0.00 0.00 0.00 0.00 0.00 0.00 0.00 0.00 0.00 0.00 0.00 0.00 0.00 0.00 0.00 0.00 42.20 42.50 42.80 43.10 43.39 43.66 40.18 40.43 40.63 40.81 40.99 41.14 41.27 41.35 41.40 41.40 41.37 41.30 41.20 41.05 40.87 40.64 40.36 36.45 36.12 35.76 35.36 34.91 34.43 33.93 33.42
52.70 53.14 53.55 53.96 54.35 54.76 55.20 55.66 55.98 56.02 55.87 55.69 55.59 55.59 55.55 55.40 55.12 54.70 54.15 53.50 52.77 51.96 51.09 50.17 49.21 48.25 47.25 46.21 45.19 44.25 43.37 0.00 0.00 0.00 0.00 0.00 0.00 0.00 0.00 0.00 0.00 0.00 0.00 0.00 0.00 0.00 0.00 0.00 0.00 41.19 41.49 41.79 42.10 42.40 42.68 42.95 43.21 39.75 39.96 40.14 40.29 40.44 40.55 40.62 40.66 40.66 40.62 40.55 40.42 40.27 40.08 39.83 39.54 35.69 35.36 34.99 34.59 34.13 0.00 0.00 0.00
53.32 53.73 54.11 54.48 54.84 55.21 55.63 56.06 56.40 56.44 56.28 56.08 55.97 55.93 55.87 55.71 55.41 54.98 54.41 53.74 52.99 52.15 51.25 50.29 49.32 48.29 47.24 46.15 45.08 44.08 43.16 0.00 0.00 0.00 0.00 0.00 0.00 0.00 0.00 0.00 0.00 0.00 0.00 0.00 0.00 0.00 0.00 0.00 0.00 40.47 40.77 41.07 41.37 41.68 41.95 42.21 42.47 39.06 39.26 39.42 39.57 39.70 39.79 39.85 39.88 39.87 39.83 39.74 39.62 39.45 39.24 38.99 38.68 34.90 34.57 34.19 33.78 0.00 0.00 0.00 0.00
53.92 54.32 54.66 54.99 55.30 55.62 55.99 56.39 56.74 56.82 56.67 56.49 56.37 56.29 56.20 56.01 55.70 55.28 54.69 54.00 53.22 52.35 51.43 50.45 49.44 48.38 47.27 46.13 45.00 43.95 43.00 42.13 0.00 0.00 0.00 0.00 0.00 0.00 0.00 0.00 0.00 0.00 0.00 0.00 0.00 0.00 0.00 0.00 0.00 0.00 40.04 40.33 40.63 40.92 41.19 41.44 41.69 38.32 38.51 38.67 38.81 38.92 39.00 39.05 39.07 39.06 39.00 38.90 38.77 38.58 38.36 38.10 37.79 37.45 33.74 33.36 32.95 0.00 0.00 0.00 0.00
54.53 54.89 55.21 55.49 55.75 56.00 56.29 56.66 56.97 57.11 57.06 56.91 56.77 56.66 56.52 56.31 56.00 55.56 54.96 54.27 53.47 52.58 51.62 50.62 49.58 48.48 47.32 46.11 44.94 43.87 42.87 41.97 41.18 0.00 0.00 0.00 0.00 0.00 0.00 0.00 0.00 0.00 0.00 0.00 0.00 0.00 0.00 0.00 0.00 0.00 39.33 39.59 39.87 40.14 40.41 40.66 40.90 37.57 37.75 37.90 38.02 38.12 38.20 38.23 38.24 38.21 38.14 38.03 37.88 37.68 37.46 37.19 36.88 36.52 32.89 32.52 32.11 0.00 0.00 0.00 0.00
55.14 55.46 55.74 55.98 56.19 56.37 56.58 56.84 57.12 57.30 57.37 57.29 57.15 57.00 56.80 56.58 59.00 58.36 55.24 54.55 53.74 52.84 51.85 50.83 49.74 48.58 47.35 46.10 44.90 43.80 42.77 41.85 41.03 40.30 39.67 39.13 0.00 0.00 0.00 0.00 0.00 0.00 0.00 0.00 0.00 0.00 0.00 0.00 0.00 0.00 38.62 38.86 39.11 39.37 39.62 39.86 36.60 36.80 36.97 37.10 37.21 37.31 37.36 37.39 37.38 37.34 37.26 37.14 36.97 36.77 36.53 36.26 35.94 35.59 32.05 31.68 31.29 0.00 0.00 0.00 0.00
55.73 56.02 56.26 56.45 56.61 56.74 56.85 57.00 57.22 57.43 57.56 57.60 57.49 57.30 60.18 59.75 59.24 58.64 57.90 57.04 56.06 54.97 53.80 52.56 51.25 48.66 47.38 46.07 44.87 43.74 42.70 41.74 40.90 40.15 39.49 38.92 38.43 38.03 0.00 0.00 0.00 0.00 0.00 0.00 0.00 0.00 0.00 0.00 0.00 0.00 37.93 38.14 38.36 38.60 38.84 39.05 35.83 36.02 36.16 36.29 36.40 36.47 36.52 36.52 36.51 36.46 36.37 36.23 36.06 35.85 35.61 35.33 35.03 34.68 34.30 30.87 30.49 0.00 0.00 0.00 0.00
56.32 56.56 56.77 56.92 57.03 57.11 57.14 57.20 57.35 57.52 57.70 57.81 61.06 60.75 60.37 59.93 59.43 58.86 58.15 57.33 56.37 55.29 54.09 52.80 51.41 49.95 48.43 46.98 45.62 43.72 42.66 41.67 40.81 40.04 39.36 39.05 38.51 38.07 0.00 0.00 0.00 0.00 0.00 0.00 0.00 0.00 0.00 0.00 0.00 0.00 1833.76 37.46 37.66 37.86 38.06 34.88 35.06 35.22 35.36 35.47 35.57 35.64 35.66 35.66 35.63 35.58 35.48 35.33 35.14 34.93 34.68 34.43 34.12 33.78 33.41 33.03 0.00 0.00 0.00 0.00 0.00
56.91 57.11 57.27 57.39 57.46 57.50 57.51 57.52 57.53 57.68 57.85 61.39 61.21 60.91 60.52 60.06 59.57 59.01 58.35 57.55 56.61 55.53 54.31 52.96 51.54 50.01 48.49 47.02 45.66 44.38 42.63 41.64 40.75 40.32 39.56 38.90 38.32 0.00 0.00 0.00 0.00 0.00 0.00 0.00 0.00 0.00 0.00 0.00 0.00 0.00 0.00 36.79 36.97 37.14 34.00 34.16 34.31 34.45 34.57 34.66 34.74 34.79 34.80 34.78 34.75 34.67 34.57 34.42 34.25 34.02 33.79 33.54 33.24 0.00 32.54 0.00 0.00 0.00 0.00 0.00 0.00
57.53 57.68 57.79 57.87 57.92 57.92 57.92 57.89 57.86 61.73 61.64 61.51 61.31 61.02 60.61 60.14 59.62 59.07 58.43 57.66 56.71 55.61 54.36 53.01 51.55 50.04 48.53 47.09 45.72 44.44 43.23 42.14 41.14 40.27 39.47 38.76 0.00 0.00 0.00 0.00 0.00 0.00 0.00 0.00 0.00 0.00 0.00 0.00 0.00 0.00 0.00 36.14 36.30 36.43 33.32 33.46 33.60 33.71 33.79 33.87 33.94 33.97 33.96 33.94 33.87 33.80 33.69 33.55 0.00 0.00 0.00 0.00 0.00 0.00 0.00 0.00 0.00 0.00 0.00 0.00 0.00
58.14 58.26 58.32 58.37 58.38 58.36 58.32 58.26 62.14 61.95 61.77 61.58 61.34 61.01 60.60 60.10 59.56 58.98 58.32 57.55 56.61 55.51 54.26 52.90 51.47 50.01 48.56 47.13 45.77 44.47 43.25 42.13 41.12 40.20 39.37 0.00 0.00 0.00 0.00 0.00 0.00 0.00 0.00 0.00 0.00 0.00 0.00 0.00 0.00 0.00 0.00 35.51 35.63 32.56 32.67 32.78 32.90 32.99 33.05 33.11 33.16 0.00 0.00 33.12 33.06 0.00 0.00 0.00 0.00 0.00 0.00 0.00 0.00 0.00 0.00 0.00 0.00 0.00 0.00 0.00 0.00
58.69 58.77 58.81 58.82 58.80 58.76 58.69 62.58 62.39 62.16 61.89 61.62 61.30 60.93 60.49 59.95 59.34 58.71 58.02 57.24 56.31 55.23 54.02 52.70 51.32 49.92 48.51 47.13 45.78 44.48 43.25 42.11 0.00 0.00 0.00 0.00 0.00 0.00 0.00 0.00 0.00 0.00 0.00 0.00 0.00 0.00 0.00 0.00 0.00 0.00 34.83 34.91 31.86 31.95 0.00 0.00 32.22 32.29 32.35 32.40 0.00 0.00 0.00 0.00 0.00 0.00 0.00 0.00 0.00 0.00 0.00 0.00 0.00 0.00 0.00 0.00 0.00 0.00 0.00 0.00 0.00
59.16 59.21 59.22 59.21 59.17 59.09 58.99 62.80 62.57 62.30 61.99 61.63 61.24 60.81 60.32 59.73 59.08 58.38 57.65 56.84 55.92 54.88 53.72 52.46 51.15 49.79 48.42 47.06 45.74 44.45 43.21 0.00 0.00 0.00 0.00 0.00 0.00 0.00 0.00 0.00 0.00 0.00 0.00 0.00 0.00 0.00 0.00 0.00 0.00 0.00 34.30 31.25 0.00 0.00 0.00 0.00 0.00 0.00 0.00 0.00 0.00 0.00 0.00 0.00 0.00 0.00 0.00 0.00 0.00 0.00 0.00 0.00 0.00 0.00 0.00 0.00 0.00 0.00 0.00 0.00 0.00
59.53 59.56 59.56 59.52 59.46 59.35 63.18 62.97 62.71 62.40 62.03 61.62 61.17 63.30 62.73 62.09 58.81 58.06 57.27 56.42 55.51 54.50 53.39 52.18 50.92 49.60 48.27 46.95 45.65 44.37 0.00 0.00 0.00 0.00 0.00 0.00 0.00 0.00 0.00 0.00 0.00 0.00 0.00 0.00 0.00 0.00 0.00 0.00 0.00 0.00 0.00 0.00 0.00 0.00 0.00 0.00 0.00 0.00 0.00 0.00 0.00 0.00 0.00 0.00 0.00 0.00 0.00 0.00 0.00 0.00 0.00 0.00 0.00 0.00 0.00 0.00 0.00 0.00 0.00 0.00 0.00
62.83 59.82 59.80 59.74 59.65 63.49 63.30 63.06 62.77 62.41 62.01 61.56 63.71 63.14 62.52 61.83 61.08 60.27 56.91 56.03 55.10 54.10 53.02 51.86 50.63 49.35 48.05 46.76 45.49 44.23 43.00 0.00 0.00 0.00 0.00 0.00 0.00 0.00 0.00 0.00 0.00 0.00 0.00 0.00 0.00 0.00 0.00 0.00 0.00 0.00 0.00 0.00 0.00 0.00 0.00 0.00 0.00 0.00 0.00 0.00 0.00 0.00 0.00 0.00 0.00 0.00 0.00 0.00 0.00 0.00 0.00 0.00 0.00 0.00 0.00 0.00 0.00 0.00 0.00 0.00 0.00
62.99 62.95 59.95 59.88 63.72 63.55 63.33 63.06 62.73 62.35 64.59 64.09 63.54 62.93 62.27 61.55 60.76 59.92 59.01 55.63 54.68 53.69 52.64 51.51 50.30 49.06 47.79 46.53 45.27 44.04 42.83 41.66 40.59 0.00 0.00 0.00 0.00 0.00 0.00 0.00 0.00 0.00 0.00 0.00 0.00 0.00 0.00 0.00 0.00 0.00 0.00 0.00 0.00 0.00 0.00 0.00 0.00 0.00 0.00 0.00 0.00 0.00 0.00 0.00 0.00 0.00 0.00 0.00 0.00 0.00 0.00 0.00 0.00 0.00 0.00 0.00 0.00 0.00 0.00 0.00 0.00
63.07 63.00 62.93 62.83 63.70 63.50 63.27 62.97 62.61 64.89 64.40 63.87 63.29 62.66 61.97 61.20 60.39 59.52 58.59 57.62 56.62 53.26 52.21 51.11 49.94 48.72 47.48 46.24 45.02 43.80 42.61 41.47 40.40 39.42 38.53 0.00 0.00 0.00 0.00 0.00 0.00 0.00 0.00 0.00 0.00 0.00 0.00 0.00 0.00 0.00 0.00 0.00 0.00 0.00 0.00 0.00 0.00 0.00 0.00 0.00 0.00 0.00 0.00 0.00 0.00 0.00 0.00 0.00 0.00 0.00 0.00 0.00 0.00 0.00 0.00 0.00 0.00 0.00 0.00 0.00 0.00
63.04 62.95 62.86 62.74 62.58 62.38 62.11 61.81 65.10 64.62 64.12 63.56 62.95 62.29 61.58 60.80 59.96 59.06 58.10 57.12 56.13 55.10 54.03 52.90 51.73 50.50 49.25 47.99 44.71 43.50 42.34 41.23 40.17 39.19 38.32 37.52 0.00 0.00 0.00 0.00 0.00 0.00 0.00 0.00 0.00 0.00 0.00 0.00 0.00 0.00 0.00 0.00 0.00 0.00 0.00 0.00 0.00 0.00 0.00 0.00 0.00 0.00 0.00 0.00 0.00 0.00 0.00 0.00 0.00 0.00 0.00 0.00 0.00 0.00 0.00 0.00 0.00 0.00 0.00 0.00 0.00
62.91 62.79 62.68 62.55 62.37 62.14 61.86 61.52 61.14 64.27 63.74 63.15 62.52 61.84 61.11 60.31 59.46 58.53 57.56 56.57 55.58 54.56 53.50 52.40 51.25 50.05 48.84 47.60 46.36 45.13 42.02 40.93 39.89 40.77 39.87 39.06 0.00 0.00 0.00 0.00 0.00 0.00 0.00 0.00 0.00 0.00 0.00 0.00 0.00 0.00 0.00 0.00 0.00 0.00 0.00 0.00 0.00 0.00 0.00 0.00 0.00 0.00 0.00 0.00 0.00 0.00 0.00 0.00 0.00 0.00 0.00 0.00 0.00 0.00 0.00 0.00 0.00 0.00 0.00 0.00 0.00
62.69 62.54 62.40 62.25 62.06 61.80 61.50 61.15 60.73 63.82 63.27 62.65 62.00 61.30 60.54 59.74 58.86 57.93 56.95 55.96 54.97 53.97 52.93 51.84 50.70 49.55 48.36 47.15 45.91 44.73 43.57 42.47 41.44 40.47 39.59 38.78 0.00 0.00 0.00 0.00 0.00 0.00 0.00 0.00 0.00 0.00 0.00 0.00 0.00 0.00 0.00 0.00 0.00 0.00 0.00 0.00 0.00 0.00 0.00 0.00 0.00 0.00 0.00 0.00 0.00 0.00 0.00 0.00 0.00 0.00 0.00 0.00 0.00 0.00 0.00 0.00 0.00 0.00 0.00 0.00 0.00
62.36 62.18 62.01 61.84 61.63 61.36 61.04 60.66 60.25 63.27 62.70 62.07 61.40 60.67 59.90 59.07 58.19 57.25 56.27 55.29 54.31 53.32 52.29 51.22 50.13 48.98 47.83 46.62 45.43 44.27 43.16 42.09 41.07 40.13 39.27 0.00 0.00 0.00 0.00 0.00 0.00 0.00 0.00 0.00 0.00 0.00 0.00 0.00 0.00 0.00 0.00 0.00 0.00 0.00 0.00 0.00 0.00 0.00 0.00 0.00 0.00 0.00 0.00 0.00 0.00 0.00 0.00 0.00 0.00 0.00 0.00 0.00 0.00 0.00 0.00 0.00 0.00 0.00 0.00 0.00 0.00
61.91 61.71 61.51 61.30 61.07 60.78 60.45 60.07 59.63 62.59 62.01 61.37 60.68 59.94 59.15 58.32 57.43 56.50 55.53 54.58 53.61 52.62 51.61 50.56 49.48 48.38 47.23 46.07 44.91 43.78 42.69 41.65 40.67 39.77 38.95 0.00 0.00 0.00 0.00 0.00 0.00 0.00 0.00 0.00 0.00 0.00 0.00 0.00 0.00 0.00 0.00 0.00 0.00 0.00 0.00 0.00 0.00 0.00 0.00 0.00 0.00 0.00 0.00 0.00 0.00 0.00 0.00 0.00 0.00 0.00 0.00 0.00 0.00 0.00 0.00 0.00 0.00 0.00 0.00 0.00 0.00
61.36 61.12 60.89 60.66 60.39 60.08 59.74 59.35 58.89 58.40 61.20 60.54 59.84 59.10 58.31 57.47 56.59 55.66 54.74 53.79 52.85 51.88 50.87 49.84 48.79 47.70 46.60 45.46 44.34 0.00 0.00 0.00 40.25 39.40 0.00 0.00 0.00 0.00 0.00 0.00 0.00 0.00 0.00 0.00 0.00 0.00 0.00 0.00 0.00 0.00 0.00 0.00 0.00 0.00 0.00 0.00 0.00 0.00 0.00 0.00 0.00 0.00 0.00 0.00 0.00 0.00 0.00 0.00 0.00 0.00 0.00 0.00 0.00 0.00 0.00 0.00 0.00 0.00 0.00 0.00 0.00
60.70 60.44 60.17 59.90 59.60 59.27 58.91 58.50 58.05 57.55 57.00 56.39 58.91 58.17 57.38 56.54 55.66 54.77 53.87 52.96 52.04 51.09 50.10 49.08 48.05 47.00 45.92 44.82 0.00 0.00 0.00 0.00 0.00 0.00 0.00 0.00 0.00 0.00 0.00 0.00 0.00 0.00 0.00 0.00 0.00 0.00 0.00 0.00 0.00 0.00 0.00 0.00 0.00 0.00 0.00 0.00 0.00 0.00 0.00 0.00 0.00 0.00 0.00 0.00 0.00 0.00 0.00 0.00 0.00 0.00 0.00 0.00 0.00 0.00 0.00 0.00 0.00 0.00 0.00 0.00 0.00
59.93 59.65 59.36 59.05 58.71 58.35 57.97 57.55 57.10 56.60 56.04 55.43 57.90 57.15 56.37 55.54 54.69 53.82 52.94 52.07 51.17 50.24 49.27 48.27 47.27 46.24 0.00 44.14 0.00 0.00 0.00 0.00 0.00 0.00 0.00 0.00 0.00 0.00 0.00 0.00 0.00 0.00 0.00 0.00 0.00 0.00 0.00 0.00 0.00 0.00 0.00 0.00 0.00 0.00 0.00 0.00 0.00 0.00 0.00 0.00 0.00 0.00 0.00 0.00 0.00 0.00 0.00 0.00 0.00 0.00 0.00 0.00 0.00 0.00 0.00 0.00 0.00 0.00 0.00 0.00 0.00
59.04 58.76 58.45 58.11 57.75 57.37 56.96 56.52 56.05 55.55 54.99 54.39 53.76 56.06 55.30 54.48 53.66 52.83 51.98 51.13 50.24 49.34 48.39 47.41 0.00 0.00 0.00 0.00 0.00 0.00 0.00 0.00 0.00 0.00 0.00 0.00 0.00 0.00 0.00 0.00 0.00 0.00 0.00 0.00 0.00 0.00 0.00 0.00 0.00 0.00 0.00 0.00 0.00 0.00 0.00 0.00 0.00 0.00 0.00 0.00 0.00 0.00 0.00 0.00 0.00 0.00 0.00 0.00 0.00 0.00 0.00 0.00 0.00 0.00 0.00 0.00 0.00 0.00 0.00 0.00 0.00
58.04 57.75 57.42 57.09 56.71 56.31 55.88 55.42 54.95 54.44 53.88 53.29 52.67 52.02 54.17 53.39 52.61 51.80 50.97 50.13 49.27 48.39 47.47 0.00 0.00 0.00 0.00 0.00 0.00 0.00 0.00 0.00 0.00 0.00 0.00 0.00 0.00 0.00 0.00 0.00 0.00 0.00 0.00 0.00 0.00 0.00 0.00 0.00 0.00 0.00 0.00 0.00 0.00 0.00 0.00 0.00 0.00 0.00 0.00 0.00 0.00 0.00 0.00 0.00 0.00 0.00 0.00 0.00 0.00 0.00 0.00 0.00 0.00 0.00 0.00 0.00 0.00 0.00 0.00 0.00 0.00
56.91 56.61 56.29 55.96 55.58 55.17 54.73 54.28 53.79 53.28 52.72 52.14 51.55 50.92 53.01 52.27 51.52 50.73 49.93 49.10 48.27 47.41 46.51 0.00 0.00 0.00 0.00 0.00 0.00 0.00 0.00 0.00 0.00 0.00 0.00 0.00 0.00 0.00 0.00 0.00 0.00 0.00 0.00 0.00 0.00 0.00 0.00 0.00 0.00 0.00 0.00 0.00 0.00 0.00 0.00 0.00 0.00 0.00 0.00 0.00 0.00 0.00 0.00 0.00 0.00 0.00 0.00 0.00 0.00 0.00 0.00 0.00 0.00 0.00 0.00 0.00 0.00 0.00 0.00 0.00 0.00
55.67 55.37 55.07 54.72 54.34 53.94 53.50 53.05 52.57 52.06 51.52 50.96 50.38 49.77 49.14 51.11 50.37 49.62 48.85 48.04 47.23 46.40 0.00 0.00 0.00 0.00 0.00 0.00 0.00 0.00 0.00 0.00 0.00 0.00 0.00 0.00 0.00 0.00 0.00 0.00 0.00 0.00 0.00 0.00 0.00 0.00 0.00 0.00 0.00 0.00 0.00 0.00 0.00 0.00 0.00 0.00 0.00 0.00 0.00 0.00 0.00 0.00 0.00 0.00 0.00 0.00 0.00 0.00 0.00 0.00 0.00 0.00 0.00 0.00 0.00 0.00 0.00 0.00 0.00 0.00 0.00
54.34 54.05 53.73 53.39 53.01 52.61 52.19 51.74 51.27 50.79 50.26 49.72 49.16 48.57 47.96 49.88 49.18 48.46 47.71 46.94 46.16 0.00 0.00 0.00 0.00 0.00 0.00 0.00 0.00 0.00 0.00 0.00 0.00 0.00 0.00 0.00 0.00 0.00 0.00 0.00 0.00 0.00 0.00 0.00 0.00 0.00 0.00 0.00 0.00 0.00 0.00 0.00 0.00 0.00 0.00 0.00 0.00 0.00 0.00 0.00 0.00 0.00 0.00 0.00 0.00 0.00 0.00 0.00 0.00 0.00 0.00 0.00 0.00 0.00 0.00 0.00 0.00 0.00 0.00 0.00 0.00
52.94 52.64 52.31 51.96 51.59 51.20 50.80 50.37 49.92 49.45 48.94 48.42 47.89 47.33 46.74 48.61 47.94 47.25 0.00 0.00 0.00 0.00 0.00 0.00 0.00 0.00 0.00 0.00 0.00 0.00 0.00 0.00 0.00 0.00 0.00 0.00 0.00 0.00 0.00 0.00 0.00 0.00 0.00 0.00 0.00 0.00 0.00 0.00 0.00 0.00 0.00 0.00 0.00 0.00 0.00 0.00 0.00 0.00 0.00 0.00 0.00 0.00 0.00 0.00 0.00 0.00 0.00 0.00 0.00 0.00 0.00 0.00 0.00 0.00 0.00 0.00 0.00 0.00 0.00 0.00 0.00
51.49 51.17 50.83 50.48 50.12 49.75 49.36 48.97 48.54 48.08 47.59 47.10 46.58 46.05 45.50 47.33 46.70 0.00 0.00 0.00 0.00 0.00 0.00 0.00 0.00 0.00 0.00 0.00 0.00 0.00 0.00 0.00 0.00 0.00 0.00 0.00 0.00 0.00 0.00 0.00 0.00 0.00 0.00 0.00 0.00 0.00 0.00 0.00 0.00 0.00 0.00 0.00 0.00 0.00 0.00 0.00 0.00 0.00 0.00 0.00 0.00 0.00 0.00 0.00 0.00 0.00 0.00 0.00 0.00 0.00 0.00 0.00 0.00 0.00 0.00 0.00 0.00 0.00 0.00 0.00 0.00
