ASPA-UH-SWB2_REPO/output/post_prcessed_with_MFR/runoff_annual.asc
NCOLS 350
NROWS 200
XLLCENTER 515000.000000
YLLCENTER 8409000.000000
CELLSIZE 100.000000
NODATA_value -999.000000
[rows 108 to 143 of 200, columns 81 to 161 of 350]
47.94 47.92 47.91 47.89 47.87 47.83 47.80 47.78 47.77 47.75 47.77 47.79 51.06 51.09 51.09 51.07 51.03 50.98 50.90 50.78 50.65 50.51 50.35 50.17 49.98 49.77 49.56 49.35 49.17 49.04 48.95 48.86 48.79 48.73 48.68 48.65 48.61 48.58 48.54 48.49 48.43 48.36 48.27 48.17 48.07 47.94 56.10 55.88 55.66 55.41 55.15 54.90 54.64 54.41 12.56 12.51 12.46 12.41 53.35 53.22 53.11 53.00 52.90 52.81 52.74 52.66 52.59 52.52 52.44 52.36 52.27 52.15 51.99 51.85 51.67 51.49 51.29 51.06 50.81 50.56 11.60
48.15 48.14 48.13 48.11 48.08 48.06 48.03 48.02 48.00 48.01 48.03 48.06 51.36 51.40 51.41 51.39 51.35 51.30 51.21 51.10 50.97 50.82 50.66 50.48 50.28 50.07 49.84 49.62 49.42 49.27 49.17 49.08 49.00 48.93 48.87 48.82 48.78 48.74 48.67 48.60 48.51 48.41 48.31 48.18 48.03 47.85 55.95 55.68 55.39 55.08 54.77 54.46 54.16 12.49 12.43 12.36 12.29 12.23 12.18 52.36 52.20 52.04 51.90 51.76 51.65 51.53 51.41 51.30 51.19 51.08 50.96 50.79 50.63 50.45 50.25 50.04 49.81 49.58 11.38 11.32 11.25
48.29 48.28 48.27 48.25 48.24 48.22 48.21 48.19 48.19 48.20 48.22 51.55 51.60 51.63 51.64 51.63 51.60 51.55 51.47 51.36 51.22 51.07 50.90 50.72 50.52 50.30 50.07 49.83 49.62 49.46 49.34 49.25 49.16 49.08 49.00 48.94 48.89 48.83 48.75 48.66 48.55 48.43 56.67 56.49 56.28 56.02 55.71 55.38 55.03 54.67 54.30 53.94 12.43 12.35 12.27 12.19 12.11 12.04 51.69 51.46 51.24 51.04 50.85 50.69 50.53 50.37 50.21 50.06 49.91 49.77 49.62 49.44 49.25 49.04 48.83 48.61 48.36 48.12 47.85 10.97 10.91
48.34 48.34 48.34 48.33 48.32 48.32 48.31 48.31 48.31 48.32 45.06 51.70 51.75 51.79 51.81 51.80 51.77 51.73 51.65 51.54 51.41 51.26 51.09 50.90 50.70 50.47 50.23 49.99 49.77 49.60 49.47 49.37 49.27 49.17 49.08 49.01 48.95 48.87 48.78 48.67 56.92 56.77 56.58 56.36 56.08 55.74 55.38 54.99 54.58 54.18 53.77 53.36 12.29 12.19 12.10 12.01 11.92 11.84 50.80 50.52 50.26 50.02 49.79 49.58 49.38 49.20 49.01 48.82 48.65 48.47 48.29 48.10 47.88 10.99 47.42 47.19 46.94 46.69 10.70 10.63 10.56
48.32 48.33 48.33 48.34 48.34 48.34 48.34 48.34 48.35 45.08 45.12 51.76 51.82 51.86 51.89 51.89 51.87 51.82 51.76 51.66 51.53 51.38 51.21 51.01 50.80 50.57 50.33 50.08 49.87 49.69 49.56 49.45 49.34 49.23 49.13 57.40 57.33 57.24 57.14 57.00 56.85 56.66 56.42 56.14 55.79 55.39 54.96 54.53 54.08 53.63 53.18 12.23 12.13 12.02 11.92 11.82 11.73 50.23 49.88 49.57 49.27 48.99 48.73 48.48 11.15 11.10 47.83 47.61 47.40 47.19 46.98 46.77 46.53 10.67 10.61 45.79 45.55 10.43 10.37 10.30 10.23
48.22 48.24 48.25 48.27 48.28 48.29 48.30 45.02 45.03 45.06 45.09 51.74 51.80 51.86 51.89 51.90 51.89 51.85 51.79 51.69 51.57 51.42 51.25 51.05 50.84 50.61 50.37 58.51 58.27 58.08 57.95 49.48 57.70 57.58 57.48 57.39 57.29 57.19 57.06 56.90 56.71 56.48 56.19 55.83 55.42 54.98 54.50 54.01 53.52 53.03 12.18 12.07 11.96 11.84 11.73 11.62 49.74 49.33 48.94 48.59 48.26 47.95 47.66 47.38 47.12 10.82 10.77 46.42 46.17 45.93 45.70 45.46 45.20 10.35 10.29 10.23 10.17 10.11 10.05 9.98 9.92
44.78 44.81 44.84 48.13 44.88 44.90 44.92 44.93 44.94 44.97 45.01 45.05 45.12 51.78 51.82 51.84 51.83 51.80 51.74 51.65 51.53 51.38 51.22 51.02 50.81 50.58 58.75 58.49 58.26 58.08 57.94 57.80 57.67 57.54 57.42 57.32 57.20 57.07 56.91 56.73 56.51 56.23 55.89 55.46 55.00 54.50 53.98 53.45 52.92 52.38 12.02 11.90 11.77 11.65 11.53 49.30 48.85 48.41 47.99 47.60 47.25 46.91 46.60 46.30 46.02 10.55 10.49 10.43 44.96 44.69 44.44 44.17 10.11 10.04 9.98 9.92 9.86 9.80 0.00 0.00 0.00
44.54 44.58 44.63 44.67 44.70 44.73 44.76 44.77 44.80 44.83 44.86 44.91 44.98 45.04 51.67 51.70 51.69 51.67 51.62 51.53 51.42 51.28 51.12 50.93 50.72 50.49 58.66 58.40 58.19 58.02 57.87 57.73 57.58 57.44 57.31 57.19 57.05 56.88 56.70 56.49 56.23 55.91 55.50 55.03 54.51 53.96 53.40 52.84 52.27 51.70 11.85 11.72 11.59 11.46 11.33 48.43 47.95 47.49 47.05 46.63 46.25 45.91 45.59 45.26 44.94 10.29 10.23 10.15 10.08 10.01 9.95 9.88 9.82 9.75 9.68 9.62 9.56 0.00 0.00 0.00 0.00
44.20 44.28 44.34 44.39 44.45 44.50 44.54 44.57 44.60 44.63 44.67 44.71 44.77 44.84 44.89 51.47 51.48 51.47 51.43 51.35 51.24 51.11 50.95 50.77 50.56 58.76 58.51 58.27 58.07 57.92 57.76 57.60 57.44 57.29 57.14 57.00 56.83 56.64 56.42 56.18 55.89 55.52 55.06 54.53 53.96 53.38 52.79 52.19 51.59 51.00 11.68 11.54 11.40 11.26 11.13 47.56 47.05 46.57 46.12 45.69 45.30 44.94 44.59 44.26 10.12 10.05 9.97 9.90 9.82 9.75 9.68 9.61 9.54 9.47 9.41 9.34 9.27 0.00 0.00 0.00 9.04
43.79 43.89 43.98 44.05 44.12 44.19 44.25 44.30 44.34 44.38 44.43 44.47 44.51 44.57 44.63 44.66 51.20 51.19 51.16 51.09 50.99 50.87 50.72 50.55 58.76 58.54 58.31 58.11 57.93 57.76 57.60 57.42 57.24 57.09 56.93 56.75 56.56 56.33 56.09 55.80 55.47 55.06 54.56 53.99 53.39 52.77 52.15 51.52 50.88 50.25 11.50 11.35 11.20 11.07 10.93 46.67 46.16 45.67 45.21 44.77 44.37 43.99 43.64 43.30 9.89 9.81 9.73 9.65 9.57 9.49 9.42 9.35 9.28 9.21 9.14 9.07 9.01 8.95 0.00 0.00 0.00
43.30 43.42 43.54 43.64 43.73 43.82 43.90 43.96 44.02 44.09 44.13 44.17 44.22 44.26 44.31 44.35 44.38 50.85 50.83 50.77 50.67 50.56 50.43 13.58 13.54 13.49 13.45 57.90 57.73 57.55 57.38 57.19 57.01 56.83 56.65 56.45 56.22 55.97 55.69 55.37 55.00 54.55 54.00 53.42 52.78 52.14 51.47 50.82 50.16 49.49 11.31 11.16 11.01 10.87 10.73 10.59 10.47 44.80 44.32 43.88 43.47 43.09 42.73 42.36 9.66 9.58 9.50 9.41 9.33 9.25 9.18 9.10 9.03 8.96 0.00 0.00 0.00 0.00 0.00 0.00 0.00
42.74 42.89 43.03 43.16 43.27 43.38 43.48 43.57 43.64 43.72 43.78 43.83 43.88 43.92 43.97 44.01 44.03 44.04 50.44 50.39 50.30 43.82 13.54 13.50 13.46 13.42 13.39 57.64 57.47 57.29 57.10 56.91 56.72 56.53 56.32 56.09 55.83 55.55 55.23 54.88 54.47 53.98 53.42 52.78 52.15 51.46 50.79 50.10 49.41 48.71 11.12 10.97 10.82 10.67 10.53 10.40 10.27 43.95 43.47 9.92 42.61 42.22 41.83 9.54 9.45 9.36 9.27 9.19 9.11 9.02 8.95 8.87 8.80 8.73 8.67 0.00 0.00 0.00 0.00 0.00 0.00
42.12 42.29 42.45 42.61 42.74 42.87 42.99 43.09 43.19 43.29 43.38 43.45 43.50 43.55 43.60 43.63 43.66 43.66 43.65 43.61 43.56 43.48 13.44 13.41 13.38 13.34 13.31 13.27 57.14 56.97 56.77 56.58 56.38 56.16 55.92 55.65 55.37 55.07 54.71 54.33 53.88 53.36 52.78 52.13 51.44 50.76 50.05 49.35 48.64 11.10 10.94 10.78 10.63 10.47 10.33 10.20 10.07 9.95 9.83 9.72 9.63 9.53 9.43 9.34 9.25 9.15 9.07 8.98 8.89 8.81 8.73 8.66 8.59 8.53 8.47 0.00 0.00 0.00 0.00 0.00 0.00
41.46 41.64 41.82 41.99 42.15 42.30 42.43 42.56 42.68 42.80 42.91 43.00 43.08 43.15 43.20 43.24 43.26 43.27 43.26 43.24 43.19 43.13 13.34 13.31 13.29 13.26 13.22 13.18 13.14 13.10 13.06 56.18 55.96 55.72 55.46 55.18 54.86 54.52 54.14 53.72 53.25 52.71 52.11 51.44 50.75 50.02 49.31 48.59 11.08 10.92 10.75 10.59 10.44 10.29 10.14 10.01 9.88 9.76 9.64 9.54 9.44 9.34 9.25 9.15 9.05 8.96 8.87 8.79 8.70 8.62 8.54 8.47 8.41 8.35 8.29 8.24 0.00 0.00 0.00 0.00 0.00
40.75 40.93 41.13 41.32 41.50 41.67 41.83 41.98 42.12 42.26 42.39 42.50 42.60 42.68 42.75 42.80 42.84 42.85 42.86 42.85 42.81 42.77 13.23 13.21 13.18 13.16 13.12 13.08 13.04 13.00 12.96 55.72 55.48 55.22 54.94 54.63 54.30 53.92 53.52 53.06 52.57 52.02 51.41 50.74 50.01 49.29 48.56 47.83 10.90 10.74 10.57 10.41 10.25 10.11 9.96 9.83 9.70 9.58 9.47 9.36 9.26 9.16 9.07 8.97 8.87 8.78 8.70 8.61 8.53 8.45 8.38 8.31 8.25 8.19 8.13 8.07 8.02 0.00 0.00 0.00 0.00
39.99 40.18 40.39 40.60 40.80 40.99 41.18 41.35 41.52 41.67 41.81 41.94 42.06 42.16 42.25 42.32 42.37 42.40 42.42 42.42 42.40 42.37 42.32 13.09 13.07 13.04 13.01 12.97 12.93 12.89 12.84 12.79 54.95 54.67 54.36 54.04 53.68 53.29 52.84 52.37 51.85 51.29 50.68 50.00 49.29 48.55 47.81 10.90 10.73 10.56 10.40 10.24 10.08 9.93 9.79 9.65 9.53 9.41 9.30 9.20 9.10 9.00 8.90 8.80 8.71 8.62 8.54 8.46 8.39 8.31 8.24 8.18 8.11 8.05 7.99 7.93 7.88 7.83 0.00 0.00 0.00
39.18 39.40 39.60 39.83 40.05 40.27 40.47 40.68 40.87 41.04 41.19 41.34 41.46 41.58 41.69 41.78 41.85 41.90 41.93 41.95 41.95 41.93 41.89 41.84 12.94 12.92 12.89 12.85 12.81 12.76 12.71 12.66 12.59 54.07 53.75 53.40 53.02 52.60 52.13 51.64 51.11 50.53 49.92 49.25 48.54 47.79 47.07 10.73 10.56 10.39 10.23 10.07 9.91 9.76 9.62 9.49 9.37 9.25 9.15 9.05 8.94 8.84 8.74 8.65 8.55 8.47 8.39 8.32 8.25 8.18 8.11 8.05 7.98 7.92 7.87 7.81 7.76 7.71 0.00 0.00 0.00
38.33 38.56 38.78 39.01 39.25 39.49 39.71 39.94 40.16 40.35 40.52 40.68 40.83 40.97 41.09 41.20 41.28 41.35 41.39 41.43 41.45 41.44 41.41 41.37 12.80 12.78 12.75 12.71 12.67 12.62 12.57 12.52 12.45 12.38 53.09 52.73 52.32 51.88 51.40 50.89 50.34 49.75 49.13 48.47 47.77 47.05 10.72 10.55 10.39 10.22 10.06 9.90 9.75 9.60 9.46 9.33 9.21 9.10 9.00 8.90 8.80 8.69 8.59 8.50 8.42 8.33 8.26 8.19 8.13 8.06 7.99 7.93 7.86 7.81 7.75 7.70 7.65 7.60 0.00 0.00 0.00
37.44 37.68 37.92 38.17 38.42 38.66 38.91 39.15 39.39 39.61 39.81 39.99 40.15 40.30 40.45 40.57 40.67 40.76 40.82 40.87 40.90 40.90 40.89 40.85 12.64 12.62 12.59 12.56 12.52 12.47 12.42 12.36 12.29 12.22 12.14 52.01 51.59 51.14 50.65 50.12 49.56 11.34 11.20 11.04 10.88 10.72 10.55 10.39 10.22 10.06 9.90 9.74 9.59 9.45 9.31 9.19 9.07 8.97 8.86 8.76 8.66 8.56 8.47 8.38 8.29 8.21 8.14 8.07 8.01 7.94 7.88 7.82 7.76 7.70 7.65 7.60 7.55 7.51 7.47 0.00 0.00
36.54 36.78 37.03 37.29 37.56 37.81 38.07 38.32 38.57 38.81 39.04 39.24 39.42 39.59 39.76 39.90 40.02 40.12 40.21 40.26 40.30 40.31 40.30 40.28 12.47 12.45 12.43 12.39 12.35 12.31 12.25 12.19 12.12 12.05 11.96 11.87 11.77 50.37 49.87 49.35 11.30 11.16 11.01 10.86 10.70 10.54 10.38 10.22 10.06 9.90 9.74 9.59 9.44 9.31 9.18 9.06 8.95 8.84 8.74 8.64 8.54 8.44 8.35 8.27 8.19 8.11 8.03 7.97 7.90 7.84 7.77 7.72 7.66 7.61 7.56 7.51 7.47 7.43 7.39 7.36 0.00
35.62 35.88 36.13 36.40 36.67 36.94 37.20 37.46 37.72 37.97 38.22 38.45 38.64 38.83 39.01 39.17 39.31 39.42 39.53 39.60 39.65 39.68 39.68 39.67 12.29 12.27 12.24 12.21 12.17 12.13 12.08 12.01 11.94 11.87 11.78 11.69 11.59 11.48 11.37 11.24 11.11 10.98 10.83 10.68 10.53 10.37 10.21 10.05 9.90 9.75 9.59 9.45 9.31 9.17 9.05 8.94 8.83 8.73 8.62 8.52 8.43 8.34 8.25 8.17 8.09 8.01 7.93 7.87 7.80 7.74 7.68 7.63 7.57 7.53 7.48 7.43 7.39 7.36 7.33 7.29 7.26
34.70 34.96 35.23 35.50 35.78 36.06 36.33 36.58 36.85 37.11 37.37 37.61 37.82 38.02 38.21 38.39 38.54 38.68 38.79 38.89 38.95 39.00 39.02 39.02 38.99 12.07 12.05 12.02 11.98 11.94 11.89 11.83 11.76 11.68 11.60 11.51 11.41 11.30 11.19 11.06 10.93 10.80 10.66 10.52 10.36 10.21 10.05 9.90 9.75 9.60 9.46 9.31 9.17 9.05 8.93 8.82 8.72 8.62 8.51 8.42 8.33 8.24 8.15 8.07 7.99 7.92 7.85 7.78 7.72 7.66 7.60 7.55 7.50 7.45 7.41 7.37 7.33 7.30 7.27 7.24 0.00
33.78 34.05 34.33 34.62 34.89 35.18 35.45 35.72 35.97 36.25 36.51 36.76 36.98 37.19 37.40 37.58 37.75 37.89 38.03 38.14 38.23 38.29 38.32 38.33 11.88 11.87 11.85 11.82 11.79 11.75 11.69 11.64 11.57 11.50 11.42 11.33 11.22 11.12 11.01 10.89 10.76 10.63 10.49 10.35 10.20 10.05 9.90 9.76 9.61 9.47 9.32 9.18 9.05 8.93 8.81 8.71 8.61 8.51 8.41 8.32 8.24 8.15 8.07 7.98 7.91 7.83 7.77 7.70 7.64 7.58 7.53 7.48 7.43 7.39 7.35 7.32 7.28 7.25 7.22 7.18 0.00
32.89 33.17 33.45 33.74 34.03 34.31 34.59 34.86 35.12 35.38 35.65 35.91 36.15 36.37 36.57 36.77 36.94 37.11 37.25 37.38 37.48 37.55 37.60 37.63 11.66 11.65 11.64 11.62 11.59 11.55 11.50 11.45 11.38 11.31 11.23 11.14 11.05 10.94 10.83 10.72 10.59 10.46 10.33 10.19 10.05 9.90 9.76 9.62 9.48 9.34 9.20 9.07 8.94 8.82 8.71 8.61 8.51 8.42 8.32 8.24 8.15 8.07 7.98 7.91 7.83 7.76 7.69 7.63 7.57 7.52 7.47 7.42 7.37 7.34 7.30 7.27 7.24 7.20 7.17 7.14 7.11
32.03 32.32 32.60 10.15 10.25 33.46 33.74 34.01 34.28 34.54 34.81 35.07 35.32 35.54 35.76 35.96 36.15 36.32 36.49 36.62 36.73 36.82 36.88 36.91 11.45 11.44 11.43 11.41 11.39 11.35 11.31 11.26 11.20 11.13 11.05 10.96 10.87 10.77 10.66 10.55 10.43 10.30 10.17 10.04 9.90 9.77 9.63 9.49 9.35 9.22 9.09 8.96 8.83 8.72 8.62 8.52 8.42 8.33 8.24 8.16 8.08 7.99 7.91 7.83 7.76 7.69 7.63 7.57 7.52 7.46 7.41 7.36 7.32 7.29 7.25 7.23 7.20 7.16 7.13 7.10 0.00
31.22 31.50 31.79 9.90 9.99 10.08 32.91 33.18 33.45 33.72 33.98 34.23 34.48 34.72 34.94 35.16 35.36 35.55 35.71 35.87 35.99 36.09 36.16 11.23 11.24 11.24 11.23 11.21 11.19 11.16 11.12 11.07 11.01 10.94 10.87 10.79 10.70 10.60 10.50 10.39 10.27 10.15 10.03 9.90 9.77 9.63 9.50 9.37 9.24 9.11 8.98 8.86 8.74 8.63 8.53 8.44 8.34 8.25 8.17 8.09 8.01 7.93 7.85 7.77 7.70 7.63 7.57 7.52 7.47 7.41 7.36 7.32 7.28 7.24 7.21 7.19 7.16 7.12 7.09 7.06 0.00
30.44 30.72 31.00 9.65 9.75 9.84 32.12 32.39 32.65 32.91 33.17 33.42 33.66 33.90 34.14 34.36 34.57 34.77 10.83 35.11 35.24 35.35 35.44 11.01 11.02 11.03 11.03 11.02 11.00 10.97 10.93 10.88 10.83 10.77 10.70 10.62 10.53 10.44 10.34 10.24 10.13 10.01 9.89 9.77 9.64 9.51 9.38 9.25 9.13 9.00 8.88 8.76 8.65 8.55 8.45 8.36 8.27 8.18 8.10 8.02 7.95 7.86 7.79 7.71 7.64 7.58 7.52 7.47 7.42 7.37 7.32 7.28 7.24 7.21 7.18 7.15 7.12 7.09 7.06 7.04 7.01
29.71 9.24 9.33 9.42 9.51 9.60 31.36 31.62 31.88 32.14 32.39 32.63 32.87 33.11 33.35 33.58 33.79 10.54 10.60 10.65 34.50 34.62 34.72 34.80 10.81 10.82 10.83 10.82 10.80 10.78 10.74 10.70 10.65 10.59 10.53 10.46 10.38 10.29 10.19 10.09 9.99 9.87 9.76 9.64 9.52 9.40 9.27 9.15 9.03 8.90 8.79 8.68 8.57 8.47 8.38 8.29 8.20 8.12 8.04 7.97 7.89 7.81 7.73 7.66 7.59 7.53 7.48 7.42 7.38 7.33 7.28 7.24 7.21 7.18 7.15 7.12 7.09 7.06 7.03 7.01 6.99
29.03 9.03 9.12 9.20 9.29 30.38 30.64 30.89 31.15 31.40 31.64 31.87 32.11 10.02 32.57 32.80 10.24 10.30 10.36 10.42 10.47 33.90 34.01 34.11 10.60 10.62 10.63 10.62 10.61 10.59 10.56 10.52 10.47 10.42 10.37 10.30 10.22 10.14 10.05 9.96 9.86 9.75 9.64 9.52 9.41 9.29 9.17 9.05 8.93 8.82 8.71 8.60 8.50 8.41 8.31 8.22 8.14 8.07 7.99 7.92 7.84 7.76 7.69 7.62 7.55 7.49 7.44 7.39 7.34 7.29 7.25 7.22 7.18 7.16 7.13 7.09 7.06 7.03 7.01 6.99 0.00
8.75 8.84 8.92 9.01 29.47 29.72 29.96 30.21 30.45 30.68 30.92 31.15 9.72 9.79 9.87 9.94 10.01 10.08 10.14 10.20 10.25 10.30 10.34 10.37 10.40 10.42 10.43 10.43 10.42 10.41 10.38 10.35 10.31 10.26 10.21 10.15 10.08 10.00 9.92 9.83 9.73 9.63 9.52 9.41 9.30 9.18 9.07 8.95 8.84 8.74 8.63 8.53 8.43 8.34 8.25 8.17 8.09 8.01 7.94 7.87 7.79 7.72 7.65 7.58 7.52 7.46 7.40 7.35 7.31 7.26 7.22 7.19 7.16 7.13 7.10 7.07 7.04 7.01 6.99 0.00 0.00
8.58 8.66 8.75 8.83 28.87 29.11 29.35 29.57 29.79 30.02 30.25 30.47 9.50 9.58 9.65 9.72 9.79 9.86 9.93 9.99 10.04 10.09 10.13 10.17 10.20 10.22 10.23 10.24 10.24 10.23 10.21 10.18 10.15 10.11 10.06 10.00 9.94 9.86 9.78 9.70 9.61 9.51 9.41 9.31 9.20 9.09 8.98 8.87 8.77 8.66 8.56 8.47 8.37 8.28 8.20 8.12 8.04 7.96 7.89 7.82 7.75 7.68 7.61 7.55 7.49 7.43 7.37 7.32 7.28 7.23 7.19 7.16 7.13 7.11 7.08 7.05 7.02 7.00 6.98 0.00 0.00
8.43 8.51 8.59 8.66 8.74 28.56 28.78 28.99 29.19 29.41 29.61 29.82 30.03 30.24 9.44 9.52 9.59 9.66 9.73 9.79 9.84 9.89 9.94 9.98 10.01 10.03 10.05 10.06 10.07 10.06 10.05 10.03 10.00 9.96 9.92 9.87 9.80 9.74 9.66 9.58 9.50 9.41 9.31 9.21 9.10 9.00 8.90 8.80 8.69 8.59 8.50 8.41 8.32 8.23 8.15 8.07 7.99 7.92 7.85 7.78 7.71 7.64 7.58 7.52 7.46 7.40 7.35 7.30 7.25 7.21 7.17 7.14 7.11 7.09 7.06 7.03 0.00 0.00 0.00 0.00 0.00
8.30 8.37 8.45 8.52 8.59 28.07 28.27 28.46 28.64 8.92 29.02 29.21 29.41 9.18 9.25 9.32 9.40 9.47 9.54 9.60 9.66 9.71 9.76 9.80 9.83 9.86 9.88 9.89 9.90 9.90 9.90 9.88 9.85 9.82 9.78 9.74 9.68 9.62 9.55 9.47 9.39 9.31 9.22 9.12 9.02 8.92 8.82 8.73 8.63 8.53 8.44 8.35 8.26 8.18 8.10 8.03 7.95 7.88 7.81 7.74 7.68 7.61 7.55 7.49 7.43 7.37 7.32 7.28 7.23 7.19 7.15 7.12 7.09 7.07 7.05 0.00 0.00 0.00 0.00 0.00 0.00
8.19 8.26 8.33 8.40 8.46 27.64 27.82 27.99 8.70 8.75 8.81 8.87 28.84 9.00 9.08 9.15 9.23 9.30 9.37 9.43 9.49 9.54 9.59 9.63 9.67 9.69 9.71 9.73 9.74 9.75 9.75 9.74 9.72 9.69 9.66 9.61 9.57 9.50 9.44 9.37 9.30 9.22 9.13 9.04 8.94 8.85 8.75 8.66 8.57 8.47 8.38 8.29 8.21 8.14 8.06 7.99 7.92 7.85 7.78 7.71 7.64 7.58 7.52 7.46 7.40 7.35 7.30 7.26 7.21 7.17 7.13 7.10 0.00 0.00 0.00 0.00 0.00 0.00 0.00 0.00 0.00
8.11 8.17 8.24 8.30 8.36 8.41 27.43 8.52 8.56 8.61 8.66 8.71 8.78 8.85 8.92 9.00 9.07 9.14 9.21 9.27 9.33 9.39 9.43 9.48 9.51 9.54 9.56 9.58 9.59 9.60 9.61 9.60 9.59 9.57 9.54 9.50 9.45 9.40 9.34 9.28 9.20 9.13 9.05 8.96 8.87 8.78 8.69 8.60 8.51 8.42 8.33 8.24 8.16 8.10 8.03 7.96 7.89 7.82 7.75 7.68 7.61 7.55 7.49 7.44 7.38 7.33 7.28 7.24 7.20 7.16 0.00 0.00 0.00 0.00 0.00 0.00 0.00 0.00 0.00 0.00 0.00
8.05 8.10 8.16 8.22 8.27 26.98 8.36 8.41 8.44 8.48 8.52 8.58 8.64 8.72 8.79 8.86 8.93 9.00 9.07 9.13 9.19 9.24 9.29 9.34 9.37 9.40 9.42 9.44 9.46 9.47 9.48 9.48 9.47 9.45 9.43 9.39 9.36 9.30 9.25 9.19 9.12 9.05 8.97 8.89 8.80 8.72 8.63 8.54 8.45 8.37 8.28 8.20 8.12 8.06 7.99 7.93 7.86 7.78 7.71 7.65 7.58 7.53 7.47 7.41 7.36 7.31 7.26 7.22 7.18 0.00 0.00 0.00 0.00 0.00 0.00 0.00 0.00 0.00 0.00 0.00 0.00
