ASPA-UH-SWB2_REPO/output/post_prcessed_with_MFR/runoff_annual.asc
NCOLS 350
NROWS 200
XLLCENTER 515000.000000
YLLCENTER 8409000.000000
CELLSIZE 100.000000
NODATA_value -999.000000
[rows 36 to 71 of 200, columns 162 to 242 of 350]
0.00 0.00 0.00 0.00 0.00 0.00 0.00 0.00 0.00 0.00 0.00 0.00 0.00 0.00 0.00 0.00 0.00 0.00 0.00 0.00 0.00 0.00 0.00 0.00 0.00 0.00 0.00 0.00 0.00 0.00 0.00 0.00 0.00 0.00 0.00 0.00 41.56 41.48 40.40 40.28 40.13 39.97 0.00 0.00 0.00 0.00 0.00 0.00 0.00 0.00 0.00 0.00 0.00 0.00 0.00 0.00 0.00 0.00 0.00 0.00 0.00 0.00 0.00 0.00 0.00 0.00 0.00 0.00 0.00 0.00 0.00 0.00 0.00 0.00 0.00 0.00 0.00 0.00 0.00 0.00 0.00
0.00 0.00 0.00 0.00 0.00 0.00 0.00 0.00 0.00 0.00 0.00 0.00 0.00 0.00 0.00 0.00 0.00 0.00 0.00 0.00 0.00 0.00 0.00 0.00 0.00 0.00 0.00 0.00 0.00 0.00 0.00 0.00 0.00 0.00 0.00 42.75 42.68 41.55 41.44 41.32 41.17 40.99 0.00 0.00 0.00 0.00 0.00 0.00 0.00 0.00 0.00 0.00 0.00 0.00 0.00 0.00 0.00 0.00 0.00 0.00 0.00 0.00 0.00 0.00 0.00 0.00 0.00 0.00 0.00 0.00 0.00 0.00 0.00 0.00 0.00 0.00 0.00 0.00 0.00 0.00 0.00
0.00 0.00 0.00 0.00 0.00 0.00 0.00 0.00 0.00 0.00 0.00 0.00 0.00 0.00 0.00 0.00 0.00 0.00 0.00 0.00 0.00 0.00 0.00 0.00 0.00 0.00 0.00 0.00 0.00 0.00 43.99 0.00 0.00 0.00 44.00 43.94 42.77 42.67 42.55 42.41 42.25 0.00 0.00 0.00 0.00 0.00 0.00 0.00 0.00 0.00 0.00 0.00 0.00 0.00 0.00 0.00 0.00 0.00 0.00 0.00 0.00 0.00 0.00 0.00 0.00 0.00 0.00 0.00 0.00 0.00 0.00 0.00 0.00 0.00 0.00 0.00 0.00 0.00 0.00 0.00 0.00
0.00 0.00 0.00 0.00 0.00 0.00 0.00 0.00 0.00 0.00 0.00 0.00 0.00 0.00 0.00 0.00 0.00 0.00 0.00 0.00 0.00 0.00 0.00 0.00 0.00 0.00 0.00 0.00 0.00 0.00 45.22 45.26 45.28 45.28 45.24 44.05 43.96 43.85 43.72 43.56 0.00 0.00 0.00 0.00 0.00 0.00 0.00 0.00 0.00 0.00 0.00 0.00 0.00 0.00 0.00 0.00 0.00 0.00 0.00 0.00 0.00 0.00 0.00 0.00 0.00 0.00 0.00 0.00 0.00 0.00 0.00 0.00 0.00 0.00 0.00 0.00 0.00 0.00 0.00 0.00 0.00
0.00 0.00 0.00 0.00 0.00 0.00 0.00 0.00 0.00 0.00 0.00 0.00 0.00 0.00 0.00 0.00 0.00 0.00 0.00 0.00 0.00 0.00 0.00 0.00 0.00 0.00 0.00 0.00 0.00 0.00 46.49 46.54 46.56 46.54 46.51 45.29 45.18 45.05 44.92 0.00 0.00 0.00 0.00 0.00 0.00 0.00 0.00 0.00 0.00 0.00 0.00 0.00 0.00 40.52 0.00 0.00 0.00 0.00 0.00 0.00 0.00 0.00 0.00 0.00 0.00 0.00 0.00 0.00 0.00 0.00 0.00 0.00 0.00 0.00 0.00 0.00 0.00 0.00 0.00 0.00 0.00
0.00 0.00 0.00 0.00 0.00 0.00 0.00 0.00 0.00 0.00 0.00 0.00 0.00 0.00 0.00 0.00 0.00 0.00 0.00 0.00 0.00 0.00 0.00 0.00 46.89 47.12 47.31 0.00 0.00 47.72 47.78 47.83 47.85 47.82 46.57 46.50 46.39 46.26 46.13 0.00 0.00 0.00 0.00 0.00 0.00 0.00 0.00 43.81 43.45 0.00 0.00 42.33 41.92 41.50 0.00 0.00 0.00 0.00 0.00 0.00 0.00 0.00 0.00 0.00 0.00 0.00 0.00 0.00 0.00 0.00 0.00 0.00 0.00 0.00 0.00 0.00 38.66 0.00 0.00 0.00 0.00
0.00 0.00 0.00 0.00 0.00 0.00 0.00 0.00 0.00 0.00 0.00 0.00 0.00 0.00 0.00 0.00 0.00 0.00 0.00 0.00 0.00 0.00 47.59 47.90 48.18 48.41 48.61 48.77 48.91 49.01 49.09 49.12 47.86 47.84 47.78 47.70 47.60 47.48 0.00 0.00 0.00 0.00 0.00 0.00 0.00 0.00 45.27 44.91 44.54 44.15 43.76 43.36 42.93 42.49 0.00 0.00 0.00 0.00 0.00 0.00 0.00 0.00 0.00 0.00 0.00 0.00 0.00 0.00 0.00 0.00 0.00 0.00 0.00 0.00 0.00 0.00 39.56 0.00 0.00 0.00 0.00
0.00 0.00 0.00 0.00 0.00 0.00 0.00 0.00 0.00 0.00 0.00 0.00 0.00 0.00 0.00 0.00 0.00 0.00 0.00 0.00 0.00 0.00 48.86 49.19 49.47 49.71 49.91 50.08 50.21 50.30 50.38 50.41 49.11 49.07 49.02 48.93 48.82 48.68 0.00 0.00 0.00 0.00 0.00 0.00 0.00 46.72 46.38 46.01 45.62 45.21 44.80 44.36 43.92 43.47 43.03 0.00 0.00 0.00 0.00 0.00 0.00 40.13 43.92 0.00 0.00 0.00 0.00 0.00 0.00 0.00 0.00 41.49 0.00 0.00 0.00 0.00 40.50 31.52 0.00 0.00 30.99
0.00 0.00 0.00 0.00 0.00 0.00 0.00 0.00 0.00 0.00 0.00 0.00 0.00 0.00 0.00 0.00 0.00 0.00 0.00 0.00 0.00 0.00 0.00 50.46 50.76 51.00 51.21 51.37 51.50 51.59 50.31 50.34 50.34 50.30 50.23 50.14 50.02 49.88 0.00 0.00 0.00 0.00 0.00 0.00 48.16 47.82 47.47 47.09 46.67 46.25 45.82 45.36 44.89 44.43 43.96 0.00 0.00 0.00 0.00 0.00 0.00 41.01 44.89 0.00 0.00 0.00 0.00 0.00 0.00 0.00 42.71 42.49 42.28 0.00 0.00 0.00 41.47 32.28 32.12 31.95 31.76
0.00 0.00 0.00 0.00 0.00 0.00 0.00 0.00 0.00 0.00 0.00 0.00 0.00 0.00 0.00 0.00 0.00 0.00 49.73 0.00 0.00 0.00 0.00 0.00 52.02 52.28 52.49 52.65 52.76 51.47 51.52 51.55 51.53 51.47 51.40 51.30 51.18 51.03 50.86 50.64 50.40 50.15 49.88 49.59 49.25 48.90 48.54 48.14 47.71 47.27 46.82 46.34 45.86 45.36 44.89 0.00 0.00 0.00 43.07 42.65 42.25 46.22 0.00 0.00 0.00 0.00 0.00 0.00 0.00 0.00 43.73 43.53 43.33 0.00 0.00 0.00 42.50 42.28 32.92 32.75 32.56
0.00 0.00 0.00 0.00 0.00 0.00 0.00 0.00 0.00 0.00 0.00 0.00 0.00 0.00 0.00 0.00 0.00 0.00 50.95 51.45 0.00 0.00 0.00 0.00 53.28 53.51 53.73 53.87 52.58 52.65 52.69 52.69 52.66 52.59 52.50 52.40 52.28 52.14 51.95 51.75 51.51 51.25 50.97 50.66 50.32 49.96 49.58 49.16 48.73 48.27 47.78 47.30 46.80 46.30 45.80 0.00 0.00 0.00 43.93 43.50 47.57 47.15 0.00 0.00 0.00 0.00 0.00 0.00 0.00 0.00 0.00 44.57 0.00 0.00 0.00 0.00 43.57 43.35 43.12 33.58 33.38
0.00 0.00 0.00 0.00 0.00 0.00 0.00 0.00 0.00 0.00 0.00 0.00 0.00 0.00 0.00 0.00 0.00 51.61 52.15 52.67 53.12 0.00 0.00 0.00 54.49 54.71 54.90 53.62 53.70 53.76 53.78 53.78 53.73 53.65 53.55 53.45 53.33 53.18 53.00 52.79 52.55 52.29 52.00 51.68 51.34 50.96 50.58 50.16 49.70 49.22 48.73 48.23 47.72 47.19 46.70 46.19 45.70 45.22 44.77 48.94 48.51 0.00 0.00 0.00 0.00 0.00 0.00 0.00 0.00 0.00 0.00 45.61 45.43 0.00 0.00 44.89 44.67 44.44 44.21 34.43 34.24
0.00 0.00 0.00 0.00 0.00 0.00 0.00 0.00 0.00 0.00 0.00 0.00 0.00 50.27 50.94 51.58 52.19 52.77 53.33 53.83 54.31 54.72 55.07 0.00 55.62 55.83 56.00 56.12 54.74 54.78 54.80 54.78 54.72 54.64 54.54 54.44 54.31 54.16 53.97 53.75 53.52 53.26 52.97 52.64 52.29 51.92 51.51 51.08 50.62 50.12 49.62 49.11 48.57 48.07 47.54 47.04 46.53 46.05 45.61 49.89 49.49 49.12 0.00 0.00 0.00 0.00 0.00 0.00 0.00 0.00 0.00 46.63 46.48 46.32 46.15 45.97 45.76 45.53 35.47 35.30 35.11
0.00 0.00 0.00 0.00 0.00 0.00 0.00 0.00 0.00 0.00 49.15 49.87 50.61 51.33 52.01 52.68 53.30 53.91 54.46 54.96 55.43 55.82 56.16 56.44 56.65 56.84 56.99 57.10 55.66 55.69 55.69 55.67 55.61 55.52 55.42 55.32 55.21 55.04 54.85 54.63 54.42 54.15 53.86 53.54 53.17 52.79 52.37 51.93 51.47 50.97 50.46 49.93 49.40 48.87 48.36 47.84 47.35 46.88 46.46 50.88 50.51 0.00 0.00 0.00 0.00 0.00 0.00 0.00 0.00 0.00 47.86 47.68 47.51 47.38 47.23 47.05 46.84 36.51 36.34 36.18 35.97
0.00 0.00 0.00 0.00 0.00 0.00 0.00 0.00 0.00 0.00 50.13 50.90 51.63 52.36 53.06 53.73 54.37 54.98 55.54 56.02 56.47 56.85 57.16 57.42 57.62 57.76 57.87 57.95 56.46 56.48 56.47 56.42 56.35 56.26 56.17 56.07 55.95 55.81 55.61 55.41 55.19 54.94 54.65 54.33 53.97 53.59 53.17 52.72 52.25 51.77 51.25 50.72 50.19 49.66 49.12 48.61 48.13 47.71 47.34 51.91 51.56 0.00 0.00 0.00 0.00 0.00 0.00 0.00 0.00 49.12 48.91 48.73 48.58 48.43 48.28 48.12 37.54 37.38 37.22 37.02 36.82
0.00 0.00 0.00 0.00 0.00 0.00 0.00 0.00 0.00 50.31 51.08 51.86 52.62 53.36 54.08 54.75 55.39 56.00 56.55 57.02 57.43 57.78 58.07 58.29 58.46 58.56 58.63 58.65 57.13 57.13 57.08 57.03 56.95 56.86 56.77 56.69 56.58 56.43 56.25 56.06 55.85 55.61 55.32 55.01 54.67 54.27 53.86 53.43 52.96 52.47 51.97 51.44 50.92 50.38 49.86 49.36 48.91 48.54 53.24 52.91 52.60 0.00 0.00 0.00 0.00 51.14 50.88 50.64 50.41 50.20 50.00 49.81 49.64 49.47 49.34 38.53 38.40 38.25 38.07 37.88 37.65
0.00 0.00 0.00 0.00 0.00 0.00 0.00 0.00 0.00 51.20 52.00 52.79 53.56 54.32 55.05 55.73 56.36 56.96 57.50 57.93 58.30 58.61 58.85 59.03 59.15 59.21 59.23 59.22 57.63 57.61 57.55 57.48 57.40 57.32 57.24 57.17 57.06 56.93 56.76 56.58 56.39 56.15 55.88 55.57 55.24 54.87 54.46 54.04 53.58 53.09 52.59 52.08 51.56 51.05 50.53 50.07 49.68 49.36 54.18 53.89 53.59 0.00 0.00 0.00 0.00 52.22 51.97 51.72 51.50 51.30 51.09 50.87 50.68 50.52 50.40 39.38 39.25 39.09 38.92 38.71 38.48
0.00 0.00 0.00 0.00 0.00 0.00 0.00 0.00 51.25 52.05 52.87 53.67 54.45 55.22 55.95 56.63 57.27 57.86 58.36 58.76 59.08 59.33 59.52 59.63 59.69 59.70 59.69 59.67 58.03 57.97 57.91 57.82 57.72 57.64 57.56 57.48 57.40 57.28 57.14 56.99 56.81 56.58 56.31 56.03 55.71 55.36 54.98 54.55 54.10 53.63 53.13 52.64 52.14 51.63 51.15 50.74 50.40 55.35 55.09 54.82 54.54 54.28 0.00 0.00 53.51 53.27 53.02 52.78 52.56 52.36 52.16 51.94 51.72 51.55 40.28 40.19 40.07 39.92 39.74 39.52 39.29
0.00 0.00 0.00 0.00 0.00 0.00 0.00 0.00 52.05 52.87 53.69 54.50 55.28 56.04 56.78 57.48 58.10 58.66 59.14 59.50 59.78 59.96 60.06 60.10 60.12 60.13 60.10 60.04 58.38 58.30 58.20 58.09 57.97 57.85 57.75 57.66 57.57 57.49 57.39 57.26 57.10 56.89 56.65 56.37 56.07 55.74 55.38 54.98 54.54 54.08 53.61 53.12 52.63 52.14 51.70 51.34 56.39 56.14 55.91 55.68 55.44 55.20 54.95 54.72 54.49 54.26 54.03 53.80 53.59 53.39 53.20 52.98 52.75 52.56 41.07 40.98 40.86 40.71 40.52 40.31 40.08
0.00 0.00 0.00 0.00 0.00 0.00 0.00 51.99 52.81 53.64 54.47 55.28 56.06 56.82 57.57 58.26 58.86 59.38 59.82 60.14 60.36 60.48 60.52 60.52 60.52 60.51 60.48 60.41 60.33 58.60 58.47 58.32 58.15 57.98 57.84 57.72 57.63 57.56 57.50 57.40 57.27 57.08 56.86 56.61 56.34 56.02 55.68 55.31 54.90 54.46 54.01 53.54 53.07 52.61 52.19 57.29 57.05 56.84 56.63 56.44 56.23 56.03 55.82 55.61 55.41 55.20 55.00 54.78 54.58 54.40 54.19 53.97 53.74 41.95 41.84 41.75 41.62 41.47 41.28 41.07 40.82
0.00 47.83 48.65 0.00 0.00 0.00 0.00 52.72 53.54 54.37 55.18 55.99 56.78 57.55 58.28 58.93 59.50 59.98 60.36 60.65 60.82 60.89 60.92 60.91 60.90 60.88 60.84 60.74 60.60 58.83 58.66 58.47 58.27 58.05 57.85 57.70 57.59 57.52 57.48 57.41 57.30 57.15 56.96 56.74 56.49 56.19 55.89 55.54 55.16 54.76 54.33 53.89 53.45 53.01 52.62 57.82 57.62 57.44 57.28 57.12 56.95 56.79 56.62 56.43 56.26 56.09 55.90 55.71 55.51 55.34 55.13 54.90 42.85 42.69 42.58 42.48 42.35 42.20 42.00 41.78 41.53
47.75 48.55 49.35 0.00 0.00 0.00 52.57 53.39 54.22 55.04 55.83 56.64 57.43 58.19 58.88 59.48 59.99 60.41 60.74 60.98 61.11 61.18 61.23 61.25 61.25 61.20 61.10 60.94 60.77 60.58 58.73 58.51 58.28 58.03 57.79 57.59 57.46 57.38 57.34 57.29 57.20 57.09 56.94 56.75 56.52 56.28 55.99 55.68 55.34 54.97 48.85 48.49 53.76 53.34 58.54 58.27 58.10 57.97 57.84 57.70 57.59 57.46 57.33 57.19 57.04 56.89 56.72 56.56 56.37 56.19 55.99 55.76 43.53 43.38 43.27 43.17 43.04 42.87 42.68 42.45 42.19
48.45 49.24 50.02 50.80 51.60 52.40 53.20 54.02 54.85 55.65 56.44 57.23 57.99 58.71 59.35 59.89 60.33 60.70 60.97 61.14 61.26 61.35 61.41 61.47 61.48 61.40 61.22 61.03 60.81 52.83 52.59 52.34 52.09 51.83 51.58 51.37 51.21 57.13 57.07 57.04 56.99 56.91 56.81 56.66 56.48 56.25 56.00 49.89 49.61 49.31 48.99 48.67 48.33 47.99 47.70 58.64 58.49 58.40 58.31 58.22 58.13 58.04 57.95 57.86 57.73 57.61 57.47 57.31 57.15 56.97 56.77 44.32 44.16 44.02 43.90 43.81 43.67 43.49 43.29 43.05 42.78
49.11 49.88 50.65 51.43 52.21 53.01 53.81 54.63 55.42 56.21 57.01 57.75 58.46 59.12 59.70 60.17 60.55 60.87 61.08 61.20 61.28 61.37 61.46 61.53 61.51 61.40 61.23 53.27 53.01 52.74 52.46 52.18 51.91 51.64 51.38 51.14 50.95 50.82 50.75 50.74 50.74 50.71 56.55 56.46 56.31 50.27 50.07 49.86 49.61 49.34 49.07 48.78 48.48 48.18 47.92 58.91 58.79 58.72 58.68 58.63 58.57 58.53 58.49 58.41 58.32 58.22 58.12 57.98 57.83 57.66 57.48 57.26 44.72 44.60 44.50 44.38 44.24 44.07 43.84 43.59 43.29
49.74 50.49 51.25 52.02 52.80 53.58 54.37 55.17 55.96 56.76 57.49 58.18 58.84 59.43 59.93 60.38 60.72 60.95 61.10 61.16 61.22 53.63 53.70 61.41 61.38 53.61 53.42 53.16 52.86 52.56 52.23 51.92 51.63 51.35 51.08 50.83 50.61 50.45 50.38 50.37 50.38 50.39 50.37 50.30 50.23 50.09 49.93 49.75 49.55 49.33 49.09 48.84 48.58 48.33 48.08 47.90 47.81 58.97 58.95 58.96 58.96 58.95 58.91 58.87 58.82 58.75 58.66 58.56 58.42 58.25 58.08 57.89 45.24 45.13 45.02 44.90 44.75 44.56 44.34 44.05 43.72
50.31 51.06 51.81 52.56 53.33 54.11 48.13 48.81 49.51 50.17 50.78 51.35 51.86 52.31 52.71 53.03 53.28 53.44 53.48 53.47 53.46 53.50 53.54 53.55 53.51 53.41 53.21 52.94 52.61 52.26 51.91 51.58 51.27 50.97 50.70 50.43 50.19 50.01 49.92 49.92 49.96 49.99 50.00 49.99 49.93 49.85 49.73 49.59 49.43 49.25 49.06 48.85 48.64 48.42 48.21 48.04 47.94 47.90 47.91 59.20 59.24 59.26 59.27 59.25 59.22 59.17 59.11 59.02 58.90 58.77 58.59 58.44 45.70 45.59 45.48 45.35 45.18 44.97 44.72 44.44 44.07
50.84 51.60 52.34 53.07 53.82 47.83 48.50 49.18 49.85 50.49 51.07 51.60 52.07 52.49 52.85 53.14 53.35 53.46 53.47 53.41 53.36 53.35 53.34 53.30 53.23 53.11 52.91 52.61 52.25 51.87 51.50 51.14 50.81 50.51 50.20 49.93 49.69 49.49 49.39 49.40 49.46 49.52 49.56 49.58 49.56 49.52 49.43 49.35 49.24 49.11 48.97 48.79 48.62 48.46 48.29 48.15 48.04 48.00 48.01 48.06 59.42 59.48 59.52 59.52 59.51 59.50 59.46 59.38 59.27 59.15 59.02 58.90 46.08 45.98 45.86 45.70 45.52 45.30 45.02 44.71 44.34
51.36 52.09 52.82 46.89 47.52 48.17 48.84 49.51 50.17 50.78 51.33 51.83 52.28 52.67 52.99 53.24 53.42 53.49 53.45 53.36 53.26 53.19 53.12 53.03 52.92 52.75 52.52 52.19 51.81 51.42 51.02 50.63 50.28 49.95 49.65 49.36 49.12 48.91 48.82 48.84 48.91 48.99 49.05 49.09 49.11 49.10 49.07 49.02 48.97 48.90 48.80 48.69 48.56 48.44 48.31 48.21 48.12 48.07 48.07 48.12 48.19 59.58 59.64 59.69 59.71 59.72 59.70 59.64 59.55 59.46 59.37 59.27 59.17 46.28 46.15 45.99 45.78 45.53 45.24 44.89 28.39
51.83 52.54 46.61 47.21 47.83 48.48 49.14 49.81 50.45 51.05 51.57 52.05 52.49 52.87 53.16 53.37 53.51 53.55 53.47 53.32 53.16 53.03 52.90 52.75 52.57 52.34 52.06 51.71 51.32 50.90 50.48 0.00 0.00 0.00 0.00 0.00 0.00 0.00 48.22 48.24 48.33 48.41 48.49 48.55 48.59 48.62 48.63 48.64 48.63 48.61 48.56 48.51 48.45 48.36 48.29 48.22 48.17 48.13 48.12 48.16 48.22 59.62 59.69 59.77 59.82 59.85 59.86 59.82 59.77 59.71 59.64 59.56 59.47 59.33 46.37 46.19 45.96 45.68 45.35 28.70 28.43
52.27 46.31 46.89 47.49 48.10 48.74 49.39 50.06 50.70 51.28 51.81 52.28 52.71 53.08 53.35 53.55 53.65 53.65 53.52 53.31 53.08 52.86 52.66 52.44 52.18 51.89 51.54 51.15 50.73 0.00 0.00 0.00 0.00 0.00 0.00 0.00 0.00 0.00 0.00 0.00 0.00 47.81 47.90 47.97 48.05 48.10 0.00 48.19 48.23 48.26 48.27 48.27 48.26 48.24 48.20 48.18 48.16 48.16 48.16 48.19 48.25 59.65 59.72 59.81 59.88 59.94 59.97 59.96 59.93 59.90 59.85 59.77 59.66 59.51 59.30 59.05 46.03 45.73 28.94 28.70 28.42
52.69 46.62 47.19 47.76 48.37 48.99 49.63 50.27 50.91 51.51 52.04 52.53 52.96 53.32 53.59 53.77 53.84 53.80 53.63 53.34 53.03 52.72 52.41 52.10 51.76 51.38 50.97 50.54 0.00 0.00 0.00 0.00 0.00 0.00 0.00 0.00 0.00 0.00 0.00 0.00 0.00 0.00 0.00 0.00 0.00 0.00 0.00 0.00 47.78 47.85 47.92 47.97 48.01 48.04 48.06 48.08 48.12 48.14 48.17 48.22 48.26 59.68 59.76 59.85 59.94 60.01 60.05 60.06 60.05 60.02 59.99 59.90 59.76 59.57 59.33 59.06 29.33 29.13 28.90 28.64 28.34
46.44 47.00 47.57 48.13 48.71 49.30 49.91 50.52 51.14 51.74 52.30 52.81 0.00 0.00 0.00 0.00 0.00 0.00 0.00 53.40 53.00 52.59 52.17 51.76 51.33 50.86 50.37 0.00 0.00 0.00 0.00 0.00 0.00 0.00 0.00 0.00 0.00 0.00 0.00 0.00 0.00 0.00 0.00 0.00 0.00 0.00 0.00 0.00 0.00 47.40 47.51 47.62 47.71 47.78 47.86 47.93 48.00 48.06 48.11 48.18 48.26 59.68 59.77 59.87 59.96 60.04 60.08 60.09 60.08 60.06 60.01 59.91 40.52 59.53 59.26 58.94 29.26 29.05 28.80 28.51 28.20
46.92 47.50 48.08 48.63 49.18 49.75 50.30 50.87 51.44 52.02 52.59 53.12 0.00 0.00 0.00 0.00 0.00 0.00 0.00 0.00 0.00 0.00 0.00 0.00 0.00 0.00 0.00 0.00 0.00 0.00 0.00 0.00 0.00 0.00 0.00 0.00 0.00 0.00 0.00 0.00 0.00 0.00 0.00 0.00 0.00 0.00 0.00 0.00 0.00 0.00 47.06 47.21 47.35 47.47 47.59 47.70 47.80 47.90 47.98 48.08 48.19 59.59 59.70 59.81 59.90 59.98 60.03 60.04 60.02 59.99 59.91 40.54 40.42 40.25 40.05 39.81 29.13 28.91 28.64 28.34 28.01
47.50 48.09 48.66 49.21 49.75 50.28 50.81 51.33 51.85 52.39 52.94 53.42 0.00 0.00 0.00 0.00 0.00 0.00 0.00 0.00 0.00 0.00 0.00 0.00 0.00 0.00 0.00 0.00 0.00 0.00 0.00 0.00 0.00 0.00 0.00 0.00 0.00 0.00 0.00 0.00 0.00 0.00 0.00 0.00 0.00 0.00 0.00 0.00 0.00 0.00 46.57 46.75 46.93 47.09 47.24 47.41 47.55 47.67 47.79 43.99 44.10 44.21 59.53 59.65 59.75 59.82 59.87 59.89 59.86 59.80 40.47 40.38 40.23 40.05 39.83 39.57 28.95 28.70 28.42 28.10 27.77
48.14 48.72 49.27 49.82 50.35 50.86 51.37 51.88 52.36 52.86 53.31 53.70 54.03 54.24 54.30 0.00 0.00 0.00 0.00 0.00 0.00 0.00 0.00 0.00 0.00 0.00 0.00 0.00 0.00 0.00 0.00 0.00 0.00 0.00 0.00 0.00 0.00 0.00 0.00 0.00 0.00 0.00 0.00 0.00 0.00 0.00 0.00 0.00 0.00 0.00 46.03 46.25 46.46 46.65 46.85 47.04 47.22 43.47 43.62 43.76 43.89 44.01 44.10 44.19 44.26 44.32 44.35 59.60 59.57 59.49 40.25 40.12 39.96 39.76 39.52 39.24 38.93 38.56 28.14 27.81 27.46
48.77 49.35 49.91 50.43 50.94 51.46 51.96 52.45 52.96 53.36 53.70 53.98 54.19 54.33 54.35 54.26 54.06 0.00 0.00 0.00 0.00 0.00 0.00 0.00 0.00 0.00 0.00 0.00 0.00 0.00 0.00 0.00 0.00 0.00 0.00 0.00 0.00 0.00 0.00 0.00 0.00 0.00 0.00 0.00 0.00 0.00 0.00 0.00 0.00 0.00 45.45 45.70 45.93 46.16 46.40 46.62 46.83 43.13 43.30 43.46 43.59 43.73 43.83 43.92 43.99 44.04 44.05 44.05 44.03 40.04 39.94 39.80 39.61 39.39 39.13 38.84 38.50 38.11 37.68 27.46 27.11
