ASPA-UH-SWB2_REPO/output/post_prcessed_with_MFR/runoff_annual.asc
NCOLS 350
NROWS 200
XLLCENTER 515000.000000
YLLCENTER 8409000.000000
CELLSIZE 100.000000
NODATA_value -999.000000
[rows 72 to 107 of 200, columns 81 to 161 of 350]
0.00 0.00 0.00 0.00 0.00 0.00 0.00 0.00 0.00 0.00 0.00 0.00 0.00 0.00 0.00 0.00 0.00 0.00 0.00 0.00 0.00 0.00 0.00 0.00 0.00 0.00 0.00 0.00 0.00 0.00 0.00 0.00 0.00 0.00 0.00 0.00 0.00 0.00 0.00 0.00 0.00 0.00 0.00 0.00 0.00 0.00 0.00 0.00 0.00 0.00 0.00 0.00 0.00 0.00 0.00 0.00 0.00 0.00 0.00 0.00 0.00 0.00 0.00 0.00 0.00 0.00 0.00 0.00 54.02 48.74 49.44 50.11 50.75 51.34 51.94 52.55 53.22 53.96 54.70 48.23 48.84
0.00 0.00 0.00 0.00 0.00 0.00 0.00 0.00 0.00 0.00 0.00 0.00 0.00 0.00 0.00 0.00 0.00 0.00 0.00 0.00 0.00 0.00 0.00 0.00 0.00 0.00 0.00 0.00 0.00 0.00 0.00 0.00 0.00 0.00 0.00 0.00 0.00 0.00 0.00 0.00 0.00 0.00 0.00 0.00 0.00 0.00 0.00 0.00 0.00 0.00 0.00 0.00 0.00 0.00 0.00 0.00 0.00 0.00 0.00 0.00 0.00 0.00 0.00 0.00 0.00 0.00 0.00 0.00 54.92 55.76 50.22 50.89 51.50 52.10 52.70 53.34 54.04 54.79 48.31 48.92 49.52
0.00 0.00 0.00 0.00 0.00 0.00 0.00 0.00 0.00 0.00 0.00 0.00 0.00 0.00 0.00 0.00 0.00 0.00 0.00 0.00 0.00 0.00 0.00 0.00 0.00 0.00 0.00 0.00 0.00 0.00 0.00 0.00 0.00 0.00 0.00 0.00 0.00 0.00 0.00 0.00 0.00 0.00 0.00 0.00 0.00 0.00 0.00 0.00 0.00 0.00 0.00 0.00 0.00 0.00 0.00 0.00 0.00 0.00 0.00 0.00 0.00 0.00 0.00 0.00 0.00 0.00 0.00 0.00 55.89 56.72 51.05 51.70 52.32 52.90 53.51 54.16 54.89 48.37 49.00 49.62 50.21
0.00 0.00 0.00 0.00 0.00 0.00 0.00 0.00 0.00 0.00 0.00 0.00 0.00 0.00 0.00 0.00 0.00 0.00 0.00 0.00 0.00 0.00 0.00 0.00 0.00 0.00 0.00 0.00 0.00 0.00 0.00 0.00 0.00 0.00 0.00 0.00 0.00 0.00 0.00 0.00 0.00 0.00 0.00 0.00 0.00 0.00 0.00 0.00 0.00 0.00 0.00 0.00 0.00 0.00 0.00 0.00 0.00 0.00 0.00 0.00 0.00 0.00 0.00 0.00 0.00 0.00 0.00 0.00 56.89 57.74 58.56 52.57 53.17 53.76 54.37 55.04 48.45 49.09 49.72 50.31 50.90
0.00 0.00 0.00 0.00 0.00 0.00 0.00 0.00 0.00 0.00 0.00 0.00 0.00 0.00 0.00 0.00 0.00 0.00 0.00 0.00 0.00 0.00 0.00 0.00 0.00 0.00 0.00 0.00 0.00 0.00 0.00 0.00 0.00 0.00 0.00 0.00 0.00 0.00 0.00 0.00 0.00 0.00 0.00 0.00 0.00 0.00 0.00 0.00 0.00 0.00 0.00 0.00 0.00 0.00 0.00 0.00 0.00 0.00 0.00 0.00 0.00 0.00 0.00 0.00 0.00 0.00 0.00 0.00 57.94 58.79 59.61 53.48 54.08 54.68 55.29 63.32 64.17 49.83 50.43 51.01 51.56
0.00 0.00 0.00 0.00 0.00 0.00 0.00 0.00 0.00 0.00 0.00 0.00 0.00 0.00 0.00 0.00 0.00 0.00 0.00 0.00 0.00 0.00 0.00 0.00 0.00 0.00 0.00 0.00 0.00 0.00 0.00 0.00 0.00 0.00 0.00 0.00 0.00 0.00 0.00 0.00 0.00 0.00 0.00 0.00 0.00 0.00 0.00 0.00 0.00 0.00 0.00 0.00 0.00 0.00 0.00 0.00 0.00 0.00 0.00 0.00 0.00 0.00 0.00 0.00 0.00 0.00 0.00 58.15 59.02 59.87 60.70 61.50 62.23 62.94 63.66 64.43 65.25 50.56 51.14 51.69 52.22
0.00 0.00 0.00 0.00 0.00 0.00 0.00 0.00 0.00 0.00 0.00 0.00 0.00 0.00 0.00 0.00 0.00 0.00 0.00 0.00 0.00 0.00 0.00 0.00 0.00 0.00 0.00 0.00 0.00 0.00 0.00 0.00 0.00 0.00 0.00 0.00 0.00 0.00 0.00 0.00 0.00 0.00 0.00 0.00 0.00 0.00 0.00 0.00 0.00 0.00 0.00 0.00 0.00 0.00 0.00 0.00 0.00 0.00 0.00 0.00 0.00 0.00 0.00 0.00 0.00 0.00 0.00 59.27 60.15 61.00 61.84 62.64 63.40 64.12 64.80 65.54 66.33 51.29 51.84 52.36 52.85
0.00 0.00 0.00 0.00 0.00 0.00 0.00 0.00 0.00 0.00 0.00 0.00 0.00 0.00 0.00 0.00 0.00 0.00 0.00 0.00 0.00 0.00 0.00 0.00 0.00 0.00 0.00 0.00 0.00 0.00 0.00 0.00 0.00 0.00 0.00 0.00 0.00 0.00 0.00 0.00 0.00 0.00 0.00 0.00 0.00 0.00 0.00 0.00 0.00 0.00 0.00 0.00 0.00 0.00 0.00 0.00 0.00 0.00 36.46 0.00 0.00 0.00 0.00 0.00 0.00 0.00 0.00 60.44 61.32 62.18 63.02 63.83 64.60 65.30 65.97 66.67 67.41 68.17 52.53 53.02 53.49
0.00 0.00 0.00 0.00 0.00 0.00 0.00 0.00 0.00 0.00 0.00 0.00 0.00 0.00 0.00 0.00 0.00 0.00 0.00 0.00 0.00 0.00 0.00 0.00 0.00 0.00 0.00 0.00 0.00 0.00 0.00 0.00 0.00 0.00 0.00 0.00 0.00 0.00 0.00 0.00 0.00 0.00 0.00 0.00 0.00 0.00 0.00 0.00 0.00 0.00 0.00 0.00 0.00 0.00 0.00 0.00 0.00 36.74 37.24 54.91 0.00 0.00 0.00 0.00 0.00 0.00 0.00 0.00 0.00 63.39 64.24 65.06 65.81 66.50 67.16 67.82 68.50 69.20 69.89 53.69 54.12
0.00 0.00 0.00 0.00 0.00 0.00 0.00 0.00 0.00 0.00 0.00 0.00 0.00 0.00 0.00 0.00 0.00 0.00 0.00 0.00 0.00 0.00 0.00 0.00 0.00 0.00 0.00 0.00 0.00 0.00 0.00 0.00 0.00 0.00 0.00 0.00 0.00 0.00 0.00 0.00 0.00 0.00 0.00 0.00 0.00 0.00 0.00 0.00 0.00 0.00 0.00 0.00 0.00 0.00 0.00 0.00 0.00 37.53 38.03 56.08 56.85 0.00 0.00 0.00 0.00 0.00 0.00 0.00 0.00 0.00 65.46 66.27 67.02 67.73 68.37 68.98 69.62 70.26 70.89 54.34 54.76
0.00 0.00 0.00 0.00 0.00 0.00 0.00 0.00 0.00 0.00 0.00 0.00 0.00 0.00 0.00 0.00 0.00 0.00 0.00 0.00 0.00 0.00 0.00 0.00 0.00 0.00 0.00 0.00 0.00 0.00 0.00 0.00 0.00 0.00 0.00 0.00 0.00 0.00 0.00 0.00 0.00 0.00 0.00 0.00 0.00 0.00 0.00 0.00 0.00 0.00 0.00 0.00 0.00 0.00 0.00 37.40 37.86 38.34 38.84 57.29 58.08 58.89 59.72 60.56 0.00 0.00 0.00 0.00 0.00 0.00 66.66 67.47 68.22 68.92 69.58 70.18 70.75 71.34 71.92 55.01 55.38
0.00 0.00 0.00 0.00 0.00 0.00 0.00 0.00 0.00 0.00 0.00 0.00 0.00 0.00 0.00 0.00 0.00 0.00 0.00 0.00 0.00 0.00 0.00 0.00 0.00 0.00 0.00 0.00 0.00 0.00 0.00 0.00 0.00 0.00 0.00 0.00 0.00 0.00 0.00 0.00 0.00 0.00 0.00 0.00 0.00 0.00 0.00 0.00 0.00 0.00 0.00 0.00 0.00 37.35 37.78 38.22 38.68 39.17 57.76 58.52 59.32 60.15 60.99 61.84 62.71 63.58 0.00 0.00 0.00 0.00 67.87 68.66 69.41 70.11 70.76 71.35 71.89 72.43 72.95 55.69 56.01
0.00 0.00 0.00 0.00 0.00 0.00 0.00 0.00 0.00 0.00 0.00 0.00 0.00 0.00 0.00 0.00 0.00 0.00 0.00 0.00 0.00 0.00 0.00 0.00 0.00 0.00 0.00 0.00 0.00 0.00 0.00 0.00 0.00 0.00 0.00 0.00 0.00 0.00 0.00 0.00 0.00 0.00 0.00 0.00 0.00 0.00 0.00 0.00 0.00 0.00 0.00 37.34 37.74 38.17 38.61 39.05 39.52 40.01 59.00 59.77 60.58 61.42 62.25 63.11 63.97 0.00 0.00 0.00 0.00 0.00 69.07 69.83 70.58 71.27 71.90 72.48 73.02 73.51 73.99 56.38 56.67
0.00 0.00 43.06 0.00 0.00 0.00 0.00 0.00 0.00 0.00 0.00 0.00 0.00 0.00 0.00 0.00 0.00 0.00 0.00 0.00 0.00 0.00 0.00 0.00 0.00 0.00 0.00 0.00 0.00 0.00 0.00 0.00 0.00 0.00 0.00 0.00 0.00 0.00 0.00 0.00 0.00 0.00 0.00 0.00 0.00 0.00 0.00 0.00 0.00 0.00 0.00 38.15 38.56 38.99 39.44 39.89 40.35 40.85 41.37 61.02 61.84 62.67 63.51 64.35 65.22 66.07 0.00 0.00 0.00 69.44 70.24 70.98 71.70 72.38 73.00 73.57 74.09 74.58 75.02 75.41 57.32
0.00 43.98 32.27 0.00 0.00 0.00 0.00 0.00 0.00 0.00 0.00 0.00 0.00 0.00 0.00 0.00 0.00 0.00 0.00 0.00 0.00 0.00 0.00 0.00 32.88 32.86 34.98 0.00 0.00 0.00 0.00 0.00 0.00 0.00 0.00 0.00 0.00 0.00 0.00 0.00 0.00 0.00 0.00 0.00 0.00 0.00 0.00 0.00 0.00 0.00 38.58 38.98 39.39 39.82 40.27 40.73 41.20 41.69 61.50 62.28 63.09 63.92 64.75 65.57 66.42 67.26 68.09 68.93 69.76 70.56 71.33 72.07 72.77 73.44 74.06 74.62 75.12 75.58 76.00 76.36 57.98
0.00 45.02 33.03 33.09 0.00 0.00 0.00 0.00 0.00 0.00 0.00 0.00 0.00 0.00 0.00 0.00 0.00 0.00 0.00 0.00 33.68 0.00 0.00 0.00 33.61 35.78 35.76 0.00 0.00 0.00 0.00 0.00 0.00 0.00 0.00 0.00 0.00 0.00 0.00 0.00 0.00 0.00 0.00 0.00 0.00 0.00 0.00 0.00 0.00 0.00 0.00 39.81 40.22 40.66 41.11 41.56 42.04 62.01 62.75 63.52 64.32 65.12 65.94 66.77 67.59 68.40 69.23 70.04 70.85 71.64 72.38 73.10 73.80 74.44 75.04 75.57 76.06 76.50 76.88 77.20 58.56
46.04 46.11 33.83 33.88 0.00 0.00 0.00 0.00 0.00 0.00 0.00 0.00 0.00 0.00 0.00 0.00 0.00 0.00 34.43 34.44 34.42 34.41 34.39 34.37 36.59 36.57 0.00 0.00 0.00 0.00 0.00 0.00 0.00 0.00 0.00 0.00 0.00 0.00 0.00 0.00 0.00 0.00 0.00 0.00 0.00 0.00 0.00 0.00 0.00 0.00 0.00 40.63 41.04 41.48 41.94 42.39 62.53 63.24 63.98 64.72 65.50 66.29 67.09 67.90 68.71 69.50 70.31 71.10 71.88 72.65 73.37 74.06 74.72 75.35 75.92 76.43 76.89 77.29 77.64 77.91 59.06
47.16 47.23 34.65 34.70 0.00 0.00 0.00 0.00 0.00 0.00 0.00 0.00 0.00 0.00 0.00 0.00 0.00 35.20 35.21 35.20 35.19 35.17 35.15 35.12 37.40 37.37 0.00 0.00 0.00 0.00 0.00 0.00 0.00 0.00 0.00 0.00 0.00 0.00 0.00 0.00 0.00 0.00 0.00 0.00 0.00 0.00 0.00 39.94 0.00 0.00 41.04 41.44 41.85 42.29 42.75 43.21 63.73 64.43 65.16 65.88 66.62 67.40 68.18 68.97 69.77 70.55 71.32 72.09 72.84 73.58 74.28 74.94 75.56 76.15 76.69 77.18 77.59 77.96 78.27 78.50 59.46
48.31 35.44 35.49 35.53 35.58 0.00 0.00 0.00 0.00 0.00 0.00 35.86 0.00 0.00 35.95 35.97 35.99 36.00 36.00 35.99 35.97 35.95 35.92 38.25 38.22 38.18 38.14 38.11 0.00 38.06 38.04 38.03 38.05 0.00 0.00 0.00 0.00 0.00 0.00 0.00 38.86 39.06 39.27 39.52 39.79 40.09 40.41 40.75 41.11 41.48 41.85 42.24 42.65 43.08 43.53 43.98 64.87 65.56 66.26 66.96 67.67 68.42 69.20 69.98 70.75 71.51 72.25 72.99 73.72 74.42 75.09 75.72 76.31 76.86 77.36 77.80 78.18 78.51 78.76 78.96 62.81
49.50 36.31 36.35 36.38 36.42 0.00 0.00 0.00 36.58 36.62 36.66 36.70 36.73 36.76 36.78 36.79 36.80 36.81 36.80 36.79 36.77 36.74 36.71 39.10 39.06 39.01 38.97 38.92 38.89 38.87 38.85 38.85 38.85 38.88 0.00 0.00 0.00 0.00 0.00 39.46 39.64 39.85 40.07 40.31 40.59 40.88 41.21 41.55 41.91 42.27 42.64 43.02 43.42 43.83 44.26 44.70 45.16 66.62 67.29 67.97 68.67 69.39 70.14 70.89 71.62 72.36 73.09 73.79 74.48 75.16 75.79 76.40 76.95 77.45 77.90 62.45 78.65 78.93 62.93 62.99 63.00
50.71 37.19 37.22 37.26 37.29 0.00 0.00 0.00 37.45 37.49 37.53 37.56 37.59 37.60 37.62 37.63 37.64 37.64 37.62 37.61 37.58 37.55 39.99 39.95 39.90 39.85 39.80 39.75 39.71 39.68 39.66 39.66 39.66 39.69 0.00 0.00 0.00 39.97 40.09 40.25 40.43 40.64 40.86 41.10 41.37 41.67 41.99 42.33 42.67 43.02 43.38 43.76 44.14 44.53 44.95 45.37 45.80 67.57 68.24 68.90 69.57 70.27 70.97 71.68 72.39 73.09 73.80 74.47 75.12 75.77 76.37 76.93 77.45 77.91 62.48 62.71 62.88 63.00 63.08 63.12 63.10
38.05 38.08 38.11 38.14 38.17 38.21 0.00 38.29 38.32 38.36 38.40 38.43 38.45 38.46 38.47 38.48 38.48 38.47 38.46 38.43 38.40 38.36 40.85 40.80 40.75 40.70 40.64 40.59 40.54 40.50 40.48 40.47 40.47 40.49 0.00 0.00 0.00 40.77 40.89 41.04 41.22 41.42 41.64 41.87 42.14 42.43 42.73 43.05 43.38 43.71 44.07 44.44 44.80 45.17 45.56 45.97 46.39 46.83 69.07 69.72 70.37 71.03 71.70 72.37 73.03 73.70 74.38 75.03 75.65 76.24 76.82 77.35 77.82 62.44 62.67 62.86 63.00 63.10 63.15 63.15 63.10
38.96 38.98 39.01 39.03 39.06 39.09 39.12 39.15 39.19 39.22 39.25 39.28 39.30 39.31 39.31 39.31 39.31 39.29 39.27 39.24 39.20 39.16 39.11 41.65 41.59 41.54 41.47 41.41 41.35 41.31 41.29 41.28 41.27 41.29 0.00 0.00 41.45 41.55 41.68 41.82 41.99 42.18 42.39 42.63 42.87 43.15 43.43 43.73 44.04 44.36 44.70 45.05 45.40 45.75 46.12 46.50 46.91 47.33 69.79 70.42 71.04 71.67 72.30 72.92 73.55 74.19 74.83 75.44 76.03 76.59 77.13 77.62 62.31 62.57 62.77 62.92 63.03 63.09 63.10 63.07 63.00
39.85 39.87 39.89 39.91 39.93 39.95 39.97 40.00 40.03 40.06 40.09 40.11 40.12 40.12 40.13 40.12 40.09 40.08 40.05 40.02 39.98 39.93 42.53 42.48 42.42 42.36 42.29 42.22 42.15 42.10 42.08 42.06 42.05 42.06 42.10 42.14 42.21 42.32 42.44 42.58 42.74 42.91 43.11 43.33 43.57 43.82 44.09 44.38 44.66 44.96 45.28 45.61 45.94 46.27 46.62 46.99 47.36 47.76 70.41 70.99 71.57 72.16 72.76 73.35 73.94 74.54 75.14 75.72 76.26 76.79 77.28 77.74 62.35 62.58 62.75 62.87 62.95 62.98 62.96 62.90 62.81
40.72 40.74 40.75 40.76 40.77 40.79 40.80 40.82 40.86 40.88 40.90 40.91 40.91 40.90 40.89 40.87 40.85 40.82 40.79 40.76 40.71 40.66 43.32 43.27 43.21 43.14 43.07 43.00 42.92 42.87 42.84 42.82 42.81 42.82 42.84 42.88 42.95 43.05 43.17 43.30 43.44 43.61 43.79 44.00 44.21 44.46 44.71 44.96 45.23 45.51 45.81 46.12 46.41 46.72 47.05 47.39 47.73 48.09 70.90 71.44 71.97 72.51 73.06 73.63 74.19 74.74 75.30 75.83 76.33 76.82 77.26 62.01 62.26 62.45 62.60 62.69 62.75 62.76 62.72 62.64 62.51
41.56 41.57 41.58 41.59 41.60 41.61 41.62 41.64 41.66 41.68 41.68 41.68 41.66 41.64 41.62 41.60 41.57 41.53 41.50 41.46 41.42 41.36 44.06 44.01 43.95 43.89 43.82 43.75 43.67 43.61 43.57 43.54 43.53 43.53 43.56 43.60 43.66 43.76 43.87 43.99 44.12 44.28 44.44 44.63 44.83 45.04 45.27 45.50 45.75 46.00 46.27 46.54 54.88 55.20 55.53 55.88 56.25 56.62 57.00 57.41 57.80 58.20 58.60 73.76 74.27 74.79 75.29 75.78 60.93 61.26 61.56 61.82 62.03 62.21 62.33 62.41 62.44 62.42 62.36 62.26 62.10
42.37 42.38 42.38 42.39 42.39 42.39 42.40 42.41 42.42 42.43 42.42 42.40 42.38 42.36 42.33 42.30 42.27 42.23 42.19 42.14 42.09 42.03 44.77 44.71 44.64 44.58 44.53 44.45 44.39 44.33 44.28 44.24 44.22 44.22 44.24 44.27 44.34 44.42 44.53 44.64 44.77 44.90 45.06 45.22 45.40 45.59 45.78 46.00 46.21 46.43 46.67 54.99 55.26 55.55 55.85 56.16 56.48 56.82 57.16 57.53 57.89 58.26 58.62 58.98 59.35 59.71 60.08 60.41 60.72 61.01 61.28 61.51 61.70 61.85 61.94 61.99 62.00 61.96 61.88 61.75 61.57
43.13 43.13 43.14 43.14 43.14 43.14 43.14 43.13 43.13 43.12 43.10 43.08 43.06 43.04 43.01 42.98 42.94 42.90 42.85 42.80 42.73 42.66 45.45 45.37 45.30 45.24 45.18 45.12 45.06 45.00 44.95 44.90 44.88 44.87 44.88 44.91 44.97 45.05 45.14 45.25 45.36 45.48 45.62 45.76 45.92 46.07 46.25 46.42 46.62 46.80 55.11 55.34 55.57 55.82 56.08 56.34 56.63 56.92 57.22 57.53 57.85 58.19 58.51 58.84 59.16 59.48 59.80 60.11 60.40 60.65 60.87 61.07 61.23 61.35 61.42 61.44 61.42 61.37 61.27 61.12 60.93
43.86 43.86 43.86 43.85 43.85 43.85 43.84 43.82 43.80 43.78 43.76 43.74 43.72 43.70 43.67 43.63 43.59 43.54 43.49 43.42 43.35 46.18 46.09 46.01 45.93 45.85 45.78 45.73 45.67 45.62 45.57 45.52 45.49 45.47 45.48 45.51 45.56 45.62 45.70 45.79 45.89 46.01 46.13 46.25 46.37 46.50 46.65 46.80 46.95 47.11 55.42 55.61 55.79 55.99 56.20 56.43 56.67 56.91 57.16 57.42 57.71 57.99 58.29 58.57 58.85 59.13 59.41 59.68 59.93 60.16 60.35 60.49 60.63 60.71 60.75 60.75 60.72 60.64 60.53 60.38 60.18
44.55 44.54 44.54 44.53 44.53 44.51 44.49 44.47 44.44 44.42 44.40 44.38 44.36 44.34 44.30 44.26 44.22 44.16 44.11 44.04 46.91 46.82 46.72 46.62 46.53 46.44 46.36 46.29 46.24 46.19 46.14 46.09 46.06 46.04 46.04 46.06 46.10 46.16 46.22 46.29 46.38 46.48 46.58 46.68 46.78 46.88 46.99 47.11 47.22 47.34 55.65 55.79 55.93 56.07 56.24 56.42 56.61 56.81 57.00 57.22 57.45 57.70 57.95 58.19 58.42 58.66 58.90 59.14 59.35 59.53 59.68 59.80 59.89 59.95 59.96 59.94 59.89 59.80 59.68 59.51 59.30
45.20 45.20 45.18 45.18 45.16 45.14 45.12 45.09 45.06 45.04 45.02 45.00 44.98 44.95 44.92 44.87 44.83 44.78 44.71 47.64 47.54 47.44 47.33 47.22 47.11 47.00 46.91 46.83 46.76 46.71 46.67 46.62 46.58 46.56 46.56 46.57 46.61 46.65 46.70 46.75 46.82 46.90 46.98 47.07 47.14 47.20 47.27 47.35 47.43 47.50 55.81 55.89 55.98 56.08 56.19 56.32 56.45 56.60 56.75 56.92 57.10 57.30 57.50 57.71 57.90 58.09 58.28 58.47 58.64 58.78 58.89 58.99 59.06 59.09 59.07 59.02 58.95 58.85 58.70 58.52 58.29
45.81 45.80 45.78 45.77 45.75 45.73 45.70 45.67 45.64 45.62 45.60 45.58 45.56 45.54 45.51 45.47 45.42 45.37 45.30 48.27 48.16 48.05 47.92 47.79 47.67 47.55 47.43 47.33 47.26 47.20 47.15 47.10 47.06 47.03 47.01 47.03 47.06 47.09 47.13 47.17 47.21 47.27 47.33 47.39 47.44 47.46 47.50 47.54 47.58 55.85 55.89 55.92 55.95 56.00 56.05 56.12 56.20 56.29 56.40 56.51 56.65 56.81 56.95 57.11 57.27 57.41 57.56 57.69 57.82 57.92 58.00 58.07 58.11 58.11 58.06 57.98 57.89 57.77 57.61 57.41 57.17
46.37 46.35 46.34 46.31 46.30 46.28 46.24 46.21 46.18 46.15 46.14 46.12 46.11 46.09 46.07 46.04 45.99 45.94 45.87 48.88 48.76 48.63 48.50 48.35 48.20 48.06 47.93 47.81 47.72 47.65 47.59 47.54 47.49 47.45 47.44 47.44 47.45 47.48 47.51 47.53 47.56 47.59 47.62 47.64 47.67 47.67 47.66 47.66 55.93 55.91 55.89 55.87 55.85 55.84 55.83 55.84 55.86 55.90 55.95 56.03 56.11 56.20 56.31 56.42 56.53 56.63 56.73 56.82 56.90 56.96 57.00 57.03 57.05 57.02 56.94 56.85 56.72 56.58 56.41 56.20 55.94
46.87 46.85 46.82 46.81 46.79 46.76 46.72 46.70 46.66 46.64 46.63 46.61 46.61 46.61 46.59 46.56 46.53 46.48 49.55 49.44 49.32 49.19 49.05 48.88 48.71 48.55 48.39 48.26 48.14 48.06 48.00 47.94 47.88 47.84 47.81 47.81 47.80 47.82 47.84 47.85 47.85 47.85 47.85 47.85 47.85 47.82 47.78 47.73 55.97 55.90 55.82 55.74 55.67 55.59 55.54 55.47 55.44 55.42 55.42 55.43 55.47 55.51 55.55 55.62 55.68 55.74 55.80 55.85 55.88 55.91 55.92 55.91 55.89 55.83 55.73 55.61 55.47 55.31 55.10 54.87 54.62
47.29 47.28 47.25 47.23 47.21 47.18 47.15 47.12 47.10 47.08 47.06 47.06 47.07 47.07 47.07 47.04 50.20 50.14 50.06 49.95 49.83 49.70 49.54 49.37 49.19 49.00 48.83 48.66 48.53 48.44 48.36 48.30 48.23 48.18 48.15 48.12 48.12 48.12 48.12 48.12 48.10 48.07 48.04 48.02 47.97 47.91 47.84 47.75 55.94 55.81 55.67 55.53 55.40 55.27 55.15 55.04 54.93 54.86 54.79 54.75 54.75 54.74 54.73 54.73 54.76 54.77 54.78 54.80 54.80 54.79 54.76 54.72 54.66 54.55 54.45 54.30 54.14 53.95 53.74 53.48 53.21
47.65 47.63 47.61 47.59 47.57 47.55 47.51 47.48 47.46 47.45 47.44 47.45 50.70 50.71 50.71 50.69 50.65 50.59 50.51 50.40 50.27 50.14 49.98 49.81 49.62 49.41 49.22 49.03 48.88 48.76 48.68 48.60 48.53 48.48 48.44 48.41 48.39 48.38 48.36 48.33 48.29 48.24 48.19 48.12 48.05 47.95 47.85 56.02 55.84 55.65 55.45 55.26 55.07 54.87 54.69 12.65 12.61 54.22 54.11 54.02 53.96 53.90 53.85 53.81 53.77 53.74 53.71 53.69 53.66 53.61 53.53 53.46 53.34 53.22 53.08 52.92 52.73 52.53 52.30 52.04 51.77
