ASPA-UH-SWB2_REPO/dynamic_inputs/RO_Rf_Ratios_Dynamic/Data/Gridded_rain/Year/PRISM_ppt_tutuila_30yr_normal_80mM1_14_asc.asc
ncols 381
nrows 202
xllcorner -170.851658
yllcorner -14.379175
cellsize 0.00083333333
NODATA_value -9999
[rows 99 to 131 of 202, columns 74 to 147 of 381]
409269 410087 410639 411187 411733 412196 412670 413068 413473 413881 414299 414724 415154 415666 416095 416522 416943 417440 417768 418007 418310 418526 418656 418775 418880 418816 418738 418567 418305 418026 417732 417420 417020 416515 416233 415780 415472 415234 415144 415046 415024 415168 415558 416029 416592 417428 418455 419679 421032 422614 424610 426561 428869 431141 433966 436671 439852 443114 446440 449916 453336 456799 460511 464367 468258 472277 476423 480592 485093 489604 494007 498611 503204 507990
418841 419500 420241 420713 421099 421497 421909 422332 422679 423036 423402 423861 424324 424790 425257 425644 426108 426489 426785 426988 427113 427307 427493 427591 427603 427377 427363 427112 426773 426423 426136 425685 425222 424825 424342 423932 423509 423240 423050 422939 422983 423119 423510 423897 424462 425295 426315 427361 428807 430477 432285 434429 436533 438991 441609 444490 447443 450666 453942 457164 460628 464129 467664 471340 475040 478978 482830 486918 491122 495551 500085 504394 508900 513490
428444 429204 429774 430335 430646 430972 431314 431669 432038 432334 432727 433128 433538 433953 434372 434795 435217 435561 435820 435991 436081 436179 436333 436397 436241 436158 435917 435673 435264 434849 434426 433993 433630 433031 432511 432060 431608 431235 431025 430978 430939 431071 431298 431778 432351 433193 434137 435190 436547 438221 440122 442072 444269 446519 449116 451962 454776 457749 460865 464028 467330 470869 474233 477727 481250 484899 488676 492682 496700 500941 505287 509514 513828 518224
438124 438786 439353 439743 440229 440474 440737 441017 441312 441623 441949 442288 442638 442997 443365 443738 444115 444488 444704 444815 444926 445040 445001 444952 444773 444682 444383 444009 443637 443185 442734 442268 441710 441225 440666 440115 439560 439171 438950 438889 438768 438822 439134 439465 440059 440833 441796 443035 444313 445894 447609 449552 451640 453970 456348 458967 461739 464561 467428 470430 473673 476944 480241 483560 486906 490381 493977 497799 501736 505679 509728 513867 517989 522082
447507 448243 448791 449177 449489 449897 450073 450268 450482 450715 450967 451236 451521 451820 452130 452518 452832 453120 453315 453343 453432 453452 453349 453115 452979 452803 452519 452109 451645 451201 450751 450295 449753 449173 448594 447938 447300 446899 446672 446537 446416 446479 446645 447077 447533 448248 449323 450405 451863 453272 454895 456652 458728 460853 463210 465610 468247 471029 473652 476503 479485 482696 485822 488868 492039 495437 498853 502383 506019 509879 513514 517463 521282 525180
456977 457516 457958 458410 458709 458940 459188 459369 459494 459643 459813 460006 460219 460451 460831 461136 461398 461481 461533 461586 461437 461368 461254 460967 460726 460463 460189 459811 459334 458883 458387 457982 457484 456819 456253 455589 454863 454385 454156 453874 453851 453849 454041 454340 454824 455578 456513 457714 458930 460348 461804 463657 465460 467479 469636 472014 474527 476887 479465 482163 484988 487935 490895 493661 496652 499761 502985 506216 509664 513109 516767 520193 523815 527403
466103 466613 466951 467373 467647 467854 467998 468164 468272 468402 468484 468592 468727 469012 469288 469573 469609 469622 469551 469415 469171 468972 468813 468497 468161 467876 467579 467128 466663 466137 465660 465200 464675 464220 463531 462927 462207 461644 461341 461074 460912 460946 461089 461423 461949 462503 463566 464633 465886 467067 468630 470142 471953 473790 475842 477925 480221 482445 484884 487235 489900 492574 495154 497951 500652 503359 506282 509424 512456 515702 518940 522383 525585 528971
474790 475439 475738 475967 476205 476456 476568 476548 476705 476814 476874 476890 477062 477151 477320 477456 477553 477361 477115 476841 476695 476467 476084 475810 475452 475081 474688 474218 473615 473079 472557 472027 471477 471001 470527 469819 469334 468720 468270 468012 467729 467712 467894 468199 468616 469307 470174 471295 472414 473722 474966 476504 478056 479811 481584 483556 485443 487733 489733 491832 494232 496631 499031 501330 503838 506347 508962 511684 514620 517332 520472 523490 526594 529666
483292 483726 484152 484255 484450 484506 484578 484671 484792 484792 484748 484872 484849 484895 484838 484884 484721 484564 484271 484047 483874 483556 483214 482850 482463 482006 481531 480985 480371 479752 479076 478485 477916 477418 476942 476466 475879 475440 474953 474572 474314 474189 474264 474538 474934 475606 476456 477467 478556 479733 480927 482310 483887 485286 486966 488549 490414 492178 494128 496071 497996 500116 502122 504226 506324 508626 510817 513326 515830 518438 520929 523734 526517 529380
491319 491802 492021 492246 492237 492328 492279 492410 492339 492375 492436 492363 492307 492063 491985 491841 491646 491394 491213 491022 490685 490461 490088 489630 489153 488730 488165 487527 486761 486064 485308 484631 484049 483380 482950 482468 481982 481666 481215 480741 480460 480378 480282 480542 480924 481504 482265 483179 484239 485212 486443 487683 489010 490424 491727 493204 494660 496287 497988 499661 501313 502937 504643 506334 508219 510093 512066 514139 516311 518369 520747 523004 525572 528005
499012 499381 499647 499669 499781 499747 499734 499667 499634 499702 499572 499484 499267 499153 498817 498573 498420 498205 497982 497751 497508 497118 496775 496223 495726 495277 494556 493825 493087 492159 491371 490547 489816 489199 488510 488075 487655 487295 486971 486513 486213 485981 486027 486208 486517 487101 487779 488527 489318 490344 491363 492638 493724 494869 496079 497157 498491 499879 501220 502521 503779 505206 506501 507871 509217 510758 512500 514232 515956 517782 519491 521518 523754 525860
506323 506742 506813 506962 506794 506881 506749 506642 506642 506523 506398 506231 506013 505699 505400 505124 505004 504812 504550 504347 504004 503658 503107 502742 502169 501573 500888 499986 499132 498148 497245 496369 495410 494641 493941 493386 492939 492510 492144 491869 491496 491319 491293 491478 491799 492235 492925 493513 494222 494970 495957 496920 498029 499013 499942 500815 501724 502763 503838 504854 505818 506629 507701 508634 509640 510836 512121 513393 514873 516237 517706 519387 521056 522935
513280 513511 513716 513671 513629 513442 513432 513210 513170 513080 512819 512646 512375 511953 511676 511500 511262 511101 510870 510571 510362 509895 509500 508953 508511 507841 506996 506114 505073 504084 502967 501944 500907 499944 499154 498387 497784 497407 497111 496727 496370 496179 496139 496256 496581 497029 497496 498088 498618 499277 500057 500889 501766 502673 503325 503896 504565 505252 505955 506579 507132 507719 508249 508835 509490 510223 511038 511946 512953 513956 515062 516383 517700 519116
519557 519866 519885 519897 519828 519768 519565 519463 519233 519092 518924 518621 518300 517952 517634 517411 517130 517001 516810 516606 516301 516077 515573 515187 514692 513951 513090 512043 511015 509878 508602 507348 506203 505069 504047 503130 502463 501959 501580 501284 500870 500679 500563 500527 500855 501309 501696 502132 502654 503198 503780 504391 505116 505675 506233 506497 506839 507162 507579 507697 507926 508176 508252 508375 508665 508917 509250 509782 510306 510934 511667 512509 513458 514738
525348 525480 525567 525476 525548 525460 525225 525093 524829 524642 524491 524148 523729 523468 523175 522834 522725 522492 522339 522248 522130 521747 521554 521047 520554 519868 518861 517860 516605 515431 514081 512646 511185 509931 508731 507630 506817 506204 505800 505424 505097 504768 504505 504617 504725 504952 505420 505846 506272 506619 506984 507460 507850 508139 508498 508639 508543 508497 508517 508415 508102 507899 507611 507361 507163 506921 506865 506900 506927 507167 507628 508091 508665 509123
530363 530596 530593 530651 530621 530593 530334 530012 529870 529721 529375 529072 528725 528478 528063 527890 527742 527532 527496 527532 527460 527263 526880 526571 526068 525307 524286 523141 522006 520684 519310 517619 516037 514531 513137 511916 510806 510136 509724 509257 508867 508399 508195 508160 508272 508357 508751 509093 509332 509646 509795 509943 510075 510267 510325 510139 509788 509461 508968 508434 507771 506992 506325 505685 504980 504445 503768 503295 503030 502761 502718 502791 502978 503169
534856 535031 535204 535169 535043 534916 534795 534525 534269 534084 533788 533463 533191 532748 532568 532351 532197 532170 532190 532278 532334 532208 531884 531501 530991 530221 529191 528039 526898 525568 523985 522350 520598 518897 517249 515775 514550 513699 513123 512683 512135 511726 511515 511400 511295 511531 511690 511862 512083 512196 512126 512033 511985 511976 511629 511202 510674 509951 508938 507956 506822 505557 504493 503336 502220 501158 500177 499067 498388 497712 497154 496831 496735 496532
538553 538865 538971 539022 538884 538737 538510 538298 538102 537896 537653 537320 536848 536572 536418 536313 536173 536209 536419 536566 536699 536565 536300 535904 535385 534605 533569 532410 531195 529793 528274 526569 524746 522807 521035 519313 517897 516917 516152 515586 515069 514638 514411 514210 514171 514181 514253 514323 514351 514178 514145 513806 513486 512992 512602 511825 511012 509773 508400 506945 505326 503662 502085 500519 498871 497379 495857 494536 493103 492120 491150 490532 489928 489328
541538 541911 542130 542016 542041 541884 541649 541509 541305 541095 540781 540387 540083 539835 539713 539525 539627 539843 539986 540366 540422 540414 540138 539733 539198 538475 537358 536187 534898 533494 531903 530196 528306 526368 524404 522485 520848 519592 518824 518183 517621 517228 516757 516601 516547 516468 516363 516324 516149 515848 515494 515074 514380 513767 512951 511987 510541 508918 507161 505306 503178 501109 499027 496944 495099 492970 491123 489255 487611 485980 484591 483674 482660 481769
543618 544230 544338 544495 544361 544218 544076 543950 543837 543492 543127 542905 542627 542482 542257 542277 542479 542739 543059 543381 543704 543551 543401 542917 542441 541634 540640 539387 537952 536602 535007 533164 531407 529403 527220 525163 523376 521988 521077 520423 519804 519290 518850 518518 518357 518171 518108 517859 517473 517027 516429 515737 515025 514012 512897 511356 509590 507436 505264 502792 500351 497888 495306 492942 490379 488186 485710 483638 481446 479387 477688 476242 474927 473623
544944 545479 545927 545889 545950 545917 545811 545635 545480 545249 545066 544808 544631 544448 544413 544492 544707 545075 545484 545940 546121 546166 545874 545654 545031 544283 543274 542011 540627 539131 537523 535807 533784 531782 529601 527378 525387 523902 522933 522177 521551 520837 520414 519962 519684 519447 519332 518851 518307 517702 517020 516141 515041 513701 512059 510256 507846 505350 502518 499717 496778 493821 490979 488142 485430 482523 479989 477192 474818 472440 470428 468565 466829 465111
545435 546085 546475 546690 546733 546841 546699 546650 546464 546431 546226 546093 545952 545943 545950 546018 546293 546754 547304 547688 547934 548046 547883 547521 547096 546271 545322 544113 542788 541145 539525 537731 535769 533568 531391 529099 527006 525464 524305 523588 522803 522154 521454 520934 520517 520367 519929 519452 518820 518038 516985 515892 514549 512763 510768 508196 505383 502318 499173 495984 492661 489329 486101 482998 479696 476644 473515 470668 467671 465228 462797 460509 458467 456447
544968 545774 546385 546573 546875 546887 546894 546905 546931 546810 546823 546678 546727 546605 546720 546906 547231 547751 548299 548680 549066 549174 549078 548781 548284 547796 546702 545486 544152 542703 540940 539003 537031 534896 532524 530237 528226 526583 525405 524449 523776 522892 522176 521506 521159 520684 520221 519552 518812 517737 516642 515161 513277 511215 508517 505429 502138 498777 495145 491574 488076 484462 480851 477248 473887 470233 466850 463616 460564 457609 454884 452406 449955 447642
543635 544585 545206 545824 546108 546289 546379 546466 546490 546677 546624 546630 546593 546655 546800 547011 547375 547919 548459 549053 549368 549546 549588 549359 548928 548300 547477 546256 544917 543394 541693 539751 537640 535500 533261 530924 528853 527271 526025 525173 524181 523395 522432 521888 521288 520695 520022 519294 518163 517027 515663 513862 511517 508837 505702 502127 498453 494603 490786 486926 482931 479028 475236 471459 467373 463656 459874 456491 453162 449922 446915 444048 441324 438746
541306 542429 543418 544054 544536 544869 545139 545244 545434 545566 545839 545863 545838 546020 546116 546424 546803 547271 547919 548585 549113 549293 549338 549178 548886 548257 547365 546348 544938 543481 541777 539832 537785 535576 533337 531051 529031 527411 526374 525271 524350 523299 522508 521627 520969 520224 519461 518403 517186 515793 514070 511898 509235 505929 502288 498516 494348 490093 485979 481820 477530 473227 469139 464960 460694 456573 452730 449068 445469 441961 438573 435565 432603 429795
538350 539618 540626 541398 542087 542716 543061 543369 543676 543988 544149 544445 544589 544626 544908 545152 545519 546048 546692 547484 548017 548411 548460 548372 548083 547526 546703 545619 544346 542958 541255 539309 537329 535121 532773 530659 528771 527296 526113 525080 523929 522943 521872 520997 520174 519314 518282 517017 515683 513962 512034 509450 506251 502513 498554 494176 489800 485446 480817 476253 471770 467380 462668 458081 453850 449552 445313 441377 437748 433878 430255 427012 423939 421028
534569 535792 536985 537982 538910 539593 540147 540709 541245 541614 541991 542347 542608 542824 543095 543423 543694 544203 544942 545676 546285 546756 546949 546868 546584 546169 545420 544339 543138 541753 540120 538247 536204 534059 531856 529783 527990 526719 525488 524296 523253 521958 520877 519900 518953 517873 516514 515182 513522 511713 509330 506341 502683 498573 494191 489495 484800 480128 475403 470533 465745 460944 456142 451481 446740 442267 437981 433797 429708 426060 422204 418632 415463 412448
529871 531222 532481 533692 534686 535631 536518 537281 537836 538461 539158 539610 540025 540368 540743 541038 541435 541883 542516 543204 543916 544395 544596 544662 544524 544186 543442 542437 541379 539931 538441 536573 534532 532506 530535 528569 526982 525726 524424 523243 521934 520682 519493 518379 517272 515930 514554 512692 510953 508732 506154 502749 498779 494204 489394 484564 479651 474667 469518 464656 459555 454334 449457 444603 439693 434965 430546 426121 421920 418051 414314 410639 407367 404220
524342 525729 527124 528348 529679 530877 531944 532972 533815 534631 535433 536160 536782 537288 537728 538215 538685 539078 539511 540155 540816 541327 541678 541822 541763 541434 540838 539979 538861 537627 536078 534346 532422 530636 528778 527160 525714 524284 523084 521683 520239 518941 517763 516489 515093 513623 511769 510055 507734 505351 502405 498689 494324 489495 484543 479383 474249 468941 463683 458283 453082 447891 442601 437473 432640 427787 422910 418585 414382 410297 406448 402779 399391 396017
517907 519410 520852 522405 523873 525241 526572 527871 529065 530087 531105 532107 532870 533510 534133 534846 535309 535671 536188 536701 537248 537715 538149 538420 538371 538192 537676 536826 535786 534629 533240 531586 530029 528354 526850 525387 524037 522563 521210 519789 518290 516926 515503 514089 512549 510744 508833 506617 504297 501363 498233 494228 489503 484627 479331 474046 468470 463042 457563 451951 446446 441056 435611 430449 425484 420508 415631 411193 406981 402777 398828 395169 391578 388370
511072 512587 514141 515736 517363 518983 520580 522157 523529 524897 526122 527257 528305 529122 529960 530713 531412 531932 532430 532886 533381 533886 534275 534475 534605 534428 533988 533220 532266 531293 529935 528586 527203 525941 524587 523240 521842 520513 518969 517480 516057 514450 512970 511309 509511 507452 505283 502865 500162 497211 493515 489365 484507 479185 473956 468222 462731 456967 451274 445459 439751 434204 428831 423542 418229 413353 408699 403916 399586 395500 391442 387757 384210 380978
503906 505431 507009 508640 510318 512026 513885 515641 517466 518936 520322 521669 522850 523955 524983 526042 526946 527719 528229 528794 529265 529787 530161 530356 530344 530262 529893 529285 528473 527547 526596 525400 524274 523143 521949 520617 519218 517839 516355 514790 513277 511695 509881 508036 505875 503711 501332 498610 495673 492405 488533 484083 479118 473668 467982 462428 456485 450714 444706 438902 433147 427449 421944 416528 411203 406311 401527 396858 392423 388185 384234 380479 377227 373715
496134 497708 499325 500997 502723 504672 506568 508595 510436 512265 513928 515433 516822 518053 519370 520616 521836 522818 523588 524333 524975 525393 525771 525898 526063 525972 525678 525183 524567 523806 523062 522128 521148 520034 518862 517532 516079 514675 513267 511683 509968 508203 506358 504147 501952 499386 496875 493908 490716 487125 483187 478539 473433 467860 462134 456012 450269 444286 438287 432328 426420 420698 415171 409739 404618 399260 394476 390038 385503 381274 377295 373719 370311 366896
