ASPA-UH-SWB2_REPO/dynamic_inputs/RO_Rf_Ratios_Dynamic/Data/Gridded_rain/Year/PRISM_ppt_tutuila_30yr_normal_80mM1_14_asc.asc
ncols 381
nrows 202
xllcorner -170.851658
yllcorner -14.379175
cellsize 0.00083333333
NODATA_value -9999
[rows 99 to 131 of 202, columns 0 to 73 of 381]
-9999 -9999 -9999 -9999 -9999 -9999 -9999 -9999 -9999 -9999 -9999 -9999 -9999 -9999 -9999 -9999 -9999 -9999 -9999 -9999 -9999 -9999 -9999 -9999 -9999 -9999 -9999 -9999 -9999 -9999 -9999 -9999 -9999 -9999 -9999 -9999 -9999 -9999 -9999 -9999 -9999 -9999 -9999 -9999 317876 320129 321390 325507 329833 334062 338291 342623 346951 351169 355472 359668 363857 367831 371805 375482 379239 382694 385886 388839 391759 394415 397065 399333 401303 403171 404759 406246 407349 408447
-9999 -9999 -9999 -9999 -9999 -9999 -9999 -9999 -9999 -9999 -9999 -9999 -9999 -9999 -9999 -9999 -9999 -9999 -9999 -9999 -9999 -9999 -9999 -9999 -9999 -9999 -9999 -9999 -9999 -9999 -9999 -9999 -9999 -9999 -9999 -9999 -9999 297656 -9999 -9999 -9999 -9999 -9999 319378 321632 323036 327240 331657 336084 340709 345320 349726 354218 358803 363181 367633 371972 376108 380145 384078 387901 391520 394767 397975 400854 403657 406265 408673 410876 412692 414405 415736 416960 417902
-9999 -9999 -9999 -9999 -9999 -9999 -9999 -9999 -9999 -9999 -9999 -9999 -9999 -9999 -9999 -9999 -9999 -9999 -9999 -9999 -9999 -9999 -9999 -9999 -9999 -9999 -9999 -9999 -9999 -9999 -9999 -9999 -9999 -9999 -9999 -9999 298120 299901 301789 -9999 -9999 -9999 321149 323016 324597 328906 333415 338029 342745 347543 352330 356901 361670 366423 371160 375777 380287 384495 388798 392891 396872 400461 403970 407145 410174 413024 415679 418315 420550 422399 424043 425573 426540 427678
-9999 -9999 -9999 -9999 -9999 -9999 -9999 -9999 -9999 -9999 -9999 -9999 -9999 -9999 -9999 -9999 -9999 -9999 -9999 -9999 -9999 -9999 -9999 -9999 -9999 -9999 -9999 -9999 -9999 -9999 -9999 -9999 -9999 -9999 -9999 299023 300972 302250 306154 310146 -9999 -9999 325181 326538 330485 335199 339907 344608 349594 354573 359434 364473 369305 374233 379244 384136 388822 393298 397678 401846 405892 409735 413307 416643 419622 422504 425371 427840 430098 432141 433886 435151 436304 437174
-9999 -9999 -9999 -9999 -9999 -9999 -9999 -9999 -9999 -9999 -9999 -9999 -9999 -9999 -9999 -9999 -9999 -9999 -9999 -9999 -9999 -9999 -9999 -9999 -9999 -9999 -9999 -9999 -9999 -9999 -9999 -9999 -9999 297268 299197 301119 303079 306882 310635 315673 320332 325469 328084 331785 336491 341504 346494 351368 356439 361596 366934 372043 377149 382253 387447 392428 397292 402044 406497 410933 415052 418956 422675 426046 429244 432144 434926 437495 439662 441803 443368 444723 445873 446837
-9999 -9999 -9999 -9999 -9999 -9999 -9999 -9999 -9999 -9999 -9999 -9999 -9999 -9999 -9999 -9999 -9999 -9999 -9999 -9999 -9999 -9999 -9999 -9999 -9999 -9999 -9999 -9999 -9999 -9999 -9999 -9999 297425 299193 301115 303882 307561 311508 315661 319709 324907 329409 333019 337810 342810 347902 352973 358229 363473 368908 374431 379733 385022 390409 395688 400755 405804 410639 415465 419968 424143 428185 431935 435519 438824 441737 444437 447003 449265 451129 452782 454134 455197 456147
-9999 -9999 -9999 -9999 -9999 -9999 -9999 -9999 -9999 -9999 -9999 -9999 -9999 -9999 -9999 -9999 -9999 -9999 -9999 -9999 -9999 -9999 -9999 -9999 -9999 -9999 -9999 -9999 -9999 -9999 -9999 298099 299861 301121 304501 308161 312193 316442 320583 325032 329596 334174 338963 343940 349119 354494 359751 365094 370617 376234 381951 387443 393027 398404 403773 409130 414267 419282 424171 428825 433133 437305 441172 444769 448092 451204 453820 456300 458557 460422 461975 463227 464279 465214
-9999 -9999 -9999 -9999 -9999 -9999 -9999 -9999 -9999 -9999 -9999 -9999 -9999 -9999 -9999 -9999 -9999 -9999 -9999 -9999 -9999 -9999 -9999 -9999 -9999 -9999 -9999 -9999 -9999 -9999 298799 300617 301739 305248 308786 312702 316932 321275 325924 330478 335150 340033 345102 350164 355530 361089 366632 372164 377782 383693 389503 395295 400977 406457 412022 417468 422780 427949 432985 437677 442120 446231 450122 453832 457169 460295 463096 465383 467546 469401 470941 472086 473116 474107
-9999 -9999 -9999 -9999 -9999 -9999 -9999 -9999 -9999 -9999 -9999 -9999 -9999 -9999 -9999 -9999 -9999 -9999 -9999 -9999 -9999 -9999 -9999 -9999 -9999 -9999 -9999 -9999 -9999 299179 301140 302487 305980 309499 313452 317562 321885 326531 331286 336049 340923 346085 351240 356595 362152 367695 373526 379251 385171 391086 397096 402996 408788 414564 420320 425739 431208 436532 441612 446344 450829 454881 458900 462624 466053 469086 471788 474156 476207 478132 479653 480778 481692 482563
-9999 -9999 -9999 -9999 -9999 -9999 -9999 -9999 -9999 -9999 -9999 -9999 -9999 -9999 -9999 -9999 -9999 -9999 -9999 -9999 -9999 -9999 -9999 -9999 -9999 -9999 -9999 -9999 299328 301340 302847 306427 310240 314127 318227 322639 327162 331911 336771 341834 346992 352142 357489 363141 368783 374616 380341 386366 392393 398414 404539 410649 416546 422511 428238 433916 439547 444830 449862 454744 459180 463468 467311 471030 474444 477454 480138 482401 484528 486434 487853 489052 489950 490710
-9999 -9999 -9999 -9999 -9999 -9999 -9999 -9999 -9999 -9999 -9999 -9999 -9999 -9999 -9999 -9999 -9999 -9999 -9999 -9999 -9999 -9999 -9999 -9999 -9999 -9999 -9999 299519 301501 302859 306630 310481 314507 318805 323107 327622 332463 337518 342575 347723 352969 358412 363954 369696 375532 381463 387288 393322 399559 405699 411926 418049 424133 430173 435969 441816 447311 452755 457945 462687 467266 471473 475415 478919 482320 485416 488086 490337 492365 494180 495686 496797 497776 498433
-9999 -9999 -9999 -9999 -9999 -9999 -9999 -9999 -9999 -9999 -9999 -9999 -9999 -9999 -9999 -9999 -9999 -9999 -9999 -9999 -9999 -9999 -9999 -9999 -9999 -9999 299720 301700 302954 306707 310591 314601 318892 323387 327994 332827 337777 343032 348276 353617 359054 364587 370425 376164 382204 388137 394070 400319 406581 412929 419168 425168 431536 437555 443423 449241 454913 460325 465479 470353 474746 479059 482818 486425 489804 492789 495474 497741 499780 501595 503015 504220 505024 505850
-9999 -9999 -9999 -9999 -9999 -9999 -9999 -9999 -9999 -9999 -9999 -9999 -9999 -9999 -9999 -9999 -9999 -9999 -9999 -9999 -9999 -9999 -9999 -9999 -9999 299442 301646 303075 306711 310579 314574 319002 323489 328091 332904 337841 343090 348328 353870 359404 364932 370667 376402 382550 388592 394532 400786 407059 413438 419904 426021 432311 438458 444558 450504 456406 462054 467544 472518 477311 481918 486053 489829 493251 496550 499641 502247 504627 506776 508429 509858 510986 512070 512724
-9999 -9999 -9999 -9999 -9999 -9999 -9999 -9999 -9999 -9999 -9999 -9999 -9999 -9999 -9999 -9999 -9999 -9999 -9999 -9999 -9999 -9999 -9999 -9999 299019 301406 302911 306530 310276 314465 318828 323405 328101 332808 337833 342964 348194 353728 359364 364891 370723 376456 382501 388545 394702 400867 407143 413537 420133 426384 432698 438969 445101 451189 457326 462909 468742 474045 479155 483865 488306 492473 496172 499636 502779 505799 508512 510915 512917 514692 516061 517394 518321 519169
-9999 -9999 -9999 -9999 -9999 -9999 -9999 -9999 -9999 -9999 -9999 -9999 -9999 -9999 -9999 -9999 -9999 -9999 -9999 -9999 -9999 -9999 295303 297906 300157 302569 306170 310000 314061 318360 323034 327612 332515 337641 342765 347985 353404 358928 364663 370495 376329 382269 388208 394472 400543 407043 413345 419747 426126 432682 438986 445250 451271 457458 463387 469260 474706 480153 484990 489745 494215 498135 501995 505408 508581 511446 514099 516449 518589 520316 521912 523016 524064 524851
-9999 -9999 -9999 -9999 -9999 -9999 -9999 -9999 -9999 -9999 -9999 -9999 -9999 -9999 -9999 -9999 -9999 -9999 -9999 -9999 -9999 294225 296503 298787 302042 305732 309546 313482 317758 322372 327146 331934 336945 342274 347595 353008 358520 364137 369971 375911 381852 387685 393952 400022 406428 412748 419170 425564 432039 438381 444686 450851 457179 463159 469086 474692 480283 485362 490351 494943 499284 503367 507088 510460 513586 516501 519118 521432 523626 525504 526873 528195 529191 530014
-9999 -9999 -9999 -9999 -9999 -9999 -9999 -9999 -9999 -9999 -9999 -9999 -9999 -9999 -9999 -9999 -9999 -9999 -9999 -9999 293394 295538 297332 300965 304899 308799 312719 316874 321417 326290 331175 336274 341488 346801 352213 357827 363433 369153 375095 381139 386972 393236 399100 405407 411837 418277 424597 430994 437253 443699 449907 456078 462310 468290 473976 479727 484960 490196 494928 499412 503728 507770 511359 514698 518002 520704 523388 525769 527930 529769 531280 532557 533688 534287
-9999 -9999 -9999 -9999 -9999 -9999 -9999 -9999 -9999 -9999 -9999 -9999 -9999 -9999 -9999 -9999 -9999 -9999 -9999 292374 294618 296287 299804 303680 307664 311568 315803 320273 325032 330118 335214 340422 345724 351122 356726 362436 368046 373874 379921 385960 392013 397978 404181 410408 416862 423094 429629 435922 442084 448329 454647 460831 466658 472732 478464 483767 489060 494048 498876 503242 507431 511350 514911 518341 521450 524333 526906 529353 531479 533280 534849 536179 537185 538019
-9999 -9999 -9999 -9999 -9999 -9999 -9999 -9999 -9999 -9999 -9999 -9999 -9999 -9999 -9999 -9999 -9999 -9999 291052 293427 295164 298670 302382 306198 310236 314450 318897 323585 328445 333634 338940 344243 349639 355232 360825 366429 372357 378290 384332 390382 396446 402543 408664 415025 421170 427725 433946 440251 446425 452580 458707 464800 470741 476474 482064 487325 492380 497259 501890 506338 510409 514107 517857 521193 524208 527190 529745 532069 534162 536123 537660 538962 539937 540843
-9999 -9999 -9999 -9999 -9999 -9999 -9999 -9999 -9999 -9999 -9999 -9999 -9999 -9999 -9999 -9999 -9999 289586 291986 293743 297351 300851 304705 308726 312866 317234 321744 326590 331757 336943 342242 347635 353230 358817 364511 370330 376156 382192 388232 394401 400487 406503 412759 418919 425180 431530 437762 443872 450066 456134 462179 468188 473919 479530 484982 490111 495049 499744 504271 508508 512458 516345 519906 523247 526367 529156 531792 533998 536165 538005 539707 540988 542032 542922
-9999 -9999 -9999 -9999 -9999 -9999 -9999 -9999 -9999 -9999 -9999 -9999 -9999 -9999 -9999 -9999 288304 290564 292243 295740 299234 303034 306989 311103 315296 319770 324542 329594 334765 339948 345232 350818 356504 362087 367892 373711 379642 385570 391725 397808 403918 410069 416127 422406 428570 434614 440863 446993 452892 458882 464954 470674 476407 481891 487228 492235 496989 501496 505919 510049 513990 517680 521146 524498 527526 530312 532849 535136 537189 539106 540698 542152 543276 544163
-9999 -9999 -9999 -9999 -9999 -9999 -9999 -9999 -9999 -9999 -9999 -9999 -9999 -9999 -9999 287216 289025 290659 294049 297432 301222 305014 309120 313128 317574 322054 327030 332184 337354 342740 348110 353576 359361 365153 370856 376782 382493 388636 394594 400692 406834 412898 419083 425161 431231 437188 443354 449297 455118 461032 466820 472565 478101 483482 488599 493419 498094 502612 506744 510867 514614 518111 521578 524835 527868 530557 532995 535282 537419 539228 540997 542349 543564 544536
-9999 -9999 -9999 -9999 -9999 -9999 -9999 -9999 -9999 -9999 -9999 -9999 -9999 -9999 -9999 288108 289361 292270 295548 299129 302807 306844 310941 315154 319494 324180 329102 334357 339733 345108 350567 356227 361903 367696 373509 379216 385240 391072 397041 403166 409115 415309 421297 427396 433269 439248 445124 450992 456740 462476 468088 473643 479002 484206 489225 493863 498360 502697 506943 510686 514435 517836 521107 524162 527194 529985 532326 534615 536557 538455 540221 541756 542878 543961
-9999 -9999 -9999 -9999 -9999 -9999 -9999 -9999 -9999 -9999 -9999 -9999 -9999 -9999 -9999 288628 290575 293371 296948 300518 304394 308323 312567 316666 321211 325946 331072 336324 341691 347052 352603 358358 364025 369820 375626 381434 387139 393082 399069 404997 410970 416853 422974 428876 434777 440571 446154 451953 457529 463096 468639 473922 479112 484046 488909 493469 497792 501953 506024 509998 513366 516667 519836 522784 525702 528395 530838 533033 534979 536876 538447 539988 541400 542494
-9999 -9999 -9999 -9999 -9999 -9999 -9999 -9999 -9999 -9999 -9999 -9999 -9999 -9999 -9999 289148 291682 294375 297942 301707 305677 309703 313734 318185 322677 327514 332634 337877 343339 348783 354319 359857 365624 371414 377110 382801 388717 394564 400346 406183 411838 417958 423770 429702 435306 440916 446535 451939 457458 462751 468134 473269 478312 483100 487742 492145 496387 500382 504495 508197 511705 514813 517679 520709 523413 525986 528529 530531 532483 534291 535959 537600 538927 540131
-9999 -9999 -9999 -9999 -9999 -9999 269485 -9999 -9999 -9999 -9999 -9999 -9999 284989 287159 289138 291924 295281 298837 302696 306659 310676 314904 319140 323832 328659 333771 339112 344456 349991 355402 360825 366696 372375 377957 383747 389448 395296 400979 406604 412380 417968 423691 429427 435062 440378 445814 451158 456287 461529 466653 471641 476454 481362 485890 490082 494051 498184 502041 505790 509134 512187 514944 517759 520437 522891 525210 527303 529162 530977 532845 534299 535733 537053
-9999 -9999 -9999 -9999 -9999 268997 269567 270917 -9999 275269 277531 279370 281938 284257 286838 289488 292537 295885 299633 303381 307235 311449 315664 319890 324362 329383 334591 339817 345150 350459 355855 361477 367025 372700 378375 383946 389542 395278 400964 406487 411944 417324 422842 428490 433825 439068 444218 449273 454457 459423 464393 469129 473946 478653 483104 487207 491299 495050 498853 502458 505860 508747 511541 514045 516605 519023 521213 523278 525123 526838 528715 530465 531909 533245
-9999 -9999 -9999 -9999 267996 268910 269819 271345 273186 275261 277111 279335 281776 284328 287070 290015 293056 296394 299927 303766 307815 311915 316122 320229 324895 329698 334789 340108 345423 350716 355993 361393 366936 372494 378159 383615 389094 394724 400085 405610 410852 416021 421445 426564 431820 436987 441847 446731 451746 456664 461255 465955 470639 475054 479439 483602 487506 491288 494830 498491 501642 504484 507218 509657 512106 514498 516460 518491 520300 522091 523866 525619 527162 528516
-9999 -9999 -9999 266852 267753 268655 269995 271641 273386 275223 277260 279394 281829 284465 287303 290241 293376 296601 300124 303953 307991 312085 316170 320365 324910 329701 334780 339979 345279 350452 355610 360999 366420 371970 377307 382540 388010 393304 398654 403738 408983 414048 419047 424083 429035 433905 438694 443518 448260 452911 457574 462017 466333 470634 474989 478970 482946 486678 490248 493579 496684 499571 502055 504630 507007 509102 511139 513039 514815 516578 518235 519879 521421 522875
-9999 -9999 265728 266621 267408 268637 270075 271717 273558 275392 277322 279450 281777 284509 287340 290373 293293 296612 300229 303944 307867 311844 316018 320193 324515 329289 334247 339431 344613 349776 354921 359975 365378 370699 375920 381038 385958 391237 396242 401312 406112 411071 415973 420806 425567 430027 434634 439286 443870 448481 452997 457186 461374 465541 469684 473649 477592 481264 484894 488052 491050 493903 496431 498837 501144 503153 505187 506982 508646 510283 512011 513551 514991 516436
-9999 264616 265506 266285 267401 268626 270061 271801 273638 275467 277290 279413 281836 284357 287180 290102 293220 296428 299932 303636 307549 311508 315462 319575 323814 328462 333295 338252 343421 348466 353495 358530 363487 368684 373786 378678 383694 388310 393299 398016 402799 407425 412111 416845 421295 425677 429765 434134 438780 443122 447385 451553 455612 459670 463466 467680 471470 475084 478579 481764 484711 487491 490112 492453 494574 496617 498462 500148 501897 503536 505170 506704 508146 509598
263748 264400 265176 266288 267401 268624 270055 271689 273521 275347 277267 279384 281597 284213 286928 289739 292747 296049 299444 303138 306830 310774 314666 318762 322873 327230 331934 336765 341708 346530 351442 356346 361172 366137 370905 375788 380360 385175 389597 394290 398716 403213 407561 411969 416320 420280 424410 428490 432745 436936 441052 445092 448951 452768 456804 460675 464434 468017 471320 474509 477549 480274 482971 485358 487451 489207 490970 492769 494538 496181 497715 499261 500923 502409
263662 264262 265188 266298 267409 268629 269954 271585 273311 275133 277150 279161 281471 283876 286583 289182 292182 295272 298757 302134 305814 309596 313574 317445 321591 325757 330168 334869 339477 344283 348972 353547 358343 362958 367707 372254 376816 381072 385581 389810 394205 398117 402327 406503 410411 414390 418210 422111 426085 430119 433913 437728 441447 445173 448965 452686 456372 459955 463101 466326 469469 472356 474957 477351 479439 481272 482992 484751 486361 488033 489689 491360 492968 494588
