ASPA-UH-SWB2_REPO/dynamic_inputs/RO_Rf_Ratios_Dynamic/Data/Gridded_rain/Year/PRISM_ppt_tutuila_30yr_normal_80mM1_14_asc.asc
ncols 381
nrows 202
xllcorner -170.851658
yllcorner -14.379175
cellsize 0.00083333333
NODATA_value -9999
[rows 66 to 98 of 202, columns 148 to 221 of 381]
-9999 -9999 -9999 -9999 -9999 -9999 -9999 -9999 -9999 346900 350155 352536 357546 362691 368128 373811 379485 385598 391404 397007 402651 408402 414102 419757 425280 430929 436683 442405 447984 453544 459236 464574 469578 474332 478805 482814 486547 489661 492103 494100 495440 495795 495792 495601 495716 496058 496101 496057 495444 494453 492827 490833 488465 485817 483097 480438 477940 475611 473318 471300 469170 467307 465851 464877 464834 465201 465559 465938 466092 466145 465774 465340 464744 463783
-9999 -9999 -9999 -9999 -9999 -9999 -9999 -9999 346128 349338 351862 357065 362386 367963 373467 379062 385172 390857 396450 401923 407619 413139 418872 424480 429840 435318 440904 446352 451917 457381 462690 467742 472563 477112 481228 484805 488240 491046 493166 494821 495649 495779 495271 494700 494517 494319 494173 493515 492789 491539 489886 487608 484890 481948 479061 476236 473462 470976 468791 466376 464351 462470 460842 459866 459692 460302 460830 461412 461884 462149 462218 462116 461623 461330
-9999 -9999 -9999 -9999 -9999 -9999 -9999 345733 348666 351098 356512 361990 367711 373258 378818 384725 390425 395951 401342 406968 412291 417827 423485 428904 434093 439510 444815 450248 455583 460829 466043 470820 475499 479611 483468 486942 489834 492229 494211 495414 495909 495540 494807 493823 493232 492560 491633 490906 489671 488183 486091 483493 480561 477643 474486 471387 468342 465854 463276 460984 458826 456939 455299 454298 454364 454746 455674 456313 456978 457443 457841 458074 458037 457868
-9999 -9999 -9999 -9999 -9999 -9999 345505 348490 350720 356004 361472 367369 373047 378612 384424 390013 395524 400825 406351 411569 416882 422318 427881 433110 438218 443346 448627 453948 459209 464394 469271 473965 478127 482156 485823 489100 491785 493673 495116 496195 496241 495672 494392 492979 491834 490637 489473 487925 486307 484178 481724 479030 475891 472608 469336 465999 462973 459984 457415 454997 452853 450842 449215 448527 448483 449262 449968 450881 451598 452373 452859 453430 453741 454154
-9999 -9999 -9999 -9999 -9999 345331 348302 350453 355777 361139 366950 372728 378449 384045 389602 395094 400405 405929 410906 416075 421364 426790 431897 437015 442053 447020 452290 457419 462512 467646 472365 476767 481020 484636 488168 491303 493692 495399 496640 497039 496966 495763 494077 492167 490215 488686 486815 484844 482516 479980 477042 473808 470574 467202 463570 460152 456792 453868 451092 448699 446313 444447 443007 442204 442453 443243 444202 444993 445984 446814 447738 448281 449172 449712
-9999 -9999 -9999 -9999 345146 348166 350294 355628 360915 366710 372377 378307 383814 389410 394693 400012 405418 410479 415599 420592 425737 430832 435943 440863 445711 450645 455684 460702 465711 470584 475182 479610 483504 487313 490653 493576 495727 497458 498386 498574 497959 496457 494041 491542 489035 486312 484076 481338 478538 475265 471763 468358 464562 460967 457127 453646 450388 447188 444644 442088 439740 437796 436494 435967 436043 437083 437998 439135 440014 441008 441998 443106 443978 444988
-9999 -9999 -9999 345025 348023 350102 355477 360805 366562 372100 378153 383617 389274 394588 399805 405206 410238 415190 420106 425122 430091 435235 440201 444962 449778 454563 459204 464173 468915 473428 478104 482351 486513 490076 493426 496087 498363 499623 500480 500271 499222 497288 494496 491135 487849 484414 480932 477827 474216 470299 466344 462256 458451 454308 450391 446745 443332 440513 437726 435172 432960 431008 429824 429286 429952 430593 431687 432675 433799 434945 436111 437416 438628 439746
-9999 -9999 344897 347893 350109 355370 360620 366376 372032 377948 383452 389184 394559 399931 405106 410128 415145 419892 424800 429828 435083 440032 445023 449829 454538 459278 463703 468214 472620 476995 481247 485560 489510 493315 496386 499153 501061 501922 502101 501817 500288 497919 494854 490829 486803 482574 478460 474322 470014 465556 460812 456458 452015 447748 443721 439714 436261 433319 430542 428026 425846 424275 422901 422782 423229 424055 424953 426035 427167 428589 429937 431442 432865 434449
-9999 344977 347961 350159 355393 360720 366193 371932 377887 383445 389142 394593 400037 405260 410407 415411 420125 425065 430018 435223 440421 445619 450710 455664 460149 464512 469104 473130 477202 481341 485151 488949 492965 496654 499870 501907 503349 503861 503303 502237 500309 497667 494151 490055 485364 480746 475836 471032 466088 460927 455797 450703 445902 441327 436908 432790 429097 425970 423228 420747 418729 417194 416493 416116 416441 417282 418112 419167 420437 421785 423562 425275 427030 428722
345499 348341 350404 355597 360825 366419 372110 377899 383578 389266 394823 400345 405531 410739 415878 420684 425614 430681 435853 441052 446509 451851 456822 461653 466125 470585 474700 478705 482601 486198 489659 493298 496953 499970 502614 504463 505161 504930 503900 501792 499513 496443 492750 488501 483826 478470 473311 467789 462636 456698 450877 445300 440117 435230 430241 425865 422221 418736 416001 413780 411927 410612 409870 409657 409866 410366 411148 412186 413595 415232 416954 418872 420738 422901
349038 350874 355917 361383 366815 372402 378019 383828 389634 395311 400613 406025 411321 416534 421348 426419 431470 436773 442146 447618 452937 458331 463249 467806 472361 476565 480559 484468 488191 491725 494947 498253 501006 503325 505164 506475 506416 505534 503885 501621 498582 495231 491161 486905 481842 476416 470755 465378 459136 453039 446572 440482 434574 429208 423929 419449 415321 411995 409222 407098 405557 404328 403467 403221 403234 403689 404307 405347 406780 408449 410352 412225 414426 416470
351564 356566 361747 367190 372850 378480 384293 389887 395708 401248 406800 412010 417453 422345 427326 432509 437966 443253 448902 454396 459744 464727 469688 474290 478537 482591 486452 490385 493953 497395 500822 503353 505289 506851 507733 507940 507671 506335 504332 501530 498371 494434 490258 485284 480169 474572 468670 462558 456499 449675 442881 436101 429746 423567 418438 413313 409072 405656 403023 400914 399282 398013 397133 396615 396749 396948 397579 398632 399972 401819 403526 405716 407760 410270
357378 362439 367712 373263 379018 384736 390455 396300 401779 407487 413079 418459 423507 428721 433722 439069 444502 450481 455812 461207 466452 471446 476177 480659 484828 488704 492545 496261 499793 503272 506403 508661 509694 510207 510079 509882 509168 507695 505370 502485 498616 494566 489806 484419 478898 473211 466875 460416 453807 447108 439761 432681 425717 419313 413305 408253 403648 400192 397120 394942 393060 391736 390708 390063 389847 390334 390880 391855 393398 394934 396965 398860 401358 403721
363410 368444 373862 379624 385352 391104 396748 402609 408488 414040 419602 424838 430057 435249 440593 445834 451609 457314 462979 468133 473345 478172 482854 486994 491040 494943 498631 502133 505619 509105 511926 513470 513952 513420 512722 511925 511037 509447 506958 503720 499768 495143 489804 484307 478195 471907 465442 458837 451902 444834 437502 429871 422722 415795 409475 403845 399272 394947 391859 389210 387069 385398 384224 383491 383439 383580 384172 385239 386470 388230 390131 392495 394716 397414
369613 374778 380413 386031 391798 397704 403505 409332 415182 420943 426384 431692 436872 442101 447319 453051 458684 464501 469898 475317 480218 485071 489355 493436 497239 501027 504530 507923 511341 514598 517094 518208 517936 516637 515405 514442 513363 511544 508922 505505 501474 496306 490542 484608 478372 471479 464709 457624 450717 443169 435554 427924 420070 412951 406142 400327 394974 390593 386829 383790 381427 379421 377968 377370 377101 377150 377689 378407 379816 381422 383566 385844 388428 390866
376128 381517 386997 392779 398596 404558 410444 416369 422328 428097 433512 438801 444006 449171 454679 460169 466139 471650 477160 482136 487253 491773 495948 499731 503275 506711 510210 513545 516771 519783 521972 522720 521714 520010 518419 517251 515886 514060 511321 507622 503106 498007 491982 485628 478791 472079 464370 457118 449531 442005 433991 426045 417788 410087 403232 396766 391183 386420 382443 378909 376064 373874 372415 371591 370950 371053 371333 372091 373194 374986 376945 379436 381961 384641
382922 388387 394040 399760 405646 411475 417581 423623 429597 435350 440887 446197 451441 456768 462065 467889 473428 479034 484178 489330 493979 498358 502208 505781 509121 512388 515551 518769 521938 524769 526699 526957 525596 523716 521864 520400 518892 516919 513961 510145 505343 499897 493804 487026 480223 472594 465059 456998 449048 440980 432829 424201 415870 407719 400231 393699 387755 382645 378327 374600 371441 368812 367223 366030 365444 365190 365261 366043 367154 368595 370731 373059 375628 378205
390061 395590 401200 406993 412751 418809 424928 430985 436954 442839 448520 453882 459163 464490 469968 475327 481045 486272 491367 496130 500616 504637 508344 511581 514794 517849 520718 523667 526682 529501 531286 531140 529602 527435 525479 523979 522461 520047 516958 512915 507991 502263 495960 489101 481723 473972 465818 457590 448951 440654 431944 422930 414030 405730 397909 390891 384750 379309 374660 370630 367034 364544 362412 360980 360178 359710 359837 360543 361282 362700 364624 366955 369194 371720
397307 402906 408612 414290 420282 426357 432484 438552 444546 450464 456304 461819 467111 472383 477528 483010 488314 493683 498278 502675 506979 510831 514178 517340 520108 522900 525610 528301 531017 533770 535291 535124 533511 531349 529195 527520 525781 523490 520183 516045 510807 505077 498327 491379 483736 475717 467136 458425 449738 440721 431604 422107 412902 404153 396030 388384 381929 376313 371358 367029 363291 360251 358006 356466 355303 354752 354791 355145 356052 357125 358744 360699 363088 365268
404785 410384 416205 422016 428029 434220 440368 446456 452489 458448 464204 469842 475314 480176 485371 490392 495689 500537 505069 509278 513199 516766 520008 522790 525438 527747 530140 532449 534974 537301 539070 538924 537280 534926 532987 531036 529134 526700 523431 519000 514082 507777 501034 493739 485818 477364 468665 459806 450766 441218 431601 421913 412060 402731 394172 386672 379606 373544 368160 363686 359817 356530 354022 352241 350843 350189 350131 350250 350799 351903 353172 354986 356849 359141
412436 418052 423896 429942 436076 442179 448349 454476 460537 466515 472371 477963 483077 488160 492948 497970 502760 507410 511747 515671 519304 522654 525680 528227 530451 532504 534268 536213 538255 540414 541997 542184 540683 538582 536512 534462 532402 529855 526268 522162 516877 510835 503762 496157 487867 479402 470398 461252 451755 442235 432042 421706 411405 401781 393111 385033 377683 371335 365811 360782 356671 353268 350649 348471 346956 346052 345606 345743 346050 346662 348086 349418 351165 353197
420402 426034 432002 438074 444232 450364 456568 462713 468780 474724 480522 485957 491108 495993 500742 505315 509850 514203 518162 521982 525299 528432 531122 533334 535294 536877 538326 539550 541154 542927 544229 544508 543743 542110 539789 537814 535415 532603 529221 524893 519768 513425 506611 498779 490465 481443 472256 462760 453231 443047 432446 421462 410863 401312 392115 383641 376171 369556 363774 358514 354014 350497 347485 345045 343386 342208 341633 341377 341429 342054 342854 344333 345850 347667
428578 434332 440324 446424 452504 458660 464765 470902 476919 482799 488425 493888 499079 503820 508228 512698 516966 520860 524617 527946 531240 533958 536229 538275 539697 541062 541923 542771 543589 544680 545728 546212 545987 544675 542846 540586 538136 534955 531625 527383 522146 516256 509310 501633 493180 483975 474479 464936 454552 443860 432623 421435 410604 400590 391201 382641 375089 368110 361980 356633 352022 348106 344825 342222 340269 338804 337948 337291 337214 337578 338382 339233 340642 342229
437069 442739 448760 454778 460765 466809 472887 478855 484808 490616 496271 501565 506607 511393 515848 519918 523775 527573 530959 534101 536803 539213 541345 542792 544027 544761 545376 545684 545846 546110 546776 547304 547136 546669 545136 542904 540072 537076 533440 529268 524399 518588 511905 504364 495915 486695 476998 466840 456008 444515 432990 421081 410298 400006 390720 381982 373959 366953 360751 355168 350305 346118 342649 339864 337467 335704 334427 333751 333270 333367 333782 334636 335669 337141
445557 451263 457202 463123 469096 474990 480898 486911 492788 498417 503901 509135 514013 518747 523044 526817 530541 533931 537061 539930 542269 544359 545917 547213 547945 548485 548629 548548 548083 547850 548002 548131 548243 547897 546832 544493 541803 538529 534832 530716 526110 520612 514184 506799 498479 489271 479286 468614 457164 445376 433029 421373 410108 399995 390411 381525 373325 366250 359834 354141 348991 344465 340800 337556 334974 333038 331462 330229 329725 329421 329698 330163 331199 332423
453943 459790 465624 471413 477340 483179 489028 494968 500668 506127 511339 516503 521316 525684 529715 533529 536945 540121 542931 545379 547572 549137 550448 551253 551833 551874 551843 551381 550904 550281 549673 549523 549505 548984 547876 545959 543026 539713 535890 531849 527357 522183 515991 508768 500481 491291 480908 469724 458216 445818 433565 421679 410658 400146 390388 381302 373197 365748 359060 353064 347713 342982 338979 335543 332643 330393 328642 327242 326188 325992 325867 326195 326850 327825
462325 468058 473866 479715 485376 491162 497055 502616 508258 513651 518596 523488 528132 532432 536298 539845 542997 546045 548563 550713 552403 553837 554658 555239 555332 555380 554985 554514 553902 553075 552126 551525 550839 550082 548717 546804 543966 540421 536644 532370 527900 522924 517057 509778 501377 491852 481351 470313 458325 446139 433951 422328 411098 400760 390697 381517 373031 365319 358588 352264 346578 341648 337314 333684 330729 328024 326091 324387 323169 322427 322284 322341 322736 323457
470645 476136 481905 487601 493216 498847 504580 510193 515366 520605 525585 530213 534695 538828 542621 545888 548844 551497 553886 555680 557103 558071 558782 558815 558791 558645 558263 557649 556833 555875 554858 553450 552150 550796 549232 546885 544049 540537 536329 532058 527400 522275 516308 509204 500882 491203 480729 469432 457778 445958 434293 422643 411713 400975 391018 381589 372966 365107 357941 351437 345566 340444 336051 332094 328941 326049 323668 321789 320401 319369 318815 318606 318733 319068
478560 484128 489643 495195 500771 506261 511745 517105 522440 527212 532035 536710 540928 544892 548310 551385 554224 556565 558543 560205 561212 561941 562216 562200 562086 561659 561231 560595 559591 558506 557054 555314 553277 551390 548983 546512 543401 539610 535184 530301 525471 520005 514012 506934 498610 489258 478981 468051 456733 445398 433944 422814 411803 401249 391075 381582 372823 364815 357369 350565 344652 339347 334768 330620 327010 324191 321498 319309 317625 316431 315467 315110 314843 314917
486283 491720 497211 502414 507972 513428 518570 523896 528871 533700 538174 542498 546657 550346 553577 556449 558877 560993 562667 563937 564819 565229 565254 565161 564852 564477 563903 563073 562036 560508 558727 556620 554401 551672 548885 545735 542267 538207 533390 528205 522643 517069 510833 503696 495607 486686 476737 466343 455517 444471 433353 422327 411578 401096 391035 381322 372296 364158 356579 349885 343548 338076 333444 329107 325313 322051 319438 316950 315100 313619 312500 311610 311327 311133
493619 498942 504201 509610 514723 519951 525169 530042 534990 539476 543811 547885 551679 555108 558243 560814 562936 564743 566215 567110 567702 567925 567834 567640 567307 566864 566195 565061 563704 562055 559970 557752 554937 551956 548560 544927 540969 536548 531576 525893 520039 513889 507357 500169 492500 483760 474316 464245 453920 443108 432277 421596 411094 400676 390356 380673 371788 363275 355820 348859 342507 336875 331814 327553 323452 320013 317228 314835 312565 310801 309528 308494 307811 307609
500482 505698 511067 516148 521148 526146 531022 535883 540397 544865 548860 552684 556232 559474 562133 564510 566340 567960 568973 569694 570029 570032 569877 569641 569243 568667 567783 566503 564911 563004 560861 558175 555167 551739 548033 543952 539618 534854 529496 523714 517477 510998 503978 496923 489102 480690 471549 461887 451755 441326 430736 420236 409983 399593 389525 379773 370813 362390 354692 347750 341389 335606 330382 325696 321807 318199 315126 312442 310148 308231 306689 305505 304683 304214
506992 512110 517060 522038 527031 531698 536467 541007 545411 549549 553423 556912 560198 563085 565573 567483 569227 570394 571163 571657 571765 571585 571391 571045 570529 569771 568680 567333 565585 563503 560932 558019 554760 551144 547080 542783 537988 532944 527340 521342 514896 507972 501022 493476 485807 477386 468649 459199 449284 439053 428757 418523 408236 398247 388287 378658 369465 361179 353591 346415 340055 334129 328878 324167 319991 316354 312993 310285 307848 305788 303975 302654 301816 301208
