ASPA-UH-SWB2_REPO/dynamic_inputs/RO_Rf_Ratios_Dynamic/Data/Gridded_rain/Year/PRISM_ppt_tutuila_30yr_normal_80mM1_14_asc.asc
ncols 381
nrows 202
xllcorner -170.851658
yllcorner -14.379175
cellsize 0.00083333333
NODATA_value -9999
[rows 66 to 98 of 202, columns 222 to 295 of 381]
462821 461560 460469 459041 457552 456051 454392 452839 451445 450709 450262 450215 450476 450986 451213 451363 451430 451411 451200 450900 450611 450118 449419 448512 447606 446322 445266 444339 443237 442245 441192 439861 438100 436122 433783 431197 427846 424371 420641 416651 412265 407740 402681 397354 392038 386871 381408 375492 369578 363998 358414 352785 347633 342561 337444 332721 328436 324176 320506 316866 314046 311305 309210 307323 305621 304166 302678 301186 299877 299134 298384 297627 296627 295897
460583 459972 459080 458173 456866 455750 454558 453452 452386 451500 451076 451041 451511 452004 452538 452996 453273 453364 453263 453283 453003 452736 452049 451262 450327 449470 448598 447747 446803 445773 444487 442915 441147 439044 436454 433608 430249 426376 422501 418363 413959 408888 403675 398323 392713 387255 381494 375419 369349 363476 357736 352224 346636 341272 336280 331690 327116 323002 319039 315554 312590 310140 307891 306058 304471 302884 301372 300138 299093 298228 297600 296852 296097 295242
457917 457536 457206 456518 455848 455031 454333 453389 452774 452128 451730 451599 451985 452602 453284 453792 454274 454572 454788 454917 454854 454486 454058 453272 452642 451970 451291 450494 449672 448510 447203 445487 443574 441076 438458 435204 431822 427923 423628 419195 414496 409391 404146 398501 392592 386828 380762 374657 368430 362265 356370 350697 344951 339571 334566 329832 325262 320998 317198 313715 310755 308167 306075 304256 302687 301216 299838 298612 297704 296977 296499 295759 295015 294411
454340 454657 454465 454351 454241 453961 453363 453021 452572 452375 452065 452067 452270 452928 453529 454056 454652 455235 455649 455783 455947 455856 455341 455077 454510 454017 453390 452734 451761 450674 449206 447445 445118 442572 439530 436361 432423 428479 424010 419404 414263 409115 403431 397613 391932 385718 379482 373032 366686 360506 354316 348346 342857 337456 332169 327299 323007 318739 314676 311234 308271 305960 303871 301912 300246 299057 297821 296735 295715 295397 294686 294229 293629 292920
450380 450848 451478 451737 451991 452074 452123 451992 452146 452011 452148 452284 452538 453014 453703 454236 454741 455402 455986 456331 456678 456709 456535 456185 456009 455550 455020 454197 453282 451898 450361 448289 446016 443149 440044 436437 432562 428171 423775 418719 413522 407919 402186 396189 390187 383930 377472 370722 364243 357923 351709 345722 339936 334663 329352 324628 319937 315698 311921 308474 305531 303103 301009 299213 297699 296387 295298 294123 293646 293105 292682 292259 291817 291132
445790 446753 447769 448523 449164 449720 450247 450556 450928 451498 451797 452170 452646 453168 453657 454403 454969 455640 456255 456909 457163 457360 457389 457246 456915 456693 455982 455201 453973 452386 450646 448606 445877 443046 439477 435781 431576 427245 422387 417394 411729 406067 400006 394087 387633 381280 374603 368022 361255 354780 348560 342549 336753 331178 326142 321133 316460 312264 308517 305220 302318 299879 297809 296153 294525 293366 292319 291559 290855 290583 290105 289979 289574 289293
441140 442355 443529 444788 445933 446991 447771 448666 449369 450262 450950 451482 452299 452906 453627 454365 455147 455816 456469 457194 457555 457636 457781 457622 457455 457045 456473 455368 453923 452115 450265 447878 445163 441854 438305 434131 429838 425159 420351 414884 409419 403150 397292 390902 384524 377944 371073 364329 357722 351130 344894 338842 333010 327411 321958 316979 312607 308448 304729 301375 298755 296333 294393 292598 291269 290154 289264 288533 287966 287610 287557 287261 287151 286795
435964 437660 439089 440618 442265 443607 444890 446040 447324 448333 449446 450257 451021 452071 453111 454042 454758 455574 456271 456838 457363 457615 457469 457440 457183 456671 455878 454771 453214 451283 448834 446321 443479 440176 436144 431860 427208 422432 417268 411851 405902 399964 393495 387170 380411 373742 366875 360093 353368 347080 340670 334588 328716 322957 317652 312708 307997 304274 300624 297454 294724 292583 290490 289593 287652 286849 286007 285282 284879 284570 284570 284698 284304 284121
430593 432301 434332 436232 438036 439873 441325 442973 444513 445990 447103 448439 449478 450677 451948 452874 453890 454668 455422 456036 456487 456771 456750 456515 456148 455409 454492 453260 451447 449385 446920 444146 440929 437380 433343 428820 424059 419051 413663 408015 401985 395697 389288 382616 375843 368857 362095 355197 348654 342191 336029 329903 323863 318109 312843 308088 303839 299779 296458 293319 290760 288350 287834 286245 285006 283769 282526 281981 281470 281461 281486 281487 281517 281270
424777 426966 429124 431284 433462 435448 437500 439197 441227 442956 444520 445958 447401 448763 449960 451218 452111 453082 453900 454446 454939 455135 455238 454892 454300 453433 452390 450784 448952 446619 444121 441084 437733 433919 429633 424990 420115 414872 409383 403376 397257 390884 384396 377567 370606 363714 356788 350047 343527 337173 330833 324793 318742 313152 307952 303555 299359 295511 291969 289265 286616 286172 284599 -9999 282288 280877 279827 278208 278009 278000 278114 278301 278421 278358
418954 421160 423692 425986 428418 430776 432968 435254 437323 439410 441327 443093 444624 446054 447512 448792 449794 450744 451519 452231 452535 452754 452645 452414 451702 450706 449169 447659 445551 443184 440303 437240 433740 429666 425123 420357 415238 410018 404288 398189 391841 385518 378905 371979 364971 358045 351226 344583 338141 331742 325477 319279 313508 307978 303269 298819 294849 291058 287826 284909 284403 283487 -9999 -9999 -9999 -9999 276492 275613 274966 274495 274664 275013 275227 275139
412631 415332 417775 420440 423118 425610 428055 430591 433011 435231 437490 439365 441214 442827 444227 445649 446769 447698 448554 449101 449446 449351 449368 449029 448189 447061 445619 443594 441458 438697 435903 432576 428689 424601 419925 414911 409808 404347 398519 392316 386143 379462 372833 365852 358935 351979 345255 338843 332230 325881 319843 313772 307919 302873 298285 294975 290923 287333 284059 282487 281538 -9999 -9999 -9999 -9999 -9999 -9999 273237 272326 271140 271238 271528 271715 271968
406547 409118 411927 414619 417325 420182 422871 425530 428185 430624 432885 435090 437024 438826 440391 441739 442978 444014 444726 445342 445394 445439 445132 444678 443952 442806 441104 439059 436407 433736 430555 427084 423189 418843 414042 408908 403689 398118 392186 386148 379618 373133 366223 359463 352522 345614 339027 332697 326305 319887 313771 307896 302534 297625 295044 291648 288140 284484 282148 280256 -9999 -9999 -9999 -9999 -9999 -9999 -9999 -9999 -9999 267658 267573 268085 268457 268643
399980 402904 405704 408517 411475 414355 417288 420181 422833 425382 427737 430257 432273 434026 435759 437132 438395 439423 440342 440686 440784 440642 440236 439679 438949 437557 435842 433656 430985 427811 424488 421012 417108 412515 407466 402339 397004 391324 385545 379286 372816 366046 359439 352692 345869 339267 332665 326284 320076 313838 307625 302075 297116 295205 292698 -9999 -9999 -9999 -9999 -9999 -9999 -9999 -9999 -9999 -9999 -9999 -9999 -9999 -9999 263266 264033 264410 264798 265196
393650 396555 399467 402391 405345 408465 411529 414313 417192 419837 422277 424647 426727 428647 430309 431948 433225 434252 434919 435449 435492 435272 434780 434002 432924 431658 429814 427380 424578 421395 417950 414222 410197 405474 400428 395318 389875 384216 378214 371881 365515 358915 352313 345775 339039 332518 326140 319835 313523 307561 301682 296492 293165 291753 -9999 -9999 -9999 -9999 -9999 -9999 -9999 -9999 -9999 -9999 -9999 -9999 -9999 -9999 258223 259882 260330 260837 261307 261652
387303 390079 393096 396125 399189 402300 405352 408366 411007 413756 416396 418608 420744 422596 424409 426074 427359 428498 429138 429517 429623 429100 428529 427777 426483 424985 423031 420483 417560 414381 410813 407092 402695 398103 393072 387724 382439 376809 370726 364370 358043 351452 345180 338593 332207 325647 319338 313068 307241 301215 295967 291452 289816 -9999 -9999 -9999 -9999 -9999 -9999 -9999 -9999 -9999 -9999 -9999 -9999 -9999 -9999 255345 255927 256767 257038 257250 257857 258276
380895 383680 386823 389842 392891 395986 399020 402008 404860 407356 410090 412373 414337 416234 418079 419644 421053 422061 422678 422902 422842 422494 421730 420781 419392 417680 415625 413083 410179 406766 403331 399366 395104 390275 385261 380077 374781 369123 363020 356950 350502 344098 337648 331537 325240 318769 312318 306532 300644 295347 289989 288237 286026 -9999 -9999 -9999 -9999 -9999 -9999 -9999 -9999 -9999 -9999 -9999 -9999 -9999 252435 253075 253841 253825 253929 254195 254385 254871
374385 377299 380366 383284 386439 389637 392531 395377 398311 401005 403469 405822 407848 409678 411201 412905 414076 414964 415559 415868 415527 415241 414533 413145 411915 410110 407831 405315 402178 398908 395239 391412 386908 382107 377127 372013 366741 361155 355266 349076 342800 336602 330622 324333 318125 311693 305816 299917 294489 289219 287586 284562 -9999 -9999 -9999 -9999 -9999 -9999 -9999 -9999 -9999 -9999 -9999 -9999 -9999 251115 251014 250939 250989 251030 251094 251194 251513 251871
367843 370737 373671 376880 379811 382891 386004 388823 391487 394252 396663 399078 401041 402561 404239 405606 406790 407434 408015 408056 408031 407576 406685 405469 403919 402029 399784 397040 393924 390550 387030 382850 378505 373694 368680 363625 358292 352920 347243 341141 335209 329230 323207 317396 311118 305073 299267 293645 288317 286614 283746 -9999 -9999 -9999 -9999 -9999 -9999 -9999 -9999 -9999 -9999 -9999 -9999 -9999 -9999 -9999 249616 248912 248121 248374 248394 248600 248759 248917
361514 364203 367076 370114 373198 376065 379187 381985 384618 387092 389688 391927 393696 395369 396838 398112 398947 399825 400035 400293 400111 399495 398546 397380 395639 393670 391337 388510 385424 382079 378225 374167 369817 365153 360084 355098 349962 344546 338867 333318 327599 321837 316041 310207 304443 298536 292743 287477 285663 282741 -9999 -9999 -9999 -9999 -9999 -9999 -9999 -9999 -9999 -9999 -9999 -9999 -9999 -9999 -9999 -9999 -9999 246728 246333 245705 245870 246022 246002 246271
355431 358005 360777 363495 366273 369367 372128 374957 377445 380008 382433 384491 386183 387890 389269 390322 391280 391796 392113 392224 391894 391111 390233 388888 386957 384911 382504 379729 376689 373100 369367 365318 360875 356329 351711 346682 341493 336247 331079 325479 319979 314440 309001 303286 297564 292046 286672 284587 281750 -9999 -9999 -9999 -9999 -9999 -9999 -9999 -9999 -9999 -9999 -9999 -9999 -9999 -9999 -9999 -9999 -9999 -9999 -9999 244293 243961 243503 243573 243504 243615
349777 351935 354592 357070 359756 362370 365101 367663 370393 372732 375004 377003 378741 380133 381301 382484 383330 383723 383906 383757 383392 382810 381523 380012 378138 376028 373556 370796 367531 364075 360362 356430 352062 347675 343186 338291 333398 328350 323134 318016 312610 307180 301887 296575 291028 285762 283759 280997 -9999 -9999 -9999 -9999 -9999 -9999 -9999 -9999 -9999 -9999 -9999 -9999 -9999 -9999 -9999 -9999 -9999 -9999 -9999 -9999 -9999 242101 241928 241245 241368 241348
344239 346302 348421 350760 353051 355589 358100 360673 363012 365321 367573 369519 370958 372315 373514 374482 374981 375499 375546 375385 374875 374016 372810 370961 369285 366998 364551 361692 358581 355246 351488 347592 343600 339344 334857 330335 325519 320553 315568 310549 306701 300244 294931 289858 284876 282909 280161 -9999 -9999 -9999 -9999 -9999 -9999 -9999 -9999 -9999 -9999 -9999 -9999 -9999 -9999 -9999 -9999 -9999 -9999 -9999 -9999 -9999 -9999 -9999 240139 239842 239369 239320
338796 340630 342529 344618 346776 348924 351287 353662 355778 357964 360004 361664 363066 364347 365501 366255 366896 366938 367117 366818 366298 365292 363878 362359 360232 358119 355509 352894 349855 346444 342946 339188 335326 331188 326906 322344 317754 313138 309482 305780 300176 294769 289476 284494 281869 279184 -9999 -9999 -9999 -9999 -9999 -9999 -9999 -9999 -9999 -9999 -9999 -9999 -9999 -9999 -9999 -9999 -9999 -9999 -9999 -9999 -9999 -9999 -9999 -9999 -9999 238529 238024 237528
333712 335188 336857 338844 340784 342802 344782 346767 348728 350669 352361 353918 355224 356411 357346 358156 358446 358623 358437 358266 357611 356548 355117 353318 351416 349146 346999 344233 341216 337815 334568 331070 327170 323245 318923 314716 310236 308172 305826 301321 -9999 290139 284610 282173 278801 -9999 -9999 -9999 -9999 -9999 -9999 -9999 -9999 -9999 -9999 -9999 -9999 -9999 -9999 -9999 -9999 -9999 -9999 -9999 -9999 -9999 -9999 -9999 -9999 -9999 -9999 -9999 236809 236247
328992 330226 331655 333168 335006 336799 338559 340286 341979 343569 344993 346395 347584 348537 349358 349895 350194 350120 350060 349514 348856 347828 346383 344826 342653 340657 338408 335866 332866 329719 326319 322908 319361 315286 311444 307210 306311 304195 -9999 -9999 -9999 -9999 -9999 -9999 -9999 -9999 -9999 -9999 -9999 -9999 -9999 -9999 -9999 -9999 -9999 -9999 -9999 -9999 -9999 -9999 -9999 -9999 -9999 -9999 -9999 -9999 -9999 -9999 -9999 -9999 -9999 -9999 -9999 235364
324251 325242 326435 327837 329320 331008 332414 333918 335391 336847 338160 339214 340009 340961 341628 342052 342106 342158 341604 341177 340382 339347 338070 336256 334478 332456 330197 327678 324895 321846 318421 315244 311669 308083 304095 303362 301436 -9999 -9999 -9999 -9999 -9999 -9999 -9999 -9999 -9999 -9999 -9999 -9999 -9999 -9999 -9999 -9999 -9999 -9999 -9999 -9999 -9999 -9999 -9999 -9999 -9999 -9999 -9999 -9999 -9999 -9999 -9999 -9999 -9999 -9999 -9999 -9999 -9999
319736 320360 321439 322478 323853 325187 326609 327759 329007 330239 331446 332269 332958 333638 334194 334380 334562 334249 333942 333138 332335 331293 329887 328353 326557 324518 322238 319947 317145 314083 311135 307808 304470 300989 300459 298528 -9999 -9999 -9999 -9999 -9999 -9999 -9999 -9999 -9999 -9999 -9999 -9999 -9999 -9999 -9999 -9999 -9999 -9999 -9999 -9999 -9999 -9999 -9999 -9999 -9999 -9999 -9999 -9999 -9999 -9999 -9999 -9999 -9999 -9999 -9999 -9999 -9999 -9999
315330 315958 316547 317590 318603 319836 320784 321944 322960 323962 324818 325654 326235 326809 327131 327323 327262 326957 326402 325719 324667 323493 322197 320776 318850 316800 314620 312310 309869 306920 303963 300869 297631 297211 295630 -9999 -9999 -9999 -9999 -9999 -9999 -9999 -9999 -9999 -9999 -9999 -9999 -9999 -9999 -9999 -9999 -9999 -9999 -9999 -9999 -9999 -9999 -9999 -9999 -9999 -9999 -9999 -9999 -9999 -9999 -9999 -9999 -9999 -9999 -9999 -9999 -9999 -9999 -9999
311416 311668 312259 312936 313957 314706 315542 316225 317010 317898 318644 319252 319725 320189 320520 320469 320417 319867 319316 318388 317333 316153 314967 313414 311486 309544 307473 305158 302709 300249 297280 294299 293979 292507 -9999 -9999 -9999 -9999 -9999 -9999 -9999 -9999 -9999 -9999 -9999 -9999 -9999 -9999 -9999 -9999 -9999 -9999 -9999 -9999 -9999 -9999 -9999 -9999 -9999 -9999 -9999 -9999 -9999 -9999 -9999 -9999 -9999 -9999 -9999 -9999 -9999 -9999 -9999 -9999
307503 307993 308207 308638 309047 309923 310517 310964 311270 312049 312688 313064 313549 313902 313997 314076 313539 313114 312312 311507 310452 309148 307841 306405 304712 302643 300690 299484 297188 294604 292010 290769 289420 -9999 -9999 -9999 -9999 -9999 -9999 -9999 -9999 -9999 -9999 -9999 -9999 -9999 -9999 -9999 -9999 -9999 -9999 -9999 -9999 -9999 -9999 -9999 -9999 -9999 -9999 -9999 -9999 -9999 -9999 -9999 -9999 -9999 -9999 -9999 -9999 -9999 -9999 -9999 -9999 -9999
304096 304078 304282 304458 304865 305247 305606 305934 306373 306673 307079 307343 307712 307828 307933 307654 308274 306579 305902 304979 303925 302741 302228 300894 299277 296474 296041 294862 293156 290787 289153 287472 -9999 -9999 -9999 -9999 -9999 -9999 -9999 -9999 -9999 -9999 -9999 -9999 -9999 -9999 -9999 -9999 -9999 -9999 -9999 -9999 -9999 -9999 -9999 -9999 -9999 -9999 -9999 -9999 -9999 -9999 -9999 -9999 -9999 -9999 -9999 -9999 -9999 -9999 -9999 -9999 -9999 -9999
300829 300551 300372 300421 300691 300949 301060 301278 301594 301898 301943 302210 302099 302102 302089 303301 302774 302223 299965 299790 298737 298359 297864 297008 294384 293455 292483 -9999 -9999 -9999 -9999 -9999 -9999 -9999 -9999 -9999 -9999 -9999 -9999 -9999 -9999 -9999 -9999 -9999 -9999 -9999 -9999 -9999 -9999 -9999 -9999 -9999 -9999 -9999 -9999 -9999 -9999 -9999 -9999 -9999 -9999 -9999 -9999 -9999 -9999 -9999 -9999 -9999 -9999 -9999 -9999 -9999 -9999 -9999
